2011.01.19 13:00:00.573,1.3369,1.33722,1.13,1.28
2011.01.19 13:00:00.921,1.3368,1.33712,1.13,2.25
2011.01.19 13:00:01.308,1.33679,1.33712,2.63,2.25
2011.01.19 13:00:01.428,1.33683,1.33715,2.40,1.50
2011.01.19 13:00:02.067,1.33686,1.33719,1.13,1.50
2011.01.19 13:00:02.179,1.33685,1.33719,1.13,1.13
2011.01.19 13:00:02.687,1.33685,1.33716,1.13,1.50
2011.01.19 13:00:03.143,1.33691,1.33722,1.13,1.50
2011.01.19 13:00:03.707,1.33693,1.33722,1.13,1.28
2011.01.19 13:00:04.267,1.33689,1.33725,1.88,2.25
2011.01.19 13:00:04.791,1.33691,1.33723,1.13,1.50
2011.01.19 13:00:05.577,1.33692,1.33725,1.50,1.50
2011.01.19 13:00:05.697,1.33697,1.33731,1.13,2.78
2011.01.19 13:00:05.917,1.33699,1.3373,1.13,2.40
2011.01.19 13:00:08.094,1.33697,1.33728,1.13,1.50
2011.01.19 13:00:08.851,1.33697,1.33728,1.13,1.50
2011.01.19 13:00:08.973,1.33701,1.33731,1.13,1.50
2011.01.19 13:00:09.569,1.33702,1.33731,1.50,1.50
2011.01.19 13:00:10.074,1.33705,1.33737,2.78,1.50
2011.01.19 13:00:11.238,1.33705,1.33734,2.40,1.50
2011.01.19 13:00:11.718,1.33702,1.33735,1.13,2.25
2011.01.19 13:00:11.834,1.33711,1.33743,1.13,1.50
2011.01.19 13:00:11.949,1.33711,1.33743,1.13,1.50
2011.01.19 13:00:12.070,1.33711,1.33743,1.13,2.25
2011.01.19 13:00:12.615,1.33706,1.33741,2.40,1.13
2011.01.19 13:00:12.733,1.33705,1.33736,3.30,1.50
2011.01.19 13:00:12.963,1.3371,1.33739,1.88,1.50
2011.01.19 13:00:13.683,1.33705,1.3374,2.40,2.25
2011.01.19 13:00:13.807,1.33722,1.33745,1.50,2.07
2011.01.19 13:00:14.382,1.33724,1.33749,2.40,1.65
2011.01.19 13:00:14.509,1.33724,1.33749,2.40,1.50
2011.01.19 13:00:14.629,1.33724,1.33752,1.65,2.44
2011.01.19 13:00:14.749,1.33724,1.33741,1.65,1.50
2011.01.19 13:00:15.185,1.33704,1.33735,1.88,2.70
2011.01.19 13:00:15.304,1.33704,1.33735,2.03,1.50
2011.01.19 13:00:15.422,1.33704,1.33739,1.28,1.50
2011.01.19 13:00:15.915,1.33709,1.33746,2.25,1.50
2011.01.19 13:00:16.031,1.33706,1.33739,2.40,1.50
2011.01.19 13:00:16.493,1.33711,1.3374,1.28,3.08
2011.01.19 13:00:16.608,1.33711,1.33741,2.40,1.50
2011.01.19 13:00:16.718,1.33714,1.3374,1.05,2.25
2011.01.19 13:00:17.678,1.33714,1.33739,1.35,1.50
2011.01.19 13:00:17.790,1.33715,1.33744,1.13,1.50
2011.01.19 13:00:18.335,1.33728,1.33761,2.25,3.75
2011.01.19 13:00:19.338,1.33735,1.3376,1.50,1.50
2011.01.19 13:00:19.703,1.33735,1.33765,1.50,1.50
2011.01.19 13:00:19.826,1.33737,1.33769,1.13,1.88
2011.01.19 13:00:19.942,1.33737,1.33776,2.25,1.50
2011.01.19 13:00:21.716,1.33752,1.33777,1.13,2.25
2011.01.19 13:00:21.831,1.33752,1.33781,1.13,1.50
2011.01.19 13:00:21.950,1.33754,1.33784,1.13,2.40
2011.01.19 13:00:22.505,1.33754,1.33785,1.13,2.25
2011.01.19 13:00:22.627,1.33753,1.33782,1.13,1.50
2011.01.19 13:00:22.961,1.33757,1.33784,1.13,2.25
2011.01.19 13:00:23.411,1.33756,1.33787,1.13,1.50
2011.01.19 13:00:23.535,1.33757,1.33787,1.13,2.25
2011.01.19 13:00:24.089,1.33761,1.3379,1.50,1.50
2011.01.19 13:00:24.207,1.33752,1.33786,2.63,1.50
2011.01.19 13:00:24.744,1.3375,1.33786,1.28,1.50
2011.01.19 13:00:24.966,1.3375,1.33784,1.28,3.00
2011.01.19 13:00:25.549,1.33747,1.3378,1.28,1.50
2011.01.19 13:00:25.676,1.33742,1.33777,1.28,1.50
2011.01.19 13:00:25.789,1.3374,1.33778,1.28,1.28
2011.01.19 13:00:26.120,1.3374,1.33778,1.28,2.03
2011.01.19 13:00:26.245,1.3374,1.33775,1.28,3.15
2011.01.19 13:00:26.928,1.33742,1.33771,1.28,1.50
2011.01.19 13:00:27.256,1.33753,1.33775,1.13,1.65
2011.01.19 13:00:27.608,1.33751,1.33783,1.13,1.50
2011.01.19 13:00:27.851,1.33749,1.33779,1.28,1.50
2011.01.19 13:00:28.724,1.33744,1.33778,1.13,1.50
2011.01.19 13:00:28.845,1.33746,1.33778,1.32,1.50
2011.01.19 13:00:28.962,1.33748,1.33783,1.13,1.50
2011.01.19 13:00:29.605,1.33744,1.33775,2.25,1.88
2011.01.19 13:00:29.723,1.33741,1.33774,1.88,1.50
2011.01.19 13:00:29.840,1.33743,1.33774,1.50,1.50
2011.01.19 13:00:30.370,1.33741,1.33775,2.63,1.88
2011.01.19 13:00:30.707,1.33741,1.33772,2.63,1.69
2011.01.19 13:00:31.174,1.33741,1.33762,1.50,1.50
2011.01.19 13:00:31.297,1.33736,1.33765,1.13,1.50
2011.01.19 13:00:31.414,1.33739,1.33767,1.13,1.50
2011.01.19 13:00:31.825,1.33739,1.33776,1.13,1.13
2011.01.19 13:00:31.944,1.33742,1.33771,1.50,1.50
2011.01.19 13:00:32.275,1.3374,1.33771,1.28,1.50
2011.01.19 13:00:32.842,1.33738,1.33771,2.25,2.25
2011.01.19 13:00:32.957,1.33738,1.33767,2.25,1.50
2011.01.19 13:00:33.643,1.33735,1.3377,2.25,1.50
2011.01.19 13:00:33.766,1.33737,1.33769,2.25,1.50
2011.01.19 13:00:33.880,1.33737,1.33766,2.25,1.50
2011.01.19 13:00:34.737,1.33737,1.33766,1.13,1.50
2011.01.19 13:00:35.069,1.33732,1.3376,1.50,1.50
2011.01.19 13:00:35.649,1.3373,1.3376,2.63,1.50
2011.01.19 13:00:35.767,1.33731,1.3376,1.88,1.50
2011.01.19 13:00:36.099,1.33742,1.33772,2.03,1.50
2011.01.19 13:00:36.616,1.33743,1.33772,1.13,2.03
2011.01.19 13:00:37.148,1.33743,1.33772,1.50,2.03
2011.01.19 13:00:38.317,1.33733,1.33765,3.00,1.50
2011.01.19 13:00:38.739,1.33734,1.33765,3.00,1.50
2011.01.19 13:00:38.861,1.33737,1.33769,1.50,1.50
2011.01.19 13:00:41.108,1.33738,1.33768,1.50,1.50
2011.01.19 13:00:41.504,1.33738,1.33767,1.50,1.50
2011.01.19 13:00:41.622,1.33735,1.33767,2.25,1.50
2011.01.19 13:00:46.233,1.33735,1.33762,1.50,2.03
2011.01.19 13:00:46.653,1.33728,1.33762,2.63,1.50
2011.01.19 13:00:47.518,1.33731,1.33762,1.13,1.50
2011.01.19 13:00:47.634,1.33736,1.33768,1.13,1.50
2011.01.19 13:00:47.969,1.33738,1.3377,1.13,1.50
2011.01.19 13:00:48.747,1.33737,1.33767,1.13,1.50
2011.01.19 13:00:51.992,1.33736,1.33756,2.25,1.13
2011.01.19 13:00:53.256,1.3373,1.33757,2.25,1.13
2011.01.19 13:00:53.806,1.3373,1.33756,2.25,1.13
2011.01.19 13:00:54.560,1.3373,1.33757,2.25,1.13
2011.01.19 13:00:56.468,1.3373,1.33756,2.25,1.13
2011.01.19 13:00:57.116,1.33723,1.33757,2.40,1.13
2011.01.19 13:00:57.342,1.33726,1.33755,2.25,1.50
2011.01.19 13:00:58.005,1.33723,1.33754,1.65,1.28
2011.01.19 13:00:58.126,1.33719,1.3375,2.25,1.50
2011.01.19 13:00:59.186,1.33714,1.33748,2.40,1.13
2011.01.19 13:00:59.740,1.33722,1.33745,1.13,1.50
2011.01.19 13:00:59.867,1.33728,1.33755,1.50,1.50
2011.01.19 13:01:00.385,1.33725,1.33755,2.03,1.50
2011.01.19 13:01:01.023,1.33724,1.33756,1.13,1.88
2011.01.19 13:01:01.146,1.33725,1.33757,3.90,1.13
2011.01.19 13:01:01.721,1.33731,1.33756,1.13,1.13
2011.01.19 13:01:02.277,1.33733,1.33757,1.65,1.13
2011.01.19 13:01:02.802,1.33735,1.33756,1.65,1.13
2011.01.19 13:01:03.447,1.33736,1.33756,1.65,1.13
2011.01.19 13:01:03.986,1.33741,1.33756,1.65,1.13
2011.01.19 13:01:04.102,1.33735,1.33756,2.40,1.13
2011.01.19 13:01:04.753,1.33736,1.33756,1.50,1.13
2011.01.19 13:01:04.877,1.33739,1.33756,1.13,1.13
2011.01.19 13:01:05.206,1.33745,1.33757,1.65,1.44
2011.01.19 13:01:05.693,1.33738,1.33757,1.13,1.44
2011.01.19 13:01:06.800,1.33746,1.33756,1.65,1.44
2011.01.19 13:01:06.921,1.33744,1.33756,1.65,1.44
2011.01.19 13:01:07.259,1.33736,1.33756,1.50,1.44
2011.01.19 13:01:07.374,1.3374,1.33757,1.65,1.44
2011.01.19 13:01:08.898,1.3374,1.33756,1.65,1.44
2011.01.19 13:01:09.260,1.3374,1.33755,1.65,1.50
2011.01.19 13:01:09.607,1.33746,1.33755,1.65,1.50
2011.01.19 13:01:10.257,1.33746,1.33756,1.65,2.19
2011.01.19 13:01:10.377,1.33746,1.33757,3.30,1.44
2011.01.19 13:01:10.933,1.33746,1.33756,1.65,1.44
2011.01.19 13:01:11.490,1.33747,1.33756,1.65,1.44
2011.01.19 13:01:12.585,1.33747,1.33757,1.65,1.44
2011.01.19 13:01:13.154,1.33731,1.33757,2.40,1.44
2011.01.19 13:01:14.065,1.33733,1.33756,1.13,1.44
2011.01.19 13:01:15.371,1.33735,1.33757,2.40,1.44
2011.01.19 13:01:16.818,1.33736,1.33757,1.13,1.44
2011.01.19 13:01:17.576,1.33737,1.33756,1.13,1.44
2011.01.19 13:01:18.018,1.3374,1.33756,1.13,1.44
2011.01.19 13:01:18.612,1.33735,1.33756,1.13,1.44
2011.01.19 13:01:19.140,1.33733,1.33757,1.13,1.44
2011.01.19 13:01:19.794,1.33735,1.33756,2.78,1.44
2011.01.19 13:01:20.315,1.33735,1.33757,2.78,1.44
2011.01.19 13:01:21.088,1.3374,1.33756,1.13,1.44
2011.01.19 13:01:23.306,1.33739,1.33757,1.13,1.44
2011.01.19 13:01:24.250,1.33739,1.33757,1.13,1.44
2011.01.19 13:01:24.374,1.33746,1.33757,1.65,1.44
2011.01.19 13:01:24.766,1.33743,1.33757,2.40,1.44
2011.01.19 13:01:25.972,1.33743,1.33756,2.40,1.44
2011.01.19 13:01:26.092,1.33742,1.33756,1.65,1.44
2011.01.19 13:01:26.605,1.33742,1.33757,1.65,1.44
2011.01.19 13:01:26.839,1.33745,1.33756,1.65,1.44
2011.01.19 13:01:27.392,1.33738,1.33757,1.13,1.44
2011.01.19 13:01:27.572,1.33738,1.33757,1.13,1.44
2011.01.19 13:01:28.263,1.33736,1.33756,2.40,1.44
2011.01.19 13:01:28.377,1.33735,1.33756,1.28,1.44
2011.01.19 13:01:28.938,1.33735,1.33756,2.03,1.44
2011.01.19 13:01:29.056,1.33757,1.33784,1.50,3.30
2011.01.19 13:01:29.173,1.33757,1.3378,1.88,1.88
2011.01.19 13:01:29.597,1.33751,1.33784,1.50,1.65
2011.01.19 13:01:29.712,1.3375,1.33784,1.50,1.50
2011.01.19 13:01:30.294,1.33743,1.33767,2.25,1.71
2011.01.19 13:01:30.739,1.33744,1.33756,2.63,1.21
2011.01.19 13:01:31.279,1.33744,1.33756,1.13,1.21
2011.01.19 13:01:32.818,1.33743,1.33766,2.25,1.46
2011.01.19 13:01:32.926,1.33743,1.33781,2.25,2.40
2011.01.19 13:01:33.897,1.33743,1.33777,2.25,1.50
2011.01.19 13:01:34.860,1.33748,1.33777,1.50,1.50
2011.01.19 13:01:35.279,1.33751,1.33788,1.50,3.00
2011.01.19 13:01:36.131,1.33743,1.33783,3.90,1.50
2011.01.19 13:01:36.467,1.33743,1.33778,3.90,1.50
2011.01.19 13:01:36.858,1.33743,1.33776,4.28,1.50
2011.01.19 13:01:37.396,1.33743,1.33778,3.90,1.50
2011.01.19 13:01:37.987,1.3375,1.33783,2.25,1.50
2011.01.19 13:01:39.981,1.33747,1.3378,2.40,1.34
2011.01.19 13:01:40.436,1.33743,1.33769,1.65,1.34
2011.01.19 13:01:40.668,1.33743,1.33772,1.50,1.34
2011.01.19 13:01:41.197,1.33736,1.33758,1.65,1.34
2011.01.19 13:01:41.420,1.33733,1.33758,1.65,2.46
2011.01.19 13:01:41.648,1.33733,1.33753,1.65,1.50
2011.01.19 13:01:42.084,1.33721,1.33753,2.25,2.63
2011.01.19 13:01:42.201,1.33722,1.33752,1.13,1.28
2011.01.19 13:01:42.324,1.33725,1.33755,1.13,1.50
2011.01.19 13:01:42.865,1.33721,1.33757,1.13,1.34
2011.01.19 13:01:42.980,1.33721,1.33757,1.13,2.09
2011.01.19 13:01:43.320,1.33725,1.33757,1.13,1.34
2011.01.19 13:01:43.841,1.3373,1.33759,1.13,1.34
2011.01.19 13:01:44.787,1.33728,1.33759,2.63,1.34
2011.01.19 13:01:45.558,1.33727,1.33755,1.13,1.50
2011.01.19 13:01:46.026,1.33724,1.33749,1.50,1.28
2011.01.19 13:01:46.144,1.33716,1.33748,4.28,1.50
2011.01.19 13:01:46.369,1.33716,1.33748,2.63,2.03
2011.01.19 13:01:46.811,1.33717,1.33748,2.25,1.50
2011.01.19 13:01:48.553,1.33722,1.33748,1.50,1.50
2011.01.19 13:01:48.676,1.33724,1.33754,2.03,1.50
2011.01.19 13:01:50.457,1.33726,1.33756,2.40,1.34
2011.01.19 13:01:50.789,1.3372,1.33754,2.25,1.13
2011.01.19 13:01:51.325,1.33711,1.33745,1.65,1.13
2011.01.19 13:01:51.438,1.33711,1.33745,1.65,1.88
2011.01.19 13:01:51.656,1.33711,1.33745,1.65,3.38
2011.01.19 13:01:52.097,1.3371,1.33741,1.28,1.50
2011.01.19 13:01:52.777,1.33712,1.33741,1.50,1.50
2011.01.19 13:01:52.897,1.33715,1.33745,1.50,1.13
2011.01.19 13:01:53.226,1.33714,1.33743,1.65,1.50
2011.01.19 13:01:53.692,1.33711,1.33743,1.28,1.50
2011.01.19 13:01:54.540,1.33704,1.33739,1.13,1.28
2011.01.19 13:01:54.963,1.33702,1.33738,1.13,1.88
2011.01.19 13:01:55.086,1.33704,1.33737,1.13,1.50
2011.01.19 13:01:55.930,1.33706,1.33737,1.50,1.50
2011.01.19 13:01:56.378,1.33709,1.33738,1.13,2.03
2011.01.19 13:01:56.867,1.33706,1.33733,1.50,1.50
2011.01.19 13:01:56.988,1.33699,1.33734,1.13,2.40
2011.01.19 13:01:58.286,1.33701,1.33735,1.13,1.50
2011.01.19 13:01:58.847,1.3371,1.33736,1.13,2.40
2011.01.19 13:01:58.963,1.3371,1.33739,1.13,1.28
2011.01.19 13:01:59.299,1.33711,1.33739,1.13,1.28
2011.01.19 13:01:59.731,1.33715,1.33744,1.13,1.50
2011.01.19 13:02:00.179,1.33715,1.33744,1.13,1.50
2011.01.19 13:02:00.952,1.33709,1.33736,1.50,2.63
2011.01.19 13:02:01.398,1.33713,1.3373,2.03,1.50
2011.01.19 13:02:01.517,1.33725,1.3375,2.40,1.50
2011.01.19 13:02:02.102,1.33724,1.33756,1.13,2.09
2011.01.19 13:02:02.810,1.33723,1.33754,2.40,1.50
2011.01.19 13:02:03.556,1.33724,1.3376,3.15,2.99
2011.01.19 13:02:04.130,1.33724,1.33763,3.00,1.34
2011.01.19 13:02:05.026,1.33744,1.33773,2.40,2.25
2011.01.19 13:02:05.139,1.33747,1.33773,1.50,1.50
2011.01.19 13:02:05.580,1.33747,1.33779,1.50,2.25
2011.01.19 13:02:05.705,1.33749,1.33782,2.40,1.50
2011.01.19 13:02:05.824,1.33749,1.33783,1.65,2.03
2011.01.19 13:02:05.938,1.33745,1.3378,1.28,1.50
2011.01.19 13:02:06.267,1.33745,1.33777,1.28,1.50
2011.01.19 13:02:06.611,1.33743,1.33773,1.65,3.00
2011.01.19 13:02:07.064,1.33749,1.33774,1.65,1.50
2011.01.19 13:02:07.410,1.33751,1.33784,2.40,1.50
2011.01.19 13:02:07.836,1.33755,1.33784,1.65,1.50
2011.01.19 13:02:08.916,1.33756,1.33784,1.65,1.50
2011.01.19 13:02:09.139,1.33756,1.33785,1.65,2.25
2011.01.19 13:02:09.795,1.33753,1.33786,1.13,1.50
2011.01.19 13:02:09.909,1.33752,1.33782,4.65,1.50
2011.01.19 13:02:10.662,1.33751,1.33782,2.40,1.88
2011.01.19 13:02:11.761,1.33753,1.33781,2.78,1.50
2011.01.19 13:02:11.992,1.33755,1.33784,2.40,2.25
2011.01.19 13:02:12.409,1.33755,1.33782,1.65,2.25
2011.01.19 13:02:12.524,1.33753,1.3378,3.30,1.50
2011.01.19 13:02:12.750,1.33753,1.33782,1.13,2.25
2011.01.19 13:02:13.400,1.3375,1.33778,1.65,1.13
2011.01.19 13:02:14.135,1.33753,1.33782,2.40,1.50
2011.01.19 13:02:14.255,1.33755,1.3379,3.30,1.50
2011.01.19 13:02:14.908,1.33761,1.33799,1.88,2.40
2011.01.19 13:02:15.023,1.33767,1.338,1.65,1.50
2011.01.19 13:02:15.360,1.33777,1.33807,1.65,3.38
2011.01.19 13:02:15.899,1.33778,1.33807,1.65,1.50
2011.01.19 13:02:16.483,1.33765,1.33802,1.13,3.34
2011.01.19 13:02:16.829,1.33759,1.33786,1.88,3.90
2011.01.19 13:02:16.947,1.3375,1.33786,1.13,3.90
2011.01.19 13:02:17.549,1.33751,1.33788,1.13,3.00
2011.01.19 13:02:17.668,1.33751,1.33789,1.13,4.13
2011.01.19 13:02:17.777,1.33754,1.33789,1.50,2.63
2011.01.19 13:02:18.318,1.33758,1.33785,1.13,1.65
2011.01.19 13:02:18.539,1.3376,1.33798,1.13,3.00
2011.01.19 13:02:19.082,1.33755,1.33791,1.13,1.50
2011.01.19 13:02:19.420,1.33752,1.33789,2.78,1.50
2011.01.19 13:02:19.650,1.33751,1.33788,1.13,1.50
2011.01.19 13:02:20.078,1.33749,1.33785,2.25,1.50
2011.01.19 13:02:20.767,1.33752,1.33786,1.50,1.50
2011.01.19 13:02:21.100,1.33756,1.33787,2.25,1.88
2011.01.19 13:02:21.648,1.33761,1.33791,1.50,1.50
2011.01.19 13:02:21.766,1.33762,1.338,2.03,1.13
2011.01.19 13:02:21.877,1.33764,1.33801,2.25,1.13
2011.01.19 13:02:22.214,1.3376,1.33793,1.65,1.13
2011.01.19 13:02:22.641,1.33758,1.33792,2.25,1.50
2011.01.19 13:02:23.238,1.33758,1.33792,2.25,1.50
2011.01.19 13:02:23.734,1.33761,1.33792,4.50,1.13
2011.01.19 13:02:24.292,1.33774,1.33799,1.65,3.00
2011.01.19 13:02:24.416,1.33761,1.33799,1.13,2.25
2011.01.19 13:02:24.641,1.3376,1.33797,1.13,1.28
2011.01.19 13:02:25.410,1.3376,1.33797,2.25,1.28
2011.01.19 13:02:25.759,1.33754,1.3379,1.28,1.28
2011.01.19 13:02:26.282,1.33752,1.33789,1.13,2.78
2011.01.19 13:02:26.509,1.33749,1.33785,2.40,3.75
2011.01.19 13:02:27.161,1.3375,1.33785,1.50,2.25
2011.01.19 13:02:27.390,1.3375,1.33786,2.25,2.25
2011.01.19 13:02:28.166,1.33748,1.3378,1.65,1.65
2011.01.19 13:02:28.395,1.33747,1.33783,3.90,1.13
2011.01.19 13:02:28.725,1.33752,1.33783,1.13,1.13
2011.01.19 13:02:28.847,1.33749,1.33786,1.13,2.25
2011.01.19 13:02:28.960,1.33749,1.33786,1.13,2.44
2011.01.19 13:02:29.078,1.33753,1.3378,1.50,1.28
2011.01.19 13:02:29.189,1.33749,1.3378,1.50,1.28
2011.01.19 13:02:29.752,1.33747,1.3378,2.25,1.28
2011.01.19 13:02:30.425,1.33747,1.3378,2.25,1.28
2011.01.19 13:02:30.884,1.33744,1.3378,2.25,1.28
2011.01.19 13:02:31.222,1.33742,1.33771,2.25,1.28
2011.01.19 13:02:31.673,1.33744,1.33775,1.50,1.50
2011.01.19 13:02:32.441,1.33741,1.33775,3.15,1.50
2011.01.19 13:02:32.559,1.33744,1.33775,1.65,1.50
2011.01.19 13:02:33.133,1.33744,1.33775,2.59,1.50
2011.01.19 13:02:33.255,1.33751,1.3378,1.65,1.50
2011.01.19 13:02:33.479,1.33742,1.33776,1.28,1.65
2011.01.19 13:02:33.600,1.33742,1.33776,4.13,2.18
2011.01.19 13:02:33.980,1.33742,1.33775,3.38,1.50
2011.01.19 13:02:34.093,1.33737,1.33775,2.03,1.50
2011.01.19 13:02:34.318,1.33737,1.33775,2.44,1.50
2011.01.19 13:02:34.866,1.33746,1.33775,1.50,1.50
2011.01.19 13:02:34.989,1.33738,1.33773,1.88,1.28
2011.01.19 13:02:35.098,1.3374,1.33773,1.50,1.28
2011.01.19 13:02:35.541,1.33737,1.33773,2.44,1.28
2011.01.19 13:02:35.666,1.33743,1.3378,1.50,1.13
2011.01.19 13:02:36.217,1.33742,1.33781,2.25,2.63
2011.01.19 13:02:36.636,1.33746,1.33783,2.25,1.50
2011.01.19 13:02:36.966,1.33742,1.33776,1.50,1.50
2011.01.19 13:02:37.508,1.33741,1.33776,1.50,1.50
2011.01.19 13:02:37.837,1.33738,1.33759,1.65,1.50
2011.01.19 13:02:38.292,1.33734,1.33769,1.65,1.50
2011.01.19 13:02:38.629,1.33739,1.33769,1.65,1.50
2011.01.19 13:02:39.002,1.3374,1.33772,1.50,1.65
2011.01.19 13:02:39.124,1.33742,1.33776,1.65,1.50
2011.01.19 13:02:39.457,1.33745,1.33776,1.65,1.50
2011.01.19 13:02:39.979,1.33744,1.33776,1.65,1.50
2011.01.19 13:02:41.132,1.33742,1.33776,3.30,1.50
2011.01.19 13:02:41.361,1.33745,1.33776,1.65,1.50
2011.01.19 13:02:41.477,1.33743,1.33776,3.30,1.50
2011.01.19 13:02:42.946,1.33743,1.33773,1.65,1.50
2011.01.19 13:02:43.556,1.33745,1.33776,1.65,1.50
2011.01.19 13:02:43.887,1.33742,1.33776,2.18,3.00
2011.01.19 13:02:44.432,1.33741,1.33776,1.65,3.38
2011.01.19 13:02:44.551,1.33741,1.33773,1.65,1.50
2011.01.19 13:02:44.780,1.33738,1.33769,1.65,1.50
2011.01.19 13:02:44.898,1.33736,1.33769,2.25,1.50
2011.01.19 13:02:45.116,1.33733,1.33767,3.15,2.03
2011.01.19 13:02:45.511,1.33738,1.33766,1.65,1.28
2011.01.19 13:02:45.634,1.33732,1.33767,1.13,2.03
2011.01.19 13:02:48.383,1.33736,1.3377,1.28,2.25
2011.01.19 13:02:49.156,1.33732,1.33769,1.13,1.50
2011.01.19 13:02:49.657,1.33732,1.3377,1.13,2.78
2011.01.19 13:02:49.997,1.33732,1.3377,1.13,3.53
2011.01.19 13:02:50.546,1.33725,1.33762,1.65,4.65
2011.01.19 13:02:50.877,1.33727,1.33765,1.65,3.00
2011.01.19 13:02:50.988,1.33727,1.33765,3.90,1.50
2011.01.19 13:02:51.518,1.33734,1.33767,1.50,2.25
2011.01.19 13:02:51.957,1.33728,1.33766,2.78,1.88
2011.01.19 13:02:52.362,1.33728,1.33766,2.78,1.88
2011.01.19 13:02:52.590,1.33729,1.33766,1.50,1.13
2011.01.19 13:02:52.928,1.33733,1.33765,1.65,1.88
2011.01.19 13:02:53.435,1.33727,1.33763,2.78,1.13
2011.01.19 13:02:54.026,1.33727,1.33765,2.78,2.63
2011.01.19 13:02:54.469,1.33728,1.33765,1.47,2.63
2011.01.19 13:02:54.862,1.33737,1.33768,2.25,2.25
2011.01.19 13:02:55.426,1.33737,1.33772,1.50,1.88
2011.01.19 13:02:56.162,1.33737,1.33772,1.50,1.88
2011.01.19 13:02:57.105,1.33737,1.3377,1.50,1.50
2011.01.19 13:02:57.439,1.33733,1.33767,2.40,1.50
2011.01.19 13:02:57.560,1.33735,1.3377,1.47,3.00
2011.01.19 13:02:57.680,1.33746,1.3377,1.65,1.50
2011.01.19 13:02:58.113,1.33741,1.33769,1.65,1.50
2011.01.19 13:02:58.237,1.33734,1.33765,3.90,1.13
2011.01.19 13:02:58.348,1.33734,1.33769,1.65,1.13
2011.01.19 13:02:59.013,1.33733,1.33764,2.40,1.50
2011.01.19 13:02:59.732,1.33721,1.33756,2.40,1.50
2011.01.19 13:03:00.068,1.33721,1.33756,2.40,1.50
2011.01.19 13:03:00.178,1.33721,1.33756,2.40,1.13
2011.01.19 13:03:00.286,1.33721,1.33759,2.40,1.88
2011.01.19 13:03:00.760,1.33713,1.33752,4.13,1.28
2011.01.19 13:03:01.552,1.33714,1.33752,1.13,1.28
2011.01.19 13:03:02.741,1.33714,1.33752,1.13,2.25
2011.01.19 13:03:03.399,1.33719,1.33752,1.28,2.25
2011.01.19 13:03:03.740,1.3372,1.33753,2.93,1.65
2011.01.19 13:03:04.269,1.33717,1.33754,2.40,3.00
2011.01.19 13:03:04.608,1.3372,1.33753,2.03,2.25
2011.01.19 13:03:05.018,1.33722,1.33757,2.40,1.50
2011.01.19 13:03:05.606,1.33722,1.33756,2.40,1.50
2011.01.19 13:03:06.313,1.33722,1.33757,2.40,1.50
2011.01.19 13:03:08.470,1.33722,1.33757,2.40,2.63
2011.01.19 13:03:10.302,1.33724,1.33757,1.13,1.50
2011.01.19 13:03:11.156,1.33726,1.33757,1.13,1.50
2011.01.19 13:03:11.727,1.33731,1.33764,1.13,3.00
2011.01.19 13:03:12.520,1.3373,1.33761,1.50,1.50
2011.01.19 13:03:12.632,1.33728,1.33764,1.13,1.88
2011.01.19 13:03:13.038,1.33728,1.33761,1.13,1.50
2011.01.19 13:03:13.754,1.3373,1.3376,1.50,1.50
2011.01.19 13:03:13.874,1.3373,1.3376,1.13,1.50
2011.01.19 13:03:14.112,1.3373,1.33763,1.13,2.03
2011.01.19 13:03:14.658,1.3373,1.33762,1.13,1.50
2011.01.19 13:03:16.526,1.33736,1.33768,1.13,1.50
2011.01.19 13:03:17.296,1.33733,1.33766,1.13,1.50
2011.01.19 13:03:19.463,1.3373,1.33764,2.03,1.13
2011.01.19 13:03:19.587,1.33727,1.33763,1.13,1.50
2011.01.19 13:03:20.548,1.3373,1.3376,1.13,1.13
2011.01.19 13:03:21.983,1.33728,1.3376,1.13,1.13
2011.01.19 13:03:22.212,1.33732,1.33763,1.13,1.13
2011.01.19 13:03:22.439,1.33731,1.33763,1.13,1.13
2011.01.19 13:03:22.982,1.3373,1.33763,1.13,1.13
2011.01.19 13:03:24.200,1.3373,1.3376,2.63,1.13
2011.01.19 13:03:24.552,1.33725,1.33757,2.25,1.13
2011.01.19 13:03:24.670,1.33725,1.33757,2.25,1.13
2011.01.19 13:03:25.174,1.33725,1.33758,3.90,1.50
2011.01.19 13:03:26.217,1.33729,1.3376,1.13,1.13
2011.01.19 13:03:26.550,1.33731,1.3376,1.13,1.13
2011.01.19 13:03:27.089,1.33734,1.33761,1.13,1.50
2011.01.19 13:03:27.209,1.33735,1.33768,2.63,1.50
2011.01.19 13:03:27.658,1.33736,1.33766,2.40,1.13
2011.01.19 13:03:28.230,1.33732,1.33763,1.65,1.13
2011.01.19 13:03:28.490,1.33732,1.33762,1.65,1.50
2011.01.19 13:03:29.043,1.33737,1.33762,1.65,1.50
2011.01.19 13:03:29.270,1.33735,1.3376,1.65,1.50
2011.01.19 13:03:29.391,1.33733,1.33756,1.65,1.50
2011.01.19 13:03:29.509,1.33731,1.33756,1.65,1.50
2011.01.19 13:03:30.144,1.33731,1.33756,2.40,1.50
2011.01.19 13:03:30.267,1.3373,1.33756,1.65,1.50
2011.01.19 13:03:30.610,1.33733,1.33756,1.65,1.50
2011.01.19 13:03:31.115,1.33728,1.33756,1.50,1.50
2011.01.19 13:03:31.666,1.33726,1.33757,2.03,1.88
2011.01.19 13:03:32.210,1.33725,1.33754,2.40,1.50
2011.01.19 13:03:32.331,1.33725,1.33753,1.65,1.50
2011.01.19 13:03:32.447,1.33721,1.33752,2.40,1.50
2011.01.19 13:03:32.777,1.33721,1.33753,2.40,1.13
2011.01.19 13:03:32.896,1.33727,1.33756,1.65,1.50
2011.01.19 13:03:33.121,1.33719,1.33754,1.47,1.13
2011.01.19 13:03:33.244,1.33718,1.33749,1.88,1.88
2011.01.19 13:03:33.837,1.33719,1.33749,1.28,1.50
2011.01.19 13:03:33.948,1.33719,1.33749,1.13,1.50
2011.01.19 13:03:34.471,1.33719,1.33754,1.13,1.50
2011.01.19 13:03:34.598,1.33717,1.33742,3.53,1.50
2011.01.19 13:03:35.353,1.33713,1.33742,1.50,1.50
2011.01.19 13:03:35.471,1.3372,1.33749,1.65,1.50
2011.01.19 13:03:35.591,1.3372,1.33751,3.30,1.50
2011.01.19 13:03:36.116,1.33716,1.3375,1.13,1.13
2011.01.19 13:03:36.236,1.33716,1.33748,1.13,1.50
2011.01.19 13:03:36.348,1.33714,1.33748,1.13,1.88
2011.01.19 13:03:36.691,1.33714,1.33744,1.32,1.50
2011.01.19 13:03:37.336,1.33713,1.33744,2.63,1.50
2011.01.19 13:03:37.451,1.33717,1.33744,2.78,1.50
2011.01.19 13:03:37.569,1.33719,1.33751,2.78,1.50
2011.01.19 13:03:37.797,1.3372,1.33753,1.13,1.50
2011.01.19 13:03:38.265,1.33714,1.33752,2.63,1.13
2011.01.19 13:03:38.379,1.33714,1.33751,2.63,1.88
2011.01.19 13:03:38.598,1.33716,1.33749,1.13,5.25
2011.01.19 13:03:39.128,1.33714,1.33742,2.25,1.28
2011.01.19 13:03:39.243,1.33721,1.33748,1.65,1.50
2011.01.19 13:03:39.470,1.33721,1.3375,1.65,2.63
2011.01.19 13:03:40.029,1.33716,1.33749,2.40,1.50
2011.01.19 13:03:40.371,1.33712,1.33742,1.13,1.28
2011.01.19 13:03:40.909,1.33713,1.3374,1.13,1.65
2011.01.19 13:03:41.025,1.33713,1.33743,1.13,1.28
2011.01.19 13:03:41.576,1.33717,1.3375,1.13,1.65
2011.01.19 13:03:41.688,1.33719,1.33753,1.13,4.28
2011.01.19 13:03:41.797,1.33719,1.33753,1.13,2.03
2011.01.19 13:03:42.282,1.33716,1.33753,3.90,1.50
2011.01.19 13:03:42.405,1.33719,1.33754,2.25,1.28
2011.01.19 13:03:42.740,1.33722,1.33755,2.40,1.50
2011.01.19 13:03:43.076,1.33722,1.33751,2.40,1.50
2011.01.19 13:03:43.528,1.33724,1.33751,1.50,1.50
2011.01.19 13:03:43.967,1.33724,1.33755,2.25,1.50
2011.01.19 13:03:44.590,1.33725,1.33755,1.65,1.50
2011.01.19 13:03:45.008,1.33725,1.33751,1.65,1.50
2011.01.19 13:03:45.122,1.33724,1.33751,2.25,1.50
2011.01.19 13:03:45.352,1.33732,1.33759,1.65,1.50
2011.01.19 13:03:45.468,1.33735,1.33759,2.03,1.88
2011.01.19 13:03:45.581,1.33732,1.33759,1.65,1.50
2011.01.19 13:03:46.003,1.33727,1.33759,2.40,1.88
2011.01.19 13:03:46.121,1.33728,1.33759,3.15,1.88
2011.01.19 13:03:46.241,1.33728,1.33759,2.40,1.50
2011.01.19 13:03:46.359,1.33727,1.33756,1.65,1.50
2011.01.19 13:03:46.705,1.33727,1.33756,2.40,1.50
2011.01.19 13:03:46.825,1.33731,1.3376,1.65,1.13
2011.01.19 13:03:47.051,1.33729,1.3376,1.50,1.88
2011.01.19 13:03:47.169,1.33729,1.33758,2.25,1.50
2011.01.19 13:03:47.593,1.3373,1.33761,2.03,1.50
2011.01.19 13:03:48.203,1.33732,1.33761,1.65,1.50
2011.01.19 13:03:48.987,1.33737,1.33765,1.50,1.13
2011.01.19 13:03:49.098,1.33737,1.33766,1.50,1.50
2011.01.19 13:03:49.723,1.33742,1.33766,2.03,1.50
2011.01.19 13:03:50.057,1.33746,1.33765,1.65,1.50
2011.01.19 13:03:50.168,1.33738,1.33765,4.43,1.50
2011.01.19 13:03:50.278,1.33738,1.33765,2.40,1.50
2011.01.19 13:03:50.826,1.33736,1.33768,3.68,1.50
2011.01.19 13:03:51.132,1.33736,1.33769,2.93,1.50
2011.01.19 13:03:51.257,1.33729,1.33755,1.65,1.50
2011.01.19 13:03:51.480,1.33729,1.33759,1.65,1.50
2011.01.19 13:03:51.599,1.33734,1.33759,1.28,1.50
2011.01.19 13:03:51.718,1.33735,1.33766,3.53,2.63
2011.01.19 13:03:52.127,1.33738,1.33768,2.03,1.50
2011.01.19 13:03:52.472,1.3375,1.33778,2.40,2.25
2011.01.19 13:03:53.111,1.3375,1.33782,3.15,1.50
2011.01.19 13:03:54.374,1.3374,1.33773,2.63,1.50
2011.01.19 13:03:57.474,1.33748,1.33776,1.65,1.50
2011.01.19 13:03:57.810,1.33746,1.33774,1.13,1.50
2011.01.19 13:03:58.357,1.33746,1.33774,1.28,1.50
2011.01.19 13:03:58.923,1.33745,1.33766,1.65,1.50
2011.01.19 13:03:59.485,1.33738,1.33762,1.50,1.50
2011.01.19 13:03:59.708,1.33737,1.33767,1.65,1.50
2011.01.19 13:03:59.818,1.33739,1.33769,1.65,1.50
2011.01.19 13:04:00.269,1.33741,1.33769,1.50,1.50
2011.01.19 13:04:00.597,1.33743,1.33773,1.65,1.50
2011.01.19 13:04:01.178,1.33739,1.33767,1.50,1.50
2011.01.19 13:04:01.289,1.33737,1.33767,2.40,1.88
2011.01.19 13:04:01.519,1.33737,1.33766,2.40,1.88
2011.01.19 13:04:01.932,1.33737,1.33763,1.28,1.50
2011.01.19 13:04:02.052,1.33737,1.33766,2.03,1.50
2011.01.19 13:04:02.628,1.33735,1.33765,4.43,1.50
2011.01.19 13:04:03.133,1.33736,1.33764,1.28,1.50
2011.01.19 13:04:03.256,1.33736,1.33767,2.03,1.50
2011.01.19 13:04:03.481,1.33735,1.33769,1.13,2.03
2011.01.19 13:04:04.079,1.33738,1.33769,1.32,2.03
2011.01.19 13:04:04.637,1.33741,1.33769,1.50,1.50
2011.01.19 13:04:05.199,1.33742,1.33772,2.40,1.50
2011.01.19 13:04:05.638,1.33741,1.3377,1.50,1.50
2011.01.19 13:04:06.208,1.33742,1.3377,1.50,1.50
2011.01.19 13:04:06.648,1.33739,1.33769,2.25,1.28
2011.01.19 13:04:07.471,1.33738,1.33766,1.50,1.50
2011.01.19 13:04:08.497,1.3374,1.33771,1.88,1.50
2011.01.19 13:04:08.608,1.33742,1.33773,1.50,2.40
2011.01.19 13:04:08.716,1.33745,1.33774,1.65,1.50
2011.01.19 13:04:11.778,1.33747,1.33773,2.25,1.50
2011.01.19 13:04:11.999,1.33751,1.3378,1.65,1.50
2011.01.19 13:04:12.447,1.33743,1.33766,1.88,1.50
2011.01.19 13:04:12.562,1.3374,1.33764,1.65,1.13
2011.01.19 13:04:12.789,1.3374,1.33757,1.65,1.50
2011.01.19 13:04:13.217,1.33738,1.33757,1.65,1.50
2011.01.19 13:04:13.337,1.33727,1.3376,4.84,1.50
2011.01.19 13:04:13.778,1.33732,1.3376,1.28,1.50
2011.01.19 13:04:14.301,1.33732,1.33763,2.03,1.50
2011.01.19 13:04:14.662,1.33734,1.33763,1.50,1.50
2011.01.19 13:04:14.785,1.33741,1.33772,3.00,3.38
2011.01.19 13:04:15.202,1.33742,1.33773,1.28,2.63
2011.01.19 13:04:15.324,1.33738,1.33777,2.63,2.03
2011.01.19 13:04:15.669,1.33741,1.33777,1.88,1.28
2011.01.19 13:04:17.205,1.33748,1.33781,2.40,2.63
2011.01.19 13:04:17.324,1.3375,1.33781,1.13,3.53
2011.01.19 13:04:17.443,1.33745,1.3378,2.40,1.13
2011.01.19 13:04:17.868,1.33745,1.33776,2.40,1.50
2011.01.19 13:04:17.993,1.33744,1.33771,1.50,2.03
2011.01.19 13:04:18.532,1.33744,1.3377,1.50,2.03
2011.01.19 13:04:18.869,1.33732,1.33765,2.25,1.50
2011.01.19 13:04:19.996,1.33729,1.33768,2.25,2.40
2011.01.19 13:04:20.106,1.33729,1.33768,3.38,2.40
2011.01.19 13:04:20.644,1.33728,1.33768,2.63,1.50
2011.01.19 13:04:20.985,1.33742,1.33771,2.25,1.50
2011.01.19 13:04:21.405,1.33746,1.33778,1.13,1.50
2011.01.19 13:04:22.152,1.33751,1.33781,1.13,2.78
2011.01.19 13:04:22.599,1.33746,1.3378,1.50,1.28
2011.01.19 13:04:23.046,1.33746,1.33779,1.13,1.50
2011.01.19 13:04:23.163,1.33749,1.33781,1.13,2.03
2011.01.19 13:04:23.621,1.33752,1.33785,1.13,1.50
2011.01.19 13:04:23.740,1.33753,1.33785,1.13,1.50
2011.01.19 13:04:24.359,1.33752,1.33783,1.13,1.28
2011.01.19 13:04:24.703,1.33747,1.3378,1.13,1.50
2011.01.19 13:04:24.819,1.33745,1.3378,1.13,2.03
2011.01.19 13:04:25.353,1.33747,1.33778,1.13,2.25
2011.01.19 13:04:25.580,1.33745,1.33776,1.13,1.50
2011.01.19 13:04:26.046,1.33745,1.33773,1.13,1.69
2011.01.19 13:04:26.389,1.33736,1.33765,1.13,1.65
2011.01.19 13:04:26.870,1.3374,1.33761,1.13,1.65
2011.01.19 13:04:26.997,1.33746,1.33779,1.13,1.88
2011.01.19 13:04:27.109,1.33744,1.33781,1.13,1.88
2011.01.19 13:04:27.659,1.33746,1.33784,2.40,2.63
2011.01.19 13:04:27.785,1.33746,1.33784,2.40,2.63
2011.01.19 13:04:28.011,1.33747,1.33781,2.93,1.50
2011.01.19 13:04:28.435,1.33748,1.33784,2.40,3.00
2011.01.19 13:04:28.660,1.33748,1.33786,2.78,1.50
2011.01.19 13:04:29.114,1.33751,1.33784,2.25,1.50
2011.01.19 13:04:30.133,1.33753,1.33784,1.13,1.50
2011.01.19 13:04:30.251,1.33757,1.33784,1.13,1.50
2011.01.19 13:04:30.690,1.33758,1.33791,1.13,2.40
2011.01.19 13:04:30.815,1.3376,1.33793,1.13,1.88
2011.01.19 13:04:31.422,1.33761,1.33796,1.13,5.03
2011.01.19 13:04:32.486,1.33759,1.33792,1.13,3.38
2011.01.19 13:04:33.531,1.33762,1.33792,1.50,1.50
2011.01.19 13:04:34.252,1.3376,1.33792,2.63,1.50
2011.01.19 13:04:36.345,1.3376,1.33789,2.25,1.13
2011.01.19 13:04:36.457,1.33758,1.33787,1.50,1.50
2011.01.19 13:04:36.843,1.3376,1.33787,1.13,1.50
2011.01.19 13:04:36.967,1.33764,1.33798,3.53,3.38
2011.01.19 13:04:37.578,1.33763,1.33798,1.13,3.38
2011.01.19 13:04:37.698,1.33766,1.33797,2.40,1.50
2011.01.19 13:04:38.388,1.33762,1.33788,1.13,1.65
2011.01.19 13:04:38.499,1.33758,1.33788,1.13,1.65
2011.01.19 13:04:38.620,1.33758,1.33788,1.13,1.65
2011.01.19 13:04:38.847,1.33759,1.33794,2.78,2.63
2011.01.19 13:04:39.373,1.33758,1.33791,1.13,1.50
2011.01.19 13:04:40.691,1.33761,1.33788,2.25,1.50
2011.01.19 13:04:41.018,1.33756,1.33787,1.13,1.28
2011.01.19 13:04:41.430,1.33757,1.33785,1.13,2.18
2011.01.19 13:04:41.555,1.33754,1.33784,1.50,1.13
2011.01.19 13:04:42.293,1.33755,1.33786,2.25,2.25
2011.01.19 13:04:42.638,1.33761,1.33788,1.13,1.65
2011.01.19 13:04:42.751,1.33762,1.33793,1.13,1.50
2011.01.19 13:04:43.394,1.33767,1.33796,1.13,3.38
2011.01.19 13:04:43.822,1.33772,1.33796,1.13,1.88
2011.01.19 13:04:44.147,1.33754,1.3378,2.63,1.28
2011.01.19 13:04:44.258,1.33753,1.3378,2.40,1.28
2011.01.19 13:04:44.682,1.33748,1.33777,2.25,1.88
2011.01.19 13:04:45.020,1.3375,1.33778,2.25,1.88
2011.01.19 13:04:45.473,1.33748,1.33775,2.25,1.28
2011.01.19 13:04:45.595,1.33749,1.33775,2.25,1.28
2011.01.19 13:04:46.403,1.33742,1.33775,2.25,1.28
2011.01.19 13:04:46.523,1.33742,1.33775,2.25,1.28
2011.01.19 13:04:47.077,1.33738,1.33771,2.25,1.28
2011.01.19 13:04:48.846,1.33742,1.33769,1.13,1.28
2011.01.19 13:04:49.177,1.33738,1.33768,2.25,1.28
2011.01.19 13:04:49.705,1.33739,1.3377,2.25,3.75
2011.01.19 13:04:49.929,1.33742,1.33771,2.25,1.50
2011.01.19 13:04:50.280,1.33746,1.33776,1.13,1.13
2011.01.19 13:04:50.940,1.33745,1.33776,2.40,1.50
2011.01.19 13:04:51.468,1.33745,1.33776,2.78,1.50
2011.01.19 13:04:52.305,1.33749,1.33775,1.13,2.63
2011.01.19 13:04:52.541,1.33733,1.33758,1.13,1.13
2011.01.19 13:04:52.771,1.33728,1.33753,1.13,1.28
2011.01.19 13:04:53.218,1.33724,1.33758,2.44,1.88
2011.01.19 13:04:54.874,1.33734,1.33755,1.65,1.13
2011.01.19 13:04:56.034,1.33735,1.3376,1.65,1.50
2011.01.19 13:04:56.165,1.3373,1.33765,2.40,1.28
2011.01.19 13:04:56.813,1.33738,1.33768,1.13,1.13
2011.01.19 13:04:57.370,1.33732,1.33768,1.13,1.28
2011.01.19 13:04:57.803,1.33732,1.33765,1.13,1.28
2011.01.19 13:04:57.925,1.33728,1.33763,1.13,2.03
2011.01.19 13:04:58.529,1.33728,1.33762,1.13,1.28
2011.01.19 13:04:58.874,1.33723,1.33749,2.40,1.47
2011.01.19 13:04:59.462,1.33719,1.33749,2.25,2.78
2011.01.19 13:04:59.582,1.33719,1.33749,2.25,2.93
2011.01.19 13:05:00.012,1.33717,1.33752,2.40,1.28
2011.01.19 13:05:00.247,1.33722,1.33756,2.40,2.63
2011.01.19 13:05:00.361,1.33722,1.33756,2.40,2.63
2011.01.19 13:05:00.876,1.33722,1.33756,2.40,2.63
2011.01.19 13:05:02.898,1.33723,1.33755,1.13,1.50
2011.01.19 13:05:03.362,1.3372,1.33754,1.13,1.50
2011.01.19 13:05:03.588,1.33722,1.33753,1.13,1.50
2011.01.19 13:05:04.271,1.33718,1.33747,2.40,2.03
2011.01.19 13:05:04.390,1.33717,1.33747,1.13,2.03
2011.01.19 13:05:04.933,1.33716,1.33741,1.13,1.28
2011.01.19 13:05:05.057,1.33711,1.33737,1.50,1.50
2011.01.19 13:05:05.171,1.3371,1.3374,1.13,1.28
2011.01.19 13:05:05.742,1.33716,1.33746,1.13,2.78
2011.01.19 13:05:05.970,1.33714,1.33748,1.13,1.13
2011.01.19 13:05:06.089,1.33714,1.33749,1.13,1.13
2011.01.19 13:05:06.210,1.33718,1.33749,1.13,1.69
2011.01.19 13:05:06.635,1.33713,1.3374,2.40,1.28
2011.01.19 13:05:07.442,1.33708,1.33736,1.88,1.50
2011.01.19 13:05:07.559,1.33713,1.33742,1.13,3.38
2011.01.19 13:05:08.200,1.33719,1.33748,1.65,1.50
2011.01.19 13:05:08.326,1.33717,1.33748,2.78,1.50
2011.01.19 13:05:08.438,1.33718,1.33749,2.40,1.13
2011.01.19 13:05:08.555,1.33719,1.33752,1.65,1.88
2011.01.19 13:05:09.063,1.33719,1.33753,2.78,1.50
2011.01.19 13:05:11.308,1.33717,1.3375,1.13,4.50
2011.01.19 13:05:11.703,1.33715,1.33747,2.78,1.28
2011.01.19 13:05:12.046,1.33728,1.33752,1.50,3.38
2011.01.19 13:05:12.392,1.33734,1.33752,1.47,3.38
2011.01.19 13:05:12.517,1.33737,1.33764,1.13,1.50
2011.01.19 13:05:13.055,1.3374,1.33768,2.40,3.38
2011.01.19 13:05:13.177,1.3374,1.33766,1.65,1.50
2011.01.19 13:05:13.399,1.3374,1.33768,1.65,1.50
2011.01.19 13:05:13.807,1.3374,1.33769,2.40,2.78
2011.01.19 13:05:13.912,1.33737,1.33766,2.40,1.28
2011.01.19 13:05:14.149,1.33731,1.33763,1.13,1.28
2011.01.19 13:05:14.865,1.33734,1.33765,1.13,1.50
2011.01.19 13:05:15.207,1.33741,1.33773,1.13,1.50
2011.01.19 13:05:15.865,1.33741,1.33774,1.88,1.50
2011.01.19 13:05:15.986,1.33746,1.3378,1.13,1.50
2011.01.19 13:05:16.103,1.33746,1.3378,1.13,1.50
2011.01.19 13:05:16.223,1.33747,1.3378,1.13,1.50
2011.01.19 13:05:16.750,1.33744,1.33778,1.13,1.69
2011.01.19 13:05:17.102,1.33747,1.33777,1.13,1.50
2011.01.19 13:05:17.639,1.33747,1.33779,1.13,3.90
2011.01.19 13:05:17.764,1.33745,1.33774,1.13,1.28
2011.01.19 13:05:18.320,1.33744,1.3377,1.13,1.88
2011.01.19 13:05:19.311,1.33744,1.33771,1.13,2.40
2011.01.19 13:05:19.537,1.33742,1.3377,1.13,1.50
2011.01.19 13:05:19.652,1.33742,1.33773,1.13,2.18
2011.01.19 13:05:20.061,1.33743,1.3377,1.13,2.40
2011.01.19 13:05:20.399,1.33743,1.33768,2.25,2.18
2011.01.19 13:05:20.521,1.33736,1.33768,1.13,2.18
2011.01.19 13:05:20.942,1.33737,1.33769,1.13,1.50
2011.01.19 13:05:21.168,1.33739,1.33772,2.63,3.15
2011.01.19 13:05:21.277,1.33741,1.33772,1.13,2.63
2011.01.19 13:05:22.348,1.3374,1.3377,1.13,1.28
2011.01.19 13:05:24.535,1.3374,1.33771,1.13,1.28
2011.01.19 13:05:24.661,1.33737,1.3377,2.25,1.13
2011.01.19 13:05:25.000,1.33736,1.33763,1.65,1.50
2011.01.19 13:05:25.599,1.33735,1.33763,1.50,1.50
2011.01.19 13:05:26.740,1.33738,1.33763,1.50,1.50
2011.01.19 13:05:29.316,1.33737,1.33763,1.50,1.50
2011.01.19 13:05:29.892,1.33733,1.33763,2.25,1.50
2011.01.19 13:05:30.642,1.33735,1.33772,2.63,1.13
2011.01.19 13:05:30.758,1.33741,1.33773,2.25,1.50
2011.01.19 13:05:31.419,1.33741,1.33772,2.25,1.28
2011.01.19 13:05:31.540,1.33736,1.33767,3.90,1.50
2011.01.19 13:05:31.987,1.33747,1.33775,2.40,1.88
2011.01.19 13:05:32.528,1.33749,1.33775,1.50,1.88
2011.01.19 13:05:32.642,1.33749,1.33781,1.50,1.28
2011.01.19 13:05:32.868,1.33749,1.33776,1.50,1.50
2011.01.19 13:05:33.440,1.33742,1.33772,2.25,1.28
2011.01.19 13:05:33.670,1.33747,1.33774,1.50,1.50
2011.01.19 13:05:33.900,1.33744,1.33774,2.25,1.50
2011.01.19 13:05:34.414,1.33743,1.33772,1.65,1.50
2011.01.19 13:05:34.536,1.33741,1.33771,2.25,1.50
2011.01.19 13:05:34.759,1.33741,1.33772,2.25,1.50
2011.01.19 13:05:34.877,1.33741,1.33773,2.25,1.50
2011.01.19 13:05:35.858,1.33739,1.33772,2.25,1.28
2011.01.19 13:05:35.967,1.33741,1.33769,1.50,1.50
2011.01.19 13:05:36.615,1.33738,1.33769,1.50,1.50
2011.01.19 13:05:36.732,1.33738,1.33767,1.50,1.50
2011.01.19 13:05:36.850,1.33738,1.33771,1.50,2.03
2011.01.19 13:05:36.967,1.33737,1.33771,2.40,1.28
2011.01.19 13:05:37.489,1.3374,1.33776,1.13,1.50
2011.01.19 13:05:37.829,1.33741,1.33769,1.13,1.28
2011.01.19 13:05:38.249,1.33736,1.33769,1.13,1.28
2011.01.19 13:05:38.377,1.33738,1.33767,1.50,2.40
2011.01.19 13:05:38.489,1.33732,1.33765,2.25,1.28
2011.01.19 13:05:39.102,1.33731,1.33768,2.25,2.18
2011.01.19 13:05:39.776,1.33732,1.33768,1.13,2.18
2011.01.19 13:05:40.330,1.3373,1.33764,2.63,2.93
2011.01.19 13:05:40.453,1.33728,1.33759,2.25,2.93
2011.01.19 13:05:41.097,1.33725,1.33759,1.13,1.50
2011.01.19 13:05:41.629,1.33735,1.33762,1.13,1.65
2011.01.19 13:05:41.962,1.33736,1.33767,2.78,2.25
2011.01.19 13:05:44.801,1.33731,1.33766,1.13,1.28
2011.01.19 13:05:44.919,1.33731,1.33764,1.13,1.50
2011.01.19 13:05:45.361,1.33736,1.33768,2.40,1.50
2011.01.19 13:05:45.943,1.33746,1.33776,1.50,2.25
2011.01.19 13:05:46.061,1.33746,1.33777,1.13,1.50
2011.01.19 13:05:46.181,1.33749,1.33779,2.25,3.53
2011.01.19 13:05:46.628,1.33751,1.33786,2.40,1.50
2011.01.19 13:05:47.190,1.33759,1.33789,1.50,1.88
2011.01.19 13:05:47.307,1.33767,1.33789,1.65,1.50
2011.01.19 13:05:47.534,1.33767,1.33796,1.65,1.50
2011.01.19 13:05:47.651,1.33765,1.33792,1.28,1.50
2011.01.19 13:05:47.963,1.33765,1.33796,1.28,1.50
2011.01.19 13:05:48.087,1.33758,1.33788,2.40,1.50
2011.01.19 13:05:48.877,1.33754,1.33786,2.25,1.50
2011.01.19 13:05:50.579,1.3375,1.33784,2.40,1.50
2011.01.19 13:05:50.699,1.33746,1.3378,2.40,1.13
2011.01.19 13:05:50.820,1.33746,1.33778,2.40,1.13
2011.01.19 13:05:51.132,1.33746,1.33776,2.40,1.50
2011.01.19 13:05:51.693,1.33748,1.33779,1.13,1.50
2011.01.19 13:05:52.157,1.33751,1.33782,1.13,2.25
2011.01.19 13:05:52.789,1.33754,1.33787,2.40,1.50
2011.01.19 13:05:53.367,1.33752,1.33786,1.13,1.50
2011.01.19 13:05:59.995,1.33749,1.33781,1.13,1.50
2011.01.19 13:06:00.218,1.33748,1.33782,1.13,1.50
2011.01.19 13:06:00.552,1.33751,1.33785,1.50,1.50
2011.01.19 13:06:00.902,1.33751,1.33785,1.13,1.50
2011.01.19 13:06:01.128,1.33754,1.33787,1.13,1.50
2011.01.19 13:06:02.659,1.33756,1.33787,1.65,1.50
2011.01.19 13:06:02.779,1.33754,1.33787,1.13,1.50
2011.01.19 13:06:03.373,1.33754,1.33788,1.13,1.50
2011.01.19 13:06:03.488,1.33757,1.33789,1.13,3.00
2011.01.19 13:06:04.143,1.33758,1.33791,1.13,3.00
2011.01.19 13:06:05.242,1.33759,1.3379,1.13,1.50
2011.01.19 13:06:05.580,1.33762,1.33793,1.13,1.50
2011.01.19 13:06:05.698,1.33762,1.33795,1.13,1.50
2011.01.19 13:06:06.255,1.33764,1.33795,1.13,1.50
2011.01.19 13:06:06.813,1.33767,1.33796,2.25,1.50
2011.01.19 13:06:07.815,1.33765,1.33798,2.25,1.28
2011.01.19 13:06:07.931,1.33767,1.33798,1.13,2.03
2011.01.19 13:06:08.270,1.33769,1.338,1.13,1.28
2011.01.19 13:06:08.787,1.33767,1.338,1.13,1.28
2011.01.19 13:06:09.117,1.33767,1.33799,1.13,1.28
2011.01.19 13:06:09.669,1.33773,1.33801,1.13,3.00
2011.01.19 13:06:09.787,1.33768,1.33802,1.13,1.28
2011.01.19 13:06:09.900,1.33766,1.33796,2.25,1.13
2011.01.19 13:06:10.016,1.33766,1.33794,1.50,1.50
2011.01.19 13:06:10.366,1.33762,1.33794,2.40,1.50
2011.01.19 13:06:11.888,1.33759,1.33792,2.40,1.88
2011.01.19 13:06:11.998,1.3376,1.33794,1.13,2.25
2011.01.19 13:06:12.109,1.33758,1.33794,1.13,2.25
2011.01.19 13:06:12.423,1.33758,1.33794,1.13,2.25
2011.01.19 13:06:12.542,1.33756,1.33789,2.78,1.50
2011.01.19 13:06:13.404,1.33756,1.33787,2.40,1.13
2011.01.19 13:06:13.519,1.33756,1.33785,2.40,1.50
2011.01.19 13:06:14.538,1.33758,1.33785,1.65,1.50
2011.01.19 13:06:16.055,1.33758,1.33788,1.65,1.50
2011.01.19 13:06:17.753,1.33758,1.33785,1.65,1.13
2011.01.19 13:06:18.206,1.33758,1.33776,1.65,1.28
2011.01.19 13:06:18.329,1.33756,1.33778,1.65,1.50
2011.01.19 13:06:18.562,1.33749,1.33776,2.78,1.50
2011.01.19 13:06:18.994,1.33736,1.3377,2.25,1.88
2011.01.19 13:06:19.112,1.33736,1.33766,2.25,1.50
2011.01.19 13:06:21.975,1.33731,1.33762,2.40,1.50
2011.01.19 13:06:22.420,1.33733,1.33762,1.13,1.50
2011.01.19 13:06:22.845,1.33733,1.33763,2.40,1.28
2011.01.19 13:06:23.068,1.33735,1.33765,1.13,1.50
2011.01.19 13:06:23.746,1.33728,1.33762,1.13,1.50
2011.01.19 13:06:24.957,1.33729,1.33761,1.13,2.25
2011.01.19 13:06:25.413,1.33739,1.33761,2.03,1.50
2011.01.19 13:06:25.841,1.33739,1.33766,2.40,2.72
2011.01.19 13:06:25.969,1.33736,1.33766,1.13,2.63
2011.01.19 13:06:26.786,1.33734,1.33766,1.13,1.13
2011.01.19 13:06:26.900,1.33732,1.33767,1.13,2.40
2011.01.19 13:06:27.019,1.33732,1.33766,1.13,2.40
2011.01.19 13:06:27.635,1.33738,1.33772,1.13,3.00
2011.01.19 13:06:28.290,1.33738,1.33768,1.13,1.13
2011.01.19 13:06:28.412,1.3374,1.3377,1.13,1.50
2011.01.19 13:06:30.282,1.33747,1.33775,1.28,1.50
2011.01.19 13:06:30.618,1.33746,1.33775,2.25,1.50
2011.01.19 13:06:31.165,1.33746,1.33775,1.50,1.50
2011.01.19 13:06:31.278,1.33745,1.33775,2.40,1.50
2011.01.19 13:06:32.032,1.33748,1.33775,1.50,1.50
2011.01.19 13:06:32.157,1.33752,1.33782,1.13,1.50
2011.01.19 13:06:32.270,1.33754,1.33789,1.13,1.50
2011.01.19 13:06:32.388,1.33758,1.33789,1.13,1.50
2011.01.19 13:06:33.395,1.33758,1.33787,2.25,1.65
2011.01.19 13:06:33.518,1.33751,1.33786,1.13,1.50
2011.01.19 13:06:33.635,1.33751,1.33783,1.13,2.40
2011.01.19 13:06:33.750,1.33748,1.33781,2.63,2.18
2011.01.19 13:06:34.181,1.33752,1.33781,1.13,1.65
2011.01.19 13:06:34.307,1.33751,1.33784,2.25,1.13
2011.01.19 13:06:34.637,1.33752,1.33785,1.13,1.13
2011.01.19 13:06:34.952,1.33752,1.33784,1.13,1.50
2011.01.19 13:06:35.190,1.33748,1.33782,1.13,1.88
2011.01.19 13:06:35.308,1.33748,1.3378,1.13,1.50
2011.01.19 13:06:35.642,1.33751,1.33778,1.13,1.50
2011.01.19 13:06:36.136,1.33748,1.33776,1.88,1.13
2011.01.19 13:06:36.250,1.33745,1.33777,2.25,3.53
2011.01.19 13:06:36.371,1.33746,1.33774,1.50,1.50
2011.01.19 13:06:36.711,1.33746,1.33778,2.25,1.13
2011.01.19 13:06:36.824,1.33751,1.33781,2.03,1.50
2011.01.19 13:06:37.053,1.33751,1.33784,1.13,1.50
2011.01.19 13:06:37.678,1.33749,1.33781,1.13,1.50
2011.01.19 13:06:38.174,1.33747,1.33778,2.25,1.28
2011.01.19 13:06:38.701,1.33747,1.33776,1.88,1.50
2011.01.19 13:06:38.827,1.33743,1.33773,1.13,1.28
2011.01.19 13:06:39.454,1.33737,1.33771,1.50,1.50
2011.01.19 13:06:39.570,1.33737,1.33771,3.15,1.50
2011.01.19 13:06:41.218,1.33741,1.33772,1.32,2.25
2011.01.19 13:06:41.331,1.33748,1.33772,1.28,1.50
2011.01.19 13:06:41.777,1.33747,1.33774,3.15,1.50
2011.01.19 13:06:41.897,1.33743,1.33773,1.13,1.28
2011.01.19 13:06:42.008,1.33741,1.33774,1.13,3.53
2011.01.19 13:06:42.700,1.33743,1.33774,1.13,1.50
2011.01.19 13:06:43.244,1.33748,1.33775,1.13,1.65
2011.01.19 13:06:43.362,1.33748,1.33782,1.13,2.63
2011.01.19 13:06:44.119,1.33751,1.33782,1.13,2.63
2011.01.19 13:06:44.694,1.3375,1.33782,1.13,2.63
2011.01.19 13:06:45.249,1.33756,1.33782,1.65,2.63
2011.01.19 13:06:45.360,1.33749,1.33782,1.13,2.63
2011.01.19 13:06:45.921,1.33751,1.33784,2.40,1.88
2011.01.19 13:06:46.783,1.33748,1.33782,1.65,1.88
2011.01.19 13:06:47.119,1.33751,1.33782,1.13,1.50
2011.01.19 13:06:47.531,1.33752,1.33783,1.13,1.13
2011.01.19 13:06:48.323,1.33752,1.33782,2.40,1.50
2011.01.19 13:06:48.444,1.33746,1.33782,2.78,1.50
2011.01.19 13:06:48.668,1.33746,1.33779,2.40,1.13
2011.01.19 13:06:48.888,1.33746,1.33779,1.65,1.88
2011.01.19 13:06:49.504,1.33746,1.33779,1.65,1.88
2011.01.19 13:06:49.839,1.33746,1.33779,2.40,1.50
2011.01.19 13:06:50.636,1.3375,1.33779,1.13,1.50
2011.01.19 13:06:50.858,1.33752,1.33783,1.13,2.25
2011.01.19 13:06:51.076,1.33746,1.33783,2.78,2.63
2011.01.19 13:06:51.500,1.33746,1.33781,2.78,1.13
2011.01.19 13:06:51.616,1.33748,1.3378,1.13,1.50
2011.01.19 13:06:51.949,1.33745,1.33778,2.78,1.50
2011.01.19 13:06:52.496,1.33738,1.33769,2.40,1.50
2011.01.19 13:06:52.610,1.33736,1.33771,2.25,1.13
2011.01.19 13:06:53.133,1.33739,1.33771,2.63,1.50
2011.01.19 13:06:54.213,1.33737,1.33769,2.40,1.28
2011.01.19 13:06:54.332,1.33738,1.33769,2.40,2.03
2011.01.19 13:06:54.875,1.33735,1.33767,2.40,1.50
2011.01.19 13:06:56.688,1.33739,1.33769,2.78,1.13
2011.01.19 13:06:56.812,1.33747,1.33769,1.65,1.50
2011.01.19 13:06:57.417,1.33747,1.33775,3.90,1.88
2011.01.19 13:06:57.528,1.33745,1.33771,1.88,1.50
2011.01.19 13:06:57.750,1.3374,1.33771,1.65,1.13
2011.01.19 13:06:57.866,1.3374,1.3377,1.65,1.13
2011.01.19 13:06:59.179,1.3374,1.33769,2.78,1.50
2011.01.19 13:06:59.795,1.33744,1.33772,1.88,1.13
2011.01.19 13:07:00.138,1.33745,1.33777,1.13,1.88
2011.01.19 13:07:00.779,1.33745,1.33778,1.13,1.13
2011.01.19 13:07:00.902,1.33744,1.33776,1.13,1.88
2011.01.19 13:07:01.267,1.33746,1.33776,1.50,1.88
2011.01.19 13:07:01.597,1.33751,1.3378,1.13,1.13
2011.01.19 13:07:02.068,1.33752,1.33781,1.13,1.88
2011.01.19 13:07:03.401,1.33753,1.33784,1.88,2.63
2011.01.19 13:07:04.708,1.33757,1.33784,1.28,2.63
2011.01.19 13:07:04.930,1.33754,1.33784,2.40,1.13
2011.01.19 13:07:05.389,1.33756,1.33781,1.65,1.50
2011.01.19 13:07:05.504,1.33756,1.33783,2.40,1.88
2011.01.19 13:07:06.054,1.33748,1.33781,2.93,1.88
2011.01.19 13:07:06.175,1.33741,1.33772,2.63,1.50
2011.01.19 13:07:06.289,1.33741,1.3377,2.63,1.50
2011.01.19 13:07:07.139,1.33738,1.33768,2.63,1.50
2011.01.19 13:07:07.260,1.33738,1.33767,2.63,1.50
2011.01.19 13:07:08.159,1.33736,1.33766,1.13,1.50
2011.01.19 13:07:09.470,1.33737,1.33769,2.40,1.13
2011.01.19 13:07:10.028,1.33738,1.33767,2.40,1.50
2011.01.19 13:07:11.938,1.33739,1.33767,1.65,1.50
2011.01.19 13:07:12.479,1.33738,1.33767,2.40,1.50
2011.01.19 13:07:15.061,1.33739,1.33767,1.65,1.50
2011.01.19 13:07:15.181,1.3374,1.3377,2.63,1.88
2011.01.19 13:07:15.408,1.3374,1.33772,2.63,1.13
2011.01.19 13:07:16.827,1.33741,1.33772,3.00,1.13
2011.01.19 13:07:17.568,1.33739,1.3377,2.40,1.50
2011.01.19 13:07:18.576,1.3374,1.3377,1.88,1.88
2011.01.19 13:07:19.457,1.33739,1.3377,2.78,1.88
2011.01.19 13:07:19.772,1.33739,1.3377,2.78,1.13
2011.01.19 13:07:19.893,1.3374,1.3377,1.13,1.13
2011.01.19 13:07:22.304,1.3375,1.33775,1.13,1.50
2011.01.19 13:07:22.420,1.3375,1.33777,1.13,1.65
2011.01.19 13:07:22.648,1.33751,1.3378,1.13,3.53
2011.01.19 13:07:23.289,1.33748,1.3378,1.13,2.63
2011.01.19 13:07:23.412,1.33749,1.33777,1.88,2.25
2011.01.19 13:07:24.036,1.33746,1.33777,1.13,3.00
2011.01.19 13:07:24.155,1.33746,1.33778,1.13,3.19
2011.01.19 13:07:24.487,1.33743,1.33774,1.13,1.28
2011.01.19 13:07:25.350,1.33743,1.33771,1.65,2.40
2011.01.19 13:07:25.471,1.33743,1.3377,1.88,1.88
2011.01.19 13:07:25.589,1.33744,1.33766,1.88,1.13
2011.01.19 13:07:26.003,1.33732,1.33762,1.50,1.50
2011.01.19 13:07:26.451,1.3373,1.33762,1.50,1.28
2011.01.19 13:07:26.965,1.33727,1.33752,1.65,1.50
2011.01.19 13:07:27.518,1.33723,1.33752,1.65,1.50
2011.01.19 13:07:27.948,1.33719,1.3375,1.13,1.50
2011.01.19 13:07:28.290,1.3371,1.33739,1.13,1.50
2011.01.19 13:07:28.716,1.33714,1.33747,2.63,1.50
2011.01.19 13:07:29.156,1.33717,1.33747,1.65,1.50
2011.01.19 13:07:30.177,1.33719,1.33747,2.18,1.50
2011.01.19 13:07:30.291,1.33719,1.33751,2.40,1.13
2011.01.19 13:07:30.411,1.33719,1.33751,2.40,1.13
2011.01.19 13:07:30.738,1.33719,1.33748,1.65,1.13
2011.01.19 13:07:31.081,1.33719,1.33746,1.65,1.50
2011.01.19 13:07:31.524,1.33721,1.33746,1.88,1.50
2011.01.19 13:07:32.088,1.33721,1.33746,1.88,1.50
2011.01.19 13:07:32.640,1.33719,1.33746,1.65,1.50
2011.01.19 13:07:35.307,1.33719,1.33746,2.18,1.50
2011.01.19 13:07:35.420,1.3372,1.3375,1.28,1.50
2011.01.19 13:07:37.234,1.33724,1.33754,1.13,2.25
2011.01.19 13:07:37.350,1.33724,1.33754,2.78,1.50
2011.01.19 13:07:37.469,1.33727,1.3376,1.13,1.50
2011.01.19 13:07:37.592,1.33727,1.3376,1.28,1.50
2011.01.19 13:07:38.148,1.33729,1.3376,1.88,1.50
2011.01.19 13:07:38.595,1.33726,1.3375,1.88,1.50
2011.01.19 13:07:38.928,1.33721,1.3375,1.88,1.50
2011.01.19 13:07:39.452,1.3372,1.3375,3.38,1.50
2011.01.19 13:07:40.007,1.33721,1.3375,1.88,1.50
2011.01.19 13:07:40.702,1.3372,1.33747,1.50,1.13
2011.01.19 13:07:43.771,1.33719,1.33747,4.80,1.13
2011.01.19 13:07:44.111,1.33719,1.33748,3.90,1.88
2011.01.19 13:07:44.636,1.33719,1.33747,2.40,1.88
2011.01.19 13:07:45.186,1.33716,1.33746,2.25,1.50
2011.01.19 13:07:46.279,1.33716,1.33746,1.88,1.50
2011.01.19 13:07:46.510,1.33718,1.33744,1.50,1.13
2011.01.19 13:07:46.628,1.33715,1.33744,1.13,1.13
2011.01.19 13:07:47.378,1.33716,1.33746,1.13,1.13
2011.01.19 13:07:48.147,1.33718,1.33746,1.13,1.13
2011.01.19 13:07:49.431,1.33715,1.33747,1.13,1.50
2011.01.19 13:07:50.023,1.33715,1.33747,1.13,1.50
2011.01.19 13:07:50.246,1.33714,1.33744,2.25,1.13
2011.01.19 13:07:51.083,1.33712,1.33743,1.88,1.50
2011.01.19 13:07:51.199,1.33712,1.33741,1.50,1.13
2011.01.19 13:07:51.312,1.33709,1.33739,2.63,1.13
2011.01.19 13:07:51.835,1.33707,1.33739,1.13,1.50
2011.01.19 13:07:52.167,1.33704,1.33735,1.13,1.13
2011.01.19 13:07:52.955,1.33709,1.33738,2.25,1.50
2011.01.19 13:07:53.070,1.33715,1.33742,1.13,1.65
2011.01.19 13:07:53.697,1.33715,1.33744,1.13,1.13
2011.01.19 13:07:54.283,1.33718,1.33746,1.13,1.13
2011.01.19 13:07:54.882,1.33717,1.33749,1.13,1.50
2011.01.19 13:07:55.919,1.33717,1.33749,1.13,1.13
2011.01.19 13:07:56.358,1.33713,1.33746,3.90,1.50
2011.01.19 13:07:56.579,1.33713,1.33742,2.25,1.13
2011.01.19 13:07:57.121,1.33713,1.33742,1.13,1.50
2011.01.19 13:07:57.349,1.33715,1.33746,1.13,2.63
2011.01.19 13:07:57.472,1.33711,1.33744,2.63,1.13
2011.01.19 13:07:57.878,1.33712,1.33742,1.65,1.20
2011.01.19 13:07:58.528,1.33709,1.33742,1.13,1.88
2011.01.19 13:07:59.641,1.33707,1.3374,2.63,1.58
2011.01.19 13:07:59.759,1.33707,1.33739,2.63,1.50
2011.01.19 13:08:00.091,1.33705,1.33736,3.90,1.13
2011.01.19 13:08:00.516,1.33705,1.33733,1.65,1.88
2011.01.19 13:08:01.179,1.33703,1.33733,1.13,1.88
2011.01.19 13:08:03.527,1.33705,1.33739,1.13,1.88
2011.01.19 13:08:05.549,1.33703,1.33735,1.13,1.65
2011.01.19 13:08:05.990,1.33703,1.33734,1.13,2.18
2011.01.19 13:08:06.841,1.33703,1.33732,1.13,1.43
2011.01.19 13:08:07.569,1.33688,1.3372,2.63,1.13
2011.01.19 13:08:07.688,1.33684,1.33717,4.28,1.50
2011.01.19 13:08:08.470,1.3368,1.33713,2.63,1.50
2011.01.19 13:08:09.304,1.33684,1.33713,1.13,1.50
2011.01.19 13:08:09.847,1.33682,1.33714,1.50,1.50
2011.01.19 13:08:09.965,1.33678,1.33708,2.03,1.13
2011.01.19 13:08:10.080,1.33681,1.33707,1.88,1.50
2011.01.19 13:08:10.512,1.33676,1.33703,1.50,1.50
2011.01.19 13:08:11.235,1.33668,1.337,4.65,1.50
2011.01.19 13:08:11.351,1.33669,1.33698,2.25,1.50
2011.01.19 13:08:11.985,1.33668,1.33698,4.13,1.88
2011.01.19 13:08:12.142,1.33666,1.33695,2.55,1.13
2011.01.19 13:08:12.368,1.33667,1.33699,2.63,1.13
2011.01.19 13:08:12.706,1.33667,1.33696,2.63,1.13
2011.01.19 13:08:13.159,1.33668,1.33693,1.65,1.50
2011.01.19 13:08:13.824,1.33665,1.33693,3.38,1.50
2011.01.19 13:08:14.271,1.33664,1.33687,2.63,1.13
2011.01.19 13:08:14.703,1.33658,1.33686,1.88,1.50
2011.01.19 13:08:15.080,1.33657,1.3368,2.63,1.13
2011.01.19 13:08:15.625,1.3366,1.33689,1.50,1.50
2011.01.19 13:08:15.743,1.33661,1.3369,1.13,1.50
2011.01.19 13:08:16.392,1.33662,1.33693,1.50,1.50
2011.01.19 13:08:16.517,1.33662,1.33696,2.63,2.25
2011.01.19 13:08:16.850,1.33665,1.33697,1.65,1.50
2011.01.19 13:08:17.286,1.33664,1.33695,1.13,1.50
2011.01.19 13:08:17.954,1.3366,1.33693,1.13,1.50
2011.01.19 13:08:18.617,1.33662,1.33693,1.13,1.50
2011.01.19 13:08:18.978,1.33657,1.33689,4.28,1.50
2011.01.19 13:08:19.209,1.33658,1.33687,1.65,2.78
2011.01.19 13:08:19.329,1.33655,1.33686,2.40,1.28
2011.01.19 13:08:20.056,1.33657,1.33687,2.78,1.50
2011.01.19 13:08:20.390,1.33663,1.33693,1.13,2.25
2011.01.19 13:08:20.847,1.33667,1.33695,1.13,1.50
2011.01.19 13:08:21.544,1.33669,1.33696,1.50,1.50
2011.01.19 13:08:21.894,1.33669,1.33699,1.88,1.50
2011.01.19 13:08:22.231,1.33673,1.33699,1.13,1.50
2011.01.19 13:08:22.639,1.33673,1.33702,1.13,1.50
2011.01.19 13:08:23.239,1.33671,1.33703,1.13,3.68
2011.01.19 13:08:23.859,1.33676,1.33703,1.50,1.50
2011.01.19 13:08:23.979,1.3368,1.33711,1.13,2.25
2011.01.19 13:08:24.684,1.33684,1.33715,2.44,2.25
2011.01.19 13:08:24.800,1.33685,1.33715,1.69,2.25
2011.01.19 13:08:25.029,1.33686,1.33717,1.13,2.25
2011.01.19 13:08:25.463,1.33688,1.3372,1.13,3.00
2011.01.19 13:08:27.030,1.33688,1.33721,1.13,1.50
2011.01.19 13:08:27.546,1.33689,1.3372,1.32,1.50
2011.01.19 13:08:27.881,1.33693,1.33724,2.44,1.50
2011.01.19 13:08:28.223,1.33693,1.33728,2.44,2.25
2011.01.19 13:08:28.348,1.337,1.33728,2.44,1.50
2011.01.19 13:08:28.458,1.33702,1.33733,1.88,1.50
2011.01.19 13:08:28.790,1.33702,1.33731,1.88,1.50
2011.01.19 13:08:29.318,1.33696,1.33731,2.63,2.25
2011.01.19 13:08:29.427,1.33698,1.33731,1.65,2.25
2011.01.19 13:08:29.758,1.33696,1.33728,2.63,1.50
2011.01.19 13:08:30.104,1.33696,1.33732,2.63,1.50
2011.01.19 13:08:30.230,1.33697,1.33731,1.88,1.65
2011.01.19 13:08:30.786,1.33697,1.33726,1.88,1.50
2011.01.19 13:08:30.909,1.33693,1.33726,4.32,1.50
2011.01.19 13:08:31.021,1.337,1.33727,4.50,1.65
2011.01.19 13:08:31.139,1.33704,1.33734,2.25,1.50
2011.01.19 13:08:31.547,1.33704,1.33729,3.19,1.50
2011.01.19 13:08:31.667,1.33704,1.33734,3.00,1.50
2011.01.19 13:08:32.370,1.33701,1.33734,4.28,1.50
2011.01.19 13:08:32.488,1.337,1.33737,4.28,1.50
2011.01.19 13:08:33.051,1.337,1.33738,2.63,2.25
2011.01.19 13:08:33.281,1.33703,1.33738,1.69,2.25
2011.01.19 13:08:33.510,1.33707,1.33744,2.40,2.25
2011.01.19 13:08:33.941,1.33708,1.33742,1.88,3.00
2011.01.19 13:08:34.389,1.33709,1.33743,1.13,1.50
2011.01.19 13:08:34.818,1.33709,1.33745,3.53,4.65
2011.01.19 13:08:35.150,1.33711,1.33745,2.78,2.25
2011.01.19 13:08:35.747,1.33711,1.33745,2.78,1.50
2011.01.19 13:08:36.176,1.33707,1.33745,2.25,1.50
2011.01.19 13:08:36.945,1.33711,1.33745,1.65,2.03
2011.01.19 13:08:37.066,1.33712,1.33746,1.13,2.25
2011.01.19 13:08:37.179,1.33712,1.33746,1.50,2.25
2011.01.19 13:08:37.510,1.33712,1.33746,2.63,2.25
2011.01.19 13:08:39.234,1.33709,1.33742,2.63,2.78
2011.01.19 13:08:39.348,1.33705,1.33742,2.63,2.78
2011.01.19 13:08:39.899,1.33711,1.33742,1.13,2.78
2011.01.19 13:08:40.007,1.33711,1.33747,1.50,3.38
2011.01.19 13:08:40.335,1.33712,1.33747,1.50,2.63
2011.01.19 13:08:40.455,1.33714,1.33748,1.65,3.00
2011.01.19 13:08:40.792,1.3371,1.33741,1.88,1.28
2011.01.19 13:08:41.323,1.33713,1.33744,3.15,1.13
2011.01.19 13:08:41.444,1.33716,1.33752,1.65,3.38
2011.01.19 13:08:41.887,1.33721,1.33752,1.65,1.50
2011.01.19 13:08:42.396,1.33721,1.33754,1.65,1.50
2011.01.19 13:08:44.334,1.33721,1.33755,1.13,1.50
2011.01.19 13:08:44.669,1.33721,1.33755,1.13,1.50
2011.01.19 13:08:45.297,1.33718,1.33752,1.13,2.18
2011.01.19 13:08:45.338,1.33719,1.33752,1.13,2.40
2011.01.19 13:08:45.451,1.33719,1.33752,1.13,3.15
2011.01.19 13:08:45.682,1.33716,1.3375,2.40,1.28
2011.01.19 13:08:45.804,1.33716,1.33747,2.40,1.28
2011.01.19 13:08:46.314,1.33718,1.33746,1.13,1.65
2011.01.19 13:08:46.538,1.33718,1.3375,1.13,1.28
2011.01.19 13:08:47.069,1.33717,1.33751,1.13,1.28
2011.01.19 13:08:48.097,1.33718,1.3375,1.13,1.28
2011.01.19 13:08:48.653,1.33721,1.33752,1.13,1.28
2011.01.19 13:08:48.987,1.33718,1.33753,2.25,1.28
2011.01.19 13:08:49.097,1.33718,1.33751,2.25,1.28
2011.01.19 13:08:52.129,1.3372,1.3375,1.13,1.28
2011.01.19 13:08:52.729,1.3372,1.33752,1.13,1.28
2011.01.19 13:08:53.279,1.33723,1.33752,1.13,1.28
2011.01.19 13:08:53.726,1.33732,1.33758,1.13,1.65
2011.01.19 13:08:53.837,1.33732,1.3376,1.13,1.50
2011.01.19 13:08:54.422,1.3373,1.33761,1.13,1.28
2011.01.19 13:08:54.545,1.33727,1.3376,1.13,2.03
2011.01.19 13:08:55.531,1.33723,1.33756,2.63,1.28
2011.01.19 13:08:55.758,1.33721,1.33756,1.13,2.93
2011.01.19 13:08:56.367,1.3372,1.33755,1.13,2.03
2011.01.19 13:08:56.603,1.33723,1.33757,2.40,2.78
2011.01.19 13:08:57.308,1.3372,1.33753,1.13,1.50
2011.01.19 13:08:58.531,1.33717,1.3375,4.28,1.50
2011.01.19 13:08:58.981,1.33721,1.3375,1.50,1.50
2011.01.19 13:08:59.556,1.33725,1.33756,2.40,2.25
2011.01.19 13:08:59.673,1.33721,1.33751,1.13,1.13
2011.01.19 13:09:00.483,1.33721,1.33751,1.13,1.50
2011.01.19 13:09:00.713,1.33716,1.33748,2.25,1.50
2011.01.19 13:09:01.354,1.33714,1.33745,3.00,1.13
2011.01.19 13:09:01.473,1.33715,1.33745,1.13,1.13
2011.01.19 13:09:02.028,1.33716,1.33745,1.13,1.13
2011.01.19 13:09:03.717,1.33717,1.33748,2.40,2.03
2011.01.19 13:09:04.224,1.33721,1.33753,2.63,1.28
2011.01.19 13:09:06.661,1.33719,1.33751,1.13,1.50
2011.01.19 13:09:07.337,1.3372,1.33751,1.13,1.50
2011.01.19 13:09:07.982,1.3372,1.33751,1.13,1.50
2011.01.19 13:09:08.210,1.33724,1.33754,1.13,2.03
2011.01.19 13:09:08.329,1.33725,1.33757,1.13,1.50
2011.01.19 13:09:08.811,1.33726,1.33757,1.13,1.50
2011.01.19 13:09:11.149,1.33724,1.33756,1.13,1.28
2011.01.19 13:09:12.175,1.33726,1.33757,1.13,1.50
2011.01.19 13:09:12.731,1.33723,1.33754,4.28,1.50
2011.01.19 13:09:13.188,1.33723,1.33754,2.63,1.88
2011.01.19 13:09:13.300,1.33721,1.3375,1.88,1.50
2011.01.19 13:09:13.946,1.33719,1.3375,2.40,1.50
2011.01.19 13:09:17.833,1.33719,1.33751,1.13,1.50
2011.01.19 13:09:18.169,1.33725,1.33755,2.03,1.50
2011.01.19 13:09:18.280,1.33727,1.33758,1.13,1.50
2011.01.19 13:09:19.359,1.33728,1.33758,1.88,1.50
2011.01.19 13:09:19.580,1.33732,1.33763,1.13,1.50
2011.01.19 13:09:20.580,1.3373,1.33759,1.13,1.50
2011.01.19 13:09:20.699,1.33727,1.33759,1.13,1.50
2011.01.19 13:09:21.198,1.33724,1.33759,1.13,1.13
2011.01.19 13:09:21.311,1.33724,1.33758,1.13,1.50
2011.01.19 13:09:21.651,1.3372,1.33753,2.25,2.40
2011.01.19 13:09:22.205,1.33719,1.33746,1.88,1.50
2011.01.19 13:09:22.327,1.33715,1.33749,1.13,1.50
2011.01.19 13:09:22.444,1.33715,1.33749,1.13,1.50
2011.01.19 13:09:22.565,1.3372,1.33748,1.50,1.50
2011.01.19 13:09:22.940,1.33727,1.33753,1.65,1.50
2011.01.19 13:09:23.049,1.33727,1.33753,1.65,1.50
2011.01.19 13:09:23.747,1.33727,1.33753,1.65,1.50
2011.01.19 13:09:24.383,1.33726,1.33756,1.65,1.50
2011.01.19 13:09:24.829,1.33726,1.33759,2.78,1.50
2011.01.19 13:09:27.791,1.33732,1.33759,1.65,1.50
2011.01.19 13:09:27.910,1.33734,1.33766,2.40,1.13
2011.01.19 13:09:28.354,1.3374,1.33775,1.13,3.53
2011.01.19 13:09:30.610,1.33737,1.33769,1.13,1.50
2011.01.19 13:09:30.730,1.33735,1.33768,2.78,1.50
2011.01.19 13:09:31.265,1.33731,1.33764,1.13,2.25
2011.01.19 13:09:32.010,1.33731,1.33763,1.13,1.50
2011.01.19 13:09:37.388,1.33727,1.3376,1.13,2.03
2011.01.19 13:09:37.786,1.33727,1.3376,1.13,3.53
2011.01.19 13:09:39.462,1.33731,1.3376,1.13,2.78
2011.01.19 13:09:40.899,1.33733,1.33762,1.13,1.50
2011.01.19 13:09:41.345,1.33731,1.33764,2.40,2.03
2011.01.19 13:09:41.461,1.33729,1.33761,2.63,1.28
2011.01.19 13:09:41.578,1.33729,1.33758,2.63,1.50
2011.01.19 13:09:41.691,1.33729,1.33758,2.63,2.44
2011.01.19 13:09:42.492,1.33723,1.3375,1.88,1.28
2011.01.19 13:09:42.611,1.33723,1.33757,1.13,1.88
2011.01.19 13:09:43.176,1.33721,1.33753,2.40,1.28
2011.01.19 13:09:43.401,1.33721,1.3375,2.40,1.50
2011.01.19 13:09:43.630,1.33722,1.33754,1.13,1.50
2011.01.19 13:09:43.950,1.33727,1.33757,1.13,2.03
2011.01.19 13:09:44.179,1.3373,1.33762,1.13,1.50
2011.01.19 13:09:44.298,1.33731,1.33764,1.13,2.78
2011.01.19 13:09:45.396,1.33732,1.33762,1.13,1.28
2011.01.19 13:09:46.922,1.33731,1.33763,1.13,4.28
2011.01.19 13:09:48.460,1.33731,1.33763,1.13,1.28
2011.01.19 13:09:48.589,1.33735,1.33765,1.13,1.50
2011.01.19 13:09:49.433,1.33734,1.33764,1.13,1.50
2011.01.19 13:09:49.549,1.33734,1.33766,1.13,2.78
2011.01.19 13:09:50.186,1.33734,1.33766,1.13,3.53
2011.01.19 13:09:50.298,1.33734,1.33766,1.13,4.43
2011.01.19 13:09:50.408,1.33732,1.33763,1.13,2.03
2011.01.19 13:09:50.871,1.33732,1.33763,1.13,2.03
2011.01.19 13:09:50.992,1.33735,1.33767,1.13,1.28
2011.01.19 13:09:51.202,1.33735,1.33767,1.13,1.28
2011.01.19 13:09:52.710,1.33739,1.33768,1.13,2.03
2011.01.19 13:09:55.349,1.33735,1.33767,1.13,1.28
2011.01.19 13:09:58.549,1.33748,1.33769,1.65,1.50
2011.01.19 13:09:58.780,1.33745,1.33772,1.65,1.13
2011.01.19 13:09:59.009,1.33736,1.33771,1.13,1.50
2011.01.19 13:09:59.336,1.33735,1.33767,2.40,1.50
2011.01.19 13:10:00.349,1.33736,1.33767,1.50,1.50
2011.01.19 13:10:00.759,1.33739,1.33772,1.13,1.50
2011.01.19 13:10:00.874,1.33738,1.33772,1.13,1.50
2011.01.19 13:10:01.587,1.33744,1.33775,1.13,1.50
2011.01.19 13:10:01.697,1.33742,1.33775,2.78,1.50
2011.01.19 13:10:01.964,1.33742,1.33775,2.40,2.25
2011.01.19 13:10:02.579,1.33744,1.33775,1.13,3.00
2011.01.19 13:10:02.699,1.33747,1.33776,2.40,1.50
2011.01.19 13:10:03.328,1.33751,1.33777,1.13,1.50
2011.01.19 13:10:03.438,1.33747,1.33778,1.13,3.00
2011.01.19 13:10:03.772,1.3375,1.33772,1.50,1.65
2011.01.19 13:10:04.295,1.33753,1.3377,1.50,1.65
2011.01.19 13:10:04.416,1.33753,1.33775,2.63,1.65
2011.01.19 13:10:04.530,1.33753,1.33773,2.63,1.65
2011.01.19 13:10:04.868,1.33755,1.33773,1.88,1.65
2011.01.19 13:10:04.979,1.33752,1.33773,1.13,1.65
2011.01.19 13:10:05.833,1.33755,1.33773,1.13,1.65
2011.01.19 13:10:06.512,1.33757,1.33773,1.13,1.65
2011.01.19 13:10:06.633,1.33753,1.33775,1.13,1.65
2011.01.19 13:10:06.752,1.33753,1.33785,1.13,2.25
2011.01.19 13:10:08.145,1.33756,1.33783,1.88,1.50
2011.01.19 13:10:09.613,1.33756,1.33785,2.63,2.25
2011.01.19 13:10:09.737,1.33756,1.33787,2.63,1.50
2011.01.19 13:10:10.982,1.33759,1.33786,1.65,1.28
2011.01.19 13:10:11.100,1.33761,1.33787,1.65,1.50
2011.01.19 13:10:12.320,1.33764,1.33793,1.13,1.50
2011.01.19 13:10:12.970,1.33764,1.33795,1.13,2.25
2011.01.19 13:10:13.548,1.33767,1.33797,1.65,2.03
2011.01.19 13:10:14.088,1.33764,1.33797,2.78,2.03
2011.01.19 13:10:15.078,1.33767,1.33797,1.65,2.03
2011.01.19 13:10:15.737,1.33764,1.33797,1.13,2.03
2011.01.19 13:10:16.394,1.33767,1.33797,1.65,2.03
2011.01.19 13:10:17.022,1.33762,1.33797,1.13,2.03
2011.01.19 13:10:23.887,1.33761,1.33794,2.40,1.50
2011.01.19 13:10:23.996,1.33761,1.33793,2.40,1.50
2011.01.19 13:10:25.701,1.33761,1.33792,2.63,1.13
2011.01.19 13:10:25.818,1.33757,1.33789,2.40,1.50
2011.01.19 13:10:26.560,1.33755,1.33785,2.63,1.50
2011.01.19 13:10:26.791,1.33751,1.33783,4.28,1.50
2011.01.19 13:10:28.038,1.33751,1.33781,2.40,2.03
2011.01.19 13:10:28.713,1.33748,1.33778,2.63,1.50
2011.01.19 13:10:31.349,1.33752,1.33778,1.65,1.50
2011.01.19 13:10:31.699,1.33748,1.33781,1.65,1.50
2011.01.19 13:10:31.919,1.33753,1.33781,1.13,1.50
2011.01.19 13:10:32.028,1.33754,1.33783,1.13,1.50
2011.01.19 13:10:32.139,1.33753,1.33785,1.13,1.50
2011.01.19 13:10:32.256,1.33764,1.3379,1.13,1.50
2011.01.19 13:10:32.601,1.33764,1.3379,1.50,1.50
2011.01.19 13:10:32.729,1.33763,1.33796,4.28,2.97
2011.01.19 13:10:32.950,1.33763,1.33793,2.78,3.90
2011.01.19 13:10:33.358,1.33764,1.33793,1.13,2.25
2011.01.19 13:10:33.689,1.33764,1.33792,1.13,2.18
2011.01.19 13:10:34.682,1.33766,1.33796,1.13,1.50
2011.01.19 13:10:35.019,1.33766,1.33797,1.13,1.28
2011.01.19 13:10:35.241,1.33769,1.33796,1.65,2.25
2011.01.19 13:10:35.725,1.33778,1.33798,2.40,1.50
2011.01.19 13:10:35.846,1.33759,1.33787,1.50,1.50
2011.01.19 13:10:36.436,1.33765,1.33792,1.65,1.50
2011.01.19 13:10:36.554,1.33765,1.33792,1.65,1.50
2011.01.19 13:10:37.001,1.33765,1.33793,2.78,1.50
2011.01.19 13:10:37.547,1.33779,1.33807,1.50,1.50
2011.01.19 13:10:37.663,1.33777,1.33806,1.13,1.28
2011.01.19 13:10:38.190,1.33775,1.33807,2.78,1.50
2011.01.19 13:10:38.306,1.33778,1.33807,1.13,1.50
2011.01.19 13:10:38.952,1.33781,1.33812,1.13,1.50
2011.01.19 13:10:39.076,1.3378,1.33815,1.88,1.50
2011.01.19 13:10:39.627,1.33784,1.33813,1.13,1.13
2011.01.19 13:10:40.025,1.33783,1.33811,1.13,1.50
2011.01.19 13:10:40.789,1.33783,1.33811,1.50,1.50
2011.01.19 13:10:41.144,1.33792,1.33819,1.13,3.15
2011.01.19 13:10:41.267,1.33796,1.33819,1.13,1.65
2011.01.19 13:10:41.381,1.33796,1.33819,1.50,1.65
2011.01.19 13:10:41.930,1.33803,1.33831,1.50,1.50
2011.01.19 13:10:42.054,1.33802,1.33829,1.50,1.50
2011.01.19 13:10:43.104,1.33802,1.33829,1.13,2.25
2011.01.19 13:10:43.329,1.33801,1.33827,1.13,1.65
2011.01.19 13:10:43.878,1.33799,1.3383,1.13,4.43
2011.01.19 13:10:45.099,1.33795,1.33829,1.50,1.50
2011.01.19 13:10:45.317,1.33795,1.33829,1.50,1.50
2011.01.19 13:10:45.757,1.33795,1.33826,1.50,1.50
2011.01.19 13:10:47.217,1.33791,1.33821,1.13,1.47
2011.01.19 13:10:47.333,1.33792,1.33822,1.13,2.03
2011.01.19 13:10:47.560,1.33793,1.33818,1.13,1.50
2011.01.19 13:10:47.913,1.33794,1.33818,1.50,1.50
2011.01.19 13:10:48.034,1.33798,1.33824,1.13,3.15
2011.01.19 13:10:48.587,1.33798,1.33823,1.13,1.50
2011.01.19 13:10:48.807,1.33798,1.33825,1.13,2.25
2011.01.19 13:10:49.226,1.33805,1.33829,1.65,1.50
2011.01.19 13:10:49.563,1.33818,1.3384,1.13,1.88
2011.01.19 13:10:49.791,1.33818,1.33849,1.50,1.28
2011.01.19 13:10:50.151,1.33818,1.3384,1.50,1.50
2011.01.19 13:10:50.275,1.33809,1.33838,1.13,1.50
2011.01.19 13:10:50.391,1.33808,1.33838,1.50,3.00
2011.01.19 13:10:50.961,1.33808,1.33838,1.50,3.00
2011.01.19 13:10:51.674,1.33805,1.33838,1.13,2.25
2011.01.19 13:10:51.798,1.33804,1.33831,1.13,2.78
2011.01.19 13:10:52.253,1.33804,1.33837,1.13,1.50
2011.01.19 13:10:52.376,1.33803,1.33838,2.78,1.50
2011.01.19 13:10:52.490,1.33804,1.33838,1.13,1.50
2011.01.19 13:10:53.353,1.33808,1.33835,1.13,1.28
2011.01.19 13:10:53.907,1.33807,1.33839,2.63,2.93
2011.01.19 13:10:54.352,1.33809,1.33839,1.13,2.40
2011.01.19 13:10:54.477,1.3381,1.33845,1.13,1.88
2011.01.19 13:10:54.594,1.33809,1.33843,2.63,1.13
2011.01.19 13:10:54.709,1.33809,1.33842,2.63,1.13
2011.01.19 13:10:55.347,1.33809,1.33839,1.13,1.50
2011.01.19 13:10:55.788,1.33813,1.33839,3.15,1.50
2011.01.19 13:10:56.008,1.33813,1.33843,1.65,1.50
2011.01.19 13:10:56.119,1.33816,1.33846,1.50,1.50
2011.01.19 13:10:56.575,1.3381,1.33843,2.63,2.78
2011.01.19 13:10:56.802,1.33815,1.33846,1.13,1.50
2011.01.19 13:10:56.920,1.33816,1.33848,1.13,1.28
2011.01.19 13:10:57.374,1.3383,1.33854,1.28,1.65
2011.01.19 13:10:57.494,1.3383,1.33859,1.28,1.50
2011.01.19 13:10:57.719,1.33825,1.33855,1.88,1.50
2011.01.19 13:10:57.948,1.33822,1.33854,1.28,1.50
2011.01.19 13:10:58.444,1.33818,1.33852,2.63,1.50
2011.01.19 13:10:58.567,1.33821,1.33854,2.40,2.40
2011.01.19 13:10:59.228,1.33819,1.33852,1.13,1.28
2011.01.19 13:10:59.998,1.33818,1.33848,1.13,1.28
2011.01.19 13:11:02.345,1.33816,1.3385,1.13,1.50
2011.01.19 13:11:02.682,1.33819,1.3385,1.13,1.50
2011.01.19 13:11:02.908,1.33823,1.33855,1.13,2.03
2011.01.19 13:11:03.330,1.33823,1.33854,1.13,1.50
2011.01.19 13:11:03.454,1.33818,1.33848,2.25,1.50
2011.01.19 13:11:04.010,1.3382,1.33848,1.50,1.50
2011.01.19 13:11:04.444,1.33822,1.33848,1.50,1.50
2011.01.19 13:11:04.565,1.3382,1.33848,1.50,1.88
2011.01.19 13:11:04.790,1.3382,1.33846,1.50,2.63
2011.01.19 13:11:05.245,1.3382,1.33845,1.50,1.88
2011.01.19 13:11:05.361,1.33811,1.33842,1.28,1.50
2011.01.19 13:11:05.812,1.33815,1.33842,1.65,1.50
2011.01.19 13:11:05.936,1.33809,1.33842,3.00,1.50
2011.01.19 13:11:06.051,1.33809,1.33841,3.00,1.50
2011.01.19 13:11:06.804,1.3381,1.33842,2.78,1.50
2011.01.19 13:11:06.920,1.3381,1.33842,2.03,1.50
2011.01.19 13:11:07.041,1.3381,1.33842,1.50,1.50
2011.01.19 13:11:07.379,1.33809,1.33842,2.25,1.88
2011.01.19 13:11:07.858,1.33812,1.33842,3.00,1.13
2011.01.19 13:11:08.077,1.33814,1.33846,3.90,1.88
2011.01.19 13:11:08.408,1.33811,1.33843,2.40,1.50
2011.01.19 13:11:08.517,1.33811,1.33843,2.40,1.50
2011.01.19 13:11:09.091,1.33807,1.33839,2.40,1.13
2011.01.19 13:11:09.202,1.33806,1.3384,2.78,1.50
2011.01.19 13:11:09.430,1.33804,1.3384,1.13,1.50
2011.01.19 13:11:09.879,1.33801,1.33835,2.40,1.28
2011.01.19 13:11:10.344,1.338,1.33834,2.63,1.50
2011.01.19 13:11:10.998,1.338,1.33832,2.25,1.50
2011.01.19 13:11:11.989,1.338,1.33831,1.13,1.28
2011.01.19 13:11:12.208,1.33797,1.33829,1.13,1.28
2011.01.19 13:11:12.808,1.3379,1.33819,1.50,1.50
2011.01.19 13:11:12.927,1.33789,1.33819,1.28,1.50
2011.01.19 13:11:13.630,1.33792,1.33823,1.65,1.13
2011.01.19 13:11:13.744,1.33789,1.33821,1.28,1.50
2011.01.19 13:11:15.240,1.33785,1.33821,1.13,2.63
2011.01.19 13:11:15.365,1.33784,1.33818,1.13,1.28
2011.01.19 13:11:15.720,1.33786,1.33816,2.40,1.50
2011.01.19 13:11:16.188,1.33789,1.3382,1.65,1.50
2011.01.19 13:11:16.595,1.33794,1.33824,3.83,2.25
2011.01.19 13:11:16.928,1.33801,1.33824,1.13,1.50
2011.01.19 13:11:17.040,1.33801,1.33834,1.13,1.50
2011.01.19 13:11:17.490,1.33804,1.33834,1.32,1.50
2011.01.19 13:11:18.012,1.33806,1.33837,1.50,1.50
2011.01.19 13:11:18.572,1.33804,1.33835,2.40,1.28
2011.01.19 13:11:19.003,1.33804,1.33834,2.40,1.28
2011.01.19 13:11:19.126,1.338,1.33832,1.13,1.50
2011.01.19 13:11:20.201,1.33803,1.33832,1.28,1.50
2011.01.19 13:11:20.540,1.33805,1.33836,1.13,1.50
2011.01.19 13:11:22.461,1.33807,1.33839,1.13,1.50
2011.01.19 13:11:22.782,1.33812,1.33839,1.50,1.50
2011.01.19 13:11:22.907,1.33814,1.33844,1.50,1.28
2011.01.19 13:11:23.352,1.33813,1.33845,1.13,1.50
2011.01.19 13:11:23.890,1.33817,1.33849,1.65,1.88
2011.01.19 13:11:24.010,1.3382,1.33853,1.13,1.50
2011.01.19 13:11:24.131,1.33819,1.33855,1.13,3.15
2011.01.19 13:11:24.250,1.33819,1.33852,1.13,1.50
2011.01.19 13:11:24.953,1.33816,1.33848,2.78,1.28
2011.01.19 13:11:25.298,1.33811,1.33843,1.13,1.50
2011.01.19 13:11:27.479,1.33796,1.33832,4.50,1.28
2011.01.19 13:11:28.042,1.338,1.33832,1.13,1.50
2011.01.19 13:11:28.164,1.338,1.33831,1.13,1.50
2011.01.19 13:11:30.240,1.33802,1.33835,1.13,1.50
2011.01.19 13:11:31.199,1.33804,1.33835,2.63,1.50
2011.01.19 13:11:31.664,1.33809,1.33839,1.13,1.28
2011.01.19 13:11:31.787,1.33813,1.33844,1.13,1.50
2011.01.19 13:11:32.537,1.33813,1.33843,1.13,1.50
2011.01.19 13:11:32.657,1.33806,1.33839,2.25,1.28
2011.01.19 13:11:32.769,1.33804,1.33839,2.63,1.28
2011.01.19 13:11:33.099,1.33807,1.33838,1.13,1.50
2011.01.19 13:11:33.689,1.33808,1.33842,1.13,2.03
2011.01.19 13:11:34.737,1.33806,1.33839,1.13,1.28
2011.01.19 13:11:35.271,1.33811,1.33839,1.13,2.03
2011.01.19 13:11:35.778,1.33809,1.3384,1.13,1.28
2011.01.19 13:11:36.108,1.33804,1.33831,2.25,1.13
2011.01.19 13:11:36.684,1.33801,1.33834,1.13,1.13
2011.01.19 13:11:37.557,1.33803,1.33834,1.13,1.50
2011.01.19 13:11:38.200,1.33804,1.33834,1.13,1.50
2011.01.19 13:11:38.304,1.33803,1.33835,1.13,1.13
2011.01.19 13:11:38.416,1.33803,1.33835,1.13,1.13
2011.01.19 13:11:39.626,1.33802,1.33834,2.25,1.50
2011.01.19 13:11:39.747,1.33797,1.33826,1.50,2.78
2011.01.19 13:11:39.859,1.33794,1.33826,2.63,2.78
2011.01.19 13:11:40.613,1.33794,1.33823,2.25,1.50
2011.01.19 13:11:40.739,1.33789,1.33817,1.65,1.50
2011.01.19 13:11:41.418,1.33787,1.33817,2.25,2.25
2011.01.19 13:11:41.898,1.33787,1.33816,2.25,1.50
2011.01.19 13:11:42.424,1.33782,1.33811,2.25,1.28
2011.01.19 13:11:42.660,1.33785,1.33817,1.13,1.50
2011.01.19 13:11:44.221,1.33785,1.33818,1.13,1.28
2011.01.19 13:11:44.338,1.33787,1.33819,1.13,1.28
2011.01.19 13:11:45.322,1.33787,1.33819,1.13,2.03
2011.01.19 13:11:45.748,1.33785,1.33816,2.25,2.03
2011.01.19 13:11:47.208,1.33784,1.33815,1.13,1.50
2011.01.19 13:11:47.430,1.33784,1.33816,1.13,2.03
2011.01.19 13:11:49.373,1.33785,1.33819,2.63,2.03
2011.01.19 13:11:49.492,1.33789,1.33817,1.13,1.28
2011.01.19 13:11:49.939,1.33783,1.33818,1.13,1.13
2011.01.19 13:11:50.053,1.33783,1.33814,1.13,2.40
2011.01.19 13:11:50.169,1.33775,1.33808,4.50,1.50
2011.01.19 13:11:50.894,1.33773,1.33806,2.40,1.13
2011.01.19 13:11:51.010,1.33773,1.33801,1.65,1.50
2011.01.19 13:11:51.745,1.33773,1.33801,2.40,1.50
2011.01.19 13:11:52.287,1.33783,1.33813,1.13,4.50
2011.01.19 13:11:52.408,1.33775,1.33806,2.40,3.53
2011.01.19 13:11:52.921,1.33768,1.338,1.13,2.03
2011.01.19 13:11:53.040,1.33771,1.338,1.13,1.50
2011.01.19 13:11:53.272,1.33779,1.33808,1.65,2.25
2011.01.19 13:11:53.633,1.33779,1.33813,1.28,2.40
2011.01.19 13:11:53.757,1.33778,1.33813,2.25,2.40
2011.01.19 13:11:53.870,1.33773,1.33807,2.63,1.50
2011.01.19 13:11:55.780,1.3378,1.33813,1.28,1.50
2011.01.19 13:11:56.009,1.33774,1.33811,1.28,1.28
2011.01.19 13:11:56.650,1.33774,1.33811,1.28,1.28
2011.01.19 13:11:57.158,1.33776,1.33808,1.13,1.50
2011.01.19 13:11:57.487,1.33773,1.33806,2.78,1.13
2011.01.19 13:11:58.014,1.33771,1.33803,1.28,1.50
2011.01.19 13:11:58.131,1.33765,1.33795,2.40,1.50
2011.01.19 13:11:58.252,1.33762,1.33795,3.00,1.50
2011.01.19 13:11:59.893,1.33753,1.33783,4.28,1.28
2011.01.19 13:12:00.121,1.33753,1.33785,3.00,1.50
2011.01.19 13:12:00.242,1.33758,1.33787,1.13,1.28
2011.01.19 13:12:00.591,1.33758,1.33789,1.13,1.28
2011.01.19 13:12:00.718,1.33758,1.33791,1.13,1.50
2011.01.19 13:12:00.939,1.33761,1.33791,1.13,1.50
2011.01.19 13:12:01.379,1.33763,1.33791,1.13,1.50
2011.01.19 13:12:01.847,1.33761,1.33797,1.13,1.65
2011.01.19 13:12:01.957,1.33761,1.33797,1.13,1.65
2011.01.19 13:12:02.181,1.33763,1.33794,1.13,1.50
2011.01.19 13:12:02.834,1.33766,1.33798,1.13,1.28
2011.01.19 13:12:03.568,1.33768,1.338,1.13,1.50
2011.01.19 13:12:04.194,1.33768,1.33798,1.13,1.28
2011.01.19 13:12:06.068,1.33769,1.338,1.13,3.15
2011.01.19 13:12:06.408,1.33765,1.33797,2.63,1.50
2011.01.19 13:12:07.548,1.33767,1.33801,1.50,1.13
2011.01.19 13:12:07.669,1.33762,1.33795,2.25,1.13
2011.01.19 13:12:08.105,1.33761,1.33792,1.13,1.50
2011.01.19 13:12:08.228,1.33766,1.338,1.28,1.50
2011.01.19 13:12:09.090,1.33767,1.33802,2.25,1.50
2011.01.19 13:12:10.277,1.33767,1.33802,2.25,1.50
2011.01.19 13:12:10.387,1.33767,1.338,2.25,1.50
2011.01.19 13:12:13.757,1.33765,1.33799,1.28,1.13
2011.01.19 13:12:13.871,1.33766,1.33797,1.50,1.50
2011.01.19 13:12:13.990,1.33772,1.33803,1.50,1.50
2011.01.19 13:12:14.427,1.33777,1.33807,1.65,4.28
2011.01.19 13:12:14.547,1.33778,1.33811,3.53,1.50
2011.01.19 13:12:15.138,1.3378,1.33811,2.40,1.50
2011.01.19 13:12:16.169,1.33783,1.33811,2.18,1.50
2011.01.19 13:12:16.677,1.33779,1.33811,2.40,1.50
2011.01.19 13:12:17.728,1.33782,1.33811,2.03,1.50
2011.01.19 13:12:18.195,1.33775,1.33808,1.13,1.50
2011.01.19 13:12:19.742,1.33777,1.33808,2.93,1.50
2011.01.19 13:12:20.285,1.33773,1.33808,1.13,1.50
2011.01.19 13:12:20.730,1.33777,1.33808,1.65,1.50
2011.01.19 13:12:20.961,1.33779,1.33812,1.28,1.13
2011.01.19 13:12:21.391,1.33781,1.33815,1.13,1.50
2011.01.19 13:12:21.512,1.33778,1.33812,2.93,1.13
2011.01.19 13:12:21.629,1.33779,1.33809,1.28,1.13
2011.01.19 13:12:21.847,1.33779,1.33809,1.28,1.88
2011.01.19 13:12:25.477,1.33775,1.33799,1.13,1.50
2011.01.19 13:12:25.591,1.3378,1.3381,2.03,1.50
2011.01.19 13:12:25.708,1.33779,1.3381,1.13,1.50
2011.01.19 13:12:26.132,1.33782,1.33815,1.13,2.63
2011.01.19 13:12:26.926,1.33779,1.3381,1.28,1.13
2011.01.19 13:12:27.152,1.33774,1.3381,2.78,1.13
2011.01.19 13:12:27.676,1.33776,1.33808,1.69,1.50
2011.01.19 13:12:28.309,1.33791,1.33819,2.40,1.50
2011.01.19 13:12:28.426,1.33791,1.33824,1.13,1.50
2011.01.19 13:12:28.539,1.33793,1.33824,1.65,1.50
2011.01.19 13:12:29.076,1.33786,1.33815,2.25,1.50
2011.01.19 13:12:29.688,1.33788,1.33815,1.50,1.50
2011.01.19 13:12:29.798,1.33788,1.33819,3.00,1.13
2011.01.19 13:12:30.267,1.338,1.3383,1.13,1.88
2011.01.19 13:12:30.710,1.33799,1.33833,1.13,1.50
2011.01.19 13:12:31.976,1.33806,1.33833,4.50,1.50
2011.01.19 13:12:32.099,1.33814,1.33841,1.65,1.50
2011.01.19 13:12:32.322,1.33811,1.33843,2.78,1.50
2011.01.19 13:12:32.841,1.33813,1.33843,1.50,1.50
2011.01.19 13:12:32.967,1.33812,1.33843,2.25,1.50
2011.01.19 13:12:33.939,1.3381,1.33843,2.25,1.50
2011.01.19 13:12:34.489,1.33813,1.33843,1.50,1.50
2011.01.19 13:12:35.132,1.33815,1.33847,1.50,1.50
2011.01.19 13:12:36.756,1.33818,1.33847,2.78,1.50
2011.01.19 13:12:37.307,1.33818,1.33847,1.28,1.50
2011.01.19 13:12:37.936,1.3382,1.33852,1.13,2.25
2011.01.19 13:12:38.280,1.33816,1.33842,3.15,1.50
2011.01.19 13:12:38.803,1.33816,1.33843,1.65,1.50
2011.01.19 13:12:38.923,1.33812,1.33842,2.25,1.50
2011.01.19 13:12:40.984,1.3381,1.33841,2.25,2.03
2011.01.19 13:12:41.536,1.3381,1.33838,1.50,2.03
2011.01.19 13:12:41.658,1.33811,1.33841,1.13,1.50
2011.01.19 13:12:41.882,1.33811,1.3384,1.13,1.28
2011.01.19 13:12:42.436,1.3381,1.3384,2.25,1.28
2011.01.19 13:12:43.412,1.33807,1.33836,1.50,1.50
2011.01.19 13:12:43.528,1.33803,1.33836,1.50,3.15
2011.01.19 13:12:43.809,1.33805,1.33836,1.50,2.78
2011.01.19 13:12:44.658,1.33801,1.33831,2.44,1.28
2011.01.19 13:12:44.992,1.33808,1.33839,2.78,2.63
2011.01.19 13:12:45.365,1.33815,1.33839,1.50,2.63
2011.01.19 13:12:45.485,1.33815,1.33847,2.78,1.50
2011.01.19 13:12:49.197,1.33816,1.33845,1.28,1.13
2011.01.19 13:12:49.309,1.33815,1.33842,1.65,1.13
2011.01.19 13:12:49.890,1.33813,1.33843,2.18,1.50
2011.01.19 13:12:50.120,1.33818,1.33841,1.65,1.50
2011.01.19 13:12:50.347,1.33813,1.33841,1.65,1.50
2011.01.19 13:12:50.915,1.33814,1.33841,1.50,1.50
2011.01.19 13:12:51.036,1.33816,1.33843,2.40,1.88
2011.01.19 13:12:51.804,1.33819,1.33849,3.90,1.50
2011.01.19 13:12:52.359,1.3382,1.33849,1.50,1.50
2011.01.19 13:12:52.695,1.33823,1.33852,1.65,1.88
2011.01.19 13:12:53.300,1.33818,1.33849,3.90,1.88
2011.01.19 13:12:55.243,1.33818,1.33852,2.40,1.88
2011.01.19 13:12:55.594,1.33812,1.33843,1.88,1.50
2011.01.19 13:12:56.124,1.33821,1.33856,2.03,3.00
2011.01.19 13:12:56.242,1.33821,1.33856,2.03,2.25
2011.01.19 13:12:56.359,1.33821,1.33856,1.28,2.25
2011.01.19 13:12:56.794,1.33825,1.33853,1.65,1.50
2011.01.19 13:12:57.592,1.33823,1.33853,2.40,1.50
2011.01.19 13:12:58.152,1.33815,1.33843,3.53,1.50
2011.01.19 13:12:58.585,1.33809,1.33839,2.25,1.50
2011.01.19 13:12:58.812,1.33807,1.33839,1.50,1.50
2011.01.19 13:12:59.244,1.33811,1.33839,1.50,1.50
2011.01.19 13:12:59.467,1.33805,1.33836,1.50,1.50
2011.01.19 13:13:03.358,1.33806,1.33836,1.65,1.50
2011.01.19 13:13:03.675,1.33808,1.33836,1.50,1.50
2011.01.19 13:13:03.796,1.33806,1.33835,1.50,1.13
2011.01.19 13:13:03.909,1.33806,1.33831,1.50,1.50
2011.01.19 13:13:04.310,1.33806,1.33831,2.25,1.50
2011.01.19 13:13:04.866,1.33823,1.33851,2.40,2.63
2011.01.19 13:13:05.541,1.33823,1.33851,1.65,1.13
2011.01.19 13:13:05.657,1.33817,1.33848,2.40,1.13
2011.01.19 13:13:05.879,1.33817,1.33845,2.40,1.50
2011.01.19 13:13:06.607,1.33819,1.33849,1.13,1.50
2011.01.19 13:13:06.647,1.33817,1.33849,2.40,1.88
2011.01.19 13:13:06.761,1.33817,1.33846,2.40,1.50
2011.01.19 13:13:07.680,1.33818,1.33846,1.65,1.50
2011.01.19 13:13:09.138,1.33814,1.33846,2.25,1.88
2011.01.19 13:13:09.254,1.33811,1.33842,2.78,1.50
2011.01.19 13:13:09.479,1.33815,1.33842,2.40,1.50
2011.01.19 13:13:09.883,1.33826,1.33855,1.13,1.50
2011.01.19 13:13:10.007,1.33836,1.33858,1.65,1.88
2011.01.19 13:13:10.233,1.33836,1.33864,1.65,1.50
2011.01.19 13:13:10.978,1.33832,1.33864,2.25,1.50
2011.01.19 13:13:11.639,1.33833,1.33864,1.13,1.50
2011.01.19 13:13:11.860,1.33834,1.33865,1.13,1.28
2011.01.19 13:13:12.364,1.33834,1.33865,1.13,1.28
2011.01.19 13:13:13.682,1.33836,1.33868,1.13,1.50
2011.01.19 13:13:15.219,1.33844,1.33868,1.28,1.50
2011.01.19 13:13:15.438,1.33845,1.33876,1.28,1.50
2011.01.19 13:13:15.549,1.33848,1.33876,1.65,1.50
2011.01.19 13:13:21.761,1.33852,1.33882,1.13,1.50
2011.01.19 13:13:21.992,1.33852,1.33887,1.13,1.50
2011.01.19 13:13:22.747,1.33849,1.33884,1.28,1.50
2011.01.19 13:13:24.643,1.33842,1.33873,2.40,1.50
2011.01.19 13:13:24.968,1.33843,1.33878,2.25,1.50
2011.01.19 13:13:25.606,1.33842,1.33878,4.65,1.50
2011.01.19 13:13:25.724,1.3385,1.33882,1.13,1.50
2011.01.19 13:13:26.059,1.33851,1.33882,1.13,2.03
2011.01.19 13:13:29.098,1.33849,1.33882,1.13,2.03
2011.01.19 13:13:30.529,1.33849,1.33877,1.13,1.69
2011.01.19 13:13:30.641,1.33845,1.33875,1.13,1.28
2011.01.19 13:13:31.087,1.33849,1.33881,1.13,1.28
2011.01.19 13:13:31.199,1.3385,1.33881,1.13,1.28
2011.01.19 13:13:32.138,1.33849,1.33878,1.13,1.50
2011.01.19 13:13:32.358,1.33846,1.3388,1.13,1.28
2011.01.19 13:13:32.468,1.33848,1.3388,1.13,1.28
2011.01.19 13:13:32.960,1.33851,1.3388,1.13,1.28
2011.01.19 13:13:33.550,1.33853,1.33886,1.13,1.50
2011.01.19 13:13:33.658,1.33853,1.33886,1.13,1.50
2011.01.19 13:13:34.629,1.33852,1.33888,1.13,2.78
2011.01.19 13:13:35.521,1.33856,1.33889,1.13,3.15
2011.01.19 13:13:35.637,1.33852,1.33888,1.88,2.25
2011.01.19 13:13:36.131,1.33853,1.33885,1.13,1.50
2011.01.19 13:13:38.072,1.33848,1.33883,1.13,1.13
2011.01.19 13:13:38.299,1.33848,1.33881,1.13,1.50
2011.01.19 13:13:40.013,1.33855,1.33884,1.13,1.50
2011.01.19 13:13:40.241,1.33854,1.33889,1.13,3.00
2011.01.19 13:13:40.359,1.33854,1.33889,1.13,3.00
2011.01.19 13:13:40.897,1.33863,1.33893,2.93,1.50
2011.01.19 13:13:41.011,1.33866,1.33895,1.28,1.50
2011.01.19 13:13:41.131,1.33865,1.33899,1.13,1.50
2011.01.19 13:13:41.358,1.33866,1.33898,1.13,3.15
2011.01.19 13:13:42.182,1.33865,1.33898,1.13,3.15
2011.01.19 13:13:42.754,1.33864,1.33896,1.13,1.50
2011.01.19 13:13:44.017,1.33859,1.33893,1.13,4.05
2011.01.19 13:13:44.242,1.33857,1.33889,1.13,1.50
2011.01.19 13:13:44.364,1.33863,1.33893,1.13,2.40
2011.01.19 13:13:44.701,1.33859,1.33894,1.13,1.50
2011.01.19 13:13:44.930,1.33857,1.33893,1.13,1.50
2011.01.19 13:13:45.051,1.33855,1.3389,1.13,1.13
2011.01.19 13:13:45.168,1.33855,1.3389,1.13,1.88
2011.01.19 13:13:45.708,1.33855,1.33887,1.13,1.50
2011.01.19 13:13:46.240,1.33852,1.33884,1.28,1.65
2011.01.19 13:13:46.350,1.3385,1.33883,1.13,1.50
2011.01.19 13:13:49.522,1.33854,1.33885,2.25,1.50
2011.01.19 13:13:50.206,1.33847,1.33877,3.00,1.50
2011.01.19 13:13:50.545,1.33852,1.33885,2.40,1.50
2011.01.19 13:13:50.995,1.33855,1.33892,2.40,1.50
2011.01.19 13:13:52.929,1.3386,1.33893,1.28,2.40
2011.01.19 13:13:53.044,1.33861,1.33895,2.40,1.50
2011.01.19 13:13:53.898,1.33866,1.33898,1.13,1.50
2011.01.19 13:13:54.014,1.33867,1.339,1.13,1.28
2011.01.19 13:13:54.873,1.33863,1.33897,2.25,1.50
2011.01.19 13:13:58.277,1.33868,1.33897,1.13,1.50
2011.01.19 13:13:58.502,1.33871,1.33902,1.13,1.50
2011.01.19 13:13:58.622,1.33872,1.33902,1.65,1.50
2011.01.19 13:13:58.738,1.33872,1.33904,2.59,1.50
2011.01.19 13:13:59.271,1.33875,1.33908,1.88,1.50
2011.01.19 13:13:59.610,1.33873,1.33904,1.13,1.50
2011.01.19 13:13:59.732,1.33875,1.33908,1.88,1.50
2011.01.19 13:14:00.762,1.33875,1.33908,1.88,1.50
2011.01.19 13:14:01.563,1.33875,1.33908,1.88,1.50
2011.01.19 13:14:03.838,1.33879,1.33908,1.28,1.50
2011.01.19 13:14:04.059,1.33883,1.33912,1.28,1.50
2011.01.19 13:14:05.368,1.33878,1.33911,1.13,1.88
2011.01.19 13:14:05.885,1.33877,1.33907,1.13,1.13
2011.01.19 13:14:06.300,1.33877,1.33906,1.13,1.50
2011.01.19 13:14:06.848,1.33877,1.33906,1.13,1.13
2011.01.19 13:14:07.948,1.3388,1.33906,1.13,1.50
2011.01.19 13:14:08.062,1.33883,1.33906,1.13,1.13
2011.01.19 13:14:10.417,1.33888,1.33911,1.13,1.50
2011.01.19 13:14:12.920,1.33888,1.33916,1.13,1.13
2011.01.19 13:14:13.442,1.33882,1.33908,1.50,1.13
2011.01.19 13:14:13.567,1.33877,1.33907,2.25,1.13
2011.01.19 13:14:13.683,1.33877,1.33907,3.90,1.13
2011.01.19 13:14:14.236,1.33872,1.33902,2.40,1.13
2011.01.19 13:14:14.980,1.33872,1.33903,2.40,1.13
2011.01.19 13:14:15.960,1.33872,1.33903,2.40,1.13
2011.01.19 13:14:16.758,1.33866,1.33901,2.40,1.50
2011.01.19 13:14:17.091,1.33865,1.33897,3.53,1.50
2011.01.19 13:14:20.793,1.33854,1.33885,1.47,1.50
2011.01.19 13:14:21.013,1.3386,1.33891,1.28,1.50
2011.01.19 13:14:21.359,1.33858,1.33891,2.25,1.88
2011.01.19 13:14:21.798,1.3386,1.33895,1.13,1.88
2011.01.19 13:14:21.907,1.3386,1.33895,1.13,1.88
2011.01.19 13:14:24.291,1.33865,1.33894,1.65,1.13
2011.01.19 13:14:24.410,1.33867,1.339,2.40,1.50
2011.01.19 13:14:28.587,1.3387,1.33898,1.50,1.28
2011.01.19 13:14:29.139,1.33869,1.339,1.13,1.50
2011.01.19 13:14:37.692,1.33865,1.33894,1.13,1.65
2011.01.19 13:14:37.931,1.33858,1.33892,1.13,1.50
2011.01.19 13:14:38.363,1.33855,1.33886,2.25,1.50
2011.01.19 13:14:40.083,1.33853,1.33883,1.65,1.50
2011.01.19 13:14:40.617,1.33854,1.33885,1.13,1.50
2011.01.19 13:14:41.832,1.33855,1.33887,3.15,1.50
2011.01.19 13:14:42.266,1.3386,1.33887,1.28,1.50
2011.01.19 13:14:42.819,1.3386,1.33887,2.93,1.50
2011.01.19 13:14:44.496,1.3386,1.33887,2.18,1.50
2011.01.19 13:14:44.719,1.33856,1.33887,2.25,1.50
2011.01.19 13:14:46.970,1.33856,1.33888,3.90,1.88
2011.01.19 13:14:47.490,1.33856,1.33888,2.40,1.50
2011.01.19 13:14:49.329,1.33858,1.33888,1.50,1.50
2011.01.19 13:14:49.709,1.33856,1.33888,3.90,1.50
2011.01.19 13:14:52.160,1.33858,1.33888,2.40,1.50
2011.01.19 13:14:52.391,1.33855,1.33888,3.00,1.50
2011.01.19 13:14:52.939,1.33857,1.33888,1.50,1.50
2011.01.19 13:14:53.160,1.3386,1.33888,1.50,1.50
2011.01.19 13:14:54.746,1.33858,1.33888,2.25,1.50
2011.01.19 13:14:55.189,1.33858,1.33884,1.50,1.50
2011.01.19 13:14:55.749,1.33856,1.33884,1.50,1.50
2011.01.19 13:14:55.865,1.33856,1.33884,2.25,1.50
2011.01.19 13:14:56.092,1.33861,1.33891,2.03,1.50
2011.01.19 13:14:56.913,1.33863,1.33891,1.50,1.50
2011.01.19 13:14:57.036,1.33863,1.33894,2.25,1.50
2011.01.19 13:14:58.229,1.33865,1.33894,1.50,1.50
2011.01.19 13:14:58.686,1.33872,1.33903,2.63,1.50
2011.01.19 13:15:00.414,1.33872,1.33902,2.63,1.28
2011.01.19 13:15:01.113,1.33872,1.33904,3.15,1.50
2011.01.19 13:15:01.471,1.33868,1.339,2.40,1.50
2011.01.19 13:15:02.004,1.33876,1.339,2.18,1.50
2011.01.19 13:15:02.670,1.33874,1.33899,1.50,1.50
2011.01.19 13:15:02.797,1.33874,1.33905,2.63,1.50
2011.01.19 13:15:02.913,1.33874,1.33905,1.13,2.63
2011.01.19 13:15:03.030,1.33874,1.33905,1.13,1.88
2011.01.19 13:15:03.250,1.33875,1.33909,1.13,3.38
2011.01.19 13:15:03.661,1.33873,1.33907,1.13,1.50
2011.01.19 13:15:04.109,1.33875,1.33904,2.40,1.13
2011.01.19 13:15:04.634,1.33874,1.33901,1.65,1.50
2011.01.19 13:15:05.089,1.33873,1.33905,2.40,1.50
2011.01.19 13:15:05.655,1.33873,1.33903,2.40,1.28
2011.01.19 13:15:05.992,1.33867,1.33897,2.25,1.50
2011.01.19 13:15:06.591,1.33863,1.33895,2.25,2.40
2011.01.19 13:15:06.712,1.33864,1.33895,1.47,1.88
2011.01.19 13:15:07.337,1.33868,1.33893,2.03,1.50
2011.01.19 13:15:07.459,1.33867,1.33891,1.65,2.03
2011.01.19 13:15:07.788,1.3386,1.3389,1.88,2.63
2011.01.19 13:15:07.898,1.33863,1.3389,1.50,2.63
2011.01.19 13:15:08.428,1.33862,1.3389,1.13,2.63
2011.01.19 13:15:09.695,1.33863,1.33893,2.63,1.28
2011.01.19 13:15:10.181,1.33866,1.33894,1.13,1.88
2011.01.19 13:15:10.724,1.33864,1.33892,1.50,1.28
2011.01.19 13:15:10.951,1.33866,1.33894,1.28,1.50
2011.01.19 13:15:11.402,1.33864,1.33889,1.50,1.50
2011.01.19 13:15:11.518,1.33859,1.33889,1.28,1.50
2011.01.19 13:15:12.268,1.3386,1.33889,3.68,1.50
2011.01.19 13:15:12.386,1.33864,1.33893,2.40,1.50
2011.01.19 13:15:13.057,1.33859,1.33891,1.50,1.28
2011.01.19 13:15:13.417,1.33859,1.33886,1.50,1.50
2011.01.19 13:15:13.750,1.33859,1.33884,1.50,1.47
2011.01.19 13:15:13.869,1.33856,1.33882,2.25,1.28
2011.01.19 13:15:14.372,1.33852,1.33884,1.28,1.50
2011.01.19 13:15:14.494,1.33851,1.3388,1.28,1.50
2011.01.19 13:15:15.045,1.33845,1.33879,2.63,1.13
2011.01.19 13:15:15.163,1.33845,1.33878,1.50,1.50
2011.01.19 13:15:15.719,1.33846,1.33879,1.13,1.50
2011.01.19 13:15:15.830,1.33846,1.33879,1.50,1.50
2011.01.19 13:15:16.368,1.33849,1.33881,2.03,1.50
2011.01.19 13:15:16.698,1.33851,1.33881,1.65,1.50
2011.01.19 13:15:18.551,1.33851,1.33881,2.03,1.50
2011.01.19 13:15:18.986,1.33853,1.33881,1.28,1.50
2011.01.19 13:15:19.438,1.33848,1.33879,2.25,1.13
2011.01.19 13:15:19.915,1.33843,1.33873,1.88,1.50
2011.01.19 13:15:20.359,1.33841,1.33873,1.50,1.50
2011.01.19 13:15:20.476,1.33844,1.33876,2.25,2.25
2011.01.19 13:15:20.921,1.33845,1.33873,2.25,1.47
2011.01.19 13:15:21.355,1.33841,1.33868,1.50,1.50
2011.01.19 13:15:21.909,1.33842,1.33876,2.25,1.50
2011.01.19 13:15:22.028,1.3384,1.33879,2.40,2.63
2011.01.19 13:15:22.359,1.3384,1.3388,2.40,1.50
2011.01.19 13:15:22.850,1.33844,1.33876,2.25,1.28
2011.01.19 13:15:23.185,1.33845,1.33878,2.25,1.50
2011.01.19 13:15:23.300,1.33847,1.33873,2.25,1.13
2011.01.19 13:15:23.625,1.33847,1.33873,1.50,1.13
2011.01.19 13:15:23.746,1.33847,1.33873,1.50,1.13
2011.01.19 13:15:23.861,1.3384,1.33872,3.90,1.50
2011.01.19 13:15:23.981,1.33842,1.33872,1.13,1.50
2011.01.19 13:15:24.528,1.33846,1.33876,3.15,1.50
2011.01.19 13:15:24.647,1.33846,1.33871,1.50,1.28
2011.01.19 13:15:24.868,1.33846,1.33874,1.50,1.50
2011.01.19 13:15:25.491,1.33845,1.33874,1.50,1.50
2011.01.19 13:15:25.616,1.33845,1.33877,2.25,1.50
2011.01.19 13:15:25.735,1.33846,1.33879,1.13,1.50
2011.01.19 13:15:25.850,1.33847,1.3388,1.13,1.50
2011.01.19 13:15:26.274,1.33847,1.3388,1.13,1.50
2011.01.19 13:15:26.830,1.33846,1.33877,1.13,1.50
2011.01.19 13:15:27.297,1.33846,1.3388,1.13,1.13
2011.01.19 13:15:27.931,1.33846,1.33876,1.50,1.50
2011.01.19 13:15:28.496,1.33846,1.33876,1.50,1.50
2011.01.19 13:15:28.829,1.33848,1.33869,1.50,1.88
2011.01.19 13:15:29.279,1.33846,1.33869,1.50,1.88
2011.01.19 13:15:29.393,1.33848,1.33869,1.50,1.88
2011.01.19 13:15:29.508,1.33846,1.33869,1.50,1.88
2011.01.19 13:15:30.153,1.3384,1.33849,3.15,1.50
2011.01.19 13:15:30.280,1.33831,1.33849,1.50,1.50
2011.01.19 13:15:30.405,1.33826,1.33849,1.50,1.50
2011.01.19 13:15:31.647,1.33826,1.33851,3.15,1.50
2011.01.19 13:15:31.761,1.33826,1.33853,1.50,1.50
2011.01.19 13:15:32.196,1.33821,1.33849,5.55,1.50
2011.01.19 13:15:32.312,1.33826,1.33854,1.50,1.13
2011.01.19 13:15:32.433,1.33828,1.33858,1.13,2.63
2011.01.19 13:15:32.908,1.33834,1.33864,1.50,2.25
2011.01.19 13:15:33.596,1.33834,1.33864,1.50,1.13
2011.01.19 13:15:34.149,1.33834,1.33859,1.50,1.13
2011.01.19 13:15:34.602,1.33834,1.33855,1.50,1.50
2011.01.19 13:15:34.946,1.33837,1.33865,1.65,2.63
2011.01.19 13:15:35.392,1.33841,1.33869,1.69,4.13
2011.01.19 13:15:35.519,1.33836,1.33869,1.13,2.25
2011.01.19 13:15:36.037,1.33834,1.33863,1.88,1.13
2011.01.19 13:15:36.156,1.33836,1.33864,1.50,1.50
2011.01.19 13:15:36.491,1.33836,1.33859,1.50,1.50
2011.01.19 13:15:37.010,1.33836,1.33861,1.50,1.50
2011.01.19 13:15:37.244,1.33839,1.33869,2.78,1.88
2011.01.19 13:15:37.362,1.33846,1.33869,1.50,1.88
2011.01.19 13:15:37.928,1.33844,1.33871,1.50,1.50
2011.01.19 13:15:38.580,1.33841,1.33868,1.50,1.50
2011.01.19 13:15:38.910,1.33843,1.33868,1.65,1.50
2011.01.19 13:15:39.851,1.33845,1.33873,1.65,1.50
2011.01.19 13:15:40.538,1.33844,1.33873,2.40,1.50
2011.01.19 13:15:41.035,1.33844,1.33873,1.50,1.50
2011.01.19 13:15:41.928,1.33846,1.33877,2.63,1.50
2011.01.19 13:15:42.691,1.3385,1.33877,1.50,1.50
2011.01.19 13:15:43.022,1.3385,1.33877,2.03,1.50
2011.01.19 13:15:43.370,1.33853,1.33882,1.28,1.50
2011.01.19 13:15:43.822,1.33853,1.33885,1.13,1.88
2011.01.19 13:15:44.361,1.33855,1.33885,2.03,1.50
2011.01.19 13:15:44.480,1.33855,1.33882,2.03,1.50
2011.01.19 13:15:45.123,1.33851,1.33879,1.50,1.50
2011.01.19 13:15:45.679,1.33849,1.33879,1.88,1.50
2011.01.19 13:15:46.348,1.33847,1.33876,2.25,1.13
2011.01.19 13:15:46.461,1.33843,1.33873,1.88,1.13
2011.01.19 13:15:46.580,1.33843,1.33876,2.03,1.50
2011.01.19 13:15:47.109,1.33847,1.33876,2.25,1.50
2011.01.19 13:15:47.438,1.33849,1.3388,1.50,1.50
2011.01.19 13:15:48.011,1.33852,1.3388,1.50,1.50
2011.01.19 13:15:48.655,1.33851,1.3388,1.50,1.88
2011.01.19 13:15:48.991,1.33845,1.33873,2.25,1.13
2011.01.19 13:15:49.728,1.33845,1.33871,1.50,1.13
2011.01.19 13:15:50.289,1.33841,1.33871,1.50,1.50
2011.01.19 13:15:50.813,1.33841,1.33871,2.25,1.50
2011.01.19 13:15:53.790,1.33838,1.33869,2.78,1.50
2011.01.19 13:15:54.552,1.33835,1.33869,1.13,3.15
2011.01.19 13:15:55.819,1.33835,1.33866,2.25,1.13
2011.01.19 13:15:55.935,1.33831,1.33863,2.63,1.50
2011.01.19 13:15:56.270,1.33831,1.33861,2.25,2.40
2011.01.19 13:15:56.690,1.33831,1.33858,1.50,1.69
2011.01.19 13:15:57.031,1.33827,1.33852,1.50,1.88
2011.01.19 13:15:57.918,1.33825,1.33856,1.50,1.50
2011.01.19 13:15:58.317,1.33828,1.33855,2.25,1.50
2011.01.19 13:15:59.519,1.33826,1.33852,2.25,1.65
2011.01.19 13:15:59.968,1.33815,1.33852,4.13,3.15
2011.01.19 13:16:00.081,1.33815,1.3385,2.25,1.50
2011.01.19 13:16:03.030,1.33819,1.3385,1.28,1.50
2011.01.19 13:16:03.485,1.33819,1.3385,1.50,1.50
2011.01.19 13:16:03.605,1.33825,1.33853,1.13,1.65
2011.01.19 13:16:03.828,1.33821,1.33854,2.63,1.13
2011.01.19 13:16:04.277,1.33821,1.33852,1.13,1.13
2011.01.19 13:16:05.186,1.33821,1.33849,1.13,1.50
2011.01.19 13:16:05.716,1.33816,1.33845,2.25,1.13
2011.01.19 13:16:05.840,1.33812,1.33845,1.88,1.13
2011.01.19 13:16:05.949,1.33812,1.33843,1.88,1.13
2011.01.19 13:16:07.209,1.33812,1.3384,1.13,1.50
2011.01.19 13:16:10.299,1.33812,1.3384,1.13,1.50
2011.01.19 13:16:10.410,1.33814,1.33846,1.13,1.50
2011.01.19 13:16:10.808,1.33815,1.33846,1.13,1.50
2011.01.19 13:16:10.835,1.33817,1.33847,1.13,1.50
2011.01.19 13:16:10.959,1.33824,1.3385,1.13,1.50
2011.01.19 13:16:11.593,1.33818,1.33846,1.13,1.88
2011.01.19 13:16:11.718,1.33813,1.33843,1.13,1.50
2011.01.19 13:16:11.834,1.33809,1.33834,2.25,1.50
2011.01.19 13:16:12.278,1.33809,1.33832,1.50,1.28
2011.01.19 13:16:12.408,1.33805,1.33832,2.03,1.50
2011.01.19 13:16:13.062,1.33801,1.33832,1.50,1.88
2011.01.19 13:16:13.283,1.33801,1.33832,1.50,1.50
2011.01.19 13:16:14.222,1.33808,1.33838,1.50,1.50
2011.01.19 13:16:14.978,1.33805,1.33837,1.50,1.50
2011.01.19 13:16:15.860,1.33803,1.33835,1.28,1.13
2011.01.19 13:16:15.972,1.33803,1.33833,1.28,1.13
2011.01.19 13:16:16.376,1.33802,1.33832,1.50,1.65
2011.01.19 13:16:16.497,1.33802,1.33832,1.50,1.88
2011.01.19 13:16:16.611,1.33798,1.33832,3.00,1.50
2011.01.19 13:16:16.731,1.33808,1.33832,1.50,1.50
2011.01.19 13:16:16.960,1.33811,1.33839,1.13,2.40
2011.01.19 13:16:17.461,1.33816,1.33843,1.13,1.50
2011.01.19 13:16:17.582,1.33814,1.33845,1.50,1.50
2011.01.19 13:16:17.699,1.33814,1.33846,1.50,1.50
2011.01.19 13:16:18.032,1.33815,1.3384,1.50,1.13
2011.01.19 13:16:18.458,1.3381,1.33838,1.28,1.50
2011.01.19 13:16:18.580,1.33812,1.33842,1.13,1.50
2011.01.19 13:16:18.910,1.33817,1.33843,1.65,1.50
2011.01.19 13:16:19.708,1.33817,1.33843,1.65,1.50
2011.01.19 13:16:20.377,1.33814,1.33843,2.03,1.50
2011.01.19 13:16:21.370,1.33818,1.33843,1.65,1.50
2011.01.19 13:16:21.712,1.33822,1.33854,1.50,1.50
2011.01.19 13:16:22.117,1.33822,1.33854,1.50,1.50
2011.01.19 13:16:23.510,1.33821,1.33851,2.25,1.65
2011.01.19 13:16:23.840,1.33816,1.3385,3.00,1.50
2011.01.19 13:16:24.681,1.33819,1.3385,1.13,1.50
2011.01.19 13:16:24.795,1.33822,1.33852,2.25,1.88
2011.01.19 13:16:25.349,1.33818,1.33852,2.25,1.50
2011.01.19 13:16:25.460,1.33815,1.3385,2.25,1.13
2011.01.19 13:16:25.571,1.33814,1.33848,1.13,1.13
2011.01.19 13:16:26.180,1.33813,1.33846,2.63,1.50
2011.01.19 13:16:27.489,1.33816,1.33846,1.50,1.50
2011.01.19 13:16:27.710,1.33824,1.3385,1.65,1.50
2011.01.19 13:16:29.844,1.33824,1.33851,1.65,1.50
2011.01.19 13:16:30.452,1.33824,1.33853,2.40,1.50
2011.01.19 13:16:34.699,1.33825,1.33853,1.65,1.50
2011.01.19 13:16:34.925,1.33823,1.33853,2.25,2.25
2011.01.19 13:16:35.381,1.33819,1.33843,1.65,1.13
2011.01.19 13:16:35.505,1.3381,1.33845,2.03,1.88
2011.01.19 13:16:35.623,1.33812,1.3384,1.28,1.50
2011.01.19 13:16:36.132,1.33813,1.3384,1.65,1.50
2011.01.19 13:16:36.485,1.33813,1.33843,2.93,1.50
2011.01.19 13:16:38.201,1.33818,1.33843,1.65,1.50
2011.01.19 13:16:39.332,1.33818,1.33848,1.65,1.50
2011.01.19 13:16:40.219,1.33818,1.33848,2.03,1.50
2011.01.19 13:16:40.941,1.3382,1.33847,1.50,1.50
2011.01.19 13:16:41.168,1.33824,1.3385,1.13,1.50
2011.01.19 13:16:41.638,1.3382,1.3385,1.28,1.50
2011.01.19 13:16:42.364,1.3382,1.3385,1.28,1.50
2011.01.19 13:16:43.478,1.33821,1.3385,2.03,1.50
2011.01.19 13:16:44.192,1.33823,1.3385,1.28,1.50
2011.01.19 13:16:45.070,1.33818,1.33851,4.43,1.88
2011.01.19 13:16:45.181,1.33818,1.33851,2.40,1.88
2011.01.19 13:16:45.302,1.33817,1.33848,2.40,1.50
2011.01.19 13:16:46.331,1.33815,1.33839,1.50,1.50
2011.01.19 13:16:46.930,1.33808,1.33839,2.25,1.50
2011.01.19 13:16:47.158,1.33811,1.33839,1.50,1.50
2011.01.19 13:16:48.017,1.33814,1.33845,1.13,1.50
2011.01.19 13:16:48.361,1.33815,1.33845,2.63,1.50
2011.01.19 13:16:48.878,1.33815,1.33845,2.63,1.50
2011.01.19 13:16:50.152,1.33833,1.33856,1.28,1.88
2011.01.19 13:16:50.481,1.33838,1.33861,1.13,1.88
2011.01.19 13:16:50.812,1.33837,1.33867,1.13,1.50
2011.01.19 13:16:51.315,1.3384,1.33867,1.65,1.50
2011.01.19 13:16:52.068,1.33836,1.33867,2.40,1.50
2011.01.19 13:16:53.053,1.33833,1.33867,1.65,1.50
2011.01.19 13:16:53.612,1.33833,1.33864,1.28,1.50
2011.01.19 13:16:54.258,1.33832,1.33858,1.65,1.50
2011.01.19 13:16:54.373,1.33824,1.33858,1.13,1.50
2011.01.19 13:16:54.489,1.33823,1.33857,2.25,1.50
2011.01.19 13:16:54.601,1.33823,1.33855,1.28,1.50
2011.01.19 13:16:54.833,1.33819,1.33854,2.25,1.88
2011.01.19 13:16:55.317,1.33822,1.33851,1.13,1.50
2011.01.19 13:16:55.647,1.33822,1.33851,1.88,1.50
2011.01.19 13:16:56.879,1.33818,1.33851,1.13,1.50
2011.01.19 13:16:58.402,1.33821,1.33856,2.63,1.50
2011.01.19 13:16:59.159,1.33822,1.33852,1.88,1.50
2011.01.19 13:16:59.498,1.3383,1.3386,2.18,1.50
2011.01.19 13:17:01.200,1.3383,1.33855,2.18,1.50
2011.01.19 13:17:01.310,1.33829,1.33855,1.50,1.50
2011.01.19 13:17:01.431,1.33828,1.33859,1.65,1.50
2011.01.19 13:17:01.906,1.33825,1.33859,1.88,1.50
2011.01.19 13:17:02.028,1.3382,1.33854,2.25,1.50
2011.01.19 13:17:02.250,1.3382,1.33853,1.50,1.13
2011.01.19 13:17:02.362,1.33817,1.33845,2.25,1.13
2011.01.19 13:17:02.735,1.33814,1.33843,1.50,1.50
2011.01.19 13:17:02.858,1.33815,1.33845,1.28,1.50
2011.01.19 13:17:02.973,1.33815,1.33845,2.78,1.50
2011.01.19 13:17:03.687,1.33817,1.33845,1.50,1.50
2011.01.19 13:17:04.269,1.33815,1.33845,1.28,1.50
2011.01.19 13:17:05.110,1.33819,1.33845,1.50,1.50
2011.01.19 13:17:05.220,1.33819,1.33852,2.25,1.50
2011.01.19 13:17:05.769,1.33818,1.3385,1.13,1.50
2011.01.19 13:17:06.292,1.33817,1.3385,1.13,2.93
2011.01.19 13:17:06.414,1.33816,1.33848,2.25,1.50
2011.01.19 13:17:08.408,1.33817,1.33848,2.78,1.50
2011.01.19 13:17:08.518,1.33817,1.33848,2.78,1.50
2011.01.19 13:17:09.277,1.33819,1.33851,1.13,1.50
2011.01.19 13:17:16.688,1.33822,1.33852,1.13,1.28
2011.01.19 13:17:17.026,1.33822,1.33853,1.13,1.28
2011.01.19 13:17:17.610,1.33821,1.33853,1.13,1.28
2011.01.19 13:17:19.018,1.33824,1.33853,1.13,1.28
2011.01.19 13:17:19.418,1.33824,1.33855,1.13,1.50
2011.01.19 13:17:20.196,1.33826,1.33858,1.13,1.50
2011.01.19 13:17:24.572,1.33822,1.33855,2.25,1.28
2011.01.19 13:17:24.969,1.33822,1.33852,2.25,1.28
2011.01.19 13:17:25.309,1.33824,1.33857,1.13,1.50
2011.01.19 13:17:27.429,1.33823,1.33855,1.13,1.28
2011.01.19 13:17:27.978,1.33824,1.33857,1.13,3.00
2011.01.19 13:17:30.562,1.33822,1.33855,1.13,1.28
2011.01.19 13:17:31.157,1.33822,1.33855,1.13,1.28
2011.01.19 13:17:32.969,1.3382,1.33852,2.25,2.03
2011.01.19 13:17:34.008,1.33818,1.33847,1.50,1.50
2011.01.19 13:17:34.559,1.33817,1.33847,1.65,1.50
2011.01.19 13:17:35.133,1.33816,1.33847,2.63,1.50
2011.01.19 13:17:37.111,1.33813,1.33842,2.03,1.50
2011.01.19 13:17:37.462,1.33813,1.33842,2.22,1.50
2011.01.19 13:17:37.986,1.33825,1.33855,1.28,1.50
2011.01.19 13:17:38.090,1.33825,1.33855,1.28,1.50
2011.01.19 13:17:39.741,1.33823,1.3385,2.03,1.50
2011.01.19 13:17:39.862,1.33819,1.3385,2.25,1.50
2011.01.19 13:17:40.721,1.33821,1.33854,3.38,1.50
2011.01.19 13:17:40.951,1.33823,1.33859,2.63,1.50
2011.01.19 13:17:41.349,1.33823,1.33859,2.78,1.50
2011.01.19 13:17:41.464,1.33823,1.33857,2.78,1.13
2011.01.19 13:17:42.596,1.33824,1.33855,1.28,1.50
2011.01.19 13:17:43.278,1.33824,1.33853,1.28,1.50
2011.01.19 13:17:43.789,1.33821,1.33853,3.68,1.50
2011.01.19 13:17:49.726,1.33821,1.33853,3.68,1.50
2011.01.19 13:17:50.856,1.33826,1.33853,1.50,1.50
2011.01.19 13:17:51.193,1.33832,1.3386,1.28,2.25
2011.01.19 13:17:51.736,1.33831,1.33861,1.65,2.40
2011.01.19 13:17:51.851,1.33826,1.33862,1.13,1.88
2011.01.19 13:17:53.958,1.33829,1.33861,2.78,1.50
2011.01.19 13:17:55.260,1.33831,1.33864,2.78,1.28
2011.01.19 13:17:55.732,1.33832,1.33865,1.28,1.50
2011.01.19 13:17:58.951,1.33837,1.33868,1.65,1.50
2011.01.19 13:17:59.470,1.33837,1.33868,2.18,1.50
2011.01.19 13:17:59.980,1.33846,1.33877,1.13,2.93
2011.01.19 13:18:00.649,1.33842,1.33878,1.65,1.50
2011.01.19 13:18:00.760,1.33842,1.33876,1.65,1.50
2011.01.19 13:18:03.071,1.33846,1.33878,1.13,1.50
2011.01.19 13:18:04.697,1.33842,1.33875,1.28,1.50
2011.01.19 13:18:05.238,1.33842,1.33875,1.28,1.50
2011.01.19 13:18:06.321,1.33843,1.33875,1.65,1.50
2011.01.19 13:18:07.079,1.33841,1.33874,2.25,1.65
2011.01.19 13:18:07.430,1.33841,1.33871,1.50,1.88
2011.01.19 13:18:08.228,1.33841,1.3387,1.50,1.50
2011.01.19 13:18:08.559,1.33839,1.33866,1.13,1.50
2011.01.19 13:18:09.070,1.3384,1.3387,1.28,1.50
2011.01.19 13:18:09.855,1.33841,1.3387,2.93,1.50
2011.01.19 13:18:10.976,1.33841,1.3387,2.40,1.50
2011.01.19 13:18:11.528,1.33841,1.3387,1.28,1.50
2011.01.19 13:18:13.201,1.33842,1.3387,1.28,1.50
2011.01.19 13:18:13.321,1.33842,1.33872,1.47,1.50
2011.01.19 13:18:13.439,1.33847,1.33872,2.18,1.50
2011.01.19 13:18:13.549,1.33847,1.33873,2.18,1.50
2011.01.19 13:18:13.990,1.33847,1.33873,1.65,1.50
2011.01.19 13:18:14.658,1.33842,1.3387,1.28,1.50
2011.01.19 13:18:16.929,1.33842,1.3387,1.28,1.50
2011.01.19 13:18:19.441,1.3384,1.3387,2.40,1.88
2011.01.19 13:18:19.860,1.33837,1.33866,1.65,1.13
2011.01.19 13:18:19.973,1.33833,1.33868,1.65,1.88
2011.01.19 13:18:20.088,1.33833,1.33864,1.65,1.50
2011.01.19 13:18:20.889,1.33833,1.33865,1.13,1.28
2011.01.19 13:18:24.382,1.33834,1.33868,1.32,1.88
2011.01.19 13:18:24.502,1.3384,1.33868,1.50,1.50
2011.01.19 13:18:24.815,1.3384,1.33868,2.03,1.50
2011.01.19 13:18:24.940,1.3384,1.33875,2.40,2.63
2011.01.19 13:18:25.051,1.33842,1.33876,1.13,1.50
2011.01.19 13:18:25.174,1.33839,1.33875,2.25,4.05
2011.01.19 13:18:25.293,1.33839,1.33869,2.25,1.50
2011.01.19 13:18:27.233,1.3384,1.33873,1.13,1.50
2011.01.19 13:18:27.556,1.33844,1.33867,1.13,2.25
2011.01.19 13:18:27.987,1.3383,1.33853,1.88,1.28
2011.01.19 13:18:31.223,1.3382,1.33851,2.25,1.50
2011.01.19 13:18:37.763,1.33827,1.33855,1.65,1.50
2011.01.19 13:18:37.879,1.33827,1.33855,1.65,1.50
2011.01.19 13:18:38.663,1.33824,1.33855,1.28,1.50
2011.01.19 13:18:40.026,1.33822,1.33853,2.40,1.28
2011.01.19 13:18:40.138,1.33822,1.33852,2.40,1.28
2011.01.19 13:18:40.473,1.33822,1.33847,1.65,2.78
2011.01.19 13:18:40.591,1.33822,1.33847,1.65,1.50
2011.01.19 13:18:41.024,1.3382,1.33849,1.65,1.13
2011.01.19 13:18:41.145,1.33818,1.3385,1.50,1.50
2011.01.19 13:18:41.262,1.3382,1.33849,1.50,1.50
2011.01.19 13:18:41.882,1.33819,1.33849,3.90,1.50
2011.01.19 13:18:42.224,1.33819,1.33852,1.13,1.50
2011.01.19 13:18:44.302,1.33818,1.3385,2.40,1.28
2011.01.19 13:18:44.420,1.33818,1.33847,1.65,1.28
2011.01.19 13:18:44.987,1.3381,1.33843,2.78,1.50
2011.01.19 13:18:46.058,1.33807,1.33842,1.13,1.13
2011.01.19 13:18:46.700,1.3381,1.33842,2.40,1.50
2011.01.19 13:18:47.229,1.33815,1.33842,1.50,1.50
2011.01.19 13:18:47.560,1.33825,1.33855,1.13,2.63
2011.01.19 13:18:48.123,1.33825,1.33852,4.28,1.09
2011.01.19 13:18:48.639,1.33826,1.33843,1.50,1.28
2011.01.19 13:18:48.756,1.33814,1.33843,2.63,1.28
2011.01.19 13:18:54.569,1.33814,1.33845,2.78,1.50
2011.01.19 13:18:54.910,1.33819,1.33849,1.13,1.50
2011.01.19 13:18:57.339,1.3382,1.33849,1.50,1.50
2011.01.19 13:18:57.764,1.33825,1.33857,1.13,3.38
2011.01.19 13:18:59.220,1.33828,1.33857,2.03,1.50
2011.01.19 13:18:59.440,1.3383,1.33865,4.43,3.00
2011.01.19 13:18:59.660,1.33834,1.33867,1.13,2.25
2011.01.19 13:18:59.899,1.33836,1.33867,1.13,2.25
2011.01.19 13:19:01.196,1.33835,1.33866,1.13,1.50
2011.01.19 13:19:01.654,1.33831,1.33864,1.13,1.28
2011.01.19 13:19:01.779,1.33832,1.33864,1.28,1.50
2011.01.19 13:19:01.891,1.33832,1.33863,1.28,2.25
2011.01.19 13:19:02.008,1.33832,1.33863,1.28,2.25
2011.01.19 13:19:02.853,1.33832,1.33861,1.28,1.50
2011.01.19 13:19:03.731,1.33826,1.3386,3.53,1.50
2011.01.19 13:19:03.847,1.33827,1.33857,2.40,1.50
2011.01.19 13:19:10.821,1.33833,1.33858,1.65,1.50
2011.01.19 13:19:11.154,1.33829,1.33857,2.03,1.50
2011.01.19 13:19:11.270,1.33831,1.33865,2.78,1.50
2011.01.19 13:19:11.488,1.33834,1.33866,1.13,1.50
2011.01.19 13:19:11.980,1.33835,1.33867,1.13,1.50
2011.01.19 13:19:13.049,1.33835,1.33867,1.13,1.50
2011.01.19 13:19:13.392,1.33841,1.33871,1.13,1.50
2011.01.19 13:19:14.037,1.33844,1.33875,1.50,2.63
2011.01.19 13:19:14.156,1.33851,1.33875,1.13,1.50
2011.01.19 13:19:14.386,1.33853,1.33875,1.13,1.50
2011.01.19 13:19:14.888,1.33853,1.33884,1.13,3.00
2011.01.19 13:19:16.884,1.33853,1.33885,2.40,1.13
2011.01.19 13:19:18.171,1.33848,1.33877,1.50,1.13
2011.01.19 13:19:18.283,1.33843,1.33877,2.63,1.88
2011.01.19 13:19:19.848,1.33844,1.33874,1.50,1.50
2011.01.19 13:19:20.616,1.33841,1.33874,1.13,1.50
2011.01.19 13:19:20.953,1.33857,1.33885,1.13,1.88
2011.01.19 13:19:21.377,1.33847,1.33878,2.25,1.28
2011.01.19 13:19:21.598,1.33847,1.33876,2.25,3.15
2011.01.19 13:19:22.363,1.33835,1.33869,1.13,1.28
2011.01.19 13:19:22.481,1.33835,1.33866,1.13,1.13
2011.01.19 13:19:22.603,1.33835,1.33866,1.13,1.13
2011.01.19 13:19:23.027,1.33839,1.33867,1.50,1.13
2011.01.19 13:19:23.372,1.33841,1.33871,2.03,1.50
2011.01.19 13:19:23.493,1.3385,1.33871,1.50,1.50
2011.01.19 13:19:23.830,1.3385,1.33871,6.94,1.50
2011.01.19 13:19:24.072,1.33846,1.33881,2.25,1.50
2011.01.19 13:19:26.420,1.33852,1.33883,1.28,1.50
2011.01.19 13:19:26.862,1.33852,1.33885,1.28,1.50
2011.01.19 13:19:26.981,1.33851,1.33885,3.68,1.50
2011.01.19 13:19:27.499,1.33852,1.33883,2.03,1.50
2011.01.19 13:19:27.618,1.33855,1.33886,1.13,1.50
2011.01.19 13:19:28.170,1.33854,1.33887,1.65,2.25
2011.01.19 13:19:28.984,1.33855,1.33887,1.13,2.63
2011.01.19 13:19:29.331,1.33852,1.33884,2.78,1.88
2011.01.19 13:19:29.669,1.33849,1.33881,1.50,1.88
2011.01.19 13:19:30.301,1.33847,1.33881,2.40,1.88
2011.01.19 13:19:30.521,1.33849,1.33881,1.13,3.38
2011.01.19 13:19:30.639,1.33846,1.33876,1.13,1.13
2011.01.19 13:19:30.862,1.33847,1.33876,1.13,1.13
2011.01.19 13:19:31.280,1.33842,1.33873,3.15,1.50
2011.01.19 13:19:31.395,1.33842,1.33873,2.93,1.50
2011.01.19 13:19:31.731,1.33842,1.33874,2.93,1.50
2011.01.19 13:19:31.848,1.33845,1.33875,1.28,2.25
2011.01.19 13:19:33.800,1.33842,1.33876,1.13,1.13
2011.01.19 13:19:33.910,1.33842,1.33874,1.13,1.50
2011.01.19 13:19:35.709,1.33842,1.33869,2.18,1.50
2011.01.19 13:19:36.258,1.33842,1.33869,2.18,1.50
2011.01.19 13:19:38.250,1.33846,1.33869,1.65,1.50
2011.01.19 13:19:38.722,1.33844,1.33873,1.28,1.88
2011.01.19 13:19:39.269,1.33844,1.33873,1.28,1.50
2011.01.19 13:19:39.781,1.33841,1.33872,2.93,1.50
2011.01.19 13:19:39.900,1.33841,1.3387,2.93,1.50
2011.01.19 13:19:41.008,1.33841,1.3387,3.30,1.50
2011.01.19 13:19:41.458,1.33841,1.33867,2.03,2.25
2011.01.19 13:19:41.679,1.33839,1.33867,2.03,2.25
2011.01.19 13:19:42.120,1.33837,1.33867,2.78,2.25
2011.01.19 13:19:43.109,1.33837,1.33868,2.40,1.50
2011.01.19 13:19:43.408,1.33837,1.33868,2.78,1.50
2011.01.19 13:19:44.489,1.33837,1.33868,3.68,1.50
2011.01.19 13:19:45.044,1.33837,1.33868,4.05,1.50
2011.01.19 13:19:46.319,1.33837,1.33868,1.13,1.50
2011.01.19 13:19:47.590,1.33837,1.33868,1.13,1.50
2011.01.19 13:19:49.029,1.33837,1.33868,2.78,1.50
2011.01.19 13:19:50.746,1.33841,1.33868,3.30,1.50
2011.01.19 13:19:51.268,1.33842,1.3387,1.28,1.13
2011.01.19 13:19:51.379,1.33842,1.33873,1.28,1.50
2011.01.19 13:19:51.751,1.33843,1.33875,1.65,3.00
2011.01.19 13:19:52.371,1.33846,1.33875,1.13,3.00
2011.01.19 13:19:53.339,1.33846,1.33875,1.13,3.00
2011.01.19 13:19:53.671,1.33846,1.33872,1.13,1.50
2011.01.19 13:19:54.116,1.33846,1.33872,1.13,1.28
2011.01.19 13:19:54.238,1.33846,1.33873,1.13,3.00
2011.01.19 13:19:54.582,1.33846,1.33871,1.13,2.03
2011.01.19 13:19:55.127,1.33846,1.33873,1.13,3.00
2011.01.19 13:19:55.680,1.33845,1.33873,1.13,1.50
2011.01.19 13:19:56.422,1.33846,1.33873,1.13,1.50
2011.01.19 13:19:57.078,1.33846,1.33875,1.13,2.25
2011.01.19 13:19:57.766,1.33848,1.33877,1.13,1.50
2011.01.19 13:19:57.888,1.33844,1.33872,2.03,1.50
2011.01.19 13:19:58.111,1.33841,1.33875,1.95,2.25
2011.01.19 13:19:58.615,1.33846,1.33875,1.13,1.50
2011.01.19 13:19:59.299,1.33845,1.33873,1.13,1.50
2011.01.19 13:19:59.906,1.3384,1.33873,1.13,1.50
2011.01.19 13:20:00.349,1.33842,1.33873,1.13,1.50
2011.01.19 13:20:00.458,1.33842,1.33873,1.50,3.00
2011.01.19 13:20:00.938,1.33843,1.33872,1.65,2.25
2011.01.19 13:20:01.600,1.33843,1.33873,1.13,1.50
2011.01.19 13:20:01.930,1.33843,1.33873,1.13,1.50
2011.01.19 13:20:02.471,1.33843,1.33873,1.65,2.25
2011.01.19 13:20:02.600,1.3385,1.33874,1.13,1.50
2011.01.19 13:20:02.712,1.33851,1.3388,1.13,2.25
2011.01.19 13:20:03.307,1.33849,1.3388,1.13,3.00
2011.01.19 13:20:04.450,1.33844,1.33877,1.13,2.78
2011.01.19 13:20:04.939,1.33851,1.3388,1.13,1.65
2011.01.19 13:20:05.568,1.33856,1.33887,1.13,3.00
2011.01.19 13:20:07.212,1.33862,1.33894,2.78,2.25
2011.01.19 13:20:07.609,1.33862,1.33892,2.78,1.50
2011.01.19 13:20:07.829,1.33862,1.33892,2.40,1.50
2011.01.19 13:20:08.382,1.33862,1.33892,2.78,1.50
2011.01.19 13:20:08.832,1.33862,1.33888,2.40,1.65
2011.01.19 13:20:09.318,1.33862,1.33885,1.13,2.37
2011.01.19 13:20:09.791,1.33856,1.33876,1.70,1.50
2011.01.19 13:20:10.389,1.33841,1.33874,2.40,1.50
2011.01.19 13:20:10.507,1.33838,1.33869,1.13,1.28
2011.01.19 13:20:11.403,1.33846,1.33875,1.13,1.50
2011.01.19 13:20:11.631,1.33847,1.33878,1.13,3.00
2011.01.19 13:20:13.396,1.33846,1.33875,1.13,1.50
2011.01.19 13:20:13.516,1.33837,1.33869,1.13,2.25
2011.01.19 13:20:13.963,1.3384,1.33869,1.50,2.25
2011.01.19 13:20:14.393,1.33845,1.33876,1.13,1.50
2011.01.19 13:20:14.510,1.33845,1.33878,1.13,2.25
2011.01.19 13:20:14.742,1.33846,1.33878,1.13,2.25
2011.01.19 13:20:15.363,1.33844,1.33877,1.28,1.13
2011.01.19 13:20:15.476,1.33833,1.33868,1.28,1.13
2011.01.19 13:20:15.809,1.33833,1.33866,1.28,1.50
2011.01.19 13:20:15.919,1.33835,1.33866,1.13,1.50
2011.01.19 13:20:17.458,1.33845,1.33872,1.13,2.25
2011.01.19 13:20:17.574,1.33847,1.33874,1.13,1.50
2011.01.19 13:20:17.799,1.33849,1.33872,2.40,1.50
2011.01.19 13:20:18.123,1.33849,1.33875,2.40,1.50
2011.01.19 13:20:18.751,1.33848,1.33878,2.40,1.50
2011.01.19 13:20:19.316,1.33845,1.33875,1.13,1.50
2011.01.19 13:20:19.871,1.33847,1.33881,1.28,2.63
2011.01.19 13:20:20.357,1.33848,1.3388,1.13,2.44
2011.01.19 13:20:20.585,1.33843,1.33874,2.40,1.13
2011.01.19 13:20:20.703,1.33843,1.3387,1.65,1.50
2011.01.19 13:20:21.240,1.33836,1.33869,2.63,3.53
2011.01.19 13:20:21.350,1.33836,1.33866,2.63,1.65
2011.01.19 13:20:21.874,1.3384,1.3387,1.13,1.50
2011.01.19 13:20:22.101,1.33845,1.33876,1.13,3.90
2011.01.19 13:20:22.583,1.33843,1.33875,1.13,4.50
2011.01.19 13:20:22.710,1.33835,1.33867,4.28,2.25
2011.01.19 13:20:23.426,1.33841,1.33872,1.13,1.50
2011.01.19 13:20:23.762,1.33843,1.33876,1.13,3.00
2011.01.19 13:20:24.244,1.33845,1.33876,1.13,1.50
2011.01.19 13:20:24.802,1.3384,1.33875,1.13,1.50
2011.01.19 13:20:26.819,1.33846,1.33876,1.13,2.40
2011.01.19 13:20:27.260,1.33844,1.33876,1.13,2.40
2011.01.19 13:20:27.735,1.33842,1.33876,1.13,2.40
2011.01.19 13:20:28.072,1.33844,1.33875,1.13,1.50
2011.01.19 13:20:28.301,1.33846,1.33877,1.13,3.90
2011.01.19 13:20:30.889,1.33845,1.33875,1.13,1.50
2011.01.19 13:20:31.355,1.33844,1.33874,1.13,2.25
2011.01.19 13:20:32.238,1.33849,1.33872,1.50,1.50
2011.01.19 13:20:32.350,1.33848,1.33877,1.50,2.25
2011.01.19 13:20:32.883,1.33848,1.33875,1.50,1.50
2011.01.19 13:20:33.006,1.33848,1.33875,1.13,3.00
2011.01.19 13:20:33.123,1.33848,1.33877,1.88,2.25
2011.01.19 13:20:33.652,1.33848,1.33878,2.07,1.50
2011.01.19 13:20:33.778,1.33856,1.33885,1.13,2.25
2011.01.19 13:20:34.110,1.33852,1.33884,1.13,1.50
2011.01.19 13:20:34.220,1.3385,1.33883,1.13,1.50
2011.01.19 13:20:35.830,1.33855,1.33883,1.65,1.50
2011.01.19 13:20:36.297,1.33857,1.33888,1.13,3.00
2011.01.19 13:20:36.634,1.33855,1.33883,1.65,1.50
2011.01.19 13:20:37.924,1.33849,1.33885,2.40,3.00
2011.01.19 13:20:38.420,1.33848,1.3388,1.13,1.50
2011.01.19 13:20:38.535,1.33848,1.33881,1.13,1.50
2011.01.19 13:20:39.050,1.33847,1.33882,1.13,1.50
2011.01.19 13:20:39.159,1.3385,1.33882,1.50,1.50
2011.01.19 13:20:39.489,1.33856,1.33884,1.28,1.50
2011.01.19 13:20:39.924,1.33857,1.33889,1.28,1.50
2011.01.19 13:20:40.150,1.33857,1.33888,1.28,1.50
2011.01.19 13:20:40.855,1.33855,1.33884,1.13,1.50
2011.01.19 13:20:40.970,1.33856,1.33888,1.13,1.50
2011.01.19 13:20:41.843,1.33854,1.33886,1.13,1.50
2011.01.19 13:20:41.969,1.33854,1.33889,3.30,2.25
2011.01.19 13:20:42.410,1.33854,1.33887,1.50,1.50
2011.01.19 13:20:42.739,1.33854,1.33887,1.50,3.00
2011.01.19 13:20:43.161,1.33853,1.33887,2.78,3.00
2011.01.19 13:20:44.344,1.33855,1.33887,4.50,3.00
2011.01.19 13:20:44.693,1.33867,1.33895,1.13,1.50
2011.01.19 13:20:45.093,1.33865,1.33896,1.13,1.65
2011.01.19 13:20:45.739,1.33865,1.33897,1.13,2.25
2011.01.19 13:20:47.574,1.33866,1.33896,2.40,1.50
2011.01.19 13:20:49.561,1.33861,1.33893,1.13,1.50
2011.01.19 13:20:49.668,1.33861,1.33892,1.13,1.50
2011.01.19 13:20:50.227,1.33864,1.33892,2.25,1.50
2011.01.19 13:20:50.559,1.33865,1.33896,2.03,1.50
2011.01.19 13:20:50.672,1.33866,1.33896,1.65,1.50
2011.01.19 13:20:51.223,1.3386,1.3389,1.28,1.50
2011.01.19 13:20:51.903,1.3386,1.33893,1.13,1.50
2011.01.19 13:20:52.456,1.33866,1.33897,1.28,1.50
2011.01.19 13:20:53.408,1.3387,1.33897,1.65,1.50
2011.01.19 13:20:53.535,1.3387,1.33902,2.40,1.50
2011.01.19 13:20:54.652,1.33868,1.33899,1.50,1.50
2011.01.19 13:20:54.778,1.33876,1.33905,1.28,2.25
2011.01.19 13:20:56.159,1.3387,1.33905,2.40,1.13
2011.01.19 13:20:56.271,1.3387,1.339,2.40,1.50
2011.01.19 13:20:56.393,1.33873,1.339,1.28,1.50
2011.01.19 13:20:56.515,1.33874,1.33903,2.18,1.50
2011.01.19 13:20:56.948,1.33881,1.33908,1.65,2.63
2011.01.19 13:20:57.061,1.33881,1.33904,1.65,1.50
2011.01.19 13:20:57.640,1.33865,1.33902,2.40,2.25
2011.01.19 13:20:58.278,1.33865,1.33901,2.40,1.50
2011.01.19 13:20:58.723,1.33863,1.33898,1.28,1.50
2011.01.19 13:20:58.843,1.33863,1.33897,1.28,1.50
2011.01.19 13:20:59.260,1.33862,1.33894,2.63,1.50
2011.01.19 13:20:59.588,1.3386,1.33892,1.13,1.50
2011.01.19 13:21:00.371,1.33859,1.33892,2.40,1.50
2011.01.19 13:21:01.154,1.33859,1.33892,1.13,1.50
2011.01.19 13:21:03.179,1.33861,1.3389,1.65,1.50
2011.01.19 13:21:03.584,1.33863,1.33896,1.13,2.25
2011.01.19 13:21:03.707,1.33864,1.33897,1.88,1.50
2011.01.19 13:21:03.822,1.33868,1.33897,1.28,1.50
2011.01.19 13:21:04.772,1.33868,1.33897,2.93,1.50
2011.01.19 13:21:08.213,1.33866,1.33896,2.03,1.50
2011.01.19 13:21:08.641,1.33866,1.33896,1.28,1.50
2011.01.19 13:21:08.769,1.33865,1.33894,1.13,1.50
2011.01.19 13:21:08.882,1.33868,1.33898,1.13,3.00
2011.01.19 13:21:09.837,1.33859,1.33895,4.13,1.13
2011.01.19 13:21:09.955,1.33858,1.33893,4.28,1.13
2011.01.19 13:21:10.383,1.3386,1.33888,1.13,1.50
2011.01.19 13:21:11.035,1.33862,1.33884,1.28,1.65
2011.01.19 13:21:11.158,1.33859,1.33884,1.13,1.65
2011.01.19 13:21:11.272,1.33859,1.33888,1.13,1.50
2011.01.19 13:21:11.753,1.33859,1.3389,1.13,2.25
2011.01.19 13:21:12.390,1.33859,1.3389,1.13,3.00
2011.01.19 13:21:12.844,1.33858,1.33886,1.13,1.50
2011.01.19 13:21:13.559,1.33854,1.33886,1.13,2.25
2011.01.19 13:21:13.671,1.33854,1.33885,1.13,1.50
2011.01.19 13:21:14.186,1.33853,1.33885,1.13,2.25
2011.01.19 13:21:16.307,1.33853,1.33886,1.13,1.50
2011.01.19 13:21:16.640,1.33856,1.33886,1.13,1.50
2011.01.19 13:21:17.079,1.33857,1.33886,1.13,1.50
2011.01.19 13:21:17.189,1.33859,1.3389,1.13,2.25
2011.01.19 13:21:17.844,1.33855,1.33887,1.13,2.25
2011.01.19 13:21:17.963,1.33855,1.33887,1.13,3.00
2011.01.19 13:21:18.761,1.33858,1.33887,1.28,3.00
2011.01.19 13:21:19.390,1.33856,1.33888,2.40,1.13
2011.01.19 13:21:19.503,1.33853,1.33885,1.13,1.50
2011.01.19 13:21:23.059,1.33853,1.33883,1.13,1.50
2011.01.19 13:21:23.610,1.33854,1.33885,1.13,1.50
2011.01.19 13:21:23.722,1.3385,1.33884,2.40,1.50
2011.01.19 13:21:24.169,1.33845,1.33879,2.40,1.13
2011.01.19 13:21:24.287,1.33845,1.33876,2.40,1.50
2011.01.19 13:21:26.216,1.33845,1.33876,1.88,1.50
2011.01.19 13:21:26.796,1.33847,1.33876,2.93,1.50
2011.01.19 13:21:26.914,1.3385,1.33879,1.28,1.50
2011.01.19 13:21:27.371,1.3385,1.33881,1.28,2.25
2011.01.19 13:21:27.926,1.33858,1.33887,1.28,1.50
2011.01.19 13:21:28.391,1.33858,1.33889,1.28,1.50
2011.01.19 13:21:29.738,1.33859,1.33886,1.65,1.13
2011.01.19 13:21:29.857,1.33855,1.33884,1.88,1.13
2011.01.19 13:21:29.973,1.33851,1.33885,2.63,1.13
2011.01.19 13:21:30.434,1.33851,1.33887,1.28,3.00
2011.01.19 13:21:30.769,1.33854,1.33883,1.28,2.25
2011.01.19 13:21:31.528,1.33855,1.33883,2.93,2.25
2011.01.19 13:21:31.970,1.33856,1.33888,1.28,1.50
2011.01.19 13:21:35.901,1.33854,1.33887,1.28,2.63
2011.01.19 13:21:36.023,1.33854,1.33885,1.28,1.50
2011.01.19 13:21:36.598,1.33854,1.33885,1.28,1.50
2011.01.19 13:21:38.482,1.33854,1.33884,1.28,2.25
2011.01.19 13:21:40.053,1.33857,1.33884,1.69,1.50
2011.01.19 13:21:40.291,1.33866,1.33893,1.28,2.40
2011.01.19 13:21:40.520,1.33865,1.33895,2.93,1.65
2011.01.19 13:21:40.740,1.33869,1.33895,1.13,1.65
2011.01.19 13:21:40.848,1.33869,1.33899,1.13,1.50
2011.01.19 13:21:41.759,1.33869,1.339,1.13,1.50
2011.01.19 13:21:41.981,1.33865,1.33899,2.40,1.28
2011.01.19 13:21:42.472,1.33866,1.33899,1.13,1.50
2011.01.19 13:21:42.702,1.33864,1.33897,1.13,1.28
2011.01.19 13:21:42.929,1.33864,1.33897,1.13,2.03
2011.01.19 13:21:43.041,1.33863,1.33896,1.13,2.25
2011.01.19 13:21:43.467,1.33857,1.33892,1.28,2.63
2011.01.19 13:21:43.580,1.33857,1.33888,1.28,1.50
2011.01.19 13:21:44.670,1.33853,1.33885,1.13,1.50
2011.01.19 13:21:45.498,1.33853,1.33885,1.13,3.00
2011.01.19 13:21:47.663,1.33858,1.33886,1.13,1.50
2011.01.19 13:21:48.090,1.33856,1.33885,1.50,1.50
2011.01.19 13:21:48.433,1.3386,1.33891,1.13,3.00
2011.01.19 13:21:48.867,1.33858,1.33889,2.40,2.25
2011.01.19 13:21:49.531,1.33855,1.33886,3.15,1.50
2011.01.19 13:21:50.481,1.33851,1.33886,1.13,2.25
2011.01.19 13:21:51.071,1.3385,1.33885,2.40,1.13
2011.01.19 13:21:51.179,1.33849,1.33883,2.40,2.25
2011.01.19 13:21:51.293,1.33847,1.33882,2.40,1.50
2011.01.19 13:21:51.849,1.3385,1.33883,2.78,3.00
2011.01.19 13:21:51.961,1.33852,1.33885,1.13,2.25
2011.01.19 13:21:53.459,1.33849,1.33883,1.13,1.50
2011.01.19 13:21:53.569,1.33848,1.33882,1.13,1.13
2011.01.19 13:21:54.378,1.33852,1.33884,1.28,1.50
2011.01.19 13:21:54.720,1.33855,1.33889,3.30,1.13
2011.01.19 13:21:55.253,1.33855,1.33885,2.40,1.50
2011.01.19 13:21:55.379,1.33858,1.33891,1.13,1.50
2011.01.19 13:21:55.606,1.33855,1.33888,2.40,1.13
2011.01.19 13:21:55.831,1.33852,1.33886,2.78,1.50
2011.01.19 13:22:01.118,1.33852,1.33885,1.13,2.03
2011.01.19 13:22:02.068,1.33852,1.33885,1.13,2.03
2011.01.19 13:22:02.951,1.33851,1.33884,1.13,3.19
2011.01.19 13:22:03.292,1.33846,1.33872,2.40,1.50
2011.01.19 13:22:03.917,1.33845,1.33877,1.13,1.50
2011.01.19 13:22:04.035,1.33845,1.33877,1.13,2.25
2011.01.19 13:22:04.983,1.33847,1.33877,1.50,2.25
2011.01.19 13:22:05.103,1.33849,1.3388,1.13,2.25
2011.01.19 13:22:05.866,1.33848,1.3388,1.13,2.25
2011.01.19 13:22:06.523,1.33848,1.33877,1.13,1.50
2011.01.19 13:22:07.478,1.33852,1.33877,1.13,1.50
2011.01.19 13:22:07.594,1.33852,1.33881,1.13,2.25
2011.01.19 13:22:08.695,1.33849,1.33878,1.28,1.50
2011.01.19 13:22:10.109,1.33843,1.33876,1.13,1.50
2011.01.19 13:22:11.147,1.33843,1.33875,1.13,1.50
2011.01.19 13:22:12.029,1.33841,1.33873,1.13,1.50
2011.01.19 13:22:12.581,1.33846,1.33873,2.03,1.50
2011.01.19 13:22:13.009,1.33851,1.33876,1.28,1.50
2011.01.19 13:22:13.558,1.33851,1.33877,1.28,1.50
2011.01.19 13:22:15.871,1.33853,1.33877,1.13,1.50
2011.01.19 13:22:16.608,1.33851,1.33876,1.28,1.50
2011.01.19 13:22:16.831,1.33845,1.33876,2.63,1.50
2011.01.19 13:22:16.950,1.33845,1.33873,1.13,1.50
2011.01.19 13:22:17.840,1.33845,1.33873,1.13,1.50
2011.01.19 13:22:21.733,1.33852,1.33878,1.28,1.50
2011.01.19 13:22:21.855,1.33851,1.33875,2.40,1.50
2011.01.19 13:22:22.418,1.33851,1.33879,1.65,3.00
2011.01.19 13:22:23.055,1.33844,1.33879,2.40,3.00
2011.01.19 13:22:24.499,1.3385,1.33879,1.50,1.50
2011.01.19 13:22:24.942,1.33854,1.33875,1.13,1.50
2011.01.19 13:22:25.434,1.33856,1.33877,1.13,1.13
2011.01.19 13:22:25.553,1.33861,1.33881,1.65,1.50
2011.01.19 13:22:26.098,1.3386,1.3388,1.65,1.50
2011.01.19 13:22:26.213,1.33857,1.3388,1.65,1.50
2011.01.19 13:22:26.441,1.33851,1.3388,1.13,1.50
2011.01.19 13:22:28.171,1.33851,1.3388,1.13,2.25
2011.01.19 13:22:28.572,1.33848,1.33872,2.03,1.50
2011.01.19 13:22:28.694,1.33847,1.33874,1.13,1.50
2011.01.19 13:22:29.252,1.33847,1.33874,3.15,1.50
2011.01.19 13:22:29.371,1.33852,1.33879,1.13,2.25
2011.01.19 13:22:29.919,1.33852,1.3388,1.13,1.50
2011.01.19 13:22:30.038,1.33855,1.3388,1.50,1.50
2011.01.19 13:22:30.679,1.33864,1.33884,1.13,1.50
2011.01.19 13:22:30.801,1.33867,1.33891,1.13,1.50
2011.01.19 13:22:31.459,1.33864,1.33892,1.13,1.50
2011.01.19 13:22:31.580,1.33856,1.33888,2.63,1.50
2011.01.19 13:22:32.136,1.33853,1.33887,3.00,1.50
2011.01.19 13:22:32.248,1.33851,1.33882,1.50,1.50
2011.01.19 13:22:32.914,1.33849,1.3388,1.13,2.25
2011.01.19 13:22:34.619,1.33851,1.33883,1.13,1.50
2011.01.19 13:22:34.739,1.33855,1.33885,1.65,1.50
2011.01.19 13:22:35.982,1.33852,1.33882,1.28,1.13
2011.01.19 13:22:36.098,1.3385,1.33882,1.28,1.88
2011.01.19 13:22:36.325,1.33848,1.33879,3.90,1.50
2011.01.19 13:22:37.660,1.33859,1.33884,1.28,1.50
2011.01.19 13:22:37.773,1.33863,1.3389,1.28,2.63
2011.01.19 13:22:37.889,1.33863,1.33894,1.65,3.00
2011.01.19 13:22:39.351,1.33864,1.33893,1.50,2.25
2011.01.19 13:22:39.857,1.33867,1.33899,2.78,2.25
2011.01.19 13:22:40.301,1.33866,1.33898,1.65,1.50
2011.01.19 13:22:40.726,1.33875,1.33898,1.13,1.50
2011.01.19 13:22:40.842,1.33874,1.33904,1.13,1.50
2011.01.19 13:22:40.959,1.33874,1.33908,1.13,2.25
2011.01.19 13:22:42.232,1.33877,1.33908,1.13,2.25
2011.01.19 13:22:42.681,1.33883,1.33913,1.13,2.25
2011.01.19 13:22:42.801,1.33879,1.33913,2.78,1.50
2011.01.19 13:22:42.913,1.33879,1.33911,2.78,1.50
2011.01.19 13:22:43.414,1.33879,1.3391,1.65,1.13
2011.01.19 13:22:43.530,1.33879,1.33905,1.65,1.50
2011.01.19 13:22:44.324,1.33874,1.33905,1.13,1.50
2011.01.19 13:22:44.444,1.33872,1.33906,1.28,1.88
2011.01.19 13:22:44.781,1.33873,1.33906,3.90,1.50
2011.01.19 13:22:44.906,1.33879,1.33911,1.88,1.50
2011.01.19 13:22:45.024,1.33879,1.3391,3.53,2.25
2011.01.19 13:22:45.414,1.33882,1.33914,1.65,3.00
2011.01.19 13:22:45.755,1.33879,1.33912,1.13,1.50
2011.01.19 13:22:46.501,1.33881,1.33912,1.13,1.50
2011.01.19 13:22:46.720,1.33882,1.33913,1.65,1.50
2011.01.19 13:22:47.282,1.33884,1.33916,1.13,1.50
2011.01.19 13:22:48.880,1.33887,1.33916,1.13,1.50
2011.01.19 13:22:49.380,1.33891,1.33921,2.55,1.50
2011.01.19 13:22:49.713,1.33891,1.33918,1.65,1.50
2011.01.19 13:22:50.177,1.33886,1.33918,1.13,1.50
2011.01.19 13:22:51.287,1.33883,1.33913,1.28,1.50
2011.01.19 13:22:51.803,1.33877,1.33912,3.90,1.13
2011.01.19 13:22:51.915,1.33877,1.33912,3.90,1.13
2011.01.19 13:22:52.707,1.33877,1.33909,2.40,1.50
2011.01.19 13:22:53.153,1.33871,1.33901,2.40,1.13
2011.01.19 13:22:53.711,1.33871,1.33901,2.78,1.28
2011.01.19 13:22:53.944,1.33872,1.33908,2.03,3.38
2011.01.19 13:22:54.383,1.33879,1.33908,1.65,1.50
2011.01.19 13:22:55.122,1.33877,1.33908,1.13,1.50
2011.01.19 13:22:56.122,1.33881,1.33908,1.65,1.50
2011.01.19 13:22:57.037,1.33881,1.33912,2.40,1.50
2011.01.19 13:22:57.160,1.33882,1.33912,1.13,3.68
2011.01.19 13:22:57.273,1.3388,1.33912,1.13,3.68
2011.01.19 13:22:57.820,1.33882,1.33914,1.65,2.25
2011.01.19 13:22:58.270,1.33881,1.33914,1.13,2.25
2011.01.19 13:22:58.930,1.33881,1.33914,1.13,3.00
2011.01.19 13:22:59.058,1.33872,1.33907,1.13,3.15
2011.01.19 13:22:59.283,1.33872,1.33903,1.28,1.50
2011.01.19 13:22:59.744,1.33878,1.33909,1.13,1.50
2011.01.19 13:23:01.605,1.3388,1.3391,2.40,1.50
2011.01.19 13:23:01.720,1.3388,1.3391,2.40,1.50
2011.01.19 13:23:02.269,1.33879,1.3391,2.40,1.50
2011.01.19 13:23:02.821,1.33869,1.339,2.40,1.50
2011.01.19 13:23:03.161,1.33864,1.33898,2.40,1.50
2011.01.19 13:23:04.490,1.33867,1.33898,1.50,1.50
2011.01.19 13:23:04.821,1.33873,1.33901,1.28,1.88
2011.01.19 13:23:05.562,1.33869,1.33902,1.13,1.13
2011.01.19 13:23:06.305,1.33869,1.33902,1.13,1.13
2011.01.19 13:23:06.919,1.33866,1.33902,1.65,1.13
2011.01.19 13:23:07.249,1.33867,1.33893,1.28,2.25
2011.01.19 13:23:08.148,1.33858,1.3389,1.13,1.50
2011.01.19 13:23:09.369,1.33853,1.33885,2.63,1.13
2011.01.19 13:23:09.920,1.33861,1.33886,1.88,1.50
2011.01.19 13:23:10.030,1.33862,1.33892,1.13,1.13
2011.01.19 13:23:10.549,1.33862,1.33892,1.13,1.13
2011.01.19 13:23:12.100,1.33865,1.33896,2.78,1.13
2011.01.19 13:23:12.591,1.33869,1.33897,1.28,1.50
2011.01.19 13:23:12.708,1.33862,1.33893,2.40,1.13
2011.01.19 13:23:12.823,1.33862,1.33889,1.65,1.13
2011.01.19 13:23:13.239,1.33858,1.33887,1.13,1.13
2011.01.19 13:23:14.250,1.33861,1.33893,1.13,1.13
2011.01.19 13:23:14.800,1.33865,1.33896,1.13,3.38
2011.01.19 13:23:15.238,1.33852,1.33881,2.63,1.88
2011.01.19 13:23:15.353,1.33852,1.33879,2.25,1.50
2011.01.19 13:23:15.900,1.33852,1.33874,1.50,1.13
2011.01.19 13:23:16.016,1.33846,1.33874,1.50,1.13
2011.01.19 13:23:16.239,1.33846,1.33871,1.50,1.88
2011.01.19 13:23:16.458,1.33846,1.33873,2.25,1.13
2011.01.19 13:23:18.019,1.33841,1.33873,1.13,1.13
2011.01.19 13:23:18.941,1.33839,1.33867,1.13,1.13
2011.01.19 13:23:19.162,1.33844,1.33875,2.18,2.25
2011.01.19 13:23:19.282,1.33842,1.33873,2.40,1.13
2011.01.19 13:23:20.286,1.33838,1.33873,4.28,1.50
2011.01.19 13:23:20.972,1.33836,1.33868,1.13,1.13
2011.01.19 13:23:21.942,1.3384,1.33868,1.28,1.13
2011.01.19 13:23:26.844,1.33834,1.33862,2.25,1.13
2011.01.19 13:23:26.962,1.33832,1.33862,1.65,1.13
2011.01.19 13:23:27.396,1.33829,1.33862,1.28,1.13
2011.01.19 13:23:27.510,1.33829,1.33862,1.28,1.88
2011.01.19 13:23:28.758,1.33831,1.33862,2.25,1.88
2011.01.19 13:23:28.990,1.33829,1.33862,1.28,1.88
2011.01.19 13:23:30.242,1.33828,1.33859,2.25,1.50
2011.01.19 13:23:30.698,1.33821,1.33853,2.63,1.13
2011.01.19 13:23:31.282,1.33821,1.33851,2.25,1.13
2011.01.19 13:23:33.542,1.33822,1.33852,2.03,1.50
2011.01.19 13:23:33.661,1.33825,1.33853,2.18,1.50
2011.01.19 13:23:34.219,1.33825,1.33856,2.40,1.88
2011.01.19 13:23:35.593,1.33829,1.33856,1.13,1.13
2011.01.19 13:23:36.015,1.33829,1.33863,2.78,1.50
2011.01.19 13:23:36.130,1.3383,1.33863,1.13,1.50
2011.01.19 13:23:36.907,1.3383,1.33863,1.13,1.50
2011.01.19 13:23:39.533,1.33828,1.33862,1.13,1.50
2011.01.19 13:23:39.759,1.33825,1.33858,1.13,1.28
2011.01.19 13:23:40.293,1.33823,1.33855,1.13,1.50
2011.01.19 13:23:40.655,1.33835,1.33865,3.15,3.00
2011.01.19 13:23:41.103,1.33849,1.33867,1.13,1.88
2011.01.19 13:23:41.213,1.3385,1.3387,1.13,1.88
2011.01.19 13:23:41.606,1.33849,1.33876,1.88,1.65
2011.01.19 13:23:41.730,1.33853,1.33881,1.28,1.50
2011.01.19 13:23:41.844,1.33853,1.33881,1.28,1.50
2011.01.19 13:23:42.397,1.33849,1.33887,2.25,1.50
2011.01.19 13:23:42.510,1.33849,1.33884,2.25,1.50
2011.01.19 13:23:43.911,1.33846,1.33882,2.40,1.28
2011.01.19 13:23:44.033,1.33845,1.3388,2.25,1.50
2011.01.19 13:23:44.550,1.33845,1.33874,2.25,1.50
2011.01.19 13:23:46.607,1.33849,1.33878,1.13,1.50
2011.01.19 13:23:46.724,1.33848,1.33882,1.50,4.28
2011.01.19 13:23:47.513,1.33851,1.33882,1.13,1.50
2011.01.19 13:23:49.443,1.33849,1.33882,1.13,2.03
2011.01.19 13:23:49.559,1.33849,1.33882,1.13,2.03
2011.01.19 13:23:50.503,1.33845,1.33881,2.25,1.13
2011.01.19 13:23:50.623,1.33844,1.33875,2.63,1.50
2011.01.19 13:23:50.852,1.33846,1.33879,1.13,1.50
2011.01.19 13:23:51.594,1.33848,1.3388,1.13,1.50
2011.01.19 13:23:53.069,1.33844,1.33875,1.13,1.50
2011.01.19 13:23:53.379,1.33844,1.33875,1.13,1.50
2011.01.19 13:23:54.653,1.33844,1.33878,2.63,1.13
2011.01.19 13:23:54.782,1.3385,1.33881,1.13,1.13
2011.01.19 13:23:55.012,1.33847,1.33878,1.13,2.25
2011.01.19 13:23:55.130,1.33843,1.33878,1.13,4.65
2011.01.19 13:23:55.537,1.3384,1.33873,1.13,1.13
2011.01.19 13:23:55.653,1.33839,1.33872,2.25,1.50
2011.01.19 13:23:57.378,1.33844,1.33872,1.65,1.50
2011.01.19 13:23:57.599,1.33844,1.33873,4.43,1.13
2011.01.19 13:23:58.410,1.33846,1.33875,1.13,1.50
2011.01.19 13:23:58.917,1.33847,1.3388,2.25,1.50
2011.01.19 13:23:59.039,1.33852,1.33884,1.28,1.50
2011.01.19 13:23:59.153,1.33853,1.33886,2.03,2.63
2011.01.19 13:23:59.275,1.3385,1.33885,2.25,1.13
2011.01.19 13:23:59.722,1.33853,1.33883,1.50,1.50
2011.01.19 13:24:00.683,1.33851,1.33883,2.25,1.50
2011.01.19 13:24:02.212,1.33852,1.33883,1.65,1.50
2011.01.19 13:24:02.553,1.33852,1.33881,1.65,1.13
2011.01.19 13:24:02.787,1.3385,1.33879,1.50,1.88
2011.01.19 13:24:03.617,1.33847,1.3388,2.63,1.13
2011.01.19 13:24:06.321,1.33851,1.33879,2.25,6.45
2011.01.19 13:24:06.853,1.33844,1.33871,2.25,1.88
2011.01.19 13:24:06.980,1.33843,1.33874,2.78,1.50
2011.01.19 13:24:07.092,1.33843,1.33875,2.78,1.88
2011.01.19 13:24:07.536,1.33843,1.33875,2.78,1.88
2011.01.19 13:24:13.603,1.33847,1.33875,1.58,1.50
2011.01.19 13:24:14.024,1.33847,1.33876,3.23,1.50
2011.01.19 13:24:14.147,1.33847,1.33882,3.23,1.88
2011.01.19 13:24:14.374,1.33849,1.33877,1.50,1.50
2011.01.19 13:24:14.813,1.33847,1.33877,3.15,1.50
2011.01.19 13:24:16.949,1.33845,1.33874,2.25,1.50
2011.01.19 13:24:21.148,1.33846,1.33874,1.50,1.50
2011.01.19 13:24:21.831,1.33843,1.33874,4.35,1.50
2011.01.19 13:24:22.399,1.33846,1.33873,1.50,1.13
2011.01.19 13:24:23.109,1.33844,1.33873,2.25,1.13
2011.01.19 13:24:24.003,1.33845,1.33873,1.50,1.13
2011.01.19 13:24:24.340,1.33848,1.33874,2.10,1.50
2011.01.19 13:24:24.764,1.3385,1.3388,1.20,1.13
2011.01.19 13:24:25.210,1.3385,1.33876,1.95,1.50
2011.01.19 13:24:25.825,1.33847,1.33874,2.25,1.13
2011.01.19 13:24:27.713,1.33852,1.33881,1.20,1.13
2011.01.19 13:24:27.941,1.33847,1.3388,2.25,1.13
2011.01.19 13:24:28.368,1.33849,1.33879,2.25,1.50
2011.01.19 13:24:28.590,1.33846,1.33878,2.25,1.13
2011.01.19 13:24:29.044,1.33846,1.33875,2.25,1.50
2011.01.19 13:24:29.702,1.33848,1.33875,1.50,1.50
2011.01.19 13:24:30.724,1.33849,1.33881,2.70,2.25
2011.01.19 13:24:31.522,1.33849,1.33878,2.25,1.13
2011.01.19 13:24:32.070,1.33849,1.33876,1.50,1.13
2011.01.19 13:24:32.398,1.33847,1.33876,1.50,1.13
2011.01.19 13:24:33.350,1.33847,1.33875,1.50,1.50
2011.01.19 13:24:33.898,1.33844,1.33875,2.25,1.50
2011.01.19 13:24:34.375,1.33844,1.33868,1.50,1.50
2011.01.19 13:24:34.869,1.33838,1.33859,1.65,1.13
2011.01.19 13:24:35.410,1.33834,1.33864,2.25,1.13
2011.01.19 13:24:35.530,1.33835,1.33864,1.95,1.13
2011.01.19 13:24:35.641,1.33835,1.33864,1.20,1.13
2011.01.19 13:24:36.296,1.33835,1.33866,1.95,1.50
2011.01.19 13:24:37.040,1.33835,1.33866,1.95,1.50
2011.01.19 13:24:37.592,1.33835,1.33866,1.20,1.50
2011.01.19 13:24:38.183,1.33828,1.33857,1.20,1.13
2011.01.19 13:24:38.520,1.3383,1.33853,1.50,1.50
2011.01.19 13:24:38.960,1.3383,1.33852,1.50,1.50
2011.01.19 13:24:39.075,1.33823,1.33851,2.70,1.13
2011.01.19 13:24:40.164,1.33823,1.33851,1.20,1.13
2011.01.19 13:24:40.291,1.33828,1.33856,1.20,1.50
2011.01.19 13:24:42.100,1.3383,1.33857,2.40,1.50
2011.01.19 13:24:43.189,1.33828,1.33856,1.20,2.25
2011.01.19 13:24:46.152,1.33828,1.33856,1.95,2.25
2011.01.19 13:24:46.802,1.33832,1.33856,2.85,1.13
2011.01.19 13:24:47.349,1.33836,1.33861,1.65,1.32
2011.01.19 13:24:47.896,1.33831,1.33862,1.13,1.98
2011.01.19 13:24:48.014,1.33826,1.33861,1.13,1.88
2011.01.19 13:24:48.681,1.33828,1.33855,1.13,1.13
2011.01.19 13:24:49.050,1.33825,1.33855,2.63,1.13
2011.01.19 13:24:49.159,1.33825,1.33856,2.63,1.13
2011.01.19 13:24:56.962,1.33828,1.33857,1.20,1.88
2011.01.19 13:24:57.075,1.3383,1.33861,1.20,1.50
2011.01.19 13:24:57.701,1.33829,1.33857,1.20,1.13
2011.01.19 13:24:58.217,1.33829,1.33857,1.20,1.13
2011.01.19 13:24:59.085,1.33829,1.33857,1.20,1.13
2011.01.19 13:24:59.426,1.33829,1.33857,1.20,1.13
2011.01.19 13:25:00.231,1.33831,1.33857,2.25,1.13
2011.01.19 13:25:00.788,1.33826,1.33856,2.25,1.88
2011.01.19 13:25:01.606,1.33828,1.33856,1.20,1.50
2011.01.19 13:25:01.730,1.33823,1.33856,2.63,1.50
2011.01.19 13:25:02.060,1.33823,1.33854,2.63,1.13
2011.01.19 13:25:02.738,1.33829,1.33859,1.95,1.50
2011.01.19 13:25:03.070,1.33832,1.33859,2.40,1.50
2011.01.19 13:25:03.862,1.33832,1.33864,2.78,1.50
2011.01.19 13:25:11.907,1.3383,1.33863,1.20,1.50
2011.01.19 13:25:12.028,1.33828,1.33858,1.95,1.88
2011.01.19 13:25:12.144,1.33828,1.33858,1.50,1.88
2011.01.19 13:25:12.680,1.33823,1.33856,1.13,1.50
2011.01.19 13:25:16.189,1.33825,1.33856,1.50,1.50
2011.01.19 13:25:16.607,1.33825,1.33851,2.10,1.50
2011.01.19 13:25:17.570,1.33825,1.33851,2.10,1.50
2011.01.19 13:25:17.789,1.33825,1.33854,2.10,1.50
2011.01.19 13:25:18.419,1.33827,1.33854,1.20,1.50
2011.01.19 13:25:18.749,1.33829,1.33862,2.70,1.50
2011.01.19 13:25:22.239,1.33831,1.33863,1.58,1.88
2011.01.19 13:25:22.700,1.33828,1.3386,1.20,1.50
2011.01.19 13:25:26.468,1.33828,1.3386,2.70,1.50
2011.01.19 13:25:26.799,1.33831,1.33862,2.25,1.50
2011.01.19 13:25:27.439,1.33833,1.33862,1.95,1.50
2011.01.19 13:25:27.555,1.33832,1.33866,1.20,1.88
2011.01.19 13:25:27.671,1.33833,1.33861,1.20,1.50
2011.01.19 13:25:27.783,1.33829,1.33861,2.40,1.50
2011.01.19 13:25:28.011,1.33833,1.33861,1.20,1.50
2011.01.19 13:25:34.457,1.33834,1.33868,1.13,1.50
2011.01.19 13:25:34.795,1.33834,1.33865,1.13,1.50
2011.01.19 13:25:35.293,1.33838,1.33868,1.13,1.50
2011.01.19 13:25:35.415,1.33839,1.33868,1.13,1.50
2011.01.19 13:25:35.860,1.33837,1.33868,2.25,1.13
2011.01.19 13:25:36.390,1.33834,1.33866,2.25,1.50
2011.01.19 13:25:37.339,1.33836,1.33869,1.13,1.50
2011.01.19 13:25:38.204,1.33836,1.33869,1.50,1.88
2011.01.19 13:25:38.543,1.33851,1.33878,1.13,1.88
2011.01.19 13:25:39.131,1.33849,1.3388,1.13,1.05
2011.01.19 13:25:39.572,1.33852,1.33884,1.13,1.50
2011.01.19 13:25:40.393,1.3385,1.33882,1.13,1.50
2011.01.19 13:25:40.520,1.33857,1.33887,1.13,1.50
2011.01.19 13:25:41.393,1.33858,1.3389,1.13,1.05
2011.01.19 13:25:42.162,1.33855,1.33888,2.78,1.50
2011.01.19 13:25:43.156,1.33851,1.3388,1.20,1.50
2011.01.19 13:25:46.220,1.33848,1.33879,3.90,1.50
2011.01.19 13:25:46.550,1.33848,1.33876,1.50,1.50
2011.01.19 13:25:49.692,1.33853,1.33875,1.65,1.13
2011.01.19 13:25:50.141,1.33848,1.33875,1.50,1.50
2011.01.19 13:25:50.359,1.33849,1.33875,1.50,1.13
2011.01.19 13:25:52.967,1.33853,1.3388,1.20,1.50
2011.01.19 13:25:53.320,1.33855,1.3388,1.50,1.50
2011.01.19 13:25:54.121,1.33853,1.3388,2.70,1.50
2011.01.19 13:25:54.642,1.33853,1.3388,2.70,1.50
2011.01.19 13:25:56.021,1.33851,1.33877,1.50,1.13
2011.01.19 13:25:56.724,1.33851,1.33875,1.50,1.13
2011.01.19 13:25:57.134,1.3385,1.33874,1.95,1.13
2011.01.19 13:26:00.049,1.3385,1.33874,1.50,1.13
2011.01.19 13:26:01.462,1.3385,1.33873,1.50,1.13
2011.01.19 13:26:03.004,1.3385,1.33873,1.95,1.13
2011.01.19 13:26:03.571,1.33853,1.3388,1.20,2.43
2011.01.19 13:26:04.092,1.33854,1.3388,1.50,2.67
2011.01.19 13:26:05.518,1.33848,1.33875,1.50,1.50
2011.01.19 13:26:05.960,1.33848,1.33875,3.98,1.50
2011.01.19 13:26:11.478,1.33853,1.3388,1.20,1.92
2011.01.19 13:26:14.833,1.33858,1.3388,1.20,1.12
2011.01.19 13:26:15.282,1.33861,1.33891,1.95,1.88
2011.01.19 13:26:15.510,1.33861,1.3389,1.95,1.78
2011.01.19 13:26:16.080,1.33865,1.3389,1.50,1.78
2011.01.19 13:26:16.816,1.33859,1.33884,2.25,1.13
2011.01.19 13:26:17.381,1.33861,1.3389,2.25,2.43
2011.01.19 13:26:18.233,1.33862,1.3389,2.25,1.68
2011.01.19 13:26:19.348,1.33862,1.33892,3.90,1.13
2011.01.19 13:26:20.296,1.33869,1.33897,1.50,1.50
2011.01.19 13:26:20.858,1.33869,1.33897,1.50,1.50
2011.01.19 13:26:21.203,1.3387,1.33896,1.88,1.13
2011.01.19 13:26:21.688,1.33871,1.33894,2.40,1.13
2011.01.19 13:26:22.251,1.33873,1.33901,1.50,1.50
2011.01.19 13:26:22.867,1.33874,1.33902,2.63,1.88
2011.01.19 13:26:23.636,1.33874,1.33902,2.63,2.76
2011.01.19 13:26:24.553,1.33875,1.33902,1.13,2.01
2011.01.19 13:26:24.677,1.33881,1.33907,1.13,1.13
2011.01.19 13:26:24.795,1.33881,1.33907,1.13,1.13
2011.01.19 13:26:25.020,1.33882,1.33911,1.13,1.50
2011.01.19 13:26:26.348,1.33885,1.33912,1.50,1.50
2011.01.19 13:26:26.471,1.33889,1.3392,1.13,1.13
2011.01.19 13:26:26.583,1.33889,1.33922,1.13,1.50
2011.01.19 13:26:26.704,1.33889,1.33921,1.13,1.50
2011.01.19 13:26:27.352,1.33891,1.33921,1.13,1.50
2011.01.19 13:26:27.931,1.33888,1.3392,3.90,1.50
2011.01.19 13:26:28.485,1.3389,1.33916,1.65,1.88
2011.01.19 13:26:28.608,1.33896,1.33916,1.05,1.13
2011.01.19 13:26:28.829,1.33897,1.33919,1.05,1.50
2011.01.19 13:26:29.349,1.33896,1.33919,1.05,1.50
2011.01.19 13:26:29.808,1.33904,1.33927,1.05,1.50
2011.01.19 13:26:30.665,1.33904,1.33927,1.05,1.50
2011.01.19 13:26:30.787,1.33897,1.33921,1.05,1.50
2011.01.19 13:26:32.977,1.33905,1.33921,1.05,1.50
2011.01.19 13:26:33.559,1.33904,1.33921,1.05,1.50
2011.01.19 13:26:33.960,1.33904,1.33927,1.05,1.50
2011.01.19 13:26:34.179,1.33904,1.33925,1.05,1.50
2011.01.19 13:26:34.401,1.33899,1.33925,1.05,1.50
2011.01.19 13:26:35.203,1.339,1.33925,1.05,1.50
2011.01.19 13:26:35.766,1.33892,1.33925,1.80,1.50
2011.01.19 13:26:36.100,1.33897,1.33925,1.05,1.50
2011.01.19 13:26:36.707,1.33906,1.33931,1.05,1.50
2011.01.19 13:26:37.604,1.33898,1.33928,1.80,1.13
2011.01.19 13:26:37.723,1.33898,1.33925,1.80,1.13
2011.01.19 13:26:38.183,1.33899,1.33923,1.05,1.88
2011.01.19 13:26:40.422,1.33899,1.33927,1.80,2.40
2011.01.19 13:26:40.542,1.33909,1.33927,1.05,1.65
2011.01.19 13:26:41.068,1.33899,1.33932,1.80,1.13
2011.01.19 13:26:41.182,1.33899,1.33932,1.80,2.78
2011.01.19 13:26:41.301,1.33899,1.33929,1.05,1.50
2011.01.19 13:26:43.450,1.33899,1.33932,2.18,3.15
2011.01.19 13:26:43.558,1.33899,1.33932,1.80,3.15
2011.01.19 13:26:43.952,1.33909,1.33932,1.05,3.15
2011.01.19 13:26:44.488,1.33909,1.33936,1.05,3.38
2011.01.19 13:26:44.711,1.33899,1.33933,1.80,3.53
2011.01.19 13:26:44.821,1.33899,1.3393,1.80,1.50
2011.01.19 13:26:46.190,1.33898,1.33926,1.80,1.13
2011.01.19 13:26:46.559,1.33905,1.33922,1.05,1.50
2011.01.19 13:26:46.678,1.33905,1.33926,1.05,1.50
2011.01.19 13:26:46.792,1.33906,1.33929,1.05,1.50
2011.01.19 13:26:46.911,1.33906,1.33932,1.05,1.50
2011.01.19 13:26:47.565,1.33905,1.33932,1.05,1.50
2011.01.19 13:26:48.220,1.33906,1.33932,1.05,1.50
2011.01.19 13:26:48.440,1.33907,1.33935,1.05,1.50
2011.01.19 13:26:49.868,1.33905,1.33935,1.05,1.50
2011.01.19 13:26:50.420,1.33906,1.33935,1.05,1.50
2011.01.19 13:26:52.149,1.33914,1.33935,1.05,1.50
2011.01.19 13:26:52.370,1.33906,1.33935,1.05,1.50
2011.01.19 13:26:57.286,1.33905,1.33935,1.05,1.50
2011.01.19 13:26:58.223,1.33914,1.33935,1.05,1.50
2011.01.19 13:26:58.342,1.33906,1.33935,1.05,1.50
2011.01.19 13:26:58.682,1.33905,1.33931,1.05,1.50
2011.01.19 13:26:59.979,1.33905,1.3393,1.05,1.50
2011.01.19 13:27:00.439,1.33897,1.33928,1.80,1.50
2011.01.19 13:27:00.550,1.33906,1.33928,1.05,1.50
2011.01.19 13:27:01.419,1.33905,1.33928,1.05,1.50
2011.01.19 13:27:01.534,1.33905,1.3393,1.05,1.50
2011.01.19 13:27:02.601,1.33895,1.33916,1.65,1.13
2011.01.19 13:27:03.334,1.33885,1.33912,1.05,1.50
2011.01.19 13:27:04.070,1.33885,1.33911,1.05,1.50
2011.01.19 13:27:04.666,1.33886,1.33911,1.05,1.50
2011.01.19 13:27:05.092,1.33895,1.3392,1.05,1.50
2011.01.19 13:27:05.196,1.33895,1.33923,1.05,1.88
2011.01.19 13:27:05.315,1.33896,1.33926,1.05,1.13
2011.01.19 13:27:05.853,1.33897,1.33927,2.18,1.50
2011.01.19 13:27:07.110,1.33904,1.33927,1.05,1.50
2011.01.19 13:27:10.379,1.33896,1.33926,2.18,1.13
2011.01.19 13:27:13.162,1.33895,1.33926,1.05,1.50
2011.01.19 13:27:13.499,1.33895,1.33924,1.05,1.50
2011.01.19 13:27:13.919,1.3389,1.33921,1.13,3.53
2011.01.19 13:27:14.143,1.33896,1.33924,1.05,1.50
2011.01.19 13:27:14.897,1.33895,1.33924,1.05,1.50
2011.01.19 13:27:15.500,1.33896,1.33924,1.05,1.50
2011.01.19 13:27:21.775,1.33895,1.33924,1.05,1.50
2011.01.19 13:27:22.963,1.33892,1.33924,1.50,1.50
2011.01.19 13:27:24.423,1.33893,1.33924,1.13,1.50
2011.01.19 13:27:24.543,1.33896,1.33929,1.13,1.50
2011.01.19 13:27:25.174,1.33903,1.33931,1.65,1.50
2011.01.19 13:27:25.400,1.33908,1.33937,1.50,2.25
2011.01.19 13:27:25.949,1.3391,1.33938,2.03,1.50
2011.01.19 13:27:26.061,1.3391,1.33941,2.78,1.50
2011.01.19 13:27:31.026,1.33925,1.33943,1.13,1.50
2011.01.19 13:27:31.149,1.33927,1.33957,1.13,1.13
2011.01.19 13:27:31.750,1.33925,1.33957,1.50,2.63
2011.01.19 13:27:31.859,1.33918,1.33951,1.13,1.13
2011.01.19 13:27:32.081,1.33915,1.33949,1.50,1.50
2011.01.19 13:27:32.614,1.33915,1.33946,1.50,1.50
2011.01.19 13:27:33.371,1.3392,1.33946,1.13,1.50
2011.01.19 13:27:33.831,1.33928,1.33952,1.13,1.50
2011.01.19 13:27:34.050,1.33927,1.33955,1.13,1.50
2011.01.19 13:27:34.162,1.33923,1.33955,1.50,1.50
2011.01.19 13:27:34.281,1.33924,1.33955,1.50,1.50
2011.01.19 13:27:35.744,1.33938,1.33955,1.13,1.50
2011.01.19 13:27:35.972,1.33938,1.33962,1.13,1.88
2011.01.19 13:27:36.546,1.33934,1.33964,1.50,1.50
2011.01.19 13:27:37.011,1.33932,1.33963,3.15,1.13
2011.01.19 13:27:37.532,1.33932,1.33959,2.40,1.13
2011.01.19 13:27:37.749,1.33937,1.33961,1.13,1.50
2011.01.19 13:27:37.860,1.33937,1.33962,1.13,1.50
2011.01.19 13:27:38.082,1.33934,1.33962,1.50,1.50
2011.01.19 13:27:38.621,1.33931,1.33959,1.20,1.13
2011.01.19 13:27:39.761,1.33925,1.33953,1.20,1.13
2011.01.19 13:27:39.874,1.33928,1.33954,2.48,1.50
2011.01.19 13:27:40.608,1.33928,1.33953,1.65,1.13
2011.01.19 13:27:40.722,1.33928,1.33952,1.65,1.50
2011.01.19 13:27:40.841,1.33926,1.33952,1.65,1.50
2011.01.19 13:27:41.983,1.33919,1.33952,1.13,1.50
2011.01.19 13:27:42.099,1.33918,1.33949,1.13,1.13
2011.01.19 13:27:42.321,1.3392,1.33951,1.13,1.50
2011.01.19 13:27:42.821,1.33919,1.3395,1.13,1.88
2011.01.19 13:27:42.940,1.33919,1.33947,1.13,2.25
2011.01.19 13:27:43.056,1.33919,1.33951,1.13,1.50
2011.01.19 13:27:43.281,1.33919,1.33952,1.13,1.50
2011.01.19 13:27:43.821,1.33923,1.33956,1.58,1.50
2011.01.19 13:27:43.937,1.33924,1.33955,3.23,1.50
2011.01.19 13:27:45.153,1.33924,1.33952,1.20,1.50
2011.01.19 13:27:45.760,1.33919,1.33952,2.25,1.50
2011.01.19 13:27:46.331,1.33918,1.33948,1.13,1.50
2011.01.19 13:27:47.561,1.33917,1.33948,1.50,1.50
2011.01.19 13:27:48.804,1.33917,1.33949,1.50,1.50
2011.01.19 13:27:48.922,1.33919,1.33951,1.50,1.50
2011.01.19 13:27:55.631,1.3392,1.33951,1.58,1.50
2011.01.19 13:27:55.751,1.33922,1.33955,1.58,1.50
2011.01.19 13:27:58.877,1.33924,1.33955,2.33,1.50
2011.01.19 13:27:58.999,1.33932,1.33963,1.20,1.50
2011.01.19 13:28:04.446,1.33936,1.33966,1.50,1.50
2011.01.19 13:28:05.079,1.33936,1.33968,2.33,1.50
2011.01.19 13:28:05.322,1.33938,1.33969,1.58,1.50
2011.01.19 13:28:06.822,1.3395,1.33974,1.65,1.50
2011.01.19 13:28:06.944,1.33953,1.3398,2.10,1.50
2011.01.19 13:28:07.558,1.33956,1.33984,1.65,1.88
2011.01.19 13:28:07.682,1.33951,1.33984,1.65,1.88
2011.01.19 13:28:08.031,1.33951,1.33984,2.48,1.50
2011.01.19 13:28:08.148,1.33956,1.33986,1.20,1.50
2011.01.19 13:28:09.082,1.33954,1.33982,2.40,1.50
2011.01.19 13:28:09.311,1.33949,1.33982,1.13,1.50
2011.01.19 13:28:10.202,1.33948,1.3398,2.10,1.50
2011.01.19 13:28:10.323,1.33948,1.33982,2.10,1.50
2011.01.19 13:28:11.123,1.33956,1.33985,1.50,1.50
2011.01.19 13:28:11.804,1.33954,1.33986,1.20,1.50
2011.01.19 13:28:12.240,1.33948,1.33983,1.13,3.15
2011.01.19 13:28:12.467,1.33953,1.33983,1.95,1.50
2011.01.19 13:28:13.106,1.33958,1.33985,1.65,1.50
2011.01.19 13:28:13.452,1.33953,1.33983,3.15,1.50
2011.01.19 13:28:13.905,1.33953,1.33983,1.95,1.50
2011.01.19 13:28:14.410,1.33955,1.33983,1.20,1.50
2011.01.19 13:28:14.526,1.33953,1.33983,2.85,1.50
2011.01.19 13:28:16.435,1.33953,1.33983,2.40,1.50
2011.01.19 13:28:18.227,1.3395,1.33983,1.13,1.50
2011.01.19 13:28:18.576,1.33948,1.33977,1.13,1.50
2011.01.19 13:28:22.833,1.33943,1.33977,1.13,2.25
2011.01.19 13:28:24.737,1.33946,1.33977,1.50,1.50
2011.01.19 13:28:24.861,1.33949,1.33982,1.13,1.50
2011.01.19 13:28:24.974,1.33949,1.33985,1.13,1.88
2011.01.19 13:28:25.753,1.3395,1.33982,1.13,1.50
2011.01.19 13:28:27.110,1.33951,1.33986,1.13,1.13
2011.01.19 13:28:27.618,1.33954,1.33988,1.13,3.75
2011.01.19 13:28:28.607,1.33956,1.33988,1.13,3.00
2011.01.19 13:28:28.720,1.33956,1.33988,1.13,2.25
2011.01.19 13:28:29.052,1.33955,1.33982,1.13,2.25
2011.01.19 13:28:30.163,1.33958,1.33989,1.50,2.40
2011.01.19 13:28:30.620,1.33965,1.33989,1.13,1.65
2011.01.19 13:28:30.737,1.33965,1.33997,1.13,2.25
2011.01.19 13:28:34.136,1.33967,1.3399,1.13,2.40
2011.01.19 13:28:34.361,1.33965,1.33992,1.13,1.50
2011.01.19 13:28:34.470,1.33966,1.33997,1.13,4.13
2011.01.19 13:28:36.787,1.33963,1.33996,1.13,1.88
2011.01.19 13:28:38.008,1.33963,1.33993,1.13,3.15
2011.01.19 13:28:38.122,1.3396,1.33991,1.13,1.50
2011.01.19 13:28:38.353,1.33956,1.33991,1.13,1.88
2011.01.19 13:28:38.583,1.33954,1.33988,1.13,1.50
2011.01.19 13:28:39.231,1.3395,1.33984,2.25,2.40
2011.01.19 13:28:39.351,1.33951,1.33982,1.13,1.50
2011.01.19 13:28:39.464,1.33952,1.33986,1.50,1.50
2011.01.19 13:28:39.584,1.33958,1.33987,1.13,1.50
2011.01.19 13:28:39.701,1.33958,1.33988,1.13,3.00
2011.01.19 13:28:40.340,1.33957,1.33991,1.13,3.15
2011.01.19 13:28:41.415,1.33959,1.33988,1.13,1.50
2011.01.19 13:28:41.543,1.33955,1.33982,1.50,1.13
2011.01.19 13:28:42.116,1.33955,1.33983,1.50,1.50
2011.01.19 13:28:42.906,1.33952,1.33983,1.13,1.50
2011.01.19 13:28:43.239,1.33954,1.33987,1.13,1.50
2011.01.19 13:28:43.661,1.33954,1.33987,1.13,1.50
2011.01.19 13:28:44.186,1.33956,1.33987,1.13,1.50
2011.01.19 13:28:44.760,1.33951,1.33985,2.63,1.13
2011.01.19 13:28:45.089,1.33951,1.33983,1.13,1.50
2011.01.19 13:28:45.649,1.33966,1.3399,1.50,2.40
2011.01.19 13:28:45.768,1.3397,1.34001,1.13,1.88
2011.01.19 13:28:45.882,1.3397,1.34006,1.13,1.50
2011.01.19 13:28:46.001,1.33973,1.34006,1.13,1.50
2011.01.19 13:28:46.341,1.33968,1.34004,2.40,1.50
2011.01.19 13:28:46.452,1.33963,1.33996,4.28,1.50
2011.01.19 13:28:46.899,1.33959,1.3399,1.13,1.50
2011.01.19 13:28:47.451,1.33962,1.3399,3.53,1.50
2011.01.19 13:28:47.559,1.33964,1.33997,1.13,1.50
2011.01.19 13:28:47.890,1.33968,1.34,1.13,1.50
2011.01.19 13:28:48.684,1.33969,1.34,1.13,1.50
2011.01.19 13:28:48.910,1.3397,1.34004,1.13,1.50
2011.01.19 13:28:49.350,1.33974,1.34007,2.10,1.50
2011.01.19 13:28:49.571,1.33974,1.34006,2.85,1.50
2011.01.19 13:28:51.402,1.3397,1.34002,1.13,1.50
2011.01.19 13:28:51.725,1.3397,1.34003,1.13,1.50
2011.01.19 13:28:51.839,1.33964,1.33998,2.63,1.50
2011.01.19 13:28:53.701,1.33968,1.33998,1.65,1.50
2011.01.19 13:28:53.923,1.33968,1.34,3.23,1.50
2011.01.19 13:28:54.698,1.33968,1.33996,1.65,1.13
2011.01.19 13:28:54.920,1.33965,1.33993,1.88,1.50
2011.01.19 13:28:55.611,1.33961,1.33993,1.13,1.50
2011.01.19 13:28:55.941,1.33964,1.33996,1.13,1.50
2011.01.19 13:28:56.055,1.33965,1.33996,1.13,1.50
2011.01.19 13:28:57.020,1.33961,1.33994,2.25,1.88
2011.01.19 13:28:57.131,1.33961,1.33993,2.25,1.88
2011.01.19 13:28:57.242,1.33959,1.33993,3.00,1.88
2011.01.19 13:28:57.940,1.33959,1.33993,1.13,1.50
2011.01.19 13:28:58.194,1.3396,1.33993,1.13,1.50
2011.01.19 13:28:59.611,1.33962,1.33993,1.13,1.50
2011.01.19 13:28:59.730,1.33966,1.34,1.13,3.15
2011.01.19 13:29:00.507,1.33973,1.34,4.50,3.15
2011.01.19 13:29:00.631,1.3398,1.34011,1.13,1.50
2011.01.19 13:29:00.863,1.33974,1.3401,1.20,1.13
2011.01.19 13:29:01.094,1.33972,1.34008,2.63,2.40
2011.01.19 13:29:01.621,1.33967,1.34004,1.20,1.50
2011.01.19 13:29:01.949,1.33966,1.34002,1.95,1.50
2011.01.19 13:29:07.573,1.33963,1.33994,1.88,2.78
2011.01.19 13:29:07.923,1.33969,1.33994,1.13,1.65
2011.01.19 13:29:08.431,1.33954,1.33993,3.00,1.65
2011.01.19 13:29:10.561,1.33964,1.33997,2.40,1.50
2011.01.19 13:29:11.161,1.33964,1.34001,2.40,1.50
2011.01.19 13:29:11.706,1.33969,1.34,1.13,1.50
2011.01.19 13:29:14.668,1.33965,1.33998,1.13,1.50
2011.01.19 13:29:15.220,1.33964,1.33996,2.78,1.50
2011.01.19 13:29:15.550,1.33961,1.33994,1.13,2.25
2011.01.19 13:29:16.057,1.33953,1.3399,2.78,1.13
2011.01.19 13:29:16.174,1.33953,1.33988,2.40,1.13
2011.01.19 13:29:16.620,1.33951,1.33984,1.13,1.50
2011.01.19 13:29:19.483,1.33951,1.33984,1.13,1.50
2011.01.19 13:29:20.001,1.33947,1.33976,1.13,1.50
2011.01.19 13:29:20.346,1.33945,1.33976,1.13,1.50
2011.01.19 13:29:20.973,1.33944,1.33973,1.13,1.50
2011.01.19 13:29:21.524,1.33948,1.33973,1.50,1.50
2011.01.19 13:29:21.645,1.33956,1.33983,1.13,1.88
2011.01.19 13:29:22.168,1.33956,1.33985,1.13,1.50
2011.01.19 13:29:24.115,1.33951,1.33985,1.13,1.50
2011.01.19 13:29:24.235,1.33951,1.33983,1.13,1.50
2011.01.19 13:29:25.653,1.33952,1.33985,1.13,1.50
2011.01.19 13:29:26.634,1.33956,1.33988,1.13,1.50
2011.01.19 13:29:30.598,1.33953,1.33988,1.13,1.50
2011.01.19 13:29:30.722,1.33948,1.33984,1.13,1.13
2011.01.19 13:29:30.951,1.33951,1.33982,1.13,1.50
2011.01.19 13:29:32.062,1.33947,1.33982,1.13,1.50
2011.01.19 13:29:32.279,1.33942,1.33987,1.50,2.25
2011.01.19 13:29:32.489,1.33947,1.33987,1.13,1.50
2011.01.19 13:29:33.079,1.33946,1.33985,1.65,2.25
2011.01.19 13:29:33.301,1.33941,1.33984,2.25,2.40
2011.01.19 13:29:35.781,1.33937,1.33983,1.88,2.63
2011.01.19 13:29:36.301,1.33937,1.33984,1.88,5.03
2011.01.19 13:29:36.632,1.3394,1.33984,1.13,4.28
2011.01.19 13:29:37.769,1.33937,1.33984,5.03,1.50
2011.01.19 13:29:38.191,1.33937,1.33979,3.53,1.50
2011.01.19 13:29:38.310,1.33934,1.33977,1.88,2.25
2011.01.19 13:29:38.424,1.33932,1.33977,1.50,2.25
2011.01.19 13:29:39.040,1.33932,1.33977,1.50,2.25
2011.01.19 13:29:39.153,1.33932,1.33977,1.13,2.25
2011.01.19 13:29:39.384,1.3393,1.33975,1.88,4.50
2011.01.19 13:29:39.502,1.33928,1.33975,1.13,4.50
2011.01.19 13:29:39.732,1.33929,1.3397,1.50,1.50
2011.01.19 13:29:39.855,1.33933,1.33972,1.88,1.88
2011.01.19 13:29:41.207,1.33933,1.33977,1.43,2.25
2011.01.19 13:29:41.721,1.33933,1.33975,1.43,4.50
2011.01.19 13:29:42.275,1.33936,1.33969,1.50,2.25
2011.01.19 13:29:42.399,1.33936,1.33973,1.50,1.88
2011.01.19 13:29:42.512,1.33938,1.33973,1.50,1.88
2011.01.19 13:29:42.632,1.33938,1.33976,1.50,2.25
2011.01.19 13:29:42.860,1.33931,1.33976,1.88,2.25
2011.01.19 13:29:43.421,1.33931,1.33976,1.88,2.25
2011.01.19 13:29:43.532,1.33942,1.33976,4.50,1.50
2011.01.19 13:29:43.656,1.33949,1.33979,1.13,3.38
2011.01.19 13:29:44.227,1.33938,1.33988,3.00,5.25
2011.01.19 13:29:44.344,1.33939,1.33981,1.88,4.50
2011.01.19 13:29:44.465,1.33931,1.33981,1.13,4.50
2011.01.19 13:29:44.887,1.3393,1.33981,1.13,7.88
2011.01.19 13:29:45.452,1.3393,1.33979,1.13,3.38
2011.01.19 13:29:46.101,1.33929,1.33978,1.13,2.25
2011.01.19 13:29:46.777,1.33926,1.33976,2.25,4.50
2011.01.19 13:29:46.900,1.33937,1.33982,1.13,1.88
2011.01.19 13:29:47.124,1.33937,1.33986,1.13,2.25
2011.01.19 13:29:47.871,1.33937,1.33976,1.13,1.88
2011.01.19 13:29:48.461,1.33937,1.33968,1.13,1.88
2011.01.19 13:29:49.371,1.3393,1.33968,1.13,1.88
2011.01.19 13:29:49.920,1.3393,1.33968,1.13,1.88
2011.01.19 13:29:50.032,1.33923,1.33968,1.50,2.63
2011.01.19 13:29:50.450,1.33917,1.33965,1.13,2.63
2011.01.19 13:29:50.567,1.33913,1.33965,1.13,6.38
2011.01.19 13:29:50.794,1.3391,1.33961,2.25,4.50
2011.01.19 13:29:51.523,1.33907,1.3396,1.13,2.63
2011.01.19 13:29:51.863,1.33914,1.33958,4.50,1.88
2011.01.19 13:29:52.090,1.33921,1.33961,1.13,1.88
2011.01.19 13:29:52.572,1.33921,1.33965,1.13,1.88
2011.01.19 13:29:53.100,1.33914,1.33967,6.38,1.88
2011.01.19 13:29:53.331,1.33914,1.33955,1.88,4.50
2011.01.19 13:29:53.443,1.33914,1.33966,1.88,4.50
2011.01.19 13:29:53.906,1.33904,1.3396,2.63,6.38
2011.01.19 13:29:54.025,1.33905,1.33959,4.50,2.63
2011.01.19 13:29:54.141,1.3391,1.33959,4.50,1.88
2011.01.19 13:29:54.685,1.3391,1.3396,4.50,1.88
2011.01.19 13:29:54.804,1.3391,1.33963,4.50,2.63
2011.01.19 13:29:56.980,1.33909,1.33956,1.88,4.50
2011.01.19 13:29:57.091,1.33909,1.33965,2.63,4.50
2011.01.19 13:29:57.200,1.33909,1.33968,6.38,2.63
2011.01.19 13:29:57.529,1.33906,1.33966,2.63,4.50
2011.01.19 13:29:57.859,1.3391,1.33966,4.50,2.63
2011.01.19 13:30:00.470,1.33915,1.33967,4.50,2.63
2011.01.19 13:30:00.799,1.3391,1.33969,4.50,4.50
2011.01.19 13:30:00.914,1.33912,1.33966,2.63,4.50
2011.01.19 13:30:01.373,1.33915,1.33971,4.50,2.63
2011.01.19 13:30:01.710,1.33916,1.33969,2.63,4.50
2011.01.19 13:30:02.053,1.33915,1.33966,1.88,4.50
2011.01.19 13:30:02.165,1.33914,1.33968,4.50,2.63
2011.01.19 13:30:02.390,1.33916,1.33974,2.63,1.88
2011.01.19 13:30:02.904,1.33939,1.34023,1.88,1.88
2011.01.19 13:30:03.241,1.33942,1.34024,1.88,1.88
2011.01.19 13:30:03.641,1.33949,1.34029,1.88,1.88
2011.01.19 13:30:03.969,1.33942,1.34025,1.88,1.88
2011.01.19 13:30:04.081,1.33942,1.33987,1.88,4.50
2011.01.19 13:30:04.610,1.3393,1.33987,2.63,4.50
2011.01.19 13:30:05.720,1.33929,1.33981,2.63,4.50
2011.01.19 13:30:06.104,1.33929,1.33976,1.88,4.50
2011.01.19 13:30:06.227,1.33924,1.33978,5.03,2.63
2011.01.19 13:30:07.057,1.33943,1.33987,4.50,1.88
2011.01.19 13:30:07.389,1.3395,1.34,4.50,1.88
2011.01.19 13:30:07.927,1.33965,1.34008,4.50,1.88
2011.01.19 13:30:08.162,1.33974,1.34022,4.50,1.88
2011.01.19 13:30:08.390,1.33974,1.34025,4.50,1.88
2011.01.19 13:30:08.866,1.33967,1.34028,6.38,4.50
2011.01.19 13:30:09.088,1.33968,1.3402,2.63,4.50
2011.01.19 13:30:09.617,1.33962,1.34013,1.88,4.50
2011.01.19 13:30:09.960,1.33943,1.33998,3.60,4.50
2011.01.19 13:30:10.072,1.33972,1.33999,1.20,1.50
2011.01.19 13:30:10.423,1.33972,1.34001,1.20,1.88
2011.01.19 13:30:10.548,1.33961,1.34004,1.88,2.25
2011.01.19 13:30:10.659,1.33965,1.34004,1.88,2.25
2011.01.19 13:30:11.144,1.33948,1.34004,1.20,2.25
2011.01.19 13:30:11.263,1.33951,1.34004,4.50,2.25
2011.01.19 13:30:11.799,1.33952,1.34004,1.20,2.25
2011.01.19 13:30:11.914,1.33951,1.34004,4.50,2.25
2011.01.19 13:30:12.360,1.33953,1.34005,1.20,4.50
2011.01.19 13:30:13.000,1.33945,1.33988,1.88,6.00
2011.01.19 13:30:13.431,1.33944,1.33996,2.63,1.80
2011.01.19 13:30:13.548,1.33959,1.33998,1.20,1.88
2011.01.19 13:30:13.881,1.33958,1.34017,4.95,4.50
2011.01.19 13:30:14.527,1.33973,1.3402,1.20,1.88
2011.01.19 13:30:15.106,1.3398,1.3402,2.25,1.88
2011.01.19 13:30:15.230,1.3398,1.34029,2.25,1.88
2011.01.19 13:30:16.003,1.3398,1.3403,2.25,2.63
2011.01.19 13:30:16.125,1.33985,1.3403,1.50,3.38
2011.01.19 13:30:16.481,1.33993,1.34023,1.13,1.50
2011.01.19 13:30:17.023,1.33977,1.34011,1.13,1.13
2011.01.19 13:30:17.142,1.33972,1.34003,1.13,1.50
2011.01.19 13:30:17.483,1.33977,1.34003,1.95,1.50
2011.01.19 13:30:17.847,1.33998,1.34003,1.50,1.50
2011.01.19 13:30:17.971,1.34,1.34015,1.50,1.88
2011.01.19 13:30:18.087,1.33996,1.34037,2.63,3.30
2011.01.19 13:30:18.547,1.33996,1.34029,2.63,1.50
2011.01.19 13:30:18.668,1.33995,1.34023,2.63,1.50
2011.01.19 13:30:19.331,1.33988,1.34023,2.25,1.50
2011.01.19 13:30:21.385,1.33988,1.34021,1.13,1.50
2011.01.19 13:30:21.613,1.33984,1.34013,1.50,1.50
2011.01.19 13:30:22.872,1.33971,1.34003,2.63,1.50
2011.01.19 13:30:23.630,1.33967,1.34,1.13,1.50
2011.01.19 13:30:23.852,1.33965,1.33999,1.13,1.13
2011.01.19 13:30:24.478,1.33965,1.33997,1.13,1.50
2011.01.19 13:30:26.918,1.33966,1.33997,1.13,1.50
2011.01.19 13:30:27.042,1.33972,1.34006,1.13,1.50
2011.01.19 13:30:27.934,1.33983,1.34006,1.13,1.50
2011.01.19 13:30:28.062,1.33979,1.34015,1.13,1.13
2011.01.19 13:30:32.160,1.33977,1.34012,1.13,1.88
2011.01.19 13:30:32.272,1.33979,1.34012,1.13,1.50
2011.01.19 13:30:32.832,1.33984,1.34016,1.13,1.50
2011.01.19 13:30:34.523,1.33987,1.34016,1.20,1.50
2011.01.19 13:30:34.958,1.33995,1.34026,1.20,3.00
2011.01.19 13:30:35.072,1.33995,1.34026,1.20,1.50
2011.01.19 13:30:36.030,1.33991,1.34026,1.13,1.50
2011.01.19 13:30:36.690,1.3399,1.34024,1.58,1.50
2011.01.19 13:30:37.041,1.33991,1.34021,1.13,1.05
2011.01.19 13:30:37.382,1.33999,1.34031,1.13,1.50
2011.01.19 13:30:38.905,1.33995,1.34028,1.13,1.50
2011.01.19 13:30:39.021,1.33995,1.34028,1.13,1.50
2011.01.19 13:30:39.790,1.33999,1.34031,1.13,1.50
2011.01.19 13:30:39.901,1.33997,1.34031,1.13,1.50
2011.01.19 13:30:40.011,1.34,1.34032,1.50,1.13
2011.01.19 13:30:40.122,1.34002,1.34034,1.20,1.50
2011.01.19 13:30:40.653,1.34002,1.34034,1.95,1.50
2011.01.19 13:30:41.551,1.34001,1.34035,1.13,1.50
2011.01.19 13:30:41.896,1.34002,1.34027,1.20,2.03
2011.01.19 13:30:42.014,1.33997,1.34028,2.25,1.50
2011.01.19 13:30:42.442,1.33992,1.34028,2.63,3.00
2011.01.19 13:30:42.570,1.33988,1.34026,1.95,1.50
2011.01.19 13:30:44.412,1.33993,1.3403,1.13,1.50
2011.01.19 13:30:44.773,1.33993,1.34028,1.13,1.50
2011.01.19 13:30:45.621,1.33999,1.34027,1.13,1.50
2011.01.19 13:30:45.841,1.34004,1.34033,1.13,1.50
2011.01.19 13:30:45.951,1.34007,1.34034,1.13,3.38
2011.01.19 13:30:46.554,1.34006,1.34035,1.13,1.88
2011.01.19 13:30:46.680,1.34005,1.34045,1.13,5.03
2011.01.19 13:30:46.798,1.34005,1.34044,1.88,1.50
2011.01.19 13:30:46.914,1.34006,1.34044,1.20,1.50
2011.01.19 13:30:47.407,1.34015,1.34046,1.20,2.25
2011.01.19 13:30:48.038,1.34016,1.34052,2.33,1.88
2011.01.19 13:30:48.534,1.34022,1.34056,1.50,3.00
2011.01.19 13:30:48.651,1.34022,1.34056,1.50,1.50
2011.01.19 13:30:49.037,1.34025,1.34062,1.13,1.88
2011.01.19 13:30:49.266,1.34026,1.34058,1.13,1.50
2011.01.19 13:30:49.490,1.34028,1.34058,1.13,1.50
2011.01.19 13:30:49.600,1.34025,1.34058,1.13,2.25
2011.01.19 13:30:50.577,1.34028,1.34057,1.13,1.50
2011.01.19 13:30:50.694,1.34027,1.34058,1.13,2.25
2011.01.19 13:30:51.509,1.34034,1.34065,1.13,2.63
2011.01.19 13:30:51.844,1.34041,1.3407,1.13,2.63
2011.01.19 13:30:52.195,1.34041,1.3407,1.13,1.88
2011.01.19 13:30:52.754,1.34041,1.34073,1.13,2.25
2011.01.19 13:30:53.090,1.34038,1.34071,1.13,1.50
2011.01.19 13:30:53.511,1.34036,1.3407,1.13,1.50
2011.01.19 13:30:53.842,1.34033,1.34066,1.13,1.50
2011.01.19 13:30:53.961,1.34033,1.34066,1.13,2.25
2011.01.19 13:30:54.297,1.34033,1.34065,1.13,2.25
2011.01.19 13:30:54.419,1.34031,1.34065,1.13,2.25
2011.01.19 13:30:54.641,1.34031,1.34065,1.13,2.25
2011.01.19 13:30:54.751,1.34031,1.34064,1.13,1.50
2011.01.19 13:30:55.084,1.34041,1.3407,1.20,1.50
2011.01.19 13:30:55.612,1.34041,1.34072,1.20,1.50
2011.01.19 13:30:55.843,1.34035,1.34067,3.00,1.13
2011.01.19 13:30:56.394,1.34034,1.34068,1.13,1.50
2011.01.19 13:30:56.515,1.34036,1.34067,1.13,1.50
2011.01.19 13:30:57.710,1.3404,1.34072,1.13,1.50
2011.01.19 13:30:58.502,1.34043,1.3407,1.13,1.28
2011.01.19 13:30:58.624,1.34035,1.34063,1.50,1.50
2011.01.19 13:30:58.748,1.3403,1.3406,1.13,1.28
2011.01.19 13:31:01.020,1.34035,1.34062,1.13,1.50
2011.01.19 13:31:01.132,1.34037,1.34067,1.13,2.25
2011.01.19 13:31:01.252,1.34039,1.34068,2.25,1.50
2011.01.19 13:31:01.591,1.34054,1.34082,1.13,1.88
2011.01.19 13:31:01.936,1.34057,1.34082,1.13,1.88
2011.01.19 13:31:02.058,1.34059,1.34091,1.13,1.50
2011.01.19 13:31:02.176,1.34059,1.3409,1.13,2.78
2011.01.19 13:31:02.805,1.34062,1.34091,1.13,1.88
2011.01.19 13:31:02.928,1.34065,1.34097,1.13,4.88
2011.01.19 13:31:03.151,1.34065,1.34095,1.13,1.88
2011.01.19 13:31:03.482,1.34063,1.34092,1.13,3.30
2011.01.19 13:31:03.907,1.3406,1.3409,1.13,1.05
2011.01.19 13:31:04.473,1.3406,1.3409,1.13,1.05
2011.01.19 13:31:05.038,1.34061,1.34092,1.13,2.63
2011.01.19 13:31:05.167,1.34054,1.34088,1.43,1.50
2011.01.19 13:31:05.290,1.34054,1.34088,1.28,1.50
2011.01.19 13:31:05.404,1.34054,1.34083,1.13,1.69
2011.01.19 13:31:05.733,1.34052,1.34083,1.13,2.44
2011.01.19 13:31:05.850,1.3405,1.34074,1.65,1.50
2011.01.19 13:31:05.961,1.34043,1.34074,1.13,1.50
2011.01.19 13:31:06.072,1.34048,1.34074,1.65,1.50
2011.01.19 13:31:06.402,1.34045,1.34074,1.13,1.50
2011.01.19 13:31:06.517,1.34041,1.34073,1.13,1.50
2011.01.19 13:31:07.509,1.34029,1.34064,2.63,1.50
2011.01.19 13:31:07.627,1.3403,1.34058,2.63,1.50
2011.01.19 13:31:08.025,1.34029,1.34059,1.88,1.50
2011.01.19 13:31:08.154,1.34023,1.34059,2.25,1.50
2011.01.19 13:31:08.799,1.3402,1.34054,4.35,1.69
2011.01.19 13:31:08.922,1.34017,1.34048,2.25,1.69
2011.01.19 13:31:09.033,1.34016,1.34042,1.50,1.50
2011.01.19 13:31:09.468,1.34007,1.34042,4.13,1.50
2011.01.19 13:31:09.682,1.34009,1.34044,1.20,1.50
2011.01.19 13:31:09.793,1.34009,1.34045,1.20,1.50
2011.01.19 13:31:10.271,1.3401,1.34047,1.95,1.50
2011.01.19 13:31:11.049,1.34012,1.34045,1.58,1.50
2011.01.19 13:31:11.166,1.34006,1.34042,2.63,1.13
2011.01.19 13:31:11.698,1.34005,1.34042,1.13,2.63
2011.01.19 13:31:11.817,1.34005,1.34039,1.13,1.50
2011.01.19 13:31:12.772,1.34005,1.34034,1.13,1.50
2011.01.19 13:31:12.891,1.34005,1.34038,1.13,3.00
2011.01.19 13:31:13.561,1.34008,1.34042,1.13,2.25
2011.01.19 13:31:13.671,1.34008,1.34042,1.50,2.25
2011.01.19 13:31:14.362,1.34027,1.34059,1.13,4.13
2011.01.19 13:31:15.005,1.34018,1.34057,3.00,1.88
2011.01.19 13:31:15.128,1.34019,1.34054,2.63,1.50
2011.01.19 13:31:15.244,1.34015,1.34049,1.20,1.13
2011.01.19 13:31:15.681,1.34015,1.34046,1.20,1.50
2011.01.19 13:31:15.799,1.34028,1.34061,1.58,1.50
2011.01.19 13:31:17.612,1.34032,1.34065,1.13,1.50
2011.01.19 13:31:18.043,1.34034,1.34068,1.13,1.13
2011.01.19 13:31:18.271,1.34033,1.34067,1.13,1.50
2011.01.19 13:31:18.490,1.34033,1.34066,1.13,1.50
2011.01.19 13:31:19.052,1.3403,1.34059,1.13,1.50
2011.01.19 13:31:19.953,1.3403,1.34059,1.69,1.50
2011.01.19 13:31:20.510,1.34046,1.34069,2.25,1.88
2011.01.19 13:31:20.628,1.34046,1.34077,2.25,1.50
2011.01.19 13:31:21.617,1.34045,1.34078,1.13,1.50
2011.01.19 13:31:21.841,1.34037,1.34069,2.63,1.13
2011.01.19 13:31:22.073,1.34034,1.34068,1.13,1.50
2011.01.19 13:31:22.601,1.3403,1.34062,1.28,1.88
2011.01.19 13:31:23.040,1.34029,1.34062,1.28,1.50
2011.01.19 13:31:23.385,1.34029,1.34062,1.28,1.50
2011.01.19 13:31:23.733,1.34023,1.34041,1.88,1.13
2011.01.19 13:31:23.857,1.34016,1.34042,1.65,1.50
2011.01.19 13:31:24.307,1.34007,1.34041,2.63,1.50
2011.01.19 13:31:24.532,1.34007,1.34041,2.63,1.50
2011.01.19 13:31:24.965,1.34007,1.34037,1.88,2.03
2011.01.19 13:31:25.195,1.34006,1.34035,2.48,1.50
2011.01.19 13:31:25.681,1.3401,1.34043,1.58,2.25
2011.01.19 13:31:26.335,1.34012,1.34044,2.63,1.50
2011.01.19 13:31:26.681,1.34008,1.34032,1.50,1.50
2011.01.19 13:31:26.801,1.34002,1.34032,1.88,1.50
2011.01.19 13:31:27.444,1.34002,1.34029,1.88,1.50
2011.01.19 13:31:27.785,1.34001,1.34023,1.88,1.50
2011.01.19 13:31:28.334,1.33998,1.34027,2.25,1.50
2011.01.19 13:31:28.456,1.34,1.34027,2.63,1.50
2011.01.19 13:31:28.684,1.34,1.34027,2.82,1.50
2011.01.19 13:31:29.533,1.34002,1.34028,3.15,1.50
2011.01.19 13:31:30.583,1.34007,1.3403,1.50,1.50
2011.01.19 13:31:30.704,1.34001,1.3403,1.28,1.50
2011.01.19 13:31:31.283,1.34003,1.34032,1.50,1.50
2011.01.19 13:31:31.730,1.33997,1.3403,1.88,1.50
2011.01.19 13:31:32.555,1.33988,1.3402,1.13,1.50
2011.01.19 13:31:33.113,1.33979,1.34017,2.63,1.13
2011.01.19 13:31:33.543,1.33979,1.3401,2.63,1.50
2011.01.19 13:31:33.893,1.33978,1.34008,1.28,1.50
2011.01.19 13:31:34.563,1.33981,1.34007,1.28,1.50
2011.01.19 13:31:35.106,1.3398,1.34007,2.03,1.50
2011.01.19 13:31:35.232,1.33985,1.34014,1.13,2.25
2011.01.19 13:31:35.340,1.33987,1.34014,1.65,2.25
2011.01.19 13:31:35.453,1.33987,1.34018,1.65,2.25
2011.01.19 13:31:37.401,1.33982,1.34014,1.13,1.50
2011.01.19 13:31:37.922,1.33982,1.34014,1.13,2.25
2011.01.19 13:31:38.033,1.33982,1.34011,1.13,1.50
2011.01.19 13:31:38.376,1.33988,1.34011,1.13,1.50
2011.01.19 13:31:38.807,1.3399,1.34011,1.65,1.50
2011.01.19 13:31:38.927,1.33992,1.34022,1.28,2.25
2011.01.19 13:31:39.634,1.33997,1.34021,1.50,2.03
2011.01.19 13:31:39.760,1.33987,1.34018,2.63,1.50
2011.01.19 13:31:40.182,1.33986,1.34016,3.00,1.50
2011.01.19 13:31:40.295,1.3398,1.34012,2.63,1.50
2011.01.19 13:31:40.409,1.3398,1.34012,2.63,2.25
2011.01.19 13:31:42.019,1.33973,1.34011,1.13,1.50
2011.01.19 13:31:43.372,1.33983,1.34014,1.13,1.50
2011.01.19 13:31:44.694,1.33985,1.34016,1.50,2.25
2011.01.19 13:31:45.029,1.33986,1.34016,1.13,2.03
2011.01.19 13:31:45.912,1.33993,1.34024,1.13,1.28
2011.01.19 13:31:46.133,1.34003,1.34026,1.13,1.88
2011.01.19 13:31:46.676,1.34002,1.34032,1.28,1.50
2011.01.19 13:31:47.023,1.33998,1.34031,1.13,1.50
2011.01.19 13:31:47.442,1.33994,1.34028,1.13,1.13
2011.01.19 13:31:47.566,1.33993,1.34027,1.13,1.50
2011.01.19 13:31:47.902,1.33996,1.34027,1.28,1.50
2011.01.19 13:31:48.450,1.33996,1.34027,1.50,1.50
2011.01.19 13:31:48.572,1.34002,1.3403,1.28,2.25
2011.01.19 13:31:48.699,1.34005,1.34032,2.44,2.25
2011.01.19 13:31:49.240,1.34019,1.34042,2.25,1.88
2011.01.19 13:31:49.570,1.34017,1.34054,2.63,1.50
2011.01.19 13:31:50.432,1.34014,1.34052,1.13,1.69
2011.01.19 13:31:50.545,1.34011,1.3405,2.25,1.50
2011.01.19 13:31:51.068,1.34009,1.34048,2.63,1.50
2011.01.19 13:31:52.095,1.34009,1.34047,2.63,1.50
2011.01.19 13:31:52.535,1.34002,1.34034,2.63,2.03
2011.01.19 13:31:52.655,1.34008,1.34038,1.13,1.50
2011.01.19 13:31:53.100,1.34016,1.34039,1.28,2.25
2011.01.19 13:31:53.221,1.34016,1.34044,1.50,1.50
2011.01.19 13:31:53.456,1.34024,1.34051,1.28,1.50
2011.01.19 13:31:53.853,1.34024,1.34055,1.28,2.25
2011.01.19 13:31:53.969,1.34019,1.34049,3.15,2.25
2011.01.19 13:31:54.082,1.34015,1.34047,2.63,1.50
2011.01.19 13:31:54.653,1.34017,1.34047,1.28,2.25
2011.01.19 13:31:55.210,1.34017,1.34048,1.28,3.00
2011.01.19 13:31:56.991,1.3402,1.34048,1.13,1.50
2011.01.19 13:31:57.625,1.3402,1.34051,1.13,1.50
2011.01.19 13:31:58.361,1.34024,1.34052,1.50,1.50
2011.01.19 13:31:58.473,1.34024,1.34056,1.50,1.50
2011.01.19 13:31:58.972,1.3403,1.34058,1.13,1.50
2011.01.19 13:31:59.303,1.34026,1.34055,3.00,1.50
2011.01.19 13:31:59.727,1.3403,1.34055,1.13,1.50
2011.01.19 13:31:59.844,1.34031,1.34057,1.65,1.50
2011.01.19 13:32:00.951,1.34032,1.34058,2.40,1.50
2011.01.19 13:32:01.079,1.34034,1.34063,3.15,1.50
2011.01.19 13:32:01.570,1.34036,1.34075,2.82,1.50
2011.01.19 13:32:01.682,1.34043,1.34075,2.03,1.50
2011.01.19 13:32:01.802,1.34043,1.34075,2.03,1.50
2011.01.19 13:32:02.239,1.34041,1.34081,1.28,2.03
2011.01.19 13:32:02.572,1.34048,1.34077,1.50,1.50
2011.01.19 13:32:03.009,1.34048,1.34082,1.50,2.25
2011.01.19 13:32:03.232,1.34047,1.34079,1.13,3.00
2011.01.19 13:32:03.786,1.34048,1.34073,1.13,1.47
2011.01.19 13:32:04.120,1.34041,1.3407,1.13,2.03
2011.01.19 13:32:04.691,1.3404,1.34066,1.13,1.50
2011.01.19 13:32:05.678,1.3404,1.34068,1.13,2.25
2011.01.19 13:32:05.801,1.34046,1.34074,1.13,2.25
2011.01.19 13:32:06.131,1.34047,1.34079,1.50,1.50
2011.01.19 13:32:06.951,1.34045,1.34077,1.13,1.50
2011.01.19 13:32:08.074,1.34049,1.34077,1.28,1.50
2011.01.19 13:32:08.195,1.34049,1.34079,1.13,2.25
2011.01.19 13:32:08.718,1.34056,1.3409,1.13,3.00
2011.01.19 13:32:08.837,1.34056,1.3409,1.13,3.00
2011.01.19 13:32:09.064,1.34057,1.3409,1.13,1.50
2011.01.19 13:32:11.601,1.34059,1.3409,1.28,1.50
2011.01.19 13:32:12.134,1.3406,1.34093,1.65,1.50
2011.01.19 13:32:13.259,1.34063,1.34094,1.13,2.25
2011.01.19 13:32:13.670,1.34063,1.34096,1.13,2.25
2011.01.19 13:32:14.433,1.3407,1.34096,1.65,1.50
2011.01.19 13:32:14.926,1.3407,1.34096,1.13,1.50
2011.01.19 13:32:15.042,1.3407,1.34096,1.28,1.50
2011.01.19 13:32:15.165,1.34069,1.34102,1.13,2.25
2011.01.19 13:32:15.684,1.34072,1.34102,1.50,2.25
2011.01.19 13:32:15.805,1.34074,1.34102,1.13,2.25
2011.01.19 13:32:16.439,1.34079,1.34102,1.13,1.50
2011.01.19 13:32:16.565,1.34079,1.3411,1.13,1.50
2011.01.19 13:32:16.680,1.34077,1.34108,1.13,1.50
2011.01.19 13:32:18.411,1.34078,1.3411,1.50,1.50
2011.01.19 13:32:18.974,1.34082,1.34111,1.13,2.25
2011.01.19 13:32:19.091,1.34083,1.34112,1.13,1.50
2011.01.19 13:32:19.622,1.34085,1.34115,1.13,2.25
2011.01.19 13:32:19.752,1.34081,1.3411,1.13,1.50
2011.01.19 13:32:20.654,1.34082,1.3411,1.13,1.50
2011.01.19 13:32:21.642,1.34089,1.34123,2.25,3.00
2011.01.19 13:32:21.756,1.34092,1.34122,1.50,2.25
2011.01.19 13:32:21.873,1.341,1.34122,1.13,1.50
2011.01.19 13:32:22.469,1.341,1.34123,1.13,1.50
2011.01.19 13:32:23.008,1.34102,1.34123,1.13,1.50
2011.01.19 13:32:23.230,1.34101,1.34127,1.13,3.75
2011.01.19 13:32:23.343,1.34103,1.34127,1.50,1.50
2011.01.19 13:32:23.464,1.34108,1.34135,1.13,1.88
2011.01.19 13:32:23.896,1.34104,1.34136,1.13,1.50
2011.01.19 13:32:24.121,1.34103,1.34135,1.13,2.25
2011.01.19 13:32:27.207,1.34103,1.34135,1.13,1.50
2011.01.19 13:32:27.324,1.34103,1.34134,1.13,1.50
2011.01.19 13:32:27.552,1.34102,1.34131,1.13,1.50
2011.01.19 13:32:29.900,1.34103,1.34133,1.13,2.25
2011.01.19 13:32:30.529,1.34104,1.34136,1.13,1.50
2011.01.19 13:32:30.644,1.3411,1.34136,1.28,1.50
2011.01.19 13:32:30.767,1.3411,1.3414,1.28,2.25
2011.01.19 13:32:31.205,1.34109,1.3414,1.50,2.25
2011.01.19 13:32:31.329,1.34115,1.34144,1.13,1.50
2011.01.19 13:32:31.442,1.34117,1.34141,1.50,1.50
2011.01.19 13:32:31.673,1.34116,1.34144,1.13,2.25
2011.01.19 13:32:31.793,1.34116,1.34144,1.13,2.25
2011.01.19 13:32:32.332,1.34116,1.34145,1.13,1.50
2011.01.19 13:32:32.890,1.34113,1.34144,1.13,2.25
2011.01.19 13:32:33.559,1.34112,1.34144,1.50,2.78
2011.01.19 13:32:33.673,1.34112,1.34143,1.13,1.50
2011.01.19 13:32:34.380,1.34112,1.34143,1.13,1.50
2011.01.19 13:32:34.499,1.34113,1.34143,2.25,1.50
2011.01.19 13:32:34.734,1.34121,1.34149,1.65,1.50
2011.01.19 13:32:35.243,1.34121,1.34151,1.65,1.50
2011.01.19 13:32:35.756,1.34117,1.34149,1.13,1.50
2011.01.19 13:32:36.264,1.34117,1.34148,1.13,1.50
2011.01.19 13:32:36.378,1.34117,1.34148,1.65,1.50
2011.01.19 13:32:36.825,1.3412,1.34149,1.65,2.25
2011.01.19 13:32:37.159,1.34121,1.34149,1.50,2.25
2011.01.19 13:32:37.504,1.34132,1.34149,1.50,1.50
2011.01.19 13:32:37.918,1.34132,1.34161,1.50,2.25
2011.01.19 13:32:38.034,1.3413,1.34159,1.65,2.25
2011.01.19 13:32:38.268,1.34133,1.34161,1.50,2.25
2011.01.19 13:32:38.384,1.34136,1.34161,1.13,1.50
2011.01.19 13:32:39.737,1.3414,1.34168,1.13,2.25
2011.01.19 13:32:40.302,1.3414,1.34169,1.13,1.50
2011.01.19 13:32:41.184,1.34144,1.34172,1.65,2.25
2011.01.19 13:32:41.303,1.34144,1.34172,1.65,1.50
2011.01.19 13:32:41.718,1.34144,1.34175,1.50,1.50
2011.01.19 13:32:42.390,1.3415,1.3418,1.13,1.50
2011.01.19 13:32:42.505,1.3415,1.34182,1.13,2.25
2011.01.19 13:32:43.265,1.3415,1.34182,1.13,3.00
2011.01.19 13:32:44.254,1.3415,1.3418,1.13,1.50
2011.01.19 13:32:44.380,1.3414,1.34174,1.13,1.13
2011.01.19 13:32:44.605,1.34142,1.34175,1.13,2.25
2011.01.19 13:32:45.136,1.34144,1.34176,1.65,3.00
2011.01.19 13:32:45.471,1.34142,1.34173,1.28,1.50
2011.01.19 13:32:45.579,1.34142,1.34173,1.28,1.50
2011.01.19 13:32:45.801,1.34143,1.34176,1.28,2.25
2011.01.19 13:32:45.910,1.34145,1.34176,1.13,1.50
2011.01.19 13:32:46.328,1.34146,1.34176,1.13,1.50
2011.01.19 13:32:46.912,1.34146,1.34179,1.13,3.00
2011.01.19 13:32:47.839,1.34146,1.34179,1.13,1.50
2011.01.19 13:32:48.065,1.34146,1.34179,1.13,2.25
2011.01.19 13:32:48.589,1.34142,1.34171,1.13,1.50
2011.01.19 13:32:48.710,1.34137,1.3417,2.82,1.13
2011.01.19 13:32:48.825,1.3414,1.34171,1.50,1.13
2011.01.19 13:32:49.614,1.34166,1.34199,1.28,2.40
2011.01.19 13:32:50.032,1.34174,1.34195,1.50,1.65
2011.01.19 13:32:50.383,1.34179,1.34195,1.28,1.65
2011.01.19 13:32:50.903,1.3418,1.34202,1.28,1.65
2011.01.19 13:32:51.024,1.34182,1.34202,1.28,1.65
2011.01.19 13:32:51.665,1.34182,1.34203,2.25,1.65
2011.01.19 13:32:52.795,1.34189,1.34203,1.28,1.65
2011.01.19 13:32:52.920,1.34189,1.34215,1.28,1.65
2011.01.19 13:32:53.350,1.3419,1.34215,2.03,1.65
2011.01.19 13:32:53.791,1.34192,1.34222,1.13,3.15
2011.01.19 13:32:54.124,1.34191,1.34222,1.28,3.90
2011.01.19 13:32:55.000,1.34192,1.34222,1.13,1.65
2011.01.19 13:32:55.605,1.34193,1.34216,1.13,1.65
2011.01.19 13:32:56.033,1.3419,1.34218,1.28,1.65
2011.01.19 13:32:56.159,1.34197,1.34228,1.28,1.50
2011.01.19 13:32:56.272,1.34199,1.34228,2.03,1.50
2011.01.19 13:32:56.396,1.34198,1.34228,1.13,3.00
2011.01.19 13:32:56.826,1.342,1.34222,1.50,1.13
2011.01.19 13:32:56.946,1.34191,1.34221,2.78,1.50
2011.01.19 13:32:57.173,1.34191,1.34218,1.50,1.50
2011.01.19 13:32:57.698,1.34202,1.34227,1.13,2.63
2011.01.19 13:32:57.816,1.34203,1.3423,1.28,1.65
2011.01.19 13:32:57.934,1.34202,1.3423,1.32,1.65
2011.01.19 13:32:58.343,1.34204,1.34233,2.63,1.65
2011.01.19 13:32:58.574,1.34211,1.34242,1.28,3.15
2011.01.19 13:32:58.915,1.34213,1.34245,1.50,2.40
2011.01.19 13:32:59.409,1.34219,1.34246,1.13,1.65
2011.01.19 13:33:00.071,1.3422,1.34241,1.13,1.65
2011.01.19 13:33:00.418,1.34226,1.34241,1.69,1.65
2011.01.19 13:33:00.828,1.34237,1.34252,1.28,3.30
2011.01.19 13:33:00.951,1.34232,1.34241,2.78,1.65
2011.01.19 13:33:01.066,1.34232,1.34265,2.25,3.15
2011.01.19 13:33:01.508,1.34231,1.34259,1.28,1.65
2011.01.19 13:33:02.148,1.34228,1.34258,2.25,1.65
2011.01.19 13:33:02.279,1.34229,1.3426,1.28,1.50
2011.01.19 13:33:03.471,1.34235,1.3426,1.50,1.50
2011.01.19 13:33:03.830,1.34229,1.34265,1.47,1.13
2011.01.19 13:33:03.950,1.34236,1.34268,1.28,1.50
2011.01.19 13:33:04.063,1.34232,1.34266,1.13,1.50
2011.01.19 13:33:04.610,1.3424,1.34268,1.28,1.50
2011.01.19 13:33:05.173,1.34242,1.34268,1.13,1.50
2011.01.19 13:33:05.280,1.34241,1.34277,2.40,2.25
2011.01.19 13:33:05.398,1.34244,1.34277,1.65,2.25
2011.01.19 13:33:05.810,1.34247,1.34277,1.65,2.25
2011.01.19 13:33:06.357,1.3427,1.34291,4.69,2.25
2011.01.19 13:33:06.483,1.34264,1.34299,1.13,1.50
2011.01.19 13:33:08.029,1.34251,1.34287,1.13,1.88
2011.01.19 13:33:08.143,1.34253,1.34287,2.25,1.88
2011.01.19 13:33:08.260,1.34256,1.34283,1.13,1.50
2011.01.19 13:33:08.706,1.34255,1.34288,2.63,1.50
2011.01.19 13:33:08.825,1.34254,1.34283,2.63,1.13
2011.01.19 13:33:09.362,1.3425,1.34282,2.25,1.50
2011.01.19 13:33:10.029,1.3424,1.34269,1.65,1.32
2011.01.19 13:33:10.150,1.3423,1.34261,2.78,1.13
2011.01.19 13:33:10.265,1.34232,1.34261,2.63,1.88
2011.01.19 13:33:10.642,1.34231,1.34261,2.63,2.25
2011.01.19 13:33:10.771,1.34232,1.34266,1.28,1.50
2011.01.19 13:33:10.885,1.34233,1.3426,2.78,1.50
2011.01.19 13:33:11.322,1.3423,1.34261,1.28,1.50
2011.01.19 13:33:11.442,1.34235,1.34267,1.28,2.24
2011.01.19 13:33:11.554,1.34235,1.34267,1.28,2.24
2011.01.19 13:33:12.074,1.34235,1.34264,1.28,1.50
2011.01.19 13:33:13.493,1.34235,1.34264,1.50,1.13
2011.01.19 13:33:14.109,1.34235,1.34264,2.63,1.13
2011.01.19 13:33:14.230,1.34232,1.34262,2.03,1.50
2011.01.19 13:33:14.563,1.34225,1.34257,1.13,1.50
2011.01.19 13:33:15.017,1.34231,1.34262,1.13,1.13
2011.01.19 13:33:15.750,1.34232,1.34262,1.65,1.13
2011.01.19 13:33:16.192,1.34231,1.34257,1.28,1.13
2011.01.19 13:33:17.052,1.3423,1.34257,1.50,1.50
2011.01.19 13:33:17.662,1.34226,1.34255,1.88,1.50
2011.01.19 13:33:17.783,1.34226,1.34256,1.88,1.13
2011.01.19 13:33:18.299,1.34228,1.34258,1.13,1.65
2011.01.19 13:33:18.636,1.34221,1.34255,1.13,1.50
2011.01.19 13:33:19.284,1.34219,1.34252,1.13,1.13
2011.01.19 13:33:20.541,1.3422,1.34252,1.13,1.13
2011.01.19 13:33:20.657,1.34224,1.34255,1.13,1.88
2011.01.19 13:33:20.774,1.34225,1.34255,1.13,1.13
2011.01.19 13:33:20.895,1.34222,1.34255,1.13,1.50
2011.01.19 13:33:21.409,1.3422,1.3425,1.13,2.63
2011.01.19 13:33:21.524,1.3422,1.3425,1.13,1.88
2011.01.19 13:33:22.081,1.34218,1.34249,1.50,1.13
2011.01.19 13:33:22.201,1.34216,1.34244,1.50,1.50
2011.01.19 13:33:22.757,1.34221,1.3425,1.13,1.13
2011.01.19 13:33:23.680,1.3422,1.34253,1.13,1.13
2011.01.19 13:33:23.792,1.34224,1.34245,1.13,1.50
2011.01.19 13:33:24.334,1.34217,1.34255,2.25,2.03
2011.01.19 13:33:24.459,1.34217,1.34255,2.25,1.50
2011.01.19 13:33:24.571,1.34217,1.3425,2.25,1.50
2011.01.19 13:33:25.541,1.34208,1.34248,3.15,1.28
2011.01.19 13:33:25.883,1.34207,1.34247,2.78,1.28
2011.01.19 13:33:26.000,1.34207,1.34247,1.28,2.03
2011.01.19 13:33:26.780,1.34204,1.34244,1.50,1.28
2011.01.19 13:33:27.004,1.34207,1.34242,1.28,3.00
2011.01.19 13:33:27.542,1.34205,1.34238,2.63,1.13
2011.01.19 13:33:27.651,1.34205,1.34238,2.63,1.13
2011.01.19 13:33:27.776,1.34202,1.34238,1.13,3.00
2011.01.19 13:33:28.147,1.34202,1.34236,1.13,1.50
2011.01.19 13:33:28.494,1.34206,1.34236,1.13,1.50
2011.01.19 13:33:28.614,1.34213,1.34242,1.50,2.25
2011.01.19 13:33:29.060,1.34214,1.34246,1.28,1.50
2011.01.19 13:33:29.739,1.34211,1.34247,1.65,1.69
2011.01.19 13:33:29.859,1.34207,1.3424,2.25,2.03
2011.01.19 13:33:31.103,1.34204,1.34238,1.13,1.13
2011.01.19 13:33:31.228,1.34204,1.34236,1.13,1.50
2011.01.19 13:33:31.803,1.34201,1.34234,1.13,1.50
2011.01.19 13:33:32.152,1.34204,1.34235,1.13,1.50
2011.01.19 13:33:32.745,1.34206,1.34233,1.13,2.25
2011.01.19 13:33:32.869,1.34204,1.34233,1.13,1.50
2011.01.19 13:33:32.985,1.34205,1.34233,1.28,1.50
2011.01.19 13:33:33.213,1.34218,1.34235,1.28,1.50
2011.01.19 13:33:33.960,1.34217,1.34235,1.28,1.50
2011.01.19 13:33:34.070,1.34217,1.34247,1.28,1.50
2011.01.19 13:33:34.443,1.34216,1.34249,1.28,1.50
2011.01.19 13:33:34.570,1.34214,1.34244,1.88,1.50
2011.01.19 13:33:34.684,1.3421,1.34244,2.63,1.50
2011.01.19 13:33:35.270,1.34213,1.34245,1.50,1.50
2011.01.19 13:33:35.381,1.34213,1.3425,1.50,3.00
2011.01.19 13:33:36.558,1.3422,1.34259,1.13,3.00
2011.01.19 13:33:36.681,1.34233,1.34259,1.50,1.50
2011.01.19 13:33:37.605,1.34238,1.34272,1.13,2.78
2011.01.19 13:33:38.025,1.34236,1.34271,1.13,1.13
2011.01.19 13:33:38.144,1.34236,1.34271,1.13,1.13
2011.01.19 13:33:38.262,1.34232,1.34264,1.13,2.25
2011.01.19 13:33:38.811,1.34239,1.34266,1.13,1.50
2011.01.19 13:33:39.591,1.34234,1.34268,1.13,1.50
2011.01.19 13:33:39.919,1.34235,1.34264,1.28,1.50
2011.01.19 13:33:40.821,1.34228,1.34263,3.00,1.13
2011.01.19 13:33:40.934,1.3423,1.34261,1.13,1.50
2011.01.19 13:33:41.455,1.34233,1.34264,1.13,1.50
2011.01.19 13:33:42.567,1.34235,1.34269,1.13,1.13
2011.01.19 13:33:42.692,1.34244,1.3427,1.13,1.50
2011.01.19 13:33:42.802,1.34242,1.34267,1.13,1.50
2011.01.19 13:33:42.922,1.34242,1.34271,1.13,1.50
2011.01.19 13:33:43.421,1.34241,1.34275,1.13,1.50
2011.01.19 13:33:43.540,1.34241,1.34273,1.69,3.38
2011.01.19 13:33:43.982,1.34247,1.34273,1.65,2.25
2011.01.19 13:33:44.100,1.34244,1.34282,1.35,2.25
2011.01.19 13:33:44.212,1.34245,1.34282,1.28,2.25
2011.01.19 13:33:44.320,1.34245,1.34278,1.28,3.00
2011.01.19 13:33:45.556,1.3425,1.34278,1.28,3.00
2011.01.19 13:33:45.893,1.34253,1.34278,1.28,1.50
2011.01.19 13:33:46.356,1.34253,1.34282,2.03,2.25
2011.01.19 13:33:46.478,1.34254,1.34282,1.28,1.50
2011.01.19 13:33:47.340,1.34261,1.34282,1.28,1.50
2011.01.19 13:33:47.451,1.34261,1.34289,1.28,1.50
2011.01.19 13:33:48.007,1.34261,1.34293,1.28,1.50
2011.01.19 13:33:48.457,1.34266,1.34297,1.28,1.50
2011.01.19 13:33:48.912,1.34274,1.34301,1.28,1.50
2011.01.19 13:33:49.026,1.34274,1.34305,1.28,3.00
2011.01.19 13:33:49.544,1.34277,1.34308,1.65,1.50
2011.01.19 13:33:49.773,1.34292,1.34308,1.13,1.50
2011.01.19 13:33:50.307,1.34292,1.34319,1.13,1.50
2011.01.19 13:33:50.428,1.34289,1.34321,1.13,1.50
2011.01.19 13:33:50.955,1.34283,1.34316,2.25,1.50
2011.01.19 13:33:51.180,1.34282,1.34316,2.25,1.50
2011.01.19 13:33:51.742,1.34281,1.34308,2.25,2.25
2011.01.19 13:33:51.868,1.34281,1.34306,1.50,1.50
2011.01.19 13:33:52.481,1.34277,1.34306,1.28,1.50
2011.01.19 13:33:53.017,1.34277,1.34306,1.28,1.50
2011.01.19 13:33:53.475,1.34277,1.34306,1.28,1.50
2011.01.19 13:33:53.953,1.3428,1.34309,1.28,1.50
2011.01.19 13:33:54.183,1.34276,1.34308,2.25,1.28
2011.01.19 13:33:54.859,1.34276,1.34308,2.25,1.28
2011.01.19 13:33:54.982,1.34276,1.34299,1.50,1.28
2011.01.19 13:33:55.317,1.34276,1.34296,1.50,1.50
2011.01.19 13:33:55.779,1.34266,1.34297,1.13,1.28
2011.01.19 13:33:55.890,1.34262,1.34293,1.13,1.50
2011.01.19 13:33:56.002,1.34261,1.34293,2.25,1.50
2011.01.19 13:33:59.276,1.34262,1.34293,1.69,1.50
2011.01.19 13:33:59.624,1.3427,1.34304,2.63,1.50
2011.01.19 13:34:00.132,1.34272,1.34305,1.13,1.50
2011.01.19 13:34:01.044,1.3428,1.34308,1.50,1.13
2011.01.19 13:34:01.467,1.34285,1.34314,1.13,1.50
2011.01.19 13:34:02.498,1.34287,1.34319,2.25,1.50
2011.01.19 13:34:03.149,1.34295,1.34328,1.13,3.38
2011.01.19 13:34:03.264,1.3429,1.34327,2.63,1.13
2011.01.19 13:34:03.380,1.34294,1.34327,2.25,1.13
2011.01.19 13:34:03.919,1.34291,1.34317,1.50,1.28
2011.01.19 13:34:04.459,1.34293,1.34322,1.13,1.50
2011.01.19 13:34:04.588,1.34294,1.34325,1.13,1.50
2011.01.19 13:34:04.703,1.34294,1.34325,1.13,1.50
2011.01.19 13:34:05.813,1.34292,1.34325,1.13,1.50
2011.01.19 13:34:06.042,1.34287,1.3432,1.13,1.50
2011.01.19 13:34:06.162,1.34287,1.3432,1.32,1.50
2011.01.19 13:34:06.634,1.34292,1.34325,2.63,1.50
2011.01.19 13:34:06.759,1.34295,1.34327,1.65,1.50
2011.01.19 13:34:07.314,1.34295,1.34325,1.28,1.50
2011.01.19 13:34:07.972,1.34291,1.34324,2.63,1.50
2011.01.19 13:34:08.525,1.3429,1.34323,2.63,1.50
2011.01.19 13:34:08.630,1.34298,1.34326,2.25,1.13
2011.01.19 13:34:08.744,1.34298,1.34331,2.25,1.13
2011.01.19 13:34:08.863,1.34298,1.34331,2.25,1.13
2011.01.19 13:34:09.327,1.34293,1.34327,2.63,1.50
2011.01.19 13:34:09.663,1.34298,1.34328,1.28,1.50
2011.01.19 13:34:09.892,1.34298,1.3433,1.65,1.50
2011.01.19 13:34:10.713,1.343,1.3433,1.32,1.50
2011.01.19 13:34:10.834,1.34308,1.3434,1.28,3.00
2011.01.19 13:34:11.267,1.34303,1.34337,3.38,1.13
2011.01.19 13:34:11.503,1.34301,1.34334,3.00,1.50
2011.01.19 13:34:11.623,1.34301,1.34332,1.88,1.13
2011.01.19 13:34:12.001,1.34301,1.3433,4.50,1.50
2011.01.19 13:34:12.332,1.34308,1.3434,1.13,4.13
2011.01.19 13:34:12.712,1.34312,1.3434,1.13,1.50
2011.01.19 13:34:12.830,1.34314,1.34344,1.13,1.50
2011.01.19 13:34:13.051,1.3431,1.34343,1.13,1.50
2011.01.19 13:34:13.606,1.3431,1.3434,1.13,1.50
2011.01.19 13:34:14.054,1.34307,1.34342,1.13,2.63
2011.01.19 13:34:14.284,1.34312,1.34344,1.13,1.50
2011.01.19 13:34:14.903,1.3431,1.34341,1.13,1.50
2011.01.19 13:34:16.473,1.34306,1.3434,1.13,1.28
2011.01.19 13:34:17.462,1.34308,1.3434,1.28,1.88
2011.01.19 13:34:17.580,1.34313,1.34341,1.50,1.50
2011.01.19 13:34:18.242,1.34314,1.34348,1.13,1.50
2011.01.19 13:34:18.352,1.34314,1.34348,1.13,1.50
2011.01.19 13:34:18.886,1.34312,1.34345,1.65,3.00
2011.01.19 13:34:19.331,1.34312,1.34345,2.40,2.25
2011.01.19 13:34:19.441,1.34317,1.34347,1.13,2.25
2011.01.19 13:34:19.877,1.34315,1.34347,1.13,2.25
2011.01.19 13:34:20.101,1.3432,1.34349,4.50,3.00
2011.01.19 13:34:20.574,1.3433,1.34358,1.13,1.50
2011.01.19 13:34:20.695,1.34327,1.34361,1.13,2.25
2011.01.19 13:34:21.338,1.34334,1.34365,1.13,1.28
2011.01.19 13:34:22.118,1.34337,1.34366,1.13,1.50
2011.01.19 13:34:22.453,1.34337,1.34369,1.13,3.00
2011.01.19 13:34:23.123,1.34337,1.34367,1.13,1.50
2011.01.19 13:34:23.884,1.34338,1.34365,1.13,1.50
2011.01.19 13:34:24.111,1.34338,1.34368,1.13,2.25
2011.01.19 13:34:24.764,1.34343,1.34368,1.13,1.50
2011.01.19 13:34:24.888,1.34354,1.34378,1.28,1.50
2011.01.19 13:34:25.007,1.34354,1.34382,1.28,2.63
2011.01.19 13:34:25.363,1.34353,1.34382,1.28,1.88
2011.01.19 13:34:25.483,1.34345,1.34383,2.63,1.05
2011.01.19 13:34:25.595,1.34345,1.34374,4.13,1.50
2011.01.19 13:34:26.508,1.34337,1.34369,1.88,1.50
2011.01.19 13:34:26.624,1.34337,1.3437,1.58,1.50
2011.01.19 13:34:27.100,1.34347,1.34378,1.20,2.25
2011.01.19 13:34:27.767,1.34352,1.34383,1.58,1.50
2011.01.19 13:34:27.994,1.34349,1.34378,1.20,1.50
2011.01.19 13:34:28.459,1.34349,1.34378,1.58,1.50
2011.01.19 13:34:28.695,1.34357,1.34383,1.20,1.50
2011.01.19 13:34:29.353,1.34348,1.34383,2.25,1.13
2011.01.19 13:34:29.474,1.34347,1.34383,4.95,1.13
2011.01.19 13:34:29.594,1.34347,1.3438,1.20,1.50
2011.01.19 13:34:30.129,1.34349,1.3438,1.20,1.50
2011.01.19 13:34:30.461,1.34347,1.34378,1.58,1.50
2011.01.19 13:34:30.975,1.34347,1.3438,1.58,1.50
2011.01.19 13:34:31.215,1.34345,1.34379,1.20,1.13
2011.01.19 13:34:31.633,1.34346,1.34379,1.58,1.88
2011.01.19 13:34:31.865,1.3435,1.34379,1.20,1.13
2011.01.19 13:34:32.309,1.34342,1.34375,3.38,1.13
2011.01.19 13:34:32.532,1.34345,1.34374,1.95,1.50
2011.01.19 13:34:32.988,1.3434,1.34369,2.25,1.50
2011.01.19 13:34:33.214,1.34332,1.34363,2.25,1.50
2011.01.19 13:34:33.780,1.34345,1.34377,1.77,3.38
2011.01.19 13:34:34.316,1.34352,1.34383,1.58,1.50
2011.01.19 13:34:34.425,1.34352,1.34384,1.13,2.25
2011.01.19 13:34:35.095,1.34368,1.34387,2.25,1.50
2011.01.19 13:34:35.221,1.34371,1.34396,1.20,1.88
2011.01.19 13:34:35.336,1.34371,1.34402,1.13,3.38
2011.01.19 13:34:35.853,1.34372,1.34402,1.58,1.88
2011.01.19 13:34:36.623,1.3437,1.34404,1.50,1.50
2011.01.19 13:34:36.751,1.34375,1.34405,1.58,1.50
2011.01.19 13:34:36.865,1.34373,1.34405,1.20,1.50
2011.01.19 13:34:36.984,1.34369,1.34402,1.95,1.50
2011.01.19 13:34:37.102,1.3437,1.34402,1.88,1.88
2011.01.19 13:34:37.550,1.34355,1.34389,2.63,1.13
2011.01.19 13:34:37.663,1.34353,1.34388,1.88,1.13
2011.01.19 13:34:38.000,1.34352,1.34386,1.13,1.50
2011.01.19 13:34:38.111,1.34352,1.34386,1.13,1.50
2011.01.19 13:34:38.538,1.34349,1.34383,2.70,1.50
2011.01.19 13:34:38.871,1.34349,1.34383,1.13,1.50
2011.01.19 13:34:39.371,1.34351,1.34383,1.13,1.50
2011.01.19 13:34:39.713,1.34353,1.34383,1.13,1.50
2011.01.19 13:34:40.062,1.34356,1.34387,1.13,3.00
2011.01.19 13:34:40.613,1.34354,1.34385,1.13,1.50
2011.01.19 13:34:41.047,1.34351,1.34385,1.13,1.88
2011.01.19 13:34:41.169,1.34348,1.34382,1.13,2.25
2011.01.19 13:34:41.943,1.34353,1.34381,1.50,2.25
2011.01.19 13:34:42.071,1.34354,1.34388,1.47,1.50
2011.01.19 13:34:42.187,1.34358,1.3439,1.28,2.25
2011.01.19 13:34:42.639,1.34355,1.34392,2.25,1.50
2011.01.19 13:34:42.756,1.34353,1.34386,2.25,1.50
2011.01.19 13:34:42.983,1.34348,1.34386,2.25,3.19
2011.01.19 13:34:43.327,1.34344,1.3438,2.63,3.00
2011.01.19 13:34:43.452,1.34341,1.3438,1.13,2.25
2011.01.19 13:34:43.563,1.34346,1.3438,1.65,1.50
2011.01.19 13:34:43.681,1.34345,1.34384,1.13,4.13
2011.01.19 13:34:44.083,1.34342,1.34384,1.28,2.44
2011.01.19 13:34:44.213,1.34343,1.3438,1.28,1.50
2011.01.19 13:34:44.554,1.34344,1.34379,1.65,1.50
2011.01.19 13:34:44.971,1.34344,1.34383,1.13,1.69
2011.01.19 13:34:45.087,1.34333,1.34371,2.63,1.50
2011.01.19 13:34:46.334,1.34338,1.34371,1.65,3.00
2011.01.19 13:34:46.807,1.3434,1.34371,1.13,1.50
2011.01.19 13:34:46.929,1.3434,1.34371,2.63,1.50
2011.01.19 13:34:47.494,1.34338,1.34371,1.13,1.50
2011.01.19 13:34:47.620,1.34334,1.3436,1.13,1.28
2011.01.19 13:34:47.734,1.34334,1.34361,1.32,2.03
2011.01.19 13:34:48.176,1.3433,1.34352,2.25,1.28
2011.01.19 13:34:48.524,1.34331,1.34353,1.13,1.88
2011.01.19 13:34:48.911,1.3433,1.3436,1.13,2.78
2011.01.19 13:34:49.027,1.3433,1.34358,1.13,1.28
2011.01.19 13:34:49.145,1.34325,1.34358,1.13,1.50
2011.01.19 13:34:49.267,1.34325,1.34359,1.13,1.28
2011.01.19 13:34:49.675,1.34332,1.3436,1.13,2.78
2011.01.19 13:34:49.801,1.34331,1.34362,1.13,1.88
2011.01.19 13:34:50.022,1.34329,1.34362,1.13,2.25
2011.01.19 13:34:50.444,1.3433,1.34361,1.13,2.25
2011.01.19 13:34:50.571,1.34321,1.34355,1.13,1.88
2011.01.19 13:34:51.360,1.34323,1.34355,1.50,3.00
2011.01.19 13:34:51.481,1.34325,1.34356,1.13,2.44
2011.01.19 13:34:51.598,1.34322,1.34353,1.13,1.28
2011.01.19 13:34:51.932,1.34318,1.3435,2.25,1.50
2011.01.19 13:34:52.331,1.34318,1.34347,2.25,2.03
2011.01.19 13:34:52.662,1.34314,1.34339,1.13,1.13
2011.01.19 13:34:53.439,1.34312,1.34339,1.13,1.50
2011.01.19 13:34:53.558,1.34303,1.34337,1.13,2.25
2011.01.19 13:34:54.330,1.3431,1.34335,1.13,1.88
2011.01.19 13:34:54.450,1.34308,1.3434,1.28,2.25
2011.01.19 13:34:55.208,1.34299,1.34328,1.28,3.00
2011.01.19 13:34:55.325,1.34293,1.34327,1.13,1.13
2011.01.19 13:34:56.130,1.34302,1.3433,1.13,2.25
2011.01.19 13:34:56.973,1.34303,1.34332,1.13,1.50
2011.01.19 13:34:57.100,1.34304,1.34333,1.13,2.63
2011.01.19 13:34:58.052,1.34297,1.34322,1.13,1.50
2011.01.19 13:34:58.296,1.34298,1.34333,2.25,2.25
2011.01.19 13:34:58.831,1.34298,1.34334,1.13,2.25
2011.01.19 13:34:59.053,1.34297,1.34329,1.13,1.13
2011.01.19 13:34:59.520,1.34297,1.34328,1.13,1.13
2011.01.19 13:34:59.641,1.34304,1.34332,1.28,1.88
2011.01.19 13:34:59.753,1.34303,1.34334,1.28,1.88
2011.01.19 13:35:00.562,1.34304,1.34335,1.28,2.63
2011.01.19 13:35:01.491,1.34296,1.34335,2.63,1.50
2011.01.19 13:35:01.609,1.34296,1.34332,2.63,2.25
2011.01.19 13:35:01.945,1.34301,1.34331,1.28,1.50
2011.01.19 13:35:02.430,1.34304,1.34332,1.50,1.50
2011.01.19 13:35:03.371,1.34307,1.34338,1.13,1.13
2011.01.19 13:35:03.926,1.34313,1.34338,1.13,2.25
2011.01.19 13:35:04.458,1.34311,1.34337,1.13,1.88
2011.01.19 13:35:04.681,1.3431,1.34339,1.13,1.88
2011.01.19 13:35:04.793,1.3431,1.34337,1.13,1.50
2011.01.19 13:35:05.253,1.34312,1.34338,1.13,1.88
2011.01.19 13:35:05.380,1.34311,1.34341,1.13,1.50
2011.01.19 13:35:05.602,1.34306,1.34342,1.13,2.63
2011.01.19 13:35:06.144,1.34306,1.34341,1.13,1.88
2011.01.19 13:35:06.590,1.34308,1.34337,1.13,1.50
2011.01.19 13:35:07.308,1.34302,1.34332,1.13,1.50
2011.01.19 13:35:07.858,1.34302,1.34317,1.13,1.50
2011.01.19 13:35:07.986,1.34296,1.34326,1.28,1.88
2011.01.19 13:35:08.540,1.34299,1.34326,1.28,1.50
2011.01.19 13:35:09.200,1.34299,1.34327,1.28,2.25
2011.01.19 13:35:09.541,1.34309,1.34334,1.28,1.50
2011.01.19 13:35:10.637,1.34315,1.34338,1.50,1.88
2011.01.19 13:35:11.224,1.34316,1.3434,1.50,1.50
2011.01.19 13:35:11.566,1.34319,1.3434,1.20,1.50
2011.01.19 13:35:11.996,1.34313,1.34348,1.20,1.50
2011.01.19 13:35:12.106,1.34315,1.34346,2.33,1.50
2011.01.19 13:35:12.223,1.34316,1.3435,1.58,3.00
2011.01.19 13:35:12.651,1.34309,1.34339,1.58,2.25
2011.01.19 13:35:12.771,1.34305,1.34336,1.13,1.50
2011.01.19 13:35:13.299,1.34306,1.34334,1.50,2.63
2011.01.19 13:35:13.537,1.34301,1.34332,1.88,1.50
2011.01.19 13:35:13.951,1.34301,1.34332,1.50,1.50
2011.01.19 13:35:14.182,1.34306,1.34333,1.50,2.63
2011.01.19 13:35:14.902,1.34298,1.34331,2.70,1.50
2011.01.19 13:35:15.016,1.34303,1.34331,1.50,1.50
2011.01.19 13:35:15.386,1.34303,1.34326,1.50,5.37
2011.01.19 13:35:15.511,1.34296,1.34316,1.50,1.50
2011.01.19 13:35:15.624,1.34296,1.34318,1.50,1.88
2011.01.19 13:35:15.745,1.34293,1.34326,1.20,1.50
2011.01.19 13:35:16.322,1.34291,1.34322,2.25,2.25
2011.01.19 13:35:16.765,1.34291,1.34321,1.50,1.05
2011.01.19 13:35:17.006,1.34291,1.34317,1.58,1.88
2011.01.19 13:35:17.563,1.34288,1.3432,1.20,2.63
2011.01.19 13:35:17.902,1.34287,1.34318,1.95,2.25
2011.01.19 13:35:18.028,1.34281,1.34317,2.25,1.88
2011.01.19 13:35:18.454,1.34281,1.34311,2.25,1.05
2011.01.19 13:35:18.580,1.34279,1.34311,2.25,1.43
2011.01.19 13:35:19.830,1.34282,1.34312,1.20,1.50
2011.01.19 13:35:20.925,1.34285,1.3431,1.28,1.88
2011.01.19 13:35:21.044,1.34283,1.34312,2.25,1.88
2011.01.19 13:35:21.628,1.34289,1.34321,1.13,3.38
2011.01.19 13:35:22.710,1.3429,1.3432,1.13,1.50
2011.01.19 13:35:23.613,1.34292,1.3432,1.13,4.65
2011.01.19 13:35:23.741,1.34294,1.34324,1.13,2.63
2011.01.19 13:35:24.074,1.34297,1.34326,1.13,1.88
2011.01.19 13:35:24.715,1.34299,1.34331,1.13,1.50
2011.01.19 13:35:26.011,1.34297,1.34328,1.13,1.28
2011.01.19 13:35:26.560,1.34301,1.34326,1.13,1.88
2011.01.19 13:35:27.107,1.34301,1.34332,1.13,3.00
2011.01.19 13:35:27.223,1.34296,1.34329,1.13,2.03
2011.01.19 13:35:27.565,1.34292,1.34322,2.25,2.03
2011.01.19 13:35:27.985,1.34291,1.34321,1.13,2.03
2011.01.19 13:35:28.222,1.34292,1.34321,1.13,2.03
2011.01.19 13:35:29.622,1.34278,1.34311,1.13,2.03
2011.01.19 13:35:30.424,1.34284,1.34313,1.13,1.50
2011.01.19 13:35:30.547,1.34288,1.34316,1.13,1.88
2011.01.19 13:35:31.071,1.34289,1.34317,1.13,1.88
2011.01.19 13:35:31.621,1.34286,1.3432,1.13,1.50
2011.01.19 13:35:32.413,1.34279,1.34312,1.13,1.50
2011.01.19 13:35:32.642,1.34275,1.34305,1.88,1.50
2011.01.19 13:35:33.090,1.34276,1.34307,1.50,1.50
2011.01.19 13:35:33.202,1.34276,1.34308,1.50,1.13
2011.01.19 13:35:33.536,1.34276,1.34309,1.28,1.50
2011.01.19 13:35:34.400,1.34278,1.34309,1.28,1.50
2011.01.19 13:35:34.623,1.34286,1.34315,1.13,2.63
2011.01.19 13:35:35.049,1.34286,1.34316,1.28,2.63
2011.01.19 13:35:35.284,1.34283,1.34315,2.63,1.50
2011.01.19 13:35:35.720,1.34284,1.34315,1.13,1.50
2011.01.19 13:35:35.956,1.34283,1.34317,1.13,1.13
2011.01.19 13:35:36.074,1.34283,1.34317,1.13,1.88
2011.01.19 13:35:36.624,1.34293,1.34318,1.13,1.88
2011.01.19 13:35:36.751,1.34292,1.34321,1.13,2.40
2011.01.19 13:35:37.275,1.34283,1.34317,2.63,1.13
2011.01.19 13:35:37.393,1.34281,1.34314,2.63,1.50
2011.01.19 13:35:37.731,1.34281,1.34308,1.50,1.50
2011.01.19 13:35:38.402,1.34278,1.34308,1.50,1.50
2011.01.19 13:35:38.513,1.34278,1.34301,1.50,1.28
2011.01.19 13:35:39.099,1.34266,1.34298,2.25,1.28
2011.01.19 13:35:39.650,1.34265,1.34298,1.13,2.63
2011.01.19 13:35:40.096,1.34268,1.34298,2.25,1.50
2011.01.19 13:35:41.153,1.34268,1.343,1.13,1.50
2011.01.19 13:35:42.681,1.34267,1.34299,2.25,1.28
2011.01.19 13:35:43.013,1.34266,1.34292,1.50,2.78
2011.01.19 13:35:43.448,1.34267,1.34299,1.13,3.38
2011.01.19 13:35:43.782,1.34268,1.343,1.13,1.50
2011.01.19 13:35:44.430,1.34269,1.343,1.13,1.50
2011.01.19 13:35:45.441,1.34267,1.343,2.25,1.50
2011.01.19 13:35:47.634,1.34262,1.34296,1.13,1.50
2011.01.19 13:35:48.297,1.34258,1.34293,1.13,1.13
2011.01.19 13:35:48.414,1.34258,1.3429,1.13,1.50
2011.01.19 13:35:49.303,1.34257,1.3429,1.28,1.50
2011.01.19 13:35:49.637,1.34255,1.34289,1.50,1.13
2011.01.19 13:35:50.305,1.34262,1.34282,1.13,2.25
2011.01.19 13:35:50.419,1.34251,1.34285,2.25,1.28
2011.01.19 13:35:50.532,1.34253,1.34287,2.25,1.50
2011.01.19 13:35:50.977,1.34256,1.34295,1.65,1.50
2011.01.19 13:35:51.203,1.34252,1.34296,3.19,3.75
2011.01.19 13:35:51.550,1.34256,1.34289,1.28,1.50
2011.01.19 13:35:52.323,1.34259,1.34289,1.50,1.50
2011.01.19 13:35:52.675,1.34254,1.34284,2.25,2.03
2011.01.19 13:35:52.902,1.34251,1.34284,2.25,2.03
2011.01.19 13:35:53.555,1.34249,1.34282,1.13,2.03
2011.01.19 13:35:55.535,1.34247,1.34281,1.13,2.03
2011.01.19 13:35:56.123,1.3425,1.34281,1.13,1.50
2011.01.19 13:35:56.452,1.34252,1.34284,1.13,1.50
2011.01.19 13:35:56.888,1.34257,1.34288,1.13,1.50
2011.01.19 13:35:58.415,1.34258,1.34291,1.13,1.50
2011.01.19 13:35:58.537,1.34262,1.34291,1.13,2.03
2011.01.19 13:35:58.661,1.34262,1.34296,1.13,1.50
2011.01.19 13:35:58.882,1.34261,1.34294,1.13,1.28
2011.01.19 13:35:59.339,1.34255,1.34287,2.63,1.50
2011.01.19 13:36:00.092,1.34257,1.3429,1.13,1.50
2011.01.19 13:36:00.485,1.34256,1.34288,1.13,1.28
2011.01.19 13:36:00.601,1.34256,1.34289,1.13,2.25
2011.01.19 13:36:01.373,1.34259,1.34291,1.50,1.28
2011.01.19 13:36:01.891,1.3426,1.34294,1.69,1.50
2011.01.19 13:36:02.010,1.34266,1.34296,1.28,1.50
2011.01.19 13:36:02.809,1.34268,1.34295,1.28,1.50
2011.01.19 13:36:02.930,1.34268,1.34301,1.65,1.50
2011.01.19 13:36:03.155,1.3427,1.34301,1.13,1.50
2011.01.19 13:36:03.600,1.3427,1.34305,1.13,3.00
2011.01.19 13:36:03.721,1.34269,1.343,1.13,1.50
2011.01.19 13:36:05.532,1.34262,1.34297,1.13,1.28
2011.01.19 13:36:05.762,1.34262,1.34294,1.13,1.28
2011.01.19 13:36:06.359,1.34258,1.34291,1.13,2.03
2011.01.19 13:36:07.247,1.34253,1.34286,2.63,1.50
2011.01.19 13:36:07.362,1.34255,1.34286,3.00,1.50
2011.01.19 13:36:07.471,1.34256,1.34288,1.28,1.50
2011.01.19 13:36:08.047,1.34258,1.34289,1.28,1.50
2011.01.19 13:36:09.222,1.34253,1.34287,1.28,1.50
2011.01.19 13:36:09.333,1.34251,1.34282,2.78,1.88
2011.01.19 13:36:09.452,1.34251,1.34282,2.25,1.88
2011.01.19 13:36:10.313,1.34245,1.34277,2.25,1.13
2011.01.19 13:36:10.430,1.34244,1.34277,2.63,1.88
2011.01.19 13:36:10.542,1.34244,1.34277,2.63,1.88
2011.01.19 13:36:10.918,1.34242,1.34271,1.65,1.50
2011.01.19 13:36:11.042,1.34239,1.34269,2.25,1.13
2011.01.19 13:36:11.384,1.34242,1.34271,1.13,1.50
2011.01.19 13:36:12.131,1.34238,1.34268,2.25,1.13
2011.01.19 13:36:12.353,1.34236,1.34269,2.25,1.50
2011.01.19 13:36:12.888,1.34229,1.34256,1.50,1.50
2011.01.19 13:36:13.005,1.34226,1.34256,1.13,2.25
2011.01.19 13:36:13.126,1.34226,1.34256,1.28,1.50
2011.01.19 13:36:13.571,1.34233,1.34261,1.69,1.13
2011.01.19 13:36:13.691,1.34235,1.34264,1.50,3.38
2011.01.19 13:36:13.804,1.34235,1.34264,2.03,1.50
2011.01.19 13:36:14.453,1.3423,1.34264,1.50,1.50
2011.01.19 13:36:16.269,1.34235,1.34264,1.28,1.50
2011.01.19 13:36:16.313,1.34235,1.34247,1.28,1.50
2011.01.19 13:36:16.441,1.34226,1.34245,1.50,1.50
2011.01.19 13:36:16.554,1.34226,1.34246,1.50,1.88
2011.01.19 13:36:16.976,1.34226,1.34251,1.50,1.50
2011.01.19 13:36:17.204,1.34226,1.34245,1.50,1.28
2011.01.19 13:36:17.788,1.34226,1.3425,2.25,1.28
2011.01.19 13:36:17.909,1.34226,1.34253,3.00,1.88
2011.01.19 13:36:18.435,1.34223,1.34256,2.25,1.50
2011.01.19 13:36:18.552,1.34223,1.34256,2.25,1.50
2011.01.19 13:36:18.660,1.34221,1.34251,1.50,1.50
2011.01.19 13:36:19.210,1.3422,1.34251,2.25,1.50
2011.01.19 13:36:19.430,1.34217,1.34251,2.78,1.50
2011.01.19 13:36:19.543,1.3422,1.34251,1.69,1.50
2011.01.19 13:36:19.980,1.34225,1.34253,1.28,1.50
2011.01.19 13:36:20.099,1.34227,1.34263,1.28,1.50
2011.01.19 13:36:22.293,1.34231,1.34262,2.25,1.13
2011.01.19 13:36:22.411,1.34227,1.34259,1.13,1.50
2011.01.19 13:36:23.314,1.34228,1.3426,1.13,1.50
2011.01.19 13:36:23.431,1.34228,1.34262,1.13,1.88
2011.01.19 13:36:23.972,1.34227,1.34261,1.28,1.13
2011.01.19 13:36:24.089,1.34227,1.34258,1.28,1.50
2011.01.19 13:36:25.752,1.34273,1.34308,1.65,2.70
2011.01.19 13:36:26.203,1.34277,1.34308,1.50,2.70
2011.01.19 13:36:26.541,1.34271,1.34301,2.25,1.13
2011.01.19 13:36:26.654,1.34264,1.343,2.25,1.13
2011.01.19 13:36:26.771,1.34264,1.34297,1.50,1.50
2011.01.19 13:36:27.193,1.34263,1.34297,1.50,1.50
2011.01.19 13:36:27.319,1.34264,1.34299,2.25,1.50
2011.01.19 13:36:27.432,1.34264,1.343,2.25,1.50
2011.01.19 13:36:28.335,1.34265,1.34301,2.25,1.88
2011.01.19 13:36:28.563,1.34265,1.34298,1.28,1.13
2011.01.19 13:36:29.239,1.34267,1.34298,1.13,1.13
2011.01.19 13:36:30.317,1.34276,1.343,1.28,1.13
2011.01.19 13:36:30.440,1.34272,1.34298,1.88,1.13
2011.01.19 13:36:30.552,1.34268,1.34298,4.13,1.13
2011.01.19 13:36:31.172,1.34266,1.34297,1.13,1.50
2011.01.19 13:36:31.289,1.34265,1.34295,1.13,1.13
2011.01.19 13:36:32.408,1.34267,1.34298,1.13,1.50
2011.01.19 13:36:33.263,1.34266,1.34298,2.25,1.50
2011.01.19 13:36:33.492,1.34263,1.34293,1.13,1.50
2011.01.19 13:36:33.831,1.34264,1.34296,1.13,1.50
2011.01.19 13:36:34.341,1.34264,1.34296,1.88,1.50
2011.01.19 13:36:34.563,1.34264,1.34295,2.40,1.50
2011.01.19 13:36:34.795,1.34267,1.34298,1.13,1.50
2011.01.19 13:36:35.331,1.34267,1.34298,1.13,1.50
2011.01.19 13:36:35.450,1.34269,1.34303,2.25,1.13
2011.01.19 13:36:35.565,1.34269,1.343,2.25,1.50
2011.01.19 13:36:36.647,1.34272,1.34302,1.28,1.50
2011.01.19 13:36:36.874,1.34272,1.34305,1.13,1.50
2011.01.19 13:36:37.433,1.34272,1.34306,1.13,1.50
2011.01.19 13:36:37.882,1.34267,1.343,1.13,1.50
2011.01.19 13:36:38.952,1.34271,1.34303,1.28,1.50
2011.01.19 13:36:39.926,1.34266,1.34299,2.25,1.88
2011.01.19 13:36:41.740,1.34268,1.34297,2.63,1.50
2011.01.19 13:36:42.110,1.34263,1.34293,2.63,1.88
2011.01.19 13:36:42.342,1.34257,1.34287,1.13,1.28
2011.01.19 13:36:42.891,1.34254,1.34289,1.13,1.50
2011.01.19 13:36:43.414,1.34252,1.34284,1.13,1.50
2011.01.19 13:36:44.152,1.34254,1.34284,1.13,1.13
2011.01.19 13:36:45.222,1.34257,1.34284,1.28,1.13
2011.01.19 13:36:45.829,1.34255,1.34284,1.13,1.13
2011.01.19 13:36:46.162,1.34251,1.34283,1.65,1.13
2011.01.19 13:36:46.691,1.34247,1.3427,2.07,1.50
2011.01.19 13:36:46.810,1.34246,1.34272,1.88,1.88
2011.01.19 13:36:47.034,1.3425,1.34278,1.28,1.50
2011.01.19 13:36:47.514,1.34247,1.34277,2.63,1.50
2011.01.19 13:36:48.316,1.34247,1.34276,2.25,1.50
2011.01.19 13:36:48.436,1.34244,1.34276,1.50,1.50
2011.01.19 13:36:48.552,1.34244,1.34276,1.50,1.50
2011.01.19 13:36:49.115,1.3425,1.34276,1.28,1.50
2011.01.19 13:36:50.476,1.34245,1.34272,2.25,4.50
2011.01.19 13:36:50.818,1.34245,1.3426,1.50,1.50
2011.01.19 13:36:51.395,1.34245,1.34266,1.50,1.50
2011.01.19 13:36:51.513,1.34237,1.34266,1.65,1.50
2011.01.19 13:36:51.744,1.34241,1.34272,1.88,1.50
2011.01.19 13:36:52.180,1.34248,1.34278,1.13,1.88
2011.01.19 13:36:52.297,1.34249,1.34282,1.13,1.50
2011.01.19 13:36:52.828,1.34249,1.34282,1.13,1.50
2011.01.19 13:36:52.951,1.3425,1.34282,1.13,1.50
2011.01.19 13:36:53.806,1.34256,1.34289,1.13,2.03
2011.01.19 13:36:53.926,1.34256,1.34287,1.13,1.69
2011.01.19 13:36:54.045,1.34253,1.34282,2.25,1.28
2011.01.19 13:36:54.547,1.34253,1.34281,2.25,1.28
2011.01.19 13:36:54.670,1.34245,1.34277,1.13,1.50
2011.01.19 13:36:54.893,1.3425,1.34278,1.13,1.50
2011.01.19 13:36:55.763,1.34248,1.34281,1.13,1.28
2011.01.19 13:36:55.883,1.34253,1.34284,1.13,1.50
2011.01.19 13:36:56.007,1.34253,1.34281,1.13,1.69
2011.01.19 13:36:56.549,1.34243,1.34274,1.13,1.69
2011.01.19 13:36:57.344,1.34244,1.34275,1.50,1.50
2011.01.19 13:36:57.472,1.34254,1.3429,1.13,1.50
2011.01.19 13:36:57.803,1.34256,1.3429,1.13,2.40
2011.01.19 13:36:58.136,1.34256,1.34288,1.13,1.50
2011.01.19 13:36:58.482,1.34251,1.34274,1.50,1.50
2011.01.19 13:37:00.007,1.34238,1.34272,1.32,1.50
2011.01.19 13:37:00.125,1.34238,1.34271,1.13,2.03
2011.01.19 13:37:00.242,1.34233,1.34268,1.13,1.13
2011.01.19 13:37:00.721,1.34231,1.34267,1.13,1.88
2011.01.19 13:37:00.832,1.34231,1.34267,1.13,1.13
2011.01.19 13:37:01.559,1.34228,1.34263,1.13,1.28
2011.01.19 13:37:02.462,1.3423,1.34264,1.13,1.28
2011.01.19 13:37:02.581,1.34233,1.34267,1.13,1.50
2011.01.19 13:37:02.802,1.34237,1.34264,1.13,1.88
2011.01.19 13:37:03.338,1.34235,1.34268,1.13,2.25
2011.01.19 13:37:04.419,1.34235,1.34267,1.13,1.50
2011.01.19 13:37:04.877,1.34231,1.34262,1.13,1.50
2011.01.19 13:37:05.000,1.3423,1.34262,1.13,1.50
2011.01.19 13:37:05.351,1.34234,1.34265,1.13,2.25
2011.01.19 13:37:06.648,1.3424,1.3427,1.13,1.50
2011.01.19 13:37:07.260,1.34241,1.34274,1.13,3.00
2011.01.19 13:37:07.483,1.34237,1.34271,1.13,1.50
2011.01.19 13:37:07.603,1.34236,1.34265,1.13,1.28
2011.01.19 13:37:08.070,1.34239,1.34272,1.50,1.50
2011.01.19 13:37:08.182,1.34235,1.34272,1.50,1.50
2011.01.19 13:37:08.749,1.34228,1.34267,2.25,1.50
2011.01.19 13:37:08.972,1.34227,1.34268,1.88,1.50
2011.01.19 13:37:09.649,1.34227,1.34264,3.00,1.28
2011.01.19 13:37:10.314,1.34226,1.34261,1.13,1.50
2011.01.19 13:37:11.225,1.34232,1.34262,2.25,1.50
2011.01.19 13:37:11.563,1.34238,1.34262,1.13,1.50
2011.01.19 13:37:12.402,1.3424,1.34261,1.13,1.50
2011.01.19 13:37:13.392,1.34242,1.34262,1.13,1.50
2011.01.19 13:37:15.588,1.34241,1.3427,1.13,1.50
2011.01.19 13:37:15.709,1.34233,1.34262,1.13,1.50
2011.01.19 13:37:16.152,1.34238,1.34262,1.13,1.50
2011.01.19 13:37:16.719,1.34228,1.34256,1.13,1.50
2011.01.19 13:37:16.945,1.34228,1.34261,1.13,1.50
2011.01.19 13:37:17.585,1.34231,1.34262,1.13,2.25
2011.01.19 13:37:17.923,1.34229,1.34257,1.13,1.50
2011.01.19 13:37:18.502,1.34229,1.34259,1.13,2.25
2011.01.19 13:37:19.103,1.34227,1.34256,1.13,1.69
2011.01.19 13:37:19.632,1.34224,1.3425,1.13,1.32
2011.01.19 13:37:19.745,1.3422,1.34249,1.13,1.13
2011.01.19 13:37:20.450,1.3422,1.34243,1.13,4.69
2011.01.19 13:37:20.963,1.34211,1.34239,2.63,1.50
2011.01.19 13:37:21.090,1.34211,1.34241,2.63,1.13
2011.01.19 13:37:21.647,1.34217,1.34247,1.13,1.50
2011.01.19 13:37:21.980,1.34219,1.34246,1.13,1.50
2011.01.19 13:37:23.537,1.34221,1.34246,1.13,1.13
2011.01.19 13:37:23.660,1.34221,1.34252,1.13,1.50
2011.01.19 13:37:23.780,1.34217,1.34254,2.25,1.50
2011.01.19 13:37:24.306,1.34216,1.34246,1.13,1.13
2011.01.19 13:37:24.533,1.34212,1.34246,1.13,1.50
2011.01.19 13:37:24.652,1.34212,1.34245,1.13,1.50
2011.01.19 13:37:25.096,1.34215,1.34246,1.13,1.13
2011.01.19 13:37:25.219,1.34217,1.34246,1.13,1.13
2011.01.19 13:37:25.336,1.34216,1.34248,1.88,1.50
2011.01.19 13:37:26.716,1.34213,1.34245,1.13,1.28
2011.01.19 13:37:27.852,1.34211,1.34245,1.13,2.40
2011.01.19 13:37:27.974,1.34211,1.34244,1.13,1.50
2011.01.19 13:37:28.100,1.34205,1.34235,2.63,1.50
2011.01.19 13:37:29.173,1.34206,1.34235,1.50,3.00
2011.01.19 13:37:29.617,1.34213,1.34241,1.13,1.50
2011.01.19 13:37:30.629,1.34211,1.34245,1.13,1.50
2011.01.19 13:37:31.875,1.34206,1.3424,1.13,1.50
2011.01.19 13:37:31.994,1.34206,1.3424,1.13,1.13
2011.01.19 13:37:32.224,1.34207,1.34241,1.13,1.50
2011.01.19 13:37:32.639,1.34211,1.34244,1.13,1.50
2011.01.19 13:37:32.764,1.34223,1.34242,1.65,1.13
2011.01.19 13:37:32.881,1.3422,1.34242,1.65,1.13
2011.01.19 13:37:33.535,1.3421,1.34242,2.78,1.13
2011.01.19 13:37:33.762,1.34215,1.34242,1.65,1.13
2011.01.19 13:37:34.021,1.34212,1.34242,1.13,1.13
2011.01.19 13:37:35.086,1.34216,1.34244,2.40,1.50
2011.01.19 13:37:35.201,1.34211,1.34245,2.40,1.88
2011.01.19 13:37:35.602,1.34223,1.34245,1.65,1.88
2011.01.19 13:37:35.722,1.34216,1.34244,1.50,1.50
2011.01.19 13:37:35.833,1.34217,1.34249,1.28,2.25
2011.01.19 13:37:35.952,1.34217,1.34249,1.28,2.25
2011.01.19 13:37:36.173,1.34214,1.34248,2.63,1.13
2011.01.19 13:37:36.756,1.34213,1.34246,2.40,2.25
2011.01.19 13:37:38.012,1.34215,1.34246,1.28,2.25
2011.01.19 13:37:38.532,1.34228,1.34256,1.50,1.50
2011.01.19 13:37:38.882,1.34248,1.34276,3.53,1.50
2011.01.19 13:37:39.301,1.34248,1.34281,1.28,1.88
2011.01.19 13:37:39.417,1.3424,1.34274,3.15,1.50
2011.01.19 13:37:39.887,1.34241,1.34278,1.65,1.50
2011.01.19 13:37:40.011,1.34249,1.34281,1.28,1.50
2011.01.19 13:37:40.924,1.34252,1.34283,1.50,2.25
2011.01.19 13:37:41.499,1.34258,1.34283,2.03,1.50
2011.01.19 13:37:41.619,1.34258,1.34289,2.03,1.50
2011.01.19 13:37:42.253,1.34262,1.34289,1.88,1.50
2011.01.19 13:37:42.482,1.34257,1.34289,1.13,1.50
2011.01.19 13:37:43.030,1.34257,1.34292,1.13,1.50
2011.01.19 13:37:43.367,1.34257,1.34291,1.13,2.25
2011.01.19 13:37:43.923,1.34261,1.34291,1.13,2.25
2011.01.19 13:37:44.048,1.34261,1.34291,1.13,2.25
2011.01.19 13:37:44.706,1.34252,1.34284,1.13,1.50
2011.01.19 13:37:45.042,1.34249,1.34282,1.13,1.50
2011.01.19 13:37:46.114,1.34253,1.34284,1.13,1.50
2011.01.19 13:37:46.563,1.34255,1.34284,2.44,1.50
2011.01.19 13:37:46.980,1.34258,1.34284,1.20,1.50
2011.01.19 13:37:47.570,1.34258,1.34285,1.20,1.50
2011.01.19 13:37:47.999,1.34263,1.34288,1.77,1.50
2011.01.19 13:37:48.116,1.34266,1.34291,2.33,1.50
2011.01.19 13:37:48.233,1.34266,1.34294,1.50,2.25
2011.01.19 13:37:48.655,1.34262,1.34294,2.33,2.25
2011.01.19 13:37:48.762,1.34262,1.34289,2.33,1.50
2011.01.19 13:37:48.873,1.34253,1.34284,2.40,1.50
2011.01.19 13:37:48.995,1.34252,1.34284,1.13,7.50
2011.01.19 13:37:49.428,1.3425,1.34275,2.63,1.05
2011.01.19 13:37:49.552,1.34237,1.34268,1.13,1.50
2011.01.19 13:37:50.103,1.34238,1.3427,1.13,1.50
2011.01.19 13:37:50.511,1.34233,1.34267,2.63,1.13
2011.01.19 13:37:50.868,1.34241,1.34271,1.13,2.25
2011.01.19 13:37:51.434,1.34249,1.34271,1.20,1.50
2011.01.19 13:37:51.672,1.34249,1.34275,1.13,1.50
2011.01.19 13:37:51.780,1.34252,1.34275,1.13,1.50
2011.01.19 13:37:52.051,1.34252,1.34279,1.13,1.50
2011.01.19 13:37:52.381,1.34254,1.34279,1.13,1.50
2011.01.19 13:37:52.790,1.34259,1.34279,1.13,1.50
2011.01.19 13:37:54.103,1.34269,1.34294,1.13,1.50
2011.01.19 13:37:54.698,1.3427,1.34298,1.13,1.50
2011.01.19 13:37:54.810,1.34269,1.343,1.50,2.25
2011.01.19 13:37:55.694,1.34266,1.34297,1.50,1.28
2011.01.19 13:37:55.821,1.34252,1.34279,1.13,1.28
2011.01.19 13:37:56.154,1.34248,1.34276,1.13,1.28
2011.01.19 13:37:56.273,1.34247,1.34273,1.13,2.44
2011.01.19 13:37:56.500,1.34248,1.34273,1.13,2.97
2011.01.19 13:37:57.038,1.34247,1.34273,1.13,3.53
2011.01.19 13:37:57.393,1.34247,1.34272,1.13,1.50
2011.01.19 13:37:57.513,1.34249,1.34278,1.13,1.50
2011.01.19 13:37:57.741,1.3425,1.34276,1.13,1.50
2011.01.19 13:37:58.229,1.34251,1.34279,1.13,1.50
2011.01.19 13:37:59.043,1.34251,1.34281,1.13,2.03
2011.01.19 13:37:59.171,1.34247,1.3428,1.13,2.03
2011.01.19 13:37:59.790,1.34245,1.34277,1.13,1.69
2011.01.19 13:38:00.897,1.3424,1.34272,1.13,2.03
2011.01.19 13:38:01.012,1.34235,1.34271,1.50,1.65
2011.01.19 13:38:01.243,1.34236,1.34267,1.50,1.50
2011.01.19 13:38:01.767,1.34238,1.34267,1.13,1.50
2011.01.19 13:38:01.885,1.34237,1.34267,1.13,1.50
2011.01.19 13:38:02.223,1.34233,1.34261,1.13,1.50
2011.01.19 13:38:03.103,1.34236,1.34267,1.50,1.50
2011.01.19 13:38:03.227,1.34235,1.34269,2.44,1.50
2011.01.19 13:38:03.457,1.34241,1.34269,1.50,1.50
2011.01.19 13:38:04.097,1.34253,1.3428,1.13,1.50
2011.01.19 13:38:04.653,1.3425,1.34277,1.50,1.13
2011.01.19 13:38:05.007,1.34254,1.34275,1.13,1.13
2011.01.19 13:38:05.133,1.3425,1.34281,1.50,1.50
2011.01.19 13:38:05.258,1.34249,1.34282,1.50,1.50
2011.01.19 13:38:05.681,1.34253,1.34282,1.13,3.38
2011.01.19 13:38:06.231,1.34253,1.34282,1.13,1.50
2011.01.19 13:38:06.638,1.34258,1.34282,1.13,1.50
2011.01.19 13:38:07.064,1.34259,1.34284,1.50,1.50
2011.01.19 13:38:07.188,1.34259,1.34285,1.50,1.50
2011.01.19 13:38:07.523,1.34264,1.3429,1.50,1.50
2011.01.19 13:38:08.340,1.34264,1.34291,1.13,1.50
2011.01.19 13:38:08.565,1.34266,1.34295,1.13,1.50
2011.01.19 13:38:08.794,1.34266,1.34295,1.50,1.50
2011.01.19 13:38:09.231,1.34273,1.34295,1.13,1.50
2011.01.19 13:38:09.562,1.34267,1.34295,1.28,1.50
2011.01.19 13:38:10.748,1.34263,1.34295,2.40,1.50
2011.01.19 13:38:10.865,1.34261,1.34292,3.00,1.50
2011.01.19 13:38:12.477,1.34255,1.34283,1.13,1.50
2011.01.19 13:38:12.715,1.3424,1.34267,1.50,1.50
2011.01.19 13:38:12.838,1.34238,1.34267,2.63,1.50
2011.01.19 13:38:13.379,1.34233,1.34272,3.00,1.50
2011.01.19 13:38:15.213,1.34237,1.3427,1.28,1.50
2011.01.19 13:38:15.553,1.34232,1.34259,1.88,1.50
2011.01.19 13:38:15.670,1.34222,1.34259,2.63,1.50
2011.01.19 13:38:16.110,1.34225,1.34256,1.50,1.50
2011.01.19 13:38:16.334,1.34225,1.34257,1.88,1.50
2011.01.19 13:38:16.561,1.34226,1.34259,1.13,1.50
2011.01.19 13:38:17.171,1.3423,1.34259,1.50,1.50
2011.01.19 13:38:17.860,1.34231,1.34259,1.28,1.50
2011.01.19 13:38:18.191,1.34235,1.34267,1.88,1.50
2011.01.19 13:38:18.534,1.34235,1.34267,1.88,1.50
2011.01.19 13:38:18.659,1.3423,1.34261,2.03,1.50
2011.01.19 13:38:18.994,1.34237,1.34268,1.13,1.50
2011.01.19 13:38:19.112,1.34237,1.34268,1.13,1.50
2011.01.19 13:38:24.740,1.34231,1.34264,2.40,1.50
2011.01.19 13:38:25.671,1.34236,1.3427,1.13,1.50
2011.01.19 13:38:26.680,1.34235,1.34267,1.13,1.50
2011.01.19 13:38:26.789,1.34235,1.34267,1.13,1.50
2011.01.19 13:38:27.328,1.34231,1.34262,2.03,1.50
2011.01.19 13:38:28.241,1.34235,1.34262,2.03,1.50
2011.01.19 13:38:28.638,1.34236,1.34266,1.28,1.50
2011.01.19 13:38:28.755,1.34238,1.34269,1.28,1.50
2011.01.19 13:38:29.110,1.34238,1.34269,1.13,1.50
2011.01.19 13:38:29.334,1.34244,1.34273,1.50,1.50
2011.01.19 13:38:29.454,1.34246,1.34273,1.50,1.50
2011.01.19 13:38:29.965,1.34251,1.3428,1.13,2.63
2011.01.19 13:38:30.087,1.3425,1.34283,1.13,1.50
2011.01.19 13:38:31.276,1.34253,1.34287,1.13,3.00
2011.01.19 13:38:31.393,1.34254,1.34287,1.13,3.00
2011.01.19 13:38:31.514,1.34261,1.34287,1.13,1.50
2011.01.19 13:38:31.966,1.34264,1.34296,1.13,3.38
2011.01.19 13:38:32.662,1.34265,1.34297,1.13,1.50
2011.01.19 13:38:32.983,1.34266,1.34299,1.13,1.50
2011.01.19 13:38:33.323,1.34263,1.34291,1.88,1.50
2011.01.19 13:38:33.837,1.34256,1.34287,1.13,1.50
2011.01.19 13:38:36.136,1.34263,1.34279,1.13,1.50
2011.01.19 13:38:36.511,1.3426,1.34279,1.32,1.50
2011.01.19 13:38:36.629,1.34259,1.34286,2.78,1.50
2011.01.19 13:38:37.178,1.3426,1.34286,1.88,1.50
2011.01.19 13:38:37.297,1.3426,1.34295,1.50,1.13
2011.01.19 13:38:37.523,1.3426,1.34291,1.50,1.50
2011.01.19 13:38:37.752,1.34255,1.34289,1.13,1.13
2011.01.19 13:38:38.166,1.34255,1.34286,1.13,1.50
2011.01.19 13:38:40.060,1.34251,1.34286,1.13,1.50
2011.01.19 13:38:40.175,1.34252,1.34284,2.25,1.50
2011.01.19 13:38:40.643,1.34248,1.34283,1.13,1.88
2011.01.19 13:38:40.963,1.34248,1.34283,1.13,1.88
2011.01.19 13:38:41.612,1.34249,1.34279,1.13,1.13
2011.01.19 13:38:41.721,1.34248,1.34276,1.13,1.50
2011.01.19 13:38:42.300,1.34246,1.34276,1.13,1.50
2011.01.19 13:38:42.414,1.34246,1.34276,1.13,1.88
2011.01.19 13:38:43.583,1.34246,1.34276,1.13,1.50
2011.01.19 13:38:43.924,1.34244,1.34269,1.50,1.50
2011.01.19 13:38:44.482,1.34244,1.34271,1.50,1.50
2011.01.19 13:38:44.592,1.34244,1.34273,1.50,1.50
2011.01.19 13:38:45.644,1.34245,1.34273,1.88,1.50
2011.01.19 13:38:45.761,1.34245,1.34273,1.88,1.13
2011.01.19 13:38:46.173,1.34245,1.34272,1.13,1.13
2011.01.19 13:38:46.510,1.34243,1.34267,1.50,1.50
2011.01.19 13:38:47.748,1.34241,1.34267,1.13,1.50
2011.01.19 13:38:47.868,1.34238,1.34267,1.88,1.50
2011.01.19 13:38:48.201,1.34243,1.34267,1.13,1.50
2011.01.19 13:38:48.422,1.34244,1.3427,1.13,1.50
2011.01.19 13:38:48.531,1.34244,1.3427,1.50,1.50
2011.01.19 13:38:48.858,1.34245,1.34273,1.50,1.50
2011.01.19 13:38:49.410,1.34249,1.34274,1.13,1.50
2011.01.19 13:38:49.968,1.34249,1.34276,1.13,1.50
2011.01.19 13:38:51.142,1.34241,1.34274,2.63,1.13
2011.01.19 13:38:51.567,1.34241,1.34266,1.88,1.50
2011.01.19 13:38:51.688,1.34228,1.34261,1.13,1.88
2011.01.19 13:38:51.806,1.34229,1.34258,1.13,1.50
2011.01.19 13:38:52.684,1.34226,1.34258,2.25,1.50
2011.01.19 13:38:55.529,1.34227,1.34258,1.13,1.50
2011.01.19 13:38:55.644,1.34229,1.34258,1.50,1.50
2011.01.19 13:38:55.985,1.3424,1.34271,2.25,1.50
2011.01.19 13:38:56.465,1.34251,1.34282,1.13,1.50
2011.01.19 13:38:57.266,1.34249,1.34281,1.13,1.88
2011.01.19 13:38:57.391,1.34246,1.34279,2.25,1.13
2011.01.19 13:38:57.728,1.34253,1.34282,1.88,1.50
2011.01.19 13:38:58.383,1.34253,1.34279,1.13,1.50
2011.01.19 13:39:00.520,1.34255,1.3428,1.13,1.50
2011.01.19 13:39:00.851,1.34258,1.34284,1.50,1.50
2011.01.19 13:39:01.400,1.34258,1.34284,1.50,1.50
2011.01.19 13:39:02.202,1.34254,1.34284,1.13,1.50
2011.01.19 13:39:02.540,1.34253,1.3428,1.50,1.50
2011.01.19 13:39:03.275,1.34253,1.3428,1.28,1.50
2011.01.19 13:39:03.393,1.34273,1.34288,1.50,1.50
2011.01.19 13:39:03.615,1.34277,1.34308,1.13,1.50
2011.01.19 13:39:04.173,1.34281,1.3431,1.13,1.50
2011.01.19 13:39:04.390,1.34281,1.34313,1.50,1.50
2011.01.19 13:39:05.023,1.3428,1.34311,1.50,1.50
2011.01.19 13:39:05.728,1.34279,1.3431,1.50,1.50
2011.01.19 13:39:06.101,1.34278,1.34305,2.25,1.50
2011.01.19 13:39:06.893,1.34278,1.34305,2.25,1.50
2011.01.19 13:39:07.450,1.34278,1.34305,2.25,1.50
2011.01.19 13:39:08.713,1.34297,1.34305,1.13,1.50
2011.01.19 13:39:09.098,1.34299,1.3433,1.50,1.50
2011.01.19 13:39:09.221,1.34304,1.34327,1.13,1.88
2011.01.19 13:39:09.333,1.34304,1.34334,1.50,1.50
2011.01.19 13:39:09.726,1.34309,1.34338,1.50,3.38
2011.01.19 13:39:10.281,1.34314,1.34345,1.13,1.88
2011.01.19 13:39:10.401,1.34317,1.34346,2.25,1.50
2011.01.19 13:39:10.511,1.34316,1.3435,2.25,1.50
2011.01.19 13:39:11.126,1.34317,1.34348,2.25,1.50
2011.01.19 13:39:11.247,1.34318,1.34349,1.50,2.97
2011.01.19 13:39:11.365,1.34318,1.34346,1.50,1.28
2011.01.19 13:39:12.164,1.34309,1.3434,1.13,1.50
2011.01.19 13:39:12.730,1.3431,1.3434,1.50,1.50
2011.01.19 13:39:13.130,1.3431,1.34342,2.25,1.50
2011.01.19 13:39:13.476,1.34309,1.34336,2.25,1.28
2011.01.19 13:39:13.592,1.34302,1.34334,2.63,1.28
2011.01.19 13:39:14.116,1.343,1.34329,1.50,1.50
2011.01.19 13:39:14.239,1.34305,1.34333,1.50,1.50
2011.01.19 13:39:15.343,1.34305,1.34332,1.50,1.88
2011.01.19 13:39:15.773,1.343,1.34331,2.25,1.50
2011.01.19 13:39:16.447,1.34294,1.34326,1.28,1.88
2011.01.19 13:39:16.562,1.34293,1.34326,3.90,1.88
2011.01.19 13:39:17.156,1.34293,1.34318,1.65,1.13
2011.01.19 13:39:17.276,1.34291,1.34318,2.25,1.13
2011.01.19 13:39:17.830,1.34285,1.34318,1.13,1.13
2011.01.19 13:39:18.578,1.34284,1.34317,1.13,2.03
2011.01.19 13:39:19.032,1.34278,1.3431,2.63,1.50
2011.01.19 13:39:19.457,1.34282,1.34312,1.13,2.40
2011.01.19 13:39:19.793,1.34283,1.34312,1.13,2.03
2011.01.19 13:39:20.130,1.34281,1.34312,1.13,2.03
2011.01.19 13:39:20.363,1.34282,1.34315,1.13,3.00
2011.01.19 13:39:20.480,1.34284,1.34315,1.13,2.25
2011.01.19 13:39:21.711,1.34289,1.3432,1.13,2.40
2011.01.19 13:39:22.044,1.34293,1.34324,1.13,3.00
2011.01.19 13:39:22.162,1.34293,1.34324,1.13,3.00
2011.01.19 13:39:22.935,1.34295,1.34324,1.28,2.25
2011.01.19 13:39:23.478,1.34282,1.34305,2.25,1.50
2011.01.19 13:39:23.600,1.34276,1.34302,1.65,1.50
2011.01.19 13:39:23.826,1.34276,1.34305,2.40,1.50
2011.01.19 13:39:24.476,1.34279,1.34305,1.65,1.50
2011.01.19 13:39:25.033,1.34279,1.34305,2.40,1.50
2011.01.19 13:39:25.152,1.3428,1.34308,1.28,1.50
2011.01.19 13:39:25.546,1.34284,1.34313,1.28,1.50
2011.01.19 13:39:25.775,1.34285,1.34318,1.65,1.50
2011.01.19 13:39:26.544,1.34292,1.34321,1.28,3.00
2011.01.19 13:39:27.165,1.34299,1.34324,1.28,2.25
2011.01.19 13:39:27.291,1.34301,1.34328,1.65,1.50
2011.01.19 13:39:27.513,1.343,1.34328,1.28,1.50
2011.01.19 13:39:28.160,1.34294,1.34323,1.28,3.00
2011.01.19 13:39:28.275,1.34297,1.34324,1.28,1.65
2011.01.19 13:39:28.930,1.34287,1.34318,2.25,1.13
2011.01.19 13:39:29.043,1.34291,1.34318,1.65,1.13
2011.01.19 13:39:29.587,1.34291,1.34322,2.18,1.50
2011.01.19 13:39:29.706,1.34291,1.34323,1.28,1.50
2011.01.19 13:39:29.824,1.34288,1.34313,3.53,1.50
2011.01.19 13:39:29.943,1.34285,1.3431,1.88,1.50
2011.01.19 13:39:30.173,1.34285,1.34313,1.88,1.50
2011.01.19 13:39:30.643,1.34284,1.34317,1.50,1.50
2011.01.19 13:39:32.807,1.34284,1.34313,2.40,1.28
2011.01.19 13:39:33.033,1.3428,1.34313,1.13,1.50
2011.01.19 13:39:33.580,1.34282,1.34319,2.78,2.03
2011.01.19 13:39:33.692,1.34282,1.34318,1.13,1.13
2011.01.19 13:39:34.217,1.34282,1.34315,1.13,1.69
2011.01.19 13:39:34.334,1.34281,1.34304,1.65,1.50
2011.01.19 13:39:34.454,1.34273,1.34304,2.03,1.50
2011.01.19 13:39:35.100,1.34304,1.34313,1.62,1.50
2011.01.19 13:39:35.221,1.34303,1.34326,1.05,1.50
2011.01.19 13:39:35.443,1.34303,1.34325,1.05,1.50
2011.01.19 13:39:35.564,1.34303,1.34329,1.05,1.28
2011.01.19 13:39:36.113,1.34304,1.34329,1.67,1.28
2011.01.19 13:39:36.235,1.34307,1.34332,1.35,2.40
2011.01.19 13:39:36.356,1.3431,1.34332,1.35,1.65
2011.01.19 13:39:36.693,1.3431,1.34332,1.35,1.65
2011.01.19 13:39:36.805,1.3431,1.34342,1.35,2.63
2011.01.19 13:39:37.368,1.34305,1.34341,2.25,3.57
2011.01.19 13:39:37.608,1.34295,1.34325,2.40,1.50
2011.01.19 13:39:38.025,1.34294,1.3433,2.40,1.50
2011.01.19 13:39:38.921,1.34293,1.34324,2.40,1.50
2011.01.19 13:39:39.254,1.34296,1.34332,1.50,1.50
2011.01.19 13:39:39.378,1.34298,1.34331,1.13,1.88
2011.01.19 13:39:39.830,1.34305,1.34334,1.13,1.88
2011.01.19 13:39:40.591,1.343,1.34336,1.13,2.78
2011.01.19 13:39:40.712,1.343,1.34322,1.65,1.28
2011.01.19 13:39:40.829,1.3429,1.34321,2.63,1.50
2011.01.19 13:39:41.400,1.34292,1.34323,1.13,1.50
2011.01.19 13:39:41.521,1.34293,1.34325,1.13,1.50
2011.01.19 13:39:44.713,1.3429,1.34322,1.13,1.50
2011.01.19 13:39:45.291,1.34282,1.34312,1.50,1.50
2011.01.19 13:39:45.412,1.34283,1.34315,1.13,1.50
2011.01.19 13:39:45.638,1.34286,1.34318,4.80,1.50
2011.01.19 13:39:46.074,1.34287,1.34327,1.28,6.57
2011.01.19 13:39:46.192,1.34286,1.34318,3.30,1.50
2011.01.19 13:39:46.302,1.34289,1.34319,2.40,1.50
2011.01.19 13:39:46.631,1.34289,1.34321,2.40,1.50
2011.01.19 13:39:47.039,1.3429,1.34323,1.13,1.50
2011.01.19 13:39:47.499,1.34292,1.34328,1.13,1.50
2011.01.19 13:39:48.037,1.34293,1.34324,3.90,1.50
2011.01.19 13:39:48.825,1.34295,1.34326,2.40,1.50
2011.01.19 13:39:49.176,1.34289,1.34321,2.48,1.13
2011.01.19 13:39:49.720,1.34286,1.34318,2.25,1.50
2011.01.19 13:39:50.370,1.3429,1.34322,1.13,1.65
2011.01.19 13:39:50.595,1.34299,1.34328,1.13,2.63
2011.01.19 13:39:51.139,1.343,1.3433,1.13,1.65
2011.01.19 13:39:51.251,1.34301,1.3433,1.13,1.65
2011.01.19 13:39:52.140,1.34297,1.3433,1.13,2.40
2011.01.19 13:39:52.250,1.34299,1.3433,1.13,2.40
2011.01.19 13:39:52.692,1.34297,1.3433,1.13,1.65
2011.01.19 13:39:53.257,1.34297,1.34329,1.13,1.50
2011.01.19 13:39:54.139,1.34302,1.34329,1.50,1.50
2011.01.19 13:39:54.267,1.34299,1.34331,2.25,1.13
2011.01.19 13:39:54.388,1.34302,1.34333,1.50,1.50
2011.01.19 13:39:54.803,1.34304,1.34333,1.13,1.50
2011.01.19 13:39:55.382,1.34315,1.34342,1.28,1.65
2011.01.19 13:39:55.504,1.3431,1.34345,3.90,1.50
2011.01.19 13:39:55.626,1.3431,1.34342,2.40,2.03
2011.01.19 13:39:56.257,1.3431,1.34337,1.65,1.50
2011.01.19 13:39:56.373,1.34303,1.34337,2.25,1.50
2011.01.19 13:39:56.890,1.34303,1.34335,2.25,1.28
2011.01.19 13:39:59.546,1.34301,1.34335,1.13,3.68
2011.01.19 13:40:00.144,1.34303,1.34332,1.13,1.28
2011.01.19 13:40:00.796,1.34295,1.34331,1.13,1.65
2011.01.19 13:40:00.918,1.34295,1.3433,1.13,1.50
2011.01.19 13:40:01.033,1.34296,1.3433,2.25,1.88
2011.01.19 13:40:01.813,1.3431,1.34346,1.13,3.15
2011.01.19 13:40:02.140,1.34314,1.34346,1.13,1.50
2011.01.19 13:40:02.663,1.34313,1.34344,2.25,1.88
2011.01.19 13:40:03.005,1.3431,1.34335,1.50,1.65
2011.01.19 13:40:03.651,1.34306,1.34337,1.13,2.40
2011.01.19 13:40:05.737,1.34309,1.3434,1.13,1.50
2011.01.19 13:40:06.292,1.34308,1.3434,1.13,1.50
2011.01.19 13:40:06.752,1.34312,1.3434,4.50,1.50
2011.01.19 13:40:07.092,1.34319,1.34353,1.13,1.50
2011.01.19 13:40:08.995,1.34319,1.34348,1.13,1.28
2011.01.19 13:40:09.318,1.34317,1.34348,1.13,1.28
2011.01.19 13:40:09.435,1.34306,1.34333,1.88,1.50
2011.01.19 13:40:10.170,1.34299,1.3433,1.13,2.18
2011.01.19 13:40:10.961,1.34298,1.3433,1.13,2.18
2011.01.19 13:40:11.071,1.34298,1.34328,1.13,1.50
2011.01.19 13:40:12.161,1.34298,1.34326,1.13,5.25
2011.01.19 13:40:12.493,1.3429,1.34319,1.88,2.93
2011.01.19 13:40:12.726,1.34286,1.34319,1.13,3.87
2011.01.19 13:40:12.843,1.34287,1.34317,1.13,1.65
2011.01.19 13:40:13.278,1.34289,1.34319,1.13,1.65
2011.01.19 13:40:13.399,1.34284,1.3432,2.40,1.28
2011.01.19 13:40:13.513,1.34284,1.34318,2.40,2.25
2011.01.19 13:40:14.055,1.34286,1.3432,1.50,1.28
2011.01.19 13:40:14.179,1.34288,1.34327,4.80,2.25
2011.01.19 13:40:14.291,1.34291,1.34329,2.25,3.15
2011.01.19 13:40:15.025,1.34289,1.34326,2.25,1.50
2011.01.19 13:40:16.323,1.34289,1.3432,2.25,1.28
2011.01.19 13:40:16.441,1.34289,1.34322,1.13,1.50
2011.01.19 13:40:16.771,1.34284,1.34317,1.13,1.50
2011.01.19 13:40:17.206,1.34283,1.34317,1.13,2.03
2011.01.19 13:40:17.322,1.34284,1.34317,1.13,1.50
2011.01.19 13:40:17.432,1.34284,1.3432,1.13,5.55
2011.01.19 13:40:17.762,1.34283,1.34315,1.13,2.03
2011.01.19 13:40:18.389,1.34283,1.34318,1.13,2.40
2011.01.19 13:40:18.721,1.34284,1.34318,1.13,1.50
2011.01.19 13:40:19.344,1.34286,1.34318,1.13,1.50
2011.01.19 13:40:20.302,1.34286,1.34316,1.13,1.50
2011.01.19 13:40:20.849,1.34283,1.34314,1.13,2.18
2011.01.19 13:40:20.972,1.34289,1.34317,1.13,1.50
2011.01.19 13:40:21.083,1.34288,1.34321,1.13,1.50
2011.01.19 13:40:25.754,1.34285,1.3432,1.13,1.28
2011.01.19 13:40:25.982,1.34283,1.34318,1.13,1.65
2011.01.19 13:40:26.102,1.34283,1.34316,1.13,1.50
2011.01.19 13:40:28.623,1.3428,1.34312,1.13,1.50
2011.01.19 13:40:29.673,1.34279,1.3431,2.40,1.50
2011.01.19 13:40:29.794,1.34278,1.34308,1.13,3.00
2011.01.19 13:40:30.150,1.34274,1.34306,1.88,1.13
2011.01.19 13:40:30.270,1.34268,1.34303,3.90,1.88
2011.01.19 13:40:30.385,1.34268,1.34303,3.90,1.88
2011.01.19 13:40:30.804,1.34268,1.34303,3.90,1.13
2011.01.19 13:40:30.929,1.34271,1.34307,1.13,1.13
2011.01.19 13:40:31.042,1.34271,1.34305,1.13,1.13
2011.01.19 13:40:31.576,1.34274,1.34303,1.28,1.50
2011.01.19 13:40:32.204,1.34269,1.34304,2.40,1.50
2011.01.19 13:40:32.327,1.34274,1.34306,3.90,1.50
2011.01.19 13:40:33.343,1.34271,1.34302,2.25,1.50
2011.01.19 13:40:35.913,1.34275,1.34305,2.40,1.50
2011.01.19 13:40:36.253,1.34281,1.34306,1.28,1.50
2011.01.19 13:40:36.707,1.3428,1.34309,1.65,1.50
2011.01.19 13:40:36.930,1.34282,1.34313,1.50,1.50
2011.01.19 13:40:37.373,1.34283,1.34312,4.28,1.50
2011.01.19 13:40:37.811,1.34288,1.34319,1.13,1.50
2011.01.19 13:40:37.923,1.34291,1.34319,1.28,1.50
2011.01.19 13:40:38.043,1.34293,1.34324,2.40,1.50
2011.01.19 13:40:38.577,1.34291,1.34311,1.65,1.13
2011.01.19 13:40:38.694,1.3428,1.34312,1.65,1.88
2011.01.19 13:40:39.031,1.34279,1.34308,1.50,1.50
2011.01.19 13:40:39.465,1.34287,1.34308,3.53,1.50
2011.01.19 13:40:39.584,1.3429,1.34322,1.13,1.50
2011.01.19 13:40:41.504,1.34286,1.34317,1.13,1.50
2011.01.19 13:40:42.905,1.34288,1.34317,1.13,1.50
2011.01.19 13:40:43.321,1.3429,1.34321,1.13,2.25
2011.01.19 13:40:44.099,1.34285,1.34318,1.13,1.50
2011.01.19 13:40:48.476,1.34288,1.34321,1.13,1.88
2011.01.19 13:40:48.928,1.34285,1.34319,1.13,1.50
2011.01.19 13:40:49.044,1.34286,1.34314,1.13,1.88
2011.01.19 13:40:49.558,1.34286,1.3432,1.13,1.13
2011.01.19 13:40:49.671,1.34288,1.3432,1.13,1.13
2011.01.19 13:40:50.414,1.3429,1.34322,1.13,1.50
2011.01.19 13:40:50.447,1.34293,1.34325,1.13,3.00
2011.01.19 13:40:51.481,1.34292,1.34323,1.13,1.50
2011.01.19 13:40:52.248,1.34292,1.34325,1.13,1.50
2011.01.19 13:40:53.501,1.34296,1.34325,1.50,1.50
2011.01.19 13:40:53.615,1.34299,1.34327,1.13,1.50
2011.01.19 13:40:53.951,1.34299,1.34331,1.13,2.25
2011.01.19 13:40:54.064,1.34301,1.34331,1.13,2.25
2011.01.19 13:40:54.513,1.34294,1.34329,1.13,1.50
2011.01.19 13:40:54.740,1.34293,1.34329,1.13,1.88
2011.01.19 13:40:55.593,1.34289,1.34324,2.78,2.03
2011.01.19 13:40:55.716,1.34289,1.34323,1.13,1.50
2011.01.19 13:40:56.542,1.34292,1.34323,1.13,1.50
2011.01.19 13:40:56.940,1.34294,1.34325,1.13,2.18
2011.01.19 13:40:57.287,1.34301,1.3433,1.13,2.40
2011.01.19 13:40:57.705,1.34302,1.34333,1.13,1.28
2011.01.19 13:40:57.817,1.34303,1.34334,1.13,1.28
2011.01.19 13:40:59.030,1.34302,1.34334,1.13,1.28
2011.01.19 13:40:59.553,1.34294,1.34327,1.13,1.28
2011.01.19 13:40:59.669,1.34295,1.34324,1.13,2.93
2011.01.19 13:41:00.383,1.34296,1.34324,1.13,2.40
2011.01.19 13:41:00.510,1.34295,1.34329,1.65,3.15
2011.01.19 13:41:00.626,1.34297,1.34329,1.13,3.15
2011.01.19 13:41:02.044,1.34296,1.34324,1.13,2.18
2011.01.19 13:41:02.383,1.34293,1.34324,1.13,2.18
2011.01.19 13:41:02.505,1.34284,1.34306,2.63,1.28
2011.01.19 13:41:03.036,1.34265,1.34297,2.63,2.03
2011.01.19 13:41:03.153,1.34263,1.34296,2.63,1.28
2011.01.19 13:41:03.262,1.34263,1.34294,2.63,3.00
2011.01.19 13:41:03.372,1.34263,1.34288,1.88,1.50
2011.01.19 13:41:03.592,1.34261,1.34288,1.65,1.50
2011.01.19 13:41:03.960,1.34257,1.34287,1.88,2.25
2011.01.19 13:41:04.079,1.34254,1.34285,1.50,1.50
2011.01.19 13:41:04.523,1.34254,1.34289,3.68,3.00
2011.01.19 13:41:04.945,1.34255,1.34282,1.65,1.50
2011.01.19 13:41:05.284,1.34259,1.3429,1.50,1.50
2011.01.19 13:41:05.403,1.34262,1.3429,1.65,1.50
2011.01.19 13:41:05.634,1.34257,1.3429,2.63,1.50
2011.01.19 13:41:06.182,1.34254,1.34281,1.88,1.50
2011.01.19 13:41:06.401,1.34246,1.34279,2.63,1.13
2011.01.19 13:41:06.621,1.34246,1.34278,1.88,1.13
2011.01.19 13:41:07.033,1.34245,1.34274,2.93,1.50
2011.01.19 13:41:07.545,1.34249,1.3428,1.32,1.50
2011.01.19 13:41:07.662,1.34249,1.34282,1.32,1.50
2011.01.19 13:41:08.092,1.34251,1.34274,1.65,1.50
2011.01.19 13:41:08.655,1.34251,1.34277,2.18,1.50
2011.01.19 13:41:09.085,1.34251,1.34279,2.18,1.50
2011.01.19 13:41:10.796,1.34251,1.34277,1.65,1.50
2011.01.19 13:41:10.913,1.34251,1.34276,1.65,1.50
2011.01.19 13:41:11.325,1.34248,1.34276,1.65,1.50
2011.01.19 13:41:13.071,1.34248,1.34273,1.65,1.50
2011.01.19 13:41:13.400,1.34246,1.34273,1.65,1.88
2011.01.19 13:41:14.106,1.34246,1.34273,1.65,1.50
2011.01.19 13:41:14.746,1.34246,1.34273,2.40,1.50
2011.01.19 13:41:15.088,1.34259,1.34283,1.50,3.00
2011.01.19 13:41:15.433,1.34254,1.34283,2.03,2.63
2011.01.19 13:41:15.562,1.34254,1.34275,1.88,1.50
2011.01.19 13:41:16.098,1.34248,1.34275,1.65,1.50
2011.01.19 13:41:16.219,1.34246,1.34275,1.65,1.50
2011.01.19 13:41:16.443,1.34246,1.34272,1.65,1.13
2011.01.19 13:41:16.981,1.34243,1.34272,2.40,1.50
2011.01.19 13:41:17.874,1.34251,1.34278,1.28,1.50
2011.01.19 13:41:18.109,1.34252,1.34282,1.13,1.50
2011.01.19 13:41:18.553,1.34259,1.34282,1.50,1.50
2011.01.19 13:41:18.681,1.3426,1.34285,1.65,1.50
2011.01.19 13:41:19.420,1.3426,1.34285,2.59,1.50
2011.01.19 13:41:19.542,1.34268,1.34295,1.65,1.50
2011.01.19 13:41:19.652,1.34261,1.34295,4.28,2.40
2011.01.19 13:41:20.727,1.34256,1.34281,2.40,1.50
2011.01.19 13:41:20.848,1.34255,1.34275,1.50,1.50
2011.01.19 13:41:20.964,1.3425,1.34275,1.88,1.50
2011.01.19 13:41:21.337,1.34253,1.34275,1.65,1.50
2011.01.19 13:41:21.460,1.34249,1.34278,3.30,1.50
2011.01.19 13:41:21.576,1.34252,1.34283,1.84,1.50
2011.01.19 13:41:21.694,1.3426,1.34283,1.65,1.50
2011.01.19 13:41:22.230,1.3426,1.34283,3.90,1.50
2011.01.19 13:41:22.452,1.34266,1.34294,1.65,1.50
2011.01.19 13:41:22.562,1.34266,1.34296,2.40,1.50
2011.01.19 13:41:22.674,1.34267,1.34297,1.13,1.50
2011.01.19 13:41:23.201,1.34267,1.34299,1.13,2.03
2011.01.19 13:41:23.317,1.34267,1.34299,1.13,2.03
2011.01.19 13:41:23.653,1.34264,1.34298,1.13,2.63
2011.01.19 13:41:23.775,1.3426,1.34294,2.40,1.13
2011.01.19 13:41:24.190,1.3426,1.34294,2.40,1.13
2011.01.19 13:41:24.308,1.34266,1.34297,1.13,1.50
2011.01.19 13:41:25.099,1.34265,1.34299,1.13,1.50
2011.01.19 13:41:25.218,1.34259,1.34294,3.00,1.13
2011.01.19 13:41:25.662,1.34258,1.34292,1.13,1.50
2011.01.19 13:41:27.110,1.34256,1.34288,2.40,1.50
2011.01.19 13:41:27.332,1.34257,1.34292,1.13,3.00
2011.01.19 13:41:27.666,1.34262,1.34292,2.03,1.50
2011.01.19 13:41:28.115,1.34266,1.34299,2.40,1.50
2011.01.19 13:41:28.233,1.34266,1.34299,2.40,1.50
2011.01.19 13:41:30.263,1.3427,1.34299,1.65,1.50
2011.01.19 13:41:30.385,1.34272,1.34305,1.50,1.50
2011.01.19 13:41:31.935,1.34275,1.34303,2.40,1.13
2011.01.19 13:41:32.051,1.3427,1.34302,2.40,1.88
2011.01.19 13:41:32.493,1.3427,1.34299,2.40,1.50
2011.01.19 13:41:32.923,1.3427,1.34297,1.65,1.50
2011.01.19 13:41:33.276,1.3427,1.34297,2.37,1.50
2011.01.19 13:41:33.395,1.34272,1.343,2.03,1.50
2011.01.19 13:41:33.513,1.34272,1.343,1.50,1.50
2011.01.19 13:41:33.885,1.34269,1.343,2.40,1.50
2011.01.19 13:41:35.317,1.34273,1.34304,1.13,1.50
2011.01.19 13:41:36.463,1.34272,1.34302,1.65,1.50
2011.01.19 13:41:36.890,1.34267,1.34295,1.65,1.50
2011.01.19 13:41:37.115,1.34262,1.34295,2.40,1.50
2011.01.19 13:41:37.341,1.34267,1.34295,1.65,1.50
2011.01.19 13:41:38.058,1.34265,1.34293,1.65,1.50
2011.01.19 13:41:38.177,1.34263,1.34295,2.03,1.50
2011.01.19 13:41:38.515,1.34265,1.34295,1.13,1.50
2011.01.19 13:41:39.868,1.34264,1.34295,1.13,1.50
2011.01.19 13:41:40.292,1.34267,1.343,2.40,1.50
2011.01.19 13:41:40.812,1.3427,1.343,1.65,1.50
2011.01.19 13:41:41.537,1.34268,1.343,1.65,1.88
2011.01.19 13:41:41.654,1.3427,1.343,1.65,1.50
2011.01.19 13:41:41.771,1.34268,1.343,2.18,1.50
2011.01.19 13:41:42.412,1.34267,1.343,3.68,1.50
2011.01.19 13:41:42.933,1.34268,1.34299,1.65,1.50
2011.01.19 13:41:44.000,1.34268,1.34299,1.28,1.50
2011.01.19 13:41:44.811,1.34268,1.34296,1.28,1.50
2011.01.19 13:41:45.141,1.34274,1.34296,1.28,1.50
2011.01.19 13:41:45.253,1.34272,1.34302,2.03,1.50
2011.01.19 13:41:45.371,1.34268,1.343,2.03,1.13
2011.01.19 13:41:45.590,1.34269,1.34297,1.28,1.50
2011.01.19 13:41:46.352,1.34268,1.343,2.03,1.50
2011.01.19 13:41:46.571,1.34268,1.343,1.28,1.13
2011.01.19 13:41:47.115,1.34267,1.34298,1.28,1.50
2011.01.19 13:41:47.460,1.34261,1.34293,2.40,1.50
2011.01.19 13:41:48.741,1.34265,1.34293,2.03,1.50
2011.01.19 13:41:48.961,1.34268,1.34296,1.28,1.50
2011.01.19 13:41:49.070,1.34268,1.34297,2.03,1.50
2011.01.19 13:41:49.600,1.34268,1.34297,3.68,1.50
2011.01.19 13:41:50.123,1.34268,1.34297,3.68,1.50
2011.01.19 13:41:50.747,1.34268,1.34297,3.68,1.50
2011.01.19 13:41:51.473,1.34265,1.34286,3.68,1.50
2011.01.19 13:41:51.592,1.34259,1.34284,1.88,1.50
2011.01.19 13:41:51.706,1.34258,1.34276,1.88,1.50
2011.01.19 13:41:51.933,1.3425,1.3427,1.88,2.03
2011.01.19 13:41:52.052,1.3424,1.34269,2.63,1.28
2011.01.19 13:41:52.449,1.34242,1.34272,2.25,1.28
2011.01.19 13:41:52.570,1.34243,1.34276,2.40,1.50
2011.01.19 13:41:56.145,1.34243,1.34273,2.40,1.13
2011.01.19 13:41:56.272,1.34242,1.34272,1.65,1.50
2011.01.19 13:41:56.493,1.34242,1.3427,1.65,1.50
2011.01.19 13:41:57.186,1.34243,1.34274,2.40,1.50
2011.01.19 13:41:57.632,1.34244,1.34274,2.40,1.50
2011.01.19 13:41:57.744,1.34247,1.34279,2.97,1.50
2011.01.19 13:41:57.865,1.34256,1.34279,1.65,1.50
2011.01.19 13:41:57.983,1.34256,1.34285,3.15,1.50
2011.01.19 13:41:58.492,1.34256,1.34289,3.53,1.50
2011.01.19 13:41:58.605,1.34259,1.34288,2.40,1.50
2011.01.19 13:42:00.036,1.34259,1.34288,2.07,1.50
2011.01.19 13:42:00.159,1.34264,1.34294,2.93,1.50
2011.01.19 13:42:00.272,1.34268,1.34294,2.03,1.50
2011.01.19 13:42:00.396,1.34268,1.34299,2.78,2.63
2011.01.19 13:42:00.814,1.34267,1.34295,1.50,1.50
2011.01.19 13:42:01.371,1.34264,1.34295,5.55,1.50
2011.01.19 13:42:02.141,1.34272,1.34305,2.03,4.13
2011.01.19 13:42:02.361,1.34272,1.34296,3.15,1.50
2011.01.19 13:42:02.583,1.34267,1.34296,2.63,1.50
2011.01.19 13:42:03.018,1.34267,1.34296,2.03,1.50
2011.01.19 13:42:03.351,1.3427,1.34298,1.65,1.50
2011.01.19 13:42:03.460,1.34269,1.343,1.50,1.50
2011.01.19 13:42:03.983,1.34264,1.34296,1.13,1.50
2011.01.19 13:42:05.161,1.3426,1.34295,1.13,1.28
2011.01.19 13:42:05.563,1.34262,1.34294,1.13,1.50
2011.01.19 13:42:07.406,1.34261,1.34287,1.13,4.50
2011.01.19 13:42:07.744,1.34252,1.34282,2.63,1.50
2011.01.19 13:42:07.975,1.3425,1.34285,2.40,1.13
2011.01.19 13:42:08.516,1.3426,1.34287,1.65,2.03
2011.01.19 13:42:08.635,1.3426,1.34291,1.65,3.38
2011.01.19 13:42:08.754,1.34256,1.3429,3.90,1.13
2011.01.19 13:42:09.204,1.34259,1.34292,1.50,1.50
2011.01.19 13:42:09.720,1.34259,1.34292,1.50,1.50
2011.01.19 13:42:10.060,1.34261,1.34294,2.78,1.50
2011.01.19 13:42:10.390,1.34262,1.34296,1.13,1.50
2011.01.19 13:42:10.725,1.34255,1.34285,1.50,1.28
2011.01.19 13:42:11.046,1.34251,1.34285,2.25,1.13
2011.01.19 13:42:11.169,1.34252,1.34281,2.25,1.50
2011.01.19 13:42:12.161,1.34246,1.34273,1.50,1.50
2011.01.19 13:42:12.277,1.34244,1.34278,1.50,2.40
2011.01.19 13:42:12.819,1.34244,1.34276,1.88,1.88
2011.01.19 13:42:13.311,1.34243,1.34274,3.00,1.50
2011.01.19 13:42:13.644,1.34248,1.34277,1.47,1.50
2011.01.19 13:42:14.035,1.34253,1.34281,1.13,1.88
2011.01.19 13:42:14.159,1.34253,1.34286,1.13,1.50
2011.01.19 13:42:16.060,1.34256,1.34285,1.50,1.13
2011.01.19 13:42:16.815,1.34256,1.34284,1.50,1.50
2011.01.19 13:42:16.940,1.34251,1.34279,1.50,2.93
2011.01.19 13:42:17.052,1.34248,1.34277,2.25,2.18
2011.01.19 13:42:17.824,1.34251,1.34276,1.50,2.40
2011.01.19 13:42:18.358,1.34256,1.34286,2.25,1.50
2011.01.19 13:42:18.986,1.34256,1.34286,2.25,1.50
2011.01.19 13:42:19.784,1.34255,1.34285,2.25,1.28
2011.01.19 13:42:19.902,1.34255,1.34283,1.50,1.28
2011.01.19 13:42:20.014,1.34255,1.34283,1.50,1.50
2011.01.19 13:42:20.358,1.34257,1.34287,1.50,1.50
2011.01.19 13:42:20.480,1.34254,1.34285,3.90,1.28
2011.01.19 13:42:20.593,1.34254,1.34285,3.90,1.28
2011.01.19 13:42:20.713,1.34257,1.34284,1.50,1.28
2011.01.19 13:42:21.256,1.34255,1.34284,1.50,1.28
2011.01.19 13:42:22.948,1.34253,1.34281,1.50,1.50
2011.01.19 13:42:23.391,1.34253,1.34283,2.25,1.28
2011.01.19 13:42:24.214,1.34255,1.34285,1.50,1.50
2011.01.19 13:42:24.783,1.34259,1.34285,1.50,1.50
2011.01.19 13:42:24.903,1.34259,1.34288,1.50,1.50
2011.01.19 13:42:25.327,1.3426,1.34291,1.13,1.50
2011.01.19 13:42:25.443,1.34261,1.34294,1.88,1.50
2011.01.19 13:42:26.069,1.34267,1.34292,1.50,1.50
2011.01.19 13:42:26.189,1.34264,1.34288,1.50,1.88
2011.01.19 13:42:26.421,1.34262,1.34281,1.50,1.65
2011.01.19 13:42:26.861,1.34246,1.3428,4.13,1.13
2011.01.19 13:42:26.979,1.34251,1.34279,1.50,1.50
2011.01.19 13:42:27.420,1.34253,1.3428,1.50,1.50
2011.01.19 13:42:28.032,1.34253,1.3428,1.50,1.50
2011.01.19 13:42:28.443,1.34251,1.34282,2.25,1.50
2011.01.19 13:42:28.686,1.34253,1.34283,1.13,2.40
2011.01.19 13:42:29.132,1.34258,1.34283,1.13,1.65
2011.01.19 13:42:29.628,1.34258,1.3429,1.13,2.63
2011.01.19 13:42:30.774,1.34263,1.34293,1.88,2.63
2011.01.19 13:42:31.336,1.34262,1.34292,1.13,2.78
2011.01.19 13:42:31.457,1.34257,1.34287,3.90,2.03
2011.01.19 13:42:31.575,1.34258,1.34287,1.13,1.50
2011.01.19 13:42:33.250,1.34264,1.34294,2.25,3.15
2011.01.19 13:42:33.367,1.34266,1.34294,3.00,1.50
2011.01.19 13:42:34.013,1.34269,1.34296,1.88,1.50
2011.01.19 13:42:34.872,1.34268,1.34296,1.13,1.50
2011.01.19 13:42:35.122,1.34267,1.34296,1.13,1.50
2011.01.19 13:42:35.455,1.34266,1.34294,1.88,1.50
2011.01.19 13:42:35.802,1.34266,1.34294,1.50,1.50
2011.01.19 13:42:35.918,1.34262,1.34294,1.13,1.50
2011.01.19 13:42:38.492,1.34259,1.34291,1.13,3.15
2011.01.19 13:42:38.921,1.34258,1.3429,2.25,1.28
2011.01.19 13:42:39.042,1.34259,1.34288,2.25,2.18
2011.01.19 13:42:39.718,1.34259,1.34287,2.25,1.28
2011.01.19 13:42:39.941,1.34254,1.34286,2.63,1.88
2011.01.19 13:42:40.162,1.34254,1.34284,1.88,1.50
2011.01.19 13:42:40.632,1.34263,1.34286,1.50,1.65
2011.01.19 13:42:40.752,1.34263,1.34288,3.00,1.65
2011.01.19 13:42:40.971,1.34263,1.3429,2.25,1.65
2011.01.19 13:42:41.825,1.34264,1.34295,1.50,1.50
2011.01.19 13:42:43.042,1.34263,1.34291,1.13,1.50
2011.01.19 13:42:43.841,1.34267,1.34294,1.88,1.50
2011.01.19 13:42:44.393,1.34267,1.34295,1.88,1.50
2011.01.19 13:42:44.951,1.34279,1.34302,1.13,1.88
2011.01.19 13:42:45.063,1.34278,1.34304,1.13,1.88
2011.01.19 13:42:45.294,1.34274,1.34302,3.00,1.13
2011.01.19 13:42:45.775,1.34263,1.34285,1.88,1.50
2011.01.19 13:42:46.422,1.34251,1.34278,1.65,1.50
2011.01.19 13:42:46.643,1.34247,1.34278,2.25,1.50
2011.01.19 13:42:46.873,1.34247,1.34278,2.25,1.50
2011.01.19 13:42:49.043,1.34243,1.34273,1.50,2.25
2011.01.19 13:42:49.166,1.34243,1.34273,1.50,2.63
2011.01.19 13:42:49.633,1.34237,1.34265,1.50,1.50
2011.01.19 13:42:49.756,1.34237,1.34265,1.88,1.50
2011.01.19 13:42:49.880,1.34243,1.34274,2.63,2.63
2011.01.19 13:42:50.395,1.34247,1.34276,1.50,5.03
2011.01.19 13:42:50.748,1.3425,1.34281,2.78,2.40
2011.01.19 13:42:51.098,1.3425,1.34281,3.53,2.40
2011.01.19 13:42:51.234,1.34247,1.34279,2.25,1.88
2011.01.19 13:42:51.571,1.34245,1.34275,2.63,1.13
2011.01.19 13:42:51.945,1.34242,1.34276,1.13,1.50
2011.01.19 13:42:52.071,1.34243,1.34269,1.65,2.78
2011.01.19 13:42:52.829,1.34237,1.34265,1.50,1.50
2011.01.19 13:42:53.165,1.34251,1.34265,1.65,1.50
2011.01.19 13:42:53.751,1.34251,1.34269,1.65,1.50
2011.01.19 13:42:53.870,1.34258,1.34268,1.65,2.03
2011.01.19 13:42:54.463,1.34258,1.34267,1.65,1.28
2011.01.19 13:42:54.592,1.34253,1.34268,1.65,1.50
2011.01.19 13:42:54.708,1.34253,1.34268,1.65,1.50
2011.01.19 13:42:54.931,1.34256,1.34274,1.65,2.25
2011.01.19 13:42:55.405,1.34254,1.34269,1.65,1.50
2011.01.19 13:42:56.183,1.34254,1.34269,1.65,1.50
2011.01.19 13:42:56.292,1.34251,1.34269,1.65,1.50
2011.01.19 13:42:56.736,1.34251,1.34265,1.65,1.13
2011.01.19 13:42:57.073,1.34251,1.34265,1.65,1.13
2011.01.19 13:42:57.413,1.34247,1.34263,1.65,1.50
2011.01.19 13:42:57.825,1.34247,1.34263,1.65,1.50
2011.01.19 13:42:57.956,1.34244,1.34255,1.65,1.50
2011.01.19 13:42:58.600,1.34239,1.34255,3.30,1.50
2011.01.19 13:42:59.198,1.34239,1.34248,1.65,1.50
2011.01.19 13:42:59.545,1.34232,1.34243,1.65,1.50
2011.01.19 13:42:59.950,1.34232,1.34246,1.65,1.50
2011.01.19 13:43:00.066,1.34236,1.34246,1.65,1.50
2011.01.19 13:43:01.422,1.34233,1.34246,1.65,1.50
2011.01.19 13:43:01.534,1.34216,1.34246,1.50,1.50
2011.01.19 13:43:02.104,1.34219,1.34251,1.13,1.50
2011.01.19 13:43:02.819,1.34223,1.34251,1.50,1.50
2011.01.19 13:43:03.370,1.34224,1.34251,1.50,1.50
2011.01.19 13:43:03.593,1.34221,1.34251,2.25,1.50
2011.01.19 13:43:05.443,1.34218,1.34249,2.25,1.50
2011.01.19 13:43:07.351,1.34218,1.34248,2.63,2.40
2011.01.19 13:43:07.463,1.34221,1.34252,2.25,1.50
2011.01.19 13:43:10.021,1.3422,1.34251,1.13,2.40
2011.01.19 13:43:10.141,1.34217,1.34249,1.13,1.50
2011.01.19 13:43:11.232,1.34219,1.34249,1.50,1.50
2011.01.19 13:43:12.931,1.34219,1.34251,2.63,1.50
2011.01.19 13:43:13.151,1.34223,1.34251,1.50,1.50
2011.01.19 13:43:13.482,1.34225,1.34254,1.50,1.50
2011.01.19 13:43:13.977,1.34227,1.34254,1.50,1.50
2011.01.19 13:43:15.386,1.34225,1.34254,1.50,1.50
2011.01.19 13:43:15.807,1.34223,1.34248,1.50,1.13
2011.01.19 13:43:15.922,1.3422,1.34248,2.25,1.13
2011.01.19 13:43:16.504,1.34221,1.34249,1.50,1.50
2011.01.19 13:43:16.624,1.34221,1.34252,1.50,3.38
2011.01.19 13:43:16.742,1.34224,1.34252,1.50,1.50
2011.01.19 13:43:17.595,1.34232,1.34251,1.13,1.50
2011.01.19 13:43:17.721,1.34235,1.34259,1.28,1.88
2011.01.19 13:43:17.839,1.34232,1.34253,2.40,1.13
2011.01.19 13:43:18.196,1.34227,1.34242,1.88,1.28
2011.01.19 13:43:18.546,1.34221,1.34238,1.50,2.25
2011.01.19 13:43:18.968,1.34212,1.34229,1.50,1.50
2011.01.19 13:43:19.963,1.3421,1.34229,1.50,1.50
2011.01.19 13:43:20.183,1.3421,1.34237,1.50,1.50
2011.01.19 13:43:20.970,1.34209,1.34235,1.50,1.28
2011.01.19 13:43:21.087,1.34208,1.34232,1.50,1.50
2011.01.19 13:43:21.311,1.34203,1.34232,1.50,1.50
2011.01.19 13:43:22.406,1.34207,1.34232,1.50,1.50
2011.01.19 13:43:22.522,1.34204,1.34232,1.50,1.50
2011.01.19 13:43:23.893,1.34204,1.34232,2.03,1.50
2011.01.19 13:43:24.003,1.34208,1.34237,2.25,1.13
2011.01.19 13:43:24.363,1.34208,1.34237,2.25,1.13
2011.01.19 13:43:24.479,1.3421,1.34241,1.50,1.50
2011.01.19 13:43:24.596,1.3421,1.34242,2.25,1.50
2011.01.19 13:43:25.990,1.34215,1.34242,1.50,1.50
2011.01.19 13:43:27.411,1.34211,1.34242,2.25,1.50
2011.01.19 13:43:28.470,1.34208,1.34239,1.13,2.18
2011.01.19 13:43:29.061,1.34208,1.3424,1.13,1.28
2011.01.19 13:43:29.175,1.34212,1.34242,1.50,3.15
2011.01.19 13:43:29.582,1.34217,1.34242,1.13,1.65
2011.01.19 13:43:29.812,1.34219,1.34247,2.25,2.40
2011.01.19 13:43:31.030,1.34215,1.34243,1.50,1.50
2011.01.19 13:43:31.474,1.34214,1.34243,2.03,1.50
2011.01.19 13:43:32.052,1.3422,1.34251,4.43,1.50
2011.01.19 13:43:32.167,1.3422,1.34248,2.18,1.13
2011.01.19 13:43:32.285,1.34217,1.34248,1.50,1.13
2011.01.19 13:43:32.724,1.34214,1.34244,1.50,1.50
2011.01.19 13:43:32.962,1.34218,1.34251,1.13,1.50
2011.01.19 13:43:33.182,1.34219,1.34251,1.88,1.50
2011.01.19 13:43:33.513,1.34222,1.34253,1.13,1.50
2011.01.19 13:43:33.888,1.34223,1.34253,2.25,1.50
2011.01.19 13:43:34.445,1.34223,1.34253,3.53,1.50
2011.01.19 13:43:34.782,1.34227,1.34258,1.65,1.50
2011.01.19 13:43:35.313,1.3423,1.34261,1.13,1.50
2011.01.19 13:43:35.431,1.3423,1.34261,1.13,1.50
2011.01.19 13:43:35.545,1.34232,1.34266,2.63,2.03
2011.01.19 13:43:36.057,1.34234,1.34266,2.25,1.47
2011.01.19 13:43:36.179,1.34232,1.34264,1.50,2.63
2011.01.19 13:43:36.296,1.34232,1.34262,1.50,1.50
2011.01.19 13:43:36.627,1.34234,1.34262,1.50,1.50
2011.01.19 13:43:36.750,1.34235,1.34267,2.25,1.50
2011.01.19 13:43:37.362,1.34239,1.34267,1.50,1.50
2011.01.19 13:43:37.792,1.34239,1.34264,1.50,1.50
2011.01.19 13:43:38.352,1.34239,1.34266,1.50,1.50
2011.01.19 13:43:38.572,1.34239,1.34264,1.50,1.50
2011.01.19 13:43:39.142,1.34239,1.34261,1.50,1.50
2011.01.19 13:43:39.470,1.34242,1.34265,1.50,1.50
2011.01.19 13:43:40.134,1.34239,1.34265,1.50,1.88
2011.01.19 13:43:40.250,1.34239,1.34261,1.50,1.50
2011.01.19 13:43:40.754,1.34234,1.34261,1.50,1.50
2011.01.19 13:43:42.311,1.34232,1.34261,2.25,1.50
2011.01.19 13:43:42.954,1.34234,1.34261,1.50,1.50
2011.01.19 13:43:43.462,1.34233,1.34261,1.50,1.50
2011.01.19 13:43:44.014,1.34233,1.34263,1.50,1.50
2011.01.19 13:43:44.646,1.34234,1.34259,1.50,1.50
2011.01.19 13:43:44.982,1.34234,1.34257,1.50,1.13
2011.01.19 13:43:45.523,1.34226,1.34252,1.50,1.50
2011.01.19 13:43:45.649,1.34224,1.34252,1.50,1.50
2011.01.19 13:43:45.874,1.34227,1.34254,1.88,1.50
2011.01.19 13:43:45.994,1.34227,1.34257,1.88,1.88
2011.01.19 13:43:46.478,1.3423,1.34256,1.50,1.88
2011.01.19 13:43:46.601,1.34232,1.34261,1.50,3.38
2011.01.19 13:43:47.252,1.3423,1.34261,1.50,1.88
2011.01.19 13:43:47.686,1.34228,1.34257,1.50,1.50
2011.01.19 13:43:47.910,1.34224,1.34257,2.63,1.50
2011.01.19 13:43:48.663,1.34223,1.34253,1.50,1.88
2011.01.19 13:43:49.426,1.34224,1.34249,1.50,2.40
2011.01.19 13:43:50.323,1.34226,1.34249,1.50,2.40
2011.01.19 13:43:50.612,1.34223,1.34249,1.50,2.40
2011.01.19 13:43:51.217,1.34226,1.34252,1.50,1.50
2011.01.19 13:43:51.786,1.34226,1.3425,1.50,1.50
2011.01.19 13:43:52.248,1.34223,1.34244,1.50,1.50
2011.01.19 13:43:52.371,1.34216,1.34244,1.50,1.50
2011.01.19 13:43:53.386,1.3422,1.34244,1.50,1.50
2011.01.19 13:43:53.497,1.34223,1.34249,1.50,1.50
2011.01.19 13:43:53.725,1.34218,1.34249,2.25,1.50
2011.01.19 13:43:54.960,1.34223,1.34249,1.13,1.50
2011.01.19 13:43:55.192,1.34235,1.3426,1.50,1.50
2011.01.19 13:43:55.304,1.3423,1.34261,1.50,1.50
2011.01.19 13:43:55.702,1.34234,1.34261,1.50,1.50
2011.01.19 13:43:56.033,1.34238,1.34261,1.50,1.50
2011.01.19 13:43:56.142,1.34235,1.34259,1.50,1.13
2011.01.19 13:43:56.594,1.34235,1.34258,1.50,1.88
2011.01.19 13:43:57.428,1.34234,1.34258,1.50,1.50
2011.01.19 13:43:57.945,1.34234,1.34266,2.63,2.40
2011.01.19 13:43:58.313,1.34234,1.34266,2.63,2.40
2011.01.19 13:43:58.432,1.34246,1.3427,1.50,3.15
2011.01.19 13:43:58.651,1.34246,1.3427,1.50,1.65
2011.01.19 13:43:59.177,1.34246,1.34275,2.25,1.28
2011.01.19 13:43:59.297,1.34249,1.34275,1.50,1.28
2011.01.19 13:43:59.631,1.34252,1.34274,1.50,1.13
2011.01.19 13:43:59.964,1.34247,1.34273,1.50,1.50
2011.01.19 13:44:00.400,1.34249,1.34275,1.50,4.05
2011.01.19 13:44:01.011,1.34247,1.34274,1.50,1.50
2011.01.19 13:44:01.427,1.34245,1.34269,1.50,1.50
2011.01.19 13:44:01.872,1.34245,1.34271,1.50,1.13
2011.01.19 13:44:02.579,1.34245,1.34273,1.50,1.50
2011.01.19 13:44:02.702,1.34247,1.34278,1.88,2.40
2011.01.19 13:44:03.030,1.34251,1.34278,2.25,2.93
2011.01.19 13:44:03.902,1.34251,1.34273,2.25,1.65
2011.01.19 13:44:04.120,1.34251,1.34275,2.25,1.65
2011.01.19 13:44:04.593,1.34256,1.34274,1.50,1.65
2011.01.19 13:44:05.513,1.34254,1.34275,1.50,2.40
2011.01.19 13:44:05.633,1.34256,1.34275,1.50,1.65
2011.01.19 13:44:06.155,1.34256,1.34272,1.50,2.40
2011.01.19 13:44:06.273,1.34251,1.34272,1.50,2.40
2011.01.19 13:44:06.631,1.34254,1.34272,1.50,2.40
2011.01.19 13:44:06.963,1.34252,1.34274,1.50,1.50
2011.01.19 13:44:07.479,1.3425,1.3427,1.50,1.65
2011.01.19 13:44:08.160,1.34245,1.34274,1.50,1.50
2011.01.19 13:44:08.278,1.34249,1.34274,1.50,1.50
2011.01.19 13:44:08.618,1.34254,1.34279,1.50,1.50
2011.01.19 13:44:09.161,1.34251,1.34279,1.50,1.50
2011.01.19 13:44:09.382,1.34253,1.34279,1.50,1.50
2011.01.19 13:44:09.843,1.34253,1.34273,1.50,1.50
2011.01.19 13:44:09.959,1.3425,1.34273,1.50,1.50
2011.01.19 13:44:11.952,1.3425,1.34276,1.50,1.28
2011.01.19 13:44:12.281,1.34254,1.34276,1.50,1.28
2011.01.19 13:44:12.853,1.34254,1.34273,1.50,1.50
2011.01.19 13:44:12.967,1.3425,1.34273,1.50,1.50
2011.01.19 13:44:13.192,1.3425,1.34275,1.50,1.28
2011.01.19 13:44:13.521,1.34251,1.34274,1.50,1.50
2011.01.19 13:44:13.962,1.34249,1.34273,1.50,1.50
2011.01.19 13:44:16.491,1.34248,1.34273,1.50,1.50
2011.01.19 13:44:16.821,1.34248,1.3427,1.50,1.50
2011.01.19 13:44:19.658,1.34245,1.34267,1.50,1.28
2011.01.19 13:44:20.247,1.34245,1.34267,1.50,1.28
2011.01.19 13:44:22.596,1.34245,1.34267,1.50,1.28
2011.01.19 13:44:23.081,1.34243,1.34266,1.50,1.28
2011.01.19 13:44:25.858,1.34243,1.34265,1.50,3.34
2011.01.19 13:44:25.975,1.34239,1.3426,1.50,1.50
2011.01.19 13:44:26.636,1.34241,1.34263,1.50,2.40
2011.01.19 13:44:26.759,1.34245,1.34273,1.50,1.50
2011.01.19 13:44:26.874,1.34248,1.34273,1.50,1.50
2011.01.19 13:44:27.496,1.34249,1.34273,1.50,1.50
2011.01.19 13:44:28.091,1.34248,1.34273,1.50,1.50
2011.01.19 13:44:28.517,1.34248,1.34271,1.50,1.50
2011.01.19 13:44:28.637,1.34245,1.3427,1.50,2.40
2011.01.19 13:44:28.975,1.34242,1.34269,1.50,1.28
2011.01.19 13:44:29.483,1.34241,1.34265,1.50,1.50
2011.01.19 13:44:29.823,1.34237,1.3426,1.50,1.50
2011.01.19 13:44:30.673,1.34239,1.3426,1.50,1.50
2011.01.19 13:44:30.797,1.34239,1.34264,1.50,1.50
2011.01.19 13:44:31.244,1.34238,1.34261,1.50,1.50
2011.01.19 13:44:31.606,1.3424,1.34261,1.50,1.50
2011.01.19 13:44:31.731,1.34235,1.34257,1.50,1.28
2011.01.19 13:44:31.952,1.34235,1.34261,1.50,1.50
2011.01.19 13:44:32.063,1.34237,1.34261,1.50,1.50
2011.01.19 13:44:32.693,1.34239,1.34264,1.50,2.25
2011.01.19 13:44:32.807,1.34238,1.34264,1.50,2.78
2011.01.19 13:44:32.921,1.34241,1.34264,1.50,2.78
2011.01.19 13:44:33.031,1.34237,1.34264,1.50,2.78
2011.01.19 13:44:34.847,1.34237,1.34264,2.25,1.50
2011.01.19 13:44:34.972,1.34238,1.34268,2.25,1.50
2011.01.19 13:44:35.087,1.34241,1.34268,1.50,1.50
2011.01.19 13:44:35.931,1.3424,1.34266,1.50,1.28
2011.01.19 13:44:36.261,1.3424,1.34266,1.50,2.03
2011.01.19 13:44:36.831,1.3424,1.34266,2.25,1.28
2011.01.19 13:44:38.599,1.3424,1.34265,1.50,2.03
2011.01.19 13:44:38.957,1.34242,1.34268,1.50,2.40
2011.01.19 13:44:39.561,1.34242,1.3427,2.25,3.53
2011.01.19 13:44:40.183,1.34245,1.34268,1.50,2.18
2011.01.19 13:44:40.619,1.34243,1.34272,1.50,3.15
2011.01.19 13:44:41.041,1.34246,1.34272,1.50,3.15
2011.01.19 13:44:43.398,1.34246,1.34269,1.50,1.28
2011.01.19 13:44:43.793,1.34244,1.34269,1.50,2.93
2011.01.19 13:44:44.850,1.34246,1.34269,1.50,2.93
2011.01.19 13:44:45.273,1.3425,1.34269,1.50,2.93
2011.01.19 13:44:46.212,1.3424,1.34262,1.50,1.50
2011.01.19 13:44:48.294,1.34236,1.34258,1.50,2.18
2011.01.19 13:44:48.936,1.34232,1.34255,1.50,1.50
2011.01.19 13:44:49.059,1.34234,1.34255,1.50,1.50
2011.01.19 13:44:49.924,1.34234,1.34253,1.50,1.50
2011.01.19 13:44:51.547,1.34233,1.34253,1.50,1.50
2011.01.19 13:44:51.880,1.34236,1.34253,1.50,1.50
2011.01.19 13:44:52.215,1.34236,1.3425,1.50,1.28
2011.01.19 13:44:52.334,1.3423,1.3425,1.50,1.28
2011.01.19 13:44:52.720,1.34232,1.3425,1.50,1.28
2011.01.19 13:44:52.838,1.34232,1.34253,1.50,1.69
2011.01.19 13:44:53.391,1.34231,1.34253,1.50,1.69
2011.01.19 13:44:53.954,1.34233,1.34253,1.50,1.50
2011.01.19 13:44:54.487,1.34232,1.34254,1.50,1.13
2011.01.19 13:44:54.710,1.34232,1.34254,1.50,1.13
2011.01.19 13:44:55.045,1.34232,1.34255,1.50,1.28
2011.01.19 13:44:55.161,1.34234,1.34255,1.50,1.28
2011.01.19 13:44:55.273,1.34234,1.34257,1.50,1.28
2011.01.19 13:44:55.817,1.34236,1.34257,1.50,1.28
2011.01.19 13:44:56.375,1.34232,1.34255,1.50,1.65
2011.01.19 13:44:56.493,1.34232,1.34255,1.50,2.40
2011.01.19 13:44:56.821,1.34232,1.34252,1.50,1.50
2011.01.19 13:44:56.932,1.3423,1.34252,1.50,1.50
2011.01.19 13:44:57.358,1.34232,1.34252,1.50,1.50
2011.01.19 13:44:58.572,1.3423,1.34252,1.50,1.50
2011.01.19 13:44:59.141,1.34231,1.34252,1.50,1.50
2011.01.19 13:45:02.797,1.34231,1.34247,1.50,1.50
2011.01.19 13:45:02.920,1.34227,1.34246,1.50,1.28
2011.01.19 13:45:04.343,1.34227,1.34245,1.50,2.03
2011.01.19 13:45:04.460,1.34223,1.3424,1.50,1.50
2011.01.19 13:45:05.525,1.34223,1.34243,1.50,1.50
2011.01.19 13:45:06.086,1.34217,1.34239,1.50,1.28
2011.01.19 13:45:06.594,1.34219,1.34239,1.50,1.28
2011.01.19 13:45:07.463,1.34219,1.3424,1.50,2.25
2011.01.19 13:45:08.263,1.3422,1.34241,1.50,1.50
2011.01.19 13:45:08.602,1.34221,1.34245,1.50,1.28
2011.01.19 13:45:08.713,1.34223,1.34245,1.50,1.28
2011.01.19 13:45:09.702,1.34223,1.34243,1.50,1.50
2011.01.19 13:45:10.463,1.34223,1.34245,1.50,1.28
2011.01.19 13:45:10.575,1.34221,1.34245,1.50,1.28
2011.01.19 13:45:12.887,1.34224,1.34246,1.50,2.03
2011.01.19 13:45:13.184,1.3422,1.34246,1.50,2.03
2011.01.19 13:45:13.871,1.34217,1.34246,1.50,2.03
2011.01.19 13:45:13.983,1.34217,1.34243,1.50,1.50
2011.01.19 13:45:14.657,1.34217,1.3424,1.50,1.28
2011.01.19 13:45:15.279,1.34217,1.3424,1.50,1.28
2011.01.19 13:45:15.831,1.34218,1.3424,1.50,1.28
2011.01.19 13:45:17.103,1.34215,1.34238,1.50,1.50
2011.01.19 13:45:17.216,1.34213,1.34236,1.50,1.13
2011.01.19 13:45:17.447,1.34215,1.34241,1.50,2.25
2011.01.19 13:45:17.866,1.34212,1.34236,1.50,1.13
2011.01.19 13:45:18.531,1.34211,1.34236,1.50,1.13
2011.01.19 13:45:20.384,1.34214,1.34235,1.50,1.13
2011.01.19 13:45:20.773,1.34211,1.34235,1.50,1.13
2011.01.19 13:45:21.852,1.34215,1.34235,1.50,1.13
2011.01.19 13:45:22.438,1.34218,1.34235,1.50,1.13
2011.01.19 13:45:22.915,1.3422,1.3424,1.50,1.13
2011.01.19 13:45:23.957,1.34212,1.34237,1.50,1.50
2011.01.19 13:45:24.687,1.34213,1.34237,1.50,1.50
2011.01.19 13:45:25.271,1.34213,1.34237,1.50,1.50
2011.01.19 13:45:27.043,1.34213,1.34239,1.50,1.50
2011.01.19 13:45:27.471,1.34211,1.34237,1.50,1.50
2011.01.19 13:45:27.581,1.34213,1.34237,1.50,1.13
2011.01.19 13:45:27.691,1.34211,1.34237,1.50,1.13
2011.01.19 13:45:28.484,1.34209,1.34237,1.50,2.63
2011.01.19 13:45:29.352,1.34208,1.34231,1.50,1.50
2011.01.19 13:45:29.468,1.34205,1.34234,2.25,1.13
2011.01.19 13:45:30.114,1.34205,1.34234,1.50,1.13
2011.01.19 13:45:30.454,1.34212,1.34235,1.50,1.50
2011.01.19 13:45:30.577,1.34212,1.34241,2.25,1.50
2011.01.19 13:45:32.454,1.34214,1.34241,3.53,1.50
2011.01.19 13:45:32.573,1.34216,1.34241,2.25,1.50
2011.01.19 13:45:32.694,1.34219,1.34255,2.25,3.15
2011.01.19 13:45:33.687,1.34225,1.34261,1.28,3.15
2011.01.19 13:45:35.004,1.34228,1.34256,2.25,1.65
2011.01.19 13:45:35.542,1.34219,1.34246,2.63,2.18
2011.01.19 13:45:35.766,1.34217,1.34245,2.25,1.65
2011.01.19 13:45:35.883,1.34216,1.34249,2.25,3.15
2011.01.19 13:45:37.362,1.34215,1.34245,2.25,1.50
2011.01.19 13:45:38.078,1.3421,1.34237,1.50,1.50
2011.01.19 13:45:38.193,1.34212,1.34237,1.50,1.50
2011.01.19 13:45:38.741,1.34212,1.34237,1.50,1.50
2011.01.19 13:45:39.583,1.3421,1.34237,1.50,1.50
2011.01.19 13:45:39.815,1.34213,1.34237,1.50,1.50
2011.01.19 13:45:40.261,1.34213,1.3424,1.50,1.50
2011.01.19 13:45:41.734,1.34213,1.34239,1.50,1.50
2011.01.19 13:45:42.186,1.34209,1.34238,1.50,1.50
2011.01.19 13:45:42.772,1.34212,1.34247,2.25,1.50
2011.01.19 13:45:43.214,1.34222,1.34247,1.50,1.50
2011.01.19 13:45:43.639,1.34222,1.34252,2.25,1.50
2011.01.19 13:45:43.757,1.34222,1.34257,3.00,1.50
2011.01.19 13:45:43.873,1.34225,1.34257,2.25,1.50
2011.01.19 13:45:47.042,1.34228,1.34252,1.50,1.50
2011.01.19 13:45:47.612,1.34226,1.34252,1.50,1.50
2011.01.19 13:45:47.722,1.34224,1.34252,1.50,1.50
2011.01.19 13:45:50.101,1.34222,1.34248,1.50,1.50
2011.01.19 13:45:50.873,1.34225,1.3425,1.50,1.50
2011.01.19 13:45:53.451,1.34225,1.34249,1.50,1.50
2011.01.19 13:45:53.569,1.34221,1.34248,1.50,1.50
2011.01.19 13:45:54.994,1.34218,1.34248,1.50,1.50
2011.01.19 13:46:03.583,1.34215,1.34248,2.25,1.50
2011.01.19 13:46:05.570,1.34215,1.34245,2.25,1.50
2011.01.19 13:46:05.929,1.34215,1.34242,1.50,1.50
2011.01.19 13:46:06.052,1.34208,1.34237,2.25,1.50
2011.01.19 13:46:06.271,1.34205,1.34235,2.63,1.28
2011.01.19 13:46:06.381,1.34204,1.34235,2.25,1.50
2011.01.19 13:46:07.270,1.34204,1.34233,2.25,1.50
2011.01.19 13:46:07.662,1.34206,1.34233,1.50,1.50
2011.01.19 13:46:07.993,1.34209,1.34233,1.50,1.50
2011.01.19 13:46:08.862,1.3421,1.34233,1.50,1.50
2011.01.19 13:46:09.558,1.3421,1.34238,1.50,1.50
2011.01.19 13:46:14.353,1.34206,1.34231,1.50,1.50
2011.01.19 13:46:14.757,1.34208,1.34231,1.50,1.50
2011.01.19 13:46:15.495,1.3421,1.34238,1.50,1.50
2011.01.19 13:46:24.072,1.3421,1.34234,1.50,1.50
2011.01.19 13:46:24.618,1.34204,1.34226,1.50,1.50
2011.01.19 13:46:25.422,1.34203,1.34226,1.50,1.50
2011.01.19 13:46:26.763,1.34199,1.34226,1.50,1.50
2011.01.19 13:46:26.980,1.34199,1.34223,1.50,1.50
2011.01.19 13:46:28.012,1.34201,1.34223,1.50,1.50
2011.01.19 13:46:28.752,1.342,1.34223,1.50,1.50
2011.01.19 13:46:29.794,1.34205,1.34233,2.25,1.50
2011.01.19 13:46:30.242,1.34205,1.3423,1.50,1.50
2011.01.19 13:46:30.645,1.34205,1.34234,1.50,1.50
2011.01.19 13:46:30.872,1.34205,1.34232,1.50,1.50
2011.01.19 13:46:31.434,1.34205,1.3423,1.50,1.50
2011.01.19 13:46:32.413,1.34201,1.3423,2.25,1.50
2011.01.19 13:46:32.529,1.34201,1.34227,1.50,1.88
2011.01.19 13:46:33.376,1.342,1.34226,1.50,1.13
2011.01.19 13:46:34.092,1.34202,1.34226,1.50,1.13
2011.01.19 13:46:34.622,1.34203,1.34226,1.50,1.50
2011.01.19 13:46:34.953,1.34205,1.34226,1.50,1.13
2011.01.19 13:46:35.474,1.342,1.34226,1.50,1.13
2011.01.19 13:46:37.576,1.342,1.34223,1.50,1.50
2011.01.19 13:46:38.340,1.34201,1.34223,1.50,1.50
2011.01.19 13:46:40.950,1.34201,1.34222,1.50,1.13
2011.01.19 13:46:41.354,1.34198,1.34222,1.50,1.13
2011.01.19 13:46:41.475,1.34197,1.34218,1.50,1.50
2011.01.19 13:46:41.592,1.34194,1.34218,1.50,1.50
2011.01.19 13:46:49.033,1.34191,1.34217,1.50,1.13
2011.01.19 13:46:50.889,1.34191,1.34217,1.50,1.13
2011.01.19 13:46:51.236,1.34181,1.34206,1.50,1.50
2011.01.19 13:46:51.644,1.34184,1.34206,1.50,1.50
2011.01.19 13:46:51.769,1.34182,1.34206,1.50,1.50
2011.01.19 13:46:52.635,1.3418,1.34206,1.50,1.50
2011.01.19 13:46:52.862,1.34177,1.34206,1.50,1.50
2011.01.19 13:46:53.083,1.34175,1.34203,2.25,1.13
2011.01.19 13:46:53.421,1.3418,1.34206,1.50,1.50
2011.01.19 13:46:55.530,1.3418,1.34202,1.50,1.50
2011.01.19 13:46:56.409,1.34178,1.34202,1.50,1.50
2011.01.19 13:46:59.705,1.34173,1.34199,1.50,1.50
2011.01.19 13:47:00.367,1.34174,1.34199,1.50,1.50
2011.01.19 13:47:00.715,1.34172,1.34197,1.50,1.28
2011.01.19 13:47:00.946,1.34175,1.34197,1.50,1.13
2011.01.19 13:47:01.064,1.34173,1.34197,1.50,1.13
2011.01.19 13:47:01.631,1.34173,1.34199,1.50,1.50
2011.01.19 13:47:02.231,1.34172,1.34199,1.50,1.50
2011.01.19 13:47:02.703,1.34167,1.34199,2.25,1.50
2011.01.19 13:47:03.272,1.34171,1.34199,1.50,1.50
2011.01.19 13:47:03.823,1.34172,1.34199,1.50,1.50
2011.01.19 13:47:05.014,1.34167,1.34193,1.50,1.50
2011.01.19 13:47:05.556,1.34166,1.34193,1.50,1.88
2011.01.19 13:47:05.682,1.34164,1.3419,1.50,1.50
2011.01.19 13:47:05.795,1.34161,1.3419,1.50,1.50
2011.01.19 13:47:06.188,1.34159,1.3419,1.50,1.50
2011.01.19 13:47:06.293,1.34159,1.34187,1.50,1.50
2011.01.19 13:47:07.225,1.34159,1.34189,1.50,1.50
2011.01.19 13:47:07.562,1.34163,1.34189,1.50,1.50
2011.01.19 13:47:08.453,1.34158,1.34187,1.50,1.50
2011.01.19 13:47:08.782,1.34158,1.34188,2.25,1.50
2011.01.19 13:47:08.893,1.34159,1.3419,1.50,1.50
2011.01.19 13:47:09.321,1.34166,1.34192,1.50,1.65
2011.01.19 13:47:09.442,1.34164,1.34197,2.25,1.28
2011.01.19 13:47:09.559,1.34169,1.34198,2.25,1.50
2011.01.19 13:47:11.662,1.34169,1.34193,1.50,1.50
2011.01.19 13:47:12.207,1.34165,1.34193,1.50,1.50
2011.01.19 13:47:12.864,1.34164,1.34191,1.50,1.50
2011.01.19 13:47:13.207,1.34161,1.34189,1.50,1.50
2011.01.19 13:47:14.095,1.34161,1.34194,2.25,1.50
2011.01.19 13:47:14.424,1.34161,1.34194,2.25,1.50
2011.01.19 13:47:14.550,1.34166,1.34194,1.50,1.50
2011.01.19 13:47:14.882,1.34166,1.34174,2.25,1.65
2011.01.19 13:47:14.993,1.3417,1.34178,1.50,1.65
2011.01.19 13:47:15.112,1.34171,1.34187,1.50,1.65
2011.01.19 13:47:15.224,1.34171,1.34187,2.03,1.65
2011.01.19 13:47:15.607,1.34185,1.34197,1.50,1.65
2011.01.19 13:47:15.958,1.34189,1.34197,16.38,3.30
2011.01.19 13:47:16.371,1.34191,1.34201,1.88,3.30
2011.01.19 13:47:16.493,1.34192,1.34205,1.50,1.65
2011.01.19 13:47:16.828,1.34192,1.34207,2.25,1.65
2011.01.19 13:47:17.154,1.34193,1.34207,1.28,1.65
2011.01.19 13:47:17.385,1.34195,1.3421,3.15,1.65
2011.01.19 13:47:17.814,1.34199,1.3421,1.88,1.65
2011.01.19 13:47:17.925,1.34195,1.34211,1.50,1.65
2011.01.19 13:47:18.042,1.34195,1.34209,1.50,1.65
2011.01.19 13:47:18.698,1.34191,1.34209,4.13,1.65
2011.01.19 13:47:19.143,1.3419,1.342,1.88,1.65
2011.01.19 13:47:19.699,1.34189,1.342,1.50,1.65
2011.01.19 13:47:20.033,1.34185,1.342,1.50,1.65
2011.01.19 13:47:20.151,1.34185,1.342,2.25,1.65
2011.01.19 13:47:21.041,1.34187,1.34218,2.25,2.40
2011.01.19 13:47:21.154,1.34187,1.34215,4.13,1.65
2011.01.19 13:47:21.496,1.34185,1.34211,3.38,1.65
2011.01.19 13:47:21.928,1.34185,1.34211,1.50,1.50
2011.01.19 13:47:22.265,1.34178,1.34197,1.88,1.50
2011.01.19 13:47:22.680,1.34168,1.34192,1.88,1.65
2011.01.19 13:47:22.805,1.34174,1.34195,1.50,1.65
2011.01.19 13:47:23.145,1.34169,1.34188,2.25,1.65
2011.01.19 13:47:23.704,1.34169,1.34188,1.88,1.65
2011.01.19 13:47:24.183,1.34172,1.34203,2.25,1.50
2011.01.19 13:47:24.516,1.34166,1.34196,2.25,1.28
2011.01.19 13:47:25.030,1.3417,1.34202,3.38,3.15
2011.01.19 13:47:25.142,1.34173,1.34203,2.63,1.50
2011.01.19 13:47:25.362,1.34173,1.34206,1.88,1.50
2011.01.19 13:47:25.472,1.34175,1.34205,1.13,1.50
2011.01.19 13:47:26.237,1.34165,1.34197,2.25,1.50
2011.01.19 13:47:26.464,1.34161,1.34194,2.25,1.28
2011.01.19 13:47:26.584,1.34169,1.34196,1.13,2.25
2011.01.19 13:47:26.706,1.34169,1.34197,1.13,1.65
2011.01.19 13:47:27.123,1.34171,1.342,1.50,1.50
2011.01.19 13:47:28.023,1.34174,1.342,1.13,1.50
2011.01.19 13:47:28.347,1.34175,1.34204,1.13,1.50
2011.01.19 13:47:28.475,1.3417,1.342,2.25,1.50
2011.01.19 13:47:28.705,1.3417,1.34201,2.63,1.50
2011.01.19 13:47:31.064,1.3417,1.34196,1.50,1.50
2011.01.19 13:47:31.187,1.34176,1.34208,1.13,1.88
2011.01.19 13:47:31.832,1.34181,1.34212,1.13,2.40
2011.01.19 13:47:32.475,1.34191,1.34212,1.88,1.65
2011.01.19 13:47:32.586,1.34196,1.34222,2.25,1.88
2011.01.19 13:47:33.153,1.34196,1.34223,2.25,1.88
2011.01.19 13:47:33.593,1.3419,1.3422,1.88,3.15
2011.01.19 13:47:33.706,1.34191,1.3422,1.13,5.03
2011.01.19 13:47:33.826,1.34189,1.3422,1.32,3.38
2011.01.19 13:47:34.256,1.34191,1.34222,2.25,2.63
2011.01.19 13:47:34.702,1.34196,1.34223,1.50,1.50
2011.01.19 13:47:35.233,1.34194,1.34223,5.18,1.50
2011.01.19 13:47:35.344,1.34198,1.34223,1.13,1.50
2011.01.19 13:47:35.573,1.34202,1.34233,2.40,1.50
2011.01.19 13:47:36.240,1.34193,1.34227,2.25,1.50
2011.01.19 13:47:36.352,1.34191,1.34226,1.13,1.50
2011.01.19 13:47:36.898,1.34191,1.34224,2.78,2.63
2011.01.19 13:47:37.013,1.34193,1.34224,2.25,2.63
2011.01.19 13:47:37.781,1.34193,1.34226,2.25,1.50
2011.01.19 13:47:37.902,1.34193,1.34222,2.25,1.50
2011.01.19 13:47:40.568,1.34191,1.34215,1.65,1.50
2011.01.19 13:47:40.692,1.34179,1.34209,2.63,1.50
2011.01.19 13:47:41.237,1.34172,1.34203,2.40,1.50
2011.01.19 13:47:42.389,1.34166,1.34195,1.13,1.50
2011.01.19 13:47:42.504,1.34166,1.34198,1.13,1.50
2011.01.19 13:47:43.625,1.34168,1.34199,1.13,1.50
2011.01.19 13:47:43.868,1.3417,1.34202,2.78,1.50
2011.01.19 13:47:43.988,1.34171,1.34202,1.13,1.50
2011.01.19 13:47:46.683,1.34171,1.34202,2.25,1.50
2011.01.19 13:47:48.682,1.34167,1.34196,2.25,1.50
2011.01.19 13:47:49.508,1.34163,1.3419,1.50,1.50
2011.01.19 13:47:49.862,1.34164,1.3419,1.69,1.50
2011.01.19 13:47:49.981,1.3417,1.34199,2.03,1.50
2011.01.19 13:47:50.523,1.34172,1.34209,2.25,3.38
2011.01.19 13:47:50.633,1.34172,1.34206,1.50,1.28
2011.01.19 13:47:51.200,1.34173,1.34202,1.50,1.50
2011.01.19 13:47:51.320,1.34173,1.34205,2.25,1.50
2011.01.19 13:47:54.762,1.34172,1.34202,2.25,1.50
2011.01.19 13:47:56.023,1.34172,1.34202,2.25,1.50
2011.01.19 13:47:56.377,1.34166,1.34198,1.50,1.50
2011.01.19 13:47:56.492,1.34168,1.34196,1.50,1.28
2011.01.19 13:47:56.604,1.34163,1.34196,2.25,2.03
2011.01.19 13:47:57.491,1.34163,1.34195,1.50,1.50
2011.01.19 13:47:57.606,1.34163,1.34188,1.50,1.50
2011.01.19 13:47:58.271,1.34163,1.34185,1.50,1.50
2011.01.19 13:47:59.565,1.34161,1.34185,1.50,1.50
2011.01.19 13:48:00.005,1.34157,1.34185,2.25,1.50
2011.01.19 13:48:00.130,1.34157,1.34182,1.50,1.50
2011.01.19 13:48:00.888,1.3416,1.3419,1.50,1.50
2011.01.19 13:48:01.007,1.3416,1.34192,2.25,1.50
2011.01.19 13:48:02.476,1.34159,1.34188,1.50,1.50
2011.01.19 13:48:02.597,1.34159,1.34193,2.25,1.50
2011.01.19 13:48:03.360,1.34166,1.342,2.25,2.40
2011.01.19 13:48:03.593,1.34166,1.342,2.25,2.40
2011.01.19 13:48:03.815,1.34164,1.34199,2.25,1.50
2011.01.19 13:48:05.532,1.3416,1.34192,2.25,1.50
2011.01.19 13:48:06.063,1.34156,1.34192,2.25,1.50
2011.01.19 13:48:06.177,1.34156,1.34191,2.25,1.50
2011.01.19 13:48:06.735,1.34156,1.34187,2.25,1.50
2011.01.19 13:48:07.910,1.34159,1.34187,1.50,1.50
2011.01.19 13:48:08.462,1.34155,1.34185,2.25,1.28
2011.01.19 13:48:09.202,1.34155,1.34184,1.50,3.15
2011.01.19 13:48:12.383,1.34155,1.34184,1.50,2.40
2011.01.19 13:48:12.797,1.34155,1.34187,2.25,2.40
2011.01.19 13:48:13.573,1.34156,1.34183,1.50,1.50
2011.01.19 13:48:14.371,1.34155,1.34183,1.50,1.50
2011.01.19 13:48:15.423,1.34157,1.34183,1.50,1.50
2011.01.19 13:48:15.872,1.34157,1.34187,2.25,1.50
2011.01.19 13:48:21.643,1.34157,1.34184,1.50,1.50
2011.01.19 13:48:22.279,1.34154,1.34184,2.25,1.50
2011.01.19 13:48:22.400,1.34151,1.34181,2.25,1.50
2011.01.19 13:48:22.512,1.34148,1.3418,2.25,1.50
2011.01.19 13:48:22.952,1.34148,1.34178,2.25,1.50
2011.01.19 13:48:23.575,1.3415,1.34178,1.50,1.50
2011.01.19 13:48:24.292,1.34151,1.34178,1.50,1.50
2011.01.19 13:48:26.801,1.34148,1.34178,2.25,1.50
2011.01.19 13:48:27.991,1.3415,1.34178,1.50,1.50
2011.01.19 13:48:29.420,1.34148,1.34178,3.00,1.50
2011.01.19 13:48:29.641,1.34153,1.34182,1.50,1.50
2011.01.19 13:48:30.027,1.34153,1.34184,2.25,1.50
2011.01.19 13:48:30.143,1.34148,1.34183,2.25,1.50
2011.01.19 13:48:30.253,1.34148,1.34177,1.50,1.50
2011.01.19 13:48:30.800,1.34147,1.34177,1.50,1.50
2011.01.19 13:48:31.801,1.34147,1.34177,2.25,1.50
2011.01.19 13:48:32.133,1.34151,1.34177,2.18,1.50
2011.01.19 13:48:32.941,1.34151,1.34181,1.65,1.50
2011.01.19 13:48:33.058,1.34151,1.34176,1.65,1.50
2011.01.19 13:48:33.281,1.34149,1.34176,1.65,1.50
2011.01.19 13:48:33.612,1.34143,1.34174,1.50,1.50
2011.01.19 13:48:34.126,1.34142,1.34175,3.68,1.50
2011.01.19 13:48:34.243,1.34142,1.34174,2.93,1.50
2011.01.19 13:48:34.682,1.34143,1.34171,1.50,1.50
2011.01.19 13:48:35.233,1.34142,1.34171,2.93,1.50
2011.01.19 13:48:35.562,1.3414,1.34169,1.65,1.50
2011.01.19 13:48:36.315,1.34148,1.34171,1.65,1.50
2011.01.19 13:48:36.434,1.34148,1.34171,1.65,1.50
2011.01.19 13:48:36.554,1.34146,1.34178,1.65,1.50
2011.01.19 13:48:36.783,1.3415,1.34181,2.25,1.50
2011.01.19 13:48:36.902,1.34153,1.34181,1.65,1.50
2011.01.19 13:48:37.124,1.34151,1.34181,1.50,1.50
2011.01.19 13:48:37.509,1.34151,1.34181,2.25,1.50
2011.01.19 13:48:37.748,1.34155,1.34184,1.65,1.50
2011.01.19 13:48:37.868,1.34151,1.34184,2.25,1.50
2011.01.19 13:48:37.986,1.34149,1.34184,2.25,1.50
2011.01.19 13:48:38.380,1.34153,1.34184,1.50,1.50
2011.01.19 13:48:38.725,1.34158,1.34185,1.50,1.50
2011.01.19 13:48:38.953,1.34156,1.34189,1.50,1.50
2011.01.19 13:48:39.584,1.34158,1.34189,1.50,1.50
2011.01.19 13:48:39.925,1.34158,1.34188,2.25,1.50
2011.01.19 13:48:40.153,1.34155,1.34189,2.25,1.50
2011.01.19 13:48:40.631,1.34157,1.34187,1.50,1.50
2011.01.19 13:48:40.964,1.34155,1.34183,2.18,1.50
2011.01.19 13:48:41.084,1.34152,1.34183,2.25,1.50
2011.01.19 13:48:41.857,1.34153,1.34183,1.50,1.50
2011.01.19 13:48:42.087,1.34157,1.34183,4.50,1.50
2011.01.19 13:48:42.315,1.34164,1.34193,1.28,3.38
2011.01.19 13:48:42.726,1.34163,1.34198,1.50,3.38
2011.01.19 13:48:42.852,1.34163,1.34199,2.25,3.38
2011.01.19 13:48:43.481,1.34165,1.34195,2.25,1.50
2011.01.19 13:48:44.823,1.34163,1.34195,2.25,1.50
2011.01.19 13:48:44.933,1.34163,1.34192,2.25,1.50
2011.01.19 13:48:45.924,1.34161,1.34189,1.50,1.50
2011.01.19 13:48:46.483,1.3416,1.34189,2.25,1.50
2011.01.19 13:48:47.034,1.3416,1.34187,1.50,1.50
2011.01.19 13:48:47.502,1.34157,1.34187,1.50,1.50
2011.01.19 13:48:49.461,1.34156,1.34187,2.25,1.50
2011.01.19 13:48:49.571,1.34158,1.34187,1.50,1.50
2011.01.19 13:48:49.899,1.34154,1.34187,2.25,1.50
2011.01.19 13:48:50.126,1.3416,1.34187,1.50,1.50
2011.01.19 13:48:50.378,1.3416,1.3419,2.25,1.50
2011.01.19 13:48:51.032,1.34164,1.34198,2.25,1.50
2011.01.19 13:48:51.256,1.34168,1.34198,1.50,1.50
2011.01.19 13:48:51.922,1.34165,1.34199,2.25,1.50
2011.01.19 13:48:52.141,1.34165,1.34198,2.25,1.50
2011.01.19 13:48:52.914,1.34168,1.34199,2.25,1.50
2011.01.19 13:48:53.141,1.34169,1.34201,2.25,1.50
2011.01.19 13:48:57.954,1.34167,1.34199,2.25,1.13
2011.01.19 13:48:58.308,1.34167,1.34195,1.50,2.40
2011.01.19 13:48:58.422,1.34162,1.34191,2.25,2.03
2011.01.19 13:48:58.535,1.34159,1.34191,1.50,3.90
2011.01.19 13:48:58.979,1.34161,1.34186,1.50,1.50
2011.01.19 13:48:59.098,1.34158,1.34184,1.50,1.50
2011.01.19 13:48:59.215,1.34156,1.34182,1.50,1.50
2011.01.19 13:49:00.200,1.34162,1.34191,2.25,1.50
2011.01.19 13:49:02.092,1.34162,1.34191,2.25,2.03
2011.01.19 13:49:02.600,1.34162,1.34192,2.25,2.03
2011.01.19 13:49:02.717,1.34169,1.34195,2.25,2.40
2011.01.19 13:49:02.840,1.34169,1.34201,2.25,2.63
2011.01.19 13:49:03.414,1.34172,1.34202,1.50,1.50
2011.01.19 13:49:04.772,1.34171,1.342,2.25,1.50
2011.01.19 13:49:04.887,1.34168,1.34193,1.50,1.50
2011.01.19 13:49:05.118,1.34166,1.34193,1.50,1.50
2011.01.19 13:49:05.636,1.34163,1.34188,1.50,1.50
2011.01.19 13:49:05.894,1.34161,1.34188,1.50,1.50
2011.01.19 13:49:06.121,1.34161,1.34192,2.25,1.28
2011.01.19 13:49:06.469,1.34161,1.34194,2.25,2.40
2011.01.19 13:49:06.588,1.34168,1.34197,1.50,1.50
2011.01.19 13:49:07.206,1.34168,1.34197,1.50,1.50
2011.01.19 13:49:08.080,1.3417,1.34197,1.50,1.50
2011.01.19 13:49:08.416,1.34181,1.34206,1.50,2.93
2011.01.19 13:49:08.954,1.3418,1.34207,1.50,1.50
2011.01.19 13:49:09.077,1.34178,1.34207,2.25,1.50
2011.01.19 13:49:10.505,1.34184,1.34213,2.25,2.40
2011.01.19 13:49:10.627,1.34184,1.3422,2.25,1.50
2011.01.19 13:49:10.749,1.34185,1.34223,1.28,2.63
2011.01.19 13:49:11.178,1.34193,1.34224,1.50,2.40
2011.01.19 13:49:12.307,1.34193,1.34221,1.50,1.50
2011.01.19 13:49:12.422,1.34193,1.34222,1.50,1.50
2011.01.19 13:49:13.321,1.34193,1.34224,1.50,1.50
2011.01.19 13:49:13.873,1.34191,1.34224,2.25,1.50
2011.01.19 13:49:14.374,1.34191,1.34222,2.25,1.50
2011.01.19 13:49:15.433,1.34191,1.34222,4.65,1.50
2011.01.19 13:49:16.037,1.34195,1.34225,3.15,1.50
2011.01.19 13:49:16.485,1.34193,1.34225,2.25,2.03
2011.01.19 13:49:16.829,1.34191,1.34215,1.50,1.50
2011.01.19 13:49:16.948,1.34189,1.34215,1.50,1.50
2011.01.19 13:49:17.066,1.34187,1.34215,1.50,1.50
2011.01.19 13:49:17.187,1.34189,1.34212,1.50,1.50
2011.01.19 13:49:17.734,1.34191,1.34223,1.50,1.50
2011.01.19 13:49:17.951,1.34193,1.34223,1.50,1.50
2011.01.19 13:49:19.583,1.34198,1.34227,1.50,1.50
2011.01.19 13:49:19.802,1.34196,1.34229,2.25,1.50
2011.01.19 13:49:19.914,1.34196,1.3423,1.50,1.50
2011.01.19 13:49:20.229,1.34194,1.3423,2.25,1.50
2011.01.19 13:49:20.358,1.34196,1.34227,2.25,1.50
2011.01.19 13:49:20.899,1.34196,1.34219,1.50,1.50
2011.01.19 13:49:21.019,1.34192,1.34219,2.25,1.50
2011.01.19 13:49:22.223,1.34195,1.34223,1.50,1.50
2011.01.19 13:49:23.013,1.34198,1.34223,1.50,1.50
2011.01.19 13:49:24.382,1.342,1.34223,1.50,1.50
2011.01.19 13:49:24.908,1.34193,1.34219,1.50,1.50
2011.01.19 13:49:25.136,1.34188,1.34212,1.88,1.50
2011.01.19 13:49:25.741,1.34185,1.34212,5.03,1.50
2011.01.19 13:49:25.961,1.34187,1.34212,1.50,1.50
2011.01.19 13:49:26.331,1.34185,1.34212,3.15,1.50
2011.01.19 13:49:26.441,1.34188,1.34212,1.50,1.50
2011.01.19 13:49:26.661,1.34185,1.34212,3.15,1.50
2011.01.19 13:49:27.165,1.34185,1.34219,3.90,1.50
2011.01.19 13:49:27.651,1.34192,1.34222,2.25,1.50
2011.01.19 13:49:29.472,1.34192,1.3422,2.25,1.28
2011.01.19 13:49:30.013,1.3419,1.34221,2.25,2.63
2011.01.19 13:49:31.124,1.34195,1.34222,1.50,1.50
2011.01.19 13:49:31.244,1.34195,1.34226,2.25,1.50
2011.01.19 13:49:32.006,1.34197,1.34226,2.25,1.50
2011.01.19 13:49:32.125,1.34195,1.34223,1.50,1.50
2011.01.19 13:49:32.685,1.34192,1.34213,2.25,1.65
2011.01.19 13:49:32.810,1.34182,1.34212,1.50,1.28
2011.01.19 13:49:32.923,1.34182,1.34211,1.50,2.44
2011.01.19 13:49:33.524,1.34185,1.34209,2.25,1.65
2011.01.19 13:49:33.644,1.3419,1.34214,1.50,1.65
2011.01.19 13:49:34.089,1.3419,1.34216,2.25,1.65
2011.01.19 13:49:34.209,1.34191,1.34221,2.25,2.40
2011.01.19 13:49:34.656,1.34188,1.34222,2.25,1.50
2011.01.19 13:49:35.172,1.34188,1.34218,2.25,1.13
2011.01.19 13:49:36.914,1.34188,1.34218,2.25,1.88
2011.01.19 13:49:37.037,1.34188,1.3421,1.50,1.13
2011.01.19 13:49:37.373,1.34188,1.34204,1.50,1.50
2011.01.19 13:49:37.904,1.3418,1.34207,1.50,1.50
2011.01.19 13:49:38.353,1.3418,1.34212,2.25,1.50
2011.01.19 13:49:39.528,1.3418,1.34207,1.50,1.13
2011.01.19 13:49:39.755,1.34178,1.34207,2.25,1.13
2011.01.19 13:49:39.871,1.3418,1.34207,1.50,1.13
2011.01.19 13:49:40.092,1.34176,1.34206,1.50,1.88
2011.01.19 13:49:40.508,1.34176,1.34203,1.50,1.13
2011.01.19 13:49:40.963,1.34175,1.34201,2.25,1.50
2011.01.19 13:49:41.942,1.34175,1.34201,1.50,2.63
2011.01.19 13:49:42.271,1.34177,1.34201,1.50,1.88
2011.01.19 13:49:43.039,1.34176,1.34201,1.50,1.50
2011.01.19 13:49:43.374,1.34176,1.34205,1.50,1.50
2011.01.19 13:49:43.793,1.34178,1.34205,1.50,1.50
2011.01.19 13:49:44.723,1.34178,1.34206,2.25,1.13
2011.01.19 13:49:44.831,1.34178,1.3421,2.25,1.50
2011.01.19 13:49:48.075,1.34176,1.34206,2.25,1.50
2011.01.19 13:49:54.587,1.34176,1.34205,1.50,1.50
2011.01.19 13:49:55.243,1.34176,1.34203,1.50,1.50
2011.01.19 13:49:57.471,1.34175,1.34203,1.65,1.50
2011.01.19 13:49:58.203,1.34172,1.34203,2.40,1.50
2011.01.19 13:49:59.799,1.34171,1.34203,2.25,1.50
2011.01.19 13:49:59.923,1.34167,1.34193,1.50,1.50
2011.01.19 13:50:00.143,1.34165,1.34193,1.50,1.50
2011.01.19 13:50:00.953,1.34163,1.34193,1.50,2.03
2011.01.19 13:50:01.173,1.34163,1.34188,1.50,1.50
2011.01.19 13:50:01.702,1.34161,1.34188,1.50,1.50
2011.01.19 13:50:02.653,1.34161,1.34188,2.44,1.50
2011.01.19 13:50:03.056,1.34166,1.34192,1.50,1.50
2011.01.19 13:50:05.402,1.34165,1.34192,1.50,1.50
2011.01.19 13:50:06.159,1.34162,1.34192,2.25,1.50
2011.01.19 13:50:06.492,1.34159,1.34192,2.25,1.50
2011.01.19 13:50:07.057,1.34162,1.34188,1.50,1.50
2011.01.19 13:50:07.507,1.34162,1.34183,1.50,1.50
2011.01.19 13:50:07.907,1.34154,1.34183,1.50,1.50
2011.01.19 13:50:08.018,1.34151,1.3418,1.50,1.50
2011.01.19 13:50:08.364,1.3415,1.34181,2.25,1.50
2011.01.19 13:50:08.761,1.3415,1.34181,2.25,1.50
2011.01.19 13:50:09.282,1.34153,1.34181,1.50,1.50
2011.01.19 13:50:09.983,1.3415,1.34175,1.50,1.50
2011.01.19 13:50:10.600,1.34148,1.34175,1.50,1.50
2011.01.19 13:50:11.382,1.34147,1.34175,1.65,1.50
2011.01.19 13:50:11.928,1.34148,1.34178,1.50,1.50
2011.01.19 13:50:12.262,1.34153,1.34178,1.50,1.50
2011.01.19 13:50:12.384,1.34151,1.34178,1.50,1.50
2011.01.19 13:50:13.503,1.34149,1.34178,1.50,2.03
2011.01.19 13:50:14.848,1.34149,1.34175,1.50,1.65
2011.01.19 13:50:15.663,1.34149,1.34176,1.50,1.13
2011.01.19 13:50:17.771,1.34149,1.34174,1.50,1.50
2011.01.19 13:50:18.321,1.34148,1.34174,1.50,1.50
2011.01.19 13:50:19.771,1.34149,1.34176,1.50,1.13
2011.01.19 13:50:20.926,1.34147,1.34174,2.25,2.40
2011.01.19 13:50:21.344,1.34145,1.34175,1.50,1.50
2011.01.19 13:50:21.576,1.34145,1.3418,2.25,1.50
2011.01.19 13:50:22.559,1.34151,1.34183,2.40,1.50
2011.01.19 13:50:22.675,1.34154,1.34185,1.50,2.40
2011.01.19 13:50:23.232,1.34154,1.34186,2.25,1.50
2011.01.19 13:50:24.704,1.34152,1.34182,1.28,1.50
2011.01.19 13:50:25.192,1.34147,1.34177,1.50,1.50
2011.01.19 13:50:26.058,1.34148,1.34177,1.50,1.50
2011.01.19 13:50:28.307,1.34146,1.34177,2.25,1.50
2011.01.19 13:50:28.751,1.34148,1.34177,1.50,1.50
2011.01.19 13:50:30.612,1.34147,1.34177,1.50,1.50
2011.01.19 13:50:31.019,1.34147,1.34175,1.50,1.28
2011.01.19 13:50:31.141,1.34145,1.34173,1.50,1.50
2011.01.19 13:50:31.254,1.34148,1.34173,1.50,1.50
2011.01.19 13:50:31.483,1.34148,1.34176,2.25,1.28
2011.01.19 13:50:31.915,1.34148,1.34177,2.25,1.65
2011.01.19 13:50:32.038,1.3415,1.3418,2.25,1.50
2011.01.19 13:50:33.125,1.34153,1.34183,2.25,1.50
2011.01.19 13:50:33.680,1.34151,1.34183,2.25,3.15
2011.01.19 13:50:34.025,1.34149,1.34178,2.25,1.50
2011.01.19 13:50:34.736,1.34149,1.34178,1.50,1.50
2011.01.19 13:50:34.856,1.34153,1.34183,1.50,1.50
2011.01.19 13:50:35.480,1.34153,1.34183,1.50,1.50
2011.01.19 13:50:36.443,1.34153,1.34178,1.50,1.50
2011.01.19 13:50:36.957,1.34153,1.34179,1.50,1.50
2011.01.19 13:50:37.344,1.34138,1.34165,1.13,2.78
2011.01.19 13:50:37.463,1.34132,1.34164,1.50,1.28
2011.01.19 13:50:37.857,1.34125,1.3415,1.50,1.50
2011.01.19 13:50:39.181,1.34127,1.34154,1.50,1.50
2011.01.19 13:50:39.692,1.34128,1.34154,1.50,1.50
2011.01.19 13:50:42.039,1.34128,1.34156,1.50,1.50
2011.01.19 13:50:42.840,1.34129,1.34156,1.50,1.50
2011.01.19 13:50:42.962,1.34129,1.34155,1.50,1.50
2011.01.19 13:50:43.571,1.34131,1.34155,1.50,1.50
2011.01.19 13:50:46.577,1.34135,1.34166,1.28,1.65
2011.01.19 13:50:46.806,1.34139,1.3417,1.50,1.50
2011.01.19 13:50:47.448,1.34142,1.3417,1.65,1.50
2011.01.19 13:50:47.564,1.34144,1.3417,1.50,1.50
2011.01.19 13:50:48.356,1.34142,1.3417,3.15,1.50
2011.01.19 13:50:49.600,1.34143,1.3417,1.50,1.50
2011.01.19 13:50:49.836,1.34144,1.3417,3.68,1.50
2011.01.19 13:50:49.957,1.34145,1.34179,1.28,1.50
2011.01.19 13:50:50.391,1.3414,1.34163,1.88,1.50
2011.01.19 13:50:50.612,1.34132,1.34162,1.65,1.50
2011.01.19 13:50:50.723,1.34132,1.34162,1.65,1.50
2011.01.19 13:50:51.144,1.34129,1.34156,1.50,1.50
2011.01.19 13:50:51.808,1.34129,1.34155,1.65,1.50
2011.01.19 13:50:51.930,1.34134,1.34164,2.25,1.50
2011.01.19 13:50:52.042,1.34134,1.34166,1.50,1.50
2011.01.19 13:50:52.877,1.34132,1.34166,2.25,1.50
2011.01.19 13:50:54.022,1.34132,1.34165,2.25,1.50
2011.01.19 13:50:57.342,1.34136,1.34165,1.50,1.50
2011.01.19 13:50:57.969,1.34136,1.34163,1.50,1.50
2011.01.19 13:50:58.311,1.34132,1.3416,1.50,1.50
2011.01.19 13:50:59.653,1.34133,1.34163,1.50,1.50
2011.01.19 13:51:00.191,1.34131,1.34163,2.25,1.50
2011.01.19 13:51:00.665,1.34131,1.3416,1.50,1.50
2011.01.19 13:51:01.544,1.34131,1.34164,2.25,1.50
2011.01.19 13:51:02.287,1.34135,1.34161,1.50,1.50
2011.01.19 13:51:02.524,1.34134,1.34164,1.50,1.50
2011.01.19 13:51:02.642,1.34131,1.34164,2.25,1.50
2011.01.19 13:51:02.861,1.34131,1.34164,2.25,1.50
2011.01.19 13:51:03.384,1.34136,1.34164,2.25,1.50
2011.01.19 13:51:04.379,1.34136,1.34167,2.25,1.50
2011.01.19 13:51:04.492,1.34137,1.34167,1.50,1.50
2011.01.19 13:51:05.386,1.34137,1.34171,2.25,1.50
2011.01.19 13:51:05.503,1.34137,1.34171,2.25,1.50
2011.01.19 13:51:09.932,1.3414,1.34168,1.50,1.50
2011.01.19 13:51:10.042,1.34138,1.34168,1.50,1.50
2011.01.19 13:51:11.874,1.34138,1.3417,2.25,1.50
2011.01.19 13:51:12.424,1.34142,1.3417,1.50,1.50
2011.01.19 13:51:12.961,1.34142,1.34175,2.25,1.50
2011.01.19 13:51:13.076,1.34142,1.34175,1.50,1.50
2011.01.19 13:51:13.301,1.34142,1.34175,1.50,1.50
2011.01.19 13:51:14.390,1.34137,1.34167,2.25,1.28
2011.01.19 13:51:14.506,1.34134,1.34161,3.15,1.50
2011.01.19 13:51:15.193,1.34131,1.34161,2.25,1.50
2011.01.19 13:51:17.536,1.34129,1.34159,2.25,1.28
2011.01.19 13:51:17.767,1.34124,1.34156,1.50,1.50
2011.01.19 13:51:18.370,1.34124,1.34158,2.25,2.03
2011.01.19 13:51:19.801,1.34128,1.34158,1.50,1.50
2011.01.19 13:51:20.403,1.34127,1.34158,2.25,1.50
2011.01.19 13:51:20.740,1.34127,1.34159,2.25,2.40
2011.01.19 13:51:21.212,1.34128,1.34159,2.25,1.58
2011.01.19 13:51:21.325,1.34128,1.34159,2.25,1.77
2011.01.19 13:51:21.863,1.34122,1.34151,1.50,1.50
2011.01.19 13:51:22.985,1.34119,1.34151,2.25,1.50
2011.01.19 13:51:24.233,1.34115,1.34147,2.25,1.50
2011.01.19 13:51:24.927,1.3412,1.34147,1.50,1.50
2011.01.19 13:51:25.984,1.3412,1.34153,2.25,1.50
2011.01.19 13:51:26.499,1.3412,1.34155,2.25,1.50
2011.01.19 13:51:26.616,1.34124,1.34155,1.50,1.50
2011.01.19 13:51:27.412,1.34122,1.34155,2.25,1.50
2011.01.19 13:51:27.522,1.34122,1.34151,2.25,1.50
2011.01.19 13:51:29.764,1.34122,1.34151,2.25,1.50
2011.01.19 13:51:30.321,1.34122,1.34152,1.50,1.50
2011.01.19 13:51:30.875,1.3412,1.34152,2.25,1.50
2011.01.19 13:51:34.722,1.3412,1.34152,2.25,1.50
2011.01.19 13:51:35.184,1.34117,1.34149,2.78,1.50
2011.01.19 13:51:35.291,1.3412,1.34149,1.50,1.50
2011.01.19 13:51:35.912,1.3412,1.34156,2.25,1.50
2011.01.19 13:51:36.021,1.3412,1.34156,2.25,1.50
2011.01.19 13:51:36.564,1.34122,1.3415,1.50,1.50
2011.01.19 13:51:37.421,1.34119,1.3415,2.25,1.50
2011.01.19 13:51:37.789,1.34123,1.34153,1.50,1.50
2011.01.19 13:51:39.139,1.34122,1.34153,2.25,1.50
2011.01.19 13:51:39.389,1.34122,1.34154,2.25,1.50
2011.01.19 13:51:39.500,1.34122,1.34156,2.25,1.50
2011.01.19 13:51:39.834,1.34127,1.34159,1.28,1.65
2011.01.19 13:51:40.388,1.34129,1.34165,2.25,1.50
2011.01.19 13:51:40.614,1.34133,1.34165,1.50,1.50
2011.01.19 13:51:41.213,1.34128,1.3416,3.15,1.50
2011.01.19 13:51:43.632,1.34123,1.34157,3.15,1.50
2011.01.19 13:51:44.300,1.34122,1.34157,2.25,1.50
2011.01.19 13:51:44.419,1.34122,1.34149,1.50,1.50
2011.01.19 13:51:45.502,1.34121,1.34149,1.50,1.50
2011.01.19 13:51:46.041,1.34128,1.34157,1.28,1.65
2011.01.19 13:51:46.374,1.34128,1.34163,2.93,1.50
2011.01.19 13:51:47.061,1.34129,1.34162,2.25,1.50
2011.01.19 13:51:47.171,1.34131,1.34161,1.50,1.50
2011.01.19 13:51:49.654,1.34127,1.34161,2.40,1.50
2011.01.19 13:51:49.774,1.34127,1.34157,2.93,1.50
2011.01.19 13:51:50.207,1.34131,1.34166,2.25,1.50
2011.01.19 13:51:54.477,1.34134,1.34168,2.25,1.13
2011.01.19 13:51:54.814,1.34134,1.34166,2.25,1.50
2011.01.19 13:51:55.447,1.34134,1.34168,2.25,1.28
2011.01.19 13:51:56.662,1.3413,1.34166,2.25,4.65
2011.01.19 13:51:56.780,1.34134,1.34163,2.78,1.50
2011.01.19 13:51:57.006,1.34138,1.34166,1.65,2.63
2011.01.19 13:51:57.529,1.34138,1.34173,3.90,1.50
2011.01.19 13:51:57.646,1.34138,1.34168,3.90,1.50
2011.01.19 13:51:58.018,1.34138,1.34171,3.90,1.50
2011.01.19 13:52:00.067,1.34128,1.34157,2.25,1.50
2011.01.19 13:52:00.939,1.34128,1.34156,1.50,1.50
2011.01.19 13:52:01.398,1.3413,1.34156,1.50,1.50
2011.01.19 13:52:01.733,1.34127,1.3416,2.25,1.50
2011.01.19 13:52:02.359,1.34131,1.3416,1.50,1.50
2011.01.19 13:52:02.481,1.34131,1.34163,2.25,1.50
2011.01.19 13:52:05.166,1.34133,1.34163,3.00,1.50
2011.01.19 13:52:05.503,1.34136,1.34163,1.50,1.50
2011.01.19 13:52:05.898,1.34136,1.34172,2.25,1.50
2011.01.19 13:52:06.018,1.34138,1.34171,2.25,1.50
2011.01.19 13:52:06.243,1.34138,1.34167,2.25,1.50
2011.01.19 13:52:06.462,1.34134,1.34168,2.25,1.50
2011.01.19 13:52:06.684,1.34134,1.34163,2.25,1.50
2011.01.19 13:52:07.199,1.34131,1.34164,1.50,1.50
2011.01.19 13:52:07.320,1.34131,1.34157,1.50,1.50
2011.01.19 13:52:07.433,1.34127,1.34157,1.50,1.50
2011.01.19 13:52:07.694,1.34126,1.34157,3.15,1.50
2011.01.19 13:52:08.632,1.34127,1.34155,1.50,1.50
2011.01.19 13:52:08.741,1.34127,1.34159,2.25,1.50
2011.01.19 13:52:09.315,1.3413,1.34159,1.50,1.50
2011.01.19 13:52:09.681,1.34126,1.34159,3.90,1.50
2011.01.19 13:52:10.211,1.34128,1.34159,1.28,1.50
2011.01.19 13:52:11.743,1.34126,1.34159,3.90,1.50
2011.01.19 13:52:13.541,1.34129,1.34159,1.50,1.50
2011.01.19 13:52:19.424,1.34127,1.34159,2.25,1.50
2011.01.19 13:52:20.333,1.34129,1.34159,1.50,1.50
2011.01.19 13:52:27.430,1.34129,1.34157,1.50,1.50
2011.01.19 13:52:27.871,1.34127,1.34154,1.50,1.50
2011.01.19 13:52:27.982,1.34125,1.34154,2.78,1.50
2011.01.19 13:52:28.713,1.34126,1.34154,1.65,1.50
2011.01.19 13:52:31.788,1.34128,1.34154,1.50,1.50
2011.01.19 13:52:32.521,1.34128,1.34157,1.50,1.50
2011.01.19 13:52:32.632,1.34128,1.34158,2.25,1.50
2011.01.19 13:52:33.266,1.34128,1.34156,2.25,1.28
2011.01.19 13:52:33.389,1.34124,1.34152,1.65,1.50
2011.01.19 13:52:33.504,1.34126,1.34152,1.50,1.50
2011.01.19 13:52:34.110,1.34124,1.34152,3.15,1.50
2011.01.19 13:52:34.773,1.34127,1.34152,1.50,1.50
2011.01.19 13:52:35.112,1.34125,1.34152,2.03,1.50
2011.01.19 13:52:35.677,1.34124,1.34152,1.28,1.50
2011.01.19 13:52:36.690,1.34124,1.34156,2.03,1.50
2011.01.19 13:52:36.804,1.34124,1.34156,2.03,1.50
2011.01.19 13:52:39.551,1.34122,1.34153,2.40,1.50
2011.01.19 13:52:40.253,1.34123,1.34153,1.50,1.50
2011.01.19 13:52:40.372,1.34121,1.3415,1.50,1.50
2011.01.19 13:52:40.488,1.34119,1.3415,1.50,1.50
2011.01.19 13:52:40.825,1.34119,1.34145,1.50,1.50
2011.01.19 13:52:41.485,1.34119,1.34148,1.50,1.50
2011.01.19 13:52:43.514,1.34115,1.34148,1.28,1.50
2011.01.19 13:52:43.746,1.34113,1.34139,1.50,1.50
2011.01.19 13:52:44.274,1.34115,1.34143,1.50,1.50
2011.01.19 13:52:44.502,1.34115,1.34145,4.43,1.50
2011.01.19 13:52:47.286,1.34111,1.34145,2.25,1.50
2011.01.19 13:52:47.407,1.34111,1.3414,1.50,1.50
2011.01.19 13:52:48.586,1.34109,1.3414,5.18,1.50
2011.01.19 13:52:51.963,1.34109,1.3414,5.18,1.50
2011.01.19 13:52:52.526,1.3411,1.3414,2.18,1.50
2011.01.19 13:52:52.929,1.34113,1.3414,1.65,1.50
2011.01.19 13:52:53.047,1.34109,1.3414,3.53,1.50
2011.01.19 13:52:53.293,1.34109,1.3414,3.72,1.50
2011.01.19 13:52:53.922,1.34115,1.34144,1.28,1.50
2011.01.19 13:53:06.114,1.34109,1.34141,2.25,2.18
2011.01.19 13:53:06.343,1.34109,1.34144,2.25,1.50
2011.01.19 13:53:07.878,1.34112,1.34142,2.25,1.28
2011.01.19 13:53:07.994,1.34112,1.34141,2.25,1.50
2011.01.19 13:53:08.853,1.34113,1.34141,1.50,1.50
2011.01.19 13:53:10.464,1.34111,1.34141,2.25,1.50
2011.01.19 13:53:19.425,1.34117,1.34141,1.50,1.50
2011.01.19 13:53:19.544,1.34117,1.3415,1.50,1.50
2011.01.19 13:53:19.939,1.34119,1.3415,1.65,1.50
2011.01.19 13:53:20.274,1.34124,1.34151,1.50,1.50
2011.01.19 13:53:20.603,1.34122,1.34151,1.50,1.50
2011.01.19 13:53:20.724,1.34122,1.3415,1.50,1.50
2011.01.19 13:53:21.053,1.34122,1.34147,3.15,1.50
2011.01.19 13:53:21.517,1.3412,1.34147,1.50,1.50
2011.01.19 13:53:22.075,1.34122,1.34147,1.50,1.50
2011.01.19 13:53:22.413,1.34122,1.34149,1.50,1.50
2011.01.19 13:53:23.091,1.34122,1.34152,2.25,1.50
2011.01.19 13:53:23.218,1.34122,1.34152,2.25,1.50
2011.01.19 13:53:23.441,1.34123,1.34152,1.50,1.50
2011.01.19 13:53:23.666,1.34129,1.34158,3.15,1.50
2011.01.19 13:53:23.784,1.34126,1.34158,2.25,1.50
2011.01.19 13:53:25.949,1.34126,1.34156,2.25,1.50
2011.01.19 13:53:26.407,1.34118,1.34151,2.25,1.50
2011.01.19 13:53:27.192,1.3412,1.34147,1.50,1.50
2011.01.19 13:53:28.490,1.34117,1.34147,1.50,1.88
2011.01.19 13:53:29.706,1.34116,1.34147,2.25,1.50
2011.01.19 13:53:30.045,1.34119,1.34152,2.25,2.63
2011.01.19 13:53:30.165,1.34119,1.34152,2.25,1.88
2011.01.19 13:53:30.286,1.34119,1.34153,2.25,2.40
2011.01.19 13:53:30.808,1.34122,1.34154,2.25,1.50
2011.01.19 13:53:31.143,1.34126,1.34157,2.25,1.50
2011.01.19 13:53:31.363,1.34126,1.34163,3.53,1.50
2011.01.19 13:53:32.012,1.34133,1.34162,1.50,1.28
2011.01.19 13:53:32.679,1.3413,1.34162,2.25,1.28
2011.01.19 13:53:32.796,1.3413,1.34161,1.50,1.50
2011.01.19 13:53:32.913,1.3413,1.3416,1.50,1.50
2011.01.19 13:53:33.483,1.34128,1.3416,2.25,1.50
2011.01.19 13:53:34.125,1.34131,1.3416,1.50,1.50
2011.01.19 13:53:34.467,1.34133,1.3416,1.50,1.50
2011.01.19 13:53:35.202,1.34133,1.34163,1.50,1.50
2011.01.19 13:53:36.091,1.3413,1.34163,2.25,1.50
2011.01.19 13:53:38.652,1.34128,1.3416,2.25,1.50
2011.01.19 13:53:38.761,1.34128,1.3416,2.25,1.50
2011.01.19 13:53:39.813,1.34127,1.34157,1.50,1.50
2011.01.19 13:53:41.831,1.34124,1.34157,2.25,1.50
2011.01.19 13:53:42.058,1.34122,1.34153,1.28,1.69
2011.01.19 13:53:42.177,1.34117,1.34151,5.03,2.40
2011.01.19 13:53:42.519,1.34123,1.34151,2.25,1.65
2011.01.19 13:53:42.638,1.34123,1.34159,2.25,1.28
2011.01.19 13:53:42.756,1.34123,1.34159,2.25,1.28
2011.01.19 13:53:42.983,1.34123,1.34158,2.25,2.03
2011.01.19 13:53:44.010,1.34127,1.34158,3.19,1.50
2011.01.19 13:53:44.539,1.34123,1.34159,2.25,2.40
2011.01.19 13:53:44.766,1.34127,1.34161,2.25,1.50
2011.01.19 13:53:45.507,1.3413,1.34159,1.65,1.28
2011.01.19 13:53:46.054,1.34126,1.34159,2.25,1.28
2011.01.19 13:53:52.037,1.34129,1.3416,1.50,1.50
2011.01.19 13:53:52.156,1.34133,1.34161,1.28,1.50
2011.01.19 13:53:52.384,1.34133,1.34164,2.03,1.65
2011.01.19 13:53:52.892,1.34133,1.34164,3.53,1.65
2011.01.19 13:53:53.008,1.34133,1.34167,3.00,1.50
2011.01.19 13:53:54.622,1.34132,1.34164,2.25,1.50
2011.01.19 13:54:00.039,1.3413,1.34162,2.25,1.50
2011.01.19 13:54:00.375,1.34134,1.34164,2.25,1.50
2011.01.19 13:54:01.702,1.34131,1.34162,2.25,1.50
2011.01.19 13:54:02.266,1.34132,1.34162,1.50,1.50
2011.01.19 13:54:02.495,1.34134,1.34162,1.50,1.50
2011.01.19 13:54:02.614,1.34132,1.34162,1.50,1.50
2011.01.19 13:54:03.265,1.34132,1.34158,1.50,1.50
2011.01.19 13:54:03.523,1.34129,1.34158,2.25,1.50
2011.01.19 13:54:04.307,1.34136,1.34163,1.50,1.50
2011.01.19 13:54:04.673,1.34133,1.34163,1.50,1.50
2011.01.19 13:54:05.908,1.34136,1.34163,4.69,1.50
2011.01.19 13:54:06.026,1.34133,1.34163,1.69,1.50
2011.01.19 13:54:06.147,1.34138,1.34165,1.50,2.18
2011.01.19 13:54:06.693,1.34139,1.34165,2.25,1.65
2011.01.19 13:54:06.810,1.34139,1.34175,2.25,2.03
2011.01.19 13:54:07.961,1.34141,1.34175,1.50,2.03
2011.01.19 13:54:08.293,1.34146,1.34179,2.25,1.50
2011.01.19 13:54:08.949,1.34143,1.34172,2.25,1.50
2011.01.19 13:54:09.984,1.34146,1.34178,2.25,1.50
2011.01.19 13:54:13.674,1.3415,1.34178,1.50,1.50
2011.01.19 13:54:13.891,1.34148,1.34181,2.25,1.50
2011.01.19 13:54:14.541,1.34148,1.34185,1.28,3.15
2011.01.19 13:54:16.482,1.34148,1.34179,2.25,1.50
2011.01.19 13:54:17.259,1.34146,1.34181,2.25,1.50
2011.01.19 13:54:17.703,1.34146,1.34178,2.25,1.50
2011.01.19 13:54:20.926,1.34144,1.34178,2.40,1.50
2011.01.19 13:54:22.212,1.34146,1.34178,1.50,2.03
2011.01.19 13:54:22.686,1.34146,1.34178,1.13,2.03
2011.01.19 13:54:23.656,1.34146,1.34178,1.13,1.50
2011.01.19 13:54:24.225,1.34152,1.34182,1.88,1.50
2011.01.19 13:54:24.645,1.34152,1.34185,1.88,1.50
2011.01.19 13:54:25.215,1.34154,1.34184,1.13,1.50
2011.01.19 13:54:29.661,1.3415,1.34181,2.25,1.50
2011.01.19 13:54:30.553,1.3415,1.34179,2.25,1.28
2011.01.19 13:54:31.663,1.34147,1.34174,1.50,1.50
2011.01.19 13:54:31.882,1.34147,1.34179,2.25,1.28
2011.01.19 13:54:33.852,1.34149,1.34181,2.25,2.40
2011.01.19 13:54:33.962,1.34155,1.34181,1.50,1.65
2011.01.19 13:54:34.610,1.34153,1.34181,2.25,1.50
2011.01.19 13:54:35.376,1.34153,1.34182,1.50,1.50
2011.01.19 13:54:35.960,1.34152,1.34182,2.25,1.50
2011.01.19 13:54:41.113,1.3415,1.3418,2.25,1.28
2011.01.19 13:54:43.317,1.34152,1.34175,1.50,1.65
2011.01.19 13:54:43.658,1.3412,1.34136,1.65,1.65
2011.01.19 13:54:43.780,1.34118,1.34136,1.50,2.40
2011.01.19 13:54:43.895,1.34124,1.34135,1.88,1.65
2011.01.19 13:54:44.016,1.34115,1.34138,2.25,1.65
2011.01.19 13:54:44.518,1.34115,1.34138,2.25,1.65
2011.01.19 13:54:44.746,1.34115,1.34138,2.25,1.65
2011.01.19 13:54:45.322,1.34111,1.34143,2.25,1.20
2011.01.19 13:54:45.432,1.34111,1.34141,2.25,1.20
2011.01.19 13:54:48.802,1.34111,1.34135,1.50,5.44
2011.01.19 13:54:49.313,1.34098,1.34116,1.88,1.65
2011.01.19 13:54:49.433,1.34088,1.34114,1.50,1.20
2011.01.19 13:54:49.658,1.34089,1.34121,1.50,3.15
2011.01.19 13:54:50.317,1.34089,1.34118,2.25,2.40
2011.01.19 13:54:51.793,1.34085,1.34114,1.65,1.50
2011.01.19 13:54:52.212,1.34082,1.34114,3.90,1.50
2011.01.19 13:54:52.335,1.34075,1.34105,2.25,1.50
2011.01.19 13:54:52.674,1.34078,1.3411,2.25,1.50
2011.01.19 13:54:53.237,1.34082,1.34113,1.50,1.50
2011.01.19 13:54:53.353,1.34084,1.34114,1.50,1.95
2011.01.19 13:54:53.903,1.34083,1.34114,2.25,1.50
2011.01.19 13:54:54.565,1.34083,1.34109,2.25,1.20
2011.01.19 13:54:54.687,1.3408,1.34109,2.25,1.95
2011.01.19 13:54:54.803,1.34079,1.3411,2.25,1.50
2011.01.19 13:54:58.932,1.34076,1.34109,2.25,1.20
2011.01.19 13:54:59.043,1.34076,1.34106,1.50,1.50
2011.01.19 13:55:00.192,1.34076,1.34106,1.50,1.50
2011.01.19 13:55:02.675,1.34083,1.34112,1.50,2.40
2011.01.19 13:55:03.447,1.34081,1.34113,2.25,1.50
2011.01.19 13:55:04.888,1.34083,1.34113,1.50,1.50
2011.01.19 13:55:05.514,1.34084,1.34113,1.50,1.50
2011.01.19 13:55:07.853,1.34087,1.34113,1.50,1.50
2011.01.19 13:55:08.285,1.34085,1.34113,1.50,1.50
2011.01.19 13:55:08.951,1.34086,1.34121,2.25,1.50
2011.01.19 13:55:09.066,1.34085,1.34121,2.25,2.78
2011.01.19 13:55:09.633,1.34091,1.3412,2.25,1.65
2011.01.19 13:55:09.963,1.34091,1.34127,2.25,1.50
2011.01.19 13:55:11.745,1.34092,1.34111,2.25,2.40
2011.01.19 13:55:11.977,1.34081,1.34107,2.63,1.65
2011.01.19 13:55:12.505,1.34074,1.34107,2.78,2.40
2011.01.19 13:55:13.402,1.34073,1.34104,2.63,2.18
2011.01.19 13:55:13.523,1.34077,1.34101,2.25,1.65
2011.01.19 13:55:13.636,1.34071,1.34105,2.25,1.65
2011.01.19 13:55:14.493,1.34076,1.34109,2.25,3.15
2011.01.19 13:55:15.133,1.34076,1.34107,2.25,1.50
2011.01.19 13:55:15.353,1.34071,1.34103,2.25,1.65
2011.01.19 13:55:15.812,1.34074,1.34105,2.25,1.50
2011.01.19 13:55:15.929,1.34071,1.34103,2.25,1.65
2011.01.19 13:55:16.593,1.34077,1.34107,2.25,1.50
2011.01.19 13:55:16.703,1.34077,1.34109,2.25,1.50
2011.01.19 13:55:17.216,1.34077,1.34109,2.25,1.50
2011.01.19 13:55:17.343,1.34072,1.34103,2.25,1.50
2011.01.19 13:55:17.567,1.34068,1.34105,2.25,1.50
2011.01.19 13:55:18.317,1.3407,1.34106,3.90,1.50
2011.01.19 13:55:19.523,1.34076,1.34106,1.50,1.50
2011.01.19 13:55:19.873,1.34076,1.34108,1.50,1.50
2011.01.19 13:55:19.984,1.34078,1.3411,3.90,1.50
2011.01.19 13:55:20.397,1.3408,1.34115,2.25,1.50
2011.01.19 13:55:20.520,1.34082,1.34114,2.25,1.50
2011.01.19 13:55:22.353,1.34084,1.34118,2.25,1.50
2011.01.19 13:55:22.574,1.34084,1.34118,2.25,1.50
2011.01.19 13:55:23.083,1.34082,1.34114,2.25,1.50
2011.01.19 13:55:23.191,1.34082,1.34115,1.50,1.50
2011.01.19 13:55:23.744,1.34083,1.34111,1.50,1.65
2011.01.19 13:55:24.185,1.34082,1.34114,1.50,1.50
2011.01.19 13:55:24.523,1.34078,1.34111,2.25,1.50
2011.01.19 13:55:27.755,1.34085,1.34111,1.50,1.50
2011.01.19 13:55:28.342,1.34086,1.34116,1.50,1.50
2011.01.19 13:55:28.464,1.34088,1.34117,2.25,1.50
2011.01.19 13:55:29.018,1.34084,1.34112,1.65,1.50
2011.01.19 13:55:29.131,1.34082,1.34117,2.25,1.50
2011.01.19 13:55:29.245,1.34082,1.34118,2.25,3.15
2011.01.19 13:55:29.687,1.34081,1.34119,3.90,1.50
2011.01.19 13:55:29.805,1.34081,1.34119,3.90,1.50
2011.01.19 13:55:30.365,1.34083,1.34116,2.25,1.50
2011.01.19 13:55:30.943,1.34083,1.34111,1.50,1.50
2011.01.19 13:55:31.303,1.34079,1.34111,2.40,1.50
2011.01.19 13:55:31.422,1.3408,1.34118,2.25,1.50
2011.01.19 13:55:39.673,1.34087,1.34122,4.28,1.50
2011.01.19 13:55:39.782,1.34091,1.34122,1.50,1.50
2011.01.19 13:55:40.115,1.34091,1.34125,2.40,1.50
2011.01.19 13:55:40.603,1.34091,1.34119,2.63,1.65
2011.01.19 13:55:41.383,1.3409,1.34122,2.25,2.40
2011.01.19 13:55:42.286,1.34093,1.34122,2.25,1.65
2011.01.19 13:55:42.404,1.34093,1.34122,2.25,1.65
2011.01.19 13:55:42.913,1.34095,1.34124,1.50,1.65
2011.01.19 13:55:43.928,1.34093,1.34125,2.25,1.50
2011.01.19 13:55:45.442,1.3409,1.34123,2.25,1.50
2011.01.19 13:55:45.829,1.3409,1.34123,2.25,1.50
2011.01.19 13:55:45.952,1.34086,1.34118,2.25,1.28
2011.01.19 13:55:46.185,1.34087,1.34121,2.25,3.34
2011.01.19 13:55:46.624,1.34087,1.3412,2.25,1.47
2011.01.19 13:55:46.964,1.34087,1.34117,2.25,1.65
2011.01.19 13:55:47.500,1.34086,1.3412,2.25,1.65
2011.01.19 13:55:47.617,1.34086,1.34122,2.25,2.40
2011.01.19 13:55:51.000,1.34086,1.34108,2.25,1.65
2011.01.19 13:55:51.336,1.34086,1.34096,2.25,1.65
2011.01.19 13:55:51.460,1.34086,1.341,2.25,1.65
2011.01.19 13:55:51.872,1.34087,1.34102,2.25,1.65
2011.01.19 13:55:51.997,1.34085,1.34094,2.63,1.65
2011.01.19 13:55:53.664,1.34078,1.34095,2.25,1.65
2011.01.19 13:55:54.304,1.34079,1.34098,2.25,1.65
2011.01.19 13:55:54.418,1.34081,1.34116,2.25,2.93
2011.01.19 13:55:56.683,1.34079,1.34113,2.25,1.50
2011.01.19 13:55:56.796,1.34076,1.34109,2.25,2.25
2011.01.19 13:55:56.918,1.34076,1.34106,2.25,1.28
2011.01.19 13:55:57.034,1.34076,1.34105,1.50,1.50
2011.01.19 13:55:57.577,1.34073,1.34105,2.25,1.50
2011.01.19 13:55:59.404,1.34068,1.34108,3.90,2.93
2011.01.19 13:55:59.522,1.34073,1.34107,2.25,2.18
2011.01.19 13:55:59.995,1.34073,1.34105,2.25,1.50
2011.01.19 13:56:00.778,1.34072,1.34109,2.25,2.63
2011.01.19 13:56:02.629,1.34072,1.34105,2.25,1.50
2011.01.19 13:56:08.435,1.34073,1.34106,2.25,2.93
2011.01.19 13:56:08.557,1.34075,1.34106,2.25,2.40
2011.01.19 13:56:17.774,1.34075,1.34111,2.25,3.15
2011.01.19 13:56:18.323,1.34073,1.34106,2.25,1.65
2011.01.19 13:56:22.947,1.34073,1.34107,2.25,2.18
2011.01.19 13:56:24.351,1.34073,1.34107,2.25,2.18
2011.01.19 13:56:28.492,1.34074,1.34105,2.25,1.50
2011.01.19 13:56:29.813,1.34072,1.34103,2.25,1.50
2011.01.19 13:56:30.277,1.34072,1.34099,2.25,2.25
2011.01.19 13:56:30.393,1.3407,1.34102,2.25,1.50
2011.01.19 13:56:30.614,1.34072,1.34103,2.25,1.13
2011.01.19 13:56:32.499,1.34069,1.34102,2.25,2.40
2011.01.19 13:56:32.616,1.34069,1.341,2.25,1.50
2011.01.19 13:56:32.738,1.34066,1.34088,2.25,1.65
2011.01.19 13:56:33.388,1.34053,1.34086,2.25,2.03
2011.01.19 13:56:33.833,1.34049,1.34085,2.25,1.13
2011.01.19 13:56:33.944,1.34049,1.34081,2.25,1.50
2011.01.19 13:56:35.386,1.34052,1.34084,2.25,1.88
2011.01.19 13:56:35.502,1.34055,1.34084,2.25,1.13
2011.01.19 13:56:36.774,1.34048,1.34083,2.25,1.50
2011.01.19 13:56:37.265,1.34051,1.34089,2.40,1.88
2011.01.19 13:56:37.715,1.34055,1.3409,1.50,1.13
2011.01.19 13:56:38.223,1.34054,1.34091,2.25,1.13
2011.01.19 13:56:38.445,1.34055,1.34086,2.63,1.50
2011.01.19 13:56:39.112,1.34047,1.34083,2.25,1.50
2011.01.19 13:56:39.333,1.34046,1.34084,2.63,1.88
2011.01.19 13:56:39.679,1.34047,1.34076,2.40,1.13
2011.01.19 13:56:40.085,1.34046,1.34076,1.88,1.13
2011.01.19 13:56:40.325,1.34043,1.3408,3.00,1.13
2011.01.19 13:56:41.034,1.34048,1.34078,2.25,1.13
2011.01.19 13:56:41.375,1.34048,1.3408,2.25,1.13
2011.01.19 13:56:42.049,1.34052,1.34082,2.25,2.03
2011.01.19 13:56:43.413,1.34053,1.34082,2.25,1.65
2011.01.19 13:56:43.524,1.34053,1.34089,2.25,1.13
2011.01.19 13:56:44.114,1.34055,1.34089,2.25,1.13
2011.01.19 13:56:44.443,1.34055,1.34089,4.13,1.50
2011.01.19 13:56:44.557,1.34054,1.34084,4.13,1.13
2011.01.19 13:56:46.043,1.34051,1.34082,2.25,2.03
2011.01.19 13:56:46.643,1.34051,1.34082,2.25,2.03
2011.01.19 13:56:47.722,1.34052,1.34084,2.25,1.13
2011.01.19 13:56:50.285,1.34058,1.34084,2.40,1.50
2011.01.19 13:56:50.643,1.34058,1.34084,2.18,1.50
2011.01.19 13:56:50.763,1.3406,1.34091,2.25,1.13
2011.01.19 13:56:51.984,1.34069,1.34091,1.65,1.13
2011.01.19 13:56:52.335,1.34072,1.34086,1.65,1.50
2011.01.19 13:56:54.927,1.3407,1.34086,1.65,1.50
2011.01.19 13:56:55.042,1.34067,1.34086,1.65,1.50
2011.01.19 13:56:56.176,1.3407,1.34086,1.65,1.50
2011.01.19 13:56:56.704,1.3407,1.34088,1.65,1.50
2011.01.19 13:56:56.818,1.3407,1.3409,1.65,2.03
2011.01.19 13:56:58.205,1.34053,1.34089,2.25,1.28
2011.01.19 13:56:59.413,1.34056,1.34093,2.25,1.50
2011.01.19 13:57:04.839,1.34059,1.34099,2.63,3.15
2011.01.19 13:57:09.423,1.34061,1.34097,2.25,1.13
2011.01.19 13:57:09.644,1.34061,1.34096,2.25,1.50
2011.01.19 13:57:10.270,1.34061,1.34096,2.25,1.50
2011.01.19 13:57:13.113,1.34064,1.34093,2.63,2.03
2011.01.19 13:57:13.795,1.34058,1.34093,2.25,2.03
2011.01.19 13:57:14.026,1.34054,1.34087,4.13,2.93
2011.01.19 13:57:14.578,1.34055,1.34084,2.25,1.28
2011.01.19 13:57:14.808,1.34048,1.34082,4.13,1.28
2011.01.19 13:57:16.123,1.34041,1.34077,4.13,1.28
2011.01.19 13:57:16.234,1.34041,1.34075,2.63,1.50
2011.01.19 13:57:18.907,1.34045,1.34082,2.25,1.50
2011.01.19 13:57:19.406,1.34053,1.34082,1.50,1.50
2011.01.19 13:57:19.522,1.3405,1.34082,2.25,1.50
2011.01.19 13:57:19.967,1.34048,1.34079,1.50,1.50
2011.01.19 13:57:20.518,1.34043,1.34073,2.25,1.50
2011.01.19 13:57:20.635,1.34043,1.34074,2.25,1.28
2011.01.19 13:57:21.401,1.34044,1.34074,2.25,1.28
2011.01.19 13:57:22.081,1.34044,1.34074,2.25,1.28
2011.01.19 13:57:23.036,1.34044,1.34077,2.25,2.40
2011.01.19 13:57:23.155,1.34047,1.3408,2.25,1.28
2011.01.19 13:57:23.276,1.34049,1.34077,2.25,1.65
2011.01.19 13:57:23.901,1.34051,1.34083,2.25,2.18
2011.01.19 13:57:24.234,1.34047,1.34083,2.25,2.18
2011.01.19 13:57:24.747,1.34047,1.34081,2.25,1.65
2011.01.19 13:57:24.872,1.3405,1.34083,4.13,1.28
2011.01.19 13:57:25.317,1.3405,1.34084,2.25,1.28
2011.01.19 13:57:25.709,1.34047,1.3408,2.63,1.28
2011.01.19 13:57:25.830,1.34045,1.34076,2.25,1.65
2011.01.19 13:57:25.946,1.34052,1.34081,2.25,1.47
2011.01.19 13:57:26.064,1.34052,1.34076,2.25,2.18
2011.01.19 13:57:26.834,1.34049,1.34074,2.63,1.28
2011.01.19 13:57:26.954,1.34039,1.34075,2.63,2.40
2011.01.19 13:57:27.066,1.34042,1.34075,4.43,2.40
2011.01.19 13:57:27.665,1.34046,1.34077,1.50,2.03
2011.01.19 13:57:27.789,1.34044,1.34077,2.25,2.03
2011.01.19 13:57:28.017,1.34044,1.34075,1.50,1.50
2011.01.19 13:57:28.353,1.34044,1.34072,1.50,1.50
2011.01.19 13:57:28.816,1.34042,1.34072,1.50,1.50
2011.01.19 13:57:29.047,1.34045,1.34075,2.25,1.28
2011.01.19 13:57:29.166,1.34045,1.34076,2.25,1.50
2011.01.19 13:57:29.286,1.34047,1.34077,2.25,2.40
2011.01.19 13:57:29.705,1.34051,1.34082,2.25,2.03
2011.01.19 13:57:31.026,1.34051,1.34081,2.25,2.03
2011.01.19 13:57:31.149,1.34051,1.34082,2.25,2.03
2011.01.19 13:57:31.489,1.34048,1.34077,2.25,2.25
2011.01.19 13:57:31.926,1.34051,1.34072,1.50,1.50
2011.01.19 13:57:32.049,1.34043,1.34076,1.13,1.28
2011.01.19 13:57:32.592,1.34044,1.34076,1.13,1.28
2011.01.19 13:57:32.712,1.34044,1.34077,2.63,1.28
2011.01.19 13:57:32.831,1.34045,1.3408,2.63,2.40
2011.01.19 13:57:32.947,1.34048,1.34086,1.50,1.50
2011.01.19 13:57:33.381,1.34052,1.34083,2.63,1.50
2011.01.19 13:57:33.493,1.34048,1.34083,2.63,1.50
2011.01.19 13:57:34.363,1.34054,1.34083,2.40,1.50
2011.01.19 13:57:34.479,1.34057,1.34083,2.63,2.18
2011.01.19 13:57:35.401,1.34046,1.34076,2.25,1.28
2011.01.19 13:57:35.521,1.34049,1.34076,1.50,1.65
2011.01.19 13:57:35.742,1.34052,1.34076,1.50,1.65
2011.01.19 13:57:36.350,1.34052,1.34084,1.50,1.50
2011.01.19 13:57:36.464,1.34052,1.34084,1.50,1.50
2011.01.19 13:57:37.233,1.34051,1.34087,2.63,1.28
2011.01.19 13:57:37.568,1.34062,1.3409,1.50,1.50
2011.01.19 13:57:38.121,1.3406,1.3409,3.38,1.50
2011.01.19 13:57:38.348,1.3406,1.3409,3.38,1.50
2011.01.19 13:57:38.883,1.34058,1.34086,2.25,1.50
2011.01.19 13:57:39.215,1.34074,1.34086,1.69,1.50
2011.01.19 13:57:39.447,1.34076,1.34104,1.28,1.50
2011.01.19 13:57:39.842,1.34075,1.34104,1.50,2.03
2011.01.19 13:57:39.969,1.34078,1.34102,1.88,1.50
2011.01.19 13:57:40.615,1.34079,1.34106,1.50,1.50
2011.01.19 13:57:40.726,1.34081,1.34106,1.50,1.50
2011.01.19 13:57:41.064,1.34084,1.34107,1.50,1.50
2011.01.19 13:57:41.186,1.34093,1.34117,1.50,1.50
2011.01.19 13:57:42.044,1.34092,1.34117,1.50,1.50
2011.01.19 13:57:42.265,1.34089,1.34116,3.15,1.28
2011.01.19 13:57:42.389,1.34092,1.34117,1.50,1.50
2011.01.19 13:57:42.504,1.3409,1.34118,1.50,1.50
2011.01.19 13:57:43.103,1.34096,1.34113,2.44,1.50
2011.01.19 13:57:43.325,1.34104,1.3412,1.50,1.88
2011.01.19 13:57:43.444,1.34101,1.34123,1.50,1.65
2011.01.19 13:57:43.910,1.34101,1.34133,1.50,1.50
2011.01.19 13:57:44.026,1.34101,1.34128,1.50,1.50
2011.01.19 13:57:44.593,1.34099,1.34128,2.25,1.50
2011.01.19 13:57:45.010,1.34095,1.34119,1.50,1.50
2011.01.19 13:57:45.129,1.34093,1.34119,1.50,1.50
2011.01.19 13:57:45.910,1.3409,1.34119,1.50,1.50
2011.01.19 13:57:46.513,1.34095,1.34119,1.50,1.50
2011.01.19 13:57:47.045,1.34095,1.34122,1.50,1.50
2011.01.19 13:57:47.281,1.34107,1.34122,1.28,1.50
2011.01.19 13:57:47.510,1.34106,1.34134,2.03,1.50
2011.01.19 13:57:47.628,1.34103,1.34131,3.38,1.28
2011.01.19 13:57:47.951,1.34103,1.34129,3.38,1.50
2011.01.19 13:57:48.524,1.34102,1.34129,1.50,1.50
2011.01.19 13:57:49.382,1.341,1.34129,1.50,1.50
2011.01.19 13:57:49.603,1.34097,1.34129,1.50,1.50
2011.01.19 13:57:50.003,1.34097,1.34125,1.50,1.50
2011.01.19 13:57:50.312,1.34094,1.34125,2.25,1.50
2011.01.19 13:57:50.422,1.34094,1.34124,2.25,1.50
2011.01.19 13:57:51.033,1.34091,1.34124,2.25,1.50
2011.01.19 13:57:51.151,1.34091,1.34124,2.25,3.15
2011.01.19 13:57:51.263,1.34092,1.34121,1.50,1.50
2011.01.19 13:57:51.636,1.34088,1.34118,2.25,1.65
2011.01.19 13:57:52.185,1.3409,1.34121,2.25,1.50
2011.01.19 13:57:52.852,1.34091,1.34119,1.50,1.28
2011.01.19 13:57:53.462,1.34089,1.3412,2.25,2.40
2011.01.19 13:57:53.684,1.34086,1.34119,2.25,3.15
2011.01.19 13:57:53.793,1.34086,1.34117,2.25,1.50
2011.01.19 13:57:54.726,1.34087,1.34117,1.50,1.50
2011.01.19 13:57:55.068,1.34091,1.3412,4.69,1.28
2011.01.19 13:57:55.185,1.34098,1.34125,2.93,1.50
2011.01.19 13:57:55.412,1.34101,1.34125,1.50,1.50
2011.01.19 13:57:55.805,1.34098,1.34125,1.65,1.50
2011.01.19 13:57:55.928,1.34095,1.34121,1.50,1.50
2011.01.19 13:57:56.042,1.34093,1.34121,1.50,1.50
2011.01.19 13:58:03.412,1.34086,1.34115,1.50,1.28
2011.01.19 13:58:03.527,1.3409,1.34117,1.50,1.50
2011.01.19 13:58:03.647,1.3409,1.34119,1.50,1.50
2011.01.19 13:58:04.484,1.3409,1.3412,1.50,1.50
2011.01.19 13:58:04.593,1.3409,1.34122,2.25,1.50
2011.01.19 13:58:05.157,1.34095,1.34122,1.50,1.50
2011.01.19 13:58:06.773,1.34092,1.34119,1.50,1.50
2011.01.19 13:58:07.247,1.34091,1.34119,1.50,1.50
2011.01.19 13:58:07.983,1.34088,1.34119,2.25,1.50
2011.01.19 13:58:08.095,1.34091,1.34119,1.50,1.50
2011.01.19 13:58:09.373,1.34089,1.34119,1.50,1.50
2011.01.19 13:58:09.604,1.34089,1.34119,2.25,1.50
2011.01.19 13:58:09.933,1.34096,1.34119,3.53,1.50
2011.01.19 13:58:10.522,1.34098,1.34123,1.65,1.50
2011.01.19 13:58:10.644,1.34094,1.34125,1.13,1.50
2011.01.19 13:58:10.758,1.34096,1.34118,1.50,1.50
2011.01.19 13:58:11.400,1.34096,1.34128,2.25,1.50
2011.01.19 13:58:11.515,1.34096,1.34128,2.25,1.50
2011.01.19 13:58:12.059,1.3411,1.34136,1.28,2.40
2011.01.19 13:58:12.180,1.34112,1.34139,1.50,1.50
2011.01.19 13:58:12.847,1.34109,1.34139,2.78,1.50
2011.01.19 13:58:13.343,1.34109,1.34142,2.78,1.50
2011.01.19 13:58:13.563,1.3411,1.34143,2.25,1.50
2011.01.19 13:58:13.784,1.3411,1.34142,2.25,1.50
2011.01.19 13:58:14.339,1.34107,1.34135,1.50,1.50
2011.01.19 13:58:14.825,1.34109,1.34135,1.50,1.50
2011.01.19 13:58:15.234,1.34109,1.34138,1.50,1.50
2011.01.19 13:58:15.363,1.34106,1.34136,2.25,1.28
2011.01.19 13:58:16.541,1.34109,1.34135,1.50,1.28
2011.01.19 13:58:16.882,1.34112,1.34141,2.25,1.50
2011.01.19 13:58:19.184,1.34111,1.34138,1.50,1.50
2011.01.19 13:58:21.483,1.34108,1.34138,2.25,1.50
2011.01.19 13:58:21.595,1.34106,1.34135,1.50,1.50
2011.01.19 13:58:21.937,1.34106,1.34139,2.25,1.50
2011.01.19 13:58:22.057,1.34109,1.34137,2.25,1.28
2011.01.19 13:58:22.175,1.34109,1.34139,2.25,1.50
2011.01.19 13:58:23.722,1.34114,1.34139,1.50,1.50
2011.01.19 13:58:24.733,1.34114,1.34145,2.25,2.03
2011.01.19 13:58:25.451,1.34117,1.34145,1.50,2.03
2011.01.19 13:58:30.072,1.34116,1.34145,2.25,2.03
2011.01.19 13:58:30.403,1.3412,1.34153,2.25,2.40
2011.01.19 13:58:30.740,1.3412,1.34153,2.25,2.40
2011.01.19 13:58:31.608,1.34118,1.34151,2.25,1.50
2011.01.19 13:58:31.952,1.34114,1.34144,2.25,1.50
2011.01.19 13:58:32.063,1.34111,1.34143,2.25,1.50
2011.01.19 13:58:33.027,1.34114,1.34143,1.50,1.50
2011.01.19 13:58:33.147,1.34114,1.34147,2.25,1.50
2011.01.19 13:58:33.584,1.34114,1.34147,2.25,1.50
2011.01.19 13:58:33.704,1.34114,1.34138,1.50,1.50
2011.01.19 13:58:34.342,1.34112,1.34138,1.50,1.50
2011.01.19 13:58:35.660,1.3411,1.34138,1.50,1.50
2011.01.19 13:58:36.574,1.34111,1.34138,1.65,1.50
2011.01.19 13:58:36.966,1.34114,1.34138,1.65,1.50
2011.01.19 13:58:37.678,1.34113,1.34138,1.50,1.50
2011.01.19 13:58:38.314,1.34111,1.34134,1.50,1.50
2011.01.19 13:58:38.422,1.34108,1.34134,1.50,1.50
2011.01.19 13:58:38.641,1.34106,1.34134,3.15,1.50
2011.01.19 13:58:39.319,1.34108,1.34134,1.50,1.50
2011.01.19 13:58:40.118,1.34104,1.34134,2.25,1.50
2011.01.19 13:58:40.241,1.34098,1.34129,3.90,1.50
2011.01.19 13:58:41.049,1.34098,1.34128,3.15,1.50
2011.01.19 13:58:41.173,1.34099,1.34127,1.50,1.50
2011.01.19 13:58:41.505,1.34097,1.34127,1.50,1.50
2011.01.19 13:58:42.143,1.34098,1.34127,1.50,1.50
2011.01.19 13:58:42.477,1.34092,1.34124,3.90,1.50
2011.01.19 13:58:42.596,1.34094,1.34123,2.25,1.28
2011.01.19 13:58:43.129,1.34086,1.34117,2.25,1.50
2011.01.19 13:58:43.254,1.34083,1.34112,2.25,1.28
2011.01.19 13:58:43.478,1.34082,1.34114,1.50,3.90
2011.01.19 13:58:44.220,1.34077,1.34108,1.50,1.50
2011.01.19 13:58:44.875,1.34078,1.34108,1.50,1.50
2011.01.19 13:58:45.403,1.34078,1.34107,2.25,1.50
2011.01.19 13:58:45.893,1.34084,1.34107,1.28,1.50
2011.01.19 13:58:46.119,1.34083,1.34119,2.40,2.63
2011.01.19 13:58:46.571,1.34089,1.3412,1.50,1.50
2011.01.19 13:58:46.906,1.34091,1.3412,2.25,1.50
2011.01.19 13:58:47.793,1.34093,1.34122,1.65,1.50
2011.01.19 13:58:47.904,1.34093,1.34123,1.65,1.50
2011.01.19 13:58:48.013,1.34095,1.34125,2.25,1.50
2011.01.19 13:58:48.377,1.34095,1.34126,2.25,1.50
2011.01.19 13:58:48.605,1.34098,1.34128,1.50,1.50
2011.01.19 13:58:49.265,1.34098,1.34129,2.25,2.03
2011.01.19 13:58:49.822,1.34098,1.34128,1.50,1.50
2011.01.19 13:58:50.212,1.34098,1.34125,1.50,1.50
2011.01.19 13:58:51.377,1.34091,1.34123,3.90,1.28
2011.01.19 13:58:51.495,1.34096,1.3412,1.50,1.50
2011.01.19 13:58:52.008,1.34093,1.3412,2.40,1.50
2011.01.19 13:58:53.058,1.34085,1.34117,2.25,1.28
2011.01.19 13:58:53.724,1.34088,1.34115,2.25,1.28
2011.01.19 13:58:54.282,1.34088,1.34115,2.25,1.28
2011.01.19 13:58:54.964,1.3409,1.34115,1.50,1.28
2011.01.19 13:58:55.484,1.3409,1.34115,1.50,1.28
2011.01.19 13:58:56.093,1.3409,1.34114,1.50,1.28
2011.01.19 13:58:56.948,1.3409,1.34115,1.50,1.28
2011.01.19 13:58:57.064,1.34088,1.34115,1.50,1.28
2011.01.19 13:58:57.392,1.34086,1.34115,1.50,1.28
2011.01.19 13:58:57.615,1.34086,1.3411,1.50,1.47
2011.01.19 13:58:58.087,1.34086,1.34107,1.50,1.50
2011.01.19 13:58:58.212,1.34078,1.34105,1.50,1.28
2011.01.19 13:58:59.439,1.34076,1.34104,1.50,1.28
2011.01.19 13:58:59.664,1.34076,1.34103,1.50,1.28
2011.01.19 13:59:00.417,1.34077,1.34102,1.50,1.50
2011.01.19 13:59:00.647,1.34077,1.34105,1.50,1.50
2011.01.19 13:59:01.758,1.34076,1.34105,2.25,1.50
2011.01.19 13:59:03.434,1.34082,1.34108,4.69,1.50
2011.01.19 13:59:03.652,1.34089,1.34114,1.50,1.50
2011.01.19 13:59:03.763,1.34086,1.34121,2.25,1.65
2011.01.19 13:59:03.877,1.3409,1.34117,1.50,1.65
2011.01.19 13:59:04.321,1.34087,1.34122,2.25,1.50
2011.01.19 13:59:04.546,1.34091,1.34123,2.40,1.50
2011.01.19 13:59:07.285,1.34089,1.3412,2.25,1.28
2011.01.19 13:59:07.404,1.34088,1.34116,2.25,1.28
2011.01.19 13:59:07.750,1.34087,1.34112,1.50,1.50
2011.01.19 13:59:07.868,1.34083,1.34112,2.25,1.50
2011.01.19 13:59:08.822,1.34086,1.34112,1.50,1.50
2011.01.19 13:59:09.460,1.34091,1.34124,2.25,1.88
2011.01.19 13:59:09.575,1.34091,1.34115,2.25,2.18
2011.01.19 13:59:10.260,1.34091,1.34108,1.50,1.50
2011.01.19 13:59:10.377,1.34075,1.34108,2.25,1.50
2011.01.19 13:59:13.256,1.34085,1.34108,1.65,1.50
2011.01.19 13:59:13.595,1.34086,1.34119,1.65,1.50
2011.01.19 13:59:14.145,1.34082,1.34116,4.13,1.50
2011.01.19 13:59:14.264,1.34082,1.34115,2.63,1.50
2011.01.19 13:59:14.812,1.34079,1.34112,2.25,1.50
2011.01.19 13:59:17.225,1.34085,1.34112,1.65,1.50
2011.01.19 13:59:18.284,1.34083,1.34112,2.40,1.50
2011.01.19 13:59:18.503,1.34083,1.34117,2.40,1.50
2011.01.19 13:59:20.516,1.34091,1.3412,1.28,1.50
2011.01.19 13:59:20.884,1.34091,1.34124,1.28,1.50
2011.01.19 13:59:21.410,1.34087,1.34123,2.25,2.03
2011.01.19 13:59:21.524,1.34087,1.34122,2.25,1.50
2011.01.19 13:59:22.141,1.34091,1.34122,1.65,1.50
2011.01.19 13:59:22.491,1.34083,1.3411,1.65,1.50
2011.01.19 13:59:23.046,1.34081,1.3411,1.28,1.50
2011.01.19 13:59:23.172,1.34076,1.34106,2.25,1.50
2011.01.19 13:59:24.762,1.34081,1.3411,1.28,1.50
2011.01.19 13:59:25.087,1.3408,1.34107,1.50,1.50
2011.01.19 13:59:25.554,1.34078,1.34106,1.65,1.50
2011.01.19 13:59:25.997,1.34075,1.34106,2.25,1.50
2011.01.19 13:59:26.680,1.34078,1.34107,2.25,1.50
2011.01.19 13:59:28.534,1.34087,1.34107,1.65,1.50
2011.01.19 13:59:28.644,1.34087,1.3411,2.18,1.50
2011.01.19 13:59:28.755,1.34084,1.34112,1.28,1.50
2011.01.19 13:59:28.981,1.3408,1.34112,4.43,1.50
2011.01.19 13:59:30.782,1.34086,1.34115,1.65,1.50
2011.01.19 13:59:30.902,1.34086,1.34117,2.40,1.50
2011.01.19 13:59:31.018,1.34089,1.34117,1.65,1.50
2011.01.19 13:59:31.137,1.34091,1.34121,1.28,1.50
2011.01.19 13:59:31.762,1.34095,1.34124,4.69,1.50
2011.01.19 13:59:31.987,1.34107,1.34133,2.40,1.50
2011.01.19 13:59:32.549,1.34107,1.34133,1.50,2.03
2011.01.19 13:59:32.669,1.34102,1.3413,1.50,1.50
2011.01.19 13:59:34.755,1.34102,1.3413,4.43,1.50
2011.01.19 13:59:34.874,1.34107,1.3413,1.50,1.50
2011.01.19 13:59:35.280,1.34107,1.3414,2.25,1.50
2011.01.19 13:59:35.393,1.34109,1.3414,2.25,1.50
2011.01.19 13:59:36.694,1.3411,1.3414,1.50,1.50
2011.01.19 13:59:37.252,1.3411,1.3414,3.68,1.50
2011.01.19 13:59:37.902,1.34114,1.3414,1.65,1.50
2011.01.19 13:59:38.683,1.3411,1.3414,3.68,1.50
2011.01.19 13:59:39.685,1.3411,1.34137,3.68,1.50
2011.01.19 13:59:40.231,1.34138,1.3415,1.65,1.88
2011.01.19 13:59:40.454,1.34138,1.34164,1.65,1.50
2011.01.19 13:59:40.893,1.34135,1.34164,1.65,1.50
2011.01.19 13:59:41.397,1.34135,1.3416,1.65,1.50
2011.01.19 13:59:42.123,1.34136,1.3416,2.18,1.50
2011.01.19 13:59:42.342,1.34138,1.34164,2.18,1.50
2011.01.19 13:59:42.452,1.34136,1.34164,1.65,1.50
2011.01.19 13:59:42.960,1.34133,1.34164,1.50,1.50
2011.01.19 13:59:43.945,1.34132,1.34164,1.50,1.50
2011.01.19 13:59:45.750,1.34129,1.34164,2.25,1.50
2011.01.19 13:59:46.868,1.34129,1.34164,2.25,1.50
2011.01.19 13:59:47.214,1.34137,1.3416,1.65,1.50
2011.01.19 13:59:48.632,1.34144,1.3416,1.65,1.50
2011.01.19 13:59:48.747,1.34144,1.34164,1.65,1.50
2011.01.19 13:59:49.494,1.34142,1.34158,1.65,1.50
2011.01.19 13:59:50.093,1.34137,1.34158,1.65,1.50
2011.01.19 13:59:50.202,1.34139,1.34158,1.65,1.50
2011.01.19 13:59:50.537,1.34143,1.34153,1.65,2.78
2011.01.19 13:59:50.978,1.34135,1.3415,1.65,1.50
2011.01.19 13:59:51.622,1.34136,1.34147,1.65,1.28
2011.01.19 13:59:51.741,1.3413,1.34147,1.65,1.28
2011.01.19 13:59:52.768,1.34129,1.34147,1.65,1.28
2011.01.19 13:59:52.884,1.34126,1.34147,1.65,1.28
2011.01.19 13:59:52.995,1.34126,1.34144,1.65,2.03
2011.01.19 13:59:53.634,1.34113,1.34144,2.25,2.03
2011.01.19 13:59:53.745,1.34113,1.34144,2.25,1.28
2011.01.19 13:59:54.194,1.34113,1.34134,1.50,1.28
2011.01.19 13:59:54.642,1.34107,1.34134,1.50,1.28
2011.01.19 13:59:55.084,1.34105,1.34135,1.50,2.03
2011.01.19 13:59:55.752,1.34105,1.34135,2.25,1.28
2011.01.19 13:59:55.864,1.34105,1.34135,2.25,1.28
2011.01.19 13:59:56.393,1.34105,1.34135,2.25,2.03
2011.01.19 13:59:56.944,1.34104,1.34134,2.25,1.50
2011.01.19 13:59:57.282,1.34104,1.34135,2.25,1.28
2011.01.19 13:59:58.700,1.34106,1.34135,2.25,1.28
2011.01.19 13:59:59.105,1.34106,1.34131,1.50,1.28
2011.01.19 13:59:59.220,1.34099,1.34133,2.25,1.50
