2016.08.18 02:00:00.187,1.45125,1.4515,1.00,1.56
2016.08.18 02:00:00.238,1.45125,1.4515,1.00,2.06
2016.08.18 02:00:00.340,1.45124,1.45144,1.62,1.00
2016.08.18 02:00:00.436,1.45121,1.45144,1.94,1.00
2016.08.18 02:00:00.488,1.45121,1.45144,1.00,1.69
2016.08.18 02:00:00.539,1.45119,1.45141,1.87,1.00
2016.08.18 02:00:00.590,1.45118,1.45141,1.50,1.56
2016.08.18 02:00:01.205,1.45116,1.45138,1.12,1.00
2016.08.18 02:00:01.285,1.45116,1.4514,2.32,1.00
2016.08.18 02:00:01.336,1.45116,1.4514,3.07,1.00
2016.08.18 02:00:01.492,1.45116,1.45143,3.00,1.31
2016.08.18 02:00:01.545,1.45116,1.45142,2.25,1.25
2016.08.18 02:00:01.649,1.45116,1.45142,2.25,1.69
2016.08.18 02:00:01.985,1.45122,1.45142,1.00,1.00
2016.08.18 02:00:02.037,1.45121,1.45143,1.00,1.50
2016.08.18 02:00:02.241,1.45121,1.45142,1.00,1.00
2016.08.18 02:00:02.344,1.45119,1.45141,1.31,1.00
2016.08.18 02:00:02.920,1.45119,1.45141,1.12,1.00
2016.08.18 02:00:02.972,1.45119,1.45139,1.12,1.00
2016.08.18 02:00:03.176,1.45114,1.4513,1.37,1.00
2016.08.18 02:00:03.228,1.4511,1.4513,2.44,1.00
2016.08.18 02:00:03.279,1.4511,1.45124,1.37,1.00
2016.08.18 02:00:03.331,1.45103,1.45124,3.56,1.00
2016.08.18 02:00:03.382,1.45103,1.45124,2.81,1.00
2016.08.18 02:00:03.433,1.45102,1.45124,3.94,1.00
2016.08.18 02:00:03.484,1.45102,1.45124,3.19,1.00
2016.08.18 02:00:03.779,1.45105,1.45124,1.19,1.00
2016.08.18 02:00:04.395,1.45105,1.45123,1.19,1.00
2016.08.18 02:00:04.499,1.45104,1.45123,2.44,1.00
2016.08.18 02:00:04.551,1.45104,1.45125,2.44,1.00
2016.08.18 02:00:04.909,1.45104,1.45125,2.81,1.00
2016.08.18 02:00:05.115,1.45104,1.45124,3.56,1.00
2016.08.18 02:00:05.268,1.45104,1.45125,3.56,1.50
2016.08.18 02:00:05.518,1.45104,1.45125,4.31,1.50
2016.08.18 02:00:05.569,1.45107,1.45129,1.69,1.00
2016.08.18 02:00:05.672,1.45107,1.45129,1.69,1.00
2016.08.18 02:00:05.774,1.45107,1.45127,1.69,1.00
2016.08.18 02:00:05.831,1.45107,1.45127,1.37,1.00
2016.08.18 02:00:06.164,1.45106,1.45129,2.81,1.00
2016.08.18 02:00:06.215,1.45106,1.45129,3.56,1.00
2016.08.18 02:00:06.367,1.45107,1.45131,1.69,1.50
2016.08.18 02:00:07.415,1.45107,1.45131,2.06,1.50
2016.08.18 02:00:07.517,1.45107,1.45131,2.81,1.50
2016.08.18 02:00:07.568,1.45108,1.4513,1.69,1.12
2016.08.18 02:00:08.139,1.45109,1.4513,1.25,1.00
2016.08.18 02:00:08.190,1.45109,1.4513,1.25,1.00
2016.08.18 02:00:08.241,1.45109,1.4513,1.31,1.00
2016.08.18 02:00:08.557,1.45112,1.45133,1.00,1.00
2016.08.18 02:00:08.715,1.45112,1.45133,1.50,1.00
2016.08.18 02:00:08.969,1.45112,1.45133,1.00,1.00
2016.08.18 02:00:09.071,1.45112,1.45136,1.00,2.06
2016.08.18 02:00:10.014,1.45112,1.45135,1.00,1.56
2016.08.18 02:00:10.167,1.45112,1.45137,1.00,1.56
2016.08.18 02:00:10.676,1.45112,1.45136,1.50,1.56
2016.08.18 02:00:11.204,1.45112,1.45137,1.50,1.56
2016.08.18 02:00:11.255,1.45113,1.45138,1.00,2.81
2016.08.18 02:00:11.307,1.45113,1.45138,1.00,2.06
2016.08.18 02:00:11.460,1.45112,1.45137,2.25,2.06
2016.08.18 02:00:12.284,1.45112,1.45135,1.50,1.31
2016.08.18 02:00:12.336,1.45112,1.45135,1.00,1.31
2016.08.18 02:00:12.489,1.45112,1.45135,1.00,1.31
2016.08.18 02:00:12.591,1.45113,1.45136,1.00,1.56
2016.08.18 02:00:13.631,1.45113,1.45136,1.00,1.56
2016.08.18 02:00:15.068,1.45114,1.45137,1.00,1.56
2016.08.18 02:00:15.375,1.45113,1.45136,1.00,1.56
2016.08.18 02:00:15.634,1.45113,1.45136,1.00,1.31
2016.08.18 02:00:16.601,1.45111,1.45135,2.44,1.00
2016.08.18 02:00:16.807,1.45111,1.45135,1.69,1.00
2016.08.18 02:00:16.960,1.45111,1.45135,1.25,1.50
2016.08.18 02:00:17.268,1.45111,1.45135,1.69,1.00
2016.08.18 02:00:17.749,1.45111,1.45135,3.19,1.00
2016.08.18 02:00:17.803,1.45112,1.45135,1.50,1.00
2016.08.18 02:00:18.238,1.45111,1.45135,2.81,1.00
2016.08.18 02:00:18.340,1.45111,1.45135,3.19,1.00
2016.08.18 02:00:18.494,1.45113,1.45135,1.00,1.00
2016.08.18 02:00:18.597,1.45113,1.45132,1.25,1.00
2016.08.18 02:00:19.276,1.4511,1.45135,1.00,2.06
2016.08.18 02:00:19.328,1.45109,1.45135,1.50,2.06
2016.08.18 02:00:19.379,1.45109,1.45135,1.00,3.56
2016.08.18 02:00:19.431,1.45107,1.45133,2.81,1.50
2016.08.18 02:00:19.482,1.45107,1.45131,2.81,1.00
2016.08.18 02:00:19.534,1.45107,1.45131,1.31,1.00
2016.08.18 02:00:19.585,1.45107,1.45133,1.25,2.25
2016.08.18 02:00:20.019,1.45107,1.45133,1.19,2.25
2016.08.18 02:00:20.427,1.45107,1.45131,1.69,1.75
2016.08.18 02:00:20.834,1.45106,1.45131,1.19,1.75
2016.08.18 02:00:20.886,1.45106,1.45131,1.19,1.87
2016.08.18 02:00:21.249,1.45103,1.45126,1.94,1.00
2016.08.18 02:00:21.351,1.45103,1.45126,1.31,1.00
2016.08.18 02:00:21.504,1.45104,1.45126,1.19,1.00
2016.08.18 02:00:23.224,1.45102,1.45124,2.06,1.00
2016.08.18 02:00:23.275,1.45102,1.45124,2.06,1.00
2016.08.18 02:00:23.327,1.45102,1.45124,1.56,1.00
2016.08.18 02:00:23.429,1.451,1.45124,2.44,1.00
2016.08.18 02:00:23.711,1.45101,1.45123,1.69,1.00
2016.08.18 02:00:23.916,1.45102,1.45126,1.56,1.00
2016.08.18 02:00:24.019,1.45101,1.45127,3.56,1.00
2016.08.18 02:00:24.070,1.45101,1.45127,2.81,1.50
2016.08.18 02:00:24.121,1.45101,1.45125,1.69,1.00
2016.08.18 02:00:24.172,1.45101,1.45125,1.25,1.12
2016.08.18 02:00:24.325,1.45101,1.45125,1.69,1.12
2016.08.18 02:00:24.679,1.45101,1.45125,1.25,1.12
2016.08.18 02:00:24.730,1.45101,1.45124,1.25,1.00
2016.08.18 02:00:25.986,1.45102,1.45124,1.00,1.50
2016.08.18 02:00:26.038,1.45105,1.45125,1.00,1.00
2016.08.18 02:00:26.104,1.45105,1.45125,1.00,1.00
2016.08.18 02:00:26.206,1.45105,1.45125,1.50,1.00
2016.08.18 02:00:26.257,1.45104,1.45125,1.75,1.00
2016.08.18 02:00:26.308,1.45103,1.45125,1.19,1.00
2016.08.18 02:00:26.359,1.45104,1.45127,1.25,1.00
2016.08.18 02:00:26.410,1.45104,1.45127,1.31,1.00
2016.08.18 02:00:26.461,1.45108,1.45127,1.00,1.00
2016.08.18 02:00:26.564,1.45108,1.45132,1.00,1.50
2016.08.18 02:00:27.234,1.45106,1.45132,3.19,1.50
2016.08.18 02:00:27.438,1.45106,1.45131,1.69,1.00
2016.08.18 02:00:27.490,1.45106,1.45131,1.56,1.00
2016.08.18 02:00:27.541,1.45107,1.45131,1.56,1.50
2016.08.18 02:00:28.314,1.45107,1.45131,1.25,1.50
2016.08.18 02:00:28.534,1.45107,1.45128,1.00,1.00
2016.08.18 02:00:29.065,1.45107,1.45129,1.00,1.00
2016.08.18 02:00:29.411,1.45109,1.45132,1.00,2.25
2016.08.18 02:00:29.462,1.45109,1.45132,1.12,1.50
2016.08.18 02:00:30.152,1.45108,1.4513,1.37,1.00
2016.08.18 02:00:30.356,1.45107,1.4513,1.50,1.00
2016.08.18 02:00:30.846,1.45107,1.45131,1.50,1.50
2016.08.18 02:00:31.828,1.45107,1.45131,1.50,1.00
2016.08.18 02:00:32.729,1.45107,1.45131,1.50,1.50
2016.08.18 02:00:33.129,1.45107,1.45131,1.50,1.00
2016.08.18 02:00:34.032,1.45107,1.4513,1.50,1.00
2016.08.18 02:00:34.388,1.45106,1.45129,1.75,1.00
2016.08.18 02:00:35.377,1.45106,1.45129,1.75,1.37
2016.08.18 02:00:35.428,1.451,1.45121,1.12,1.00
2016.08.18 02:00:35.479,1.45097,1.4512,2.06,1.00
2016.08.18 02:00:35.531,1.45097,1.4512,1.12,1.00
2016.08.18 02:00:35.582,1.45095,1.45119,1.50,1.12
2016.08.18 02:00:35.633,1.45095,1.45119,1.00,1.12
2016.08.18 02:00:35.837,1.45096,1.45119,1.00,1.12
2016.08.18 02:00:35.911,1.45096,1.4512,1.69,1.75
2016.08.18 02:00:35.962,1.45094,1.45121,2.06,2.25
2016.08.18 02:00:36.239,1.45096,1.45123,1.19,3.75
2016.08.18 02:00:36.294,1.45097,1.45123,1.56,1.50
2016.08.18 02:00:36.345,1.45097,1.45123,1.25,1.50
2016.08.18 02:00:36.447,1.45097,1.45122,1.25,1.37
2016.08.18 02:00:36.754,1.45096,1.45122,1.31,1.37
2016.08.18 02:00:36.805,1.451,1.45122,1.00,1.87
2016.08.18 02:00:36.857,1.451,1.45121,1.00,1.12
2016.08.18 02:00:36.959,1.45101,1.45122,1.00,1.37
2016.08.18 02:00:37.010,1.45101,1.45122,1.00,1.00
2016.08.18 02:00:37.327,1.451,1.45123,1.31,1.00
2016.08.18 02:00:37.378,1.45101,1.45126,1.31,1.37
2016.08.18 02:00:37.430,1.45101,1.45126,1.19,1.37
2016.08.18 02:00:37.481,1.45102,1.45126,1.25,1.87
2016.08.18 02:00:37.585,1.45102,1.45124,1.25,1.00
2016.08.18 02:00:37.643,1.45102,1.45124,1.25,1.75
2016.08.18 02:00:37.694,1.451,1.45124,2.06,2.25
2016.08.18 02:00:37.768,1.451,1.45124,1.31,2.25
2016.08.18 02:00:37.974,1.451,1.45124,1.31,1.75
2016.08.18 02:00:38.740,1.451,1.45124,1.25,1.75
2016.08.18 02:00:38.945,1.451,1.45124,1.00,1.75
2016.08.18 02:00:38.996,1.451,1.45123,1.00,1.50
2016.08.18 02:00:39.047,1.451,1.45122,1.00,1.12
2016.08.18 02:00:39.301,1.45097,1.45122,1.87,1.87
2016.08.18 02:00:40.868,1.45097,1.45121,1.87,1.00
2016.08.18 02:00:41.094,1.45097,1.45121,1.12,1.00
2016.08.18 02:00:41.196,1.45097,1.45119,1.12,1.00
2016.08.18 02:00:41.770,1.45097,1.45119,1.12,1.00
2016.08.18 02:00:43.058,1.45097,1.45117,1.12,1.00
2016.08.18 02:00:43.109,1.45095,1.45117,1.69,1.00
2016.08.18 02:00:43.160,1.45095,1.45118,1.50,1.12
2016.08.18 02:00:43.262,1.45095,1.45118,1.50,1.12
2016.08.18 02:00:43.568,1.45095,1.45117,1.50,1.00
2016.08.18 02:00:44.560,1.45095,1.45116,1.50,1.00
2016.08.18 02:00:46.217,1.45096,1.45116,1.00,1.00
2016.08.18 02:00:46.268,1.45097,1.45118,1.00,1.12
2016.08.18 02:00:46.320,1.45097,1.45118,1.12,1.00
2016.08.18 02:00:46.473,1.45096,1.45119,2.44,1.00
2016.08.18 02:00:46.525,1.45096,1.45119,3.19,1.00
2016.08.18 02:00:46.576,1.45098,1.45119,1.00,1.00
2016.08.18 02:00:46.627,1.45098,1.45119,1.00,1.19
2016.08.18 02:00:46.899,1.45098,1.45119,1.00,1.12
2016.08.18 02:00:46.951,1.45099,1.4512,1.00,1.37
2016.08.18 02:00:47.309,1.45094,1.45115,1.69,1.00
2016.08.18 02:00:47.360,1.45091,1.45115,2.06,1.00
2016.08.18 02:00:47.411,1.45092,1.45114,1.19,1.00
2016.08.18 02:00:47.462,1.45092,1.45114,1.00,1.00
2016.08.18 02:00:47.513,1.45091,1.45113,1.25,1.12
2016.08.18 02:00:47.923,1.45091,1.45113,1.25,1.12
2016.08.18 02:00:47.978,1.4509,1.45111,1.69,1.00
2016.08.18 02:00:48.030,1.4509,1.45111,1.19,1.00
2016.08.18 02:00:48.558,1.4509,1.45107,1.31,1.00
2016.08.18 02:00:48.609,1.45085,1.45106,2.44,1.00
2016.08.18 02:00:48.660,1.45085,1.45106,1.19,1.00
2016.08.18 02:00:49.083,1.45085,1.45106,1.69,1.00
2016.08.18 02:00:49.411,1.45085,1.45106,1.19,1.00
2016.08.18 02:00:50.155,1.45085,1.45106,1.19,1.00
2016.08.18 02:00:50.257,1.45085,1.45106,1.31,1.00
2016.08.18 02:00:50.663,1.45086,1.45107,1.25,1.00
2016.08.18 02:00:50.855,1.45086,1.45107,1.31,1.00
2016.08.18 02:00:50.958,1.45086,1.45107,1.56,1.00
2016.08.18 02:00:51.110,1.45086,1.45107,1.56,1.00
2016.08.18 02:00:51.212,1.45087,1.45108,1.69,1.00
2016.08.18 02:00:51.263,1.45087,1.45108,2.06,1.00
2016.08.18 02:00:51.314,1.45087,1.45108,1.69,1.00
2016.08.18 02:00:51.365,1.45087,1.45108,1.56,1.00
2016.08.18 02:00:52.572,1.45087,1.45108,1.56,1.00
2016.08.18 02:00:52.641,1.45088,1.45109,1.56,1.00
2016.08.18 02:00:53.750,1.45088,1.45109,1.69,1.00
2016.08.18 02:00:54.159,1.45088,1.45109,1.31,1.00
2016.08.18 02:00:54.261,1.45088,1.45109,1.12,1.00
2016.08.18 02:00:54.414,1.45086,1.45108,2.00,1.00
2016.08.18 02:00:57.079,1.45087,1.45109,1.50,1.00
2016.08.18 02:00:57.141,1.45087,1.45108,1.69,1.00
2016.08.18 02:00:57.765,1.45087,1.45108,1.69,1.00
2016.08.18 02:00:58.524,1.45087,1.45108,1.69,1.00
2016.08.18 02:00:59.611,1.45087,1.45108,2.06,1.00
2016.08.18 02:01:00.466,1.45087,1.45108,2.44,1.00
2016.08.18 02:01:02.336,1.45088,1.45104,1.19,1.00
2016.08.18 02:01:02.388,1.45084,1.45104,2.81,1.00
2016.08.18 02:01:02.439,1.45084,1.45104,2.44,1.00
2016.08.18 02:01:02.490,1.45084,1.45104,2.06,1.00
2016.08.18 02:01:02.761,1.45084,1.45105,2.44,1.00
2016.08.18 02:01:02.813,1.45084,1.45104,1.56,1.00
2016.08.18 02:01:02.911,1.45084,1.45104,1.94,1.00
2016.08.18 02:01:02.963,1.45084,1.45104,2.06,1.00
2016.08.18 02:01:03.281,1.45084,1.45104,1.31,1.00
2016.08.18 02:01:03.350,1.45084,1.45105,1.94,1.00
2016.08.18 02:01:03.402,1.45084,1.45105,1.94,1.00
2016.08.18 02:01:03.776,1.45084,1.45105,2.81,1.00
2016.08.18 02:01:03.827,1.45085,1.45106,1.69,1.00
2016.08.18 02:01:07.203,1.45084,1.45105,1.94,1.00
2016.08.18 02:01:07.408,1.45084,1.45105,1.94,1.00
2016.08.18 02:01:07.459,1.45085,1.45105,1.56,1.00
2016.08.18 02:01:07.663,1.45085,1.45105,1.31,1.00
2016.08.18 02:01:07.815,1.45085,1.45106,2.06,1.00
2016.08.18 02:01:09.401,1.45085,1.45106,1.69,1.00
2016.08.18 02:01:10.544,1.45084,1.45105,1.62,1.00
2016.08.18 02:01:10.596,1.45084,1.45105,1.25,1.00
2016.08.18 02:01:10.750,1.45083,1.45104,1.31,1.00
2016.08.18 02:01:11.317,1.4508,1.451,1.31,1.00
2016.08.18 02:01:11.368,1.4508,1.451,1.31,1.00
2016.08.18 02:01:11.419,1.4508,1.451,1.31,1.12
2016.08.18 02:01:11.521,1.45078,1.451,1.31,1.12
2016.08.18 02:01:11.674,1.45077,1.451,2.06,1.12
2016.08.18 02:01:11.725,1.45077,1.451,1.69,1.12
2016.08.18 02:01:12.830,1.45077,1.451,1.69,1.12
2016.08.18 02:01:12.881,1.45077,1.451,1.56,1.12
2016.08.18 02:01:15.925,1.45077,1.45098,1.56,1.00
2016.08.18 02:01:15.991,1.45077,1.45098,2.06,1.00
2016.08.18 02:01:16.337,1.45078,1.45099,1.56,1.00
2016.08.18 02:01:16.389,1.45078,1.45099,1.31,1.00
2016.08.18 02:01:18.311,1.45077,1.45101,1.56,1.50
2016.08.18 02:01:19.480,1.45077,1.45101,1.56,1.50
2016.08.18 02:01:19.737,1.45077,1.45099,1.56,1.00
2016.08.18 02:01:20.280,1.45077,1.45098,1.56,1.00
2016.08.18 02:01:23.219,1.45075,1.45091,1.12,1.00
2016.08.18 02:01:23.270,1.45072,1.45091,1.00,1.00
2016.08.18 02:01:23.773,1.45072,1.45092,1.00,1.00
2016.08.18 02:01:24.102,1.45073,1.45092,1.87,1.00
2016.08.18 02:01:24.153,1.45077,1.45097,1.00,1.87
2016.08.18 02:01:24.205,1.45077,1.45097,1.00,1.50
2016.08.18 02:01:24.256,1.4508,1.45097,1.00,1.00
2016.08.18 02:01:24.307,1.4508,1.45098,1.00,1.00
2016.08.18 02:01:24.709,1.45073,1.45092,1.00,1.00
2016.08.18 02:01:25.255,1.45074,1.45092,1.00,1.00
2016.08.18 02:01:25.830,1.45075,1.45094,1.00,1.00
2016.08.18 02:01:25.932,1.45075,1.45096,1.00,1.12
2016.08.18 02:01:26.163,1.45078,1.45096,1.00,1.12
2016.08.18 02:01:26.700,1.45077,1.45096,1.00,1.12
2016.08.18 02:01:27.438,1.45078,1.45096,1.00,1.12
2016.08.18 02:01:28.952,1.45075,1.45096,1.00,1.12
2016.08.18 02:01:29.055,1.45073,1.45096,2.25,1.12
2016.08.18 02:01:29.850,1.45071,1.45091,1.00,1.00
2016.08.18 02:01:29.902,1.4507,1.45091,1.50,1.00
2016.08.18 02:01:29.954,1.45068,1.45089,1.00,1.00
2016.08.18 02:01:31.056,1.45071,1.45092,1.00,1.12
2016.08.18 02:01:31.464,1.45074,1.45095,1.00,1.12
2016.08.18 02:01:32.648,1.45076,1.45099,1.00,1.75
2016.08.18 02:01:32.700,1.45076,1.45099,1.50,1.50
2016.08.18 02:01:32.751,1.45078,1.45099,1.00,1.50
2016.08.18 02:01:32.853,1.45079,1.45098,1.00,1.00
2016.08.18 02:01:33.710,1.45079,1.45097,1.00,1.00
2016.08.18 02:01:33.761,1.45077,1.45097,1.00,1.00
2016.08.18 02:01:34.281,1.45078,1.45097,1.00,1.00
2016.08.18 02:01:34.434,1.45078,1.45099,1.00,1.00
2016.08.18 02:01:35.538,1.45078,1.45098,1.00,1.00
2016.08.18 02:01:36.789,1.45077,1.45098,1.00,1.50
2016.08.18 02:01:37.338,1.45077,1.45098,1.50,1.50
2016.08.18 02:01:37.391,1.45078,1.45098,1.00,1.00
2016.08.18 02:01:37.948,1.45079,1.45098,1.00,1.00
2016.08.18 02:01:38.313,1.45079,1.451,1.00,1.00
2016.08.18 02:01:38.867,1.4508,1.45101,1.00,1.87
2016.08.18 02:01:40.056,1.45076,1.45096,1.87,1.00
2016.08.18 02:01:40.108,1.45076,1.45096,1.12,1.50
2016.08.18 02:01:40.160,1.45075,1.45096,2.25,1.00
2016.08.18 02:01:40.264,1.45074,1.45094,1.37,1.00
2016.08.18 02:01:40.316,1.45074,1.45094,1.00,1.00
2016.08.18 02:01:40.367,1.45073,1.45094,1.50,1.00
2016.08.18 02:01:40.469,1.45075,1.45096,1.00,1.50
2016.08.18 02:01:40.520,1.45075,1.45096,1.00,1.00
2016.08.18 02:01:40.825,1.45075,1.45096,1.50,1.00
2016.08.18 02:01:41.419,1.45075,1.45097,1.50,1.00
2016.08.18 02:01:41.724,1.45077,1.45097,1.00,1.00
2016.08.18 02:01:41.775,1.45077,1.45097,1.50,1.00
2016.08.18 02:01:42.470,1.4508,1.45097,1.00,1.00
2016.08.18 02:01:43.861,1.4508,1.45097,1.00,1.31
2016.08.18 02:01:44.043,1.4508,1.45097,1.00,1.00
2016.08.18 02:01:45.859,1.45077,1.45097,3.00,1.00
2016.08.18 02:01:45.911,1.45077,1.45097,2.25,1.00
2016.08.18 02:01:45.962,1.45075,1.45096,1.75,1.50
2016.08.18 02:01:46.060,1.45075,1.45096,1.00,1.56
2016.08.18 02:01:46.368,1.45075,1.45096,1.00,2.06
2016.08.18 02:01:46.826,1.45075,1.45096,1.50,2.06
2016.08.18 02:01:46.877,1.45084,1.45096,1.00,1.00
2016.08.18 02:01:46.928,1.45085,1.45104,1.00,3.56
2016.08.18 02:01:46.979,1.45088,1.45104,1.00,2.25
2016.08.18 02:01:47.031,1.45088,1.45109,1.50,1.50
2016.08.18 02:01:47.082,1.45091,1.4511,1.00,1.75
2016.08.18 02:01:47.133,1.45091,1.45112,1.00,1.37
2016.08.18 02:01:47.184,1.45092,1.45113,1.00,1.69
2016.08.18 02:01:47.235,1.45092,1.45113,1.00,1.25
2016.08.18 02:01:47.286,1.45092,1.45113,1.00,1.00
2016.08.18 02:01:47.439,1.45092,1.45114,1.19,1.87
2016.08.18 02:01:47.811,1.45093,1.45114,1.25,1.12
2016.08.18 02:01:47.909,1.45096,1.45117,1.25,1.12
2016.08.18 02:01:47.960,1.45096,1.45117,1.25,1.00
2016.08.18 02:01:48.266,1.45096,1.45117,1.31,1.00
2016.08.18 02:01:49.975,1.45097,1.45118,1.25,1.00
2016.08.18 02:01:50.132,1.45097,1.45118,1.25,1.50
2016.08.18 02:01:50.285,1.45097,1.45118,1.00,1.50
2016.08.18 02:01:50.387,1.45095,1.45116,1.12,1.00
2016.08.18 02:01:50.438,1.45095,1.45116,1.12,1.12
2016.08.18 02:01:50.489,1.45095,1.45116,1.00,1.50
2016.08.18 02:01:54.601,1.45095,1.45116,1.87,1.37
2016.08.18 02:01:54.653,1.45102,1.45123,1.00,2.25
2016.08.18 02:01:54.806,1.451,1.45121,1.00,1.12
2016.08.18 02:01:54.857,1.451,1.45121,1.00,2.06
2016.08.18 02:01:54.909,1.45099,1.4512,1.00,1.50
2016.08.18 02:01:55.011,1.45098,1.45119,1.00,1.00
2016.08.18 02:01:55.113,1.45098,1.45118,1.00,1.00
2016.08.18 02:01:55.164,1.45098,1.45118,1.00,1.25
2016.08.18 02:01:55.215,1.45096,1.45114,1.00,1.00
2016.08.18 02:01:55.515,1.45103,1.4512,1.00,1.37
2016.08.18 02:01:55.568,1.45103,1.45122,1.00,1.75
2016.08.18 02:01:55.620,1.45103,1.45122,1.00,1.37
2016.08.18 02:01:55.672,1.45103,1.45122,1.00,1.00
2016.08.18 02:01:55.776,1.45103,1.45124,1.00,2.81
2016.08.18 02:01:55.879,1.45103,1.45123,1.00,1.12
2016.08.18 02:01:56.084,1.45103,1.45124,1.00,1.50
2016.08.18 02:01:56.237,1.45103,1.45124,1.00,2.25
2016.08.18 02:01:56.685,1.45102,1.45121,1.00,1.00
2016.08.18 02:01:58.903,1.45101,1.45121,1.00,1.00
2016.08.18 02:01:58.954,1.45101,1.45122,1.00,1.00
2016.08.18 02:01:59.005,1.45099,1.4512,1.00,1.00
2016.08.18 02:01:59.325,1.45099,1.4512,1.00,1.50
2016.08.18 02:01:59.376,1.45099,1.4512,1.00,1.12
2016.08.18 02:01:59.941,1.45099,1.4512,1.00,1.12
2016.08.18 02:02:00.000,1.45097,1.45121,1.50,1.50
2016.08.18 02:02:00.052,1.45097,1.45122,1.87,1.75
2016.08.18 02:02:00.103,1.45102,1.45123,1.00,1.75
2016.08.18 02:02:00.154,1.45102,1.4512,1.00,1.75
2016.08.18 02:02:00.256,1.45102,1.45121,1.00,1.37
2016.08.18 02:02:00.569,1.45101,1.45121,1.00,1.50
2016.08.18 02:02:00.621,1.451,1.45121,1.00,2.25
2016.08.18 02:02:00.723,1.45099,1.4512,1.00,1.12
2016.08.18 02:02:00.978,1.45099,1.45117,1.00,1.00
2016.08.18 02:02:02.270,1.45099,1.4512,1.00,1.87
2016.08.18 02:02:02.615,1.45098,1.45119,1.00,1.00
2016.08.18 02:02:03.311,1.45096,1.45118,1.00,1.50
2016.08.18 02:02:03.363,1.45095,1.45116,1.00,1.00
2016.08.18 02:02:03.414,1.45095,1.45116,1.00,1.50
2016.08.18 02:02:03.465,1.45095,1.45116,1.00,1.00
2016.08.18 02:02:03.517,1.45095,1.45116,1.00,1.12
2016.08.18 02:02:03.772,1.45095,1.45113,1.00,1.00
2016.08.18 02:02:04.169,1.45095,1.45115,1.00,1.00
2016.08.18 02:02:04.721,1.45093,1.45115,1.00,1.00
2016.08.18 02:02:04.773,1.45093,1.45116,1.00,1.87
2016.08.18 02:02:05.078,1.45093,1.45116,1.50,1.12
2016.08.18 02:02:05.523,1.45095,1.45116,1.00,1.12
2016.08.18 02:02:05.847,1.45094,1.45115,1.00,1.00
2016.08.18 02:02:06.051,1.45094,1.45115,1.50,1.00
2016.08.18 02:02:06.204,1.45094,1.45117,1.50,1.50
2016.08.18 02:02:06.255,1.45094,1.45117,1.00,1.50
2016.08.18 02:02:06.673,1.45094,1.45117,1.00,1.50
2016.08.18 02:02:06.826,1.45094,1.45115,1.00,1.00
2016.08.18 02:02:06.928,1.45093,1.45114,1.00,1.00
2016.08.18 02:02:07.386,1.45093,1.45114,1.00,1.50
2016.08.18 02:02:07.691,1.45093,1.45114,1.00,1.00
2016.08.18 02:02:08.930,1.45095,1.45116,1.00,1.87
2016.08.18 02:02:09.134,1.45095,1.45116,1.00,1.50
2016.08.18 02:02:09.588,1.45097,1.45116,1.00,1.12
2016.08.18 02:02:09.646,1.45093,1.45115,1.00,1.12
2016.08.18 02:02:09.698,1.45092,1.45115,1.00,1.12
2016.08.18 02:02:09.752,1.45091,1.45111,1.00,1.00
2016.08.18 02:02:10.110,1.45091,1.45111,1.50,1.00
2016.08.18 02:02:10.161,1.45095,1.45116,1.00,3.00
2016.08.18 02:02:10.506,1.45095,1.45116,1.00,2.25
2016.08.18 02:02:10.557,1.45095,1.45116,1.00,1.50
2016.08.18 02:02:15.430,1.45095,1.45116,1.00,1.50
2016.08.18 02:02:15.697,1.45095,1.45117,1.00,2.25
2016.08.18 02:02:15.748,1.45095,1.45117,1.19,1.75
2016.08.18 02:02:15.799,1.45095,1.45117,1.19,1.37
2016.08.18 02:02:15.850,1.45095,1.45117,1.19,1.00
2016.08.18 02:02:17.225,1.45099,1.45119,1.00,1.12
2016.08.18 02:02:17.276,1.45099,1.4512,1.00,1.50
2016.08.18 02:02:17.530,1.45096,1.45118,2.06,1.00
2016.08.18 02:02:17.592,1.45096,1.45118,1.62,1.00
2016.08.18 02:02:17.643,1.45097,1.45118,1.50,1.00
2016.08.18 02:02:17.695,1.45097,1.45118,2.06,1.50
2016.08.18 02:02:17.797,1.45097,1.45118,1.69,1.37
2016.08.18 02:02:17.848,1.45099,1.45117,1.00,1.00
2016.08.18 02:02:17.899,1.45099,1.4512,1.00,1.37
2016.08.18 02:02:17.950,1.45099,1.4512,1.00,1.12
2016.08.18 02:02:19.382,1.45099,1.4512,1.19,1.12
2016.08.18 02:02:20.349,1.45098,1.45119,1.25,1.50
2016.08.18 02:02:20.401,1.45098,1.45117,1.00,1.00
2016.08.18 02:02:20.452,1.45095,1.45112,1.25,1.00
2016.08.18 02:02:20.503,1.45092,1.45112,1.12,1.00
2016.08.18 02:02:20.556,1.45091,1.4511,1.00,1.00
2016.08.18 02:02:20.609,1.45089,1.4511,2.81,1.00
2016.08.18 02:02:20.660,1.45089,1.4511,2.06,1.00
2016.08.18 02:02:20.713,1.45089,1.4511,1.31,1.00
2016.08.18 02:02:20.765,1.45089,1.4511,1.25,1.12
2016.08.18 02:02:20.971,1.45088,1.45109,1.31,1.00
2016.08.18 02:02:21.023,1.45088,1.45109,2.06,1.00
2016.08.18 02:02:21.380,1.45087,1.45108,1.25,1.00
2016.08.18 02:02:21.688,1.45087,1.45108,1.25,1.00
2016.08.18 02:02:23.119,1.45087,1.45108,1.25,1.00
2016.08.18 02:02:24.929,1.45084,1.45105,1.69,1.00
2016.08.18 02:02:27.086,1.4509,1.4511,1.00,1.19
2016.08.18 02:02:27.456,1.45093,1.45115,1.00,2.00
2016.08.18 02:02:27.832,1.45093,1.45115,1.00,1.62
2016.08.18 02:02:27.883,1.45093,1.45115,1.25,1.00
2016.08.18 02:02:28.188,1.45093,1.45115,1.25,1.00
2016.08.18 02:02:29.018,1.45093,1.45115,1.25,1.00
2016.08.18 02:02:29.185,1.45093,1.45115,1.00,1.00
2016.08.18 02:02:30.279,1.45093,1.45114,1.00,1.00
2016.08.18 02:02:30.330,1.45093,1.45114,1.00,1.00
2016.08.18 02:02:30.382,1.45093,1.45114,1.00,1.00
2016.08.18 02:02:31.015,1.45094,1.45115,1.00,1.00
2016.08.18 02:02:33.684,1.45096,1.45117,1.00,1.50
2016.08.18 02:02:35.080,1.45095,1.45116,1.00,1.12
2016.08.18 02:02:35.234,1.45095,1.45115,1.00,1.00
2016.08.18 02:02:35.285,1.45092,1.45113,1.00,1.69
2016.08.18 02:02:35.337,1.45092,1.45111,1.00,1.56
2016.08.18 02:02:35.389,1.45087,1.45108,2.25,1.00
2016.08.18 02:02:35.440,1.45087,1.45108,1.50,1.00
2016.08.18 02:02:35.491,1.45088,1.45108,1.12,1.00
2016.08.18 02:02:35.594,1.45087,1.45108,1.00,1.50
2016.08.18 02:02:35.697,1.45087,1.45108,1.00,1.00
2016.08.18 02:02:36.004,1.45088,1.45109,1.00,1.50
2016.08.18 02:02:36.106,1.45084,1.45108,1.69,1.50
2016.08.18 02:02:36.210,1.45084,1.45107,1.69,1.00
2016.08.18 02:02:36.261,1.45084,1.45107,1.62,1.00
2016.08.18 02:02:36.312,1.45084,1.45107,1.25,1.12
2016.08.18 02:02:36.566,1.45084,1.45108,1.25,1.50
2016.08.18 02:02:36.617,1.45084,1.45108,1.31,1.50
2016.08.18 02:02:36.770,1.45084,1.45108,1.69,1.37
2016.08.18 02:02:36.821,1.45085,1.45108,1.12,1.00
2016.08.18 02:02:37.421,1.45087,1.45108,1.00,1.00
2016.08.18 02:02:38.298,1.45086,1.45107,1.00,1.00
2016.08.18 02:02:38.650,1.45086,1.45107,1.00,1.50
2016.08.18 02:02:38.702,1.45085,1.45106,1.00,1.00
2016.08.18 02:02:39.020,1.45089,1.4511,1.00,2.25
2016.08.18 02:02:39.123,1.45088,1.45109,1.00,1.75
2016.08.18 02:02:39.174,1.45088,1.45109,1.00,1.37
2016.08.18 02:02:39.226,1.45088,1.45109,1.00,1.00
2016.08.18 02:02:39.379,1.45088,1.45109,1.00,1.00
2016.08.18 02:02:39.430,1.45088,1.45109,1.00,1.50
2016.08.18 02:02:39.742,1.45086,1.45108,1.25,1.12
2016.08.18 02:02:39.793,1.45085,1.45107,1.00,1.00
2016.08.18 02:02:39.895,1.45085,1.45107,1.00,1.00
2016.08.18 02:02:39.997,1.45085,1.45106,1.00,1.00
2016.08.18 02:02:40.100,1.45085,1.45106,1.00,1.00
2016.08.18 02:02:42.599,1.45091,1.45111,1.00,1.75
2016.08.18 02:02:42.703,1.45092,1.45112,1.25,1.75
2016.08.18 02:02:42.805,1.45093,1.45112,1.00,1.00
2016.08.18 02:02:42.907,1.45092,1.45112,1.25,1.00
2016.08.18 02:02:43.578,1.45092,1.45113,1.25,1.00
2016.08.18 02:02:43.629,1.45092,1.45113,1.25,1.50
2016.08.18 02:02:45.114,1.45091,1.45112,1.31,1.00
2016.08.18 02:02:45.493,1.4509,1.45111,1.56,1.00
2016.08.18 02:02:45.545,1.4509,1.4511,1.56,1.00
2016.08.18 02:02:45.596,1.4509,1.4511,1.00,1.00
2016.08.18 02:02:46.558,1.4509,1.45109,1.00,1.00
2016.08.18 02:02:46.661,1.4509,1.45111,1.00,1.50
2016.08.18 02:02:46.814,1.4509,1.45111,1.00,1.00
2016.08.18 02:02:47.222,1.45089,1.4511,1.12,1.50
2016.08.18 02:02:47.324,1.45087,1.45108,1.50,1.00
2016.08.18 02:02:47.608,1.45087,1.45108,1.37,1.50
2016.08.18 02:02:47.660,1.45087,1.45108,1.00,1.50
2016.08.18 02:02:47.835,1.45086,1.45107,1.12,1.00
2016.08.18 02:02:47.937,1.45086,1.45107,1.00,1.00
2016.08.18 02:02:48.299,1.45085,1.45106,1.25,1.00
2016.08.18 02:02:48.502,1.45085,1.45106,1.00,1.00
2016.08.18 02:02:49.014,1.45085,1.45108,1.00,1.87
2016.08.18 02:02:49.218,1.45085,1.45107,1.00,1.00
2016.08.18 02:02:49.523,1.45085,1.45103,1.00,1.00
2016.08.18 02:02:49.830,1.45087,1.45105,1.00,1.00
2016.08.18 02:02:50.807,1.45087,1.45103,1.00,1.00
2016.08.18 02:02:51.444,1.45087,1.45105,1.00,1.00
2016.08.18 02:02:53.316,1.45087,1.45106,1.00,1.00
2016.08.18 02:02:53.831,1.45087,1.45105,1.00,1.00
2016.08.18 02:02:54.715,1.45086,1.45105,1.00,1.00
2016.08.18 02:02:54.965,1.45086,1.45103,1.00,1.00
2016.08.18 02:03:00.734,1.45086,1.45102,1.00,1.00
2016.08.18 02:03:01.228,1.45092,1.45106,1.00,1.00
2016.08.18 02:03:01.330,1.45089,1.45106,1.00,1.00
2016.08.18 02:03:01.431,1.45091,1.4511,1.00,1.00
2016.08.18 02:03:01.710,1.45092,1.45115,1.00,3.75
2016.08.18 02:03:01.762,1.45092,1.45115,1.00,1.50
2016.08.18 02:03:01.865,1.45092,1.45111,1.00,1.00
2016.08.18 02:03:02.021,1.45093,1.4511,1.25,1.00
2016.08.18 02:03:03.111,1.45093,1.45113,1.25,1.00
2016.08.18 02:03:03.252,1.45093,1.45113,1.00,1.00
2016.08.18 02:03:04.438,1.45095,1.45113,1.00,1.00
2016.08.18 02:03:05.811,1.45094,1.45113,1.25,1.00
2016.08.18 02:03:07.042,1.45094,1.45114,1.25,1.00
2016.08.18 02:03:07.605,1.45094,1.45116,1.00,1.87
2016.08.18 02:03:08.030,1.45094,1.45111,1.19,1.00
2016.08.18 02:03:08.081,1.4509,1.45111,2.06,1.50
2016.08.18 02:03:08.132,1.4509,1.4511,1.31,1.00
2016.08.18 02:03:08.234,1.4509,1.45109,2.06,1.00
2016.08.18 02:03:08.603,1.4509,1.45109,1.62,1.00
2016.08.18 02:03:08.654,1.45088,1.45109,1.56,1.12
2016.08.18 02:03:08.757,1.45088,1.45107,1.56,1.00
2016.08.18 02:03:09.913,1.45088,1.45107,1.31,1.00
2016.08.18 02:03:10.752,1.45087,1.45106,1.56,1.00
2016.08.18 02:03:10.803,1.45086,1.45106,1.56,1.00
2016.08.18 02:03:10.857,1.45087,1.45104,2.06,1.00
2016.08.18 02:03:10.959,1.45086,1.45108,1.25,1.00
2016.08.18 02:03:11.622,1.45086,1.45106,1.31,1.00
2016.08.18 02:03:12.150,1.45088,1.45108,1.00,1.00
2016.08.18 02:03:12.698,1.45088,1.45107,1.12,1.00
2016.08.18 02:03:12.762,1.45089,1.45107,1.00,1.00
2016.08.18 02:03:14.968,1.45089,1.45109,1.00,1.00
2016.08.18 02:03:15.642,1.45089,1.4511,1.00,1.50
2016.08.18 02:03:15.861,1.45091,1.45112,1.00,2.25
2016.08.18 02:03:17.070,1.45091,1.45111,1.00,1.00
2016.08.18 02:03:17.892,1.45091,1.45112,1.25,1.50
2016.08.18 02:03:18.062,1.4509,1.45109,1.19,1.00
2016.08.18 02:03:18.581,1.4509,1.4511,1.19,1.00
2016.08.18 02:03:19.054,1.45091,1.4511,1.25,1.00
2016.08.18 02:03:19.945,1.45091,1.45111,1.25,1.00
2016.08.18 02:03:20.979,1.45098,1.45119,1.00,2.44
2016.08.18 02:03:21.081,1.451,1.45121,1.00,3.94
2016.08.18 02:03:21.135,1.451,1.45121,1.00,2.81
2016.08.18 02:03:21.221,1.451,1.45121,1.00,2.06
2016.08.18 02:03:21.272,1.451,1.45119,1.00,1.00
2016.08.18 02:03:21.375,1.451,1.45122,1.00,2.25
2016.08.18 02:03:21.426,1.451,1.45122,1.00,1.50
2016.08.18 02:03:21.478,1.451,1.45122,1.00,1.00
2016.08.18 02:03:21.582,1.45101,1.45118,1.12,1.00
2016.08.18 02:03:21.858,1.451,1.45121,1.00,1.00
2016.08.18 02:03:21.964,1.451,1.45119,1.00,1.00
2016.08.18 02:03:22.474,1.45101,1.45119,1.00,1.00
2016.08.18 02:03:22.899,1.45101,1.45121,1.00,1.00
2016.08.18 02:03:23.763,1.45101,1.45119,1.00,1.00
2016.08.18 02:03:24.265,1.451,1.45119,1.00,1.00
2016.08.18 02:03:26.195,1.451,1.45121,1.00,1.25
2016.08.18 02:03:27.095,1.451,1.45121,1.00,1.31
2016.08.18 02:03:27.614,1.45101,1.45121,1.00,1.31
2016.08.18 02:03:28.066,1.45101,1.45121,1.00,1.00
2016.08.18 02:03:30.278,1.45101,1.45119,1.00,1.00
2016.08.18 02:03:32.612,1.45101,1.45122,1.00,1.25
2016.08.18 02:03:32.866,1.45101,1.45121,1.00,1.00
2016.08.18 02:03:33.249,1.45101,1.45122,1.00,1.25
2016.08.18 02:03:33.560,1.45101,1.45122,1.00,1.00
2016.08.18 02:03:33.949,1.45103,1.45122,1.00,1.00
2016.08.18 02:03:34.938,1.45105,1.45124,1.00,1.56
2016.08.18 02:03:36.463,1.45105,1.45124,1.00,1.31
2016.08.18 02:03:39.119,1.45105,1.45125,1.00,1.56
2016.08.18 02:03:40.372,1.45105,1.45124,1.00,1.31
2016.08.18 02:03:41.706,1.45104,1.45124,1.00,1.31
2016.08.18 02:03:41.912,1.45103,1.45122,1.00,1.00
2016.08.18 02:03:42.358,1.45103,1.45122,1.00,1.31
2016.08.18 02:03:42.879,1.451,1.45121,1.00,1.69
2016.08.18 02:03:42.931,1.45101,1.45121,1.00,1.25
2016.08.18 02:03:42.984,1.45101,1.45122,1.00,2.06
2016.08.18 02:03:43.036,1.451,1.45121,1.00,1.94
2016.08.18 02:03:43.087,1.451,1.45121,1.00,2.06
2016.08.18 02:03:43.139,1.451,1.45121,1.00,2.30
2016.08.18 02:03:43.241,1.45098,1.45121,1.00,2.25
2016.08.18 02:03:43.292,1.45098,1.45116,1.00,1.00
2016.08.18 02:03:44.237,1.45098,1.45116,1.25,1.00
2016.08.18 02:03:44.740,1.45098,1.45117,1.25,1.00
2016.08.18 02:03:44.912,1.45098,1.45119,1.25,1.00
2016.08.18 02:03:45.116,1.45098,1.45119,1.25,1.50
2016.08.18 02:03:45.735,1.45099,1.45119,1.00,1.00
2016.08.18 02:03:45.786,1.45099,1.4512,1.00,1.87
2016.08.18 02:03:46.081,1.45099,1.45118,1.00,1.00
2016.08.18 02:03:46.782,1.45099,1.45117,1.00,1.00
2016.08.18 02:03:47.190,1.45098,1.45117,1.25,1.00
2016.08.18 02:03:47.720,1.45099,1.45117,1.00,1.00
2016.08.18 02:03:48.974,1.45099,1.45112,1.00,1.00
2016.08.18 02:03:49.025,1.45091,1.45113,2.44,1.00
2016.08.18 02:03:49.077,1.45091,1.45113,2.06,1.00
2016.08.18 02:03:49.129,1.45096,1.45117,1.00,1.87
2016.08.18 02:03:49.182,1.45096,1.45117,1.00,3.00
2016.08.18 02:03:49.235,1.45097,1.45116,1.00,1.37
2016.08.18 02:03:49.288,1.45097,1.45118,1.00,1.87
2016.08.18 02:03:49.340,1.45098,1.45118,1.00,1.12
2016.08.18 02:03:49.392,1.45098,1.45116,1.00,1.00
2016.08.18 02:03:49.790,1.45093,1.45116,1.62,1.87
2016.08.18 02:03:49.841,1.45092,1.45118,1.50,2.25
2016.08.18 02:03:49.995,1.45092,1.45117,1.50,1.12
2016.08.18 02:03:50.046,1.45094,1.45117,1.44,1.12
2016.08.18 02:03:50.098,1.45094,1.45115,1.44,1.00
2016.08.18 02:03:50.149,1.45094,1.45115,1.81,1.00
2016.08.18 02:03:50.200,1.45094,1.45118,1.87,1.00
2016.08.18 02:03:50.353,1.45094,1.45116,1.12,1.00
2016.08.18 02:03:50.664,1.45092,1.45113,1.50,1.00
2016.08.18 02:03:51.032,1.45095,1.45113,1.19,1.00
2016.08.18 02:03:51.134,1.45095,1.45113,1.00,1.00
2016.08.18 02:03:55.640,1.45089,1.45111,2.44,1.50
2016.08.18 02:03:55.691,1.45089,1.45111,1.31,1.50
2016.08.18 02:03:55.742,1.45087,1.45109,1.37,1.05
2016.08.18 02:03:55.793,1.45087,1.45109,1.00,1.05
2016.08.18 02:03:55.844,1.45086,1.45106,1.00,1.00
2016.08.18 02:03:56.543,1.45086,1.45103,1.00,1.00
2016.08.18 02:03:56.943,1.45086,1.45103,1.19,1.00
2016.08.18 02:03:58.144,1.45088,1.45104,1.00,1.00
2016.08.18 02:03:59.165,1.4509,1.45104,1.75,1.00
2016.08.18 02:03:59.216,1.4509,1.45112,1.75,1.00
2016.08.18 02:03:59.472,1.45093,1.45112,1.00,1.00
2016.08.18 02:03:59.524,1.45093,1.4511,1.00,1.00
2016.08.18 02:04:00.028,1.45093,1.45111,1.00,1.00
2016.08.18 02:04:00.239,1.45093,1.45113,1.00,1.00
2016.08.18 02:04:00.355,1.45093,1.45113,1.00,1.05
2016.08.18 02:04:00.406,1.45093,1.45111,1.00,1.00
2016.08.18 02:04:00.458,1.45092,1.45111,1.12,1.00
2016.08.18 02:04:00.509,1.45092,1.45109,1.12,1.00
2016.08.18 02:04:00.894,1.45092,1.45106,1.12,1.00
2016.08.18 02:04:00.945,1.45094,1.45106,1.00,1.00
2016.08.18 02:04:01.474,1.45095,1.45106,1.00,1.00
2016.08.18 02:04:02.264,1.45095,1.45111,1.00,1.00
2016.08.18 02:04:02.316,1.45095,1.45108,1.00,1.00
2016.08.18 02:04:03.721,1.45095,1.45109,1.00,1.00
2016.08.18 02:04:03.823,1.45095,1.45112,1.00,1.00
2016.08.18 02:04:03.976,1.45097,1.45112,1.00,1.00
2016.08.18 02:04:04.354,1.45097,1.45115,1.00,1.00
2016.08.18 02:04:04.876,1.45096,1.45115,1.00,1.00
2016.08.18 02:04:05.937,1.45096,1.45114,1.00,1.00
2016.08.18 02:04:08.390,1.45099,1.45114,1.00,1.00
2016.08.18 02:04:08.731,1.45099,1.45118,1.00,1.00
2016.08.18 02:04:09.242,1.451,1.45118,1.00,1.00
2016.08.18 02:04:09.345,1.451,1.4512,1.00,1.00
2016.08.18 02:04:10.022,1.45101,1.4512,1.00,1.00
2016.08.18 02:04:10.073,1.45101,1.45122,1.00,1.00
2016.08.18 02:04:10.226,1.45101,1.4512,1.00,1.00
2016.08.18 02:04:13.001,1.451,1.4512,1.00,1.00
2016.08.18 02:04:13.306,1.45099,1.45118,1.00,1.00
2016.08.18 02:04:14.468,1.45099,1.45116,1.00,1.00
2016.08.18 02:04:15.738,1.45099,1.45117,1.00,1.00
2016.08.18 02:04:16.367,1.45098,1.45116,1.12,1.00
2016.08.18 02:04:16.905,1.45098,1.45117,1.12,1.00
2016.08.18 02:04:17.222,1.45098,1.45115,1.12,1.00
2016.08.18 02:04:17.273,1.45099,1.45115,1.00,1.00
2016.08.18 02:04:18.411,1.45098,1.45116,1.12,1.00
2016.08.18 02:04:18.473,1.45094,1.45116,2.25,1.00
2016.08.18 02:04:18.524,1.45094,1.45116,1.75,1.00
2016.08.18 02:04:18.677,1.45093,1.45114,2.25,1.00
2016.08.18 02:04:18.728,1.45093,1.45114,2.25,1.00
2016.08.18 02:04:18.780,1.45096,1.45116,1.00,1.00
2016.08.18 02:04:19.171,1.45097,1.45116,1.12,1.00
2016.08.18 02:04:20.759,1.45097,1.45115,1.12,1.00
2016.08.18 02:04:22.085,1.45095,1.45115,1.75,1.00
2016.08.18 02:04:22.401,1.45095,1.45117,2.25,1.50
2016.08.18 02:04:22.452,1.45095,1.45116,2.25,1.00
2016.08.18 02:04:24.945,1.45095,1.45115,2.25,1.00
2016.08.18 02:04:25.098,1.45095,1.45115,1.75,1.00
2016.08.18 02:04:25.201,1.45095,1.45114,1.37,1.00
2016.08.18 02:04:25.252,1.45095,1.45114,1.00,1.00
2016.08.18 02:04:25.303,1.45094,1.45114,1.12,1.00
2016.08.18 02:04:25.697,1.45094,1.45115,1.00,1.00
2016.08.18 02:04:25.748,1.45094,1.45115,1.00,1.50
2016.08.18 02:04:25.799,1.45094,1.45115,1.00,1.00
2016.08.18 02:04:25.953,1.45094,1.45116,1.50,1.50
2016.08.18 02:04:26.004,1.45096,1.45116,1.00,1.00
2016.08.18 02:04:26.161,1.45096,1.45117,1.00,1.25
2016.08.18 02:04:26.931,1.45096,1.45113,1.00,1.00
2016.08.18 02:04:28.543,1.45098,1.45113,1.00,1.00
2016.08.18 02:04:28.651,1.45098,1.45117,1.00,1.25
2016.08.18 02:04:28.753,1.45098,1.45113,1.00,1.00
2016.08.18 02:04:28.908,1.45095,1.45113,1.12,1.00
2016.08.18 02:04:29.215,1.45094,1.45112,1.37,1.00
2016.08.18 02:04:29.543,1.45095,1.45112,1.12,1.00
2016.08.18 02:04:29.707,1.45093,1.45112,1.37,1.00
2016.08.18 02:04:29.759,1.45093,1.45114,1.00,1.31
2016.08.18 02:04:29.810,1.45092,1.45113,1.12,1.00
2016.08.18 02:04:29.861,1.45092,1.45113,1.00,1.56
2016.08.18 02:04:29.912,1.45091,1.45112,1.00,2.06
2016.08.18 02:04:29.963,1.45091,1.45103,1.00,1.00
2016.08.18 02:04:30.014,1.45089,1.45103,1.12,1.00
2016.08.18 02:04:31.479,1.45089,1.45104,1.12,1.00
2016.08.18 02:04:32.778,1.45089,1.45106,1.12,1.00
2016.08.18 02:04:32.863,1.45091,1.45106,1.00,1.00
2016.08.18 02:04:33.411,1.45094,1.45106,1.00,1.00
2016.08.18 02:04:33.464,1.45094,1.45108,1.00,1.00
2016.08.18 02:04:33.823,1.45092,1.45109,1.50,1.00
2016.08.18 02:04:33.874,1.45092,1.45107,1.50,1.00
2016.08.18 02:04:34.720,1.45092,1.45107,1.69,1.00
2016.08.18 02:04:36.011,1.45092,1.45107,2.06,1.00
2016.08.18 02:04:36.513,1.45092,1.45107,2.06,1.00
2016.08.18 02:04:39.999,1.45094,1.45107,1.00,1.00
2016.08.18 02:04:40.068,1.45094,1.45107,1.25,1.00
2016.08.18 02:04:43.777,1.45093,1.45107,1.69,1.00
2016.08.18 02:04:44.235,1.45096,1.45107,1.00,1.00
2016.08.18 02:04:44.337,1.45094,1.45107,1.25,1.00
2016.08.18 02:04:44.490,1.45094,1.45105,1.00,1.00
2016.08.18 02:04:44.595,1.45094,1.45106,1.69,1.00
2016.08.18 02:04:44.647,1.45098,1.45106,1.00,1.00
2016.08.18 02:04:44.979,1.45099,1.45114,1.50,1.00
2016.08.18 02:04:45.031,1.45101,1.45114,1.00,1.00
2016.08.18 02:04:46.953,1.451,1.45114,1.12,1.00
2016.08.18 02:04:48.005,1.451,1.45114,1.69,1.00
2016.08.18 02:04:48.157,1.451,1.45114,1.25,1.00
2016.08.18 02:04:48.208,1.45099,1.45114,1.50,1.00
2016.08.18 02:04:48.310,1.45099,1.45114,1.50,1.00
2016.08.18 02:04:51.325,1.45099,1.45114,2.06,1.00
2016.08.18 02:04:53.264,1.451,1.45114,1.12,1.00
2016.08.18 02:04:54.409,1.451,1.45113,1.12,1.00
2016.08.18 02:04:54.872,1.45098,1.45112,2.06,1.00
2016.08.18 02:04:54.923,1.45098,1.45112,1.31,1.00
2016.08.18 02:04:55.352,1.45098,1.45113,1.31,1.00
2016.08.18 02:04:55.671,1.45098,1.45109,1.31,1.00
2016.08.18 02:04:56.027,1.45098,1.45109,1.00,1.00
2016.08.18 02:04:56.877,1.45098,1.4511,1.00,1.00
2016.08.18 02:04:56.928,1.45098,1.4511,1.12,1.00
2016.08.18 02:04:57.030,1.45098,1.4511,1.00,1.00
2016.08.18 02:04:57.081,1.45098,1.45112,1.00,1.00
2016.08.18 02:04:57.287,1.45095,1.45111,2.06,1.00
2016.08.18 02:04:57.906,1.45098,1.45111,1.00,1.00
2016.08.18 02:04:58.280,1.45098,1.45108,1.00,1.00
2016.08.18 02:04:58.383,1.45098,1.4511,1.00,1.00
2016.08.18 02:04:58.486,1.45098,1.45108,1.00,1.00
2016.08.18 02:05:00.787,1.45098,1.45109,1.00,1.00
2016.08.18 02:05:02.504,1.45098,1.45111,1.00,1.00
2016.08.18 02:05:02.978,1.45098,1.45109,1.00,1.00
2016.08.18 02:05:03.030,1.45098,1.45109,1.31,1.00
2016.08.18 02:05:03.348,1.45097,1.45109,1.00,1.00
2016.08.18 02:05:03.502,1.45097,1.45112,1.00,1.00
2016.08.18 02:05:03.553,1.45097,1.45112,1.00,1.00
2016.08.18 02:05:03.604,1.45096,1.45112,1.12,1.00
2016.08.18 02:05:03.706,1.45096,1.45114,1.31,1.00
2016.08.18 02:05:03.808,1.45097,1.45115,1.00,1.00
2016.08.18 02:05:03.910,1.45098,1.45115,1.00,1.00
2016.08.18 02:05:04.064,1.45098,1.45115,1.00,1.00
2016.08.18 02:05:04.401,1.45098,1.4511,1.00,1.00
2016.08.18 02:05:04.452,1.45093,1.4511,1.25,1.50
2016.08.18 02:05:04.503,1.45092,1.45109,1.62,1.00
2016.08.18 02:05:04.556,1.45089,1.45109,1.56,1.00
2016.08.18 02:05:04.607,1.45089,1.45111,1.31,1.87
2016.08.18 02:05:04.709,1.45089,1.45108,1.31,1.00
2016.08.18 02:05:04.965,1.45089,1.45108,1.31,1.00
2016.08.18 02:05:05.017,1.45092,1.45109,1.31,1.00
2016.08.18 02:05:05.725,1.4509,1.45107,2.81,1.00
2016.08.18 02:05:05.778,1.45092,1.45107,1.56,1.00
2016.08.18 02:05:05.983,1.45091,1.45107,1.56,1.00
2016.08.18 02:05:07.090,1.45091,1.45107,1.00,1.00
2016.08.18 02:05:08.706,1.45091,1.45107,1.00,1.00
2016.08.18 02:05:08.810,1.45092,1.4511,1.00,1.00
2016.08.18 02:05:08.913,1.45091,1.45113,1.00,1.00
2016.08.18 02:05:08.965,1.45091,1.45113,1.50,1.00
2016.08.18 02:05:09.017,1.4509,1.45114,2.25,2.25
2016.08.18 02:05:09.069,1.4509,1.45114,1.50,1.87
2016.08.18 02:05:09.120,1.4509,1.45112,1.37,1.00
2016.08.18 02:05:09.172,1.4509,1.45112,1.75,1.00
2016.08.18 02:05:09.781,1.45086,1.45106,2.25,1.00
2016.08.18 02:05:09.832,1.4507,1.45082,1.75,1.00
2016.08.18 02:05:09.984,1.4507,1.45082,1.50,1.00
2016.08.18 02:05:10.035,1.4507,1.45082,1.50,1.00
2016.08.18 02:05:11.069,1.45068,1.45082,1.75,1.00
2016.08.18 02:05:11.221,1.45067,1.45079,1.75,1.00
2016.08.18 02:05:11.272,1.45067,1.45079,1.12,1.00
2016.08.18 02:05:11.323,1.45065,1.45079,3.00,1.00
2016.08.18 02:05:11.734,1.45065,1.45082,3.00,1.00
2016.08.18 02:05:11.785,1.45065,1.45082,3.75,1.00
2016.08.18 02:05:11.837,1.45067,1.45082,1.37,1.00
2016.08.18 02:05:11.889,1.45067,1.45082,1.75,1.00
2016.08.18 02:05:12.314,1.45067,1.4508,1.75,1.00
2016.08.18 02:05:12.690,1.45067,1.45079,2.25,1.00
2016.08.18 02:05:12.741,1.45067,1.45082,2.25,1.00
2016.08.18 02:05:13.336,1.45067,1.4508,2.25,1.00
2016.08.18 02:05:14.153,1.45068,1.45087,1.75,1.00
2016.08.18 02:05:14.204,1.4507,1.4509,1.50,1.00
2016.08.18 02:05:14.745,1.45071,1.45091,1.12,1.00
2016.08.18 02:05:15.468,1.45071,1.45094,2.62,1.50
2016.08.18 02:05:15.520,1.4508,1.45099,1.00,3.00
2016.08.18 02:05:15.572,1.4508,1.45099,1.50,1.12
2016.08.18 02:05:15.624,1.45082,1.45102,1.00,1.75
2016.08.18 02:05:15.676,1.45082,1.45102,1.00,1.00
2016.08.18 02:05:15.727,1.45082,1.45105,1.00,2.25
2016.08.18 02:05:15.830,1.45083,1.45105,1.00,1.50
2016.08.18 02:05:15.984,1.45083,1.45105,1.00,1.00
2016.08.18 02:05:16.137,1.45081,1.45105,2.25,1.00
2016.08.18 02:05:16.455,1.45081,1.45105,1.12,1.87
2016.08.18 02:05:16.511,1.45081,1.45105,1.00,2.25
2016.08.18 02:05:16.817,1.45081,1.45103,1.00,1.00
2016.08.18 02:05:17.757,1.45081,1.45103,1.50,1.00
2016.08.18 02:05:17.859,1.45081,1.45103,1.00,1.00
2016.08.18 02:05:19.212,1.4508,1.45103,1.00,1.50
2016.08.18 02:05:19.711,1.4508,1.45102,1.00,1.00
2016.08.18 02:05:20.054,1.4508,1.45103,1.00,1.50
2016.08.18 02:05:21.358,1.4508,1.45103,1.50,1.50
2016.08.18 02:05:22.176,1.4508,1.45102,1.50,1.00
2016.08.18 02:05:22.515,1.4508,1.45103,1.50,1.50
2016.08.18 02:05:25.064,1.45081,1.45103,1.00,1.50
2016.08.18 02:05:25.115,1.45081,1.45103,1.00,1.00
2016.08.18 02:05:25.481,1.45081,1.45103,1.00,1.00
2016.08.18 02:05:27.598,1.45081,1.45103,1.00,1.00
2016.08.18 02:05:29.194,1.45082,1.45103,1.00,1.00
2016.08.18 02:05:30.214,1.45082,1.45103,1.00,1.00
2016.08.18 02:05:30.266,1.45082,1.45103,1.12,1.00
2016.08.18 02:05:30.594,1.45082,1.45102,1.00,1.00
2016.08.18 02:05:30.823,1.45082,1.45102,1.00,1.00
2016.08.18 02:05:32.077,1.45082,1.45102,1.56,1.00
2016.08.18 02:05:32.280,1.45081,1.45102,1.94,1.00
2016.08.18 02:05:32.331,1.45081,1.45102,1.56,1.00
2016.08.18 02:05:32.382,1.4508,1.45101,2.44,1.00
2016.08.18 02:05:32.433,1.4508,1.45101,1.69,1.00
2016.08.18 02:05:32.828,1.4508,1.45101,2.44,1.00
2016.08.18 02:05:33.509,1.4508,1.45103,1.69,1.50
2016.08.18 02:05:34.335,1.4508,1.45103,2.44,1.50
2016.08.18 02:05:34.386,1.45082,1.45103,1.56,1.50
2016.08.18 02:05:35.341,1.45082,1.45103,1.56,1.00
2016.08.18 02:05:35.451,1.45082,1.45103,1.56,1.00
2016.08.18 02:05:35.554,1.45082,1.45102,1.56,1.00
2016.08.18 02:05:36.079,1.45081,1.45102,2.06,1.50
2016.08.18 02:05:37.181,1.45081,1.45102,1.56,1.50
2016.08.18 02:05:38.253,1.45081,1.45102,1.56,1.00
2016.08.18 02:05:38.947,1.45081,1.45102,2.06,1.00
2016.08.18 02:05:39.352,1.45081,1.45102,2.06,1.00
2016.08.18 02:05:39.403,1.45081,1.45102,2.06,1.00
2016.08.18 02:05:39.916,1.45081,1.45101,2.06,1.00
2016.08.18 02:05:40.107,1.45081,1.45101,2.06,1.50
2016.08.18 02:05:40.159,1.45081,1.45097,2.06,1.00
2016.08.18 02:05:40.210,1.45081,1.45092,1.31,1.00
2016.08.18 02:05:40.261,1.45076,1.45092,1.75,1.50
2016.08.18 02:05:40.534,1.45079,1.45083,1.00,1.00
2016.08.18 02:05:40.585,1.45064,1.45083,1.62,1.00
2016.08.18 02:05:40.992,1.45064,1.45083,1.25,1.00
2016.08.18 02:05:41.043,1.45061,1.45081,3.56,1.00
2016.08.18 02:05:41.094,1.45061,1.45081,2.81,1.00
2016.08.18 02:05:41.145,1.45061,1.45083,2.81,1.00
2016.08.18 02:05:42.258,1.45061,1.45082,2.81,1.00
2016.08.18 02:05:42.674,1.45063,1.45082,1.56,1.00
2016.08.18 02:05:44.423,1.45064,1.45082,1.62,1.00
2016.08.18 02:05:44.525,1.45063,1.45082,1.56,1.00
2016.08.18 02:05:44.627,1.45064,1.45082,1.25,1.00
2016.08.18 02:05:45.745,1.45063,1.45082,2.06,1.00
2016.08.18 02:05:46.533,1.45063,1.45082,2.06,1.00
2016.08.18 02:05:46.586,1.45065,1.45083,1.00,1.00
2016.08.18 02:05:46.892,1.45067,1.45083,1.00,1.00
2016.08.18 02:05:47.060,1.45067,1.45085,1.56,1.00
2016.08.18 02:05:47.111,1.45068,1.45085,1.31,1.00
2016.08.18 02:05:48.318,1.45068,1.45085,1.56,1.00
2016.08.18 02:05:49.805,1.45071,1.45085,1.56,1.00
2016.08.18 02:05:49.858,1.45071,1.45087,1.00,1.00
2016.08.18 02:05:49.909,1.45071,1.45087,1.12,1.00
2016.08.18 02:05:50.226,1.45071,1.45085,1.12,1.00
2016.08.18 02:05:50.340,1.45071,1.45087,1.12,1.00
2016.08.18 02:05:51.345,1.4507,1.45086,1.69,1.00
2016.08.18 02:05:51.398,1.4507,1.45086,1.31,1.00
2016.08.18 02:05:51.901,1.4507,1.45087,1.31,1.00
2016.08.18 02:05:53.221,1.4507,1.45087,1.56,1.00
2016.08.18 02:05:53.272,1.4507,1.45089,1.56,1.00
2016.08.18 02:05:53.718,1.4507,1.45089,1.56,1.00
2016.08.18 02:05:54.740,1.4507,1.45091,1.56,1.50
2016.08.18 02:05:55.067,1.4507,1.45091,1.31,1.50
2016.08.18 02:05:57.048,1.4507,1.4509,1.31,1.00
2016.08.18 02:05:58.951,1.4507,1.45091,1.31,1.50
2016.08.18 02:05:59.217,1.45069,1.4509,1.56,1.00
2016.08.18 02:05:59.488,1.45067,1.45088,2.81,1.00
2016.08.18 02:05:59.539,1.45066,1.45087,1.56,1.00
2016.08.18 02:05:59.776,1.45066,1.45087,1.56,1.50
2016.08.18 02:05:59.928,1.45067,1.45087,1.31,1.00
2016.08.18 02:06:00.030,1.45067,1.45087,1.69,1.00
2016.08.18 02:06:00.082,1.45067,1.45087,2.06,1.00
2016.08.18 02:06:01.252,1.45068,1.45087,1.19,1.00
2016.08.18 02:06:01.608,1.45068,1.45087,1.19,1.50
2016.08.18 02:06:01.660,1.45066,1.45087,1.31,1.50
2016.08.18 02:06:01.711,1.45066,1.45087,2.06,1.00
2016.08.18 02:06:03.898,1.45066,1.45087,2.06,1.00
2016.08.18 02:06:04.575,1.45067,1.45087,1.62,1.00
2016.08.18 02:06:04.677,1.45067,1.45084,1.62,1.00
2016.08.18 02:06:05.012,1.45067,1.45088,1.62,1.50
2016.08.18 02:06:05.467,1.45067,1.45086,1.62,1.00
2016.08.18 02:06:05.742,1.45066,1.45086,1.75,1.00
2016.08.18 02:06:06.151,1.45068,1.45086,1.12,1.00
2016.08.18 02:06:08.103,1.45067,1.45088,1.50,1.00
2016.08.18 02:06:08.204,1.45067,1.45088,1.50,1.00
2016.08.18 02:06:08.913,1.45067,1.45088,1.50,1.50
2016.08.18 02:06:09.298,1.45067,1.45087,1.50,1.00
2016.08.18 02:06:09.936,1.45065,1.45086,2.00,1.00
2016.08.18 02:06:09.988,1.45067,1.45087,1.56,1.00
2016.08.18 02:06:10.039,1.45072,1.4509,1.00,1.37
2016.08.18 02:06:10.091,1.45072,1.45091,1.00,1.75
2016.08.18 02:06:10.142,1.45071,1.45093,1.25,1.50
2016.08.18 02:06:10.193,1.45071,1.45093,1.25,1.12
2016.08.18 02:06:10.245,1.45067,1.45087,3.56,1.00
2016.08.18 02:06:10.296,1.45067,1.4509,3.56,1.50
2016.08.18 02:06:10.348,1.45069,1.4509,1.00,1.50
2016.08.18 02:06:10.399,1.45069,1.4509,1.00,1.00
2016.08.18 02:06:10.450,1.45068,1.45091,1.56,1.37
2016.08.18 02:06:10.502,1.45068,1.45091,1.56,1.50
2016.08.18 02:06:10.554,1.4507,1.45091,1.31,1.50
2016.08.18 02:06:10.868,1.4507,1.45091,1.31,1.00
2016.08.18 02:06:13.069,1.4507,1.45091,1.19,1.00
2016.08.18 02:06:13.120,1.45069,1.45089,1.19,1.00
2016.08.18 02:06:13.173,1.45067,1.45089,2.81,1.00
2016.08.18 02:06:13.224,1.45067,1.45088,2.06,1.00
2016.08.18 02:06:13.562,1.45066,1.45087,1.12,1.00
2016.08.18 02:06:13.901,1.45066,1.45085,1.12,1.00
2016.08.18 02:06:13.952,1.45065,1.45085,1.69,1.00
2016.08.18 02:06:14.486,1.45065,1.45084,1.69,1.00
2016.08.18 02:06:15.376,1.45065,1.45085,1.69,1.00
2016.08.18 02:06:15.478,1.45065,1.45085,2.44,1.00
2016.08.18 02:06:15.530,1.45067,1.45085,1.00,1.00
2016.08.18 02:06:15.581,1.45067,1.45085,1.31,1.00
2016.08.18 02:06:15.633,1.45069,1.45085,1.00,1.00
2016.08.18 02:06:16.138,1.45069,1.45086,1.00,1.00
2016.08.18 02:06:16.977,1.45069,1.45089,1.00,1.00
2016.08.18 02:06:18.718,1.45069,1.4509,1.00,1.00
2016.08.18 02:06:18.820,1.45069,1.45088,1.00,1.00
2016.08.18 02:06:19.495,1.45071,1.45089,1.00,1.00
2016.08.18 02:06:20.128,1.45071,1.4509,1.00,1.00
2016.08.18 02:06:20.717,1.45076,1.4509,1.00,1.00
2016.08.18 02:06:20.769,1.45077,1.45095,1.00,1.00
2016.08.18 02:06:20.820,1.45077,1.45093,1.00,1.00
2016.08.18 02:06:21.350,1.45077,1.45092,1.00,1.00
2016.08.18 02:06:22.028,1.45077,1.45096,1.00,1.00
2016.08.18 02:06:22.181,1.45079,1.45097,1.25,1.00
2016.08.18 02:06:22.283,1.4508,1.45097,1.00,1.00
2016.08.18 02:06:22.334,1.4508,1.451,1.00,1.00
2016.08.18 02:06:23.538,1.4508,1.45099,1.00,1.00
2016.08.18 02:06:23.753,1.4508,1.45099,1.19,1.00
2016.08.18 02:06:25.330,1.4508,1.45098,1.19,1.00
2016.08.18 02:06:25.381,1.4508,1.45098,1.00,1.00
2016.08.18 02:06:26.124,1.45079,1.451,1.00,1.31
2016.08.18 02:06:26.175,1.45079,1.451,1.00,1.00
2016.08.18 02:06:26.226,1.45079,1.45093,1.00,1.00
2016.08.18 02:06:26.379,1.45078,1.45093,1.25,1.00
2016.08.18 02:06:26.430,1.45078,1.45096,1.25,1.00
2016.08.18 02:06:26.634,1.45078,1.45096,1.25,1.00
2016.08.18 02:06:26.685,1.4508,1.45096,1.31,1.00
2016.08.18 02:06:26.736,1.4508,1.45101,1.31,1.87
2016.08.18 02:06:26.838,1.4508,1.45101,1.31,1.12
2016.08.18 02:06:26.890,1.45081,1.45102,1.19,2.25
2016.08.18 02:06:26.992,1.45081,1.45102,1.19,1.87
2016.08.18 02:06:27.094,1.45081,1.45102,1.19,1.00
2016.08.18 02:06:29.433,1.4508,1.45101,1.31,1.87
2016.08.18 02:06:29.671,1.4508,1.45101,1.31,1.50
2016.08.18 02:06:29.926,1.4508,1.45101,1.31,1.00
2016.08.18 02:06:30.122,1.4508,1.45101,1.31,1.50
2016.08.18 02:06:30.173,1.4508,1.45101,1.56,1.50
2016.08.18 02:06:31.020,1.4508,1.45101,1.56,1.00
2016.08.18 02:06:31.727,1.4508,1.45101,1.56,1.00
2016.08.18 02:06:31.779,1.45078,1.451,2.06,1.00
2016.08.18 02:06:31.830,1.45078,1.451,1.69,1.00
2016.08.18 02:06:31.883,1.45078,1.451,1.56,1.00
2016.08.18 02:06:32.267,1.45076,1.45097,1.31,1.00
2016.08.18 02:06:32.374,1.45076,1.45097,1.31,1.00
2016.08.18 02:06:33.836,1.45076,1.45097,1.31,1.50
2016.08.18 02:06:33.887,1.45074,1.45097,1.69,1.50
2016.08.18 02:06:33.989,1.45076,1.45097,1.00,1.00
2016.08.18 02:06:34.763,1.45076,1.45097,1.31,1.00
2016.08.18 02:06:35.038,1.45076,1.45099,1.31,1.12
2016.08.18 02:06:41.299,1.45076,1.45101,1.31,2.25
2016.08.18 02:06:41.351,1.45077,1.45101,1.19,1.75
2016.08.18 02:06:43.200,1.45077,1.45101,1.19,2.25
2016.08.18 02:06:44.673,1.45077,1.45101,1.25,2.25
2016.08.18 02:06:45.323,1.45076,1.45099,1.19,1.12
2016.08.18 02:06:45.375,1.45076,1.45099,1.19,1.87
2016.08.18 02:06:46.206,1.45076,1.45097,1.19,1.00
2016.08.18 02:06:46.308,1.45073,1.45097,2.81,1.00
2016.08.18 02:06:46.359,1.45073,1.45097,2.06,1.00
2016.08.18 02:06:46.461,1.45073,1.45097,1.94,1.12
2016.08.18 02:06:47.048,1.45074,1.45096,1.19,1.00
2016.08.18 02:06:48.602,1.45073,1.45096,2.44,1.00
2016.08.18 02:06:49.026,1.45074,1.45096,1.31,1.50
2016.08.18 02:06:49.129,1.45074,1.45096,1.31,1.00
2016.08.18 02:06:49.534,1.45074,1.45097,1.31,1.50
2016.08.18 02:06:49.590,1.45074,1.45096,1.31,1.00
2016.08.18 02:06:50.794,1.45074,1.45096,1.31,1.50
2016.08.18 02:06:52.457,1.45074,1.45096,1.31,1.50
2016.08.18 02:06:52.508,1.45074,1.45096,1.31,1.50
2016.08.18 02:06:52.559,1.45074,1.45096,1.69,1.00
2016.08.18 02:06:52.651,1.45075,1.45097,2.06,1.50
2016.08.18 02:06:52.703,1.45077,1.45097,1.25,1.00
2016.08.18 02:06:52.754,1.45077,1.45099,1.62,1.00
2016.08.18 02:06:52.806,1.45078,1.451,1.50,2.25
2016.08.18 02:06:54.492,1.45078,1.451,1.69,2.25
2016.08.18 02:06:54.691,1.45078,1.451,1.69,1.50
2016.08.18 02:06:54.742,1.4508,1.45101,1.00,1.00
2016.08.18 02:06:55.433,1.45079,1.451,1.00,1.00
2016.08.18 02:06:56.132,1.45079,1.451,1.31,1.00
2016.08.18 02:06:58.185,1.45079,1.451,1.25,1.00
2016.08.18 02:06:58.236,1.45079,1.451,1.25,1.50
2016.08.18 02:06:58.287,1.45079,1.451,1.00,1.50
2016.08.18 02:06:58.339,1.45078,1.45098,1.00,1.00
2016.08.18 02:06:58.390,1.45078,1.45098,1.00,1.00
2016.08.18 02:06:59.085,1.45078,1.45098,1.00,1.00
2016.08.18 02:07:00.228,1.45078,1.45098,1.00,1.00
2016.08.18 02:07:02.639,1.45078,1.45098,1.00,1.00
2016.08.18 02:07:03.170,1.45078,1.45098,1.00,1.00
2016.08.18 02:07:03.427,1.45078,1.45099,1.50,1.00
2016.08.18 02:07:04.118,1.45078,1.45099,1.00,1.00
2016.08.18 02:07:04.230,1.45078,1.45099,1.50,1.00
2016.08.18 02:07:05.128,1.45078,1.45099,1.69,1.00
2016.08.18 02:07:08.969,1.45078,1.45099,1.69,1.00
2016.08.18 02:07:09.403,1.45077,1.45101,1.94,1.00
2016.08.18 02:07:09.454,1.45077,1.45101,1.94,1.50
2016.08.18 02:07:10.196,1.45077,1.45101,2.00,1.50
2016.08.18 02:07:10.247,1.45078,1.45101,1.50,1.50
2016.08.18 02:07:10.298,1.45078,1.45101,1.50,1.00
2016.08.18 02:07:10.451,1.45078,1.45101,2.25,1.00
2016.08.18 02:07:10.603,1.45081,1.45101,1.00,1.00
2016.08.18 02:07:10.654,1.45081,1.45101,1.00,1.50
2016.08.18 02:07:10.756,1.45081,1.45101,1.50,1.50
2016.08.18 02:07:11.101,1.45083,1.45101,1.00,1.00
2016.08.18 02:07:11.153,1.45086,1.45102,1.00,1.00
2016.08.18 02:07:11.255,1.45086,1.45105,1.00,1.00
2016.08.18 02:07:11.357,1.45086,1.45107,1.50,1.00
2016.08.18 02:07:11.409,1.45089,1.45107,1.00,1.00
2016.08.18 02:07:11.932,1.45089,1.45108,1.00,1.00
2016.08.18 02:07:12.085,1.45089,1.45109,1.00,1.50
2016.08.18 02:07:12.237,1.4509,1.45109,1.00,2.25
2016.08.18 02:07:12.852,1.4509,1.45109,1.62,1.00
2016.08.18 02:07:12.940,1.45091,1.45111,1.50,1.00
2016.08.18 02:07:14.114,1.45092,1.4511,1.25,1.00
2016.08.18 02:07:14.243,1.45092,1.45112,1.25,1.00
2016.08.18 02:07:14.649,1.45091,1.45112,1.50,1.00
2016.08.18 02:07:14.954,1.45091,1.45115,1.50,1.31
2016.08.18 02:07:15.005,1.45092,1.45115,1.25,1.00
2016.08.18 02:07:15.057,1.45092,1.45114,1.25,1.00
2016.08.18 02:07:15.468,1.45092,1.45114,1.69,1.00
2016.08.18 02:07:15.519,1.45093,1.45114,1.00,1.00
2016.08.18 02:07:16.595,1.45092,1.45114,1.87,1.31
2016.08.18 02:07:16.659,1.45092,1.45111,1.12,1.00
2016.08.18 02:07:16.712,1.45092,1.45111,1.12,1.56
2016.08.18 02:07:17.676,1.45092,1.45111,1.12,1.56
2016.08.18 02:07:19.818,1.45086,1.45107,1.00,1.00
2016.08.18 02:07:19.869,1.45086,1.45108,1.87,1.00
2016.08.18 02:07:19.971,1.45084,1.45105,1.37,1.00
2016.08.18 02:07:20.022,1.45084,1.45105,1.00,1.00
2016.08.18 02:07:20.918,1.45084,1.45105,1.00,1.00
2016.08.18 02:07:20.970,1.45084,1.45105,1.00,1.00
2016.08.18 02:07:21.073,1.45083,1.45104,1.87,1.00
2016.08.18 02:07:23.732,1.45083,1.45104,1.87,1.00
2016.08.18 02:07:25.384,1.45083,1.45101,2.44,1.00
2016.08.18 02:07:25.588,1.45083,1.45104,2.44,1.50
2016.08.18 02:07:26.525,1.45086,1.45105,1.31,1.00
2016.08.18 02:07:26.576,1.45088,1.45105,1.00,1.00
2016.08.18 02:07:26.678,1.45088,1.45107,1.00,1.00
2016.08.18 02:07:26.934,1.45085,1.45106,2.25,1.00
2016.08.18 02:07:28.383,1.45086,1.45108,1.12,1.00
2016.08.18 02:07:28.485,1.45087,1.45108,1.00,1.50
2016.08.18 02:07:29.188,1.45088,1.45108,1.00,1.00
2016.08.18 02:07:29.596,1.45087,1.45107,1.00,1.00
2016.08.18 02:07:29.698,1.45084,1.45105,1.00,1.50
2016.08.18 02:07:29.800,1.45082,1.45104,1.00,1.12
2016.08.18 02:07:30.162,1.45082,1.45102,1.00,1.00
2016.08.18 02:07:30.214,1.45084,1.45103,1.00,1.00
2016.08.18 02:07:31.602,1.45084,1.45105,1.00,2.25
2016.08.18 02:07:31.704,1.45084,1.45103,1.00,1.00
2016.08.18 02:07:31.806,1.45082,1.45103,1.50,1.50
2016.08.18 02:07:33.393,1.45082,1.45101,1.50,1.00
2016.08.18 02:07:34.610,1.45082,1.45101,1.00,1.00
2016.08.18 02:07:34.915,1.45082,1.45099,1.00,1.00
2016.08.18 02:07:35.263,1.45082,1.45099,1.25,1.00
2016.08.18 02:07:35.786,1.45084,1.451,1.00,1.00
2016.08.18 02:07:37.255,1.45084,1.45103,1.00,1.00
2016.08.18 02:07:39.616,1.45085,1.45103,1.00,1.00
2016.08.18 02:07:40.119,1.45086,1.45103,1.00,1.00
2016.08.18 02:07:40.508,1.45085,1.45103,1.50,1.00
2016.08.18 02:07:41.002,1.45085,1.45103,1.00,1.00
2016.08.18 02:07:41.104,1.45085,1.451,1.00,1.00
2016.08.18 02:07:41.309,1.45084,1.451,1.50,1.00
2016.08.18 02:07:41.518,1.45085,1.451,1.00,1.00
2016.08.18 02:07:41.888,1.45085,1.45102,1.00,1.00
2016.08.18 02:07:42.426,1.45086,1.45102,1.00,1.00
2016.08.18 02:07:42.528,1.45086,1.45104,1.00,1.00
2016.08.18 02:07:43.123,1.45094,1.45104,1.56,1.00
2016.08.18 02:07:43.193,1.45095,1.45113,1.56,1.00
2016.08.18 02:07:43.244,1.45096,1.45113,1.31,1.00
2016.08.18 02:07:43.522,1.45095,1.45113,1.56,1.00
2016.08.18 02:07:44.002,1.45093,1.45113,2.44,1.00
2016.08.18 02:07:44.509,1.45093,1.45114,2.44,1.00
2016.08.18 02:07:45.132,1.45093,1.45114,3.19,1.00
2016.08.18 02:07:50.336,1.45093,1.45114,1.69,1.00
2016.08.18 02:07:50.387,1.45093,1.45114,2.44,1.00
2016.08.18 02:07:50.439,1.45096,1.45118,1.00,1.50
2016.08.18 02:07:50.490,1.45097,1.45118,1.00,1.00
2016.08.18 02:07:50.542,1.45097,1.4512,1.00,1.69
2016.08.18 02:07:50.594,1.45096,1.45118,1.50,1.00
2016.08.18 02:07:50.685,1.45096,1.45118,2.25,1.00
2016.08.18 02:07:51.899,1.45096,1.45118,2.25,1.00
2016.08.18 02:07:52.130,1.45096,1.45118,1.50,1.12
2016.08.18 02:07:52.500,1.45097,1.45117,1.00,1.00
2016.08.18 02:07:52.602,1.45098,1.4512,1.50,1.31
2016.08.18 02:07:52.654,1.45099,1.4512,1.00,1.31
2016.08.18 02:07:52.912,1.45099,1.45118,1.00,1.00
2016.08.18 02:07:53.684,1.45099,1.45119,1.00,1.00
2016.08.18 02:07:53.837,1.45099,1.45121,1.00,1.56
2016.08.18 02:07:54.211,1.45099,1.4512,1.00,1.31
2016.08.18 02:07:54.313,1.45099,1.45117,1.00,1.00
2016.08.18 02:07:54.365,1.45098,1.45117,1.00,1.25
2016.08.18 02:07:54.673,1.45098,1.45118,1.00,1.31
2016.08.18 02:07:54.725,1.45096,1.45117,1.00,1.69
2016.08.18 02:07:54.827,1.45095,1.45116,1.00,1.00
2016.08.18 02:07:55.336,1.45095,1.45117,1.00,1.00
2016.08.18 02:07:56.012,1.45095,1.45119,1.00,2.06
2016.08.18 02:07:56.323,1.45096,1.45118,1.00,1.00
2016.08.18 02:07:56.499,1.45096,1.45119,1.00,1.31
2016.08.18 02:07:56.550,1.45095,1.45119,1.50,1.31
2016.08.18 02:07:57.105,1.45096,1.45118,1.00,1.00
2016.08.18 02:07:59.331,1.45096,1.45117,1.00,1.00
2016.08.18 02:07:59.763,1.4509,1.45108,1.69,1.00
2016.08.18 02:08:00.032,1.4509,1.45108,1.25,1.00
2016.08.18 02:08:00.083,1.45087,1.45108,2.06,1.00
2016.08.18 02:08:00.649,1.45087,1.45109,2.06,1.00
2016.08.18 02:08:01.412,1.45087,1.4511,2.06,1.00
2016.08.18 02:08:01.732,1.45088,1.4511,1.56,1.00
2016.08.18 02:08:02.171,1.45088,1.4511,2.06,1.00
2016.08.18 02:08:02.324,1.4509,1.45111,1.69,1.00
2016.08.18 02:08:02.606,1.4509,1.45111,1.69,1.00
2016.08.18 02:08:04.516,1.45091,1.45113,1.56,1.00
2016.08.18 02:08:04.618,1.45093,1.45114,1.25,1.00
2016.08.18 02:08:04.669,1.45094,1.45114,1.56,1.00
2016.08.18 02:08:04.721,1.45097,1.45117,1.56,1.00
2016.08.18 02:08:04.824,1.45097,1.45119,1.56,1.50
2016.08.18 02:08:04.876,1.45098,1.45119,1.56,1.00
2016.08.18 02:08:05.030,1.45098,1.4512,2.06,1.00
2016.08.18 02:08:05.337,1.45098,1.4512,1.56,1.00
2016.08.18 02:08:06.248,1.45098,1.4512,1.56,1.00
2016.08.18 02:08:06.810,1.45099,1.4512,1.56,1.00
2016.08.18 02:08:08.512,1.45099,1.4512,1.56,1.00
2016.08.18 02:08:12.334,1.45099,1.4512,2.06,1.00
2016.08.18 02:08:12.583,1.45099,1.4512,1.56,1.00
2016.08.18 02:08:13.722,1.45102,1.45123,1.50,1.00
2016.08.18 02:08:13.828,1.45101,1.45122,1.50,1.50
2016.08.18 02:08:14.324,1.45101,1.4512,1.50,1.00
2016.08.18 02:08:14.648,1.451,1.45119,1.37,1.00
2016.08.18 02:08:14.700,1.451,1.45119,1.00,1.00
2016.08.18 02:08:14.752,1.451,1.4512,1.00,1.50
2016.08.18 02:08:14.854,1.45099,1.4512,1.12,1.50
2016.08.18 02:08:14.956,1.45099,1.4512,1.87,1.00
2016.08.18 02:08:15.058,1.451,1.45121,1.00,1.50
2016.08.18 02:08:15.160,1.45099,1.4512,1.12,1.00
2016.08.18 02:08:15.212,1.45099,1.4512,1.12,1.00
2016.08.18 02:08:15.263,1.45099,1.45121,1.12,1.50
2016.08.18 02:08:15.701,1.45099,1.4512,1.12,1.00
2016.08.18 02:08:15.752,1.45096,1.45115,2.06,1.00
2016.08.18 02:08:15.853,1.45097,1.45116,1.00,1.00
2016.08.18 02:08:15.906,1.45093,1.45116,1.31,1.00
2016.08.18 02:08:16.059,1.45092,1.45113,1.31,1.00
2016.08.18 02:08:16.111,1.45091,1.45113,1.31,1.00
2016.08.18 02:08:16.162,1.45091,1.45113,1.31,1.00
2016.08.18 02:08:16.214,1.4509,1.45113,2.06,1.00
2016.08.18 02:08:16.266,1.4509,1.45113,2.06,1.00
2016.08.18 02:08:16.815,1.4509,1.45113,1.50,1.00
2016.08.18 02:08:16.944,1.4509,1.45113,1.50,1.50
2016.08.18 02:08:17.047,1.4509,1.45113,1.50,1.12
2016.08.18 02:08:17.098,1.45088,1.45113,2.25,1.12
2016.08.18 02:08:18.124,1.45088,1.45112,2.25,1.00
2016.08.18 02:08:18.452,1.45088,1.45112,1.75,1.00
2016.08.18 02:08:18.503,1.45088,1.45112,1.50,1.00
2016.08.18 02:08:18.606,1.45088,1.45112,1.12,1.00
2016.08.18 02:08:18.836,1.45088,1.45112,1.87,1.00
2016.08.18 02:08:19.540,1.45088,1.45112,1.12,1.00
2016.08.18 02:08:19.692,1.45087,1.45111,2.25,1.00
2016.08.18 02:08:19.945,1.45087,1.45111,3.00,1.00
2016.08.18 02:08:20.142,1.45088,1.45111,1.12,1.00
2016.08.18 02:08:20.446,1.45088,1.45112,1.87,1.00
2016.08.18 02:08:21.148,1.45088,1.45112,1.12,1.00
2016.08.18 02:08:21.994,1.45088,1.45112,1.87,1.00
2016.08.18 02:08:22.045,1.4509,1.45113,1.00,1.12
2016.08.18 02:08:22.259,1.4509,1.45111,1.00,1.00
2016.08.18 02:08:22.620,1.4509,1.45111,1.00,1.00
2016.08.18 02:08:22.671,1.45092,1.45111,1.00,1.00
2016.08.18 02:08:22.723,1.45092,1.45116,1.00,2.25
2016.08.18 02:08:23.025,1.45092,1.45111,1.00,1.00
2016.08.18 02:08:23.077,1.45086,1.45109,1.12,1.00
2016.08.18 02:08:23.129,1.45086,1.45109,1.75,1.00
2016.08.18 02:08:23.652,1.45087,1.45109,1.75,1.00
2016.08.18 02:08:24.098,1.45087,1.4511,2.25,1.00
2016.08.18 02:08:24.149,1.4509,1.45114,1.50,1.00
2016.08.18 02:08:24.200,1.45091,1.45114,1.12,1.00
2016.08.18 02:08:24.302,1.4509,1.4511,1.50,1.00
2016.08.18 02:08:24.354,1.4509,1.45113,1.50,1.00
2016.08.18 02:08:24.456,1.4509,1.45111,1.50,1.00
2016.08.18 02:08:24.507,1.4509,1.45111,1.50,1.50
2016.08.18 02:08:24.558,1.4509,1.45111,1.50,1.00
2016.08.18 02:08:24.762,1.4509,1.4511,1.50,1.00
2016.08.18 02:08:25.295,1.4509,1.45111,1.50,1.00
2016.08.18 02:08:26.257,1.45089,1.45111,1.75,1.00
2016.08.18 02:08:27.076,1.45088,1.45111,1.75,1.00
2016.08.18 02:08:27.206,1.45086,1.45106,1.75,1.00
2016.08.18 02:08:27.309,1.45086,1.45106,1.37,1.00
2016.08.18 02:08:27.412,1.45081,1.45104,3.00,1.00
2016.08.18 02:08:27.463,1.45081,1.45104,2.25,1.00
2016.08.18 02:08:27.514,1.45081,1.45104,1.75,1.00
2016.08.18 02:08:28.020,1.45081,1.45103,1.75,1.00
2016.08.18 02:08:28.122,1.45081,1.45104,2.25,1.00
2016.08.18 02:08:28.334,1.45081,1.45104,2.25,1.00
2016.08.18 02:08:28.564,1.45081,1.45104,2.25,1.50
2016.08.18 02:08:28.666,1.45081,1.45104,2.25,1.00
2016.08.18 02:08:28.718,1.45081,1.45102,1.50,1.00
2016.08.18 02:08:29.111,1.45078,1.451,2.25,1.00
2016.08.18 02:08:30.724,1.45078,1.45101,2.25,1.00
2016.08.18 02:08:31.419,1.4508,1.45101,1.50,1.00
2016.08.18 02:08:31.522,1.4508,1.45101,1.75,1.00
2016.08.18 02:08:32.066,1.4508,1.45102,1.75,1.00
2016.08.18 02:08:32.129,1.45079,1.45102,1.75,1.00
2016.08.18 02:08:35.232,1.4508,1.45102,1.50,1.00
2016.08.18 02:08:37.268,1.4508,1.45102,2.25,1.00
2016.08.18 02:08:37.319,1.45083,1.45103,1.37,1.00
2016.08.18 02:08:37.601,1.45086,1.45107,1.37,1.50
2016.08.18 02:08:37.654,1.45086,1.45108,1.75,1.00
2016.08.18 02:08:37.818,1.45087,1.45108,1.50,1.00
2016.08.18 02:08:37.920,1.45087,1.45108,1.75,1.00
2016.08.18 02:08:38.132,1.45088,1.45109,1.37,1.00
2016.08.18 02:08:38.234,1.45088,1.45109,1.00,1.00
2016.08.18 02:08:38.843,1.4509,1.45111,1.00,1.00
2016.08.18 02:08:38.946,1.45091,1.45113,1.37,1.00
2016.08.18 02:08:39.048,1.45091,1.45113,1.50,1.00
2016.08.18 02:08:39.252,1.45092,1.45114,1.12,1.00
2016.08.18 02:08:39.840,1.45091,1.45112,1.50,1.00
2016.08.18 02:08:41.806,1.4509,1.45116,1.75,1.00
2016.08.18 02:08:41.858,1.45092,1.45116,1.25,1.00
2016.08.18 02:08:42.062,1.45092,1.45116,1.69,1.00
2016.08.18 02:08:42.164,1.45093,1.45117,1.94,1.50
2016.08.18 02:08:42.266,1.45094,1.45117,1.31,1.00
2016.08.18 02:08:42.901,1.45094,1.45116,2.06,1.00
2016.08.18 02:08:43.156,1.45097,1.45117,1.25,1.00
2016.08.18 02:08:43.626,1.45097,1.45118,1.25,1.00
2016.08.18 02:08:45.350,1.45097,1.45117,1.25,1.00
2016.08.18 02:08:45.554,1.45096,1.45115,1.31,1.00
2016.08.18 02:08:45.605,1.45096,1.45115,2.06,1.00
2016.08.18 02:08:45.924,1.45097,1.45116,1.69,1.00
2016.08.18 02:08:46.465,1.45097,1.45117,1.69,1.00
2016.08.18 02:08:48.566,1.45097,1.45117,2.44,1.00
2016.08.18 02:08:48.943,1.45097,1.45119,2.44,1.00
2016.08.18 02:08:48.995,1.45097,1.45118,1.69,1.00
2016.08.18 02:08:49.163,1.45097,1.45118,2.44,1.00
2016.08.18 02:08:49.766,1.45097,1.45118,1.69,1.50
2016.08.18 02:08:52.665,1.45097,1.45116,1.69,1.00
2016.08.18 02:08:52.909,1.45096,1.45116,2.06,1.00
2016.08.18 02:08:53.181,1.45096,1.45116,2.81,1.00
2016.08.18 02:08:54.059,1.45096,1.45117,2.81,1.00
2016.08.18 02:08:56.488,1.45096,1.45116,2.81,1.00
2016.08.18 02:08:58.487,1.45097,1.45116,1.31,1.00
2016.08.18 02:09:00.996,1.45097,1.45116,1.31,1.50
2016.08.18 02:09:01.304,1.45097,1.45115,1.31,1.00
2016.08.18 02:09:01.612,1.45097,1.45115,1.31,1.00
2016.08.18 02:09:01.664,1.45097,1.45115,2.06,1.00
2016.08.18 02:09:02.169,1.45097,1.45116,2.06,1.00
2016.08.18 02:09:02.553,1.45097,1.45116,2.06,1.00
2016.08.18 02:09:04.671,1.45097,1.45117,2.06,1.00
2016.08.18 02:09:04.985,1.45098,1.45117,1.94,1.00
2016.08.18 02:09:05.890,1.45097,1.45117,1.31,1.00
2016.08.18 02:09:07.260,1.45097,1.45117,2.06,1.00
2016.08.18 02:09:07.464,1.45097,1.45116,1.31,1.00
2016.08.18 02:09:07.515,1.45097,1.45116,2.06,1.00
2016.08.18 02:09:07.776,1.45097,1.45116,1.56,1.00
2016.08.18 02:09:07.828,1.45097,1.45117,2.06,1.00
2016.08.18 02:09:08.171,1.45097,1.45117,1.56,1.00
2016.08.18 02:09:08.272,1.45097,1.45117,2.06,1.00
2016.08.18 02:09:09.342,1.45097,1.45118,2.06,1.00
2016.08.18 02:09:09.393,1.45097,1.45118,1.56,1.50
2016.08.18 02:09:09.568,1.45096,1.45116,1.56,1.00
2016.08.18 02:09:09.975,1.45096,1.45117,2.06,1.00
2016.08.18 02:09:10.078,1.45096,1.45117,1.56,1.00
2016.08.18 02:09:10.180,1.45095,1.45117,3.56,1.00
2016.08.18 02:09:10.231,1.45097,1.45117,1.31,1.00
2016.08.18 02:09:10.778,1.45097,1.45118,1.31,1.00
2016.08.18 02:09:11.569,1.45097,1.45117,1.31,1.00
2016.08.18 02:09:12.680,1.45097,1.45118,1.31,1.00
2016.08.18 02:09:12.732,1.45097,1.45118,2.06,1.00
2016.08.18 02:09:13.281,1.45097,1.45117,2.06,1.00
2016.08.18 02:09:13.629,1.45097,1.45117,1.31,1.00
2016.08.18 02:09:13.731,1.45097,1.45117,2.06,1.00
2016.08.18 02:09:13.883,1.45097,1.45116,2.06,1.50
2016.08.18 02:09:13.985,1.45097,1.45115,1.94,1.50
2016.08.18 02:09:14.037,1.45094,1.45115,2.06,1.50
2016.08.18 02:09:14.138,1.45094,1.45115,1.31,1.50
2016.08.18 02:09:14.240,1.45094,1.45115,2.06,1.50
2016.08.18 02:09:14.869,1.45094,1.45115,2.06,1.00
2016.08.18 02:09:15.273,1.45094,1.45116,2.06,1.00
2016.08.18 02:09:15.687,1.45094,1.45115,2.06,1.00
2016.08.18 02:09:16.215,1.45094,1.45116,1.56,1.50
2016.08.18 02:09:16.320,1.45092,1.45116,2.06,1.50
2016.08.18 02:09:16.473,1.45092,1.45114,2.06,1.00
2016.08.18 02:09:16.829,1.45092,1.45114,1.31,1.00
2016.08.18 02:09:17.076,1.45092,1.45114,2.06,1.00
2016.08.18 02:09:17.884,1.45092,1.45116,2.06,1.00
2016.08.18 02:09:17.940,1.45092,1.45116,2.06,1.00
2016.08.18 02:09:19.310,1.45093,1.45116,1.69,1.00
2016.08.18 02:09:19.618,1.45093,1.45115,1.69,1.50
2016.08.18 02:09:20.455,1.45092,1.45115,2.06,1.50
2016.08.18 02:09:20.816,1.45092,1.45114,2.06,1.00
2016.08.18 02:09:20.981,1.45092,1.45114,2.06,1.50
2016.08.18 02:09:21.101,1.45092,1.45114,2.06,1.00
2016.08.18 02:09:21.203,1.45092,1.45114,1.31,1.00
2016.08.18 02:09:21.306,1.45094,1.45113,1.56,1.00
2016.08.18 02:09:21.358,1.45094,1.45113,1.56,1.00
2016.08.18 02:09:21.982,1.45097,1.45115,1.56,1.00
2016.08.18 02:09:22.065,1.45097,1.45115,2.44,1.00
2016.08.18 02:09:22.218,1.45097,1.45117,2.44,1.00
2016.08.18 02:09:24.318,1.45097,1.45116,2.44,1.00
2016.08.18 02:09:24.763,1.45097,1.45116,2.44,1.00
2016.08.18 02:09:24.865,1.45097,1.45112,2.44,1.00
2016.08.18 02:09:25.068,1.45097,1.45112,2.44,1.00
2016.08.18 02:09:25.497,1.45097,1.45112,1.69,1.00
2016.08.18 02:09:26.015,1.45097,1.45111,1.69,1.00
2016.08.18 02:09:26.735,1.45097,1.45112,1.69,1.00
2016.08.18 02:09:26.838,1.45096,1.45112,2.06,1.00
2016.08.18 02:09:29.727,1.45096,1.45109,2.06,1.00
2016.08.18 02:09:30.828,1.45096,1.45112,2.06,1.00
2016.08.18 02:09:30.890,1.45096,1.45112,2.81,1.00
2016.08.18 02:09:34.441,1.45096,1.45112,2.06,1.00
2016.08.18 02:09:34.848,1.45096,1.45113,2.81,1.00
2016.08.18 02:09:35.386,1.45096,1.45112,2.81,1.00
2016.08.18 02:09:36.142,1.45097,1.45114,2.44,1.00
2016.08.18 02:09:36.541,1.45097,1.45114,1.69,1.00
2016.08.18 02:09:36.643,1.45097,1.45114,2.44,1.00
2016.08.18 02:09:37.051,1.451,1.45117,1.56,1.00
2016.08.18 02:09:37.390,1.451,1.45117,3.56,1.00
2016.08.18 02:09:37.496,1.45101,1.45119,1.56,1.00
2016.08.18 02:09:37.547,1.45101,1.45119,2.06,1.00
2016.08.18 02:09:37.631,1.45101,1.45119,1.56,1.00
2016.08.18 02:09:37.682,1.45101,1.45117,1.56,1.00
2016.08.18 02:09:37.937,1.45101,1.45117,1.31,1.00
2016.08.18 02:09:38.245,1.45102,1.45117,1.00,1.00
2016.08.18 02:09:38.784,1.45102,1.45117,1.31,1.00
2016.08.18 02:09:38.938,1.45102,1.45124,1.56,1.50
2016.08.18 02:09:39.040,1.45108,1.45127,1.00,1.75
2016.08.18 02:09:39.142,1.45108,1.45129,1.50,1.75
2016.08.18 02:09:39.244,1.45108,1.45129,1.50,1.37
2016.08.18 02:09:39.295,1.45108,1.45129,1.50,1.00
2016.08.18 02:09:39.346,1.4511,1.45129,1.00,1.00
2016.08.18 02:09:39.398,1.4511,1.45129,1.31,1.00
2016.08.18 02:09:39.500,1.4511,1.4513,1.00,1.00
2016.08.18 02:09:39.812,1.4511,1.45129,1.50,1.00
2016.08.18 02:09:40.193,1.45109,1.45127,1.00,1.00
2016.08.18 02:09:40.643,1.4511,1.45129,1.00,1.50
2016.08.18 02:09:41.087,1.4511,1.45128,1.00,1.00
2016.08.18 02:09:41.551,1.4511,1.45129,1.00,1.50
2016.08.18 02:09:41.918,1.4511,1.45128,1.50,1.00
2016.08.18 02:09:42.046,1.4511,1.45127,2.06,1.00
2016.08.18 02:09:42.755,1.45109,1.45126,1.56,1.00
2016.08.18 02:09:42.807,1.45109,1.45126,1.00,1.00
2016.08.18 02:09:43.086,1.45108,1.45126,1.25,1.00
2016.08.18 02:09:43.140,1.45106,1.45125,1.56,1.00
2016.08.18 02:09:43.348,1.45106,1.45125,1.56,1.50
2016.08.18 02:09:43.641,1.45106,1.45122,1.56,1.00
2016.08.18 02:09:44.428,1.45106,1.45121,1.31,1.00
2016.08.18 02:09:45.143,1.45106,1.4512,1.31,1.00
2016.08.18 02:09:47.975,1.45106,1.45121,1.31,1.00
2016.08.18 02:09:48.077,1.45105,1.45121,2.06,1.00
2016.08.18 02:09:48.180,1.45105,1.45119,1.56,1.00
2016.08.18 02:09:48.282,1.45103,1.45119,1.69,1.00
2016.08.18 02:09:48.384,1.45103,1.45119,1.56,1.00
2016.08.18 02:09:51.712,1.45099,1.4512,1.94,1.00
2016.08.18 02:09:51.764,1.45099,1.4512,2.44,1.00
2016.08.18 02:09:51.816,1.45099,1.4512,2.06,1.12
2016.08.18 02:09:51.867,1.45098,1.4512,1.56,1.12
2016.08.18 02:09:51.973,1.45099,1.45118,1.56,1.00
2016.08.18 02:09:52.076,1.45097,1.45118,1.56,1.00
2016.08.18 02:09:52.127,1.45096,1.45118,2.06,1.00
2016.08.18 02:09:52.178,1.45096,1.45118,1.56,1.50
2016.08.18 02:09:52.280,1.45096,1.45118,2.06,1.50
2016.08.18 02:09:52.707,1.45096,1.45118,1.56,1.50
2016.08.18 02:09:53.066,1.45096,1.45116,1.56,1.00
2016.08.18 02:09:53.452,1.45096,1.45118,1.56,1.00
2016.08.18 02:09:53.657,1.45095,1.45118,3.19,1.00
2016.08.18 02:09:54.047,1.45095,1.45116,3.19,1.00
2016.08.18 02:09:54.789,1.45095,1.45116,2.44,1.50
2016.08.18 02:09:55.145,1.45095,1.45116,1.69,1.50
2016.08.18 02:09:55.909,1.45095,1.45115,1.69,1.00
2016.08.18 02:09:56.185,1.45097,1.45115,1.31,1.00
2016.08.18 02:09:56.338,1.45097,1.45115,1.00,1.00
2016.08.18 02:09:56.918,1.45097,1.45116,1.00,1.00
2016.08.18 02:09:59.670,1.45097,1.45112,1.00,1.00
2016.08.18 02:09:59.772,1.45097,1.45114,1.00,1.00
2016.08.18 02:09:59.875,1.45099,1.45114,1.00,1.00
2016.08.18 02:09:59.977,1.45099,1.45116,1.00,1.00
2016.08.18 02:10:00.078,1.451,1.45118,1.00,1.00
2016.08.18 02:10:00.129,1.451,1.45118,1.00,1.00
2016.08.18 02:10:00.180,1.45099,1.45119,1.00,1.00
2016.08.18 02:10:00.232,1.45099,1.45119,1.56,1.00
2016.08.18 02:10:00.932,1.45099,1.4512,2.06,1.00
2016.08.18 02:10:00.983,1.45099,1.4512,2.06,1.00
2016.08.18 02:10:01.194,1.45099,1.4512,2.06,1.00
2016.08.18 02:10:01.245,1.45099,1.4512,1.50,1.00
2016.08.18 02:10:01.302,1.45099,1.45117,1.00,1.00
2016.08.18 02:10:02.756,1.45099,1.45117,1.31,1.00
2016.08.18 02:10:02.807,1.45097,1.45117,2.44,1.00
2016.08.18 02:10:02.909,1.45098,1.45117,1.69,1.00
2016.08.18 02:10:03.788,1.45096,1.45114,2.81,1.00
2016.08.18 02:10:03.891,1.45096,1.45114,1.94,1.00
2016.08.18 02:10:03.942,1.45093,1.45114,2.06,1.00
2016.08.18 02:10:03.993,1.45093,1.45112,1.31,1.00
2016.08.18 02:10:04.095,1.45092,1.45112,1.94,1.00
2016.08.18 02:10:04.146,1.45092,1.45112,1.56,1.00
2016.08.18 02:10:04.197,1.45092,1.45114,2.06,1.00
2016.08.18 02:10:04.540,1.45092,1.45116,2.06,1.12
2016.08.18 02:10:04.907,1.45092,1.45115,2.06,1.00
2016.08.18 02:10:05.157,1.45094,1.45115,1.56,1.00
2016.08.18 02:10:05.208,1.45094,1.45114,1.69,1.00
2016.08.18 02:10:05.514,1.45093,1.45114,2.06,1.00
2016.08.18 02:10:06.075,1.45093,1.45116,2.81,1.00
2016.08.18 02:10:06.180,1.45093,1.45114,2.81,1.00
2016.08.18 02:10:06.232,1.45094,1.45114,1.19,1.00
2016.08.18 02:10:06.283,1.45094,1.45114,1.19,1.00
2016.08.18 02:10:06.691,1.45094,1.45112,1.19,1.00
2016.08.18 02:10:07.188,1.45094,1.45114,1.19,1.50
2016.08.18 02:10:08.318,1.45094,1.45114,1.19,1.00
2016.08.18 02:10:10.645,1.45093,1.45114,2.06,1.00
2016.08.18 02:10:11.181,1.45093,1.45115,1.31,1.00
2016.08.18 02:10:11.961,1.45093,1.45114,2.81,1.00
2016.08.18 02:10:12.012,1.45094,1.45115,1.69,1.00
2016.08.18 02:10:17.896,1.45094,1.45115,1.69,1.00
2016.08.18 02:10:17.999,1.45094,1.45117,1.69,1.00
2016.08.18 02:10:18.101,1.45094,1.45117,2.44,1.00
2016.08.18 02:10:18.253,1.45095,1.45117,1.56,1.00
2016.08.18 02:10:18.304,1.45095,1.45118,2.06,1.00
2016.08.18 02:10:18.355,1.45097,1.45118,1.31,1.00
2016.08.18 02:10:18.406,1.45097,1.45117,1.69,1.00
2016.08.18 02:10:18.693,1.45097,1.45117,2.06,1.00
2016.08.18 02:10:18.948,1.45097,1.45117,1.31,1.00
2016.08.18 02:10:19.205,1.45097,1.45117,2.06,1.00
2016.08.18 02:10:19.359,1.45097,1.45117,2.81,1.00
2016.08.18 02:10:19.881,1.45098,1.45121,1.00,1.00
2016.08.18 02:10:19.932,1.45099,1.45122,1.31,1.50
2016.08.18 02:10:20.136,1.45097,1.45122,1.56,1.50
2016.08.18 02:10:20.187,1.45097,1.45121,1.56,1.00
2016.08.18 02:10:23.963,1.45097,1.45121,2.06,1.00
2016.08.18 02:10:24.014,1.45099,1.4512,1.31,1.00
2016.08.18 02:10:24.428,1.45098,1.45119,1.56,1.50
2016.08.18 02:10:24.833,1.45097,1.45117,1.31,1.00
2016.08.18 02:10:25.178,1.451,1.45121,1.56,1.00
2016.08.18 02:10:25.230,1.451,1.45121,2.06,1.00
2016.08.18 02:10:25.332,1.451,1.45121,1.56,1.00
2016.08.18 02:10:25.383,1.451,1.45121,2.06,1.00
2016.08.18 02:10:26.261,1.451,1.45121,1.56,1.00
2016.08.18 02:10:26.543,1.45099,1.45121,2.44,1.00
2016.08.18 02:10:26.594,1.45099,1.45121,1.69,1.00
2016.08.18 02:10:26.645,1.45098,1.45117,2.06,1.00
2016.08.18 02:10:26.747,1.45098,1.45121,1.31,2.25
2016.08.18 02:10:26.798,1.45098,1.45121,1.31,1.50
2016.08.18 02:10:26.950,1.45098,1.45121,1.56,1.50
2016.08.18 02:10:27.226,1.45098,1.45119,1.00,1.00
2016.08.18 02:10:27.277,1.45098,1.45118,1.00,1.00
2016.08.18 02:10:27.623,1.45098,1.45118,1.00,1.00
2016.08.18 02:10:28.454,1.45098,1.45118,2.06,1.00
2016.08.18 02:10:32.044,1.45098,1.45117,2.06,1.00
2016.08.18 02:10:32.687,1.45098,1.45115,2.06,1.00
2016.08.18 02:10:33.832,1.45098,1.45117,2.06,1.00
2016.08.18 02:10:33.990,1.45098,1.45117,1.31,1.00
2016.08.18 02:10:35.295,1.45098,1.45117,1.00,1.00
2016.08.18 02:10:36.220,1.45098,1.45118,1.00,1.00
2016.08.18 02:10:36.271,1.45098,1.45118,1.12,1.00
2016.08.18 02:10:36.800,1.45098,1.45119,1.12,1.00
2016.08.18 02:10:37.356,1.45097,1.45119,1.50,1.00
2016.08.18 02:10:41.650,1.45098,1.45119,1.12,1.00
2016.08.18 02:10:42.411,1.45098,1.45119,1.12,1.00
2016.08.18 02:10:42.838,1.45098,1.45118,1.12,1.00
2016.08.18 02:10:42.998,1.45098,1.45118,1.00,1.00
2016.08.18 02:10:51.690,1.45099,1.45118,1.00,1.00
2016.08.18 02:10:51.842,1.45099,1.4512,1.00,2.25
2016.08.18 02:10:51.894,1.45101,1.4512,1.00,1.00
2016.08.18 02:10:52.198,1.45103,1.45121,1.00,1.00
2016.08.18 02:10:52.669,1.45105,1.45123,1.00,1.00
2016.08.18 02:10:52.720,1.45103,1.45123,1.00,1.00
2016.08.18 02:10:52.771,1.45103,1.45125,1.00,1.50
2016.08.18 02:10:52.822,1.45105,1.45125,1.00,1.00
2016.08.18 02:10:53.568,1.45105,1.45124,1.00,1.00
2016.08.18 02:10:53.619,1.45105,1.45126,1.00,1.50
2016.08.18 02:10:54.937,1.45105,1.45126,1.00,1.00
2016.08.18 02:10:55.427,1.45105,1.45126,1.00,1.50
2016.08.18 02:10:55.940,1.45104,1.45126,1.00,1.50
2016.08.18 02:10:59.665,1.45104,1.45126,1.00,1.00
2016.08.18 02:10:59.955,1.45105,1.45126,1.12,1.00
2016.08.18 02:11:00.007,1.45105,1.45126,1.12,1.00
2016.08.18 02:11:00.110,1.45105,1.45127,1.87,1.50
2016.08.18 02:11:00.924,1.45105,1.45127,1.50,1.50
2016.08.18 02:11:01.077,1.45105,1.45127,1.50,1.50
2016.08.18 02:11:01.179,1.45105,1.45127,1.50,1.12
2016.08.18 02:11:01.231,1.45109,1.45127,1.00,1.00
2016.08.18 02:11:01.282,1.45109,1.45127,1.56,1.00
2016.08.18 02:11:02.178,1.45108,1.45127,1.56,1.00
2016.08.18 02:11:07.946,1.45108,1.45129,1.56,1.87
2016.08.18 02:11:09.156,1.45108,1.45126,1.31,1.00
2016.08.18 02:11:09.208,1.45106,1.45126,1.56,1.00
2016.08.18 02:11:10.072,1.45106,1.45124,1.56,1.00
2016.08.18 02:11:10.124,1.45105,1.45124,1.56,1.00
2016.08.18 02:11:10.957,1.45105,1.45125,1.56,1.50
2016.08.18 02:11:11.460,1.45105,1.45125,1.56,1.00
2016.08.18 02:11:11.512,1.45105,1.45123,1.56,1.00
2016.08.18 02:11:11.564,1.45103,1.45123,1.31,1.50
2016.08.18 02:11:11.615,1.45102,1.4512,1.56,1.00
2016.08.18 02:11:11.666,1.451,1.4512,1.56,1.00
2016.08.18 02:11:12.197,1.451,1.45119,1.56,1.00
2016.08.18 02:11:16.378,1.451,1.45121,1.56,1.00
2016.08.18 02:11:17.656,1.45099,1.45121,2.06,1.00
2016.08.18 02:11:17.758,1.451,1.45121,1.56,1.00
2016.08.18 02:11:20.037,1.451,1.45121,1.56,1.50
2016.08.18 02:11:22.819,1.451,1.4512,1.56,1.00
2016.08.18 02:11:23.141,1.45102,1.4512,1.56,1.00
2016.08.18 02:11:23.295,1.45102,1.45122,1.56,1.87
2016.08.18 02:11:23.346,1.45102,1.45121,1.56,1.00
2016.08.18 02:11:24.261,1.45102,1.45121,1.56,1.50
2016.08.18 02:11:24.592,1.45102,1.4512,1.56,1.00
2016.08.18 02:11:24.643,1.451,1.4512,2.06,1.00
2016.08.18 02:11:25.196,1.451,1.45118,2.06,1.00
2016.08.18 02:11:27.695,1.45101,1.45118,1.56,1.00
2016.08.18 02:11:29.048,1.45099,1.45118,2.06,1.00
2016.08.18 02:11:29.100,1.45099,1.45119,2.06,1.00
2016.08.18 02:11:29.977,1.45102,1.4512,1.31,1.50
2016.08.18 02:11:30.306,1.45104,1.45122,1.56,1.00
2016.08.18 02:11:30.810,1.45104,1.45123,1.56,1.50
2016.08.18 02:11:31.102,1.45104,1.45122,1.56,1.00
2016.08.18 02:11:34.172,1.45105,1.45118,1.56,1.50
2016.08.18 02:11:34.275,1.45105,1.4512,1.56,1.12
2016.08.18 02:11:34.377,1.45105,1.45121,1.56,1.37
2016.08.18 02:11:34.479,1.45105,1.45121,1.56,1.00
2016.08.18 02:11:34.848,1.45104,1.45121,1.56,1.00
2016.08.18 02:11:34.899,1.45104,1.45121,1.56,1.00
2016.08.18 02:11:35.454,1.45104,1.45122,1.56,1.00
2016.08.18 02:11:35.625,1.45104,1.45122,1.00,1.00
2016.08.18 02:11:35.676,1.451,1.45122,1.00,1.00
2016.08.18 02:11:38.481,1.451,1.45122,1.75,1.00
2016.08.18 02:11:38.583,1.451,1.45122,1.75,1.00
2016.08.18 02:11:39.274,1.451,1.45122,1.75,1.00
2016.08.18 02:11:39.376,1.45098,1.4512,4.12,1.00
2016.08.18 02:11:39.427,1.45098,1.4512,3.00,1.00
2016.08.18 02:11:40.379,1.45098,1.4512,3.00,1.00
2016.08.18 02:11:40.430,1.45098,1.4512,2.25,1.00
2016.08.18 02:11:40.738,1.45098,1.4512,3.00,1.00
2016.08.18 02:11:40.942,1.45099,1.4512,1.75,1.00
2016.08.18 02:11:41.506,1.45099,1.4512,1.75,1.00
2016.08.18 02:11:43.203,1.45099,1.4512,1.75,1.00
2016.08.18 02:11:43.314,1.45099,1.4512,1.75,1.00
2016.08.18 02:11:43.545,1.45104,1.4512,1.00,1.00
2016.08.18 02:11:43.597,1.45104,1.4512,1.00,1.00
2016.08.18 02:11:47.201,1.45107,1.4512,1.00,1.00
2016.08.18 02:11:47.310,1.45104,1.45124,1.50,1.00
2016.08.18 02:11:48.118,1.45104,1.45123,1.50,1.00
2016.08.18 02:11:48.436,1.45106,1.45123,1.00,1.00
2016.08.18 02:11:48.952,1.45106,1.45124,1.00,1.00
2016.08.18 02:11:50.135,1.45106,1.45124,1.00,1.50
2016.08.18 02:11:52.523,1.45106,1.45124,1.00,1.00
2016.08.18 02:11:52.626,1.45108,1.45126,1.00,1.12
2016.08.18 02:11:52.728,1.45108,1.45127,1.00,1.50
2016.08.18 02:11:52.830,1.45108,1.45126,1.00,1.12
2016.08.18 02:11:53.188,1.45108,1.45127,1.00,2.25
2016.08.18 02:11:53.293,1.45108,1.45127,1.00,1.50
2016.08.18 02:11:54.808,1.45109,1.45127,1.00,1.50
2016.08.18 02:11:55.430,1.4511,1.45127,1.00,1.50
2016.08.18 02:11:55.481,1.45107,1.45127,1.00,1.50
2016.08.18 02:11:56.689,1.45104,1.45125,1.00,1.00
2016.08.18 02:11:56.925,1.45103,1.45124,2.25,1.00
2016.08.18 02:11:56.976,1.45103,1.45124,1.50,1.00
2016.08.18 02:11:57.116,1.45103,1.45124,1.50,1.00
2016.08.18 02:11:57.883,1.45103,1.45123,1.00,1.00
2016.08.18 02:11:58.809,1.45103,1.45122,1.00,1.00
2016.08.18 02:11:59.193,1.45102,1.45122,2.25,1.00
2016.08.18 02:11:59.504,1.45102,1.45122,1.50,1.00
2016.08.18 02:11:59.901,1.45102,1.45123,1.50,1.50
2016.08.18 02:12:00.215,1.45102,1.45122,1.00,1.00
2016.08.18 02:12:00.266,1.45101,1.45122,2.62,1.00
2016.08.18 02:12:00.420,1.45101,1.45121,1.87,1.00
2016.08.18 02:12:00.471,1.451,1.45121,2.25,1.00
2016.08.18 02:12:00.762,1.451,1.4512,1.00,1.00
2016.08.18 02:12:00.813,1.45099,1.4512,1.50,1.50
2016.08.18 02:12:00.916,1.45102,1.4512,1.00,1.00
2016.08.18 02:12:01.750,1.45102,1.45119,1.00,1.00
2016.08.18 02:12:02.121,1.45099,1.45119,1.00,1.00
2016.08.18 02:12:02.224,1.45099,1.45119,1.50,1.00
2016.08.18 02:12:02.435,1.45099,1.4512,1.50,1.50
2016.08.18 02:12:02.537,1.45099,1.45119,1.50,1.00
2016.08.18 02:12:02.589,1.45099,1.45119,2.25,1.00
2016.08.18 02:12:03.227,1.45101,1.45119,1.00,1.00
2016.08.18 02:12:03.278,1.45101,1.45119,1.50,1.00
2016.08.18 02:12:03.381,1.45103,1.45119,1.00,1.00
2016.08.18 02:12:03.483,1.45105,1.45119,1.00,1.00
2016.08.18 02:12:03.993,1.45105,1.4512,1.00,1.00
2016.08.18 02:12:04.694,1.45105,1.45119,1.00,1.00
2016.08.18 02:12:06.657,1.45105,1.4512,1.00,1.00
2016.08.18 02:12:06.759,1.45103,1.45121,1.00,1.31
2016.08.18 02:12:06.863,1.45103,1.45121,1.00,2.06
2016.08.18 02:12:08.694,1.45103,1.45121,1.00,1.50
2016.08.18 02:12:09.756,1.45105,1.4512,1.00,1.00
2016.08.18 02:12:09.858,1.45106,1.45124,1.00,1.00
2016.08.18 02:12:10.401,1.45105,1.45124,1.25,1.00
2016.08.18 02:12:10.963,1.45105,1.45123,1.25,1.00
2016.08.18 02:12:11.066,1.45108,1.45124,1.25,1.00
2016.08.18 02:12:11.117,1.45108,1.45124,1.25,1.00
2016.08.18 02:12:11.168,1.45109,1.45126,1.00,1.50
2016.08.18 02:12:11.371,1.45109,1.45126,1.00,1.00
2016.08.18 02:12:11.524,1.45109,1.45127,1.00,1.00
2016.08.18 02:12:12.281,1.45109,1.45127,1.00,1.00
2016.08.18 02:12:12.434,1.45109,1.45127,1.00,1.50
2016.08.18 02:12:12.780,1.45109,1.45126,1.00,1.00
2016.08.18 02:12:13.021,1.45109,1.45126,1.00,1.00
2016.08.18 02:12:13.894,1.45109,1.45125,1.00,1.00
2016.08.18 02:12:14.361,1.45109,1.45127,1.00,1.00
2016.08.18 02:12:14.463,1.45109,1.45127,1.25,1.00
2016.08.18 02:12:15.740,1.45109,1.45127,1.25,1.50
2016.08.18 02:12:15.893,1.45109,1.45126,1.25,1.00
2016.08.18 02:12:15.944,1.45109,1.45126,1.25,1.00
2016.08.18 02:12:15.996,1.45108,1.45129,1.00,1.12
2016.08.18 02:12:16.098,1.45111,1.45131,1.00,2.25
2016.08.18 02:12:16.149,1.45111,1.45125,1.00,1.00
2016.08.18 02:12:16.739,1.45111,1.45126,1.00,1.00
2016.08.18 02:12:17.089,1.45114,1.45126,1.00,1.00
2016.08.18 02:12:17.843,1.45114,1.45127,1.00,1.00
2016.08.18 02:12:18.164,1.45113,1.45132,1.00,1.12
2016.08.18 02:12:18.266,1.45115,1.45133,1.00,1.00
2016.08.18 02:12:18.791,1.45116,1.45133,1.00,1.00
2016.08.18 02:12:19.739,1.45115,1.45133,1.00,1.00
2016.08.18 02:12:19.790,1.45113,1.45133,1.31,1.00
2016.08.18 02:12:20.271,1.45114,1.45133,1.25,1.00
2016.08.18 02:12:28.184,1.45114,1.45133,1.25,1.37
2016.08.18 02:12:28.235,1.45114,1.45133,1.25,1.50
2016.08.18 02:12:29.009,1.4511,1.4512,1.50,1.56
2016.08.18 02:12:29.060,1.45102,1.45115,1.00,1.00
2016.08.18 02:12:29.114,1.451,1.45115,1.00,1.00
2016.08.18 02:12:29.270,1.45099,1.45118,1.00,1.75
2016.08.18 02:12:29.372,1.451,1.45118,1.00,1.37
2016.08.18 02:12:29.423,1.451,1.45118,1.00,1.87
2016.08.18 02:12:29.474,1.451,1.45118,1.00,1.00
2016.08.18 02:12:29.828,1.45103,1.45125,1.25,1.85
2016.08.18 02:12:29.930,1.45103,1.45125,1.25,1.75
2016.08.18 02:12:30.032,1.45104,1.45125,1.00,1.75
2016.08.18 02:12:30.525,1.45104,1.45121,1.00,1.00
2016.08.18 02:12:31.134,1.45106,1.45124,1.00,1.00
2016.08.18 02:12:31.679,1.45107,1.45124,1.00,1.00
2016.08.18 02:12:32.499,1.45107,1.45125,1.00,1.00
2016.08.18 02:12:33.030,1.45108,1.45125,1.00,1.00
2016.08.18 02:12:34.142,1.45108,1.45128,1.00,1.87
2016.08.18 02:12:35.289,1.45108,1.45128,1.00,1.00
2016.08.18 02:12:35.894,1.45109,1.45128,1.00,1.00
2016.08.18 02:12:35.945,1.45109,1.45128,1.00,1.00
2016.08.18 02:12:36.200,1.45111,1.45127,1.00,1.00
2016.08.18 02:12:36.607,1.45109,1.45128,1.00,1.00
2016.08.18 02:12:38.548,1.45113,1.45131,1.00,1.00
2016.08.18 02:12:38.832,1.45113,1.45132,1.00,1.00
2016.08.18 02:12:38.883,1.45113,1.45132,1.00,1.00
2016.08.18 02:12:39.036,1.45116,1.45136,1.00,1.25
2016.08.18 02:12:39.087,1.45116,1.45137,1.00,1.00
2016.08.18 02:12:39.138,1.45118,1.45137,1.00,1.00
2016.08.18 02:12:39.227,1.45118,1.45137,1.00,1.00
2016.08.18 02:12:39.811,1.45121,1.45137,1.00,1.00
2016.08.18 02:12:40.017,1.45118,1.4514,2.25,1.56
2016.08.18 02:12:40.068,1.45118,1.45139,2.25,1.31
2016.08.18 02:12:40.119,1.45118,1.45138,1.69,1.00
2016.08.18 02:12:40.324,1.45119,1.45138,1.12,1.00
2016.08.18 02:12:40.426,1.45119,1.45139,1.12,1.50
2016.08.18 02:12:40.907,1.4512,1.45139,1.00,1.50
2016.08.18 02:12:40.958,1.4512,1.45139,1.00,1.00
2016.08.18 02:12:41.860,1.4512,1.45138,1.00,1.00
2016.08.18 02:12:41.962,1.4512,1.45138,1.00,1.00
2016.08.18 02:12:42.352,1.45121,1.45138,1.00,1.50
2016.08.18 02:12:42.507,1.45119,1.45138,1.12,1.50
2016.08.18 02:12:44.024,1.45119,1.45138,1.12,1.00
2016.08.18 02:12:44.076,1.45118,1.45136,1.50,1.00
2016.08.18 02:12:44.127,1.45116,1.45136,1.75,1.00
2016.08.18 02:12:44.864,1.45115,1.45133,1.75,1.00
2016.08.18 02:12:44.915,1.45111,1.45133,3.00,1.00
2016.08.18 02:12:45.223,1.45112,1.45133,1.00,1.00
2016.08.18 02:12:45.274,1.45112,1.45135,3.00,1.25
2016.08.18 02:12:45.333,1.45112,1.45134,2.25,1.56
2016.08.18 02:12:45.435,1.45113,1.45134,1.00,1.25
2016.08.18 02:12:45.640,1.45113,1.45134,1.50,1.25
2016.08.18 02:12:45.742,1.45113,1.45134,2.25,1.25
2016.08.18 02:12:45.793,1.45113,1.45134,2.25,1.69
2016.08.18 02:12:45.965,1.45113,1.45134,2.25,1.25
2016.08.18 02:12:46.437,1.45113,1.45124,1.00,1.00
2016.08.18 02:12:46.490,1.45105,1.45124,2.06,1.00
2016.08.18 02:12:46.541,1.45105,1.45124,1.00,1.00
2016.08.18 02:12:46.643,1.45103,1.45124,1.00,1.31
2016.08.18 02:12:46.695,1.45103,1.45124,1.00,1.31
2016.08.18 02:12:46.847,1.45103,1.45123,1.00,1.00
2016.08.18 02:12:47.051,1.45103,1.45124,1.00,1.31
2016.08.18 02:12:47.762,1.45103,1.45123,1.00,1.00
2016.08.18 02:12:47.867,1.45103,1.45124,1.00,1.31
2016.08.18 02:12:47.969,1.45103,1.45124,1.00,1.00
2016.08.18 02:12:49.079,1.45102,1.45119,1.00,1.00
2016.08.18 02:12:49.133,1.45099,1.45119,1.37,1.00
2016.08.18 02:12:49.185,1.45099,1.45119,1.50,1.00
2016.08.18 02:12:49.237,1.45099,1.45119,2.81,1.00
2016.08.18 02:12:49.289,1.451,1.45121,1.31,1.00
2016.08.18 02:12:49.340,1.45101,1.45121,1.37,1.00
2016.08.18 02:12:49.391,1.45101,1.45121,1.75,1.00
2016.08.18 02:12:49.544,1.45102,1.45123,1.50,1.00
2016.08.18 02:12:49.596,1.45102,1.45123,1.50,1.50
2016.08.18 02:12:49.669,1.45102,1.45122,1.50,1.00
2016.08.18 02:12:49.721,1.45103,1.45122,1.12,1.00
2016.08.18 02:12:49.994,1.45105,1.45122,1.00,1.00
2016.08.18 02:12:50.046,1.45105,1.45129,1.12,2.44
2016.08.18 02:12:50.097,1.45105,1.45129,1.12,2.06
2016.08.18 02:12:50.148,1.45104,1.45129,2.25,2.06
2016.08.18 02:12:50.200,1.45104,1.45123,2.25,1.00
2016.08.18 02:12:50.251,1.45105,1.45123,1.12,1.00
2016.08.18 02:12:50.354,1.45106,1.45123,1.19,1.00
2016.08.18 02:12:50.405,1.45106,1.45126,1.19,1.00
2016.08.18 02:12:51.075,1.45105,1.45122,1.31,1.00
2016.08.18 02:12:51.127,1.45104,1.45122,2.81,1.00
2016.08.18 02:12:51.178,1.45104,1.45122,2.44,1.00
2016.08.18 02:12:51.229,1.45105,1.45122,1.25,1.00
2016.08.18 02:12:51.783,1.45104,1.45122,1.69,1.00
2016.08.18 02:12:51.962,1.45104,1.45123,1.19,1.00
2016.08.18 02:12:52.064,1.45104,1.45123,1.00,1.00
2016.08.18 02:12:52.434,1.45104,1.45124,1.50,1.00
2016.08.18 02:12:52.739,1.45104,1.45123,1.69,1.00
2016.08.18 02:12:52.874,1.45104,1.45125,1.69,1.00
2016.08.18 02:12:53.079,1.45105,1.45126,1.19,1.00
2016.08.18 02:12:53.131,1.45105,1.45126,1.37,1.25
2016.08.18 02:12:53.422,1.45105,1.45126,1.00,1.31
2016.08.18 02:12:53.473,1.45103,1.45118,1.00,1.00
2016.08.18 02:12:54.705,1.45101,1.45115,3.19,1.00
2016.08.18 02:12:54.756,1.45101,1.45115,2.62,1.00
2016.08.18 02:12:54.807,1.45101,1.45118,2.62,1.00
2016.08.18 02:12:54.858,1.45101,1.45118,1.87,1.00
2016.08.18 02:12:55.096,1.45101,1.45118,1.12,1.00
2016.08.18 02:12:55.677,1.45101,1.45119,1.12,1.00
2016.08.18 02:12:56.314,1.45101,1.45119,1.12,1.00
2016.08.18 02:12:56.365,1.451,1.45119,2.81,1.00
2016.08.18 02:12:56.905,1.451,1.45117,2.81,1.00
2016.08.18 02:12:57.845,1.451,1.45117,3.56,1.00
2016.08.18 02:12:58.359,1.451,1.45118,3.56,1.00
2016.08.18 02:12:58.989,1.45101,1.45118,1.69,1.00
2016.08.18 02:12:59.144,1.45101,1.45117,1.69,1.00
2016.08.18 02:12:59.297,1.45103,1.45124,1.25,1.00
2016.08.18 02:12:59.349,1.45103,1.45124,1.31,1.00
2016.08.18 02:12:59.451,1.45103,1.45123,1.00,1.00
2016.08.18 02:12:59.503,1.45101,1.45113,1.12,1.00
2016.08.18 02:12:59.555,1.45099,1.45113,2.25,1.00
2016.08.18 02:12:59.847,1.45099,1.45113,1.37,1.00
2016.08.18 02:12:59.901,1.45099,1.45114,1.00,1.00
2016.08.18 02:13:00.055,1.45097,1.45114,1.69,1.00
2016.08.18 02:13:00.387,1.45098,1.45114,1.56,1.00
2016.08.18 02:13:00.438,1.45098,1.45118,2.81,1.00
2016.08.18 02:13:00.804,1.45098,1.45118,3.56,1.00
2016.08.18 02:13:01.199,1.45101,1.45119,1.56,1.00
2016.08.18 02:13:01.302,1.451,1.45118,1.69,1.00
2016.08.18 02:13:02.016,1.45099,1.45119,1.31,1.50
2016.08.18 02:13:02.800,1.45099,1.45119,2.06,1.00
2016.08.18 02:13:03.109,1.45101,1.45119,1.31,1.00
2016.08.18 02:13:03.424,1.45098,1.45114,1.75,1.00
2016.08.18 02:13:03.481,1.45096,1.45114,1.87,1.00
2016.08.18 02:13:03.534,1.45096,1.45111,1.00,1.00
2016.08.18 02:13:03.585,1.45094,1.45111,1.00,1.00
2016.08.18 02:13:03.890,1.45092,1.45109,1.69,1.00
2016.08.18 02:13:03.941,1.45092,1.45109,1.31,1.00
2016.08.18 02:13:03.992,1.45092,1.45114,1.31,1.00
2016.08.18 02:13:04.651,1.45092,1.45114,1.31,1.50
2016.08.18 02:13:05.077,1.45092,1.45114,1.00,1.50
2016.08.18 02:13:05.128,1.45093,1.45115,1.00,1.00
2016.08.18 02:13:05.179,1.45093,1.45115,2.44,1.00
2016.08.18 02:13:05.275,1.45094,1.45115,1.69,1.00
2016.08.18 02:13:05.326,1.45094,1.45115,1.69,1.00
2016.08.18 02:13:05.689,1.45094,1.45114,1.25,1.50
2016.08.18 02:13:05.740,1.45094,1.45114,1.25,1.00
2016.08.18 02:13:06.245,1.45094,1.45115,1.25,1.00
2016.08.18 02:13:06.550,1.45093,1.45115,3.56,1.00
2016.08.18 02:13:06.653,1.45095,1.45115,1.31,1.00
2016.08.18 02:13:06.957,1.45095,1.45115,1.56,1.00
2016.08.18 02:13:07.060,1.45094,1.45117,1.69,1.00
2016.08.18 02:13:07.111,1.45096,1.45118,1.56,1.00
2016.08.18 02:13:07.215,1.45096,1.45117,1.56,1.00
2016.08.18 02:13:07.481,1.45096,1.45117,2.06,1.00
2016.08.18 02:13:07.533,1.45098,1.4512,1.00,1.00
2016.08.18 02:13:07.585,1.45098,1.4512,1.94,1.00
2016.08.18 02:13:07.667,1.451,1.45119,1.62,1.00
2016.08.18 02:13:08.055,1.451,1.4512,1.62,1.00
2016.08.18 02:13:08.773,1.45098,1.4512,1.75,1.50
2016.08.18 02:13:08.824,1.45096,1.45117,2.81,1.50
2016.08.18 02:13:08.927,1.45096,1.45117,2.44,1.00
2016.08.18 02:13:09.029,1.45095,1.45115,1.31,1.00
2016.08.18 02:13:09.080,1.45095,1.45115,1.56,1.00
2016.08.18 02:13:09.420,1.45095,1.45116,1.56,1.00
2016.08.18 02:13:09.624,1.45095,1.45117,1.56,1.50
2016.08.18 02:13:09.727,1.45095,1.45117,1.56,1.50
2016.08.18 02:13:09.830,1.45095,1.45117,1.56,1.00
2016.08.18 02:13:10.308,1.45096,1.45115,1.31,1.00
2016.08.18 02:13:10.411,1.45096,1.45117,1.31,1.50
2016.08.18 02:13:10.463,1.45095,1.45116,2.06,1.00
2016.08.18 02:13:10.744,1.45095,1.45116,2.06,1.50
2016.08.18 02:13:10.897,1.45095,1.45116,2.06,1.50
2016.08.18 02:13:11.616,1.45098,1.45116,1.62,1.00
2016.08.18 02:13:11.718,1.45098,1.45118,1.62,1.00
2016.08.18 02:13:11.922,1.45098,1.45118,1.62,1.50
2016.08.18 02:13:12.024,1.45098,1.45118,1.62,1.00
2016.08.18 02:13:12.994,1.45098,1.45119,2.06,1.00
2016.08.18 02:13:13.202,1.45098,1.45119,2.06,1.50
2016.08.18 02:13:14.019,1.45098,1.45119,2.06,1.00
2016.08.18 02:13:14.403,1.45098,1.45119,2.06,1.50
2016.08.18 02:13:16.636,1.45098,1.45119,2.06,1.00
2016.08.18 02:13:16.733,1.45099,1.45118,1.25,1.00
2016.08.18 02:13:16.936,1.45099,1.45118,1.25,1.50
2016.08.18 02:13:17.319,1.45099,1.45118,1.25,1.00
2016.08.18 02:13:17.399,1.45099,1.45119,1.25,1.00
2016.08.18 02:13:17.551,1.45099,1.45119,1.25,1.00
2016.08.18 02:13:18.652,1.45098,1.45119,2.06,1.00
2016.08.18 02:13:19.566,1.45099,1.4512,1.69,1.00
2016.08.18 02:13:28.471,1.45099,1.4512,1.12,1.00
2016.08.18 02:13:28.522,1.45099,1.45115,1.12,1.00
2016.08.18 02:13:28.573,1.45098,1.45115,1.50,1.00
2016.08.18 02:13:28.847,1.45098,1.45115,2.25,1.00
2016.08.18 02:13:28.949,1.45098,1.45115,1.87,1.00
2016.08.18 02:13:29.000,1.45098,1.45115,1.50,1.00
2016.08.18 02:13:29.051,1.45097,1.45116,1.12,1.00
2016.08.18 02:13:29.103,1.45097,1.45116,1.12,1.00
2016.08.18 02:13:29.154,1.45095,1.45115,2.25,1.00
2016.08.18 02:13:29.256,1.45093,1.45114,3.75,1.00
2016.08.18 02:13:29.546,1.45094,1.45115,1.12,1.00
2016.08.18 02:13:29.649,1.45094,1.45115,1.12,1.00
2016.08.18 02:13:29.700,1.45096,1.45116,1.00,1.00
2016.08.18 02:13:29.751,1.45096,1.45117,1.00,1.00
2016.08.18 02:13:29.801,1.45095,1.45116,1.00,1.00
2016.08.18 02:13:29.853,1.45097,1.45116,1.00,1.00
2016.08.18 02:13:30.056,1.45097,1.45119,1.50,1.00
2016.08.18 02:13:31.306,1.45097,1.45118,1.50,1.00
2016.08.18 02:13:31.970,1.45098,1.45119,1.00,1.00
2016.08.18 02:13:32.276,1.45097,1.45118,1.50,1.00
2016.08.18 02:13:35.196,1.45097,1.45118,2.25,1.00
2016.08.18 02:13:36.969,1.45097,1.45118,1.50,1.00
2016.08.18 02:13:39.240,1.45097,1.45119,2.25,1.00
2016.08.18 02:13:42.130,1.45097,1.45119,2.25,1.00
2016.08.18 02:13:42.232,1.45097,1.45119,2.25,1.00
2016.08.18 02:13:42.283,1.45098,1.45119,1.00,1.00
2016.08.18 02:13:42.834,1.45099,1.45122,1.00,1.87
2016.08.18 02:13:42.914,1.45099,1.45121,1.50,1.00
2016.08.18 02:13:43.739,1.45102,1.45122,1.37,1.00
2016.08.18 02:13:43.792,1.45102,1.45123,2.25,1.50
2016.08.18 02:13:43.843,1.45102,1.45121,2.25,1.00
2016.08.18 02:13:43.895,1.45102,1.4512,1.50,1.00
2016.08.18 02:13:43.997,1.451,1.45119,1.87,1.00
2016.08.18 02:13:44.100,1.451,1.45116,1.12,1.00
2016.08.18 02:13:44.152,1.451,1.4512,1.12,1.00
2016.08.18 02:13:44.672,1.451,1.45116,1.87,1.00
2016.08.18 02:13:45.313,1.451,1.45115,1.87,1.00
2016.08.18 02:13:47.956,1.45103,1.45122,1.00,1.00
2016.08.18 02:13:48.495,1.45103,1.45121,1.00,1.00
2016.08.18 02:13:49.753,1.45103,1.45115,1.00,1.00
2016.08.18 02:13:49.999,1.45101,1.45115,1.12,1.00
2016.08.18 02:13:50.050,1.451,1.45115,1.37,1.00
2016.08.18 02:13:50.487,1.45099,1.45116,1.50,1.00
2016.08.18 02:13:53.220,1.45098,1.45116,1.75,1.00
2016.08.18 02:13:54.865,1.45098,1.45115,1.75,1.00
2016.08.18 02:13:55.328,1.45098,1.45116,2.25,1.00
2016.08.18 02:13:55.453,1.45098,1.45116,2.25,1.50
2016.08.18 02:13:55.556,1.45098,1.45114,1.75,1.50
2016.08.18 02:13:55.608,1.45098,1.45114,1.00,1.50
2016.08.18 02:13:55.660,1.45097,1.45112,1.87,1.00
2016.08.18 02:13:55.923,1.45097,1.45111,1.87,1.00
2016.08.18 02:13:55.975,1.45097,1.45115,1.87,1.50
2016.08.18 02:13:56.027,1.45098,1.45115,1.00,1.50
2016.08.18 02:13:57.032,1.451,1.45115,1.50,1.50
2016.08.18 02:13:57.350,1.451,1.45115,1.50,1.00
2016.08.18 02:13:57.402,1.451,1.45116,1.50,1.50
2016.08.18 02:13:59.800,1.45099,1.45116,1.75,1.50
2016.08.18 02:14:00.181,1.45099,1.45115,1.75,1.00
2016.08.18 02:14:00.571,1.45099,1.45115,2.25,1.00
2016.08.18 02:14:00.673,1.45103,1.45115,1.00,1.00
2016.08.18 02:14:01.444,1.45103,1.45116,1.00,1.00
2016.08.18 02:14:01.844,1.45103,1.45117,1.00,1.23
2016.08.18 02:14:01.895,1.45103,1.45123,1.00,1.23
2016.08.18 02:14:02.048,1.45102,1.45123,1.00,1.73
2016.08.18 02:14:02.099,1.45102,1.45123,1.00,2.48
2016.08.18 02:14:03.160,1.45102,1.45123,1.00,1.73
2016.08.18 02:14:03.262,1.45102,1.45123,1.00,1.55
2016.08.18 02:14:05.132,1.45102,1.45122,1.00,1.05
2016.08.18 02:14:08.768,1.45102,1.45121,1.00,1.05
2016.08.18 02:14:10.912,1.45102,1.45122,1.00,1.05
2016.08.18 02:14:11.917,1.45103,1.45123,1.00,1.05
2016.08.18 02:14:18.793,1.45103,1.45123,1.00,1.00
2016.08.18 02:14:19.342,1.45103,1.45122,1.00,1.00
2016.08.18 02:14:21.858,1.45102,1.45122,1.50,1.00
2016.08.18 02:14:22.174,1.45102,1.45122,1.00,1.00
2016.08.18 02:14:24.407,1.45102,1.45122,1.00,1.06
2016.08.18 02:14:24.561,1.45102,1.45122,1.00,1.05
2016.08.18 02:14:26.363,1.45101,1.45122,1.12,1.05
2016.08.18 02:14:26.477,1.45102,1.45122,1.00,1.05
2016.08.18 02:14:27.167,1.45101,1.45122,1.12,1.05
2016.08.18 02:14:27.404,1.45101,1.45122,1.87,1.05
2016.08.18 02:14:28.939,1.45101,1.45122,1.12,1.05
2016.08.18 02:14:29.092,1.45101,1.45117,1.12,1.06
2016.08.18 02:14:30.010,1.45101,1.45117,1.00,1.06
2016.08.18 02:14:31.130,1.451,1.45117,1.50,1.05
2016.08.18 02:14:31.355,1.451,1.45117,1.50,1.05
2016.08.18 02:14:31.986,1.451,1.45117,1.50,1.56
2016.08.18 02:14:35.295,1.451,1.45117,1.50,2.06
2016.08.18 02:14:35.397,1.45099,1.45117,1.75,2.06
2016.08.18 02:14:36.302,1.45099,1.45117,2.25,2.06
2016.08.18 02:14:37.132,1.451,1.45117,1.50,1.56
2016.08.18 02:14:38.414,1.451,1.45118,1.50,2.06
2016.08.18 02:14:40.524,1.451,1.45117,1.50,1.56
2016.08.18 02:14:41.835,1.45098,1.45117,2.25,1.56
2016.08.18 02:14:42.041,1.45098,1.45119,2.25,1.56
2016.08.18 02:14:42.144,1.451,1.45119,1.50,1.56
2016.08.18 02:14:44.850,1.451,1.4512,1.50,1.56
2016.08.18 02:14:48.708,1.451,1.45117,1.50,1.56
2016.08.18 02:14:54.321,1.451,1.45119,1.50,2.06
2016.08.18 02:14:56.504,1.451,1.45119,1.50,1.56
2016.08.18 02:14:58.174,1.451,1.45119,1.50,1.56
2016.08.18 02:14:59.355,1.451,1.45119,1.50,1.56
2016.08.18 02:14:59.687,1.45101,1.4512,1.12,1.56
2016.08.18 02:14:59.738,1.45101,1.45122,1.12,1.56
2016.08.18 02:15:00.221,1.45101,1.45122,1.12,2.06
2016.08.18 02:15:00.323,1.45101,1.45123,1.12,1.56
2016.08.18 02:15:01.034,1.45104,1.45125,1.12,2.06
2016.08.18 02:15:01.640,1.45103,1.45125,1.50,1.31
2016.08.18 02:15:02.268,1.45103,1.45125,1.50,1.31
2016.08.18 02:15:02.644,1.45105,1.45125,1.00,1.31
2016.08.18 02:15:03.171,1.45102,1.45123,2.25,1.00
2016.08.18 02:15:03.223,1.45102,1.45125,2.25,1.31
2016.08.18 02:15:03.325,1.45102,1.45125,1.50,1.56
2016.08.18 02:15:03.376,1.45102,1.45125,1.00,1.56
2016.08.18 02:15:03.427,1.45102,1.45125,1.00,2.81
2016.08.18 02:15:03.840,1.45102,1.45123,1.00,1.31
2016.08.18 02:15:04.250,1.45102,1.45122,1.00,1.25
2016.08.18 02:15:04.853,1.45101,1.45122,1.12,1.56
2016.08.18 02:15:05.563,1.45099,1.45122,3.00,1.56
2016.08.18 02:15:05.664,1.45103,1.45124,1.00,1.56
2016.08.18 02:15:05.715,1.45103,1.45124,1.37,1.56
2016.08.18 02:15:05.767,1.45104,1.45124,1.12,1.56
2016.08.18 02:15:05.818,1.45104,1.45124,1.37,1.56
2016.08.18 02:15:05.869,1.45105,1.45124,1.50,1.56
2016.08.18 02:15:05.921,1.45105,1.45124,1.50,1.31
2016.08.18 02:15:05.972,1.45105,1.45127,1.50,2.06
2016.08.18 02:15:06.074,1.45105,1.45127,1.50,2.81
2016.08.18 02:15:06.125,1.45105,1.45127,2.25,2.81
2016.08.18 02:15:06.519,1.45105,1.45126,2.25,1.56
2016.08.18 02:15:07.134,1.45105,1.45126,2.25,2.06
2016.08.18 02:15:07.326,1.45105,1.45126,2.25,1.56
2016.08.18 02:15:09.666,1.45105,1.45124,2.25,1.56
2016.08.18 02:15:10.740,1.45105,1.45127,2.25,1.80
2016.08.18 02:15:11.155,1.45105,1.45124,2.25,1.30
2016.08.18 02:15:11.207,1.45106,1.45124,1.12,1.30
2016.08.18 02:15:13.502,1.45108,1.45126,1.00,1.30
2016.08.18 02:15:14.918,1.45105,1.45121,1.50,1.30
2016.08.18 02:15:14.969,1.45105,1.45122,1.50,1.99
2016.08.18 02:15:15.020,1.451,1.45118,1.75,1.30
2016.08.18 02:15:15.071,1.451,1.45118,1.12,1.80
2016.08.18 02:15:15.122,1.45097,1.45118,1.75,1.80
2016.08.18 02:15:15.173,1.45097,1.45118,1.00,1.80
2016.08.18 02:15:15.327,1.45097,1.45118,1.50,1.80
2016.08.18 02:15:15.429,1.45097,1.45118,1.00,1.68
2016.08.18 02:15:15.480,1.45097,1.45118,1.00,1.80
2016.08.18 02:15:15.531,1.45097,1.45118,1.00,1.43
2016.08.18 02:15:15.582,1.45097,1.45118,1.00,1.30
2016.08.18 02:15:16.130,1.45097,1.45118,1.00,1.30
2016.08.18 02:15:16.504,1.45099,1.45119,1.00,1.30
2016.08.18 02:15:17.767,1.45098,1.45119,1.00,1.80
2016.08.18 02:15:18.639,1.45098,1.45119,1.00,1.30
2016.08.18 02:15:19.188,1.451,1.45121,1.00,1.43
2016.08.18 02:15:19.239,1.45099,1.45121,1.50,2.18
2016.08.18 02:15:19.290,1.45099,1.45121,1.50,1.43
2016.08.18 02:15:19.341,1.45099,1.45121,1.37,1.05
2016.08.18 02:15:19.393,1.45099,1.45121,1.75,1.05
2016.08.18 02:15:19.444,1.451,1.45121,1.50,1.05
2016.08.18 02:15:19.546,1.45099,1.45121,1.75,1.05
2016.08.18 02:15:19.699,1.451,1.45122,1.50,1.30
2016.08.18 02:15:20.020,1.45099,1.45124,1.75,1.30
2016.08.18 02:15:20.071,1.45101,1.45124,1.12,1.30
2016.08.18 02:15:20.826,1.45101,1.45123,1.12,1.30
2016.08.18 02:15:20.877,1.45101,1.45123,1.00,1.43
2016.08.18 02:15:24.170,1.45099,1.45123,1.00,1.43
2016.08.18 02:15:24.222,1.45104,1.45124,1.00,1.05
2016.08.18 02:15:24.324,1.45101,1.45124,1.00,1.80
2016.08.18 02:15:24.375,1.45102,1.45123,1.37,1.30
2016.08.18 02:15:24.477,1.45101,1.45122,1.50,1.30
2016.08.18 02:15:24.528,1.451,1.45121,2.25,1.30
2016.08.18 02:15:24.971,1.45102,1.45124,1.37,1.30
2016.08.18 02:15:25.022,1.45102,1.45123,1.37,1.30
2016.08.18 02:15:26.785,1.45102,1.45124,1.37,1.80
2016.08.18 02:15:29.394,1.45102,1.45124,1.37,1.30
2016.08.18 02:15:29.546,1.45103,1.45125,1.12,1.30
2016.08.18 02:15:30.224,1.45103,1.45125,1.12,1.80
2016.08.18 02:15:30.682,1.45103,1.45125,1.12,1.30
2016.08.18 02:15:31.452,1.45103,1.45125,1.37,1.30
2016.08.18 02:15:31.503,1.45103,1.45125,2.25,1.30
2016.08.18 02:15:31.554,1.45103,1.45125,3.00,1.30
2016.08.18 02:15:31.605,1.45103,1.45125,3.75,1.30
2016.08.18 02:15:35.955,1.45104,1.45126,1.75,1.30
2016.08.18 02:15:36.648,1.45105,1.45127,1.50,1.80
2016.08.18 02:15:37.164,1.45105,1.45125,1.50,1.30
2016.08.18 02:15:37.531,1.45103,1.45124,1.12,1.30
2016.08.18 02:15:38.372,1.45103,1.45124,1.12,1.00
2016.08.18 02:15:40.485,1.45107,1.45128,1.00,1.43
2016.08.18 02:15:40.587,1.45107,1.45128,1.00,1.30
2016.08.18 02:15:40.689,1.45107,1.45129,1.00,1.55
2016.08.18 02:15:40.991,1.45109,1.45129,1.00,1.55
2016.08.18 02:15:41.042,1.45109,1.45129,1.00,1.56
2016.08.18 02:15:42.639,1.45108,1.45129,1.00,1.56
2016.08.18 02:15:43.380,1.4511,1.4513,1.00,2.25
2016.08.18 02:15:44.684,1.4511,1.4513,1.00,1.81
2016.08.18 02:15:44.735,1.4511,1.4513,1.00,1.00
2016.08.18 02:15:44.786,1.45112,1.45131,1.00,1.69
2016.08.18 02:15:46.230,1.45112,1.45131,1.00,2.44
2016.08.18 02:15:47.291,1.45112,1.45131,1.00,1.69
2016.08.18 02:15:47.581,1.45112,1.45132,1.00,1.31
2016.08.18 02:15:47.930,1.45114,1.45133,1.00,1.56
2016.08.18 02:15:49.286,1.45114,1.45132,1.00,1.56
2016.08.18 02:15:49.598,1.4511,1.45132,1.50,1.56
2016.08.18 02:15:50.586,1.4511,1.45132,1.50,2.06
2016.08.18 02:15:50.688,1.4511,1.45131,1.50,1.56
2016.08.18 02:15:50.790,1.4511,1.45129,1.50,1.31
2016.08.18 02:15:50.841,1.4511,1.45129,1.50,1.56
2016.08.18 02:15:50.893,1.4511,1.45129,1.50,1.56
2016.08.18 02:15:51.097,1.4511,1.45129,1.00,1.56
2016.08.18 02:15:51.550,1.45109,1.45129,1.12,1.56
2016.08.18 02:15:51.703,1.45109,1.45127,1.12,1.56
2016.08.18 02:15:54.569,1.4511,1.45127,1.00,1.56
2016.08.18 02:15:54.622,1.4511,1.45129,1.00,2.06
2016.08.18 02:15:55.223,1.4511,1.45127,1.00,1.56
2016.08.18 02:15:55.274,1.4511,1.45129,1.00,1.56
2016.08.18 02:15:56.150,1.4511,1.45125,1.00,1.00
2016.08.18 02:15:56.485,1.45108,1.45122,1.00,1.00
2016.08.18 02:15:56.536,1.45105,1.4512,1.00,1.56
2016.08.18 02:15:57.059,1.45106,1.4512,1.00,1.56
2016.08.18 02:15:57.749,1.45106,1.45119,1.00,1.56
2016.08.18 02:15:57.851,1.45106,1.45119,1.00,1.31
2016.08.18 02:15:59.362,1.45106,1.4512,1.00,1.56
2016.08.18 02:16:00.148,1.45108,1.45121,1.00,1.31
2016.08.18 02:16:00.537,1.45109,1.45123,1.00,1.56
2016.08.18 02:16:00.588,1.45107,1.45123,1.00,1.56
2016.08.18 02:16:00.690,1.45104,1.45122,1.00,1.56
2016.08.18 02:16:00.792,1.45104,1.45122,1.00,1.56
2016.08.18 02:16:01.263,1.45105,1.45121,1.00,1.31
2016.08.18 02:16:01.839,1.45105,1.45119,1.00,1.00
2016.08.18 02:16:02.094,1.45104,1.45119,1.50,1.00
2016.08.18 02:16:02.653,1.45104,1.4512,1.50,1.00
2016.08.18 02:16:02.774,1.45104,1.45118,1.50,1.00
2016.08.18 02:16:02.826,1.45104,1.45118,1.50,1.00
2016.08.18 02:16:02.877,1.45104,1.45121,1.00,1.56
2016.08.18 02:16:02.928,1.45102,1.4512,2.25,1.56
2016.08.18 02:16:02.979,1.45104,1.45119,1.00,1.56
2016.08.18 02:16:03.030,1.45104,1.45119,1.00,1.56
2016.08.18 02:16:03.632,1.45106,1.45122,1.75,1.00
2016.08.18 02:16:03.684,1.4511,1.45124,1.00,1.00
2016.08.18 02:16:03.786,1.45107,1.45124,3.00,1.00
2016.08.18 02:16:03.888,1.45107,1.45123,1.75,1.00
2016.08.18 02:16:03.990,1.45105,1.45123,1.75,1.00
2016.08.18 02:16:04.143,1.45105,1.45123,1.37,1.00
2016.08.18 02:16:05.473,1.45105,1.45122,1.37,1.00
2016.08.18 02:16:06.112,1.45104,1.45122,3.00,1.00
2016.08.18 02:16:06.874,1.45104,1.45122,2.25,1.00
2016.08.18 02:16:09.746,1.45104,1.45123,2.25,1.00
2016.08.18 02:16:09.833,1.45104,1.45123,1.50,1.56
2016.08.18 02:16:09.884,1.45104,1.45123,1.00,1.00
2016.08.18 02:16:09.936,1.45102,1.45123,2.62,1.00
2016.08.18 02:16:10.089,1.45102,1.45123,3.37,1.56
2016.08.18 02:16:10.294,1.45103,1.45122,1.00,1.56
2016.08.18 02:16:11.629,1.45104,1.45122,1.00,1.56
2016.08.18 02:16:11.680,1.45104,1.45123,1.75,1.00
2016.08.18 02:16:11.782,1.45105,1.45123,1.00,1.00
2016.08.18 02:16:11.884,1.45105,1.45127,1.00,2.06
2016.08.18 02:16:11.935,1.45105,1.45127,1.00,1.56
2016.08.18 02:16:12.553,1.45107,1.45128,1.12,1.19
2016.08.18 02:16:13.063,1.45107,1.45129,1.12,1.19
2016.08.18 02:16:13.558,1.45106,1.45129,1.00,2.44
2016.08.18 02:16:13.610,1.45105,1.45129,1.50,2.44
2016.08.18 02:16:14.437,1.45105,1.45129,2.25,2.44
2016.08.18 02:16:15.136,1.45107,1.45129,1.00,2.44
2016.08.18 02:16:15.391,1.45107,1.45129,1.00,2.25
2016.08.18 02:16:15.442,1.45109,1.45129,1.00,1.75
2016.08.18 02:16:15.494,1.45109,1.45129,1.00,1.94
2016.08.18 02:16:15.596,1.45109,1.45131,1.00,2.44
2016.08.18 02:16:17.565,1.45109,1.45131,1.00,1.94
2016.08.18 02:16:18.025,1.45111,1.45132,1.00,1.94
2016.08.18 02:16:18.076,1.45111,1.45132,1.00,1.69
2016.08.18 02:16:18.390,1.45112,1.45133,1.00,1.19
2016.08.18 02:16:18.918,1.45111,1.45133,1.00,1.19
2016.08.18 02:16:20.200,1.45111,1.45133,1.00,1.69
2016.08.18 02:16:20.521,1.45113,1.45133,1.00,1.19
2016.08.18 02:16:23.958,1.45113,1.45132,1.00,1.19
2016.08.18 02:16:26.216,1.45114,1.45132,1.00,1.19
2016.08.18 02:16:26.995,1.45114,1.45133,1.00,1.19
2016.08.18 02:16:27.503,1.45114,1.45132,1.00,1.19
2016.08.18 02:16:28.074,1.45114,1.45131,1.00,1.19
2016.08.18 02:16:28.876,1.45114,1.45133,1.00,1.19
2016.08.18 02:16:32.191,1.45113,1.45133,1.00,1.19
2016.08.18 02:16:34.367,1.45113,1.45134,1.00,1.19
2016.08.18 02:16:34.419,1.45115,1.45135,1.00,1.19
2016.08.18 02:16:34.929,1.45115,1.45134,1.00,1.19
2016.08.18 02:16:36.352,1.45114,1.45134,1.00,1.19
2016.08.18 02:16:36.659,1.45112,1.45134,2.62,1.19
2016.08.18 02:16:36.761,1.45112,1.45134,1.87,1.19
2016.08.18 02:16:36.812,1.45112,1.45133,1.12,1.19
2016.08.18 02:16:36.864,1.45111,1.45132,2.25,1.19
2016.08.18 02:16:37.373,1.45111,1.45129,2.25,1.25
2016.08.18 02:16:37.431,1.45111,1.45129,1.50,1.25
2016.08.18 02:16:37.482,1.45111,1.45131,1.50,1.19
2016.08.18 02:16:37.584,1.45111,1.45132,1.50,1.69
2016.08.18 02:16:37.636,1.45111,1.45132,1.50,2.06
2016.08.18 02:16:38.194,1.45111,1.4513,1.50,1.56
2016.08.18 02:16:38.486,1.45109,1.45123,1.00,1.56
2016.08.18 02:16:38.539,1.45108,1.45123,1.00,2.06
2016.08.18 02:16:38.896,1.45107,1.45122,1.00,1.56
2016.08.18 02:16:39.411,1.45107,1.45122,1.00,1.25
2016.08.18 02:16:40.279,1.45107,1.45121,1.00,1.00
2016.08.18 02:16:40.511,1.45106,1.45122,1.00,1.25
2016.08.18 02:16:40.911,1.45106,1.45124,1.00,1.56
2016.08.18 02:16:40.963,1.45108,1.45124,1.00,1.31
2016.08.18 02:16:41.271,1.4511,1.45124,1.00,1.31
2016.08.18 02:16:43.184,1.4511,1.45125,1.00,1.56
2016.08.18 02:16:46.780,1.4511,1.45124,1.00,1.31
2016.08.18 02:16:47.099,1.45109,1.45123,1.00,1.00
2016.08.18 02:16:47.151,1.45107,1.45123,1.00,1.00
2016.08.18 02:16:48.939,1.45105,1.45123,1.50,1.00
2016.08.18 02:16:49.042,1.45104,1.45122,3.00,1.00
2016.08.18 02:16:49.145,1.45104,1.45122,1.50,1.56
2016.08.18 02:16:49.298,1.45104,1.45124,1.50,2.06
2016.08.18 02:16:50.100,1.45104,1.45121,1.00,1.31
2016.08.18 02:16:50.198,1.45103,1.45121,1.50,1.31
2016.08.18 02:16:50.504,1.45103,1.4512,1.50,1.00
2016.08.18 02:16:53.999,1.45103,1.45122,1.50,1.56
2016.08.18 02:16:54.152,1.45106,1.45122,1.00,1.56
2016.08.18 02:16:54.648,1.45104,1.45122,1.00,1.56
2016.08.18 02:16:55.165,1.45106,1.45122,1.00,1.56
2016.08.18 02:16:55.952,1.45107,1.45122,1.00,1.56
2016.08.18 02:16:56.104,1.45107,1.45121,1.00,1.31
2016.08.18 02:16:56.805,1.45107,1.45124,1.00,2.06
2016.08.18 02:16:56.856,1.45105,1.45124,1.00,2.06
2016.08.18 02:16:56.958,1.45107,1.45124,1.00,2.06
2016.08.18 02:16:57.646,1.45105,1.45124,1.12,1.56
2016.08.18 02:16:58.160,1.45105,1.45125,1.12,1.56
2016.08.18 02:16:59.568,1.45105,1.45125,1.12,1.56
2016.08.18 02:16:59.925,1.45105,1.45124,1.12,1.31
2016.08.18 02:17:00.306,1.45104,1.45122,1.12,1.56
2016.08.18 02:17:00.358,1.45104,1.45122,1.00,1.00
2016.08.18 02:17:00.409,1.45104,1.45125,1.00,2.06
2016.08.18 02:17:00.460,1.45104,1.45125,1.00,1.69
2016.08.18 02:17:00.665,1.45107,1.45126,1.00,1.31
2016.08.18 02:17:00.716,1.45107,1.45126,1.00,1.31
2016.08.18 02:17:00.767,1.45108,1.45127,1.00,1.69
2016.08.18 02:17:00.870,1.45106,1.45127,1.50,1.56
2016.08.18 02:17:01.411,1.45105,1.45127,1.50,1.56
2016.08.18 02:17:01.514,1.45106,1.45128,1.00,2.06
2016.08.18 02:17:01.565,1.45105,1.45127,1.50,1.56
2016.08.18 02:17:01.616,1.45105,1.45127,1.00,2.06
2016.08.18 02:17:01.769,1.45105,1.45126,1.00,1.25
2016.08.18 02:17:01.820,1.45105,1.45126,1.00,1.25
2016.08.18 02:17:01.871,1.45102,1.45123,2.25,1.56
2016.08.18 02:17:01.922,1.45102,1.45123,1.37,1.56
2016.08.18 02:17:01.974,1.45102,1.45123,1.00,1.56
2016.08.18 02:17:02.025,1.45102,1.45123,1.00,2.06
2016.08.18 02:17:02.127,1.45102,1.45123,1.00,2.06
2016.08.18 02:17:02.439,1.45102,1.45121,1.00,1.56
2016.08.18 02:17:02.541,1.45102,1.4512,1.00,1.31
2016.08.18 02:17:02.592,1.45101,1.4512,1.12,1.31
2016.08.18 02:17:02.679,1.45101,1.45116,1.12,1.00
2016.08.18 02:17:03.151,1.45101,1.45117,1.00,1.00
2016.08.18 02:17:03.202,1.451,1.45112,1.00,1.00
2016.08.18 02:17:03.304,1.45097,1.45114,1.50,1.00
2016.08.18 02:17:03.356,1.45097,1.45114,1.00,1.00
2016.08.18 02:17:03.621,1.45097,1.45114,1.00,1.31
2016.08.18 02:17:03.672,1.45097,1.45115,1.00,1.56
2016.08.18 02:17:03.723,1.45097,1.45113,1.00,1.00
2016.08.18 02:17:03.825,1.45099,1.45116,1.00,1.56
2016.08.18 02:17:03.876,1.451,1.45116,1.00,1.00
2016.08.18 02:17:04.029,1.451,1.45117,1.00,1.31
2016.08.18 02:17:04.852,1.451,1.45117,1.00,1.00
2016.08.18 02:17:05.419,1.45101,1.45117,1.00,1.00
2016.08.18 02:17:08.370,1.45101,1.45116,1.00,1.00
2016.08.18 02:17:11.633,1.45101,1.45118,1.00,1.00
2016.08.18 02:17:11.684,1.45104,1.45118,1.00,1.00
2016.08.18 02:17:11.735,1.45104,1.4512,1.00,1.00
2016.08.18 02:17:12.251,1.45103,1.45119,1.00,1.00
2016.08.18 02:17:13.066,1.45103,1.45118,1.00,1.00
2016.08.18 02:17:19.508,1.45102,1.45118,1.50,1.00
2016.08.18 02:17:19.973,1.45102,1.45118,1.00,1.00
2016.08.18 02:17:20.025,1.451,1.45118,2.25,1.00
2016.08.18 02:17:21.051,1.45102,1.45118,1.00,1.00
2016.08.18 02:17:21.827,1.45101,1.45118,1.00,1.00
2016.08.18 02:17:22.382,1.45101,1.45118,1.00,1.00
2016.08.18 02:17:23.162,1.45102,1.45119,1.00,1.25
2016.08.18 02:17:23.750,1.45103,1.45119,1.00,1.25
2016.08.18 02:17:24.464,1.45103,1.45119,1.00,1.00
2016.08.18 02:17:24.515,1.45102,1.45119,1.00,1.00
2016.08.18 02:17:25.039,1.45103,1.45119,1.00,1.00
2016.08.18 02:17:25.141,1.45103,1.4512,1.00,1.25
2016.08.18 02:17:27.113,1.45104,1.4512,1.00,1.25
2016.08.18 02:17:27.318,1.45107,1.4512,1.00,1.25
2016.08.18 02:17:27.369,1.45107,1.45121,1.00,1.00
2016.08.18 02:17:27.711,1.45104,1.45122,1.12,1.00
2016.08.18 02:17:27.763,1.45104,1.45125,1.50,1.69
2016.08.18 02:17:27.839,1.45102,1.45124,1.12,2.81
2016.08.18 02:17:27.905,1.45102,1.45124,1.12,3.00
2016.08.18 02:17:27.959,1.45102,1.45123,1.12,1.56
2016.08.18 02:17:28.061,1.45102,1.4512,1.12,1.00
2016.08.18 02:17:28.112,1.45103,1.4512,1.00,1.00
2016.08.18 02:17:29.818,1.45104,1.4512,1.00,1.00
2016.08.18 02:17:30.209,1.45104,1.45121,1.00,1.31
2016.08.18 02:17:30.814,1.45105,1.45121,1.00,1.31
2016.08.18 02:17:32.961,1.45105,1.45121,1.00,1.00
2016.08.18 02:17:35.597,1.45105,1.45126,1.00,3.00
2016.08.18 02:17:36.139,1.45105,1.45126,1.00,1.69
2016.08.18 02:17:36.190,1.45105,1.45125,1.00,1.00
2016.08.18 02:17:36.498,1.45105,1.45127,1.00,1.69
2016.08.18 02:17:39.214,1.45105,1.45125,1.00,1.25
2016.08.18 02:17:39.574,1.45105,1.45125,1.00,1.00
2016.08.18 02:17:40.808,1.45106,1.45125,1.00,1.00
2016.08.18 02:17:41.562,1.45105,1.45127,1.00,1.87
2016.08.18 02:17:41.613,1.45105,1.45127,1.00,2.25
2016.08.18 02:17:41.664,1.45104,1.45126,1.00,1.12
2016.08.18 02:17:41.960,1.45104,1.45125,1.00,1.37
2016.08.18 02:17:42.011,1.45104,1.45125,1.00,1.50
2016.08.18 02:17:42.975,1.45105,1.45125,1.00,1.50
2016.08.18 02:17:43.268,1.45105,1.45125,1.00,1.12
2016.08.18 02:17:43.320,1.45105,1.45125,1.00,1.00
2016.08.18 02:17:46.811,1.45105,1.45124,1.00,1.00
2016.08.18 02:17:47.170,1.45105,1.45126,1.00,1.50
2016.08.18 02:17:48.236,1.45107,1.45127,1.00,1.75
2016.08.18 02:17:48.760,1.45108,1.45127,1.00,1.75
2016.08.18 02:17:48.811,1.45108,1.45127,1.00,1.37
2016.08.18 02:17:48.862,1.45108,1.45125,1.00,1.00
2016.08.18 02:17:50.143,1.45106,1.45125,1.00,1.00
2016.08.18 02:17:53.051,1.45105,1.45125,1.00,1.00
2016.08.18 02:17:53.102,1.45105,1.45126,1.00,1.56
2016.08.18 02:17:53.153,1.45103,1.45125,1.50,1.56
2016.08.18 02:17:53.205,1.45103,1.45118,1.50,1.00
2016.08.18 02:17:53.257,1.45102,1.45118,2.25,1.00
2016.08.18 02:17:53.308,1.45102,1.45118,1.75,1.00
2016.08.18 02:17:53.940,1.45103,1.45118,1.00,1.00
2016.08.18 02:17:54.449,1.45103,1.45117,1.00,1.00
2016.08.18 02:17:55.001,1.45103,1.45118,1.00,1.00
2016.08.18 02:17:55.567,1.45103,1.45117,1.00,1.00
2016.08.18 02:17:55.670,1.45103,1.45119,1.00,1.00
2016.08.18 02:17:56.284,1.45103,1.45118,1.00,1.00
2016.08.18 02:17:57.011,1.45103,1.45115,1.00,1.00
2016.08.18 02:17:57.114,1.45103,1.45118,1.00,1.00
2016.08.18 02:17:57.777,1.45105,1.45117,1.00,1.00
2016.08.18 02:17:58.129,1.45102,1.45117,1.00,1.00
2016.08.18 02:17:58.387,1.45102,1.45115,1.00,1.00
2016.08.18 02:17:58.756,1.451,1.45115,1.12,1.00
2016.08.18 02:17:59.232,1.451,1.45121,1.75,1.50
2016.08.18 02:17:59.283,1.45105,1.45121,1.00,1.00
2016.08.18 02:17:59.615,1.45107,1.45121,1.00,1.00
2016.08.18 02:18:00.145,1.45107,1.4512,1.00,1.00
2016.08.18 02:18:00.671,1.45107,1.45121,1.00,1.00
2016.08.18 02:18:00.980,1.45107,1.45125,1.00,1.00
2016.08.18 02:18:01.031,1.45107,1.45125,1.12,1.00
2016.08.18 02:18:01.082,1.45108,1.45125,1.00,1.00
2016.08.18 02:18:01.636,1.45108,1.45124,1.00,1.00
2016.08.18 02:18:05.386,1.45108,1.45127,1.00,1.00
2016.08.18 02:18:06.136,1.45108,1.45126,1.00,1.00
2016.08.18 02:18:06.858,1.45108,1.45126,1.00,1.00
2016.08.18 02:18:07.471,1.45108,1.45125,1.00,1.00
2016.08.18 02:18:07.615,1.45109,1.45125,1.00,1.00
2016.08.18 02:18:08.204,1.4511,1.45127,1.00,1.00
2016.08.18 02:18:10.459,1.4511,1.45127,1.12,1.00
2016.08.18 02:18:10.822,1.4511,1.45132,1.12,1.31
2016.08.18 02:18:11.122,1.45113,1.45132,1.00,1.31
2016.08.18 02:18:11.174,1.45113,1.45134,1.12,1.56
2016.08.18 02:18:11.226,1.45114,1.45133,1.00,1.25
2016.08.18 02:18:11.329,1.45114,1.45134,1.00,1.31
2016.08.18 02:18:11.724,1.45113,1.45134,1.12,2.06
2016.08.18 02:18:12.312,1.45113,1.45133,1.12,1.25
2016.08.18 02:18:12.415,1.45111,1.45132,1.75,1.00
2016.08.18 02:18:12.466,1.45111,1.45132,1.37,1.50
2016.08.18 02:18:12.517,1.4511,1.45131,1.87,1.25
2016.08.18 02:18:12.568,1.4511,1.45131,1.50,1.25
2016.08.18 02:18:12.674,1.4511,1.45131,1.00,1.25
2016.08.18 02:18:12.827,1.45108,1.45131,1.00,1.25
2016.08.18 02:18:13.159,1.45108,1.45128,1.00,1.00
2016.08.18 02:18:13.247,1.45108,1.45124,1.00,1.00
2016.08.18 02:18:13.907,1.45109,1.45124,1.00,1.00
2016.08.18 02:18:14.573,1.4511,1.45124,1.00,1.00
2016.08.18 02:18:14.929,1.4511,1.45126,1.00,1.00
2016.08.18 02:18:15.467,1.45111,1.45126,1.00,1.00
2016.08.18 02:18:17.922,1.4511,1.45126,1.12,1.00
2016.08.18 02:18:18.023,1.4511,1.45126,1.00,1.00
2016.08.18 02:18:21.207,1.45108,1.45124,1.00,1.00
2016.08.18 02:18:22.542,1.45107,1.45124,1.50,1.00
2016.08.18 02:18:23.181,1.45107,1.45123,1.50,1.00
2016.08.18 02:18:24.497,1.45107,1.45123,1.00,1.00
2016.08.18 02:18:27.405,1.45107,1.45125,1.00,1.00
2016.08.18 02:18:27.911,1.45107,1.45124,1.00,1.00
2016.08.18 02:18:32.428,1.45107,1.45125,1.00,1.00
2016.08.18 02:18:32.946,1.45107,1.45124,1.00,1.00
2016.08.18 02:18:33.907,1.45107,1.45125,1.00,1.00
2016.08.18 02:18:34.955,1.45106,1.45126,1.00,1.00
2016.08.18 02:18:35.159,1.45106,1.45127,1.00,1.50
2016.08.18 02:18:35.313,1.45106,1.45126,1.00,1.00
2016.08.18 02:18:35.364,1.45105,1.45126,1.00,1.50
2016.08.18 02:18:35.415,1.45105,1.45123,1.00,1.00
2016.08.18 02:18:35.466,1.45104,1.45123,1.87,1.00
2016.08.18 02:18:35.567,1.45105,1.45123,1.00,1.00
2016.08.18 02:18:36.171,1.45105,1.45124,1.00,1.00
2016.08.18 02:18:36.759,1.45106,1.45124,1.00,1.00
2016.08.18 02:18:38.176,1.45107,1.45123,1.00,1.00
2016.08.18 02:18:40.037,1.45107,1.45127,1.00,2.06
2016.08.18 02:18:40.089,1.45103,1.45124,1.50,1.00
2016.08.18 02:18:40.141,1.45103,1.45124,1.50,1.50
2016.08.18 02:18:40.245,1.45103,1.45122,1.50,1.00
2016.08.18 02:18:40.297,1.45103,1.45122,1.50,1.00
2016.08.18 02:18:40.348,1.45105,1.45122,1.00,1.00
2016.08.18 02:18:40.451,1.45105,1.4512,1.00,1.00
2016.08.18 02:18:41.102,1.45106,1.45126,1.00,1.25
2016.08.18 02:18:41.153,1.45106,1.45127,1.00,2.44
2016.08.18 02:18:41.828,1.45105,1.45126,1.00,1.25
2016.08.18 02:18:42.136,1.45105,1.45126,1.00,1.00
2016.08.18 02:18:43.670,1.45103,1.45127,1.00,2.06
2016.08.18 02:18:43.841,1.45103,1.45122,1.00,1.00
2016.08.18 02:18:44.347,1.45103,1.45127,1.00,2.44
2016.08.18 02:18:44.427,1.45103,1.45118,1.00,1.00
2016.08.18 02:18:53.428,1.45103,1.45119,1.00,1.00
2016.08.18 02:18:56.913,1.45106,1.45119,1.00,1.00
2016.08.18 02:18:59.188,1.45105,1.45119,1.00,1.00
2016.08.18 02:18:59.701,1.45104,1.45119,1.00,1.00
2016.08.18 02:19:00.492,1.45103,1.45119,1.00,1.00
2016.08.18 02:19:01.175,1.45103,1.4512,1.00,1.00
2016.08.18 02:19:01.719,1.45103,1.45119,1.00,1.00
2016.08.18 02:19:02.876,1.45102,1.45119,1.00,1.00
2016.08.18 02:19:04.054,1.45102,1.45119,1.00,1.00
2016.08.18 02:19:04.748,1.45102,1.45118,1.00,1.00
2016.08.18 02:19:05.256,1.45102,1.45119,1.00,1.00
2016.08.18 02:19:05.987,1.451,1.45119,1.00,1.00
2016.08.18 02:19:06.089,1.45099,1.45119,1.00,1.00
2016.08.18 02:19:06.140,1.45099,1.45119,1.00,1.00
2016.08.18 02:19:06.499,1.45099,1.45118,1.00,1.00
2016.08.18 02:19:08.421,1.451,1.45118,1.00,1.00
2016.08.18 02:19:08.952,1.45098,1.4512,1.12,1.25
2016.08.18 02:19:09.004,1.45099,1.4512,1.00,1.69
2016.08.18 02:19:09.056,1.45099,1.4512,1.00,2.81
2016.08.18 02:19:09.109,1.45098,1.45119,1.12,1.31
2016.08.18 02:19:09.179,1.45098,1.45113,1.00,1.00
2016.08.18 02:19:09.383,1.45098,1.45111,1.00,1.00
2016.08.18 02:19:10.146,1.45099,1.45111,1.00,1.00
2016.08.18 02:19:10.455,1.451,1.45113,1.00,1.00
2016.08.18 02:19:10.761,1.451,1.4512,1.00,1.12
2016.08.18 02:19:10.857,1.451,1.45121,1.00,1.87
2016.08.18 02:19:11.207,1.451,1.45121,1.00,1.50
2016.08.18 02:19:11.473,1.45101,1.45121,1.00,1.00
2016.08.18 02:19:11.524,1.45101,1.45115,1.00,1.00
2016.08.18 02:19:12.074,1.45101,1.45117,1.00,1.00
2016.08.18 02:19:12.244,1.45101,1.45115,1.00,1.00
2016.08.18 02:19:12.345,1.45101,1.45118,1.00,1.00
2016.08.18 02:19:12.622,1.45101,1.45115,1.00,1.00
2016.08.18 02:19:15.167,1.45101,1.45114,1.00,1.00
2016.08.18 02:19:15.686,1.451,1.45115,1.00,1.00
2016.08.18 02:19:16.816,1.451,1.45118,1.00,1.00
2016.08.18 02:19:16.970,1.451,1.4512,1.00,1.00
2016.08.18 02:19:18.719,1.45098,1.4512,1.00,1.00
2016.08.18 02:19:18.974,1.45098,1.45115,1.00,1.00
2016.08.18 02:19:20.752,1.45098,1.45116,1.00,1.00
2016.08.18 02:19:22.047,1.45098,1.45117,1.00,1.00
2016.08.18 02:19:22.554,1.45098,1.45116,1.00,1.00
2016.08.18 02:19:22.951,1.45098,1.45117,1.00,1.00
2016.08.18 02:19:23.327,1.45101,1.45117,1.00,1.00
2016.08.18 02:19:23.445,1.45102,1.45122,1.00,1.87
2016.08.18 02:19:23.548,1.45103,1.45122,1.00,1.50
2016.08.18 02:19:23.599,1.45103,1.45122,1.00,1.00
2016.08.18 02:19:24.115,1.45102,1.45122,1.00,1.00
2016.08.18 02:19:24.871,1.45102,1.45117,1.00,1.00
2016.08.18 02:19:25.989,1.45102,1.45117,1.50,1.00
2016.08.18 02:19:26.670,1.45104,1.45117,1.00,1.00
2016.08.18 02:19:27.433,1.45104,1.45118,1.00,1.00
2016.08.18 02:19:32.070,1.45104,1.45119,1.00,1.00
2016.08.18 02:19:32.121,1.45104,1.45119,1.00,1.00
2016.08.18 02:19:38.535,1.45104,1.45119,1.00,1.00
2016.08.18 02:19:41.307,1.45104,1.45121,1.00,1.00
2016.08.18 02:19:41.460,1.45105,1.45121,1.00,1.00
2016.08.18 02:19:43.381,1.45105,1.45122,1.00,1.00
2016.08.18 02:19:43.483,1.45105,1.45124,1.00,1.00
2016.08.18 02:19:43.809,1.45105,1.45122,1.00,1.00
2016.08.18 02:19:43.963,1.45102,1.45122,1.00,1.00
2016.08.18 02:19:44.497,1.45102,1.45121,1.00,1.00
2016.08.18 02:19:45.216,1.45102,1.45122,1.00,1.00
2016.08.18 02:19:45.369,1.45104,1.45122,1.00,1.00
2016.08.18 02:19:45.992,1.45103,1.45121,1.00,1.00
2016.08.18 02:19:46.729,1.45103,1.4512,1.00,1.00
2016.08.18 02:19:56.188,1.45103,1.45119,1.00,1.00
2016.08.18 02:19:56.725,1.45104,1.45118,1.00,1.00
2016.08.18 02:19:57.095,1.45103,1.45124,1.00,1.00
2016.08.18 02:20:00.202,1.45104,1.45125,1.12,1.00
2016.08.18 02:20:00.784,1.45105,1.45126,1.00,1.00
2016.08.18 02:20:00.835,1.45105,1.45126,1.00,1.00
2016.08.18 02:20:00.988,1.45106,1.45126,1.00,1.00
2016.08.18 02:20:01.512,1.45107,1.45127,1.00,1.00
2016.08.18 02:20:02.210,1.45106,1.45127,1.12,1.50
2016.08.18 02:20:02.364,1.45106,1.45127,1.12,2.06
2016.08.18 02:20:06.652,1.45105,1.45127,1.50,2.06
2016.08.18 02:20:08.253,1.45105,1.45127,1.50,2.06
2016.08.18 02:20:10.477,1.45108,1.45127,1.00,1.31
2016.08.18 02:20:10.528,1.45108,1.45128,1.00,1.56
2016.08.18 02:20:11.707,1.45108,1.45127,1.00,1.31
2016.08.18 02:20:11.759,1.45108,1.45127,1.00,1.00
2016.08.18 02:20:18.305,1.45107,1.45127,1.00,1.00
2016.08.18 02:20:18.512,1.45107,1.45127,1.00,1.00
2016.08.18 02:20:19.460,1.45107,1.45127,1.50,1.00
2016.08.18 02:20:19.511,1.45107,1.45126,1.00,1.00
2016.08.18 02:20:19.614,1.45106,1.45125,1.00,1.25
2016.08.18 02:20:19.665,1.45106,1.45125,1.00,1.00
2016.08.18 02:20:19.717,1.45105,1.45127,2.25,1.12
2016.08.18 02:20:19.769,1.45105,1.45127,1.50,1.87
2016.08.18 02:20:19.820,1.45106,1.45127,1.00,2.62
2016.08.18 02:20:19.872,1.45106,1.45127,1.00,3.94
2016.08.18 02:20:19.923,1.45105,1.45126,1.00,2.81
2016.08.18 02:20:20.026,1.45105,1.45123,1.00,1.00
2016.08.18 02:20:20.586,1.45103,1.45123,1.50,1.00
2016.08.18 02:20:21.467,1.45104,1.45123,1.00,1.00
2016.08.18 02:20:21.678,1.45104,1.45123,1.00,1.00
2016.08.18 02:20:23.468,1.45104,1.45123,1.00,1.31
2016.08.18 02:20:24.363,1.45104,1.45123,1.00,1.00
2016.08.18 02:20:26.467,1.45103,1.45123,1.00,1.00
2016.08.18 02:20:26.671,1.45103,1.45123,1.00,1.50
2016.08.18 02:20:26.917,1.451,1.45121,1.12,1.00
2016.08.18 02:20:26.970,1.451,1.45121,1.12,1.50
2016.08.18 02:20:27.073,1.451,1.45121,1.12,1.69
2016.08.18 02:20:27.125,1.45098,1.45119,1.00,1.00
2016.08.18 02:20:27.227,1.45099,1.4512,1.00,1.87
2016.08.18 02:20:27.896,1.45098,1.45118,1.00,1.00
2016.08.18 02:20:33.216,1.45097,1.45118,1.00,1.00
2016.08.18 02:20:35.228,1.45096,1.45118,1.50,1.00
2016.08.18 02:20:36.943,1.45096,1.45116,1.50,1.00
2016.08.18 02:20:40.345,1.45096,1.45116,1.00,1.50
2016.08.18 02:20:40.398,1.45092,1.45113,2.25,1.00
2016.08.18 02:20:40.449,1.45092,1.45115,1.50,1.50
2016.08.18 02:20:40.758,1.45093,1.4511,1.00,1.00
2016.08.18 02:20:40.814,1.45093,1.4511,1.00,1.00
2016.08.18 02:20:42.289,1.45093,1.4511,1.00,1.00
2016.08.18 02:20:42.340,1.45091,1.4511,1.12,1.00
2016.08.18 02:20:42.494,1.45091,1.4511,1.00,1.00
2016.08.18 02:20:44.145,1.45091,1.45111,1.00,1.25
2016.08.18 02:20:45.664,1.45091,1.45111,1.00,1.00
2016.08.18 02:20:47.952,1.4509,1.45111,1.50,1.00
2016.08.18 02:20:48.644,1.45089,1.4511,1.00,1.50
2016.08.18 02:20:49.046,1.45095,1.4511,1.00,1.00
2016.08.18 02:20:49.389,1.45096,1.45116,1.00,1.00
2016.08.18 02:20:49.521,1.45095,1.45116,1.00,1.56
2016.08.18 02:20:49.573,1.45094,1.45115,1.50,1.56
2016.08.18 02:20:49.779,1.45094,1.45115,1.00,1.56
2016.08.18 02:20:49.831,1.45093,1.45114,1.50,1.31
2016.08.18 02:20:50.213,1.45094,1.45114,1.00,1.00
2016.08.18 02:20:50.264,1.45094,1.45115,1.50,1.50
2016.08.18 02:20:50.467,1.45094,1.45115,1.50,1.00
2016.08.18 02:20:53.582,1.45094,1.45115,1.00,1.00
2016.08.18 02:20:55.575,1.45094,1.45115,1.00,1.00
2016.08.18 02:20:56.976,1.45093,1.45114,1.50,1.00
2016.08.18 02:21:02.141,1.45093,1.45115,1.50,1.00
2016.08.18 02:21:02.373,1.45093,1.45115,1.00,1.00
2016.08.18 02:21:03.310,1.45093,1.45114,1.00,1.00
2016.08.18 02:21:03.362,1.45092,1.45113,1.00,1.00
2016.08.18 02:21:04.493,1.45092,1.45113,1.00,1.50
2016.08.18 02:21:04.544,1.45091,1.45112,1.00,1.00
2016.08.18 02:21:05.255,1.45091,1.45112,1.00,1.25
2016.08.18 02:21:06.147,1.45092,1.45113,1.00,2.06
2016.08.18 02:21:07.849,1.45091,1.45113,1.00,2.06
2016.08.18 02:21:09.266,1.45089,1.4511,2.25,1.00
2016.08.18 02:21:09.582,1.45089,1.4511,1.12,2.06
2016.08.18 02:21:09.633,1.45089,1.4511,1.12,1.50
2016.08.18 02:21:09.735,1.45089,1.4511,1.12,2.06
2016.08.18 02:21:09.786,1.45089,1.4511,1.50,2.06
2016.08.18 02:21:09.889,1.4509,1.4511,1.00,1.31
2016.08.18 02:21:09.992,1.4509,1.45111,1.00,1.56
2016.08.18 02:21:10.043,1.4509,1.45111,1.00,1.00
2016.08.18 02:21:10.094,1.4509,1.45111,1.50,1.00
2016.08.18 02:21:11.821,1.4509,1.45111,1.50,1.31
2016.08.18 02:21:12.683,1.4509,1.4511,1.00,1.00
2016.08.18 02:21:12.939,1.4509,1.4511,1.00,1.31
2016.08.18 02:21:12.991,1.45091,1.45112,1.00,1.56
2016.08.18 02:21:13.043,1.45092,1.45112,1.00,1.31
2016.08.18 02:21:13.146,1.45095,1.45116,1.50,1.75
2016.08.18 02:21:13.197,1.45099,1.45118,1.00,1.37
2016.08.18 02:21:13.248,1.45099,1.45118,1.00,1.00
2016.08.18 02:21:13.559,1.45099,1.4512,1.00,2.06
2016.08.18 02:21:13.636,1.451,1.4512,1.00,1.56
2016.08.18 02:21:13.739,1.451,1.45121,1.00,1.69
2016.08.18 02:21:13.790,1.45099,1.4512,1.00,1.56
2016.08.18 02:21:14.080,1.45099,1.4512,1.50,1.56
2016.08.18 02:21:14.132,1.45099,1.4512,2.25,1.00
2016.08.18 02:21:14.183,1.45101,1.45121,1.00,1.12
2016.08.18 02:21:14.235,1.45101,1.45122,1.25,1.50
2016.08.18 02:21:14.287,1.45101,1.45122,1.25,1.37
2016.08.18 02:21:14.338,1.45101,1.45122,1.00,1.00
2016.08.18 02:21:14.668,1.45101,1.45122,1.00,1.50
2016.08.18 02:21:14.720,1.45101,1.45122,1.00,2.25
2016.08.18 02:21:14.771,1.45101,1.45121,1.00,1.00
2016.08.18 02:21:14.925,1.45101,1.45121,1.00,1.50
2016.08.18 02:21:14.976,1.45099,1.4512,1.00,1.50
2016.08.18 02:21:15.027,1.45099,1.4512,1.00,2.25
2016.08.18 02:21:15.079,1.45097,1.45118,1.12,1.00
2016.08.18 02:21:15.181,1.45096,1.45116,1.69,1.00
2016.08.18 02:21:15.233,1.45096,1.45116,1.37,1.00
2016.08.18 02:21:15.335,1.45096,1.45116,1.00,1.50
2016.08.18 02:21:15.386,1.45093,1.45116,1.69,2.25
2016.08.18 02:21:15.821,1.45093,1.45116,2.44,2.25
2016.08.18 02:21:15.872,1.45093,1.45116,1.69,2.25
2016.08.18 02:21:15.923,1.45093,1.45116,2.06,2.25
2016.08.18 02:21:16.025,1.45093,1.45116,1.31,2.25
2016.08.18 02:21:16.286,1.45093,1.45116,2.81,2.25
2016.08.18 02:21:16.612,1.45095,1.45116,1.00,2.25
2016.08.18 02:21:17.125,1.45095,1.45116,1.37,2.25
2016.08.18 02:21:17.177,1.45095,1.45116,1.50,2.25
2016.08.18 02:21:19.173,1.45096,1.45116,1.25,2.25
2016.08.18 02:21:19.224,1.45096,1.45116,1.25,1.50
2016.08.18 02:21:19.581,1.45096,1.45116,1.69,1.00
2016.08.18 02:21:19.958,1.45096,1.45115,1.25,1.00
2016.08.18 02:21:20.605,1.45096,1.45113,1.25,1.00
2016.08.18 02:21:20.657,1.45094,1.45113,1.75,1.00
2016.08.18 02:21:20.759,1.45094,1.4511,1.75,1.56
2016.08.18 02:21:20.811,1.45087,1.45106,3.00,1.25
2016.08.18 02:21:20.863,1.45087,1.45106,1.12,1.69
2016.08.18 02:21:20.914,1.45082,1.45103,2.25,1.00
2016.08.18 02:21:21.494,1.4508,1.45096,1.00,1.00
2016.08.18 02:21:21.547,1.45077,1.45096,1.00,1.00
2016.08.18 02:21:22.036,1.45077,1.45096,1.00,1.25
2016.08.18 02:21:22.087,1.45075,1.45096,1.00,1.25
2016.08.18 02:21:23.726,1.45075,1.45096,1.00,1.00
2016.08.18 02:21:24.587,1.45072,1.45094,2.25,2.25
2016.08.18 02:21:24.639,1.45072,1.45093,2.25,1.00
2016.08.18 02:21:24.741,1.45072,1.45093,1.75,1.00
2016.08.18 02:21:25.254,1.45072,1.45093,2.25,1.00
2016.08.18 02:21:25.514,1.45072,1.45093,1.75,1.00
2016.08.18 02:21:26.978,1.45073,1.45093,1.50,1.00
2016.08.18 02:21:28.660,1.45073,1.45093,1.50,1.31
2016.08.18 02:21:28.762,1.45073,1.45093,1.00,1.31
2016.08.18 02:21:28.813,1.45072,1.45093,1.00,2.06
2016.08.18 02:21:29.154,1.4507,1.45091,1.12,1.00
2016.08.18 02:21:30.822,1.4507,1.45091,1.12,1.50
2016.08.18 02:21:31.091,1.4507,1.45091,1.12,1.50
2016.08.18 02:21:31.143,1.4507,1.45091,1.12,1.31
2016.08.18 02:21:31.195,1.45069,1.4509,1.50,1.00
2016.08.18 02:21:31.299,1.45068,1.45089,2.25,1.00
2016.08.18 02:21:31.350,1.45068,1.45089,2.25,1.00
2016.08.18 02:21:31.401,1.45066,1.45089,2.25,1.00
2016.08.18 02:21:31.453,1.45066,1.45089,2.44,1.50
2016.08.18 02:21:31.504,1.45066,1.45087,1.69,1.00
2016.08.18 02:21:31.788,1.4507,1.4509,1.00,1.50
2016.08.18 02:21:31.839,1.4507,1.4509,1.00,1.00
2016.08.18 02:21:31.891,1.4507,1.4509,1.50,1.00
2016.08.18 02:21:31.942,1.4507,1.4509,2.25,1.00
2016.08.18 02:21:32.045,1.4507,1.45092,2.25,1.00
2016.08.18 02:21:32.855,1.4507,1.45092,1.87,1.12
2016.08.18 02:21:32.966,1.4507,1.45092,1.00,1.12
2016.08.18 02:21:33.133,1.4507,1.45091,1.00,1.00
2016.08.18 02:21:33.235,1.4507,1.45092,1.00,1.12
2016.08.18 02:21:34.179,1.4507,1.45092,1.00,1.31
2016.08.18 02:21:34.893,1.4507,1.45092,1.50,1.31
2016.08.18 02:21:34.944,1.45074,1.45092,1.00,1.00
2016.08.18 02:21:35.046,1.45074,1.45093,1.00,1.50
2016.08.18 02:21:35.516,1.45073,1.45093,1.00,1.00
2016.08.18 02:21:37.349,1.45073,1.45093,1.00,1.50
2016.08.18 02:21:37.401,1.45072,1.45093,1.12,2.25
2016.08.18 02:21:37.452,1.45072,1.45093,1.00,2.25
2016.08.18 02:21:37.503,1.4507,1.45091,1.37,1.00
2016.08.18 02:21:37.555,1.4507,1.45091,1.00,1.00
2016.08.18 02:21:37.759,1.4507,1.45091,1.00,1.25
2016.08.18 02:21:40.357,1.45064,1.45086,1.75,1.56
2016.08.18 02:21:40.444,1.45065,1.45087,1.12,1.69
2016.08.18 02:21:40.495,1.45065,1.45087,1.50,1.00
2016.08.18 02:21:40.546,1.45065,1.45086,1.50,1.00
2016.08.18 02:21:40.597,1.45066,1.45086,1.12,1.00
2016.08.18 02:21:40.699,1.45066,1.45086,1.87,1.00
2016.08.18 02:21:41.440,1.45066,1.45087,1.87,1.50
2016.08.18 02:21:42.921,1.45066,1.45087,1.12,1.50
2016.08.18 02:21:44.131,1.45066,1.45087,1.12,1.50
2016.08.18 02:21:47.311,1.45067,1.45087,1.00,1.00
2016.08.18 02:21:49.041,1.45071,1.4509,1.00,1.31
2016.08.18 02:21:49.092,1.45071,1.4509,1.00,1.00
2016.08.18 02:21:49.143,1.45073,1.45092,1.00,1.37
2016.08.18 02:21:49.728,1.45075,1.45094,1.00,2.44
2016.08.18 02:21:49.779,1.45075,1.45095,1.00,1.31
2016.08.18 02:21:49.882,1.45075,1.45095,1.00,1.00
2016.08.18 02:21:49.933,1.45074,1.45095,1.00,1.50
2016.08.18 02:21:49.985,1.45074,1.45095,1.00,2.06
2016.08.18 02:21:50.138,1.45072,1.45094,1.12,2.06
2016.08.18 02:21:50.191,1.45072,1.45093,1.12,1.25
2016.08.18 02:21:50.294,1.45072,1.45093,1.00,1.69
2016.08.18 02:21:50.346,1.45072,1.45093,1.00,2.44
2016.08.18 02:21:50.449,1.45072,1.45093,1.00,1.69
2016.08.18 02:21:50.603,1.45073,1.45093,1.00,1.31
2016.08.18 02:21:50.923,1.45074,1.45094,1.00,1.00
2016.08.18 02:21:51.234,1.45072,1.45093,1.00,1.50
2016.08.18 02:21:51.438,1.45071,1.45092,1.25,1.00
2016.08.18 02:21:51.490,1.45071,1.45092,1.00,1.50
2016.08.18 02:21:51.542,1.45071,1.45092,1.00,1.50
2016.08.18 02:21:53.056,1.45071,1.45092,1.00,1.69
2016.08.18 02:21:55.577,1.45071,1.45092,1.00,1.00
2016.08.18 02:21:56.042,1.45071,1.45092,1.00,1.00
2016.08.18 02:21:56.144,1.45073,1.45093,1.00,1.00
2016.08.18 02:21:56.195,1.45073,1.45094,1.00,2.06
2016.08.18 02:21:56.348,1.45073,1.45094,1.00,1.31
2016.08.18 02:21:57.070,1.45074,1.45095,1.00,2.06
2016.08.18 02:21:57.173,1.45075,1.45095,1.00,1.56
2016.08.18 02:22:02.826,1.45075,1.45095,1.00,1.56
2016.08.18 02:22:03.298,1.45074,1.45095,1.00,1.56
2016.08.18 02:22:03.808,1.45073,1.45094,1.00,1.56
2016.08.18 02:22:08.272,1.45072,1.45093,1.87,1.31
2016.08.18 02:22:08.374,1.45072,1.45093,1.87,1.31
2016.08.18 02:22:10.121,1.45072,1.45093,1.87,1.31
2016.08.18 02:22:11.021,1.45072,1.45093,1.12,1.00
2016.08.18 02:22:11.317,1.45069,1.4509,2.06,1.00
2016.08.18 02:22:11.369,1.45069,1.4509,1.00,1.56
2016.08.18 02:22:11.471,1.45069,1.4509,1.00,2.06
2016.08.18 02:22:12.123,1.45069,1.4509,1.31,1.00
2016.08.18 02:22:12.174,1.45069,1.4509,2.06,1.50
2016.08.18 02:22:12.326,1.45069,1.4509,2.06,1.50
2016.08.18 02:22:12.629,1.45069,1.4509,1.31,1.50
2016.08.18 02:22:12.681,1.45068,1.45089,2.81,1.00
2016.08.18 02:22:12.892,1.45068,1.45088,1.50,1.00
2016.08.18 02:22:12.943,1.45068,1.45088,1.00,1.00
2016.08.18 02:22:12.994,1.45068,1.45089,1.50,1.50
2016.08.18 02:22:13.045,1.45068,1.45089,1.50,1.50
2016.08.18 02:22:13.886,1.45068,1.45089,1.50,1.00
2016.08.18 02:22:14.890,1.45068,1.45089,1.50,1.50
2016.08.18 02:22:16.895,1.45068,1.45088,1.00,1.00
2016.08.18 02:22:18.455,1.45067,1.45088,1.87,1.00
2016.08.18 02:22:18.517,1.45067,1.45088,1.50,1.00
2016.08.18 02:22:19.153,1.45067,1.45088,1.00,1.00
2016.08.18 02:22:19.415,1.45066,1.45087,1.12,1.00
2016.08.18 02:22:19.517,1.45066,1.45087,1.12,1.00
2016.08.18 02:22:19.671,1.45066,1.45087,1.12,1.00
2016.08.18 02:22:19.982,1.45064,1.45086,3.56,1.00
2016.08.18 02:22:20.352,1.45064,1.45086,2.81,1.00
2016.08.18 02:22:21.116,1.45066,1.45086,1.25,1.00
2016.08.18 02:22:22.209,1.45066,1.45087,1.25,1.00
2016.08.18 02:22:23.414,1.45065,1.45087,2.06,1.00
2016.08.18 02:22:24.152,1.45065,1.45087,2.81,1.00
2016.08.18 02:22:24.203,1.45065,1.45087,3.56,1.00
2016.08.18 02:22:24.254,1.45066,1.45087,1.12,1.00
2016.08.18 02:22:24.676,1.45069,1.45091,1.12,2.06
2016.08.18 02:22:24.793,1.45073,1.45092,1.00,1.00
2016.08.18 02:22:24.997,1.45072,1.45093,1.12,1.56
2016.08.18 02:22:25.048,1.45072,1.45093,1.12,2.81
2016.08.18 02:22:25.099,1.4507,1.45091,1.75,1.31
2016.08.18 02:22:25.201,1.4507,1.45091,1.75,2.06
2016.08.18 02:22:25.252,1.4507,1.45091,1.37,2.06
2016.08.18 02:22:25.303,1.45069,1.4509,1.37,1.56
2016.08.18 02:22:25.354,1.45069,1.4509,1.00,1.56
2016.08.18 02:22:25.405,1.45069,1.4509,1.00,2.06
2016.08.18 02:22:25.754,1.45069,1.4509,1.00,1.00
2016.08.18 02:22:25.971,1.45069,1.4509,1.00,1.00
2016.08.18 02:22:29.481,1.4507,1.45091,1.00,2.06
2016.08.18 02:22:29.747,1.4507,1.45091,1.00,1.31
2016.08.18 02:22:30.361,1.4507,1.45091,1.00,1.31
2016.08.18 02:22:30.736,1.4507,1.45091,1.00,1.56
2016.08.18 02:22:31.215,1.45073,1.45093,1.31,1.00
2016.08.18 02:22:32.073,1.45072,1.45093,2.06,1.00
2016.08.18 02:22:32.175,1.45072,1.45091,1.56,1.00
2016.08.18 02:22:32.277,1.45071,1.45091,2.06,1.00
2016.08.18 02:22:32.328,1.45071,1.45091,1.69,1.00
2016.08.18 02:22:33.630,1.45071,1.45091,1.50,1.00
2016.08.18 02:22:34.175,1.45072,1.45091,1.00,1.00
2016.08.18 02:22:34.380,1.4507,1.4509,1.00,1.00
2016.08.18 02:22:34.482,1.45069,1.4509,2.81,1.00
2016.08.18 02:22:34.533,1.45069,1.4509,2.44,1.00
2016.08.18 02:22:34.653,1.45069,1.4509,1.69,1.00
2016.08.18 02:22:35.243,1.45069,1.4509,1.12,1.00
2016.08.18 02:22:35.600,1.45069,1.4509,1.87,1.00
2016.08.18 02:22:37.193,1.4507,1.4509,1.00,1.00
2016.08.18 02:22:37.416,1.45071,1.4509,1.25,1.00
2016.08.18 02:22:37.620,1.45071,1.45092,1.00,1.50
2016.08.18 02:22:37.684,1.4507,1.45092,1.00,1.50
2016.08.18 02:22:37.737,1.4507,1.45092,1.00,2.06
2016.08.18 02:22:38.361,1.4507,1.45092,1.00,2.81
2016.08.18 02:22:38.768,1.4507,1.45091,1.00,1.31
2016.08.18 02:22:38.870,1.4507,1.45091,1.00,2.06
2016.08.18 02:22:38.921,1.45069,1.4509,1.12,1.00
2016.08.18 02:22:38.972,1.45069,1.4509,1.00,1.00
2016.08.18 02:22:39.920,1.45069,1.4509,1.00,1.00
2016.08.18 02:22:41.035,1.45068,1.45089,1.00,1.00
2016.08.18 02:22:41.137,1.45068,1.45089,1.00,2.06
2016.08.18 02:22:41.189,1.45067,1.45088,1.50,1.31
2016.08.18 02:22:41.558,1.45067,1.45088,1.00,1.31
2016.08.18 02:22:41.611,1.45067,1.45088,1.00,1.00
2016.08.18 02:22:41.867,1.45067,1.45088,1.00,1.00
2016.08.18 02:22:44.347,1.45067,1.45088,1.50,1.00
2016.08.18 02:22:44.851,1.45069,1.45087,1.00,1.00
2016.08.18 02:22:44.953,1.45066,1.45087,1.12,1.50
2016.08.18 02:22:45.757,1.45066,1.45086,1.12,1.00
2016.08.18 02:22:46.748,1.45065,1.45086,3.00,1.00
2016.08.18 02:22:48.778,1.45065,1.45087,3.00,1.50
2016.08.18 02:22:49.970,1.45065,1.45086,3.00,1.00
2016.08.18 02:22:52.359,1.45065,1.45086,2.25,1.00
2016.08.18 02:22:52.762,1.45065,1.45086,2.25,1.50
2016.08.18 02:22:53.076,1.45065,1.45086,1.87,1.50
2016.08.18 02:22:53.127,1.45065,1.45085,1.00,1.00
2016.08.18 02:22:55.243,1.45064,1.45085,1.00,1.00
2016.08.18 02:22:57.158,1.45063,1.45084,1.87,1.00
2016.08.18 02:22:59.040,1.45063,1.45084,2.62,1.00
2016.08.18 02:22:59.142,1.45064,1.45085,1.50,1.00
2016.08.18 02:22:59.193,1.45064,1.45085,1.87,1.00
2016.08.18 02:22:59.245,1.45064,1.45085,2.25,1.00
2016.08.18 02:22:59.348,1.45065,1.45086,1.50,1.31
2016.08.18 02:22:59.635,1.45067,1.45088,1.00,2.44
2016.08.18 02:22:59.686,1.45067,1.45088,1.00,1.25
2016.08.18 02:23:00.150,1.45067,1.45088,1.00,1.69
2016.08.18 02:23:01.188,1.45067,1.45088,1.00,2.06
2016.08.18 02:23:01.549,1.45067,1.45088,1.00,2.06
2016.08.18 02:23:02.840,1.45069,1.45089,1.12,1.00
2016.08.18 02:23:02.891,1.45069,1.4509,1.12,2.06
2016.08.18 02:23:03.005,1.45069,1.4509,1.12,1.31
2016.08.18 02:23:03.159,1.45069,1.4509,1.12,2.06
2016.08.18 02:23:03.261,1.45069,1.4509,1.12,2.06
2016.08.18 02:23:03.363,1.45067,1.45089,1.37,1.56
2016.08.18 02:23:03.414,1.45067,1.45089,1.00,1.56
2016.08.18 02:23:03.779,1.45067,1.45089,1.00,2.06
2016.08.18 02:23:03.883,1.45067,1.45088,1.00,1.56
2016.08.18 02:23:04.139,1.45067,1.45088,1.00,1.31
2016.08.18 02:23:04.190,1.45067,1.45089,1.00,2.06
2016.08.18 02:23:05.535,1.45069,1.45089,1.00,1.56
2016.08.18 02:23:06.431,1.45068,1.45089,1.00,2.06
2016.08.18 02:23:06.868,1.45068,1.45089,1.00,2.06
2016.08.18 02:23:06.970,1.4507,1.4509,1.00,2.06
2016.08.18 02:23:07.021,1.4507,1.4509,1.00,1.50
2016.08.18 02:23:07.073,1.4507,1.45091,1.00,1.87
2016.08.18 02:23:07.124,1.4507,1.45091,1.00,1.50
2016.08.18 02:23:07.175,1.4507,1.45091,1.00,1.00
2016.08.18 02:23:07.487,1.4507,1.45091,1.00,1.31
2016.08.18 02:23:10.540,1.4507,1.45089,1.00,1.00
2016.08.18 02:23:10.591,1.45064,1.45084,2.14,1.00
2016.08.18 02:23:10.642,1.45064,1.45084,1.57,1.00
2016.08.18 02:23:10.935,1.45064,1.45084,1.20,1.00
2016.08.18 02:23:10.990,1.45064,1.45084,1.00,1.00
2016.08.18 02:23:11.092,1.45066,1.45087,1.00,1.56
2016.08.18 02:23:11.244,1.45066,1.45087,1.00,1.00
2016.08.18 02:23:11.296,1.45066,1.45087,1.50,1.00
2016.08.18 02:23:11.347,1.45066,1.45087,1.87,1.00
2016.08.18 02:23:11.449,1.45066,1.45087,1.87,1.25
2016.08.18 02:23:11.500,1.45066,1.45087,1.87,1.69
2016.08.18 02:23:11.551,1.45066,1.45087,1.12,1.25
2016.08.18 02:23:11.925,1.45068,1.45087,1.00,1.69
2016.08.18 02:23:11.977,1.4507,1.4509,1.00,1.56
2016.08.18 02:23:12.028,1.4507,1.4509,1.00,1.31
2016.08.18 02:23:12.130,1.4507,1.4509,1.00,1.00
2016.08.18 02:23:12.182,1.45071,1.45091,1.00,1.12
2016.08.18 02:23:12.285,1.45071,1.45092,1.00,1.37
2016.08.18 02:23:12.337,1.45071,1.45092,1.00,1.00
2016.08.18 02:23:12.388,1.45071,1.45093,1.00,1.50
2016.08.18 02:23:12.440,1.45071,1.45093,1.00,1.50
2016.08.18 02:23:12.491,1.45071,1.45093,1.00,1.00
2016.08.18 02:23:12.542,1.45071,1.45093,1.00,1.00
2016.08.18 02:23:13.292,1.45071,1.45093,1.00,1.50
2016.08.18 02:23:13.818,1.45071,1.45093,1.00,1.00
2016.08.18 02:23:14.717,1.45073,1.45094,1.00,1.12
2016.08.18 02:23:14.878,1.45073,1.45094,1.00,1.00
2016.08.18 02:23:14.929,1.45073,1.45094,1.00,1.00
2016.08.18 02:23:15.748,1.45076,1.45094,1.00,1.00
2016.08.18 02:23:15.800,1.45076,1.45097,1.50,1.87
2016.08.18 02:23:16.086,1.45079,1.451,1.00,1.56
2016.08.18 02:23:16.138,1.45079,1.451,1.00,1.00
2016.08.18 02:23:16.189,1.45079,1.451,1.00,1.00
2016.08.18 02:23:16.448,1.45079,1.45099,1.00,1.00
2016.08.18 02:23:16.602,1.45079,1.451,1.00,1.50
2016.08.18 02:23:17.034,1.45079,1.45099,1.00,1.00
2016.08.18 02:23:17.788,1.45078,1.45099,1.87,1.00
2016.08.18 02:23:18.450,1.45082,1.45099,1.00,1.00
2016.08.18 02:23:18.501,1.45082,1.45101,1.50,1.00
2016.08.18 02:23:18.552,1.45083,1.45104,1.00,1.50
2016.08.18 02:23:18.633,1.45083,1.45101,1.50,1.00
2016.08.18 02:23:18.685,1.45085,1.45101,1.00,1.00
2016.08.18 02:23:18.788,1.45083,1.45101,2.25,1.00
2016.08.18 02:23:18.840,1.45087,1.45105,1.00,1.00
2016.08.18 02:23:18.891,1.45088,1.45105,1.00,1.00
2016.08.18 02:23:18.943,1.45088,1.45108,1.00,1.19
2016.08.18 02:23:19.258,1.45088,1.45108,1.00,1.31
2016.08.18 02:23:19.309,1.45088,1.45104,1.00,1.00
2016.08.18 02:23:19.513,1.45086,1.45103,1.50,1.00
2016.08.18 02:23:19.564,1.45088,1.45106,1.00,1.00
2016.08.18 02:23:19.666,1.45088,1.4511,1.00,1.00
2016.08.18 02:23:19.717,1.45088,1.45109,1.00,1.00
2016.08.18 02:23:19.819,1.45088,1.45106,1.00,1.00
2016.08.18 02:23:20.257,1.45088,1.45106,1.12,1.00
2016.08.18 02:23:20.311,1.45088,1.45108,1.50,1.00
2016.08.18 02:23:20.362,1.45088,1.45104,1.50,1.00
2016.08.18 02:23:20.718,1.45088,1.45104,2.25,1.00
2016.08.18 02:23:20.821,1.45088,1.45107,2.25,1.00
2016.08.18 02:23:21.126,1.45088,1.45107,2.44,1.00
2016.08.18 02:23:21.227,1.45089,1.45107,1.37,1.00
2016.08.18 02:23:24.027,1.45089,1.45109,1.37,1.00
2016.08.18 02:23:24.476,1.45089,1.45109,1.87,1.00
2016.08.18 02:23:25.427,1.45089,1.45111,1.87,1.00
2016.08.18 02:23:25.973,1.45089,1.4511,1.87,1.00
2016.08.18 02:23:26.626,1.45089,1.45108,1.87,1.00
2016.08.18 02:23:26.941,1.45089,1.45108,1.37,1.00
2016.08.18 02:23:27.924,1.45089,1.45107,1.37,1.00
2016.08.18 02:23:28.454,1.45089,1.45108,1.37,1.00
2016.08.18 02:23:28.505,1.45089,1.45108,1.37,1.00
2016.08.18 02:23:29.331,1.45089,1.45107,1.37,1.00
2016.08.18 02:23:30.220,1.45089,1.45108,1.87,1.00
2016.08.18 02:23:30.763,1.45089,1.45109,1.87,1.00
2016.08.18 02:23:31.337,1.45089,1.45107,1.87,1.00
2016.08.18 02:23:32.038,1.45089,1.45108,1.87,1.00
2016.08.18 02:23:32.344,1.45089,1.45105,1.87,1.00
2016.08.18 02:23:32.766,1.45089,1.45108,1.87,1.25
2016.08.18 02:23:32.939,1.45086,1.45103,1.75,1.00
2016.08.18 02:23:33.281,1.45083,1.45104,1.00,1.69
2016.08.18 02:23:33.371,1.45082,1.45104,1.87,1.69
2016.08.18 02:23:33.474,1.45082,1.45104,1.87,1.56
2016.08.18 02:23:33.576,1.45082,1.45101,1.87,1.31
2016.08.18 02:23:33.663,1.45084,1.45102,1.00,1.56
2016.08.18 02:23:34.135,1.45084,1.451,1.00,1.00
2016.08.18 02:23:36.346,1.45082,1.451,1.87,1.00
2016.08.18 02:23:36.448,1.45082,1.451,1.12,1.00
2016.08.18 02:23:38.941,1.45082,1.451,1.87,1.00
2016.08.18 02:23:40.213,1.45082,1.45102,2.25,1.31
2016.08.18 02:23:40.539,1.45082,1.45104,2.25,1.56
2016.08.18 02:23:40.743,1.45082,1.45104,1.75,2.06
2016.08.18 02:23:40.794,1.45081,1.45103,3.00,1.56
2016.08.18 02:23:40.845,1.45081,1.45102,1.50,1.00
2016.08.18 02:23:40.948,1.45082,1.45105,1.12,1.69
2016.08.18 02:23:40.999,1.45084,1.45105,1.00,1.69
2016.08.18 02:23:41.328,1.45084,1.45106,1.50,1.56
2016.08.18 02:23:41.432,1.45084,1.45106,1.00,2.06
2016.08.18 02:23:41.484,1.45084,1.45105,1.00,1.56
2016.08.18 02:23:41.536,1.45083,1.45105,1.37,1.56
2016.08.18 02:23:41.639,1.45083,1.45105,1.00,1.56
2016.08.18 02:23:41.742,1.45082,1.45104,2.25,1.56
2016.08.18 02:23:41.844,1.45082,1.45103,1.00,1.31
2016.08.18 02:23:42.267,1.45081,1.45103,1.12,1.31
2016.08.18 02:23:42.318,1.45081,1.45103,1.00,1.69
2016.08.18 02:23:43.127,1.45081,1.45103,1.00,2.44
2016.08.18 02:23:45.142,1.45081,1.45103,1.00,1.69
2016.08.18 02:23:46.143,1.45081,1.45103,1.00,2.44
2016.08.18 02:23:48.061,1.45081,1.45104,1.12,2.44
2016.08.18 02:23:48.112,1.45081,1.45104,1.50,2.06
2016.08.18 02:23:48.164,1.45085,1.45104,1.00,1.25
2016.08.18 02:23:48.266,1.45082,1.45105,3.56,1.00
2016.08.18 02:23:48.317,1.45082,1.45105,3.19,1.00
2016.08.18 02:23:48.368,1.45084,1.45107,1.50,2.44
2016.08.18 02:23:48.470,1.45082,1.45107,1.87,3.19
2016.08.18 02:23:48.521,1.45082,1.45105,1.12,1.69
2016.08.18 02:23:48.572,1.45081,1.45104,2.25,1.25
2016.08.18 02:23:48.900,1.45081,1.45104,1.50,1.19
2016.08.18 02:23:49.533,1.45081,1.45103,1.50,1.19
2016.08.18 02:23:51.387,1.45081,1.45103,1.50,1.00
2016.08.18 02:23:51.490,1.45081,1.45103,1.50,1.19
2016.08.18 02:23:51.949,1.45081,1.45103,1.00,1.19
2016.08.18 02:23:52.991,1.4508,1.45103,1.50,1.69
2016.08.18 02:23:53.985,1.45083,1.45103,1.00,1.19
2016.08.18 02:23:54.036,1.45083,1.45104,1.00,1.69
2016.08.18 02:23:54.087,1.45081,1.45104,1.37,2.44
2016.08.18 02:23:54.139,1.45081,1.45104,1.00,2.81
2016.08.18 02:23:54.501,1.4508,1.45103,1.00,1.69
2016.08.18 02:23:55.930,1.4508,1.45102,1.00,1.00
2016.08.18 02:23:56.031,1.45081,1.45103,1.00,1.19
2016.08.18 02:23:56.082,1.45081,1.45104,2.25,2.06
2016.08.18 02:23:56.133,1.45081,1.45103,2.25,1.19
2016.08.18 02:23:56.184,1.45081,1.45103,2.62,1.19
2016.08.18 02:23:56.235,1.45083,1.45104,1.87,1.69
2016.08.18 02:23:56.286,1.45083,1.45104,2.62,1.25
2016.08.18 02:23:56.337,1.45083,1.45105,2.62,1.00
2016.08.18 02:23:56.736,1.45083,1.45106,2.62,1.25
2016.08.18 02:23:56.788,1.45084,1.45107,1.00,1.19
2016.08.18 02:23:56.839,1.45084,1.45108,2.25,2.62
2016.08.18 02:23:56.890,1.45086,1.45108,1.00,1.87
2016.08.18 02:23:56.942,1.45086,1.45108,1.87,1.00
2016.08.18 02:23:57.095,1.45087,1.45108,1.00,1.00
2016.08.18 02:23:57.300,1.45087,1.45109,1.00,1.69
2016.08.18 02:23:57.351,1.45087,1.45109,1.00,1.25
2016.08.18 02:23:57.402,1.45087,1.4511,1.00,1.19
2016.08.18 02:23:58.156,1.45086,1.45109,1.50,1.94
2016.08.18 02:23:58.207,1.45086,1.45108,1.00,1.69
2016.08.18 02:23:58.259,1.45084,1.45108,2.25,2.44
2016.08.18 02:23:58.311,1.45084,1.45106,2.25,1.25
2016.08.18 02:23:58.567,1.45084,1.45106,1.50,1.25
2016.08.18 02:23:59.849,1.45084,1.45107,1.50,2.06
2016.08.18 02:24:01.961,1.45084,1.45107,1.50,1.31
2016.08.18 02:24:02.115,1.45085,1.45108,1.00,2.44
2016.08.18 02:24:03.485,1.45084,1.45107,1.50,1.31
2016.08.18 02:24:03.774,1.45084,1.45106,1.00,1.25
2016.08.18 02:24:03.876,1.45084,1.45106,1.50,1.25
2016.08.18 02:24:06.439,1.45084,1.45105,1.00,1.00
2016.08.18 02:24:06.591,1.45082,1.45104,2.62,1.00
2016.08.18 02:24:06.693,1.45082,1.45104,1.87,1.00
2016.08.18 02:24:06.744,1.45082,1.45104,1.87,1.19
2016.08.18 02:24:07.389,1.45082,1.45104,1.87,1.19
2016.08.18 02:24:07.998,1.45082,1.45105,2.62,1.19
2016.08.18 02:24:08.099,1.45082,1.45105,2.62,1.69
2016.08.18 02:24:08.151,1.45082,1.45105,2.62,2.44
2016.08.18 02:24:10.143,1.45082,1.45105,1.87,2.44
2016.08.18 02:24:10.194,1.45081,1.45104,1.37,1.19
2016.08.18 02:24:10.245,1.45081,1.45104,1.00,1.25
2016.08.18 02:24:10.348,1.4508,1.45104,1.12,1.19
2016.08.18 02:24:10.399,1.4508,1.45105,1.12,2.06
2016.08.18 02:24:10.552,1.45079,1.45104,3.00,1.19
2016.08.18 02:24:11.162,1.45079,1.45103,3.00,1.19
2016.08.18 02:24:11.782,1.45081,1.45103,1.00,1.19
2016.08.18 02:24:11.883,1.45083,1.45104,1.00,1.19
2016.08.18 02:24:11.934,1.45083,1.45104,1.00,1.00
2016.08.18 02:24:11.986,1.45083,1.45105,1.00,2.06
2016.08.18 02:24:12.037,1.45083,1.45105,1.50,1.87
2016.08.18 02:24:12.139,1.45083,1.45105,1.50,2.06
2016.08.18 02:24:13.233,1.45083,1.45105,1.50,1.87
2016.08.18 02:24:17.057,1.45084,1.45105,1.00,1.87
2016.08.18 02:24:17.330,1.45088,1.45105,1.00,1.12
2016.08.18 02:24:17.384,1.45088,1.45109,1.00,1.75
2016.08.18 02:24:17.520,1.45088,1.45111,1.50,2.81
2016.08.18 02:24:17.572,1.45088,1.45111,1.50,2.25
2016.08.18 02:24:17.625,1.4509,1.45111,1.00,2.25
2016.08.18 02:24:17.683,1.4509,1.45111,1.56,1.50
2016.08.18 02:24:17.836,1.45092,1.45111,1.00,1.50
2016.08.18 02:24:17.887,1.45095,1.45111,1.00,1.37
2016.08.18 02:24:17.990,1.45098,1.45117,1.00,1.62
2016.08.18 02:24:18.610,1.45097,1.45118,1.00,1.19
2016.08.18 02:24:18.661,1.45097,1.4512,1.00,1.75
2016.08.18 02:24:18.911,1.45097,1.4512,1.50,2.25
2016.08.18 02:24:19.482,1.45097,1.4512,2.06,2.25
2016.08.18 02:24:20.311,1.45097,1.4512,2.06,1.75
2016.08.18 02:24:21.062,1.45097,1.45121,2.06,2.25
2016.08.18 02:24:21.597,1.45098,1.45121,1.00,2.25
2016.08.18 02:24:22.371,1.45098,1.45121,1.00,2.25
2016.08.18 02:24:23.104,1.45098,1.45121,1.50,2.25
2016.08.18 02:24:24.121,1.45098,1.4512,1.00,1.75
2016.08.18 02:24:24.223,1.45098,1.45121,1.00,2.25
2016.08.18 02:24:24.274,1.45098,1.45121,1.00,2.81
2016.08.18 02:24:24.376,1.45098,1.4512,1.00,1.75
2016.08.18 02:24:24.909,1.45096,1.45119,1.00,2.25
2016.08.18 02:24:25.330,1.45096,1.45119,1.50,1.50
2016.08.18 02:24:26.390,1.45097,1.4512,1.00,1.00
2016.08.18 02:24:26.441,1.45097,1.4512,1.00,1.56
2016.08.18 02:24:26.747,1.45097,1.4512,1.00,1.31
2016.08.18 02:24:27.289,1.45097,1.45118,1.00,1.00
2016.08.18 02:24:28.083,1.45097,1.45118,1.00,1.00
2016.08.18 02:24:28.134,1.45097,1.45118,1.00,1.56
2016.08.18 02:24:28.213,1.45096,1.45118,1.12,1.56
2016.08.18 02:24:28.588,1.45096,1.45117,1.12,1.31
2016.08.18 02:24:28.639,1.45093,1.45116,3.37,1.25
2016.08.18 02:24:28.691,1.45093,1.45116,2.25,1.56
2016.08.18 02:24:28.779,1.45093,1.45116,1.50,1.56
2016.08.18 02:24:29.085,1.45093,1.45116,1.00,2.06
2016.08.18 02:24:29.542,1.45093,1.45115,1.00,1.56
2016.08.18 02:24:29.593,1.45093,1.45115,1.00,1.56
2016.08.18 02:24:32.072,1.45093,1.45114,1.00,1.56
2016.08.18 02:24:32.647,1.45092,1.45114,1.12,1.56
2016.08.18 02:24:33.096,1.45092,1.45115,1.12,2.06
2016.08.18 02:24:33.198,1.45092,1.45115,1.00,2.44
2016.08.18 02:24:36.169,1.45092,1.45115,1.00,3.19
2016.08.18 02:24:36.549,1.45092,1.45115,1.00,3.94
2016.08.18 02:24:36.601,1.45091,1.45112,1.00,1.31
2016.08.18 02:24:37.261,1.45091,1.45112,1.00,1.00
2016.08.18 02:24:37.516,1.45091,1.45113,1.00,1.31
2016.08.18 02:24:37.567,1.4509,1.45112,1.87,1.00
2016.08.18 02:24:38.136,1.4509,1.45112,1.12,1.50
2016.08.18 02:24:38.222,1.45087,1.45108,1.00,1.00
2016.08.18 02:24:38.375,1.45087,1.45109,1.50,1.31
2016.08.18 02:24:38.426,1.45087,1.4511,1.50,1.56
2016.08.18 02:24:38.630,1.45087,1.45109,1.50,1.25
2016.08.18 02:24:38.681,1.45087,1.45109,1.00,1.25
2016.08.18 02:24:38.732,1.45087,1.45109,1.00,1.62
2016.08.18 02:24:39.366,1.45087,1.45108,1.00,1.25
2016.08.18 02:24:40.552,1.45087,1.45108,1.00,1.19
2016.08.18 02:24:41.195,1.45085,1.45108,1.50,1.69
2016.08.18 02:24:41.473,1.45085,1.45108,1.50,2.44
2016.08.18 02:24:41.525,1.45085,1.45107,1.50,1.31
2016.08.18 02:24:42.143,1.45085,1.45107,1.00,1.31
2016.08.18 02:24:42.213,1.45088,1.45107,1.00,1.56
2016.08.18 02:24:42.264,1.45088,1.45108,1.50,1.31
2016.08.18 02:24:42.366,1.45086,1.45108,2.25,1.31
2016.08.18 02:24:42.417,1.45086,1.45108,1.50,1.25
2016.08.18 02:24:42.793,1.45086,1.45108,1.00,1.25
2016.08.18 02:24:44.077,1.45086,1.45109,1.00,2.81
2016.08.18 02:24:44.734,1.45086,1.45109,1.00,2.81
2016.08.18 02:24:44.866,1.45085,1.45108,1.00,2.06
2016.08.18 02:24:44.919,1.45085,1.45108,1.00,2.81
2016.08.18 02:24:45.239,1.45085,1.45108,1.00,2.81
2016.08.18 02:24:45.291,1.45085,1.45106,1.00,1.00
2016.08.18 02:24:46.186,1.45084,1.45106,1.00,1.00
2016.08.18 02:24:47.998,1.45086,1.45106,1.00,1.00
2016.08.18 02:24:48.152,1.45088,1.45109,1.00,1.62
2016.08.18 02:24:48.204,1.45088,1.4511,1.00,2.06
2016.08.18 02:24:48.493,1.45088,1.45099,1.00,1.00
2016.08.18 02:24:48.569,1.45073,1.45096,1.50,1.50
2016.08.18 02:24:48.620,1.45073,1.45096,1.00,1.50
2016.08.18 02:24:48.671,1.45073,1.45095,1.00,1.25
2016.08.18 02:24:48.723,1.45071,1.45095,1.00,1.69
2016.08.18 02:24:48.788,1.4507,1.45095,2.62,1.69
2016.08.18 02:24:48.941,1.4507,1.45095,2.62,2.44
2016.08.18 02:24:49.043,1.45071,1.45095,1.00,1.69
2016.08.18 02:24:49.145,1.45071,1.45094,1.00,1.00
2016.08.18 02:24:49.521,1.45072,1.45095,1.00,1.69
2016.08.18 02:24:49.901,1.45072,1.45096,1.00,2.06
2016.08.18 02:24:50.841,1.45072,1.45096,1.50,2.81
2016.08.18 02:24:51.667,1.45073,1.45096,1.00,2.06
2016.08.18 02:24:52.238,1.45073,1.45096,1.00,1.62
2016.08.18 02:24:52.288,1.45073,1.45096,1.00,1.62
2016.08.18 02:24:52.716,1.45073,1.45096,1.00,2.06
2016.08.18 02:24:53.139,1.45073,1.45096,1.00,1.62
2016.08.18 02:24:53.292,1.45077,1.45098,1.00,1.75
2016.08.18 02:24:53.343,1.45077,1.45099,1.00,1.31
2016.08.18 02:24:53.394,1.45077,1.45099,1.50,1.12
2016.08.18 02:24:53.445,1.45077,1.45101,1.50,2.06
2016.08.18 02:24:53.754,1.45079,1.45101,1.00,1.62
2016.08.18 02:24:54.270,1.45079,1.45102,1.25,1.75
2016.08.18 02:24:54.321,1.4508,1.45102,1.00,1.75
2016.08.18 02:24:54.372,1.4508,1.45101,1.00,1.50
2016.08.18 02:24:54.423,1.45077,1.45101,2.81,1.50
2016.08.18 02:24:54.525,1.45078,1.45102,1.31,2.25
2016.08.18 02:24:54.627,1.45078,1.45102,1.31,1.75
2016.08.18 02:24:55.239,1.4508,1.45102,1.12,1.00
2016.08.18 02:24:55.291,1.45081,1.45104,1.31,1.00
2016.08.18 02:25:00.172,1.45081,1.45104,1.00,1.94
2016.08.18 02:25:00.223,1.4508,1.45101,1.00,1.31
2016.08.18 02:25:00.325,1.4508,1.451,1.00,1.25
2016.08.18 02:25:00.376,1.4508,1.451,1.00,1.69
2016.08.18 02:25:00.478,1.45077,1.451,1.50,2.06
2016.08.18 02:25:00.706,1.45078,1.451,1.00,1.31
2016.08.18 02:25:00.808,1.45078,1.45099,1.00,1.00
2016.08.18 02:25:01.187,1.45076,1.45099,1.00,1.50
2016.08.18 02:25:02.951,1.45076,1.45099,1.00,2.25
2016.08.18 02:25:04.870,1.45079,1.451,1.00,1.75
2016.08.18 02:25:04.921,1.45077,1.45099,1.00,2.00
2016.08.18 02:25:04.972,1.45077,1.45099,1.00,1.25
2016.08.18 02:25:05.023,1.45075,1.45098,2.06,1.00
2016.08.18 02:25:05.075,1.45075,1.45098,1.56,1.12
2016.08.18 02:25:05.126,1.45075,1.45098,1.56,1.87
2016.08.18 02:25:05.229,1.45075,1.45097,2.06,1.00
2016.08.18 02:25:05.331,1.45075,1.45097,1.31,1.00
2016.08.18 02:25:05.701,1.45075,1.45097,1.31,1.00
2016.08.18 02:25:06.019,1.45074,1.45096,1.56,1.00
2016.08.18 02:25:06.121,1.45074,1.45095,1.56,1.00
2016.08.18 02:25:06.224,1.45071,1.45093,1.69,1.00
2016.08.18 02:25:06.275,1.45071,1.45093,1.56,1.12
2016.08.18 02:25:06.326,1.45072,1.45094,1.00,1.50
2016.08.18 02:25:06.685,1.45073,1.45097,1.50,2.06
2016.08.18 02:25:06.736,1.45073,1.45097,2.25,1.56
2016.08.18 02:25:06.889,1.45073,1.45097,1.50,2.06
2016.08.18 02:25:06.940,1.45073,1.45096,1.00,1.56
2016.08.18 02:25:06.992,1.45073,1.45096,1.00,2.06
2016.08.18 02:25:07.043,1.45073,1.45095,1.50,1.50
2016.08.18 02:25:07.094,1.45073,1.45095,2.81,1.50
2016.08.18 02:25:07.145,1.45073,1.45095,3.56,1.50
2016.08.18 02:25:07.196,1.45073,1.45095,3.19,1.50
2016.08.18 02:25:07.248,1.45074,1.45098,2.06,1.37
2016.08.18 02:25:07.299,1.45074,1.45098,2.06,1.00
2016.08.18 02:25:08.472,1.45074,1.45098,2.44,1.00
2016.08.18 02:25:09.116,1.45074,1.45099,2.44,1.12
2016.08.18 02:25:09.488,1.45074,1.45099,1.69,1.12
2016.08.18 02:25:09.539,1.45073,1.45095,2.81,1.00
2016.08.18 02:25:09.641,1.45073,1.45095,2.06,1.00
2016.08.18 02:25:09.896,1.45075,1.45095,1.31,1.00
2016.08.18 02:25:09.947,1.45077,1.45098,1.00,1.75
2016.08.18 02:25:09.998,1.45077,1.45099,1.00,2.44
2016.08.18 02:25:10.049,1.45075,1.45099,2.25,2.00
2016.08.18 02:25:10.100,1.45075,1.451,2.44,3.56
2016.08.18 02:25:10.151,1.45077,1.451,1.00,2.44
2016.08.18 02:25:10.202,1.45077,1.451,1.31,1.50
2016.08.18 02:25:10.473,1.45075,1.45097,1.31,1.00
2016.08.18 02:25:10.524,1.45073,1.45097,2.06,1.12
2016.08.18 02:25:10.728,1.45073,1.45096,1.56,1.00
2016.08.18 02:25:11.136,1.45073,1.45096,1.56,1.00
2016.08.18 02:25:11.189,1.45073,1.45096,1.00,1.00
2016.08.18 02:25:11.240,1.45072,1.45096,1.69,1.00
2016.08.18 02:25:11.560,1.45072,1.45095,1.31,1.00
2016.08.18 02:25:12.458,1.45072,1.45095,1.31,1.50
2016.08.18 02:25:14.908,1.45072,1.45095,1.31,1.50
2016.08.18 02:25:14.961,1.45072,1.45095,1.31,2.25
2016.08.18 02:25:15.065,1.45072,1.45095,1.31,2.25
2016.08.18 02:25:15.269,1.45072,1.45095,1.31,1.50
2016.08.18 02:25:15.745,1.45072,1.45095,1.31,2.25
2016.08.18 02:25:16.484,1.45072,1.45095,1.00,2.25
2016.08.18 02:25:16.747,1.45072,1.45095,1.00,1.50
2016.08.18 02:25:18.498,1.45072,1.45095,1.00,1.50
2016.08.18 02:25:19.312,1.45073,1.45095,1.00,1.50
2016.08.18 02:25:19.363,1.45074,1.45095,1.00,1.00
2016.08.18 02:25:19.414,1.45074,1.45096,1.00,1.00
2016.08.18 02:25:19.795,1.45074,1.45097,1.00,1.00
2016.08.18 02:25:19.898,1.45074,1.45097,1.00,2.81
2016.08.18 02:25:19.949,1.45072,1.45094,1.50,1.00
2016.08.18 02:25:20.052,1.45072,1.45094,1.00,1.00
2016.08.18 02:25:20.103,1.45072,1.45094,1.00,1.75
2016.08.18 02:25:20.154,1.45072,1.45093,1.00,1.50
2016.08.18 02:25:20.918,1.45071,1.45093,1.00,1.50
2016.08.18 02:25:22.731,1.45071,1.45093,1.00,2.25
2016.08.18 02:25:23.054,1.45071,1.45093,1.00,2.25
2016.08.18 02:25:23.427,1.45069,1.45093,2.25,2.25
2016.08.18 02:25:24.333,1.45069,1.45091,1.50,1.00
2016.08.18 02:25:24.384,1.45069,1.45091,1.00,2.25
2016.08.18 02:25:24.436,1.45067,1.45089,1.87,1.00
2016.08.18 02:25:24.487,1.45067,1.45089,1.50,1.50
2016.08.18 02:25:24.641,1.45067,1.45089,1.00,1.50
2016.08.18 02:25:24.797,1.45067,1.45089,1.00,2.25
2016.08.18 02:25:24.950,1.45067,1.45089,1.00,2.25
2016.08.18 02:25:25.001,1.45067,1.45089,1.00,2.62
2016.08.18 02:25:25.103,1.45067,1.45089,1.00,2.81
2016.08.18 02:25:25.472,1.45067,1.45088,1.00,1.12
2016.08.18 02:25:25.966,1.45067,1.45088,1.00,1.87
2016.08.18 02:25:27.472,1.45066,1.45088,1.00,2.62
2016.08.18 02:25:27.980,1.45066,1.45088,1.00,1.87
2016.08.18 02:25:28.170,1.45066,1.45088,1.00,2.62
2016.08.18 02:25:32.507,1.45066,1.45086,1.00,1.00
2016.08.18 02:25:33.194,1.45066,1.45085,1.00,1.00
2016.08.18 02:25:35.996,1.45066,1.45084,1.00,1.00
2016.08.18 02:25:37.186,1.45066,1.45086,1.00,1.00
2016.08.18 02:25:37.748,1.45067,1.45086,1.00,1.00
2016.08.18 02:25:39.532,1.45067,1.45089,1.00,2.81
2016.08.18 02:25:39.958,1.45066,1.45088,1.00,1.12
2016.08.18 02:25:40.517,1.45066,1.45088,1.00,1.12
2016.08.18 02:25:40.619,1.45069,1.45088,1.00,1.12
2016.08.18 02:25:40.670,1.45072,1.45089,1.00,1.50
2016.08.18 02:25:40.959,1.45072,1.45093,1.00,3.56
2016.08.18 02:25:41.010,1.45071,1.45093,1.50,1.50
2016.08.18 02:25:41.342,1.45071,1.45093,1.50,1.00
2016.08.18 02:25:41.802,1.45071,1.45094,1.50,1.87
2016.08.18 02:25:41.903,1.45071,1.45094,1.50,1.12
2016.08.18 02:25:42.770,1.4507,1.45094,2.44,1.12
2016.08.18 02:25:42.890,1.4507,1.45094,1.69,1.12
2016.08.18 02:25:43.395,1.4507,1.45094,1.25,1.87
2016.08.18 02:25:44.313,1.4507,1.45094,1.00,2.44
2016.08.18 02:25:46.015,1.4507,1.45094,1.25,1.87
2016.08.18 02:25:46.798,1.4507,1.45094,1.25,1.87
2016.08.18 02:25:47.873,1.4507,1.45093,1.25,1.00
2016.08.18 02:25:48.332,1.4507,1.45093,1.00,1.25
2016.08.18 02:25:49.195,1.4507,1.45093,1.50,1.25
2016.08.18 02:25:50.285,1.4507,1.45093,1.00,1.25
2016.08.18 02:25:50.336,1.4507,1.45094,1.00,2.44
2016.08.18 02:25:51.949,1.4507,1.45094,1.00,2.44
2016.08.18 02:25:52.596,1.4507,1.45093,1.00,1.25
2016.08.18 02:25:52.782,1.45069,1.45093,1.87,1.25
2016.08.18 02:25:55.421,1.45069,1.45093,1.87,1.69
2016.08.18 02:25:55.472,1.45069,1.45093,1.87,2.06
2016.08.18 02:25:55.523,1.45068,1.45091,2.25,1.00
2016.08.18 02:25:55.627,1.45068,1.45089,1.50,2.25
2016.08.18 02:25:55.678,1.45065,1.45088,2.00,1.00
2016.08.18 02:25:55.730,1.45065,1.45088,1.75,1.56
2016.08.18 02:25:55.781,1.45065,1.45088,1.12,1.56
2016.08.18 02:25:55.833,1.45065,1.45088,1.12,2.06
2016.08.18 02:25:56.180,1.45064,1.45088,1.50,2.81
2016.08.18 02:25:57.203,1.45063,1.45087,2.25,1.31
2016.08.18 02:25:57.425,1.45063,1.45087,2.25,1.00
2016.08.18 02:25:58.304,1.45065,1.45088,2.62,1.31
2016.08.18 02:25:58.407,1.45065,1.45089,2.62,2.06
2016.08.18 02:25:59.849,1.45065,1.45089,1.87,2.81
2016.08.18 02:25:59.900,1.45065,1.45088,1.12,2.81
2016.08.18 02:26:00.002,1.45064,1.45088,1.50,2.81
2016.08.18 02:26:00.842,1.45064,1.45087,1.50,1.31
2016.08.18 02:26:01.007,1.45064,1.45088,1.50,2.81
2016.08.18 02:26:01.316,1.45064,1.45087,1.50,1.31
2016.08.18 02:26:01.570,1.45064,1.45087,1.50,1.00
2016.08.18 02:26:02.142,1.45064,1.45087,1.00,1.12
2016.08.18 02:26:02.195,1.45065,1.45087,1.00,1.87
2016.08.18 02:26:02.298,1.45065,1.45087,1.50,1.12
2016.08.18 02:26:02.351,1.45065,1.45088,1.50,1.50
2016.08.18 02:26:02.453,1.45065,1.45089,2.25,1.31
2016.08.18 02:26:02.555,1.45065,1.45089,1.50,1.69
2016.08.18 02:26:02.606,1.45067,1.45089,1.00,1.69
2016.08.18 02:26:02.688,1.45067,1.45089,1.00,1.69
2016.08.18 02:26:03.107,1.45067,1.45089,1.50,1.25
2016.08.18 02:26:05.888,1.45067,1.45089,2.25,1.25
2016.08.18 02:26:06.934,1.45067,1.4509,2.25,1.50
2016.08.18 02:26:08.607,1.45067,1.4509,1.50,1.50
2016.08.18 02:26:08.760,1.45067,1.4509,1.00,1.50
2016.08.18 02:26:08.811,1.45066,1.4509,1.00,3.00
2016.08.18 02:26:11.842,1.45066,1.45089,1.00,1.25
2016.08.18 02:26:12.630,1.45065,1.45089,2.25,2.44
2016.08.18 02:26:12.710,1.45065,1.45089,1.50,3.19
2016.08.18 02:26:13.288,1.45065,1.45089,2.25,3.19
2016.08.18 02:26:13.339,1.45065,1.45088,2.25,1.00
2016.08.18 02:26:15.409,1.45065,1.45087,1.50,1.00
2016.08.18 02:26:15.731,1.45065,1.45087,1.50,1.50
2016.08.18 02:26:16.396,1.45065,1.45087,1.50,2.25
2016.08.18 02:26:17.210,1.45065,1.45087,1.00,2.25
2016.08.18 02:26:18.034,1.45065,1.45087,1.00,1.50
2016.08.18 02:26:18.136,1.45065,1.45086,1.00,1.00
2016.08.18 02:26:19.021,1.45065,1.45086,1.00,1.00
2016.08.18 02:26:19.316,1.45065,1.45086,1.00,1.00
2016.08.18 02:26:22.045,1.45064,1.45085,1.25,1.00
2016.08.18 02:26:22.693,1.45064,1.45085,1.00,1.00
2016.08.18 02:26:23.077,1.45064,1.45085,1.00,1.00
2016.08.18 02:26:23.478,1.45064,1.45085,1.25,1.00
2016.08.18 02:26:26.368,1.45065,1.45086,1.00,1.00
2016.08.18 02:26:33.191,1.45065,1.45087,1.00,1.50
2016.08.18 02:26:33.757,1.45065,1.45087,1.00,1.69
2016.08.18 02:26:33.860,1.45063,1.45087,1.87,2.44
2016.08.18 02:26:34.268,1.45063,1.45087,2.62,1.69
2016.08.18 02:26:34.319,1.45063,1.45087,2.62,2.06
2016.08.18 02:26:34.370,1.45063,1.45087,2.25,2.44
2016.08.18 02:26:34.591,1.45063,1.45087,2.25,2.81
2016.08.18 02:26:34.642,1.45063,1.45087,2.25,3.56
2016.08.18 02:26:35.601,1.45063,1.45086,2.25,1.25
2016.08.18 02:26:37.123,1.45065,1.45086,1.00,1.25
2016.08.18 02:26:38.461,1.45065,1.45088,1.00,2.06
2016.08.18 02:26:38.612,1.45065,1.45087,1.00,1.56
2016.08.18 02:26:40.497,1.45065,1.45088,1.00,2.81
2016.08.18 02:26:40.548,1.45065,1.45088,1.00,3.00
2016.08.18 02:26:41.409,1.45065,1.45088,1.50,3.00
2016.08.18 02:26:41.461,1.45069,1.45088,1.00,1.81
2016.08.18 02:26:41.563,1.45069,1.45088,1.50,1.81
2016.08.18 02:26:41.665,1.45071,1.45088,1.00,1.81
2016.08.18 02:26:42.685,1.45071,1.45086,1.00,1.31
2016.08.18 02:26:42.736,1.45071,1.45086,1.00,1.56
2016.08.18 02:26:47.219,1.4507,1.45086,1.00,1.56
2016.08.18 02:26:47.819,1.4507,1.45088,1.00,1.56
2016.08.18 02:26:47.921,1.4507,1.45091,1.00,2.44
2016.08.18 02:26:47.972,1.4507,1.45091,1.12,1.56
2016.08.18 02:26:48.125,1.4507,1.45091,1.12,1.87
2016.08.18 02:26:48.445,1.4507,1.45087,1.12,1.56
2016.08.18 02:26:48.609,1.45068,1.45087,1.75,1.56
2016.08.18 02:26:48.660,1.45068,1.45087,1.00,1.56
2016.08.18 02:26:50.321,1.45068,1.45086,1.00,1.56
2016.08.18 02:26:50.373,1.45068,1.45086,1.00,1.56
2016.08.18 02:26:51.522,1.45068,1.45087,1.00,1.56
2016.08.18 02:26:52.787,1.45067,1.45087,1.12,1.56
2016.08.18 02:26:56.728,1.45068,1.45087,1.00,1.56
2016.08.18 02:26:57.253,1.4507,1.45089,1.00,1.25
2016.08.18 02:26:57.305,1.45068,1.45089,1.00,1.31
2016.08.18 02:26:57.356,1.45068,1.45089,1.00,2.06
2016.08.18 02:26:57.458,1.45068,1.45089,1.00,1.12
2016.08.18 02:26:57.510,1.45067,1.45088,1.12,1.00
2016.08.18 02:26:57.612,1.45067,1.45088,1.12,1.00
2016.08.18 02:26:57.691,1.45065,1.45087,1.37,1.00
2016.08.18 02:26:57.743,1.45065,1.45087,1.00,1.50
2016.08.18 02:26:58.030,1.45065,1.45083,1.00,1.37
2016.08.18 02:26:58.081,1.45058,1.45083,1.00,3.00
2016.08.18 02:26:58.133,1.45058,1.45083,1.00,4.12
2016.08.18 02:26:58.186,1.45058,1.45083,1.00,3.37
2016.08.18 02:26:58.237,1.45058,1.45082,1.00,1.50
2016.08.18 02:26:59.690,1.45057,1.45082,1.00,2.25
2016.08.18 02:26:59.741,1.45057,1.4508,1.00,1.00
2016.08.18 02:26:59.894,1.45058,1.4508,1.00,1.00
2016.08.18 02:27:00.302,1.45058,1.4508,1.00,1.00
2016.08.18 02:27:00.910,1.45058,1.4508,1.50,1.00
2016.08.18 02:27:00.971,1.4506,1.45082,1.00,2.25
2016.08.18 02:27:01.022,1.45062,1.45084,1.00,2.25
2016.08.18 02:27:01.073,1.45062,1.45084,1.50,1.50
2016.08.18 02:27:01.124,1.45063,1.45086,1.00,2.62
2016.08.18 02:27:01.175,1.45063,1.45086,1.00,2.25
2016.08.18 02:27:01.328,1.45062,1.45086,2.25,1.50
2016.08.18 02:27:01.481,1.45062,1.45086,2.25,2.25
2016.08.18 02:27:01.532,1.45064,1.45086,1.00,2.25
2016.08.18 02:27:01.583,1.45064,1.45085,1.00,1.00
2016.08.18 02:27:02.308,1.45064,1.45086,1.00,2.25
2016.08.18 02:27:02.410,1.45064,1.45086,1.00,1.50
2016.08.18 02:27:02.614,1.45064,1.45086,1.00,1.00
2016.08.18 02:27:02.908,1.45063,1.45086,1.50,1.00
2016.08.18 02:27:04.043,1.45063,1.45086,1.50,1.12
2016.08.18 02:27:04.107,1.45063,1.45086,1.50,1.00
2016.08.18 02:27:04.456,1.45063,1.45086,1.50,1.00
2016.08.18 02:27:04.508,1.45065,1.45086,1.00,1.00
2016.08.18 02:27:05.231,1.45063,1.45086,2.25,1.00
2016.08.18 02:27:05.759,1.45063,1.45085,1.50,1.50
2016.08.18 02:27:05.810,1.45063,1.45085,1.00,2.25
2016.08.18 02:27:05.911,1.45062,1.45084,2.25,1.00
2016.08.18 02:27:06.217,1.45062,1.45082,1.00,1.00
2016.08.18 02:27:06.512,1.45059,1.45075,1.50,1.00
2016.08.18 02:27:06.564,1.45057,1.45075,1.00,1.00
2016.08.18 02:27:06.666,1.45057,1.45076,1.00,1.50
2016.08.18 02:27:06.717,1.45054,1.45076,1.00,1.50
2016.08.18 02:27:06.769,1.45053,1.45076,1.87,1.87
2016.08.18 02:27:06.820,1.45052,1.45076,1.37,1.37
2016.08.18 02:27:06.872,1.45052,1.45074,1.37,1.00
2016.08.18 02:27:06.975,1.45051,1.45076,2.25,1.37
2016.08.18 02:27:07.026,1.45051,1.45075,1.12,1.75
2016.08.18 02:27:07.077,1.45051,1.45073,1.00,1.00
2016.08.18 02:27:07.666,1.45051,1.45073,1.00,1.50
2016.08.18 02:27:09.121,1.45051,1.45073,1.00,1.00
2016.08.18 02:27:09.244,1.45051,1.45073,1.50,1.00
2016.08.18 02:27:09.451,1.45051,1.45073,1.50,1.19
2016.08.18 02:27:12.839,1.45053,1.45073,1.00,1.56
2016.08.18 02:27:12.898,1.45053,1.45074,1.00,1.94
2016.08.18 02:27:12.957,1.45054,1.45073,1.00,2.44
2016.08.18 02:27:13.009,1.45055,1.45073,1.00,2.06
2016.08.18 02:27:13.060,1.45055,1.45076,1.50,1.31
2016.08.18 02:27:13.112,1.45055,1.45076,1.50,1.19
2016.08.18 02:27:13.215,1.45056,1.45077,1.00,1.69
2016.08.18 02:27:13.326,1.45055,1.45076,1.00,1.19
2016.08.18 02:27:13.670,1.45055,1.45075,1.50,1.19
2016.08.18 02:27:14.179,1.45055,1.45076,1.50,1.19
2016.08.18 02:27:15.124,1.45056,1.45077,1.00,1.19
2016.08.18 02:27:16.834,1.45057,1.45078,1.00,1.19
2016.08.18 02:27:16.936,1.45057,1.45078,1.00,1.69
2016.08.18 02:27:16.987,1.45057,1.45078,1.00,2.44
2016.08.18 02:27:17.038,1.45057,1.45078,1.00,2.81
2016.08.18 02:27:17.089,1.45057,1.45078,1.00,3.19
2016.08.18 02:27:17.646,1.45056,1.45077,1.00,1.56
2016.08.18 02:27:17.850,1.45056,1.45077,1.00,1.19
2016.08.18 02:27:18.780,1.45056,1.45077,1.50,1.19
2016.08.18 02:27:19.736,1.45057,1.45078,1.00,1.69
2016.08.18 02:27:20.418,1.45063,1.45083,1.50,1.56
2016.08.18 02:27:20.470,1.45064,1.45084,1.00,1.19
2016.08.18 02:27:20.522,1.45064,1.45085,1.50,1.19
2016.08.18 02:27:20.574,1.45068,1.45086,1.00,1.50
2016.08.18 02:27:20.626,1.45068,1.45088,1.00,1.19
2016.08.18 02:27:20.678,1.45068,1.45089,1.00,1.56
2016.08.18 02:27:20.730,1.45068,1.45089,1.00,1.19
2016.08.18 02:27:21.007,1.45066,1.45089,1.00,1.19
2016.08.18 02:27:21.414,1.45065,1.45089,1.12,1.56
2016.08.18 02:27:21.465,1.45064,1.45085,1.00,1.19
2016.08.18 02:27:21.567,1.45064,1.45085,1.00,1.19
2016.08.18 02:27:21.669,1.45063,1.45083,1.12,1.00
2016.08.18 02:27:21.772,1.45064,1.45085,1.00,1.19
2016.08.18 02:27:22.195,1.45065,1.45086,1.00,2.44
2016.08.18 02:27:22.246,1.45063,1.45085,1.50,1.31
2016.08.18 02:27:22.654,1.45063,1.45085,1.50,1.69
2016.08.18 02:27:23.671,1.45063,1.45085,1.00,1.69
2016.08.18 02:27:23.868,1.45063,1.45085,1.00,1.12
2016.08.18 02:27:24.071,1.45063,1.45085,1.50,1.12
2016.08.18 02:27:24.142,1.45063,1.45085,1.87,1.00
2016.08.18 02:27:24.194,1.45063,1.45085,2.25,1.00
2016.08.18 02:27:25.202,1.45069,1.45088,1.00,1.56
2016.08.18 02:27:27.561,1.45069,1.4509,1.00,4.31
2016.08.18 02:27:27.613,1.45069,1.4509,1.00,3.94
2016.08.18 02:27:27.701,1.45066,1.45088,1.00,1.00
2016.08.18 02:27:27.753,1.45069,1.4509,1.00,3.19
2016.08.18 02:27:27.805,1.45069,1.4509,1.00,2.25
2016.08.18 02:27:27.857,1.45069,1.4509,1.00,1.50
2016.08.18 02:27:27.908,1.45069,1.4509,1.00,2.06
2016.08.18 02:27:28.229,1.45069,1.4509,1.00,2.81
2016.08.18 02:27:28.281,1.45068,1.45089,1.00,1.69
2016.08.18 02:27:28.384,1.45068,1.45088,1.00,1.56
2016.08.18 02:27:28.957,1.45069,1.45088,1.00,1.56
2016.08.18 02:27:29.141,1.45069,1.45088,1.50,1.56
2016.08.18 02:27:29.243,1.4507,1.45089,1.00,1.69
2016.08.18 02:27:29.973,1.4507,1.45088,1.00,1.56
2016.08.18 02:27:30.500,1.4507,1.45087,1.00,1.56
2016.08.18 02:27:30.942,1.45069,1.45087,1.50,1.56
2016.08.18 02:27:32.091,1.45069,1.45086,1.50,1.56
2016.08.18 02:27:34.574,1.45069,1.45086,1.00,1.56
2016.08.18 02:27:36.294,1.45069,1.45086,1.50,1.56
2016.08.18 02:27:36.560,1.4507,1.45086,1.00,1.56
2016.08.18 02:27:37.255,1.45073,1.45086,1.00,1.56
2016.08.18 02:27:37.563,1.45076,1.4509,1.00,1.56
2016.08.18 02:27:37.665,1.45077,1.45089,1.50,1.56
2016.08.18 02:27:37.768,1.45077,1.45089,1.00,1.56
2016.08.18 02:27:38.648,1.45077,1.45089,1.50,1.56
2016.08.18 02:27:40.352,1.45077,1.45091,1.50,1.56
2016.08.18 02:27:40.670,1.45078,1.45091,1.00,1.56
2016.08.18 02:27:40.959,1.45078,1.45096,1.00,1.87
2016.08.18 02:27:41.010,1.45078,1.45096,1.00,1.56
2016.08.18 02:27:41.061,1.45078,1.45097,1.00,1.69
2016.08.18 02:27:41.112,1.45078,1.45097,1.00,1.12
2016.08.18 02:27:41.553,1.45078,1.45095,1.00,1.50
2016.08.18 02:27:41.604,1.45078,1.45095,1.00,2.06
2016.08.18 02:27:42.295,1.4508,1.45095,1.00,2.06
2016.08.18 02:27:42.346,1.4508,1.45095,1.00,1.56
2016.08.18 02:27:46.133,1.4508,1.45095,1.00,1.56
2016.08.18 02:27:46.562,1.4508,1.45097,1.00,1.56
2016.08.18 02:27:46.613,1.4508,1.45097,1.00,1.00
2016.08.18 02:27:47.958,1.45079,1.45097,1.00,1.00
2016.08.18 02:27:49.165,1.4508,1.45097,1.00,1.00
2016.08.18 02:27:51.969,1.45079,1.45097,1.00,1.00
2016.08.18 02:27:53.470,1.45079,1.45098,1.00,1.25
2016.08.18 02:27:54.105,1.4508,1.45098,1.00,1.25
2016.08.18 02:27:58.518,1.4508,1.45101,1.00,2.44
2016.08.18 02:28:00.972,1.4508,1.45099,1.00,1.56
2016.08.18 02:28:01.824,1.4508,1.45098,1.00,1.56
2016.08.18 02:28:02.977,1.45081,1.45098,1.00,1.56
2016.08.18 02:28:05.039,1.45079,1.45098,1.00,1.56
2016.08.18 02:28:07.569,1.45079,1.45098,1.00,1.56
2016.08.18 02:28:07.723,1.45082,1.45099,1.00,2.06
2016.08.18 02:28:07.774,1.4508,1.45099,1.00,1.56
2016.08.18 02:28:07.825,1.45079,1.45098,1.00,1.56
2016.08.18 02:28:07.876,1.45079,1.45095,1.37,1.56
2016.08.18 02:28:07.927,1.4508,1.45095,1.50,1.00
2016.08.18 02:28:08.238,1.45077,1.45095,1.00,1.81
2016.08.18 02:28:08.289,1.45077,1.45091,1.00,1.56
2016.08.18 02:28:08.392,1.45076,1.45088,1.00,1.56
2016.08.18 02:28:08.937,1.45075,1.45088,1.00,1.56
2016.08.18 02:28:18.824,1.45075,1.45087,1.00,1.56
2016.08.18 02:28:19.333,1.45075,1.45088,1.00,1.56
2016.08.18 02:28:19.881,1.45075,1.45087,1.00,1.56
2016.08.18 02:28:21.196,1.45075,1.45089,1.00,1.56
2016.08.18 02:28:22.345,1.45075,1.45092,1.00,1.56
2016.08.18 02:28:23.797,1.45075,1.45091,1.00,1.56
2016.08.18 02:28:27.937,1.45075,1.45091,1.00,1.00
2016.08.18 02:28:27.988,1.45075,1.45096,1.00,2.44
2016.08.18 02:28:29.479,1.45077,1.45097,1.00,1.56
2016.08.18 02:28:29.541,1.45078,1.45097,1.00,1.00
2016.08.18 02:28:30.318,1.45077,1.45097,1.00,1.00
2016.08.18 02:28:30.759,1.45079,1.45097,1.00,1.00
2016.08.18 02:28:30.919,1.45076,1.45097,1.50,1.00
2016.08.18 02:28:31.545,1.45079,1.45097,1.00,1.00
2016.08.18 02:28:33.944,1.45077,1.45097,1.00,1.00
2016.08.18 02:28:34.250,1.45079,1.45096,1.00,1.00
2016.08.18 02:28:37.456,1.45082,1.45096,1.00,1.00
2016.08.18 02:28:37.710,1.45083,1.45101,1.00,1.31
2016.08.18 02:28:38.269,1.45083,1.45102,1.00,1.56
2016.08.18 02:28:38.372,1.45084,1.45102,1.00,1.25
2016.08.18 02:28:38.423,1.45084,1.45103,1.00,1.31
2016.08.18 02:28:38.576,1.45081,1.45103,1.50,2.06
2016.08.18 02:28:38.779,1.45083,1.45103,1.00,1.31
2016.08.18 02:28:39.036,1.45082,1.45103,1.00,2.06
2016.08.18 02:28:39.386,1.45083,1.45103,1.00,1.31
2016.08.18 02:28:39.789,1.45082,1.45103,1.00,2.06
2016.08.18 02:28:40.263,1.45084,1.45103,1.00,1.31
2016.08.18 02:28:40.314,1.45084,1.45104,1.00,1.56
2016.08.18 02:28:40.619,1.45085,1.45103,1.00,1.31
2016.08.18 02:28:41.857,1.45085,1.45103,1.00,1.00
2016.08.18 02:28:42.266,1.45083,1.45104,1.00,1.50
2016.08.18 02:28:42.369,1.45084,1.45104,1.00,1.00
2016.08.18 02:28:42.715,1.45084,1.45105,1.00,2.06
2016.08.18 02:28:42.826,1.45084,1.45105,1.00,2.44
2016.08.18 02:28:43.622,1.45084,1.45105,1.00,2.81
2016.08.18 02:28:43.740,1.45084,1.45105,1.00,2.44
2016.08.18 02:28:46.254,1.45084,1.45105,1.00,2.06
2016.08.18 02:28:46.571,1.45084,1.45105,1.00,2.25
2016.08.18 02:28:46.622,1.45084,1.45104,1.00,1.37
2016.08.18 02:28:47.753,1.45084,1.45103,1.00,1.37
2016.08.18 02:28:49.367,1.45084,1.45103,1.00,1.44
2016.08.18 02:28:49.622,1.45085,1.45104,1.00,1.37
2016.08.18 02:28:50.988,1.45085,1.45104,1.00,1.00
2016.08.18 02:28:51.432,1.45086,1.45105,1.00,1.12
2016.08.18 02:28:51.483,1.45086,1.45106,1.00,1.50
2016.08.18 02:28:51.636,1.45086,1.45106,1.00,1.37
2016.08.18 02:28:51.687,1.45086,1.45106,1.00,1.00
2016.08.18 02:28:53.936,1.45086,1.45107,1.00,1.50
2016.08.18 02:28:54.140,1.45086,1.45104,1.00,1.19
2016.08.18 02:28:54.741,1.4508,1.45101,1.00,1.69
2016.08.18 02:28:54.835,1.4508,1.45101,1.00,2.44
2016.08.18 02:28:55.203,1.4508,1.45101,1.00,1.69
2016.08.18 02:28:56.299,1.45078,1.45099,1.50,1.69
2016.08.18 02:28:56.351,1.45078,1.45099,1.37,3.19
2016.08.18 02:28:56.402,1.45078,1.45099,1.00,3.19
2016.08.18 02:28:56.454,1.45078,1.45097,1.00,1.19
2016.08.18 02:28:56.506,1.45077,1.45095,1.00,1.25
2016.08.18 02:28:56.558,1.45077,1.45095,1.00,1.19
2016.08.18 02:28:57.883,1.45076,1.45095,1.00,1.19
2016.08.18 02:28:58.972,1.45076,1.45095,1.00,1.25
2016.08.18 02:29:01.215,1.45076,1.45096,1.00,1.50
2016.08.18 02:29:01.307,1.45078,1.45096,1.00,1.00
2016.08.18 02:29:01.829,1.45078,1.45097,1.00,1.00
2016.08.18 02:29:03.258,1.45078,1.45098,1.00,1.00
2016.08.18 02:29:03.563,1.45081,1.45098,1.00,1.00
2016.08.18 02:29:04.225,1.45081,1.45099,1.00,1.00
2016.08.18 02:29:04.739,1.45082,1.45099,1.00,1.00
2016.08.18 02:29:08.896,1.45083,1.45099,1.00,1.00
2016.08.18 02:29:09.100,1.45081,1.45099,1.00,1.00
2016.08.18 02:29:09.151,1.45081,1.45099,1.00,1.25
2016.08.18 02:29:09.253,1.4508,1.45098,1.00,1.00
2016.08.18 02:29:09.869,1.45078,1.45097,1.00,1.00
2016.08.18 02:29:09.921,1.45078,1.45095,1.00,1.00
2016.08.18 02:29:11.326,1.45071,1.45093,2.62,1.00
2016.08.18 02:29:11.378,1.45071,1.45092,1.37,1.00
2016.08.18 02:29:11.430,1.45072,1.45092,1.00,1.00
2016.08.18 02:29:11.738,1.45072,1.4509,1.00,1.00
2016.08.18 02:29:12.321,1.45069,1.45087,1.00,1.00
2016.08.18 02:29:12.425,1.45069,1.45087,1.00,1.50
2016.08.18 02:29:12.476,1.45066,1.45087,1.50,1.50
2016.08.18 02:29:12.527,1.45065,1.45083,1.87,1.00
2016.08.18 02:29:12.578,1.45065,1.45083,1.75,1.00
2016.08.18 02:29:12.680,1.45064,1.45083,1.37,1.00
2016.08.18 02:29:12.732,1.45064,1.45083,1.00,1.00
2016.08.18 02:29:13.238,1.45063,1.45083,1.00,1.00
2016.08.18 02:29:19.178,1.45062,1.45083,1.69,2.25
2016.08.18 02:29:20.359,1.45062,1.45083,1.25,2.25
2016.08.18 02:29:21.396,1.45061,1.45083,1.56,2.25
2016.08.18 02:29:21.621,1.45061,1.45083,1.69,2.25
2016.08.18 02:29:21.672,1.45062,1.45083,1.31,2.25
2016.08.18 02:29:22.853,1.45062,1.45083,1.12,2.25
2016.08.18 02:29:22.904,1.45062,1.45083,1.12,1.50
2016.08.18 02:29:23.331,1.45062,1.45081,1.12,1.00
2016.08.18 02:29:23.851,1.45062,1.4508,1.00,1.00
2016.08.18 02:29:25.103,1.45062,1.45075,1.00,1.00
2016.08.18 02:29:25.155,1.45058,1.45075,1.62,1.00
2016.08.18 02:29:25.206,1.45057,1.45075,1.75,1.00
2016.08.18 02:29:25.410,1.45056,1.45075,1.00,1.00
2016.08.18 02:29:25.461,1.45055,1.45072,1.31,1.00
2016.08.18 02:29:25.512,1.45055,1.45072,1.00,1.00
2016.08.18 02:29:25.564,1.45054,1.45072,1.31,1.50
2016.08.18 02:29:25.615,1.45054,1.45072,1.00,2.25
2016.08.18 02:29:25.893,1.45053,1.45072,1.37,2.25
2016.08.18 02:29:25.945,1.45051,1.45071,1.00,1.50
2016.08.18 02:29:26.148,1.45051,1.4507,1.00,1.00
2016.08.18 02:29:26.504,1.45052,1.4507,1.00,1.00
2016.08.18 02:29:26.556,1.45055,1.45072,1.00,1.50
2016.08.18 02:29:26.607,1.45056,1.45072,1.00,1.50
2016.08.18 02:29:27.210,1.45058,1.45077,1.31,1.00
2016.08.18 02:29:27.889,1.45057,1.45077,2.06,1.00
2016.08.18 02:29:28.452,1.45057,1.45077,1.69,1.00
2016.08.18 02:29:28.980,1.45058,1.45077,1.50,1.00
2016.08.18 02:29:29.082,1.45059,1.45079,1.00,1.00
2016.08.18 02:29:29.184,1.45059,1.45079,1.00,2.06
2016.08.18 02:29:29.236,1.45059,1.45077,1.00,1.00
2016.08.18 02:29:29.387,1.45053,1.45075,2.25,1.31
2016.08.18 02:29:29.693,1.45053,1.45075,2.25,2.06
2016.08.18 02:29:29.744,1.45053,1.45074,2.25,1.25
2016.08.18 02:29:29.796,1.45053,1.45074,2.44,1.00
2016.08.18 02:29:30.947,1.45053,1.45074,2.44,1.00
2016.08.18 02:29:31.203,1.4506,1.45077,1.00,1.50
2016.08.18 02:29:31.356,1.45056,1.45077,1.50,1.50
2016.08.18 02:29:31.680,1.45056,1.45077,2.25,1.50
2016.08.18 02:29:31.731,1.45059,1.45077,1.37,1.50
2016.08.18 02:29:31.782,1.45059,1.45077,1.75,1.00
2016.08.18 02:29:31.833,1.45059,1.45079,1.75,1.00
2016.08.18 02:29:31.986,1.45059,1.45081,1.75,1.50
2016.08.18 02:29:32.089,1.45059,1.45081,1.75,1.00
2016.08.18 02:29:32.387,1.45061,1.45083,1.87,1.50
2016.08.18 02:29:32.438,1.45061,1.45083,1.87,1.00
2016.08.18 02:29:32.489,1.45063,1.45083,1.00,1.00
2016.08.18 02:29:32.592,1.45061,1.45083,1.87,1.00
2016.08.18 02:29:33.720,1.45064,1.45083,1.69,1.50
2016.08.18 02:29:33.772,1.45061,1.45083,1.69,1.50
2016.08.18 02:29:33.824,1.45061,1.45083,1.12,1.50
2016.08.18 02:29:33.875,1.45061,1.45083,1.12,1.00
2016.08.18 02:29:35.305,1.45066,1.45085,1.12,1.00
2016.08.18 02:29:35.356,1.45066,1.45086,2.25,1.00
2016.08.18 02:29:35.407,1.45066,1.45088,1.50,1.00
2016.08.18 02:29:35.459,1.45064,1.45086,1.75,1.00
2016.08.18 02:29:35.562,1.45064,1.45086,1.75,1.50
2016.08.18 02:29:35.867,1.45062,1.45086,2.25,1.50
2016.08.18 02:29:36.071,1.45062,1.45084,2.25,1.00
2016.08.18 02:29:36.397,1.45062,1.45084,2.25,1.50
2016.08.18 02:29:36.499,1.45062,1.45084,2.25,1.50
2016.08.18 02:29:36.550,1.45062,1.45083,2.25,1.00
2016.08.18 02:29:40.986,1.45062,1.45084,2.25,1.00
2016.08.18 02:29:44.423,1.45062,1.45085,2.25,1.50
2016.08.18 02:29:44.529,1.45062,1.45085,1.50,1.50
2016.08.18 02:29:46.315,1.45062,1.45085,1.75,1.50
2016.08.18 02:29:46.918,1.45062,1.45085,2.25,1.50
2016.08.18 02:29:48.363,1.45063,1.45085,1.00,1.00
2016.08.18 02:29:48.414,1.45062,1.45078,1.50,1.00
2016.08.18 02:29:48.465,1.45062,1.45078,1.50,1.50
2016.08.18 02:29:48.516,1.45058,1.45078,1.75,1.50
2016.08.18 02:29:48.777,1.45058,1.45078,1.37,1.50
2016.08.18 02:29:48.829,1.45057,1.45078,1.00,2.25
2016.08.18 02:29:48.880,1.45058,1.45077,1.00,1.00
2016.08.18 02:29:49.370,1.45058,1.45077,1.00,1.50
2016.08.18 02:29:50.969,1.45058,1.45077,1.00,1.00
2016.08.18 02:29:52.379,1.45058,1.45077,1.00,1.50
2016.08.18 02:29:53.990,1.45054,1.45072,1.56,1.00
2016.08.18 02:29:54.041,1.45053,1.45073,1.75,1.00
2016.08.18 02:29:54.093,1.45051,1.45071,1.57,1.50
2016.08.18 02:29:54.146,1.45051,1.45071,1.31,1.50
2016.08.18 02:29:54.197,1.45049,1.45071,1.94,1.50
2016.08.18 02:29:54.249,1.45049,1.45071,1.75,1.50
2016.08.18 02:29:54.300,1.45047,1.45069,2.25,1.00
2016.08.18 02:29:54.604,1.45047,1.45069,1.75,1.00
2016.08.18 02:29:54.694,1.45047,1.45069,1.75,1.00
2016.08.18 02:29:54.949,1.45046,1.45069,1.94,1.00
2016.08.18 02:29:55.000,1.45047,1.45069,1.69,1.00
2016.08.18 02:29:55.204,1.45052,1.4507,1.00,1.00
2016.08.18 02:29:55.307,1.4505,1.4507,1.50,1.00
2016.08.18 02:29:55.683,1.4505,1.45069,1.00,1.00
2016.08.18 02:29:56.244,1.45049,1.45069,1.00,1.00
2016.08.18 02:30:00.102,1.45051,1.45069,1.00,1.00
2016.08.18 02:30:00.205,1.45053,1.45069,1.00,1.00
2016.08.18 02:30:01.042,1.45051,1.45069,1.00,1.00
2016.08.18 02:30:01.143,1.45051,1.45069,1.00,1.00
2016.08.18 02:30:01.728,1.45051,1.45069,1.00,1.50
2016.08.18 02:30:02.352,1.45051,1.45071,1.19,1.00
2016.08.18 02:30:02.404,1.45051,1.45071,1.56,1.00
2016.08.18 02:30:02.455,1.45051,1.45071,1.69,1.00
2016.08.18 02:30:02.972,1.45051,1.4507,1.69,1.00
2016.08.18 02:30:03.023,1.45051,1.4507,1.31,1.00
2016.08.18 02:30:03.075,1.45051,1.4507,1.19,1.00
2016.08.18 02:30:03.332,1.45051,1.4507,1.00,1.00
2016.08.18 02:30:03.680,1.45051,1.4507,1.00,1.50
2016.08.18 02:30:04.137,1.45051,1.4507,1.25,1.50
2016.08.18 02:30:06.050,1.45051,1.45068,1.00,1.00
2016.08.18 02:30:06.576,1.45051,1.45068,1.50,1.00
2016.08.18 02:30:06.627,1.45054,1.45067,1.00,1.00
2016.08.18 02:30:07.030,1.45054,1.45069,1.69,1.00
2016.08.18 02:30:07.236,1.45055,1.4507,1.19,1.00
2016.08.18 02:30:07.339,1.45054,1.4507,1.69,1.00
2016.08.18 02:30:07.646,1.45055,1.4507,1.19,1.00
2016.08.18 02:30:07.970,1.45058,1.45072,1.00,1.00
2016.08.18 02:30:08.022,1.45062,1.45072,1.00,1.00
2016.08.18 02:30:08.126,1.45062,1.45077,1.00,1.00
2016.08.18 02:30:08.177,1.45062,1.45077,1.50,1.00
2016.08.18 02:30:08.229,1.45065,1.45078,1.00,1.00
2016.08.18 02:30:08.332,1.45061,1.45079,1.69,1.00
2016.08.18 02:30:08.383,1.45063,1.45079,1.94,1.00
2016.08.18 02:30:08.434,1.45064,1.45083,1.62,1.00
2016.08.18 02:30:08.766,1.45061,1.45071,1.00,1.00
2016.08.18 02:30:08.820,1.45048,1.45069,1.50,1.00
2016.08.18 02:30:08.871,1.45048,1.45065,1.12,1.00
2016.08.18 02:30:10.140,1.45048,1.45069,2.06,1.00
2016.08.18 02:30:10.497,1.4505,1.45068,1.00,1.00
2016.08.18 02:30:10.572,1.45054,1.4507,1.00,1.00
2016.08.18 02:30:10.623,1.45054,1.4507,1.12,1.00
2016.08.18 02:30:10.674,1.45054,1.45072,1.12,1.00
2016.08.18 02:30:10.727,1.45053,1.45072,1.31,1.00
2016.08.18 02:30:10.778,1.45053,1.45072,1.00,1.00
2016.08.18 02:30:10.831,1.45054,1.4507,1.87,1.00
2016.08.18 02:30:11.112,1.45054,1.45069,1.12,1.00
2016.08.18 02:30:11.640,1.45054,1.45068,1.12,1.00
2016.08.18 02:30:12.192,1.45054,1.45067,1.12,1.00
2016.08.18 02:30:12.742,1.45052,1.45073,2.25,1.00
2016.08.18 02:30:12.793,1.45052,1.45073,2.44,1.00
2016.08.18 02:30:12.845,1.45053,1.45074,1.69,2.25
2016.08.18 02:30:14.217,1.45053,1.45074,1.50,1.50
2016.08.18 02:30:14.660,1.45053,1.45074,1.69,1.50
2016.08.18 02:30:15.045,1.45053,1.45074,1.50,1.50
2016.08.18 02:30:15.096,1.45055,1.45076,1.50,1.50
2016.08.18 02:30:15.147,1.45055,1.45074,1.50,1.00
2016.08.18 02:30:15.249,1.45056,1.45075,1.12,1.00
2016.08.18 02:30:15.300,1.45057,1.45075,1.00,1.00
2016.08.18 02:30:15.352,1.45058,1.45076,1.00,1.00
2016.08.18 02:30:15.911,1.45057,1.45076,1.50,1.00
2016.08.18 02:30:16.115,1.45057,1.45075,1.00,1.00
2016.08.18 02:30:16.554,1.45056,1.45075,1.50,1.00
2016.08.18 02:30:17.238,1.45056,1.45075,1.12,1.00
2016.08.18 02:30:17.299,1.45056,1.45074,1.00,1.00
2016.08.18 02:30:17.453,1.45054,1.45074,1.31,1.00
2016.08.18 02:30:17.687,1.45054,1.45074,1.12,1.00
2016.08.18 02:30:18.733,1.45055,1.45075,1.50,1.50
2016.08.18 02:30:18.785,1.45055,1.45074,1.50,1.00
2016.08.18 02:30:18.887,1.45055,1.45074,1.00,1.00
2016.08.18 02:30:18.990,1.45055,1.45075,1.00,1.50
2016.08.18 02:30:21.405,1.45054,1.45073,1.87,1.00
2016.08.18 02:30:21.457,1.45054,1.45075,2.44,1.50
2016.08.18 02:30:21.559,1.45054,1.45075,2.44,1.00
2016.08.18 02:30:21.610,1.45054,1.45075,1.69,1.00
2016.08.18 02:30:21.661,1.45052,1.45074,1.75,1.00
2016.08.18 02:30:21.764,1.45051,1.45072,2.44,1.00
2016.08.18 02:30:21.969,1.45051,1.45072,1.75,1.00
2016.08.18 02:30:22.072,1.4505,1.45071,1.00,1.00
2016.08.18 02:30:22.630,1.4505,1.45071,1.50,1.50
2016.08.18 02:30:22.762,1.4505,1.45071,1.00,1.00
2016.08.18 02:30:23.079,1.4505,1.45071,1.00,1.50
2016.08.18 02:30:23.130,1.4505,1.45069,1.00,1.00
2016.08.18 02:30:23.748,1.45048,1.45069,1.56,1.00
2016.08.18 02:30:23.901,1.45049,1.45069,1.56,1.00
2016.08.18 02:30:24.330,1.45048,1.45069,1.56,1.00
2016.08.18 02:30:25.142,1.45048,1.45069,2.06,1.00
2016.08.18 02:30:25.636,1.45048,1.45069,2.06,1.50
2016.08.18 02:30:25.687,1.45049,1.45069,1.31,2.25
2016.08.18 02:30:25.789,1.45048,1.45069,1.56,2.25
2016.08.18 02:30:26.655,1.45048,1.45069,2.44,1.50
2016.08.18 02:30:26.706,1.45048,1.45068,2.44,1.00
2016.08.18 02:30:26.808,1.45048,1.4507,2.44,1.00
2016.08.18 02:30:26.961,1.45048,1.4507,1.69,1.00
2016.08.18 02:30:27.342,1.4505,1.45071,1.25,1.00
2016.08.18 02:30:27.444,1.45051,1.45072,1.00,1.50
2016.08.18 02:30:28.063,1.4505,1.45071,1.69,1.00
2016.08.18 02:30:29.982,1.45051,1.45072,1.00,1.00
2016.08.18 02:30:30.403,1.45051,1.45072,1.50,1.00
2016.08.18 02:30:31.108,1.45051,1.45072,1.50,1.50
2016.08.18 02:30:31.159,1.45051,1.45072,1.00,2.25
2016.08.18 02:30:31.632,1.45051,1.45071,1.00,1.00
2016.08.18 02:30:31.683,1.45051,1.4507,1.56,1.00
2016.08.18 02:30:31.785,1.45051,1.45071,1.56,1.50
2016.08.18 02:30:32.051,1.45051,1.45071,1.56,1.00
2016.08.18 02:30:32.857,1.45052,1.45071,1.31,1.00
2016.08.18 02:30:32.962,1.45051,1.45071,1.56,1.00
2016.08.18 02:30:33.166,1.4505,1.45071,2.06,1.00
2016.08.18 02:30:33.217,1.4505,1.45071,1.50,1.00
2016.08.18 02:30:33.927,1.4505,1.45071,1.50,1.50
2016.08.18 02:30:34.080,1.4505,1.45071,1.50,1.00
2016.08.18 02:30:35.775,1.4505,1.45071,1.87,1.00
2016.08.18 02:30:35.826,1.4505,1.45071,2.25,1.00
2016.08.18 02:30:35.929,1.4505,1.45073,2.25,2.25
2016.08.18 02:30:35.980,1.45053,1.45073,1.12,1.50
2016.08.18 02:30:36.031,1.45053,1.45073,1.31,1.50
2016.08.18 02:30:36.083,1.45053,1.45073,1.31,1.00
2016.08.18 02:30:36.134,1.45053,1.45074,1.31,1.00
2016.08.18 02:30:36.698,1.45053,1.45073,1.31,1.00
2016.08.18 02:30:37.226,1.45053,1.45074,1.31,1.00
2016.08.18 02:30:38.116,1.45055,1.45074,1.00,1.00
2016.08.18 02:30:38.487,1.45052,1.45074,2.06,1.50
2016.08.18 02:30:38.539,1.45052,1.45074,1.12,1.50
2016.08.18 02:30:38.592,1.45051,1.45072,1.50,1.00
2016.08.18 02:30:38.644,1.4505,1.45072,2.06,1.00
2016.08.18 02:30:39.032,1.4505,1.45071,1.00,1.00
2016.08.18 02:30:39.084,1.4505,1.45071,1.00,1.00
2016.08.18 02:30:39.186,1.4505,1.45072,1.00,1.31
2016.08.18 02:30:39.237,1.4505,1.45072,1.00,1.00
2016.08.18 02:30:39.289,1.4505,1.45072,1.12,1.00
2016.08.18 02:30:39.575,1.45056,1.45074,1.12,1.31
2016.08.18 02:30:39.626,1.45056,1.45077,2.81,1.00
2016.08.18 02:30:40.121,1.45056,1.45077,2.44,1.00
2016.08.18 02:30:41.507,1.45056,1.45077,1.69,1.00
2016.08.18 02:30:41.558,1.45056,1.45077,1.69,1.50
2016.08.18 02:30:41.609,1.45056,1.45076,1.19,1.00
2016.08.18 02:30:41.660,1.45055,1.45076,1.50,1.00
2016.08.18 02:30:41.711,1.45056,1.45077,1.00,1.50
2016.08.18 02:30:41.965,1.45056,1.45077,1.56,1.50
2016.08.18 02:30:42.372,1.45062,1.45082,1.50,1.00
2016.08.18 02:30:42.423,1.45062,1.45078,1.50,1.00
2016.08.18 02:30:42.525,1.45062,1.45082,1.50,1.00
2016.08.18 02:30:42.576,1.45063,1.45082,1.00,1.00
2016.08.18 02:30:42.628,1.45064,1.45084,1.00,1.87
2016.08.18 02:30:42.679,1.45066,1.45084,1.00,1.12
2016.08.18 02:30:42.731,1.45067,1.45084,1.00,1.00
2016.08.18 02:30:42.783,1.45068,1.45088,1.00,1.00
2016.08.18 02:30:42.834,1.45068,1.45089,1.00,1.50
2016.08.18 02:30:42.886,1.45067,1.45088,1.69,1.00
2016.08.18 02:30:42.937,1.45067,1.45085,1.12,1.00
2016.08.18 02:30:43.505,1.45067,1.45087,1.12,1.00
2016.08.18 02:30:43.558,1.45061,1.45087,2.25,1.50
2016.08.18 02:30:43.610,1.45061,1.45087,2.25,2.62
2016.08.18 02:30:43.661,1.45061,1.45085,2.25,1.00
2016.08.18 02:30:43.871,1.45062,1.45085,1.50,1.50
2016.08.18 02:30:44.379,1.45062,1.45083,1.50,1.00
2016.08.18 02:30:44.713,1.45064,1.45085,1.00,1.50
2016.08.18 02:30:44.812,1.45061,1.45082,2.44,1.00
2016.08.18 02:30:44.863,1.45066,1.45082,1.00,1.00
2016.08.18 02:30:44.916,1.45066,1.45087,1.00,1.37
2016.08.18 02:30:44.967,1.45066,1.45088,1.00,2.62
2016.08.18 02:30:45.018,1.45066,1.45087,1.00,1.00
2016.08.18 02:30:45.070,1.45066,1.45087,1.56,1.00
2016.08.18 02:30:45.121,1.45066,1.45087,2.06,1.00
2016.08.18 02:30:45.172,1.45066,1.45087,2.06,1.50
2016.08.18 02:30:45.628,1.45066,1.45086,1.56,1.00
2016.08.18 02:30:46.035,1.45065,1.45084,1.50,1.00
2016.08.18 02:30:46.087,1.45065,1.45082,1.00,1.00
2016.08.18 02:30:46.138,1.45061,1.45082,2.06,1.50
2016.08.18 02:30:46.189,1.45061,1.45081,2.06,1.00
2016.08.18 02:30:46.611,1.45061,1.45081,1.94,1.00
2016.08.18 02:30:46.663,1.45064,1.45084,1.31,1.00
2016.08.18 02:30:46.766,1.45064,1.45084,1.31,1.50
2016.08.18 02:30:47.122,1.45065,1.45084,1.00,1.50
2016.08.18 02:30:47.224,1.45062,1.45083,1.69,1.00
2016.08.18 02:30:47.546,1.45062,1.45081,1.00,1.00
2016.08.18 02:30:47.597,1.45061,1.45079,1.25,1.00
2016.08.18 02:30:48.069,1.45059,1.45079,1.56,1.00
2016.08.18 02:30:48.120,1.45061,1.45083,1.25,3.37
2016.08.18 02:30:48.222,1.45059,1.4508,1.56,1.00
2016.08.18 02:30:48.426,1.45059,1.45078,1.56,1.00
2016.08.18 02:30:48.630,1.45063,1.45078,1.00,1.00
2016.08.18 02:30:48.733,1.45063,1.45084,1.87,1.00
2016.08.18 02:30:49.024,1.45063,1.45085,2.44,1.50
2016.08.18 02:30:49.131,1.45063,1.45083,1.69,1.00
2016.08.18 02:30:49.338,1.45063,1.45083,1.69,1.50
2016.08.18 02:30:49.441,1.45063,1.45083,1.69,1.00
2016.08.18 02:30:49.641,1.45065,1.45084,1.56,1.00
2016.08.18 02:30:49.692,1.45065,1.45086,1.56,1.00
2016.08.18 02:30:49.794,1.45068,1.45088,1.00,1.12
2016.08.18 02:30:50.068,1.4507,1.45088,2.06,1.00
2016.08.18 02:30:50.121,1.4507,1.45091,2.06,1.00
2016.08.18 02:30:50.375,1.4507,1.45091,2.06,1.00
2016.08.18 02:30:50.478,1.4507,1.45091,2.06,1.00
2016.08.18 02:30:50.529,1.45072,1.45093,1.31,1.00
2016.08.18 02:30:51.662,1.45071,1.45092,1.56,1.00
2016.08.18 02:30:52.577,1.45071,1.45092,1.56,1.50
2016.08.18 02:30:53.207,1.45071,1.45092,1.69,1.50
2016.08.18 02:30:53.463,1.4507,1.45092,1.50,1.12
2016.08.18 02:30:53.514,1.4507,1.45091,1.50,1.00
2016.08.18 02:30:53.565,1.4507,1.45091,1.00,1.00
2016.08.18 02:30:53.769,1.4507,1.45091,2.06,1.00
2016.08.18 02:30:53.820,1.45071,1.45092,1.25,2.25
2016.08.18 02:30:53.974,1.45071,1.4509,1.25,1.00
2016.08.18 02:30:55.754,1.4507,1.45091,1.56,1.50
2016.08.18 02:30:56.750,1.4507,1.45091,1.56,1.00
2016.08.18 02:30:58.851,1.4507,1.45091,2.06,1.00
2016.08.18 02:30:59.034,1.4507,1.45091,1.50,1.00
2016.08.18 02:30:59.718,1.45072,1.45092,1.00,1.00
2016.08.18 02:30:59.769,1.45072,1.45092,1.12,1.00
2016.08.18 02:31:00.077,1.45075,1.45095,1.00,1.00
2016.08.18 02:31:00.331,1.45075,1.45096,1.50,1.50
2016.08.18 02:31:01.086,1.45076,1.45096,1.00,1.00
2016.08.18 02:31:01.722,1.45078,1.45097,1.00,1.00
2016.08.18 02:31:02.243,1.45077,1.45097,1.00,1.00
2016.08.18 02:31:04.423,1.45076,1.45097,1.00,1.50
2016.08.18 02:31:04.475,1.45076,1.45097,1.00,2.62
2016.08.18 02:31:05.343,1.45076,1.45097,1.00,3.37
2016.08.18 02:31:05.394,1.45076,1.45096,1.00,1.00
2016.08.18 02:31:06.583,1.45076,1.45096,1.00,1.50
2016.08.18 02:31:06.634,1.45075,1.45095,1.00,1.00
2016.08.18 02:31:06.837,1.45074,1.45095,1.00,1.50
2016.08.18 02:31:07.336,1.45073,1.45094,1.50,1.00
2016.08.18 02:31:08.239,1.45074,1.45095,1.00,1.12
2016.08.18 02:31:08.290,1.45074,1.45093,1.00,1.00
2016.08.18 02:31:08.341,1.45073,1.45093,1.50,1.00
2016.08.18 02:31:08.739,1.45073,1.45092,1.00,1.50
2016.08.18 02:31:08.791,1.45069,1.45092,1.00,2.25
2016.08.18 02:31:09.119,1.45069,1.4509,1.00,1.00
2016.08.18 02:31:11.045,1.45073,1.45094,1.00,1.50
2016.08.18 02:31:11.096,1.45073,1.45094,1.00,2.25
2016.08.18 02:31:11.505,1.45073,1.45094,1.00,1.50
2016.08.18 02:31:11.658,1.45073,1.45094,1.00,2.25
2016.08.18 02:31:12.305,1.45073,1.45094,1.00,1.87
2016.08.18 02:31:12.357,1.45074,1.45092,1.00,1.00
2016.08.18 02:31:12.459,1.4507,1.4509,1.50,1.00
2016.08.18 02:31:12.561,1.45069,1.45091,1.00,1.56
2016.08.18 02:31:12.613,1.4507,1.45091,1.00,1.56
2016.08.18 02:31:12.696,1.4507,1.45089,1.50,1.12
2016.08.18 02:31:12.799,1.45069,1.45085,1.00,1.00
2016.08.18 02:31:13.183,1.45069,1.45083,1.00,1.00
2016.08.18 02:31:13.809,1.45069,1.45085,1.00,1.00
2016.08.18 02:31:14.269,1.45069,1.45089,1.00,1.00
2016.08.18 02:31:14.320,1.45069,1.4509,1.50,1.50
2016.08.18 02:31:14.372,1.4507,1.4509,1.00,1.00
2016.08.18 02:31:15.720,1.4507,1.45091,1.00,1.00
2016.08.18 02:31:16.156,1.45069,1.4509,1.50,1.00
2016.08.18 02:31:21.269,1.4507,1.45091,1.00,1.00
2016.08.18 02:31:22.190,1.4507,1.45091,1.00,1.50
2016.08.18 02:31:22.393,1.45069,1.4509,1.50,1.00
2016.08.18 02:31:23.693,1.4507,1.45091,1.00,1.00
2016.08.18 02:31:23.896,1.45071,1.45092,1.00,1.69
2016.08.18 02:31:23.998,1.45069,1.4509,1.00,1.00
2016.08.18 02:31:24.100,1.45068,1.45089,1.12,1.50
2016.08.18 02:31:24.407,1.45067,1.45091,1.69,1.87
2016.08.18 02:31:24.459,1.45067,1.45091,1.50,2.06
2016.08.18 02:31:24.511,1.45067,1.45088,1.50,1.00
2016.08.18 02:31:25.143,1.45065,1.45088,2.00,1.00
2016.08.18 02:31:25.194,1.45065,1.45087,2.44,1.00
2016.08.18 02:31:25.901,1.45065,1.45087,2.25,1.00
2016.08.18 02:31:26.562,1.45065,1.45087,2.81,1.00
2016.08.18 02:31:26.766,1.45067,1.45087,1.50,1.00
2016.08.18 02:31:26.817,1.45068,1.45088,1.00,1.00
2016.08.18 02:31:27.190,1.45068,1.45088,1.12,1.00
2016.08.18 02:31:28.053,1.45068,1.45089,1.12,1.00
2016.08.18 02:31:28.105,1.4507,1.45089,1.00,1.00
2016.08.18 02:31:28.464,1.45071,1.45093,1.00,1.31
2016.08.18 02:31:28.516,1.45074,1.45094,1.00,2.25
2016.08.18 02:31:29.185,1.45074,1.45094,1.00,1.50
2016.08.18 02:31:32.280,1.45073,1.45094,1.00,2.25
2016.08.18 02:31:32.382,1.45071,1.45094,1.69,2.25
2016.08.18 02:31:33.358,1.45071,1.45094,1.69,3.00
2016.08.18 02:31:35.094,1.45071,1.45094,1.69,2.25
2016.08.18 02:31:35.145,1.45071,1.45094,1.69,2.62
2016.08.18 02:31:35.196,1.45071,1.45094,1.69,2.25
2016.08.18 02:31:37.292,1.45067,1.45084,1.31,1.00
2016.08.18 02:31:37.547,1.45065,1.45084,1.00,1.00
2016.08.18 02:31:37.904,1.45067,1.45087,1.00,1.00
2016.08.18 02:31:38.019,1.45067,1.45087,1.00,1.50
2016.08.18 02:31:38.324,1.45067,1.45087,1.00,1.00
2016.08.18 02:31:39.597,1.45067,1.45087,1.00,1.00
2016.08.18 02:31:40.387,1.45067,1.45086,1.00,1.00
2016.08.18 02:31:42.437,1.45067,1.45088,1.00,1.69
2016.08.18 02:31:43.307,1.45067,1.45088,1.50,1.69
2016.08.18 02:31:43.358,1.45068,1.45088,1.00,1.69
2016.08.18 02:31:43.410,1.45068,1.45087,1.00,1.00
2016.08.18 02:31:45.656,1.45066,1.45087,1.00,1.00
2016.08.18 02:31:45.931,1.45067,1.45087,1.00,1.00
2016.08.18 02:31:47.307,1.45068,1.45089,1.00,2.06
2016.08.18 02:31:47.409,1.45068,1.45089,1.00,1.31
2016.08.18 02:31:47.561,1.45068,1.45089,1.12,1.31
2016.08.18 02:31:47.612,1.45069,1.4509,1.00,2.06
2016.08.18 02:31:48.203,1.45069,1.4509,1.00,2.81
2016.08.18 02:31:48.254,1.45068,1.45089,1.12,1.31
2016.08.18 02:31:48.407,1.45068,1.45089,1.12,2.06
2016.08.18 02:31:48.550,1.45067,1.45088,2.25,1.25
2016.08.18 02:31:48.951,1.45067,1.45088,1.50,1.25
2016.08.18 02:31:49.553,1.45067,1.45088,1.00,1.25
2016.08.18 02:31:54.218,1.45067,1.45089,1.00,1.19
2016.08.18 02:31:58.027,1.45066,1.45088,1.50,1.25
2016.08.18 02:31:58.260,1.45066,1.45088,1.00,1.25
2016.08.18 02:31:59.225,1.45066,1.45089,1.00,1.69
2016.08.18 02:31:59.728,1.45066,1.45087,1.00,1.31
2016.08.18 02:32:00.468,1.4507,1.45089,1.00,1.19
2016.08.18 02:32:00.519,1.4507,1.45089,1.50,1.19
2016.08.18 02:32:00.571,1.4507,1.45091,1.69,2.25
2016.08.18 02:32:00.622,1.4507,1.45091,2.06,2.25
2016.08.18 02:32:00.673,1.45073,1.45093,1.00,1.00
2016.08.18 02:32:00.878,1.45074,1.45096,1.00,1.00
2016.08.18 02:32:00.980,1.45074,1.45096,1.00,1.00
2016.08.18 02:32:01.360,1.45074,1.45094,1.00,1.00
2016.08.18 02:32:01.668,1.45074,1.45095,1.00,1.00
2016.08.18 02:32:03.512,1.45074,1.45095,1.00,1.00
2016.08.18 02:32:03.564,1.45071,1.45092,1.69,1.00
2016.08.18 02:32:03.615,1.45071,1.45092,1.69,1.00
2016.08.18 02:32:03.666,1.45071,1.45092,1.62,1.00
2016.08.18 02:32:03.717,1.45071,1.45092,1.25,1.00
2016.08.18 02:32:03.768,1.4507,1.45091,2.06,1.00
2016.08.18 02:32:05.905,1.45071,1.45091,1.25,1.00
2016.08.18 02:32:06.263,1.45071,1.45093,1.31,1.00
2016.08.18 02:32:06.314,1.45071,1.45093,1.31,1.00
2016.08.18 02:32:06.366,1.45074,1.45095,1.00,1.87
2016.08.18 02:32:06.417,1.45074,1.45095,1.00,1.00
2016.08.18 02:32:06.520,1.45074,1.45093,1.00,1.00
2016.08.18 02:32:06.571,1.45072,1.45093,1.00,1.00
2016.08.18 02:32:06.623,1.45072,1.45094,1.00,1.12
2016.08.18 02:32:06.675,1.45071,1.45092,1.12,1.00
2016.08.18 02:32:07.300,1.4507,1.45094,2.25,1.00
2016.08.18 02:32:07.359,1.45076,1.45095,1.31,1.12
2016.08.18 02:32:07.410,1.45076,1.45095,1.31,1.00
2016.08.18 02:32:07.461,1.45077,1.45096,1.00,1.00
2016.08.18 02:32:07.513,1.45074,1.45092,1.56,1.00
2016.08.18 02:32:07.564,1.45074,1.45094,1.00,1.56
2016.08.18 02:32:07.615,1.45074,1.45093,1.00,1.31
2016.08.18 02:32:07.700,1.45069,1.45092,1.31,1.12
2016.08.18 02:32:07.751,1.45069,1.45092,1.56,1.12
2016.08.18 02:32:07.803,1.45071,1.45092,1.25,1.12
2016.08.18 02:32:08.530,1.45069,1.45092,1.56,1.12
2016.08.18 02:32:08.581,1.45069,1.4509,2.06,1.12
2016.08.18 02:32:08.632,1.45069,1.4509,2.06,1.50
2016.08.18 02:32:08.787,1.45069,1.45089,1.31,1.12
2016.08.18 02:32:09.414,1.45069,1.45089,1.69,1.00
2016.08.18 02:32:09.894,1.45069,1.45089,1.31,1.12
2016.08.18 02:32:09.945,1.45069,1.45089,1.31,1.12
2016.08.18 02:32:09.996,1.45067,1.4509,1.56,1.50
2016.08.18 02:32:10.047,1.45067,1.4509,1.25,1.50
2016.08.18 02:32:10.098,1.45066,1.45089,2.06,1.12
2016.08.18 02:32:10.302,1.45066,1.45089,2.06,1.12
2016.08.18 02:32:11.696,1.45066,1.45089,2.06,1.12
2016.08.18 02:32:11.747,1.45066,1.45087,1.00,1.00
2016.08.18 02:32:11.798,1.45064,1.45087,1.69,2.25
2016.08.18 02:32:12.086,1.45071,1.45087,1.00,1.87
2016.08.18 02:32:12.137,1.45071,1.45093,1.00,1.75
2016.08.18 02:32:12.188,1.4507,1.45091,1.00,1.37
2016.08.18 02:32:12.239,1.4507,1.45088,1.00,1.00
2016.08.18 02:32:12.291,1.45068,1.45088,2.62,1.00
2016.08.18 02:32:12.342,1.45068,1.45091,1.87,2.06
2016.08.18 02:32:12.444,1.45068,1.45091,1.87,1.56
2016.08.18 02:32:12.545,1.45068,1.45091,1.87,2.06
2016.08.18 02:32:13.101,1.45072,1.45091,1.00,1.56
2016.08.18 02:32:13.204,1.45074,1.45093,1.00,2.44
2016.08.18 02:32:13.257,1.45074,1.45094,1.50,1.69
2016.08.18 02:32:13.360,1.45076,1.45095,1.00,1.94
2016.08.18 02:32:13.412,1.45076,1.45096,1.00,1.31
2016.08.18 02:32:13.463,1.45076,1.45096,1.00,1.19
2016.08.18 02:32:13.514,1.45076,1.45098,1.00,3.19
2016.08.18 02:32:13.565,1.45075,1.45098,1.00,2.81
2016.08.18 02:32:13.616,1.45075,1.45098,1.00,2.44
2016.08.18 02:32:13.667,1.45074,1.45096,1.12,1.56
2016.08.18 02:32:14.468,1.45074,1.45096,1.12,2.06
2016.08.18 02:32:14.925,1.45074,1.45096,1.12,2.44
2016.08.18 02:32:17.139,1.45073,1.45094,2.25,1.56
2016.08.18 02:32:17.211,1.45074,1.45095,1.00,2.44
2016.08.18 02:32:18.604,1.45073,1.45094,1.50,1.56
2016.08.18 02:32:19.337,1.45073,1.45094,1.50,1.69
2016.08.18 02:32:19.388,1.45077,1.45095,1.00,1.94
2016.08.18 02:32:19.440,1.45077,1.45095,1.50,1.25
2016.08.18 02:32:19.542,1.45077,1.45095,1.50,1.31
2016.08.18 02:32:19.868,1.45078,1.45095,1.50,1.00
2016.08.18 02:32:19.954,1.45079,1.45095,1.00,1.00
2016.08.18 02:32:20.006,1.45079,1.45095,1.50,1.00
2016.08.18 02:32:20.159,1.45079,1.451,1.50,1.25
2016.08.18 02:32:22.956,1.45081,1.45102,1.00,1.12
2016.08.18 02:32:23.007,1.45081,1.45102,1.00,1.00
2016.08.18 02:32:26.511,1.4508,1.45101,1.00,1.00
2016.08.18 02:32:26.851,1.4508,1.45101,1.00,2.06
2016.08.18 02:32:26.904,1.45078,1.45099,1.87,1.25
2016.08.18 02:32:28.419,1.45078,1.45099,1.12,1.25
2016.08.18 02:32:28.471,1.45078,1.45099,1.12,1.56
2016.08.18 02:32:28.523,1.45076,1.45096,1.37,1.00
2016.08.18 02:32:28.893,1.45076,1.45096,1.00,1.00
2016.08.18 02:32:28.944,1.45076,1.45096,1.00,1.50
2016.08.18 02:32:29.047,1.45076,1.45096,1.12,1.50
2016.08.18 02:32:29.707,1.45078,1.45097,1.50,1.00
2016.08.18 02:32:29.763,1.45078,1.45099,1.50,1.50
2016.08.18 02:32:29.968,1.45078,1.45099,1.50,1.00
2016.08.18 02:32:30.019,1.45078,1.45099,1.57,1.00
2016.08.18 02:32:30.659,1.45078,1.45101,1.57,2.44
2016.08.18 02:32:31.747,1.45079,1.45101,1.00,2.44
2016.08.18 02:32:32.198,1.45079,1.45099,1.00,1.00
2016.08.18 02:32:32.252,1.45079,1.45099,1.00,1.00
2016.08.18 02:32:32.651,1.45079,1.45099,1.00,1.75
2016.08.18 02:32:32.702,1.45079,1.45096,1.00,1.75
2016.08.18 02:32:32.804,1.45079,1.45096,1.50,1.75
2016.08.18 02:32:33.970,1.45079,1.45097,1.50,1.81
2016.08.18 02:32:35.246,1.45079,1.45097,1.87,1.81
2016.08.18 02:32:41.410,1.45079,1.45098,1.87,1.75
2016.08.18 02:32:42.281,1.45079,1.45097,1.87,1.81
2016.08.18 02:32:43.299,1.45079,1.45097,1.12,1.81
2016.08.18 02:32:43.502,1.45079,1.45097,1.00,1.81
2016.08.18 02:32:46.392,1.45078,1.45097,1.50,1.81
2016.08.18 02:32:46.804,1.45078,1.45095,1.50,1.75
2016.08.18 02:32:46.856,1.45078,1.45095,1.00,2.25
2016.08.18 02:32:47.160,1.45078,1.45095,1.00,1.75
2016.08.18 02:32:48.418,1.45078,1.45094,1.00,1.81
2016.08.18 02:32:50.549,1.45078,1.45095,1.50,1.75
2016.08.18 02:32:50.702,1.45078,1.45095,1.00,1.75
2016.08.18 02:32:50.754,1.45077,1.45094,1.50,1.81
2016.08.18 02:32:50.958,1.45077,1.45095,1.50,1.75
2016.08.18 02:32:51.345,1.45078,1.45095,1.00,1.75
2016.08.18 02:32:52.421,1.45078,1.45095,1.00,1.75
2016.08.18 02:32:52.473,1.45078,1.45095,1.00,1.25
2016.08.18 02:32:52.525,1.45079,1.45097,1.50,1.75
2016.08.18 02:32:52.576,1.45079,1.45097,1.50,1.31
2016.08.18 02:32:53.152,1.45079,1.45098,1.50,1.81
2016.08.18 02:32:53.261,1.45081,1.45099,1.00,1.75
2016.08.18 02:32:53.827,1.45081,1.45099,1.00,2.25
2016.08.18 02:32:53.878,1.45082,1.45099,1.00,2.25
2016.08.18 02:32:53.930,1.4508,1.45097,1.50,1.31
2016.08.18 02:32:53.981,1.4508,1.45096,2.25,1.00
2016.08.18 02:32:54.301,1.45079,1.45097,1.37,1.75
2016.08.18 02:32:54.353,1.45079,1.45095,1.00,1.25
2016.08.18 02:32:54.457,1.45078,1.45094,1.00,1.00
2016.08.18 02:32:54.509,1.45078,1.45094,1.00,1.56
2016.08.18 02:32:54.561,1.45076,1.45097,1.50,2.25
2016.08.18 02:32:54.612,1.45076,1.45091,1.00,1.81
2016.08.18 02:32:54.664,1.45073,1.45091,1.87,1.81
2016.08.18 02:32:54.765,1.4507,1.45089,2.62,1.25
2016.08.18 02:32:54.817,1.4507,1.45089,1.12,2.25
2016.08.18 02:32:55.083,1.4507,1.45086,1.00,1.87
2016.08.18 02:32:55.137,1.45067,1.45086,1.00,1.87
2016.08.18 02:32:55.241,1.45066,1.45086,1.50,1.87
2016.08.18 02:32:55.446,1.45066,1.45086,1.00,2.62
2016.08.18 02:32:55.803,1.45066,1.45086,1.00,1.87
2016.08.18 02:32:55.883,1.45066,1.45086,1.00,2.62
2016.08.18 02:32:56.442,1.45066,1.45086,1.50,1.87
2016.08.18 02:32:56.493,1.45066,1.45086,1.50,1.75
2016.08.18 02:32:56.545,1.45066,1.45086,1.00,2.25
2016.08.18 02:32:56.647,1.45066,1.45086,1.50,1.75
2016.08.18 02:32:56.698,1.45066,1.45087,1.50,2.25
2016.08.18 02:32:57.284,1.45066,1.45086,1.50,1.19
2016.08.18 02:32:57.836,1.45066,1.45087,1.50,2.25
2016.08.18 02:33:00.181,1.45067,1.45087,1.00,2.25
2016.08.18 02:33:00.232,1.45067,1.45087,1.00,1.75
2016.08.18 02:33:00.283,1.45067,1.45087,1.00,1.87
2016.08.18 02:33:00.798,1.45067,1.45086,1.00,1.87
2016.08.18 02:33:03.542,1.45065,1.45086,1.00,1.87
2016.08.18 02:33:04.854,1.45066,1.45086,1.00,1.87
2016.08.18 02:33:05.231,1.45065,1.45086,1.50,1.87
2016.08.18 02:33:05.333,1.45065,1.45086,1.50,2.62
2016.08.18 02:33:06.504,1.45065,1.45086,1.50,1.87
2016.08.18 02:33:06.606,1.45065,1.45086,1.50,2.25
2016.08.18 02:33:06.951,1.45065,1.45085,1.00,1.56
2016.08.18 02:33:07.048,1.45065,1.45086,1.50,2.25
2016.08.18 02:33:09.402,1.45065,1.45086,1.50,1.81
2016.08.18 02:33:09.453,1.45065,1.45086,1.50,1.31
2016.08.18 02:33:09.504,1.45065,1.45085,1.50,1.25
2016.08.18 02:33:09.555,1.45065,1.45085,1.00,1.75
2016.08.18 02:33:09.832,1.45065,1.45085,1.00,2.25
2016.08.18 02:33:09.898,1.45065,1.45084,1.00,1.81
2016.08.18 02:33:09.950,1.45065,1.45084,1.00,1.75
2016.08.18 02:33:10.051,1.45065,1.45082,1.00,1.81
2016.08.18 02:33:11.183,1.45064,1.45085,1.12,2.25
2016.08.18 02:33:11.235,1.45067,1.45085,1.00,2.25
2016.08.18 02:33:11.286,1.45069,1.45085,1.00,1.81
2016.08.18 02:33:11.337,1.45069,1.4509,1.50,3.00
2016.08.18 02:33:11.388,1.45069,1.45089,1.00,1.69
2016.08.18 02:33:11.440,1.45069,1.45089,1.00,1.56
2016.08.18 02:33:11.491,1.45069,1.45088,1.00,1.31
2016.08.18 02:33:11.644,1.45069,1.45089,1.00,1.56
2016.08.18 02:33:11.696,1.45069,1.4509,1.50,2.25
2016.08.18 02:33:12.004,1.45067,1.45087,1.12,1.81
2016.08.18 02:33:12.055,1.45066,1.45087,2.25,1.81
2016.08.18 02:33:12.517,1.45066,1.45088,2.25,1.75
2016.08.18 02:33:12.568,1.45066,1.45088,2.25,1.75
2016.08.18 02:33:12.621,1.45066,1.45087,2.25,1.81
2016.08.18 02:33:13.045,1.45066,1.45087,2.25,1.81
2016.08.18 02:33:13.254,1.45066,1.45088,2.25,1.00
2016.08.18 02:33:14.572,1.45066,1.45088,2.25,1.31
2016.08.18 02:33:14.846,1.45066,1.45088,1.50,1.81
2016.08.18 02:33:14.898,1.45065,1.45084,1.75,1.00
2016.08.18 02:33:15.125,1.45064,1.45084,1.12,1.00
2016.08.18 02:33:15.177,1.45063,1.45084,2.25,1.00
2016.08.18 02:33:15.617,1.45063,1.45084,2.25,1.50
2016.08.18 02:33:16.077,1.45063,1.45083,2.25,1.00
2016.08.18 02:33:16.231,1.45063,1.45083,2.25,1.31
2016.08.18 02:33:16.810,1.45063,1.45083,1.50,2.06
2016.08.18 02:33:17.386,1.45063,1.45084,2.25,2.06
2016.08.18 02:33:17.988,1.45063,1.45084,2.25,1.56
2016.08.18 02:33:18.336,1.45063,1.45084,2.25,1.00
2016.08.18 02:33:18.387,1.45065,1.45082,1.00,1.00
2016.08.18 02:33:18.438,1.45065,1.45082,1.31,1.00
2016.08.18 02:33:18.489,1.45064,1.45085,2.06,1.12
2016.08.18 02:33:18.540,1.45064,1.45085,1.00,1.69
2016.08.18 02:33:18.592,1.45064,1.45085,1.50,1.69
2016.08.18 02:33:18.643,1.45064,1.45085,1.87,1.31
2016.08.18 02:33:18.746,1.45066,1.45085,1.00,1.31
2016.08.18 02:33:18.797,1.45068,1.45087,1.00,2.25
2016.08.18 02:33:18.849,1.45068,1.45087,1.00,1.00
2016.08.18 02:33:19.455,1.45073,1.45092,1.50,1.00
2016.08.18 02:33:19.558,1.45073,1.45096,1.50,1.75
2016.08.18 02:33:20.069,1.45073,1.45095,1.50,1.75
2016.08.18 02:33:20.343,1.45073,1.45095,1.50,2.25
2016.08.18 02:33:20.497,1.45073,1.45094,1.50,1.81
2016.08.18 02:33:20.701,1.45071,1.45093,2.25,2.06
2016.08.18 02:33:20.753,1.4507,1.45093,1.75,2.06
2016.08.18 02:33:20.804,1.4507,1.45092,1.75,1.00
2016.08.18 02:33:20.856,1.4507,1.45092,1.00,1.00
2016.08.18 02:33:20.907,1.45072,1.45095,1.00,2.25
2016.08.18 02:33:20.958,1.45072,1.45093,1.00,1.81
2016.08.18 02:33:21.249,1.45072,1.45095,1.37,1.81
2016.08.18 02:33:21.300,1.45074,1.45096,1.00,2.25
2016.08.18 02:33:21.504,1.45074,1.45095,1.00,1.81
2016.08.18 02:33:21.964,1.45074,1.45095,1.00,1.87
2016.08.18 02:33:22.365,1.45075,1.45095,1.00,1.12
2016.08.18 02:33:22.416,1.45074,1.45095,1.50,1.12
2016.08.18 02:33:22.772,1.45074,1.45095,1.50,1.87
2016.08.18 02:33:22.977,1.45074,1.45095,1.50,1.81
2016.08.18 02:33:23.079,1.45074,1.45095,1.00,1.81
2016.08.18 02:33:23.234,1.45074,1.45095,1.00,1.87
2016.08.18 02:33:23.514,1.45074,1.45095,1.00,2.62
2016.08.18 02:33:23.872,1.45074,1.45094,1.00,1.81
2016.08.18 02:33:24.393,1.45074,1.45095,1.50,1.87
2016.08.18 02:33:24.444,1.45074,1.45095,1.50,1.75
2016.08.18 02:33:24.699,1.45074,1.45094,1.50,1.81
2016.08.18 02:33:25.374,1.45074,1.45093,1.50,1.31
2016.08.18 02:33:25.959,1.45074,1.45093,1.50,1.00
2016.08.18 02:33:26.214,1.45074,1.45094,1.00,1.31
2016.08.18 02:33:26.486,1.45073,1.45094,1.12,2.06
2016.08.18 02:33:26.537,1.45071,1.45091,1.00,1.56
2016.08.18 02:33:27.097,1.45071,1.45092,1.00,2.25
2016.08.18 02:33:27.484,1.45071,1.45092,1.00,1.81
2016.08.18 02:33:27.586,1.45071,1.45092,1.00,2.25
2016.08.18 02:33:27.890,1.45071,1.45092,1.50,2.25
2016.08.18 02:33:27.941,1.45071,1.45092,1.50,3.00
2016.08.18 02:33:28.197,1.45071,1.45092,1.50,3.75
2016.08.18 02:33:29.282,1.45071,1.45092,1.50,3.00
2016.08.18 02:33:29.384,1.45071,1.45092,1.50,2.25
2016.08.18 02:33:29.487,1.45071,1.45092,1.50,2.25
2016.08.18 02:33:29.538,1.45071,1.45091,1.00,1.56
2016.08.18 02:33:29.589,1.4507,1.45091,1.00,1.56
2016.08.18 02:33:29.691,1.4507,1.45091,1.00,1.69
2016.08.18 02:33:30.222,1.4507,1.45091,1.00,1.56
2016.08.18 02:33:30.528,1.4507,1.45093,1.00,3.00
2016.08.18 02:33:30.834,1.4507,1.45092,1.00,1.81
2016.08.18 02:33:31.322,1.45069,1.45092,1.12,2.25
2016.08.18 02:33:31.374,1.45068,1.45092,1.50,1.81
2016.08.18 02:33:31.426,1.45068,1.45093,1.50,4.50
2016.08.18 02:33:31.477,1.45068,1.45092,1.50,1.81
2016.08.18 02:33:31.885,1.45068,1.45092,1.50,1.81
2016.08.18 02:33:32.040,1.45068,1.4509,1.50,1.31
2016.08.18 02:33:32.382,1.45068,1.45091,1.50,1.56
2016.08.18 02:33:32.864,1.45068,1.45091,1.50,2.25
2016.08.18 02:33:33.177,1.45068,1.45088,1.50,1.81
2016.08.18 02:33:33.279,1.45068,1.45089,1.50,1.81
2016.08.18 02:33:33.757,1.45065,1.45083,1.00,1.56
2016.08.18 02:33:33.808,1.45065,1.45083,1.50,1.56
2016.08.18 02:33:33.860,1.45065,1.45083,1.50,1.00
2016.08.18 02:33:33.911,1.45065,1.45085,1.50,1.81
2016.08.18 02:33:33.963,1.45065,1.45083,1.00,1.81
2016.08.18 02:33:34.525,1.45064,1.45083,1.00,2.25
2016.08.18 02:33:35.001,1.45064,1.45084,1.00,1.75
2016.08.18 02:33:35.078,1.45063,1.45083,1.00,1.81
2016.08.18 02:33:36.752,1.45065,1.45086,1.00,2.44
2016.08.18 02:33:36.806,1.45065,1.45087,1.00,1.50
2016.08.18 02:33:36.857,1.45065,1.45087,1.00,1.44
2016.08.18 02:33:37.011,1.45065,1.45087,1.00,1.87
2016.08.18 02:33:37.062,1.45065,1.45087,1.00,2.25
2016.08.18 02:33:37.113,1.45065,1.45086,1.00,1.19
2016.08.18 02:33:37.215,1.45065,1.45085,1.00,1.25
2016.08.18 02:33:37.318,1.45064,1.45085,1.00,1.25
2016.08.18 02:33:37.420,1.45063,1.45085,1.00,1.25
2016.08.18 02:33:38.021,1.45063,1.45083,1.00,1.00
2016.08.18 02:33:38.711,1.45072,1.45088,1.00,1.50
2016.08.18 02:33:38.762,1.45072,1.45089,1.00,1.19
2016.08.18 02:33:38.813,1.45073,1.45089,1.00,1.19
2016.08.18 02:33:38.865,1.45075,1.45089,1.25,1.00
2016.08.18 02:33:38.916,1.45083,1.45099,1.00,1.12
2016.08.18 02:33:38.967,1.45084,1.45102,1.00,2.25
2016.08.18 02:33:39.272,1.45087,1.45102,1.00,1.50
2016.08.18 02:33:39.324,1.45085,1.45107,1.69,1.00
2016.08.18 02:33:39.477,1.45085,1.45108,1.50,1.69
2016.08.18 02:33:39.528,1.45085,1.45108,1.00,2.44
2016.08.18 02:33:39.580,1.45087,1.45108,1.00,2.25
2016.08.18 02:33:39.632,1.45089,1.45108,1.00,1.00
2016.08.18 02:33:39.684,1.45088,1.4511,1.00,1.62
2016.08.18 02:33:39.735,1.45088,1.45112,1.00,1.69
2016.08.18 02:33:39.787,1.45088,1.45111,1.00,1.19
2016.08.18 02:33:40.154,1.45089,1.45109,1.00,1.19
2016.08.18 02:33:40.222,1.45089,1.45107,1.00,1.19
2016.08.18 02:33:40.324,1.45088,1.45109,1.00,1.19
2016.08.18 02:33:40.376,1.45088,1.45109,1.00,1.69
2016.08.18 02:33:40.427,1.45085,1.45108,1.00,1.19
2016.08.18 02:33:40.682,1.45085,1.45108,1.00,1.56
2016.08.18 02:33:40.784,1.45085,1.45108,1.00,1.19
2016.08.18 02:33:40.886,1.45085,1.45109,1.00,2.81
2016.08.18 02:33:41.165,1.45085,1.45106,1.00,1.00
2016.08.18 02:33:41.702,1.45085,1.45105,1.00,1.00
2016.08.18 02:33:44.758,1.45085,1.45106,1.00,1.00
2016.08.18 02:33:45.797,1.45085,1.45106,1.00,1.00
2016.08.18 02:33:45.848,1.45083,1.45104,1.12,1.00
2016.08.18 02:33:45.899,1.45083,1.45104,1.00,1.31
2016.08.18 02:33:45.950,1.45085,1.45104,1.00,1.31
2016.08.18 02:33:46.001,1.45085,1.45104,1.00,1.12
2016.08.18 02:33:46.052,1.45085,1.45106,1.00,3.19
2016.08.18 02:33:46.205,1.45085,1.45103,1.00,1.00
2016.08.18 02:33:46.307,1.45085,1.45106,1.00,3.19
2016.08.18 02:33:46.358,1.45085,1.45106,1.00,2.44
2016.08.18 02:33:46.519,1.45085,1.45105,1.00,1.50
2016.08.18 02:33:47.123,1.45083,1.45105,1.31,1.00
2016.08.18 02:33:47.644,1.45083,1.45104,1.31,1.00
2016.08.18 02:33:48.226,1.45085,1.45108,1.00,1.50
2016.08.18 02:33:48.906,1.45085,1.45108,1.00,2.25
2016.08.18 02:33:49.110,1.45085,1.45107,1.00,1.87
2016.08.18 02:33:49.212,1.45085,1.45107,1.00,2.25
2016.08.18 02:33:50.181,1.45085,1.45107,1.00,1.75
2016.08.18 02:33:50.436,1.45085,1.45107,1.00,1.50
2016.08.18 02:33:50.727,1.45088,1.45107,1.00,1.12
2016.08.18 02:33:50.778,1.4509,1.45107,1.00,1.00
2016.08.18 02:33:50.830,1.4509,1.4511,1.00,1.00
2016.08.18 02:33:51.350,1.4509,1.45112,1.00,2.25
2016.08.18 02:33:51.452,1.45092,1.45112,1.00,2.25
2016.08.18 02:33:51.503,1.45092,1.45109,1.00,1.00
2016.08.18 02:33:51.607,1.45092,1.45112,1.00,1.00
2016.08.18 02:33:51.710,1.45092,1.45114,1.00,1.87
2016.08.18 02:33:51.812,1.45092,1.45113,1.00,1.00
2016.08.18 02:33:52.949,1.45092,1.45114,1.00,2.06
2016.08.18 02:33:54.229,1.4509,1.45113,1.00,1.00
2016.08.18 02:33:54.383,1.4509,1.45113,1.00,1.00
2016.08.18 02:33:54.895,1.45091,1.45113,1.00,1.00
2016.08.18 02:33:55.800,1.45091,1.45114,1.00,1.31
2016.08.18 02:33:55.851,1.45094,1.45115,1.00,1.19
2016.08.18 02:33:55.902,1.45094,1.45113,1.00,1.00
2016.08.18 02:33:55.953,1.45092,1.45113,1.50,1.00
2016.08.18 02:33:56.004,1.45092,1.45114,1.50,1.50
2016.08.18 02:33:56.056,1.45094,1.45115,1.00,1.19
2016.08.18 02:33:56.158,1.45093,1.45115,1.12,1.19
2016.08.18 02:33:56.509,1.45093,1.45114,1.00,1.19
2016.08.18 02:33:57.123,1.45093,1.45117,1.00,3.19
2016.08.18 02:33:57.498,1.45095,1.45116,1.00,1.19
2016.08.18 02:33:57.549,1.45095,1.45117,1.00,1.69
2016.08.18 02:33:57.957,1.45095,1.45117,1.00,2.44
2016.08.18 02:33:58.008,1.45095,1.45117,1.00,1.69
2016.08.18 02:33:58.059,1.45096,1.45119,1.50,1.94
2016.08.18 02:33:58.161,1.45096,1.45119,1.00,1.56
2016.08.18 02:33:58.213,1.45096,1.4512,1.00,2.44
2016.08.18 02:33:58.523,1.45097,1.4512,1.00,2.81
2016.08.18 02:33:58.575,1.45092,1.45115,1.00,1.69
2016.08.18 02:34:00.181,1.45091,1.45115,1.00,1.56
2016.08.18 02:34:00.245,1.4509,1.45112,1.87,1.12
2016.08.18 02:34:00.296,1.4509,1.45112,1.50,1.12
2016.08.18 02:34:00.348,1.4509,1.45113,1.12,2.06
2016.08.18 02:34:00.400,1.4509,1.45113,1.00,2.06
2016.08.18 02:34:00.451,1.45092,1.45115,1.00,2.25
2016.08.18 02:34:00.553,1.4509,1.45115,1.50,1.31
2016.08.18 02:34:00.836,1.45089,1.45115,1.87,1.19
2016.08.18 02:34:00.888,1.45089,1.45113,1.00,1.25
2016.08.18 02:34:00.940,1.45089,1.4511,1.00,1.00
2016.08.18 02:34:00.992,1.45089,1.4511,1.50,1.00
2016.08.18 02:34:01.300,1.45089,1.45108,1.50,1.00
2016.08.18 02:34:01.452,1.45092,1.45108,1.00,1.00
2016.08.18 02:34:01.869,1.45092,1.45108,1.00,1.05
2016.08.18 02:34:02.021,1.45092,1.45109,1.00,1.30
2016.08.18 02:34:02.072,1.45092,1.45109,1.00,1.00
2016.08.18 02:34:02.276,1.45092,1.45109,1.37,1.00
2016.08.18 02:34:02.327,1.45092,1.45114,1.50,1.30
2016.08.18 02:34:02.378,1.45094,1.45115,1.00,1.80
2016.08.18 02:34:02.480,1.45092,1.45115,1.12,1.00
2016.08.18 02:34:02.531,1.45092,1.45114,1.00,1.00
2016.08.18 02:34:02.582,1.45092,1.45114,1.37,1.00
2016.08.18 02:34:02.633,1.45092,1.45114,1.50,1.00
2016.08.18 02:34:03.302,1.45093,1.45114,1.12,1.50
2016.08.18 02:34:03.391,1.45093,1.45115,1.12,1.00
2016.08.18 02:34:04.522,1.45093,1.45116,1.12,1.00
2016.08.18 02:34:04.888,1.45093,1.45112,1.12,1.50
2016.08.18 02:34:04.939,1.4509,1.45112,1.75,1.50
2016.08.18 02:34:05.011,1.45089,1.45112,1.50,2.25
2016.08.18 02:34:05.062,1.45089,1.45112,1.12,1.50
2016.08.18 02:34:05.217,1.45089,1.45112,1.12,1.50
2016.08.18 02:34:05.269,1.45091,1.45109,1.00,1.00
2016.08.18 02:34:05.913,1.4509,1.45108,1.00,1.00
2016.08.18 02:34:06.178,1.45088,1.45108,1.12,1.00
2016.08.18 02:34:06.229,1.45088,1.45108,1.12,1.50
2016.08.18 02:34:06.280,1.45087,1.45108,1.00,1.50
2016.08.18 02:34:06.331,1.45087,1.45108,1.00,1.00
2016.08.18 02:34:06.952,1.4509,1.45111,1.37,1.00
2016.08.18 02:34:07.325,1.4509,1.45106,1.37,1.00
2016.08.18 02:34:07.376,1.45089,1.45106,1.50,1.00
2016.08.18 02:34:08.378,1.4509,1.45106,1.62,1.00
2016.08.18 02:34:08.429,1.4509,1.45108,1.62,1.00
2016.08.18 02:34:09.604,1.45093,1.45115,1.00,1.00
2016.08.18 02:34:09.952,1.45093,1.45112,1.00,1.00
2016.08.18 02:34:11.491,1.45092,1.45112,1.00,1.00
2016.08.18 02:34:11.645,1.45094,1.45113,1.00,1.56
2016.08.18 02:34:11.746,1.45093,1.45115,1.00,2.81
2016.08.18 02:34:12.334,1.45092,1.45114,1.00,2.81
2016.08.18 02:34:12.386,1.45092,1.45113,1.00,1.56
2016.08.18 02:34:13.257,1.45092,1.45111,1.00,1.00
2016.08.18 02:34:13.919,1.45092,1.45113,1.00,2.06
2016.08.18 02:34:14.021,1.45092,1.45111,1.00,1.00
2016.08.18 02:34:14.073,1.45091,1.45111,1.00,1.25
2016.08.18 02:34:14.124,1.45091,1.4511,1.12,1.00
2016.08.18 02:34:14.226,1.45091,1.4511,1.00,1.00
2016.08.18 02:34:14.329,1.45092,1.45113,1.00,1.12
2016.08.18 02:34:14.382,1.45092,1.45114,1.00,1.00
2016.08.18 02:34:14.655,1.45096,1.45115,1.00,1.50
2016.08.18 02:34:14.707,1.45096,1.45116,1.00,1.00
2016.08.18 02:34:14.962,1.45096,1.45117,1.00,1.87
2016.08.18 02:34:15.268,1.45095,1.45117,1.00,1.12
2016.08.18 02:34:15.647,1.45095,1.45117,1.00,1.69
2016.08.18 02:34:15.750,1.45094,1.45117,1.00,1.12
2016.08.18 02:34:15.801,1.45096,1.45119,1.00,2.81
2016.08.18 02:34:15.852,1.45096,1.45119,1.00,2.44
2016.08.18 02:34:15.903,1.45096,1.45118,1.00,1.00
2016.08.18 02:34:16.006,1.45095,1.45119,1.00,1.69
2016.08.18 02:34:16.334,1.45095,1.45119,1.00,1.25
2016.08.18 02:34:16.386,1.45095,1.45118,1.00,1.00
2016.08.18 02:34:16.974,1.45095,1.45118,1.00,1.00
2016.08.18 02:34:17.744,1.45095,1.45118,1.50,1.00
2016.08.18 02:34:17.795,1.45098,1.4512,1.00,1.12
2016.08.18 02:34:17.846,1.45098,1.45121,1.00,5.06
2016.08.18 02:34:17.897,1.45098,1.45121,1.00,4.31
2016.08.18 02:34:17.949,1.45098,1.45121,1.12,3.19
2016.08.18 02:34:18.000,1.451,1.45121,1.00,2.06
2016.08.18 02:34:18.328,1.451,1.45121,1.00,1.31
2016.08.18 02:34:21.253,1.45101,1.45123,1.00,2.44
2016.08.18 02:34:22.237,1.45101,1.45123,1.00,1.69
2016.08.18 02:34:24.060,1.45101,1.45123,1.00,2.44
2016.08.18 02:34:25.981,1.45101,1.45123,1.00,3.19
2016.08.18 02:34:26.134,1.45101,1.45123,1.00,3.94
2016.08.18 02:34:26.185,1.45101,1.45123,1.00,3.56
2016.08.18 02:34:26.288,1.451,1.45122,1.00,1.56
2016.08.18 02:34:26.339,1.451,1.45119,1.00,1.00
2016.08.18 02:34:26.696,1.451,1.45119,1.00,1.31
2016.08.18 02:34:27.664,1.451,1.45116,1.00,1.00
2016.08.18 02:34:27.716,1.45098,1.45116,1.12,1.00
2016.08.18 02:34:27.767,1.45098,1.45116,1.00,1.00
2016.08.18 02:34:27.818,1.45096,1.45116,1.00,1.00
2016.08.18 02:34:28.254,1.45094,1.45116,1.00,1.00
2016.08.18 02:34:28.306,1.45094,1.45116,1.00,2.25
2016.08.18 02:34:28.357,1.45094,1.45114,1.00,1.00
2016.08.18 02:34:28.866,1.45094,1.45113,1.00,1.00
2016.08.18 02:34:29.672,1.4511,1.45114,1.50,1.00
2016.08.18 02:34:29.724,1.4511,1.45136,1.87,1.50
2016.08.18 02:34:29.776,1.45112,1.45136,1.00,1.50
2016.08.18 02:34:29.981,1.4511,1.45135,1.50,1.00
2016.08.18 02:34:30.040,1.45109,1.45134,1.37,1.00
2016.08.18 02:34:30.093,1.45108,1.45134,1.87,1.25
2016.08.18 02:34:30.146,1.45107,1.45131,1.87,1.37
2016.08.18 02:34:30.197,1.45105,1.45129,1.37,1.50
2016.08.18 02:34:30.248,1.45103,1.45129,1.50,1.50
2016.08.18 02:34:30.300,1.45101,1.45124,2.25,1.00
2016.08.18 02:34:30.351,1.45101,1.45124,1.75,1.50
2016.08.18 02:34:30.686,1.451,1.45124,1.12,1.50
2016.08.18 02:34:30.737,1.45097,1.45123,1.75,1.50
2016.08.18 02:34:30.788,1.45097,1.45121,1.75,1.00
2016.08.18 02:34:30.942,1.45096,1.45122,1.87,1.12
2016.08.18 02:34:31.095,1.45096,1.45121,1.37,1.00
2016.08.18 02:34:31.146,1.45095,1.4512,4.57,1.50
2016.08.18 02:34:31.197,1.45095,1.4512,4.50,1.50
2016.08.18 02:34:31.248,1.4511,1.45118,1.00,1.00
2016.08.18 02:34:31.300,1.45116,1.45121,1.00,1.00
2016.08.18 02:34:31.352,1.4512,1.45124,1.00,1.50
2016.08.18 02:34:31.404,1.4512,1.45124,1.00,1.50
2016.08.18 02:34:31.723,1.45116,1.45123,1.00,1.00
2016.08.18 02:34:31.775,1.45116,1.45125,1.00,1.00
2016.08.18 02:34:31.996,1.45116,1.4514,1.00,1.00
2016.08.18 02:34:32.498,1.45114,1.45139,4.12,1.00
2016.08.18 02:34:32.549,1.45114,1.45138,3.00,1.00
2016.08.18 02:34:32.654,1.45114,1.45135,3.00,1.00
2016.08.18 02:34:33.013,1.45109,1.45135,1.87,1.69
2016.08.18 02:34:33.069,1.45109,1.45131,1.87,1.00
2016.08.18 02:34:33.120,1.45109,1.45131,1.12,1.00
2016.08.18 02:34:33.172,1.45109,1.45131,1.12,1.00
2016.08.18 02:34:33.745,1.45109,1.4513,2.62,1.00
2016.08.18 02:34:33.997,1.45109,1.4513,1.87,1.00
2016.08.18 02:34:34.200,1.45109,1.4513,1.87,1.00
2016.08.18 02:34:34.251,1.45111,1.4513,1.00,1.00
2016.08.18 02:34:34.353,1.45109,1.4513,1.87,1.00
2016.08.18 02:34:35.367,1.45109,1.4513,1.87,1.00
2016.08.18 02:34:37.103,1.45109,1.4513,2.62,1.00
2016.08.18 02:34:37.941,1.45109,1.4513,1.87,1.00
2016.08.18 02:34:38.467,1.45109,1.45131,1.87,1.00
2016.08.18 02:34:41.320,1.45109,1.45131,1.87,1.25
2016.08.18 02:34:41.524,1.4511,1.45131,1.00,1.25
2016.08.18 02:34:41.575,1.4511,1.45127,1.00,1.00
2016.08.18 02:34:41.996,1.4511,1.45132,1.00,1.31
2016.08.18 02:34:42.359,1.45109,1.4513,1.12,1.00
2016.08.18 02:34:42.410,1.45109,1.4513,1.12,1.31
2016.08.18 02:34:42.462,1.45106,1.45129,2.25,1.25
2016.08.18 02:34:42.514,1.45106,1.45129,1.75,1.56
2016.08.18 02:34:42.565,1.45104,1.45129,2.70,1.56
2016.08.18 02:34:42.944,1.45104,1.45129,2.32,1.56
2016.08.18 02:34:43.047,1.45104,1.45129,2.70,1.56
2016.08.18 02:34:43.324,1.45106,1.45128,1.00,1.56
2016.08.18 02:34:43.580,1.45106,1.45128,1.00,1.00
2016.08.18 02:34:45.480,1.45106,1.45128,1.00,1.50
2016.08.18 02:34:46.337,1.45104,1.45127,1.69,1.00
2016.08.18 02:34:46.388,1.45104,1.45127,1.69,1.00
2016.08.18 02:34:46.693,1.45104,1.45127,1.69,1.00
2016.08.18 02:34:47.572,1.45105,1.45127,1.00,1.00
2016.08.18 02:34:47.776,1.45106,1.45128,1.00,1.50
2016.08.18 02:34:50.171,1.45104,1.45126,2.06,1.00
2016.08.18 02:34:50.542,1.45104,1.45125,1.56,1.00
2016.08.18 02:34:51.554,1.45104,1.45127,2.44,1.00
2016.08.18 02:34:51.606,1.45105,1.45126,1.69,1.00
2016.08.18 02:34:51.657,1.45107,1.45126,1.31,1.00
2016.08.18 02:34:51.708,1.45107,1.45128,1.56,1.00
2016.08.18 02:34:51.810,1.45108,1.4513,1.69,1.50
2016.08.18 02:34:52.109,1.45109,1.4513,1.31,1.00
2016.08.18 02:34:53.050,1.45108,1.4513,1.69,1.00
2016.08.18 02:34:55.653,1.45108,1.4513,2.44,1.00
2016.08.18 02:34:58.013,1.45108,1.45132,2.44,1.00
2016.08.18 02:34:58.999,1.45108,1.45131,2.44,1.00
2016.08.18 02:35:00.265,1.45108,1.45131,1.69,1.00
2016.08.18 02:35:00.316,1.45108,1.45129,1.69,1.00
2016.08.18 02:35:00.862,1.45108,1.4513,1.69,1.00
2016.08.18 02:35:01.277,1.4511,1.4513,1.56,1.00
2016.08.18 02:35:01.430,1.4511,1.4513,1.25,1.00
2016.08.18 02:35:01.758,1.4511,1.4513,1.25,1.12
2016.08.18 02:35:02.984,1.4511,1.45129,1.25,1.00
2016.08.18 02:35:03.035,1.4511,1.45129,1.25,1.50
2016.08.18 02:35:03.087,1.45107,1.45127,1.31,1.12
2016.08.18 02:35:03.138,1.45105,1.45127,2.25,2.44
2016.08.18 02:35:03.440,1.45102,1.45124,1.69,1.00
2016.08.18 02:35:03.491,1.45103,1.45121,1.00,1.00
2016.08.18 02:35:03.593,1.45102,1.45123,1.00,1.00
2016.08.18 02:35:03.899,1.45101,1.45121,1.00,1.00
2016.08.18 02:35:04.001,1.45099,1.45121,1.50,1.00
2016.08.18 02:35:04.103,1.45099,1.45123,1.00,5.44
2016.08.18 02:35:04.205,1.45099,1.45122,1.00,1.69
2016.08.18 02:35:04.561,1.45099,1.4512,1.00,1.00
2016.08.18 02:35:04.614,1.45099,1.4512,1.25,1.00
2016.08.18 02:35:04.883,1.45097,1.45119,1.56,1.50
2016.08.18 02:35:04.985,1.45097,1.45119,1.56,1.00
2016.08.18 02:35:05.087,1.45098,1.4512,1.31,1.50
2016.08.18 02:35:05.290,1.45099,1.4512,1.25,1.50
2016.08.18 02:35:05.703,1.45099,1.45119,1.25,1.00
2016.08.18 02:35:05.783,1.45099,1.4512,1.25,1.00
2016.08.18 02:35:06.491,1.451,1.45121,1.00,1.12
2016.08.18 02:35:06.798,1.45102,1.45123,1.00,2.81
2016.08.18 02:35:07.430,1.45103,1.45122,1.00,1.00
2016.08.18 02:35:07.688,1.45103,1.45124,1.00,1.50
2016.08.18 02:35:08.099,1.45103,1.45122,1.00,1.00
2016.08.18 02:35:08.491,1.45104,1.4512,1.00,1.00
2016.08.18 02:35:08.696,1.45101,1.45119,1.56,1.00
2016.08.18 02:35:09.220,1.45101,1.45117,1.56,1.00
2016.08.18 02:35:10.219,1.45101,1.45117,1.00,1.00
2016.08.18 02:35:10.322,1.45101,1.45121,1.00,1.00
2016.08.18 02:35:10.373,1.45101,1.45121,1.00,1.50
2016.08.18 02:35:10.424,1.45099,1.4512,1.50,1.00
2016.08.18 02:35:10.528,1.45096,1.45117,1.50,1.00
2016.08.18 02:35:10.818,1.45096,1.45112,1.00,1.00
2016.08.18 02:35:10.870,1.45092,1.45112,1.00,1.00
2016.08.18 02:35:11.543,1.45092,1.45113,1.00,1.31
2016.08.18 02:35:12.512,1.45094,1.45115,1.00,1.00
2016.08.18 02:35:12.563,1.45094,1.45115,1.00,1.00
2016.08.18 02:35:12.715,1.45096,1.45117,1.00,1.50
2016.08.18 02:35:13.245,1.45095,1.45116,1.00,1.50
2016.08.18 02:35:13.347,1.45095,1.45116,1.50,1.50
2016.08.18 02:35:13.500,1.45096,1.45116,1.00,1.00
2016.08.18 02:35:14.496,1.45096,1.45117,1.00,1.50
2016.08.18 02:35:14.547,1.45097,1.45117,1.00,1.00
2016.08.18 02:35:15.219,1.45096,1.45117,1.00,1.50
2016.08.18 02:35:15.321,1.45096,1.45115,1.00,1.00
2016.08.18 02:35:15.474,1.45106,1.45115,1.00,1.00
2016.08.18 02:35:15.526,1.45104,1.45121,1.00,1.12
2016.08.18 02:35:16.189,1.451,1.45119,1.00,1.00
2016.08.18 02:35:17.534,1.45102,1.45119,1.00,1.00
2016.08.18 02:35:18.048,1.45102,1.4512,1.00,1.00
2016.08.18 02:35:18.412,1.451,1.4512,1.00,1.00
2016.08.18 02:35:18.514,1.45099,1.4512,1.00,1.50
2016.08.18 02:35:18.668,1.45099,1.4512,1.00,1.87
2016.08.18 02:35:19.015,1.45097,1.45119,1.00,1.25
2016.08.18 02:35:19.118,1.45096,1.45114,2.25,1.00
2016.08.18 02:35:19.169,1.45096,1.45114,1.50,1.00
2016.08.18 02:35:20.580,1.45096,1.45114,1.00,1.00
2016.08.18 02:35:21.076,1.45096,1.45111,1.00,1.00
2016.08.18 02:35:21.127,1.45094,1.45111,1.00,1.00
2016.08.18 02:35:21.331,1.45094,1.45114,1.00,1.00
2016.08.18 02:35:21.485,1.45094,1.45114,1.50,1.00
2016.08.18 02:35:21.536,1.45095,1.45114,1.00,1.00
2016.08.18 02:35:25.513,1.45095,1.45111,1.00,1.00
2016.08.18 02:35:26.746,1.45095,1.45113,1.00,1.00
2016.08.18 02:35:27.016,1.45095,1.45115,1.00,1.00
2016.08.18 02:35:27.390,1.45095,1.45112,1.00,1.00
2016.08.18 02:35:27.442,1.45091,1.45112,1.50,1.50
2016.08.18 02:35:27.495,1.45091,1.45112,1.00,1.50
2016.08.18 02:35:27.648,1.4509,1.45109,1.00,1.00
2016.08.18 02:35:28.333,1.45089,1.45108,1.00,1.00
2016.08.18 02:35:28.539,1.45089,1.4511,1.00,1.50
2016.08.18 02:35:28.649,1.45089,1.4511,1.00,1.00
2016.08.18 02:35:28.853,1.45091,1.45112,1.00,1.12
2016.08.18 02:35:28.904,1.45091,1.45112,1.00,1.00
2016.08.18 02:35:29.456,1.45092,1.45113,1.00,1.00
2016.08.18 02:35:30.108,1.45094,1.45115,1.00,1.12
2016.08.18 02:35:30.194,1.45094,1.45115,1.00,1.87
2016.08.18 02:35:30.245,1.45094,1.45115,1.00,1.12
2016.08.18 02:35:30.448,1.45094,1.45114,1.00,1.00
2016.08.18 02:35:30.614,1.45094,1.45115,1.00,1.87
2016.08.18 02:35:31.959,1.45095,1.45116,1.00,2.06
2016.08.18 02:35:32.321,1.45095,1.45115,1.00,1.31
2016.08.18 02:35:32.724,1.45095,1.45114,1.00,1.00
2016.08.18 02:35:32.826,1.45094,1.45116,1.00,2.06
2016.08.18 02:35:32.877,1.45094,1.45116,1.00,2.81
2016.08.18 02:35:32.928,1.45094,1.45116,1.00,3.19
2016.08.18 02:35:32.979,1.45093,1.45114,1.00,1.56
2016.08.18 02:35:33.132,1.45093,1.45114,1.00,2.06
2016.08.18 02:35:33.679,1.45092,1.45113,1.00,1.31
2016.08.18 02:35:34.137,1.45092,1.45109,1.00,1.00
2016.08.18 02:35:34.760,1.45091,1.45109,1.00,1.00
2016.08.18 02:35:34.811,1.45091,1.45112,1.00,1.00
2016.08.18 02:35:34.913,1.45091,1.45112,1.50,1.00
2016.08.18 02:35:35.067,1.45091,1.45113,1.50,1.50
2016.08.18 02:35:35.333,1.45091,1.45113,2.06,1.50
2016.08.18 02:35:36.371,1.45091,1.45113,1.56,1.50
2016.08.18 02:35:36.577,1.45092,1.45112,1.56,1.00
2016.08.18 02:35:36.731,1.45092,1.45113,1.56,1.50
2016.08.18 02:35:37.071,1.45095,1.45113,1.00,1.00
2016.08.18 02:35:37.175,1.45095,1.45115,1.00,1.12
2016.08.18 02:35:38.847,1.45095,1.45114,1.00,1.00
2016.08.18 02:35:39.427,1.45095,1.45116,1.00,1.50
2016.08.18 02:35:39.861,1.45095,1.45117,1.00,2.25
2016.08.18 02:35:39.912,1.45095,1.45117,1.00,1.75
2016.08.18 02:35:40.490,1.45096,1.45117,1.00,1.75
2016.08.18 02:35:40.864,1.45098,1.45119,1.50,2.06
2016.08.18 02:35:40.916,1.45098,1.45119,1.12,2.06
2016.08.18 02:35:40.967,1.45097,1.45118,1.37,1.25
2016.08.18 02:35:41.018,1.45096,1.45118,1.87,1.25
2016.08.18 02:35:41.069,1.45096,1.45118,1.75,1.25
2016.08.18 02:35:41.171,1.45096,1.45118,1.75,1.25
2016.08.18 02:35:41.222,1.45096,1.45118,2.25,1.25
2016.08.18 02:35:41.273,1.45099,1.45119,1.00,1.56
2016.08.18 02:35:41.376,1.45099,1.45117,1.00,1.31
2016.08.18 02:35:41.478,1.45099,1.4512,1.00,2.81
2016.08.18 02:35:41.805,1.45099,1.4512,1.00,1.50
2016.08.18 02:35:42.060,1.451,1.45121,1.00,1.00
2016.08.18 02:35:46.249,1.45097,1.45116,1.00,1.00
2016.08.18 02:35:46.307,1.45095,1.45115,1.00,1.00
2016.08.18 02:35:46.413,1.45092,1.45113,1.50,1.00
2016.08.18 02:35:46.464,1.45095,1.45117,1.00,3.75
2016.08.18 02:35:46.516,1.45095,1.45117,1.00,2.25
2016.08.18 02:35:46.567,1.45091,1.45117,2.25,1.75
2016.08.18 02:35:46.618,1.45093,1.45119,1.87,1.87
2016.08.18 02:35:46.670,1.45093,1.45119,2.25,1.87
2016.08.18 02:35:46.721,1.45094,1.45119,1.50,1.12
2016.08.18 02:35:47.343,1.45095,1.45117,1.50,1.00
2016.08.18 02:35:47.394,1.45095,1.45117,1.12,1.00
2016.08.18 02:35:47.496,1.45095,1.45117,1.00,1.00
2016.08.18 02:35:47.599,1.45099,1.45117,1.00,1.00
2016.08.18 02:35:48.317,1.451,1.45117,1.00,1.00
2016.08.18 02:35:49.093,1.45101,1.45117,1.00,1.00
2016.08.18 02:35:49.144,1.45101,1.45119,1.00,1.12
2016.08.18 02:35:49.469,1.45102,1.45124,1.00,3.00
2016.08.18 02:35:49.876,1.45102,1.45121,1.00,1.00
2016.08.18 02:35:50.079,1.451,1.45121,1.00,1.00
2016.08.18 02:35:50.181,1.451,1.45124,1.00,2.25
2016.08.18 02:35:50.748,1.45103,1.45121,1.00,1.00
2016.08.18 02:35:50.951,1.45103,1.45123,1.00,1.50
2016.08.18 02:35:51.002,1.45103,1.45125,1.00,3.75
2016.08.18 02:35:51.104,1.45103,1.45125,1.00,3.00
2016.08.18 02:35:51.945,1.45103,1.45125,1.00,2.25
2016.08.18 02:35:51.996,1.45103,1.45123,1.00,1.50
2016.08.18 02:35:52.200,1.45102,1.45124,1.00,1.75
2016.08.18 02:35:52.251,1.45102,1.45123,1.00,1.50
2016.08.18 02:35:53.555,1.45102,1.45124,1.00,2.25
2016.08.18 02:35:54.128,1.45107,1.45125,1.00,1.31
2016.08.18 02:35:54.180,1.45107,1.45127,1.00,1.50
2016.08.18 02:35:54.231,1.45107,1.45128,1.00,3.00
2016.08.18 02:35:54.283,1.45105,1.45125,1.00,1.00
2016.08.18 02:35:54.809,1.45104,1.45125,1.00,1.00
2016.08.18 02:35:55.235,1.45104,1.45125,1.00,1.50
2016.08.18 02:35:56.894,1.45102,1.45125,1.00,1.00
2016.08.18 02:35:57.101,1.45105,1.45126,1.00,1.12
2016.08.18 02:35:57.203,1.45106,1.45128,1.00,1.75
2016.08.18 02:35:57.254,1.45106,1.45128,1.00,1.75
2016.08.18 02:35:57.659,1.45108,1.4513,1.00,1.87
2016.08.18 02:35:57.733,1.45108,1.4513,1.00,1.12
2016.08.18 02:35:58.241,1.45108,1.4513,1.00,1.87
2016.08.18 02:35:58.292,1.45106,1.45128,1.00,1.00
2016.08.18 02:35:58.343,1.45106,1.45128,1.00,1.87
2016.08.18 02:35:58.394,1.45105,1.45127,1.00,1.50
2016.08.18 02:35:58.981,1.45103,1.45126,2.25,1.12
2016.08.18 02:35:59.034,1.45103,1.45125,1.00,1.00
2016.08.18 02:36:00.092,1.45103,1.45126,1.00,1.12
2016.08.18 02:36:01.518,1.45106,1.45127,1.00,2.25
2016.08.18 02:36:01.620,1.45104,1.45126,1.00,1.12
2016.08.18 02:36:01.723,1.45104,1.45125,1.00,1.00
2016.08.18 02:36:01.826,1.45104,1.45126,1.00,1.12
2016.08.18 02:36:03.080,1.45105,1.45127,1.00,2.25
2016.08.18 02:36:03.131,1.45105,1.45125,1.00,1.00
2016.08.18 02:36:03.222,1.45104,1.45125,1.00,2.62
2016.08.18 02:36:03.273,1.45104,1.45123,1.00,1.50
2016.08.18 02:36:03.324,1.45102,1.4512,1.00,1.12
2016.08.18 02:36:03.426,1.451,1.45121,1.00,2.25
2016.08.18 02:36:03.944,1.45099,1.45121,1.00,2.25
2016.08.18 02:36:04.704,1.45099,1.45121,1.00,1.50
2016.08.18 02:36:04.755,1.45103,1.45124,1.00,2.25
2016.08.18 02:36:04.806,1.45102,1.45123,1.50,1.75
2016.08.18 02:36:04.858,1.45102,1.45123,1.00,1.75
2016.08.18 02:36:04.909,1.45102,1.45123,1.00,1.37
2016.08.18 02:36:04.961,1.45102,1.45123,1.00,1.00
2016.08.18 02:36:05.012,1.45101,1.45123,1.00,1.00
2016.08.18 02:36:05.170,1.45101,1.45123,1.00,1.50
2016.08.18 02:36:05.225,1.45102,1.45123,1.00,1.00
2016.08.18 02:36:05.804,1.45102,1.45121,1.00,1.00
2016.08.18 02:36:06.315,1.45102,1.45122,1.00,1.00
2016.08.18 02:36:07.018,1.45102,1.45121,1.00,1.00
2016.08.18 02:36:07.069,1.45102,1.45123,1.00,1.00
2016.08.18 02:36:07.275,1.45102,1.45121,1.00,1.00
2016.08.18 02:36:07.379,1.45103,1.45123,1.00,1.00
2016.08.18 02:36:08.001,1.451,1.45119,1.00,1.00
2016.08.18 02:36:08.053,1.45097,1.45121,1.00,1.50
2016.08.18 02:36:08.104,1.45096,1.45119,1.12,1.00
2016.08.18 02:36:08.156,1.45096,1.45118,1.00,1.00
2016.08.18 02:36:08.512,1.45096,1.45117,1.50,1.00
2016.08.18 02:36:08.830,1.45095,1.45117,3.00,1.00
2016.08.18 02:36:08.984,1.45095,1.45117,3.00,1.00
2016.08.18 02:36:09.113,1.45096,1.45117,1.50,1.00
2016.08.18 02:36:09.216,1.45093,1.45113,1.87,1.00
2016.08.18 02:36:09.319,1.45091,1.45113,1.12,1.00
2016.08.18 02:36:09.698,1.45088,1.4511,2.25,1.00
2016.08.18 02:36:09.751,1.45089,1.45112,1.12,1.00
2016.08.18 02:36:09.802,1.45089,1.45112,1.37,1.00
2016.08.18 02:36:09.854,1.45089,1.45112,1.00,1.00
2016.08.18 02:36:09.905,1.45088,1.45109,1.50,1.00
2016.08.18 02:36:09.957,1.45088,1.45109,1.37,1.00
2016.08.18 02:36:10.009,1.45086,1.45111,2.62,1.12
2016.08.18 02:36:10.289,1.45088,1.45111,1.37,1.12
2016.08.18 02:36:10.440,1.45094,1.45118,1.12,2.25
2016.08.18 02:36:10.492,1.45094,1.45118,1.12,1.50
2016.08.18 02:36:10.543,1.45093,1.45116,1.37,1.00
2016.08.18 02:36:10.594,1.45093,1.45116,1.37,1.50
2016.08.18 02:36:10.645,1.45094,1.45116,1.00,1.50
2016.08.18 02:36:10.696,1.45092,1.45116,1.87,1.00
2016.08.18 02:36:11.005,1.45096,1.45116,1.75,1.00
2016.08.18 02:36:11.056,1.45101,1.45124,1.00,1.75
2016.08.18 02:36:11.108,1.45101,1.45124,1.00,2.25
2016.08.18 02:36:11.159,1.45101,1.45124,1.00,1.75
2016.08.18 02:36:11.210,1.45101,1.45126,1.00,2.25
2016.08.18 02:36:11.262,1.45101,1.45126,1.00,1.50
2016.08.18 02:36:11.313,1.45101,1.45126,1.50,1.50
2016.08.18 02:36:11.417,1.451,1.45124,1.12,1.00
2016.08.18 02:36:12.090,1.45103,1.45125,1.00,1.12
2016.08.18 02:36:12.243,1.45102,1.45126,1.25,2.25
2016.08.18 02:36:12.294,1.45101,1.45126,2.06,2.25
2016.08.18 02:36:12.345,1.45101,1.45126,1.31,2.25
2016.08.18 02:36:12.396,1.45103,1.45126,1.00,1.50
2016.08.18 02:36:12.498,1.45103,1.45125,1.00,1.12
2016.08.18 02:36:12.550,1.45103,1.45125,1.87,1.00
2016.08.18 02:36:12.851,1.45103,1.45127,1.87,1.00
2016.08.18 02:36:12.905,1.45103,1.45127,1.87,1.00
2016.08.18 02:36:13.119,1.45103,1.45127,2.06,1.00
2016.08.18 02:36:13.222,1.45103,1.45127,2.81,1.00
2016.08.18 02:36:13.323,1.45103,1.45127,3.56,1.00
2016.08.18 02:36:13.425,1.45103,1.45127,2.81,1.00
2016.08.18 02:36:13.781,1.45103,1.45127,1.69,1.37
2016.08.18 02:36:13.833,1.45104,1.45127,1.00,1.75
2016.08.18 02:36:14.139,1.45104,1.45126,1.00,1.50
2016.08.18 02:36:14.344,1.45102,1.45126,1.50,1.50
2016.08.18 02:36:15.013,1.45099,1.45121,1.75,1.37
2016.08.18 02:36:15.066,1.45095,1.45119,2.62,1.00
2016.08.18 02:36:15.118,1.45099,1.45119,1.00,1.00
2016.08.18 02:36:15.170,1.451,1.45123,1.00,1.75
2016.08.18 02:36:15.246,1.45102,1.45125,1.56,1.75
2016.08.18 02:36:15.349,1.45102,1.45127,1.56,1.75
2016.08.18 02:36:15.401,1.45104,1.45128,1.00,1.75
2016.08.18 02:36:15.708,1.45104,1.45129,3.19,1.00
2016.08.18 02:36:15.760,1.45104,1.45132,1.31,1.87
2016.08.18 02:36:15.812,1.45103,1.45132,3.00,1.50
2016.08.18 02:36:15.863,1.45105,1.45132,2.25,1.00
2016.08.18 02:36:15.915,1.45105,1.45131,1.50,1.00
2016.08.18 02:36:15.966,1.45105,1.45131,1.00,1.00
2016.08.18 02:36:16.079,1.45105,1.45131,1.31,1.00
2016.08.18 02:36:16.502,1.45105,1.45131,1.50,1.00
2016.08.18 02:36:16.554,1.45105,1.45131,1.50,1.50
2016.08.18 02:36:16.605,1.45105,1.45131,1.87,1.87
2016.08.18 02:36:16.657,1.45106,1.45131,1.00,1.75
2016.08.18 02:36:16.762,1.45107,1.45133,1.31,1.75
2016.08.18 02:36:16.815,1.45107,1.45133,1.56,1.50
2016.08.18 02:36:16.867,1.45109,1.45133,1.31,1.50
2016.08.18 02:36:16.919,1.45109,1.45134,1.31,2.25
2016.08.18 02:36:16.971,1.45109,1.45134,1.31,1.75
2016.08.18 02:36:17.023,1.45109,1.45136,1.31,1.87
2016.08.18 02:36:17.075,1.45109,1.45136,1.31,1.75
2016.08.18 02:36:17.347,1.45109,1.45134,1.31,1.75
2016.08.18 02:36:17.399,1.4511,1.45133,1.12,1.00
2016.08.18 02:36:17.451,1.45107,1.45133,1.50,1.12
2016.08.18 02:36:17.554,1.45106,1.45132,2.25,1.00
2016.08.18 02:36:17.659,1.45106,1.45132,1.75,1.00
2016.08.18 02:36:17.711,1.45106,1.45132,1.37,1.37
2016.08.18 02:36:17.763,1.45106,1.45131,1.00,1.50
2016.08.18 02:36:18.129,1.45106,1.45126,1.00,1.00
2016.08.18 02:36:18.181,1.45105,1.45128,1.12,1.00
2016.08.18 02:36:18.232,1.45105,1.4513,1.87,1.12
2016.08.18 02:36:18.283,1.45105,1.45131,1.87,1.50
2016.08.18 02:36:18.335,1.45105,1.45131,1.12,1.50
2016.08.18 02:36:18.386,1.45106,1.45132,1.00,1.75
2016.08.18 02:36:18.488,1.45107,1.45134,1.00,1.75
2016.08.18 02:36:18.539,1.45107,1.45132,1.00,1.75
2016.08.18 02:36:18.916,1.45107,1.45134,2.06,1.75
2016.08.18 02:36:18.968,1.45107,1.45135,1.00,1.75
2016.08.18 02:36:19.070,1.45107,1.45135,1.50,2.25
2016.08.18 02:36:19.121,1.45107,1.45135,2.06,2.25
2016.08.18 02:36:19.172,1.45108,1.45134,2.81,1.75
2016.08.18 02:36:19.275,1.45109,1.45135,1.12,2.25
2016.08.18 02:36:19.326,1.45108,1.45135,3.19,1.75
2016.08.18 02:36:19.378,1.45108,1.45136,3.19,2.25
2016.08.18 02:36:19.649,1.45108,1.45134,2.44,1.75
2016.08.18 02:36:19.701,1.45111,1.45134,1.00,1.75
2016.08.18 02:36:19.965,1.45111,1.45132,1.00,1.50
2016.08.18 02:36:20.016,1.45104,1.4513,1.00,2.25
2016.08.18 02:36:20.067,1.45103,1.45131,1.00,3.00
2016.08.18 02:36:20.373,1.45106,1.45131,1.00,3.00
2016.08.18 02:36:20.810,1.45102,1.45131,1.69,3.00
2016.08.18 02:36:20.894,1.45102,1.45124,1.00,1.00
2016.08.18 02:36:20.996,1.45102,1.45127,1.12,1.37
2016.08.18 02:36:21.097,1.45102,1.45128,1.50,3.00
2016.08.18 02:36:21.148,1.45102,1.45128,1.50,2.25
2016.08.18 02:36:21.199,1.45102,1.45127,1.00,1.37
2016.08.18 02:36:21.251,1.45102,1.45127,1.00,1.37
2016.08.18 02:36:21.302,1.45102,1.45126,1.00,1.12
2016.08.18 02:36:21.353,1.45102,1.45128,2.06,1.50
2016.08.18 02:36:21.660,1.45104,1.45129,1.50,1.75
2016.08.18 02:36:21.763,1.45106,1.45129,1.00,1.80
2016.08.18 02:36:21.867,1.45105,1.45124,1.00,1.00
2016.08.18 02:36:21.971,1.45104,1.45125,1.00,1.05
2016.08.18 02:36:22.023,1.45104,1.45125,1.00,1.42
2016.08.18 02:36:22.074,1.45103,1.45122,1.00,1.06
2016.08.18 02:36:22.796,1.45097,1.45119,1.00,1.55
2016.08.18 02:36:22.865,1.45096,1.45116,1.00,1.05
2016.08.18 02:36:23.070,1.45099,1.45116,1.00,1.00
2016.08.18 02:36:23.122,1.45099,1.45116,1.50,1.00
2016.08.18 02:36:23.224,1.45103,1.45124,1.50,1.75
2016.08.18 02:36:23.275,1.45107,1.45129,1.00,3.42
2016.08.18 02:36:23.580,1.45103,1.45127,1.00,1.81
2016.08.18 02:36:23.632,1.45103,1.45127,1.00,1.81
2016.08.18 02:36:24.609,1.45103,1.45127,1.00,1.80
2016.08.18 02:36:24.915,1.45105,1.45127,1.00,1.80
2016.08.18 02:36:27.387,1.45105,1.45125,1.00,1.81
2016.08.18 02:36:27.539,1.45105,1.45125,1.00,1.75
2016.08.18 02:36:27.590,1.45105,1.45129,1.50,3.80
2016.08.18 02:36:27.694,1.45106,1.45127,1.00,1.75
2016.08.18 02:36:27.745,1.45106,1.45127,1.00,1.44
2016.08.18 02:36:27.796,1.45106,1.45125,1.00,1.00
2016.08.18 02:36:28.117,1.45105,1.45127,1.00,1.12
2016.08.18 02:36:28.483,1.45105,1.45125,1.00,1.00
2016.08.18 02:36:29.211,1.45103,1.45125,1.00,1.00
2016.08.18 02:36:30.784,1.45108,1.45133,1.12,1.12
2016.08.18 02:36:30.843,1.45108,1.45134,1.12,2.25
2016.08.18 02:36:30.895,1.45106,1.45128,1.75,1.00
2016.08.18 02:36:30.948,1.45105,1.45128,1.37,1.05
2016.08.18 02:36:30.999,1.45102,1.45126,1.75,1.00
2016.08.18 02:36:31.051,1.45102,1.45126,1.37,1.12
2016.08.18 02:36:31.103,1.45102,1.45126,1.00,1.50
2016.08.18 02:36:31.154,1.45102,1.45126,1.50,1.50
2016.08.18 02:36:31.580,1.45103,1.45125,1.00,1.12
2016.08.18 02:36:31.836,1.45101,1.45125,1.00,1.12
2016.08.18 02:36:32.153,1.45101,1.45125,1.00,1.87
2016.08.18 02:36:32.683,1.45102,1.45124,1.00,2.25
2016.08.18 02:36:32.734,1.45095,1.45118,1.00,1.12
2016.08.18 02:36:32.900,1.45096,1.4512,1.00,1.75
2016.08.18 02:36:33.004,1.45095,1.45117,1.00,1.00
2016.08.18 02:36:33.107,1.45097,1.45119,1.00,1.50
2016.08.18 02:36:34.240,1.45104,1.45119,1.00,1.50
2016.08.18 02:36:34.539,1.45104,1.45122,1.00,1.37
2016.08.18 02:36:34.590,1.45104,1.45122,1.00,1.12
2016.08.18 02:36:34.642,1.45103,1.45125,1.00,1.75
2016.08.18 02:36:34.745,1.45102,1.45125,1.00,1.50
2016.08.18 02:36:35.103,1.45107,1.45126,1.00,1.37
2016.08.18 02:36:35.155,1.45107,1.45132,1.00,2.25
2016.08.18 02:36:35.363,1.45108,1.45129,1.00,1.50
2016.08.18 02:36:35.642,1.45104,1.4513,1.12,3.37
2016.08.18 02:36:35.694,1.45104,1.45129,1.00,1.12
2016.08.18 02:36:35.745,1.45101,1.45129,1.12,1.12
2016.08.18 02:36:35.797,1.45101,1.4513,1.12,3.00
2016.08.18 02:36:35.848,1.45103,1.45128,1.00,1.75
2016.08.18 02:36:35.952,1.45103,1.45128,1.50,1.75
2016.08.18 02:36:36.156,1.45103,1.45128,1.00,1.75
2016.08.18 02:36:36.258,1.45103,1.45128,1.50,1.75
2016.08.18 02:36:36.616,1.45103,1.45126,1.50,1.12
2016.08.18 02:36:36.872,1.45103,1.45126,1.00,1.12
2016.08.18 02:36:37.702,1.45104,1.45127,1.00,1.50
2016.08.18 02:36:39.476,1.45104,1.45127,1.00,2.25
2016.08.18 02:36:39.977,1.45103,1.45127,1.00,2.25
2016.08.18 02:36:40.510,1.45103,1.45126,1.00,1.12
2016.08.18 02:36:41.049,1.45103,1.45125,1.00,1.00
2016.08.18 02:36:41.690,1.45104,1.45125,1.00,1.00
2016.08.18 02:36:43.292,1.45103,1.45125,1.00,1.00
2016.08.18 02:36:43.547,1.45101,1.45124,1.87,1.00
2016.08.18 02:36:43.649,1.45101,1.45124,1.12,1.00
2016.08.18 02:36:43.751,1.45101,1.45122,1.12,1.00
2016.08.18 02:36:43.854,1.45101,1.45124,1.00,1.37
2016.08.18 02:36:44.279,1.45103,1.45127,1.00,1.50
2016.08.18 02:36:44.330,1.45103,1.45127,1.00,2.25
2016.08.18 02:36:44.533,1.45103,1.45127,1.00,1.50
2016.08.18 02:36:44.738,1.45103,1.45127,1.00,2.25
2016.08.18 02:36:44.841,1.45103,1.45126,1.00,1.12
2016.08.18 02:36:45.353,1.45105,1.45126,1.00,1.12
2016.08.18 02:36:45.861,1.451,1.45119,1.50,1.00
2016.08.18 02:36:46.487,1.45096,1.45115,1.25,1.75
2016.08.18 02:36:46.538,1.45095,1.45113,1.00,1.75
2016.08.18 02:36:46.640,1.45095,1.45115,1.00,1.75
2016.08.18 02:36:46.692,1.45092,1.45116,1.00,3.00
2016.08.18 02:36:46.743,1.45091,1.45116,1.00,3.37
2016.08.18 02:36:46.846,1.45092,1.45116,1.00,1.75
2016.08.18 02:36:46.898,1.45092,1.45116,1.56,1.75
2016.08.18 02:36:47.242,1.45094,1.45119,1.00,2.25
2016.08.18 02:36:47.345,1.45092,1.45118,1.31,1.75
2016.08.18 02:36:47.497,1.45093,1.45118,1.31,1.37
2016.08.18 02:36:47.549,1.45102,1.45119,1.00,1.50
2016.08.18 02:36:47.600,1.45102,1.45119,1.31,1.00
2016.08.18 02:36:47.705,1.451,1.45125,1.56,1.87
2016.08.18 02:36:47.970,1.451,1.45125,1.56,2.25
2016.08.18 02:36:48.022,1.45096,1.45122,2.06,2.25
2016.08.18 02:36:48.124,1.45096,1.45122,1.31,2.25
2016.08.18 02:36:48.228,1.45096,1.45122,1.31,1.75
2016.08.18 02:36:48.280,1.45098,1.45119,1.00,1.00
2016.08.18 02:36:48.382,1.45096,1.45119,1.31,1.00
2016.08.18 02:36:48.433,1.45096,1.4512,1.31,1.12
2016.08.18 02:36:48.535,1.45096,1.4512,1.56,1.12
2016.08.18 02:36:48.864,1.45095,1.45119,2.44,1.00
2016.08.18 02:36:49.273,1.45095,1.45119,2.06,1.00
2016.08.18 02:36:49.376,1.45096,1.45119,1.56,1.00
2016.08.18 02:36:50.459,1.45098,1.45123,1.31,1.50
2016.08.18 02:36:51.189,1.45098,1.45122,1.56,1.00
2016.08.18 02:36:51.596,1.45097,1.45122,2.81,1.00
2016.08.18 02:36:51.647,1.45097,1.45122,2.06,1.00
2016.08.18 02:36:51.698,1.45097,1.45122,2.06,1.00
2016.08.18 02:36:51.749,1.45099,1.45122,1.56,1.00
2016.08.18 02:36:52.151,1.451,1.45122,1.56,1.00
2016.08.18 02:36:52.466,1.45101,1.45124,1.56,1.00
2016.08.18 02:36:53.184,1.45101,1.45123,1.56,1.00
2016.08.18 02:36:53.694,1.451,1.45126,2.06,1.50
2016.08.18 02:36:53.796,1.451,1.45123,1.56,1.00
2016.08.18 02:36:54.120,1.45098,1.45123,1.00,2.62
2016.08.18 02:36:54.174,1.45096,1.4512,1.00,1.00
2016.08.18 02:36:54.633,1.45096,1.4512,1.00,1.00
2016.08.18 02:36:54.684,1.45094,1.45119,1.25,1.00
2016.08.18 02:36:54.736,1.45094,1.45119,1.31,1.00
2016.08.18 02:36:55.351,1.45095,1.4512,1.19,1.00
2016.08.18 02:36:55.452,1.45094,1.45119,1.31,1.00
2016.08.18 02:36:55.503,1.45093,1.45119,1.56,1.00
2016.08.18 02:36:55.758,1.45093,1.45119,2.06,1.00
2016.08.18 02:36:55.809,1.45094,1.45121,1.31,1.00
2016.08.18 02:36:55.861,1.45093,1.4512,1.56,1.00
2016.08.18 02:36:56.162,1.45093,1.4512,1.56,1.00
2016.08.18 02:36:56.214,1.45093,1.4512,1.56,1.00
2016.08.18 02:36:56.265,1.45094,1.45121,1.56,1.87
2016.08.18 02:36:56.367,1.45093,1.45119,1.56,1.00
2016.08.18 02:36:56.418,1.45093,1.45119,2.06,1.00
2016.08.18 02:36:56.520,1.45093,1.45119,1.19,1.00
2016.08.18 02:36:56.571,1.45092,1.45118,2.06,1.00
2016.08.18 02:36:56.623,1.45092,1.45117,2.06,1.00
2016.08.18 02:36:57.083,1.45092,1.45117,1.31,1.50
2016.08.18 02:36:57.134,1.45092,1.45117,1.56,1.50
2016.08.18 02:36:57.338,1.45092,1.45117,1.00,1.50
2016.08.18 02:36:57.542,1.45091,1.45116,1.25,1.00
2016.08.18 02:36:58.101,1.45092,1.45114,1.00,1.00
2016.08.18 02:36:58.203,1.4509,1.45114,2.06,1.00
2016.08.18 02:36:58.408,1.4509,1.45114,1.31,1.00
2016.08.18 02:36:58.564,1.45092,1.45116,1.56,1.00
2016.08.18 02:36:58.717,1.45092,1.45118,2.06,1.00
2016.08.18 02:36:58.769,1.45094,1.45118,1.56,1.00
2016.08.18 02:36:58.821,1.45094,1.45119,2.06,2.25
2016.08.18 02:36:58.923,1.45094,1.45119,2.06,1.50
2016.08.18 02:36:59.219,1.45094,1.45118,1.56,1.00
2016.08.18 02:36:59.270,1.45093,1.45117,2.06,1.00
2016.08.18 02:36:59.322,1.45093,1.45117,1.56,1.00
2016.08.18 02:37:00.139,1.45093,1.45117,2.06,1.00
2016.08.18 02:37:00.241,1.45093,1.45117,2.06,1.50
2016.08.18 02:37:00.575,1.45093,1.45116,1.56,1.00
2016.08.18 02:37:01.084,1.45094,1.45115,1.56,1.00
2016.08.18 02:37:01.135,1.45094,1.45115,1.05,1.00
2016.08.18 02:37:01.237,1.45092,1.45115,1.05,1.00
2016.08.18 02:37:01.531,1.45099,1.45115,1.05,1.00
2016.08.18 02:37:01.582,1.45099,1.45122,1.05,1.00
2016.08.18 02:37:01.684,1.45099,1.45123,1.55,1.00
2016.08.18 02:37:01.940,1.45099,1.45123,1.05,1.00
2016.08.18 02:37:02.042,1.45101,1.45123,1.00,1.00
2016.08.18 02:37:02.403,1.45101,1.45122,1.00,1.00
2016.08.18 02:37:02.669,1.451,1.45122,1.06,1.00
2016.08.18 02:37:03.077,1.45097,1.45122,1.00,1.00
2016.08.18 02:37:03.704,1.45097,1.45122,1.00,1.50
2016.08.18 02:37:04.303,1.45094,1.45119,1.50,1.00
2016.08.18 02:37:04.355,1.45094,1.45118,1.00,1.00
2016.08.18 02:37:04.458,1.45094,1.45119,1.00,1.50
2016.08.18 02:37:04.788,1.4509,1.45116,1.00,1.00
2016.08.18 02:37:06.019,1.45091,1.45116,1.00,1.00
2016.08.18 02:37:06.095,1.45091,1.45115,1.00,1.00
2016.08.18 02:37:06.558,1.45091,1.45116,1.00,1.00
2016.08.18 02:37:06.763,1.45091,1.45116,1.00,1.00
2016.08.18 02:37:07.055,1.45091,1.45107,1.00,1.00
2016.08.18 02:37:07.106,1.45084,1.45107,1.50,1.00
2016.08.18 02:37:07.158,1.45084,1.45107,1.00,1.00
2016.08.18 02:37:07.209,1.45085,1.45107,1.00,1.00
2016.08.18 02:37:07.818,1.45084,1.45109,1.00,1.00
2016.08.18 02:37:08.291,1.45084,1.45109,1.00,1.00
2016.08.18 02:37:08.394,1.45084,1.45109,1.00,1.50
2016.08.18 02:37:08.547,1.45084,1.45108,1.00,1.00
2016.08.18 02:37:08.810,1.45084,1.45107,1.00,1.00
2016.08.18 02:37:09.016,1.45083,1.45108,1.00,1.00
2016.08.18 02:37:09.397,1.45084,1.45107,1.00,1.00
2016.08.18 02:37:09.550,1.45086,1.45107,1.00,1.00
2016.08.18 02:37:10.152,1.45086,1.45107,1.05,1.00
2016.08.18 02:37:10.254,1.45088,1.45109,1.00,1.00
2016.08.18 02:37:10.589,1.45089,1.45112,1.00,1.25
2016.08.18 02:37:10.640,1.45089,1.45111,1.00,1.00
2016.08.18 02:37:10.843,1.45087,1.4511,1.55,1.00
2016.08.18 02:37:11.249,1.45089,1.45112,1.00,1.69
2016.08.18 02:37:11.890,1.45087,1.45111,1.06,1.00
2016.08.18 02:37:11.942,1.45087,1.45111,1.06,1.50
2016.08.18 02:37:12.044,1.45087,1.45111,1.00,2.06
2016.08.18 02:37:12.147,1.45087,1.45111,1.00,2.81
2016.08.18 02:37:12.486,1.45087,1.4511,1.00,2.06
2016.08.18 02:37:12.537,1.45084,1.45107,1.00,1.00
2016.08.18 02:37:12.589,1.45084,1.45107,1.05,1.50
2016.08.18 02:37:12.937,1.45084,1.45106,1.00,1.31
2016.08.18 02:37:12.988,1.45084,1.45106,1.00,1.00
2016.08.18 02:37:13.040,1.45086,1.45106,1.00,1.00
2016.08.18 02:37:13.091,1.45086,1.45107,1.50,1.00
2016.08.18 02:37:13.142,1.45086,1.45108,1.00,1.00
2016.08.18 02:37:13.193,1.45084,1.45109,1.00,1.69
2016.08.18 02:37:13.244,1.45084,1.45109,1.00,1.50
2016.08.18 02:37:13.347,1.45084,1.45109,1.00,1.37
2016.08.18 02:37:13.399,1.45084,1.45109,1.00,1.00
2016.08.18 02:37:13.705,1.45081,1.45107,1.00,1.00
2016.08.18 02:37:13.879,1.45081,1.45105,1.00,1.00
2016.08.18 02:37:14.187,1.45081,1.45107,1.00,1.87
2016.08.18 02:37:14.289,1.45081,1.45107,1.00,1.50
2016.08.18 02:37:14.341,1.45081,1.45107,1.00,2.25
2016.08.18 02:37:14.737,1.45081,1.45105,1.00,1.00
2016.08.18 02:37:14.994,1.45081,1.45105,1.00,1.00
2016.08.18 02:37:15.045,1.45081,1.45105,1.00,1.50
2016.08.18 02:37:15.653,1.4508,1.45104,1.00,1.00
2016.08.18 02:37:16.180,1.45079,1.45099,1.00,1.00
2016.08.18 02:37:16.231,1.45074,1.451,1.95,1.00
2016.08.18 02:37:16.282,1.45074,1.45099,1.12,1.00
2016.08.18 02:37:16.334,1.45073,1.45099,1.50,1.00
2016.08.18 02:37:16.386,1.45073,1.45099,1.00,1.25
2016.08.18 02:37:16.439,1.45073,1.45099,1.00,1.69
2016.08.18 02:37:16.742,1.45073,1.45098,1.50,1.50
2016.08.18 02:37:17.340,1.45075,1.45096,1.00,1.00
2016.08.18 02:37:21.025,1.45076,1.45097,1.00,1.00
2016.08.18 02:37:21.569,1.45075,1.45096,1.00,1.00
2016.08.18 02:37:22.064,1.45074,1.45097,1.00,1.00
2016.08.18 02:37:22.166,1.45075,1.45096,1.00,1.00
2016.08.18 02:37:23.169,1.45074,1.45095,1.00,1.00
2016.08.18 02:37:23.976,1.45075,1.45097,1.00,1.50
2016.08.18 02:37:24.079,1.45075,1.45097,1.00,1.00
2016.08.18 02:37:24.870,1.45075,1.45098,1.00,1.00
2016.08.18 02:37:25.235,1.45075,1.45098,1.00,1.00
2016.08.18 02:37:26.499,1.45075,1.45096,1.00,1.00
2016.08.18 02:37:26.651,1.45074,1.45097,1.00,1.50
2016.08.18 02:37:26.702,1.45074,1.45097,1.00,1.00
2016.08.18 02:37:26.855,1.45071,1.45094,1.12,1.00
2016.08.18 02:37:27.059,1.4507,1.45094,1.00,1.00
2016.08.18 02:37:28.875,1.4507,1.45092,1.00,1.00
2016.08.18 02:37:30.366,1.45069,1.45091,1.00,1.00
2016.08.18 02:37:30.828,1.45069,1.4509,1.00,1.00
2016.08.18 02:37:34.052,1.45068,1.45089,1.00,1.00
2016.08.18 02:37:37.499,1.45067,1.45089,1.00,1.00
2016.08.18 02:37:38.164,1.45068,1.45089,1.00,1.00
2016.08.18 02:37:38.973,1.45069,1.4509,1.00,1.00
2016.08.18 02:37:39.438,1.45069,1.4509,1.00,1.00
2016.08.18 02:37:39.541,1.45068,1.45089,1.00,1.00
2016.08.18 02:37:39.798,1.45068,1.45089,1.00,1.50
2016.08.18 02:37:39.901,1.45067,1.45088,1.00,1.00
2016.08.18 02:37:39.954,1.45067,1.45088,1.00,1.00
2016.08.18 02:37:40.399,1.45067,1.45088,1.25,1.12
2016.08.18 02:37:40.457,1.45067,1.45087,1.25,1.00
2016.08.18 02:37:40.508,1.45067,1.45087,1.25,1.12
2016.08.18 02:37:40.611,1.45067,1.45087,1.19,1.00
2016.08.18 02:37:42.885,1.45067,1.45087,1.56,1.00
2016.08.18 02:37:43.212,1.45067,1.45087,1.31,1.00
2016.08.18 02:37:44.086,1.45066,1.45087,1.56,1.50
2016.08.18 02:37:44.717,1.45066,1.45087,1.31,1.50
2016.08.18 02:37:47.262,1.45066,1.45087,1.31,1.00
2016.08.18 02:37:47.467,1.45066,1.45087,1.31,1.50
2016.08.18 02:37:47.671,1.45066,1.45087,1.31,1.00
2016.08.18 02:37:47.977,1.45066,1.45087,1.25,1.00
2016.08.18 02:37:51.384,1.45066,1.45087,1.19,1.00
2016.08.18 02:37:53.280,1.45066,1.45087,1.19,1.37
2016.08.18 02:37:53.331,1.45064,1.45087,1.19,1.50
2016.08.18 02:37:53.534,1.45064,1.45087,1.19,2.25
2016.08.18 02:37:53.636,1.45064,1.45087,1.19,1.50
2016.08.18 02:37:54.123,1.45064,1.45087,1.19,1.87
2016.08.18 02:37:54.174,1.45064,1.45087,1.19,1.50
2016.08.18 02:37:54.479,1.45066,1.45087,1.19,1.50
2016.08.18 02:37:55.056,1.45066,1.45087,1.19,1.00
2016.08.18 02:37:55.209,1.45066,1.45087,1.69,1.00
2016.08.18 02:37:55.785,1.45069,1.45091,1.00,1.75
2016.08.18 02:37:55.869,1.45068,1.45089,1.00,1.00
2016.08.18 02:37:56.437,1.45068,1.45089,1.00,1.00
2016.08.18 02:37:58.466,1.45068,1.45087,1.00,1.00
2016.08.18 02:37:58.568,1.45065,1.45086,1.19,1.00
2016.08.18 02:37:58.619,1.45065,1.45085,1.00,1.00
2016.08.18 02:37:58.670,1.45063,1.45084,1.00,1.50
2016.08.18 02:37:58.876,1.45062,1.45083,1.00,1.00
2016.08.18 02:37:58.928,1.45063,1.45084,1.00,1.50
2016.08.18 02:37:58.980,1.45063,1.45083,1.00,1.00
2016.08.18 02:37:59.298,1.45063,1.45084,1.00,2.25
2016.08.18 02:37:59.401,1.45063,1.45084,1.00,1.50
2016.08.18 02:37:59.453,1.45067,1.45086,1.00,1.31
2016.08.18 02:37:59.849,1.45067,1.45086,1.00,1.00
2016.08.18 02:38:00.158,1.45065,1.45081,1.00,1.00
2016.08.18 02:38:00.469,1.45065,1.45084,1.00,1.00
2016.08.18 02:38:00.569,1.45066,1.45086,1.00,1.87
2016.08.18 02:38:00.621,1.45066,1.45086,1.00,1.50
2016.08.18 02:38:00.673,1.45072,1.45086,1.00,1.00
2016.08.18 02:38:00.776,1.4507,1.4509,1.00,1.00
2016.08.18 02:38:00.828,1.4507,1.4509,1.19,1.00
2016.08.18 02:38:00.980,1.45071,1.45089,1.25,1.00
2016.08.18 02:38:01.324,1.45071,1.45088,1.00,1.00
2016.08.18 02:38:02.971,1.45071,1.45086,1.00,1.00
2016.08.18 02:38:03.534,1.4507,1.45086,1.00,1.00
2016.08.18 02:38:04.233,1.4507,1.45085,1.00,1.00
2016.08.18 02:38:04.284,1.45068,1.45085,1.19,1.00
2016.08.18 02:38:04.387,1.45068,1.45087,1.19,1.00
2016.08.18 02:38:04.591,1.45066,1.45087,1.19,1.00
2016.08.18 02:38:09.014,1.45068,1.45087,1.25,1.00
2016.08.18 02:38:09.065,1.45069,1.45087,1.00,1.00
2016.08.18 02:38:09.167,1.45069,1.45085,1.00,1.00
2016.08.18 02:38:09.218,1.45067,1.45085,1.19,1.00
2016.08.18 02:38:09.320,1.45068,1.45085,1.25,1.00
2016.08.18 02:38:09.371,1.45068,1.45087,1.25,1.00
2016.08.18 02:38:09.422,1.45068,1.45087,1.00,1.00
2016.08.18 02:38:09.524,1.45067,1.45086,1.00,1.00
2016.08.18 02:38:09.887,1.45068,1.45086,1.00,1.00
2016.08.18 02:38:09.938,1.45068,1.45084,1.00,1.00
2016.08.18 02:38:10.669,1.45068,1.45086,1.00,1.00
2016.08.18 02:38:10.824,1.4507,1.45086,1.00,1.00
2016.08.18 02:38:11.167,1.4507,1.45088,1.00,1.00
2016.08.18 02:38:11.270,1.45069,1.45085,1.00,1.00
2016.08.18 02:38:11.819,1.45067,1.45085,1.50,1.00
2016.08.18 02:38:12.146,1.45067,1.45085,1.00,1.00
2016.08.18 02:38:12.300,1.45066,1.45087,1.25,1.00
2016.08.18 02:38:12.956,1.45066,1.45085,1.25,1.00
2016.08.18 02:38:13.061,1.45066,1.45085,1.31,1.00
2016.08.18 02:38:13.610,1.45066,1.45086,1.31,1.00
2016.08.18 02:38:14.273,1.45065,1.45086,1.56,1.50
2016.08.18 02:38:14.477,1.45065,1.45086,1.56,1.00
2016.08.18 02:38:14.528,1.45065,1.45086,1.00,1.00
2016.08.18 02:38:14.783,1.45065,1.45084,1.00,1.00
2016.08.18 02:38:15.152,1.45065,1.45084,1.50,1.00
2016.08.18 02:38:15.433,1.45065,1.45084,1.00,1.00
2016.08.18 02:38:15.854,1.45065,1.45084,1.31,1.00
2016.08.18 02:38:16.081,1.45066,1.45084,1.25,1.00
2016.08.18 02:38:17.236,1.45066,1.45082,1.00,1.00
2016.08.18 02:38:17.287,1.45062,1.45082,1.31,1.00
2016.08.18 02:38:17.339,1.45062,1.45082,1.00,1.00
2016.08.18 02:38:17.441,1.45062,1.45082,1.56,1.00
2016.08.18 02:38:17.543,1.45062,1.45083,1.56,1.00
2016.08.18 02:38:17.696,1.45065,1.45086,1.00,1.50
2016.08.18 02:38:18.125,1.45065,1.45086,1.56,1.50
2016.08.18 02:38:19.964,1.45065,1.45086,1.31,1.50
2016.08.18 02:38:21.477,1.45065,1.45086,1.00,1.50
2016.08.18 02:38:23.041,1.45065,1.45085,1.00,1.00
2016.08.18 02:38:23.451,1.45071,1.45085,1.56,1.00
2016.08.18 02:38:23.502,1.45071,1.4509,1.56,1.50
2016.08.18 02:38:23.554,1.45071,1.4509,1.56,1.00
2016.08.18 02:38:23.605,1.45071,1.45092,2.06,1.50
2016.08.18 02:38:23.656,1.45073,1.45092,1.25,1.00
2016.08.18 02:38:24.127,1.45073,1.45092,1.25,1.00
2016.08.18 02:38:24.178,1.45072,1.45092,1.31,1.00
2016.08.18 02:38:24.557,1.45071,1.45092,2.06,1.00
2016.08.18 02:38:24.608,1.45071,1.45089,1.56,1.00
2016.08.18 02:38:24.659,1.45071,1.45089,1.00,1.00
2016.08.18 02:38:24.761,1.45069,1.45089,1.00,1.31
2016.08.18 02:38:25.020,1.45069,1.45088,1.00,1.00
2016.08.18 02:38:25.083,1.45068,1.45088,1.00,1.31
2016.08.18 02:38:25.238,1.45066,1.45086,1.50,1.56
2016.08.18 02:38:25.290,1.45066,1.45083,1.00,1.00
2016.08.18 02:38:25.342,1.45062,1.45083,1.50,1.31
2016.08.18 02:38:25.660,1.45062,1.45082,1.00,1.69
2016.08.18 02:38:26.136,1.45062,1.45082,1.00,1.25
2016.08.18 02:38:26.552,1.45063,1.45083,1.00,1.31
2016.08.18 02:38:27.935,1.45062,1.45082,1.00,2.06
2016.08.18 02:38:28.441,1.45063,1.45082,1.00,2.06
2016.08.18 02:38:29.544,1.45064,1.45081,1.00,1.25
2016.08.18 02:38:29.752,1.45062,1.45081,1.00,1.00
2016.08.18 02:38:31.078,1.45063,1.45081,1.00,1.00
2016.08.18 02:38:32.238,1.45063,1.45083,1.00,1.00
2016.08.18 02:38:32.289,1.45065,1.45083,1.00,1.00
2016.08.18 02:38:32.340,1.45065,1.45084,1.00,1.50
2016.08.18 02:38:32.544,1.45066,1.45084,1.00,1.00
2016.08.18 02:38:32.916,1.45068,1.45085,1.00,1.00
2016.08.18 02:38:33.091,1.45066,1.45085,1.12,1.00
2016.08.18 02:38:33.692,1.45065,1.45085,1.00,1.50
2016.08.18 02:38:34.299,1.45066,1.45085,1.00,1.50
2016.08.18 02:38:34.401,1.45066,1.45085,1.00,1.00
2016.08.18 02:38:34.554,1.45066,1.45087,1.00,1.00
2016.08.18 02:38:34.605,1.45066,1.45088,1.00,1.00
2016.08.18 02:38:34.708,1.45067,1.45086,1.00,1.50
2016.08.18 02:38:34.810,1.45067,1.45086,1.00,1.00
2016.08.18 02:38:34.861,1.45066,1.45087,1.00,1.00
2016.08.18 02:38:34.912,1.45066,1.45088,1.50,1.00
2016.08.18 02:38:34.963,1.45067,1.45089,1.50,1.00
2016.08.18 02:38:35.382,1.45071,1.45089,1.00,1.00
2016.08.18 02:38:35.433,1.45071,1.4509,1.00,1.00
2016.08.18 02:38:35.524,1.45068,1.4509,1.00,1.00
2016.08.18 02:38:38.205,1.45068,1.4509,1.00,1.50
2016.08.18 02:38:38.315,1.45068,1.45088,1.00,1.00
2016.08.18 02:38:39.325,1.45067,1.45087,1.00,1.00
2016.08.18 02:38:40.089,1.45068,1.45087,1.00,1.00
2016.08.18 02:38:40.753,1.45067,1.45087,1.00,1.00
2016.08.18 02:38:41.625,1.45067,1.45088,1.00,1.50
2016.08.18 02:38:42.148,1.45066,1.45088,1.00,1.50
2016.08.18 02:38:42.199,1.45066,1.45086,1.00,1.00
2016.08.18 02:38:42.851,1.45068,1.45086,1.00,1.00
2016.08.18 02:38:43.004,1.45066,1.45086,1.00,1.00
2016.08.18 02:38:43.258,1.45068,1.45086,1.00,1.00
2016.08.18 02:38:43.778,1.45068,1.45087,1.00,1.00
2016.08.18 02:38:48.133,1.45068,1.45089,1.00,1.00
2016.08.18 02:38:48.287,1.45068,1.4509,1.00,1.50
2016.08.18 02:38:48.596,1.45068,1.45089,1.00,1.00
2016.08.18 02:38:49.188,1.45068,1.45088,1.00,1.00
2016.08.18 02:38:49.291,1.45066,1.45088,1.00,1.00
2016.08.18 02:38:51.225,1.45071,1.45088,1.00,1.00
2016.08.18 02:38:51.276,1.45073,1.45092,1.00,1.00
2016.08.18 02:38:51.674,1.4507,1.4509,1.12,1.00
2016.08.18 02:38:51.726,1.45068,1.4509,1.00,1.50
2016.08.18 02:38:53.265,1.4507,1.4509,1.00,1.00
2016.08.18 02:38:53.469,1.45069,1.4509,1.50,1.00
2016.08.18 02:38:53.775,1.45069,1.4509,1.00,1.00
2016.08.18 02:38:53.827,1.45075,1.45091,1.00,1.00
2016.08.18 02:38:53.878,1.45075,1.45093,1.31,1.00
2016.08.18 02:38:54.184,1.45073,1.45096,2.81,1.37
2016.08.18 02:38:54.235,1.45073,1.45093,2.06,1.00
2016.08.18 02:38:54.286,1.45073,1.45093,1.25,1.00
2016.08.18 02:38:54.909,1.45075,1.45093,1.00,1.00
2016.08.18 02:38:55.569,1.45076,1.45095,1.00,1.00
2016.08.18 02:38:56.520,1.45073,1.45093,1.31,1.00
2016.08.18 02:38:56.803,1.45076,1.45093,1.00,1.00
2016.08.18 02:38:57.386,1.45075,1.45093,1.00,1.00
2016.08.18 02:38:59.488,1.45075,1.45094,1.00,1.00
2016.08.18 02:39:00.370,1.45075,1.45093,1.00,1.00
2016.08.18 02:39:00.523,1.45073,1.45093,1.31,1.00
2016.08.18 02:39:00.778,1.4508,1.45097,1.56,1.00
2016.08.18 02:39:00.829,1.4508,1.45101,1.56,2.62
2016.08.18 02:39:00.880,1.45081,1.45102,2.06,3.00
2016.08.18 02:39:00.932,1.45081,1.45102,2.06,1.37
2016.08.18 02:39:01.206,1.45081,1.45102,2.06,1.50
2016.08.18 02:39:01.258,1.45082,1.45102,1.31,1.50
2016.08.18 02:39:01.309,1.45082,1.45102,1.00,2.25
2016.08.18 02:39:01.411,1.45082,1.45102,1.00,1.50
2016.08.18 02:39:01.513,1.45082,1.45102,1.00,1.00
2016.08.18 02:39:01.719,1.45084,1.45102,1.00,1.00
2016.08.18 02:39:01.821,1.4508,1.45102,1.50,1.00
2016.08.18 02:39:01.923,1.4508,1.45101,1.00,1.00
2016.08.18 02:39:02.783,1.45081,1.45101,1.00,1.00
2016.08.18 02:39:02.885,1.45083,1.45103,1.00,1.50
2016.08.18 02:39:03.687,1.45084,1.45103,1.00,1.50
2016.08.18 02:39:05.389,1.45085,1.45105,1.00,1.00
2016.08.18 02:39:05.784,1.45084,1.45106,1.00,1.50
2016.08.18 02:39:05.989,1.45083,1.45106,1.50,1.50
2016.08.18 02:39:06.040,1.45083,1.45105,1.50,1.00
2016.08.18 02:39:06.497,1.45083,1.45105,1.50,1.50
2016.08.18 02:39:06.725,1.45083,1.45105,1.50,1.00
2016.08.18 02:39:06.827,1.45085,1.45106,1.00,1.00
2016.08.18 02:39:07.407,1.45084,1.45106,1.50,1.00
2016.08.18 02:39:07.509,1.45085,1.45106,1.00,1.00
2016.08.18 02:39:07.892,1.45087,1.45106,1.00,1.00
2016.08.18 02:39:07.996,1.45085,1.45106,1.00,1.00
2016.08.18 02:39:08.098,1.45084,1.45106,1.50,1.00
2016.08.18 02:39:10.091,1.45084,1.45105,1.50,1.00
2016.08.18 02:39:10.148,1.45084,1.45105,1.50,1.50
2016.08.18 02:39:10.481,1.45087,1.45105,1.00,1.12
2016.08.18 02:39:10.557,1.45084,1.45105,1.00,1.12
2016.08.18 02:39:10.608,1.45084,1.45105,1.00,1.00
2016.08.18 02:39:10.710,1.45084,1.45104,1.00,1.00
2016.08.18 02:39:11.671,1.45084,1.45103,1.00,1.00
2016.08.18 02:39:13.107,1.45083,1.45103,1.00,1.50
2016.08.18 02:39:13.525,1.45083,1.45103,1.00,1.00
2016.08.18 02:39:13.982,1.45083,1.45104,1.00,1.00
2016.08.18 02:39:14.613,1.45084,1.45104,1.00,1.00
2016.08.18 02:39:15.347,1.45082,1.45104,1.50,1.00
2016.08.18 02:39:15.398,1.45081,1.45103,1.00,1.50
2016.08.18 02:39:15.450,1.4508,1.45102,1.50,1.00
2016.08.18 02:39:15.603,1.4508,1.45102,1.00,1.00
2016.08.18 02:39:15.983,1.4508,1.45102,1.50,1.00
2016.08.18 02:39:16.332,1.45083,1.45102,1.00,1.00
2016.08.18 02:39:16.638,1.45084,1.45103,1.00,1.50
2016.08.18 02:39:17.015,1.45082,1.45103,1.00,1.50
2016.08.18 02:39:18.525,1.45083,1.45103,1.00,1.50
2016.08.18 02:39:18.627,1.45083,1.45102,1.00,1.00
2016.08.18 02:39:19.003,1.4508,1.45102,1.00,1.00
2016.08.18 02:39:19.738,1.4508,1.45103,1.50,1.50
2016.08.18 02:39:20.044,1.45083,1.45103,1.00,1.50
2016.08.18 02:39:20.147,1.45083,1.45103,1.00,1.00
2016.08.18 02:39:20.441,1.45084,1.45104,1.00,1.50
2016.08.18 02:39:20.995,1.45083,1.45104,1.00,1.50
2016.08.18 02:39:23.124,1.45083,1.45104,1.50,1.50
2016.08.18 02:39:23.437,1.45083,1.45103,1.00,1.00
2016.08.18 02:39:26.510,1.45084,1.45103,1.00,1.00
2016.08.18 02:39:27.013,1.45081,1.45103,1.00,1.00
2016.08.18 02:39:28.738,1.45083,1.45098,1.00,1.00
2016.08.18 02:39:28.790,1.45083,1.45099,1.00,1.50
2016.08.18 02:39:28.842,1.4508,1.45095,1.25,1.00
2016.08.18 02:39:28.944,1.45075,1.45096,1.00,1.25
2016.08.18 02:39:29.047,1.4507,1.45093,1.19,1.00
2016.08.18 02:39:29.098,1.4507,1.45093,1.00,1.00
2016.08.18 02:39:29.150,1.45072,1.45093,1.00,1.00
2016.08.18 02:39:29.569,1.45066,1.45089,1.12,1.12
2016.08.18 02:39:29.620,1.45065,1.45089,2.25,1.12
2016.08.18 02:39:29.671,1.45065,1.45086,2.25,1.00
2016.08.18 02:39:30.028,1.45066,1.45086,1.00,1.00
2016.08.18 02:39:31.300,1.45066,1.45086,1.25,1.00
2016.08.18 02:39:32.725,1.4507,1.45086,1.00,1.00
2016.08.18 02:39:32.776,1.4507,1.4509,1.00,1.12
2016.08.18 02:39:32.828,1.4507,1.4509,1.00,1.00
2016.08.18 02:39:33.032,1.4507,1.4509,1.19,1.00
2016.08.18 02:39:33.184,1.4507,1.45091,2.44,1.00
2016.08.18 02:39:33.502,1.45071,1.45092,1.69,1.00
2016.08.18 02:39:34.227,1.45073,1.45092,1.00,1.00
2016.08.18 02:39:34.534,1.45072,1.45092,1.25,1.00
2016.08.18 02:39:37.584,1.45072,1.45092,1.00,1.00
2016.08.18 02:39:38.846,1.45072,1.45092,1.19,1.00
2016.08.18 02:39:39.916,1.45072,1.45092,1.00,1.00
2016.08.18 02:39:39.967,1.45075,1.45096,1.50,1.00
2016.08.18 02:39:40.070,1.45076,1.45095,1.25,1.00
2016.08.18 02:39:40.173,1.45076,1.45097,1.69,1.00
2016.08.18 02:39:40.276,1.45076,1.45094,1.00,1.00
2016.08.18 02:39:40.858,1.45075,1.45093,1.00,1.00
2016.08.18 02:39:41.394,1.45074,1.45093,1.00,1.00
2016.08.18 02:39:41.496,1.45074,1.45093,1.19,1.00
2016.08.18 02:39:42.550,1.45071,1.45091,1.19,1.00
2016.08.18 02:39:43.150,1.4507,1.45091,1.19,1.00
2016.08.18 02:39:44.193,1.4507,1.4509,1.19,1.00
2016.08.18 02:39:46.594,1.4507,1.4509,1.69,1.00
2016.08.18 02:39:46.850,1.45071,1.4509,1.19,1.00
2016.08.18 02:39:47.247,1.45071,1.45093,1.19,1.00
2016.08.18 02:39:47.631,1.45073,1.45093,1.19,1.00
2016.08.18 02:39:47.733,1.45075,1.45094,1.25,1.00
2016.08.18 02:39:47.936,1.45074,1.45095,1.19,1.00
2016.08.18 02:39:48.901,1.45075,1.45095,1.25,1.00
2016.08.18 02:39:49.056,1.45074,1.45095,1.19,1.00
2016.08.18 02:39:50.780,1.45075,1.45095,1.25,1.00
2016.08.18 02:39:51.359,1.45075,1.45095,1.31,1.00
2016.08.18 02:39:55.578,1.45077,1.45096,1.31,1.00
2016.08.18 02:39:55.678,1.45076,1.451,2.06,1.50
2016.08.18 02:39:55.729,1.45076,1.45101,2.81,3.00
2016.08.18 02:39:55.780,1.45077,1.45101,1.31,1.87
2016.08.18 02:39:56.078,1.4508,1.45102,1.31,1.50
2016.08.18 02:39:56.283,1.45079,1.45102,1.56,1.50
2016.08.18 02:39:57.570,1.45079,1.45102,1.56,2.25
2016.08.18 02:39:58.288,1.4508,1.45102,1.31,1.50
2016.08.18 02:39:59.176,1.4508,1.451,1.31,1.00
2016.08.18 02:40:00.450,1.4508,1.45099,1.31,1.00
2016.08.18 02:40:00.502,1.45076,1.45097,2.06,1.00
2016.08.18 02:40:00.553,1.45077,1.45097,1.56,1.00
2016.08.18 02:40:01.232,1.45077,1.45091,1.56,1.50
2016.08.18 02:40:01.283,1.45069,1.45091,1.56,1.00
2016.08.18 02:40:01.656,1.45069,1.45091,2.06,1.00
2016.08.18 02:40:01.759,1.45069,1.45091,1.56,1.00
2016.08.18 02:40:01.965,1.45069,1.45091,1.56,1.00
2016.08.18 02:40:02.068,1.45069,1.45092,1.56,1.12
2016.08.18 02:40:02.223,1.45069,1.45093,2.06,2.25
2016.08.18 02:40:02.274,1.45069,1.45093,2.06,2.25
2016.08.18 02:40:02.427,1.45069,1.45093,2.06,2.25
2016.08.18 02:40:02.811,1.45071,1.45093,1.56,2.25
2016.08.18 02:40:04.495,1.45072,1.45093,1.31,1.50
2016.08.18 02:40:04.648,1.45072,1.45092,1.31,1.12
2016.08.18 02:40:04.699,1.45069,1.45091,1.56,1.00
2016.08.18 02:40:04.801,1.45068,1.45091,2.81,1.00
2016.08.18 02:40:04.852,1.45068,1.45091,2.06,1.00
2016.08.18 02:40:04.924,1.45068,1.45091,2.06,1.00
2016.08.18 02:40:04.975,1.45069,1.45091,1.56,1.00
2016.08.18 02:40:05.026,1.4507,1.45092,1.56,1.12
2016.08.18 02:40:05.077,1.4507,1.45093,1.56,2.25
2016.08.18 02:40:05.891,1.45071,1.45093,1.56,2.25
2016.08.18 02:40:06.505,1.45069,1.45093,2.06,2.25
2016.08.18 02:40:07.376,1.45069,1.45093,1.56,2.25
2016.08.18 02:40:07.427,1.45069,1.45093,1.05,2.25
2016.08.18 02:40:08.295,1.45074,1.45095,1.00,1.75
2016.08.18 02:40:08.346,1.45074,1.45097,1.00,4.50
2016.08.18 02:40:08.397,1.45074,1.45097,1.00,3.00
2016.08.18 02:40:08.500,1.45074,1.45097,1.00,1.87
2016.08.18 02:40:08.808,1.45074,1.45097,1.00,1.50
2016.08.18 02:40:09.808,1.45075,1.45097,1.00,1.50
2016.08.18 02:40:10.011,1.45074,1.45096,1.00,1.00
2016.08.18 02:40:10.663,1.45072,1.45095,1.05,1.00
2016.08.18 02:40:10.919,1.45077,1.45098,1.06,1.12
2016.08.18 02:40:11.021,1.45078,1.45099,1.05,1.12
2016.08.18 02:40:11.072,1.45078,1.45099,1.05,1.00
2016.08.18 02:40:11.124,1.45074,1.45097,1.55,1.12
2016.08.18 02:40:11.175,1.45074,1.45097,1.05,1.12
2016.08.18 02:40:11.227,1.45074,1.45097,1.05,1.50
2016.08.18 02:40:11.500,1.45073,1.45094,1.17,1.00
2016.08.18 02:40:11.552,1.4507,1.45094,1.17,1.50
2016.08.18 02:40:12.067,1.4507,1.45093,1.12,1.00
2016.08.18 02:40:12.118,1.45066,1.45093,1.55,1.50
2016.08.18 02:40:12.439,1.45066,1.45087,1.00,1.00
2016.08.18 02:40:12.490,1.45064,1.45087,1.05,1.00
2016.08.18 02:40:12.542,1.45064,1.45087,1.05,1.00
2016.08.18 02:40:12.594,1.45064,1.45087,1.05,1.50
2016.08.18 02:40:12.645,1.45063,1.45085,1.17,1.00
2016.08.18 02:40:12.820,1.45064,1.45087,1.05,1.50
2016.08.18 02:40:12.871,1.45064,1.45087,1.05,1.00
2016.08.18 02:40:12.922,1.45062,1.45087,1.55,1.00
2016.08.18 02:40:13.588,1.45065,1.45088,1.05,1.00
2016.08.18 02:40:14.230,1.45065,1.45087,1.05,1.00
2016.08.18 02:40:14.628,1.45069,1.4509,1.06,1.50
2016.08.18 02:40:14.679,1.45069,1.4509,1.06,1.00
2016.08.18 02:40:17.507,1.4507,1.45091,1.00,1.00
2016.08.18 02:40:19.568,1.45071,1.45092,1.00,1.50
2016.08.18 02:40:19.619,1.45067,1.45089,2.30,1.00
2016.08.18 02:40:19.670,1.45067,1.45089,1.55,1.00
2016.08.18 02:40:19.721,1.45067,1.45089,1.06,1.12
2016.08.18 02:40:20.754,1.45067,1.45089,1.00,1.12
2016.08.18 02:40:20.909,1.45069,1.45089,1.00,1.12
2016.08.18 02:40:21.113,1.45069,1.45091,1.00,1.87
2016.08.18 02:40:21.164,1.45069,1.45091,1.05,1.50
2016.08.18 02:40:21.216,1.45072,1.45092,1.00,1.12
2016.08.18 02:40:21.269,1.45072,1.45092,1.05,1.12
2016.08.18 02:40:21.364,1.45073,1.45092,1.05,1.00
2016.08.18 02:40:22.024,1.45069,1.45092,1.55,1.00
2016.08.18 02:40:22.076,1.45071,1.45092,1.06,1.00
2016.08.18 02:40:22.179,1.4507,1.45091,1.05,1.00
2016.08.18 02:40:22.281,1.45071,1.45091,1.06,1.00
2016.08.18 02:40:22.383,1.4507,1.45091,1.05,1.00
2016.08.18 02:40:23.357,1.4507,1.4509,1.05,1.00
2016.08.18 02:40:23.839,1.4507,1.4509,1.05,1.50
2016.08.18 02:40:24.094,1.4507,1.4509,1.05,1.00
2016.08.18 02:40:24.950,1.4507,1.4509,1.06,1.00
2016.08.18 02:40:25.744,1.4507,1.45091,1.06,1.00
2016.08.18 02:40:25.871,1.4507,1.45091,1.06,1.50
2016.08.18 02:40:26.652,1.4507,1.4509,1.06,1.00
2016.08.18 02:40:27.002,1.4507,1.45089,1.00,1.00
2016.08.18 02:40:27.053,1.45072,1.45091,1.00,1.00
2016.08.18 02:40:27.155,1.4507,1.4509,1.00,1.00
2016.08.18 02:40:27.206,1.4507,1.4509,1.00,1.00
2016.08.18 02:40:27.258,1.45068,1.4509,1.00,1.00
2016.08.18 02:40:27.360,1.45066,1.4509,1.55,1.50
2016.08.18 02:40:27.411,1.45066,1.4509,1.05,1.50
2016.08.18 02:40:27.514,1.45065,1.45088,1.05,1.00
2016.08.18 02:40:28.144,1.45066,1.45089,1.05,1.00
2016.08.18 02:40:28.195,1.45066,1.45089,1.05,1.00
2016.08.18 02:40:30.602,1.45066,1.45089,1.05,1.00
2016.08.18 02:40:31.208,1.45066,1.45089,1.05,1.00
2016.08.18 02:40:32.175,1.45066,1.45089,1.05,1.00
2016.08.18 02:40:32.278,1.45067,1.4509,1.05,1.50
2016.08.18 02:40:32.611,1.45067,1.4509,1.05,1.00
2016.08.18 02:40:33.568,1.45067,1.4509,1.05,1.50
2016.08.18 02:40:33.722,1.45067,1.4509,1.55,1.50
2016.08.18 02:40:34.016,1.45067,1.4509,1.55,1.00
2016.08.18 02:40:34.115,1.45066,1.45091,1.05,1.50
2016.08.18 02:40:34.167,1.45066,1.45089,1.05,1.00
2016.08.18 02:40:34.528,1.45066,1.4509,1.05,1.50
2016.08.18 02:40:34.876,1.45065,1.4509,1.05,2.25
2016.08.18 02:40:34.929,1.45065,1.45089,1.05,1.00
2016.08.18 02:40:35.489,1.45065,1.4509,1.05,2.25
2016.08.18 02:40:35.758,1.45065,1.4509,1.05,3.00
2016.08.18 02:40:36.012,1.45065,1.4509,1.05,2.62
2016.08.18 02:40:36.063,1.45065,1.4509,1.05,1.87
2016.08.18 02:40:36.165,1.45065,1.4509,1.05,2.62
2016.08.18 02:40:36.599,1.45065,1.4509,1.05,1.50
2016.08.18 02:40:37.008,1.45066,1.4509,1.05,1.00
2016.08.18 02:40:37.445,1.45066,1.4509,1.31,1.00
2016.08.18 02:40:37.806,1.45066,1.4509,1.31,1.50
2016.08.18 02:40:38.546,1.45066,1.4509,1.31,3.00
2016.08.18 02:40:38.648,1.45066,1.45089,1.31,1.00
2016.08.18 02:40:39.359,1.45066,1.4509,1.31,3.00
2016.08.18 02:40:39.463,1.45066,1.4509,1.31,2.25
2016.08.18 02:40:39.639,1.45065,1.45089,1.56,1.00
2016.08.18 02:40:40.430,1.45065,1.45089,1.56,1.00
2016.08.18 02:40:40.874,1.45065,1.45089,1.56,1.00
2016.08.18 02:40:40.976,1.45067,1.45088,1.00,1.00
2016.08.18 02:40:42.995,1.45067,1.45087,1.00,1.00
2016.08.18 02:40:43.640,1.45066,1.45087,1.31,1.00
2016.08.18 02:40:43.996,1.45066,1.45087,1.56,1.00
2016.08.18 02:40:48.006,1.45065,1.45087,1.56,1.00
2016.08.18 02:40:52.380,1.45065,1.45087,2.06,1.00
2016.08.18 02:40:53.944,1.45065,1.45087,1.56,1.00
2016.08.18 02:40:54.046,1.45065,1.45087,1.69,1.00
2016.08.18 02:40:54.148,1.45065,1.45087,1.56,1.00
2016.08.18 02:40:55.088,1.45067,1.45087,1.00,1.00
2016.08.18 02:40:57.048,1.45066,1.45087,1.56,1.00
2016.08.18 02:40:58.867,1.45066,1.45087,1.00,1.87
2016.08.18 02:40:58.919,1.45063,1.45086,2.06,1.00
2016.08.18 02:40:58.971,1.45063,1.45086,1.56,1.50
2016.08.18 02:40:59.074,1.45063,1.45086,1.56,1.12
2016.08.18 02:40:59.125,1.45063,1.45086,1.56,1.87
2016.08.18 02:40:59.176,1.45064,1.45086,1.56,1.12
2016.08.18 02:40:59.278,1.45064,1.45086,1.56,1.50
2016.08.18 02:40:59.584,1.45064,1.45086,1.56,1.00
2016.08.18 02:41:00.116,1.45065,1.45087,1.56,1.00
2016.08.18 02:41:00.637,1.45065,1.45087,1.56,1.00
2016.08.18 02:41:01.187,1.45066,1.45088,1.56,1.00
2016.08.18 02:41:02.607,1.45063,1.45088,1.56,1.00
2016.08.18 02:41:02.689,1.45063,1.45088,2.06,1.00
2016.08.18 02:41:03.260,1.45063,1.45088,1.56,1.00
2016.08.18 02:41:04.611,1.45065,1.45087,1.56,1.00
2016.08.18 02:41:05.441,1.45063,1.45086,1.56,1.00
2016.08.18 02:41:08.295,1.45063,1.45086,1.56,1.00
2016.08.18 02:41:09.536,1.45062,1.45089,2.06,3.00
2016.08.18 02:41:09.587,1.45064,1.45089,1.56,3.00
2016.08.18 02:41:09.638,1.45064,1.45089,1.56,2.25
2016.08.18 02:41:10.178,1.45065,1.45089,1.56,2.25
2016.08.18 02:41:10.817,1.45065,1.45089,1.56,1.50
2016.08.18 02:41:12.386,1.45065,1.45089,2.06,1.50
2016.08.18 02:41:13.046,1.45065,1.45089,2.06,2.25
2016.08.18 02:41:13.149,1.45065,1.45089,2.06,1.50
2016.08.18 02:41:14.146,1.45065,1.45089,1.56,1.50
2016.08.18 02:41:14.797,1.45066,1.45089,1.31,1.50
2016.08.18 02:41:15.749,1.45066,1.45089,1.31,1.50
2016.08.18 02:41:15.801,1.45066,1.45089,1.00,1.50
2016.08.18 02:41:15.903,1.45066,1.45088,1.00,1.00
2016.08.18 02:41:15.954,1.45066,1.45088,1.00,1.50
2016.08.18 02:41:16.348,1.45066,1.45088,1.00,1.37
2016.08.18 02:41:16.400,1.45066,1.45088,1.00,1.00
2016.08.18 02:41:19.317,1.45069,1.4509,1.00,1.00
2016.08.18 02:41:19.369,1.45069,1.4509,1.00,1.00
2016.08.18 02:41:19.420,1.45068,1.45092,1.00,3.94
2016.08.18 02:41:19.524,1.45067,1.45091,1.00,1.69
2016.08.18 02:41:20.115,1.45067,1.45091,1.00,1.69
2016.08.18 02:41:20.450,1.45067,1.45091,1.00,3.19
2016.08.18 02:41:20.604,1.45067,1.45091,1.00,2.62
2016.08.18 02:41:20.655,1.45067,1.45091,1.00,2.62
2016.08.18 02:41:20.757,1.45067,1.4509,1.00,1.00
2016.08.18 02:41:21.110,1.45067,1.45089,1.00,1.31
2016.08.18 02:41:21.161,1.45064,1.45087,1.00,1.00
2016.08.18 02:41:21.518,1.45061,1.45086,2.25,1.12
2016.08.18 02:41:21.570,1.45063,1.45087,1.00,2.25
2016.08.18 02:41:21.621,1.45063,1.45087,1.37,1.50
2016.08.18 02:41:21.672,1.45063,1.45089,1.87,3.75
2016.08.18 02:41:21.723,1.45065,1.45089,1.00,2.62
2016.08.18 02:41:21.775,1.45068,1.4509,1.00,1.00
2016.08.18 02:41:22.796,1.45067,1.4509,1.00,1.00
2016.08.18 02:41:24.072,1.45067,1.4509,1.00,1.00
2016.08.18 02:41:24.123,1.45066,1.45089,1.00,1.00
2016.08.18 02:41:24.438,1.45068,1.45089,1.00,1.00
2016.08.18 02:41:24.655,1.45068,1.4509,1.00,1.50
2016.08.18 02:41:24.706,1.45069,1.4509,1.00,1.50
2016.08.18 02:41:24.757,1.45071,1.45092,1.00,1.87
2016.08.18 02:41:25.125,1.45071,1.45092,1.00,1.00
2016.08.18 02:41:25.681,1.45071,1.4509,1.00,1.00
2016.08.18 02:41:26.285,1.45071,1.45091,1.00,1.00
2016.08.18 02:41:26.790,1.45071,1.45092,1.00,1.00
2016.08.18 02:41:27.350,1.45071,1.45092,1.00,1.00
2016.08.18 02:41:27.588,1.45071,1.4509,1.00,1.00
2016.08.18 02:41:27.911,1.45067,1.4509,1.00,1.50
2016.08.18 02:41:28.380,1.45067,1.4509,1.00,1.00
2016.08.18 02:41:30.963,1.45067,1.45089,1.00,1.00
2016.08.18 02:41:32.617,1.45065,1.45089,2.25,1.00
2016.08.18 02:41:32.951,1.45065,1.45089,1.50,1.00
2016.08.18 02:41:33.501,1.45067,1.45089,1.00,1.00
2016.08.18 02:41:35.186,1.45067,1.45089,1.00,1.12
2016.08.18 02:41:38.746,1.45067,1.45088,1.00,1.00
2016.08.18 02:41:38.798,1.45066,1.45088,1.00,1.00
2016.08.18 02:41:38.900,1.45065,1.45088,1.50,1.00
2016.08.18 02:41:40.367,1.45065,1.45087,1.00,1.00
2016.08.18 02:41:40.891,1.45065,1.45088,1.00,1.00
2016.08.18 02:41:41.777,1.45065,1.45086,1.00,1.00
2016.08.18 02:41:41.879,1.45064,1.45086,1.00,1.00
2016.08.18 02:41:42.084,1.45064,1.45086,1.00,1.12
2016.08.18 02:41:42.802,1.45063,1.45087,1.50,1.50
2016.08.18 02:41:43.128,1.45063,1.45086,1.00,1.12
2016.08.18 02:41:43.208,1.45065,1.45088,1.00,2.62
2016.08.18 02:41:43.259,1.45065,1.45088,1.00,2.25
2016.08.18 02:41:43.310,1.45066,1.45088,1.00,1.75
2016.08.18 02:41:43.413,1.45064,1.45089,1.50,3.00
2016.08.18 02:41:43.465,1.45064,1.45089,2.25,3.00
2016.08.18 02:41:43.517,1.45066,1.45089,1.00,2.25
2016.08.18 02:41:43.569,1.45066,1.45089,1.00,1.37
2016.08.18 02:41:43.620,1.45063,1.45089,3.00,1.12
2016.08.18 02:41:43.951,1.45064,1.45089,1.00,1.87
2016.08.18 02:41:44.104,1.45064,1.45089,1.00,1.12
2016.08.18 02:41:44.231,1.45064,1.45089,1.50,1.12
2016.08.18 02:41:44.486,1.45064,1.45089,1.50,1.50
2016.08.18 02:41:44.588,1.45064,1.45088,1.50,1.00
2016.08.18 02:41:44.639,1.45064,1.45088,1.50,1.50
2016.08.18 02:41:44.844,1.45065,1.45088,1.00,1.50
2016.08.18 02:41:44.896,1.45064,1.45088,1.50,1.50
2016.08.18 02:41:45.196,1.45064,1.45088,1.00,1.50
2016.08.18 02:41:45.511,1.45063,1.45085,1.00,1.00
2016.08.18 02:41:45.919,1.45061,1.45085,1.00,1.75
2016.08.18 02:41:45.970,1.45061,1.45085,1.00,2.25
2016.08.18 02:41:46.963,1.45061,1.45085,1.00,3.00
2016.08.18 02:41:47.518,1.45061,1.45085,1.00,3.00
2016.08.18 02:41:47.571,1.45061,1.45084,1.00,1.50
2016.08.18 02:41:47.622,1.45059,1.45084,1.00,2.25
2016.08.18 02:41:50.093,1.45061,1.45084,1.00,1.75
2016.08.18 02:41:50.641,1.45061,1.45085,1.00,1.75
2016.08.18 02:41:51.004,1.45061,1.45085,1.00,1.50
2016.08.18 02:41:51.106,1.4506,1.45084,1.00,1.12
2016.08.18 02:41:53.525,1.4506,1.45085,1.00,1.50
2016.08.18 02:41:53.627,1.45061,1.45086,1.00,3.00
2016.08.18 02:41:53.679,1.45061,1.45086,1.00,1.87
2016.08.18 02:41:53.731,1.45063,1.45087,1.00,2.25
2016.08.18 02:41:53.782,1.45063,1.45087,1.00,1.50
2016.08.18 02:41:53.833,1.45063,1.45087,1.00,1.87
2016.08.18 02:41:53.885,1.45063,1.45087,1.00,1.37
2016.08.18 02:41:54.039,1.45064,1.45087,1.00,1.37
2016.08.18 02:41:54.142,1.45064,1.45088,1.00,2.62
2016.08.18 02:41:54.460,1.45064,1.45088,1.00,1.87
2016.08.18 02:41:54.511,1.45064,1.45088,1.00,1.75
2016.08.18 02:41:54.613,1.45064,1.45088,1.00,1.00
2016.08.18 02:41:54.715,1.45064,1.4509,1.00,2.62
2016.08.18 02:41:54.812,1.45065,1.4509,1.00,3.00
2016.08.18 02:41:54.864,1.45065,1.4509,1.00,2.25
2016.08.18 02:41:54.915,1.45068,1.45091,1.00,2.62
2016.08.18 02:41:54.967,1.45068,1.45091,1.00,1.50
2016.08.18 02:41:55.018,1.45068,1.45091,1.00,1.50
2016.08.18 02:41:55.350,1.45068,1.45089,1.00,1.00
2016.08.18 02:41:55.402,1.45066,1.45087,1.00,1.00
2016.08.18 02:41:55.810,1.45063,1.45085,3.00,1.00
2016.08.18 02:41:55.862,1.45063,1.45085,1.00,1.12
2016.08.18 02:41:56.022,1.45061,1.45085,1.00,1.12
2016.08.18 02:41:56.226,1.45061,1.45085,1.00,1.50
2016.08.18 02:41:56.277,1.45061,1.45085,1.00,2.25
2016.08.18 02:41:56.670,1.45061,1.45082,1.00,1.00
2016.08.18 02:41:56.824,1.45061,1.45084,1.00,1.00
2016.08.18 02:41:57.352,1.45062,1.45084,1.00,1.00
2016.08.18 02:41:59.012,1.45062,1.45085,1.50,2.25
2016.08.18 02:41:59.329,1.45062,1.45085,1.00,2.25
2016.08.18 02:41:59.432,1.4506,1.45085,1.50,2.25
2016.08.18 02:41:59.867,1.4506,1.45085,1.50,1.87
2016.08.18 02:41:59.969,1.4506,1.45085,1.50,1.12
2016.08.18 02:42:00.850,1.45062,1.45085,1.00,1.00
2016.08.18 02:42:00.952,1.45062,1.45086,1.00,3.00
2016.08.18 02:42:01.322,1.45062,1.45086,1.00,2.25
2016.08.18 02:42:01.703,1.45064,1.45086,1.00,1.50
2016.08.18 02:42:01.989,1.45064,1.45085,1.00,1.00
2016.08.18 02:42:02.076,1.45065,1.45085,1.00,1.12
2016.08.18 02:42:02.178,1.45065,1.45085,1.00,1.50
2016.08.18 02:42:02.230,1.45065,1.45086,1.00,1.75
2016.08.18 02:42:02.332,1.45063,1.45085,1.00,1.50
2016.08.18 02:42:02.383,1.45063,1.45085,1.00,1.37
2016.08.18 02:42:02.435,1.45062,1.45085,1.00,1.87
2016.08.18 02:42:02.537,1.4506,1.45085,1.00,1.37
2016.08.18 02:42:02.588,1.4506,1.45084,1.00,1.12
2016.08.18 02:42:02.941,1.45063,1.45085,1.00,1.12
2016.08.18 02:42:02.996,1.45063,1.45085,1.00,1.00
2016.08.18 02:42:03.047,1.45063,1.45085,1.00,1.12
2016.08.18 02:42:04.187,1.45062,1.45084,1.00,1.12
2016.08.18 02:42:04.394,1.45062,1.45083,1.00,1.00
2016.08.18 02:42:04.445,1.45061,1.45083,1.00,1.50
2016.08.18 02:42:04.548,1.45062,1.45083,1.00,1.12
2016.08.18 02:42:04.913,1.4506,1.45083,1.00,1.87
2016.08.18 02:42:05.484,1.45061,1.45083,1.00,1.87
2016.08.18 02:42:05.536,1.45061,1.45083,1.00,1.12
2016.08.18 02:42:07.010,1.45061,1.45083,1.00,1.12
2016.08.18 02:42:09.062,1.4506,1.45081,1.00,1.00
2016.08.18 02:42:09.114,1.4506,1.4508,1.00,1.00
2016.08.18 02:42:09.166,1.45057,1.45078,1.00,1.00
2016.08.18 02:42:09.218,1.45057,1.45077,1.56,1.00
2016.08.18 02:42:09.825,1.45056,1.45079,1.56,1.50
2016.08.18 02:42:09.876,1.45056,1.45079,1.56,1.50
2016.08.18 02:42:09.928,1.45056,1.4508,1.56,2.25
2016.08.18 02:42:10.030,1.45056,1.45082,2.06,2.25
2016.08.18 02:42:10.081,1.45056,1.45082,2.81,1.75
2016.08.18 02:42:10.133,1.45062,1.45083,1.56,2.62
2016.08.18 02:42:10.185,1.45062,1.45083,1.56,1.75
2016.08.18 02:42:10.237,1.45066,1.45086,1.56,1.87
2016.08.18 02:42:10.288,1.45066,1.45086,1.56,1.75
2016.08.18 02:42:10.390,1.45066,1.45088,1.56,2.25
2016.08.18 02:42:10.543,1.45066,1.45088,1.56,1.87
2016.08.18 02:42:10.876,1.45065,1.45088,1.56,1.50
2016.08.18 02:42:11.256,1.45066,1.45088,1.56,1.00
2016.08.18 02:42:11.358,1.45065,1.45088,1.56,1.50
2016.08.18 02:42:12.180,1.45066,1.45088,1.56,1.50
2016.08.18 02:42:12.231,1.45064,1.45088,1.12,1.50
2016.08.18 02:42:14.436,1.45065,1.45088,1.00,1.50
2016.08.18 02:42:16.068,1.45064,1.45087,1.12,1.00
2016.08.18 02:42:16.120,1.45064,1.45087,1.12,1.12
2016.08.18 02:42:17.278,1.45064,1.45087,1.12,1.00
2016.08.18 02:42:18.096,1.45064,1.45087,1.12,1.12
2016.08.18 02:42:18.370,1.45063,1.45087,1.50,1.12
2016.08.18 02:42:18.574,1.45062,1.45083,1.75,1.00
2016.08.18 02:42:18.626,1.45061,1.45083,1.75,1.00
2016.08.18 02:42:18.678,1.45059,1.45083,3.00,1.50
2016.08.18 02:42:18.729,1.45059,1.45083,2.62,1.87
2016.08.18 02:42:18.780,1.45057,1.45083,1.87,2.25
2016.08.18 02:42:18.832,1.45058,1.45083,1.00,2.25
2016.08.18 02:42:19.779,1.45059,1.45083,1.00,2.25
2016.08.18 02:42:20.534,1.45059,1.45083,1.00,1.75
2016.08.18 02:42:21.376,1.45059,1.45083,1.00,1.75
2016.08.18 02:42:23.709,1.45059,1.45084,1.00,2.25
2016.08.18 02:42:23.760,1.45061,1.45084,1.00,1.75
2016.08.18 02:42:24.637,1.45061,1.45085,1.50,2.25
2016.08.18 02:42:24.689,1.45064,1.45085,1.00,1.75
2016.08.18 02:42:25.054,1.45072,1.45089,1.00,1.37
2016.08.18 02:42:25.105,1.45072,1.45093,1.00,1.50
2016.08.18 02:42:25.156,1.45071,1.45095,1.00,2.25
2016.08.18 02:42:25.258,1.45071,1.45096,1.00,3.75
2016.08.18 02:42:25.360,1.45072,1.45096,1.00,3.00
2016.08.18 02:42:25.513,1.45072,1.45096,1.00,1.75
2016.08.18 02:42:26.126,1.45072,1.45096,1.00,2.25
2016.08.18 02:42:26.177,1.45072,1.45095,1.00,1.75
2016.08.18 02:42:26.683,1.45073,1.45095,1.00,1.75
2016.08.18 02:42:27.899,1.45073,1.45098,1.00,1.75
2016.08.18 02:42:27.955,1.45073,1.45097,1.50,1.00
2016.08.18 02:42:28.021,1.45073,1.45097,2.25,1.00
2016.08.18 02:42:28.072,1.45073,1.45098,2.62,1.37
2016.08.18 02:42:28.124,1.45073,1.45098,3.00,1.00
2016.08.18 02:42:28.175,1.45073,1.45096,2.25,1.00
2016.08.18 02:42:28.227,1.45072,1.45096,1.87,1.12
2016.08.18 02:42:28.278,1.45072,1.45096,1.00,1.87
2016.08.18 02:42:28.329,1.4507,1.45096,3.82,1.87
2016.08.18 02:42:28.381,1.4507,1.45093,1.57,1.00
2016.08.18 02:42:28.671,1.45069,1.45093,1.00,1.75
2016.08.18 02:42:28.724,1.45069,1.45094,1.50,1.12
2016.08.18 02:42:28.776,1.45069,1.45093,1.50,1.75
2016.08.18 02:42:28.879,1.45069,1.45095,1.00,2.25
2016.08.18 02:42:28.930,1.45068,1.45095,3.37,1.75
2016.08.18 02:42:28.982,1.45068,1.45095,3.75,1.50
2016.08.18 02:42:29.033,1.45068,1.45095,3.00,1.50
2016.08.18 02:42:29.084,1.45068,1.45095,2.25,2.25
2016.08.18 02:42:29.237,1.45069,1.45095,1.12,2.25
2016.08.18 02:42:29.390,1.45069,1.45095,1.12,1.50
2016.08.18 02:42:29.678,1.4507,1.45094,1.00,1.12
2016.08.18 02:42:29.729,1.4507,1.45094,1.00,1.87
2016.08.18 02:42:29.850,1.4507,1.45094,1.00,2.62
2016.08.18 02:42:29.952,1.4507,1.45093,1.00,1.00
2016.08.18 02:42:30.054,1.45069,1.45093,1.12,1.50
2016.08.18 02:42:30.156,1.45069,1.45093,1.12,1.50
2016.08.18 02:42:30.208,1.45069,1.45091,1.12,1.00
2016.08.18 02:42:30.259,1.45066,1.45087,1.75,1.00
2016.08.18 02:42:30.310,1.45064,1.45087,2.25,1.00
2016.08.18 02:42:30.362,1.45065,1.45087,1.00,1.00
2016.08.18 02:42:30.413,1.45064,1.45087,1.87,1.12
2016.08.18 02:42:30.715,1.45064,1.45089,1.00,2.25
2016.08.18 02:42:31.040,1.45064,1.45089,1.50,2.25
2016.08.18 02:42:31.142,1.45065,1.45089,1.00,1.75
2016.08.18 02:42:31.193,1.45065,1.45088,1.50,1.50
2016.08.18 02:42:31.346,1.45065,1.45088,2.25,1.50
2016.08.18 02:42:31.655,1.45068,1.4509,1.00,1.00
2016.08.18 02:42:32.196,1.45068,1.45092,1.00,1.87
2016.08.18 02:42:32.247,1.45068,1.45092,1.00,1.12
2016.08.18 02:42:32.298,1.45068,1.45092,1.50,1.12
2016.08.18 02:42:32.349,1.45068,1.45092,1.50,1.12
2016.08.18 02:42:32.400,1.45068,1.4509,1.50,1.00
2016.08.18 02:42:32.502,1.45068,1.4509,1.00,1.00
2016.08.18 02:42:32.662,1.45068,1.45092,1.00,1.12
2016.08.18 02:42:33.045,1.45068,1.45092,1.00,1.12
2016.08.18 02:42:34.015,1.45068,1.45092,1.00,1.12
2016.08.18 02:42:34.392,1.45068,1.4509,1.00,1.00
2016.08.18 02:42:36.215,1.45065,1.45087,1.12,1.00
2016.08.18 02:42:36.318,1.45065,1.45087,1.00,1.00
2016.08.18 02:42:37.078,1.45066,1.45088,1.00,1.00
2016.08.18 02:42:37.282,1.45066,1.45088,1.56,1.00
2016.08.18 02:42:37.854,1.45065,1.45087,1.56,1.00
2016.08.18 02:42:37.941,1.45065,1.45087,1.56,1.00
2016.08.18 02:42:38.302,1.45064,1.45087,1.69,1.00
2016.08.18 02:42:38.464,1.45065,1.45087,1.56,1.00
2016.08.18 02:42:41.200,1.45063,1.45087,2.81,1.00
2016.08.18 02:42:41.502,1.45063,1.45087,2.06,1.00
2016.08.18 02:42:41.553,1.45065,1.45087,1.56,1.00
2016.08.18 02:42:41.833,1.45065,1.45087,2.06,1.00
2016.08.18 02:42:41.884,1.45066,1.45088,1.31,1.00
2016.08.18 02:42:42.775,1.45066,1.45088,1.56,1.00
2016.08.18 02:42:42.980,1.45069,1.45091,1.00,2.25
2016.08.18 02:42:43.356,1.4507,1.45092,2.06,1.50
2016.08.18 02:42:43.408,1.4507,1.45093,1.56,1.75
2016.08.18 02:42:43.510,1.4507,1.45094,2.06,2.25
2016.08.18 02:42:43.562,1.4507,1.45094,1.56,2.25
2016.08.18 02:42:44.071,1.45071,1.45094,1.56,2.25
2016.08.18 02:42:44.123,1.4507,1.45093,1.56,1.75
2016.08.18 02:42:44.454,1.45067,1.45089,2.06,1.00
2016.08.18 02:42:44.505,1.45067,1.45087,1.56,1.00
2016.08.18 02:42:44.608,1.45065,1.45087,2.81,1.00
2016.08.18 02:42:44.659,1.45065,1.45087,2.44,1.00
2016.08.18 02:42:44.710,1.45066,1.45088,1.56,1.12
2016.08.18 02:42:45.869,1.45064,1.45086,1.56,1.00
2016.08.18 02:42:46.226,1.45065,1.45087,1.56,1.00
2016.08.18 02:42:46.277,1.45065,1.45087,2.06,1.00
2016.08.18 02:42:46.379,1.45065,1.45087,2.06,1.00
2016.08.18 02:42:46.430,1.45066,1.45089,1.56,1.50
2016.08.18 02:42:46.685,1.45066,1.45088,1.56,1.12
2016.08.18 02:42:47.802,1.45065,1.45087,2.06,1.00
2016.08.18 02:42:47.904,1.45065,1.45086,1.56,1.00
2016.08.18 02:42:48.396,1.45066,1.4509,1.56,3.00
2016.08.18 02:42:48.447,1.45066,1.4509,1.56,3.37
2016.08.18 02:42:48.498,1.45068,1.4509,2.06,1.87
2016.08.18 02:42:48.550,1.45068,1.4509,2.06,1.37
2016.08.18 02:42:48.652,1.45068,1.4509,2.06,1.00
2016.08.18 02:42:48.754,1.45068,1.4509,2.06,1.12
2016.08.18 02:42:48.806,1.45069,1.4509,1.56,1.12
2016.08.18 02:42:48.857,1.45069,1.4509,1.00,1.12
2016.08.18 02:42:49.180,1.45069,1.45087,1.00,1.00
2016.08.18 02:42:49.233,1.45067,1.45087,1.31,1.00
2016.08.18 02:42:49.286,1.45067,1.45087,1.00,1.00
2016.08.18 02:42:49.339,1.45064,1.45086,1.31,1.00
2016.08.18 02:42:49.392,1.45064,1.45086,1.00,1.00
2016.08.18 02:42:49.443,1.45064,1.45086,1.00,1.12
2016.08.18 02:42:49.494,1.45063,1.45085,1.00,1.50
2016.08.18 02:42:49.545,1.45063,1.45085,1.00,1.87
2016.08.18 02:42:49.895,1.45063,1.45084,1.00,1.00
2016.08.18 02:42:49.947,1.45062,1.45084,1.00,1.50
2016.08.18 02:42:50.474,1.45063,1.45086,1.56,3.00
2016.08.18 02:42:50.525,1.45063,1.45086,1.56,2.25
2016.08.18 02:42:50.780,1.45063,1.45086,1.56,2.25
2016.08.18 02:42:50.831,1.45063,1.45086,1.56,1.50
2016.08.18 02:42:51.270,1.45063,1.45086,1.56,1.00
2016.08.18 02:42:51.322,1.45064,1.45088,1.56,2.25
2016.08.18 02:42:51.424,1.45063,1.45087,1.56,1.00
2016.08.18 02:42:51.843,1.45063,1.45087,2.06,1.00
2016.08.18 02:42:51.894,1.45065,1.45088,1.31,1.00
2016.08.18 02:42:52.149,1.45065,1.45088,1.31,1.00
2016.08.18 02:42:52.306,1.45065,1.45088,1.31,1.00
2016.08.18 02:42:52.971,1.45066,1.45088,1.25,1.00
2016.08.18 02:42:53.022,1.45066,1.45088,1.00,1.00
2016.08.18 02:42:53.883,1.45066,1.45088,1.56,1.00
2016.08.18 02:42:54.621,1.45067,1.45088,1.56,1.00
2016.08.18 02:42:58.501,1.45067,1.45089,1.56,1.37
2016.08.18 02:42:58.552,1.45067,1.45089,1.56,1.00
2016.08.18 02:42:59.606,1.45067,1.45089,1.25,1.00
2016.08.18 02:43:01.256,1.45069,1.45091,1.00,1.12
2016.08.18 02:43:01.307,1.45069,1.45091,1.31,1.12
2016.08.18 02:43:01.620,1.4507,1.45093,1.25,2.25
2016.08.18 02:43:01.671,1.4507,1.45093,1.25,1.75
2016.08.18 02:43:01.722,1.4507,1.45093,1.25,2.25
2016.08.18 02:43:02.087,1.4507,1.45093,1.25,2.62
2016.08.18 02:43:02.240,1.4507,1.45091,1.25,1.12
2016.08.18 02:43:05.818,1.4507,1.45091,1.25,1.50
2016.08.18 02:43:06.001,1.4507,1.45091,1.25,1.12
2016.08.18 02:43:06.423,1.4507,1.45092,1.25,1.87
2016.08.18 02:43:06.474,1.4507,1.45092,1.56,1.87
2016.08.18 02:43:06.525,1.45071,1.45093,1.56,1.87
2016.08.18 02:43:07.169,1.45071,1.45092,1.69,1.12
2016.08.18 02:43:07.221,1.45074,1.45093,1.00,1.00
2016.08.18 02:43:07.746,1.45073,1.45092,1.00,1.00
2016.08.18 02:43:11.193,1.45073,1.45092,1.25,1.00
2016.08.18 02:43:12.960,1.45073,1.45093,1.25,1.00
2016.08.18 02:43:15.206,1.45073,1.45092,1.25,1.00
2016.08.18 02:43:18.779,1.45073,1.45093,1.25,1.00
2016.08.18 02:43:19.109,1.45076,1.45095,1.00,1.00
2016.08.18 02:43:19.160,1.45076,1.45096,1.00,1.12
2016.08.18 02:43:19.262,1.45076,1.45095,1.00,1.00
2016.08.18 02:43:19.983,1.45072,1.45093,2.06,1.00
2016.08.18 02:43:20.035,1.45072,1.45093,1.31,1.37
2016.08.18 02:43:20.086,1.45071,1.45092,1.00,1.12
2016.08.18 02:43:20.693,1.4507,1.45092,1.00,1.12
2016.08.18 02:43:20.939,1.4507,1.4509,1.00,1.00
2016.08.18 02:43:22.203,1.45067,1.45089,1.31,1.12
2016.08.18 02:43:22.286,1.45067,1.45089,1.00,1.12
2016.08.18 02:43:22.490,1.45068,1.45088,1.00,1.00
2016.08.18 02:43:22.592,1.45068,1.45089,1.00,1.12
2016.08.18 02:43:22.883,1.45068,1.45087,1.00,1.00
2016.08.18 02:43:24.664,1.45068,1.45088,1.00,1.00
2016.08.18 02:43:25.193,1.45068,1.45088,1.25,1.00
2016.08.18 02:43:26.966,1.45068,1.45085,1.25,1.00
2016.08.18 02:43:28.207,1.45068,1.45085,1.00,1.00
2016.08.18 02:43:28.896,1.45068,1.45088,1.00,1.00
2016.08.18 02:43:32.487,1.45069,1.45088,1.00,1.00
2016.08.18 02:43:33.254,1.45068,1.45088,1.00,1.00
2016.08.18 02:43:42.677,1.45069,1.45089,1.00,1.12
2016.08.18 02:43:43.128,1.45067,1.45089,1.00,1.12
2016.08.18 02:43:43.180,1.45067,1.45088,1.00,1.00
2016.08.18 02:43:43.955,1.45068,1.45088,1.00,1.00
2016.08.18 02:43:44.122,1.45067,1.45088,1.00,1.50
2016.08.18 02:43:44.307,1.45068,1.45088,1.00,1.00
2016.08.18 02:43:45.064,1.45068,1.45089,1.00,1.87
2016.08.18 02:43:46.444,1.45066,1.45089,1.00,1.87
2016.08.18 02:43:46.495,1.45066,1.45086,1.00,1.00
2016.08.18 02:43:46.546,1.45065,1.45086,1.00,1.50
2016.08.18 02:43:46.597,1.45065,1.45086,1.00,1.12
2016.08.18 02:43:46.908,1.45066,1.45088,1.00,1.50
2016.08.18 02:43:46.959,1.45066,1.4509,1.50,2.25
2016.08.18 02:43:47.447,1.45066,1.45088,1.50,1.50
2016.08.18 02:43:48.009,1.45066,1.45089,1.50,1.75
2016.08.18 02:43:48.512,1.45066,1.45089,1.50,2.00
2016.08.18 02:43:48.715,1.45068,1.4509,1.00,3.00
2016.08.18 02:43:48.767,1.45068,1.4509,1.00,2.25
2016.08.18 02:43:48.818,1.45068,1.4509,1.50,2.25
2016.08.18 02:43:48.869,1.45068,1.4509,1.50,1.50
2016.08.18 02:43:48.920,1.45069,1.45091,1.00,1.75
2016.08.18 02:43:49.549,1.45066,1.4509,1.25,2.25
2016.08.18 02:43:49.701,1.45066,1.4509,1.25,3.00
2016.08.18 02:43:50.109,1.45066,1.4509,1.25,3.75
2016.08.18 02:43:50.218,1.45065,1.45089,1.31,1.75
2016.08.18 02:43:50.269,1.45065,1.45089,1.31,1.75
2016.08.18 02:43:50.320,1.45064,1.45089,1.56,1.75
2016.08.18 02:43:50.422,1.45063,1.45089,2.81,1.75
2016.08.18 02:43:50.690,1.45063,1.45089,2.81,2.00
2016.08.18 02:43:53.166,1.45063,1.45089,2.81,1.75
2016.08.18 02:43:54.416,1.45063,1.45089,2.06,2.25
2016.08.18 02:43:55.037,1.45066,1.45089,1.25,2.25
2016.08.18 02:43:58.393,1.45066,1.45089,1.25,2.25
2016.08.18 02:43:59.495,1.45064,1.45089,2.06,1.75
2016.08.18 02:44:01.584,1.45064,1.45089,2.81,1.75
2016.08.18 02:44:01.642,1.45064,1.45089,2.06,1.75
2016.08.18 02:44:01.742,1.45064,1.45089,2.81,1.75
2016.08.18 02:44:02.382,1.45064,1.45089,2.06,1.75
2016.08.18 02:44:02.672,1.45064,1.45089,1.56,1.75
2016.08.18 02:44:03.204,1.45064,1.45089,2.06,1.75
2016.08.18 02:44:03.306,1.45063,1.45086,1.56,1.12
2016.08.18 02:44:03.663,1.45064,1.45084,1.56,1.00
2016.08.18 02:44:04.078,1.45064,1.45083,1.56,1.00
2016.08.18 02:44:05.558,1.45065,1.45083,1.31,1.00
2016.08.18 02:44:07.177,1.45065,1.45083,1.56,1.00
2016.08.18 02:44:07.575,1.45064,1.45084,1.56,1.00
2016.08.18 02:44:09.113,1.45067,1.45086,1.25,1.00
2016.08.18 02:44:09.169,1.45066,1.45086,1.31,1.00
2016.08.18 02:44:09.271,1.45066,1.45083,1.31,1.00
2016.08.18 02:44:09.963,1.45067,1.45083,1.25,1.00
2016.08.18 02:44:11.919,1.45067,1.45084,1.25,1.00
2016.08.18 02:44:13.275,1.45069,1.45084,1.00,1.00
2016.08.18 02:44:16.484,1.45068,1.45084,1.00,1.00
2016.08.18 02:44:17.988,1.45068,1.45086,1.00,1.00
2016.08.18 02:44:18.192,1.45068,1.45084,1.00,1.00
2016.08.18 02:44:18.857,1.45069,1.45086,1.00,1.00
2016.08.18 02:44:18.909,1.45072,1.45088,1.00,1.50
2016.08.18 02:44:19.011,1.45069,1.45087,1.25,1.12
2016.08.18 02:44:19.063,1.45069,1.45087,1.00,1.12
2016.08.18 02:44:19.114,1.45068,1.45087,1.25,1.12
2016.08.18 02:44:19.216,1.45066,1.45086,1.56,1.00
2016.08.18 02:44:19.319,1.45067,1.45086,1.31,1.00
2016.08.18 02:44:19.850,1.45067,1.45085,1.31,1.00
2016.08.18 02:44:20.208,1.45067,1.45086,1.31,1.12
2016.08.18 02:44:20.259,1.45067,1.45086,1.31,1.50
2016.08.18 02:44:20.949,1.45067,1.45086,1.56,1.50
2016.08.18 02:44:21.103,1.45067,1.45085,1.56,1.00
2016.08.18 02:44:21.311,1.45068,1.45085,1.56,1.00
2016.08.18 02:44:21.414,1.45069,1.45086,1.56,1.00
2016.08.18 02:44:21.530,1.45068,1.45089,2.44,1.50
2016.08.18 02:44:21.839,1.45068,1.45087,2.06,1.00
2016.08.18 02:44:22.051,1.45068,1.45088,1.56,1.00
2016.08.18 02:44:22.103,1.45068,1.45089,1.56,2.62
2016.08.18 02:44:22.154,1.45068,1.45089,1.00,3.00
2016.08.18 02:44:22.206,1.45068,1.45088,1.00,1.12
2016.08.18 02:44:22.257,1.45068,1.45088,1.00,1.37
2016.08.18 02:44:22.308,1.45065,1.45083,1.00,1.00
2016.08.18 02:44:22.412,1.45064,1.45082,1.69,1.00
2016.08.18 02:44:22.463,1.45064,1.45082,1.31,1.00
2016.08.18 02:44:22.514,1.45065,1.45082,1.00,1.00
2016.08.18 02:44:23.302,1.45063,1.45082,1.56,1.00
2016.08.18 02:44:23.376,1.45063,1.45082,1.56,1.00
2016.08.18 02:44:23.478,1.45063,1.45082,1.31,1.00
2016.08.18 02:44:23.530,1.45064,1.45082,1.00,1.00
2016.08.18 02:44:23.987,1.45063,1.45082,1.31,1.00
2016.08.18 02:44:25.651,1.45063,1.45082,1.00,1.00
2016.08.18 02:44:28.919,1.45064,1.45082,1.00,1.00
2016.08.18 02:44:29.537,1.45063,1.45082,1.50,1.00
2016.08.18 02:44:29.590,1.45063,1.45082,2.06,1.00
2016.08.18 02:44:30.001,1.45063,1.45082,1.31,1.00
2016.08.18 02:44:30.104,1.45063,1.45083,1.31,1.12
2016.08.18 02:44:30.574,1.45063,1.45082,1.31,1.00
2016.08.18 02:44:33.707,1.45063,1.45085,1.31,1.75
2016.08.18 02:44:33.760,1.45063,1.45085,1.56,1.75
2016.08.18 02:44:33.812,1.45063,1.45083,1.56,1.12
2016.08.18 02:44:33.967,1.45063,1.45083,1.56,1.12
2016.08.18 02:44:34.221,1.45063,1.45085,1.56,1.87
2016.08.18 02:44:34.307,1.45063,1.45085,1.56,1.75
2016.08.18 02:44:34.434,1.45063,1.45083,1.56,1.12
2016.08.18 02:44:35.023,1.45064,1.45083,1.56,1.12
2016.08.18 02:44:36.652,1.45064,1.45083,1.31,1.12
2016.08.18 02:44:39.019,1.45064,1.45084,1.31,1.37
2016.08.18 02:44:39.070,1.45064,1.45084,1.31,1.00
2016.08.18 02:44:40.921,1.45063,1.45084,1.56,1.00
2016.08.18 02:44:42.357,1.45065,1.45085,1.25,1.00
2016.08.18 02:44:42.408,1.45065,1.45083,1.25,1.00
2016.08.18 02:44:42.779,1.45066,1.45085,1.00,1.00
2016.08.18 02:44:43.085,1.45068,1.45085,1.00,1.00
2016.08.18 02:44:43.187,1.45068,1.45086,1.56,1.00
2016.08.18 02:44:43.238,1.45069,1.45086,1.31,1.00
2016.08.18 02:44:43.289,1.45069,1.45086,1.56,1.00
2016.08.18 02:44:43.391,1.45069,1.45086,1.31,1.00
2016.08.18 02:44:43.807,1.45069,1.45088,1.31,1.00
2016.08.18 02:44:44.335,1.45069,1.45087,1.31,1.00
2016.08.18 02:44:45.838,1.45069,1.45087,1.31,1.50
2016.08.18 02:44:45.940,1.45071,1.45087,1.00,1.50
2016.08.18 02:44:46.603,1.45071,1.45088,1.56,1.00
2016.08.18 02:44:46.703,1.45072,1.45088,1.31,1.00
2016.08.18 02:44:46.961,1.45072,1.4509,1.31,1.00
2016.08.18 02:44:47.114,1.45072,1.4509,1.56,1.00
2016.08.18 02:44:48.714,1.45072,1.45091,1.56,1.00
2016.08.18 02:44:49.736,1.45072,1.45092,1.56,1.12
2016.08.18 02:44:49.890,1.45072,1.45092,2.06,1.12
2016.08.18 02:44:49.941,1.45074,1.45092,1.56,1.12
2016.08.18 02:44:49.993,1.45074,1.45092,1.56,1.00
2016.08.18 02:44:50.044,1.45074,1.45092,2.06,1.00
2016.08.18 02:44:50.577,1.45076,1.45093,1.56,1.00
2016.08.18 02:44:51.266,1.45073,1.45092,1.56,1.50
2016.08.18 02:44:51.317,1.45071,1.45092,3.56,1.50
2016.08.18 02:44:51.704,1.45071,1.4509,2.25,1.00
2016.08.18 02:44:51.755,1.45073,1.45092,1.00,1.00
2016.08.18 02:44:51.806,1.45073,1.45092,1.00,1.00
2016.08.18 02:44:51.857,1.45072,1.45092,1.25,1.00
2016.08.18 02:44:52.395,1.45072,1.45092,1.25,1.00
2016.08.18 02:44:52.801,1.45072,1.45092,1.25,1.50
2016.08.18 02:44:52.852,1.45071,1.4509,1.87,1.00
2016.08.18 02:44:52.903,1.45071,1.4509,1.50,1.00
2016.08.18 02:44:52.954,1.45071,1.4509,1.00,1.00
2016.08.18 02:44:53.056,1.45069,1.4509,2.06,1.00
2016.08.18 02:44:53.158,1.45069,1.45088,2.06,1.00
2016.08.18 02:44:53.251,1.45072,1.45088,1.00,1.00
2016.08.18 02:44:54.041,1.45072,1.4509,1.31,1.00
2016.08.18 02:44:54.094,1.45071,1.4509,1.56,1.00
2016.08.18 02:44:54.197,1.45072,1.4509,1.31,1.00
2016.08.18 02:44:54.300,1.45071,1.45088,1.56,1.00
2016.08.18 02:44:54.352,1.45069,1.45091,2.44,1.00
2016.08.18 02:44:54.403,1.45069,1.45091,2.06,1.12
2016.08.18 02:44:54.455,1.45069,1.45088,2.06,1.00
2016.08.18 02:44:54.557,1.45072,1.45088,1.00,1.00
2016.08.18 02:44:54.660,1.45072,1.45089,1.50,1.00
2016.08.18 02:44:55.017,1.45071,1.4509,1.00,1.00
2016.08.18 02:44:55.171,1.45072,1.4509,1.50,1.00
2016.08.18 02:44:55.681,1.45072,1.45091,1.50,1.00
2016.08.18 02:44:55.733,1.45072,1.45091,1.00,1.00
2016.08.18 02:44:56.027,1.45071,1.45089,1.12,1.00
2016.08.18 02:44:56.129,1.45071,1.45091,1.12,1.00
2016.08.18 02:44:56.181,1.45072,1.45091,1.00,1.00
2016.08.18 02:44:56.377,1.45072,1.45091,1.50,1.00
2016.08.18 02:44:56.480,1.45074,1.45091,1.00,1.00
2016.08.18 02:44:56.531,1.45074,1.45093,1.00,1.00
2016.08.18 02:45:00.213,1.45071,1.45093,1.12,1.00
2016.08.18 02:45:00.265,1.45071,1.4509,1.12,1.00
2016.08.18 02:45:00.548,1.45073,1.4509,1.00,1.00
2016.08.18 02:45:00.601,1.45074,1.45093,1.00,1.00
2016.08.18 02:45:00.754,1.45074,1.45095,1.00,1.87
2016.08.18 02:45:00.805,1.45074,1.45095,1.00,1.50
2016.08.18 02:45:00.958,1.45074,1.45094,1.00,1.00
2016.08.18 02:45:01.110,1.45073,1.45094,1.00,1.50
2016.08.18 02:45:01.652,1.45073,1.45093,1.00,1.00
2016.08.18 02:45:02.307,1.45072,1.45093,1.00,1.50
2016.08.18 02:45:02.410,1.45072,1.45093,1.00,1.87
2016.08.18 02:45:03.339,1.45072,1.45093,1.00,1.50
2016.08.18 02:45:03.494,1.45073,1.45093,1.00,1.00
2016.08.18 02:45:05.370,1.45073,1.45092,1.00,1.00
2016.08.18 02:45:05.798,1.45071,1.45092,1.00,1.87
2016.08.18 02:45:05.849,1.45071,1.45091,1.00,1.00
2016.08.18 02:45:06.358,1.45072,1.45091,1.00,1.00
2016.08.18 02:45:07.035,1.45072,1.45092,1.00,1.12
2016.08.18 02:45:08.607,1.45072,1.45092,1.00,1.50
2016.08.18 02:45:09.020,1.45072,1.45092,1.00,1.12
2016.08.18 02:45:09.121,1.45071,1.45092,1.00,1.87
2016.08.18 02:45:09.376,1.45071,1.45092,1.00,1.12
2016.08.18 02:45:09.478,1.45071,1.45092,1.00,1.87
2016.08.18 02:45:10.059,1.45071,1.45092,1.00,2.62
2016.08.18 02:45:10.111,1.45068,1.45085,1.00,1.00
2016.08.18 02:45:10.162,1.45067,1.45088,1.00,1.87
2016.08.18 02:45:10.214,1.45067,1.45088,1.00,1.12
2016.08.18 02:45:10.265,1.45067,1.45088,1.00,1.87
2016.08.18 02:45:10.367,1.45067,1.45088,1.00,2.62
2016.08.18 02:45:10.743,1.45067,1.45088,1.00,1.87
2016.08.18 02:45:10.845,1.45067,1.45088,1.00,2.25
2016.08.18 02:45:11.832,1.45065,1.45086,1.00,1.31
2016.08.18 02:45:11.887,1.45065,1.45087,1.00,2.44
2016.08.18 02:45:12.364,1.45065,1.45087,1.00,3.19
2016.08.18 02:45:15.074,1.45066,1.45087,1.00,1.50
2016.08.18 02:45:15.125,1.45065,1.45086,1.00,1.00
2016.08.18 02:45:15.525,1.45065,1.45086,1.12,1.00
2016.08.18 02:45:15.882,1.45065,1.45085,1.12,1.00
2016.08.18 02:45:15.934,1.45063,1.45085,2.44,1.00
2016.08.18 02:45:16.188,1.45063,1.45085,1.69,1.00
2016.08.18 02:45:16.453,1.45063,1.45085,1.25,1.00
2016.08.18 02:45:17.211,1.45064,1.45085,1.00,1.00
2016.08.18 02:45:17.363,1.45064,1.45086,1.37,1.00
2016.08.18 02:45:17.794,1.45063,1.45081,1.00,1.50
2016.08.18 02:45:17.846,1.45061,1.45079,1.00,1.00
2016.08.18 02:45:17.897,1.45059,1.45079,1.12,1.00
2016.08.18 02:45:17.952,1.45061,1.45084,1.00,3.37
2016.08.18 02:45:18.004,1.45061,1.45084,1.50,2.62
2016.08.18 02:45:18.079,1.45063,1.45084,1.25,1.12
2016.08.18 02:45:18.132,1.45065,1.45084,1.00,1.12
2016.08.18 02:45:18.184,1.45065,1.45087,1.31,1.12
2016.08.18 02:45:18.235,1.45065,1.45089,1.31,1.87
2016.08.18 02:45:18.555,1.45065,1.45088,1.31,1.50
2016.08.18 02:45:18.626,1.45065,1.45088,2.06,1.00
2016.08.18 02:45:18.677,1.45065,1.45087,1.31,1.12
2016.08.18 02:45:19.047,1.45065,1.45087,2.06,1.87
2016.08.18 02:45:19.451,1.45065,1.45081,2.06,1.00
2016.08.18 02:45:20.246,1.45056,1.45076,1.69,1.00
2016.08.18 02:45:20.298,1.45056,1.45076,1.56,1.00
2016.08.18 02:45:20.350,1.45057,1.45076,1.31,1.00
2016.08.18 02:45:20.656,1.45057,1.45073,1.31,1.00
2016.08.18 02:45:20.708,1.45057,1.45073,2.06,1.00
2016.08.18 02:45:20.759,1.45058,1.45075,1.00,1.00
2016.08.18 02:45:21.180,1.45055,1.45075,1.69,1.00
2016.08.18 02:45:21.232,1.45055,1.45075,1.12,1.00
2016.08.18 02:45:21.540,1.45057,1.45075,1.00,1.00
2016.08.18 02:45:21.745,1.45058,1.45076,1.00,1.00
2016.08.18 02:45:22.656,1.45059,1.45076,1.00,1.00
2016.08.18 02:45:22.725,1.4506,1.45076,1.00,1.00
2016.08.18 02:45:22.776,1.4506,1.45079,1.00,1.00
2016.08.18 02:45:23.463,1.45058,1.45075,1.00,1.00
2016.08.18 02:45:23.515,1.45058,1.45075,1.00,1.00
2016.08.18 02:45:23.747,1.45057,1.45075,1.12,1.00
2016.08.18 02:45:23.849,1.45058,1.45074,1.00,1.00
2016.08.18 02:45:23.900,1.45058,1.45076,1.00,1.00
2016.08.18 02:45:24.303,1.45058,1.45076,1.00,1.00
2016.08.18 02:45:24.892,1.45058,1.45074,1.00,1.00
2016.08.18 02:45:24.943,1.45056,1.45074,3.00,1.00
2016.08.18 02:45:25.147,1.45056,1.45074,2.25,1.00
2016.08.18 02:45:26.428,1.45056,1.45072,2.25,1.00
2016.08.18 02:45:26.771,1.45056,1.45072,1.50,1.00
2016.08.18 02:45:31.077,1.45056,1.45072,1.00,1.00
2016.08.18 02:45:31.179,1.45054,1.4507,1.50,1.00
2016.08.18 02:45:31.230,1.45053,1.4507,1.75,1.00
2016.08.18 02:45:31.282,1.45053,1.4507,1.00,1.00
2016.08.18 02:45:31.352,1.45052,1.4507,1.50,1.00
2016.08.18 02:45:40.323,1.4505,1.45067,1.50,1.00
2016.08.18 02:45:40.858,1.4505,1.45066,1.50,1.00
2016.08.18 02:45:40.960,1.45051,1.45066,1.12,1.00
2016.08.18 02:45:42.397,1.45051,1.45065,1.12,1.00
2016.08.18 02:45:42.499,1.4505,1.45065,1.50,1.00
2016.08.18 02:45:43.059,1.4505,1.45065,1.00,1.00
2016.08.18 02:45:44.130,1.45052,1.45065,1.00,1.00
2016.08.18 02:45:44.181,1.45053,1.45064,1.00,1.00
2016.08.18 02:45:44.284,1.45052,1.45064,1.50,1.00
2016.08.18 02:45:44.386,1.45052,1.45074,1.00,1.87
2016.08.18 02:45:44.701,1.45052,1.45075,1.00,2.62
2016.08.18 02:45:44.752,1.45052,1.45075,1.50,2.62
2016.08.18 02:45:44.858,1.45052,1.45074,1.50,1.12
2016.08.18 02:45:45.288,1.45052,1.45074,1.50,1.37
2016.08.18 02:45:45.339,1.45052,1.45074,1.50,1.50
2016.08.18 02:45:45.932,1.45052,1.45074,1.50,1.37
2016.08.18 02:45:46.085,1.45052,1.45074,1.50,1.00
2016.08.18 02:45:46.470,1.45052,1.45074,1.00,1.50
2016.08.18 02:45:46.572,1.45052,1.45073,1.00,1.00
2016.08.18 02:45:46.877,1.45052,1.45066,1.00,1.00
2016.08.18 02:45:47.718,1.45052,1.45065,1.00,1.00
2016.08.18 02:45:48.069,1.45051,1.45065,1.00,1.00
2016.08.18 02:45:48.612,1.4505,1.45064,1.00,1.00
2016.08.18 02:45:49.573,1.45049,1.45065,1.00,1.00
2016.08.18 02:45:54.026,1.45049,1.45066,1.50,1.00
2016.08.18 02:45:54.128,1.45049,1.45066,1.50,1.00
2016.08.18 02:45:54.230,1.4505,1.45066,1.12,1.00
2016.08.18 02:45:54.282,1.4505,1.45066,1.69,1.00
2016.08.18 02:45:54.333,1.4505,1.45066,1.69,1.00
2016.08.18 02:45:54.384,1.45051,1.45066,1.56,1.00
2016.08.18 02:45:54.834,1.45051,1.45067,1.56,1.00
2016.08.18 02:45:56.262,1.45051,1.45066,1.56,1.00
2016.08.18 02:45:56.313,1.4505,1.45066,3.94,1.00
2016.08.18 02:45:56.903,1.45054,1.45066,1.50,1.00
2016.08.18 02:45:57.005,1.45055,1.4507,1.00,1.00
2016.08.18 02:45:57.694,1.45052,1.45068,1.50,1.00
2016.08.18 02:45:58.006,1.45052,1.45065,1.50,1.00
2016.08.18 02:45:58.725,1.45053,1.45067,1.12,1.00
2016.08.18 02:45:59.046,1.45052,1.45067,1.50,1.00
2016.08.18 02:45:59.831,1.45052,1.45069,1.50,1.00
2016.08.18 02:45:59.947,1.45051,1.45069,2.25,1.00
2016.08.18 02:46:00.427,1.45053,1.45069,1.12,1.00
2016.08.18 02:46:00.650,1.45053,1.45069,1.12,1.00
2016.08.18 02:46:01.336,1.45052,1.45068,1.50,1.00
2016.08.18 02:46:07.310,1.45052,1.4507,1.50,1.00
2016.08.18 02:46:07.361,1.45053,1.4507,1.12,1.00
2016.08.18 02:46:07.540,1.45052,1.45069,1.50,1.00
2016.08.18 02:46:08.088,1.45052,1.45068,1.50,1.00
2016.08.18 02:46:08.843,1.45052,1.45068,2.25,1.00
2016.08.18 02:46:08.895,1.45052,1.45068,3.00,1.00
2016.08.18 02:46:08.946,1.45058,1.4507,1.00,1.00
2016.08.18 02:46:09.049,1.45057,1.45076,1.00,1.00
2016.08.18 02:46:09.254,1.45057,1.45076,1.50,1.00
2016.08.18 02:46:09.305,1.45058,1.45076,1.87,1.00
2016.08.18 02:46:09.598,1.45058,1.45082,1.87,2.44
2016.08.18 02:46:09.650,1.45058,1.45082,1.12,2.06
2016.08.18 02:46:09.753,1.45058,1.45075,1.12,1.00
2016.08.18 02:46:11.176,1.45058,1.45075,1.87,1.00
2016.08.18 02:46:14.027,1.4506,1.45075,1.00,1.00
2016.08.18 02:46:14.078,1.4506,1.45077,1.00,2.06
2016.08.18 02:46:14.231,1.45061,1.45077,1.00,1.31
2016.08.18 02:46:14.282,1.45061,1.45078,1.00,1.56
2016.08.18 02:46:14.333,1.45061,1.45077,1.00,1.00
2016.08.18 02:46:14.538,1.45063,1.45079,1.00,1.25
2016.08.18 02:46:14.590,1.45065,1.45079,1.00,1.25
2016.08.18 02:46:14.643,1.45065,1.4508,1.00,1.00
2016.08.18 02:46:14.930,1.45061,1.45076,1.00,1.00
2016.08.18 02:46:14.982,1.45059,1.45076,1.00,1.00
2016.08.18 02:46:15.084,1.45061,1.45076,1.00,1.00
2016.08.18 02:46:15.607,1.4506,1.45076,1.00,1.00
2016.08.18 02:46:16.353,1.4506,1.45075,1.00,1.00
2016.08.18 02:46:16.405,1.45059,1.45075,1.00,1.00
2016.08.18 02:46:16.516,1.45059,1.45075,1.00,1.56
2016.08.18 02:46:16.568,1.45058,1.45075,1.00,1.56
2016.08.18 02:46:16.797,1.45056,1.45075,1.00,1.56
2016.08.18 02:46:16.849,1.45056,1.45072,1.00,1.00
2016.08.18 02:46:16.951,1.45056,1.45072,1.00,1.00
2016.08.18 02:46:17.257,1.45056,1.45075,1.00,1.56
2016.08.18 02:46:17.910,1.45056,1.45075,1.00,1.31
2016.08.18 02:46:20.032,1.45056,1.45074,1.00,1.00
2016.08.18 02:46:20.205,1.45055,1.45074,1.12,1.00
2016.08.18 02:46:20.744,1.45055,1.45071,1.12,1.00
2016.08.18 02:46:20.897,1.45056,1.45071,1.00,1.00
2016.08.18 02:46:21.121,1.45056,1.45073,1.00,1.00
2016.08.18 02:46:21.427,1.45056,1.45071,1.00,1.00
2016.08.18 02:46:24.168,1.45055,1.45071,1.12,1.00
2016.08.18 02:46:26.022,1.45054,1.4507,1.50,1.00
2016.08.18 02:46:32.138,1.45054,1.4507,2.06,1.00
2016.08.18 02:46:32.940,1.45052,1.45069,2.06,1.00
2016.08.18 02:46:33.195,1.45053,1.4507,1.00,1.00
2016.08.18 02:46:33.298,1.45052,1.4507,2.06,1.00
2016.08.18 02:46:33.835,1.45052,1.45069,2.06,1.00
2016.08.18 02:46:34.299,1.45053,1.45069,1.00,1.00
2016.08.18 02:46:35.239,1.45052,1.45069,2.06,1.00
2016.08.18 02:46:35.914,1.45049,1.45068,2.06,1.00
2016.08.18 02:46:35.965,1.45049,1.45066,1.31,1.00
2016.08.18 02:46:36.017,1.45048,1.45066,1.56,1.00
2016.08.18 02:46:36.068,1.45047,1.45066,2.44,1.00
2016.08.18 02:46:36.120,1.45046,1.45066,1.56,1.00
2016.08.18 02:46:36.222,1.45046,1.45062,2.06,1.00
2016.08.18 02:46:36.375,1.45046,1.45066,1.69,1.00
2016.08.18 02:46:36.467,1.45046,1.45066,1.31,1.00
2016.08.18 02:46:37.048,1.45046,1.45064,1.31,1.00
2016.08.18 02:46:40.018,1.45046,1.45062,1.31,1.00
2016.08.18 02:46:43.169,1.45046,1.45064,1.31,1.00
2016.08.18 02:46:43.321,1.45047,1.45064,1.25,1.00
2016.08.18 02:46:43.423,1.45047,1.45064,1.69,1.00
2016.08.18 02:46:44.033,1.45047,1.45064,1.69,1.00
2016.08.18 02:46:44.440,1.45048,1.45064,1.25,1.00
2016.08.18 02:46:45.592,1.45048,1.45065,1.25,1.00
2016.08.18 02:46:45.695,1.45048,1.45064,1.25,1.00
2016.08.18 02:46:48.422,1.45046,1.45064,2.06,1.00
2016.08.18 02:46:50.228,1.45047,1.45064,1.69,1.00
2016.08.18 02:46:50.431,1.45046,1.45064,2.06,1.00
2016.08.18 02:46:50.903,1.45046,1.45062,1.31,1.00
2016.08.18 02:46:50.955,1.45045,1.45061,1.69,1.00
2016.08.18 02:46:51.006,1.45045,1.45061,1.69,1.00
2016.08.18 02:46:51.057,1.45044,1.4506,1.62,1.00
2016.08.18 02:46:51.108,1.45042,1.4506,2.44,1.00
2016.08.18 02:46:51.159,1.45042,1.4506,2.06,1.00
2016.08.18 02:46:55.457,1.45042,1.45059,2.06,1.00
2016.08.18 02:46:55.508,1.45042,1.45059,2.44,1.00
2016.08.18 02:46:55.559,1.45043,1.4506,1.25,1.00
2016.08.18 02:46:55.815,1.45042,1.4506,2.44,1.00
2016.08.18 02:46:55.866,1.45045,1.45061,1.50,1.00
2016.08.18 02:46:56.376,1.45045,1.45058,1.50,1.00
2016.08.18 02:46:56.748,1.45045,1.45058,2.06,1.00
2016.08.18 02:46:56.838,1.45047,1.45058,1.00,1.00
2016.08.18 02:46:56.889,1.45047,1.45058,2.25,1.00
2016.08.18 02:46:57.988,1.45047,1.45062,2.25,1.00
2016.08.18 02:46:58.039,1.45047,1.45062,3.19,1.00
2016.08.18 02:46:58.090,1.4505,1.45066,1.25,1.12
2016.08.18 02:46:58.141,1.4505,1.45066,1.19,1.00
2016.08.18 02:46:58.344,1.4505,1.45067,1.19,1.00
2016.08.18 02:46:58.942,1.4505,1.45066,1.19,1.00
2016.08.18 02:47:00.011,1.45049,1.45066,2.06,1.00
2016.08.18 02:47:04.555,1.45049,1.45066,1.31,1.00
2016.08.18 02:47:05.079,1.45049,1.45065,1.31,1.00
2016.08.18 02:47:05.517,1.45048,1.45065,3.19,1.00
2016.08.18 02:47:06.189,1.45048,1.45065,2.44,1.00
2016.08.18 02:47:06.250,1.45048,1.45065,2.25,1.00
2016.08.18 02:47:06.352,1.45048,1.45065,2.44,1.00
2016.08.18 02:47:06.878,1.45048,1.45066,2.44,1.00
2016.08.18 02:47:07.405,1.45048,1.45065,2.44,1.00
2016.08.18 02:47:08.544,1.45048,1.45065,2.44,1.00
2016.08.18 02:47:09.328,1.45048,1.45065,2.44,1.00
2016.08.18 02:47:11.768,1.45048,1.45065,2.25,1.00
2016.08.18 02:47:11.869,1.45048,1.45065,1.12,1.00
2016.08.18 02:47:11.921,1.45047,1.45064,2.62,1.00
2016.08.18 02:47:11.972,1.45047,1.45064,2.25,1.00
2016.08.18 02:47:13.287,1.45047,1.45063,2.25,1.00
2016.08.18 02:47:13.542,1.45047,1.45063,2.25,1.00
2016.08.18 02:47:14.993,1.45047,1.45063,1.50,1.00
2016.08.18 02:47:17.479,1.45047,1.45064,1.50,1.00
2016.08.18 02:47:19.687,1.45047,1.45064,2.25,1.00
2016.08.18 02:47:25.356,1.45047,1.45067,2.25,1.50
2016.08.18 02:47:31.200,1.45047,1.45067,2.25,1.87
2016.08.18 02:47:31.896,1.45038,1.4506,1.00,1.31
2016.08.18 02:47:31.947,1.45041,1.45061,1.00,1.56
2016.08.18 02:47:31.999,1.45041,1.45063,1.00,1.75
2016.08.18 02:47:32.050,1.45042,1.45064,1.00,2.00
2016.08.18 02:47:32.101,1.45041,1.45065,1.19,2.25
2016.08.18 02:47:32.152,1.45041,1.45064,1.19,1.87
2016.08.18 02:47:32.203,1.45037,1.45059,1.75,1.31
2016.08.18 02:47:32.512,1.45035,1.45057,1.37,1.31
2016.08.18 02:47:32.563,1.45034,1.45057,1.00,1.31
2016.08.18 02:47:32.717,1.45033,1.45057,1.00,2.06
2016.08.18 02:47:32.819,1.45033,1.45057,1.00,1.31
2016.08.18 02:47:32.921,1.45033,1.45056,1.00,1.00
2016.08.18 02:47:33.023,1.45033,1.45056,1.00,1.50
2016.08.18 02:47:33.469,1.45033,1.45056,1.19,1.00
2016.08.18 02:47:33.521,1.45036,1.45057,1.50,1.00
2016.08.18 02:47:33.572,1.45036,1.45058,1.50,1.00
2016.08.18 02:47:33.623,1.45036,1.45058,1.50,1.50
2016.08.18 02:47:33.674,1.45035,1.45057,1.87,1.00
2016.08.18 02:47:33.827,1.45035,1.45057,1.12,1.00
2016.08.18 02:47:34.998,1.45035,1.45057,1.12,1.25
2016.08.18 02:47:35.151,1.45035,1.45057,1.12,1.69
2016.08.18 02:47:35.203,1.45035,1.45057,1.12,2.06
2016.08.18 02:47:35.254,1.45035,1.45057,1.00,2.06
2016.08.18 02:47:36.752,1.45035,1.45057,1.00,2.06
2016.08.18 02:47:37.842,1.45034,1.45056,1.50,1.25
2016.08.18 02:47:38.006,1.45034,1.45056,1.00,1.25
2016.08.18 02:47:38.057,1.45033,1.45057,1.12,2.06
2016.08.18 02:47:38.108,1.45031,1.45056,3.19,1.25
2016.08.18 02:47:38.159,1.45032,1.45054,1.12,1.12
2016.08.18 02:47:38.210,1.45032,1.45054,1.00,1.12
2016.08.18 02:47:38.262,1.45031,1.45055,1.50,2.44
2016.08.18 02:47:38.313,1.45031,1.45055,1.69,3.00
2016.08.18 02:47:38.364,1.45033,1.45053,1.00,1.50
2016.08.18 02:47:38.466,1.45031,1.45053,1.50,1.50
2016.08.18 02:47:38.748,1.45031,1.45052,1.50,1.00
2016.08.18 02:47:38.799,1.45031,1.45052,1.19,1.00
2016.08.18 02:47:39.363,1.4503,1.45052,1.19,1.00
2016.08.18 02:47:39.568,1.4503,1.45052,1.19,1.50
2016.08.18 02:47:39.878,1.45028,1.45048,3.94,1.00
2016.08.18 02:47:40.442,1.45028,1.45048,3.19,1.00
2016.08.18 02:47:40.494,1.4503,1.45051,1.69,1.00
2016.08.18 02:47:41.648,1.45031,1.45051,1.56,1.00
2016.08.18 02:47:41.747,1.45032,1.45051,2.00,1.00
2016.08.18 02:47:42.377,1.45031,1.45051,1.94,1.00
2016.08.18 02:47:42.891,1.45031,1.45054,2.44,1.00
2016.08.18 02:47:43.006,1.45031,1.45055,3.19,1.50
2016.08.18 02:47:43.058,1.45033,1.45052,2.25,1.00
2016.08.18 02:47:43.109,1.45033,1.45052,3.00,1.00
2016.08.18 02:47:43.160,1.45033,1.45052,2.25,1.00
2016.08.18 02:47:43.213,1.45033,1.45052,2.44,1.00
2016.08.18 02:47:43.264,1.45034,1.45055,1.00,1.00
2016.08.18 02:47:43.316,1.45035,1.45055,1.00,1.00
2016.08.18 02:47:43.367,1.45035,1.45057,1.50,1.50
2016.08.18 02:47:43.470,1.45035,1.45057,1.12,1.87
2016.08.18 02:47:43.803,1.45035,1.45054,1.00,1.00
2016.08.18 02:47:43.891,1.45033,1.45052,1.00,1.00
2016.08.18 02:47:44.044,1.45033,1.45055,1.00,2.06
2016.08.18 02:47:44.095,1.45035,1.45055,1.00,1.00
2016.08.18 02:47:44.361,1.45035,1.45057,1.00,1.87
2016.08.18 02:47:44.413,1.45035,1.45057,1.00,2.62
2016.08.18 02:47:44.920,1.45034,1.45056,1.00,1.37
2016.08.18 02:47:44.972,1.45033,1.45054,1.50,1.00
2016.08.18 02:47:45.074,1.45034,1.45054,1.00,1.00
2016.08.18 02:47:45.548,1.45034,1.45054,1.00,1.50
2016.08.18 02:47:45.599,1.45034,1.45054,1.00,1.50
2016.08.18 02:47:45.751,1.45034,1.45054,1.00,1.00
2016.08.18 02:47:46.170,1.45029,1.45049,1.00,1.00
2016.08.18 02:47:46.221,1.45028,1.45049,1.50,1.00
2016.08.18 02:47:46.272,1.45029,1.45049,1.00,1.00
2016.08.18 02:47:46.375,1.45029,1.4505,1.00,1.12
2016.08.18 02:47:46.478,1.45033,1.4505,1.00,1.12
2016.08.18 02:47:46.580,1.45036,1.45055,1.00,1.00
2016.08.18 02:47:46.682,1.45031,1.45054,1.00,1.00
2016.08.18 02:47:46.985,1.4503,1.45052,1.00,1.12
2016.08.18 02:47:47.037,1.4503,1.45052,1.00,1.87
2016.08.18 02:47:47.089,1.4503,1.45052,1.00,1.87
2016.08.18 02:47:47.142,1.4503,1.45052,1.00,1.12
2016.08.18 02:47:47.586,1.4503,1.45054,1.00,1.75
2016.08.18 02:47:47.637,1.4503,1.45052,1.00,1.12
2016.08.18 02:47:48.226,1.45028,1.45049,1.69,1.00
2016.08.18 02:47:48.278,1.45031,1.45049,1.00,1.00
2016.08.18 02:47:48.330,1.45032,1.45055,1.00,1.75
2016.08.18 02:47:48.745,1.45032,1.45055,1.00,2.25
2016.08.18 02:47:49.226,1.45032,1.45055,1.00,1.75
2016.08.18 02:47:49.277,1.45032,1.45053,1.00,1.50
2016.08.18 02:47:49.481,1.45033,1.45054,1.00,1.75
2016.08.18 02:47:50.261,1.45032,1.45053,1.00,1.00
2016.08.18 02:47:51.045,1.45032,1.45053,1.00,1.00
2016.08.18 02:47:51.097,1.45028,1.45049,2.25,1.00
2016.08.18 02:47:51.404,1.45028,1.45049,1.00,1.00
2016.08.18 02:47:51.611,1.4503,1.45048,1.00,1.00
2016.08.18 02:47:52.114,1.45032,1.45049,1.00,1.00
2016.08.18 02:47:52.856,1.45031,1.45049,1.00,1.00
2016.08.18 02:47:54.781,1.45032,1.45049,1.00,1.00
2016.08.18 02:47:55.698,1.45036,1.45053,1.25,1.50
2016.08.18 02:47:55.749,1.45033,1.45053,1.19,1.00
2016.08.18 02:47:56.428,1.45035,1.45054,1.56,1.00
2016.08.18 02:47:56.540,1.45034,1.45053,1.56,1.00
2016.08.18 02:47:56.591,1.45034,1.45053,1.19,1.00
2016.08.18 02:47:56.897,1.45032,1.45053,2.81,1.00
2016.08.18 02:47:56.948,1.45032,1.45053,2.06,1.00
2016.08.18 02:47:56.999,1.45032,1.45052,1.31,1.00
2016.08.18 02:47:57.050,1.45031,1.45052,3.94,1.00
2016.08.18 02:47:57.203,1.45031,1.45051,3.19,1.00
2016.08.18 02:47:57.725,1.45031,1.45052,3.19,1.00
2016.08.18 02:47:57.827,1.45031,1.45051,2.44,1.00
2016.08.18 02:47:57.929,1.45031,1.45052,3.19,1.00
2016.08.18 02:47:58.082,1.45031,1.45052,2.44,1.00
2016.08.18 02:47:58.390,1.45031,1.45052,1.19,1.00
2016.08.18 02:47:58.441,1.45031,1.45056,1.69,1.75
2016.08.18 02:47:58.494,1.45034,1.45056,1.19,1.37
2016.08.18 02:47:58.545,1.45034,1.45057,1.69,1.12
2016.08.18 02:47:58.596,1.45034,1.45057,1.56,1.00
2016.08.18 02:47:58.648,1.45034,1.45058,1.69,1.00
2016.08.18 02:47:58.699,1.45036,1.45057,1.00,1.00
2016.08.18 02:47:59.235,1.45036,1.45058,1.75,1.00
2016.08.18 02:47:59.439,1.45036,1.45059,1.75,2.25
2016.08.18 02:47:59.719,1.45036,1.45058,1.75,1.00
2016.08.18 02:47:59.821,1.45036,1.45059,1.75,1.50
2016.08.18 02:48:00.190,1.45037,1.45058,1.50,1.00
2016.08.18 02:48:00.241,1.45037,1.45059,1.50,2.25
2016.08.18 02:48:00.344,1.45037,1.45058,1.50,1.00
2016.08.18 02:48:00.395,1.45037,1.45058,1.50,1.50
2016.08.18 02:48:00.446,1.45036,1.45058,2.44,1.50
2016.08.18 02:48:00.497,1.45036,1.45058,2.00,2.25
2016.08.18 02:48:00.548,1.45034,1.45058,2.44,2.25
2016.08.18 02:48:00.941,1.45032,1.45055,1.00,1.12
2016.08.18 02:48:01.307,1.45032,1.45054,1.00,1.00
2016.08.18 02:48:01.410,1.45032,1.45054,1.00,1.00
2016.08.18 02:48:01.461,1.45032,1.45054,1.00,1.00
2016.08.18 02:48:02.143,1.45032,1.45054,1.00,1.50
2016.08.18 02:48:02.245,1.45032,1.45054,1.00,1.50
2016.08.18 02:48:02.348,1.45033,1.45055,1.00,1.00
2016.08.18 02:48:02.449,1.45033,1.45056,1.00,2.25
2016.08.18 02:48:02.619,1.45033,1.45056,1.25,2.25
2016.08.18 02:48:02.806,1.45033,1.45056,1.00,2.25
2016.08.18 02:48:03.784,1.45033,1.45056,1.00,1.87
2016.08.18 02:48:06.701,1.45032,1.45056,2.25,2.25
2016.08.18 02:48:06.752,1.45032,1.45055,1.50,1.87
2016.08.18 02:48:06.905,1.45032,1.45055,1.00,1.87
2016.08.18 02:48:06.956,1.45032,1.45055,1.00,2.62
2016.08.18 02:48:07.109,1.45032,1.45052,1.00,1.00
2016.08.18 02:48:08.389,1.45032,1.45056,2.25,2.62
2016.08.18 02:48:08.441,1.45038,1.45056,1.00,1.00
2016.08.18 02:48:08.493,1.45038,1.4506,1.00,2.62
2016.08.18 02:48:08.544,1.45035,1.45057,1.87,1.00
2016.08.18 02:48:08.810,1.45035,1.45051,1.12,1.00
2016.08.18 02:48:08.888,1.45031,1.45051,2.44,1.00
2016.08.18 02:48:08.990,1.45034,1.4505,1.25,1.00
2016.08.18 02:48:09.041,1.45034,1.45052,1.25,1.00
2016.08.18 02:48:09.093,1.45035,1.45052,1.50,1.00
2016.08.18 02:48:09.144,1.45037,1.45054,1.19,1.00
2016.08.18 02:48:09.246,1.45039,1.45058,1.00,1.00
2016.08.18 02:48:09.688,1.45037,1.45053,1.00,1.00
2016.08.18 02:48:09.742,1.45033,1.45055,1.75,1.00
2016.08.18 02:48:10.150,1.45033,1.45059,1.75,3.00
2016.08.18 02:48:10.519,1.45033,1.45056,1.75,1.00
2016.08.18 02:48:10.827,1.45033,1.45058,1.75,1.00
2016.08.18 02:48:10.930,1.45033,1.45054,1.75,1.00
2016.08.18 02:48:11.135,1.45033,1.45055,1.75,1.00
2016.08.18 02:48:11.238,1.45033,1.45055,1.75,1.25
2016.08.18 02:48:12.043,1.45033,1.45055,1.75,1.25
2016.08.18 02:48:12.233,1.45033,1.45054,1.75,1.00
2016.08.18 02:48:12.335,1.45033,1.45057,1.75,1.00
2016.08.18 02:48:12.437,1.45033,1.45056,2.25,1.00
2016.08.18 02:48:12.641,1.45033,1.45055,1.75,1.00
2016.08.18 02:48:13.019,1.45033,1.45054,1.75,1.56
2016.08.18 02:48:13.652,1.45033,1.45055,1.75,2.81
2016.08.18 02:48:14.149,1.45033,1.45055,1.75,2.06
2016.08.18 02:48:14.834,1.45033,1.45055,2.25,2.81
2016.08.18 02:48:14.886,1.45033,1.45055,2.25,2.06
2016.08.18 02:48:15.357,1.45033,1.45055,1.75,2.06
2016.08.18 02:48:15.413,1.45032,1.45053,1.12,1.31
2016.08.18 02:48:15.493,1.4503,1.45053,1.75,2.06
2016.08.18 02:48:15.544,1.45029,1.45052,2.25,1.56
2016.08.18 02:48:15.596,1.45029,1.45052,1.75,1.56
2016.08.18 02:48:16.081,1.45029,1.45052,1.12,1.56
2016.08.18 02:48:16.631,1.45029,1.45052,1.12,2.06
2016.08.18 02:48:17.241,1.45029,1.45051,1.12,1.56
2016.08.18 02:48:17.343,1.45029,1.4505,1.12,1.56
2016.08.18 02:48:17.928,1.45029,1.45049,1.12,1.56
2016.08.18 02:48:18.766,1.45029,1.4505,1.12,2.81
2016.08.18 02:48:18.868,1.45028,1.45049,1.50,1.56
2016.08.18 02:48:19.246,1.45028,1.45049,1.50,2.06
2016.08.18 02:48:19.451,1.45028,1.45049,2.25,2.06
2016.08.18 02:48:19.553,1.45029,1.45049,1.12,1.56
2016.08.18 02:48:20.066,1.45029,1.4505,1.12,2.06
2016.08.18 02:48:20.775,1.45029,1.45049,1.12,1.56
2016.08.18 02:48:22.653,1.45029,1.4505,1.12,1.56
2016.08.18 02:48:22.775,1.45029,1.4505,1.12,2.06
2016.08.18 02:48:25.356,1.4503,1.4505,1.00,1.56
2016.08.18 02:48:29.967,1.4503,1.45051,1.00,1.56
2016.08.18 02:48:30.551,1.4503,1.4505,1.00,1.56
2016.08.18 02:48:33.983,1.45029,1.4505,1.12,1.56
2016.08.18 02:48:34.085,1.45029,1.4505,1.50,1.56
2016.08.18 02:48:34.136,1.4503,1.4505,1.12,1.00
2016.08.18 02:48:34.187,1.45032,1.45053,1.00,1.56
2016.08.18 02:48:34.459,1.45032,1.45055,1.75,3.19
2016.08.18 02:48:34.510,1.45032,1.45055,2.25,2.06
2016.08.18 02:48:34.584,1.45033,1.45056,1.50,2.44
2016.08.18 02:48:34.687,1.45033,1.45055,1.50,1.56
2016.08.18 02:48:35.823,1.45033,1.45054,1.50,1.56
2016.08.18 02:48:35.925,1.45033,1.45054,1.50,1.56
2016.08.18 02:48:36.187,1.45033,1.45054,1.50,1.56
2016.08.18 02:48:36.459,1.45033,1.45054,1.50,1.56
2016.08.18 02:48:36.586,1.45033,1.45054,1.50,1.56
2016.08.18 02:48:37.760,1.45033,1.45055,1.50,1.56
2016.08.18 02:48:37.964,1.45033,1.45056,1.50,1.00
2016.08.18 02:48:38.261,1.45038,1.45059,1.00,1.31
2016.08.18 02:48:38.312,1.45039,1.45061,1.00,1.56
2016.08.18 02:48:38.364,1.45039,1.45061,1.00,1.31
2016.08.18 02:48:38.467,1.45039,1.45061,1.00,1.00
2016.08.18 02:48:38.591,1.45039,1.45062,1.00,1.12
2016.08.18 02:48:38.692,1.45039,1.45062,1.00,1.50
2016.08.18 02:48:38.796,1.45039,1.45062,1.00,2.25
2016.08.18 02:48:40.195,1.45039,1.45062,1.50,1.50
2016.08.18 02:48:40.246,1.45039,1.45062,1.50,2.06
2016.08.18 02:48:40.297,1.45037,1.45061,2.25,1.50
2016.08.18 02:48:40.349,1.45041,1.45061,1.00,1.50
2016.08.18 02:48:40.712,1.45041,1.45062,1.12,1.00
2016.08.18 02:48:40.793,1.4504,1.45062,1.50,1.31
2016.08.18 02:48:40.845,1.45039,1.45062,1.75,1.31
2016.08.18 02:48:40.896,1.45038,1.4506,1.50,1.00
2016.08.18 02:48:42.800,1.45041,1.45062,1.00,1.50
2016.08.18 02:48:42.851,1.45041,1.45062,2.25,1.00
2016.08.18 02:48:44.412,1.45039,1.45059,1.50,1.00
2016.08.18 02:48:44.464,1.45038,1.45059,3.00,1.00
2016.08.18 02:48:44.515,1.45038,1.45058,1.75,1.00
2016.08.18 02:48:44.618,1.45038,1.45057,1.00,1.00
2016.08.18 02:48:44.770,1.45036,1.45057,1.87,1.00
2016.08.18 02:48:44.821,1.45036,1.45059,1.87,1.50
2016.08.18 02:48:45.141,1.45036,1.45059,1.87,1.00
2016.08.18 02:48:51.246,1.45036,1.45059,1.12,1.00
2016.08.18 02:48:51.348,1.45036,1.45057,1.12,1.00
2016.08.18 02:48:55.440,1.45036,1.45057,1.12,1.00
2016.08.18 02:48:56.241,1.45037,1.45058,1.00,1.00
2016.08.18 02:48:59.585,1.45037,1.45058,1.00,1.50
2016.08.18 02:48:59.636,1.45035,1.45056,1.50,1.00
2016.08.18 02:49:00.630,1.45036,1.45052,1.37,1.00
2016.08.18 02:49:00.733,1.4503,1.45056,1.37,3.19
2016.08.18 02:49:00.784,1.45028,1.45046,1.50,1.00
2016.08.18 02:49:00.835,1.45028,1.45046,1.12,1.00
2016.08.18 02:49:00.886,1.45028,1.45046,1.12,1.31
2016.08.18 02:49:00.938,1.45027,1.45046,1.50,1.31
2016.08.18 02:49:00.989,1.45026,1.45046,2.25,1.31
2016.08.18 02:49:01.040,1.45026,1.45046,1.75,1.31
2016.08.18 02:49:01.091,1.45026,1.45045,1.75,1.00
2016.08.18 02:49:01.416,1.45026,1.45043,1.75,1.00
2016.08.18 02:49:01.922,1.45025,1.45043,1.75,1.00
2016.08.18 02:49:02.564,1.45025,1.45043,2.25,1.00
2016.08.18 02:49:03.258,1.45027,1.45043,1.50,1.00
2016.08.18 02:49:03.652,1.45026,1.45043,1.75,1.00
2016.08.18 02:49:03.764,1.45027,1.45043,1.50,1.00
2016.08.18 02:49:05.059,1.45026,1.45043,1.75,1.00
2016.08.18 02:49:05.110,1.45027,1.45044,1.50,1.00
2016.08.18 02:49:05.161,1.45029,1.45044,1.00,1.00
2016.08.18 02:49:05.212,1.45029,1.45047,1.00,1.00
2016.08.18 02:49:05.315,1.45029,1.45045,1.00,1.00
2016.08.18 02:49:05.417,1.45029,1.45048,1.00,1.00
2016.08.18 02:49:05.472,1.45029,1.45048,1.00,1.00
2016.08.18 02:49:06.032,1.45029,1.45049,1.00,1.00
2016.08.18 02:49:06.135,1.45029,1.45049,1.87,1.00
2016.08.18 02:49:06.187,1.45031,1.45049,1.12,1.00
2016.08.18 02:49:06.238,1.45032,1.45049,1.00,1.00
2016.08.18 02:49:06.393,1.45032,1.45053,1.00,2.06
2016.08.18 02:49:06.445,1.45032,1.45053,1.00,1.50
2016.08.18 02:49:06.723,1.45032,1.45052,1.00,1.00
2016.08.18 02:49:07.041,1.45032,1.45052,1.37,1.00
2016.08.18 02:49:07.143,1.45033,1.45052,1.50,1.00
2016.08.18 02:49:08.884,1.45033,1.45051,1.50,1.00
2016.08.18 02:49:08.987,1.45036,1.45052,1.00,1.00
2016.08.18 02:49:09.323,1.45032,1.45052,1.75,1.00
2016.08.18 02:49:09.374,1.45032,1.45053,1.75,1.00
2016.08.18 02:49:09.428,1.45032,1.45053,1.75,1.00
2016.08.18 02:49:09.581,1.45031,1.45054,2.25,1.69
2016.08.18 02:49:10.137,1.45031,1.45053,1.87,1.00
2016.08.18 02:49:10.341,1.45031,1.45053,1.87,1.56
2016.08.18 02:49:11.542,1.45031,1.45053,1.87,1.25
2016.08.18 02:49:12.053,1.45031,1.45053,1.12,1.25
2016.08.18 02:49:12.747,1.45031,1.45053,1.12,1.56
2016.08.18 02:49:15.626,1.45031,1.45053,1.12,2.06
2016.08.18 02:49:15.785,1.45031,1.45053,1.00,2.44
2016.08.18 02:49:15.836,1.45031,1.45052,1.00,1.31
2016.08.18 02:49:15.888,1.45028,1.45049,1.12,1.00
2016.08.18 02:49:15.939,1.45027,1.45049,2.81,1.50
2016.08.18 02:49:15.991,1.45027,1.45048,1.25,1.00
2016.08.18 02:49:16.042,1.45026,1.45048,1.00,1.00
2016.08.18 02:49:16.093,1.45025,1.45047,1.50,1.00
2016.08.18 02:49:16.247,1.45025,1.45047,1.00,1.00
2016.08.18 02:49:16.298,1.45025,1.45047,1.00,1.00
2016.08.18 02:49:16.350,1.45025,1.45047,1.00,1.31
2016.08.18 02:49:16.401,1.45026,1.45048,1.00,1.56
2016.08.18 02:49:16.452,1.45026,1.45048,1.00,1.00
2016.08.18 02:49:16.781,1.45026,1.45046,1.00,1.00
2016.08.18 02:49:17.313,1.45026,1.45048,1.00,1.50
2016.08.18 02:49:18.002,1.45026,1.45048,1.00,1.00
2016.08.18 02:49:18.054,1.45026,1.45048,1.00,1.56
2016.08.18 02:49:18.214,1.45026,1.45047,1.00,1.56
2016.08.18 02:49:19.119,1.45026,1.45048,1.00,2.06
2016.08.18 02:49:20.609,1.45025,1.45047,1.00,2.06
2016.08.18 02:49:21.327,1.45025,1.45047,1.00,1.56
2016.08.18 02:49:23.751,1.45025,1.45047,1.00,1.56
2016.08.18 02:49:24.586,1.45025,1.45049,1.00,2.06
2016.08.18 02:49:24.637,1.45025,1.45048,1.00,1.56
2016.08.18 02:49:25.443,1.45024,1.45048,1.75,1.56
2016.08.18 02:49:26.445,1.45024,1.45048,1.75,1.00
2016.08.18 02:49:27.244,1.45025,1.45048,1.75,1.00
2016.08.18 02:49:27.296,1.45026,1.45048,1.50,1.00
2016.08.18 02:49:27.348,1.45026,1.4505,1.50,1.50
2016.08.18 02:49:27.451,1.45026,1.45048,1.50,1.00
2016.08.18 02:49:27.502,1.45029,1.45048,1.00,1.00
2016.08.18 02:49:27.553,1.45029,1.4505,1.00,1.00
2016.08.18 02:49:27.604,1.45031,1.4505,1.00,1.00
2016.08.18 02:49:27.707,1.45032,1.4505,1.50,1.00
2016.08.18 02:49:27.861,1.45032,1.45053,1.50,1.00
2016.08.18 02:49:28.328,1.45032,1.45055,1.50,1.50
2016.08.18 02:49:29.172,1.45032,1.45055,2.25,1.50
2016.08.18 02:49:29.580,1.45034,1.45055,1.00,1.00
2016.08.18 02:49:31.596,1.45035,1.45055,1.00,1.00
2016.08.18 02:49:31.749,1.45035,1.45057,1.00,1.50
2016.08.18 02:49:32.614,1.45036,1.45057,1.00,1.00
2016.08.18 02:49:36.419,1.45034,1.45057,3.00,1.50
2016.08.18 02:49:36.895,1.45035,1.45057,1.00,1.00
2016.08.18 02:49:37.320,1.45037,1.45057,1.00,1.00
2016.08.18 02:49:37.871,1.45037,1.45058,1.00,1.00
2016.08.18 02:49:37.922,1.45036,1.45058,1.50,1.50
2016.08.18 02:49:38.362,1.45037,1.45058,1.00,1.00
2016.08.18 02:49:38.995,1.45037,1.45059,1.00,1.00
2016.08.18 02:49:39.046,1.45037,1.45059,1.00,1.00
2016.08.18 02:49:39.625,1.45037,1.45058,1.00,1.00
2016.08.18 02:49:42.127,1.45035,1.45056,1.00,1.00
2016.08.18 02:49:42.229,1.45033,1.45054,1.37,1.00
2016.08.18 02:49:42.280,1.45033,1.45054,1.00,1.00
2016.08.18 02:49:44.129,1.45034,1.45056,1.00,1.00
2016.08.18 02:49:44.180,1.45038,1.45056,1.00,1.00
2016.08.18 02:49:44.231,1.45042,1.45062,1.00,2.62
2016.08.18 02:49:44.282,1.45042,1.45062,1.00,1.12
2016.08.18 02:49:44.333,1.45045,1.45066,1.00,1.87
2016.08.18 02:49:44.384,1.45046,1.45066,1.00,1.12
2016.08.18 02:49:44.980,1.45048,1.45069,1.00,1.00
2016.08.18 02:49:45.031,1.45046,1.45069,3.00,1.00
2016.08.18 02:49:45.593,1.45046,1.45069,2.25,1.00
2016.08.18 02:49:50.593,1.45046,1.45069,3.00,1.00
2016.08.18 02:49:50.951,1.45046,1.45068,1.50,1.12
2016.08.18 02:49:51.003,1.45041,1.45067,1.75,1.00
2016.08.18 02:49:51.055,1.45041,1.45062,1.75,1.00
2016.08.18 02:49:51.106,1.4504,1.45062,1.37,1.00
2016.08.18 02:49:51.158,1.4504,1.45063,1.00,1.12
2016.08.18 02:49:51.262,1.45038,1.45063,1.12,1.12
2016.08.18 02:49:51.562,1.45038,1.4506,1.00,1.31
2016.08.18 02:49:51.613,1.45037,1.45061,1.00,2.06
2016.08.18 02:49:51.664,1.45038,1.45062,1.00,1.31
2016.08.18 02:49:51.767,1.45039,1.45062,1.50,1.31
2016.08.18 02:49:51.853,1.45039,1.45063,1.00,1.56
2016.08.18 02:49:51.904,1.45039,1.45063,1.50,1.56
2016.08.18 02:49:54.441,1.45039,1.45063,1.00,1.56
2016.08.18 02:49:54.492,1.45042,1.45063,1.00,1.56
2016.08.18 02:49:54.670,1.45039,1.45063,1.50,1.56
2016.08.18 02:49:54.948,1.4504,1.45063,1.00,1.56
2016.08.18 02:49:55.406,1.4504,1.45063,1.50,1.56
2016.08.18 02:49:55.834,1.4504,1.45063,1.00,1.56
2016.08.18 02:49:55.936,1.4504,1.45063,1.50,1.56
2016.08.18 02:49:57.363,1.45041,1.45063,1.00,1.56
2016.08.18 02:49:57.414,1.45041,1.45064,1.50,2.06
2016.08.18 02:49:58.479,1.45041,1.45064,1.50,1.56
2016.08.18 02:49:59.473,1.45041,1.45064,1.50,1.31
2016.08.18 02:49:59.731,1.45041,1.45064,2.25,1.31
2016.08.18 02:50:00.147,1.45041,1.45064,2.25,2.06
2016.08.18 02:50:00.249,1.45041,1.45064,2.25,1.56
2016.08.18 02:50:00.300,1.45041,1.45064,1.50,1.56
2016.08.18 02:50:02.673,1.45041,1.45064,1.00,1.56
2016.08.18 02:50:03.081,1.45041,1.45064,1.00,1.56
2016.08.18 02:50:04.799,1.4504,1.45059,1.00,1.87
2016.08.18 02:50:04.850,1.4504,1.45056,1.00,1.56
2016.08.18 02:50:05.055,1.45031,1.45056,1.50,2.44
2016.08.18 02:50:05.107,1.45031,1.45052,1.37,1.56
2016.08.18 02:50:05.159,1.45029,1.45052,1.50,1.56
2016.08.18 02:50:05.212,1.45029,1.4505,1.50,1.56
2016.08.18 02:50:05.682,1.45029,1.4505,1.00,1.56
2016.08.18 02:50:06.861,1.45029,1.45048,1.00,1.56
2016.08.18 02:50:09.018,1.45029,1.4505,1.00,1.56
2016.08.18 02:50:09.069,1.45029,1.4505,1.50,1.56
2016.08.18 02:50:09.345,1.4503,1.4505,1.00,1.56
2016.08.18 02:50:09.752,1.4503,1.4505,1.50,1.56
2016.08.18 02:50:10.619,1.45033,1.4505,1.00,1.56
2016.08.18 02:50:10.670,1.45033,1.45052,1.00,1.31
2016.08.18 02:50:10.823,1.45033,1.45054,1.00,2.06
2016.08.18 02:50:10.874,1.45033,1.45054,1.50,2.06
2016.08.18 02:50:10.977,1.45034,1.45054,1.00,1.31
2016.08.18 02:50:11.079,1.45033,1.45054,1.50,1.31
2016.08.18 02:50:11.396,1.45033,1.45057,1.50,2.44
2016.08.18 02:50:11.448,1.45033,1.45058,1.87,2.06
2016.08.18 02:50:11.499,1.45033,1.45057,1.12,1.69
2016.08.18 02:50:11.550,1.45033,1.45057,1.12,2.44
2016.08.18 02:50:11.704,1.45033,1.45057,1.87,2.44
2016.08.18 02:50:11.755,1.45034,1.45057,1.00,1.69
2016.08.18 02:50:11.858,1.45034,1.45057,1.00,1.69
2016.08.18 02:50:11.910,1.45034,1.45057,1.50,1.69
2016.08.18 02:50:12.012,1.45034,1.45057,1.87,1.69
2016.08.18 02:50:12.064,1.45034,1.45057,2.25,1.56
2016.08.18 02:50:12.731,1.45034,1.45057,1.50,2.06
2016.08.18 02:50:13.241,1.45034,1.45057,1.37,2.06
2016.08.18 02:50:13.292,1.45034,1.45057,1.00,2.44
2016.08.18 02:50:14.079,1.45034,1.45056,1.50,1.56
2016.08.18 02:50:14.182,1.45034,1.45058,1.50,2.81
2016.08.18 02:50:14.489,1.45035,1.45058,1.00,2.06
2016.08.18 02:50:17.280,1.45035,1.45058,1.00,1.31
2016.08.18 02:50:19.183,1.45035,1.45058,1.00,2.06
2016.08.18 02:50:20.877,1.45035,1.45058,1.00,2.81
2016.08.18 02:50:20.929,1.45035,1.45058,1.00,2.06
2016.08.18 02:50:21.081,1.45035,1.45058,1.00,3.19
2016.08.18 02:50:22.679,1.45035,1.45057,1.00,1.69
2016.08.18 02:50:22.783,1.45035,1.45057,1.12,1.56
2016.08.18 02:50:22.885,1.45035,1.45058,1.12,2.06
2016.08.18 02:50:23.409,1.45035,1.45057,1.12,1.56
2016.08.18 02:50:23.511,1.45034,1.45057,1.50,1.56
2016.08.18 02:50:23.878,1.45034,1.45057,1.50,1.56
2016.08.18 02:50:24.294,1.45033,1.45056,1.75,1.56
2016.08.18 02:50:27.899,1.45032,1.45056,2.25,1.56
2016.08.18 02:50:28.636,1.45032,1.45056,2.25,1.56
2016.08.18 02:50:30.712,1.45032,1.45056,2.62,1.56
2016.08.18 02:50:31.052,1.45032,1.45056,2.25,1.56
2016.08.18 02:50:31.103,1.45034,1.45056,1.00,1.56
2016.08.18 02:50:31.626,1.45035,1.45057,1.00,1.69
2016.08.18 02:50:31.831,1.45035,1.45058,1.00,2.06
2016.08.18 02:50:32.551,1.45035,1.45056,1.00,1.00
2016.08.18 02:50:33.437,1.45035,1.45052,1.00,1.00
2016.08.18 02:50:33.488,1.45029,1.45051,1.00,1.31
2016.08.18 02:50:33.803,1.45029,1.45051,1.00,2.06
2016.08.18 02:50:34.721,1.45028,1.45049,1.12,1.56
2016.08.18 02:50:34.913,1.4503,1.45049,1.00,1.00
2016.08.18 02:50:35.015,1.4503,1.45051,1.00,2.06
2016.08.18 02:50:35.118,1.4503,1.45051,1.00,1.31
2016.08.18 02:50:35.169,1.4503,1.45051,1.12,1.31
2016.08.18 02:50:35.220,1.45029,1.45051,1.75,1.31
2016.08.18 02:50:35.272,1.45029,1.45051,1.37,1.31
2016.08.18 02:50:35.324,1.45029,1.45051,1.00,1.31
2016.08.18 02:50:35.799,1.45029,1.45052,1.00,1.56
2016.08.18 02:50:36.589,1.45029,1.45053,1.00,1.69
2016.08.18 02:50:36.741,1.45028,1.45051,1.87,1.56
2016.08.18 02:50:37.502,1.45029,1.45052,1.00,1.56
2016.08.18 02:50:37.716,1.45029,1.45052,1.50,1.56
2016.08.18 02:50:37.767,1.45029,1.45052,1.50,1.56
2016.08.18 02:50:37.818,1.45031,1.45052,1.00,2.06
2016.08.18 02:50:37.869,1.45031,1.45052,1.00,2.44
2016.08.18 02:50:37.921,1.4503,1.45051,1.00,1.31
2016.08.18 02:50:38.310,1.45031,1.45052,1.00,2.06
2016.08.18 02:50:38.361,1.45031,1.45052,1.00,1.50
2016.08.18 02:50:38.514,1.45031,1.45052,1.12,1.50
2016.08.18 02:50:38.922,1.45031,1.45052,1.12,1.00
2016.08.18 02:50:39.024,1.45033,1.45054,1.00,1.69
2016.08.18 02:50:39.751,1.45033,1.45055,1.00,2.81
2016.08.18 02:50:40.178,1.45033,1.45055,1.00,2.44
2016.08.18 02:50:42.883,1.45033,1.45055,1.00,2.81
2016.08.18 02:50:43.467,1.45033,1.45053,1.00,1.25
2016.08.18 02:50:43.519,1.45033,1.45053,1.00,1.25
2016.08.18 02:50:43.886,1.45033,1.45054,1.00,2.06
2016.08.18 02:50:43.988,1.45033,1.45054,1.00,1.56
2016.08.18 02:50:44.039,1.45032,1.45053,1.50,1.31
2016.08.18 02:50:47.901,1.45032,1.45051,1.50,1.00
2016.08.18 02:50:48.947,1.45032,1.45052,1.50,1.00
2016.08.18 02:50:49.482,1.45032,1.45051,1.50,1.00
2016.08.18 02:50:49.886,1.45034,1.45053,1.00,1.00
2016.08.18 02:50:49.937,1.45035,1.45055,1.00,1.00
2016.08.18 02:50:50.345,1.45032,1.45053,2.25,1.00
2016.08.18 02:50:50.704,1.45032,1.45053,1.50,1.00
2016.08.18 02:50:51.378,1.45032,1.45053,1.00,1.00
2016.08.18 02:50:51.430,1.45032,1.45053,1.00,1.00
2016.08.18 02:50:51.538,1.45032,1.45053,1.00,1.00
2016.08.18 02:50:52.165,1.45032,1.45053,1.25,1.00
2016.08.18 02:50:53.866,1.45032,1.45053,1.00,1.00
2016.08.18 02:50:54.161,1.45031,1.45052,1.25,1.00
2016.08.18 02:50:54.314,1.45031,1.45052,1.25,1.00
2016.08.18 02:50:56.557,1.4503,1.45051,1.69,1.00
2016.08.18 02:50:56.662,1.4503,1.45051,1.12,1.00
2016.08.18 02:50:56.713,1.45031,1.45051,1.00,1.00
2016.08.18 02:50:56.764,1.45032,1.45053,1.25,1.50
2016.08.18 02:50:56.815,1.45032,1.45053,1.25,1.50
2016.08.18 02:50:56.917,1.45032,1.45053,1.69,1.50
2016.08.18 02:50:57.011,1.45032,1.45053,1.69,1.00
2016.08.18 02:50:57.903,1.45032,1.45053,1.25,1.00
2016.08.18 02:50:58.076,1.45032,1.45053,1.69,1.00
2016.08.18 02:50:59.250,1.45033,1.45054,1.00,1.00
2016.08.18 02:50:59.301,1.45033,1.45054,1.37,1.00
2016.08.18 02:50:59.353,1.45034,1.45053,1.50,1.00
2016.08.18 02:50:59.455,1.45035,1.45053,1.31,1.00
2016.08.18 02:50:59.506,1.45035,1.45053,2.06,1.00
2016.08.18 02:50:59.557,1.45035,1.45052,1.12,1.31
2016.08.18 02:50:59.609,1.45032,1.45052,1.75,1.31
2016.08.18 02:50:59.660,1.45032,1.45051,1.75,1.00
2016.08.18 02:50:59.711,1.45031,1.45051,1.37,1.00
2016.08.18 02:50:59.775,1.45029,1.45046,1.50,1.00
2016.08.18 02:51:00.346,1.45031,1.45046,1.00,1.00
2016.08.18 02:51:00.397,1.45032,1.45051,1.00,1.56
2016.08.18 02:51:00.550,1.45032,1.45051,1.00,1.31
2016.08.18 02:51:00.872,1.45033,1.45051,1.50,1.31
2016.08.18 02:51:01.025,1.45033,1.45051,1.00,1.31
2016.08.18 02:51:01.077,1.45032,1.45051,1.00,1.56
2016.08.18 02:51:01.179,1.4503,1.4505,1.50,1.56
2016.08.18 02:51:01.497,1.45031,1.45051,1.50,1.94
2016.08.18 02:51:01.549,1.45031,1.4505,1.50,1.56
2016.08.18 02:51:01.804,1.45031,1.45051,2.25,1.56
2016.08.18 02:51:02.337,1.45031,1.4505,2.25,1.56
2016.08.18 02:51:02.389,1.45031,1.4505,1.50,1.56
2016.08.18 02:51:02.840,1.45032,1.4505,1.00,1.56
2016.08.18 02:51:03.116,1.45031,1.4505,1.00,1.56
2016.08.18 02:51:03.542,1.4503,1.4505,1.50,1.56
2016.08.18 02:51:03.644,1.4503,1.45051,1.50,2.44
2016.08.18 02:51:04.092,1.4503,1.45051,1.00,2.44
2016.08.18 02:51:04.557,1.4503,1.45051,1.00,1.69
2016.08.18 02:51:04.659,1.4503,1.45051,1.00,2.44
2016.08.18 02:51:05.157,1.4503,1.4505,1.00,1.56
2016.08.18 02:51:07.810,1.45031,1.4505,1.50,1.56
2016.08.18 02:51:07.861,1.45034,1.45055,1.00,2.06
2016.08.18 02:51:08.575,1.45034,1.45055,1.00,2.81
2016.08.18 02:51:08.626,1.45034,1.45055,1.00,2.81
2016.08.18 02:51:09.383,1.45035,1.45055,1.00,2.81
2016.08.18 02:51:09.434,1.45035,1.45055,1.00,2.06
2016.08.18 02:51:09.955,1.45034,1.45055,1.00,2.06
2016.08.18 02:51:13.345,1.45036,1.45057,1.00,2.81
2016.08.18 02:51:15.345,1.45036,1.45057,1.00,2.44
2016.08.18 02:51:15.396,1.45035,1.45056,1.00,1.56
2016.08.18 02:51:15.665,1.45035,1.45056,1.00,2.06
2016.08.18 02:51:15.717,1.45035,1.45056,1.00,2.06
2016.08.18 02:51:15.768,1.45038,1.45056,1.00,1.56
2016.08.18 02:51:15.871,1.45038,1.45055,1.00,1.00
2016.08.18 02:51:16.165,1.45039,1.45056,1.00,1.00
2016.08.18 02:51:16.225,1.45036,1.45056,1.50,1.00
2016.08.18 02:51:16.277,1.45036,1.45059,1.50,1.56
2016.08.18 02:51:16.331,1.45036,1.45059,1.00,2.06
2016.08.18 02:51:16.383,1.45034,1.45054,1.50,1.00
2016.08.18 02:51:16.587,1.45036,1.45058,1.00,1.56
2016.08.18 02:51:16.639,1.45036,1.45058,1.00,1.56
2016.08.18 02:51:17.412,1.45037,1.45058,1.00,2.06
2016.08.18 02:51:17.502,1.45037,1.45058,1.00,1.56
2016.08.18 02:51:17.671,1.45037,1.45057,1.00,1.31
2016.08.18 02:51:17.794,1.45038,1.45057,1.00,1.31
2016.08.18 02:51:17.897,1.45039,1.45058,1.00,1.56
2016.08.18 02:51:18.824,1.45039,1.45058,1.00,1.56
2016.08.18 02:51:18.875,1.45038,1.45058,1.50,1.56
2016.08.18 02:51:19.029,1.45038,1.45058,2.25,1.56
2016.08.18 02:51:19.080,1.45039,1.45059,1.00,1.56
2016.08.18 02:51:19.284,1.45039,1.45059,1.00,1.69
2016.08.18 02:51:19.335,1.45039,1.45059,1.00,1.56
2016.08.18 02:51:19.489,1.45038,1.45059,1.00,1.56
2016.08.18 02:51:19.758,1.45037,1.45058,1.12,1.56
2016.08.18 02:51:19.809,1.45037,1.45058,1.00,1.56
2016.08.18 02:51:20.028,1.45037,1.45058,1.00,1.56
2016.08.18 02:51:20.080,1.45035,1.45057,1.87,1.56
2016.08.18 02:51:20.131,1.45035,1.45057,1.12,1.56
2016.08.18 02:51:20.183,1.45034,1.45054,1.50,1.56
2016.08.18 02:51:20.285,1.45033,1.45054,1.50,1.56
2016.08.18 02:51:20.336,1.45033,1.45054,1.00,1.56
2016.08.18 02:51:20.388,1.45031,1.45053,2.25,1.00
2016.08.18 02:51:20.490,1.45031,1.45053,1.87,1.50
2016.08.18 02:51:20.541,1.45031,1.45053,1.50,1.50
2016.08.18 02:51:20.987,1.45031,1.45052,1.50,1.00
2016.08.18 02:51:23.697,1.45032,1.45051,1.12,1.00
2016.08.18 02:51:23.799,1.45032,1.45051,1.87,1.00
2016.08.18 02:51:23.902,1.45033,1.4505,1.00,1.00
2016.08.18 02:51:24.189,1.4503,1.4505,1.00,1.50
2016.08.18 02:51:24.737,1.45029,1.4505,1.00,1.50
2016.08.18 02:51:24.994,1.45029,1.4505,1.00,1.00
2016.08.18 02:51:25.282,1.45027,1.45048,1.87,1.31
2016.08.18 02:51:25.333,1.45027,1.45048,1.12,1.31
2016.08.18 02:51:25.385,1.45026,1.45047,1.50,1.00
2016.08.18 02:51:27.690,1.45026,1.45047,1.50,1.00
2016.08.18 02:51:27.794,1.45026,1.45047,1.50,1.50
2016.08.18 02:51:28.112,1.45026,1.45047,1.00,1.00
2016.08.18 02:51:28.215,1.45027,1.45048,1.00,2.06
2016.08.18 02:51:28.595,1.45026,1.45047,1.00,1.00
2016.08.18 02:51:29.024,1.45027,1.45048,1.00,1.50
2016.08.18 02:51:29.126,1.45028,1.45048,1.00,1.00
2016.08.18 02:51:29.448,1.45028,1.45049,1.00,1.50
2016.08.18 02:51:29.499,1.45026,1.45047,1.50,1.00
2016.08.18 02:51:29.551,1.45026,1.45047,1.00,1.00
2016.08.18 02:51:30.842,1.45025,1.45046,1.00,1.50
2016.08.18 02:51:31.494,1.45026,1.45046,1.00,1.00
2016.08.18 02:51:31.546,1.45026,1.45046,1.00,1.00
2016.08.18 02:51:33.610,1.45026,1.45047,1.00,1.37
2016.08.18 02:51:33.918,1.45026,1.45047,1.00,1.12
2016.08.18 02:51:33.969,1.45026,1.45047,1.00,1.00
2016.08.18 02:51:34.122,1.45028,1.45048,1.00,1.50
2016.08.18 02:51:34.783,1.45028,1.45048,1.00,1.00
2016.08.18 02:51:34.986,1.4503,1.45049,1.00,1.12
2016.08.18 02:51:35.576,1.45028,1.4505,1.00,1.12
2016.08.18 02:51:35.627,1.45028,1.4505,1.00,1.00
2016.08.18 02:51:36.076,1.45028,1.45048,1.00,1.00
2016.08.18 02:51:37.599,1.45028,1.45049,1.00,2.06
2016.08.18 02:51:37.752,1.45028,1.45049,1.00,2.06
2016.08.18 02:51:38.930,1.45027,1.45048,1.50,1.56
2016.08.18 02:51:38.982,1.45027,1.45048,1.50,1.56
2016.08.18 02:51:39.969,1.45027,1.45048,1.00,1.56
2016.08.18 02:51:40.072,1.45027,1.45048,1.00,1.00
2016.08.18 02:51:40.475,1.45027,1.4505,1.00,1.50
2016.08.18 02:51:40.577,1.45027,1.45049,1.50,1.00
2016.08.18 02:51:40.679,1.45027,1.45048,2.25,1.00
2016.08.18 02:51:40.781,1.45027,1.45048,2.25,1.00
2016.08.18 02:51:40.832,1.45028,1.4505,2.25,1.50
2016.08.18 02:51:40.883,1.45028,1.4505,1.87,1.50
2016.08.18 02:51:41.866,1.45028,1.45049,1.87,1.00
2016.08.18 02:51:43.212,1.45028,1.45049,1.87,1.50
2016.08.18 02:51:46.077,1.45025,1.45046,1.75,1.00
2016.08.18 02:51:46.283,1.45024,1.45045,1.75,1.00
2016.08.18 02:51:47.780,1.45024,1.45045,1.12,1.00
2016.08.18 02:51:58.018,1.45026,1.45047,1.00,1.00
2016.08.18 02:51:58.621,1.45026,1.45047,1.00,1.00
2016.08.18 02:51:58.672,1.45026,1.45047,1.37,1.00
2016.08.18 02:51:58.723,1.45026,1.45047,1.50,1.00
2016.08.18 02:52:04.536,1.45023,1.45044,1.75,1.00
2016.08.18 02:52:04.588,1.45022,1.45044,1.50,1.00
2016.08.18 02:52:04.639,1.45021,1.45043,1.75,1.00
2016.08.18 02:52:04.741,1.45022,1.45043,1.50,1.00
2016.08.18 02:52:05.097,1.45022,1.45043,1.50,1.56
2016.08.18 02:52:05.691,1.4502,1.45041,1.75,1.56
2016.08.18 02:52:05.794,1.4502,1.45041,1.75,1.56
2016.08.18 02:52:06.000,1.4502,1.45041,1.12,1.56
2016.08.18 02:52:06.102,1.4502,1.45041,1.12,1.56
2016.08.18 02:52:06.344,1.4502,1.45041,1.12,2.06
2016.08.18 02:52:07.070,1.4502,1.45041,1.12,1.56
2016.08.18 02:52:09.428,1.4502,1.45043,1.12,2.06
2016.08.18 02:52:09.480,1.4502,1.45043,1.12,2.81
2016.08.18 02:52:10.278,1.45022,1.45043,1.00,2.81
2016.08.18 02:52:11.952,1.45022,1.45043,1.00,3.56
2016.08.18 02:52:12.252,1.45022,1.45043,1.00,2.81
2016.08.18 02:52:12.354,1.4502,1.45042,1.12,1.56
2016.08.18 02:52:15.655,1.4502,1.45041,1.12,1.31
2016.08.18 02:52:18.832,1.45024,1.45043,1.00,1.31
2016.08.18 02:52:18.884,1.45021,1.45044,1.00,2.44
2016.08.18 02:52:18.935,1.45021,1.45044,1.75,1.31
2016.08.18 02:52:19.038,1.45021,1.45044,1.12,2.06
2016.08.18 02:52:19.089,1.45023,1.45044,1.00,2.06
2016.08.18 02:52:19.344,1.45023,1.45044,1.00,1.31
2016.08.18 02:52:19.446,1.45023,1.45044,1.00,1.31
2016.08.18 02:52:20.406,1.45023,1.45044,1.00,1.00
2016.08.18 02:52:21.395,1.45023,1.45044,1.31,1.00
2016.08.18 02:52:21.479,1.45024,1.45045,1.25,1.00
2016.08.18 02:52:21.863,1.45026,1.45047,1.00,1.50
2016.08.18 02:52:21.914,1.45026,1.45047,1.00,1.00
2016.08.18 02:52:22.321,1.45026,1.45047,1.00,1.50
2016.08.18 02:52:22.627,1.45026,1.45047,1.00,1.69
2016.08.18 02:52:24.625,1.45026,1.45047,1.00,1.00
2016.08.18 02:52:24.677,1.45028,1.45049,1.00,2.44
2016.08.18 02:52:24.728,1.45028,1.45049,1.00,1.12
2016.08.18 02:52:24.779,1.45027,1.45048,1.00,1.00
2016.08.18 02:52:24.830,1.45027,1.45041,1.00,1.00
2016.08.18 02:52:24.881,1.45024,1.45041,1.12,1.00
2016.08.18 02:52:24.932,1.45022,1.45042,1.75,1.00
2016.08.18 02:52:24.983,1.45021,1.45042,2.00,1.00
2016.08.18 02:52:25.563,1.4502,1.4504,2.06,1.00
2016.08.18 02:52:25.615,1.45018,1.4504,1.37,1.25
2016.08.18 02:52:25.667,1.45018,1.45038,1.37,1.00
2016.08.18 02:52:25.719,1.45016,1.45038,2.62,1.00
2016.08.18 02:52:25.771,1.45016,1.45038,2.25,1.00
2016.08.18 02:52:25.823,1.45016,1.45036,1.00,1.31
2016.08.18 02:52:25.875,1.45015,1.45036,1.00,1.31
2016.08.18 02:52:25.927,1.45013,1.45036,1.12,1.31
2016.08.18 02:52:26.029,1.45013,1.45037,1.87,2.06
2016.08.18 02:52:26.080,1.45013,1.45037,1.12,2.06
2016.08.18 02:52:26.393,1.45014,1.4503,1.00,1.00
2016.08.18 02:52:26.445,1.45014,1.45033,1.00,1.00
2016.08.18 02:52:26.649,1.45014,1.45033,1.50,1.00
2016.08.18 02:52:26.869,1.45016,1.4503,1.00,1.00
2016.08.18 02:52:27.921,1.45017,1.4503,1.00,1.00
2016.08.18 02:52:28.226,1.45017,1.45032,1.00,1.00
2016.08.18 02:52:28.736,1.45017,1.4503,1.00,1.00
2016.08.18 02:52:28.889,1.45015,1.45029,1.00,1.00
2016.08.18 02:52:29.680,1.45013,1.45029,1.00,1.00
2016.08.18 02:52:29.994,1.45017,1.45029,1.00,1.00
2016.08.18 02:52:30.300,1.45013,1.45029,1.75,1.00
2016.08.18 02:52:30.351,1.45013,1.4503,1.00,1.00
2016.08.18 02:52:30.505,1.4501,1.45029,2.25,1.00
2016.08.18 02:52:30.808,1.45008,1.45033,2.25,1.69
2016.08.18 02:52:30.881,1.45011,1.45032,1.00,1.25
2016.08.18 02:52:30.933,1.45011,1.45032,1.00,1.00
2016.08.18 02:52:31.035,1.45011,1.45032,1.50,1.00
2016.08.18 02:52:31.240,1.4501,1.45031,3.00,1.00
2016.08.18 02:52:31.342,1.4501,1.45033,3.00,1.00
2016.08.18 02:52:32.108,1.45014,1.45033,1.00,1.00
2016.08.18 02:52:34.790,1.45017,1.45033,1.00,1.00
2016.08.18 02:52:34.841,1.45017,1.45036,1.00,1.25
2016.08.18 02:52:34.943,1.45017,1.45037,1.00,1.31
2016.08.18 02:52:35.876,1.45017,1.45037,1.00,1.00
2016.08.18 02:52:36.675,1.45018,1.45038,1.00,1.31
2016.08.18 02:52:36.726,1.45018,1.45038,1.00,1.00
2016.08.18 02:52:36.778,1.45018,1.45037,1.12,1.00
2016.08.18 02:52:36.829,1.45018,1.45037,1.12,1.31
2016.08.18 02:52:36.881,1.45018,1.45039,1.12,1.56
2016.08.18 02:52:36.932,1.45017,1.45038,1.37,1.56
2016.08.18 02:52:37.034,1.45017,1.45032,1.37,1.00
2016.08.18 02:52:37.550,1.45017,1.45033,1.37,1.00
2016.08.18 02:52:38.484,1.45017,1.45032,1.37,1.00
2016.08.18 02:52:41.536,1.45017,1.45031,1.37,1.00
2016.08.18 02:52:41.703,1.45016,1.45031,1.50,1.00
2016.08.18 02:52:42.962,1.45014,1.45029,1.00,1.00
2016.08.18 02:52:43.014,1.45011,1.45029,1.00,1.00
2016.08.18 02:52:43.167,1.45011,1.45032,1.00,1.50
2016.08.18 02:52:43.219,1.45012,1.45032,1.00,1.00
2016.08.18 02:52:43.321,1.45009,1.45032,1.56,1.50
2016.08.18 02:52:43.372,1.45012,1.45031,1.00,2.06
2016.08.18 02:52:43.474,1.45008,1.45034,1.12,2.06
2016.08.18 02:52:43.749,1.45008,1.4503,1.75,1.00
2016.08.18 02:52:43.800,1.45008,1.4503,2.81,1.00
2016.08.18 02:52:44.725,1.45008,1.4503,2.06,1.00
2016.08.18 02:52:45.133,1.45008,1.4503,2.81,1.00
2016.08.18 02:52:45.552,1.45008,1.4503,2.06,1.00
2016.08.18 02:52:45.761,1.4501,1.4503,1.75,1.00
2016.08.18 02:52:48.766,1.45007,1.45028,3.75,1.00
2016.08.18 02:52:48.817,1.45007,1.45028,2.25,1.00
2016.08.18 02:52:48.868,1.45007,1.45028,1.12,1.00
2016.08.18 02:52:49.173,1.45007,1.45029,1.12,1.50
2016.08.18 02:52:54.152,1.45007,1.45029,1.12,1.00
2016.08.18 02:52:54.254,1.45009,1.4503,1.00,1.31
2016.08.18 02:52:54.306,1.45009,1.4503,1.12,1.31
2016.08.18 02:52:54.764,1.45011,1.4503,1.00,1.00
2016.08.18 02:52:55.318,1.45011,1.45031,1.00,1.00
2016.08.18 02:52:58.732,1.45012,1.45031,1.00,1.00
2016.08.18 02:52:58.784,1.45012,1.45034,1.00,2.44
2016.08.18 02:52:59.212,1.45012,1.45034,1.00,2.81
2016.08.18 02:52:59.415,1.45012,1.45034,1.00,2.44
2016.08.18 02:52:59.466,1.45012,1.45033,1.00,1.25
2016.08.18 02:52:59.723,1.45012,1.45035,1.00,3.00
2016.08.18 02:52:59.774,1.45012,1.45033,1.50,1.00
2016.08.18 02:52:59.876,1.45012,1.45033,1.50,1.50
2016.08.18 02:52:59.927,1.45012,1.45033,1.00,1.50
2016.08.18 02:53:00.080,1.45012,1.45032,1.00,1.00
2016.08.18 02:53:00.395,1.45012,1.45033,1.00,1.50
2016.08.18 02:53:01.302,1.45015,1.45033,1.75,1.00
2016.08.18 02:53:01.363,1.45017,1.45038,1.50,1.00
2016.08.18 02:53:02.566,1.45018,1.45039,1.37,1.00
2016.08.18 02:53:02.770,1.45017,1.45038,1.50,1.50
2016.08.18 02:53:04.009,1.45017,1.45038,1.00,1.50
2016.08.18 02:53:04.264,1.45017,1.45038,1.50,1.50
2016.08.18 02:53:05.422,1.45019,1.4504,1.00,1.50
2016.08.18 02:53:05.880,1.4502,1.4504,1.00,1.00
2016.08.18 02:53:06.340,1.4502,1.45038,1.00,1.00
2016.08.18 02:53:06.544,1.4502,1.45038,1.50,1.00
2016.08.18 02:53:08.392,1.4502,1.45039,1.50,1.00
2016.08.18 02:53:08.494,1.45022,1.45039,1.50,1.00
2016.08.18 02:53:08.597,1.45022,1.45042,1.50,1.00
2016.08.18 02:53:08.964,1.45022,1.45044,1.50,1.50
2016.08.18 02:53:09.015,1.45022,1.45042,1.50,1.00
2016.08.18 02:53:09.678,1.45022,1.45044,1.50,1.50
2016.08.18 02:53:10.050,1.45024,1.45044,1.00,1.50
2016.08.18 02:53:10.723,1.45024,1.45044,1.00,1.00
2016.08.18 02:53:12.028,1.45025,1.45045,1.00,1.00
2016.08.18 02:53:12.533,1.45025,1.45046,1.00,1.00
2016.08.18 02:53:13.164,1.45025,1.45046,1.00,1.12
2016.08.18 02:53:13.215,1.45025,1.45047,1.00,1.50
2016.08.18 02:53:13.266,1.45025,1.45047,1.00,1.87
2016.08.18 02:53:13.640,1.45025,1.45044,1.00,1.00
2016.08.18 02:53:16.568,1.45025,1.45044,1.00,1.12
2016.08.18 02:53:16.772,1.45025,1.45044,1.00,1.00
2016.08.18 02:53:19.004,1.45025,1.45045,1.00,1.00
2016.08.18 02:53:19.514,1.45025,1.45044,1.00,1.00
2016.08.18 02:53:20.081,1.45025,1.45045,1.00,1.00
2016.08.18 02:53:20.285,1.45025,1.45046,1.00,1.50
2016.08.18 02:53:20.872,1.45026,1.45043,1.00,1.00
2016.08.18 02:53:21.077,1.45025,1.45043,1.12,1.00
2016.08.18 02:53:21.383,1.45024,1.45042,2.25,1.00
2016.08.18 02:53:21.434,1.45024,1.45042,3.00,1.00
2016.08.18 02:53:21.589,1.45024,1.45044,3.00,1.00
2016.08.18 02:53:22.593,1.45024,1.45044,2.25,1.00
2016.08.18 02:53:25.070,1.45024,1.45044,1.50,1.00
2016.08.18 02:53:26.181,1.45024,1.45044,2.25,1.00
2016.08.18 02:53:26.334,1.45025,1.45045,1.12,1.00
2016.08.18 02:53:26.436,1.45024,1.45045,2.25,1.00
2016.08.18 02:53:30.374,1.45026,1.45048,1.00,2.06
2016.08.18 02:53:30.615,1.45025,1.45048,1.87,2.06
2016.08.18 02:53:31.042,1.45025,1.45048,1.87,2.44
2016.08.18 02:53:31.093,1.45026,1.45047,1.00,1.31
2016.08.18 02:53:31.470,1.45026,1.45047,1.00,1.12
2016.08.18 02:53:32.211,1.45026,1.45049,1.00,3.19
2016.08.18 02:53:33.612,1.45027,1.45049,1.00,2.44
2016.08.18 02:53:34.646,1.45027,1.45049,1.00,1.87
2016.08.18 02:53:35.051,1.45029,1.45049,1.00,1.37
2016.08.18 02:53:35.102,1.45029,1.45046,1.00,1.31
2016.08.18 02:53:35.153,1.45029,1.45046,1.00,1.56
2016.08.18 02:53:35.205,1.45027,1.45048,1.12,2.06
2016.08.18 02:53:35.307,1.45027,1.45047,1.12,1.94
2016.08.18 02:53:35.358,1.45027,1.45047,1.12,2.06
2016.08.18 02:53:35.410,1.45025,1.45047,1.75,2.81
2016.08.18 02:53:35.511,1.45025,1.45046,1.75,1.69
2016.08.18 02:53:35.819,1.45023,1.45044,2.25,1.12
2016.08.18 02:53:35.870,1.45023,1.45044,1.50,1.12
2016.08.18 02:53:36.193,1.45024,1.45045,1.00,2.06
2016.08.18 02:53:37.699,1.45024,1.45045,1.00,2.06
2016.08.18 02:53:38.000,1.45024,1.45045,1.00,2.81
2016.08.18 02:53:38.199,1.45023,1.45044,1.00,1.12
2016.08.18 02:53:38.250,1.45022,1.45044,1.12,2.44
2016.08.18 02:53:38.301,1.45022,1.45042,1.12,1.12
2016.08.18 02:53:38.352,1.45022,1.45042,1.12,1.00
2016.08.18 02:53:38.403,1.45023,1.45042,1.00,1.00
2016.08.18 02:53:38.454,1.45023,1.45042,1.00,1.12
2016.08.18 02:53:38.505,1.45023,1.45043,1.00,2.06
2016.08.18 02:53:39.056,1.45023,1.45043,1.00,1.62
2016.08.18 02:53:39.629,1.45021,1.45042,1.00,1.12
2016.08.18 02:53:39.844,1.45023,1.45041,1.00,1.25
2016.08.18 02:53:39.946,1.45022,1.4504,1.12,1.56
2016.08.18 02:53:39.997,1.4502,1.4504,1.75,1.56
2016.08.18 02:53:40.274,1.45024,1.45043,1.00,1.56
2016.08.18 02:53:40.326,1.45024,1.45043,1.00,1.25
2016.08.18 02:53:40.429,1.45024,1.45043,1.50,1.25
2016.08.18 02:53:40.531,1.45024,1.45041,1.50,1.00
2016.08.18 02:53:41.317,1.45023,1.45041,1.00,1.00
2016.08.18 02:53:41.420,1.45022,1.4504,1.50,1.00
2016.08.18 02:53:41.471,1.45022,1.4504,1.50,1.25
2016.08.18 02:53:41.522,1.45022,1.45039,1.00,1.00
2016.08.18 02:53:41.573,1.45018,1.45039,1.37,1.56
2016.08.18 02:53:41.625,1.45019,1.45038,1.00,1.56
2016.08.18 02:53:41.728,1.45019,1.4504,1.00,2.06
2016.08.18 02:53:41.831,1.45019,1.4504,1.50,2.06
2016.08.18 02:53:42.189,1.45019,1.45039,1.50,1.56
2016.08.18 02:53:42.443,1.45019,1.45037,1.50,1.31
2016.08.18 02:53:43.151,1.45019,1.45036,1.50,1.00
2016.08.18 02:53:43.729,1.45019,1.45037,1.50,1.31
2016.08.18 02:53:45.260,1.45019,1.45039,1.50,1.56
2016.08.18 02:53:46.344,1.45019,1.45039,1.50,1.31
2016.08.18 02:53:47.521,1.45019,1.4504,1.50,1.56
2016.08.18 02:53:47.620,1.45019,1.45038,1.50,1.25
2016.08.18 02:53:48.777,1.45021,1.45038,1.00,1.25
2016.08.18 02:53:49.458,1.45026,1.45046,1.00,2.44
2016.08.18 02:53:49.528,1.45027,1.45046,1.00,1.56
2016.08.18 02:53:49.630,1.45027,1.45045,1.00,1.31
2016.08.18 02:53:49.834,1.45027,1.45043,1.00,1.00
2016.08.18 02:53:51.267,1.45025,1.45043,1.87,1.00
2016.08.18 02:53:51.318,1.45027,1.45043,1.00,1.00
2016.08.18 02:53:51.370,1.45027,1.45049,1.00,1.56
2016.08.18 02:53:51.421,1.45027,1.45044,1.00,1.00
2016.08.18 02:53:51.523,1.45025,1.45043,1.87,1.00
2016.08.18 02:53:51.897,1.45025,1.45045,1.00,1.19
2016.08.18 02:53:52.050,1.45025,1.45044,1.00,1.25
2016.08.18 02:53:52.153,1.45026,1.45046,1.00,1.19
2016.08.18 02:53:52.357,1.45027,1.45047,1.50,1.00
2016.08.18 02:53:52.409,1.45027,1.45047,1.87,1.00
2016.08.18 02:53:52.460,1.45029,1.45047,1.00,1.00
2016.08.18 02:53:52.511,1.45029,1.45047,1.75,1.00
2016.08.18 02:53:52.812,1.45031,1.45049,1.12,1.00
2016.08.18 02:53:52.927,1.45031,1.45051,1.12,1.19
2016.08.18 02:53:53.029,1.45031,1.4505,1.12,1.25
2016.08.18 02:53:53.080,1.45031,1.4505,1.12,1.00
2016.08.18 02:53:53.131,1.45031,1.45048,1.87,1.00
2016.08.18 02:53:53.634,1.4503,1.45048,1.00,1.00
2016.08.18 02:53:53.825,1.45032,1.4505,1.00,1.00
2016.08.18 02:53:54.167,1.45033,1.45057,1.75,2.06
2016.08.18 02:53:54.220,1.45031,1.45057,3.37,3.19
2016.08.18 02:53:54.271,1.45031,1.45047,2.25,1.00
2016.08.18 02:53:54.322,1.4503,1.45047,1.87,1.00
2016.08.18 02:53:54.426,1.45031,1.45048,1.00,1.00
2016.08.18 02:53:54.630,1.45029,1.45046,1.50,1.00
2016.08.18 02:53:54.733,1.45029,1.45046,1.00,1.00
2016.08.18 02:53:55.047,1.45027,1.45045,1.50,1.00
2016.08.18 02:53:55.098,1.45026,1.45045,1.75,1.00
2016.08.18 02:53:55.150,1.45025,1.45043,2.25,1.00
2016.08.18 02:53:55.252,1.45025,1.45043,3.00,1.00
2016.08.18 02:53:55.317,1.45025,1.45043,3.75,1.00
2016.08.18 02:53:55.368,1.45027,1.45043,1.50,1.00
2016.08.18 02:53:55.520,1.45027,1.45044,2.25,1.00
2016.08.18 02:53:55.571,1.45028,1.45044,1.12,1.00
2016.08.18 02:53:55.837,1.45029,1.45044,1.00,1.00
2016.08.18 02:53:56.244,1.45029,1.45046,1.00,1.00
2016.08.18 02:53:56.870,1.45029,1.45044,1.00,1.00
2016.08.18 02:53:57.139,1.45029,1.45047,1.00,1.25
2016.08.18 02:53:57.886,1.45029,1.45047,1.00,1.00
2016.08.18 02:54:00.172,1.45029,1.45045,1.00,1.00
2016.08.18 02:54:01.596,1.45021,1.4504,1.50,1.00
2016.08.18 02:54:01.668,1.4502,1.4504,1.12,1.00
2016.08.18 02:54:01.771,1.4502,1.45041,1.12,1.00
2016.08.18 02:54:01.822,1.4502,1.45042,1.00,1.31
2016.08.18 02:54:01.874,1.45021,1.45042,1.50,1.31
2016.08.18 02:54:01.976,1.45021,1.45042,1.50,1.31
2016.08.18 02:54:02.027,1.45021,1.4504,1.50,1.00
2016.08.18 02:54:02.078,1.45021,1.4504,1.00,1.50
2016.08.18 02:54:02.379,1.45021,1.45039,1.00,1.00
2016.08.18 02:54:02.470,1.4502,1.45042,1.00,1.12
2016.08.18 02:54:02.572,1.45021,1.45043,1.00,2.25
2016.08.18 02:54:02.623,1.45021,1.45043,1.00,1.50
2016.08.18 02:54:02.725,1.45021,1.45043,1.00,1.00
2016.08.18 02:54:02.776,1.4502,1.45043,1.87,1.00
2016.08.18 02:54:02.827,1.4502,1.45043,2.62,1.00
2016.08.18 02:54:02.878,1.45021,1.45044,1.00,1.00
2016.08.18 02:54:02.929,1.45022,1.45044,1.50,1.00
2016.08.18 02:54:02.980,1.45022,1.45044,2.25,1.00
2016.08.18 02:54:03.451,1.45022,1.45046,1.00,1.75
2016.08.18 02:54:03.503,1.45021,1.45046,1.50,1.75
2016.08.18 02:54:03.659,1.45021,1.45046,2.25,1.75
2016.08.18 02:54:04.359,1.45022,1.45046,1.00,1.75
2016.08.18 02:54:04.671,1.45021,1.45046,2.25,1.75
2016.08.18 02:54:05.111,1.45026,1.45047,1.00,1.75
2016.08.18 02:54:05.163,1.45028,1.45047,1.50,1.12
2016.08.18 02:54:05.265,1.4503,1.45048,1.00,1.00
2016.08.18 02:54:05.368,1.45032,1.45055,1.12,1.00
2016.08.18 02:54:05.419,1.45032,1.45055,1.12,1.50
2016.08.18 02:54:05.470,1.45029,1.45054,2.25,1.00
2016.08.18 02:54:06.117,1.45031,1.45055,1.50,2.25
2016.08.18 02:54:06.341,1.4503,1.45055,3.00,2.25
2016.08.18 02:54:06.466,1.4503,1.45055,3.00,1.50
2016.08.18 02:54:06.517,1.4503,1.45055,3.00,1.00
2016.08.18 02:54:06.969,1.45033,1.45055,1.00,1.00
2016.08.18 02:54:07.072,1.45033,1.45057,2.25,1.12
2016.08.18 02:54:07.368,1.45033,1.45056,1.50,1.00
2016.08.18 02:54:07.573,1.45033,1.45056,2.25,1.00
2016.08.18 02:54:07.675,1.45034,1.45056,1.50,1.00
2016.08.18 02:54:07.741,1.45034,1.4506,1.50,1.87
2016.08.18 02:54:07.844,1.45037,1.4506,1.00,1.87
2016.08.18 02:54:07.946,1.45036,1.45059,1.00,1.00
2016.08.18 02:54:08.414,1.45034,1.45059,2.25,1.00
2016.08.18 02:54:08.923,1.45034,1.45058,2.25,1.00
2016.08.18 02:54:10.088,1.45034,1.45058,2.25,1.00
2016.08.18 02:54:10.358,1.45035,1.45058,1.12,1.00
2016.08.18 02:54:10.881,1.45035,1.45057,1.12,1.00
2016.08.18 02:54:10.983,1.45034,1.45057,1.50,1.00
2016.08.18 02:54:11.187,1.45035,1.45057,1.87,1.00
2016.08.18 02:54:11.288,1.45035,1.45057,1.12,1.00
2016.08.18 02:54:12.160,1.45035,1.45057,1.87,1.00
2016.08.18 02:54:12.262,1.45037,1.45058,1.37,1.00
2016.08.18 02:54:12.364,1.45037,1.45058,1.50,1.00
2016.08.18 02:54:12.424,1.45037,1.45058,1.50,1.00
2016.08.18 02:54:13.046,1.45038,1.45061,1.12,1.19
2016.08.18 02:54:13.485,1.45036,1.45061,2.25,1.19
2016.08.18 02:54:15.204,1.45039,1.4506,1.00,1.25
2016.08.18 02:54:16.395,1.45039,1.4506,1.00,1.56
2016.08.18 02:54:16.568,1.45037,1.45058,1.50,1.56
2016.08.18 02:54:16.883,1.45036,1.45057,1.00,1.00
2016.08.18 02:54:17.086,1.45038,1.45059,1.00,1.31
2016.08.18 02:54:17.189,1.45038,1.45059,1.00,1.31
2016.08.18 02:54:17.291,1.45038,1.45058,1.00,1.00
2016.08.18 02:54:17.393,1.45037,1.4506,2.25,1.12
2016.08.18 02:54:17.779,1.45039,1.4506,1.00,1.12
2016.08.18 02:54:17.830,1.4504,1.45062,1.00,1.75
2016.08.18 02:54:17.897,1.4504,1.45063,1.00,1.69
2016.08.18 02:54:17.948,1.4504,1.45063,1.12,1.69
2016.08.18 02:54:17.999,1.45042,1.45063,1.00,1.31
2016.08.18 02:54:18.154,1.4504,1.45063,2.25,1.31
2016.08.18 02:54:18.359,1.45042,1.45063,1.00,1.31
2016.08.18 02:54:18.720,1.45043,1.45065,1.12,1.56
2016.08.18 02:54:18.772,1.45043,1.45066,1.50,2.06
2016.08.18 02:54:20.466,1.45045,1.45066,1.00,1.31
2016.08.18 02:54:20.781,1.45048,1.45068,1.00,1.69
2016.08.18 02:54:20.984,1.45048,1.45068,1.00,1.56
2016.08.18 02:54:21.364,1.45048,1.45068,1.00,1.69
2016.08.18 02:54:21.705,1.45048,1.45069,1.00,3.56
2016.08.18 02:54:22.536,1.45048,1.45069,1.00,3.19
2016.08.18 02:54:22.588,1.45049,1.45069,1.00,2.44
2016.08.18 02:54:23.910,1.45049,1.45069,1.00,1.69
2016.08.18 02:54:25.159,1.45048,1.45069,1.00,2.44
2016.08.18 02:54:25.675,1.45048,1.45068,1.00,1.56
2016.08.18 02:54:25.777,1.45048,1.45067,1.00,1.31
2016.08.18 02:54:26.789,1.45046,1.45067,1.00,2.81
2016.08.18 02:54:26.841,1.45046,1.45067,1.00,2.44
2016.08.18 02:54:26.892,1.45044,1.45063,1.12,1.00
2016.08.18 02:54:26.994,1.45044,1.45064,1.12,1.50
2016.08.18 02:54:27.097,1.45043,1.45064,1.12,1.12
2016.08.18 02:54:27.148,1.45043,1.45064,1.12,1.69
2016.08.18 02:54:27.200,1.45043,1.45064,1.50,2.44
2016.08.18 02:54:27.545,1.45043,1.45063,1.00,1.25
2016.08.18 02:54:29.179,1.45043,1.45063,1.00,2.00
2016.08.18 02:54:29.888,1.45042,1.45063,1.00,2.44
2016.08.18 02:54:30.143,1.45042,1.45063,1.50,2.44
2016.08.18 02:54:30.426,1.45042,1.45063,1.87,1.87
2016.08.18 02:54:30.478,1.45046,1.45066,1.00,1.31
2016.08.18 02:54:30.580,1.45045,1.45066,1.00,2.06
2016.08.18 02:54:30.682,1.45045,1.45066,1.00,2.44
2016.08.18 02:54:30.785,1.45045,1.45066,1.00,2.06
2016.08.18 02:54:30.886,1.45045,1.45066,1.00,3.19
2016.08.18 02:54:30.988,1.45045,1.45064,1.00,1.12
2016.08.18 02:54:31.193,1.45044,1.45063,1.00,1.00
2016.08.18 02:54:31.460,1.45041,1.45063,2.06,1.50
2016.08.18 02:54:31.511,1.45041,1.45063,1.75,1.50
2016.08.18 02:54:31.620,1.45041,1.45063,2.06,2.25
2016.08.18 02:54:31.671,1.45041,1.45062,2.06,1.12
2016.08.18 02:54:31.773,1.45041,1.45061,1.31,1.00
2016.08.18 02:54:31.885,1.4504,1.45061,1.56,1.00
2016.08.18 02:54:32.570,1.4504,1.45062,1.56,1.50
2016.08.18 02:54:32.670,1.4504,1.45062,1.56,1.00
2016.08.18 02:54:32.722,1.45041,1.45062,1.25,1.00
2016.08.18 02:54:32.774,1.45045,1.45063,1.00,1.00
2016.08.18 02:54:32.996,1.45045,1.45064,1.00,1.50
2016.08.18 02:54:33.099,1.45045,1.45064,1.00,1.00
2016.08.18 02:54:34.503,1.45045,1.45065,1.00,2.44
2016.08.18 02:54:35.386,1.45045,1.45065,1.00,1.69
2016.08.18 02:54:35.683,1.45046,1.45066,1.00,1.19
2016.08.18 02:54:38.507,1.45044,1.45065,2.25,1.62
2016.08.18 02:54:38.609,1.45044,1.45065,1.00,2.44
2016.08.18 02:54:38.711,1.45044,1.45065,1.00,2.06
2016.08.18 02:54:40.233,1.45044,1.45065,1.00,1.69
2016.08.18 02:54:42.555,1.45044,1.45065,1.00,2.06
2016.08.18 02:54:43.383,1.45043,1.45062,1.12,1.00
2016.08.18 02:54:43.434,1.45041,1.45062,1.00,1.25
2016.08.18 02:54:43.485,1.45041,1.45062,1.00,1.69
2016.08.18 02:54:43.792,1.45038,1.45061,2.25,1.00
2016.08.18 02:54:43.843,1.45038,1.45061,2.25,1.56
2016.08.18 02:54:43.894,1.45038,1.45061,1.87,1.56
2016.08.18 02:54:43.946,1.45038,1.45061,1.50,1.56
2016.08.18 02:54:43.997,1.45038,1.45061,1.50,2.06
2016.08.18 02:54:44.210,1.45038,1.45061,1.00,2.06
2016.08.18 02:54:45.930,1.45038,1.45061,1.00,1.56
2016.08.18 02:54:47.146,1.45039,1.45061,1.00,2.06
2016.08.18 02:54:47.299,1.45037,1.45058,1.12,1.50
2016.08.18 02:54:47.401,1.45036,1.45058,1.50,1.50
2016.08.18 02:54:47.516,1.45036,1.45058,1.50,1.50
2016.08.18 02:54:47.873,1.45036,1.45058,2.06,1.50
2016.08.18 02:54:48.332,1.45036,1.45057,2.06,1.00
2016.08.18 02:54:50.238,1.45036,1.45058,2.06,1.50
2016.08.18 02:54:51.156,1.45036,1.45058,2.06,1.87
2016.08.18 02:54:51.241,1.45036,1.45057,1.56,1.00
2016.08.18 02:54:51.502,1.45036,1.45058,1.56,1.87
2016.08.18 02:54:51.916,1.45036,1.45058,1.56,1.00
2016.08.18 02:54:52.018,1.45036,1.45058,1.56,1.50
2016.08.18 02:54:52.668,1.45036,1.45058,1.56,1.00
2016.08.18 02:54:52.772,1.45038,1.45059,1.31,1.12
2016.08.18 02:54:52.823,1.45038,1.45059,1.31,1.00
2016.08.18 02:54:52.926,1.45038,1.4506,1.31,2.25
2016.08.18 02:54:53.238,1.45038,1.4506,1.00,2.25
2016.08.18 02:54:53.341,1.45036,1.45058,1.56,1.00
2016.08.18 02:54:54.453,1.45035,1.45057,1.31,1.00
2016.08.18 02:54:54.556,1.45033,1.45055,1.56,1.00
2016.08.18 02:54:54.608,1.45032,1.45054,2.06,1.00
2016.08.18 02:54:54.937,1.45036,1.45059,1.00,2.25
2016.08.18 02:54:54.989,1.45036,1.45059,1.00,2.62
2016.08.18 02:54:55.041,1.45036,1.45059,1.00,3.37
2016.08.18 02:54:55.092,1.45036,1.45059,1.00,3.00
2016.08.18 02:54:55.195,1.45036,1.45059,1.00,2.25
2016.08.18 02:54:55.246,1.45036,1.45059,1.00,1.75
2016.08.18 02:54:55.298,1.45036,1.45059,1.50,1.75
2016.08.18 02:54:55.349,1.45036,1.45059,1.50,1.00
2016.08.18 02:54:55.452,1.45038,1.4506,1.56,2.25
2016.08.18 02:54:55.656,1.45038,1.4506,1.69,2.25
2016.08.18 02:54:56.070,1.45038,1.4506,1.69,1.50
2016.08.18 02:54:56.172,1.45038,1.4506,1.56,1.87
2016.08.18 02:54:58.310,1.45038,1.4506,1.56,1.12
2016.08.18 02:54:58.361,1.45041,1.45061,1.00,1.50
2016.08.18 02:54:58.565,1.45041,1.45061,1.00,1.00
2016.08.18 02:54:58.787,1.45041,1.45061,1.31,1.00
2016.08.18 02:54:59.408,1.45041,1.45062,1.31,1.00
2016.08.18 02:55:00.333,1.45042,1.45062,1.25,1.00
2016.08.18 02:55:00.536,1.45041,1.45061,2.81,1.00
2016.08.18 02:55:00.852,1.45043,1.45062,1.12,1.00
2016.08.18 02:55:01.730,1.4504,1.45062,2.06,1.00
2016.08.18 02:55:01.801,1.4504,1.45062,2.81,1.00
2016.08.18 02:55:02.400,1.45043,1.45064,1.12,1.00
2016.08.18 02:55:02.524,1.45044,1.45065,1.50,1.69
2016.08.18 02:55:03.729,1.45044,1.45065,1.50,2.06
2016.08.18 02:55:07.663,1.45044,1.45065,1.50,1.69
2016.08.18 02:55:08.212,1.45044,1.45063,1.50,1.00
2016.08.18 02:55:08.264,1.45044,1.45063,2.06,1.00
2016.08.18 02:55:10.260,1.45044,1.45063,2.81,1.00
2016.08.18 02:55:13.031,1.45044,1.45064,2.81,1.00
2016.08.18 02:55:14.494,1.45044,1.45064,2.25,1.00
2016.08.18 02:55:14.649,1.45044,1.45066,2.25,1.00
2016.08.18 02:55:14.752,1.45044,1.45066,1.50,1.50
2016.08.18 02:55:14.855,1.45043,1.45066,2.44,1.50
2016.08.18 02:55:15.467,1.45043,1.45065,2.44,1.00
2016.08.18 02:55:15.773,1.45043,1.45065,2.81,1.00
2016.08.18 02:55:15.949,1.45043,1.45065,2.81,1.50
2016.08.18 02:55:16.051,1.45043,1.45065,2.81,1.00
2016.08.18 02:55:17.790,1.45044,1.45066,1.69,1.50
2016.08.18 02:55:17.943,1.45044,1.45066,1.69,1.00
2016.08.18 02:55:18.256,1.45045,1.45066,1.00,1.00
2016.08.18 02:55:18.307,1.45044,1.45066,2.00,1.00
2016.08.18 02:55:18.581,1.45045,1.45067,1.50,3.00
2016.08.18 02:55:18.632,1.45045,1.45067,1.50,1.50
2016.08.18 02:55:18.684,1.45044,1.45067,2.44,1.00
2016.08.18 02:55:18.735,1.45044,1.45067,3.19,1.00
2016.08.18 02:55:18.787,1.45044,1.45067,3.00,1.00
2016.08.18 02:55:18.838,1.45045,1.45067,1.50,1.00
2016.08.18 02:55:18.889,1.45045,1.45067,2.44,1.00
2016.08.18 02:55:19.773,1.45045,1.45067,3.19,1.00
2016.08.18 02:55:19.876,1.45045,1.45065,2.25,1.00
2016.08.18 02:55:19.927,1.45045,1.45065,1.50,1.00
2016.08.18 02:55:20.217,1.45046,1.45065,1.12,1.00
2016.08.18 02:55:21.598,1.45046,1.45066,1.12,1.00
2016.08.18 02:55:25.050,1.45045,1.45067,1.50,1.50
2016.08.18 02:55:25.259,1.45044,1.45067,2.44,2.25
2016.08.18 02:55:25.373,1.45044,1.45065,2.44,1.00
2016.08.18 02:55:25.743,1.45044,1.45065,2.00,1.50
2016.08.18 02:55:25.794,1.45044,1.45064,2.00,1.00
2016.08.18 02:55:25.947,1.45043,1.45064,2.81,1.00
2016.08.18 02:55:26.978,1.45043,1.45064,2.44,1.00
2016.08.18 02:55:27.080,1.45043,1.45064,2.25,1.00
2016.08.18 02:55:27.133,1.45043,1.45065,2.25,1.50
2016.08.18 02:55:27.442,1.45043,1.45065,2.44,1.50
2016.08.18 02:55:30.341,1.45043,1.45064,2.44,1.00
2016.08.18 02:55:30.446,1.45045,1.45062,1.50,1.00
2016.08.18 02:55:30.549,1.45043,1.45065,2.81,1.00
2016.08.18 02:55:31.112,1.45043,1.45063,2.06,1.00
2016.08.18 02:55:31.165,1.45043,1.45065,1.12,1.00
2016.08.18 02:55:31.270,1.45042,1.45065,1.50,1.50
2016.08.18 02:55:31.536,1.45042,1.45065,2.25,1.50
2016.08.18 02:55:31.741,1.45042,1.45065,1.50,1.50
2016.08.18 02:55:32.166,1.45042,1.45065,1.50,2.06
2016.08.18 02:55:32.527,1.45042,1.45065,1.50,2.81
2016.08.18 02:55:32.578,1.45039,1.45062,2.25,1.25
2016.08.18 02:55:32.630,1.45039,1.45062,1.75,2.44
2016.08.18 02:55:32.699,1.45038,1.4506,1.75,1.25
2016.08.18 02:55:33.046,1.45038,1.4506,1.75,1.69
2016.08.18 02:55:33.098,1.45038,1.45061,1.25,1.12
2016.08.18 02:55:33.149,1.45038,1.45061,2.81,1.00
2016.08.18 02:55:33.200,1.45038,1.45063,3.19,1.00
2016.08.18 02:55:33.320,1.45039,1.45064,1.75,1.50
2016.08.18 02:55:33.371,1.45042,1.45064,1.00,1.50
2016.08.18 02:55:33.422,1.4504,1.45064,2.25,1.31
2016.08.18 02:55:33.524,1.45041,1.45064,1.25,1.00
2016.08.18 02:55:33.575,1.45042,1.45066,1.50,1.00
2016.08.18 02:55:33.627,1.45042,1.45067,2.06,1.50
2016.08.18 02:55:34.002,1.45041,1.45067,1.69,1.50
2016.08.18 02:55:34.243,1.45042,1.45067,1.56,1.50
2016.08.18 02:55:34.544,1.45041,1.45064,1.69,1.00
2016.08.18 02:55:34.598,1.45041,1.45062,1.25,1.00
2016.08.18 02:55:34.649,1.45039,1.45062,2.06,1.00
2016.08.18 02:55:35.061,1.45039,1.45062,1.56,1.00
2016.08.18 02:55:35.112,1.45038,1.45062,1.69,1.00
2016.08.18 02:55:35.477,1.45038,1.45061,2.44,1.00
2016.08.18 02:55:35.698,1.45038,1.45061,3.19,1.00
2016.08.18 02:55:35.749,1.45038,1.45061,2.44,1.00
2016.08.18 02:55:36.243,1.45038,1.45061,3.19,1.00
2016.08.18 02:55:36.294,1.45038,1.45061,3.19,1.50
2016.08.18 02:55:36.745,1.4504,1.45061,1.31,1.00
2016.08.18 02:55:40.226,1.4504,1.45059,1.31,1.00
2016.08.18 02:55:40.399,1.4504,1.45059,1.31,1.50
2016.08.18 02:55:40.450,1.4504,1.45058,1.31,1.00
2016.08.18 02:55:40.502,1.45039,1.45058,1.31,1.50
2016.08.18 02:55:40.553,1.45037,1.45058,1.31,1.50
2016.08.18 02:55:40.604,1.45036,1.45058,2.81,1.50
2016.08.18 02:55:40.706,1.45036,1.45058,2.81,1.50
2016.08.18 02:55:40.757,1.45036,1.45056,2.81,1.00
2016.08.18 02:55:40.808,1.45036,1.45056,1.31,1.00
2016.08.18 02:55:40.859,1.45036,1.45058,1.31,1.00
2016.08.18 02:55:40.961,1.45034,1.45058,1.56,1.12
2016.08.18 02:55:41.631,1.45037,1.45059,1.56,1.00
2016.08.18 02:55:41.683,1.45037,1.45059,2.06,1.00
2016.08.18 02:55:41.890,1.45037,1.45059,1.56,1.00
2016.08.18 02:55:42.719,1.45038,1.45059,1.31,1.00
2016.08.18 02:55:43.324,1.45039,1.45059,1.69,1.00
2016.08.18 02:55:44.341,1.45038,1.45059,1.31,1.50
2016.08.18 02:55:44.392,1.45036,1.45058,2.06,1.00
2016.08.18 02:55:44.545,1.45036,1.45058,2.81,1.00
2016.08.18 02:55:44.596,1.45037,1.45058,1.12,1.00
2016.08.18 02:55:44.906,1.45036,1.45058,2.06,1.00
2016.08.18 02:55:45.582,1.45036,1.45056,2.06,1.00
2016.08.18 02:55:46.570,1.45036,1.45055,2.06,1.00
2016.08.18 02:55:46.621,1.45036,1.45055,2.06,1.00
2016.08.18 02:55:46.673,1.45036,1.45059,2.06,1.00
2016.08.18 02:55:46.985,1.45037,1.45059,1.25,1.00
2016.08.18 02:55:47.037,1.45037,1.4506,1.25,1.50
2016.08.18 02:55:47.596,1.45037,1.4506,1.25,1.00
2016.08.18 02:55:49.663,1.45037,1.4506,1.25,1.50
2016.08.18 02:55:50.377,1.45037,1.4506,1.25,1.00
2016.08.18 02:55:51.345,1.45038,1.4506,1.00,1.00
2016.08.18 02:55:51.396,1.45038,1.4506,1.00,1.50
2016.08.18 02:55:51.447,1.45038,1.4506,1.00,1.00
2016.08.18 02:55:51.498,1.45038,1.45059,1.31,1.00
2016.08.18 02:55:52.050,1.45038,1.4506,1.31,1.00
2016.08.18 02:55:54.716,1.45038,1.45059,1.31,1.00
2016.08.18 02:55:55.309,1.45038,1.45059,2.06,1.00
2016.08.18 02:55:57.031,1.45036,1.45057,2.06,1.00
2016.08.18 02:55:57.082,1.45036,1.45057,1.69,1.00
2016.08.18 02:55:57.133,1.45035,1.45058,2.81,1.00
2016.08.18 02:55:57.489,1.45035,1.45058,2.81,1.00
2016.08.18 02:55:57.540,1.45036,1.4506,1.69,1.00
2016.08.18 02:55:57.986,1.45038,1.4506,1.00,1.00
2016.08.18 02:56:00.721,1.45037,1.4506,1.25,1.00
2016.08.18 02:56:01.531,1.45036,1.4506,2.44,1.00
2016.08.18 02:56:01.583,1.45036,1.4506,3.19,1.00
2016.08.18 02:56:01.685,1.45036,1.4506,2.44,1.00
2016.08.18 02:56:03.155,1.45036,1.45061,1.94,1.50
2016.08.18 02:56:03.206,1.45036,1.4506,1.94,1.00
2016.08.18 02:56:03.617,1.45036,1.45061,1.94,1.50
2016.08.18 02:56:03.923,1.45036,1.45061,2.44,1.50
2016.08.18 02:56:04.026,1.45037,1.45061,1.69,1.00
2016.08.18 02:56:04.231,1.45038,1.45061,1.56,1.50
2016.08.18 02:56:04.538,1.45038,1.45061,1.56,1.00
2016.08.18 02:56:07.252,1.45037,1.45061,3.19,1.00
2016.08.18 02:56:07.303,1.45037,1.45061,3.94,1.00
2016.08.18 02:56:07.354,1.4504,1.45061,1.25,1.00
2016.08.18 02:56:07.456,1.45042,1.4506,1.00,1.00
2016.08.18 02:56:07.609,1.45042,1.45063,1.00,1.50
2016.08.18 02:56:08.131,1.45041,1.45063,1.00,1.50
2016.08.18 02:56:08.184,1.45041,1.4506,1.00,1.00
2016.08.18 02:56:09.414,1.45041,1.45059,1.00,1.00
2016.08.18 02:56:10.139,1.45042,1.45061,1.75,1.00
2016.08.18 02:56:10.726,1.45042,1.45062,1.75,1.00
2016.08.18 02:56:11.271,1.45042,1.45061,1.75,1.00
2016.08.18 02:56:11.801,1.45042,1.45062,1.75,1.00
2016.08.18 02:56:12.108,1.45042,1.45064,1.75,2.06
2016.08.18 02:56:12.159,1.45042,1.45064,1.75,1.31
2016.08.18 02:56:14.391,1.45042,1.45065,1.75,2.06
2016.08.18 02:56:14.442,1.45039,1.45065,4.50,2.44
2016.08.18 02:56:14.773,1.45038,1.45062,2.00,1.00
2016.08.18 02:56:14.825,1.45038,1.45062,2.00,1.00
2016.08.18 02:56:14.876,1.45038,1.45063,2.00,2.06
2016.08.18 02:56:14.927,1.45038,1.4506,2.00,1.00
2016.08.18 02:56:14.978,1.45038,1.4506,2.44,1.00
2016.08.18 02:56:15.080,1.45039,1.4506,1.50,1.00
2016.08.18 02:56:17.736,1.45039,1.4506,1.69,1.00
2016.08.18 02:56:18.098,1.45039,1.45062,1.69,1.00
2016.08.18 02:56:18.149,1.45039,1.45062,2.06,1.00
2016.08.18 02:56:18.251,1.45043,1.45061,1.00,1.00
2016.08.18 02:56:18.813,1.45043,1.45063,1.00,1.00
2016.08.18 02:56:18.915,1.45043,1.45061,1.00,1.00
2016.08.18 02:56:20.058,1.45041,1.45061,1.31,1.00
2016.08.18 02:56:20.363,1.4504,1.45061,1.69,1.00
2016.08.18 02:56:21.243,1.4504,1.45061,1.31,1.00
2016.08.18 02:56:24.204,1.4504,1.4506,1.31,1.00
2016.08.18 02:56:24.517,1.4504,1.45062,1.31,1.00
2016.08.18 02:56:25.051,1.4504,1.45063,1.31,1.00
2016.08.18 02:56:25.102,1.4504,1.45063,2.06,1.00
2016.08.18 02:56:25.348,1.4504,1.45064,1.69,1.00
2016.08.18 02:56:25.399,1.45039,1.45064,2.06,1.00
2016.08.18 02:56:25.679,1.45041,1.45059,1.31,1.00
2016.08.18 02:56:25.731,1.45043,1.45059,1.19,1.00
2016.08.18 02:56:25.830,1.45043,1.45057,1.19,1.00
2016.08.18 02:56:27.036,1.45042,1.45057,2.06,1.00
2016.08.18 02:56:28.085,1.45043,1.45057,1.31,1.00
2016.08.18 02:56:28.779,1.45043,1.45061,1.31,1.00
2016.08.18 02:56:29.753,1.45043,1.45061,1.69,1.00
2016.08.18 02:56:30.110,1.45043,1.45064,1.69,1.00
2016.08.18 02:56:30.460,1.45042,1.45064,1.50,1.25
2016.08.18 02:56:30.533,1.45042,1.45065,1.00,3.19
2016.08.18 02:56:30.585,1.45042,1.45065,1.00,2.81
2016.08.18 02:56:30.636,1.45042,1.45065,1.00,2.25
2016.08.18 02:56:31.762,1.45042,1.45065,1.00,1.75
2016.08.18 02:56:32.513,1.4504,1.45066,1.56,3.00
2016.08.18 02:56:32.566,1.45041,1.45066,1.56,1.50
2016.08.18 02:56:32.617,1.45042,1.45066,1.31,1.00
2016.08.18 02:56:32.951,1.45043,1.45065,1.25,1.00
2016.08.18 02:56:33.368,1.45044,1.45065,1.00,1.00
2016.08.18 02:56:33.572,1.45044,1.45065,1.12,1.00
2016.08.18 02:56:33.623,1.45044,1.45065,1.00,1.00
2016.08.18 02:56:33.674,1.45044,1.45065,1.31,1.00
2016.08.18 02:56:36.861,1.45044,1.45067,1.56,2.25
2016.08.18 02:56:37.448,1.45045,1.45066,1.56,1.00
2016.08.18 02:56:37.952,1.45045,1.45065,1.56,1.00
2016.08.18 02:56:38.004,1.45044,1.45065,3.19,1.00
2016.08.18 02:56:38.157,1.45044,1.45066,3.94,1.00
2016.08.18 02:56:38.647,1.45044,1.45066,3.19,1.00
2016.08.18 02:56:38.800,1.45045,1.45066,1.56,1.00
2016.08.18 02:56:43.637,1.45045,1.45065,1.56,1.00
2016.08.18 02:56:44.658,1.45046,1.45065,1.31,1.00
2016.08.18 02:56:45.070,1.45047,1.45065,1.19,1.00
2016.08.18 02:56:45.343,1.45047,1.45067,1.19,1.50
2016.08.18 02:56:45.665,1.45044,1.45067,2.44,1.50
2016.08.18 02:56:45.717,1.45046,1.45067,1.56,1.00
2016.08.18 02:56:45.873,1.45047,1.45069,1.56,2.25
2016.08.18 02:56:45.924,1.45046,1.45068,1.56,1.37
2016.08.18 02:56:46.026,1.45045,1.45069,1.56,2.62
2016.08.18 02:56:46.078,1.45045,1.45067,1.56,1.87
2016.08.18 02:56:46.129,1.45045,1.45065,1.56,1.00
2016.08.18 02:56:47.047,1.45045,1.45065,1.25,1.00
2016.08.18 02:56:47.098,1.45044,1.45065,1.69,1.00
2016.08.18 02:56:47.150,1.45041,1.45064,3.19,1.00
2016.08.18 02:56:47.201,1.45041,1.45064,2.44,1.00
2016.08.18 02:56:47.253,1.45041,1.45065,1.56,2.62
2016.08.18 02:56:47.304,1.45041,1.45064,1.56,1.75
2016.08.18 02:56:47.406,1.45041,1.45064,1.56,1.87
2016.08.18 02:56:47.457,1.45041,1.45062,1.56,1.12
2016.08.18 02:56:47.508,1.45041,1.45062,2.06,1.12
2016.08.18 02:56:47.560,1.45041,1.45063,2.06,1.50
2016.08.18 02:56:48.044,1.45041,1.45063,2.06,1.00
2016.08.18 02:56:48.095,1.45041,1.45063,1.56,1.00
2016.08.18 02:56:48.198,1.45041,1.45063,1.56,1.50
2016.08.18 02:56:48.251,1.4504,1.45063,2.44,1.50
2016.08.18 02:56:49.339,1.45041,1.45063,1.31,1.50
2016.08.18 02:56:49.888,1.4504,1.45063,2.44,1.50
2016.08.18 02:56:50.166,1.4504,1.45063,3.19,1.50
2016.08.18 02:56:53.920,1.4504,1.45062,1.94,1.00
2016.08.18 02:56:54.074,1.45039,1.45062,1.31,1.00
2016.08.18 02:56:54.125,1.45038,1.45061,2.44,1.00
2016.08.18 02:56:54.176,1.45038,1.45056,1.69,1.00
2016.08.18 02:56:54.880,1.4504,1.45056,1.25,1.00
2016.08.18 02:56:54.931,1.45042,1.4506,1.25,1.00
2016.08.18 02:56:54.984,1.45042,1.4506,1.19,1.00
2016.08.18 02:56:55.248,1.45043,1.45063,1.19,1.00
2016.08.18 02:56:55.299,1.45043,1.45063,1.00,1.31
2016.08.18 02:56:55.350,1.45041,1.4506,1.00,1.00
2016.08.18 02:56:55.401,1.45041,1.4506,1.00,1.31
2016.08.18 02:56:55.452,1.45036,1.4506,1.75,2.06
2016.08.18 02:56:55.503,1.45036,1.4506,1.94,1.50
2016.08.18 02:56:55.555,1.45038,1.45056,1.50,1.00
2016.08.18 02:56:56.169,1.45036,1.45053,1.00,1.00
2016.08.18 02:56:56.934,1.45034,1.45053,1.25,1.00
2016.08.18 02:56:57.460,1.45034,1.45054,1.25,1.00
2016.08.18 02:56:57.512,1.45034,1.45054,1.19,1.00
2016.08.18 02:56:57.614,1.45037,1.45054,1.00,1.00
2016.08.18 02:56:58.316,1.45041,1.45054,1.00,1.00
2016.08.18 02:56:58.583,1.45038,1.45054,1.19,1.00
2016.08.18 02:56:58.636,1.45038,1.45055,1.69,1.00
2016.08.18 02:56:58.892,1.45038,1.45055,1.19,1.00
2016.08.18 02:56:59.065,1.45038,1.45057,1.19,1.00
2016.08.18 02:56:59.167,1.45039,1.45057,1.31,1.00
2016.08.18 02:56:59.269,1.45039,1.45055,1.31,1.00
2016.08.18 02:56:59.626,1.45039,1.45055,1.25,1.00
2016.08.18 02:57:00.612,1.45039,1.45055,1.19,1.00
2016.08.18 02:57:00.714,1.45039,1.45055,1.00,1.00
2016.08.18 02:57:00.766,1.45039,1.45057,1.00,1.00
2016.08.18 02:57:00.817,1.45039,1.45057,1.12,1.00
2016.08.18 02:57:01.110,1.45039,1.45055,1.12,1.00
2016.08.18 02:57:02.446,1.45039,1.45055,1.25,1.00
2016.08.18 02:57:03.878,1.45036,1.45054,1.94,1.00
2016.08.18 02:57:03.929,1.45036,1.45054,1.31,1.00
2016.08.18 02:57:03.981,1.45035,1.45056,1.69,1.00
2016.08.18 02:57:04.033,1.45035,1.45056,1.12,1.00
2016.08.18 02:57:04.084,1.45035,1.45054,1.12,1.00
2016.08.18 02:57:04.289,1.45035,1.45054,1.00,1.00
2016.08.18 02:57:04.915,1.45034,1.45055,1.00,1.50
2016.08.18 02:57:04.967,1.45034,1.45054,1.00,1.00
2016.08.18 02:57:05.018,1.45034,1.45054,1.56,1.00
2016.08.18 02:57:05.380,1.45036,1.45055,1.31,1.00
2016.08.18 02:57:05.482,1.45034,1.45055,2.06,1.00
2016.08.18 02:57:05.903,1.45034,1.45055,1.56,1.00
2016.08.18 02:57:05.954,1.45034,1.45055,1.25,1.12
2016.08.18 02:57:06.056,1.45034,1.45052,1.25,1.00
2016.08.18 02:57:06.485,1.45033,1.45052,1.31,1.00
2016.08.18 02:57:07.361,1.45032,1.45052,1.69,1.00
2016.08.18 02:57:07.463,1.45031,1.45052,2.06,1.00
2016.08.18 02:57:07.769,1.45031,1.45051,1.31,1.00
2016.08.18 02:57:08.202,1.45031,1.45052,2.06,1.00
2016.08.18 02:57:11.094,1.45031,1.45052,1.31,1.00
2016.08.18 02:57:11.196,1.4503,1.45054,1.94,1.50
2016.08.18 02:57:11.248,1.4503,1.45054,1.56,1.50
2016.08.18 02:57:11.543,1.4503,1.45046,1.56,1.00
2016.08.18 02:57:11.595,1.4503,1.45048,1.56,1.00
2016.08.18 02:57:11.697,1.45031,1.45052,1.56,1.00
2016.08.18 02:57:11.902,1.45029,1.45052,2.44,1.00
2016.08.18 02:57:12.005,1.4503,1.45052,1.56,1.00
2016.08.18 02:57:12.209,1.4503,1.45053,1.56,1.50
2016.08.18 02:57:12.724,1.4503,1.45053,1.56,2.25
2016.08.18 02:57:12.775,1.45029,1.45053,1.69,2.25
2016.08.18 02:57:12.877,1.4503,1.45051,1.56,1.00
2016.08.18 02:57:12.979,1.45028,1.45051,2.81,1.00
2016.08.18 02:57:13.668,1.45028,1.4505,1.31,1.00
2016.08.18 02:57:15.602,1.45029,1.45052,2.44,1.00
2016.08.18 02:57:15.705,1.45029,1.4505,2.44,1.00
2016.08.18 02:57:15.757,1.45029,1.4505,1.69,1.00
2016.08.18 02:57:15.860,1.45029,1.4505,1.12,1.00
2016.08.18 02:57:16.397,1.45027,1.45049,1.75,1.00
2016.08.18 02:57:16.499,1.45027,1.45049,1.37,1.00
2016.08.18 02:57:16.550,1.45027,1.45049,1.00,1.00
2016.08.18 02:57:16.602,1.45026,1.45048,1.00,1.12
2016.08.18 02:57:16.779,1.45026,1.45049,1.00,1.50
2016.08.18 02:57:17.149,1.45025,1.45046,1.50,1.00
2016.08.18 02:57:17.204,1.45025,1.45047,1.00,1.00
2016.08.18 02:57:17.686,1.45025,1.4505,1.50,1.75
2016.08.18 02:57:17.754,1.45027,1.4505,1.12,1.00
2016.08.18 02:57:18.059,1.45027,1.45048,1.12,1.00
2016.08.18 02:57:18.110,1.45027,1.4505,1.12,1.00
2016.08.18 02:57:19.111,1.45026,1.4505,1.50,1.00
2016.08.18 02:57:19.213,1.45026,1.4505,2.25,1.00
2016.08.18 02:57:22.901,1.45026,1.4505,1.50,1.00
2016.08.18 02:57:23.501,1.45027,1.4505,1.12,1.00
2016.08.18 02:57:23.908,1.45026,1.4505,1.50,1.00
2016.08.18 02:57:24.664,1.45028,1.45052,1.00,1.12
2016.08.18 02:57:24.722,1.45035,1.45055,1.00,1.00
2016.08.18 02:57:24.825,1.45033,1.45056,1.12,1.87
2016.08.18 02:57:24.877,1.45033,1.45056,1.12,1.50
2016.08.18 02:57:24.929,1.45032,1.45056,1.50,1.00
2016.08.18 02:57:25.033,1.45035,1.45056,1.00,1.00
2016.08.18 02:57:25.085,1.45035,1.45059,1.00,1.50
2016.08.18 02:57:25.136,1.45035,1.4506,1.00,1.75
2016.08.18 02:57:25.611,1.45035,1.4506,1.37,1.37
2016.08.18 02:57:25.662,1.45035,1.4506,1.50,1.00
2016.08.18 02:57:25.714,1.45036,1.4506,1.12,1.00
2016.08.18 02:57:26.901,1.45035,1.4506,1.50,1.00
2016.08.18 02:57:27.581,1.45036,1.4506,1.12,1.00
2016.08.18 02:57:29.705,1.45035,1.4506,1.50,1.00
2016.08.18 02:57:30.318,1.45035,1.4506,1.50,1.12
2016.08.18 02:57:30.369,1.45034,1.4506,3.75,2.06
2016.08.18 02:57:30.420,1.45034,1.45059,2.25,1.00
2016.08.18 02:57:30.471,1.45034,1.45059,1.75,1.50
2016.08.18 02:57:30.522,1.45033,1.45056,3.00,1.00
2016.08.18 02:57:31.052,1.45033,1.45056,2.25,1.00
2016.08.18 02:57:31.721,1.45033,1.45056,1.75,1.00
2016.08.18 02:57:31.823,1.45033,1.45053,1.37,1.00
2016.08.18 02:57:31.874,1.45033,1.45053,1.00,1.00
2016.08.18 02:57:32.027,1.45033,1.45053,2.25,1.00
2016.08.18 02:57:32.631,1.45033,1.45053,1.00,1.00
2016.08.18 02:57:33.015,1.45033,1.45053,1.50,1.00
2016.08.18 02:57:33.117,1.45033,1.45053,1.00,1.00
2016.08.18 02:57:36.245,1.45032,1.45053,1.12,1.00
2016.08.18 02:57:37.784,1.45031,1.45053,2.25,1.00
2016.08.18 02:57:40.941,1.45031,1.45053,2.81,1.00
2016.08.18 02:57:41.638,1.45031,1.45053,2.06,1.00
2016.08.18 02:57:46.255,1.45031,1.45053,2.06,1.50
2016.08.18 02:57:46.655,1.45031,1.45053,1.69,1.50
2016.08.18 02:57:47.881,1.45031,1.45053,2.00,1.50
2016.08.18 02:57:51.562,1.45031,1.45052,2.00,1.00
2016.08.18 02:57:52.121,1.45031,1.45051,2.00,1.00
2016.08.18 02:57:54.168,1.45029,1.45051,2.44,1.00
2016.08.18 02:57:54.278,1.45029,1.45049,3.19,1.00
2016.08.18 02:57:54.951,1.45029,1.4505,2.44,1.00
2016.08.18 02:57:55.104,1.45029,1.4505,1.69,1.00
2016.08.18 02:57:55.206,1.45031,1.4505,1.25,1.00
2016.08.18 02:57:55.630,1.4503,1.45049,1.31,1.00
2016.08.18 02:57:55.681,1.4503,1.45049,1.19,1.00
2016.08.18 02:57:55.834,1.4503,1.45049,1.00,1.00
2016.08.18 02:57:55.885,1.45028,1.45049,1.25,1.00
2016.08.18 02:57:56.878,1.45027,1.45049,1.19,1.00
2016.08.18 02:57:58.909,1.45027,1.45051,1.19,1.87
2016.08.18 02:58:01.279,1.45029,1.45051,1.00,1.87
2016.08.18 02:58:02.786,1.45029,1.4505,1.00,1.00
2016.08.18 02:58:03.613,1.45029,1.4505,1.00,1.50
2016.08.18 02:58:07.841,1.45029,1.4505,1.12,1.50
2016.08.18 02:58:09.103,1.45029,1.4505,1.31,1.50
2016.08.18 02:58:11.187,1.45033,1.45058,1.75,1.31
2016.08.18 02:58:11.238,1.45033,1.45057,1.75,1.00
2016.08.18 02:58:11.443,1.45033,1.45055,1.75,1.00
2016.08.18 02:58:11.545,1.45033,1.45058,1.75,1.31
2016.08.18 02:58:11.749,1.45033,1.45058,1.75,1.56
2016.08.18 02:58:12.118,1.45033,1.45057,2.25,1.31
2016.08.18 02:58:13.278,1.45033,1.45058,1.75,2.06
2016.08.18 02:58:13.330,1.45033,1.45056,1.75,1.00
2016.08.18 02:58:14.356,1.45034,1.45056,1.56,1.00
2016.08.18 02:58:14.407,1.45034,1.45056,1.56,1.00
2016.08.18 02:58:14.459,1.45034,1.45056,1.31,1.00
2016.08.18 02:58:14.561,1.45034,1.45056,1.56,1.00
2016.08.18 02:58:14.612,1.45034,1.45057,1.69,1.37
2016.08.18 02:58:14.663,1.45035,1.45058,1.56,1.00
2016.08.18 02:58:14.715,1.45035,1.45058,1.56,1.00
2016.08.18 02:58:14.766,1.45036,1.45058,1.56,1.00
2016.08.18 02:58:15.387,1.45035,1.45056,1.56,1.00
2016.08.18 02:58:15.438,1.45033,1.45056,1.31,1.00
2016.08.18 02:58:16.494,1.45033,1.45055,1.31,1.12
2016.08.18 02:58:16.545,1.45033,1.45055,1.31,1.87
2016.08.18 02:58:16.629,1.45033,1.45054,1.31,1.00
2016.08.18 02:58:16.731,1.45033,1.45055,1.31,1.87
2016.08.18 02:58:16.946,1.45033,1.45055,1.31,1.50
2016.08.18 02:58:17.048,1.45033,1.45055,1.31,1.00
2016.08.18 02:58:17.627,1.4503,1.45054,3.56,1.00
2016.08.18 02:58:17.678,1.45031,1.45054,1.69,1.00
2016.08.18 02:58:18.163,1.45032,1.45053,1.31,1.00
2016.08.18 02:58:18.962,1.45033,1.45053,1.25,1.00
2016.08.18 02:58:21.158,1.45033,1.45054,1.25,1.00
2016.08.18 02:58:21.261,1.4503,1.45055,1.69,1.12
2016.08.18 02:58:21.599,1.45031,1.45055,1.94,1.00
2016.08.18 02:58:21.651,1.4503,1.45051,2.06,1.00
2016.08.18 02:58:21.702,1.4503,1.45051,1.31,1.00
2016.08.18 02:58:21.754,1.45029,1.45052,1.75,1.31
2016.08.18 02:58:21.806,1.45028,1.45052,1.75,1.31
2016.08.18 02:58:21.858,1.45028,1.4505,1.69,1.00
2016.08.18 02:58:21.909,1.45028,1.4505,1.19,1.00
2016.08.18 02:58:21.960,1.45027,1.45051,1.31,1.87
2016.08.18 02:58:22.011,1.45027,1.45051,1.31,2.62
2016.08.18 02:58:22.062,1.45026,1.45047,1.12,1.25
2016.08.18 02:58:22.114,1.45024,1.45047,1.75,1.25
2016.08.18 02:58:22.392,1.45024,1.45047,1.37,1.31
2016.08.18 02:58:22.443,1.4502,1.45044,2.44,1.12
2016.08.18 02:58:22.497,1.4502,1.45044,1.56,1.12
2016.08.18 02:58:22.653,1.45021,1.45044,2.06,1.12
2016.08.18 02:58:23.075,1.45023,1.45046,2.06,1.00
2016.08.18 02:58:23.178,1.45023,1.45047,2.81,1.87
2016.08.18 02:58:23.229,1.45023,1.45047,3.19,1.50
2016.08.18 02:58:23.551,1.45024,1.45047,1.56,1.50
2016.08.18 02:58:24.186,1.45024,1.45046,1.56,1.00
2016.08.18 02:58:24.389,1.45025,1.45046,1.19,1.00
2016.08.18 02:58:24.789,1.45025,1.45047,1.69,1.50
2016.08.18 02:58:24.840,1.45025,1.45047,1.69,1.00
2016.08.18 02:58:24.891,1.45025,1.45047,1.69,1.50
2016.08.18 02:58:24.942,1.45025,1.45044,1.69,1.00
2016.08.18 02:58:25.274,1.45025,1.45047,2.44,1.00
2016.08.18 02:58:25.376,1.45024,1.45045,2.06,1.00
2016.08.18 02:58:25.737,1.45025,1.45045,1.69,1.00
2016.08.18 02:58:25.840,1.45024,1.45044,1.69,1.00
2016.08.18 02:58:25.892,1.45021,1.45044,2.06,1.87
2016.08.18 02:58:25.943,1.45022,1.45044,1.00,2.25
2016.08.18 02:58:25.995,1.45022,1.45042,1.00,1.75
2016.08.18 02:58:26.046,1.45018,1.45042,1.31,1.50
2016.08.18 02:58:26.097,1.45019,1.45042,1.56,1.12
2016.08.18 02:58:26.250,1.45022,1.45042,1.31,1.12
2016.08.18 02:58:26.809,1.45023,1.45045,1.94,1.37
2016.08.18 02:58:26.861,1.45024,1.45049,1.69,1.12
2016.08.18 02:58:27.084,1.45024,1.45049,2.44,1.12
2016.08.18 02:58:27.390,1.45026,1.45048,1.31,1.00
2016.08.18 02:58:27.919,1.45026,1.45048,1.56,1.00
2016.08.18 02:58:28.078,1.45025,1.45047,1.56,1.00
2016.08.18 02:58:28.129,1.45025,1.45047,1.56,1.00
2016.08.18 02:58:28.180,1.45025,1.45047,1.00,1.00
2016.08.18 02:58:28.283,1.45023,1.45041,1.62,1.00
2016.08.18 02:58:28.489,1.4502,1.45042,1.69,1.00
2016.08.18 02:58:28.593,1.45021,1.4504,1.56,1.00
2016.08.18 02:58:28.879,1.45021,1.4504,1.56,1.50
2016.08.18 02:58:28.931,1.45019,1.4504,2.06,1.50
2016.08.18 02:58:29.086,1.45017,1.45039,2.06,1.00
2016.08.18 02:58:29.190,1.45019,1.45039,1.56,1.00
2016.08.18 02:58:29.292,1.45019,1.4504,1.56,1.50
2016.08.18 02:58:29.343,1.45017,1.4504,2.06,1.50
2016.08.18 02:58:29.394,1.45017,1.4504,1.56,2.25
2016.08.18 02:58:29.498,1.45017,1.45036,1.56,1.00
2016.08.18 02:58:29.550,1.45015,1.45036,2.06,1.00
2016.08.18 02:58:29.601,1.45015,1.45036,2.06,1.00
2016.08.18 02:58:29.868,1.45015,1.45036,1.94,1.00
2016.08.18 02:58:29.920,1.45015,1.45036,1.56,1.00
2016.08.18 02:58:30.191,1.45014,1.45035,2.06,1.00
2016.08.18 02:58:30.382,1.45014,1.45035,1.56,1.00
2016.08.18 02:58:30.433,1.45012,1.45034,1.69,1.00
2016.08.18 02:58:30.536,1.45012,1.45034,1.69,1.00
2016.08.18 02:58:36.568,1.45012,1.45034,3.19,1.00
2016.08.18 02:58:36.619,1.45012,1.45036,3.19,1.50
2016.08.18 02:58:36.671,1.45014,1.45036,1.56,1.50
2016.08.18 02:58:36.774,1.45012,1.45036,2.06,1.00
2016.08.18 02:58:37.302,1.45015,1.45037,1.19,1.87
2016.08.18 02:58:38.006,1.45015,1.45037,1.19,1.12
2016.08.18 02:58:38.261,1.45015,1.45036,1.19,1.00
2016.08.18 02:58:39.120,1.45018,1.45036,1.25,1.00
2016.08.18 02:58:39.171,1.45018,1.45037,1.19,1.12
2016.08.18 02:58:39.273,1.45019,1.45041,1.19,1.37
2016.08.18 02:58:39.324,1.45019,1.45041,1.19,1.00
2016.08.18 02:58:39.579,1.45019,1.45042,1.19,1.50
2016.08.18 02:58:39.630,1.4502,1.45043,1.19,2.62
2016.08.18 02:58:39.682,1.4502,1.45043,1.19,2.25
2016.08.18 02:58:40.003,1.45021,1.45044,1.31,1.12
2016.08.18 02:58:40.054,1.45022,1.45045,1.19,1.87
2016.08.18 02:58:40.730,1.45022,1.45044,1.19,1.00
2016.08.18 02:58:41.907,1.45017,1.4504,2.44,1.00
2016.08.18 02:58:42.009,1.45017,1.4504,1.69,1.50
2016.08.18 02:58:42.111,1.45016,1.45038,1.19,1.00
2016.08.18 02:58:42.213,1.45018,1.45039,1.19,1.00
2016.08.18 02:58:42.366,1.45018,1.45039,1.19,1.50
2016.08.18 02:58:44.565,1.45017,1.45039,1.19,1.50
2016.08.18 02:58:46.491,1.45017,1.45039,1.19,1.00
2016.08.18 02:58:47.197,1.45017,1.45037,1.19,1.00
2016.08.18 02:58:47.707,1.45018,1.45037,1.19,1.00
2016.08.18 02:58:47.981,1.45016,1.45039,1.19,1.00
2016.08.18 02:58:48.032,1.45016,1.45039,2.44,1.00
2016.08.18 02:58:48.134,1.45016,1.45039,1.69,1.00
2016.08.18 02:58:48.444,1.45018,1.45039,1.19,1.00
2016.08.18 02:58:48.612,1.45016,1.45039,1.69,1.00
2016.08.18 02:58:51.072,1.45016,1.4504,1.69,1.12
2016.08.18 02:58:51.124,1.45016,1.4504,1.19,1.12
2016.08.18 02:58:51.175,1.45016,1.45039,1.19,1.00
2016.08.18 02:58:51.496,1.45018,1.45039,1.19,1.00
2016.08.18 02:58:52.020,1.45018,1.45038,1.19,1.00
2016.08.18 02:58:57.423,1.45017,1.45038,1.19,1.00
2016.08.18 02:58:57.935,1.45016,1.45038,1.19,1.00
2016.08.18 02:59:00.381,1.45016,1.45039,1.19,1.87
2016.08.18 02:59:00.781,1.45016,1.45039,1.19,1.12
2016.08.18 02:59:01.664,1.45016,1.45039,1.19,1.37
2016.08.18 02:59:01.715,1.45016,1.45039,1.19,1.50
2016.08.18 02:59:01.766,1.45013,1.45037,1.69,1.00
2016.08.18 02:59:02.066,1.45017,1.45039,1.56,1.50
2016.08.18 02:59:02.118,1.45017,1.4504,2.06,2.25
2016.08.18 02:59:02.220,1.45017,1.4504,2.06,2.62
2016.08.18 02:59:02.321,1.45017,1.4504,2.06,2.25
2016.08.18 02:59:02.423,1.45017,1.4504,2.06,1.87
2016.08.18 02:59:02.474,1.45018,1.4504,1.56,1.50
2016.08.18 02:59:02.730,1.45018,1.45042,1.56,3.00
2016.08.18 02:59:02.781,1.45018,1.45039,1.56,1.00
2016.08.18 02:59:04.334,1.45018,1.4504,1.56,1.00
2016.08.18 02:59:04.650,1.45018,1.4504,2.06,1.00
2016.08.18 02:59:05.105,1.45018,1.4504,2.06,1.00
2016.08.18 02:59:05.392,1.45018,1.4504,2.81,1.00
2016.08.18 02:59:05.443,1.4502,1.45041,1.56,1.00
2016.08.18 02:59:05.546,1.45021,1.45043,1.31,1.87
2016.08.18 02:59:05.597,1.45021,1.45043,1.25,1.50
2016.08.18 02:59:05.649,1.45022,1.45044,1.00,1.75
2016.08.18 02:59:05.994,1.45022,1.45044,1.00,1.50
2016.08.18 02:59:06.046,1.45022,1.45044,1.00,1.12
2016.08.18 02:59:06.308,1.45022,1.45044,1.31,1.12
2016.08.18 02:59:07.090,1.45022,1.45044,1.31,1.00
2016.08.18 02:59:10.746,1.45023,1.45045,1.25,1.00
2016.08.18 02:59:13.251,1.45022,1.45044,1.31,1.00
2016.08.18 02:59:13.303,1.45022,1.45044,1.25,1.00
2016.08.18 02:59:13.355,1.45022,1.45044,1.25,1.50
2016.08.18 02:59:14.005,1.45022,1.45043,1.25,1.00
2016.08.18 02:59:14.058,1.45019,1.4504,2.81,1.00
2016.08.18 02:59:15.813,1.4502,1.4504,1.56,1.00
2016.08.18 02:59:15.864,1.4502,1.45042,1.56,1.00
2016.08.18 02:59:16.632,1.4502,1.45042,1.56,1.12
2016.08.18 02:59:18.728,1.4502,1.45042,1.56,1.37
2016.08.18 02:59:18.779,1.4502,1.4504,1.56,1.12
2016.08.18 02:59:19.034,1.4502,1.4504,1.56,1.12
2016.08.18 02:59:23.066,1.4502,1.4504,1.56,1.12
2016.08.18 02:59:23.117,1.4502,1.4504,1.56,1.00
2016.08.18 02:59:23.938,1.45021,1.4504,1.56,1.00
2016.08.18 02:59:24.503,1.45021,1.45041,1.56,1.00
2016.08.18 02:59:26.008,1.45019,1.45042,1.56,1.00
2016.08.18 02:59:26.059,1.45019,1.45042,1.56,1.50
2016.08.18 02:59:26.110,1.45019,1.45041,1.56,1.12
2016.08.18 02:59:26.161,1.45019,1.45039,1.56,1.12
2016.08.18 02:59:26.366,1.45019,1.45038,1.56,1.00
2016.08.18 02:59:26.417,1.45017,1.45038,1.56,1.00
2016.08.18 02:59:26.739,1.45017,1.45038,1.69,1.00
2016.08.18 02:59:26.791,1.45017,1.45039,1.62,1.50
2016.08.18 02:59:26.946,1.45017,1.45039,1.31,1.00
2016.08.18 02:59:26.998,1.45018,1.4504,1.69,1.50
2016.08.18 02:59:27.051,1.45018,1.45038,1.69,1.00
2016.08.18 02:59:28.207,1.45019,1.45038,1.31,1.00
2016.08.18 02:59:28.258,1.45019,1.45039,1.56,1.00
2016.08.18 02:59:28.310,1.45019,1.45039,2.06,1.00
2016.08.18 02:59:28.412,1.4502,1.45039,1.56,1.00
2016.08.18 02:59:30.152,1.4502,1.45042,1.56,1.87
2016.08.18 02:59:30.203,1.45019,1.45042,1.56,2.62
2016.08.18 02:59:30.254,1.45019,1.45037,1.00,1.00
2016.08.18 02:59:30.551,1.45015,1.45036,1.00,1.87
2016.08.18 02:59:30.603,1.45013,1.45036,1.31,1.87
2016.08.18 02:59:30.654,1.45013,1.45033,1.56,1.00
2016.08.18 02:59:31.010,1.45015,1.45033,1.31,1.00
2016.08.18 02:59:31.061,1.45015,1.45034,1.56,1.00
2016.08.18 02:59:31.112,1.45017,1.45034,1.56,1.00
2016.08.18 02:59:31.214,1.45015,1.45034,2.06,1.00
2016.08.18 02:59:33.860,1.45015,1.45036,1.69,1.50
2016.08.18 02:59:33.962,1.45015,1.45036,1.25,1.50
2016.08.18 02:59:34.217,1.45018,1.45036,1.00,1.00
2016.08.18 02:59:35.562,1.45018,1.45037,1.00,1.00
2016.08.18 02:59:35.971,1.45018,1.45035,1.00,1.00
2016.08.18 02:59:36.023,1.45015,1.45035,1.25,1.00
2016.08.18 02:59:37.169,1.45015,1.45034,1.25,1.00
2016.08.18 02:59:37.860,1.45015,1.45035,1.00,1.00
2016.08.18 02:59:40.357,1.45015,1.45036,1.00,1.50
2016.08.18 02:59:40.561,1.45015,1.45035,1.00,1.00
2016.08.18 02:59:41.297,1.45015,1.45036,1.00,1.50
2016.08.18 02:59:41.759,1.45015,1.45035,1.00,1.00
2016.08.18 02:59:42.594,1.45015,1.45034,1.00,1.00
2016.08.18 02:59:43.440,1.45015,1.45034,1.31,1.00
2016.08.18 02:59:44.426,1.45016,1.45034,1.25,1.00
2016.08.18 02:59:44.478,1.45016,1.45036,1.25,1.00
2016.08.18 02:59:45.125,1.45016,1.45037,1.25,1.00
2016.08.18 02:59:47.064,1.45016,1.45035,1.25,1.00
2016.08.18 02:59:47.931,1.45013,1.45035,1.69,1.00
2016.08.18 02:59:48.291,1.45013,1.45034,1.31,1.50
2016.08.18 02:59:48.350,1.45015,1.45034,1.00,1.50
2016.08.18 02:59:48.401,1.45015,1.45034,1.00,1.12
2016.08.18 02:59:48.452,1.45015,1.45034,1.00,1.00
2016.08.18 02:59:49.143,1.45015,1.45035,1.00,1.00
2016.08.18 02:59:50.256,1.45015,1.45035,1.25,1.00
2016.08.18 02:59:51.916,1.45015,1.45036,1.56,1.50
2016.08.18 02:59:51.967,1.45016,1.45039,2.06,1.50
2016.08.18 02:59:52.600,1.45016,1.4504,2.06,3.00
2016.08.18 02:59:52.652,1.45016,1.4504,1.56,2.25
2016.08.18 02:59:52.743,1.45016,1.4504,2.06,2.25
2016.08.18 02:59:52.794,1.45016,1.4504,2.06,1.75
2016.08.18 02:59:52.845,1.45017,1.4504,1.56,1.75
2016.08.18 02:59:55.831,1.45017,1.45041,1.56,1.75
2016.08.18 02:59:56.319,1.45018,1.4504,1.56,1.00
2016.08.18 02:59:56.370,1.45018,1.4504,1.00,1.00
2016.08.18 02:59:56.421,1.45019,1.45042,1.00,1.50
2016.08.18 02:59:56.696,1.45018,1.45042,1.00,2.62
2016.08.18 02:59:56.798,1.45018,1.45042,1.00,2.25
2016.08.18 02:59:56.849,1.45018,1.45042,1.50,2.25
2016.08.18 02:59:56.902,1.45018,1.45042,1.50,1.50
2016.08.18 02:59:57.004,1.45018,1.45042,1.87,1.12
2016.08.18 02:59:57.056,1.45018,1.45042,2.25,1.00
2016.08.18 02:59:57.993,1.45018,1.45041,2.25,1.00
2016.08.18 02:59:58.044,1.45018,1.45041,1.50,1.12
2016.08.18 02:59:58.280,1.45018,1.45042,1.50,1.50
2016.08.18 02:59:58.331,1.45018,1.45041,1.00,1.12
2016.08.18 02:59:58.433,1.45018,1.45041,1.50,1.00
2016.08.18 02:59:59.154,1.45018,1.45042,2.25,1.00
2016.08.18 02:59:59.205,1.45018,1.45042,2.25,1.00
2016.08.18 02:59:59.256,1.45018,1.45043,2.25,1.00
2016.08.18 02:59:59.976,1.45018,1.45043,3.00,1.00
