2012.04.06 08:00:01.290,1.29648,1.29677,1.50,1.35
2012.04.06 08:00:06.570,1.29649,1.29679,1.50,2.25
2012.04.06 08:00:07.011,1.2965,1.29682,2.25,1.50
2012.04.06 08:00:10.114,1.29651,1.29683,3.00,2.10
2012.04.06 08:00:10.691,1.29652,1.29683,1.50,2.10
2012.04.06 08:00:11.943,1.29651,1.29682,1.50,1.50
2012.04.06 08:00:12.575,1.29651,1.29683,2.25,1.35
2012.04.06 08:00:14.594,1.29651,1.29683,1.50,2.10
2012.04.06 08:00:14.734,1.2965,1.29682,1.50,2.25
2012.04.06 08:00:18.757,1.2965,1.29682,2.25,2.25
2012.04.06 08:00:19.297,1.29652,1.29683,3.00,1.35
2012.04.06 08:00:19.873,1.29653,1.29683,1.50,1.35
2012.04.06 08:00:20.143,1.29655,1.29685,1.50,1.50
2012.04.06 08:00:20.676,1.29655,1.29685,1.50,1.50
2012.04.06 08:00:21.138,1.29652,1.29684,1.50,2.25
2012.04.06 08:00:21.913,1.29653,1.29684,1.50,2.25
2012.04.06 08:00:22.433,1.29657,1.29685,1.50,1.50
2012.04.06 08:00:23.223,1.29657,1.29687,1.50,1.50
2012.04.06 08:00:26.271,1.29658,1.2969,1.50,1.50
2012.04.06 08:00:26.463,1.29659,1.29691,1.50,2.25
2012.04.06 08:00:26.534,1.29659,1.29691,2.25,1.50
2012.04.06 08:00:31.050,1.29659,1.29691,1.50,1.52
2012.04.06 08:00:31.642,1.29661,1.29691,1.50,1.50
2012.04.06 08:00:42.641,1.29663,1.29693,1.50,1.88
2012.04.06 08:00:44.641,1.29665,1.29694,1.50,1.50
2012.04.06 08:00:45.051,1.29668,1.29696,1.13,4.50
2012.04.06 08:00:45.661,1.29668,1.29698,1.13,1.50
2012.04.06 08:00:46.792,1.29667,1.29699,1.50,1.88
2012.04.06 08:00:47.270,1.29667,1.29698,1.13,1.50
2012.04.06 08:00:53.299,1.2967,1.29698,1.50,1.88
2012.04.06 08:00:53.690,1.29673,1.29698,1.50,1.13
2012.04.06 08:00:58.473,1.29675,1.29698,1.50,1.13
2012.04.06 08:00:59.663,1.2968,1.29699,1.13,1.13
2012.04.06 08:01:00.191,1.29679,1.29699,1.13,1.13
2012.04.06 08:01:00.271,1.29683,1.29711,1.13,1.13
2012.04.06 08:01:00.403,1.29685,1.29713,1.13,1.14
2012.04.06 08:01:00.959,1.29684,1.29713,1.13,1.14
2012.04.06 08:01:01.492,1.29685,1.29713,1.13,1.89
2012.04.06 08:01:02.005,1.29686,1.29713,1.13,1.89
2012.04.06 08:01:05.270,1.29685,1.29713,1.50,1.89
2012.04.06 08:01:07.100,1.29683,1.29713,1.88,1.89
2012.04.06 08:01:07.583,1.29683,1.29711,1.50,1.52
2012.04.06 08:01:07.718,1.29681,1.29709,1.50,1.50
2012.04.06 08:01:08.260,1.29681,1.29709,1.50,1.50
2012.04.06 08:01:14.312,1.2968,1.29709,1.88,1.13
2012.04.06 08:01:14.510,1.29681,1.29709,1.13,1.13
2012.04.06 08:01:14.834,1.29686,1.29713,1.13,1.89
2012.04.06 08:01:15.304,1.29686,1.29715,1.13,1.14
2012.04.06 08:01:15.713,1.29686,1.29715,1.88,1.89
2012.04.06 08:01:16.471,1.29689,1.29715,1.13,1.89
2012.04.06 08:01:17.117,1.29689,1.29715,1.13,1.52
2012.04.06 08:01:17.475,1.29693,1.2972,1.13,1.89
2012.04.06 08:01:18.494,1.29691,1.29721,1.13,1.14
2012.04.06 08:01:20.013,1.29691,1.29718,1.13,1.52
2012.04.06 08:01:20.584,1.29693,1.2972,1.13,1.50
2012.04.06 08:01:20.726,1.29694,1.29722,1.50,2.63
2012.04.06 08:01:21.007,1.29704,1.29726,1.88,1.50
2012.04.06 08:01:21.216,1.29705,1.29727,1.50,1.50
2012.04.06 08:01:21.281,1.29708,1.29732,1.13,1.13
2012.04.06 08:01:21.736,1.29708,1.29733,1.13,1.50
2012.04.06 08:01:21.825,1.29713,1.29734,1.13,1.50
2012.04.06 08:01:22.162,1.29719,1.29746,1.13,1.50
2012.04.06 08:01:22.239,1.29719,1.29747,1.13,2.25
2012.04.06 08:01:22.388,1.29721,1.29747,1.50,2.25
2012.04.06 08:01:22.832,1.29722,1.29753,1.50,2.27
2012.04.06 08:01:23.042,1.2972,1.29748,1.50,3.75
2012.04.06 08:01:23.373,1.29715,1.29745,1.50,1.50
2012.04.06 08:01:24.036,1.29715,1.29745,1.50,1.50
2012.04.06 08:01:24.436,1.29715,1.29745,1.50,1.52
2012.04.06 08:01:24.564,1.29715,1.29745,1.50,1.50
2012.04.06 08:01:24.634,1.29715,1.29745,1.50,1.50
2012.04.06 08:01:24.763,1.29712,1.2974,1.50,1.50
2012.04.06 08:01:24.832,1.2971,1.29736,1.50,1.13
2012.04.06 08:01:25.040,1.2971,1.2974,1.50,1.50
2012.04.06 08:01:25.531,1.2971,1.29739,1.50,3.00
2012.04.06 08:01:25.861,1.29708,1.29734,1.13,1.52
2012.04.06 08:01:25.930,1.29707,1.29734,1.13,1.52
2012.04.06 08:01:26.264,1.29703,1.29728,1.50,1.50
2012.04.06 08:01:26.333,1.29699,1.29726,1.50,1.50
2012.04.06 08:01:26.404,1.29699,1.29726,1.50,1.50
2012.04.06 08:01:26.659,1.29699,1.29732,1.88,1.50
2012.04.06 08:01:27.318,1.29706,1.29735,1.50,2.25
2012.04.06 08:01:27.399,1.29706,1.29735,1.50,1.50
2012.04.06 08:01:27.538,1.29703,1.29735,1.50,3.00
2012.04.06 08:01:27.914,1.29702,1.29733,1.50,1.50
2012.04.06 08:01:28.240,1.29699,1.29734,3.75,1.50
2012.04.06 08:01:30.213,1.29697,1.29728,1.13,1.13
2012.04.06 08:01:30.542,1.297,1.29726,1.13,1.13
2012.04.06 08:01:31.043,1.29699,1.29728,1.13,1.13
2012.04.06 08:01:31.123,1.29699,1.29723,1.50,1.13
2012.04.06 08:01:31.190,1.29699,1.29723,1.50,1.13
2012.04.06 08:01:31.340,1.29699,1.29732,1.50,1.50
2012.04.06 08:01:31.724,1.29698,1.29732,1.88,1.50
2012.04.06 08:01:36.580,1.29699,1.29732,1.50,1.50
2012.04.06 08:01:36.911,1.29705,1.29733,1.13,1.50
2012.04.06 08:01:41.128,1.29705,1.29738,1.50,2.87
2012.04.06 08:01:41.205,1.29705,1.29734,1.50,1.50
2012.04.06 08:01:41.422,1.29705,1.29734,1.50,3.00
2012.04.06 08:01:41.993,1.29703,1.29733,1.50,2.25
2012.04.06 08:01:44.953,1.29705,1.29738,1.50,1.89
2012.04.06 08:01:45.234,1.29703,1.2973,1.50,1.50
2012.04.06 08:01:45.573,1.297,1.29723,2.25,1.50
2012.04.06 08:01:45.853,1.297,1.29736,1.50,3.00
2012.04.06 08:01:45.987,1.297,1.29737,1.88,1.52
2012.04.06 08:01:46.506,1.29702,1.29737,2.25,1.50
2012.04.06 08:01:48.655,1.29702,1.29735,1.50,1.50
2012.04.06 08:01:48.983,1.29698,1.29729,1.88,2.63
2012.04.06 08:01:49.265,1.29701,1.29735,1.50,3.00
2012.04.06 08:01:49.403,1.29701,1.29735,1.50,1.50
2012.04.06 08:01:49.752,1.29703,1.29735,1.50,1.50
2012.04.06 08:01:50.810,1.29703,1.29739,1.50,1.50
2012.04.06 08:01:52.037,1.29706,1.29739,1.50,1.50
2012.04.06 08:01:54.024,1.29711,1.29739,1.50,1.50
2012.04.06 08:01:54.151,1.29714,1.29739,1.50,1.50
2012.04.06 08:01:54.222,1.29712,1.29739,1.13,1.50
2012.04.06 08:01:54.291,1.29709,1.29739,2.25,1.50
2012.04.06 08:01:54.361,1.29709,1.29739,1.50,1.50
2012.04.06 08:01:54.920,1.29708,1.29739,2.25,1.50
2012.04.06 08:01:56.542,1.2971,1.29739,1.50,1.50
2012.04.06 08:01:56.892,1.29717,1.29742,1.50,1.50
2012.04.06 08:01:58.932,1.29712,1.29742,2.63,1.50
2012.04.06 08:01:59.076,1.29714,1.29742,1.50,1.50
2012.04.06 08:01:59.222,1.29712,1.29742,1.50,1.50
2012.04.06 08:02:00.010,1.29709,1.29742,2.25,1.50
2012.04.06 08:02:03.650,1.2971,1.29744,2.25,1.50
2012.04.06 08:02:04.620,1.2971,1.29742,1.50,1.50
2012.04.06 08:02:04.952,1.29706,1.29739,2.25,1.14
2012.04.06 08:02:05.023,1.29706,1.29735,1.50,1.88
2012.04.06 08:02:05.091,1.29702,1.29735,1.50,1.88
2012.04.06 08:02:05.861,1.29703,1.29732,2.25,1.50
2012.04.06 08:02:06.003,1.29707,1.29736,1.50,1.50
2012.04.06 08:02:06.073,1.29707,1.29736,1.50,1.50
2012.04.06 08:02:06.672,1.29703,1.29736,2.25,1.88
2012.04.06 08:02:07.017,1.29703,1.29732,1.50,1.50
2012.04.06 08:02:07.291,1.29704,1.29733,1.50,1.50
2012.04.06 08:02:09.976,1.29704,1.29732,1.50,1.13
2012.04.06 08:02:10.053,1.29704,1.29731,1.50,1.13
2012.04.06 08:02:10.266,1.29701,1.29732,3.00,1.50
2012.04.06 08:02:10.782,1.29703,1.2973,1.50,1.50
2012.04.06 08:02:11.652,1.29701,1.2973,1.50,1.50
2012.04.06 08:02:12.241,1.297,1.2973,3.00,1.50
2012.04.06 08:02:12.773,1.29703,1.2973,1.50,1.50
2012.04.06 08:02:12.973,1.29703,1.29733,1.50,2.25
2012.04.06 08:02:13.475,1.29703,1.2973,1.50,1.13
2012.04.06 08:02:13.543,1.297,1.2973,2.25,1.13
2012.04.06 08:02:13.915,1.29695,1.29727,2.25,1.50
2012.04.06 08:02:13.982,1.29698,1.29727,1.50,1.50
2012.04.06 08:02:14.880,1.29697,1.29727,1.50,1.50
2012.04.06 08:02:15.394,1.29698,1.29727,1.50,1.50
2012.04.06 08:02:17.457,1.29698,1.29727,1.88,1.50
2012.04.06 08:02:17.927,1.29703,1.29727,1.50,1.50
2012.04.06 08:02:18.013,1.29703,1.29733,1.50,1.50
2012.04.06 08:02:21.051,1.29698,1.29731,3.00,1.50
2012.04.06 08:02:22.248,1.29701,1.29725,1.50,1.50
2012.04.06 08:02:22.331,1.29697,1.29724,1.50,1.50
2012.04.06 08:02:22.934,1.29699,1.29724,1.50,1.50
2012.04.06 08:02:23.274,1.29701,1.29724,1.50,1.50
2012.04.06 08:02:23.664,1.29701,1.29727,1.50,1.50
2012.04.06 08:02:24.254,1.29701,1.29728,1.50,1.50
2012.04.06 08:02:26.041,1.29696,1.29728,3.00,1.50
2012.04.06 08:02:28.838,1.29696,1.29727,3.75,1.50
2012.04.06 08:02:29.160,1.29692,1.2972,1.50,1.50
2012.04.06 08:02:33.941,1.29689,1.2972,2.25,1.50
2012.04.06 08:02:34.012,1.29689,1.29719,2.25,1.50
2012.04.06 08:02:34.083,1.29689,1.29719,1.50,1.50
2012.04.06 08:02:34.155,1.29688,1.29716,1.50,1.50
2012.04.06 08:02:34.298,1.29683,1.29716,1.50,1.50
2012.04.06 08:02:34.372,1.29682,1.29716,1.50,1.50
2012.04.06 08:02:34.683,1.29685,1.29716,1.50,1.50
2012.04.06 08:02:35.002,1.29683,1.29713,2.25,1.50
2012.04.06 08:02:35.525,1.29683,1.29713,2.25,1.50
2012.04.06 08:02:36.062,1.29684,1.29716,1.50,1.50
2012.04.06 08:02:36.135,1.29688,1.29716,1.50,1.50
2012.04.06 08:02:36.701,1.29688,1.29719,1.50,1.50
2012.04.06 08:02:36.850,1.2969,1.2972,1.50,1.50
2012.04.06 08:02:36.994,1.29688,1.2972,1.50,1.50
2012.04.06 08:02:37.064,1.29688,1.2972,2.25,1.50
2012.04.06 08:02:37.803,1.29688,1.29719,1.50,1.50
2012.04.06 08:02:38.724,1.29689,1.29719,1.50,1.50
2012.04.06 08:02:39.281,1.29689,1.29719,1.50,1.50
2012.04.06 08:02:43.789,1.29689,1.29719,1.50,1.50
2012.04.06 08:02:44.685,1.29692,1.29721,1.13,1.50
2012.04.06 08:02:45.022,1.29695,1.29724,1.50,1.50
2012.04.06 08:02:45.748,1.29694,1.29726,1.50,1.50
2012.04.06 08:02:47.493,1.29694,1.29726,2.25,1.50
2012.04.06 08:02:48.133,1.29696,1.29729,1.50,1.50
2012.04.06 08:02:50.145,1.29696,1.29729,1.50,1.50
2012.04.06 08:02:50.741,1.29694,1.29726,1.50,1.50
2012.04.06 08:02:53.460,1.29697,1.29728,1.50,1.50
2012.04.06 08:02:55.341,1.29697,1.29728,1.50,1.50
2012.04.06 08:02:55.794,1.29697,1.29728,1.50,1.50
2012.04.06 08:02:56.339,1.29697,1.29728,1.50,1.50
2012.04.06 08:03:02.050,1.29697,1.29728,1.50,1.50
2012.04.06 08:03:03.975,1.29697,1.29727,1.50,1.50
2012.04.06 08:03:04.303,1.29695,1.29722,1.50,1.50
2012.04.06 08:03:12.411,1.29694,1.29722,1.50,1.50
2012.04.06 08:03:12.659,1.29694,1.29721,1.50,1.50
2012.04.06 08:03:15.532,1.29693,1.29721,1.50,1.50
2012.04.06 08:03:15.791,1.29692,1.29722,1.50,1.50
2012.04.06 08:03:16.315,1.29692,1.29722,1.50,1.50
2012.04.06 08:03:16.882,1.29694,1.29722,1.50,1.50
2012.04.06 08:03:17.813,1.29694,1.29727,1.50,2.25
2012.04.06 08:03:17.887,1.29694,1.29727,1.50,2.25
2012.04.06 08:03:18.033,1.29695,1.29727,1.50,2.25
2012.04.06 08:03:22.290,1.29696,1.29727,1.50,2.25
2012.04.06 08:03:24.169,1.29696,1.29727,1.50,2.25
2012.04.06 08:03:25.676,1.29696,1.29727,1.50,2.25
2012.04.06 08:03:29.420,1.29696,1.29727,2.25,2.25
2012.04.06 08:03:30.726,1.29697,1.29727,2.25,2.25
2012.04.06 08:03:34.665,1.29697,1.29727,2.25,2.25
2012.04.06 08:03:35.469,1.29697,1.29727,2.25,2.25
2012.04.06 08:03:39.831,1.29699,1.29727,1.50,1.50
2012.04.06 08:03:40.449,1.29699,1.29727,2.25,1.50
2012.04.06 08:03:45.561,1.29699,1.29727,2.25,1.50
2012.04.06 08:03:52.722,1.29701,1.29727,1.50,1.50
2012.04.06 08:03:53.634,1.29701,1.29727,1.50,1.50
2012.04.06 08:03:55.530,1.29701,1.29727,1.50,1.50
2012.04.06 08:03:56.909,1.29701,1.29727,1.50,1.50
2012.04.06 08:03:57.557,1.29701,1.29727,1.50,1.50
2012.04.06 08:03:58.428,1.29697,1.29727,1.50,1.50
2012.04.06 08:03:59.191,1.29697,1.29727,1.50,1.50
2012.04.06 08:04:04.453,1.29697,1.29727,1.50,1.50
2012.04.06 08:04:06.898,1.29701,1.29729,1.50,1.50
2012.04.06 08:04:07.402,1.29701,1.29733,2.25,1.50
2012.04.06 08:04:07.473,1.29701,1.29733,2.25,1.50
2012.04.06 08:04:07.761,1.29702,1.29733,1.50,1.50
2012.04.06 08:04:08.369,1.29707,1.29733,1.88,1.50
2012.04.06 08:04:08.662,1.29711,1.29741,2.25,2.85
2012.04.06 08:04:09.181,1.29711,1.29741,3.00,1.50
2012.04.06 08:04:09.710,1.29711,1.29741,3.00,1.50
2012.04.06 08:04:09.783,1.29711,1.29741,3.00,1.50
2012.04.06 08:04:10.539,1.29712,1.29741,1.50,1.50
2012.04.06 08:04:10.871,1.29713,1.29741,1.50,1.50
2012.04.06 08:04:11.049,1.29713,1.29742,1.50,1.50
2012.04.06 08:04:11.434,1.29711,1.29741,2.25,1.50
2012.04.06 08:04:11.975,1.29714,1.29742,1.50,1.50
2012.04.06 08:04:15.689,1.29713,1.29742,1.50,1.50
2012.04.06 08:04:19.710,1.29712,1.29742,1.50,1.50
2012.04.06 08:04:19.779,1.29712,1.29741,1.50,1.50
2012.04.06 08:04:29.400,1.29711,1.29739,2.25,1.50
2012.04.06 08:04:30.950,1.29711,1.29737,1.50,1.50
2012.04.06 08:04:31.324,1.29707,1.29735,1.50,1.50
2012.04.06 08:04:38.715,1.29705,1.29735,1.50,1.50
2012.04.06 08:04:41.183,1.29705,1.29735,1.50,1.50
2012.04.06 08:04:43.344,1.29705,1.29735,1.50,1.50
2012.04.06 08:04:51.720,1.29705,1.29735,1.50,1.50
2012.04.06 08:04:57.536,1.29704,1.29735,2.25,1.50
2012.04.06 08:04:59.992,1.29704,1.29735,2.25,1.50
2012.04.06 08:05:01.101,1.29704,1.29735,2.63,1.50
2012.04.06 08:05:02.151,1.29704,1.29735,2.63,1.50
2012.04.06 08:05:02.641,1.29704,1.29735,2.25,1.50
2012.04.06 08:05:02.947,1.29704,1.29735,1.50,1.50
2012.04.06 08:05:08.445,1.29705,1.29735,1.50,1.50
2012.04.06 08:05:16.373,1.29704,1.29735,1.50,1.50
2012.04.06 08:05:17.202,1.29704,1.29735,2.25,1.50
2012.04.06 08:05:17.985,1.29706,1.29735,1.50,2.25
2012.04.06 08:05:19.037,1.29704,1.29735,1.50,2.25
2012.04.06 08:05:25.679,1.29704,1.29735,1.50,2.25
2012.04.06 08:05:26.516,1.29704,1.29735,1.50,2.25
2012.04.06 08:05:26.912,1.29707,1.29735,1.50,1.50
2012.04.06 08:05:27.317,1.29708,1.29737,1.50,1.50
2012.04.06 08:05:28.082,1.29705,1.29734,2.25,1.50
2012.04.06 08:05:28.772,1.29705,1.29734,2.25,1.50
2012.04.06 08:05:30.382,1.29705,1.29734,2.25,1.50
2012.04.06 08:05:33.291,1.29707,1.29734,1.50,1.50
2012.04.06 08:05:33.689,1.29705,1.29734,2.25,1.50
2012.04.06 08:05:34.331,1.29707,1.29734,2.25,1.50
2012.04.06 08:05:35.616,1.29709,1.29734,1.50,1.50
2012.04.06 08:05:37.110,1.29711,1.29734,1.50,1.50
2012.04.06 08:05:37.625,1.29712,1.29737,1.50,1.50
2012.04.06 08:05:37.890,1.29712,1.29737,1.50,1.50
2012.04.06 08:05:43.931,1.29715,1.29737,1.50,1.50
2012.04.06 08:05:44.124,1.29716,1.2974,1.50,1.50
2012.04.06 08:05:46.702,1.29716,1.2974,1.50,1.50
2012.04.06 08:05:48.734,1.29716,1.2974,1.50,1.52
2012.04.06 08:05:49.496,1.29716,1.2974,1.50,1.52
2012.04.06 08:05:49.606,1.29716,1.2974,1.50,1.52
2012.04.06 08:05:54.918,1.29714,1.2974,1.13,1.52
2012.04.06 08:06:00.872,1.29714,1.2974,1.50,1.50
2012.04.06 08:06:04.260,1.29714,1.2974,1.13,1.52
2012.04.06 08:06:12.451,1.29707,1.29735,1.50,1.13
2012.04.06 08:06:12.583,1.29707,1.29735,1.50,1.13
2012.04.06 08:06:12.902,1.29707,1.29733,1.50,1.88
2012.04.06 08:06:13.600,1.29707,1.29734,1.50,1.50
2012.04.06 08:06:14.543,1.29707,1.29735,2.25,1.50
2012.04.06 08:06:16.878,1.29707,1.29736,2.63,1.50
2012.04.06 08:06:21.852,1.29708,1.29736,1.50,1.13
2012.04.06 08:06:23.123,1.29708,1.29737,1.50,1.13
2012.04.06 08:06:26.446,1.29707,1.29737,1.88,1.13
2012.04.06 08:06:26.948,1.29707,1.29734,1.88,2.25
2012.04.06 08:06:27.294,1.29703,1.2973,1.43,1.88
2012.04.06 08:06:27.796,1.29703,1.29728,1.43,1.50
2012.04.06 08:06:28.579,1.29705,1.2973,1.43,2.25
2012.04.06 08:06:29.502,1.29705,1.2973,2.18,1.50
2012.04.06 08:06:40.325,1.29705,1.29733,1.43,1.13
2012.04.06 08:06:42.060,1.29705,1.2973,1.43,1.13
2012.04.06 08:06:45.361,1.29705,1.29729,1.43,1.13
2012.04.06 08:06:46.036,1.29705,1.29729,1.43,1.13
2012.04.06 08:06:46.404,1.29703,1.29729,1.43,1.13
2012.04.06 08:06:47.095,1.29703,1.29729,2.18,1.13
2012.04.06 08:06:47.691,1.29703,1.29729,1.43,1.13
2012.04.06 08:06:49.943,1.29703,1.29731,2.18,1.13
2012.04.06 08:06:51.317,1.29703,1.29731,1.43,1.13
2012.04.06 08:06:52.781,1.29703,1.29731,2.18,1.13
2012.04.06 08:06:58.517,1.29706,1.29737,1.88,2.63
2012.04.06 08:06:59.045,1.29705,1.29734,1.05,1.88
2012.04.06 08:06:59.746,1.29705,1.29734,1.13,1.88
2012.04.06 08:07:00.680,1.29704,1.29732,1.43,1.13
2012.04.06 08:07:01.280,1.29701,1.29731,1.43,1.50
2012.04.06 08:07:24.774,1.29704,1.29734,1.43,1.50
2012.04.06 08:07:25.035,1.29705,1.29737,1.43,1.50
2012.04.06 08:07:25.222,1.29704,1.29737,2.55,2.25
2012.04.06 08:07:26.384,1.29705,1.29737,1.43,2.25
2012.04.06 08:07:26.912,1.29705,1.29737,1.05,2.25
2012.04.06 08:07:28.095,1.29705,1.29737,1.05,2.25
2012.04.06 08:07:29.712,1.29704,1.29737,1.50,2.25
2012.04.06 08:07:30.353,1.29704,1.29737,1.50,2.25
2012.04.06 08:07:35.401,1.29701,1.29732,1.50,1.50
2012.04.06 08:07:35.911,1.29701,1.29732,1.50,1.50
2012.04.06 08:07:35.989,1.29699,1.29731,1.50,1.50
2012.04.06 08:07:38.145,1.29698,1.29729,1.50,1.50
2012.04.06 08:07:40.317,1.29698,1.29729,1.50,1.50
2012.04.06 08:07:43.061,1.29698,1.29729,1.50,1.50
2012.04.06 08:07:45.630,1.29698,1.29729,2.25,1.50
2012.04.06 08:07:48.032,1.29698,1.29729,1.50,1.50
2012.04.06 08:07:56.046,1.29698,1.29729,1.50,1.50
2012.04.06 08:08:02.099,1.297,1.29734,1.50,1.50
2012.04.06 08:08:02.715,1.29701,1.29734,1.50,1.50
2012.04.06 08:08:05.588,1.29703,1.29734,1.50,1.50
2012.04.06 08:08:08.354,1.29703,1.29734,1.50,1.50
2012.04.06 08:08:14.435,1.29703,1.29734,1.50,1.50
2012.04.06 08:08:15.613,1.29703,1.29734,1.50,1.50
2012.04.06 08:08:18.012,1.29703,1.29734,1.50,1.50
2012.04.06 08:08:20.675,1.29703,1.29734,1.50,1.50
2012.04.06 08:08:21.625,1.29703,1.29734,1.50,1.50
2012.04.06 08:08:25.651,1.29703,1.29734,1.50,1.50
2012.04.06 08:08:35.701,1.29703,1.29734,1.50,1.50
2012.04.06 08:08:36.532,1.29703,1.29734,1.50,1.50
2012.04.06 08:08:38.389,1.29703,1.29734,1.50,1.50
2012.04.06 08:08:45.685,1.29703,1.29734,1.50,1.50
2012.04.06 08:08:55.555,1.29703,1.29734,1.50,1.50
2012.04.06 08:08:57.002,1.29706,1.29738,1.50,1.50
2012.04.06 08:08:57.535,1.29705,1.29735,1.88,1.50
2012.04.06 08:09:05.622,1.29701,1.29732,2.25,1.50
2012.04.06 08:09:09.150,1.297,1.29732,2.25,1.50
2012.04.06 08:09:10.291,1.297,1.29732,1.50,1.50
2012.04.06 08:09:18.666,1.29699,1.29732,1.50,1.50
2012.04.06 08:09:29.040,1.29698,1.29728,2.25,1.50
2012.04.06 08:09:38.785,1.29697,1.29727,1.50,1.50
2012.04.06 08:09:39.314,1.29698,1.29727,1.50,1.50
2012.04.06 08:09:39.761,1.29695,1.29725,1.50,1.50
2012.04.06 08:09:40.374,1.29695,1.29726,1.50,1.50
2012.04.06 08:09:43.501,1.29696,1.29725,1.50,1.50
2012.04.06 08:09:44.453,1.29696,1.29725,1.50,1.50
2012.04.06 08:09:45.599,1.29696,1.29725,1.50,1.50
2012.04.06 08:09:55.619,1.29696,1.29725,1.50,1.50
2012.04.06 08:09:57.643,1.29696,1.29725,1.50,1.50
2012.04.06 08:09:59.796,1.29696,1.29725,1.50,1.50
2012.04.06 08:10:00.394,1.29696,1.29725,1.50,1.50
2012.04.06 08:10:00.641,1.29693,1.29725,2.25,1.50
2012.04.06 08:10:05.680,1.29695,1.29725,1.50,1.50
2012.04.06 08:10:15.670,1.29695,1.29725,1.50,1.50
2012.04.06 08:10:25.664,1.29693,1.29728,1.50,1.50
2012.04.06 08:10:27.523,1.29693,1.29726,1.50,1.13
2012.04.06 08:10:27.775,1.29696,1.29727,1.50,2.25
2012.04.06 08:10:28.885,1.29696,1.29729,2.25,2.63
2012.04.06 08:10:29.743,1.29696,1.29729,1.50,2.63
2012.04.06 08:10:39.533,1.29697,1.29729,1.50,2.63
2012.04.06 08:10:50.499,1.29694,1.29724,2.18,1.13
2012.04.06 08:10:51.080,1.29694,1.29723,1.43,1.13
2012.04.06 08:10:51.179,1.29695,1.29721,1.13,2.25
2012.04.06 08:10:51.683,1.29695,1.29725,1.88,1.50
2012.04.06 08:10:54.083,1.29692,1.29723,1.50,1.50
2012.04.06 08:10:55.365,1.29692,1.29723,1.50,1.50
2012.04.06 08:10:56.003,1.29689,1.29719,1.50,1.50
2012.04.06 08:10:56.675,1.29689,1.29719,1.50,1.50
2012.04.06 08:10:57.288,1.29689,1.29719,2.25,1.50
2012.04.06 08:10:57.991,1.29689,1.29719,2.25,1.50
2012.04.06 08:11:00.239,1.29696,1.29719,1.50,1.50
2012.04.06 08:11:00.322,1.29691,1.29719,1.13,1.50
2012.04.06 08:11:00.592,1.29693,1.29727,2.25,1.50
2012.04.06 08:11:00.662,1.29693,1.29725,2.25,1.50
2012.04.06 08:11:05.562,1.29693,1.29724,1.50,1.13
2012.04.06 08:11:06.695,1.29695,1.29724,1.50,1.13
2012.04.06 08:11:07.324,1.29689,1.29721,1.50,1.50
2012.04.06 08:11:10.742,1.2969,1.29718,1.50,1.50
2012.04.06 08:11:11.012,1.29689,1.29717,1.50,1.50
2012.04.06 08:11:11.464,1.29686,1.29717,1.50,1.50
2012.04.06 08:11:12.113,1.29686,1.29715,1.50,1.50
2012.04.06 08:11:12.330,1.29689,1.29715,1.50,1.50
2012.04.06 08:11:12.676,1.29691,1.29718,1.50,1.50
2012.04.06 08:11:15.620,1.29691,1.29721,3.00,1.50
2012.04.06 08:11:16.163,1.29695,1.29725,1.50,2.25
2012.04.06 08:11:16.847,1.29695,1.29725,1.50,2.25
2012.04.06 08:11:17.977,1.29695,1.29722,1.50,1.13
2012.04.06 08:11:18.052,1.29691,1.29719,1.50,1.13
2012.04.06 08:11:18.818,1.29691,1.29719,2.25,1.13
2012.04.06 08:11:19.212,1.29691,1.29721,1.50,1.13
2012.04.06 08:11:35.682,1.29689,1.2972,1.43,2.25
2012.04.06 08:11:38.966,1.2969,1.29719,1.50,1.50
2012.04.06 08:12:05.675,1.29691,1.29719,1.50,1.50
2012.04.06 08:12:09.662,1.29691,1.29719,1.50,1.50
2012.04.06 08:12:20.933,1.29691,1.29721,1.50,1.50
2012.04.06 08:12:53.136,1.29691,1.29723,1.50,2.25
2012.04.06 08:12:53.212,1.29697,1.29723,1.13,2.25
2012.04.06 08:12:56.175,1.29696,1.29721,1.43,1.50
2012.04.06 08:13:00.068,1.29696,1.29721,1.43,1.50
2012.04.06 08:13:38.403,1.29697,1.2972,1.13,1.88
2012.04.06 08:13:42.033,1.29697,1.2972,1.05,1.88
2012.04.06 08:13:45.872,1.29697,1.2972,1.05,1.13
2012.04.06 08:13:50.974,1.29696,1.29719,1.43,1.13
2012.04.06 08:13:51.623,1.29696,1.29718,1.43,1.50
2012.04.06 08:13:51.693,1.29696,1.29718,1.43,1.50
2012.04.06 08:14:26.343,1.29696,1.29717,1.13,1.50
2012.04.06 08:14:26.604,1.29691,1.29716,2.18,1.13
2012.04.06 08:14:32.468,1.29691,1.29711,1.43,1.50
2012.04.06 08:14:33.348,1.29688,1.29708,1.43,1.50
2012.04.06 08:14:33.882,1.29688,1.29708,1.43,1.50
2012.04.06 08:14:41.874,1.29683,1.29708,1.43,1.50
2012.04.06 08:14:56.491,1.29683,1.29708,1.43,2.25
2012.04.06 08:15:04.041,1.29682,1.29708,2.18,2.25
2012.04.06 08:15:04.271,1.29683,1.29706,1.43,1.50
2012.04.06 08:15:05.342,1.29682,1.29705,2.18,1.50
2012.04.06 08:15:05.884,1.29682,1.29705,1.43,1.50
2012.04.06 08:15:06.404,1.29683,1.29709,1.43,1.35
2012.04.06 08:15:06.805,1.29684,1.29711,1.05,1.13
2012.04.06 08:15:10.105,1.29683,1.29708,1.43,1.50
2012.04.06 08:15:10.244,1.29683,1.29706,1.43,1.13
2012.04.06 08:15:27.941,1.29684,1.29709,1.05,1.50
2012.04.06 08:16:20.078,1.29684,1.29714,1.05,1.88
2012.04.06 08:16:20.627,1.29688,1.29718,1.50,1.13
2012.04.06 08:16:26.186,1.29689,1.29718,1.50,1.13
2012.04.06 08:16:30.050,1.29689,1.29718,1.50,1.13
2012.04.06 08:16:30.837,1.29689,1.2972,1.50,1.13
2012.04.06 08:16:33.115,1.29689,1.2972,1.50,1.13
2012.04.06 08:16:35.588,1.29689,1.2972,1.50,1.13
2012.04.06 08:16:36.284,1.2969,1.29721,1.50,1.50
2012.04.06 08:16:37.568,1.2969,1.29721,1.50,1.50
2012.04.06 08:16:45.772,1.2969,1.29721,1.50,1.50
2012.04.06 08:16:50.083,1.29691,1.29721,2.25,1.50
2012.04.06 08:16:50.295,1.29691,1.29721,2.25,1.50
2012.04.06 08:16:54.822,1.29691,1.29723,1.50,3.38
2012.04.06 08:16:55.196,1.29693,1.29723,1.50,2.25
2012.04.06 08:16:58.003,1.29695,1.29724,1.50,1.50
2012.04.06 08:16:59.182,1.29695,1.29724,1.50,1.50
2012.04.06 08:17:07.453,1.29695,1.29723,1.50,1.88
2012.04.06 08:17:08.322,1.29695,1.29722,1.50,1.13
2012.04.06 08:17:15.524,1.29693,1.29719,1.50,1.13
2012.04.06 08:17:16.316,1.29692,1.29718,1.13,1.13
2012.04.06 08:17:39.652,1.29692,1.29719,1.05,1.13
2012.04.06 08:17:40.908,1.29691,1.29715,1.43,1.50
2012.04.06 08:17:41.176,1.29691,1.29713,1.43,1.13
2012.04.06 08:17:41.816,1.29691,1.29713,1.43,1.13
2012.04.06 08:17:42.355,1.29691,1.29713,1.43,1.13
2012.04.06 08:17:45.871,1.29691,1.29713,1.43,1.13
2012.04.06 08:17:50.592,1.29691,1.29713,1.43,1.13
2012.04.06 08:18:00.813,1.29691,1.29713,1.43,1.13
2012.04.06 08:18:18.061,1.29685,1.29713,1.43,1.13
2012.04.06 08:18:22.295,1.29683,1.29714,2.25,1.13
2012.04.06 08:18:22.363,1.29683,1.29711,1.50,1.50
2012.04.06 08:18:25.817,1.29683,1.29711,1.50,1.50
2012.04.06 08:18:33.095,1.29683,1.29711,1.50,1.50
2012.04.06 08:18:45.995,1.29681,1.29711,1.50,1.50
2012.04.06 08:18:47.468,1.29681,1.29711,1.50,1.50
2012.04.06 08:18:48.161,1.29681,1.29711,1.50,1.50
2012.04.06 08:18:50.174,1.29681,1.29711,1.50,1.50
2012.04.06 08:18:50.727,1.29681,1.29711,1.50,1.50
2012.04.06 08:18:51.233,1.29683,1.29714,1.50,1.13
2012.04.06 08:19:48.883,1.29683,1.29712,1.73,1.13
2012.04.06 08:19:50.183,1.29681,1.29711,1.50,1.50
2012.04.06 08:19:50.374,1.29678,1.29711,1.88,1.50
2012.04.06 08:19:50.443,1.29678,1.29708,1.13,1.50
2012.04.06 08:20:00.382,1.29678,1.29708,1.13,1.50
2012.04.06 08:20:02.841,1.29677,1.2971,2.63,1.50
2012.04.06 08:20:02.914,1.29677,1.2971,1.88,1.50
2012.04.06 08:20:04.724,1.29677,1.2971,1.88,1.50
2012.04.06 08:20:05.072,1.29678,1.29708,1.13,1.50
2012.04.06 08:20:05.458,1.29678,1.29708,1.13,1.50
2012.04.06 08:20:07.036,1.29678,1.29708,1.88,1.50
2012.04.06 08:20:18.359,1.29678,1.29708,1.13,1.50
2012.04.06 08:20:35.810,1.29678,1.29708,1.88,1.50
2012.04.06 08:20:48.066,1.29678,1.29708,1.88,1.50
2012.04.06 08:20:53.002,1.29678,1.2971,2.63,1.13
2012.04.06 08:20:53.318,1.29681,1.29715,1.50,1.88
2012.04.06 08:20:53.511,1.29681,1.29711,1.50,1.50
2012.04.06 08:21:21.399,1.29681,1.2971,1.50,1.50
2012.04.06 08:21:26.133,1.2968,1.2971,3.75,1.50
2012.04.06 08:21:29.352,1.2968,1.2971,3.00,1.50
2012.04.06 08:21:35.101,1.2968,1.29713,3.75,1.50
2012.04.06 08:21:35.865,1.2968,1.29713,3.75,1.50
2012.04.06 08:21:37.310,1.2968,1.2971,3.00,1.50
2012.04.06 08:21:37.524,1.2968,1.29706,1.50,1.50
2012.04.06 08:21:45.951,1.29677,1.29706,2.63,1.50
2012.04.06 08:21:56.451,1.29679,1.2971,2.25,1.50
2012.04.06 08:21:56.648,1.29681,1.2971,1.50,1.50
2012.04.06 08:21:58.303,1.29682,1.29713,1.50,1.50
2012.04.06 08:22:33.026,1.29682,1.29713,1.50,1.50
2012.04.06 08:22:33.387,1.29683,1.29716,3.75,1.13
2012.04.06 08:22:33.455,1.29684,1.29716,1.50,1.13
2012.04.06 08:22:34.167,1.29684,1.29717,1.50,1.50
2012.04.06 08:22:40.373,1.29684,1.29717,2.25,1.50
2012.04.06 08:22:40.933,1.29687,1.29719,1.50,1.50
2012.04.06 08:22:42.733,1.29687,1.2972,2.25,1.50
2012.04.06 08:22:52.567,1.29687,1.2972,1.88,1.50
2012.04.06 08:22:52.637,1.29688,1.2972,1.13,1.50
2012.04.06 08:22:52.952,1.2969,1.29723,1.50,3.00
2012.04.06 08:23:12.015,1.29691,1.29723,1.50,2.25
2012.04.06 08:23:15.962,1.29689,1.29721,1.50,1.50
2012.04.06 08:23:18.042,1.29689,1.29721,1.50,1.50
2012.04.06 08:23:18.556,1.29689,1.29721,1.50,1.50
2012.04.06 08:23:20.514,1.29689,1.29717,1.50,4.50
2012.04.06 08:23:20.871,1.29686,1.29716,1.50,1.50
2012.04.06 08:23:20.948,1.29685,1.29716,1.50,1.50
2012.04.06 08:23:21.133,1.29685,1.29715,1.50,1.50
2012.04.06 08:23:22.163,1.29683,1.29715,2.25,2.25
2012.04.06 08:23:24.572,1.29683,1.29715,2.25,2.25
2012.04.06 08:23:24.703,1.29683,1.29714,1.50,1.50
2012.04.06 08:23:25.264,1.29683,1.29714,1.50,1.50
2012.04.06 08:23:25.900,1.29683,1.29714,1.50,1.50
2012.04.06 08:23:26.716,1.29683,1.29714,1.50,1.50
2012.04.06 08:23:30.158,1.29684,1.29714,1.50,1.50
2012.04.06 08:23:30.489,1.29683,1.29715,3.00,1.50
2012.04.06 08:23:30.565,1.29685,1.29718,2.25,1.50
2012.04.06 08:23:31.396,1.29686,1.29721,1.50,1.50
2012.04.06 08:23:31.469,1.29688,1.29721,1.50,1.50
2012.04.06 08:23:35.645,1.29688,1.2972,1.50,1.13
2012.04.06 08:23:35.717,1.29688,1.29703,1.50,1.50
2012.04.06 08:23:35.856,1.29685,1.2971,2.25,1.50
2012.04.06 08:23:35.929,1.29685,1.2971,1.50,1.50
2012.04.06 08:23:36.065,1.29685,1.2971,1.50,1.50
2012.04.06 08:23:36.139,1.29682,1.2971,1.13,2.25
2012.04.06 08:23:36.293,1.29682,1.2971,1.50,1.88
2012.04.06 08:23:36.373,1.29684,1.2971,1.50,1.13
2012.04.06 08:23:36.835,1.29686,1.29717,1.50,1.50
2012.04.06 08:23:37.036,1.29688,1.29719,1.50,1.50
2012.04.06 08:23:38.943,1.29688,1.29719,1.50,1.50
2012.04.06 08:23:41.776,1.2969,1.29721,1.50,1.88
2012.04.06 08:23:41.862,1.29693,1.29724,1.50,2.25
2012.04.06 08:23:43.561,1.29693,1.29724,1.50,1.50
2012.04.06 08:23:43.776,1.29696,1.29725,1.50,1.50
2012.04.06 08:23:44.054,1.29697,1.29731,1.50,2.25
2012.04.06 08:23:51.581,1.29698,1.29731,1.50,2.25
2012.04.06 08:24:06.013,1.29698,1.29731,2.25,2.25
2012.04.06 08:24:12.798,1.29699,1.29731,1.50,2.25
2012.04.06 08:24:12.868,1.29699,1.29731,1.50,2.25
2012.04.06 08:24:13.193,1.29699,1.29731,3.00,1.50
2012.04.06 08:24:13.647,1.29702,1.29731,1.50,1.50
2012.04.06 08:24:14.161,1.29701,1.29731,1.50,1.50
2012.04.06 08:24:15.966,1.297,1.29731,1.50,1.50
2012.04.06 08:24:16.529,1.29697,1.29729,2.25,1.50
2012.04.06 08:24:17.197,1.29697,1.29727,1.50,1.50
2012.04.06 08:24:17.517,1.29697,1.29727,1.50,1.50
2012.04.06 08:24:19.412,1.29697,1.29727,1.50,1.50
2012.04.06 08:24:23.555,1.29698,1.29727,1.50,1.50
2012.04.06 08:24:24.111,1.29697,1.29727,1.50,1.50
2012.04.06 08:24:25.995,1.29697,1.29727,1.50,1.50
2012.04.06 08:24:26.245,1.29697,1.29728,1.50,1.50
2012.04.06 08:24:26.690,1.29698,1.29728,1.50,1.50
2012.04.06 08:24:27.278,1.29697,1.29724,1.50,1.50
2012.04.06 08:24:27.851,1.29696,1.29724,1.50,1.50
2012.04.06 08:24:35.962,1.29696,1.29724,1.50,1.50
2012.04.06 08:24:41.826,1.29696,1.29723,1.50,1.50
2012.04.06 08:24:42.314,1.29692,1.29721,1.50,2.63
2012.04.06 08:24:42.444,1.29692,1.29719,1.50,1.50
2012.04.06 08:24:42.633,1.29691,1.29723,3.75,1.50
2012.04.06 08:24:43.916,1.29691,1.29723,3.00,1.50
2012.04.06 08:24:47.606,1.29696,1.29723,1.50,2.25
2012.04.06 08:24:52.532,1.29695,1.29723,1.50,1.50
2012.04.06 08:24:52.723,1.29695,1.29723,1.50,1.50
2012.04.06 08:24:58.054,1.29695,1.29723,1.50,1.50
2012.04.06 08:24:58.944,1.29695,1.29723,2.25,1.50
2012.04.06 08:25:10.473,1.29697,1.29723,1.50,1.50
2012.04.06 08:25:20.016,1.29695,1.29723,1.50,1.50
2012.04.06 08:25:20.861,1.29695,1.29723,1.50,1.50
2012.04.06 08:25:24.457,1.29695,1.29723,1.50,1.50
2012.04.06 08:25:26.323,1.29695,1.29723,1.50,1.50
2012.04.06 08:25:27.136,1.29695,1.29723,1.50,1.50
2012.04.06 08:25:28.584,1.29695,1.29723,1.50,1.50
2012.04.06 08:25:32.563,1.29695,1.29725,1.50,2.25
2012.04.06 08:25:33.131,1.29695,1.29725,1.50,2.25
2012.04.06 08:25:33.756,1.29695,1.29725,1.50,2.25
2012.04.06 08:25:35.677,1.29695,1.29725,1.50,2.25
2012.04.06 08:25:39.002,1.29695,1.29725,1.50,2.25
2012.04.06 08:25:40.243,1.29695,1.29725,1.50,2.25
2012.04.06 08:25:43.816,1.29696,1.29725,1.50,1.50
2012.04.06 08:25:51.222,1.29696,1.29725,1.50,1.50
2012.04.06 08:25:54.577,1.29696,1.29725,1.50,1.50
2012.04.06 08:25:54.906,1.29696,1.29725,1.50,1.50
2012.04.06 08:25:57.510,1.29696,1.29725,1.50,1.50
2012.04.06 08:25:58.683,1.29696,1.29727,1.50,1.88
2012.04.06 08:25:59.397,1.29696,1.29727,1.50,1.88
2012.04.06 08:25:59.462,1.29696,1.29727,1.50,1.88
2012.04.06 08:26:10.802,1.29696,1.29727,1.50,1.88
2012.04.06 08:26:11.524,1.29696,1.29727,1.50,1.88
2012.04.06 08:26:12.558,1.29696,1.29727,1.50,1.89
2012.04.06 08:26:13.197,1.29696,1.29727,1.50,1.89
2012.04.06 08:26:15.207,1.29696,1.29727,1.50,1.89
2012.04.06 08:26:16.562,1.29696,1.29723,1.50,1.50
2012.04.06 08:26:20.096,1.29696,1.29723,1.50,1.50
2012.04.06 08:26:21.203,1.29696,1.29723,1.50,1.50
2012.04.06 08:26:21.816,1.29696,1.29724,1.50,1.50
2012.04.06 08:26:22.082,1.29693,1.29724,1.50,1.50
2012.04.06 08:26:32.577,1.29692,1.29724,1.50,1.50
2012.04.06 08:26:33.747,1.29692,1.29724,1.50,1.50
2012.04.06 08:26:35.413,1.29692,1.29724,1.50,1.50
2012.04.06 08:26:35.621,1.29692,1.29724,1.50,1.50
2012.04.06 08:26:35.692,1.29692,1.29724,1.50,1.50
2012.04.06 08:26:37.297,1.29692,1.29724,1.50,1.50
2012.04.06 08:26:37.516,1.29692,1.29724,1.50,1.50
2012.04.06 08:26:37.891,1.29692,1.29724,1.50,1.50
2012.04.06 08:26:41.594,1.29692,1.29724,1.50,1.50
2012.04.06 08:26:42.205,1.29692,1.29724,1.50,1.50
2012.04.06 08:26:42.356,1.29692,1.29724,1.50,1.50
2012.04.06 08:26:46.803,1.29692,1.29724,1.50,1.50
2012.04.06 08:27:09.312,1.29692,1.29723,1.50,1.50
2012.04.06 08:27:10.157,1.29692,1.29719,1.50,1.50
2012.04.06 08:27:39.267,1.29692,1.29719,1.50,1.50
2012.04.06 08:27:39.338,1.29687,1.29717,1.50,1.37
2012.04.06 08:27:39.481,1.29687,1.29717,1.50,1.37
2012.04.06 08:27:39.621,1.29684,1.2971,2.25,1.50
2012.04.06 08:27:40.458,1.29682,1.2971,2.10,1.50
2012.04.06 08:27:41.530,1.29682,1.2971,2.10,1.50
2012.04.06 08:27:42.204,1.29682,1.2971,2.10,1.50
2012.04.06 08:27:42.645,1.29682,1.2971,2.10,1.50
2012.04.06 08:27:42.974,1.29687,1.29713,1.35,1.50
2012.04.06 08:27:43.642,1.29689,1.29715,1.50,1.88
2012.04.06 08:27:44.675,1.29689,1.2972,1.50,1.50
2012.04.06 08:27:44.744,1.29689,1.2972,1.50,1.50
2012.04.06 08:27:44.875,1.29689,1.2972,1.50,1.50
2012.04.06 08:27:45.133,1.29689,1.2972,1.50,1.50
2012.04.06 08:27:46.217,1.29689,1.2972,1.50,1.50
2012.04.06 08:27:47.732,1.29689,1.2972,1.50,1.50
2012.04.06 08:27:47.805,1.29689,1.2972,1.50,1.50
2012.04.06 08:27:48.262,1.29689,1.2972,1.50,1.50
2012.04.06 08:28:01.182,1.29689,1.2972,1.50,1.50
2012.04.06 08:28:03.190,1.29689,1.2972,1.50,1.50
2012.04.06 08:28:03.806,1.29692,1.2972,1.50,1.50
2012.04.06 08:28:09.765,1.29692,1.2972,1.50,1.50
2012.04.06 08:28:17.405,1.29692,1.29725,1.50,1.52
2012.04.06 08:28:19.693,1.29692,1.29722,1.50,1.50
2012.04.06 08:28:19.767,1.29692,1.29722,1.50,2.25
2012.04.06 08:28:21.380,1.29692,1.29722,1.50,2.25
2012.04.06 08:28:21.694,1.29692,1.29722,1.50,1.50
2012.04.06 08:28:25.278,1.29692,1.29722,1.50,1.50
2012.04.06 08:28:30.113,1.29692,1.29722,1.50,1.50
2012.04.06 08:28:43.586,1.29692,1.29722,1.50,1.50
2012.04.06 08:28:44.114,1.29692,1.29721,1.50,1.50
2012.04.06 08:28:48.325,1.29692,1.29721,1.50,1.50
2012.04.06 08:28:49.486,1.2969,1.29721,1.50,2.25
2012.04.06 08:28:49.673,1.2969,1.29718,1.50,1.50
2012.04.06 08:29:06.885,1.2969,1.29718,1.50,1.50
2012.04.06 08:29:12.174,1.29691,1.29721,1.50,1.50
2012.04.06 08:29:13.057,1.29691,1.29721,1.50,1.50
2012.04.06 08:29:32.162,1.29691,1.29721,1.50,1.50
2012.04.06 08:29:48.531,1.2969,1.29718,2.25,5.85
2012.04.06 08:29:48.613,1.29688,1.29718,2.25,2.10
2012.04.06 08:29:48.696,1.29687,1.29709,1.50,1.50
2012.04.06 08:29:48.767,1.29686,1.29714,1.13,3.00
2012.04.06 08:29:49.708,1.29686,1.29713,1.13,1.50
2012.04.06 08:29:49.777,1.29686,1.29717,1.13,3.02
2012.04.06 08:29:54.736,1.29686,1.29717,3.00,1.52
2012.04.06 08:29:55.200,1.29686,1.29717,3.00,1.50
2012.04.06 08:29:59.982,1.29686,1.29717,3.00,1.50
2012.04.06 08:30:00.998,1.29686,1.29717,3.00,1.50
2012.04.06 08:30:02.381,1.29686,1.29717,3.00,1.50
2012.04.06 08:30:02.453,1.29686,1.29717,3.00,1.50
2012.04.06 08:30:03.462,1.29686,1.29717,3.00,1.50
2012.04.06 08:30:07.942,1.29686,1.29717,3.00,1.50
2012.04.06 08:30:08.906,1.29686,1.29717,3.00,1.50
2012.04.06 08:30:09.073,1.29686,1.29717,3.00,1.50
2012.04.06 08:30:26.987,1.29687,1.29717,1.50,1.50
2012.04.06 08:30:28.263,1.29687,1.29717,1.50,1.50
2012.04.06 08:30:28.779,1.29687,1.29717,1.50,1.50
2012.04.06 08:30:30.744,1.29687,1.29717,1.50,1.52
2012.04.06 08:30:30.833,1.29687,1.29717,1.50,1.52
2012.04.06 08:31:05.710,1.29684,1.29717,1.88,1.52
2012.04.06 08:31:06.044,1.29684,1.29713,1.13,1.50
2012.04.06 08:31:07.005,1.29684,1.29713,1.13,1.50
2012.04.06 08:31:07.565,1.29682,1.29713,1.50,1.50
2012.04.06 08:31:07.809,1.29682,1.29713,1.50,1.50
2012.04.06 08:31:15.707,1.29681,1.29713,1.50,1.50
2012.04.06 08:31:37.115,1.29679,1.29711,1.50,1.50
2012.04.06 08:32:06.161,1.29678,1.29712,1.50,2.25
2012.04.06 08:32:08.898,1.29681,1.29712,1.50,2.25
2012.04.06 08:32:09.083,1.29684,1.29714,1.50,1.50
2012.04.06 08:32:20.996,1.29684,1.29714,1.50,1.50
2012.04.06 08:32:23.385,1.29684,1.29714,2.25,1.50
2012.04.06 08:32:23.457,1.29685,1.29714,1.50,1.50
2012.04.06 08:32:24.052,1.29685,1.29718,1.88,2.27
2012.04.06 08:32:32.156,1.29689,1.29715,1.50,1.52
2012.04.06 08:32:32.353,1.29689,1.29715,1.50,1.52
2012.04.06 08:32:32.906,1.29689,1.2972,2.25,3.02
2012.04.06 08:32:34.212,1.29689,1.2972,2.25,3.02
2012.04.06 08:32:34.615,1.29689,1.2972,2.25,3.02
2012.04.06 08:32:40.261,1.29689,1.29717,2.25,1.14
2012.04.06 08:32:40.609,1.29684,1.29713,1.13,2.25
2012.04.06 08:32:41.047,1.29684,1.29713,1.13,2.25
2012.04.06 08:32:47.098,1.29684,1.29715,1.13,3.00
2012.04.06 08:32:47.849,1.29685,1.29714,1.50,1.50
2012.04.06 08:32:47.924,1.29684,1.29717,2.63,1.52
2012.04.06 08:32:48.606,1.29685,1.29716,1.50,2.27
2012.04.06 08:32:49.145,1.29686,1.29717,1.50,1.52
2012.04.06 08:32:49.697,1.29685,1.29715,1.13,2.27
2012.04.06 08:32:50.542,1.29685,1.29712,1.13,1.50
2012.04.06 08:32:51.537,1.29685,1.29715,1.13,3.02
2012.04.06 08:32:53.127,1.29683,1.29715,2.63,3.02
2012.04.06 08:32:57.770,1.29684,1.29715,1.88,3.00
2012.04.06 08:33:27.765,1.29683,1.29715,3.38,3.00
2012.04.06 08:33:32.436,1.29683,1.29715,3.38,3.02
2012.04.06 08:33:33.127,1.29684,1.29715,1.13,3.02
2012.04.06 08:33:36.733,1.29684,1.29713,1.13,2.25
2012.04.06 08:33:39.224,1.29685,1.29715,1.13,3.00
2012.04.06 08:33:39.547,1.29685,1.29715,1.88,1.52
2012.04.06 08:33:40.062,1.29685,1.29717,2.63,1.52
2012.04.06 08:33:41.114,1.29686,1.29717,1.50,3.02
2012.04.06 08:33:41.532,1.29685,1.29717,1.50,1.52
2012.04.06 08:33:42.084,1.29686,1.29717,1.50,1.52
2012.04.06 08:33:42.600,1.29685,1.29718,1.50,3.02
2012.04.06 08:33:43.104,1.2969,1.29718,1.50,3.02
2012.04.06 08:33:47.906,1.29685,1.29716,1.50,2.27
2012.04.06 08:33:48.422,1.29685,1.29716,1.88,2.27
2012.04.06 08:33:48.497,1.29685,1.29718,2.63,3.02
2012.04.06 08:33:48.924,1.29685,1.29716,2.63,2.27
2012.04.06 08:33:49.617,1.29685,1.29718,2.63,3.02
2012.04.06 08:33:51.116,1.29685,1.29718,1.13,3.02
2012.04.06 08:33:52.661,1.29685,1.29715,1.13,2.25
2012.04.06 08:33:53.034,1.29683,1.29712,2.25,1.50
2012.04.06 08:33:58.173,1.29684,1.29712,1.13,1.50
2012.04.06 08:33:58.684,1.29686,1.29718,1.50,1.14
2012.04.06 08:33:59.344,1.29689,1.29719,2.63,1.52
2012.04.06 08:33:59.423,1.29689,1.29721,2.25,2.25
2012.04.06 08:33:59.628,1.29689,1.29717,2.25,1.50
2012.04.06 08:34:00.876,1.2969,1.29719,1.50,1.50
2012.04.06 08:34:01.410,1.2969,1.2972,1.50,1.50
2012.04.06 08:34:01.997,1.29689,1.29717,1.50,1.50
2012.04.06 08:34:07.895,1.29689,1.29721,1.50,2.25
2012.04.06 08:34:35.614,1.29691,1.29721,1.50,2.25
2012.04.06 08:34:42.458,1.29691,1.2972,1.50,1.50
2012.04.06 08:34:47.034,1.29691,1.29722,1.50,1.50
2012.04.06 08:34:50.143,1.29691,1.29722,1.50,1.50
2012.04.06 08:34:50.850,1.29691,1.29722,1.50,1.50
2012.04.06 08:34:59.753,1.2969,1.29723,1.50,2.25
2012.04.06 08:35:01.432,1.2969,1.29722,1.50,1.50
2012.04.06 08:35:01.502,1.2969,1.2972,1.50,1.50
2012.04.06 08:35:02.306,1.2969,1.2972,1.50,1.50
2012.04.06 08:35:02.433,1.2969,1.2972,1.50,1.50
2012.04.06 08:35:02.508,1.29689,1.2972,2.25,2.25
2012.04.06 08:35:02.829,1.29691,1.29723,1.50,1.50
2012.04.06 08:35:05.145,1.29691,1.29723,1.50,1.50
2012.04.06 08:35:05.465,1.29691,1.29721,1.50,2.25
2012.04.06 08:35:05.914,1.2969,1.29721,2.25,2.25
2012.04.06 08:35:06.444,1.29689,1.2972,1.50,1.50
2012.04.06 08:35:06.755,1.29688,1.29719,2.25,1.50
2012.04.06 08:35:07.364,1.29688,1.29719,1.50,1.50
2012.04.06 08:35:10.243,1.29688,1.29719,1.50,3.00
2012.04.06 08:35:11.187,1.29687,1.29719,1.50,1.50
2012.04.06 08:36:01.664,1.29687,1.2972,1.50,1.50
2012.04.06 08:36:02.457,1.29687,1.2972,1.50,1.50
2012.04.06 08:36:06.921,1.29687,1.29723,1.50,3.75
2012.04.06 08:36:07.117,1.29686,1.2972,1.50,1.50
2012.04.06 08:36:07.536,1.29685,1.29716,1.50,1.50
2012.04.06 08:36:20.556,1.29685,1.29716,1.50,1.50
2012.04.06 08:36:31.647,1.29686,1.29718,1.50,1.50
2012.04.06 08:36:32.168,1.29687,1.29719,1.50,1.50
2012.04.06 08:37:03.432,1.29688,1.29719,1.50,1.50
2012.04.06 08:37:14.967,1.29688,1.29719,1.50,1.50
2012.04.06 08:37:16.193,1.29686,1.29716,1.50,1.50
2012.04.06 08:37:29.010,1.29685,1.29713,1.50,1.13
2012.04.06 08:37:29.353,1.2968,1.29706,1.50,1.13
2012.04.06 08:37:29.434,1.29675,1.29706,1.88,1.13
2012.04.06 08:37:29.513,1.29675,1.29702,1.50,1.50
2012.04.06 08:37:30.366,1.29673,1.29703,3.00,1.50
2012.04.06 08:37:30.888,1.29674,1.29704,1.50,1.50
2012.04.06 08:37:31.227,1.29673,1.29708,3.00,3.00
2012.04.06 08:37:38.459,1.29675,1.29708,1.50,3.00
2012.04.06 08:37:38.767,1.29677,1.29708,1.50,1.50
2012.04.06 08:37:45.192,1.29677,1.29708,2.25,1.50
2012.04.06 08:37:46.068,1.29677,1.29708,2.25,1.50
2012.04.06 08:37:46.577,1.29682,1.29711,1.50,3.00
2012.04.06 08:37:47.098,1.29684,1.29714,1.50,3.00
2012.04.06 08:37:47.230,1.29684,1.29713,1.50,1.50
2012.04.06 08:37:47.447,1.29684,1.29713,2.25,1.50
2012.04.06 08:37:48.085,1.29683,1.29717,2.25,1.50
2012.04.06 08:37:57.164,1.29683,1.29711,1.50,4.50
2012.04.06 08:37:57.245,1.29682,1.29711,1.50,4.50
2012.04.06 08:37:57.323,1.29683,1.29714,1.50,4.50
2012.04.06 08:37:57.472,1.29678,1.29712,3.00,1.50
2012.04.06 08:37:57.554,1.29678,1.29712,3.00,1.50
2012.04.06 08:37:58.620,1.29677,1.29709,1.50,2.25
2012.04.06 08:38:17.191,1.29679,1.2971,1.50,1.50
2012.04.06 08:38:19.162,1.29677,1.29709,1.50,2.25
2012.04.06 08:38:19.235,1.29676,1.29709,1.50,2.25
2012.04.06 08:38:20.040,1.29676,1.2971,1.50,1.50
2012.04.06 08:38:23.581,1.29674,1.2971,2.25,1.50
2012.04.06 08:38:23.784,1.29675,1.29706,1.50,1.50
2012.04.06 08:38:24.107,1.29677,1.29711,2.25,1.50
2012.04.06 08:38:35.100,1.29675,1.29708,1.50,1.50
2012.04.06 08:38:41.090,1.29672,1.29708,1.50,1.50
2012.04.06 08:38:51.177,1.29678,1.29708,1.50,1.50
2012.04.06 08:38:51.320,1.29675,1.29708,3.00,1.50
2012.04.06 08:39:21.727,1.29678,1.29708,1.50,1.50
2012.04.06 08:39:22.046,1.29678,1.29708,1.50,1.50
2012.04.06 08:39:25.621,1.29678,1.29711,2.25,1.50
2012.04.06 08:39:26.399,1.29678,1.29711,2.25,1.50
2012.04.06 08:39:27.636,1.29678,1.29711,2.25,1.50
2012.04.06 08:39:29.941,1.29678,1.29711,2.25,1.50
2012.04.06 08:39:35.056,1.29678,1.29711,2.25,1.50
2012.04.06 08:39:35.446,1.29675,1.29707,1.50,1.50
2012.04.06 08:39:35.518,1.29676,1.29707,1.50,1.50
2012.04.06 08:40:22.920,1.29676,1.29707,1.50,1.50
2012.04.06 08:40:30.174,1.29675,1.29708,1.50,3.00
2012.04.06 08:40:33.524,1.29675,1.29708,1.50,3.00
2012.04.06 08:40:53.828,1.29675,1.29708,1.50,1.50
2012.04.06 08:40:54.101,1.29675,1.29708,1.50,1.50
2012.04.06 08:40:54.354,1.29675,1.29708,1.50,1.50
2012.04.06 08:40:55.394,1.29675,1.29708,1.50,1.50
2012.04.06 08:40:55.934,1.29675,1.29708,1.50,1.50
2012.04.06 08:40:57.222,1.29675,1.29708,1.50,1.50
2012.04.06 08:41:03.664,1.29675,1.29708,1.50,1.50
2012.04.06 08:41:04.344,1.29675,1.29708,1.50,1.50
2012.04.06 08:41:04.666,1.29675,1.29708,1.50,1.50
2012.04.06 08:41:04.736,1.29676,1.29708,1.50,1.50
2012.04.06 08:41:04.805,1.29676,1.29708,1.50,1.50
2012.04.06 08:41:05.325,1.29676,1.29708,1.50,1.50
2012.04.06 08:41:05.498,1.29676,1.29708,1.50,1.50
2012.04.06 08:41:06.112,1.29675,1.29706,1.50,1.50
2012.04.06 08:41:06.736,1.29672,1.29703,2.25,1.50
2012.04.06 08:41:07.945,1.29672,1.29703,2.25,1.50
2012.04.06 08:41:09.123,1.29672,1.29704,3.00,1.50
2012.04.06 08:41:15.554,1.29672,1.29704,3.00,1.50
2012.04.06 08:41:15.747,1.29673,1.29703,1.50,1.50
2012.04.06 08:41:16.674,1.29673,1.29703,1.50,1.50
2012.04.06 08:41:20.506,1.29673,1.29704,1.50,1.50
2012.04.06 08:41:24.323,1.29675,1.29706,1.50,1.50
2012.04.06 08:41:26.125,1.29676,1.29706,1.50,1.50
2012.04.06 08:41:26.583,1.29676,1.29706,1.50,1.50
2012.04.06 08:41:31.777,1.29677,1.29708,1.50,1.50
2012.04.06 08:41:43.332,1.29678,1.29711,1.50,1.50
2012.04.06 08:41:43.484,1.29682,1.29711,1.50,1.50
2012.04.06 08:41:43.562,1.29684,1.29715,1.50,2.25
2012.04.06 08:41:43.887,1.29684,1.29716,1.50,1.50
2012.04.06 08:41:45.816,1.29683,1.29713,1.88,2.25
2012.04.06 08:41:45.973,1.29685,1.29712,1.50,2.25
2012.04.06 08:41:46.120,1.29683,1.29712,1.13,2.25
2012.04.06 08:41:46.261,1.29685,1.29715,1.50,2.25
2012.04.06 08:41:46.806,1.29684,1.29717,1.50,3.00
2012.04.06 08:41:47.244,1.29684,1.29717,2.25,3.00
2012.04.06 08:41:47.876,1.29685,1.29717,2.25,3.00
2012.04.06 08:41:48.408,1.29685,1.29717,3.00,1.50
2012.04.06 08:41:48.541,1.29684,1.29715,3.00,2.25
2012.04.06 08:41:48.890,1.29686,1.29719,1.50,1.50
2012.04.06 08:41:49.117,1.29684,1.29719,2.25,1.50
2012.04.06 08:41:49.906,1.29686,1.29715,1.50,1.50
2012.04.06 08:41:55.958,1.29682,1.29712,1.50,1.50
2012.04.06 08:41:56.028,1.29681,1.2971,1.50,1.50
2012.04.06 08:41:56.866,1.29679,1.29711,1.50,1.50
2012.04.06 08:41:57.844,1.29682,1.2971,1.50,1.50
2012.04.06 08:41:58.594,1.29681,1.2971,3.00,1.50
2012.04.06 08:42:00.676,1.2968,1.29711,1.13,1.50
2012.04.06 08:42:01.698,1.29679,1.29707,1.88,1.50
2012.04.06 08:42:26.425,1.29681,1.29711,1.50,1.50
2012.04.06 08:42:26.996,1.29681,1.29711,1.50,1.50
2012.04.06 08:42:27.297,1.29681,1.29709,1.50,3.00
2012.04.06 08:42:27.376,1.29681,1.29709,1.50,3.00
2012.04.06 08:42:44.484,1.29681,1.29708,1.50,1.50
2012.04.06 08:42:44.787,1.29681,1.29708,1.50,1.50
2012.04.06 08:42:46.667,1.29675,1.29707,2.25,1.50
2012.04.06 08:42:47.196,1.29676,1.29704,1.50,1.50
2012.04.06 08:42:47.615,1.29676,1.29704,1.50,1.50
2012.04.06 08:42:53.266,1.29676,1.29704,1.50,1.50
2012.04.06 08:43:07.844,1.29676,1.29704,1.50,1.50
2012.04.06 08:43:09.625,1.29676,1.29704,1.50,2.25
2012.04.06 08:43:09.769,1.29674,1.297,1.50,1.13
2012.04.06 08:43:09.837,1.29672,1.29699,1.50,1.13
2012.04.06 08:43:09.909,1.29669,1.29697,1.50,1.50
2012.04.06 08:43:10.677,1.29668,1.29698,1.50,1.50
2012.04.06 08:43:11.842,1.29668,1.29698,2.25,1.50
2012.04.06 08:43:12.035,1.29668,1.29698,2.25,1.50
2012.04.06 08:43:12.237,1.29668,1.29698,2.25,1.50
2012.04.06 08:43:13.176,1.2967,1.29701,3.00,1.50
2012.04.06 08:43:13.850,1.29671,1.29701,1.50,1.50
2012.04.06 08:43:14.419,1.2967,1.29701,2.25,1.50
2012.04.06 08:43:15.352,1.2967,1.29701,3.00,1.50
2012.04.06 08:43:16.003,1.29671,1.29703,1.50,1.50
2012.04.06 08:43:16.091,1.2967,1.29701,1.50,1.50
2012.04.06 08:43:16.989,1.2967,1.29701,1.50,1.50
2012.04.06 08:43:17.305,1.29671,1.29704,1.50,1.50
2012.04.06 08:43:19.568,1.29672,1.29704,1.50,1.50
2012.04.06 08:43:20.340,1.29671,1.29704,1.50,1.50
2012.04.06 08:43:22.207,1.29672,1.29704,1.50,1.50
2012.04.06 08:43:23.035,1.29672,1.29704,1.50,1.50
2012.04.06 08:43:24.256,1.29672,1.29701,1.50,1.50
2012.04.06 08:43:24.465,1.2967,1.297,1.50,1.13
2012.04.06 08:43:24.928,1.29666,1.29697,1.50,1.50
2012.04.06 08:43:25.840,1.29666,1.29695,1.50,1.50
2012.04.06 08:43:26.403,1.29666,1.29695,1.50,1.50
2012.04.06 08:43:27.367,1.29665,1.29695,1.50,1.50
2012.04.06 08:43:27.438,1.29665,1.29695,2.25,1.50
2012.04.06 08:43:28.000,1.29666,1.29695,2.25,1.50
2012.04.06 08:43:28.946,1.29666,1.29695,2.25,1.50
2012.04.06 08:43:31.739,1.29666,1.29695,1.50,1.50
2012.04.06 08:43:48.341,1.29665,1.29695,1.50,1.50
2012.04.06 08:43:48.679,1.29671,1.29695,1.50,1.50
2012.04.06 08:43:48.818,1.29671,1.29698,1.50,1.50
2012.04.06 08:43:49.196,1.29671,1.29699,1.50,1.50
2012.04.06 08:43:49.755,1.2967,1.29699,1.50,1.50
2012.04.06 08:43:50.318,1.2967,1.297,1.50,1.50
2012.04.06 08:43:51.028,1.29671,1.297,1.50,1.50
2012.04.06 08:43:54.258,1.29669,1.297,1.50,1.50
2012.04.06 08:43:54.684,1.29672,1.29702,1.50,1.50
2012.04.06 08:43:54.759,1.29672,1.29702,1.50,1.50
2012.04.06 08:43:55.317,1.29672,1.29702,1.50,1.50
2012.04.06 08:43:55.446,1.29672,1.29702,1.50,1.50
2012.04.06 08:43:56.151,1.29671,1.29702,2.25,1.50
2012.04.06 08:44:00.885,1.29672,1.29702,1.50,1.50
2012.04.06 08:44:01.304,1.29672,1.29702,2.25,1.50
2012.04.06 08:44:02.239,1.29672,1.29702,2.25,1.50
2012.04.06 08:44:07.800,1.29674,1.29702,1.50,1.50
2012.04.06 08:44:08.779,1.29673,1.29702,2.25,1.50
2012.04.06 08:44:09.318,1.29673,1.29705,1.50,1.50
2012.04.06 08:44:09.519,1.29672,1.29705,1.50,1.50
2012.04.06 08:44:11.625,1.29672,1.29705,1.50,1.50
2012.04.06 08:44:12.014,1.2967,1.29705,1.50,2.25
2012.04.06 08:44:12.162,1.29669,1.29704,2.25,2.63
2012.04.06 08:44:12.239,1.29669,1.297,1.50,1.50
2012.04.06 08:44:12.429,1.29669,1.297,1.50,1.50
2012.04.06 08:44:12.756,1.29671,1.29701,1.50,1.50
2012.04.06 08:44:12.829,1.29671,1.29703,2.25,1.50
2012.04.06 08:44:12.896,1.29671,1.29705,2.25,1.50
2012.04.06 08:44:13.027,1.29671,1.29705,2.25,1.50
2012.04.06 08:44:13.691,1.29671,1.29705,2.25,1.50
2012.04.06 08:44:15.267,1.29671,1.29705,1.50,1.50
2012.04.06 08:44:15.477,1.29671,1.29705,1.50,1.50
2012.04.06 08:44:15.790,1.29678,1.29705,1.50,1.50
2012.04.06 08:44:16.063,1.29678,1.29708,1.50,1.50
2012.04.06 08:44:16.140,1.2968,1.29708,1.50,1.50
2012.04.06 08:44:16.661,1.29682,1.29712,1.50,1.50
2012.04.06 08:44:19.275,1.29679,1.29712,2.25,1.50
2012.04.06 08:44:24.188,1.29679,1.29712,2.25,1.50
2012.04.06 08:44:24.436,1.2968,1.29712,1.50,1.50
2012.04.06 08:44:27.026,1.2968,1.29712,1.50,1.50
2012.04.06 08:44:32.660,1.2968,1.29712,1.50,1.50
2012.04.06 08:44:33.318,1.29684,1.29712,1.50,1.50
2012.04.06 08:44:34.448,1.29684,1.29712,2.25,1.50
2012.04.06 08:44:34.787,1.29693,1.29719,1.50,1.50
2012.04.06 08:44:36.277,1.29694,1.29721,1.50,1.50
2012.04.06 08:44:36.365,1.29691,1.29721,1.13,1.50
2012.04.06 08:44:36.444,1.29688,1.29717,1.50,1.50
2012.04.06 08:44:36.798,1.29684,1.29714,1.50,1.50
2012.04.06 08:44:37.558,1.29681,1.29712,2.25,1.50
2012.04.06 08:44:38.288,1.29681,1.29711,1.50,1.50
2012.04.06 08:44:40.418,1.2968,1.29711,1.50,1.50
2012.04.06 08:44:42.565,1.29681,1.29711,1.50,1.50
2012.04.06 08:44:44.805,1.29681,1.29711,1.50,1.50
2012.04.06 08:44:44.934,1.29681,1.29711,1.50,1.50
2012.04.06 08:44:46.683,1.29681,1.29709,1.50,1.50
2012.04.06 08:44:47.025,1.29684,1.29709,1.50,1.50
2012.04.06 08:44:47.497,1.29683,1.2971,2.25,1.50
2012.04.06 08:44:49.439,1.29683,1.29715,2.63,1.50
2012.04.06 08:44:49.511,1.29687,1.29715,2.10,1.50
2012.04.06 08:44:49.587,1.29691,1.29718,1.50,1.50
2012.04.06 08:44:49.659,1.29691,1.2972,1.50,1.50
2012.04.06 08:44:49.731,1.29689,1.2972,1.50,1.50
2012.04.06 08:44:50.482,1.29692,1.2972,1.50,1.50
2012.04.06 08:45:03.135,1.29689,1.2972,1.13,1.52
2012.04.06 08:45:04.412,1.2969,1.2972,1.50,1.50
2012.04.06 08:45:09.808,1.2969,1.29721,1.50,1.50
2012.04.06 08:45:12.737,1.2969,1.29721,2.25,1.50
2012.04.06 08:45:13.542,1.2969,1.29721,1.50,1.50
2012.04.06 08:45:15.095,1.2969,1.2972,2.25,5.25
2012.04.06 08:45:15.391,1.29688,1.29715,1.13,1.50
2012.04.06 08:45:15.672,1.29685,1.29715,1.50,2.25
2012.04.06 08:45:15.807,1.29684,1.29712,1.50,1.50
2012.04.06 08:45:15.877,1.29684,1.29712,2.25,1.50
2012.04.06 08:45:16.275,1.29683,1.29712,1.88,1.50
2012.04.06 08:45:16.574,1.29685,1.29712,1.50,1.50
2012.04.06 08:45:19.735,1.29685,1.29712,1.50,1.50
2012.04.06 08:45:20.650,1.29683,1.29709,1.88,1.50
2012.04.06 08:45:20.725,1.29684,1.29709,1.50,1.50
2012.04.06 08:45:21.605,1.29685,1.29709,1.50,1.50
2012.04.06 08:45:23.468,1.29686,1.29709,1.50,1.50
2012.04.06 08:45:47.617,1.29683,1.29709,1.50,1.50
2012.04.06 08:45:47.690,1.29683,1.29709,1.50,1.52
2012.04.06 08:45:48.018,1.29686,1.29708,1.50,1.52
2012.04.06 08:45:51.452,1.29685,1.29708,1.35,1.52
2012.04.06 08:45:51.977,1.29683,1.29708,1.13,1.52
2012.04.06 08:45:52.477,1.29679,1.29708,1.35,1.52
2012.04.06 08:45:56.645,1.29679,1.29707,1.35,1.52
2012.04.06 08:45:58.624,1.29678,1.29707,1.50,1.52
2012.04.06 08:46:00.887,1.29678,1.29707,1.50,1.52
2012.04.06 08:46:05.084,1.29678,1.29707,1.50,1.52
2012.04.06 08:46:11.724,1.29679,1.29707,1.50,1.52
2012.04.06 08:46:13.659,1.29679,1.29707,1.50,1.52
2012.04.06 08:46:34.246,1.29679,1.29707,1.50,1.52
2012.04.06 08:46:34.317,1.29676,1.29707,1.88,1.52
2012.04.06 08:46:39.463,1.29677,1.29707,1.88,3.02
2012.04.06 08:46:45.835,1.29677,1.29707,1.13,1.52
2012.04.06 08:46:59.127,1.29682,1.29707,1.50,1.50
2012.04.06 08:47:29.197,1.29681,1.29707,1.50,1.52
2012.04.06 08:47:50.485,1.2968,1.29711,1.50,3.02
2012.04.06 08:47:51.336,1.29678,1.29707,2.25,1.52
2012.04.06 08:47:51.526,1.29677,1.29707,1.88,1.52
2012.04.06 08:47:51.595,1.29675,1.29707,1.50,1.52
2012.04.06 08:47:51.665,1.29677,1.29708,1.50,2.27
2012.04.06 08:47:52.724,1.29679,1.29708,1.50,1.52
2012.04.06 08:47:57.100,1.29679,1.29708,1.50,1.52
2012.04.06 08:48:02.126,1.29678,1.29707,2.25,2.27
2012.04.06 08:48:04.496,1.29678,1.29707,1.50,2.27
2012.04.06 08:48:06.317,1.29678,1.29707,1.50,2.27
2012.04.06 08:48:06.645,1.29678,1.29707,1.50,2.27
2012.04.06 08:48:06.717,1.29678,1.29707,1.50,2.27
2012.04.06 08:48:06.788,1.29678,1.29707,1.50,2.27
2012.04.06 08:48:14.541,1.29677,1.29707,1.88,2.27
2012.04.06 08:48:30.435,1.29678,1.29705,1.50,1.50
2012.04.06 08:48:30.672,1.29678,1.29705,1.50,1.50
2012.04.06 08:48:34.386,1.29677,1.29705,1.50,1.50
2012.04.06 08:48:48.468,1.29676,1.29705,2.63,1.50
2012.04.06 08:48:48.988,1.29676,1.29705,1.88,1.52
2012.04.06 08:48:49.175,1.29676,1.29705,1.88,1.50
2012.04.06 08:48:50.792,1.29676,1.29705,1.88,1.50
2012.04.06 08:48:51.879,1.29676,1.29705,1.13,1.50
2012.04.06 08:48:53.835,1.29677,1.29705,1.13,1.50
2012.04.06 08:48:54.034,1.29677,1.29705,1.13,1.50
2012.04.06 08:48:57.954,1.29677,1.29708,1.13,1.50
2012.04.06 08:48:58.085,1.29677,1.29708,1.13,1.50
2012.04.06 08:48:59.854,1.29679,1.29711,1.50,1.50
2012.04.06 08:49:01.669,1.29677,1.29707,1.13,1.50
2012.04.06 08:49:07.157,1.29677,1.29705,1.13,1.50
2012.04.06 08:49:07.465,1.29676,1.29704,1.50,1.50
2012.04.06 08:49:07.684,1.29677,1.29707,1.50,1.50
2012.04.06 08:49:10.287,1.29676,1.29707,2.25,1.52
2012.04.06 08:49:11.315,1.29674,1.29704,1.88,2.25
2012.04.06 08:49:11.576,1.29671,1.29704,2.25,3.00
2012.04.06 08:49:11.735,1.29671,1.29704,1.50,3.00
2012.04.06 08:49:27.454,1.29673,1.29704,1.50,2.25
2012.04.06 08:49:27.714,1.29676,1.29704,1.50,1.50
2012.04.06 08:49:30.789,1.2967,1.29704,3.75,3.00
2012.04.06 08:49:30.858,1.2967,1.29704,3.00,3.00
2012.04.06 08:49:31.483,1.2967,1.29704,3.00,3.00
2012.04.06 08:49:56.998,1.29676,1.29704,2.25,1.50
2012.04.06 08:49:57.554,1.29676,1.29704,2.25,1.50
2012.04.06 08:50:01.391,1.29676,1.29704,1.50,1.50
2012.04.06 08:50:15.997,1.29676,1.29707,3.00,1.52
2012.04.06 08:50:16.066,1.29676,1.29707,3.75,1.52
2012.04.06 08:50:19.775,1.29676,1.29707,3.75,1.50
2012.04.06 08:50:20.277,1.29676,1.29707,3.00,1.50
2012.04.06 08:50:20.345,1.29677,1.29707,1.50,1.50
2012.04.06 08:50:22.097,1.29677,1.29707,1.50,1.50
2012.04.06 08:50:34.521,1.29677,1.29707,1.50,1.50
2012.04.06 08:50:34.588,1.29678,1.29707,1.50,1.50
2012.04.06 08:50:34.846,1.29677,1.29707,1.50,1.50
2012.04.06 08:50:39.980,1.29679,1.29707,1.50,1.50
2012.04.06 08:50:40.120,1.29676,1.29707,3.00,1.50
2012.04.06 08:50:40.247,1.29676,1.29707,2.25,1.50
2012.04.06 08:50:40.317,1.29676,1.29707,2.25,1.50
2012.04.06 08:50:40.867,1.29676,1.29705,1.50,1.50
2012.04.06 08:50:57.985,1.29676,1.29705,1.50,1.50
2012.04.06 08:50:58.058,1.29676,1.29705,1.50,1.50
2012.04.06 08:50:58.570,1.29676,1.29705,1.50,1.50
2012.04.06 08:50:58.837,1.29676,1.29705,1.50,1.50
2012.04.06 08:50:59.158,1.29676,1.29707,2.25,1.52
2012.04.06 08:50:59.474,1.29677,1.29707,4.50,1.52
2012.04.06 08:50:59.786,1.29681,1.29707,1.50,1.52
2012.04.06 08:50:59.856,1.29681,1.29707,1.50,1.52
2012.04.06 08:51:00.418,1.29681,1.29707,1.13,1.52
2012.04.06 08:51:00.546,1.29681,1.29708,1.88,1.52
2012.04.06 08:51:01.098,1.29683,1.2971,1.50,1.50
2012.04.06 08:51:02.858,1.29683,1.2971,1.50,1.50
2012.04.06 08:51:03.498,1.29682,1.2971,1.50,1.50
2012.04.06 08:51:13.994,1.29683,1.2971,1.50,1.50
2012.04.06 08:51:30.533,1.29683,1.2971,1.50,1.50
2012.04.06 08:51:33.615,1.29683,1.2971,1.50,1.50
2012.04.06 08:51:46.805,1.29683,1.2971,1.50,1.50
2012.04.06 08:51:52.147,1.29683,1.2971,1.50,1.50
2012.04.06 08:52:02.896,1.29684,1.29717,1.50,2.63
2012.04.06 08:52:49.846,1.29684,1.29716,1.50,1.13
2012.04.06 08:52:50.444,1.29684,1.29716,1.50,1.13
2012.04.06 08:53:00.188,1.29686,1.29716,1.50,1.13
2012.04.06 08:53:00.722,1.29688,1.29716,1.88,1.13
2012.04.06 08:53:03.088,1.29688,1.29716,1.13,1.13
2012.04.06 08:53:04.028,1.29688,1.29717,1.50,1.13
2012.04.06 08:53:06.128,1.29687,1.29717,3.38,1.88
2012.04.06 08:53:07.508,1.29687,1.29717,1.88,1.88
2012.04.06 08:53:37.507,1.29687,1.29717,2.63,1.88
2012.04.06 08:53:38.019,1.29687,1.29717,2.63,1.88
2012.04.06 08:53:38.504,1.29688,1.29717,1.50,1.50
2012.04.06 08:53:38.648,1.29691,1.29721,1.50,1.52
2012.04.06 08:53:50.122,1.29691,1.29721,1.50,1.52
2012.04.06 08:53:50.487,1.29692,1.29721,1.50,1.52
2012.04.06 08:54:41.109,1.29689,1.29718,1.50,1.13
2012.04.06 08:54:41.178,1.29687,1.29717,3.38,1.13
2012.04.06 08:54:41.680,1.29687,1.29717,3.38,1.88
2012.04.06 08:54:44.196,1.29687,1.29716,1.88,1.13
2012.04.06 08:54:44.266,1.29687,1.29713,1.13,1.50
2012.04.06 08:54:45.095,1.29686,1.29716,3.38,1.13
2012.04.06 08:54:45.616,1.29688,1.29716,1.13,1.13
2012.04.06 08:54:46.506,1.29687,1.29716,1.13,1.13
2012.04.06 08:54:52.663,1.29686,1.29716,3.38,1.13
2012.04.06 08:54:53.196,1.29687,1.29716,1.88,1.13
2012.04.06 08:54:55.328,1.29685,1.29711,1.50,1.50
2012.04.06 08:55:13.385,1.29687,1.29717,1.13,1.13
2012.04.06 08:55:22.313,1.29686,1.29715,1.50,1.50
2012.04.06 08:55:23.050,1.29685,1.29711,1.50,1.50
2012.04.06 08:55:26.480,1.29683,1.29711,1.50,1.50
2012.04.06 08:55:27.906,1.29684,1.29711,1.50,1.88
2012.04.06 08:55:28.166,1.29683,1.29711,1.50,1.88
2012.04.06 08:55:30.549,1.29683,1.29711,1.50,1.88
2012.04.06 08:55:31.637,1.29681,1.29706,1.13,1.50
2012.04.06 08:55:32.104,1.29677,1.29706,1.50,1.50
2012.04.06 08:55:32.196,1.29677,1.29704,2.25,1.50
2012.04.06 08:55:33.083,1.29678,1.29704,1.50,1.50
2012.04.06 08:55:33.898,1.29681,1.29709,1.13,1.13
2012.04.06 08:55:39.795,1.29681,1.29709,1.13,1.13
2012.04.06 08:55:42.101,1.2968,1.29708,1.13,1.50
2012.04.06 08:55:42.358,1.29678,1.29705,1.50,1.50
2012.04.06 08:55:42.977,1.29679,1.2971,1.88,1.89
2012.04.06 08:55:43.107,1.29681,1.2971,1.50,1.13
2012.04.06 08:55:46.979,1.29675,1.29709,1.50,3.38
2012.04.06 08:55:47.695,1.29674,1.29706,1.50,1.50
2012.04.06 08:55:53.056,1.29677,1.29706,4.50,3.00
2012.04.06 08:55:53.944,1.29679,1.29706,1.50,1.50
2012.04.06 08:55:54.016,1.29678,1.29706,1.50,1.50
2012.04.06 08:56:04.707,1.29678,1.29706,1.50,1.50
2012.04.06 08:56:09.409,1.29678,1.29706,1.50,1.50
2012.04.06 08:56:10.537,1.29677,1.29706,1.50,1.50
2012.04.06 08:56:11.260,1.29676,1.29706,1.50,1.50
2012.04.06 08:56:26.227,1.29676,1.29706,1.50,2.25
2012.04.06 08:56:26.665,1.29676,1.29704,1.50,1.50
2012.04.06 08:56:32.088,1.29676,1.29703,1.50,1.50
2012.04.06 08:56:32.425,1.2967,1.29703,3.00,1.89
2012.04.06 08:56:32.556,1.2967,1.29702,2.25,1.52
2012.04.06 08:56:33.605,1.2967,1.29699,2.25,1.52
2012.04.06 08:56:36.564,1.2967,1.29699,2.25,1.52
2012.04.06 08:56:37.216,1.29669,1.29699,1.50,1.89
2012.04.06 08:56:37.286,1.29669,1.29699,1.50,1.89
2012.04.06 08:56:37.898,1.2967,1.29699,2.25,1.52
2012.04.06 08:56:39.725,1.2967,1.29699,2.25,1.52
2012.04.06 08:56:40.481,1.2967,1.29699,2.25,1.52
2012.04.06 08:56:42.334,1.2967,1.29699,2.25,1.52
2012.04.06 08:56:46.664,1.29669,1.29699,2.25,1.52
2012.04.06 08:56:49.998,1.2967,1.29699,1.50,1.52
2012.04.06 08:56:51.902,1.29672,1.29703,1.50,1.52
2012.04.06 08:56:52.417,1.29671,1.29699,1.50,1.50
2012.04.06 08:56:52.559,1.29672,1.29701,1.50,1.50
2012.04.06 08:56:52.629,1.29672,1.29701,2.25,1.50
2012.04.06 08:56:52.697,1.29673,1.29704,1.50,3.00
2012.04.06 08:56:52.768,1.29673,1.29704,1.50,3.00
2012.04.06 08:56:53.716,1.29672,1.29704,2.25,1.50
2012.04.06 08:56:53.845,1.29674,1.29704,1.50,3.00
2012.04.06 08:56:57.567,1.29674,1.29704,1.50,1.50
2012.04.06 08:56:58.234,1.29671,1.29701,1.50,1.50
2012.04.06 08:56:58.719,1.29671,1.29701,1.50,1.52
2012.04.06 08:57:01.647,1.2967,1.29701,3.00,1.52
2012.04.06 08:57:06.734,1.2967,1.29701,2.25,1.52
2012.04.06 08:57:07.946,1.2967,1.29701,2.25,1.52
2012.04.06 08:57:15.406,1.29671,1.29701,1.50,1.52
2012.04.06 08:57:15.595,1.29671,1.29701,1.50,1.50
2012.04.06 08:57:16.145,1.29671,1.29701,1.50,1.50
2012.04.06 08:57:19.877,1.29671,1.29701,1.50,1.50
2012.04.06 08:57:21.675,1.29671,1.29701,1.50,1.50
2012.04.06 08:57:35.505,1.29672,1.29704,1.50,1.50
2012.04.06 08:57:48.714,1.29672,1.29705,2.25,1.50
2012.04.06 08:57:51.368,1.29672,1.29705,2.25,1.50
2012.04.06 08:57:55.546,1.29672,1.29704,2.25,1.50
2012.04.06 08:58:01.595,1.29672,1.29701,1.50,1.13
2012.04.06 08:58:01.669,1.2967,1.29701,1.50,1.13
2012.04.06 08:58:01.811,1.29668,1.29699,2.63,1.88
2012.04.06 08:58:01.880,1.29668,1.29699,2.63,2.63
2012.04.06 08:58:03.690,1.29668,1.29698,2.63,2.25
2012.04.06 08:58:03.764,1.29669,1.29698,1.50,2.25
2012.04.06 08:58:04.938,1.2967,1.29702,2.25,1.52
2012.04.06 08:58:05.716,1.2967,1.29698,2.25,1.52
2012.04.06 08:58:05.966,1.29673,1.297,1.50,1.50
2012.04.06 08:58:06.096,1.29673,1.297,1.50,1.52
2012.04.06 08:58:08.269,1.2967,1.29699,2.25,1.52
2012.04.06 08:58:09.107,1.2967,1.29699,2.25,1.52
2012.04.06 08:58:10.528,1.29674,1.29701,1.50,1.50
2012.04.06 08:58:10.849,1.29673,1.29704,1.50,1.50
2012.04.06 08:58:11.416,1.29673,1.29704,2.25,1.50
2012.04.06 08:58:11.485,1.29673,1.29706,2.25,1.50
2012.04.06 08:58:13.542,1.29673,1.29705,1.50,1.14
2012.04.06 08:58:13.709,1.29672,1.29703,1.50,2.25
2012.04.06 08:58:13.780,1.29669,1.297,2.25,1.50
2012.04.06 08:58:14.320,1.2967,1.29702,1.50,1.50
2012.04.06 08:58:14.388,1.2967,1.29702,1.50,1.50
2012.04.06 08:58:14.958,1.2967,1.29702,1.50,1.50
2012.04.06 08:58:16.577,1.2967,1.29702,1.50,3.00
2012.04.06 08:58:17.139,1.2967,1.29702,1.50,3.00
2012.04.06 08:58:19.205,1.29669,1.297,2.25,1.50
2012.04.06 08:58:20.213,1.2967,1.29701,1.50,1.50
2012.04.06 08:58:22.994,1.29669,1.297,3.00,1.50
2012.04.06 08:58:23.656,1.2967,1.29701,1.50,1.50
2012.04.06 08:58:25.846,1.29669,1.297,2.25,1.50
2012.04.06 08:58:26.526,1.29669,1.29702,3.00,2.25
2012.04.06 08:58:27.221,1.29669,1.29702,3.00,2.27
2012.04.06 08:58:27.285,1.29669,1.297,3.00,1.52
2012.04.06 08:58:27.807,1.29669,1.297,3.00,1.52
2012.04.06 08:58:28.421,1.29669,1.297,1.50,1.52
2012.04.06 08:58:28.686,1.29668,1.29697,1.88,1.52
2012.04.06 08:58:28.881,1.2967,1.297,2.25,1.52
2012.04.06 08:58:29.275,1.29671,1.29703,1.50,1.50
2012.04.06 08:58:48.829,1.2967,1.29701,1.50,1.50
2012.04.06 08:58:48.896,1.29669,1.29701,2.25,2.25
2012.04.06 08:58:49.081,1.2967,1.29701,1.50,2.25
2012.04.06 08:58:49.416,1.2967,1.29701,1.50,2.25
2012.04.06 08:58:52.289,1.29669,1.297,1.50,2.25
2012.04.06 08:58:52.800,1.29669,1.29699,1.50,1.50
2012.04.06 08:58:53.255,1.29669,1.297,3.00,1.50
2012.04.06 08:58:57.977,1.2967,1.29702,1.50,1.50
2012.04.06 08:58:58.721,1.29669,1.297,3.00,1.50
2012.04.06 08:59:01.058,1.2967,1.29701,1.50,1.50
2012.04.06 08:59:02.499,1.29669,1.29701,3.00,1.52
2012.04.06 08:59:02.887,1.29669,1.297,2.25,1.52
2012.04.06 08:59:03.197,1.29669,1.297,2.25,1.52
2012.04.06 08:59:03.734,1.29669,1.297,2.25,1.52
2012.04.06 08:59:04.247,1.29669,1.297,1.50,1.52
2012.04.06 08:59:04.556,1.29669,1.297,1.50,2.25
2012.04.06 08:59:05.134,1.29671,1.29701,1.50,1.50
2012.04.06 08:59:05.489,1.29671,1.29701,1.50,1.52
2012.04.06 08:59:06.177,1.29669,1.297,1.50,1.52
2012.04.06 08:59:06.692,1.29669,1.297,1.50,1.50
2012.04.06 08:59:06.766,1.29669,1.29701,2.25,1.50
2012.04.06 08:59:15.628,1.29669,1.29701,2.25,2.25
2012.04.06 08:59:16.147,1.29667,1.29699,2.63,3.00
2012.04.06 08:59:16.276,1.29667,1.29699,2.63,2.25
2012.04.06 08:59:16.607,1.29667,1.29699,1.88,3.00
2012.04.06 08:59:17.186,1.29667,1.29699,2.25,2.25
2012.04.06 08:59:18.156,1.29668,1.297,2.25,1.52
2012.04.06 08:59:29.648,1.29668,1.297,2.25,1.50
2012.04.06 08:59:32.439,1.2967,1.297,1.50,1.50
2012.04.06 08:59:32.569,1.29668,1.297,2.25,1.50
2012.04.06 08:59:32.698,1.29668,1.297,2.25,1.50
2012.04.06 08:59:36.805,1.29668,1.297,2.25,1.50
2012.04.06 08:59:37.317,1.29669,1.297,1.50,1.50
2012.04.06 08:59:37.692,1.29671,1.29701,1.50,1.50
2012.04.06 08:59:39.156,1.29671,1.29701,1.50,1.50
2012.04.06 08:59:42.417,1.29667,1.29698,2.25,1.50
2012.04.06 08:59:45.507,1.29668,1.29698,1.50,1.50
2012.04.06 08:59:46.117,1.29667,1.29698,1.50,3.00
2012.04.06 08:59:46.186,1.29667,1.29698,1.50,3.00
2012.04.06 08:59:47.153,1.29667,1.29698,2.25,1.52
2012.04.06 08:59:53.721,1.29667,1.29698,2.25,1.52
2012.04.06 08:59:53.852,1.29667,1.29698,1.50,1.52
