2010.12.06 03:00:00.833,1.34098,1.34142,1.60,1.50
2010.12.06 03:00:00.949,1.34106,1.34142,1.50,1.50
2010.12.06 03:00:04.857,1.34103,1.3414,1.50,2.30
2010.12.06 03:00:08.241,1.34103,1.34144,1.60,1.50
2010.12.06 03:00:08.761,1.34104,1.34149,1.60,1.50
2010.12.06 03:00:10.209,1.34106,1.34149,1.50,1.50
2010.12.06 03:00:13.497,1.34105,1.34149,1.70,1.50
2010.12.06 03:00:13.827,1.34105,1.34154,4.80,1.50
2010.12.06 03:00:15.247,1.34105,1.34154,5.00,1.50
2010.12.06 03:00:18.511,1.34108,1.34154,1.10,1.50
2010.12.06 03:00:21.378,1.34106,1.34154,1.20,1.50
2010.12.06 03:00:24.841,1.34108,1.34159,1.80,1.60
2010.12.06 03:00:28.077,1.34111,1.34159,2.70,1.50
2010.12.06 03:00:28.192,1.34116,1.3416,1.80,2.30
2010.12.06 03:00:28.421,1.34116,1.34167,2.50,3.00
2010.12.06 03:00:28.538,1.34116,1.34163,2.60,1.50
2010.12.06 03:00:28.868,1.34116,1.3416,1.80,1.50
2010.12.06 03:00:31.961,1.34116,1.3416,1.80,1.50
2010.12.06 03:00:32.608,1.34109,1.34157,6.20,1.50
2010.12.06 03:00:32.721,1.34109,1.34155,2.60,1.50
2010.12.06 03:00:33.248,1.34108,1.34155,1.10,1.50
2010.12.06 03:00:33.578,1.34106,1.34155,5.00,1.50
2010.12.06 03:00:33.688,1.34106,1.34153,1.80,1.50
2010.12.06 03:00:34.127,1.34106,1.34147,1.70,1.50
2010.12.06 03:00:35.058,1.34106,1.34147,1.70,1.50
2010.12.06 03:00:35.388,1.34108,1.34153,1.10,1.50
2010.12.06 03:00:35.498,1.34108,1.34153,2.20,1.50
2010.12.06 03:00:38.078,1.34115,1.34153,1.60,1.50
2010.12.06 03:00:38.592,1.34115,1.34157,1.60,1.50
2010.12.06 03:00:49.344,1.34115,1.34157,1.60,1.50
2010.12.06 03:00:49.788,1.34108,1.34157,1.10,1.50
2010.12.06 03:00:49.897,1.34108,1.34154,1.10,1.50
2010.12.06 03:00:58.206,1.34108,1.34154,2.40,1.50
2010.12.06 03:01:01.170,1.34116,1.34157,1.50,2.30
2010.12.06 03:01:01.290,1.34116,1.34159,1.70,1.50
2010.12.06 03:01:02.001,1.34116,1.34159,1.70,1.50
2010.12.06 03:01:02.377,1.34116,1.34162,2.70,3.00
2010.12.06 03:01:05.041,1.34114,1.3416,1.80,3.00
2010.12.06 03:01:11.047,1.34115,1.34165,2.40,1.50
2010.12.06 03:01:19.369,1.34118,1.34165,1.20,3.00
2010.12.06 03:01:19.486,1.34123,1.34168,1.10,1.50
2010.12.06 03:01:20.231,1.34122,1.34168,1.20,1.50
2010.12.06 03:01:21.121,1.34123,1.34168,1.10,1.50
2010.12.06 03:01:21.458,1.34126,1.34171,1.10,1.50
2010.12.06 03:01:25.150,1.34123,1.34171,1.10,3.00
2010.12.06 03:01:25.831,1.34116,1.34168,1.20,1.50
2010.12.06 03:01:26.498,1.34118,1.34171,3.30,1.60
2010.12.06 03:01:27.240,1.34124,1.34174,1.70,1.60
2010.12.06 03:01:28.577,1.34123,1.34174,1.70,1.70
2010.12.06 03:01:33.347,1.34124,1.34169,1.80,1.50
2010.12.06 03:01:33.935,1.34126,1.34171,1.10,1.50
2010.12.06 03:01:35.487,1.34124,1.34171,1.20,1.50
2010.12.06 03:01:35.817,1.34124,1.3417,1.10,1.50
2010.12.06 03:01:36.767,1.34127,1.34173,1.10,1.50
2010.12.06 03:01:36.877,1.34128,1.34176,1.70,3.20
2010.12.06 03:01:39.578,1.34128,1.34176,3.10,3.00
2010.12.06 03:01:39.907,1.34126,1.34177,5.00,1.50
2010.12.06 03:01:40.017,1.34126,1.34177,5.00,1.50
2010.12.06 03:01:40.237,1.34126,1.34177,5.00,2.30
2010.12.06 03:01:41.128,1.34126,1.34173,2.50,1.50
2010.12.06 03:01:42.709,1.34127,1.3417,1.10,1.50
2010.12.06 03:01:43.330,1.34127,1.34173,1.10,1.50
2010.12.06 03:01:43.548,1.34127,1.34168,1.10,1.50
2010.12.06 03:01:43.661,1.34123,1.34171,1.10,3.00
2010.12.06 03:01:44.110,1.34123,1.34174,2.90,4.10
2010.12.06 03:01:47.147,1.34127,1.34175,1.70,1.60
2010.12.06 03:01:48.284,1.34123,1.3417,1.70,1.50
2010.12.06 03:01:51.565,1.34124,1.34174,2.90,1.60
2010.12.06 03:01:52.078,1.34124,1.34174,1.10,1.70
2010.12.06 03:01:53.983,1.3412,1.34174,4.80,3.10
2010.12.06 03:01:56.118,1.34127,1.34174,1.10,1.50
2010.12.06 03:01:56.230,1.34125,1.34174,4.00,1.60
2010.12.06 03:01:56.776,1.34123,1.34173,2.50,1.80
2010.12.06 03:02:01.340,1.34124,1.34171,1.70,1.50
2010.12.06 03:02:01.457,1.34129,1.34175,1.70,1.60
2010.12.06 03:02:03.029,1.34126,1.34175,2.40,3.30
2010.12.06 03:02:03.359,1.34129,1.34174,1.70,2.30
2010.12.06 03:02:04.470,1.34129,1.34167,1.70,1.50
2010.12.06 03:02:04.797,1.34118,1.34166,3.90,1.50
2010.12.06 03:02:08.898,1.34118,1.34166,3.90,1.60
2010.12.06 03:02:09.868,1.34121,1.34166,4.80,1.50
2010.12.06 03:02:09.982,1.34131,1.34182,2.40,2.40
2010.12.06 03:02:12.310,1.34128,1.34166,1.70,1.50
2010.12.06 03:02:12.528,1.3412,1.34166,2.40,1.50
2010.12.06 03:02:13.148,1.3412,1.34166,2.40,1.50
2010.12.06 03:02:13.868,1.34125,1.34174,3.90,2.30
2010.12.06 03:02:14.307,1.34132,1.3418,2.40,1.60
2010.12.06 03:02:15.230,1.34137,1.3418,1.50,1.50
2010.12.06 03:02:15.448,1.34137,1.34187,3.90,1.60
2010.12.06 03:02:15.778,1.34137,1.34181,2.40,1.50
2010.12.06 03:02:15.997,1.34132,1.34181,2.40,1.50
2010.12.06 03:02:17.887,1.34129,1.3418,3.30,2.30
2010.12.06 03:02:18.437,1.34125,1.34174,8.50,1.50
2010.12.06 03:02:18.548,1.34125,1.34174,8.70,2.30
2010.12.06 03:02:21.139,1.34125,1.34172,4.00,1.50
2010.12.06 03:02:22.497,1.34129,1.34172,1.60,1.50
2010.12.06 03:02:22.717,1.34129,1.34172,1.70,1.50
2010.12.06 03:02:22.937,1.34128,1.34176,1.10,1.50
2010.12.06 03:02:25.408,1.34127,1.34176,5.00,1.50
2010.12.06 03:02:28.808,1.34127,1.34176,2.40,3.00
2010.12.06 03:02:29.360,1.34132,1.34176,1.50,1.50
2010.12.06 03:02:29.468,1.34129,1.34176,2.40,1.50
2010.12.06 03:02:30.147,1.34129,1.34178,2.40,2.30
2010.12.06 03:02:34.780,1.34135,1.34179,1.50,1.50
2010.12.06 03:02:35.217,1.34138,1.34184,1.70,1.50
2010.12.06 03:02:36.721,1.34138,1.34184,1.70,1.60
2010.12.06 03:02:37.059,1.34127,1.34167,2.40,1.50
2010.12.06 03:02:37.927,1.34133,1.3418,1.70,2.30
2010.12.06 03:02:39.989,1.34134,1.34179,1.70,2.30
2010.12.06 03:02:40.527,1.34134,1.34182,1.70,1.50
2010.12.06 03:02:42.707,1.34134,1.34183,1.70,2.30
2010.12.06 03:02:45.504,1.34134,1.34181,1.70,1.50
2010.12.06 03:02:50.368,1.34134,1.34179,1.70,1.50
2010.12.06 03:02:54.653,1.34134,1.34179,1.70,2.30
2010.12.06 03:02:58.178,1.34133,1.34178,1.70,1.50
2010.12.06 03:03:08.609,1.34134,1.3418,1.70,1.50
2010.12.06 03:03:09.161,1.34134,1.34178,1.70,1.50
2010.12.06 03:03:09.280,1.34134,1.34182,2.40,1.50
2010.12.06 03:03:10.252,1.34135,1.34185,2.40,3.00
2010.12.06 03:03:10.689,1.34135,1.34185,4.80,2.30
2010.12.06 03:03:12.277,1.34135,1.34185,2.40,2.50
2010.12.06 03:03:15.177,1.34134,1.34185,6.60,2.60
2010.12.06 03:03:17.108,1.34132,1.34183,2.40,1.70
2010.12.06 03:03:17.218,1.34132,1.34183,2.40,2.40
2010.12.06 03:03:18.106,1.34132,1.34182,2.40,1.60
2010.12.06 03:03:21.125,1.34131,1.34173,1.50,1.50
2010.12.06 03:03:21.261,1.34125,1.34173,2.40,1.50
2010.12.06 03:03:22.425,1.34125,1.34177,2.40,3.00
2010.12.06 03:03:24.923,1.34129,1.34177,3.20,1.50
2010.12.06 03:03:25.887,1.34129,1.34177,3.20,1.50
2010.12.06 03:03:26.110,1.3413,1.34179,2.40,1.50
2010.12.06 03:03:27.021,1.34132,1.34183,2.40,2.30
2010.12.06 03:03:35.053,1.34134,1.34181,1.10,1.50
2010.12.06 03:03:35.707,1.34134,1.34181,1.20,1.50
2010.12.06 03:03:38.412,1.34134,1.3418,3.10,1.50
2010.12.06 03:03:39.268,1.34133,1.34182,5.00,1.50
2010.12.06 03:03:43.027,1.34135,1.34183,1.10,1.70
2010.12.06 03:03:43.137,1.34135,1.34183,1.10,2.40
2010.12.06 03:03:53.580,1.34134,1.3418,1.70,1.50
2010.12.06 03:03:53.797,1.34134,1.3418,1.70,1.50
2010.12.06 03:03:53.907,1.34134,1.34182,1.70,1.50
2010.12.06 03:03:56.767,1.34134,1.34183,1.70,3.00
2010.12.06 03:04:00.519,1.34133,1.34183,1.80,1.50
2010.12.06 03:04:02.045,1.34139,1.34184,1.70,1.50
2010.12.06 03:04:02.387,1.34143,1.34188,1.70,2.30
2010.12.06 03:04:03.499,1.34144,1.34191,1.70,1.50
2010.12.06 03:04:05.227,1.34144,1.34191,1.70,1.50
2010.12.06 03:04:05.818,1.34138,1.34187,2.50,1.50
2010.12.06 03:04:06.310,1.34138,1.34187,2.60,1.50
2010.12.06 03:04:06.647,1.3414,1.34189,1.10,1.50
2010.12.06 03:04:06.868,1.34144,1.34191,1.70,1.50
2010.12.06 03:04:08.891,1.34146,1.34194,2.40,1.50
2010.12.06 03:04:09.016,1.34153,1.34195,1.70,1.50
2010.12.06 03:04:10.350,1.34154,1.34192,1.70,1.50
2010.12.06 03:04:10.849,1.34144,1.34188,4.80,1.50
2010.12.06 03:04:10.972,1.34138,1.34188,2.90,1.50
2010.12.06 03:04:11.808,1.34138,1.34183,2.90,1.70
2010.12.06 03:04:13.039,1.34134,1.34179,4.80,1.50
2010.12.06 03:04:13.948,1.34158,1.34187,1.50,1.50
2010.12.06 03:04:14.059,1.34158,1.34191,1.50,1.50
2010.12.06 03:04:14.526,1.34151,1.34194,1.50,3.00
2010.12.06 03:04:14.649,1.34158,1.34199,1.50,3.00
2010.12.06 03:04:14.869,1.34146,1.34195,2.40,1.50
2010.12.06 03:04:18.495,1.34149,1.34198,4.80,1.50
2010.12.06 03:04:21.525,1.34152,1.34198,1.80,1.50
2010.12.06 03:04:21.641,1.34153,1.34201,1.70,2.30
2010.12.06 03:04:21.760,1.34154,1.34197,1.70,1.50
2010.12.06 03:04:22.474,1.34148,1.34197,1.80,2.30
2010.12.06 03:04:27.313,1.34155,1.34199,1.50,1.50
2010.12.06 03:04:28.364,1.34148,1.34196,1.80,3.00
2010.12.06 03:04:30.240,1.34146,1.34193,1.70,1.50
2010.12.06 03:04:37.079,1.34154,1.34193,1.50,1.50
2010.12.06 03:04:37.188,1.34154,1.34194,1.50,1.50
2010.12.06 03:04:39.295,1.34154,1.34198,1.70,2.30
2010.12.06 03:04:41.903,1.34148,1.34196,2.40,3.00
2010.12.06 03:04:47.311,1.34152,1.34198,2.40,2.50
2010.12.06 03:04:47.440,1.34152,1.34201,4.80,2.50
2010.12.06 03:04:47.669,1.34155,1.34201,1.10,2.30
2010.12.06 03:04:48.311,1.34155,1.34202,2.60,1.50
2010.12.06 03:04:49.411,1.34162,1.34207,1.70,1.50
2010.12.06 03:04:51.397,1.34166,1.34207,1.50,1.50
2010.12.06 03:04:52.510,1.34165,1.34207,1.50,1.50
2010.12.06 03:04:53.508,1.34166,1.34207,1.50,3.00
2010.12.06 03:04:53.730,1.34159,1.34207,4.80,1.50
2010.12.06 03:04:54.863,1.34159,1.34202,3.90,1.50
2010.12.06 03:04:55.199,1.34155,1.34197,1.50,1.50
2010.12.06 03:04:55.714,1.34155,1.34199,1.80,2.30
2010.12.06 03:04:55.829,1.34155,1.34199,1.80,2.30
2010.12.06 03:04:55.937,1.34155,1.34199,1.80,2.30
2010.12.06 03:04:56.048,1.34155,1.34199,1.80,2.30
2010.12.06 03:04:56.578,1.34155,1.34199,1.80,2.30
2010.12.06 03:04:57.305,1.34155,1.34199,1.80,2.30
2010.12.06 03:04:57.638,1.34158,1.34204,1.20,2.30
2010.12.06 03:04:58.920,1.34166,1.34206,1.50,3.00
2010.12.06 03:04:59.139,1.34157,1.34206,1.10,3.00
2010.12.06 03:05:00.478,1.34156,1.34206,1.20,3.00
2010.12.06 03:05:00.588,1.34156,1.342,1.20,1.50
2010.12.06 03:05:01.103,1.34155,1.342,4.80,1.50
2010.12.06 03:05:04.558,1.34163,1.34203,1.50,2.30
2010.12.06 03:05:05.561,1.34165,1.34203,1.50,2.30
2010.12.06 03:05:09.007,1.34165,1.342,1.50,1.50
2010.12.06 03:05:09.558,1.34165,1.34202,1.50,2.30
2010.12.06 03:05:20.708,1.34163,1.34204,1.50,3.00
2010.12.06 03:05:20.946,1.34163,1.34204,1.70,1.50
2010.12.06 03:05:21.808,1.34163,1.34205,1.70,2.30
2010.12.06 03:05:22.148,1.34165,1.34205,1.50,2.30
2010.12.06 03:05:26.908,1.34165,1.34205,1.60,2.30
2010.12.06 03:05:30.913,1.34166,1.34211,1.80,1.50
2010.12.06 03:05:31.028,1.34172,1.34211,1.50,1.50
2010.12.06 03:05:31.772,1.34175,1.34211,1.50,1.50
2010.12.06 03:05:32.657,1.34175,1.34211,1.50,1.50
2010.12.06 03:05:33.448,1.34175,1.34212,1.50,1.50
2010.12.06 03:05:35.562,1.34175,1.34211,1.50,1.50
2010.12.06 03:05:35.687,1.34173,1.34211,1.50,1.50
2010.12.06 03:05:39.839,1.34172,1.34211,1.50,1.50
2010.12.06 03:05:42.079,1.34172,1.34209,1.50,1.50
2010.12.06 03:05:43.108,1.34175,1.34209,1.50,1.50
2010.12.06 03:05:43.889,1.34182,1.34216,1.80,1.50
2010.12.06 03:05:43.999,1.34182,1.3422,1.80,1.50
2010.12.06 03:05:44.218,1.34182,1.3422,2.50,1.50
2010.12.06 03:05:45.204,1.34182,1.34223,1.80,1.50
2010.12.06 03:05:45.677,1.3418,1.34223,2.50,1.50
2010.12.06 03:05:45.854,1.3418,1.34223,1.80,2.30
2010.12.06 03:05:46.665,1.34168,1.34214,1.10,2.30
2010.12.06 03:05:46.781,1.34167,1.34215,1.80,1.50
2010.12.06 03:05:46.901,1.34167,1.34212,1.70,1.50
2010.12.06 03:05:47.574,1.34162,1.34212,2.40,3.00
2010.12.06 03:05:48.879,1.34159,1.34207,2.60,2.30
2010.12.06 03:05:55.547,1.34163,1.34208,2.50,1.50
2010.12.06 03:05:58.184,1.34161,1.34208,2.60,1.50
2010.12.06 03:06:01.628,1.34161,1.34208,1.20,3.00
2010.12.06 03:06:04.210,1.34165,1.34208,1.70,1.50
2010.12.06 03:06:04.441,1.34166,1.34212,2.50,1.50
2010.12.06 03:06:04.560,1.34166,1.34212,2.20,1.50
2010.12.06 03:06:05.221,1.34172,1.34214,2.40,1.50
2010.12.06 03:06:05.370,1.34172,1.34217,2.50,1.50
2010.12.06 03:06:05.984,1.34169,1.34216,1.10,2.30
2010.12.06 03:06:07.519,1.34166,1.34214,4.80,1.50
2010.12.06 03:06:08.509,1.34169,1.34217,2.50,3.00
2010.12.06 03:06:09.027,1.34173,1.34219,1.70,1.50
2010.12.06 03:06:09.163,1.34174,1.3422,1.10,3.00
2010.12.06 03:06:09.648,1.34172,1.3422,4.10,3.00
2010.12.06 03:06:16.029,1.34174,1.3422,1.10,3.00
2010.12.06 03:06:16.709,1.34174,1.34224,2.50,3.00
2010.12.06 03:06:17.485,1.34182,1.34227,1.70,2.30
2010.12.06 03:06:17.928,1.34182,1.34227,1.70,2.30
2010.12.06 03:06:19.183,1.34182,1.34227,1.80,2.30
2010.12.06 03:06:19.961,1.34182,1.34224,1.70,1.50
2010.12.06 03:06:20.469,1.34181,1.34226,1.80,2.30
2010.12.06 03:06:21.014,1.34183,1.34226,1.50,2.30
2010.12.06 03:06:23.640,1.34179,1.34226,1.20,2.30
2010.12.06 03:06:27.458,1.34179,1.34226,1.20,2.30
2010.12.06 03:06:30.043,1.3418,1.34228,2.70,3.00
2010.12.06 03:06:30.657,1.3418,1.34228,2.50,3.00
2010.12.06 03:06:30.710,1.34183,1.34224,1.70,1.50
2010.12.06 03:06:30.822,1.34183,1.34224,1.70,1.50
2010.12.06 03:06:31.157,1.34183,1.34223,2.60,1.50
2010.12.06 03:06:31.528,1.34183,1.34228,2.60,2.30
2010.12.06 03:06:37.420,1.34183,1.34225,2.40,1.50
2010.12.06 03:06:38.317,1.34181,1.34227,4.80,2.30
2010.12.06 03:06:38.621,1.34183,1.34227,1.10,2.30
2010.12.06 03:06:39.059,1.34193,1.34231,1.50,1.50
2010.12.06 03:06:47.286,1.34191,1.34231,1.80,1.50
2010.12.06 03:06:47.506,1.34191,1.34233,1.80,1.50
2010.12.06 03:06:59.658,1.34192,1.3423,1.50,2.30
2010.12.06 03:07:00.348,1.3419,1.34231,1.50,1.50
2010.12.06 03:07:00.568,1.34193,1.34231,1.50,1.50
2010.12.06 03:07:00.789,1.34193,1.34237,1.50,1.50
2010.12.06 03:07:04.402,1.34188,1.34237,2.40,1.60
2010.12.06 03:07:04.572,1.34186,1.34232,3.90,1.50
2010.12.06 03:07:04.799,1.34186,1.34234,3.90,1.50
2010.12.06 03:07:08.403,1.34186,1.34235,4.80,2.30
2010.12.06 03:07:08.522,1.34188,1.34235,1.20,2.30
2010.12.06 03:07:08.641,1.34189,1.34237,1.10,3.00
2010.12.06 03:07:08.759,1.34189,1.34233,1.10,1.50
2010.12.06 03:07:09.573,1.34191,1.34237,1.70,1.50
2010.12.06 03:07:09.804,1.34194,1.34237,1.50,1.50
2010.12.06 03:07:09.918,1.34191,1.34237,1.70,1.50
2010.12.06 03:07:11.972,1.34188,1.34233,1.70,1.50
2010.12.06 03:07:14.408,1.34185,1.34233,5.00,3.00
2010.12.06 03:07:15.621,1.34185,1.34233,2.50,3.00
2010.12.06 03:07:16.461,1.34185,1.34229,2.60,1.50
2010.12.06 03:07:17.138,1.34176,1.34227,4.10,2.40
2010.12.06 03:07:17.791,1.34176,1.34224,2.50,2.30
2010.12.06 03:07:23.388,1.34176,1.34225,8.70,1.50
2010.12.06 03:07:23.890,1.34177,1.34223,1.10,2.30
2010.12.06 03:07:24.771,1.34177,1.34225,1.10,3.00
2010.12.06 03:07:34.437,1.34177,1.34225,1.10,2.30
2010.12.06 03:07:38.560,1.34179,1.34227,4.80,1.50
2010.12.06 03:07:42.035,1.3418,1.34227,1.10,1.50
2010.12.06 03:07:45.424,1.34179,1.34227,5.00,1.50
2010.12.06 03:07:45.763,1.34188,1.34234,1.10,2.30
2010.12.06 03:07:46.502,1.34187,1.34234,1.10,1.50
2010.12.06 03:07:47.190,1.3419,1.34234,2.30,1.50
2010.12.06 03:07:47.302,1.34195,1.34241,1.80,1.50
2010.12.06 03:07:47.765,1.34196,1.34242,1.10,1.50
2010.12.06 03:07:49.469,1.34196,1.34242,1.10,1.50
2010.12.06 03:07:50.169,1.34195,1.34242,2.40,1.50
2010.12.06 03:07:52.460,1.34189,1.34237,1.20,1.50
2010.12.06 03:07:52.568,1.34189,1.34238,2.60,2.30
2010.12.06 03:07:54.399,1.3419,1.34238,1.20,2.30
2010.12.06 03:07:55.425,1.34193,1.34239,1.10,1.50
2010.12.06 03:07:56.330,1.34191,1.34237,1.10,1.50
2010.12.06 03:07:58.000,1.34193,1.34239,1.10,3.00
2010.12.06 03:07:59.759,1.34195,1.34242,1.10,2.30
2010.12.06 03:08:03.649,1.34192,1.34242,2.40,2.40
2010.12.06 03:08:03.870,1.34189,1.34238,4.80,2.30
2010.12.06 03:08:04.408,1.34189,1.34238,1.70,2.40
2010.12.06 03:08:04.739,1.34195,1.34237,1.50,1.50
2010.12.06 03:08:09.739,1.34195,1.34236,1.60,1.50
2010.12.06 03:08:10.129,1.34195,1.34241,1.60,3.00
2010.12.06 03:08:10.570,1.34206,1.34241,1.50,1.50
2010.12.06 03:08:10.683,1.34206,1.34243,1.50,2.30
2010.12.06 03:08:11.299,1.34197,1.34242,1.10,2.30
2010.12.06 03:08:14.921,1.34192,1.34239,2.40,1.50
2010.12.06 03:08:15.142,1.34189,1.34236,1.10,2.30
2010.12.06 03:08:15.856,1.34187,1.34234,2.60,1.50
2010.12.06 03:08:21.118,1.34196,1.34237,1.50,1.50
2010.12.06 03:08:21.765,1.34188,1.34237,2.40,1.50
2010.12.06 03:08:28.045,1.34187,1.34236,2.50,2.30
2010.12.06 03:08:29.385,1.34187,1.34236,2.40,3.10
2010.12.06 03:08:31.400,1.34187,1.34234,2.40,1.10
2010.12.06 03:08:33.025,1.34192,1.34234,1.50,1.50
2010.12.06 03:08:33.682,1.34188,1.34239,2.40,2.40
2010.12.06 03:08:35.970,1.34195,1.34239,1.30,2.30
2010.12.06 03:08:36.191,1.34197,1.34248,2.70,5.30
2010.12.06 03:08:36.875,1.34191,1.3424,4.80,1.50
2010.12.06 03:08:37.213,1.34194,1.3424,2.50,1.50
2010.12.06 03:08:37.438,1.34194,1.34242,2.50,1.50
2010.12.06 03:08:39.218,1.3419,1.3424,5.00,3.00
2010.12.06 03:08:42.278,1.34191,1.3424,2.50,3.00
2010.12.06 03:08:45.918,1.34191,1.3424,2.40,6.60
2010.12.06 03:08:46.358,1.34195,1.34234,1.50,1.60
2010.12.06 03:08:46.916,1.34188,1.34237,3.90,3.10
2010.12.06 03:08:47.878,1.34188,1.34237,2.40,3.00
2010.12.06 03:08:49.748,1.34188,1.34233,1.70,1.50
2010.12.06 03:08:57.659,1.34187,1.34233,1.20,1.50
2010.12.06 03:08:59.778,1.34187,1.34232,2.90,2.30
2010.12.06 03:08:59.892,1.34187,1.34235,1.40,2.30
2010.12.06 03:09:00.010,1.34192,1.34235,1.10,1.50
2010.12.06 03:09:01.749,1.34192,1.34237,1.10,2.30
2010.12.06 03:09:05.781,1.34189,1.34237,1.20,2.30
2010.12.06 03:09:06.289,1.3419,1.34237,1.20,2.30
2010.12.06 03:09:09.930,1.34191,1.34238,1.20,1.50
2010.12.06 03:09:10.040,1.34192,1.34239,5.00,1.50
2010.12.06 03:09:11.100,1.34189,1.34237,1.10,2.30
2010.12.06 03:09:14.701,1.3419,1.34235,1.10,1.50
2010.12.06 03:09:15.840,1.34189,1.34238,2.40,3.00
2010.12.06 03:09:21.091,1.34192,1.34238,1.10,3.00
2010.12.06 03:09:22.648,1.34192,1.34234,1.10,1.50
2010.12.06 03:09:24.299,1.34192,1.34234,1.10,1.50
2010.12.06 03:09:24.522,1.34196,1.3424,1.10,1.50
2010.12.06 03:09:24.641,1.34195,1.3424,1.20,1.50
2010.12.06 03:09:24.870,1.34192,1.34241,4.00,2.30
2010.12.06 03:09:25.596,1.34196,1.3424,1.10,1.50
2010.12.06 03:09:25.931,1.34193,1.34236,2.50,1.50
2010.12.06 03:09:27.373,1.34193,1.34236,5.00,1.50
2010.12.06 03:09:27.490,1.34193,1.34239,4.80,1.50
2010.12.06 03:09:29.499,1.34196,1.34239,1.20,1.50
2010.12.06 03:09:29.609,1.34196,1.34242,1.20,3.00
2010.12.06 03:09:30.154,1.3419,1.34238,2.40,3.00
2010.12.06 03:09:30.274,1.34184,1.34231,4.80,1.50
2010.12.06 03:09:30.501,1.34182,1.34231,2.40,1.50
2010.12.06 03:09:40.748,1.34185,1.34231,1.80,1.50
2010.12.06 03:09:41.322,1.34185,1.34231,1.80,1.50
2010.12.06 03:09:42.093,1.34185,1.34231,1.80,1.50
2010.12.06 03:09:42.320,1.34193,1.34234,1.50,1.50
2010.12.06 03:09:42.430,1.34188,1.34234,2.40,1.70
2010.12.06 03:09:43.024,1.34186,1.34234,4.80,1.50
2010.12.06 03:09:43.684,1.34184,1.34233,4.80,2.40
2010.12.06 03:09:43.909,1.34183,1.3423,2.50,1.60
2010.12.06 03:09:44.592,1.34198,1.34238,1.10,1.50
2010.12.06 03:09:44.709,1.34198,1.3424,1.10,1.50
2010.12.06 03:09:45.148,1.34192,1.34236,1.30,1.50
2010.12.06 03:09:48.139,1.34185,1.34234,1.10,1.50
2010.12.06 03:09:51.868,1.34186,1.34235,4.80,1.50
2010.12.06 03:10:09.918,1.34185,1.34233,1.70,1.50
2010.12.06 03:10:10.329,1.34185,1.34227,1.10,1.50
2010.12.06 03:10:12.067,1.34188,1.34232,1.10,1.50
2010.12.06 03:10:13.746,1.34185,1.34233,1.10,1.50
2010.12.06 03:10:13.872,1.34186,1.34233,1.10,1.50
2010.12.06 03:10:14.099,1.34183,1.3423,4.80,1.50
2010.12.06 03:10:15.483,1.34184,1.34235,4.80,2.30
2010.12.06 03:10:15.606,1.34189,1.34235,2.20,2.30
2010.12.06 03:10:16.160,1.34188,1.34236,1.20,1.50
2010.12.06 03:10:29.859,1.3419,1.3423,1.10,1.50
2010.12.06 03:10:30.079,1.3419,1.34233,1.10,1.50
2010.12.06 03:10:30.972,1.3419,1.34234,1.10,1.50
2010.12.06 03:10:32.209,1.34185,1.34232,1.20,1.50
2010.12.06 03:10:36.138,1.34191,1.34235,1.10,1.50
2010.12.06 03:10:41.798,1.3419,1.34236,1.10,2.30
2010.12.06 03:10:45.338,1.3419,1.34239,2.50,2.40
2010.12.06 03:10:48.520,1.34188,1.34237,5.30,1.50
2010.12.06 03:10:51.981,1.34188,1.34236,1.50,1.50
2010.12.06 03:10:53.428,1.34191,1.34236,1.10,1.50
2010.12.06 03:10:56.439,1.34189,1.3424,4.80,3.10
2010.12.06 03:10:56.988,1.34188,1.34237,5.40,1.50
2010.12.06 03:10:59.639,1.3419,1.34239,4.80,2.40
2010.12.06 03:11:03.381,1.34192,1.34237,1.10,1.50
2010.12.06 03:11:04.048,1.34192,1.34239,1.10,2.30
2010.12.06 03:11:07.158,1.34188,1.34235,1.50,1.50
2010.12.06 03:11:08.549,1.34188,1.34239,5.30,2.40
2010.12.06 03:11:14.319,1.34188,1.34237,5.30,1.60
2010.12.06 03:11:14.948,1.34188,1.34235,1.10,1.50
2010.12.06 03:11:15.168,1.34188,1.34235,1.10,2.30
2010.12.06 03:11:19.338,1.34189,1.34235,1.10,1.50
2010.12.06 03:11:19.448,1.3419,1.34237,1.10,1.50
2010.12.06 03:11:23.331,1.34189,1.34239,4.80,1.60
2010.12.06 03:11:55.191,1.34188,1.34239,2.50,3.10
2010.12.06 03:11:56.409,1.34189,1.34239,1.10,3.20
2010.12.06 03:11:56.738,1.34188,1.34236,4.80,1.50
2010.12.06 03:11:59.404,1.34185,1.34235,1.10,2.40
2010.12.06 03:12:01.080,1.34184,1.34235,4.80,2.30
2010.12.06 03:12:04.680,1.34184,1.34235,4.80,2.40
2010.12.06 03:12:06.263,1.34184,1.34235,4.80,2.40
2010.12.06 03:12:07.766,1.34184,1.34235,5.00,2.40
2010.12.06 03:12:10.475,1.34186,1.34233,1.10,1.50
2010.12.06 03:12:15.439,1.34185,1.34236,5.30,3.00
2010.12.06 03:12:52.040,1.34186,1.34234,2.40,1.50
2010.12.06 03:12:52.148,1.34186,1.34233,2.40,1.50
2010.12.06 03:13:18.889,1.34185,1.34233,1.20,1.50
2010.12.06 03:13:45.013,1.34186,1.34233,1.20,1.50
2010.12.06 03:13:45.438,1.34187,1.34233,1.10,1.50
2010.12.06 03:13:47.237,1.34186,1.34234,1.10,1.50
2010.12.06 03:13:52.131,1.34186,1.34234,1.20,1.50
2010.12.06 03:13:52.240,1.34191,1.34236,1.10,3.00
2010.12.06 03:14:19.179,1.34192,1.34236,1.80,1.50
2010.12.06 03:14:19.294,1.34192,1.34239,4.80,1.50
2010.12.06 03:14:31.521,1.34191,1.34237,1.20,3.00
2010.12.06 03:14:32.298,1.34191,1.34237,2.20,1.50
2010.12.06 03:14:32.412,1.34193,1.3424,4.80,3.00
2010.12.06 03:14:33.608,1.34193,1.3424,4.80,2.30
2010.12.06 03:14:34.902,1.34193,1.34243,5.00,2.30
2010.12.06 03:15:09.881,1.34198,1.34246,1.20,1.50
2010.12.06 03:15:23.784,1.34206,1.34248,1.50,2.30
2010.12.06 03:15:24.195,1.34206,1.34248,1.50,1.50
2010.12.06 03:15:25.830,1.34206,1.34249,1.60,2.30
2010.12.06 03:15:38.338,1.34205,1.34249,1.80,2.30
2010.12.06 03:15:52.769,1.34205,1.34246,1.50,1.50
2010.12.06 03:15:54.311,1.34205,1.34244,1.50,3.20
2010.12.06 03:15:54.420,1.34193,1.34236,2.40,1.50
2010.12.06 03:15:54.532,1.34188,1.34234,1.70,1.50
2010.12.06 03:15:54.649,1.34193,1.34234,1.50,1.50
2010.12.06 03:15:54.869,1.34186,1.34236,2.40,4.50
2010.12.06 03:15:54.981,1.34186,1.34236,2.60,4.50
2010.12.06 03:15:55.762,1.34193,1.34241,1.10,3.00
2010.12.06 03:15:57.210,1.34192,1.34235,2.40,1.50
2010.12.06 03:15:57.692,1.34192,1.34235,1.70,2.30
2010.12.06 03:16:01.037,1.34187,1.34235,2.40,2.40
2010.12.06 03:16:01.494,1.34187,1.34235,2.40,2.40
2010.12.06 03:16:02.161,1.34193,1.34238,1.10,2.30
2010.12.06 03:16:02.774,1.34193,1.34242,4.10,1.50
2010.12.06 03:16:04.470,1.34193,1.34242,4.30,1.50
2010.12.06 03:16:06.538,1.34193,1.34242,3.90,1.90
2010.12.06 03:16:11.708,1.34187,1.34224,2.40,1.50
2010.12.06 03:16:11.928,1.34187,1.34233,2.40,1.50
2010.12.06 03:16:12.299,1.34187,1.34233,2.40,1.60
2010.12.06 03:16:12.409,1.34187,1.34233,2.40,1.70
2010.12.06 03:16:12.778,1.34187,1.34233,2.40,1.60
2010.12.06 03:16:20.513,1.34191,1.34239,1.10,4.50
2010.12.06 03:16:29.764,1.34185,1.34234,2.50,1.60
2010.12.06 03:16:32.432,1.34181,1.3423,2.40,1.50
2010.12.06 03:16:32.949,1.34184,1.34233,2.40,1.60
2010.12.06 03:16:36.351,1.34179,1.3423,2.40,2.40
2010.12.06 03:16:36.569,1.34179,1.3423,2.40,2.40
2010.12.06 03:16:37.346,1.34184,1.34232,2.40,1.50
2010.12.06 03:16:43.830,1.34183,1.3423,2.50,1.50
2010.12.06 03:16:48.060,1.34179,1.3423,2.50,3.00
2010.12.06 03:16:54.014,1.34179,1.3423,4.80,3.10
2010.12.06 03:16:57.947,1.34179,1.34228,1.80,1.60
2010.12.06 03:17:00.249,1.34179,1.34224,1.10,1.50
2010.12.06 03:17:04.351,1.34177,1.34225,1.80,1.50
2010.12.06 03:17:15.160,1.34176,1.34225,1.80,3.00
2010.12.06 03:17:16.576,1.34176,1.34225,1.80,3.00
2010.12.06 03:17:19.295,1.34182,1.34224,1.60,1.50
2010.12.06 03:17:19.851,1.34182,1.34229,4.10,2.30
2010.12.06 03:17:19.968,1.34185,1.34229,1.10,1.50
2010.12.06 03:17:20.587,1.34184,1.34233,4.80,3.00
2010.12.06 03:17:21.250,1.34183,1.3423,1.80,1.50
2010.12.06 03:17:21.359,1.34183,1.34228,1.80,1.50
2010.12.06 03:17:43.379,1.34181,1.34232,4.80,2.30
2010.12.06 03:17:43.488,1.34181,1.34232,4.80,2.30
2010.12.06 03:17:43.600,1.34183,1.34229,1.10,1.50
2010.12.06 03:17:47.810,1.34175,1.34214,2.40,1.50
2010.12.06 03:17:48.282,1.34175,1.34224,2.40,1.50
2010.12.06 03:17:48.403,1.3418,1.34229,2.40,4.60
2010.12.06 03:17:53.941,1.34177,1.34226,2.40,1.60
2010.12.06 03:17:54.543,1.34177,1.34226,1.70,2.40
2010.12.06 03:17:54.697,1.34166,1.34215,2.40,1.60
2010.12.06 03:17:59.168,1.34169,1.34215,1.10,1.50
2010.12.06 03:17:59.284,1.34169,1.34217,1.20,1.50
2010.12.06 03:17:59.620,1.3417,1.3422,4.80,1.50
2010.12.06 03:17:59.839,1.34172,1.3422,1.20,1.50
2010.12.06 03:18:00.355,1.34172,1.34221,1.20,1.50
2010.12.06 03:18:04.721,1.34178,1.34225,1.20,3.00
2010.12.06 03:18:04.940,1.34178,1.34228,1.20,2.30
2010.12.06 03:18:05.049,1.34176,1.34225,6.60,1.50
2010.12.06 03:18:09.857,1.34172,1.34222,4.80,1.50
2010.12.06 03:18:14.570,1.3417,1.3422,2.40,1.50
2010.12.06 03:18:14.685,1.3417,1.3422,2.40,2.30
2010.12.06 03:18:19.343,1.3417,1.3422,2.50,2.40
2010.12.06 03:18:20.352,1.3417,1.3422,2.40,2.40
2010.12.06 03:18:45.964,1.3417,1.3422,2.40,2.40
2010.12.06 03:18:50.700,1.3417,1.3422,2.40,2.40
2010.12.06 03:18:51.140,1.34169,1.34217,2.40,1.60
2010.12.06 03:18:52.805,1.34169,1.34216,2.40,1.10
2010.12.06 03:18:55.301,1.34169,1.34217,2.40,3.20
2010.12.06 03:18:55.523,1.34172,1.34219,3.90,1.50
2010.12.06 03:18:55.641,1.34172,1.3422,8.50,3.10
2010.12.06 03:18:56.094,1.34172,1.3422,8.50,2.40
2010.12.06 03:18:56.850,1.34173,1.34222,1.10,3.20
2010.12.06 03:18:57.373,1.3418,1.34227,1.80,1.60
2010.12.06 03:18:57.930,1.34183,1.34228,2.40,1.50
2010.12.06 03:19:00.440,1.34176,1.34224,6.60,1.50
2010.12.06 03:19:02.749,1.34182,1.34227,2.40,1.50
2010.12.06 03:19:04.137,1.34182,1.34224,2.40,1.50
2010.12.06 03:19:07.107,1.34182,1.34225,4.80,1.50
2010.12.06 03:19:07.223,1.34182,1.34228,4.80,1.50
2010.12.06 03:19:07.762,1.3419,1.34228,2.30,1.50
2010.12.06 03:19:07.871,1.34192,1.34236,1.90,1.50
2010.12.06 03:19:07.985,1.34192,1.34237,1.90,2.30
2010.12.06 03:19:08.561,1.34203,1.3424,1.50,3.00
2010.12.06 03:19:11.391,1.34189,1.34239,2.40,2.40
2010.12.06 03:19:11.610,1.34188,1.34236,1.20,1.60
2010.12.06 03:19:12.503,1.34185,1.34232,1.10,1.50
2010.12.06 03:19:14.349,1.34192,1.34236,1.70,1.50
2010.12.06 03:19:18.579,1.34192,1.34236,1.80,1.50
2010.12.06 03:19:19.040,1.34196,1.34242,1.10,1.50
2010.12.06 03:19:19.149,1.34196,1.34242,1.10,1.50
2010.12.06 03:19:26.192,1.34196,1.34238,1.10,1.50
2010.12.06 03:19:27.361,1.34202,1.34239,1.70,1.50
2010.12.06 03:19:27.579,1.34202,1.34242,1.70,1.50
2010.12.06 03:19:31.668,1.34202,1.34243,1.70,1.50
2010.12.06 03:19:37.504,1.34202,1.34244,1.80,2.30
2010.12.06 03:19:38.062,1.34205,1.34244,1.10,1.50
2010.12.06 03:19:38.169,1.34205,1.34248,1.10,1.50
2010.12.06 03:19:41.580,1.34202,1.34248,2.40,1.60
2010.12.06 03:19:41.690,1.34202,1.34244,2.40,1.50
2010.12.06 03:19:42.020,1.34203,1.34244,1.70,1.50
2010.12.06 03:19:48.169,1.34203,1.34246,1.70,1.50
2010.12.06 03:19:57.186,1.34203,1.34246,1.70,1.70
2010.12.06 03:20:04.662,1.34198,1.34246,2.40,2.40
2010.12.06 03:20:08.505,1.34211,1.34244,1.50,1.50
2010.12.06 03:20:09.106,1.34212,1.34252,1.70,1.50
2010.12.06 03:20:09.329,1.34212,1.34252,2.40,1.50
2010.12.06 03:20:19.630,1.34212,1.34256,2.40,2.10
2010.12.06 03:20:27.192,1.34212,1.34256,2.40,2.20
2010.12.06 03:20:31.062,1.34212,1.34256,2.30,3.00
2010.12.06 03:20:31.624,1.34206,1.34255,2.30,1.10
2010.12.06 03:20:31.741,1.34206,1.34248,1.50,1.70
2010.12.06 03:20:31.962,1.34199,1.34248,2.40,1.70
2010.12.06 03:20:36.142,1.34203,1.34251,2.40,2.40
2010.12.06 03:20:53.265,1.34203,1.34251,2.50,2.40
2010.12.06 03:21:48.728,1.34203,1.34252,4.80,3.10
2010.12.06 03:21:54.639,1.34203,1.34252,4.80,3.10
2010.12.06 03:22:09.540,1.34203,1.34249,2.40,1.50
2010.12.06 03:22:10.820,1.342,1.34249,4.80,1.60
2010.12.06 03:22:10.929,1.342,1.34249,4.80,2.40
2010.12.06 03:22:23.549,1.34202,1.34248,2.40,2.40
2010.12.06 03:22:26.600,1.34202,1.34247,2.50,1.50
2010.12.06 03:22:27.492,1.34202,1.34249,2.50,2.30
2010.12.06 03:22:32.949,1.34202,1.34248,2.50,1.30
2010.12.06 03:22:33.610,1.34202,1.34246,1.70,1.40
2010.12.06 03:22:43.518,1.34201,1.34247,1.50,4.20
2010.12.06 03:22:43.686,1.34193,1.34244,2.50,1.60
2010.12.06 03:22:47.363,1.34195,1.34244,2.40,1.70
2010.12.06 03:22:53.240,1.34202,1.34244,1.50,1.60
2010.12.06 03:22:53.570,1.34195,1.34246,2.40,2.70
2010.12.06 03:22:53.793,1.34195,1.34246,2.40,5.40
2010.12.06 03:22:53.900,1.34195,1.34246,2.50,2.70
2010.12.06 03:22:54.652,1.34195,1.34246,2.40,2.70
2010.12.06 03:22:54.770,1.34195,1.34245,2.40,1.10
2010.12.06 03:22:54.881,1.34195,1.34246,2.50,2.70
2010.12.06 03:23:00.129,1.34201,1.34246,1.70,1.70
2010.12.06 03:23:00.241,1.34201,1.34246,1.70,2.20
2010.12.06 03:23:02.899,1.34201,1.34246,1.70,2.20
2010.12.06 03:23:03.474,1.34201,1.34246,1.70,2.20
2010.12.06 03:23:04.904,1.34201,1.34246,1.70,2.20
2010.12.06 03:23:34.080,1.34197,1.34246,2.40,1.60
2010.12.06 03:23:35.110,1.34198,1.34246,2.40,1.50
2010.12.06 03:23:35.229,1.34198,1.34251,2.40,10.30
2010.12.06 03:23:35.347,1.34205,1.34251,1.70,3.10
2010.12.06 03:23:35.871,1.34205,1.34247,1.50,1.60
2010.12.06 03:23:35.986,1.34202,1.34245,1.70,1.10
2010.12.06 03:23:36.101,1.34196,1.34239,1.70,1.60
2010.12.06 03:23:36.743,1.34191,1.34234,1.70,1.60
2010.12.06 03:23:36.960,1.34189,1.34234,2.40,1.60
2010.12.06 03:23:38.119,1.34184,1.34232,3.20,2.40
2010.12.06 03:23:38.246,1.34183,1.3423,2.40,2.80
2010.12.06 03:23:38.851,1.34185,1.3423,1.50,1.60
2010.12.06 03:23:38.962,1.34184,1.34233,3.20,2.40
2010.12.06 03:23:39.693,1.34189,1.34238,2.40,1.60
2010.12.06 03:23:41.739,1.34189,1.34238,2.40,1.60
2010.12.06 03:23:42.441,1.34189,1.34241,2.40,1.70
2010.12.06 03:23:42.554,1.34196,1.34241,1.50,1.60
2010.12.06 03:23:42.681,1.34196,1.34244,2.40,1.70
2010.12.06 03:23:43.527,1.34199,1.34247,2.40,1.70
2010.12.06 03:23:45.739,1.34196,1.34247,2.40,6.80
2010.12.06 03:23:45.850,1.34195,1.34242,1.70,1.70
2010.12.06 03:23:54.062,1.34192,1.34242,3.90,6.60
2010.12.06 03:23:56.890,1.3419,1.3424,2.40,2.60
2010.12.06 03:23:57.000,1.3419,1.34237,2.40,1.70
2010.12.06 03:24:01.123,1.34187,1.34237,2.50,1.60
2010.12.06 03:24:01.823,1.34193,1.34237,1.50,1.60
2010.12.06 03:24:02.399,1.3419,1.34231,2.40,1.50
2010.12.06 03:24:03.249,1.3419,1.34231,1.70,1.50
2010.12.06 03:24:03.473,1.3419,1.34231,1.70,1.70
2010.12.06 03:24:03.691,1.34188,1.34233,1.50,1.80
2010.12.06 03:24:04.340,1.34181,1.3423,2.40,2.80
2010.12.06 03:24:05.471,1.34181,1.34221,1.70,1.70
2010.12.06 03:24:11.923,1.34177,1.34224,2.40,2.40
2010.12.06 03:24:13.379,1.3418,1.34227,1.70,2.80
2010.12.06 03:24:14.671,1.34182,1.34227,1.50,1.70
2010.12.06 03:24:16.802,1.34182,1.34227,1.50,1.70
2010.12.06 03:24:18.640,1.34182,1.34227,1.50,1.70
2010.12.06 03:24:20.732,1.3418,1.34223,1.70,1.70
2010.12.06 03:24:22.545,1.34168,1.34213,2.40,1.60
2010.12.06 03:24:22.882,1.34178,1.34225,2.40,2.40
2010.12.06 03:24:23.591,1.34175,1.34225,2.40,2.60
2010.12.06 03:24:26.286,1.34175,1.34224,2.40,1.10
2010.12.06 03:24:27.467,1.34175,1.34224,2.40,1.10
2010.12.06 03:24:29.651,1.34178,1.34224,2.40,1.10
2010.12.06 03:24:31.787,1.34178,1.34224,2.40,1.10
2010.12.06 03:24:32.453,1.34176,1.3422,2.40,1.10
2010.12.06 03:24:32.942,1.34176,1.3422,2.40,1.30
2010.12.06 03:24:33.557,1.34176,1.34218,1.50,1.70
2010.12.06 03:24:33.698,1.34168,1.34214,2.40,1.80
2010.12.06 03:24:33.922,1.34168,1.34214,2.40,1.60
2010.12.06 03:24:34.386,1.34168,1.34214,2.40,1.60
2010.12.06 03:24:34.611,1.34164,1.34215,2.40,1.50
2010.12.06 03:24:34.720,1.3417,1.34218,2.40,1.70
2010.12.06 03:24:38.464,1.34176,1.34221,1.70,1.70
2010.12.06 03:24:38.581,1.34176,1.34223,2.40,1.60
2010.12.06 03:24:41.610,1.34181,1.34223,1.50,1.60
2010.12.06 03:24:42.973,1.34173,1.34218,2.50,1.50
2010.12.06 03:24:44.204,1.34193,1.34229,1.50,2.30
2010.12.06 03:24:44.749,1.34174,1.34225,2.40,1.50
2010.12.06 03:24:45.396,1.3418,1.34227,2.40,1.50
2010.12.06 03:24:46.739,1.3418,1.34225,2.40,1.50
2010.12.06 03:24:47.260,1.3418,1.34226,2.40,1.50
2010.12.06 03:24:53.721,1.3418,1.34227,5.00,1.50
2010.12.06 03:24:54.491,1.34193,1.34227,1.50,1.50
2010.12.06 03:24:54.711,1.3418,1.34227,4.80,1.50
2010.12.06 03:24:55.071,1.34182,1.34231,1.20,1.50
2010.12.06 03:24:55.580,1.34192,1.34231,1.50,1.50
2010.12.06 03:24:55.704,1.34191,1.3423,1.50,1.50
2010.12.06 03:24:56.040,1.34192,1.34233,1.50,3.00
2010.12.06 03:25:04.365,1.3419,1.34233,1.70,1.70
2010.12.06 03:25:04.880,1.34193,1.34233,1.50,1.70
2010.12.06 03:25:05.331,1.34193,1.34233,1.50,3.20
2010.12.06 03:25:06.340,1.34193,1.34229,1.50,1.50
2010.12.06 03:25:09.700,1.34193,1.34231,1.50,1.60
2010.12.06 03:25:13.371,1.34193,1.34228,1.50,1.50
2010.12.06 03:25:13.486,1.34185,1.34228,2.40,1.50
2010.12.06 03:25:13.602,1.34185,1.34232,4.80,2.40
2010.12.06 03:25:14.651,1.3419,1.3423,1.70,1.50
2010.12.06 03:25:15.214,1.3419,1.34229,1.70,1.30
2010.12.06 03:25:15.337,1.34181,1.34225,2.40,1.10
2010.12.06 03:25:16.102,1.34176,1.34224,1.10,1.70
2010.12.06 03:25:17.614,1.34178,1.34227,2.40,3.20
2010.12.06 03:25:19.510,1.34176,1.34222,1.10,1.50
2010.12.06 03:25:23.421,1.34176,1.34225,1.10,2.30
2010.12.06 03:25:24.491,1.34176,1.34223,1.10,1.50
2010.12.06 03:25:35.548,1.3417,1.34216,2.60,1.50
2010.12.06 03:25:35.661,1.3417,1.34216,2.60,1.50
2010.12.06 03:25:35.880,1.3417,1.34216,2.60,1.50
2010.12.06 03:25:35.990,1.34172,1.34219,2.40,2.40
2010.12.06 03:25:37.882,1.34171,1.34219,2.40,1.60
2010.12.06 03:25:37.996,1.34171,1.34217,1.70,1.70
2010.12.06 03:25:38.119,1.34171,1.34215,1.50,1.70
2010.12.06 03:25:38.814,1.34165,1.34215,2.40,1.70
2010.12.06 03:25:39.341,1.3417,1.34215,1.50,1.60
2010.12.06 03:25:39.452,1.3417,1.34215,3.00,1.70
2010.12.06 03:25:40.909,1.3416,1.34207,4.70,1.80
2010.12.06 03:25:41.021,1.3416,1.34207,4.70,1.80
2010.12.06 03:25:43.596,1.3416,1.34204,2.40,1.10
2010.12.06 03:25:43.715,1.3416,1.34204,2.40,1.30
2010.12.06 03:25:44.465,1.34156,1.34203,1.50,1.70
2010.12.06 03:25:45.209,1.34155,1.342,1.70,1.70
2010.12.06 03:25:45.364,1.34152,1.34192,2.40,1.60
2010.12.06 03:25:45.486,1.34146,1.34194,4.70,1.70
2010.12.06 03:25:46.111,1.34144,1.3419,1.70,3.00
2010.12.06 03:25:46.442,1.34144,1.34192,1.70,2.40
2010.12.06 03:25:46.919,1.34144,1.34189,1.70,1.50
2010.12.06 03:25:47.640,1.34145,1.34184,1.50,1.50
2010.12.06 03:25:49.451,1.34145,1.34187,1.50,1.60
2010.12.06 03:25:50.120,1.34145,1.3419,1.70,2.40
2010.12.06 03:25:50.341,1.34145,1.34195,2.40,3.00
2010.12.06 03:25:50.788,1.34173,1.34209,1.50,2.50
2010.12.06 03:25:50.906,1.34173,1.34212,1.50,1.50
2010.12.06 03:25:51.791,1.34173,1.34213,1.50,1.50
2010.12.06 03:25:52.304,1.34172,1.34223,2.40,1.60
2010.12.06 03:25:52.434,1.34166,1.34216,4.80,1.50
2010.12.06 03:25:53.038,1.34166,1.34221,8.50,2.30
2010.12.06 03:25:53.198,1.3416,1.34213,4.80,1.50
2010.12.06 03:25:53.311,1.34162,1.34213,1.10,1.50
2010.12.06 03:25:53.420,1.34162,1.3421,1.10,1.50
2010.12.06 03:25:53.933,1.3416,1.34213,2.50,1.50
2010.12.06 03:25:54.055,1.34156,1.34211,8.50,1.50
2010.12.06 03:25:55.365,1.34156,1.34211,8.50,2.30
2010.12.06 03:25:57.151,1.34157,1.3421,2.40,2.60
2010.12.06 03:25:57.370,1.34153,1.34208,2.50,2.60
2010.12.06 03:25:57.481,1.34153,1.34204,2.40,1.70
2010.12.06 03:25:58.004,1.34147,1.34201,1.20,1.50
2010.12.06 03:25:59.526,1.3415,1.34203,4.80,2.30
2010.12.06 03:26:00.363,1.34156,1.34207,2.40,2.30
2010.12.06 03:26:00.893,1.34158,1.34207,2.40,1.50
2010.12.06 03:26:01.230,1.34152,1.342,1.20,1.50
2010.12.06 03:26:01.840,1.34155,1.342,2.50,1.50
2010.12.06 03:26:01.976,1.34146,1.34199,8.70,2.30
2010.12.06 03:26:06.961,1.34148,1.34196,2.40,1.10
2010.12.06 03:26:07.079,1.3414,1.34191,3.30,2.30
2010.12.06 03:26:07.609,1.34138,1.34191,4.80,2.30
2010.12.06 03:26:07.720,1.34138,1.34188,2.50,1.50
2010.12.06 03:26:08.510,1.34138,1.34187,2.50,1.50
2010.12.06 03:26:08.951,1.34141,1.34192,2.50,1.70
2010.12.06 03:26:09.482,1.34138,1.34193,5.00,3.20
2010.12.06 03:26:10.031,1.34138,1.34189,4.80,1.50
2010.12.06 03:26:10.251,1.34136,1.3419,4.00,1.60
2010.12.06 03:26:10.811,1.34136,1.3419,4.00,1.60
2010.12.06 03:26:11.803,1.34136,1.3419,4.00,1.60
2010.12.06 03:26:12.020,1.34131,1.34186,4.80,3.30
2010.12.06 03:26:12.130,1.34131,1.34186,2.50,3.30
2010.12.06 03:26:12.788,1.34131,1.34181,4.80,1.50
2010.12.06 03:26:13.424,1.34135,1.34181,2.60,1.50
2010.12.06 03:26:14.074,1.34133,1.34186,2.50,2.30
2010.12.06 03:26:16.522,1.34136,1.34187,2.50,1.60
2010.12.06 03:26:17.432,1.34136,1.34187,2.40,1.60
2010.12.06 03:26:20.507,1.3414,1.34189,2.40,1.10
2010.12.06 03:26:20.993,1.3414,1.34184,1.50,1.70
2010.12.06 03:26:22.512,1.34131,1.34182,2.40,1.10
2010.12.06 03:26:22.842,1.34138,1.34184,2.40,1.70
2010.12.06 03:26:23.060,1.3413,1.34184,1.10,3.90
2010.12.06 03:26:23.629,1.3413,1.34184,1.10,3.90
2010.12.06 03:26:23.749,1.34129,1.34182,4.80,1.60
2010.12.06 03:26:24.167,1.34129,1.34182,2.60,1.70
2010.12.06 03:26:25.516,1.34129,1.34182,2.60,1.70
2010.12.06 03:26:28.368,1.34134,1.34182,1.10,1.70
2010.12.06 03:26:30.780,1.34138,1.34187,2.40,1.50
2010.12.06 03:26:31.112,1.34136,1.34184,3.00,1.70
2010.12.06 03:26:31.751,1.34126,1.34172,1.70,1.50
2010.12.06 03:26:39.793,1.34129,1.34173,1.70,1.60
2010.12.06 03:26:39.928,1.34125,1.34174,2.40,1.60
2010.12.06 03:26:40.305,1.34125,1.34172,1.50,1.60
2010.12.06 03:26:40.422,1.34122,1.34172,2.40,1.60
2010.12.06 03:26:40.942,1.34122,1.34172,2.40,1.60
2010.12.06 03:26:42.418,1.34126,1.34175,2.40,1.10
2010.12.06 03:26:42.558,1.34134,1.34179,1.70,1.70
2010.12.06 03:26:43.051,1.34129,1.34179,2.40,1.50
2010.12.06 03:26:43.832,1.34134,1.34183,2.40,1.60
2010.12.06 03:26:48.612,1.34131,1.34181,2.40,1.70
2010.12.06 03:26:50.772,1.34131,1.3418,2.40,1.10
2010.12.06 03:26:51.464,1.34131,1.3418,2.40,1.10
2010.12.06 03:26:51.691,1.34131,1.3418,2.40,1.10
2010.12.06 03:26:51.802,1.34126,1.34176,2.40,1.10
2010.12.06 03:26:52.382,1.34126,1.34177,2.40,2.30
2010.12.06 03:26:52.516,1.34122,1.34172,2.40,2.40
2010.12.06 03:26:53.471,1.34122,1.34172,2.40,2.40
2010.12.06 03:26:54.769,1.34122,1.34172,2.40,2.40
2010.12.06 03:26:54.890,1.34126,1.34173,2.40,1.10
2010.12.06 03:26:59.393,1.3413,1.34178,1.70,1.50
2010.12.06 03:27:00.667,1.34134,1.34178,1.50,1.50
2010.12.06 03:27:01.003,1.34134,1.34184,1.70,1.60
2010.12.06 03:27:01.111,1.34134,1.34184,2.40,1.60
2010.12.06 03:27:01.900,1.34126,1.34181,2.40,2.30
2010.12.06 03:27:02.012,1.34125,1.34178,2.40,2.30
2010.12.06 03:27:02.231,1.34127,1.3418,2.40,3.00
2010.12.06 03:27:03.881,1.34126,1.34174,1.10,1.50
2010.12.06 03:27:04.221,1.34123,1.34173,1.10,1.50
2010.12.06 03:27:09.799,1.34122,1.34173,2.40,1.60
2010.12.06 03:27:09.916,1.34124,1.34173,1.10,3.00
2010.12.06 03:27:10.030,1.34122,1.3417,2.60,1.50
2010.12.06 03:27:13.661,1.34122,1.3417,4.10,1.50
2010.12.06 03:27:13.771,1.34125,1.34172,4.80,1.50
2010.12.06 03:27:13.881,1.34132,1.34172,1.50,1.50
2010.12.06 03:27:18.874,1.34132,1.34176,1.50,1.60
2010.12.06 03:27:26.631,1.34131,1.34176,1.50,1.50
2010.12.06 03:27:37.689,1.34131,1.34176,1.60,1.50
2010.12.06 03:27:37.807,1.34132,1.34179,2.40,1.70
2010.12.06 03:27:44.417,1.34131,1.34177,1.70,1.50
2010.12.06 03:27:45.529,1.34131,1.34177,3.30,1.50
2010.12.06 03:27:46.374,1.34133,1.34181,2.40,3.10
2010.12.06 03:27:46.488,1.34132,1.34181,1.80,1.50
2010.12.06 03:27:47.540,1.34132,1.3418,2.60,1.50
2010.12.06 03:27:50.041,1.34141,1.3418,1.50,1.50
2010.12.06 03:27:50.156,1.34141,1.34183,1.50,1.70
2010.12.06 03:27:50.272,1.34133,1.34182,2.40,1.10
2010.12.06 03:27:50.791,1.34132,1.34182,1.10,2.60
2010.12.06 03:27:53.913,1.34126,1.34181,4.80,2.40
2010.12.06 03:27:54.241,1.34126,1.34181,5.00,2.30
2010.12.06 03:27:56.622,1.34131,1.34184,4.80,2.30
2010.12.06 03:27:56.735,1.34136,1.34187,2.40,1.80
2010.12.06 03:27:56.962,1.34131,1.34185,2.40,1.10
2010.12.06 03:27:57.073,1.34131,1.34178,2.40,1.90
2010.12.06 03:27:57.550,1.34131,1.34178,2.40,1.90
2010.12.06 03:27:57.667,1.34124,1.34176,3.10,1.10
2010.12.06 03:27:58.567,1.34124,1.34176,2.40,2.60
2010.12.06 03:28:01.490,1.34125,1.34176,1.10,2.60
2010.12.06 03:28:04.403,1.34124,1.34176,2.40,2.60
2010.12.06 03:28:11.953,1.34124,1.34176,3.60,2.60
2010.12.06 03:28:13.381,1.34133,1.3418,1.10,2.50
2010.12.06 03:28:13.606,1.34133,1.34184,1.10,1.70
2010.12.06 03:28:14.170,1.34129,1.34182,4.80,1.60
2010.12.06 03:28:14.671,1.34132,1.34185,2.60,2.60
2010.12.06 03:28:16.770,1.34134,1.34185,1.10,2.40
2010.12.06 03:28:18.959,1.34132,1.34185,2.50,2.40
2010.12.06 03:28:20.570,1.34135,1.34185,1.10,2.40
2010.12.06 03:28:21.602,1.34133,1.34186,2.40,2.60
2010.12.06 03:28:22.480,1.34133,1.34185,2.40,1.10
2010.12.06 03:28:22.810,1.34133,1.34183,2.40,1.70
2010.12.06 03:28:23.915,1.34134,1.34183,2.40,1.70
2010.12.06 03:28:29.851,1.34133,1.34183,5.00,1.50
2010.12.06 03:28:30.182,1.34135,1.34187,4.80,1.60
2010.12.06 03:28:33.024,1.3414,1.34189,2.60,1.70
2010.12.06 03:28:33.800,1.3414,1.34189,2.40,1.70
2010.12.06 03:28:34.482,1.3414,1.34189,2.40,1.60
2010.12.06 03:28:35.035,1.3414,1.34189,2.60,1.70
2010.12.06 03:28:35.152,1.3414,1.34189,2.40,1.60
2010.12.06 03:28:35.485,1.3414,1.34189,2.40,1.70
2010.12.06 03:28:35.823,1.34138,1.34185,2.40,1.90
2010.12.06 03:28:35.933,1.34134,1.34185,2.00,2.60
2010.12.06 03:28:36.041,1.34134,1.34184,2.00,1.70
2010.12.06 03:28:39.663,1.34134,1.34184,2.40,1.60
2010.12.06 03:28:44.883,1.34134,1.34186,2.40,1.70
2010.12.06 03:28:45.532,1.34128,1.34181,2.40,2.30
2010.12.06 03:28:56.101,1.34136,1.34189,1.10,3.00
2010.12.06 03:28:56.951,1.34138,1.34193,4.80,2.50
2010.12.06 03:28:57.391,1.34138,1.3419,2.40,1.10
2010.12.06 03:28:57.611,1.34132,1.34184,4.80,1.70
2010.12.06 03:28:58.694,1.34136,1.34184,1.10,1.50
2010.12.06 03:28:58.923,1.34133,1.34188,4.80,2.50
2010.12.06 03:28:59.034,1.34136,1.34188,2.40,1.10
2010.12.06 03:28:59.785,1.34137,1.34189,2.50,1.60
2010.12.06 03:29:00.253,1.34137,1.34189,2.40,1.60
2010.12.06 03:29:01.492,1.34136,1.34188,4.80,1.10
2010.12.06 03:29:05.181,1.34136,1.34188,2.40,1.10
2010.12.06 03:29:05.730,1.34136,1.34188,2.40,1.30
2010.12.06 03:29:09.829,1.34136,1.34188,2.40,2.60
2010.12.06 03:29:10.057,1.34131,1.34182,2.40,1.80
2010.12.06 03:29:10.988,1.34131,1.34182,2.40,1.50
2010.12.06 03:29:11.100,1.34135,1.34188,2.40,3.10
2010.12.06 03:29:11.321,1.34135,1.34188,2.40,3.10
2010.12.06 03:29:12.302,1.34135,1.34188,2.40,3.10
2010.12.06 03:29:13.138,1.34135,1.34188,2.40,3.20
2010.12.06 03:29:13.704,1.34139,1.34185,2.40,1.50
2010.12.06 03:29:14.196,1.3414,1.34189,1.70,1.70
2010.12.06 03:29:14.367,1.3414,1.34191,2.40,1.60
2010.12.06 03:29:15.138,1.3414,1.34191,2.40,1.60
2010.12.06 03:29:15.268,1.34141,1.34193,2.40,1.50
2010.12.06 03:29:17.883,1.34141,1.34178,2.40,2.50
2010.12.06 03:29:18.454,1.34141,1.3417,1.50,1.70
2010.12.06 03:29:18.598,1.34109,1.34162,3.90,3.10
2010.12.06 03:29:18.716,1.34109,1.34157,3.90,1.50
2010.12.06 03:29:22.600,1.3411,1.34157,2.20,1.50
2010.12.06 03:29:22.717,1.34109,1.34158,2.40,1.50
2010.12.06 03:29:26.489,1.34108,1.34153,1.10,1.50
2010.12.06 03:29:26.713,1.34105,1.34152,2.40,1.50
2010.12.06 03:29:26.931,1.34101,1.34151,1.10,2.40
2010.12.06 03:29:27.537,1.34101,1.3415,1.10,1.70
2010.12.06 03:29:35.373,1.34104,1.34152,1.10,1.50
2010.12.06 03:29:35.902,1.34101,1.34152,4.70,1.50
2010.12.06 03:29:36.057,1.34106,1.34156,2.40,1.50
2010.12.06 03:29:37.970,1.34105,1.34155,1.10,2.30
2010.12.06 03:29:38.160,1.341,1.34153,2.40,1.70
2010.12.06 03:29:38.490,1.34098,1.34151,2.40,3.20
2010.12.06 03:29:43.228,1.34104,1.34153,1.70,1.50
2010.12.06 03:29:43.457,1.34104,1.34155,2.40,1.50
2010.12.06 03:29:43.974,1.34108,1.34159,1.70,1.50
2010.12.06 03:29:44.091,1.34108,1.34158,2.40,1.50
2010.12.06 03:30:04.009,1.3411,1.34163,2.40,1.50
2010.12.06 03:30:05.655,1.34107,1.34159,2.60,1.50
2010.12.06 03:30:06.100,1.34108,1.34162,2.40,2.30
2010.12.06 03:30:16.121,1.34108,1.34162,2.40,2.40
2010.12.06 03:30:16.242,1.34108,1.34159,2.40,1.50
2010.12.06 03:30:43.580,1.34108,1.34159,2.40,3.20
2010.12.06 03:30:45.121,1.3411,1.34158,1.70,1.50
2010.12.06 03:30:45.231,1.3411,1.34158,1.70,1.50
2010.12.06 03:30:45.979,1.34104,1.34155,2.40,2.30
2010.12.06 03:30:46.701,1.34104,1.34152,2.40,1.50
2010.12.06 03:30:55.322,1.34104,1.34154,5.00,1.50
2010.12.06 03:30:59.852,1.34101,1.34154,2.40,1.50
2010.12.06 03:31:01.632,1.34107,1.34155,2.40,1.50
2010.12.06 03:31:01.740,1.34107,1.34155,2.40,1.50
2010.12.06 03:31:01.850,1.34107,1.34158,2.40,3.00
2010.12.06 03:31:02.340,1.34107,1.34157,2.40,1.50
2010.12.06 03:31:11.009,1.34103,1.34155,1.10,2.30
2010.12.06 03:31:12.287,1.34095,1.34146,2.40,1.50
2010.12.06 03:31:17.403,1.34098,1.34144,2.40,1.50
2010.12.06 03:31:17.914,1.34098,1.34144,2.40,2.30
2010.12.06 03:31:18.025,1.34093,1.34144,2.40,1.50
2010.12.06 03:31:19.411,1.34095,1.34147,2.40,1.50
2010.12.06 03:31:20.501,1.34092,1.34145,4.80,2.40
2010.12.06 03:31:27.041,1.34094,1.34139,1.10,1.50
2010.12.06 03:31:27.152,1.34093,1.34141,1.10,1.50
2010.12.06 03:31:28.049,1.3409,1.34141,1.10,1.50
2010.12.06 03:31:28.176,1.34089,1.34139,2.50,1.50
2010.12.06 03:31:28.293,1.34089,1.34137,2.50,1.50
2010.12.06 03:31:29.370,1.34089,1.34137,2.70,3.00
2010.12.06 03:31:32.018,1.34089,1.34137,2.50,3.10
2010.12.06 03:31:32.460,1.34089,1.34135,1.80,1.50
2010.12.06 03:31:34.751,1.34089,1.34132,1.60,1.50
2010.12.06 03:31:34.861,1.34089,1.34135,4.80,1.50
2010.12.06 03:31:36.893,1.3409,1.34135,1.10,1.50
2010.12.06 03:31:37.320,1.34092,1.3414,1.10,1.50
2010.12.06 03:31:37.468,1.34089,1.3414,5.30,1.50
2010.12.06 03:31:37.582,1.34092,1.3414,2.70,1.50
2010.12.06 03:31:37.802,1.34098,1.34142,2.50,2.30
2010.12.06 03:31:38.029,1.3409,1.34144,1.10,3.10
2010.12.06 03:31:38.646,1.34087,1.34135,2.40,1.50
2010.12.06 03:31:38.986,1.34087,1.34135,1.10,3.00
2010.12.06 03:31:39.578,1.34086,1.34135,3.20,1.50
2010.12.06 03:31:39.911,1.34089,1.34137,2.40,1.50
2010.12.06 03:31:42.071,1.34088,1.34135,2.40,1.50
2010.12.06 03:31:43.084,1.34089,1.34135,4.50,1.50
2010.12.06 03:31:43.825,1.34099,1.34142,1.50,1.50
2010.12.06 03:31:43.950,1.34089,1.34142,2.40,1.60
2010.12.06 03:31:44.284,1.34089,1.34139,2.40,3.00
2010.12.06 03:31:46.672,1.34091,1.34139,1.20,1.50
2010.12.06 03:31:48.004,1.34092,1.34139,1.10,1.50
2010.12.06 03:31:48.334,1.34088,1.34135,5.30,1.50
2010.12.06 03:31:48.553,1.3409,1.34135,2.20,1.50
2010.12.06 03:31:49.102,1.34089,1.34135,4.80,1.50
2010.12.06 03:31:49.217,1.3409,1.34139,1.20,1.50
2010.12.06 03:31:49.771,1.34089,1.34139,4.80,1.60
2010.12.06 03:31:51.442,1.3409,1.34135,1.20,1.50
2010.12.06 03:31:52.900,1.34089,1.34135,4.80,1.50
2010.12.06 03:31:54.731,1.34102,1.34135,1.50,1.50
2010.12.06 03:31:55.341,1.34102,1.34138,1.50,1.50
2010.12.06 03:32:00.025,1.34112,1.34145,1.50,2.30
2010.12.06 03:32:00.252,1.34112,1.34145,1.50,1.50
2010.12.06 03:32:02.982,1.34101,1.34147,1.60,1.50
2010.12.06 03:32:03.103,1.34101,1.34144,1.60,1.50
2010.12.06 03:32:03.321,1.34101,1.34144,1.70,1.50
2010.12.06 03:32:03.431,1.34101,1.34144,1.60,1.50
2010.12.06 03:32:04.474,1.34101,1.34144,1.70,1.50
2010.12.06 03:32:13.438,1.34101,1.34144,1.60,1.50
2010.12.06 03:32:15.022,1.34101,1.34144,1.70,1.50
2010.12.06 03:32:15.354,1.34102,1.34148,2.50,1.50
2010.12.06 03:32:16.472,1.34102,1.34148,2.50,1.50
2010.12.06 03:32:17.280,1.34102,1.34148,2.60,1.50
2010.12.06 03:32:19.432,1.34102,1.34148,2.60,1.50
2010.12.06 03:32:23.148,1.34102,1.34148,6.00,1.50
2010.12.06 03:32:24.421,1.34102,1.34148,2.50,1.50
2010.12.06 03:32:25.022,1.3411,1.34151,1.50,1.50
2010.12.06 03:32:25.145,1.34101,1.34151,8.50,1.50
2010.12.06 03:32:29.421,1.34104,1.34151,1.20,1.50
2010.12.06 03:32:36.973,1.34111,1.34151,1.60,1.50
2010.12.06 03:32:37.456,1.34111,1.34151,1.80,1.50
2010.12.06 03:32:40.890,1.34111,1.34158,1.80,3.00
2010.12.06 03:32:44.520,1.34111,1.34157,1.70,2.50
2010.12.06 03:32:44.631,1.34104,1.34152,3.00,1.50
2010.12.06 03:32:45.524,1.34108,1.34158,4.80,2.30
2010.12.06 03:32:49.183,1.34108,1.34156,2.40,1.50
2010.12.06 03:32:49.291,1.34104,1.34153,2.50,1.50
2010.12.06 03:32:50.210,1.34104,1.34152,6.50,1.50
2010.12.06 03:32:58.161,1.34096,1.34144,2.40,1.50
2010.12.06 03:32:58.275,1.34101,1.34146,2.40,2.30
2010.12.06 03:32:58.393,1.34094,1.34145,2.40,1.50
2010.12.06 03:32:58.936,1.34094,1.34146,2.50,2.30
2010.12.06 03:32:59.899,1.34097,1.34148,2.40,1.50
2010.12.06 03:33:00.127,1.34097,1.34148,4.80,1.50
2010.12.06 03:33:01.834,1.34098,1.34145,1.10,1.50
2010.12.06 03:33:02.611,1.34093,1.34134,2.40,1.50
2010.12.06 03:33:05.961,1.34099,1.34144,2.40,2.40
2010.12.06 03:33:06.293,1.34099,1.34139,1.70,1.10
2010.12.06 03:33:06.892,1.34086,1.34133,2.60,1.50
2010.12.06 03:33:08.896,1.34094,1.34143,2.40,1.50
2010.12.06 03:33:09.019,1.34099,1.34146,2.40,1.50
2010.12.06 03:33:09.133,1.34102,1.34148,1.70,1.70
2010.12.06 03:33:09.355,1.34101,1.34152,3.20,1.70
2010.12.06 03:33:11.000,1.34102,1.34152,3.90,1.70
2010.12.06 03:33:11.572,1.34102,1.34146,1.50,1.70
2010.12.06 03:33:12.012,1.34093,1.34143,2.40,1.50
2010.12.06 03:33:12.232,1.34093,1.3414,2.40,1.50
2010.12.06 03:33:13.047,1.34091,1.34137,2.40,1.50
2010.12.06 03:33:13.383,1.34089,1.34137,3.90,1.50
2010.12.06 03:33:14.796,1.34095,1.34138,2.40,1.50
2010.12.06 03:33:16.466,1.34095,1.34145,2.40,1.50
2010.12.06 03:33:24.830,1.34102,1.34145,1.50,1.50
2010.12.06 03:33:26.072,1.34102,1.34145,1.60,1.50
2010.12.06 03:33:26.193,1.34101,1.34148,1.80,1.50
2010.12.06 03:33:28.073,1.34097,1.34148,2.40,1.50
2010.12.06 03:33:28.874,1.34102,1.34148,1.50,1.50
2010.12.06 03:33:29.027,1.34102,1.34151,4.80,1.50
2010.12.06 03:33:29.251,1.34103,1.34155,2.50,2.30
2010.12.06 03:33:29.638,1.34102,1.34151,4.80,1.50
2010.12.06 03:33:30.203,1.34103,1.34156,2.50,1.50
2010.12.06 03:33:32.385,1.3411,1.34156,1.10,1.50
2010.12.06 03:33:32.724,1.34123,1.3416,1.50,1.50
2010.12.06 03:33:39.921,1.34123,1.34158,1.50,1.50
2010.12.06 03:33:40.834,1.34115,1.34159,1.80,2.30
2010.12.06 03:33:42.384,1.34115,1.34159,1.80,2.30
2010.12.06 03:33:43.775,1.34115,1.34159,1.80,2.30
2010.12.06 03:33:45.393,1.34115,1.34159,1.70,2.30
2010.12.06 03:33:45.899,1.34116,1.34157,1.50,1.50
2010.12.06 03:33:48.282,1.34116,1.34153,1.50,1.50
2010.12.06 03:33:48.402,1.34113,1.34153,1.50,1.50
2010.12.06 03:33:50.462,1.34105,1.34153,2.50,1.50
2010.12.06 03:33:52.332,1.34115,1.34153,1.50,1.50
2010.12.06 03:33:52.912,1.34116,1.34156,1.50,1.50
2010.12.06 03:33:53.024,1.34116,1.34158,1.50,1.50
2010.12.06 03:33:54.663,1.34116,1.34158,1.60,1.50
2010.12.06 03:33:55.497,1.34113,1.34158,1.50,1.50
2010.12.06 03:33:55.834,1.34116,1.34158,1.50,1.50
2010.12.06 03:34:02.569,1.34116,1.34158,1.70,1.50
2010.12.06 03:34:03.273,1.34109,1.34157,3.30,2.30
2010.12.06 03:34:03.387,1.34109,1.34153,2.40,1.50
2010.12.06 03:34:03.992,1.34098,1.34153,2.40,3.20
2010.12.06 03:34:04.766,1.34097,1.3415,2.50,2.30
2010.12.06 03:34:08.587,1.34096,1.34148,2.40,1.50
2010.12.06 03:34:13.928,1.34098,1.34146,2.40,1.50
2010.12.06 03:34:14.044,1.34098,1.34146,2.40,1.50
2010.12.06 03:34:14.274,1.34098,1.34146,2.40,2.30
2010.12.06 03:34:15.410,1.34088,1.34143,4.00,2.30
2010.12.06 03:34:15.522,1.34088,1.34141,4.00,1.50
2010.12.06 03:34:15.984,1.34087,1.34135,4.80,1.50
2010.12.06 03:34:16.519,1.34102,1.34145,1.50,3.00
2010.12.06 03:34:16.634,1.34102,1.34145,1.70,2.30
2010.12.06 03:34:16.851,1.34102,1.34149,1.70,1.50
2010.12.06 03:34:18.948,1.34102,1.3415,2.60,2.30
2010.12.06 03:34:19.087,1.34099,1.34151,1.10,1.50
2010.12.06 03:34:19.204,1.341,1.34151,1.10,1.50
2010.12.06 03:34:21.136,1.34093,1.34147,1.50,2.30
2010.12.06 03:34:21.367,1.34094,1.34144,1.10,1.50
2010.12.06 03:34:22.355,1.34102,1.34146,1.50,1.50
2010.12.06 03:34:23.156,1.34102,1.34146,2.30,1.50
2010.12.06 03:34:23.271,1.34102,1.34146,2.40,1.50
2010.12.06 03:34:32.583,1.34102,1.34142,2.40,1.50
2010.12.06 03:34:32.692,1.34095,1.34146,1.20,3.00
2010.12.06 03:34:33.207,1.34101,1.34145,2.50,1.50
2010.12.06 03:34:34.194,1.34096,1.34145,2.60,1.70
2010.12.06 03:34:34.302,1.34096,1.34142,1.10,1.50
2010.12.06 03:34:35.553,1.34095,1.34143,1.20,1.50
2010.12.06 03:34:42.371,1.34099,1.34145,2.40,1.50
2010.12.06 03:34:44.937,1.34101,1.34143,1.70,3.00
2010.12.06 03:34:45.067,1.34094,1.34143,1.20,1.50
2010.12.06 03:34:47.772,1.34095,1.34143,2.90,1.50
2010.12.06 03:34:48.321,1.34099,1.34146,1.10,1.50
2010.12.06 03:35:00.082,1.34099,1.34146,1.10,1.50
2010.12.06 03:35:00.807,1.34102,1.3415,4.10,3.00
2010.12.06 03:35:01.251,1.34122,1.34174,2.40,1.50
2010.12.06 03:35:02.261,1.34121,1.34173,2.40,1.50
2010.12.06 03:35:03.532,1.34127,1.34178,2.40,1.50
2010.12.06 03:35:04.258,1.34128,1.34181,2.40,1.80
2010.12.06 03:35:04.706,1.34128,1.34181,2.40,1.70
2010.12.06 03:35:06.030,1.34124,1.34173,2.00,1.50
2010.12.06 03:35:06.367,1.34126,1.34176,2.40,2.30
2010.12.06 03:35:06.899,1.34124,1.34172,3.50,1.50
2010.12.06 03:35:07.768,1.34124,1.34173,3.00,1.70
2010.12.06 03:35:07.992,1.34122,1.34172,2.40,3.20
2010.12.06 03:35:11.741,1.34122,1.34171,2.40,1.10
2010.12.06 03:35:11.856,1.34122,1.34172,4.80,3.20
2010.12.06 03:35:12.766,1.34126,1.34178,2.40,2.30
2010.12.06 03:35:12.881,1.34126,1.34177,2.40,1.50
2010.12.06 03:35:16.422,1.34138,1.34183,1.50,1.50
2010.12.06 03:35:16.549,1.34138,1.34183,1.50,1.50
2010.12.06 03:35:20.197,1.34139,1.34183,1.60,1.50
2010.12.06 03:35:20.533,1.34139,1.34187,2.50,3.00
2010.12.06 03:35:21.243,1.34139,1.34187,2.50,3.00
2010.12.06 03:35:22.251,1.34139,1.34187,2.60,1.50
2010.12.06 03:35:23.652,1.34139,1.34187,2.50,1.50
2010.12.06 03:35:24.271,1.34139,1.34187,2.50,3.00
2010.12.06 03:35:24.382,1.34148,1.34187,1.50,3.00
2010.12.06 03:35:24.500,1.34148,1.34189,1.50,2.30
2010.12.06 03:35:24.612,1.34141,1.3419,1.10,1.70
2010.12.06 03:35:31.609,1.34154,1.34195,1.20,1.50
2010.12.06 03:35:31.833,1.34166,1.34203,1.50,1.70
2010.12.06 03:35:31.944,1.34153,1.34203,1.50,3.20
2010.12.06 03:35:32.281,1.34148,1.34202,2.40,2.50
2010.12.06 03:35:34.394,1.34148,1.34202,4.80,2.60
2010.12.06 03:35:35.426,1.34149,1.34202,1.10,2.60
2010.12.06 03:35:35.791,1.34148,1.34202,2.40,2.60
2010.12.06 03:35:36.012,1.34145,1.34197,2.40,3.10
2010.12.06 03:35:36.484,1.34146,1.34188,1.70,2.50
2010.12.06 03:35:36.633,1.34137,1.34187,2.40,1.70
2010.12.06 03:35:37.346,1.34141,1.34187,1.70,3.00
2010.12.06 03:35:44.689,1.34144,1.3419,2.20,1.60
2010.12.06 03:35:44.806,1.34148,1.3419,1.50,1.50
2010.12.06 03:35:45.252,1.34154,1.342,1.50,1.60
2010.12.06 03:35:45.361,1.34154,1.342,1.50,1.60
2010.12.06 03:35:46.416,1.3415,1.34199,2.40,1.70
2010.12.06 03:35:48.081,1.34147,1.34195,2.40,1.50
2010.12.06 03:35:54.091,1.3415,1.34195,2.20,1.50
2010.12.06 03:35:54.201,1.34153,1.34202,2.00,1.50
2010.12.06 03:35:54.639,1.34156,1.34206,1.70,1.70
2010.12.06 03:35:54.758,1.34159,1.34205,1.50,1.10
2010.12.06 03:36:01.033,1.34156,1.34202,2.40,1.60
2010.12.06 03:36:01.692,1.34152,1.34202,2.40,2.40
2010.12.06 03:36:02.255,1.34152,1.34201,2.40,1.60
2010.12.06 03:36:03.694,1.34152,1.34201,2.40,1.70
2010.12.06 03:36:07.722,1.34152,1.34201,2.40,1.70
2010.12.06 03:36:08.050,1.3415,1.34198,2.40,1.60
2010.12.06 03:36:10.017,1.3415,1.34198,2.40,1.70
2010.12.06 03:36:10.484,1.34152,1.34198,1.10,1.50
2010.12.06 03:36:11.046,1.34156,1.34204,2.30,1.10
2010.12.06 03:36:12.896,1.34152,1.34201,2.40,5.90
2010.12.06 03:36:13.028,1.34152,1.34192,2.40,1.70
2010.12.06 03:36:13.145,1.34145,1.34192,2.40,1.50
2010.12.06 03:36:13.373,1.34153,1.34199,1.50,1.50
2010.12.06 03:36:13.484,1.34153,1.34199,1.70,1.50
2010.12.06 03:36:13.930,1.34153,1.34195,1.70,1.50
2010.12.06 03:36:14.056,1.34147,1.342,2.40,1.70
2010.12.06 03:36:14.286,1.34147,1.34199,2.40,1.60
2010.12.06 03:36:15.098,1.34147,1.34201,2.40,4.70
2010.12.06 03:36:15.982,1.34147,1.34193,2.40,1.70
2010.12.06 03:36:16.092,1.34146,1.34193,2.40,1.60
2010.12.06 03:36:17.098,1.34148,1.34192,2.40,1.50
2010.12.06 03:36:17.212,1.34148,1.34196,2.40,1.60
2010.12.06 03:36:17.325,1.34148,1.342,2.40,3.20
2010.12.06 03:36:18.203,1.34148,1.342,2.40,6.60
2010.12.06 03:36:19.039,1.34155,1.342,2.40,1.50
2010.12.06 03:36:22.004,1.3416,1.342,1.70,1.50
2010.12.06 03:36:22.333,1.34168,1.34211,3.20,1.50
2010.12.06 03:36:22.442,1.34171,1.34215,1.70,1.50
2010.12.06 03:36:27.775,1.34166,1.34207,1.10,1.50
2010.12.06 03:36:28.002,1.34172,1.34214,1.70,2.30
2010.12.06 03:36:28.115,1.34172,1.34213,1.50,1.50
2010.12.06 03:36:28.768,1.34158,1.34208,1.80,3.00
2010.12.06 03:36:28.881,1.34158,1.34208,1.80,3.00
2010.12.06 03:36:30.465,1.34158,1.34202,1.80,1.50
2010.12.06 03:36:32.437,1.34158,1.34202,1.80,1.50
2010.12.06 03:36:32.881,1.34167,1.34202,1.50,1.50
2010.12.06 03:36:33.377,1.34167,1.34213,1.50,1.60
2010.12.06 03:36:33.542,1.34166,1.34212,1.70,1.60
2010.12.06 03:36:33.761,1.34166,1.34212,2.40,1.50
2010.12.06 03:36:35.013,1.34168,1.34212,2.40,1.70
2010.12.06 03:36:35.541,1.34165,1.34204,1.50,1.50
2010.12.06 03:36:35.656,1.34158,1.34208,3.90,3.00
2010.12.06 03:36:35.883,1.3416,1.34208,2.50,1.50
2010.12.06 03:36:36.104,1.34168,1.3421,1.50,1.50
2010.12.06 03:36:36.693,1.34169,1.3421,1.50,1.50
2010.12.06 03:36:45.181,1.34169,1.3421,1.70,1.50
2010.12.06 03:36:45.879,1.34169,1.34215,2.50,2.30
2010.12.06 03:36:46.811,1.34169,1.34216,5.00,3.00
2010.12.06 03:36:47.999,1.34171,1.34216,1.10,3.00
2010.12.06 03:36:48.934,1.3417,1.34216,1.20,3.00
2010.12.06 03:36:49.532,1.34171,1.34216,1.10,1.50
2010.12.06 03:36:49.862,1.34178,1.34221,1.50,1.50
2010.12.06 03:36:51.334,1.34177,1.34218,1.70,1.50
2010.12.06 03:36:51.625,1.34179,1.34218,1.50,1.50
2010.12.06 03:36:52.822,1.34179,1.34219,1.50,1.50
2010.12.06 03:36:53.754,1.34175,1.34216,1.10,1.50
2010.12.06 03:36:53.876,1.34169,1.34213,1.80,1.50
2010.12.06 03:36:54.329,1.34169,1.34213,1.80,1.50
2010.12.06 03:36:54.454,1.34168,1.34218,2.60,3.00
2010.12.06 03:36:58.243,1.34179,1.34218,1.50,1.50
2010.12.06 03:37:00.106,1.34179,1.34221,1.50,1.50
2010.12.06 03:37:00.555,1.34179,1.34218,1.50,1.50
2010.12.06 03:37:00.678,1.34168,1.34214,1.20,1.50
2010.12.06 03:37:01.018,1.3416,1.34211,2.40,1.50
2010.12.06 03:37:01.720,1.3416,1.34211,2.40,2.30
2010.12.06 03:37:07.882,1.3416,1.34212,2.40,1.60
2010.12.06 03:37:08.763,1.3416,1.34212,2.40,1.70
2010.12.06 03:37:09.523,1.3416,1.34212,2.40,1.70
2010.12.06 03:37:11.433,1.3416,1.34212,2.40,1.60
2010.12.06 03:37:12.207,1.3416,1.34211,2.40,2.40
2010.12.06 03:37:13.491,1.3416,1.34211,2.50,2.40
2010.12.06 03:37:13.711,1.3416,1.34211,2.40,2.40
2010.12.06 03:37:14.361,1.3416,1.34211,2.40,4.70
2010.12.06 03:37:15.711,1.3416,1.34209,2.40,1.70
2010.12.06 03:37:17.469,1.34158,1.34209,2.40,1.70
2010.12.06 03:37:17.803,1.34156,1.342,1.70,1.50
2010.12.06 03:37:17.914,1.34158,1.34208,2.40,1.30
2010.12.06 03:37:18.022,1.34158,1.3421,2.40,1.50
2010.12.06 03:37:18.132,1.34158,1.34211,2.40,1.50
2010.12.06 03:37:18.352,1.34159,1.34212,2.60,1.50
2010.12.06 03:37:18.995,1.34155,1.34212,3.20,3.00
2010.12.06 03:37:21.212,1.3416,1.34214,3.30,2.30
2010.12.06 03:37:24.314,1.3416,1.34211,6.60,1.50
2010.12.06 03:37:24.746,1.34158,1.34211,1.10,3.00
2010.12.06 03:37:24.865,1.34154,1.34207,2.40,1.50
2010.12.06 03:37:25.671,1.34154,1.34206,2.40,1.50
2010.12.06 03:37:27.262,1.34159,1.34212,2.40,2.30
2010.12.06 03:37:27.376,1.34154,1.34207,10.40,1.50
2010.12.06 03:37:27.823,1.3416,1.3421,4.70,1.50
2010.12.06 03:37:28.458,1.34161,1.34213,1.10,1.50
2010.12.06 03:37:34.390,1.34165,1.34216,3.30,2.30
2010.12.06 03:37:36.665,1.34162,1.34214,1.10,1.50
2010.12.06 03:37:51.523,1.34161,1.34214,2.60,3.00
2010.12.06 03:38:01.400,1.34164,1.34216,1.10,2.30
2010.12.06 03:38:01.512,1.34164,1.34216,1.10,1.50
2010.12.06 03:38:04.111,1.34165,1.34218,2.40,3.00
2010.12.06 03:38:06.833,1.34167,1.3422,2.40,3.00
2010.12.06 03:38:06.942,1.34167,1.3422,2.40,2.30
2010.12.06 03:38:07.271,1.34167,1.3422,2.40,2.30
2010.12.06 03:38:07.711,1.34167,1.34218,2.40,1.50
2010.12.06 03:38:31.311,1.34167,1.34215,2.40,1.50
2010.12.06 03:38:43.080,1.34176,1.34219,1.70,3.00
2010.12.06 03:38:43.198,1.34176,1.34225,1.70,1.50
2010.12.06 03:38:43.422,1.34176,1.34227,2.40,1.60
2010.12.06 03:38:44.502,1.34176,1.34227,2.40,1.70
2010.12.06 03:38:45.542,1.34176,1.34227,2.40,1.60
2010.12.06 03:38:48.402,1.34175,1.34227,2.40,1.70
2010.12.06 03:38:48.626,1.34171,1.34223,4.80,1.60
2010.12.06 03:38:49.433,1.34171,1.34223,1.10,3.20
2010.12.06 03:38:49.874,1.34166,1.34216,4.80,1.50
2010.12.06 03:38:50.588,1.3417,1.3422,1.10,3.00
2010.12.06 03:38:53.883,1.34168,1.34218,1.10,1.50
2010.12.06 03:38:54.501,1.34173,1.34215,1.10,1.50
2010.12.06 03:38:55.215,1.34166,1.34217,1.10,1.50
2010.12.06 03:38:56.903,1.34163,1.34216,1.20,1.50
2010.12.06 03:38:58.611,1.34165,1.34217,4.80,1.60
2010.12.06 03:38:59.274,1.34168,1.34217,1.10,1.50
2010.12.06 03:39:00.414,1.34165,1.34217,4.80,1.60
2010.12.06 03:39:02.349,1.34166,1.34219,4.80,2.40
2010.12.06 03:39:07.413,1.34168,1.34219,1.10,2.40
2010.12.06 03:39:08.280,1.34175,1.34223,2.50,1.50
2010.12.06 03:39:11.155,1.34169,1.34217,1.10,1.50
2010.12.06 03:39:11.931,1.3416,1.34215,4.80,2.30
2010.12.06 03:39:15.111,1.34159,1.34212,4.80,2.40
2010.12.06 03:39:16.013,1.34159,1.34209,4.80,1.50
2010.12.06 03:39:21.875,1.34157,1.3421,5.30,2.30
2010.12.06 03:39:21.996,1.3416,1.3421,3.20,1.50
2010.12.06 03:39:22.114,1.34157,1.34212,1.20,2.30
2010.12.06 03:39:25.823,1.3416,1.34211,3.20,1.50
2010.12.06 03:39:27.804,1.34156,1.3421,1.10,1.50
2010.12.06 03:39:27.914,1.34156,1.34209,1.10,1.50
2010.12.06 03:39:32.151,1.34155,1.34207,6.60,1.50
2010.12.06 03:39:32.793,1.34155,1.34208,6.60,2.30
2010.12.06 03:39:36.354,1.34159,1.34207,3.20,1.50
2010.12.06 03:39:36.464,1.34154,1.34206,4.70,1.50
2010.12.06 03:39:37.213,1.34154,1.34205,3.30,1.50
2010.12.06 03:39:37.789,1.34154,1.34204,1.10,1.50
2010.12.06 03:39:41.484,1.34163,1.34207,1.10,1.50
2010.12.06 03:39:41.815,1.34157,1.34206,1.10,1.80
2010.12.06 03:39:41.937,1.34155,1.34205,3.20,1.30
2010.12.06 03:39:42.055,1.34148,1.34197,1.10,1.50
2010.12.06 03:39:42.603,1.34151,1.342,1.10,1.50
2010.12.06 03:39:42.931,1.34148,1.34202,1.20,2.30
2010.12.06 03:39:43.735,1.34152,1.342,1.50,1.50
2010.12.06 03:39:44.294,1.34149,1.34201,1.20,1.50
2010.12.06 03:39:45.954,1.34151,1.342,1.20,1.50
2010.12.06 03:39:49.111,1.34151,1.34199,1.20,1.50
2010.12.06 03:39:49.443,1.34158,1.34204,1.80,3.00
2010.12.06 03:39:49.772,1.34157,1.34205,1.10,1.50
2010.12.06 03:39:51.253,1.34166,1.34207,1.70,2.30
2010.12.06 03:39:51.778,1.34168,1.34214,2.60,2.30
2010.12.06 03:39:52.771,1.34168,1.34208,1.60,1.50
2010.12.06 03:39:52.897,1.3416,1.34208,1.20,1.50
2010.12.06 03:39:53.639,1.34164,1.3421,1.10,2.30
2010.12.06 03:39:55.038,1.34164,1.34191,1.10,2.30
2010.12.06 03:39:55.240,1.34129,1.34181,1.70,1.70
2010.12.06 03:39:55.787,1.34133,1.34181,2.20,1.50
2010.12.06 03:39:56.123,1.34137,1.34181,1.10,1.50
2010.12.06 03:39:56.623,1.34134,1.34186,1.70,1.50
2010.12.06 03:39:56.735,1.34135,1.34187,2.40,1.50
2010.12.06 03:39:56.852,1.34136,1.3419,2.40,1.50
2010.12.06 03:39:57.512,1.34135,1.34187,4.80,1.50
2010.12.06 03:39:58.090,1.34135,1.34187,4.80,1.50
2010.12.06 03:40:01.381,1.34135,1.34184,1.10,1.50
2010.12.06 03:40:02.333,1.34134,1.34185,1.10,1.70
2010.12.06 03:40:02.967,1.34133,1.34185,4.80,1.60
2010.12.06 03:40:03.323,1.34133,1.34185,2.40,1.70
2010.12.06 03:40:03.886,1.34129,1.34183,5.00,1.60
2010.12.06 03:40:05.224,1.34136,1.34187,1.50,3.00
2010.12.06 03:40:05.777,1.3414,1.34191,4.80,1.50
2010.12.06 03:40:06.842,1.34137,1.34187,2.40,1.50
2010.12.06 03:40:06.968,1.34135,1.34181,4.70,1.50
2010.12.06 03:40:07.594,1.3413,1.34182,2.40,1.50
2010.12.06 03:40:07.732,1.34135,1.34186,2.60,1.50
2010.12.06 03:40:09.122,1.34145,1.34192,1.10,2.30
2010.12.06 03:40:09.238,1.3414,1.34191,2.60,1.50
2010.12.06 03:40:11.574,1.34137,1.34184,1.10,1.50
2010.12.06 03:40:11.905,1.34134,1.34187,1.10,3.20
2010.12.06 03:40:12.502,1.34132,1.34184,2.60,1.70
2010.12.06 03:40:15.593,1.34132,1.34177,1.60,1.70
2010.12.06 03:40:16.084,1.34128,1.34177,2.40,1.70
2010.12.06 03:40:16.941,1.34124,1.34177,4.80,3.10
2010.12.06 03:40:17.096,1.34116,1.34164,3.20,1.50
2010.12.06 03:40:17.213,1.34116,1.34166,3.20,2.30
2010.12.06 03:40:17.847,1.3412,1.34173,2.40,2.30
2010.12.06 03:40:18.701,1.34124,1.34172,1.10,2.30
2010.12.06 03:40:19.461,1.34123,1.34171,2.60,1.50
2010.12.06 03:40:19.805,1.34097,1.34143,2.30,1.50
2010.12.06 03:40:20.392,1.34109,1.34152,1.10,3.80
2010.12.06 03:40:20.502,1.34109,1.34157,1.10,1.50
2010.12.06 03:40:21.228,1.34111,1.34155,1.70,1.50
2010.12.06 03:40:22.060,1.34108,1.34157,1.10,1.50
2010.12.06 03:40:23.568,1.34113,1.34162,1.50,1.50
2010.12.06 03:40:23.905,1.34117,1.34167,2.50,2.30
2010.12.06 03:40:24.448,1.34117,1.34167,4.80,1.50
2010.12.06 03:40:24.588,1.34114,1.34163,1.50,1.50
2010.12.06 03:40:24.922,1.34114,1.34166,2.40,3.00
2010.12.06 03:40:29.205,1.34111,1.34163,4.80,1.50
2010.12.06 03:40:29.762,1.34112,1.34166,1.50,2.30
2010.12.06 03:40:30.439,1.34112,1.34166,1.50,2.30
2010.12.06 03:40:30.557,1.34117,1.34169,1.10,1.50
2010.12.06 03:40:31.524,1.34119,1.34173,2.40,1.70
2010.12.06 03:40:32.805,1.34118,1.34171,4.80,1.50
2010.12.06 03:40:34.088,1.34108,1.34157,3.20,1.80
2010.12.06 03:40:34.202,1.34108,1.34155,3.20,1.80
2010.12.06 03:40:34.328,1.34108,1.34159,6.60,1.50
2010.12.06 03:40:34.799,1.34108,1.34156,3.20,2.40
2010.12.06 03:40:36.652,1.34104,1.34156,1.10,3.20
2010.12.06 03:40:36.761,1.34104,1.34156,1.10,3.20
2010.12.06 03:40:37.719,1.34101,1.34153,1.20,2.40
2010.12.06 03:40:40.302,1.34105,1.34156,2.40,2.80
2010.12.06 03:40:40.413,1.34099,1.34152,5.00,3.10
2010.12.06 03:40:40.632,1.34099,1.34152,4.80,2.40
2010.12.06 03:40:40.852,1.34099,1.3415,4.80,1.60
2010.12.06 03:40:46.567,1.34112,1.34157,1.10,1.50
2010.12.06 03:40:46.794,1.34113,1.34159,1.30,1.50
2010.12.06 03:40:46.903,1.34113,1.34162,1.70,1.50
2010.12.06 03:40:50.995,1.34119,1.34166,1.20,2.30
2010.12.06 03:40:51.221,1.34122,1.34168,2.50,2.30
2010.12.06 03:40:52.785,1.34117,1.34166,1.20,1.50
2010.12.06 03:40:53.113,1.34118,1.3417,1.70,1.50
2010.12.06 03:40:56.536,1.34123,1.3417,1.20,1.50
2010.12.06 03:40:56.876,1.34123,1.34172,1.20,1.50
2010.12.06 03:40:57.553,1.34133,1.34176,1.10,1.50
2010.12.06 03:40:58.316,1.34135,1.34176,1.10,1.50
2010.12.06 03:40:58.435,1.34137,1.34178,1.10,1.50
2010.12.06 03:40:58.560,1.34134,1.3418,1.10,1.50
2010.12.06 03:40:59.430,1.34135,1.34174,1.10,1.50
2010.12.06 03:40:59.556,1.34124,1.34174,1.20,1.50
2010.12.06 03:41:02.440,1.34119,1.3417,1.20,1.50
2010.12.06 03:41:02.552,1.34123,1.34173,1.10,1.50
2010.12.06 03:41:03.433,1.3412,1.34173,4.80,1.60
2010.12.06 03:41:04.432,1.34123,1.34173,1.10,1.70
2010.12.06 03:41:05.037,1.3412,1.34173,4.80,1.60
2010.12.06 03:41:07.783,1.34121,1.34172,1.10,1.70
2010.12.06 03:41:15.572,1.34124,1.34176,1.10,2.40
2010.12.06 03:41:20.358,1.34128,1.34177,2.40,2.30
2010.12.06 03:41:21.334,1.3412,1.34175,5.00,2.40
2010.12.06 03:41:24.104,1.34121,1.34175,1.20,2.40
2010.12.06 03:41:25.608,1.34118,1.34169,4.80,1.50
2010.12.06 03:41:25.723,1.3412,1.34172,1.20,2.40
2010.12.06 03:41:27.600,1.34119,1.34169,1.10,1.50
2010.12.06 03:41:27.933,1.34112,1.34163,1.70,1.50
2010.12.06 03:41:28.041,1.34112,1.34166,1.70,1.60
2010.12.06 03:41:30.445,1.34109,1.34164,8.50,1.90
2010.12.06 03:41:30.958,1.3411,1.3416,1.20,1.50
2010.12.06 03:41:37.525,1.34114,1.34166,1.10,2.40
2010.12.06 03:41:37.752,1.34113,1.34162,1.10,1.50
2010.12.06 03:41:38.193,1.34117,1.34164,1.10,2.40
2010.12.06 03:41:40.494,1.34117,1.34164,1.10,2.40
2010.12.06 03:41:40.722,1.34109,1.34163,1.50,1.60
2010.12.06 03:41:40.839,1.34109,1.34159,1.50,1.50
2010.12.06 03:41:40.955,1.34109,1.34157,1.50,1.50
2010.12.06 03:41:41.605,1.34109,1.3416,1.50,1.60
2010.12.06 03:41:41.726,1.34109,1.3416,1.50,1.60
2010.12.06 03:41:42.083,1.34109,1.34158,1.10,2.40
2010.12.06 03:41:42.600,1.34108,1.34158,1.30,3.00
2010.12.06 03:41:42.737,1.34108,1.34155,2.40,1.70
2010.12.06 03:41:43.402,1.34102,1.34155,2.60,1.60
2010.12.06 03:41:44.505,1.3411,1.34155,1.50,1.60
2010.12.06 03:41:45.346,1.34112,1.34155,1.50,1.50
2010.12.06 03:41:46.484,1.34112,1.34159,3.40,1.50
2010.12.06 03:41:46.998,1.34124,1.34163,1.50,1.50
2010.12.06 03:41:47.822,1.34124,1.34165,1.50,1.50
2010.12.06 03:41:48.042,1.34124,1.34167,1.50,3.00
2010.12.06 03:41:50.064,1.34124,1.34167,1.70,2.30
2010.12.06 03:41:52.513,1.34125,1.3417,2.00,1.50
2010.12.06 03:41:52.624,1.34126,1.34172,1.30,1.50
2010.12.06 03:41:53.092,1.34127,1.34174,1.10,2.30
2010.12.06 03:41:53.226,1.34128,1.34174,1.10,2.30
2010.12.06 03:41:54.292,1.34127,1.34173,1.50,1.50
2010.12.06 03:41:57.314,1.34129,1.34174,1.10,2.30
2010.12.06 03:41:58.643,1.34134,1.34174,1.70,2.30
2010.12.06 03:41:58.862,1.34134,1.34178,2.60,1.50
2010.12.06 03:41:59.389,1.34134,1.34174,1.10,1.50
2010.12.06 03:42:00.323,1.34122,1.34171,2.40,1.50
2010.12.06 03:42:03.534,1.34121,1.34173,1.10,1.50
2010.12.06 03:42:12.792,1.34124,1.34177,2.40,2.30
2010.12.06 03:42:14.776,1.34128,1.34182,2.60,1.50
2010.12.06 03:42:15.003,1.34131,1.34183,2.40,1.50
2010.12.06 03:42:15.403,1.34131,1.34183,2.40,1.50
2010.12.06 03:42:19.201,1.34133,1.34183,1.20,1.60
2010.12.06 03:42:19.311,1.34133,1.34183,1.10,1.50
2010.12.06 03:42:21.949,1.34135,1.34185,1.10,2.40
2010.12.06 03:42:33.292,1.34136,1.3419,4.80,1.60
2010.12.06 03:42:35.424,1.34134,1.34188,4.30,1.50
2010.12.06 03:42:36.067,1.34137,1.3419,4.80,3.00
2010.12.06 03:42:37.044,1.34142,1.3419,1.10,1.50
2010.12.06 03:42:38.875,1.34139,1.34192,5.00,2.30
2010.12.06 03:42:39.455,1.34145,1.34194,1.10,1.50
2010.12.06 03:42:40.498,1.34146,1.34197,4.80,1.50
2010.12.06 03:42:43.460,1.34147,1.34197,1.30,3.20
2010.12.06 03:42:55.962,1.34156,1.34197,1.50,1.50
2010.12.06 03:42:56.073,1.34156,1.342,2.40,1.50
2010.12.06 03:42:56.183,1.34149,1.34202,2.40,2.40
2010.12.06 03:42:57.570,1.34149,1.34202,2.40,2.40
2010.12.06 03:42:59.765,1.34155,1.34203,2.40,1.60
2010.12.06 03:43:00.543,1.34155,1.34205,3.90,1.60
2010.12.06 03:43:01.476,1.34155,1.34207,3.90,3.20
2010.12.06 03:43:02.514,1.34153,1.34203,3.90,1.70
2010.12.06 03:43:02.631,1.34153,1.34202,2.40,2.30
2010.12.06 03:43:04.173,1.34154,1.34202,2.40,2.40
2010.12.06 03:43:04.735,1.34154,1.34204,2.40,4.50
2010.12.06 03:43:10.514,1.34155,1.34197,2.40,1.50
2010.12.06 03:43:10.622,1.3415,1.34197,1.10,1.50
2010.12.06 03:43:12.107,1.34148,1.342,4.80,3.80
2010.12.06 03:43:17.444,1.3415,1.34197,1.10,1.50
2010.12.06 03:43:17.566,1.34152,1.342,1.10,1.50
2010.12.06 03:43:18.514,1.3415,1.34203,2.40,2.60
2010.12.06 03:43:20.469,1.34143,1.34194,4.80,1.60
2010.12.06 03:43:23.393,1.34143,1.34194,4.80,1.60
2010.12.06 03:43:32.560,1.34143,1.34194,4.80,1.60
2010.12.06 03:43:41.981,1.34148,1.34197,2.40,1.70
2010.12.06 03:43:56.043,1.34143,1.3419,2.40,1.80
2010.12.06 03:43:56.375,1.3414,1.34189,1.10,1.70
2010.12.06 03:43:56.492,1.3414,1.34193,1.30,3.20
2010.12.06 03:43:57.135,1.3414,1.34193,1.10,3.20
2010.12.06 03:44:03.862,1.34141,1.3419,4.80,2.40
2010.12.06 03:44:03.972,1.34143,1.34192,2.40,1.60
2010.12.06 03:44:05.567,1.34137,1.34188,3.20,4.70
2010.12.06 03:44:07.863,1.34136,1.34188,4.80,2.40
2010.12.06 03:44:07.985,1.34138,1.34189,1.20,3.10
2010.12.06 03:44:08.214,1.34141,1.34189,1.10,1.60
2010.12.06 03:44:08.323,1.34141,1.34192,1.50,2.40
2010.12.06 03:44:08.835,1.34141,1.34191,1.10,2.40
2010.12.06 03:44:11.934,1.34138,1.34191,2.60,2.40
2010.12.06 03:44:12.282,1.34138,1.3419,2.40,1.70
2010.12.06 03:44:12.981,1.34138,1.3419,2.40,1.70
2010.12.06 03:44:21.742,1.34137,1.3419,4.80,3.10
2010.12.06 03:44:35.362,1.34138,1.3419,1.20,3.10
2010.12.06 03:44:41.146,1.34138,1.3419,1.20,1.60
2010.12.06 03:44:42.993,1.34138,1.3419,1.20,1.50
2010.12.06 03:44:43.127,1.34141,1.34193,5.30,1.60
2010.12.06 03:44:44.213,1.34139,1.34191,1.20,2.40
2010.12.06 03:45:05.858,1.3414,1.34191,1.20,2.40
2010.12.06 03:45:12.792,1.34138,1.34191,2.50,2.40
2010.12.06 03:45:14.603,1.34142,1.34192,1.50,2.40
2010.12.06 03:45:16.491,1.34142,1.34189,1.10,1.50
2010.12.06 03:45:17.008,1.3414,1.34185,1.10,1.70
2010.12.06 03:45:17.142,1.3414,1.34185,1.10,1.50
2010.12.06 03:45:17.582,1.34135,1.34183,1.10,1.60
2010.12.06 03:45:19.172,1.34135,1.34183,1.10,1.60
2010.12.06 03:45:19.287,1.34135,1.34183,1.10,2.60
2010.12.06 03:45:19.404,1.34135,1.34183,1.10,2.60
2010.12.06 03:45:19.515,1.34135,1.34181,1.10,1.50
2010.12.06 03:45:19.635,1.34134,1.34183,1.10,2.30
2010.12.06 03:45:20.104,1.34135,1.34183,1.90,2.30
2010.12.06 03:45:20.215,1.34135,1.34183,2.60,2.30
2010.12.06 03:45:23.713,1.34135,1.34186,2.80,2.30
2010.12.06 03:45:24.568,1.34136,1.3419,4.80,2.40
2010.12.06 03:45:24.903,1.34145,1.34194,2.40,3.20
2010.12.06 03:45:27.592,1.34145,1.34192,2.70,1.50
2010.12.06 03:45:29.126,1.34147,1.34198,1.10,3.20
2010.12.06 03:45:30.946,1.34145,1.34196,2.60,2.40
2010.12.06 03:45:31.284,1.34145,1.34196,2.60,2.40
2010.12.06 03:45:31.404,1.34145,1.34194,5.30,1.60
2010.12.06 03:45:31.516,1.34145,1.34194,1.10,1.70
2010.12.06 03:45:34.052,1.34143,1.34196,2.60,2.40
2010.12.06 03:45:34.273,1.34143,1.34196,4.80,1.50
2010.12.06 03:45:34.743,1.34146,1.34198,2.60,1.50
2010.12.06 03:45:34.860,1.34146,1.342,5.30,3.10
2010.12.06 03:45:36.406,1.34146,1.342,5.30,3.10
2010.12.06 03:45:36.994,1.34146,1.342,2.60,3.00
2010.12.06 03:45:37.540,1.34148,1.34201,4.80,1.60
2010.12.06 03:45:37.652,1.34149,1.34201,1.10,1.70
2010.12.06 03:45:40.233,1.34154,1.34201,1.50,1.50
2010.12.06 03:45:40.859,1.34155,1.34205,4.80,1.60
2010.12.06 03:45:41.314,1.34155,1.34205,4.80,1.60
2010.12.06 03:45:41.533,1.34158,1.342,1.10,1.50
2010.12.06 03:45:42.395,1.34156,1.342,1.10,1.50
2010.12.06 03:45:42.511,1.34157,1.34206,1.10,1.50
2010.12.06 03:45:44.533,1.34156,1.34206,2.40,1.60
2010.12.06 03:45:44.642,1.34156,1.34206,2.40,1.60
2010.12.06 03:45:44.973,1.34156,1.34206,2.40,1.70
2010.12.06 03:45:45.302,1.34151,1.342,2.50,1.60
2010.12.06 03:45:46.526,1.34147,1.342,5.00,3.10
2010.12.06 03:45:47.692,1.34155,1.342,2.40,1.50
2010.12.06 03:45:48.023,1.34155,1.34205,2.50,3.00
2010.12.06 03:45:48.689,1.34156,1.34202,2.40,1.50
2010.12.06 03:45:53.324,1.34156,1.34204,2.40,1.50
2010.12.06 03:45:53.773,1.34156,1.34202,2.40,1.50
2010.12.06 03:45:53.884,1.34156,1.34202,2.40,1.50
2010.12.06 03:45:54.582,1.34152,1.342,2.60,1.50
2010.12.06 03:45:54.694,1.34152,1.342,2.60,1.50
2010.12.06 03:45:55.392,1.34163,1.342,1.80,1.50
2010.12.06 03:45:55.570,1.34152,1.342,5.30,1.50
2010.12.06 03:45:57.096,1.34149,1.342,1.10,3.00
2010.12.06 03:46:00.482,1.34147,1.342,5.00,3.10
2010.12.06 03:46:03.943,1.34153,1.34203,2.60,3.20
2010.12.06 03:46:04.054,1.34153,1.34203,2.60,3.10
2010.12.06 03:46:05.530,1.34151,1.34198,1.10,1.50
2010.12.06 03:46:06.235,1.34146,1.34198,5.30,1.60
2010.12.06 03:46:13.013,1.34146,1.34196,5.30,1.50
2010.12.06 03:46:20.356,1.34146,1.34196,2.60,1.70
2010.12.06 03:46:20.475,1.34144,1.3419,3.60,1.50
2010.12.06 03:46:22.313,1.34144,1.3419,2.40,1.50
2010.12.06 03:46:24.299,1.34144,1.34192,3.00,1.50
2010.12.06 03:46:24.412,1.34144,1.34192,3.00,1.60
2010.12.06 03:46:24.522,1.34144,1.34192,3.00,1.60
2010.12.06 03:46:24.632,1.34144,1.34192,3.50,1.60
2010.12.06 03:46:25.262,1.34139,1.3419,1.10,1.60
2010.12.06 03:46:29.035,1.34139,1.3419,1.10,1.70
2010.12.06 03:46:33.663,1.3414,1.34187,1.10,1.50
2010.12.06 03:46:33.991,1.3414,1.34191,1.10,3.00
2010.12.06 03:46:35.107,1.3414,1.34191,1.10,3.20
2010.12.06 03:46:41.253,1.34139,1.34191,1.10,3.20
2010.12.06 03:46:41.473,1.34141,1.34186,1.50,1.50
2010.12.06 03:46:42.050,1.3414,1.34191,1.10,1.50
2010.12.06 03:46:42.165,1.3414,1.34189,1.10,1.50
2010.12.06 03:46:45.995,1.3414,1.3419,1.10,1.50
2010.12.06 03:46:47.315,1.34137,1.34191,5.40,1.50
2010.12.06 03:46:52.740,1.34144,1.34192,2.60,1.70
2010.12.06 03:46:52.967,1.34143,1.3419,1.20,1.50
2010.12.06 03:46:53.364,1.34144,1.3419,1.10,1.50
2010.12.06 03:46:53.803,1.34143,1.3419,1.50,1.50
2010.12.06 03:46:54.453,1.34143,1.3419,1.50,1.50
2010.12.06 03:47:01.958,1.34146,1.3419,1.10,1.50
2010.12.06 03:47:04.574,1.34147,1.3419,1.10,1.50
2010.12.06 03:47:11.824,1.34148,1.34191,1.10,1.50
2010.12.06 03:47:16.814,1.3414,1.34178,1.10,1.50
2010.12.06 03:47:17.034,1.34142,1.3419,2.50,1.50
2010.12.06 03:47:17.142,1.34142,1.3419,2.50,1.50
2010.12.06 03:47:27.725,1.34142,1.3419,4.80,1.50
2010.12.06 03:47:28.344,1.3414,1.34188,4.80,1.50
2010.12.06 03:47:29.677,1.34147,1.34193,2.40,1.70
2010.12.06 03:47:29.793,1.34147,1.34195,2.40,1.50
2010.12.06 03:47:35.469,1.34138,1.34188,4.80,1.50
2010.12.06 03:47:37.296,1.34137,1.34187,1.10,1.50
2010.12.06 03:47:39.165,1.34132,1.34181,1.20,1.50
2010.12.06 03:47:39.652,1.34132,1.34184,1.20,3.00
2010.12.06 03:47:39.872,1.34133,1.34184,1.20,1.50
2010.12.06 03:47:42.529,1.34136,1.34183,1.10,1.50
2010.12.06 03:47:44.307,1.3413,1.34181,1.20,1.50
2010.12.06 03:47:44.821,1.3413,1.34183,5.00,1.60
2010.12.06 03:47:44.940,1.34136,1.34183,1.10,1.50
2010.12.06 03:47:45.573,1.34135,1.34185,1.20,1.50
2010.12.06 03:47:50.737,1.34141,1.34186,1.10,1.50
2010.12.06 03:47:52.782,1.34146,1.34189,2.40,1.50
2010.12.06 03:47:52.892,1.34146,1.34191,2.40,1.50
2010.12.06 03:47:53.006,1.34146,1.34187,2.40,1.50
2010.12.06 03:47:53.387,1.34138,1.34187,1.10,1.50
2010.12.06 03:47:54.780,1.34146,1.34187,1.70,1.50
2010.12.06 03:47:54.899,1.34145,1.34192,3.30,2.30
2010.12.06 03:47:55.014,1.34146,1.34192,1.10,1.50
2010.12.06 03:47:55.124,1.34146,1.34194,1.10,1.50
2010.12.06 03:47:55.690,1.34141,1.34193,1.50,1.50
2010.12.06 03:47:59.491,1.34149,1.342,2.40,2.80
2010.12.06 03:47:59.716,1.34143,1.34189,1.10,1.50
2010.12.06 03:48:00.743,1.34143,1.34189,1.10,1.50
2010.12.06 03:48:07.064,1.34139,1.34186,1.10,1.50
2010.12.06 03:48:09.947,1.3414,1.34193,1.50,3.10
2010.12.06 03:48:10.064,1.34136,1.34187,1.70,1.50
2010.12.06 03:48:14.833,1.34138,1.34187,1.10,1.70
2010.12.06 03:48:15.163,1.34138,1.34187,1.10,1.70
2010.12.06 03:48:16.563,1.34136,1.34186,1.50,1.60
2010.12.06 03:48:35.665,1.34141,1.34189,1.10,2.40
2010.12.06 03:48:35.883,1.34143,1.34189,1.20,2.30
2010.12.06 03:48:36.103,1.3415,1.34197,1.10,2.30
2010.12.06 03:48:37.543,1.34149,1.34199,1.10,1.70
2010.12.06 03:48:38.209,1.34154,1.34199,1.10,1.50
2010.12.06 03:48:38.325,1.34146,1.34199,1.50,1.60
2010.12.06 03:48:39.505,1.34155,1.34199,1.10,1.50
2010.12.06 03:48:40.052,1.34151,1.34203,1.70,1.50
2010.12.06 03:48:49.674,1.34149,1.342,4.80,1.50
2010.12.06 03:48:49.894,1.34148,1.342,4.80,2.30
2010.12.06 03:48:50.386,1.34146,1.34198,2.40,1.50
2010.12.06 03:48:50.844,1.34145,1.34198,2.40,2.30
2010.12.06 03:48:50.959,1.34139,1.34194,5.00,2.30
2010.12.06 03:48:57.523,1.34139,1.34194,4.80,2.40
2010.12.06 03:49:00.375,1.34143,1.34195,1.10,2.40
2010.12.06 03:49:02.377,1.34142,1.34195,2.60,2.40
2010.12.06 03:49:05.530,1.34144,1.34197,4.80,2.40
2010.12.06 03:49:05.754,1.34149,1.34197,1.10,2.40
2010.12.06 03:49:05.979,1.34146,1.34197,1.70,1.50
2010.12.06 03:49:06.093,1.34147,1.342,4.80,2.40
2010.12.06 03:49:06.704,1.34153,1.34203,1.10,1.70
2010.12.06 03:49:09.854,1.34154,1.34205,1.10,1.70
2010.12.06 03:49:09.963,1.34153,1.34205,1.50,1.60
2010.12.06 03:49:10.988,1.34158,1.34206,1.10,2.30
2010.12.06 03:49:11.107,1.34158,1.34208,1.10,3.20
2010.12.06 03:49:12.307,1.34162,1.34208,1.10,1.50
2010.12.06 03:49:12.644,1.34163,1.34211,1.10,1.70
2010.12.06 03:49:18.425,1.34156,1.34207,1.20,1.50
2010.12.06 03:49:20.044,1.34154,1.34207,2.40,2.30
2010.12.06 03:49:20.158,1.34154,1.34206,2.40,1.50
2010.12.06 03:49:20.692,1.34161,1.34206,1.80,1.50
2010.12.06 03:49:22.579,1.34162,1.34209,4.80,3.00
2010.12.06 03:49:23.803,1.34155,1.34204,3.20,1.50
2010.12.06 03:49:24.300,1.34155,1.34197,2.40,2.30
2010.12.06 03:49:24.443,1.34149,1.34195,2.40,1.50
2010.12.06 03:49:24.883,1.34142,1.34197,5.40,2.30
2010.12.06 03:49:30.537,1.34146,1.34199,2.50,2.40
2010.12.06 03:49:30.764,1.34146,1.34199,4.80,2.40
2010.12.06 03:49:31.595,1.34155,1.34205,2.40,1.50
2010.12.06 03:49:35.465,1.34155,1.34205,2.40,1.70
2010.12.06 03:49:36.047,1.34152,1.34202,2.50,1.60
2010.12.06 03:49:38.512,1.34154,1.34207,2.50,2.40
2010.12.06 03:49:39.708,1.34159,1.34208,1.50,1.50
2010.12.06 03:49:41.876,1.34159,1.34208,1.60,1.50
2010.12.06 03:49:43.023,1.34159,1.34208,1.50,1.50
2010.12.06 03:49:43.132,1.34156,1.3421,1.20,1.60
2010.12.06 03:49:43.925,1.34156,1.3421,1.20,1.60
2010.12.06 03:49:44.473,1.34156,1.3421,1.20,1.60
2010.12.06 03:49:45.683,1.34152,1.34205,4.80,1.60
2010.12.06 03:49:46.014,1.34153,1.34205,4.80,1.60
2010.12.06 03:49:47.335,1.34153,1.34205,4.80,1.60
2010.12.06 03:49:47.757,1.34155,1.34205,1.50,1.60
2010.12.06 03:49:48.756,1.34159,1.34211,1.50,1.70
2010.12.06 03:49:49.897,1.34159,1.34211,1.50,1.60
2010.12.06 03:49:50.425,1.34159,1.34211,1.50,1.70
2010.12.06 03:49:57.252,1.34159,1.34211,1.50,1.70
2010.12.06 03:49:58.682,1.34156,1.34209,1.10,1.70
2010.12.06 03:49:59.299,1.34155,1.34209,1.70,1.70
2010.12.06 03:49:59.997,1.34158,1.34211,1.50,2.40
2010.12.06 03:50:00.498,1.34154,1.34207,1.80,1.90
2010.12.06 03:50:00.620,1.34154,1.34203,1.70,2.40
2010.12.06 03:50:00.737,1.34143,1.34198,1.80,1.50
2010.12.06 03:50:00.859,1.34142,1.34195,1.70,1.50
2010.12.06 03:50:01.742,1.3414,1.34195,1.60,2.30
2010.12.06 03:50:04.484,1.3414,1.34195,1.60,2.40
2010.12.06 03:50:06.803,1.3414,1.34195,1.60,2.40
2010.12.06 03:50:07.843,1.3414,1.34195,1.60,4.70
2010.12.06 03:50:09.462,1.3414,1.34195,1.70,2.60
2010.12.06 03:50:11.162,1.3414,1.34195,1.60,2.40
2010.12.06 03:50:18.314,1.34142,1.34195,1.80,2.40
2010.12.06 03:50:22.674,1.34142,1.34196,3.30,2.80
2010.12.06 03:50:23.643,1.34143,1.34195,1.70,1.10
2010.12.06 03:50:24.295,1.34142,1.34193,1.60,2.60
2010.12.06 03:50:24.735,1.3414,1.34191,1.70,1.70
2010.12.06 03:50:36.743,1.3414,1.34195,1.90,2.40
2010.12.06 03:50:36.857,1.34146,1.34197,1.50,1.70
2010.12.06 03:50:37.916,1.34145,1.34197,1.50,2.40
2010.12.06 03:50:39.394,1.34146,1.34198,1.50,1.60
2010.12.06 03:50:40.472,1.34146,1.34198,1.70,1.70
2010.12.06 03:50:42.342,1.34146,1.34198,1.70,1.70
2010.12.06 03:50:45.443,1.34146,1.34198,1.70,1.70
2010.12.06 03:50:49.056,1.34146,1.34198,1.70,1.70
2010.12.06 03:50:49.637,1.34146,1.34198,1.70,1.70
2010.12.06 03:50:50.115,1.34146,1.34198,1.60,1.60
2010.12.06 03:50:55.464,1.34146,1.34195,1.60,1.60
2010.12.06 03:51:01.246,1.3414,1.34191,1.70,1.50
2010.12.06 03:51:02.888,1.34143,1.34191,1.60,2.40
2010.12.06 03:51:03.004,1.34143,1.34191,1.50,2.40
2010.12.06 03:51:03.452,1.34143,1.3419,1.50,2.80
2010.12.06 03:51:03.948,1.34133,1.34188,4.20,2.40
2010.12.06 03:51:04.094,1.34148,1.34191,1.50,1.70
2010.12.06 03:51:04.824,1.34147,1.3419,1.50,1.60
2010.12.06 03:51:04.936,1.34147,1.3419,1.50,1.50
2010.12.06 03:51:06.440,1.34145,1.3419,1.50,1.50
2010.12.06 03:51:06.933,1.34146,1.34192,1.50,1.60
2010.12.06 03:51:07.527,1.34146,1.34192,1.50,1.60
2010.12.06 03:51:09.283,1.34146,1.34192,1.50,1.50
2010.12.06 03:51:09.394,1.34151,1.34198,1.50,1.70
2010.12.06 03:51:10.425,1.34151,1.34196,1.50,1.10
2010.12.06 03:51:10.534,1.34139,1.34191,1.30,2.30
2010.12.06 03:51:11.128,1.34147,1.342,1.50,3.30
2010.12.06 03:51:13.597,1.34148,1.342,1.50,1.70
2010.12.06 03:51:14.869,1.34151,1.342,1.50,1.70
2010.12.06 03:51:20.263,1.34151,1.342,1.50,1.60
2010.12.06 03:51:20.796,1.34151,1.34203,1.50,1.70
2010.12.06 03:51:22.592,1.34151,1.34204,1.50,10.30
2010.12.06 03:51:23.543,1.34151,1.34204,1.50,4.70
2010.12.06 03:51:24.337,1.34151,1.34204,2.60,4.70
2010.12.06 03:51:24.572,1.34152,1.34204,1.50,3.20
2010.12.06 03:51:25.150,1.34152,1.34204,1.60,1.60
2010.12.06 03:51:25.263,1.34156,1.34204,1.50,1.60
2010.12.06 03:51:29.864,1.34156,1.34206,1.50,1.60
2010.12.06 03:51:33.142,1.34156,1.34207,1.50,2.80
2010.12.06 03:51:35.573,1.34156,1.34207,1.50,1.70
2010.12.06 03:51:36.979,1.3416,1.34207,1.50,1.60
2010.12.06 03:51:44.902,1.3416,1.3421,1.70,1.70
2010.12.06 03:51:45.660,1.34157,1.34208,1.70,1.10
2010.12.06 03:51:46.314,1.34155,1.34206,1.50,1.70
2010.12.06 03:52:02.140,1.34159,1.34202,1.50,1.50
2010.12.06 03:52:02.252,1.34156,1.34202,1.50,1.50
2010.12.06 03:52:03.755,1.34156,1.34202,1.50,1.60
2010.12.06 03:52:04.762,1.34154,1.34201,1.50,1.70
2010.12.06 03:52:06.691,1.34154,1.34201,1.50,1.70
2010.12.06 03:52:08.136,1.34154,1.34201,1.50,1.50
2010.12.06 03:52:08.583,1.34156,1.34202,1.50,1.70
2010.12.06 03:52:09.404,1.34156,1.34202,1.50,1.60
2010.12.06 03:52:10.376,1.34156,1.34202,1.50,1.70
2010.12.06 03:52:11.801,1.34156,1.34202,1.50,1.70
2010.12.06 03:52:18.154,1.34158,1.34202,1.50,1.70
2010.12.06 03:52:18.262,1.34156,1.34202,1.50,1.70
2010.12.06 03:52:18.373,1.34158,1.34202,1.50,1.70
2010.12.06 03:52:18.913,1.34156,1.34202,1.50,1.70
2010.12.06 03:52:24.323,1.34157,1.34202,1.50,1.60
2010.12.06 03:52:25.224,1.34156,1.34202,1.50,1.60
2010.12.06 03:52:25.334,1.34158,1.34202,1.50,1.60
2010.12.06 03:52:35.533,1.34158,1.34202,1.50,1.50
2010.12.06 03:52:37.255,1.34158,1.34202,1.50,1.70
2010.12.06 03:52:37.364,1.34158,1.34202,1.50,1.70
2010.12.06 03:52:37.475,1.34154,1.34202,1.60,1.60
2010.12.06 03:52:38.414,1.34157,1.34202,1.50,1.60
2010.12.06 03:52:39.190,1.34157,1.34202,1.50,1.50
2010.12.06 03:52:43.418,1.34162,1.34211,1.50,1.70
2010.12.06 03:52:43.576,1.34162,1.34211,1.50,1.70
2010.12.06 03:52:45.905,1.34166,1.34213,1.50,1.10
2010.12.06 03:52:46.051,1.34167,1.34214,1.60,1.50
2010.12.06 03:52:47.073,1.34166,1.34214,3.00,1.60
2010.12.06 03:52:47.584,1.34166,1.34214,3.00,1.70
2010.12.06 03:52:47.714,1.34166,1.34214,3.10,1.60
2010.12.06 03:52:48.045,1.34167,1.34221,1.90,1.70
2010.12.06 03:52:48.158,1.34167,1.34221,1.90,1.70
2010.12.06 03:52:49.154,1.34167,1.34221,1.70,2.40
2010.12.06 03:52:49.375,1.34167,1.34221,1.50,2.60
2010.12.06 03:52:49.484,1.34167,1.34219,1.70,1.70
2010.12.06 03:52:50.326,1.34168,1.34212,1.50,1.50
2010.12.06 03:52:50.454,1.34164,1.34212,1.70,1.50
2010.12.06 03:52:52.312,1.34164,1.34208,1.70,1.50
2010.12.06 03:52:52.836,1.34164,1.34211,1.70,1.50
2010.12.06 03:52:55.944,1.34156,1.3421,6.00,1.60
2010.12.06 03:52:58.979,1.34173,1.34218,1.60,2.30
2010.12.06 03:52:59.097,1.34169,1.34221,1.80,3.10
2010.12.06 03:52:59.435,1.34171,1.34223,1.60,2.40
2010.12.06 03:52:59.962,1.34163,1.34215,1.70,1.50
2010.12.06 03:53:01.714,1.34164,1.34216,1.70,1.50
2010.12.06 03:53:01.823,1.34169,1.34218,1.50,1.70
2010.12.06 03:53:02.048,1.34168,1.3422,1.50,1.50
2010.12.06 03:53:02.277,1.34168,1.34218,1.70,1.70
2010.12.06 03:53:02.505,1.34164,1.34218,1.50,3.90
2010.12.06 03:53:02.614,1.34162,1.34213,1.70,1.50
2010.12.06 03:53:03.926,1.34157,1.34205,2.40,1.50
2010.12.06 03:53:04.923,1.3416,1.34205,1.50,1.50
2010.12.06 03:53:06.054,1.3416,1.34205,1.70,1.50
2010.12.06 03:53:06.952,1.34164,1.34212,3.20,1.50
2010.12.06 03:53:07.178,1.34164,1.34205,2.60,1.50
2010.12.06 03:53:07.785,1.34164,1.34205,2.50,1.50
2010.12.06 03:53:08.436,1.34164,1.34212,3.90,1.60
2010.12.06 03:53:08.943,1.34164,1.34204,1.70,1.50
2010.12.06 03:53:09.053,1.34164,1.34204,1.50,1.50
2010.12.06 03:53:09.665,1.3416,1.34204,2.40,1.50
2010.12.06 03:53:10.264,1.34158,1.34205,1.90,1.50
2010.12.06 03:53:10.393,1.34158,1.34205,1.70,1.50
2010.12.06 03:53:11.625,1.34164,1.34212,1.50,3.20
2010.12.06 03:53:11.953,1.34164,1.34212,1.50,1.50
2010.12.06 03:53:14.473,1.34164,1.34212,1.60,1.50
2010.12.06 03:53:14.582,1.34164,1.34212,1.60,1.50
2010.12.06 03:53:15.563,1.34166,1.34205,1.70,1.50
2010.12.06 03:53:17.929,1.34168,1.34205,1.70,1.50
2010.12.06 03:53:18.401,1.34169,1.34216,1.50,1.20
2010.12.06 03:53:18.764,1.34169,1.34213,1.50,1.70
2010.12.06 03:53:18.982,1.34157,1.34204,2.40,1.50
2010.12.06 03:53:19.644,1.34154,1.34191,6.10,1.50
2010.12.06 03:53:20.799,1.34153,1.34191,1.20,1.50
2010.12.06 03:53:37.185,1.34148,1.34191,2.30,1.50
2010.12.06 03:53:37.792,1.34144,1.34191,1.50,1.50
2010.12.06 03:53:37.930,1.34143,1.34191,1.50,1.70
2010.12.06 03:53:38.044,1.34143,1.34191,1.50,2.30
2010.12.06 03:53:38.270,1.34137,1.34186,1.70,1.30
2010.12.06 03:53:38.499,1.34132,1.34182,1.50,3.00
2010.12.06 03:53:38.616,1.34132,1.34182,1.50,3.20
2010.12.06 03:53:39.347,1.34128,1.34179,1.60,1.50
2010.12.06 03:53:39.466,1.34129,1.34182,3.40,2.30
2010.12.06 03:53:39.573,1.34129,1.34182,3.30,2.30
2010.12.06 03:53:40.734,1.34135,1.34183,1.60,1.50
2010.12.06 03:53:41.065,1.34138,1.34186,1.60,1.30
2010.12.06 03:53:41.285,1.34139,1.3419,1.90,1.50
2010.12.06 03:53:41.762,1.34144,1.34193,1.50,3.80
2010.12.06 03:53:41.920,1.34148,1.34197,1.50,2.40
2010.12.06 03:53:42.143,1.34148,1.34197,1.60,2.30
2010.12.06 03:53:43.567,1.34148,1.34197,1.50,2.30
2010.12.06 03:53:44.114,1.34143,1.34188,1.50,1.50
2010.12.06 03:53:44.224,1.34138,1.34188,1.60,3.00
2010.12.06 03:53:44.845,1.34142,1.34188,1.50,1.50
2010.12.06 03:53:44.966,1.3414,1.3419,3.00,3.00
2010.12.06 03:53:46.398,1.34145,1.3419,1.50,1.50
2010.12.06 03:53:46.513,1.34145,1.34196,1.50,2.40
2010.12.06 03:53:47.065,1.34144,1.34194,1.50,2.30
2010.12.06 03:53:47.508,1.34155,1.34195,1.50,1.70
2010.12.06 03:53:48.397,1.34145,1.34194,1.50,1.50
2010.12.06 03:53:48.516,1.34146,1.34194,1.70,1.50
2010.12.06 03:53:48.766,1.34144,1.34194,1.50,1.60
2010.12.06 03:53:49.371,1.34144,1.34193,1.50,1.10
2010.12.06 03:53:49.595,1.34146,1.34195,1.50,2.30
2010.12.06 03:53:51.208,1.34147,1.34199,1.50,3.20
2010.12.06 03:53:51.985,1.34147,1.34199,2.60,3.00
2010.12.06 03:53:53.752,1.34159,1.34202,1.50,1.50
2010.12.06 03:53:56.020,1.34151,1.34199,1.60,1.50
2010.12.06 03:53:58.380,1.34151,1.34199,1.60,1.60
2010.12.06 03:53:58.499,1.34153,1.34199,1.70,1.50
2010.12.06 03:53:58.836,1.3416,1.34206,1.50,1.10
2010.12.06 03:53:59.284,1.3416,1.3421,1.50,1.50
2010.12.06 03:53:59.396,1.3416,1.34212,1.50,2.30
2010.12.06 03:53:59.890,1.3416,1.342,1.50,1.50
2010.12.06 03:54:00.010,1.34157,1.342,1.70,1.50
2010.12.06 03:54:00.677,1.34157,1.342,1.50,1.50
2010.12.06 03:54:04.117,1.34151,1.34194,1.50,1.50
2010.12.06 03:54:07.397,1.34151,1.34194,1.50,1.60
2010.12.06 03:54:07.954,1.34151,1.34192,1.50,1.60
2010.12.06 03:54:08.071,1.34149,1.3419,1.50,1.60
2010.12.06 03:54:08.299,1.34149,1.34185,1.50,1.70
2010.12.06 03:54:08.413,1.34143,1.34185,1.50,1.70
2010.12.06 03:54:08.880,1.34143,1.34181,1.50,1.50
2010.12.06 03:54:10.675,1.34143,1.34188,1.50,1.50
2010.12.06 03:54:11.564,1.34148,1.34194,1.50,1.60
2010.12.06 03:54:13.042,1.34148,1.34194,1.50,1.70
2010.12.06 03:54:18.252,1.34146,1.34194,3.00,1.70
2010.12.06 03:54:21.365,1.34146,1.34194,3.00,1.70
2010.12.06 03:54:26.866,1.34145,1.34189,1.50,1.50
2010.12.06 03:54:27.343,1.34145,1.34195,3.00,3.10
2010.12.06 03:54:27.454,1.34145,1.34195,3.40,3.20
2010.12.06 03:54:29.582,1.34148,1.34191,1.50,1.50
2010.12.06 03:54:33.883,1.34148,1.34191,1.50,1.70
2010.12.06 03:54:34.531,1.34143,1.34184,1.50,1.50
2010.12.06 03:54:37.323,1.34143,1.34181,1.50,1.50
2010.12.06 03:54:37.959,1.34143,1.34181,1.90,1.50
2010.12.06 03:54:38.427,1.34152,1.34191,1.50,1.50
2010.12.06 03:54:38.550,1.34148,1.34195,1.50,1.60
2010.12.06 03:54:38.998,1.34145,1.34195,3.00,3.90
2010.12.06 03:54:39.116,1.34148,1.34195,1.50,2.40
2010.12.06 03:54:39.863,1.34145,1.34193,1.50,1.70
2010.12.06 03:54:39.987,1.34143,1.34185,1.50,1.50
2010.12.06 03:54:40.104,1.3414,1.34185,1.80,1.50
2010.12.06 03:54:40.438,1.34136,1.34171,2.50,1.50
2010.12.06 03:54:40.905,1.34136,1.34171,1.80,1.50
2010.12.06 03:54:41.051,1.34135,1.34174,1.50,1.50
2010.12.06 03:54:41.163,1.34135,1.34172,1.50,1.50
2010.12.06 03:54:42.704,1.34132,1.34172,1.50,1.50
2010.12.06 03:55:01.343,1.34136,1.34172,1.50,1.50
2010.12.06 03:55:01.453,1.34136,1.34184,1.50,1.70
2010.12.06 03:55:01.674,1.34137,1.34185,1.50,2.30
2010.12.06 03:55:02.281,1.3414,1.34186,1.50,1.50
2010.12.06 03:55:06.196,1.3414,1.34186,1.80,1.50
2010.12.06 03:55:06.523,1.34141,1.34191,1.50,3.20
2010.12.06 03:55:08.136,1.34141,1.34191,1.50,3.20
2010.12.06 03:55:08.243,1.34141,1.34191,1.50,3.10
2010.12.06 03:55:09.021,1.34141,1.34186,1.50,1.60
2010.12.06 03:55:09.136,1.34139,1.34186,1.50,1.60
2010.12.06 03:55:09.776,1.34135,1.34183,1.50,3.20
2010.12.06 03:55:11.113,1.34136,1.34183,1.50,1.70
2010.12.06 03:55:11.760,1.34136,1.34185,1.70,1.70
2010.12.06 03:55:17.374,1.34133,1.34183,1.60,1.60
2010.12.06 03:55:24.815,1.34134,1.34182,1.10,1.60
2010.12.06 03:55:25.444,1.34134,1.34183,1.10,1.50
2010.12.06 03:55:29.334,1.34138,1.34183,1.80,1.50
2010.12.06 03:55:29.444,1.34138,1.34188,1.90,2.40
2010.12.06 03:55:29.663,1.34138,1.34188,1.80,1.50
2010.12.06 03:55:33.957,1.34138,1.34188,1.80,1.60
2010.12.06 03:55:36.918,1.34138,1.34188,1.90,1.50
2010.12.06 03:55:40.709,1.34138,1.34188,1.80,1.60
2010.12.06 03:55:42.714,1.34138,1.34188,1.10,2.40
2010.12.06 03:55:45.946,1.34138,1.34188,2.60,1.60
2010.12.06 03:55:49.114,1.34138,1.34188,2.90,1.50
2010.12.06 03:55:49.224,1.34143,1.34188,1.50,1.50
2010.12.06 03:55:50.011,1.34153,1.34199,1.10,1.50
2010.12.06 03:55:55.077,1.34153,1.34203,1.10,2.30
2010.12.06 03:55:57.014,1.34152,1.34201,1.10,1.50
2010.12.06 03:55:57.679,1.34152,1.34201,1.10,2.30
2010.12.06 03:56:17.355,1.34149,1.34201,1.90,2.40
2010.12.06 03:56:19.034,1.34148,1.34199,4.30,1.50
2010.12.06 03:56:21.007,1.34148,1.34199,1.80,1.50
2010.12.06 03:56:28.063,1.34148,1.34199,4.10,1.50
2010.12.06 03:56:28.857,1.34155,1.34203,1.10,1.60
2010.12.06 03:56:31.114,1.34157,1.34205,2.60,1.60
2010.12.06 03:56:31.631,1.34177,1.34229,1.50,1.50
2010.12.06 03:56:33.516,1.34175,1.34227,3.40,1.50
2010.12.06 03:56:33.854,1.34179,1.34229,1.50,1.60
2010.12.06 03:56:35.678,1.34179,1.34229,1.50,1.60
2010.12.06 03:56:35.794,1.34181,1.34231,1.50,2.40
2010.12.06 03:56:37.215,1.34181,1.34231,1.70,1.60
2010.12.06 03:56:37.814,1.34181,1.34231,1.70,1.70
2010.12.06 03:56:38.908,1.34181,1.34231,1.70,1.60
2010.12.06 03:56:40.234,1.34181,1.34231,1.70,1.70
2010.12.06 03:56:42.120,1.34181,1.34231,1.70,1.60
2010.12.06 03:56:42.233,1.34181,1.34231,1.70,1.70
2010.12.06 03:56:43.324,1.34181,1.34231,1.50,2.40
2010.12.06 03:56:44.177,1.34181,1.34231,1.70,2.40
2010.12.06 03:56:44.295,1.34183,1.34232,1.50,2.40
2010.12.06 03:56:44.513,1.3418,1.34232,1.50,3.90
2010.12.06 03:56:45.164,1.34176,1.34221,1.50,1.50
2010.12.06 03:56:46.218,1.34177,1.34222,1.50,1.60
2010.12.06 03:56:46.570,1.34177,1.34222,1.50,1.60
2010.12.06 03:56:47.120,1.34177,1.34222,1.50,1.60
2010.12.06 03:56:47.233,1.3418,1.34222,1.50,1.60
2010.12.06 03:56:48.536,1.3418,1.34223,1.50,1.60
2010.12.06 03:56:51.161,1.3418,1.34222,1.50,1.60
2010.12.06 03:56:51.903,1.34176,1.34212,1.50,1.50
2010.12.06 03:56:52.332,1.34173,1.34212,1.50,1.70
2010.12.06 03:56:52.470,1.34167,1.34212,1.50,1.60
2010.12.06 03:56:59.657,1.34161,1.34203,2.40,1.50
2010.12.06 03:57:00.270,1.34161,1.34212,2.40,1.80
2010.12.06 03:57:00.395,1.34166,1.34212,1.50,1.60
2010.12.06 03:57:20.415,1.34166,1.3421,1.50,2.30
2010.12.06 03:57:20.746,1.34138,1.34188,1.80,1.50
2010.12.06 03:57:21.914,1.34138,1.34188,1.60,1.50
2010.12.06 03:57:23.103,1.34138,1.34188,4.80,1.50
2010.12.06 03:57:25.473,1.34138,1.34188,4.80,1.50
2010.12.06 03:57:26.485,1.34138,1.34188,2.50,1.50
2010.12.06 03:57:28.495,1.34138,1.34188,4.80,1.50
2010.12.06 03:57:34.305,1.34139,1.34188,1.10,1.50
2010.12.06 03:57:40.111,1.34148,1.34194,1.50,1.50
2010.12.06 03:57:40.704,1.34148,1.34197,1.50,1.50
2010.12.06 03:57:40.820,1.34153,1.34198,1.50,1.50
2010.12.06 03:57:46.688,1.34149,1.34194,1.80,1.50
2010.12.06 03:57:53.729,1.34146,1.34193,1.50,1.60
2010.12.06 03:57:53.845,1.34149,1.34196,1.50,1.70
2010.12.06 03:58:16.101,1.3415,1.34196,1.70,2.80
2010.12.06 03:58:16.243,1.34153,1.34199,1.50,1.60
2010.12.06 03:58:16.356,1.34149,1.34199,1.60,2.30
2010.12.06 03:58:16.794,1.34149,1.34197,1.50,2.30
2010.12.06 03:58:17.398,1.34149,1.34195,1.60,1.50
2010.12.06 03:58:18.255,1.34149,1.34198,1.50,2.30
2010.12.06 03:58:21.425,1.34149,1.34198,1.50,2.40
2010.12.06 03:58:22.454,1.34149,1.34198,1.50,2.40
2010.12.06 03:58:31.865,1.34149,1.34194,1.50,1.60
2010.12.06 03:58:33.073,1.34148,1.34194,3.00,1.60
2010.12.06 03:58:35.168,1.34148,1.34198,3.00,10.30
2010.12.06 03:58:48.417,1.34148,1.34198,3.00,10.30
2010.12.06 03:58:49.034,1.34148,1.34198,3.10,4.60
2010.12.06 03:58:49.157,1.3415,1.342,1.70,2.40
2010.12.06 03:58:50.814,1.34148,1.34198,3.40,2.30
2010.12.06 03:58:51.324,1.34148,1.34198,3.20,2.40
2010.12.06 03:58:51.485,1.34148,1.34198,3.20,2.30
2010.12.06 03:58:52.008,1.34148,1.34198,3.40,2.30
2010.12.06 03:58:55.424,1.34148,1.34198,3.40,1.50
2010.12.06 03:58:55.754,1.34148,1.34198,3.40,1.50
2010.12.06 03:58:57.557,1.34151,1.34201,1.80,1.60
2010.12.06 03:58:58.790,1.34157,1.34203,1.60,2.40
2010.12.06 03:59:04.643,1.34157,1.34203,1.50,2.30
2010.12.06 03:59:04.974,1.34157,1.34203,1.60,2.30
2010.12.06 03:59:05.084,1.34157,1.34205,1.60,1.50
2010.12.06 03:59:07.266,1.34157,1.34205,1.60,1.50
2010.12.06 03:59:07.374,1.34158,1.34207,1.60,2.30
2010.12.06 03:59:10.204,1.34158,1.34207,1.70,1.50
2010.12.06 03:59:13.784,1.34158,1.34207,1.60,1.60
2010.12.06 03:59:14.269,1.34158,1.34207,1.50,1.70
2010.12.06 03:59:14.797,1.34157,1.34183,1.50,2.50
2010.12.06 03:59:15.028,1.34124,1.34172,2.00,1.50
2010.12.06 03:59:15.147,1.34124,1.34172,2.00,1.50
2010.12.06 03:59:15.255,1.34124,1.34167,1.20,1.50
2010.12.06 03:59:15.364,1.34128,1.34167,1.50,1.50
2010.12.06 03:59:15.786,1.34124,1.34167,1.20,1.50
2010.12.06 03:59:15.899,1.34124,1.34167,2.00,1.50
2010.12.06 03:59:22.234,1.34124,1.34167,1.50,1.60
2010.12.06 03:59:23.364,1.34124,1.34167,1.50,1.50
2010.12.06 03:59:24.374,1.34124,1.34165,1.50,1.50
2010.12.06 03:59:25.148,1.34112,1.34162,2.50,1.50
2010.12.06 03:59:25.283,1.34121,1.34168,1.10,1.50
2010.12.06 03:59:28.245,1.34123,1.34169,2.40,1.50
2010.12.06 03:59:28.684,1.34118,1.34168,4.80,1.50
2010.12.06 03:59:29.807,1.34118,1.34168,4.80,1.50
2010.12.06 03:59:33.406,1.34119,1.34168,1.10,1.50
2010.12.06 03:59:40.387,1.34124,1.34168,1.80,1.50
2010.12.06 03:59:40.726,1.34125,1.34173,2.70,1.50
2010.12.06 03:59:48.625,1.34125,1.34173,2.40,1.50
2010.12.06 03:59:49.218,1.34126,1.34175,2.80,1.50
