2017.04.06 03:00:00.479,1.43474,1.43496,2.81,1.56
2017.04.06 03:00:00.985,1.43474,1.43497,2.25,1.56
2017.04.06 03:00:01.491,1.43475,1.43497,1.00,1.56
2017.04.06 03:00:01.694,1.43475,1.43498,1.87,1.56
2017.04.06 03:00:01.796,1.43477,1.43499,1.50,2.06
2017.04.06 03:00:02.302,1.43477,1.435,3.00,1.56
2017.04.06 03:00:02.505,1.43479,1.435,1.00,1.56
2017.04.06 03:00:02.607,1.43479,1.43501,1.00,1.56
2017.04.06 03:00:02.828,1.43479,1.43502,2.44,1.56
2017.04.06 03:00:02.981,1.43481,1.43501,1.00,1.56
2017.04.06 03:00:03.134,1.43481,1.43503,1.00,2.44
2017.04.06 03:00:03.636,1.43481,1.43503,1.00,1.69
2017.04.06 03:00:03.788,1.43481,1.43504,1.87,2.06
2017.04.06 03:00:03.839,1.43482,1.43504,1.50,2.06
2017.04.06 03:00:04.350,1.43483,1.43505,1.37,3.56
2017.04.06 03:00:04.452,1.43485,1.43505,1.50,2.81
2017.04.06 03:00:04.555,1.43483,1.43505,1.31,2.81
2017.04.06 03:00:05.063,1.43481,1.43503,1.87,2.81
2017.04.06 03:00:05.733,1.43483,1.43504,1.50,2.81
2017.04.06 03:00:06.037,1.43485,1.43504,1.37,2.06
2017.04.06 03:00:08.696,1.43483,1.43505,1.00,4.31
2017.04.06 03:00:09.309,1.43481,1.43504,1.75,3.19
2017.04.06 03:00:09.461,1.43483,1.43504,1.00,3.19
2017.04.06 03:00:10.397,1.4348,1.43504,3.56,3.19
2017.04.06 03:00:10.448,1.4348,1.43504,3.00,3.19
2017.04.06 03:00:10.752,1.43479,1.43503,1.50,2.44
2017.04.06 03:00:11.744,1.43478,1.435,1.00,1.56
2017.04.06 03:00:12.070,1.43477,1.435,1.12,1.56
2017.04.06 03:00:15.178,1.43475,1.43497,1.87,1.69
2017.04.06 03:00:15.675,1.43475,1.43498,2.25,1.31
2017.04.06 03:00:16.393,1.43475,1.43498,3.00,1.31
2017.04.06 03:00:23.088,1.43478,1.43498,1.00,1.62
2017.04.06 03:00:23.621,1.43478,1.43498,1.00,1.25
2017.04.06 03:00:24.124,1.43477,1.43499,1.75,1.31
2017.04.06 03:00:24.630,1.43478,1.43499,1.00,1.56
2017.04.06 03:00:25.772,1.43476,1.43498,4.31,1.25
2017.04.06 03:00:26.293,1.43476,1.435,3.75,2.44
2017.04.06 03:00:27.493,1.43476,1.435,3.75,3.19
2017.04.06 03:00:27.645,1.43477,1.435,1.12,2.44
2017.04.06 03:00:28.159,1.43476,1.435,3.75,2.44
2017.04.06 03:00:28.730,1.43477,1.435,1.12,2.44
2017.04.06 03:00:28.883,1.43477,1.435,1.12,2.44
2017.04.06 03:00:29.479,1.4348,1.435,1.37,1.31
2017.04.06 03:00:29.784,1.43481,1.43504,1.87,1.69
2017.04.06 03:00:30.464,1.43481,1.43503,1.50,1.69
2017.04.06 03:00:30.667,1.43482,1.43504,2.62,1.56
2017.04.06 03:00:30.869,1.43482,1.43504,2.62,1.31
2017.04.06 03:00:31.072,1.43482,1.43505,2.62,1.56
2017.04.06 03:00:35.177,1.43482,1.43506,3.56,3.94
2017.04.06 03:00:36.227,1.43484,1.43504,1.50,1.25
2017.04.06 03:00:36.347,1.43486,1.43505,1.37,1.94
2017.04.06 03:00:36.449,1.43487,1.43505,1.00,1.56
2017.04.06 03:00:42.208,1.43487,1.43507,2.62,1.12
2017.04.06 03:00:42.309,1.43488,1.4351,1.87,1.69
2017.04.06 03:00:42.813,1.43489,1.4351,1.12,1.56
2017.04.06 03:00:43.306,1.43488,1.43509,2.25,1.81
2017.04.06 03:00:43.407,1.4349,1.4351,1.00,1.56
2017.04.06 03:00:44.893,1.43489,1.43512,1.87,1.87
2017.04.06 03:00:47.696,1.43489,1.43511,1.50,2.44
2017.04.06 03:00:50.645,1.43489,1.43511,1.87,2.44
2017.04.06 03:00:51.212,1.43489,1.43511,2.25,1.56
2017.04.06 03:00:55.021,1.4349,1.43511,1.00,2.44
2017.04.06 03:00:55.578,1.43489,1.43511,2.25,3.19
2017.04.06 03:00:55.780,1.43487,1.43507,1.00,1.56
2017.04.06 03:00:55.882,1.43486,1.43506,1.50,1.69
2017.04.06 03:00:56.237,1.43484,1.43505,2.62,1.56
2017.04.06 03:00:57.509,1.43484,1.43504,1.87,1.69
2017.04.06 03:00:58.024,1.43485,1.43503,1.50,1.00
2017.04.06 03:00:58.554,1.43486,1.43504,1.00,1.31
2017.04.06 03:00:58.724,1.43483,1.43502,1.25,1.00
2017.04.06 03:00:58.877,1.43481,1.43501,1.00,1.56
2017.04.06 03:00:59.232,1.43483,1.43501,1.00,1.56
2017.04.06 03:00:59.485,1.43481,1.43502,2.25,1.12
2017.04.06 03:00:59.891,1.43479,1.43501,2.25,1.56
2017.04.06 03:01:00.424,1.43479,1.435,3.00,1.56
2017.04.06 03:01:01.230,1.43479,1.43502,2.25,1.56
2017.04.06 03:01:02.232,1.4348,1.43501,1.00,1.56
2017.04.06 03:01:02.793,1.43479,1.43501,2.25,1.56
2017.04.06 03:01:03.374,1.4348,1.43501,1.00,1.56
2017.04.06 03:01:05.164,1.4348,1.43501,1.50,1.56
2017.04.06 03:01:05.754,1.43479,1.43502,2.62,2.06
2017.04.06 03:01:06.275,1.4348,1.43502,1.00,1.56
2017.04.06 03:01:06.789,1.43481,1.43502,1.00,1.56
2017.04.06 03:01:06.840,1.43479,1.43502,3.00,2.06
2017.04.06 03:01:07.371,1.43479,1.435,1.50,1.56
2017.04.06 03:01:08.905,1.43479,1.435,1.50,1.56
2017.04.06 03:01:13.711,1.43478,1.435,1.12,2.06
2017.04.06 03:01:14.220,1.43479,1.435,1.00,2.06
2017.04.06 03:01:14.805,1.43478,1.435,1.12,2.06
2017.04.06 03:01:15.345,1.43479,1.435,1.00,1.56
2017.04.06 03:01:16.032,1.43477,1.43494,1.50,1.00
2017.04.06 03:01:16.135,1.43476,1.43494,1.00,1.56
2017.04.06 03:01:16.186,1.43473,1.43491,2.25,1.00
2017.04.06 03:01:16.238,1.43473,1.4349,1.12,1.00
2017.04.06 03:01:16.339,1.43471,1.43492,1.00,1.69
2017.04.06 03:01:16.901,1.43472,1.43494,1.50,1.56
2017.04.06 03:01:17.738,1.43473,1.43493,1.00,1.56
2017.04.06 03:01:18.265,1.43473,1.43493,1.00,1.56
2017.04.06 03:01:18.789,1.43472,1.43493,1.87,2.06
2017.04.06 03:01:21.480,1.4347,1.4349,1.25,1.00
2017.04.06 03:01:21.816,1.43468,1.43487,1.00,1.00
2017.04.06 03:01:22.327,1.43467,1.43488,2.62,1.31
2017.04.06 03:01:28.137,1.43467,1.43489,1.00,1.56
2017.04.06 03:01:28.681,1.43464,1.43482,1.62,1.00
2017.04.06 03:01:28.833,1.43459,1.43481,1.50,1.56
2017.04.06 03:01:28.935,1.43461,1.43482,1.12,1.56
2017.04.06 03:01:29.916,1.43461,1.43482,1.12,2.62
2017.04.06 03:01:30.448,1.4346,1.43481,1.12,2.06
2017.04.06 03:01:30.549,1.4346,1.43481,1.12,2.06
2017.04.06 03:01:31.175,1.43461,1.4348,1.50,1.56
2017.04.06 03:01:32.237,1.43461,1.4348,1.50,1.31
2017.04.06 03:01:32.541,1.43461,1.43479,1.50,1.56
2017.04.06 03:01:33.978,1.43461,1.43479,1.12,1.56
2017.04.06 03:01:34.345,1.43458,1.43479,1.50,1.56
2017.04.06 03:01:34.548,1.43458,1.43479,2.06,1.00
2017.04.06 03:01:36.115,1.43459,1.4348,1.87,1.31
2017.04.06 03:01:36.420,1.43459,1.4348,3.56,1.00
2017.04.06 03:01:36.724,1.43459,1.43481,1.50,2.06
2017.04.06 03:01:38.691,1.43459,1.4348,1.50,1.56
2017.04.06 03:01:38.843,1.43459,1.4348,1.50,1.56
2017.04.06 03:01:39.352,1.43459,1.4348,1.50,1.56
2017.04.06 03:01:39.787,1.43461,1.43481,1.50,2.06
2017.04.06 03:01:41.940,1.43461,1.43481,1.37,2.06
2017.04.06 03:01:42.363,1.4346,1.4348,1.37,1.12
2017.04.06 03:01:42.414,1.43457,1.43479,2.25,1.56
2017.04.06 03:01:42.666,1.43458,1.43479,1.00,1.56
2017.04.06 03:01:43.913,1.43458,1.43479,1.50,1.94
2017.04.06 03:01:43.964,1.43458,1.43479,1.50,1.69
2017.04.06 03:01:44.488,1.43458,1.4348,1.50,1.94
2017.04.06 03:01:45.225,1.43457,1.4348,3.37,1.94
2017.04.06 03:01:45.767,1.43457,1.4348,2.25,1.94
2017.04.06 03:01:46.938,1.43458,1.43481,1.00,1.94
2017.04.06 03:01:47.894,1.43459,1.43482,1.00,1.94
2017.04.06 03:01:48.475,1.4346,1.43483,1.00,2.44
2017.04.06 03:01:48.627,1.43462,1.43484,1.00,1.94
2017.04.06 03:01:48.679,1.43461,1.43484,1.56,1.69
2017.04.06 03:01:49.033,1.43461,1.43484,1.00,4.87
2017.04.06 03:01:49.538,1.4346,1.43484,1.00,6.37
2017.04.06 03:01:51.076,1.43458,1.4348,1.00,1.56
2017.04.06 03:01:51.329,1.43456,1.4348,3.00,1.56
2017.04.06 03:01:51.835,1.43457,1.4348,1.00,1.56
2017.04.06 03:01:52.179,1.43457,1.4348,1.00,1.31
2017.04.06 03:01:52.727,1.43458,1.43481,1.50,1.69
2017.04.06 03:01:53.081,1.43457,1.43478,2.25,1.00
2017.04.06 03:01:53.625,1.43457,1.43478,2.25,1.69
2017.04.06 03:01:54.285,1.43458,1.43478,1.00,1.69
2017.04.06 03:01:54.945,1.43458,1.43478,1.00,1.69
2017.04.06 03:01:55.321,1.43458,1.43475,1.00,1.00
2017.04.06 03:01:55.524,1.43456,1.43474,1.00,1.00
2017.04.06 03:01:56.177,1.43456,1.43475,1.00,1.00
2017.04.06 03:01:58.182,1.43455,1.43475,1.50,1.00
2017.04.06 03:01:58.597,1.43455,1.43472,1.50,1.00
2017.04.06 03:01:58.800,1.43449,1.43468,1.00,1.12
2017.04.06 03:01:58.953,1.43449,1.43466,1.00,1.00
2017.04.06 03:01:59.209,1.43449,1.43468,1.00,1.12
2017.04.06 03:01:59.757,1.43448,1.4347,1.50,1.37
2017.04.06 03:02:01.495,1.43449,1.43472,1.50,3.68
2017.04.06 03:02:01.711,1.43451,1.43472,1.00,1.87
2017.04.06 03:02:01.763,1.43451,1.43472,1.00,1.50
2017.04.06 03:02:02.268,1.43451,1.43473,1.50,1.00
2017.04.06 03:02:02.796,1.43452,1.43473,1.00,1.00
2017.04.06 03:02:03.327,1.43451,1.43473,1.50,1.00
2017.04.06 03:02:03.829,1.43451,1.43474,2.25,1.12
2017.04.06 03:02:06.548,1.43452,1.43474,1.00,1.12
2017.04.06 03:02:10.251,1.43452,1.43474,1.56,1.12
2017.04.06 03:02:12.233,1.43452,1.43474,1.56,1.37
2017.04.06 03:02:13.654,1.43451,1.43473,1.31,1.00
2017.04.06 03:02:13.969,1.4345,1.4347,1.56,1.00
2017.04.06 03:02:19.254,1.43452,1.43474,1.69,1.50
2017.04.06 03:02:19.305,1.43453,1.43474,1.31,1.50
2017.04.06 03:02:19.407,1.43453,1.43476,2.44,1.00
2017.04.06 03:02:19.509,1.43453,1.43477,4.69,1.12
2017.04.06 03:02:20.047,1.43455,1.43476,1.31,1.12
2017.04.06 03:02:20.594,1.43455,1.43476,1.56,1.00
2017.04.06 03:02:23.334,1.43457,1.43479,1.31,1.37
2017.04.06 03:02:23.385,1.43458,1.4348,1.00,1.00
2017.04.06 03:02:23.539,1.4346,1.43482,1.00,1.00
2017.04.06 03:02:23.843,1.4346,1.4348,1.25,1.00
2017.04.06 03:02:24.147,1.43458,1.43479,1.25,1.37
2017.04.06 03:02:25.282,1.43458,1.43478,1.31,1.37
2017.04.06 03:02:27.364,1.43459,1.43479,1.25,1.00
2017.04.06 03:02:28.111,1.4346,1.43479,1.00,1.00
2017.04.06 03:02:28.740,1.43459,1.43477,1.31,1.37
2017.04.06 03:02:28.843,1.43456,1.43474,1.00,1.12
2017.04.06 03:02:29.046,1.43453,1.43474,1.31,1.12
2017.04.06 03:02:29.570,1.43454,1.43475,1.00,1.37
2017.04.06 03:02:30.119,1.43454,1.43475,2.62,1.12
2017.04.06 03:02:33.691,1.43454,1.43476,1.12,1.37
2017.04.06 03:02:33.755,1.43454,1.43474,1.12,1.37
2017.04.06 03:02:33.858,1.43453,1.43474,3.75,1.12
2017.04.06 03:02:33.959,1.43453,1.43474,3.00,1.37
2017.04.06 03:02:34.346,1.43453,1.43474,3.00,1.12
2017.04.06 03:02:36.696,1.43453,1.43473,3.19,1.37
2017.04.06 03:02:37.212,1.43454,1.43473,1.00,1.00
2017.04.06 03:02:37.750,1.43453,1.43473,1.25,1.00
2017.04.06 03:02:38.240,1.43455,1.43475,1.00,1.37
2017.04.06 03:02:38.762,1.43454,1.43475,1.00,1.37
2017.04.06 03:02:42.090,1.43456,1.43476,1.12,1.12
2017.04.06 03:02:42.596,1.43455,1.43476,2.44,1.00
2017.04.06 03:02:43.158,1.43455,1.43475,2.44,1.00
2017.04.06 03:02:43.462,1.43459,1.43475,1.00,1.00
2017.04.06 03:02:43.665,1.4346,1.43477,1.00,1.00
2017.04.06 03:02:44.020,1.43458,1.43476,1.00,1.12
2017.04.06 03:02:44.560,1.43457,1.43476,1.50,1.12
2017.04.06 03:02:47.856,1.43459,1.43476,1.00,1.12
2017.04.06 03:02:48.745,1.43457,1.43476,1.50,1.12
2017.04.06 03:02:50.356,1.43457,1.43475,1.50,1.00
2017.04.06 03:02:53.801,1.43457,1.43472,1.50,1.12
2017.04.06 03:02:54.307,1.43456,1.43471,1.00,1.00
2017.04.06 03:02:54.688,1.43457,1.43473,1.00,1.00
2017.04.06 03:02:55.533,1.43457,1.43472,1.00,1.00
2017.04.06 03:02:55.890,1.43455,1.43472,1.12,1.00
2017.04.06 03:03:00.868,1.43456,1.43472,1.00,1.00
2017.04.06 03:03:05.023,1.43456,1.43473,1.00,1.00
2017.04.06 03:03:05.560,1.43457,1.43473,1.00,1.00
2017.04.06 03:03:06.164,1.43456,1.43473,1.00,1.00
2017.04.06 03:03:06.267,1.43456,1.43475,1.00,1.00
2017.04.06 03:03:06.827,1.43457,1.43475,1.00,1.00
2017.04.06 03:03:07.214,1.43457,1.43472,1.00,1.00
2017.04.06 03:03:07.721,1.43456,1.43472,1.00,1.00
2017.04.06 03:03:12.616,1.43455,1.43472,1.00,1.00
2017.04.06 03:03:16.241,1.43456,1.43473,1.00,1.00
2017.04.06 03:03:16.779,1.43457,1.43473,1.00,1.00
2017.04.06 03:03:17.288,1.43456,1.43474,1.00,1.00
2017.04.06 03:03:17.797,1.43457,1.43474,1.00,1.00
2017.04.06 03:03:20.285,1.43457,1.43473,1.00,1.00
2017.04.06 03:03:20.791,1.43456,1.43473,1.00,1.00
2017.04.06 03:03:24.695,1.43456,1.43472,1.00,1.00
2017.04.06 03:03:30.332,1.43456,1.43473,1.00,1.00
2017.04.06 03:03:32.852,1.43456,1.43472,1.00,1.00
2017.04.06 03:03:39.448,1.43456,1.43473,1.00,1.00
2017.04.06 03:03:44.365,1.43456,1.43472,1.00,1.00
2017.04.06 03:03:47.532,1.43456,1.43473,1.00,1.00
2017.04.06 03:03:48.079,1.43458,1.43475,1.00,1.00
2017.04.06 03:03:48.584,1.43458,1.43476,1.00,1.00
2017.04.06 03:03:48.888,1.43456,1.43473,1.00,1.00
2017.04.06 03:04:06.500,1.43457,1.43477,1.00,1.00
2017.04.06 03:04:06.602,1.43459,1.43477,1.00,1.12
2017.04.06 03:04:07.121,1.43458,1.43477,1.00,1.00
2017.04.06 03:04:07.644,1.43457,1.43476,1.12,1.00
2017.04.06 03:04:08.151,1.43457,1.43477,1.12,1.12
2017.04.06 03:04:08.844,1.4346,1.43477,1.00,1.00
2017.04.06 03:04:10.507,1.4346,1.43476,1.00,1.00
2017.04.06 03:04:11.008,1.43459,1.43476,1.00,1.00
2017.04.06 03:04:11.603,1.43459,1.43475,1.00,1.00
2017.04.06 03:04:12.123,1.43457,1.43475,1.00,1.00
2017.04.06 03:04:18.461,1.43457,1.43476,1.00,1.00
2017.04.06 03:04:18.513,1.43457,1.43477,1.56,1.37
2017.04.06 03:04:18.665,1.43458,1.43478,1.12,1.00
2017.04.06 03:04:18.716,1.43458,1.43478,2.06,1.00
2017.04.06 03:04:19.222,1.4346,1.43479,1.25,1.00
2017.04.06 03:04:19.760,1.43461,1.43481,1.25,1.12
2017.04.06 03:04:19.811,1.43461,1.43479,1.25,1.00
2017.04.06 03:04:21.026,1.4346,1.43478,1.31,1.37
2017.04.06 03:04:21.128,1.43459,1.43478,1.25,1.12
2017.04.06 03:04:21.634,1.43459,1.43479,1.31,1.12
2017.04.06 03:04:22.801,1.43459,1.43478,1.31,1.00
2017.04.06 03:04:24.296,1.4346,1.43479,1.25,1.12
2017.04.06 03:04:26.531,1.4346,1.43479,1.31,1.12
2017.04.06 03:04:28.267,1.43461,1.4348,1.25,1.00
2017.04.06 03:04:29.040,1.43461,1.4348,1.25,1.37
2017.04.06 03:04:30.887,1.4346,1.43478,1.00,1.00
2017.04.06 03:04:31.055,1.4346,1.4348,1.00,1.12
2017.04.06 03:04:31.267,1.4346,1.43478,1.00,1.00
2017.04.06 03:04:31.785,1.4346,1.43479,1.00,1.00
2017.04.06 03:04:40.125,1.4346,1.43479,1.31,1.37
2017.04.06 03:04:40.176,1.4346,1.43479,1.31,1.00
2017.04.06 03:04:41.014,1.4346,1.43478,1.31,1.00
2017.04.06 03:04:45.124,1.4346,1.43479,1.00,1.00
2017.04.06 03:04:46.364,1.4346,1.43478,1.00,1.12
2017.04.06 03:04:47.096,1.4346,1.43478,1.00,1.37
2017.04.06 03:04:47.616,1.4346,1.43478,1.00,1.00
2017.04.06 03:04:50.363,1.4346,1.43479,1.00,1.12
2017.04.06 03:04:51.848,1.4346,1.43478,1.31,1.00
2017.04.06 03:04:52.577,1.4346,1.43479,1.31,1.12
2017.04.06 03:04:53.084,1.4346,1.43478,1.31,1.12
2017.04.06 03:04:53.586,1.43461,1.43478,1.00,1.12
2017.04.06 03:04:55.404,1.43461,1.43477,1.00,1.12
2017.04.06 03:04:56.013,1.4346,1.43477,1.31,1.00
2017.04.06 03:04:56.559,1.4346,1.43478,1.31,1.12
2017.04.06 03:05:00.546,1.4346,1.43478,1.56,1.12
2017.04.06 03:05:01.139,1.4346,1.43478,1.00,1.12
2017.04.06 03:05:02.742,1.43461,1.43477,1.00,1.00
2017.04.06 03:05:03.255,1.4346,1.43478,1.31,1.12
2017.04.06 03:05:04.228,1.43461,1.43478,1.00,1.00
2017.04.06 03:05:05.869,1.43461,1.43479,1.00,1.00
2017.04.06 03:05:07.576,1.43461,1.43482,1.00,1.87
2017.04.06 03:05:08.082,1.4346,1.43481,1.31,1.12
2017.04.06 03:05:08.562,1.4346,1.43481,1.31,1.37
2017.04.06 03:05:11.253,1.4346,1.43481,1.31,1.12
2017.04.06 03:05:18.749,1.4346,1.43481,1.56,1.12
2017.04.06 03:05:33.755,1.4346,1.43481,1.31,1.00
2017.04.06 03:05:34.261,1.43461,1.43481,1.00,1.00
2017.04.06 03:05:34.787,1.43461,1.43482,1.00,1.50
2017.04.06 03:05:37.670,1.43461,1.43482,1.00,5.25
2017.04.06 03:05:42.682,1.4346,1.4348,1.00,1.56
2017.04.06 03:05:43.207,1.43459,1.4348,1.00,1.56
2017.04.06 03:05:43.542,1.43459,1.43479,1.00,3.75
2017.04.06 03:05:44.976,1.4346,1.43479,1.00,3.75
2017.04.06 03:05:45.820,1.4346,1.4348,1.00,1.56
2017.04.06 03:05:47.192,1.43461,1.43481,1.00,1.56
2017.04.06 03:05:47.800,1.4346,1.43482,1.00,5.25
2017.04.06 03:05:48.118,1.4346,1.43482,1.00,1.56
2017.04.06 03:05:48.717,1.43462,1.43482,1.00,1.56
2017.04.06 03:05:49.906,1.43463,1.43483,1.00,5.25
2017.04.06 03:05:52.918,1.43461,1.43481,1.00,1.31
2017.04.06 03:05:53.173,1.43463,1.43482,1.00,2.06
2017.04.06 03:05:54.417,1.43463,1.43482,1.00,4.50
2017.04.06 03:05:54.875,1.43465,1.43482,1.00,4.50
2017.04.06 03:05:59.126,1.43465,1.43483,1.00,5.25
2017.04.06 03:05:59.663,1.43466,1.43483,1.00,4.50
2017.04.06 03:06:02.817,1.43467,1.43483,1.00,3.75
2017.04.06 03:06:02.919,1.43467,1.43481,1.00,3.75
2017.04.06 03:06:03.021,1.43465,1.43481,1.00,3.75
2017.04.06 03:06:03.351,1.43462,1.43477,1.00,3.75
2017.04.06 03:06:03.402,1.43464,1.43479,1.00,3.75
2017.04.06 03:06:04.116,1.43466,1.43483,1.00,4.12
2017.04.06 03:06:05.399,1.43464,1.43483,1.00,3.75
2017.04.06 03:06:06.915,1.43466,1.43483,1.00,4.50
2017.04.06 03:06:07.417,1.43466,1.43479,1.00,3.75
2017.04.06 03:06:07.518,1.43464,1.43479,1.00,3.75
2017.04.06 03:06:08.225,1.43463,1.43479,1.00,3.75
2017.04.06 03:06:08.527,1.43463,1.43481,1.00,3.00
2017.04.06 03:06:09.941,1.43463,1.4348,1.00,3.00
2017.04.06 03:06:12.094,1.43462,1.4348,1.00,3.00
2017.04.06 03:06:12.745,1.43463,1.4348,1.00,3.00
2017.04.06 03:06:14.547,1.43463,1.43481,1.00,3.00
2017.04.06 03:06:19.422,1.43465,1.43481,1.00,3.00
2017.04.06 03:06:20.024,1.43465,1.4348,1.00,3.00
2017.04.06 03:06:21.445,1.43465,1.43482,1.00,3.00
2017.04.06 03:06:22.639,1.43465,1.43481,1.00,2.62
2017.04.06 03:06:22.741,1.43465,1.43484,1.00,2.62
2017.04.06 03:06:22.842,1.43467,1.43484,1.00,2.62
2017.04.06 03:06:23.258,1.43469,1.43486,1.00,3.37
2017.04.06 03:06:23.574,1.4347,1.43488,1.00,3.37
2017.04.06 03:06:24.100,1.43469,1.43488,1.00,3.37
2017.04.06 03:06:25.259,1.43469,1.43483,1.00,1.00
2017.04.06 03:06:25.512,1.43464,1.4348,1.00,1.00
2017.04.06 03:06:25.563,1.43464,1.43478,1.00,1.00
2017.04.06 03:06:25.876,1.43461,1.43478,1.00,1.00
2017.04.06 03:06:26.624,1.43463,1.43478,1.00,1.00
2017.04.06 03:06:27.398,1.43463,1.4348,1.00,3.00
2017.04.06 03:06:27.449,1.43465,1.43479,1.00,1.00
2017.04.06 03:06:27.999,1.43464,1.43479,1.00,1.00
2017.04.06 03:06:30.962,1.43464,1.43477,1.00,1.00
2017.04.06 03:06:31.065,1.43461,1.43476,1.12,1.00
2017.04.06 03:06:31.420,1.4346,1.43473,1.00,1.00
2017.04.06 03:06:31.522,1.43459,1.43475,1.00,1.00
2017.04.06 03:06:31.927,1.43457,1.43475,1.00,1.00
2017.04.06 03:06:33.624,1.43459,1.43475,1.00,1.00
2017.04.06 03:06:34.173,1.43459,1.43474,1.00,1.25
2017.04.06 03:06:34.637,1.43459,1.43475,1.00,4.12
2017.04.06 03:06:34.941,1.43452,1.43468,1.00,4.12
2017.04.06 03:06:35.555,1.43451,1.43468,1.00,4.12
2017.04.06 03:06:39.314,1.43451,1.43468,2.25,4.12
2017.04.06 03:06:39.466,1.43451,1.43468,2.25,1.00
2017.04.06 03:06:39.719,1.43454,1.43469,1.00,1.25
2017.04.06 03:06:40.248,1.43453,1.43469,1.00,1.25
2017.04.06 03:06:44.016,1.43453,1.4347,1.00,1.25
2017.04.06 03:06:50.153,1.43453,1.43473,2.25,3.75
2017.04.06 03:06:50.661,1.43456,1.43474,1.00,1.56
2017.04.06 03:06:51.264,1.43455,1.43469,1.12,1.00
2017.04.06 03:06:51.366,1.43455,1.43471,1.50,2.06
2017.04.06 03:06:51.518,1.43455,1.43468,1.12,1.00
2017.04.06 03:06:51.958,1.43453,1.43466,1.00,1.00
2017.04.06 03:06:52.061,1.4345,1.43466,1.87,1.00
2017.04.06 03:06:52.567,1.43451,1.43466,1.00,1.00
2017.04.06 03:06:53.095,1.43451,1.43467,1.00,1.00
2017.04.06 03:06:53.564,1.43451,1.43469,1.00,1.00
2017.04.06 03:06:54.094,1.43451,1.43468,1.00,1.00
2017.04.06 03:06:54.603,1.4345,1.43468,1.50,1.00
2017.04.06 03:06:55.199,1.4345,1.43467,1.50,1.00
2017.04.06 03:06:55.739,1.43451,1.43468,1.87,1.00
2017.04.06 03:06:56.271,1.43452,1.43468,1.00,1.00
2017.04.06 03:07:00.202,1.43453,1.4347,1.37,1.31
2017.04.06 03:07:02.813,1.43454,1.43471,1.00,1.31
2017.04.06 03:07:04.719,1.43456,1.43475,1.37,1.31
2017.04.06 03:07:04.822,1.43456,1.43477,1.12,2.06
2017.04.06 03:07:05.489,1.43458,1.43477,1.37,1.56
2017.04.06 03:07:06.039,1.43458,1.43477,1.00,1.56
2017.04.06 03:07:07.683,1.43458,1.43477,1.00,4.50
2017.04.06 03:07:08.932,1.43457,1.43473,1.12,1.56
2017.04.06 03:07:09.135,1.43453,1.43473,1.37,1.00
2017.04.06 03:07:09.237,1.43456,1.43473,1.00,1.00
2017.04.06 03:07:09.783,1.43456,1.43474,1.00,1.00
2017.04.06 03:07:10.328,1.43455,1.43474,1.00,1.31
2017.04.06 03:07:12.161,1.43455,1.43473,1.12,1.00
2017.04.06 03:07:12.314,1.43453,1.43473,1.12,1.00
2017.04.06 03:07:12.791,1.43455,1.43473,1.00,1.00
2017.04.06 03:07:13.316,1.43456,1.43473,1.00,1.00
2017.04.06 03:07:13.620,1.43456,1.43474,1.00,4.50
2017.04.06 03:07:15.637,1.43456,1.43474,1.00,1.56
2017.04.06 03:07:15.962,1.43458,1.43474,1.00,1.56
2017.04.06 03:07:16.762,1.43459,1.43474,1.00,1.56
2017.04.06 03:07:18.687,1.43459,1.43475,1.00,2.25
2017.04.06 03:07:18.940,1.43457,1.43474,1.00,1.50
2017.04.06 03:07:19.469,1.43457,1.43475,1.00,1.00
2017.04.06 03:07:20.125,1.43455,1.43475,1.00,1.00
2017.04.06 03:07:21.111,1.43455,1.43476,1.00,2.25
2017.04.06 03:07:21.162,1.43455,1.43474,1.00,1.00
2017.04.06 03:07:22.348,1.43453,1.43474,1.37,1.00
2017.04.06 03:07:26.350,1.43453,1.43475,1.37,1.00
2017.04.06 03:07:26.856,1.43453,1.43476,1.87,1.50
2017.04.06 03:07:27.160,1.43453,1.43472,1.37,1.50
2017.04.06 03:07:28.777,1.43453,1.43472,1.00,1.50
2017.04.06 03:07:28.981,1.43451,1.43472,1.00,1.00
2017.04.06 03:07:29.032,1.43451,1.4347,1.00,1.50
2017.04.06 03:07:29.377,1.43454,1.4347,1.00,1.50
2017.04.06 03:07:29.530,1.43454,1.43472,1.00,1.50
2017.04.06 03:07:29.581,1.43457,1.43472,1.00,1.50
2017.04.06 03:07:29.885,1.43457,1.43468,1.00,1.50
2017.04.06 03:07:30.210,1.43457,1.43472,1.00,1.50
2017.04.06 03:07:33.535,1.43457,1.43468,1.00,1.50
2017.04.06 03:07:33.737,1.43457,1.43472,1.00,1.50
2017.04.06 03:07:34.118,1.43457,1.4347,1.00,1.50
2017.04.06 03:07:34.517,1.43457,1.43472,1.00,1.50
2017.04.06 03:07:34.956,1.43457,1.43469,1.00,1.00
2017.04.06 03:07:38.552,1.43457,1.43476,1.00,1.00
2017.04.06 03:07:39.147,1.43456,1.43476,1.00,1.00
2017.04.06 03:07:43.625,1.43456,1.43476,1.00,1.37
2017.04.06 03:07:43.929,1.43458,1.43477,1.00,1.37
2017.04.06 03:07:43.980,1.43458,1.43477,1.87,1.37
2017.04.06 03:07:44.031,1.43459,1.43477,1.37,1.00
2017.04.06 03:07:44.082,1.4346,1.43479,1.12,1.50
2017.04.06 03:07:44.133,1.4346,1.43479,1.37,1.00
2017.04.06 03:07:44.184,1.4346,1.43481,1.37,2.25
2017.04.06 03:07:44.539,1.43464,1.43482,1.87,1.00
2017.04.06 03:07:44.742,1.43465,1.43488,1.87,2.25
2017.04.06 03:07:45.018,1.43465,1.43484,1.00,1.00
2017.04.06 03:07:45.525,1.43464,1.43483,1.00,1.00
2017.04.06 03:07:45.677,1.43462,1.43483,1.00,1.00
2017.04.06 03:07:46.995,1.43462,1.43479,1.00,1.00
2017.04.06 03:07:49.002,1.43462,1.43478,1.00,1.00
2017.04.06 03:07:49.520,1.43461,1.43478,1.00,1.00
2017.04.06 03:07:51.573,1.43461,1.43479,1.12,1.00
2017.04.06 03:07:51.826,1.43456,1.43475,1.00,1.00
2017.04.06 03:07:52.350,1.43457,1.43476,1.00,1.00
2017.04.06 03:07:54.829,1.43457,1.43475,1.00,1.00
2017.04.06 03:07:55.375,1.43456,1.43475,1.00,1.00
2017.04.06 03:07:56.151,1.43456,1.43473,1.00,1.00
2017.04.06 03:07:56.202,1.43456,1.43475,1.00,1.00
2017.04.06 03:07:57.446,1.43456,1.43476,1.12,1.00
2017.04.06 03:07:58.533,1.43456,1.43475,1.12,1.00
2017.04.06 03:07:58.815,1.43456,1.43473,1.00,1.00
2017.04.06 03:07:58.967,1.43454,1.43473,1.00,1.00
2017.04.06 03:08:00.088,1.43454,1.43472,1.12,1.00
2017.04.06 03:08:00.544,1.43454,1.43474,1.25,1.00
2017.04.06 03:08:01.328,1.43454,1.43473,1.31,1.00
2017.04.06 03:08:01.379,1.43454,1.43475,1.31,1.00
2017.04.06 03:08:01.430,1.43457,1.43475,1.00,1.00
2017.04.06 03:08:04.716,1.43457,1.43474,1.00,1.00
2017.04.06 03:08:04.969,1.43455,1.43474,1.00,1.00
2017.04.06 03:08:07.614,1.43455,1.43475,1.00,1.00
2017.04.06 03:08:07.665,1.43457,1.43475,1.12,1.00
2017.04.06 03:08:09.253,1.43459,1.43479,1.37,1.19
2017.04.06 03:08:09.355,1.43459,1.43478,1.00,1.00
2017.04.06 03:08:10.295,1.43459,1.43479,1.50,1.00
2017.04.06 03:08:11.632,1.43461,1.43479,1.00,1.00
2017.04.06 03:08:13.867,1.4346,1.43479,1.00,1.00
2017.04.06 03:08:14.959,1.4346,1.4348,1.87,1.00
2017.04.06 03:08:15.263,1.43462,1.43481,1.00,1.00
2017.04.06 03:08:16.557,1.43463,1.43481,1.00,1.00
2017.04.06 03:08:16.659,1.43461,1.43481,1.00,1.00
2017.04.06 03:08:17.286,1.43462,1.43481,1.00,1.00
2017.04.06 03:08:20.340,1.43462,1.43482,1.00,1.00
2017.04.06 03:08:20.977,1.43462,1.43481,1.00,3.00
2017.04.06 03:08:22.365,1.43462,1.43478,1.00,1.00
2017.04.06 03:08:22.570,1.43455,1.43475,1.00,1.00
2017.04.06 03:08:22.671,1.43457,1.43475,1.00,1.00
2017.04.06 03:08:23.245,1.43457,1.43474,1.00,3.00
2017.04.06 03:08:24.476,1.43457,1.43473,1.00,3.00
2017.04.06 03:08:28.913,1.43457,1.43474,1.00,1.00
2017.04.06 03:08:29.984,1.43457,1.43475,1.00,1.00
2017.04.06 03:08:30.490,1.43457,1.43474,1.00,3.00
2017.04.06 03:08:32.883,1.43457,1.43476,1.37,3.00
2017.04.06 03:08:33.086,1.43457,1.43477,1.12,3.37
2017.04.06 03:08:34.379,1.43457,1.43476,1.00,3.75
2017.04.06 03:08:41.270,1.43457,1.43477,1.00,3.75
2017.04.06 03:08:46.561,1.43457,1.43477,1.37,3.75
2017.04.06 03:08:55.897,1.43457,1.43476,1.00,1.56
2017.04.06 03:08:56.201,1.43457,1.43473,1.00,3.75
2017.04.06 03:08:58.298,1.43457,1.43474,1.00,3.75
2017.04.06 03:08:59.571,1.43457,1.43473,1.00,3.75
2017.04.06 03:09:00.354,1.43457,1.43469,1.00,3.75
2017.04.06 03:09:00.712,1.43457,1.43474,1.00,3.75
2017.04.06 03:09:01.776,1.43457,1.43473,1.00,3.75
2017.04.06 03:09:04.274,1.43457,1.43469,1.00,3.75
2017.04.06 03:09:04.325,1.43454,1.43469,1.37,3.75
2017.04.06 03:09:12.331,1.43453,1.43472,1.37,3.75
2017.04.06 03:09:12.433,1.43459,1.43472,1.00,3.75
2017.04.06 03:09:12.640,1.43455,1.43472,1.37,3.75
2017.04.06 03:09:13.215,1.43455,1.43472,1.12,3.75
2017.04.06 03:09:13.741,1.43455,1.43473,1.50,3.75
2017.04.06 03:09:15.078,1.43455,1.43473,1.50,3.75
2017.04.06 03:09:15.600,1.43455,1.43472,1.50,3.75
2017.04.06 03:09:17.977,1.43455,1.43472,1.50,3.75
2017.04.06 03:09:18.491,1.43455,1.43471,1.00,3.75
2017.04.06 03:09:19.101,1.43455,1.4347,1.00,3.75
2017.04.06 03:09:19.329,1.43455,1.43473,1.00,3.75
2017.04.06 03:09:23.238,1.43454,1.4347,1.50,3.75
2017.04.06 03:09:23.340,1.43454,1.43474,1.50,4.50
2017.04.06 03:09:23.442,1.43453,1.4347,1.00,3.75
2017.04.06 03:09:23.948,1.43453,1.4347,1.00,3.75
2017.04.06 03:09:26.041,1.43453,1.43472,1.00,2.62
2017.04.06 03:09:30.358,1.43453,1.43473,1.00,3.00
2017.04.06 03:09:30.868,1.43453,1.43472,1.00,2.62
2017.04.06 03:09:31.451,1.43453,1.43475,1.00,3.37
2017.04.06 03:09:31.705,1.43454,1.43472,2.62,2.62
2017.04.06 03:09:31.857,1.43457,1.43475,1.00,2.62
2017.04.06 03:09:32.163,1.43457,1.43472,1.00,2.62
2017.04.06 03:09:32.265,1.43457,1.43475,1.00,2.62
2017.04.06 03:09:33.949,1.43454,1.43472,1.87,2.62
2017.04.06 03:09:35.161,1.43454,1.43474,1.00,3.00
2017.04.06 03:09:35.668,1.43454,1.43471,1.00,2.62
2017.04.06 03:09:37.543,1.43454,1.43472,1.00,2.62
2017.04.06 03:09:38.649,1.43455,1.43472,1.12,2.62
2017.04.06 03:09:40.274,1.43455,1.43474,1.12,3.00
2017.04.06 03:09:40.375,1.43455,1.43471,1.12,2.62
2017.04.06 03:09:40.476,1.43454,1.43474,1.87,3.00
2017.04.06 03:09:40.870,1.43454,1.43471,2.62,2.62
2017.04.06 03:09:41.488,1.43455,1.43474,1.12,3.00
2017.04.06 03:09:43.280,1.43455,1.43473,1.12,2.62
2017.04.06 03:09:44.338,1.43455,1.43473,1.50,2.62
2017.04.06 03:09:44.861,1.43455,1.43472,1.37,2.62
2017.04.06 03:09:45.013,1.43454,1.43472,1.87,2.62
2017.04.06 03:09:45.648,1.43455,1.43472,1.00,2.62
2017.04.06 03:09:46.270,1.43455,1.43474,1.00,3.00
2017.04.06 03:09:49.050,1.43455,1.43473,1.00,2.62
2017.04.06 03:09:50.048,1.43455,1.43472,1.00,2.62
2017.04.06 03:09:50.956,1.43455,1.43474,1.50,3.75
2017.04.06 03:09:51.057,1.43453,1.43475,1.87,5.25
2017.04.06 03:09:51.261,1.43453,1.43474,1.50,1.69
2017.04.06 03:09:51.982,1.43453,1.43474,1.87,1.69
2017.04.06 03:09:52.235,1.43455,1.43475,1.00,2.06
2017.04.06 03:09:53.090,1.43456,1.43477,1.00,2.44
2017.04.06 03:09:53.395,1.43458,1.43479,4.12,1.31
2017.04.06 03:09:53.598,1.43458,1.43481,3.75,2.81
2017.04.06 03:09:53.829,1.43458,1.43479,1.50,1.69
2017.04.06 03:09:54.594,1.43458,1.43479,1.50,1.69
2017.04.06 03:09:55.107,1.43458,1.43479,1.50,1.69
2017.04.06 03:09:55.650,1.43457,1.43479,1.87,2.44
2017.04.06 03:09:57.101,1.43457,1.43479,1.75,2.44
2017.04.06 03:09:58.240,1.43458,1.43478,1.00,1.56
2017.04.06 03:09:59.500,1.43455,1.43476,1.50,1.31
2017.04.06 03:09:59.601,1.43455,1.43474,1.12,1.56
2017.04.06 03:10:00.237,1.43454,1.43474,1.25,1.12
2017.04.06 03:10:01.193,1.43453,1.43474,3.56,1.12
2017.04.06 03:10:01.698,1.43453,1.43474,3.00,1.69
2017.04.06 03:10:02.226,1.43453,1.43474,3.75,1.25
2017.04.06 03:10:03.587,1.43453,1.43475,2.62,3.19
2017.04.06 03:10:06.369,1.43452,1.43469,1.75,1.00
2017.04.06 03:10:06.622,1.43449,1.4347,1.75,1.69
2017.04.06 03:10:07.380,1.43447,1.43469,2.44,2.44
2017.04.06 03:10:07.859,1.43449,1.43468,1.37,1.00
2017.04.06 03:10:08.369,1.43448,1.43469,1.37,1.25
2017.04.06 03:10:11.601,1.43449,1.43471,3.37,2.06
2017.04.06 03:10:12.108,1.4345,1.43471,1.37,1.62
2017.04.06 03:10:13.441,1.43451,1.43471,1.87,1.62
2017.04.06 03:10:13.745,1.43451,1.43473,2.25,1.31
2017.04.06 03:10:15.048,1.43452,1.43473,1.12,1.31
2017.04.06 03:10:15.686,1.43453,1.43473,1.00,1.31
2017.04.06 03:10:16.757,1.43451,1.43473,3.75,1.31
2017.04.06 03:10:17.112,1.43453,1.43471,1.37,3.75
2017.04.06 03:10:20.211,1.43453,1.43473,1.87,4.50
2017.04.06 03:10:20.313,1.43453,1.43473,1.87,1.31
2017.04.06 03:10:22.395,1.43453,1.43473,1.87,4.50
2017.04.06 03:10:22.726,1.43453,1.43473,1.87,1.31
2017.04.06 03:10:23.111,1.43453,1.43471,1.87,3.75
2017.04.06 03:10:23.315,1.43452,1.43473,1.75,1.69
2017.04.06 03:10:23.417,1.43453,1.43473,1.50,4.50
2017.04.06 03:10:24.529,1.43453,1.43473,1.00,4.50
2017.04.06 03:10:25.136,1.43453,1.43472,1.00,3.75
2017.04.06 03:10:29.258,1.43448,1.43468,1.87,1.31
2017.04.06 03:10:29.359,1.43447,1.43468,1.12,1.31
2017.04.06 03:10:30.126,1.43447,1.43466,1.12,1.31
2017.04.06 03:10:30.658,1.43448,1.43466,1.00,1.31
2017.04.06 03:10:31.342,1.43446,1.43468,2.62,1.56
2017.04.06 03:10:32.136,1.43447,1.43469,1.37,1.56
2017.04.06 03:10:32.788,1.43447,1.43469,1.50,4.12
2017.04.06 03:10:32.889,1.43447,1.4347,1.50,1.94
2017.04.06 03:10:32.991,1.43447,1.43469,1.50,4.12
2017.04.06 03:10:35.905,1.43449,1.4347,1.37,4.87
2017.04.06 03:10:38.405,1.43448,1.4347,2.25,1.69
2017.04.06 03:10:44.220,1.43448,1.4347,1.75,1.69
2017.04.06 03:10:47.250,1.43448,1.4347,1.87,2.44
2017.04.06 03:10:50.014,1.43448,1.4347,1.87,2.44
2017.04.06 03:10:50.540,1.43449,1.43469,1.00,2.06
2017.04.06 03:10:50.713,1.43446,1.43467,1.12,1.31
2017.04.06 03:10:50.764,1.43446,1.43465,1.37,1.50
2017.04.06 03:10:51.068,1.43443,1.43464,1.50,2.06
2017.04.06 03:10:51.928,1.43442,1.43463,1.37,2.06
2017.04.06 03:10:53.310,1.43442,1.43463,1.37,2.06
2017.04.06 03:10:54.639,1.43442,1.43463,1.37,2.06
2017.04.06 03:10:55.425,1.43442,1.43463,1.37,2.81
2017.04.06 03:10:55.932,1.43442,1.43461,1.00,1.31
2017.04.06 03:10:56.410,1.43441,1.43462,3.56,1.00
2017.04.06 03:10:56.714,1.43442,1.43461,1.00,1.31
2017.04.06 03:10:59.924,1.43441,1.43461,1.12,1.50
2017.04.06 03:11:00.683,1.43442,1.43461,1.00,1.50
2017.04.06 03:11:01.365,1.43442,1.43461,1.00,2.06
2017.04.06 03:11:05.546,1.43442,1.43461,1.00,2.06
2017.04.06 03:11:05.647,1.43441,1.43461,1.12,2.06
2017.04.06 03:11:07.979,1.43442,1.43461,1.00,2.06
2017.04.06 03:11:08.944,1.43439,1.4346,1.94,1.00
2017.04.06 03:11:09.484,1.4344,1.43461,1.87,2.06
2017.04.06 03:11:10.181,1.4344,1.43461,1.87,2.06
2017.04.06 03:11:10.715,1.4344,1.4346,1.37,1.00
2017.04.06 03:11:11.926,1.4344,1.43461,1.37,2.06
2017.04.06 03:11:12.078,1.4344,1.4346,1.87,1.00
2017.04.06 03:11:12.130,1.43444,1.43463,1.37,1.50
2017.04.06 03:11:12.385,1.43444,1.43466,1.87,1.87
2017.04.06 03:11:12.436,1.43444,1.43465,1.12,1.00
2017.04.06 03:11:12.537,1.43444,1.43462,1.37,1.17
2017.04.06 03:11:12.740,1.43442,1.43461,1.00,1.15
2017.04.06 03:11:12.842,1.43442,1.43461,1.00,1.65
2017.04.06 03:11:13.406,1.43441,1.4346,1.37,1.15
2017.04.06 03:11:14.751,1.43441,1.4346,1.37,1.65
2017.04.06 03:11:16.429,1.4344,1.43459,1.12,1.15
2017.04.06 03:11:20.307,1.43441,1.43459,1.37,1.34
2017.04.06 03:11:21.642,1.43441,1.43459,1.37,1.40
2017.04.06 03:11:25.052,1.43439,1.43458,1.37,1.40
2017.04.06 03:11:25.755,1.43439,1.43458,1.37,1.09
2017.04.06 03:11:26.265,1.4344,1.43459,1.00,1.84
2017.04.06 03:11:32.006,1.4344,1.43459,1.00,1.17
2017.04.06 03:11:32.108,1.43438,1.43459,2.25,1.34
2017.04.06 03:11:32.326,1.43437,1.43458,1.31,1.87
2017.04.06 03:11:32.379,1.43437,1.43458,1.00,2.21
2017.04.06 03:11:33.405,1.43435,1.43457,1.37,1.84
2017.04.06 03:11:34.209,1.43435,1.43455,1.12,1.32
2017.04.06 03:11:34.439,1.43435,1.43455,1.12,1.46
2017.04.06 03:11:34.743,1.43433,1.43453,1.00,1.20
2017.04.06 03:11:34.794,1.43432,1.43453,1.50,1.27
2017.04.06 03:11:35.301,1.43431,1.43451,2.06,1.27
2017.04.06 03:11:35.808,1.43431,1.43452,2.06,2.32
2017.04.06 03:11:36.313,1.43431,1.43453,2.06,2.40
2017.04.06 03:11:36.834,1.43431,1.43453,2.06,1.57
2017.04.06 03:11:36.885,1.43431,1.43453,1.69,1.57
2017.04.06 03:11:37.391,1.43432,1.43454,1.12,3.71
2017.04.06 03:11:37.898,1.43432,1.43454,1.87,2.21
2017.04.06 03:11:38.418,1.43432,1.43454,1.87,2.21
2017.04.06 03:11:39.635,1.43432,1.43454,2.62,2.96
2017.04.06 03:11:41.699,1.43433,1.43453,1.00,1.46
2017.04.06 03:11:42.216,1.43432,1.43453,1.00,2.21
2017.04.06 03:11:42.797,1.43432,1.43453,1.00,2.21
2017.04.06 03:11:43.353,1.43432,1.43452,1.00,1.17
2017.04.06 03:11:43.858,1.43431,1.43452,1.69,1.17
2017.04.06 03:11:44.365,1.43431,1.43452,2.06,1.15
2017.04.06 03:11:44.933,1.43431,1.43452,2.06,1.65
2017.04.06 03:11:45.739,1.43431,1.43452,2.06,1.15
2017.04.06 03:11:45.892,1.43432,1.43454,1.87,1.56
2017.04.06 03:11:46.044,1.43433,1.43454,1.69,1.00
2017.04.06 03:11:46.348,1.43433,1.43453,1.69,1.15
2017.04.06 03:11:46.900,1.43433,1.43453,1.69,1.50
2017.04.06 03:11:48.016,1.43433,1.43454,1.69,1.50
2017.04.06 03:11:48.566,1.43434,1.43453,1.25,1.00
2017.04.06 03:11:49.332,1.43434,1.43454,1.25,1.50
2017.04.06 03:11:49.434,1.43434,1.43453,1.25,1.17
2017.04.06 03:11:49.536,1.43434,1.43453,1.25,1.00
2017.04.06 03:11:49.791,1.43435,1.43456,1.50,2.81
2017.04.06 03:11:50.335,1.43435,1.43455,2.06,1.00
2017.04.06 03:11:50.404,1.43435,1.43455,1.50,1.50
2017.04.06 03:11:51.420,1.43435,1.43455,1.50,1.65
2017.04.06 03:11:51.622,1.43435,1.43455,1.50,1.50
2017.04.06 03:11:51.825,1.43435,1.43455,1.50,1.65
2017.04.06 03:11:51.926,1.43435,1.43455,1.50,1.50
2017.04.06 03:11:52.331,1.43435,1.43452,1.25,1.00
2017.04.06 03:11:52.382,1.43433,1.43452,1.69,1.00
2017.04.06 03:11:52.535,1.43436,1.43454,1.00,1.25
2017.04.06 03:11:52.841,1.4344,1.43459,1.37,1.50
2017.04.06 03:11:55.202,1.43439,1.43458,1.25,1.00
2017.04.06 03:11:58.858,1.43438,1.43459,1.62,1.00
2017.04.06 03:12:00.749,1.4344,1.4346,1.00,1.12
2017.04.06 03:12:00.851,1.4344,1.43461,1.50,2.25
2017.04.06 03:12:01.464,1.43439,1.43461,1.69,2.25
2017.04.06 03:12:02.656,1.43439,1.4346,1.94,1.12
2017.04.06 03:12:04.981,1.43443,1.43463,1.00,1.87
2017.04.06 03:12:05.184,1.43443,1.43466,2.06,2.25
2017.04.06 03:12:05.235,1.43442,1.43462,3.56,1.00
2017.04.06 03:12:05.286,1.43442,1.43462,2.06,1.50
2017.04.06 03:12:05.337,1.43442,1.4346,1.31,1.00
2017.04.06 03:12:05.388,1.43441,1.4346,1.69,1.00
2017.04.06 03:12:05.934,1.43439,1.4346,2.44,1.00
2017.04.06 03:12:08.075,1.43439,1.43459,2.06,1.00
2017.04.06 03:12:08.896,1.4344,1.43459,1.69,1.00
2017.04.06 03:12:09.565,1.43439,1.43459,2.06,1.00
2017.04.06 03:12:11.131,1.43438,1.43459,2.06,1.27
2017.04.06 03:12:11.233,1.43438,1.43459,2.06,1.12
2017.04.06 03:12:16.433,1.43438,1.43459,1.56,2.02
2017.04.06 03:12:17.545,1.43438,1.43459,1.56,2.02
2017.04.06 03:12:17.697,1.43438,1.43459,1.56,1.87
2017.04.06 03:12:18.930,1.43438,1.4346,2.06,2.40
2017.04.06 03:12:18.981,1.43438,1.4346,2.06,2.40
2017.04.06 03:12:19.032,1.4344,1.4346,1.00,2.25
2017.04.06 03:12:19.082,1.4344,1.4346,1.69,1.50
2017.04.06 03:12:19.184,1.4344,1.4346,1.69,1.50
2017.04.06 03:12:19.803,1.4344,1.4346,1.69,1.50
2017.04.06 03:12:20.381,1.43439,1.4346,1.94,1.50
2017.04.06 03:12:21.391,1.43438,1.43459,2.44,1.12
2017.04.06 03:12:23.255,1.4344,1.4346,1.37,2.81
2017.04.06 03:12:23.756,1.4344,1.4346,1.25,1.50
2017.04.06 03:12:24.329,1.43438,1.43457,1.56,1.00
2017.04.06 03:12:24.381,1.43437,1.43459,2.81,1.87
2017.04.06 03:12:24.432,1.43437,1.43459,1.31,2.77
2017.04.06 03:12:24.483,1.43436,1.43459,2.44,3.34
2017.04.06 03:12:26.937,1.43436,1.43458,2.06,1.00
2017.04.06 03:12:27.539,1.43436,1.43458,2.06,1.12
2017.04.06 03:12:31.882,1.43437,1.43458,1.19,1.12
2017.04.06 03:12:33.845,1.43438,1.43459,1.31,2.25
2017.04.06 03:12:33.998,1.43438,1.43459,2.00,1.50
2017.04.06 03:12:34.100,1.43439,1.43459,1.31,1.50
2017.04.06 03:12:35.625,1.43438,1.43458,1.25,1.12
2017.04.06 03:12:35.676,1.43437,1.43455,1.19,1.00
2017.04.06 03:12:35.879,1.43437,1.43457,1.19,1.00
2017.04.06 03:12:35.930,1.43437,1.43457,1.19,1.15
2017.04.06 03:12:36.134,1.43438,1.43458,1.62,1.17
2017.04.06 03:12:36.654,1.43438,1.43458,1.62,1.15
2017.04.06 03:12:38.238,1.4344,1.43459,2.06,1.00
2017.04.06 03:12:38.756,1.43441,1.4346,1.50,1.12
2017.04.06 03:12:39.299,1.43441,1.43459,1.50,1.00
2017.04.06 03:12:40.051,1.43439,1.43459,1.19,1.50
2017.04.06 03:12:40.102,1.43437,1.43457,1.31,2.40
2017.04.06 03:12:40.204,1.43438,1.43457,1.37,1.00
2017.04.06 03:12:40.878,1.43437,1.43458,1.62,1.12
2017.04.06 03:12:44.328,1.43438,1.43458,1.00,1.69
2017.04.06 03:12:45.541,1.43437,1.43458,3.56,1.12
2017.04.06 03:12:48.215,1.43437,1.43458,3.56,1.12
2017.04.06 03:12:48.418,1.4344,1.43459,1.56,1.00
2017.04.06 03:12:48.928,1.4344,1.43459,1.62,1.00
2017.04.06 03:12:49.724,1.43439,1.4346,2.44,1.00
2017.04.06 03:13:00.395,1.43439,1.43459,1.31,1.00
2017.04.06 03:13:00.496,1.43437,1.43459,2.44,1.69
2017.04.06 03:13:04.700,1.43437,1.43458,2.44,1.00
2017.04.06 03:13:08.368,1.43437,1.43456,1.69,1.00
2017.04.06 03:13:08.622,1.43433,1.43453,1.62,1.00
2017.04.06 03:13:08.985,1.43433,1.43455,1.31,1.75
2017.04.06 03:13:09.558,1.43433,1.43453,2.81,1.37
2017.04.06 03:13:09.761,1.43433,1.43456,3.19,2.25
2017.04.06 03:13:10.069,1.43436,1.43457,2.44,1.69
2017.04.06 03:13:10.120,1.43439,1.43457,1.37,1.12
2017.04.06 03:13:10.662,1.43439,1.43458,1.00,1.00
2017.04.06 03:13:11.225,1.43439,1.43459,1.00,1.75
2017.04.06 03:13:12.619,1.43438,1.43459,1.25,1.75
2017.04.06 03:13:14.199,1.43437,1.43455,1.19,1.00
2017.04.06 03:13:14.250,1.43435,1.43455,1.31,1.12
2017.04.06 03:13:14.792,1.43433,1.43455,3.19,2.25
2017.04.06 03:13:16.340,1.43435,1.43455,1.19,1.00
2017.04.06 03:13:16.847,1.43435,1.43456,1.50,1.25
2017.04.06 03:13:17.393,1.43435,1.43457,1.00,2.81
2017.04.06 03:13:17.617,1.43434,1.43455,2.25,1.31
2017.04.06 03:13:17.719,1.43434,1.43455,2.81,1.00
2017.04.06 03:13:17.821,1.43438,1.43457,1.12,1.62
2017.04.06 03:13:18.125,1.43439,1.43458,1.87,1.00
2017.04.06 03:13:18.788,1.43439,1.43459,1.87,1.00
2017.04.06 03:13:19.391,1.43438,1.43458,2.44,1.00
2017.04.06 03:13:19.543,1.43438,1.43458,2.25,1.56
2017.04.06 03:13:19.695,1.43438,1.43458,1.31,1.00
2017.04.06 03:13:20.264,1.43438,1.43458,2.00,1.00
2017.04.06 03:13:20.881,1.43438,1.43459,2.00,1.50
2017.04.06 03:13:21.387,1.43438,1.43458,2.00,1.00
2017.04.06 03:13:23.852,1.43437,1.43455,1.75,1.00
2017.04.06 03:13:23.954,1.43436,1.43455,1.62,1.00
2017.04.06 03:13:24.470,1.43436,1.43456,1.62,1.50
2017.04.06 03:13:27.749,1.43436,1.43455,1.62,1.00
2017.04.06 03:13:28.003,1.43435,1.43454,1.00,1.00
2017.04.06 03:13:28.532,1.43435,1.43454,1.31,1.00
2017.04.06 03:13:30.260,1.43435,1.43455,1.31,1.00
2017.04.06 03:13:30.312,1.43435,1.43453,1.19,1.00
2017.04.06 03:13:30.363,1.43434,1.43456,2.25,2.06
2017.04.06 03:13:30.414,1.43434,1.43455,1.87,2.06
2017.04.06 03:13:30.955,1.43434,1.43455,2.44,1.00
2017.04.06 03:13:31.331,1.43437,1.43458,1.12,1.50
2017.04.06 03:13:33.519,1.43437,1.4346,1.50,3.75
2017.04.06 03:13:33.672,1.43438,1.4346,1.12,2.25
2017.04.06 03:13:35.031,1.4344,1.43461,1.12,1.50
2017.04.06 03:13:35.544,1.43441,1.43462,1.37,1.87
2017.04.06 03:13:35.748,1.4344,1.43461,1.50,1.12
2017.04.06 03:13:36.332,1.4344,1.4346,1.00,1.00
2017.04.06 03:13:37.188,1.4344,1.43459,1.00,1.00
2017.04.06 03:13:37.750,1.4344,1.4346,1.00,1.00
2017.04.06 03:13:38.774,1.4344,1.4346,1.56,1.50
2017.04.06 03:13:39.297,1.43438,1.43459,1.87,1.00
2017.04.06 03:13:39.348,1.43438,1.43459,1.87,1.00
2017.04.06 03:13:40.052,1.43438,1.43461,1.87,2.25
2017.04.06 03:13:40.391,1.43438,1.4346,2.06,1.12
2017.04.06 03:13:41.096,1.43441,1.43461,1.62,1.50
2017.04.06 03:13:41.590,1.43442,1.43463,1.37,1.87
2017.04.06 03:13:41.779,1.43441,1.43461,2.62,1.00
2017.04.06 03:13:41.829,1.43441,1.43461,1.50,1.37
2017.04.06 03:13:42.122,1.4344,1.43461,1.37,1.50
2017.04.06 03:13:42.223,1.4344,1.43461,1.12,1.00
2017.04.06 03:13:42.729,1.4344,1.4346,1.12,1.12
2017.04.06 03:13:42.881,1.4344,1.4346,1.12,1.12
2017.04.06 03:13:43.677,1.43439,1.4346,1.12,2.62
2017.04.06 03:13:44.099,1.43439,1.43462,1.12,3.00
2017.04.06 03:13:44.454,1.43441,1.43464,1.50,2.25
2017.04.06 03:13:44.963,1.43443,1.43465,1.00,2.25
2017.04.06 03:13:48.786,1.43442,1.43465,1.00,2.25
2017.04.06 03:13:51.423,1.43442,1.43465,1.00,2.29
2017.04.06 03:13:55.399,1.43442,1.43465,1.12,1.50
2017.04.06 03:13:55.500,1.43445,1.43467,1.00,1.79
2017.04.06 03:13:55.754,1.43446,1.43467,1.25,1.12
2017.04.06 03:13:55.805,1.43445,1.43467,2.44,1.00
2017.04.06 03:13:56.449,1.43446,1.43468,1.31,1.05
2017.04.06 03:13:56.945,1.43446,1.43465,1.31,1.00
2017.04.06 03:13:57.097,1.43444,1.43464,1.69,1.00
2017.04.06 03:13:57.635,1.43444,1.43465,1.69,1.12
2017.04.06 03:13:58.412,1.43444,1.43464,1.69,1.00
2017.04.06 03:13:59.020,1.43444,1.43463,1.25,1.00
2017.04.06 03:14:00.399,1.43444,1.43464,1.25,1.00
2017.04.06 03:14:00.478,1.43442,1.43464,1.75,1.56
2017.04.06 03:14:02.609,1.43443,1.43465,2.06,1.25
2017.04.06 03:14:02.864,1.43445,1.43465,1.37,1.25
2017.04.06 03:14:02.916,1.43446,1.43467,1.31,1.00
2017.04.06 03:14:03.018,1.43445,1.43467,1.75,1.69
2017.04.06 03:14:03.221,1.43445,1.43465,1.00,1.25
2017.04.06 03:14:04.215,1.43443,1.43465,3.19,1.25
2017.04.06 03:14:04.368,1.43443,1.43463,1.62,1.12
2017.04.06 03:14:04.675,1.43442,1.43461,1.00,1.25
2017.04.06 03:14:06.216,1.4344,1.43462,1.69,2.06
2017.04.06 03:14:06.766,1.43441,1.43461,1.62,1.00
2017.04.06 03:14:07.278,1.4344,1.43461,1.75,1.56
2017.04.06 03:14:09.254,1.43441,1.43462,1.50,1.56
2017.04.06 03:14:11.551,1.43439,1.43463,1.87,2.44
2017.04.06 03:14:12.729,1.4344,1.43463,1.75,2.44
2017.04.06 03:14:15.347,1.4344,1.43463,1.75,1.69
2017.04.06 03:14:15.854,1.43441,1.43463,1.50,1.69
2017.04.06 03:14:16.233,1.43441,1.43463,1.50,1.69
2017.04.06 03:14:16.334,1.43441,1.43463,1.50,1.69
2017.04.06 03:14:16.537,1.43441,1.43463,1.50,1.69
2017.04.06 03:14:16.847,1.43441,1.43462,1.50,1.56
2017.04.06 03:14:17.024,1.43441,1.43462,1.50,1.56
2017.04.06 03:14:17.126,1.43441,1.43462,1.50,1.56
2017.04.06 03:14:17.273,1.43441,1.43462,1.50,1.56
2017.04.06 03:14:17.743,1.43441,1.43462,1.50,1.56
2017.04.06 03:14:17.844,1.43441,1.43463,1.50,1.69
2017.04.06 03:14:18.045,1.43441,1.43463,1.50,1.69
2017.04.06 03:14:22.264,1.43441,1.43463,1.50,2.44
2017.04.06 03:14:22.329,1.43441,1.43463,1.50,2.44
2017.04.06 03:14:22.540,1.43441,1.43463,1.50,2.44
2017.04.06 03:14:23.534,1.43441,1.43463,1.50,2.44
2017.04.06 03:14:23.635,1.43441,1.43463,1.50,1.69
2017.04.06 03:14:24.783,1.43441,1.43463,1.50,1.69
2017.04.06 03:14:25.289,1.43441,1.43463,1.12,2.06
2017.04.06 03:14:29.773,1.43443,1.43465,1.87,3.19
2017.04.06 03:14:30.278,1.43443,1.43464,1.00,1.31
2017.04.06 03:14:31.852,1.43443,1.43464,1.00,1.62
2017.04.06 03:14:36.862,1.43442,1.43464,1.12,3.19
2017.04.06 03:14:37.703,1.43442,1.43463,1.12,1.84
2017.04.06 03:14:38.404,1.43442,1.43463,1.12,1.69
2017.04.06 03:14:38.906,1.43442,1.43463,1.12,1.84
2017.04.06 03:14:42.970,1.43441,1.43463,1.50,1.69
2017.04.06 03:14:48.355,1.43442,1.43463,1.25,1.12
2017.04.06 03:15:02.877,1.43441,1.43464,1.50,3.19
2017.04.06 03:15:03.367,1.43441,1.43463,1.50,1.12
2017.04.06 03:15:05.057,1.43441,1.43463,1.87,2.06
2017.04.06 03:15:05.520,1.43442,1.43464,1.56,1.87
2017.04.06 03:15:06.789,1.43443,1.43464,1.56,1.75
2017.04.06 03:15:07.416,1.43443,1.43464,1.56,1.12
2017.04.06 03:15:08.098,1.43443,1.43464,1.00,1.69
2017.04.06 03:15:08.418,1.43443,1.43464,1.00,1.69
2017.04.06 03:15:11.577,1.43443,1.43465,1.50,3.19
2017.04.06 03:15:14.307,1.43442,1.43464,1.12,1.69
2017.04.06 03:15:14.408,1.43444,1.43464,1.00,1.69
2017.04.06 03:15:14.735,1.43442,1.43465,1.12,2.81
2017.04.06 03:15:15.213,1.43442,1.43464,1.75,1.56
2017.04.06 03:15:15.587,1.43443,1.43464,1.00,1.69
2017.04.06 03:15:17.251,1.43442,1.43464,1.50,1.69
2017.04.06 03:15:19.512,1.43442,1.43464,1.12,2.06
2017.04.06 03:15:20.500,1.43441,1.43464,1.50,2.44
2017.04.06 03:15:20.716,1.43441,1.43464,1.50,2.44
2017.04.06 03:15:22.283,1.43442,1.43463,1.00,1.56
2017.04.06 03:15:22.807,1.43442,1.43463,1.56,1.00
2017.04.06 03:15:24.736,1.43442,1.43463,1.31,1.00
2017.04.06 03:15:25.258,1.43443,1.43463,1.87,1.00
2017.04.06 03:15:25.792,1.43444,1.43465,1.00,1.31
2017.04.06 03:15:26.305,1.43443,1.43463,2.06,1.12
2017.04.06 03:15:27.960,1.43445,1.43466,1.00,2.06
2017.04.06 03:15:28.061,1.43446,1.43467,1.31,1.75
2017.04.06 03:15:28.163,1.43446,1.43467,1.69,1.00
2017.04.06 03:15:28.668,1.43446,1.43469,1.69,1.50
2017.04.06 03:15:29.325,1.43446,1.43468,1.69,1.25
2017.04.06 03:15:30.039,1.43446,1.43469,1.69,1.50
2017.04.06 03:15:31.297,1.43447,1.43468,1.00,1.25
2017.04.06 03:15:35.529,1.43446,1.43469,1.69,1.50
2017.04.06 03:15:37.247,1.43446,1.43468,1.69,1.25
2017.04.06 03:15:38.156,1.43446,1.43469,2.44,1.69
2017.04.06 03:15:38.889,1.43448,1.4347,1.69,2.81
2017.04.06 03:15:39.193,1.43447,1.43471,3.19,1.12
2017.04.06 03:15:40.659,1.43448,1.4347,1.25,1.62
2017.04.06 03:15:42.581,1.43447,1.4347,1.50,2.06
2017.04.06 03:15:43.268,1.43446,1.43468,1.12,1.37
2017.04.06 03:15:43.369,1.43444,1.43466,1.00,1.56
2017.04.06 03:15:43.572,1.43443,1.43466,1.00,3.37
2017.04.06 03:15:43.674,1.43443,1.43466,1.00,3.94
2017.04.06 03:15:44.181,1.43443,1.43466,2.25,1.56
2017.04.06 03:15:44.282,1.43444,1.43466,1.69,1.31
2017.04.06 03:15:44.385,1.43444,1.43466,2.81,1.31
2017.04.06 03:15:45.054,1.43445,1.43467,3.19,1.31
2017.04.06 03:15:47.566,1.43445,1.43468,1.50,2.06
2017.04.06 03:15:47.667,1.43445,1.43467,2.81,1.25
2017.04.06 03:15:53.621,1.43446,1.43468,2.62,1.62
2017.04.06 03:15:53.773,1.43447,1.4347,2.62,2.44
2017.04.06 03:15:55.177,1.43447,1.4347,2.62,3.19
2017.04.06 03:15:57.491,1.43448,1.4347,1.87,2.44
2017.04.06 03:15:59.476,1.43448,1.4347,1.87,2.44
2017.04.06 03:16:01.078,1.43448,1.43471,2.25,2.81
2017.04.06 03:16:02.368,1.43449,1.43471,1.87,1.31
2017.04.06 03:16:02.683,1.4345,1.43471,1.87,1.31
2017.04.06 03:16:04.197,1.4345,1.43471,1.87,1.62
2017.04.06 03:16:04.924,1.4345,1.43471,1.87,1.62
2017.04.06 03:16:05.365,1.43453,1.43471,1.75,1.62
2017.04.06 03:16:05.742,1.43456,1.43478,1.00,3.00
2017.04.06 03:16:06.246,1.43455,1.43478,2.81,2.25
2017.04.06 03:16:06.765,1.43457,1.43475,1.00,1.31
2017.04.06 03:16:06.866,1.43457,1.43476,1.37,1.31
2017.04.06 03:16:07.019,1.43455,1.43476,2.44,2.06
2017.04.06 03:16:07.120,1.43455,1.43476,1.31,2.06
2017.04.06 03:16:16.704,1.43453,1.43474,2.25,1.31
2017.04.06 03:16:17.211,1.43453,1.43474,1.00,1.31
2017.04.06 03:16:20.262,1.43453,1.43474,1.12,1.62
2017.04.06 03:16:20.771,1.43453,1.43474,1.12,1.25
2017.04.06 03:16:22.888,1.43453,1.43474,1.12,1.40
2017.04.06 03:16:23.398,1.43453,1.43475,1.12,1.94
2017.04.06 03:16:24.012,1.43451,1.43471,1.62,1.00
2017.04.06 03:16:24.063,1.43451,1.4347,1.25,1.00
2017.04.06 03:16:24.519,1.43449,1.4347,1.87,1.56
2017.04.06 03:16:25.025,1.43449,1.4347,1.12,1.56
2017.04.06 03:16:25.848,1.43451,1.43471,1.37,1.56
2017.04.06 03:16:25.899,1.43452,1.43471,1.25,1.00
2017.04.06 03:16:26.000,1.43451,1.43471,2.62,1.56
2017.04.06 03:16:26.418,1.43449,1.43471,1.87,1.31
2017.04.06 03:16:29.005,1.43449,1.43471,1.69,2.06
2017.04.06 03:16:29.621,1.43449,1.4347,1.25,1.12
2017.04.06 03:16:31.246,1.43449,1.4347,3.00,1.25
2017.04.06 03:16:31.348,1.43451,1.43473,1.69,2.44
2017.04.06 03:16:31.708,1.43451,1.43473,1.37,2.44
2017.04.06 03:16:32.319,1.43451,1.43473,1.69,2.44
2017.04.06 03:16:34.525,1.43451,1.43473,1.37,2.44
2017.04.06 03:16:35.013,1.4345,1.43472,1.87,1.69
2017.04.06 03:16:40.432,1.43449,1.43471,1.37,2.06
2017.04.06 03:16:42.705,1.43449,1.43471,1.69,1.50
2017.04.06 03:16:44.898,1.43449,1.4347,1.62,1.00
2017.04.06 03:16:45.552,1.43449,1.4347,1.25,1.12
2017.04.06 03:16:53.406,1.43449,1.43469,1.25,1.00
2017.04.06 03:16:53.967,1.43446,1.43468,2.81,1.12
2017.04.06 03:17:00.273,1.43446,1.43467,1.31,1.00
2017.04.06 03:17:00.792,1.43445,1.43467,2.81,1.50
2017.04.06 03:17:03.320,1.43447,1.43468,2.19,2.25
2017.04.06 03:17:03.523,1.43448,1.43468,1.56,1.50
2017.04.06 03:17:04.118,1.43448,1.43469,1.31,1.12
2017.04.06 03:17:06.285,1.43448,1.43468,1.31,1.00
2017.04.06 03:17:19.670,1.43447,1.43467,2.25,1.00
2017.04.06 03:17:20.185,1.43448,1.43469,2.44,1.75
2017.04.06 03:17:20.337,1.43449,1.43469,1.56,1.00
2017.04.06 03:17:21.832,1.43448,1.43469,1.94,1.00
2017.04.06 03:17:22.475,1.43447,1.43469,3.75,1.50
2017.04.06 03:17:29.769,1.43448,1.43469,2.06,1.12
2017.04.06 03:17:31.165,1.43448,1.43469,2.06,1.12
2017.04.06 03:17:37.320,1.43449,1.43468,1.94,1.00
2017.04.06 03:17:39.177,1.43448,1.43468,2.06,1.00
2017.04.06 03:17:44.340,1.4345,1.43471,2.44,1.87
2017.04.06 03:17:44.611,1.43453,1.43474,1.12,1.87
2017.04.06 03:17:44.662,1.43453,1.43474,1.94,1.50
2017.04.06 03:17:45.118,1.43454,1.43476,2.06,1.00
2017.04.06 03:17:45.669,1.43453,1.43475,2.06,1.00
2017.04.06 03:17:48.985,1.43453,1.43476,2.44,1.50
2017.04.06 03:17:49.036,1.43453,1.43474,1.69,1.00
2017.04.06 03:17:49.583,1.43451,1.43474,3.75,1.00
2017.04.06 03:17:50.311,1.43451,1.43474,3.37,1.37
2017.04.06 03:17:50.818,1.43451,1.43473,2.25,2.25
2017.04.06 03:17:51.784,1.43452,1.43474,1.31,2.25
2017.04.06 03:18:07.993,1.43451,1.43474,2.81,3.00
2017.04.06 03:18:08.145,1.43451,1.43474,2.81,3.56
2017.04.06 03:18:08.757,1.43451,1.43474,2.25,3.00
2017.04.06 03:18:15.248,1.43453,1.43474,2.06,1.50
2017.04.06 03:18:15.349,1.43454,1.43475,1.94,2.25
2017.04.06 03:18:15.602,1.43455,1.43476,1.31,1.12
2017.04.06 03:18:15.805,1.43454,1.43476,2.06,1.75
2017.04.06 03:18:19.230,1.43453,1.43475,2.81,1.50
2017.04.06 03:18:24.362,1.43453,1.43475,2.19,1.50
2017.04.06 03:18:33.827,1.43455,1.43478,1.94,2.25
2017.04.06 03:18:33.878,1.43457,1.43478,1.25,2.25
2017.04.06 03:18:33.929,1.43456,1.43478,1.94,2.25
2017.04.06 03:18:33.980,1.43456,1.43478,1.94,2.25
2017.04.06 03:18:34.655,1.43457,1.43478,1.25,1.75
2017.04.06 03:18:37.458,1.43456,1.4348,2.44,3.75
2017.04.06 03:18:40.059,1.43456,1.43479,2.44,1.75
2017.04.06 03:18:45.265,1.43458,1.4348,2.06,1.75
2017.04.06 03:18:45.394,1.43458,1.43481,2.44,2.25
2017.04.06 03:18:45.597,1.4346,1.43481,1.56,3.00
2017.04.06 03:18:50.582,1.4346,1.43481,1.31,1.75
2017.04.06 03:18:50.633,1.4346,1.43481,1.62,1.75
2017.04.06 03:18:50.786,1.4346,1.43482,1.69,2.25
2017.04.06 03:18:54.578,1.43459,1.43481,2.81,1.87
2017.04.06 03:18:54.782,1.43459,1.4348,1.94,1.50
2017.04.06 03:18:55.367,1.4346,1.4348,1.31,1.50
2017.04.06 03:18:57.566,1.43459,1.43479,1.31,1.00
2017.04.06 03:19:01.014,1.43457,1.43479,1.12,1.00
2017.04.06 03:19:01.563,1.43459,1.43479,1.00,1.00
2017.04.06 03:19:02.725,1.43457,1.43479,1.37,3.19
2017.04.06 03:19:02.792,1.43457,1.43478,1.00,1.50
2017.04.06 03:19:03.609,1.43456,1.43478,1.87,1.50
2017.04.06 03:19:04.315,1.43457,1.43478,1.00,1.50
2017.04.06 03:19:05.624,1.43456,1.43478,1.87,2.25
2017.04.06 03:19:06.252,1.43457,1.43478,1.12,2.25
2017.04.06 03:19:07.540,1.43457,1.43478,1.12,2.25
2017.04.06 03:19:08.339,1.43457,1.43478,1.12,1.75
2017.04.06 03:19:18.517,1.43455,1.43476,1.37,1.37
2017.04.06 03:19:19.024,1.43455,1.43476,1.37,1.75
2017.04.06 03:19:19.531,1.43453,1.43476,1.75,1.75
2017.04.06 03:19:29.611,1.43452,1.43472,1.25,1.00
2017.04.06 03:19:29.785,1.4345,1.43472,1.56,1.87
2017.04.06 03:19:30.241,1.4345,1.43472,1.94,2.25
2017.04.06 03:19:30.747,1.43451,1.43472,1.31,1.87
2017.04.06 03:19:31.997,1.43452,1.43472,1.25,1.87
2017.04.06 03:19:32.049,1.4345,1.43472,1.94,2.25
2017.04.06 03:19:32.150,1.43451,1.43472,1.31,1.87
2017.04.06 03:19:32.657,1.43451,1.43472,1.31,1.12
2017.04.06 03:19:37.224,1.43452,1.43473,3.37,1.50
2017.04.06 03:19:40.617,1.43451,1.43473,2.06,1.50
2017.04.06 03:19:43.016,1.43454,1.43474,1.56,2.25
2017.04.06 03:19:43.551,1.43453,1.43475,2.44,1.75
2017.04.06 03:19:44.428,1.43457,1.43475,1.25,1.75
2017.04.06 03:19:44.581,1.43457,1.43477,1.25,1.75
2017.04.06 03:19:44.632,1.43456,1.43478,1.94,2.25
2017.04.06 03:19:44.683,1.43456,1.43478,2.06,2.25
2017.04.06 03:19:45.234,1.43458,1.4348,1.56,3.75
2017.04.06 03:19:50.392,1.43459,1.4348,1.69,1.75
2017.04.06 03:19:50.494,1.4346,1.4348,1.31,1.00
2017.04.06 03:19:51.028,1.4346,1.43482,1.25,5.06
2017.04.06 03:19:53.839,1.43458,1.4348,1.56,1.37
2017.04.06 03:19:56.644,1.43457,1.4348,2.81,3.37
2017.04.06 03:19:58.328,1.43459,1.43478,1.25,1.00
2017.04.06 03:19:58.869,1.43459,1.4348,1.25,2.62
2017.04.06 03:20:04.398,1.43457,1.43477,1.94,1.75
2017.04.06 03:20:04.518,1.43456,1.43478,1.62,2.06
2017.04.06 03:20:13.393,1.43458,1.43477,1.00,1.75
2017.04.06 03:20:13.985,1.43459,1.43479,1.31,1.75
2017.04.06 03:20:15.880,1.43457,1.43478,2.44,1.75
2017.04.06 03:20:22.216,1.43457,1.43478,2.81,2.25
2017.04.06 03:20:23.697,1.43457,1.43477,2.81,1.75
2017.04.06 03:20:25.649,1.43457,1.43477,2.06,1.75
2017.04.06 03:20:30.545,1.43457,1.43478,1.25,1.50
2017.04.06 03:20:30.596,1.43457,1.43478,1.62,1.50
2017.04.06 03:20:31.193,1.43457,1.43478,1.31,1.50
2017.04.06 03:20:33.970,1.43458,1.43479,1.56,1.75
2017.04.06 03:20:34.274,1.43458,1.43479,1.56,1.75
2017.04.06 03:20:35.250,1.43458,1.4348,2.06,1.87
2017.04.06 03:20:35.343,1.43463,1.43484,1.56,2.25
2017.04.06 03:20:35.850,1.43463,1.43485,1.56,1.87
2017.04.06 03:20:36.479,1.43463,1.43484,1.56,1.50
2017.04.06 03:20:36.682,1.43463,1.43484,2.81,1.00
2017.04.06 03:20:37.276,1.43463,1.43483,2.06,1.00
2017.04.06 03:20:38.659,1.43463,1.43483,2.81,1.00
2017.04.06 03:20:38.978,1.43464,1.43483,1.56,1.00
2017.04.06 03:20:39.537,1.43464,1.43483,1.12,1.00
2017.04.06 03:20:42.890,1.43464,1.43484,1.69,3.00
2017.04.06 03:20:43.704,1.43464,1.43484,1.69,3.00
2017.04.06 03:20:45.988,1.43465,1.43484,1.56,1.00
2017.04.06 03:20:46.393,1.43466,1.43486,2.44,1.50
2017.04.06 03:20:46.799,1.43466,1.43487,1.56,1.75
2017.04.06 03:20:47.002,1.43464,1.43484,1.69,1.00
2017.04.06 03:20:47.376,1.43465,1.43485,1.37,1.12
2017.04.06 03:20:47.907,1.43465,1.43485,1.12,1.12
2017.04.06 03:20:51.401,1.43464,1.43485,4.12,1.12
2017.04.06 03:20:51.873,1.43464,1.43485,1.69,1.12
2017.04.06 03:20:52.391,1.43464,1.43486,1.56,2.62
2017.04.06 03:20:52.889,1.43465,1.43486,1.69,2.62
2017.04.06 03:20:53.898,1.43465,1.43486,1.56,2.62
2017.04.06 03:20:59.367,1.43466,1.43486,1.56,2.62
2017.04.06 03:21:03.498,1.43466,1.43484,3.75,1.00
2017.04.06 03:21:05.033,1.43466,1.43487,3.75,3.37
2017.04.06 03:21:06.051,1.43464,1.43487,4.87,3.37
2017.04.06 03:21:11.055,1.43466,1.43486,3.75,1.50
2017.04.06 03:21:12.241,1.43467,1.43487,1.31,2.62
2017.04.06 03:21:12.736,1.43465,1.43483,1.31,1.37
2017.04.06 03:21:12.888,1.43465,1.43485,1.56,1.50
2017.04.06 03:21:13.591,1.43465,1.43485,1.56,1.00
2017.04.06 03:21:15.502,1.43466,1.43487,2.06,1.87
2017.04.06 03:21:16.033,1.43468,1.43487,1.12,1.12
2017.04.06 03:21:17.165,1.43466,1.43487,1.69,1.12
2017.04.06 03:21:17.216,1.43466,1.43487,1.56,1.75
2017.04.06 03:21:28.363,1.43464,1.43484,5.25,1.00
2017.04.06 03:21:28.465,1.43464,1.43485,1.25,2.25
2017.04.06 03:21:28.516,1.43464,1.43485,2.06,1.87
2017.04.06 03:21:28.719,1.43467,1.43487,1.12,1.00
2017.04.06 03:21:29.296,1.43467,1.43488,1.69,1.87
2017.04.06 03:21:29.917,1.43467,1.43487,1.69,1.00
2017.04.06 03:21:30.356,1.43466,1.43486,1.56,2.25
2017.04.06 03:21:30.862,1.43465,1.43485,1.69,1.37
2017.04.06 03:21:31.081,1.43465,1.43485,1.69,1.37
2017.04.06 03:21:31.978,1.43465,1.43485,2.06,1.37
2017.04.06 03:21:32.828,1.43465,1.43485,1.50,1.37
2017.04.06 03:21:35.326,1.43466,1.43486,1.00,2.25
2017.04.06 03:21:36.671,1.43465,1.43485,2.06,1.87
2017.04.06 03:21:38.657,1.43464,1.43483,1.56,1.12
2017.04.06 03:21:39.266,1.43463,1.43483,1.56,1.87
2017.04.06 03:21:41.758,1.43463,1.43483,3.75,2.62
2017.04.06 03:21:45.498,1.43463,1.43483,4.87,1.87
2017.04.06 03:21:46.005,1.43464,1.43484,1.56,1.50
2017.04.06 03:21:46.603,1.43463,1.43483,3.75,4.50
2017.04.06 03:21:46.655,1.43462,1.43481,1.56,1.50
2017.04.06 03:21:48.455,1.43462,1.43482,1.00,1.87
2017.04.06 03:21:50.869,1.43461,1.43481,1.31,1.50
2017.04.06 03:21:54.147,1.43462,1.43482,1.00,2.25
2017.04.06 03:21:54.249,1.43462,1.43482,1.00,1.87
2017.04.06 03:21:54.763,1.43461,1.43482,1.69,1.87
2017.04.06 03:21:55.490,1.43461,1.43482,1.31,2.25
2017.04.06 03:22:03.223,1.43461,1.43482,2.44,2.25
2017.04.06 03:22:05.399,1.43462,1.43483,1.69,1.87
2017.04.06 03:22:10.183,1.43461,1.43482,1.69,1.50
2017.04.06 03:22:10.295,1.43461,1.43482,1.69,1.50
2017.04.06 03:22:10.599,1.43459,1.43484,3.94,1.87
2017.04.06 03:22:10.700,1.43462,1.43483,1.56,1.00
2017.04.06 03:22:11.207,1.43461,1.43483,2.06,1.37
2017.04.06 03:22:12.355,1.4346,1.43481,4.50,1.00
2017.04.06 03:22:14.783,1.4346,1.43481,3.75,2.62
2017.04.06 03:22:18.028,1.43462,1.43484,4.12,3.00
2017.04.06 03:22:18.129,1.43462,1.43484,3.75,2.25
2017.04.06 03:22:19.215,1.43464,1.43484,3.75,2.25
2017.04.06 03:22:20.715,1.43465,1.43484,3.75,1.75
2017.04.06 03:22:22.889,1.43462,1.43484,4.87,1.75
2017.04.06 03:22:23.287,1.43465,1.43484,3.75,1.75
2017.04.06 03:22:23.599,1.43462,1.43484,4.87,1.75
2017.04.06 03:22:24.693,1.43464,1.43484,3.75,2.25
2017.04.06 03:22:26.623,1.43464,1.43484,3.75,1.87
2017.04.06 03:22:28.415,1.43462,1.43484,5.25,1.37
2017.04.06 03:22:35.882,1.43465,1.43486,1.62,2.25
2017.04.06 03:22:35.934,1.43465,1.43486,5.25,1.50
2017.04.06 03:22:36.484,1.43467,1.43487,1.69,1.75
2017.04.06 03:22:52.831,1.43467,1.43488,4.12,1.75
2017.04.06 03:22:53.591,1.43467,1.43488,4.50,3.00
2017.04.06 03:22:55.553,1.43468,1.43487,3.75,2.62
2017.04.06 03:22:55.655,1.43466,1.43487,4.87,2.62
2017.04.06 03:22:55.756,1.43466,1.43487,4.50,3.00
2017.04.06 03:22:57.370,1.43468,1.43487,3.75,1.75
2017.04.06 03:22:57.422,1.43466,1.43487,4.50,1.75
2017.04.06 03:22:58.827,1.43468,1.43488,3.75,2.25
2017.04.06 03:23:00.971,1.43467,1.43488,1.12,3.00
2017.04.06 03:23:08.901,1.43467,1.43488,1.37,2.25
2017.04.06 03:23:10.827,1.43467,1.43488,1.12,2.25
2017.04.06 03:23:13.091,1.43467,1.43488,1.37,2.25
2017.04.06 03:23:13.696,1.43467,1.43487,1.12,1.75
2017.04.06 03:23:14.330,1.43467,1.43488,1.37,3.00
2017.04.06 03:23:14.956,1.43467,1.43488,1.12,2.25
2017.04.06 03:23:15.711,1.43467,1.43488,1.37,3.00
2017.04.06 03:23:20.540,1.43466,1.43488,1.37,3.00
2017.04.06 03:23:21.146,1.43466,1.43488,1.37,3.00
2017.04.06 03:23:22.062,1.43466,1.43487,1.37,1.75
2017.04.06 03:23:25.052,1.43465,1.43487,4.50,1.50
2017.04.06 03:23:25.969,1.43465,1.43487,3.00,2.25
2017.04.06 03:23:26.121,1.43464,1.43485,2.44,1.00
2017.04.06 03:23:26.640,1.43463,1.43484,1.94,1.12
2017.04.06 03:23:33.267,1.43466,1.43486,1.25,3.00
2017.04.06 03:23:38.237,1.43463,1.43485,4.50,1.50
2017.04.06 03:23:39.046,1.43464,1.43486,4.12,3.00
2017.04.06 03:23:39.356,1.43465,1.43486,4.12,2.25
2017.04.06 03:23:45.161,1.43467,1.43486,4.12,1.75
2017.04.06 03:23:48.865,1.43467,1.43488,4.50,3.00
2017.04.06 03:23:49.944,1.43468,1.43488,3.75,1.75
2017.04.06 03:23:53.955,1.43467,1.43488,4.12,1.75
2017.04.06 03:23:54.744,1.43468,1.43488,3.75,1.75
2017.04.06 03:24:05.000,1.43468,1.43489,3.75,3.75
2017.04.06 03:24:08.577,1.43466,1.43487,5.25,1.75
2017.04.06 03:24:09.189,1.43468,1.43487,3.75,1.75
2017.04.06 03:24:15.500,1.43468,1.43487,4.12,1.12
2017.04.06 03:24:17.000,1.43467,1.43487,4.87,1.12
2017.04.06 03:24:18.083,1.43468,1.43487,4.12,1.12
2017.04.06 03:24:27.795,1.43475,1.43493,1.25,2.25
2017.04.06 03:24:27.846,1.43475,1.43493,1.25,2.25
2017.04.06 03:24:27.948,1.43472,1.43493,4.87,1.12
2017.04.06 03:24:28.791,1.43473,1.43493,1.31,1.12
2017.04.06 03:24:32.691,1.43473,1.43493,4.50,1.12
2017.04.06 03:24:34.973,1.43473,1.43493,1.25,1.12
2017.04.06 03:24:35.528,1.43473,1.43492,1.25,1.00
2017.04.06 03:24:35.579,1.43473,1.43492,4.12,1.00
2017.04.06 03:24:37.301,1.43472,1.43492,1.62,1.00
2017.04.06 03:24:38.273,1.43473,1.43492,4.12,1.00
2017.04.06 03:24:39.479,1.43473,1.43492,1.25,1.00
2017.04.06 03:24:44.496,1.43472,1.43492,4.50,1.00
2017.04.06 03:24:45.097,1.43473,1.43492,4.12,1.00
2017.04.06 03:24:45.559,1.43474,1.43494,5.62,1.00
2017.04.06 03:24:45.610,1.43477,1.43495,4.12,1.37
2017.04.06 03:24:45.662,1.43477,1.43499,4.12,5.25
2017.04.06 03:24:45.814,1.4348,1.43499,4.12,1.37
2017.04.06 03:24:45.986,1.43481,1.43498,3.37,1.00
2017.04.06 03:24:46.239,1.43481,1.435,3.75,1.12
2017.04.06 03:24:46.745,1.43481,1.43499,3.37,1.00
2017.04.06 03:24:46.797,1.43478,1.43499,4.50,1.00
2017.04.06 03:24:46.899,1.43482,1.43499,3.37,1.00
2017.04.06 03:24:47.270,1.43481,1.43497,3.37,1.00
2017.04.06 03:24:47.322,1.43478,1.43497,3.37,1.00
2017.04.06 03:24:47.828,1.43478,1.43498,3.37,1.87
2017.04.06 03:24:48.367,1.43478,1.43498,3.37,1.87
2017.04.06 03:24:51.002,1.43478,1.43497,3.37,1.00
2017.04.06 03:24:51.505,1.43477,1.43496,1.19,1.00
2017.04.06 03:24:51.867,1.43476,1.43496,3.37,2.25
2017.04.06 03:24:53.212,1.43477,1.43496,3.37,2.25
2017.04.06 03:24:56.315,1.43475,1.43496,4.50,1.50
2017.04.06 03:25:00.333,1.43476,1.43496,3.37,1.50
2017.04.06 03:25:00.865,1.43477,1.43496,1.87,1.50
2017.04.06 03:25:01.304,1.43474,1.43496,1.56,1.50
2017.04.06 03:25:02.418,1.43475,1.43496,2.25,1.50
2017.04.06 03:25:07.489,1.43475,1.43496,3.00,1.50
2017.04.06 03:25:09.420,1.43476,1.43496,2.25,1.50
2017.04.06 03:25:10.915,1.43475,1.43497,1.37,1.75
2017.04.06 03:25:14.055,1.43474,1.43497,1.50,1.75
2017.04.06 03:25:16.333,1.43478,1.43497,1.00,1.75
2017.04.06 03:25:16.434,1.43478,1.43498,1.37,1.50
2017.04.06 03:25:23.695,1.43478,1.43496,1.00,1.00
2017.04.06 03:25:23.848,1.43474,1.43493,1.00,1.12
2017.04.06 03:25:23.950,1.43473,1.43491,1.00,1.00
2017.04.06 03:25:24.483,1.43471,1.43492,2.62,1.00
2017.04.06 03:25:27.225,1.43471,1.43492,1.12,1.50
2017.04.06 03:25:27.814,1.43471,1.43492,1.37,1.50
2017.04.06 03:25:34.960,1.43472,1.43492,2.25,1.00
2017.04.06 03:25:35.618,1.43472,1.43493,1.87,1.87
2017.04.06 03:25:36.331,1.43472,1.43493,2.25,1.69
2017.04.06 03:25:36.919,1.43473,1.43493,1.91,1.00
2017.04.06 03:25:38.175,1.43473,1.43494,1.87,1.12
2017.04.06 03:25:38.691,1.43473,1.43494,1.87,1.12
2017.04.06 03:25:39.753,1.43473,1.43493,1.87,1.00
2017.04.06 03:25:44.905,1.43472,1.43492,1.91,1.00
2017.04.06 03:25:46.668,1.43472,1.43493,1.91,1.00
2017.04.06 03:25:49.607,1.43474,1.43494,1.37,1.25
2017.04.06 03:25:50.320,1.43474,1.43494,1.00,1.25
2017.04.06 03:26:00.712,1.43473,1.43495,2.81,2.06
2017.04.06 03:26:05.197,1.43474,1.43494,1.12,1.25
2017.04.06 03:26:07.051,1.43474,1.43494,1.37,1.25
2017.04.06 03:26:07.556,1.43474,1.43494,1.00,1.25
2017.04.06 03:26:13.567,1.43474,1.43497,2.06,3.56
2017.04.06 03:26:15.142,1.43474,1.43496,1.50,2.06
2017.04.06 03:26:24.122,1.43473,1.43495,2.06,2.06
2017.04.06 03:26:24.642,1.43473,1.43495,2.06,2.06
2017.04.06 03:26:25.779,1.43474,1.43495,1.00,2.06
2017.04.06 03:26:32.426,1.43473,1.43495,1.69,2.06
2017.04.06 03:26:35.515,1.43473,1.43495,1.69,2.81
2017.04.06 03:26:36.605,1.43471,1.43491,3.19,1.00
2017.04.06 03:26:37.118,1.43471,1.43494,1.50,2.81
2017.04.06 03:26:37.422,1.43473,1.43493,1.50,1.37
2017.04.06 03:26:37.473,1.43473,1.43493,1.50,1.00
2017.04.06 03:26:37.983,1.43473,1.43494,2.25,1.25
2017.04.06 03:26:44.747,1.43473,1.43494,1.87,1.25
2017.04.06 03:26:44.848,1.43472,1.43495,2.25,1.31
2017.04.06 03:26:45.363,1.43472,1.43494,2.81,1.25
2017.04.06 03:26:47.445,1.43471,1.43493,1.75,1.56
2017.04.06 03:26:47.597,1.43471,1.43493,1.00,3.56
2017.04.06 03:26:47.699,1.43471,1.43493,1.50,1.31
2017.04.06 03:26:52.403,1.43472,1.43494,1.12,2.44
2017.04.06 03:26:52.744,1.43471,1.43493,1.00,1.94
2017.04.06 03:26:53.260,1.4347,1.43492,1.87,1.31
2017.04.06 03:26:54.778,1.43472,1.43491,1.00,1.25
2017.04.06 03:26:54.829,1.43474,1.43491,1.50,1.25
2017.04.06 03:26:55.032,1.43474,1.43494,2.25,1.31
2017.04.06 03:26:55.582,1.43474,1.43494,1.87,1.25
2017.04.06 03:26:56.441,1.43474,1.43494,1.00,1.25
2017.04.06 03:26:57.983,1.43473,1.43495,2.25,1.31
2017.04.06 03:26:58.084,1.43473,1.43494,2.25,1.25
2017.04.06 03:26:58.135,1.43473,1.43495,2.25,1.31
2017.04.06 03:26:58.237,1.43473,1.43494,1.87,1.25
2017.04.06 03:27:00.158,1.43473,1.43495,1.87,1.31
2017.04.06 03:27:00.259,1.43473,1.43494,1.87,1.25
2017.04.06 03:27:00.451,1.43473,1.43495,1.87,1.31
2017.04.06 03:27:01.966,1.43473,1.43495,1.87,2.06
2017.04.06 03:27:02.756,1.43473,1.43494,1.00,1.25
2017.04.06 03:27:02.901,1.43473,1.43495,1.12,2.81
2017.04.06 03:27:03.154,1.43473,1.43494,1.12,1.25
2017.04.06 03:27:03.256,1.43473,1.43495,1.37,2.06
2017.04.06 03:27:03.358,1.43473,1.43495,1.37,1.62
2017.04.06 03:27:04.852,1.43473,1.43495,1.12,1.62
2017.04.06 03:27:06.161,1.43473,1.43495,1.12,1.31
2017.04.06 03:27:06.577,1.43473,1.43494,1.12,1.25
2017.04.06 03:27:07.167,1.43473,1.43495,1.12,1.31
2017.04.06 03:27:07.479,1.43473,1.43494,1.50,1.25
2017.04.06 03:27:07.986,1.43476,1.43496,1.37,2.81
2017.04.06 03:27:08.427,1.43474,1.43495,1.37,1.56
2017.04.06 03:27:14.197,1.43472,1.43494,1.87,1.69
2017.04.06 03:27:14.299,1.43472,1.43495,2.06,2.06
2017.04.06 03:27:18.393,1.43472,1.43495,1.87,1.69
2017.04.06 03:27:18.598,1.43473,1.43496,1.37,5.06
2017.04.06 03:27:18.800,1.43472,1.43496,1.87,5.06
2017.04.06 03:27:18.901,1.43472,1.43495,2.44,1.69
2017.04.06 03:27:19.104,1.43473,1.43496,1.37,5.06
2017.04.06 03:27:21.733,1.43474,1.43496,1.00,5.06
2017.04.06 03:27:23.946,1.43473,1.43495,1.50,1.69
2017.04.06 03:27:25.607,1.43473,1.43495,1.50,1.69
2017.04.06 03:27:28.002,1.43473,1.43495,1.50,1.69
2017.04.06 03:27:32.324,1.43474,1.43496,1.00,4.31
2017.04.06 03:27:32.865,1.43473,1.43496,1.50,4.31
2017.04.06 03:27:34.599,1.43473,1.43496,1.12,5.06
2017.04.06 03:27:37.200,1.43473,1.43496,1.37,5.06
2017.04.06 03:27:37.912,1.43473,1.43496,1.37,4.31
2017.04.06 03:27:39.082,1.43474,1.43496,1.37,2.06
2017.04.06 03:27:39.733,1.43473,1.43496,4.12,1.56
2017.04.06 03:27:43.427,1.43474,1.43496,1.50,1.56
2017.04.06 03:27:44.894,1.43474,1.43496,1.50,1.56
2017.04.06 03:27:45.226,1.43475,1.43496,1.12,1.00
2017.04.06 03:27:47.435,1.43475,1.43498,1.12,2.25
2017.04.06 03:27:50.646,1.43474,1.43495,1.00,1.75
2017.04.06 03:27:51.725,1.43473,1.43497,1.87,1.75
2017.04.06 03:27:52.268,1.43473,1.43498,2.62,3.75
2017.04.06 03:27:52.643,1.43476,1.43499,1.37,2.25
2017.04.06 03:27:52.694,1.43476,1.43499,1.87,2.25
2017.04.06 03:27:58.108,1.43477,1.435,1.37,2.81
2017.04.06 03:28:05.666,1.43476,1.435,1.37,2.25
2017.04.06 03:28:05.819,1.43477,1.435,1.12,1.87
2017.04.06 03:28:09.980,1.43477,1.435,1.12,3.19
2017.04.06 03:28:10.254,1.43477,1.435,1.12,2.62
2017.04.06 03:28:10.356,1.43477,1.435,1.12,2.44
2017.04.06 03:28:10.458,1.43477,1.435,1.12,1.87
2017.04.06 03:28:10.660,1.43477,1.435,1.12,2.44
2017.04.06 03:28:10.863,1.43477,1.435,1.12,1.87
2017.04.06 03:28:11.873,1.43477,1.435,1.12,2.44
2017.04.06 03:28:12.076,1.43477,1.435,2.62,1.31
2017.04.06 03:28:12.391,1.43477,1.435,1.87,2.44
2017.04.06 03:28:12.534,1.43477,1.435,1.87,1.87
2017.04.06 03:28:12.739,1.43477,1.435,1.87,2.44
2017.04.06 03:28:15.979,1.43477,1.435,1.87,2.44
2017.04.06 03:28:20.746,1.43477,1.43499,1.12,1.56
2017.04.06 03:28:20.949,1.43476,1.43496,1.00,1.56
2017.04.06 03:28:22.682,1.43476,1.43495,1.00,1.56
2017.04.06 03:28:24.305,1.43475,1.43495,1.75,1.56
2017.04.06 03:28:24.994,1.43475,1.43495,1.12,1.56
2017.04.06 03:28:25.096,1.43475,1.43495,1.75,1.56
2017.04.06 03:28:25.613,1.43474,1.43495,1.87,2.02
2017.04.06 03:28:26.119,1.43474,1.43495,1.87,1.87
2017.04.06 03:28:26.170,1.43474,1.43495,1.87,1.56
2017.04.06 03:28:26.699,1.43473,1.43495,1.75,1.64
2017.04.06 03:28:28.891,1.43473,1.43495,2.62,1.74
2017.04.06 03:28:31.397,1.43474,1.43495,1.00,1.71
2017.04.06 03:28:31.953,1.43473,1.43493,1.37,1.01
2017.04.06 03:28:33.064,1.43473,1.43493,1.37,1.01
2017.04.06 03:28:33.869,1.43474,1.43495,1.50,2.44
2017.04.06 03:28:33.971,1.43475,1.43496,1.37,1.56
2017.04.06 03:28:34.478,1.43475,1.43494,1.37,1.56
2017.04.06 03:28:36.290,1.43475,1.43495,1.37,2.06
2017.04.06 03:28:39.818,1.43475,1.43494,1.00,1.56
2017.04.06 03:28:40.274,1.43473,1.43493,1.87,1.56
2017.04.06 03:28:40.325,1.43473,1.43493,1.37,1.56
2017.04.06 03:28:40.735,1.43473,1.43493,1.12,1.31
2017.04.06 03:28:40.989,1.43472,1.43493,1.87,1.25
2017.04.06 03:28:41.040,1.43472,1.43494,1.50,1.94
2017.04.06 03:28:41.548,1.43472,1.43494,1.00,1.94
2017.04.06 03:28:42.054,1.43472,1.43493,1.00,1.25
2017.04.06 03:28:42.829,1.43472,1.43492,1.00,1.00
2017.04.06 03:28:43.135,1.43471,1.43494,2.62,2.44
2017.04.06 03:28:43.608,1.43471,1.43493,1.87,1.12
2017.04.06 03:28:45.357,1.43471,1.43493,1.87,1.69
2017.04.06 03:28:45.932,1.43471,1.43493,1.87,1.69
2017.04.06 03:28:48.763,1.43471,1.43493,1.87,1.69
2017.04.06 03:28:50.073,1.43471,1.43492,1.87,1.31
2017.04.06 03:28:50.125,1.43471,1.43492,1.69,1.15
2017.04.06 03:28:50.654,1.43471,1.43492,1.12,1.71
2017.04.06 03:28:51.338,1.43471,1.43492,1.12,1.56
2017.04.06 03:28:51.440,1.43471,1.43492,1.12,1.31
2017.04.06 03:28:56.133,1.43471,1.43492,1.12,1.56
2017.04.06 03:28:58.328,1.4347,1.43492,1.75,1.71
2017.04.06 03:29:00.774,1.4347,1.43492,1.87,1.74
2017.04.06 03:29:01.936,1.43471,1.43493,1.12,1.69
2017.04.06 03:29:02.526,1.43472,1.43492,1.50,1.31
2017.04.06 03:29:02.577,1.43472,1.43493,1.50,1.69
2017.04.06 03:29:03.083,1.43472,1.43493,1.50,1.69
2017.04.06 03:29:03.387,1.43471,1.43493,1.12,1.84
2017.04.06 03:29:05.672,1.43471,1.43493,1.75,1.69
2017.04.06 03:29:07.753,1.43471,1.43493,1.75,1.84
2017.04.06 03:29:10.713,1.43471,1.43493,1.12,1.84
2017.04.06 03:29:11.220,1.43471,1.43493,1.12,1.84
2017.04.06 03:29:11.726,1.43471,1.43493,1.12,1.84
2017.04.06 03:29:12.232,1.43471,1.43493,1.12,1.84
2017.04.06 03:29:15.981,1.43471,1.43493,1.12,2.59
2017.04.06 03:29:16.486,1.43471,1.43493,1.12,2.59
2017.04.06 03:29:20.170,1.43471,1.43493,2.00,2.59
2017.04.06 03:29:20.676,1.43471,1.43492,1.62,1.27
2017.04.06 03:29:21.265,1.43471,1.43492,1.62,2.02
2017.04.06 03:29:23.035,1.43471,1.43492,1.62,1.12
2017.04.06 03:29:23.136,1.43471,1.43492,1.62,1.27
2017.04.06 03:29:23.187,1.43471,1.43492,1.62,1.12
2017.04.06 03:29:24.907,1.43471,1.43492,2.06,1.12
2017.04.06 03:29:25.211,1.43471,1.43492,1.62,1.27
2017.04.06 03:29:26.223,1.43471,1.43492,1.62,1.27
2017.04.06 03:29:26.728,1.43471,1.43492,1.62,1.27
2017.04.06 03:29:28.933,1.43471,1.43492,1.62,1.12
2017.04.06 03:29:33.496,1.4347,1.43492,3.19,1.84
2017.04.06 03:29:34.522,1.4347,1.43492,2.44,1.84
2017.04.06 03:29:34.810,1.43471,1.43492,1.62,1.12
2017.04.06 03:29:40.210,1.4347,1.43493,1.87,2.81
2017.04.06 03:29:41.109,1.43472,1.43493,1.37,1.31
2017.04.06 03:29:41.212,1.43472,1.43494,2.06,1.87
2017.04.06 03:29:41.515,1.43472,1.43493,1.87,1.56
2017.04.06 03:29:41.668,1.43472,1.43493,1.87,1.56
2017.04.06 03:29:41.719,1.43472,1.43493,1.87,1.56
2017.04.06 03:29:41.821,1.43472,1.43493,1.87,1.56
2017.04.06 03:29:41.922,1.43472,1.43493,1.87,1.56
2017.04.06 03:29:42.432,1.43472,1.43493,1.87,1.56
2017.04.06 03:29:42.766,1.43472,1.43493,1.87,1.56
2017.04.06 03:29:43.616,1.43472,1.43493,1.87,1.56
2017.04.06 03:29:45.561,1.43472,1.43493,1.87,1.56
2017.04.06 03:29:46.107,1.43472,1.43493,1.87,1.56
2017.04.06 03:29:46.639,1.43472,1.43493,1.87,1.56
2017.04.06 03:29:47.347,1.43472,1.43493,1.87,1.56
2017.04.06 03:29:47.881,1.43471,1.43492,1.50,1.25
2017.04.06 03:29:48.929,1.43472,1.43493,1.37,2.06
2017.04.06 03:29:51.579,1.43472,1.43492,1.12,1.69
2017.04.06 03:29:51.731,1.43471,1.43492,1.50,1.84
2017.04.06 03:29:51.895,1.43471,1.43492,1.50,1.69
2017.04.06 03:29:52.582,1.4347,1.43491,2.00,1.31
2017.04.06 03:29:52.634,1.4347,1.43491,2.00,1.17
2017.04.06 03:29:54.925,1.4347,1.43492,2.00,1.69
2017.04.06 03:29:56.560,1.4347,1.43492,1.12,1.69
2017.04.06 03:29:57.848,1.4347,1.43492,1.12,1.69
2017.04.06 03:29:59.318,1.4347,1.43492,1.12,1.69
2017.04.06 03:30:00.177,1.4347,1.43491,2.00,1.00
2017.04.06 03:30:00.632,1.4347,1.43491,1.12,1.56
2017.04.06 03:30:00.735,1.4347,1.43491,2.00,1.00
2017.04.06 03:30:01.399,1.43469,1.43491,2.44,1.50
2017.04.06 03:30:01.551,1.43469,1.43491,1.87,2.06
2017.04.06 03:30:01.654,1.43469,1.43491,2.44,1.50
2017.04.06 03:30:01.976,1.43469,1.43491,1.87,2.06
2017.04.06 03:30:02.077,1.43469,1.43491,2.44,1.50
2017.04.06 03:30:02.333,1.43469,1.43491,1.87,2.06
2017.04.06 03:30:02.440,1.43469,1.43491,2.44,1.50
2017.04.06 03:30:02.592,1.43469,1.43491,2.44,1.50
2017.04.06 03:30:03.547,1.43469,1.43491,2.44,1.31
2017.04.06 03:30:04.054,1.43469,1.43491,2.44,1.31
2017.04.06 03:30:04.604,1.43469,1.43491,1.69,1.31
2017.04.06 03:30:06.407,1.43469,1.43491,1.69,1.31
2017.04.06 03:30:06.711,1.43469,1.43491,1.94,1.00
2017.04.06 03:30:07.268,1.43469,1.43491,1.69,1.31
2017.04.06 03:30:07.860,1.43469,1.43491,2.44,1.31
2017.04.06 03:30:08.600,1.43469,1.43491,3.19,1.31
2017.04.06 03:30:09.010,1.43472,1.43493,1.37,1.31
2017.04.06 03:30:09.314,1.43472,1.43494,1.87,2.44
2017.04.06 03:30:10.023,1.43473,1.43493,1.00,1.56
2017.04.06 03:30:10.125,1.43473,1.43492,1.00,1.56
2017.04.06 03:30:10.994,1.43471,1.43492,1.00,1.69
2017.04.06 03:30:12.156,1.43471,1.43492,1.00,1.69
2017.04.06 03:30:15.661,1.4347,1.43492,2.62,1.69
2017.04.06 03:30:16.840,1.4347,1.43492,3.56,1.84
2017.04.06 03:30:17.371,1.4347,1.43492,3.75,1.27
2017.04.06 03:30:17.877,1.43471,1.43492,1.37,1.84
2017.04.06 03:30:17.928,1.43471,1.43492,1.37,1.69
2017.04.06 03:30:18.485,1.43471,1.43492,1.37,1.76
2017.04.06 03:30:19.003,1.43471,1.43492,1.12,1.69
2017.04.06 03:30:20.159,1.43471,1.43492,1.37,1.76
2017.04.06 03:30:20.292,1.43471,1.43492,1.12,1.76
2017.04.06 03:30:20.384,1.43471,1.43492,1.37,1.76
2017.04.06 03:30:20.485,1.43471,1.43492,1.00,1.69
2017.04.06 03:30:20.991,1.43471,1.43492,1.37,1.76
2017.04.06 03:30:21.547,1.43471,1.43492,1.00,1.76
2017.04.06 03:30:22.105,1.43471,1.43492,1.37,1.76
2017.04.06 03:30:22.358,1.43471,1.43492,1.37,1.69
2017.04.06 03:30:22.460,1.43471,1.43492,1.37,1.76
2017.04.06 03:30:22.741,1.43471,1.43492,1.37,1.69
2017.04.06 03:30:22.842,1.4347,1.43492,4.31,1.69
2017.04.06 03:30:23.146,1.43471,1.43492,1.00,1.76
2017.04.06 03:30:23.451,1.43471,1.43492,1.37,1.69
2017.04.06 03:30:23.553,1.43471,1.43492,1.37,1.76
2017.04.06 03:30:23.756,1.43471,1.43492,1.00,1.69
2017.04.06 03:30:23.960,1.43471,1.43492,1.37,1.69
2017.04.06 03:30:24.163,1.43471,1.43492,1.00,1.76
2017.04.06 03:30:25.541,1.43471,1.43492,1.00,1.25
2017.04.06 03:30:26.088,1.43471,1.43492,1.50,1.25
2017.04.06 03:30:28.798,1.43471,1.43493,1.37,1.84
2017.04.06 03:30:29.340,1.43472,1.43493,1.50,1.84
2017.04.06 03:30:30.370,1.43472,1.43493,1.00,1.84
2017.04.06 03:30:30.983,1.43472,1.43493,1.00,1.84
2017.04.06 03:30:32.193,1.43473,1.43491,1.75,1.25
2017.04.06 03:30:32.246,1.43473,1.43494,1.50,1.31
2017.04.06 03:30:32.551,1.43473,1.43493,1.50,1.25
2017.04.06 03:30:32.703,1.43473,1.43494,1.50,1.31
2017.04.06 03:30:32.754,1.43474,1.43494,1.00,1.31
2017.04.06 03:30:33.812,1.43473,1.43493,1.87,1.25
2017.04.06 03:30:35.477,1.43472,1.43493,2.44,1.25
2017.04.06 03:30:35.528,1.43472,1.43493,2.81,1.09
2017.04.06 03:30:36.045,1.43472,1.43494,1.50,2.06
2017.04.06 03:30:36.349,1.43471,1.43493,2.81,1.90
2017.04.06 03:30:36.925,1.43471,1.43493,2.44,1.82
2017.04.06 03:30:36.976,1.43471,1.43491,1.50,1.01
2017.04.06 03:30:37.482,1.43471,1.43492,1.37,1.46
2017.04.06 03:30:38.042,1.43471,1.43492,1.00,1.46
2017.04.06 03:30:38.596,1.43471,1.43492,1.37,1.46
2017.04.06 03:30:39.104,1.43471,1.43492,1.00,1.46
2017.04.06 03:30:39.615,1.43471,1.43492,1.87,1.62
2017.04.06 03:30:43.938,1.43471,1.43492,1.50,1.46
2017.04.06 03:30:44.459,1.43471,1.43491,1.37,1.25
2017.04.06 03:30:47.107,1.43471,1.43491,1.37,1.32
2017.04.06 03:30:47.259,1.4347,1.43492,3.94,1.46
2017.04.06 03:30:47.800,1.4347,1.43492,3.56,1.46
2017.04.06 03:30:48.734,1.4347,1.43493,4.31,1.71
2017.04.06 03:30:49.069,1.4347,1.43493,3.94,1.64
2017.04.06 03:30:49.423,1.4347,1.43493,4.31,1.71
2017.04.06 03:30:49.978,1.43471,1.43493,1.00,1.71
2017.04.06 03:30:50.512,1.4347,1.43493,4.69,1.71
2017.04.06 03:30:51.200,1.4347,1.43493,3.00,1.74
2017.04.06 03:30:51.302,1.43472,1.43493,1.50,1.56
2017.04.06 03:30:52.419,1.43473,1.43493,1.00,1.56
2017.04.06 03:30:52.470,1.43473,1.43493,1.12,1.56
2017.04.06 03:30:52.702,1.43473,1.43493,1.00,1.69
2017.04.06 03:30:53.210,1.43472,1.43493,2.25,1.69
2017.04.06 03:30:54.116,1.43473,1.43493,1.00,1.69
2017.04.06 03:30:54.683,1.43472,1.43493,2.25,1.69
2017.04.06 03:30:55.189,1.43472,1.43493,1.12,1.69
2017.04.06 03:30:55.725,1.43472,1.43493,1.12,1.69
2017.04.06 03:30:56.409,1.43473,1.43493,1.00,1.69
2017.04.06 03:30:56.979,1.43472,1.43493,1.87,1.69
2017.04.06 03:30:57.887,1.43473,1.43493,1.00,1.69
2017.04.06 03:30:58.576,1.43472,1.43493,1.87,1.69
2017.04.06 03:30:59.533,1.43473,1.43493,1.00,1.69
2017.04.06 03:31:00.048,1.43472,1.43493,1.12,1.69
2017.04.06 03:31:00.757,1.43473,1.43493,1.00,1.69
2017.04.06 03:31:01.262,1.43472,1.43493,1.12,1.69
2017.04.06 03:31:02.123,1.43473,1.43493,1.00,1.69
2017.04.06 03:31:02.709,1.43472,1.43493,1.12,1.69
2017.04.06 03:31:03.831,1.43473,1.43493,1.00,1.69
2017.04.06 03:31:04.336,1.43472,1.43493,1.87,1.69
2017.04.06 03:31:04.994,1.43472,1.43493,1.00,1.69
2017.04.06 03:31:05.500,1.43472,1.43493,1.00,1.69
2017.04.06 03:31:06.413,1.43472,1.43493,1.00,1.69
2017.04.06 03:31:06.719,1.43474,1.43496,1.94,1.12
2017.04.06 03:31:10.877,1.43475,1.43498,2.81,1.75
2017.04.06 03:31:12.478,1.43475,1.43498,2.44,1.75
2017.04.06 03:31:33.755,1.43475,1.43496,2.44,1.50
2017.04.06 03:31:35.364,1.43475,1.43496,2.44,1.00
2017.04.06 03:31:37.819,1.43476,1.43496,1.56,1.00
2017.04.06 03:31:38.124,1.43481,1.43503,2.44,1.50
2017.04.06 03:31:40.552,1.43482,1.43503,1.94,1.50
2017.04.06 03:31:41.745,1.43482,1.43503,1.31,1.50
2017.04.06 03:31:43.271,1.43482,1.43503,1.69,1.50
2017.04.06 03:31:43.871,1.43482,1.43503,1.94,1.50
2017.04.06 03:31:47.929,1.43482,1.43503,1.69,1.50
2017.04.06 03:31:49.155,1.43483,1.43503,1.00,1.00
2017.04.06 03:31:49.661,1.43483,1.43502,1.00,1.00
2017.04.06 03:31:57.831,1.43482,1.43503,1.31,1.50
2017.04.06 03:32:01.486,1.4348,1.435,1.31,1.00
2017.04.06 03:32:01.689,1.43479,1.43502,3.19,1.12
2017.04.06 03:32:01.994,1.43479,1.43501,2.06,1.37
2017.04.06 03:32:02.538,1.43479,1.43501,1.69,1.75
2017.04.06 03:32:07.072,1.43479,1.435,1.69,1.50
2017.04.06 03:32:08.054,1.43479,1.43501,2.44,1.75
2017.04.06 03:32:08.156,1.4348,1.435,1.25,1.00
2017.04.06 03:32:08.674,1.43479,1.435,1.69,1.50
2017.04.06 03:32:13.119,1.43479,1.43498,1.56,1.00
2017.04.06 03:32:13.629,1.43478,1.43499,1.69,1.12
2017.04.06 03:32:13.680,1.43478,1.43499,1.69,1.12
2017.04.06 03:32:16.993,1.4348,1.43501,2.06,1.87
2017.04.06 03:32:17.520,1.4348,1.43501,1.56,1.12
2017.04.06 03:32:33.390,1.43481,1.43502,1.56,1.50
2017.04.06 03:32:37.364,1.43478,1.43496,1.31,1.00
2017.04.06 03:32:37.415,1.43478,1.43498,1.31,1.50
2017.04.06 03:32:37.466,1.43477,1.43495,1.31,1.00
2017.04.06 03:32:37.517,1.43476,1.43495,1.37,1.00
2017.04.06 03:32:37.720,1.43477,1.43498,1.00,1.56
2017.04.06 03:32:50.253,1.43477,1.43497,1.00,1.56
2017.04.06 03:32:54.277,1.43477,1.43497,1.87,1.56
2017.04.06 03:32:54.874,1.43477,1.43497,1.87,1.31
2017.04.06 03:32:57.784,1.43477,1.43497,1.12,1.56
2017.04.06 03:32:57.835,1.43477,1.43497,1.00,1.31
2017.04.06 03:32:57.987,1.43477,1.43497,1.00,1.56
2017.04.06 03:32:58.089,1.43477,1.43497,1.00,1.56
2017.04.06 03:32:58.195,1.43477,1.43497,1.00,1.56
2017.04.06 03:33:03.388,1.43473,1.43495,2.06,1.12
2017.04.06 03:33:03.439,1.43473,1.43495,1.56,2.44
2017.04.06 03:33:03.745,1.43473,1.43495,1.00,1.69
2017.04.06 03:33:03.947,1.43473,1.43495,1.56,1.69
2017.04.06 03:33:04.929,1.43474,1.43495,1.62,1.31
2017.04.06 03:33:06.312,1.43474,1.43495,1.37,1.56
2017.04.06 03:33:09.550,1.43474,1.43495,1.69,1.31
2017.04.06 03:33:09.652,1.43474,1.43495,1.37,1.56
2017.04.06 03:33:13.948,1.43474,1.43495,1.37,1.56
2017.04.06 03:33:15.937,1.43474,1.43495,1.37,1.56
2017.04.06 03:33:18.863,1.43474,1.43496,1.87,1.69
2017.04.06 03:33:18.964,1.43475,1.43497,2.81,1.25
2017.04.06 03:33:19.470,1.43478,1.435,1.00,2.81
2017.04.06 03:33:20.069,1.43478,1.435,1.00,2.81
2017.04.06 03:33:20.392,1.43478,1.435,1.00,3.75
2017.04.06 03:33:20.645,1.43477,1.43498,1.37,1.56
2017.04.06 03:33:22.058,1.43475,1.43498,1.50,2.44
2017.04.06 03:33:22.109,1.43475,1.43497,1.12,1.31
2017.04.06 03:33:23.256,1.43476,1.43497,1.00,1.31
2017.04.06 03:33:24.830,1.43475,1.43497,1.50,1.31
2017.04.06 03:33:25.059,1.43475,1.43497,1.50,1.31
2017.04.06 03:33:25.160,1.43477,1.43498,1.00,2.06
2017.04.06 03:33:31.049,1.43477,1.43498,1.00,1.69
2017.04.06 03:33:31.938,1.43477,1.43499,1.00,2.06
2017.04.06 03:33:32.872,1.43477,1.43499,1.00,2.06
2017.04.06 03:33:34.794,1.43476,1.43499,1.87,2.06
2017.04.06 03:33:35.531,1.43478,1.43499,1.37,1.56
2017.04.06 03:33:40.060,1.43479,1.43499,1.00,1.56
2017.04.06 03:33:40.869,1.43479,1.43499,1.00,1.56
2017.04.06 03:33:42.836,1.43478,1.43501,2.62,2.44
2017.04.06 03:33:42.887,1.43478,1.43501,5.62,1.56
2017.04.06 03:33:42.989,1.4348,1.43502,1.37,1.56
2017.04.06 03:33:43.091,1.43479,1.435,2.62,1.56
2017.04.06 03:33:43.192,1.4348,1.435,1.00,1.25
2017.04.06 03:33:43.294,1.43479,1.435,1.50,1.69
2017.04.06 03:33:43.841,1.43479,1.435,1.50,1.69
2017.04.06 03:33:44.713,1.43479,1.43501,1.50,2.25
2017.04.06 03:33:45.313,1.43479,1.435,1.12,1.69
2017.04.06 03:33:47.240,1.43479,1.43501,2.25,2.06
2017.04.06 03:33:47.782,1.43479,1.435,2.25,1.25
2017.04.06 03:33:48.353,1.43479,1.43498,1.12,1.12
2017.04.06 03:33:48.455,1.43477,1.43498,1.12,2.06
2017.04.06 03:33:49.102,1.43478,1.43499,1.00,1.62
2017.04.06 03:33:49.433,1.43478,1.43499,1.00,1.31
2017.04.06 03:33:50.360,1.43477,1.43499,1.50,1.31
2017.04.06 03:33:50.882,1.43478,1.43499,1.00,2.06
2017.04.06 03:33:51.508,1.43477,1.43499,1.50,2.06
2017.04.06 03:33:52.013,1.43478,1.43499,1.00,2.06
2017.04.06 03:33:52.737,1.43478,1.43499,1.00,2.06
2017.04.06 03:33:53.299,1.43477,1.43499,1.50,2.06
2017.04.06 03:33:57.972,1.43477,1.43498,1.50,1.69
2017.04.06 03:33:59.345,1.43477,1.43498,1.50,1.69
2017.04.06 03:34:01.727,1.43475,1.43496,1.50,1.69
2017.04.06 03:34:02.258,1.43475,1.43496,1.12,1.69
2017.04.06 03:34:04.040,1.43475,1.43496,1.12,1.69
2017.04.06 03:34:04.956,1.43475,1.43496,1.12,1.69
2017.04.06 03:34:06.645,1.43475,1.43496,1.12,1.69
2017.04.06 03:34:06.746,1.43475,1.43496,1.12,1.69
2017.04.06 03:34:11.042,1.43474,1.43496,1.12,2.44
2017.04.06 03:34:14.053,1.43474,1.43496,1.00,2.81
2017.04.06 03:34:14.559,1.43473,1.43495,1.12,1.69
2017.04.06 03:34:14.660,1.43473,1.43495,1.12,1.69
2017.04.06 03:34:15.472,1.43473,1.43495,2.44,1.69
2017.04.06 03:34:18.282,1.43473,1.43496,1.12,2.81
2017.04.06 03:34:19.393,1.43474,1.43495,1.00,1.69
2017.04.06 03:34:20.023,1.43473,1.43495,2.44,1.25
2017.04.06 03:34:20.705,1.43474,1.43495,1.00,1.69
2017.04.06 03:34:21.163,1.43473,1.43496,1.12,2.81
2017.04.06 03:34:25.556,1.43473,1.43496,1.12,2.81
2017.04.06 03:34:25.760,1.43472,1.43494,1.87,2.06
2017.04.06 03:34:26.065,1.43471,1.43493,1.75,1.56
2017.04.06 03:34:26.369,1.43471,1.43493,1.12,1.56
2017.04.06 03:34:26.572,1.43471,1.43493,1.12,1.31
2017.04.06 03:34:29.779,1.43472,1.43493,1.87,1.56
2017.04.06 03:34:30.317,1.43471,1.43494,1.87,1.69
2017.04.06 03:34:34.073,1.43472,1.43493,1.87,1.56
2017.04.06 03:34:37.291,1.43472,1.43493,1.87,1.31
2017.04.06 03:34:38.572,1.43471,1.43492,1.75,1.31
2017.04.06 03:34:40.410,1.43471,1.43493,2.25,1.00
2017.04.06 03:34:42.453,1.43471,1.43493,1.37,1.37
2017.04.06 03:34:42.555,1.4347,1.43492,1.50,1.00
2017.04.06 03:34:45.002,1.4347,1.43493,1.87,2.81
2017.04.06 03:34:45.598,1.4347,1.43493,2.25,2.44
2017.04.06 03:34:47.040,1.43469,1.43491,1.87,1.00
2017.04.06 03:34:47.481,1.43469,1.43491,1.87,1.31
2017.04.06 03:34:47.990,1.43469,1.4349,2.62,1.00
2017.04.06 03:34:48.648,1.43469,1.43491,2.62,1.00
2017.04.06 03:34:48.801,1.43469,1.43491,2.62,1.31
2017.04.06 03:34:49.970,1.43469,1.4349,2.62,1.00
2017.04.06 03:34:50.477,1.43469,1.43489,2.62,1.00
2017.04.06 03:34:53.114,1.43469,1.43486,1.69,1.00
2017.04.06 03:34:53.266,1.43466,1.43483,1.25,1.00
2017.04.06 03:34:53.434,1.43464,1.43481,1.12,1.00
2017.04.06 03:34:53.568,1.43463,1.43481,1.00,1.00
2017.04.06 03:34:53.619,1.43463,1.43479,1.00,1.00
2017.04.06 03:34:53.925,1.4346,1.43479,2.44,1.00
2017.04.06 03:34:54.731,1.4346,1.4348,1.31,1.00
2017.04.06 03:34:59.832,1.43461,1.4348,1.00,1.00
2017.04.06 03:35:03.130,1.43461,1.43481,1.00,1.25
2017.04.06 03:35:04.784,1.43462,1.43482,1.37,2.06
2017.04.06 03:35:05.285,1.43463,1.43483,1.00,1.56
2017.04.06 03:35:07.327,1.43463,1.43483,1.87,1.00
2017.04.06 03:35:10.443,1.43464,1.43483,1.00,1.00
2017.04.06 03:35:10.994,1.43464,1.43484,1.00,1.31
2017.04.06 03:35:11.624,1.43465,1.43484,1.00,1.31
2017.04.06 03:35:19.205,1.43466,1.43486,1.31,1.50
2017.04.06 03:35:19.357,1.43468,1.43489,1.12,1.50
2017.04.06 03:35:19.786,1.43471,1.4349,1.00,1.37
2017.04.06 03:35:20.321,1.43471,1.4349,1.00,1.00
2017.04.06 03:35:34.169,1.43471,1.43489,1.00,1.00
2017.04.06 03:35:34.410,1.43468,1.43488,1.50,1.00
2017.04.06 03:35:35.450,1.43467,1.43488,1.50,1.00
2017.04.06 03:35:36.061,1.43469,1.43488,1.00,1.00
2017.04.06 03:35:37.757,1.43469,1.43489,3.19,1.12
2017.04.06 03:35:37.858,1.43471,1.43492,1.00,2.25
2017.04.06 03:35:38.212,1.43472,1.43492,2.25,1.00
2017.04.06 03:35:38.314,1.43474,1.43495,1.00,1.37
2017.04.06 03:35:38.466,1.43476,1.43495,1.00,1.12
2017.04.06 03:35:39.290,1.43472,1.43492,1.75,1.00
2017.04.06 03:35:40.021,1.43474,1.43493,1.00,1.50
2017.04.06 03:35:46.070,1.43474,1.43491,1.00,1.31
2017.04.06 03:35:46.172,1.43471,1.4349,1.12,1.00
2017.04.06 03:35:46.677,1.43471,1.43489,1.00,1.00
2017.04.06 03:35:48.036,1.43471,1.43488,1.00,1.00
2017.04.06 03:35:48.087,1.43469,1.43487,1.00,1.00
2017.04.06 03:35:48.594,1.43469,1.43488,1.31,1.12
2017.04.06 03:35:48.747,1.43469,1.4349,3.94,1.75
2017.04.06 03:35:48.899,1.43471,1.4349,1.31,1.12
2017.04.06 03:35:49.000,1.43471,1.43492,1.69,1.12
2017.04.06 03:35:49.512,1.43472,1.43492,1.00,1.12
2017.04.06 03:35:51.378,1.43474,1.43494,1.00,2.25
2017.04.06 03:35:51.580,1.43475,1.43494,1.00,1.00
2017.04.06 03:35:52.102,1.43474,1.43494,1.31,1.00
2017.04.06 03:35:52.255,1.43474,1.43492,1.00,1.00
2017.04.06 03:35:52.761,1.43472,1.43492,1.50,1.00
2017.04.06 03:35:55.670,1.43471,1.43491,1.75,1.00
2017.04.06 03:35:55.772,1.43471,1.43491,1.12,1.00
2017.04.06 03:35:56.285,1.43472,1.43491,1.00,1.00
2017.04.06 03:35:58.581,1.43471,1.43491,1.12,1.00
2017.04.06 03:35:58.834,1.4347,1.43489,1.31,1.00
2017.04.06 03:35:58.986,1.43468,1.43489,1.50,1.31
2017.04.06 03:36:01.186,1.43468,1.43489,1.69,1.12
2017.04.06 03:36:11.099,1.43471,1.43491,1.12,1.56
2017.04.06 03:36:11.710,1.43471,1.43491,1.69,1.00
2017.04.06 03:36:13.459,1.43471,1.43492,1.12,2.44
2017.04.06 03:36:16.293,1.43472,1.43492,1.00,2.44
2017.04.06 03:36:17.789,1.43474,1.43493,1.00,2.06
2017.04.06 03:36:22.213,1.43473,1.43492,1.00,1.12
2017.04.06 03:36:26.346,1.43473,1.43489,1.00,1.00
2017.04.06 03:36:26.397,1.43471,1.43491,1.25,1.87
2017.04.06 03:36:26.651,1.43469,1.4349,1.00,1.25
2017.04.06 03:36:27.515,1.43471,1.43491,1.50,1.56
2017.04.06 03:36:27.970,1.43471,1.43492,2.06,1.00
2017.04.06 03:36:29.890,1.43473,1.43492,1.00,1.00
2017.04.06 03:36:38.549,1.43473,1.43491,1.00,1.00
2017.04.06 03:36:39.248,1.43473,1.43492,1.00,1.31
2017.04.06 03:36:39.400,1.43471,1.43492,1.00,2.06
2017.04.06 03:36:40.402,1.43472,1.43492,1.00,2.06
2017.04.06 03:36:42.740,1.4347,1.43492,1.25,2.81
2017.04.06 03:36:43.278,1.43469,1.43492,1.94,2.25
2017.04.06 03:36:43.820,1.43468,1.4349,2.06,1.87
2017.04.06 03:36:43.922,1.43468,1.4349,1.31,1.50
2017.04.06 03:36:45.187,1.43467,1.4349,2.44,1.56
2017.04.06 03:36:47.675,1.43468,1.4349,2.06,1.31
2017.04.06 03:36:47.827,1.43468,1.4349,2.06,1.50
2017.04.06 03:36:48.218,1.43468,1.43489,1.62,1.00
2017.04.06 03:36:50.937,1.43469,1.4349,1.25,1.50
2017.04.06 03:36:51.802,1.43468,1.4349,1.31,1.50
2017.04.06 03:36:52.307,1.43467,1.4349,3.94,1.56
2017.04.06 03:36:53.991,1.43468,1.4349,1.62,1.31
2017.04.06 03:37:00.727,1.43469,1.43491,2.06,1.87
2017.04.06 03:37:02.910,1.43469,1.43491,2.06,1.87
2017.04.06 03:37:04.144,1.43469,1.43491,1.87,2.44
2017.04.06 03:37:04.681,1.43469,1.43491,1.87,1.56
2017.04.06 03:37:05.138,1.43471,1.43492,1.62,1.00
2017.04.06 03:37:05.651,1.43471,1.43493,1.62,1.69
2017.04.06 03:37:06.040,1.43473,1.43494,1.69,1.50
2017.04.06 03:37:06.343,1.43474,1.43494,1.31,1.00
2017.04.06 03:37:16.349,1.43473,1.43495,2.44,1.50
2017.04.06 03:37:16.676,1.43472,1.43493,1.75,1.31
2017.04.06 03:37:16.778,1.4347,1.43493,2.25,1.56
2017.04.06 03:37:20.359,1.43468,1.43489,1.12,1.31
2017.04.06 03:37:20.460,1.43469,1.43489,1.00,1.56
2017.04.06 03:37:20.511,1.43469,1.43489,1.00,1.00
2017.04.06 03:37:20.612,1.43468,1.43489,1.12,1.00
2017.04.06 03:37:25.835,1.43468,1.43491,1.12,1.00
2017.04.06 03:37:26.377,1.43468,1.4349,1.87,1.00
2017.04.06 03:37:26.899,1.43468,1.43489,1.12,1.00
2017.04.06 03:37:27.051,1.43467,1.43489,1.12,1.50
2017.04.06 03:37:44.946,1.43467,1.4349,1.12,2.06
2017.04.06 03:37:47.439,1.43467,1.4349,1.12,1.50
2017.04.06 03:37:51.050,1.43468,1.4349,1.12,2.06
2017.04.06 03:37:51.151,1.43468,1.4349,2.62,1.00
2017.04.06 03:37:55.189,1.43468,1.43489,1.75,1.00
2017.04.06 03:37:55.290,1.43467,1.43489,1.87,1.00
2017.04.06 03:37:55.833,1.43467,1.43489,1.12,1.00
2017.04.06 03:37:56.487,1.43467,1.43489,1.12,1.00
2017.04.06 03:37:56.589,1.43467,1.43489,1.12,1.00
2017.04.06 03:38:02.353,1.43468,1.43491,1.75,2.06
2017.04.06 03:38:02.555,1.43466,1.43489,1.75,1.56
2017.04.06 03:38:02.708,1.43466,1.43489,1.12,1.56
2017.04.06 03:38:02.759,1.43465,1.43489,5.62,1.00
2017.04.06 03:38:03.839,1.43468,1.43487,1.87,1.00
2017.04.06 03:38:07.382,1.43468,1.43487,1.87,1.00
2017.04.06 03:38:10.421,1.43468,1.43488,1.12,1.00
2017.04.06 03:38:10.933,1.43468,1.43489,1.87,1.00
2017.04.06 03:38:16.179,1.43468,1.4349,1.12,1.50
2017.04.06 03:38:20.236,1.43468,1.43489,1.37,1.00
2017.04.06 03:38:20.932,1.43467,1.4349,3.37,2.25
2017.04.06 03:38:21.043,1.43468,1.43489,1.37,1.00
2017.04.06 03:38:21.556,1.43468,1.43488,1.37,1.00
2017.04.06 03:38:21.860,1.43468,1.43489,1.12,1.00
2017.04.06 03:38:21.910,1.43469,1.43489,1.00,1.00
2017.04.06 03:38:22.416,1.43466,1.43488,2.62,1.00
2017.04.06 03:38:22.922,1.43466,1.43489,1.12,1.87
2017.04.06 03:38:23.378,1.43466,1.4349,4.12,3.94
2017.04.06 03:38:23.517,1.43467,1.43489,1.37,1.37
2017.04.06 03:38:23.669,1.43467,1.4349,1.87,2.25
2017.04.06 03:38:24.380,1.43467,1.43488,1.87,1.00
2017.04.06 03:38:28.557,1.43466,1.43489,2.25,1.56
2017.04.06 03:38:30.326,1.43464,1.43488,2.62,2.44
2017.04.06 03:38:30.856,1.43465,1.43487,1.75,1.56
2017.04.06 03:38:36.883,1.43462,1.43484,2.25,1.00
2017.04.06 03:38:36.984,1.43462,1.43484,2.25,1.56
2017.04.06 03:38:37.137,1.4346,1.43481,1.75,1.00
2017.04.06 03:38:37.238,1.43459,1.43481,1.87,1.00
2017.04.06 03:38:37.838,1.43459,1.43483,1.87,3.56
2017.04.06 03:38:41.312,1.43462,1.43484,1.37,1.69
2017.04.06 03:38:41.616,1.43464,1.43486,1.12,2.06
2017.04.06 03:38:41.768,1.43464,1.43486,1.12,1.50
2017.04.06 03:38:42.912,1.43467,1.43489,1.87,2.62
2017.04.06 03:38:42.963,1.43467,1.43489,1.87,1.50
2017.04.06 03:38:47.249,1.43468,1.4349,1.12,1.00
2017.04.06 03:38:47.497,1.43468,1.4349,1.12,1.00
2017.04.06 03:38:48.049,1.43468,1.4349,1.12,1.56
2017.04.06 03:38:50.394,1.43467,1.43489,1.37,1.31
2017.04.06 03:38:50.925,1.43467,1.43489,1.37,1.56
2017.04.06 03:38:51.078,1.43467,1.43488,1.37,1.56
2017.04.06 03:38:51.280,1.43466,1.43487,1.87,1.56
2017.04.06 03:38:51.382,1.43466,1.43488,1.87,1.56
2017.04.06 03:38:51.839,1.43466,1.43488,1.87,1.00
2017.04.06 03:38:52.330,1.43466,1.43488,1.87,1.12
2017.04.06 03:38:57.156,1.43467,1.43489,1.00,2.06
2017.04.06 03:38:57.258,1.43467,1.43489,1.00,1.50
2017.04.06 03:38:57.359,1.43466,1.43489,1.87,2.06
2017.04.06 03:38:57.461,1.43467,1.43489,1.00,2.06
2017.04.06 03:38:57.617,1.43467,1.43489,1.00,2.06
2017.04.06 03:38:57.719,1.43467,1.43489,1.00,2.06
2017.04.06 03:38:57.921,1.43467,1.43489,1.00,2.06
2017.04.06 03:38:58.568,1.43465,1.43487,1.87,1.56
2017.04.06 03:39:07.422,1.43464,1.43488,3.37,2.44
2017.04.06 03:39:13.250,1.43464,1.43487,4.12,1.69
2017.04.06 03:39:13.353,1.43464,1.43486,3.00,1.56
2017.04.06 03:39:14.239,1.43465,1.43484,1.37,1.87
2017.04.06 03:39:14.341,1.43464,1.43486,2.25,1.56
2017.04.06 03:39:14.562,1.43464,1.43486,1.87,1.56
2017.04.06 03:39:16.173,1.43466,1.43486,1.12,2.06
2017.04.06 03:39:16.353,1.43466,1.43486,1.12,2.06
2017.04.06 03:39:16.877,1.43466,1.43486,1.12,1.56
2017.04.06 03:39:17.485,1.43466,1.43486,1.12,1.56
2017.04.06 03:39:19.752,1.43466,1.43486,1.12,1.56
2017.04.06 03:39:22.974,1.43465,1.43487,2.25,3.19
2017.04.06 03:39:24.144,1.43465,1.43486,1.87,1.56
2017.04.06 03:39:24.952,1.43465,1.43486,2.25,1.56
2017.04.06 03:39:26.450,1.43465,1.43486,1.75,1.56
2017.04.06 03:39:34.367,1.43465,1.43486,1.75,1.56
2017.04.06 03:39:36.380,1.43465,1.43486,1.75,2.62
2017.04.06 03:39:37.132,1.43466,1.43486,1.50,2.62
2017.04.06 03:39:37.284,1.43466,1.43486,1.37,2.62
2017.04.06 03:39:37.827,1.43466,1.43484,1.37,1.87
2017.04.06 03:39:49.609,1.43464,1.43486,2.62,1.56
2017.04.06 03:39:50.369,1.43465,1.43486,1.12,1.56
2017.04.06 03:39:55.410,1.43465,1.43487,1.87,1.56
2017.04.06 03:39:55.512,1.43467,1.43485,1.50,1.31
2017.04.06 03:39:55.712,1.43466,1.43484,1.00,1.56
2017.04.06 03:39:55.763,1.43464,1.43484,1.00,1.56
2017.04.06 03:39:56.691,1.43462,1.43483,1.50,1.56
2017.04.06 03:40:01.607,1.43462,1.43483,2.06,1.00
2017.04.06 03:40:02.073,1.43464,1.43485,1.50,2.06
2017.04.06 03:40:02.586,1.43467,1.43485,1.00,1.56
2017.04.06 03:40:02.638,1.43464,1.43485,1.37,1.56
2017.04.06 03:40:03.146,1.43464,1.43486,1.87,1.50
2017.04.06 03:40:07.372,1.43463,1.43486,3.75,1.12
2017.04.06 03:40:09.786,1.43463,1.43485,2.62,1.00
2017.04.06 03:40:10.295,1.43463,1.43486,3.00,1.00
2017.04.06 03:40:10.499,1.43463,1.43485,2.25,1.00
2017.04.06 03:40:13.937,1.43464,1.43485,1.50,1.00
2017.04.06 03:40:20.093,1.43463,1.43485,2.25,1.37
2017.04.06 03:40:20.785,1.43463,1.43485,1.00,1.50
2017.04.06 03:40:24.900,1.43463,1.43485,1.00,1.50
2017.04.06 03:40:35.041,1.43463,1.43484,1.50,1.56
2017.04.06 03:40:39.652,1.43462,1.43484,1.00,1.50
2017.04.06 03:40:41.966,1.43463,1.43484,1.00,1.50
2017.04.06 03:40:47.732,1.43463,1.43484,1.12,1.69
2017.04.06 03:40:48.722,1.43463,1.43484,1.12,1.69
2017.04.06 03:40:48.823,1.43463,1.43484,1.12,1.69
2017.04.06 03:40:48.925,1.43463,1.43484,1.12,1.69
2017.04.06 03:40:50.232,1.43463,1.43484,1.12,1.69
2017.04.06 03:40:52.456,1.43463,1.43484,1.12,1.69
2017.04.06 03:40:56.323,1.43463,1.43484,1.12,1.12
2017.04.06 03:40:59.534,1.43463,1.43485,1.12,1.31
2017.04.06 03:40:59.636,1.43463,1.43484,1.31,1.12
2017.04.06 03:40:59.968,1.43461,1.43482,1.50,1.25
2017.04.06 03:41:01.328,1.43461,1.43482,1.19,1.12
2017.04.06 03:41:02.976,1.43458,1.43481,2.06,1.69
2017.04.06 03:41:03.487,1.43458,1.43481,1.69,2.06
2017.04.06 03:41:06.946,1.43458,1.43481,1.69,2.06
2017.04.06 03:41:07.331,1.43463,1.43481,1.00,1.31
2017.04.06 03:41:07.484,1.43463,1.43483,1.00,2.06
2017.04.06 03:41:09.936,1.43464,1.43483,1.31,1.75
2017.04.06 03:41:10.089,1.43464,1.43486,1.69,2.06
2017.04.06 03:41:10.979,1.43463,1.43483,1.00,1.62
2017.04.06 03:41:12.380,1.43462,1.43483,1.50,1.62
2017.04.06 03:41:12.907,1.43463,1.43483,1.00,1.62
2017.04.06 03:41:14.028,1.43462,1.43483,1.50,1.62
2017.04.06 03:41:14.578,1.43463,1.43483,1.00,1.62
2017.04.06 03:41:15.690,1.43463,1.43483,1.37,1.62
2017.04.06 03:41:16.116,1.43465,1.43486,1.50,1.31
2017.04.06 03:41:16.656,1.43465,1.43484,1.12,1.31
2017.04.06 03:41:31.437,1.43464,1.43486,1.31,1.31
2017.04.06 03:41:34.878,1.43463,1.43481,2.81,1.00
2017.04.06 03:41:35.484,1.43463,1.4348,2.81,1.00
2017.04.06 03:41:36.279,1.43463,1.43482,2.81,1.12
2017.04.06 03:41:38.195,1.43463,1.43481,2.81,1.00
2017.04.06 03:41:39.222,1.43462,1.43481,1.69,1.00
2017.04.06 03:41:39.324,1.43462,1.43477,1.25,1.00
2017.04.06 03:41:40.037,1.43461,1.43477,1.31,1.00
2017.04.06 03:41:41.871,1.4346,1.43477,1.56,1.00
2017.04.06 03:41:42.395,1.4346,1.43477,3.19,1.00
2017.04.06 03:41:44.304,1.4346,1.43477,2.44,1.00
2017.04.06 03:41:44.895,1.4346,1.43477,2.62,1.00
2017.04.06 03:41:46.380,1.4346,1.43477,3.19,1.00
2017.04.06 03:41:58.378,1.4346,1.43477,3.37,1.00
2017.04.06 03:42:00.533,1.43461,1.43477,1.12,1.00
2017.04.06 03:42:00.858,1.43461,1.43479,1.00,1.12
2017.04.06 03:42:00.909,1.43457,1.43479,3.75,1.12
2017.04.06 03:42:00.961,1.43457,1.43477,3.75,1.00
2017.04.06 03:42:01.266,1.43456,1.43474,1.50,1.00
2017.04.06 03:42:01.773,1.43457,1.43475,2.62,1.00
2017.04.06 03:42:03.566,1.43457,1.43475,1.87,1.00
2017.04.06 03:42:07.428,1.43459,1.43475,1.50,1.00
2017.04.06 03:42:08.238,1.43459,1.43477,1.50,1.00
2017.04.06 03:42:08.736,1.43459,1.43475,1.50,1.00
2017.04.06 03:42:09.024,1.43457,1.43475,1.50,1.00
2017.04.06 03:42:09.572,1.43457,1.43474,1.50,1.00
2017.04.06 03:42:18.184,1.43457,1.43473,1.00,1.00
2017.04.06 03:42:20.782,1.43452,1.43471,3.37,1.00
2017.04.06 03:42:20.884,1.43452,1.4347,2.62,1.00
2017.04.06 03:42:21.087,1.43452,1.43472,2.25,1.12
2017.04.06 03:42:21.284,1.43452,1.43472,1.87,1.00
2017.04.06 03:42:28.385,1.43452,1.43469,1.87,1.00
2017.04.06 03:42:29.402,1.43452,1.43468,1.00,1.00
2017.04.06 03:42:29.919,1.4345,1.43468,3.37,1.00
2017.04.06 03:42:30.442,1.4345,1.43467,2.62,1.00
2017.04.06 03:42:34.717,1.4345,1.43467,1.00,1.00
2017.04.06 03:42:36.976,1.4345,1.43467,1.37,1.00
2017.04.06 03:42:37.543,1.4345,1.43467,1.94,1.00
2017.04.06 03:42:41.149,1.43451,1.43467,2.06,1.00
2017.04.06 03:42:43.356,1.43452,1.43467,1.56,1.00
2017.04.06 03:42:51.982,1.43452,1.43466,1.56,1.00
2017.04.06 03:42:54.098,1.43452,1.43466,1.56,1.00
2017.04.06 03:42:54.821,1.43452,1.43467,1.31,1.00
2017.04.06 03:43:00.080,1.43452,1.43467,2.06,1.00
2017.04.06 03:43:00.617,1.43452,1.43466,2.06,1.00
2017.04.06 03:43:03.367,1.4345,1.43466,1.69,1.00
2017.04.06 03:43:07.727,1.43453,1.43468,1.31,1.00
2017.04.06 03:43:07.893,1.43453,1.43466,1.31,1.00
2017.04.06 03:43:11.158,1.43453,1.43466,1.56,1.00
2017.04.06 03:43:12.456,1.43453,1.43466,1.00,1.00
2017.04.06 03:43:12.811,1.43455,1.43467,1.00,1.00
2017.04.06 03:43:14.878,1.43454,1.43467,1.31,1.00
2017.04.06 03:43:16.555,1.43454,1.43467,1.56,1.00
2017.04.06 03:43:17.631,1.43453,1.43466,1.56,1.00
2017.04.06 03:43:18.188,1.43453,1.43466,1.00,1.00
2017.04.06 03:43:18.707,1.43453,1.43467,1.00,1.00
2017.04.06 03:43:19.257,1.43453,1.43468,1.00,1.00
2017.04.06 03:43:21.949,1.43455,1.43468,1.00,1.00
2017.04.06 03:43:22.254,1.43458,1.43472,1.00,1.00
2017.04.06 03:43:25.518,1.43459,1.43474,1.00,1.00
2017.04.06 03:43:29.325,1.43459,1.43475,1.00,1.00
2017.04.06 03:43:29.630,1.43455,1.43471,1.75,1.00
2017.04.06 03:43:29.681,1.43455,1.43471,1.00,1.00
2017.04.06 03:43:29.732,1.43455,1.43468,1.00,1.00
2017.04.06 03:43:37.406,1.43455,1.43468,1.56,1.00
2017.04.06 03:43:40.019,1.43452,1.43468,2.06,1.00
2017.04.06 03:43:40.172,1.43452,1.43468,2.06,1.00
2017.04.06 03:43:40.678,1.43452,1.43468,2.06,1.00
2017.04.06 03:43:41.179,1.43452,1.43467,2.06,1.00
2017.04.06 03:43:46.691,1.43452,1.43467,1.00,1.00
2017.04.06 03:43:57.680,1.43452,1.43468,1.00,1.00
2017.04.06 03:44:05.260,1.43452,1.43467,1.00,1.00
2017.04.06 03:44:06.120,1.43451,1.43467,1.87,1.00
2017.04.06 03:44:07.774,1.43452,1.43467,1.00,1.00
2017.04.06 03:44:08.365,1.43451,1.43467,1.87,1.00
2017.04.06 03:44:11.729,1.43452,1.43467,1.00,1.00
2017.04.06 03:44:12.305,1.43451,1.43467,1.87,1.00
2017.04.06 03:44:31.620,1.4345,1.43466,3.37,1.00
2017.04.06 03:44:35.426,1.4345,1.43465,1.62,1.00
2017.04.06 03:44:35.477,1.43446,1.43465,1.75,1.56
2017.04.06 03:44:35.579,1.43446,1.43458,1.00,1.00
2017.04.06 03:44:35.782,1.43442,1.43458,3.00,1.00
2017.04.06 03:44:35.883,1.43444,1.43458,1.75,1.00
2017.04.06 03:44:36.457,1.43445,1.43459,1.50,1.00
2017.04.06 03:44:36.980,1.43445,1.43461,1.50,1.00
2017.04.06 03:44:37.528,1.43446,1.43462,1.12,1.00
2017.04.06 03:44:51.760,1.43445,1.4346,2.25,1.00
2017.04.06 03:44:52.467,1.43444,1.4346,3.00,1.00
2017.04.06 03:44:52.972,1.43444,1.4346,1.50,1.00
2017.04.06 03:44:53.426,1.43444,1.43458,1.50,1.00
2017.04.06 03:44:53.793,1.43442,1.43458,1.87,1.00
2017.04.06 03:45:06.965,1.43442,1.43458,1.37,1.00
2017.04.06 03:45:09.657,1.43443,1.43458,1.87,1.00
2017.04.06 03:45:19.665,1.43443,1.4346,1.87,1.00
2017.04.06 03:45:28.236,1.43444,1.43459,1.00,1.00
2017.04.06 03:45:31.576,1.43443,1.4346,2.25,1.00
2017.04.06 03:45:34.745,1.43442,1.4346,1.00,1.31
2017.04.06 03:45:35.327,1.43442,1.43459,1.50,1.00
2017.04.06 03:45:36.224,1.43443,1.43459,1.87,1.00
2017.04.06 03:45:36.376,1.43442,1.4346,1.12,1.00
2017.04.06 03:45:36.634,1.43441,1.43457,1.50,1.00
2017.04.06 03:45:44.515,1.43441,1.43457,2.25,1.00
2017.04.06 03:45:44.807,1.43445,1.4346,1.50,1.00
2017.04.06 03:45:44.859,1.43446,1.4346,1.50,1.00
2017.04.06 03:45:45.123,1.43445,1.4346,1.50,1.00
2017.04.06 03:45:45.482,1.43445,1.43458,1.50,1.00
2017.04.06 03:45:45.687,1.43445,1.4346,1.87,1.00
2017.04.06 03:45:47.554,1.43445,1.43459,1.50,1.00
2017.04.06 03:45:49.166,1.43444,1.43459,1.00,1.00
2017.04.06 03:45:51.157,1.43444,1.43461,1.00,1.00
2017.04.06 03:45:52.209,1.43445,1.43461,1.00,1.00
2017.04.06 03:45:52.260,1.43447,1.43461,1.37,1.00
2017.04.06 03:45:52.412,1.43445,1.43462,1.00,1.00
2017.04.06 03:45:52.463,1.43444,1.4346,1.37,1.00
2017.04.06 03:45:52.994,1.43443,1.4346,1.87,1.00
2017.04.06 03:45:57.322,1.43443,1.4346,1.00,1.00
2017.04.06 03:46:00.468,1.43443,1.43461,1.00,1.00
2017.04.06 03:46:00.787,1.43443,1.43459,1.00,1.00
2017.04.06 03:46:04.686,1.43441,1.43457,1.75,1.00
2017.04.06 03:46:04.836,1.43441,1.43457,1.00,1.00
2017.04.06 03:46:05.372,1.4344,1.43458,1.87,1.00
2017.04.06 03:46:08.507,1.4344,1.4346,1.37,1.00
2017.04.06 03:46:10.725,1.43441,1.4346,1.75,1.00
2017.04.06 03:46:15.671,1.43442,1.43459,1.50,1.00
2017.04.06 03:46:19.338,1.43444,1.43459,1.12,1.00
2017.04.06 03:46:19.389,1.43444,1.43461,1.12,1.00
2017.04.06 03:46:30.684,1.43444,1.43463,1.12,1.12
2017.04.06 03:46:30.735,1.43446,1.43463,1.00,1.00
2017.04.06 03:46:31.190,1.43446,1.43465,1.50,1.12
2017.04.06 03:46:33.808,1.43447,1.43465,1.00,1.12
2017.04.06 03:46:34.321,1.43448,1.43465,1.00,1.31
2017.04.06 03:46:35.791,1.43447,1.43465,1.50,1.31
2017.04.06 03:46:36.316,1.43448,1.43465,1.00,1.31
2017.04.06 03:46:37.489,1.43446,1.43465,1.87,1.31
2017.04.06 03:46:37.592,1.43446,1.43465,1.87,1.56
2017.04.06 03:46:38.390,1.43448,1.43466,1.00,1.56
2017.04.06 03:46:38.695,1.43446,1.43467,1.37,2.25
2017.04.06 03:46:38.905,1.43446,1.43465,1.12,1.69
2017.04.06 03:46:39.389,1.43446,1.43465,1.00,1.56
2017.04.06 03:46:40.739,1.43443,1.43463,1.00,1.69
2017.04.06 03:46:40.970,1.43443,1.43463,1.00,1.12
2017.04.06 03:46:41.474,1.43443,1.43462,1.00,1.00
2017.04.06 03:46:46.288,1.43443,1.43462,1.00,1.56
2017.04.06 03:46:48.288,1.43443,1.43462,1.00,1.31
2017.04.06 03:46:49.322,1.43442,1.43462,1.12,1.31
2017.04.06 03:46:49.864,1.43442,1.43462,1.75,1.00
2017.04.06 03:46:52.296,1.43442,1.43462,1.75,1.56
2017.04.06 03:46:52.347,1.43442,1.43462,1.12,1.56
2017.04.06 03:46:53.875,1.43442,1.43462,1.75,1.31
2017.04.06 03:46:54.753,1.43442,1.43462,1.75,1.31
2017.04.06 03:46:55.264,1.43442,1.43462,1.12,1.00
2017.04.06 03:47:01.609,1.43442,1.43462,1.75,2.06
2017.04.06 03:47:02.662,1.43442,1.43462,1.00,2.06
2017.04.06 03:47:07.899,1.43441,1.43461,1.00,1.31
2017.04.06 03:47:09.223,1.43441,1.43462,1.00,2.06
2017.04.06 03:47:12.801,1.43441,1.43462,1.00,2.06
2017.04.06 03:47:13.003,1.43441,1.43462,1.00,2.06
2017.04.06 03:47:15.026,1.43441,1.43462,1.00,2.06
2017.04.06 03:47:20.809,1.43441,1.43462,1.00,2.06
2017.04.06 03:47:23.326,1.43441,1.43462,1.00,2.06
2017.04.06 03:47:24.908,1.4344,1.43462,2.25,2.06
2017.04.06 03:47:25.780,1.4344,1.43461,2.25,1.31
2017.04.06 03:47:26.286,1.4344,1.43463,2.25,2.44
2017.04.06 03:47:30.710,1.43443,1.43462,1.75,1.31
2017.04.06 03:47:30.913,1.4344,1.43462,1.87,1.31
2017.04.06 03:47:31.416,1.4344,1.43461,1.87,1.00
2017.04.06 03:47:34.939,1.43439,1.4346,1.31,1.00
2017.04.06 03:47:35.142,1.43438,1.4346,1.87,1.56
2017.04.06 03:47:42.947,1.43438,1.4346,1.87,2.06
2017.04.06 03:47:47.437,1.43438,1.4346,2.62,2.06
2017.04.06 03:47:52.356,1.43442,1.43463,3.00,1.69
2017.04.06 03:47:52.660,1.43447,1.43464,1.50,1.00
2017.04.06 03:47:52.863,1.43448,1.43467,3.00,1.31
2017.04.06 03:47:53.166,1.43448,1.4347,3.00,3.19
2017.04.06 03:47:54.246,1.43448,1.43468,1.12,1.56
2017.04.06 03:48:02.242,1.43448,1.43468,1.12,1.56
2017.04.06 03:48:02.445,1.43448,1.43469,2.25,1.56
2017.04.06 03:48:02.861,1.43448,1.43469,2.25,1.56
2017.04.06 03:48:02.962,1.43448,1.43469,1.87,1.56
2017.04.06 03:48:03.064,1.43448,1.43469,2.25,1.56
2017.04.06 03:48:03.464,1.43448,1.43469,2.25,1.56
2017.04.06 03:48:05.372,1.43448,1.43469,1.75,2.06
2017.04.06 03:48:05.951,1.43448,1.43469,1.75,2.44
2017.04.06 03:48:07.040,1.43448,1.4347,1.75,2.44
2017.04.06 03:48:07.344,1.43449,1.43469,1.87,2.44
2017.04.06 03:48:07.446,1.43449,1.43467,2.25,1.25
2017.04.06 03:48:08.170,1.4345,1.43468,1.00,1.25
2017.04.06 03:48:09.593,1.43449,1.4347,2.25,2.06
2017.04.06 03:48:11.757,1.43449,1.43471,2.25,2.06
2017.04.06 03:48:12.269,1.4345,1.43471,1.87,2.81
2017.04.06 03:48:15.954,1.43447,1.4347,1.12,1.56
2017.04.06 03:48:16.055,1.43447,1.4347,1.12,1.56
2017.04.06 03:48:16.816,1.43447,1.43471,1.12,3.56
2017.04.06 03:48:18.042,1.4345,1.43471,1.87,2.06
2017.04.06 03:48:18.295,1.4345,1.43471,3.00,2.06
2017.04.06 03:48:18.346,1.43452,1.4347,1.12,1.25
2017.04.06 03:48:18.549,1.43454,1.43472,1.37,1.12
2017.04.06 03:48:18.651,1.43455,1.43475,2.25,1.56
2017.04.06 03:48:18.702,1.43456,1.43477,1.50,1.56
2017.04.06 03:48:18.753,1.43459,1.43476,1.00,1.25
2017.04.06 03:48:18.855,1.43454,1.43476,2.62,1.69
2017.04.06 03:48:19.736,1.43455,1.43478,1.87,2.44
2017.04.06 03:48:20.303,1.43454,1.43477,2.62,1.94
2017.04.06 03:48:23.352,1.43456,1.43477,1.50,2.06
2017.04.06 03:48:24.642,1.43454,1.43476,1.75,1.56
2017.04.06 03:48:26.037,1.43454,1.43476,1.75,1.56
2017.04.06 03:48:26.139,1.43454,1.43477,2.25,1.56
2017.04.06 03:48:27.337,1.43453,1.43477,2.25,2.44
2017.04.06 03:48:28.198,1.43454,1.43475,1.75,1.69
2017.04.06 03:48:28.746,1.43452,1.43473,2.25,1.25
2017.04.06 03:48:34.997,1.43453,1.43473,1.00,1.69
2017.04.06 03:48:35.180,1.43452,1.43472,1.50,1.94
2017.04.06 03:48:35.710,1.4345,1.43471,1.87,1.25
2017.04.06 03:48:41.564,1.43452,1.43474,1.50,2.25
2017.04.06 03:48:41.933,1.43452,1.43475,1.75,1.69
2017.04.06 03:48:43.968,1.43453,1.43474,1.75,1.12
2017.04.06 03:48:44.272,1.43452,1.43474,1.75,2.06
2017.04.06 03:48:44.374,1.43452,1.43474,1.75,2.06
2017.04.06 03:48:44.875,1.43452,1.43474,2.62,1.31
2017.04.06 03:48:45.409,1.43452,1.43474,2.62,1.31
2017.04.06 03:48:47.569,1.43452,1.43474,2.62,1.69
2017.04.06 03:48:47.620,1.43452,1.43474,2.62,1.69
2017.04.06 03:48:50.776,1.43452,1.43474,2.62,1.31
2017.04.06 03:48:51.080,1.43452,1.43474,1.87,1.69
2017.04.06 03:49:01.552,1.43447,1.43469,1.75,1.87
2017.04.06 03:49:02.569,1.43445,1.43468,2.25,1.69
2017.04.06 03:49:11.209,1.43447,1.43469,1.37,2.44
2017.04.06 03:49:11.260,1.43447,1.43469,1.37,2.81
2017.04.06 03:49:11.311,1.43447,1.43469,1.37,3.37
2017.04.06 03:49:20.083,1.43445,1.43465,1.75,1.12
2017.04.06 03:49:20.185,1.43447,1.43464,1.50,1.37
2017.04.06 03:49:20.379,1.43445,1.43465,2.25,1.69
2017.04.06 03:49:20.433,1.43445,1.43465,1.00,2.06
2017.04.06 03:49:31.171,1.43445,1.43465,3.37,1.56
2017.04.06 03:49:31.526,1.43445,1.43465,2.62,1.87
2017.04.06 03:49:33.688,1.43445,1.43465,1.12,2.25
2017.04.06 03:49:36.927,1.43444,1.43463,1.50,2.62
2017.04.06 03:49:37.029,1.43443,1.43463,1.00,3.00
2017.04.06 03:49:37.584,1.43442,1.43463,2.25,3.00
2017.04.06 03:49:47.521,1.43442,1.43462,1.00,1.56
2017.04.06 03:49:48.803,1.43442,1.43462,1.00,1.00
2017.04.06 03:49:49.775,1.43443,1.43464,1.00,1.50
2017.04.06 03:49:49.927,1.43444,1.43464,2.62,1.00
2017.04.06 03:49:50.490,1.43444,1.43465,1.50,1.12
2017.04.06 03:49:52.682,1.43445,1.43467,1.00,1.12
2017.04.06 03:49:52.836,1.43445,1.43467,2.25,1.12
2017.04.06 03:49:53.496,1.43448,1.43467,1.00,1.12
2017.04.06 03:49:54.038,1.43447,1.43467,1.00,1.12
2017.04.06 03:49:54.825,1.43448,1.43467,1.00,1.12
2017.04.06 03:49:55.675,1.43446,1.43467,1.37,1.12
2017.04.06 03:50:01.910,1.43445,1.43467,1.50,1.12
2017.04.06 03:50:05.033,1.43446,1.43467,1.37,1.12
2017.04.06 03:50:07.528,1.43444,1.43466,1.75,1.12
2017.04.06 03:50:07.731,1.43445,1.43465,1.12,1.00
2017.04.06 03:50:13.946,1.43445,1.43465,1.12,1.56
2017.04.06 03:50:24.664,1.4344,1.43463,2.25,1.94
2017.04.06 03:50:29.870,1.43441,1.43462,1.75,1.25
2017.04.06 03:50:48.471,1.43439,1.43462,2.25,1.69
2017.04.06 03:50:52.592,1.43439,1.43462,2.25,1.69
2017.04.06 03:50:57.358,1.43439,1.43462,1.75,1.69
2017.04.06 03:51:08.763,1.43438,1.4346,2.25,1.12
2017.04.06 03:51:08.814,1.43438,1.4346,2.25,1.94
2017.04.06 03:51:08.865,1.43438,1.4346,1.75,1.94
2017.04.06 03:51:09.018,1.43438,1.4346,1.75,1.69
2017.04.06 03:51:18.592,1.43438,1.4346,1.75,1.69
2017.04.06 03:51:18.693,1.43437,1.43459,1.50,1.12
2017.04.06 03:51:18.744,1.43437,1.43459,1.50,1.12
2017.04.06 03:51:19.485,1.43436,1.43459,1.37,1.50
2017.04.06 03:51:24.250,1.43435,1.43457,2.25,1.00
2017.04.06 03:51:24.558,1.43433,1.43455,1.50,1.50
2017.04.06 03:51:25.084,1.43431,1.43454,3.56,1.69
2017.04.06 03:51:25.615,1.43431,1.43454,2.25,1.69
2017.04.06 03:51:31.139,1.43432,1.43454,1.75,1.56
2017.04.06 03:51:32.914,1.43432,1.43454,1.75,1.56
2017.04.06 03:51:34.260,1.43432,1.43454,1.75,1.56
2017.04.06 03:51:34.744,1.43433,1.43455,1.62,1.69
2017.04.06 03:51:37.936,1.43433,1.43456,2.62,1.94
2017.04.06 03:51:38.565,1.43435,1.43456,1.00,1.31
2017.04.06 03:51:38.915,1.43437,1.43457,1.00,1.31
2017.04.06 03:51:38.967,1.43434,1.43456,1.75,1.69
2017.04.06 03:51:56.361,1.43435,1.43456,1.75,1.69
2017.04.06 03:51:56.743,1.43436,1.43456,1.50,1.87
2017.04.06 03:51:56.794,1.43436,1.43456,1.00,1.87
2017.04.06 03:51:58.042,1.43436,1.43456,1.50,1.69
2017.04.06 03:51:58.976,1.43436,1.43456,1.00,2.44
2017.04.06 03:51:59.129,1.43435,1.43454,1.00,1.12
2017.04.06 03:51:59.671,1.43436,1.43456,1.69,1.37
2017.04.06 03:52:03.795,1.43438,1.43456,1.00,1.00
2017.04.06 03:52:04.100,1.43437,1.43458,1.00,3.19
2017.04.06 03:52:04.682,1.43436,1.43455,1.12,1.25
2017.04.06 03:52:05.253,1.43436,1.43456,1.12,1.37
2017.04.06 03:52:08.341,1.43437,1.43456,1.37,1.12
2017.04.06 03:52:09.060,1.43436,1.43457,1.50,2.81
2017.04.06 03:52:09.112,1.43436,1.43457,1.12,2.81
2017.04.06 03:52:09.820,1.43439,1.43456,1.00,2.06
2017.04.06 03:52:10.327,1.4344,1.43461,1.12,2.06
2017.04.06 03:52:10.831,1.4344,1.43461,1.87,2.06
2017.04.06 03:52:11.354,1.43441,1.43461,1.50,1.56
2017.04.06 03:52:11.607,1.43439,1.43456,1.87,1.25
2017.04.06 03:52:11.759,1.43438,1.43458,2.62,1.94
2017.04.06 03:52:11.950,1.43437,1.43457,1.87,1.94
2017.04.06 03:52:12.462,1.43437,1.43457,1.50,1.94
2017.04.06 03:52:13.905,1.43438,1.43457,1.00,1.94
2017.04.06 03:52:14.233,1.43439,1.43458,1.00,1.50
2017.04.06 03:52:14.385,1.43437,1.43458,1.12,1.50
2017.04.06 03:52:14.758,1.43437,1.43458,1.12,2.06
2017.04.06 03:52:14.859,1.43437,1.43458,1.50,1.50
2017.04.06 03:52:14.961,1.43437,1.43458,1.87,2.06
2017.04.06 03:52:15.113,1.43437,1.43458,1.12,1.50
2017.04.06 03:52:15.164,1.43438,1.43458,1.00,1.31
2017.04.06 03:52:15.316,1.43437,1.43459,1.12,1.87
2017.04.06 03:52:15.368,1.43437,1.43458,1.87,1.31
2017.04.06 03:52:15.520,1.43437,1.43459,1.50,1.87
2017.04.06 03:52:15.621,1.43437,1.43458,1.87,1.31
2017.04.06 03:52:16.127,1.43438,1.43458,1.00,1.31
2017.04.06 03:52:16.283,1.43437,1.43459,1.87,1.87
2017.04.06 03:52:16.334,1.43438,1.43458,1.00,1.31
2017.04.06 03:52:16.536,1.43437,1.43459,1.50,2.62
2017.04.06 03:52:16.638,1.43437,1.43458,1.87,1.31
2017.04.06 03:52:16.942,1.43437,1.43459,1.50,2.62
2017.04.06 03:52:17.045,1.43437,1.43458,1.12,1.31
2017.04.06 03:52:17.248,1.43437,1.43459,1.12,2.62
2017.04.06 03:52:17.350,1.43438,1.43458,1.00,1.31
2017.04.06 03:52:17.553,1.43437,1.43459,1.12,2.62
2017.04.06 03:52:17.654,1.43437,1.43458,1.12,1.31
2017.04.06 03:52:17.857,1.43437,1.43459,1.12,2.62
2017.04.06 03:52:17.958,1.43438,1.43458,1.00,1.31
2017.04.06 03:52:18.160,1.43437,1.43459,1.12,2.62
2017.04.06 03:52:18.262,1.43438,1.43458,1.00,1.31
2017.04.06 03:52:18.464,1.43437,1.43459,1.12,2.62
2017.04.06 03:52:18.566,1.43438,1.43458,1.00,1.31
2017.04.06 03:52:18.769,1.43438,1.43459,1.00,2.62
2017.04.06 03:52:18.944,1.43439,1.43458,1.00,1.31
2017.04.06 03:52:19.146,1.43439,1.43459,1.00,1.37
2017.04.06 03:52:19.247,1.43439,1.43458,1.00,1.31
2017.04.06 03:52:19.608,1.43438,1.43458,1.00,2.06
2017.04.06 03:52:20.131,1.43437,1.43454,1.12,1.25
2017.04.06 03:52:20.777,1.43437,1.43458,1.12,1.31
2017.04.06 03:52:21.865,1.43437,1.43458,1.12,1.31
2017.04.06 03:52:24.102,1.43436,1.43458,1.50,1.31
2017.04.06 03:52:24.611,1.43437,1.43458,1.50,1.94
2017.04.06 03:52:25.021,1.43436,1.43459,1.87,2.81
2017.04.06 03:52:25.490,1.43436,1.43458,1.87,1.31
2017.04.06 03:52:26.450,1.43436,1.43458,1.87,1.31
2017.04.06 03:52:27.665,1.43437,1.43458,1.12,1.69
2017.04.06 03:52:27.769,1.43437,1.43458,1.12,1.31
2017.04.06 03:52:27.944,1.43437,1.43458,1.12,1.56
2017.04.06 03:52:28.653,1.43437,1.43458,1.12,1.56
2017.04.06 03:52:29.169,1.43438,1.43458,1.00,1.56
2017.04.06 03:52:32.260,1.43438,1.43458,1.00,1.56
2017.04.06 03:52:32.537,1.43444,1.43465,1.12,1.56
2017.04.06 03:52:33.077,1.43444,1.43466,1.50,1.94
2017.04.06 03:52:37.255,1.43444,1.43466,1.50,3.75
2017.04.06 03:52:38.565,1.43444,1.43466,1.50,3.19
2017.04.06 03:52:38.958,1.43444,1.43466,1.50,1.87
2017.04.06 03:52:40.950,1.43444,1.43467,1.50,3.56
2017.04.06 03:52:41.293,1.43444,1.43467,1.50,3.56
2017.04.06 03:52:42.318,1.43444,1.43466,1.50,1.94
2017.04.06 03:52:42.844,1.43444,1.43466,1.50,1.94
2017.04.06 03:52:43.258,1.43444,1.43466,1.50,1.94
2017.04.06 03:52:43.473,1.43439,1.43461,2.06,1.25
2017.04.06 03:52:43.524,1.43441,1.43463,1.50,1.69
2017.04.06 03:52:43.677,1.43441,1.43464,1.00,3.19
2017.04.06 03:52:43.728,1.43441,1.43461,1.00,1.25
2017.04.06 03:52:43.829,1.43444,1.43463,1.00,1.00
2017.04.06 03:52:44.853,1.43444,1.43464,1.00,1.25
2017.04.06 03:52:46.720,1.43444,1.43465,1.00,2.06
2017.04.06 03:52:47.466,1.43444,1.43465,1.37,1.69
2017.04.06 03:52:47.977,1.43444,1.43465,1.37,1.56
2017.04.06 03:52:49.321,1.43444,1.43466,1.37,1.31
2017.04.06 03:52:49.423,1.43443,1.43464,1.00,1.31
2017.04.06 03:52:49.944,1.43444,1.43463,1.12,1.25
2017.04.06 03:52:51.057,1.43444,1.43465,1.87,1.31
2017.04.06 03:52:51.260,1.43444,1.43464,1.87,1.25
2017.04.06 03:52:51.749,1.43444,1.43465,1.87,1.31
2017.04.06 03:52:52.265,1.43445,1.43465,1.00,2.06
2017.04.06 03:52:52.600,1.43441,1.43463,1.50,1.12
2017.04.06 03:52:52.651,1.43443,1.43462,1.00,1.00
2017.04.06 03:52:57.628,1.43443,1.43463,1.00,1.37
2017.04.06 03:52:57.878,1.43439,1.43463,1.75,3.94
2017.04.06 03:52:59.683,1.43441,1.43462,1.37,1.37
2017.04.06 03:52:59.883,1.43442,1.43463,1.37,1.37
2017.04.06 03:52:59.934,1.43444,1.43464,1.50,1.50
2017.04.06 03:53:02.064,1.43444,1.43464,1.00,1.00
2017.04.06 03:53:21.481,1.43446,1.43466,1.00,1.00
2017.04.06 03:53:21.785,1.43448,1.4347,1.00,2.62
2017.04.06 03:53:22.367,1.43447,1.43469,1.12,1.37
2017.04.06 03:53:24.802,1.43447,1.43468,1.12,1.56
2017.04.06 03:53:25.189,1.43447,1.4347,1.75,4.31
2017.04.06 03:53:25.989,1.43447,1.4347,1.75,4.31
2017.04.06 03:53:28.614,1.43447,1.4347,1.75,4.31
2017.04.06 03:53:30.463,1.43447,1.43468,1.75,1.25
2017.04.06 03:53:31.965,1.43447,1.4347,1.75,2.81
2017.04.06 03:53:34.471,1.43447,1.43468,1.75,1.25
2017.04.06 03:53:37.288,1.43449,1.4347,1.12,1.69
2017.04.06 03:53:37.832,1.43449,1.4347,1.12,2.06
2017.04.06 03:53:38.374,1.43449,1.43468,1.12,1.25
2017.04.06 03:53:39.518,1.43448,1.43469,1.50,1.69
2017.04.06 03:53:40.372,1.43448,1.43469,1.50,1.69
2017.04.06 03:53:40.869,1.43444,1.43467,2.25,1.12
2017.04.06 03:53:41.022,1.43445,1.43465,1.12,1.25
2017.04.06 03:53:41.073,1.43445,1.43465,1.12,1.69
2017.04.06 03:53:41.529,1.43442,1.43462,1.12,1.25
2017.04.06 03:53:42.898,1.43444,1.43464,1.00,2.00
2017.04.06 03:53:44.899,1.43444,1.43463,1.00,1.00
2017.04.06 03:53:45.451,1.43443,1.43463,1.00,1.00
2017.04.06 03:53:46.261,1.43441,1.43463,1.50,1.50
2017.04.06 03:53:46.648,1.43443,1.43463,1.50,1.12
2017.04.06 03:53:47.187,1.43443,1.43463,1.12,1.12
2017.04.06 03:53:47.517,1.43443,1.43464,1.12,2.06
2017.04.06 03:53:52.408,1.43443,1.43463,1.12,1.69
2017.04.06 03:53:55.260,1.43443,1.43463,1.12,1.12
2017.04.06 03:53:59.012,1.43444,1.43464,1.00,1.50
2017.04.06 03:53:59.528,1.43442,1.43463,2.62,1.12
2017.04.06 03:53:59.857,1.43448,1.43467,1.00,2.25
2017.04.06 03:54:00.161,1.43446,1.43467,1.12,2.81
2017.04.06 03:54:00.313,1.43447,1.43467,1.00,2.25
2017.04.06 03:54:00.819,1.43447,1.43467,1.00,1.56
2017.04.06 03:54:01.508,1.43447,1.43468,1.00,2.62
2017.04.06 03:54:03.529,1.43447,1.43468,1.50,1.37
2017.04.06 03:54:07.840,1.43448,1.43468,1.12,1.37
2017.04.06 03:54:08.385,1.43448,1.43468,1.12,1.12
2017.04.06 03:54:08.437,1.43448,1.43468,1.12,1.37
2017.04.06 03:54:08.983,1.43448,1.43468,1.12,1.37
2017.04.06 03:54:09.484,1.43448,1.43468,1.12,1.37
2017.04.06 03:54:09.990,1.43448,1.43468,1.12,1.37
2017.04.06 03:54:10.495,1.43448,1.43468,1.12,1.37
2017.04.06 03:54:11.003,1.43448,1.43468,1.12,1.37
2017.04.06 03:54:11.509,1.43448,1.43468,1.12,1.37
2017.04.06 03:54:12.023,1.43448,1.43468,1.12,1.37
2017.04.06 03:54:12.327,1.43448,1.43468,1.12,1.37
2017.04.06 03:54:14.591,1.43448,1.43468,1.12,1.37
2017.04.06 03:54:17.283,1.43446,1.43468,2.62,1.37
2017.04.06 03:54:17.824,1.43446,1.43468,1.75,1.37
2017.04.06 03:54:18.442,1.43447,1.43468,1.50,1.37
2017.04.06 03:54:18.948,1.43446,1.43468,1.75,1.37
2017.04.06 03:54:19.491,1.43446,1.43468,1.75,1.37
2017.04.06 03:54:19.997,1.43448,1.43468,1.12,1.00
2017.04.06 03:54:20.387,1.43448,1.43468,1.75,1.00
2017.04.06 03:54:20.978,1.43449,1.43471,1.50,2.25
2017.04.06 03:54:21.281,1.43448,1.43468,1.12,1.37
2017.04.06 03:54:29.168,1.43448,1.43467,1.12,1.37
2017.04.06 03:54:31.000,1.43449,1.43468,1.00,1.37
2017.04.06 03:54:31.528,1.43449,1.43468,1.00,1.37
2017.04.06 03:54:32.210,1.43448,1.43468,1.12,1.37
2017.04.06 03:54:50.357,1.43448,1.43468,1.12,1.37
2017.04.06 03:54:52.504,1.43447,1.43468,1.50,1.69
2017.04.06 03:55:00.378,1.43449,1.43468,1.00,1.00
2017.04.06 03:55:00.480,1.43452,1.4347,1.00,1.62
2017.04.06 03:55:00.632,1.43453,1.43472,1.00,1.00
2017.04.06 03:55:01.189,1.43453,1.43473,1.00,1.50
2017.04.06 03:55:06.862,1.43454,1.43473,1.00,1.50
2017.04.06 03:55:10.734,1.43454,1.43472,1.00,1.00
2017.04.06 03:55:17.811,1.43454,1.43473,1.00,1.50
2017.04.06 03:55:18.365,1.43454,1.43472,1.00,1.12
2017.04.06 03:55:24.915,1.43451,1.43474,1.37,1.75
2017.04.06 03:55:27.927,1.4345,1.43474,3.75,1.87
2017.04.06 03:55:28.950,1.43449,1.43473,1.75,3.00
2017.04.06 03:55:29.052,1.43449,1.43471,1.12,1.87
2017.04.06 03:55:34.908,1.43449,1.4347,1.12,1.00
2017.04.06 03:55:34.959,1.43449,1.43471,1.75,1.37
2017.04.06 03:55:38.528,1.43449,1.4347,1.75,2.44
2017.04.06 03:55:38.688,1.43449,1.4347,1.12,2.44
2017.04.06 03:55:40.503,1.43445,1.43468,2.25,1.37
2017.04.06 03:55:40.554,1.43445,1.43468,2.25,1.12
2017.04.06 03:55:40.757,1.43445,1.43468,1.87,2.44
2017.04.06 03:55:43.893,1.43445,1.43468,3.00,1.69
2017.04.06 03:55:44.415,1.43449,1.43468,1.00,1.12
2017.04.06 03:55:46.635,1.43446,1.43467,1.75,1.37
2017.04.06 03:55:46.737,1.43449,1.43469,1.00,1.50
2017.04.06 03:55:46.990,1.43449,1.4347,1.87,1.00
2017.04.06 03:55:47.506,1.43449,1.43471,3.00,1.37
2017.04.06 03:55:49.219,1.43449,1.43472,3.00,2.06
2017.04.06 03:55:51.639,1.43448,1.43467,1.75,1.37
2017.04.06 03:55:51.690,1.43446,1.43467,1.75,1.37
2017.04.06 03:55:51.792,1.43446,1.43466,1.50,1.62
2017.04.06 03:55:51.844,1.43446,1.43466,1.50,1.62
2017.04.06 03:55:51.945,1.43447,1.43466,1.00,1.62
2017.04.06 03:55:52.685,1.43446,1.43466,1.12,1.62
2017.04.06 03:55:53.252,1.43447,1.43465,1.00,1.25
2017.04.06 03:55:54.822,1.43446,1.43466,1.12,2.06
2017.04.06 03:55:55.328,1.43446,1.43466,1.12,2.06
2017.04.06 03:55:58.054,1.43445,1.43466,1.87,2.06
2017.04.06 03:55:58.632,1.43445,1.43466,1.87,2.06
2017.04.06 03:55:59.867,1.43446,1.43466,1.12,2.06
2017.04.06 03:56:00.820,1.43446,1.43465,1.12,1.12
2017.04.06 03:56:02.488,1.43445,1.43465,1.87,1.69
2017.04.06 03:56:02.997,1.43446,1.43465,1.00,1.69
2017.04.06 03:56:03.331,1.43446,1.43465,1.12,1.56
2017.04.06 03:56:03.438,1.43446,1.43465,1.12,1.00
2017.04.06 03:56:03.821,1.43446,1.43465,1.12,1.56
2017.04.06 03:56:04.277,1.43442,1.43463,1.75,1.37
2017.04.06 03:56:04.429,1.43444,1.43463,1.37,1.12
2017.04.06 03:56:05.425,1.43444,1.43463,1.37,1.69
2017.04.06 03:56:07.440,1.43444,1.43463,1.31,1.37
2017.04.06 03:56:07.988,1.43444,1.43463,1.31,1.12
2017.04.06 03:56:08.414,1.43441,1.4346,2.44,1.00
2017.04.06 03:56:08.567,1.43441,1.43461,1.69,1.12
2017.04.06 03:56:08.618,1.43441,1.4346,2.44,1.37
2017.04.06 03:56:09.897,1.43441,1.4346,1.00,1.69
2017.04.06 03:56:10.340,1.43441,1.4346,1.00,1.69
2017.04.06 03:56:11.707,1.4344,1.43461,1.37,1.37
2017.04.06 03:56:11.961,1.43439,1.43458,1.00,1.00
2017.04.06 03:56:12.512,1.43439,1.43459,1.37,1.00
2017.04.06 03:56:12.664,1.43439,1.43458,1.50,1.37
2017.04.06 03:56:12.715,1.4344,1.43458,1.00,1.00
2017.04.06 03:56:12.767,1.43438,1.43459,1.75,1.00
2017.04.06 03:56:12.818,1.43439,1.4346,1.12,1.12
2017.04.06 03:56:12.919,1.43439,1.43461,1.87,1.37
2017.04.06 03:56:12.988,1.4344,1.43462,1.37,1.50
2017.04.06 03:56:13.487,1.4344,1.43461,1.50,1.37
2017.04.06 03:56:13.591,1.4344,1.43462,1.50,1.50
2017.04.06 03:56:14.105,1.4344,1.43461,2.25,1.00
2017.04.06 03:56:14.619,1.4344,1.43462,2.25,1.50
2017.04.06 03:56:14.670,1.4344,1.43462,2.25,1.50
2017.04.06 03:56:25.649,1.43442,1.43462,1.00,1.00
2017.04.06 03:56:27.167,1.43442,1.43463,1.00,1.12
2017.04.06 03:56:27.788,1.43441,1.43463,1.87,1.12
2017.04.06 03:56:27.889,1.43442,1.43462,1.00,1.00
2017.04.06 03:56:27.943,1.43442,1.43464,1.75,1.37
2017.04.06 03:56:30.708,1.43442,1.43465,1.75,1.50
2017.04.06 03:56:39.379,1.43445,1.43462,1.50,1.00
2017.04.06 03:56:39.672,1.43445,1.43466,1.50,1.25
2017.04.06 03:56:39.824,1.43445,1.43467,1.00,1.87
2017.04.06 03:56:40.330,1.43443,1.43466,1.50,1.50
2017.04.06 03:56:45.004,1.43443,1.43464,1.12,1.00
2017.04.06 03:56:45.518,1.43443,1.43465,1.69,1.87
2017.04.06 03:56:46.326,1.43443,1.43464,1.69,1.00
2017.04.06 03:56:46.629,1.43447,1.43466,1.00,1.31
2017.04.06 03:56:51.518,1.43446,1.43466,1.12,1.31
2017.04.06 03:56:51.864,1.43446,1.43466,1.00,1.56
2017.04.06 03:56:52.967,1.43446,1.43466,1.00,1.31
2017.04.06 03:56:59.535,1.43445,1.43466,1.25,1.00
2017.04.06 03:56:59.585,1.43444,1.43466,3.75,1.56
2017.04.06 03:57:00.102,1.43444,1.43466,2.62,1.31
2017.04.06 03:57:00.679,1.43444,1.43466,3.00,1.31
2017.04.06 03:57:00.984,1.43448,1.43469,2.62,1.25
2017.04.06 03:57:06.364,1.43448,1.4347,1.50,1.31
2017.04.06 03:57:07.323,1.43449,1.4347,1.00,1.31
2017.04.06 03:57:07.627,1.43451,1.43474,1.87,2.44
2017.04.06 03:57:08.866,1.43452,1.43473,1.12,1.56
2017.04.06 03:57:10.166,1.43452,1.43473,1.12,1.56
2017.04.06 03:57:17.299,1.43452,1.43474,2.62,1.94
2017.04.06 03:57:20.640,1.43454,1.43474,1.00,1.94
2017.04.06 03:57:20.894,1.43458,1.43477,1.00,1.31
2017.04.06 03:57:21.421,1.43458,1.4348,1.50,2.06
2017.04.06 03:57:22.395,1.43458,1.4348,1.50,1.31
2017.04.06 03:57:23.003,1.43457,1.4348,2.62,1.31
2017.04.06 03:57:27.122,1.43455,1.43477,1.87,2.44
2017.04.06 03:57:27.224,1.43454,1.43476,1.50,1.31
2017.04.06 03:57:27.477,1.43454,1.43475,1.00,1.69
2017.04.06 03:57:27.730,1.43455,1.43477,1.50,1.56
2017.04.06 03:57:29.879,1.43458,1.43477,1.00,1.56
2017.04.06 03:57:30.308,1.43456,1.43477,1.00,1.56
2017.04.06 03:57:31.005,1.43456,1.43477,1.00,1.56
2017.04.06 03:57:32.206,1.43455,1.43475,1.87,1.25
2017.04.06 03:57:35.620,1.43455,1.43477,2.25,2.06
2017.04.06 03:57:36.960,1.43456,1.43477,1.37,1.69
2017.04.06 03:57:37.011,1.43457,1.43477,1.12,1.25
2017.04.06 03:57:37.274,1.43457,1.43477,1.12,1.56
2017.04.06 03:57:39.375,1.43457,1.43477,1.12,1.56
2017.04.06 03:57:42.330,1.43456,1.43476,1.87,1.25
2017.04.06 03:57:42.944,1.43456,1.43477,1.87,1.31
2017.04.06 03:57:43.931,1.43456,1.43477,2.62,1.56
2017.04.06 03:57:44.595,1.43456,1.43477,2.62,1.56
2017.04.06 03:57:45.810,1.43457,1.43476,1.00,1.25
2017.04.06 03:57:57.298,1.43456,1.43478,1.37,2.81
2017.04.06 03:57:57.855,1.43456,1.43478,1.37,2.81
2017.04.06 03:57:58.415,1.43456,1.43478,1.37,2.81
2017.04.06 03:57:59.935,1.43457,1.43478,1.25,2.81
2017.04.06 03:58:00.241,1.43456,1.43477,1.00,1.87
2017.04.06 03:58:00.824,1.43454,1.43475,1.37,1.12
2017.04.06 03:58:03.317,1.43454,1.43476,1.37,1.50
2017.04.06 03:58:03.621,1.43457,1.43478,1.87,1.87
2017.04.06 03:58:04.732,1.43457,1.43478,1.87,1.00
2017.04.06 03:58:05.265,1.43457,1.43479,1.87,1.50
2017.04.06 03:58:08.043,1.43457,1.43479,1.50,1.50
2017.04.06 03:58:09.685,1.43456,1.43478,1.75,1.87
2017.04.06 03:58:09.787,1.43456,1.43475,1.00,1.00
2017.04.06 03:58:09.838,1.43454,1.43475,1.50,1.00
2017.04.06 03:58:10.396,1.43452,1.43476,3.00,1.87
2017.04.06 03:58:16.762,1.43452,1.43475,1.87,1.00
2017.04.06 03:58:18.345,1.43452,1.43476,1.12,2.62
2017.04.06 03:58:22.761,1.43453,1.43475,2.25,1.00
2017.04.06 03:58:23.014,1.43454,1.43476,1.87,1.12
2017.04.06 03:58:23.217,1.43453,1.43476,2.25,1.87
2017.04.06 03:58:23.319,1.43453,1.43476,2.25,1.12
2017.04.06 03:58:23.420,1.43453,1.43476,2.25,1.87
2017.04.06 03:58:25.430,1.43453,1.43476,2.25,2.62
2017.04.06 03:58:25.936,1.43453,1.43475,1.50,2.25
2017.04.06 03:58:26.508,1.43453,1.43474,1.00,2.25
2017.04.06 03:58:27.045,1.43449,1.43474,5.25,2.25
2017.04.06 03:58:30.099,1.43449,1.43474,4.50,3.00
2017.04.06 03:58:35.100,1.4345,1.43474,1.87,2.25
2017.04.06 03:58:42.795,1.43452,1.43471,1.00,1.12
2017.04.06 03:58:52.888,1.43453,1.43471,1.50,1.31
2017.04.06 03:58:53.394,1.43452,1.4347,1.00,1.00
2017.04.06 03:58:53.899,1.43452,1.43471,1.00,1.69
2017.04.06 03:58:54.377,1.43452,1.43471,1.00,1.94
2017.04.06 03:58:54.882,1.4345,1.43471,1.87,2.06
2017.04.06 03:58:55.410,1.4345,1.4347,1.50,1.12
2017.04.06 03:58:57.160,1.43449,1.43469,2.25,1.00
2017.04.06 03:58:57.667,1.43449,1.43469,1.87,1.00
2017.04.06 03:58:59.813,1.43449,1.4347,1.37,1.12
2017.04.06 03:59:03.253,1.4345,1.43472,2.25,1.87
2017.04.06 03:59:10.320,1.43452,1.43472,1.00,1.87
2017.04.06 03:59:10.472,1.43452,1.43472,1.12,1.12
2017.04.06 03:59:15.204,1.43452,1.43471,1.12,1.00
2017.04.06 03:59:25.058,1.43452,1.43471,1.00,1.37
2017.04.06 03:59:25.211,1.43452,1.43472,1.87,1.12
2017.04.06 03:59:25.725,1.43452,1.43472,2.62,1.12
2017.04.06 03:59:26.573,1.43452,1.43471,1.50,1.00
2017.04.06 03:59:27.346,1.43452,1.43471,1.50,1.37
2017.04.06 03:59:28.695,1.43452,1.43471,1.37,1.00
2017.04.06 03:59:31.163,1.43451,1.43471,1.87,1.00
2017.04.06 03:59:39.959,1.43451,1.43473,1.12,1.12
2017.04.06 03:59:40.773,1.43451,1.43472,1.12,1.00
2017.04.06 03:59:44.950,1.43451,1.43472,1.87,1.00
2017.04.06 03:59:51.514,1.43451,1.43471,2.62,1.00
