2017.02.08 17:00:00.146,1.40864,1.4088,1.50,1.00
2017.02.08 17:00:00.919,1.40864,1.4088,1.00,1.00
2017.02.08 17:00:01.785,1.40864,1.4088,1.12,1.00
2017.02.08 17:00:02.839,1.40866,1.40883,3.19,1.00
2017.02.08 17:00:02.890,1.40868,1.40885,1.87,1.00
2017.02.08 17:00:02.941,1.40869,1.40887,1.31,1.87
2017.02.08 17:00:03.093,1.4087,1.40887,1.00,1.37
2017.02.08 17:00:03.194,1.40869,1.40887,1.62,1.87
2017.02.08 17:00:03.700,1.40869,1.40887,2.06,1.00
2017.02.08 17:00:05.180,1.40872,1.40888,1.12,1.00
2017.02.08 17:00:05.282,1.40872,1.4089,1.00,2.25
2017.02.08 17:00:05.384,1.40871,1.40888,1.00,1.87
2017.02.08 17:00:05.689,1.40868,1.40887,3.00,2.25
2017.02.08 17:00:06.195,1.40867,1.40886,3.00,1.37
2017.02.08 17:00:06.296,1.40868,1.40886,1.12,1.87
2017.02.08 17:00:06.398,1.40866,1.40884,1.50,2.25
2017.02.08 17:00:06.500,1.40865,1.40883,1.37,1.12
2017.02.08 17:00:06.601,1.40865,1.40883,1.00,1.50
2017.02.08 17:00:07.069,1.40865,1.40883,1.37,1.50
2017.02.08 17:00:07.582,1.40865,1.40883,1.50,1.12
2017.02.08 17:00:09.248,1.40866,1.40884,1.87,3.00
2017.02.08 17:00:10.096,1.40867,1.40883,1.12,2.25
2017.02.08 17:00:10.602,1.40865,1.40881,1.50,1.00
2017.02.08 17:00:10.653,1.40865,1.40883,2.19,1.50
2017.02.08 17:00:10.704,1.40865,1.40883,1.81,1.37
2017.02.08 17:00:11.226,1.40864,1.40883,3.00,1.75
2017.02.08 17:00:11.736,1.40865,1.40883,2.62,1.75
2017.02.08 17:00:12.242,1.40868,1.40883,1.44,1.75
2017.02.08 17:00:12.394,1.40862,1.4088,2.62,1.00
2017.02.08 17:00:12.565,1.40862,1.40879,1.00,1.00
2017.02.08 17:00:13.071,1.40861,1.40879,2.25,1.50
2017.02.08 17:00:13.773,1.4086,1.40878,3.56,1.12
2017.02.08 17:00:14.311,1.40861,1.40878,1.00,1.87
2017.02.08 17:00:14.824,1.40859,1.40878,4.87,1.87
2017.02.08 17:00:15.360,1.4086,1.40878,1.69,1.12
2017.02.08 17:00:15.511,1.4086,1.40878,2.00,1.87
2017.02.08 17:00:15.666,1.40861,1.40876,1.00,1.00
2017.02.08 17:00:16.111,1.4086,1.40878,2.00,1.12
2017.02.08 17:00:16.617,1.40861,1.40879,1.69,2.62
2017.02.08 17:00:16.948,1.4086,1.40877,2.25,1.00
2017.02.08 17:00:17.201,1.40859,1.40874,1.87,1.00
2017.02.08 17:00:17.302,1.40857,1.40873,1.81,2.25
2017.02.08 17:00:17.404,1.40856,1.40867,1.12,1.00
2017.02.08 17:00:17.455,1.40856,1.40873,1.12,2.62
2017.02.08 17:00:18.215,1.40857,1.40874,1.12,1.50
2017.02.08 17:00:18.746,1.40855,1.40874,3.37,2.25
2017.02.08 17:00:18.913,1.40855,1.40872,1.37,1.50
2017.02.08 17:00:19.437,1.40855,1.40872,1.00,1.50
2017.02.08 17:00:19.986,1.40855,1.40871,1.00,1.00
2017.02.08 17:00:20.491,1.40852,1.40863,1.75,1.00
2017.02.08 17:00:20.593,1.40848,1.40864,1.12,1.00
2017.02.08 17:00:20.695,1.40848,1.40864,1.75,1.00
2017.02.08 17:00:20.847,1.40852,1.40864,1.12,1.00
2017.02.08 17:00:20.999,1.40852,1.40867,1.50,1.00
2017.02.08 17:00:21.101,1.40853,1.40865,1.00,1.00
2017.02.08 17:00:21.151,1.40853,1.40869,1.00,1.00
2017.02.08 17:00:21.419,1.40854,1.40871,1.37,1.00
2017.02.08 17:00:21.724,1.40855,1.40867,1.00,1.00
2017.02.08 17:00:21.825,1.40858,1.40872,1.00,1.12
2017.02.08 17:00:21.978,1.4086,1.40873,1.87,1.37
2017.02.08 17:00:22.181,1.40858,1.40871,2.62,1.00
2017.02.08 17:00:22.232,1.4086,1.40877,1.12,1.12
2017.02.08 17:00:22.435,1.40858,1.40873,1.75,1.00
2017.02.08 17:00:22.817,1.40855,1.40873,1.87,1.37
2017.02.08 17:00:23.318,1.40857,1.40873,1.00,1.00
2017.02.08 17:00:23.823,1.40857,1.40874,1.00,1.12
2017.02.08 17:00:25.558,1.40854,1.40873,1.75,2.25
2017.02.08 17:00:25.660,1.40856,1.40872,1.75,1.00
2017.02.08 17:00:25.710,1.40854,1.40872,2.25,1.12
2017.02.08 17:00:26.242,1.40854,1.40874,2.62,1.37
2017.02.08 17:00:26.653,1.40853,1.4087,1.75,1.00
2017.02.08 17:00:26.705,1.40852,1.4087,1.87,1.00
2017.02.08 17:00:27.009,1.4085,1.40868,1.75,1.00
2017.02.08 17:00:27.313,1.40849,1.40866,1.37,1.87
2017.02.08 17:00:27.875,1.40849,1.40867,1.50,1.12
2017.02.08 17:00:28.548,1.40849,1.40867,1.50,1.12
2017.02.08 17:00:29.204,1.40849,1.40866,1.00,1.50
2017.02.08 17:00:29.357,1.4085,1.40866,1.00,1.75
2017.02.08 17:00:29.862,1.40849,1.40868,1.00,3.56
2017.02.08 17:00:30.186,1.40851,1.40868,1.00,2.25
2017.02.08 17:00:31.651,1.4085,1.40865,1.00,1.50
2017.02.08 17:00:32.175,1.40849,1.40865,1.00,1.50
2017.02.08 17:00:32.503,1.40849,1.40856,1.00,1.00
2017.02.08 17:00:32.792,1.40847,1.40855,1.00,1.00
2017.02.08 17:00:33.046,1.40844,1.4086,1.50,1.00
2017.02.08 17:00:33.147,1.40844,1.40854,1.00,1.00
2017.02.08 17:00:33.655,1.40844,1.4086,1.00,1.50
2017.02.08 17:00:34.009,1.40842,1.40857,1.50,1.00
2017.02.08 17:00:34.266,1.4084,1.40857,1.37,1.12
2017.02.08 17:00:34.767,1.40841,1.40857,1.12,1.50
2017.02.08 17:00:35.292,1.40842,1.40858,1.00,1.75
2017.02.08 17:00:35.394,1.40845,1.4086,1.12,1.75
2017.02.08 17:00:35.546,1.40845,1.40861,1.12,1.75
2017.02.08 17:00:35.648,1.40845,1.40855,1.50,1.00
2017.02.08 17:00:35.952,1.40845,1.40861,1.50,1.00
2017.02.08 17:00:36.453,1.40845,1.4086,1.12,1.00
2017.02.08 17:00:36.857,1.40846,1.40862,1.12,1.12
2017.02.08 17:00:37.405,1.40846,1.40862,1.87,1.00
2017.02.08 17:00:37.933,1.40846,1.40861,1.87,1.00
2017.02.08 17:00:38.158,1.40846,1.40865,1.12,3.00
2017.02.08 17:00:38.209,1.40854,1.40867,1.87,2.81
2017.02.08 17:00:38.311,1.40854,1.40868,1.87,1.37
2017.02.08 17:00:38.362,1.40855,1.40872,2.25,1.37
2017.02.08 17:00:38.463,1.40857,1.40872,1.12,1.00
2017.02.08 17:00:38.768,1.40856,1.4087,1.75,1.00
2017.02.08 17:00:39.175,1.40854,1.40872,1.12,2.81
2017.02.08 17:00:39.276,1.40854,1.40871,1.00,1.50
2017.02.08 17:00:39.471,1.40853,1.40871,1.00,3.37
2017.02.08 17:00:39.526,1.4085,1.40866,1.00,1.12
2017.02.08 17:00:40.032,1.40851,1.40868,1.00,1.75
2017.02.08 17:00:40.134,1.40849,1.40868,1.50,2.81
2017.02.08 17:00:40.235,1.40848,1.40867,4.12,2.81
2017.02.08 17:00:40.388,1.4085,1.40867,1.87,1.50
2017.02.08 17:00:40.937,1.40851,1.40868,1.12,1.50
2017.02.08 17:00:41.038,1.40853,1.4087,1.00,1.75
2017.02.08 17:00:41.343,1.40851,1.4087,2.62,1.75
2017.02.08 17:00:42.356,1.40849,1.40865,1.50,1.00
2017.02.08 17:00:42.673,1.40854,1.40868,1.87,1.12
2017.02.08 17:00:42.774,1.40854,1.40871,2.62,1.00
2017.02.08 17:00:42.825,1.40855,1.40871,1.00,2.62
2017.02.08 17:00:43.078,1.40851,1.4087,3.37,1.62
2017.02.08 17:00:43.595,1.40851,1.4087,1.87,2.81
2017.02.08 17:00:44.101,1.40854,1.4087,1.12,1.62
2017.02.08 17:00:46.739,1.40853,1.40871,1.12,3.56
2017.02.08 17:00:47.652,1.40854,1.4087,1.00,1.50
2017.02.08 17:00:49.953,1.40852,1.40868,1.12,1.69
2017.02.08 17:00:50.441,1.40851,1.40865,1.00,1.00
2017.02.08 17:00:50.644,1.40848,1.40865,1.50,1.87
2017.02.08 17:00:50.695,1.40848,1.40862,1.50,1.00
2017.02.08 17:00:51.202,1.40848,1.40863,1.00,1.50
2017.02.08 17:00:52.364,1.40848,1.40864,1.00,1.69
2017.02.08 17:00:52.669,1.40852,1.40864,1.12,1.00
2017.02.08 17:00:52.974,1.40849,1.40864,1.37,1.00
2017.02.08 17:00:53.514,1.40849,1.40864,1.00,1.00
2017.02.08 17:00:54.199,1.40847,1.40863,1.87,1.50
2017.02.08 17:00:54.713,1.40848,1.40863,1.00,1.50
2017.02.08 17:00:55.132,1.4085,1.40863,1.00,1.50
2017.02.08 17:00:55.638,1.40849,1.40863,1.00,1.37
2017.02.08 17:00:56.163,1.40849,1.40865,1.00,1.37
2017.02.08 17:00:56.315,1.40851,1.40866,1.00,1.12
2017.02.08 17:00:56.869,1.40852,1.40866,1.31,1.00
2017.02.08 17:00:57.602,1.40852,1.40865,1.31,1.00
2017.02.08 17:00:58.104,1.40853,1.40868,1.00,1.00
2017.02.08 17:00:58.357,1.40854,1.40867,1.00,1.12
2017.02.08 17:00:58.875,1.40852,1.40864,1.37,1.00
2017.02.08 17:00:59.260,1.40852,1.40868,1.37,1.00
2017.02.08 17:00:59.854,1.40852,1.40869,1.37,1.00
2017.02.08 17:01:00.313,1.40851,1.40866,1.50,1.00
2017.02.08 17:01:00.414,1.4085,1.40864,1.00,1.00
2017.02.08 17:01:00.517,1.40847,1.40864,2.25,1.00
2017.02.08 17:01:00.618,1.40848,1.40864,1.37,1.00
2017.02.08 17:01:00.821,1.40853,1.40869,1.00,1.50
2017.02.08 17:01:01.074,1.40855,1.40869,1.00,1.50
2017.02.08 17:01:01.125,1.40855,1.40871,1.00,2.25
2017.02.08 17:01:01.390,1.40854,1.40868,1.00,1.00
2017.02.08 17:01:01.899,1.40854,1.40869,1.00,1.00
2017.02.08 17:01:02.433,1.40855,1.40869,1.00,1.00
2017.02.08 17:01:02.954,1.40855,1.4087,1.00,1.87
2017.02.08 17:01:03.496,1.40855,1.40869,1.00,1.00
2017.02.08 17:01:04.004,1.40855,1.4087,1.00,1.12
2017.02.08 17:01:04.098,1.40852,1.40869,2.25,1.00
2017.02.08 17:01:04.200,1.4085,1.40868,1.87,1.12
2017.02.08 17:01:04.419,1.4085,1.40866,1.87,1.00
2017.02.08 17:01:05.115,1.40853,1.40867,1.00,2.06
2017.02.08 17:01:05.551,1.40851,1.40867,1.50,2.06
2017.02.08 17:01:05.653,1.4085,1.40865,1.00,1.12
2017.02.08 17:01:06.508,1.40851,1.40865,1.00,1.12
2017.02.08 17:01:07.166,1.40851,1.40866,1.00,1.12
2017.02.08 17:01:07.327,1.4085,1.40865,1.50,1.12
2017.02.08 17:01:07.825,1.40848,1.40864,2.25,1.25
2017.02.08 17:01:08.597,1.40849,1.40864,1.00,1.25
2017.02.08 17:01:10.421,1.40849,1.40864,1.00,1.69
2017.02.08 17:01:11.288,1.4085,1.40863,1.00,1.50
2017.02.08 17:01:12.152,1.40849,1.40863,1.00,1.50
2017.02.08 17:01:12.670,1.40848,1.40863,1.00,2.25
2017.02.08 17:01:13.289,1.40847,1.40862,1.00,1.12
2017.02.08 17:01:16.108,1.40848,1.40863,1.00,2.25
2017.02.08 17:01:16.917,1.40848,1.40863,1.00,2.25
2017.02.08 17:01:17.787,1.40845,1.40861,1.00,1.50
2017.02.08 17:01:18.293,1.40845,1.40861,1.00,1.50
2017.02.08 17:01:19.433,1.40845,1.40861,1.00,1.31
2017.02.08 17:01:19.742,1.40841,1.40859,1.87,1.12
2017.02.08 17:01:20.046,1.40841,1.40859,3.00,1.00
2017.02.08 17:01:20.365,1.40841,1.40859,2.25,1.75
2017.02.08 17:01:20.518,1.40838,1.40855,1.87,2.25
2017.02.08 17:01:21.411,1.40838,1.40853,1.12,1.00
2017.02.08 17:01:21.978,1.40837,1.40851,1.87,1.00
2017.02.08 17:01:22.080,1.40836,1.40853,2.06,1.50
2017.02.08 17:01:22.614,1.40834,1.40852,2.06,1.00
2017.02.08 17:01:22.665,1.40834,1.40852,2.06,1.00
2017.02.08 17:01:23.519,1.40836,1.40851,1.12,1.00
2017.02.08 17:01:25.097,1.40837,1.40851,1.00,1.00
2017.02.08 17:01:25.626,1.40836,1.40851,1.12,1.00
2017.02.08 17:01:25.903,1.40834,1.40848,1.31,1.00
2017.02.08 17:01:26.102,1.40833,1.40848,1.00,1.12
2017.02.08 17:01:26.154,1.40831,1.40848,1.12,1.12
2017.02.08 17:01:26.913,1.40831,1.40847,1.12,1.00
2017.02.08 17:01:27.435,1.4083,1.40846,1.50,1.00
2017.02.08 17:01:27.739,1.4083,1.40847,2.62,1.00
2017.02.08 17:01:29.397,1.40834,1.4085,1.00,1.31
2017.02.08 17:01:29.448,1.40834,1.40848,1.00,1.12
2017.02.08 17:01:29.796,1.40828,1.40839,1.00,1.00
2017.02.08 17:01:29.898,1.40826,1.40839,1.50,1.00
2017.02.08 17:01:30.151,1.40825,1.40841,1.00,1.50
2017.02.08 17:01:30.657,1.40826,1.40841,1.00,1.12
2017.02.08 17:01:31.233,1.40826,1.4084,1.00,1.00
2017.02.08 17:01:33.232,1.40826,1.40841,1.00,1.12
2017.02.08 17:01:33.335,1.40828,1.40842,1.00,1.00
2017.02.08 17:01:33.801,1.40834,1.40846,1.00,2.06
2017.02.08 17:01:33.903,1.40834,1.40851,1.00,3.75
2017.02.08 17:01:34.005,1.40834,1.40851,1.00,1.37
2017.02.08 17:01:34.273,1.40834,1.40848,1.00,1.00
2017.02.08 17:01:34.779,1.40833,1.40848,1.00,1.00
2017.02.08 17:01:38.508,1.40832,1.40847,1.12,1.00
2017.02.08 17:01:39.057,1.40833,1.40848,1.00,1.50
2017.02.08 17:01:39.560,1.40832,1.40848,1.00,2.25
2017.02.08 17:01:42.204,1.40837,1.40849,1.00,1.31
2017.02.08 17:01:42.306,1.40837,1.40851,1.00,1.75
2017.02.08 17:01:42.407,1.40837,1.40852,1.12,1.00
2017.02.08 17:01:42.955,1.40838,1.40852,1.00,1.50
2017.02.08 17:01:43.621,1.40838,1.40852,1.00,2.25
2017.02.08 17:01:44.128,1.40837,1.40852,1.00,2.25
2017.02.08 17:01:44.966,1.40838,1.40853,1.00,1.75
2017.02.08 17:01:45.269,1.40836,1.40853,1.12,1.37
2017.02.08 17:01:45.371,1.40836,1.4085,1.37,1.12
2017.02.08 17:01:45.882,1.40836,1.4085,1.00,1.12
2017.02.08 17:01:46.264,1.40834,1.40849,1.00,1.00
2017.02.08 17:01:46.767,1.40833,1.4085,1.50,1.00
2017.02.08 17:01:48.328,1.40833,1.40849,1.50,1.00
2017.02.08 17:01:48.721,1.40832,1.40849,1.12,1.69
2017.02.08 17:01:49.607,1.40832,1.40847,1.12,1.00
2017.02.08 17:01:50.451,1.4083,1.40846,1.87,1.00
2017.02.08 17:01:50.636,1.40829,1.40845,2.62,1.00
2017.02.08 17:01:50.927,1.40829,1.40843,1.50,1.00
2017.02.08 17:01:51.165,1.4083,1.40845,1.00,1.00
2017.02.08 17:01:51.216,1.40832,1.40845,1.00,1.00
2017.02.08 17:01:51.721,1.40831,1.40848,1.87,1.75
2017.02.08 17:01:52.332,1.40832,1.40848,1.00,1.75
2017.02.08 17:01:52.484,1.40833,1.40848,1.00,1.12
2017.02.08 17:01:52.992,1.40833,1.40848,1.00,2.25
2017.02.08 17:01:54.187,1.40833,1.40847,1.50,1.12
2017.02.08 17:01:55.356,1.40833,1.40847,1.12,1.12
2017.02.08 17:01:57.036,1.40833,1.40847,1.12,1.00
2017.02.08 17:01:57.340,1.40833,1.40847,1.37,1.00
2017.02.08 17:01:58.350,1.40833,1.40848,1.75,1.00
2017.02.08 17:01:58.401,1.40834,1.4085,1.50,1.00
2017.02.08 17:01:58.553,1.40834,1.40847,1.87,1.00
2017.02.08 17:01:59.207,1.40833,1.40847,1.87,1.00
2017.02.08 17:01:59.308,1.40833,1.40847,1.87,1.00
2017.02.08 17:02:00.224,1.4083,1.40846,1.87,1.00
2017.02.08 17:02:00.325,1.4083,1.40846,1.00,1.00
2017.02.08 17:02:00.478,1.40832,1.40846,1.00,1.00
2017.02.08 17:02:02.292,1.4083,1.40844,1.12,1.00
2017.02.08 17:02:02.854,1.40831,1.40845,1.00,1.00
2017.02.08 17:02:03.545,1.40831,1.40846,1.00,1.69
2017.02.08 17:02:05.860,1.40829,1.40846,2.25,1.69
2017.02.08 17:02:05.912,1.40831,1.40844,1.12,1.12
2017.02.08 17:02:06.248,1.40826,1.40841,1.50,1.00
2017.02.08 17:02:06.551,1.4083,1.40843,1.00,1.50
2017.02.08 17:02:06.603,1.40828,1.40843,1.00,1.50
2017.02.08 17:02:06.704,1.40826,1.40841,1.00,1.00
2017.02.08 17:02:06.857,1.40828,1.40844,1.12,1.69
2017.02.08 17:02:07.010,1.40831,1.40848,1.37,1.87
2017.02.08 17:02:07.111,1.40832,1.40849,1.50,1.12
2017.02.08 17:02:07.446,1.40831,1.40847,1.12,1.12
2017.02.08 17:02:07.499,1.40828,1.40842,1.75,1.00
2017.02.08 17:02:07.550,1.40827,1.40842,1.37,1.00
2017.02.08 17:02:07.651,1.40826,1.40842,1.00,1.12
2017.02.08 17:02:08.157,1.40825,1.40841,1.12,1.00
2017.02.08 17:02:08.952,1.40825,1.4084,1.12,1.00
2017.02.08 17:02:09.053,1.40824,1.40837,1.12,1.00
2017.02.08 17:02:09.256,1.40822,1.40837,1.00,1.00
2017.02.08 17:02:09.458,1.40821,1.40835,1.00,1.00
2017.02.08 17:02:10.240,1.40817,1.40832,1.75,1.00
2017.02.08 17:02:10.411,1.40816,1.40832,1.00,1.00
2017.02.08 17:02:10.462,1.40816,1.4083,1.00,1.00
2017.02.08 17:02:10.615,1.40815,1.40832,1.87,1.00
2017.02.08 17:02:10.817,1.40815,1.4083,1.00,1.00
2017.02.08 17:02:11.449,1.40814,1.4083,1.12,1.00
2017.02.08 17:02:11.952,1.40814,1.40831,1.12,1.87
2017.02.08 17:02:13.572,1.40814,1.4083,1.12,1.00
2017.02.08 17:02:13.875,1.40817,1.40833,1.12,1.12
2017.02.08 17:02:14.432,1.40817,1.40834,1.12,1.00
2017.02.08 17:02:14.937,1.40817,1.40833,1.12,1.00
2017.02.08 17:02:15.784,1.40818,1.40833,1.00,1.00
2017.02.08 17:02:16.286,1.40817,1.40832,1.12,1.31
2017.02.08 17:02:17.676,1.40815,1.4083,1.00,1.12
2017.02.08 17:02:18.132,1.40812,1.40829,2.25,1.00
2017.02.08 17:02:18.642,1.40814,1.40829,1.00,1.00
2017.02.08 17:02:19.179,1.40815,1.4083,1.12,1.31
2017.02.08 17:02:19.684,1.40816,1.40831,1.00,1.31
2017.02.08 17:02:19.887,1.40815,1.40828,1.00,1.00
2017.02.08 17:02:21.113,1.40813,1.40828,1.12,1.00
2017.02.08 17:02:21.620,1.40812,1.40828,1.87,1.12
2017.02.08 17:02:22.128,1.40812,1.40828,1.50,1.50
2017.02.08 17:02:25.376,1.40808,1.40821,1.31,1.00
2017.02.08 17:02:25.478,1.40806,1.40821,1.50,1.00
2017.02.08 17:02:25.529,1.40806,1.40824,2.25,1.69
2017.02.08 17:02:25.580,1.40806,1.40824,1.87,1.69
2017.02.08 17:02:25.681,1.40808,1.40822,1.37,1.00
2017.02.08 17:02:25.732,1.40808,1.40825,1.37,1.12
2017.02.08 17:02:26.961,1.40808,1.40825,1.37,1.00
2017.02.08 17:02:27.871,1.40808,1.40824,1.37,1.00
2017.02.08 17:02:28.452,1.40808,1.40825,1.87,1.00
2017.02.08 17:02:28.553,1.4081,1.40827,1.12,2.25
2017.02.08 17:02:28.706,1.4081,1.40825,1.12,1.00
2017.02.08 17:02:29.072,1.40808,1.40822,1.75,1.00
2017.02.08 17:02:29.185,1.40808,1.40825,1.50,1.12
2017.02.08 17:02:29.731,1.40808,1.40825,1.12,1.12
2017.02.08 17:02:30.136,1.4081,1.40826,1.00,1.50
2017.02.08 17:02:30.229,1.40807,1.40824,2.25,1.00
2017.02.08 17:02:31.877,1.40807,1.40823,1.50,1.00
2017.02.08 17:02:32.903,1.40807,1.40824,1.50,1.00
2017.02.08 17:02:33.081,1.40806,1.40822,1.75,1.00
2017.02.08 17:02:33.183,1.40806,1.40822,1.12,1.00
2017.02.08 17:02:33.694,1.40807,1.40822,1.00,1.00
2017.02.08 17:02:34.301,1.40808,1.40822,1.00,1.00
2017.02.08 17:02:34.403,1.40808,1.40824,1.00,1.69
2017.02.08 17:02:35.282,1.4081,1.40824,1.00,1.25
2017.02.08 17:02:35.586,1.40812,1.40826,1.12,1.00
2017.02.08 17:02:37.957,1.40812,1.40828,1.12,1.00
2017.02.08 17:02:38.492,1.40812,1.40829,1.12,1.12
2017.02.08 17:02:40.265,1.40811,1.40828,1.50,1.00
2017.02.08 17:02:41.137,1.40813,1.40828,1.00,1.00
2017.02.08 17:02:41.238,1.40813,1.4083,1.00,3.00
2017.02.08 17:02:41.390,1.40813,1.4083,1.00,2.25
2017.02.08 17:02:41.891,1.40812,1.40829,1.00,1.50
2017.02.08 17:02:42.511,1.40812,1.40827,1.00,1.00
2017.02.08 17:02:43.033,1.40813,1.40828,1.00,1.12
2017.02.08 17:02:43.661,1.40812,1.40828,1.00,1.12
2017.02.08 17:02:47.189,1.40811,1.40828,1.87,1.12
2017.02.08 17:02:47.805,1.40811,1.40828,1.50,1.12
2017.02.08 17:02:48.323,1.40811,1.40827,1.00,1.00
2017.02.08 17:02:48.863,1.4081,1.40826,1.62,1.00
2017.02.08 17:02:49.318,1.40811,1.40828,1.50,1.12
2017.02.08 17:02:53.143,1.4081,1.40827,2.06,1.00
2017.02.08 17:02:53.371,1.4081,1.40825,1.25,1.50
2017.02.08 17:02:53.674,1.40803,1.40817,1.75,1.00
2017.02.08 17:02:53.775,1.408,1.40815,1.50,1.00
2017.02.08 17:02:53.928,1.408,1.40814,1.87,1.00
2017.02.08 17:02:54.231,1.40804,1.40818,1.37,1.00
2017.02.08 17:02:54.636,1.40804,1.40818,1.50,1.00
2017.02.08 17:02:55.149,1.40802,1.40819,2.44,1.00
2017.02.08 17:02:55.475,1.40802,1.40817,1.62,1.00
2017.02.08 17:02:55.930,1.40801,1.40818,2.25,1.00
2017.02.08 17:02:55.981,1.40801,1.40817,1.69,1.00
2017.02.08 17:02:56.918,1.40802,1.40817,1.87,1.00
2017.02.08 17:02:57.462,1.40803,1.40817,1.00,1.00
2017.02.08 17:02:58.611,1.40802,1.40817,1.12,1.00
2017.02.08 17:02:58.662,1.40802,1.4082,1.87,1.12
2017.02.08 17:02:59.173,1.40802,1.40819,1.87,1.00
2017.02.08 17:03:00.130,1.40804,1.40818,1.37,1.00
2017.02.08 17:03:00.642,1.40802,1.40818,1.75,1.00
2017.02.08 17:03:02.206,1.40802,1.40818,1.12,1.00
2017.02.08 17:03:03.664,1.40803,1.40818,1.00,1.00
2017.02.08 17:03:03.933,1.40801,1.40816,1.50,1.00
2017.02.08 17:03:04.268,1.408,1.40815,1.00,1.50
2017.02.08 17:03:04.521,1.408,1.40813,1.00,1.50
2017.02.08 17:03:04.572,1.40797,1.40813,1.50,1.50
2017.02.08 17:03:04.825,1.40797,1.40811,1.12,1.00
2017.02.08 17:03:06.593,1.40794,1.40808,1.75,1.00
2017.02.08 17:03:06.897,1.40796,1.40813,1.37,1.37
2017.02.08 17:03:07.406,1.40796,1.40811,1.75,1.00
2017.02.08 17:03:08.460,1.40796,1.40813,1.75,1.00
2017.02.08 17:03:08.966,1.40796,1.40814,3.19,1.00
2017.02.08 17:03:14.111,1.40793,1.40811,4.12,1.37
2017.02.08 17:03:14.161,1.40794,1.40811,1.75,1.00
2017.02.08 17:03:14.275,1.40794,1.40811,1.12,1.12
2017.02.08 17:03:15.445,1.40792,1.40807,1.75,1.50
2017.02.08 17:03:15.799,1.40793,1.40809,1.37,1.12
2017.02.08 17:03:17.642,1.40794,1.40809,2.62,1.00
2017.02.08 17:03:17.997,1.40798,1.40812,1.50,1.31
2017.02.08 17:03:18.048,1.40799,1.40815,1.00,2.06
2017.02.08 17:03:18.251,1.40798,1.40815,1.75,1.31
2017.02.08 17:03:18.608,1.40806,1.40816,1.00,1.12
2017.02.08 17:03:18.789,1.40807,1.40821,1.37,1.00
2017.02.08 17:03:18.942,1.40808,1.40821,2.25,1.00
2017.02.08 17:03:19.145,1.40809,1.40826,1.75,1.12
2017.02.08 17:03:19.348,1.40809,1.40821,1.50,1.00
2017.02.08 17:03:20.861,1.4081,1.4082,1.12,1.00
2017.02.08 17:03:21.114,1.4081,1.40822,1.00,1.00
2017.02.08 17:03:21.623,1.40809,1.40821,1.12,1.00
2017.02.08 17:03:22.245,1.40809,1.40823,1.12,1.12
2017.02.08 17:03:22.414,1.40813,1.40824,1.00,1.12
2017.02.08 17:03:22.516,1.40814,1.40829,1.50,1.50
2017.02.08 17:03:22.567,1.40814,1.4083,1.12,1.12
2017.02.08 17:03:22.668,1.40814,1.4083,1.75,1.00
2017.02.08 17:03:22.821,1.40813,1.4083,1.37,1.00
2017.02.08 17:03:22.925,1.40813,1.4083,1.12,1.00
2017.02.08 17:03:23.128,1.40813,1.4083,1.00,1.00
2017.02.08 17:03:23.432,1.40812,1.4083,1.31,1.00
2017.02.08 17:03:25.129,1.40811,1.40828,1.75,1.00
2017.02.08 17:03:25.434,1.40805,1.40823,2.62,1.00
2017.02.08 17:03:28.709,1.40806,1.40821,1.12,1.00
2017.02.08 17:03:28.861,1.40807,1.40824,1.50,1.50
2017.02.08 17:03:28.962,1.40808,1.40823,1.12,1.50
2017.02.08 17:03:29.267,1.40801,1.40819,1.31,1.00
2017.02.08 17:03:29.319,1.40801,1.40815,1.31,1.00
2017.02.08 17:03:29.421,1.40801,1.40818,1.12,1.00
2017.02.08 17:03:29.472,1.40801,1.40814,1.37,1.00
2017.02.08 17:03:29.523,1.408,1.40816,2.06,1.00
2017.02.08 17:03:29.675,1.40802,1.40818,1.75,1.00
2017.02.08 17:03:30.219,1.40802,1.40819,1.75,1.00
2017.02.08 17:03:30.271,1.40802,1.40819,1.00,1.12
2017.02.08 17:03:30.591,1.40803,1.4082,1.50,1.00
2017.02.08 17:03:31.318,1.40803,1.40822,2.25,2.25
2017.02.08 17:03:31.852,1.40805,1.40823,1.00,1.31
2017.02.08 17:03:32.055,1.40806,1.40824,1.50,1.87
2017.02.08 17:03:32.423,1.40803,1.4082,3.00,1.37
2017.02.08 17:03:32.525,1.40804,1.4082,1.31,1.00
2017.02.08 17:03:32.677,1.40801,1.4082,2.62,1.87
2017.02.08 17:03:32.779,1.40803,1.40821,1.75,1.00
2017.02.08 17:03:33.402,1.40803,1.40822,3.00,1.87
2017.02.08 17:03:34.265,1.40803,1.40821,1.75,1.00
2017.02.08 17:03:35.457,1.40802,1.40818,1.75,1.37
2017.02.08 17:03:35.511,1.408,1.40818,4.12,1.12
2017.02.08 17:03:35.613,1.408,1.40818,1.75,1.12
2017.02.08 17:03:37.084,1.40802,1.40819,1.00,1.50
2017.02.08 17:03:37.186,1.40801,1.40819,2.25,1.00
2017.02.08 17:03:38.114,1.40801,1.40818,1.75,1.00
2017.02.08 17:03:39.112,1.40802,1.4082,1.75,1.50
2017.02.08 17:03:39.213,1.40802,1.4082,1.12,1.37
2017.02.08 17:03:43.500,1.40802,1.40821,2.81,1.87
2017.02.08 17:03:44.144,1.40802,1.40819,2.06,1.00
2017.02.08 17:03:47.155,1.40803,1.4082,1.37,1.00
2017.02.08 17:03:47.457,1.40807,1.40822,1.00,1.12
2017.02.08 17:03:47.761,1.40807,1.40822,1.75,1.00
2017.02.08 17:03:48.115,1.40807,1.40824,1.75,1.50
2017.02.08 17:03:48.267,1.40807,1.40822,1.75,1.00
2017.02.08 17:03:48.790,1.40807,1.40823,1.75,1.00
2017.02.08 17:03:48.892,1.40807,1.40823,1.50,1.00
2017.02.08 17:03:49.347,1.40803,1.40821,1.75,2.62
2017.02.08 17:03:49.399,1.40803,1.40821,2.25,1.50
2017.02.08 17:03:49.500,1.40803,1.4082,1.69,1.00
2017.02.08 17:03:49.602,1.40803,1.40821,1.75,1.87
2017.02.08 17:03:50.109,1.40803,1.40821,3.56,1.37
2017.02.08 17:03:50.378,1.40804,1.40822,1.50,1.87
2017.02.08 17:03:50.465,1.40804,1.40818,1.50,1.00
2017.02.08 17:03:50.890,1.40804,1.40822,2.25,1.87
2017.02.08 17:03:51.411,1.40805,1.40821,1.12,1.12
2017.02.08 17:03:51.664,1.40804,1.4082,2.25,1.37
2017.02.08 17:03:51.917,1.40809,1.40826,1.87,1.50
2017.02.08 17:03:51.968,1.40811,1.40824,1.00,1.00
2017.02.08 17:03:52.848,1.40811,1.40825,1.00,1.12
2017.02.08 17:03:53.352,1.4081,1.40825,1.00,1.12
2017.02.08 17:03:53.657,1.40809,1.40824,1.00,1.50
2017.02.08 17:03:53.709,1.40809,1.40825,1.00,1.12
2017.02.08 17:03:54.231,1.4081,1.40826,1.00,1.50
2017.02.08 17:03:54.607,1.40808,1.40824,1.12,1.00
2017.02.08 17:03:55.114,1.40805,1.40822,1.12,1.50
2017.02.08 17:03:56.047,1.40804,1.40821,1.50,1.00
2017.02.08 17:03:58.147,1.40805,1.40822,1.87,1.87
2017.02.08 17:03:58.350,1.40805,1.40822,2.25,1.00
2017.02.08 17:03:58.553,1.40805,1.40822,1.87,1.00
2017.02.08 17:03:59.460,1.40805,1.40821,1.12,1.00
2017.02.08 17:04:00.723,1.40806,1.40816,1.50,1.00
2017.02.08 17:04:00.824,1.40803,1.4082,1.75,1.69
2017.02.08 17:04:00.926,1.40803,1.4082,1.12,2.25
2017.02.08 17:04:01.319,1.40806,1.4082,1.00,1.25
2017.02.08 17:04:01.522,1.4081,1.40825,1.00,1.00
2017.02.08 17:04:01.573,1.40813,1.40829,1.00,2.00
2017.02.08 17:04:01.624,1.40813,1.40829,1.00,1.69
2017.02.08 17:04:01.726,1.40814,1.4083,1.12,1.00
2017.02.08 17:04:04.737,1.40813,1.4083,1.00,1.12
2017.02.08 17:04:05.325,1.40814,1.4083,1.00,1.87
2017.02.08 17:04:05.963,1.40814,1.40823,1.00,1.00
2017.02.08 17:04:06.014,1.40814,1.4083,1.00,1.87
2017.02.08 17:04:07.207,1.40812,1.40827,1.12,1.00
2017.02.08 17:04:07.511,1.4081,1.40825,1.00,1.50
2017.02.08 17:04:07.743,1.4081,1.40825,1.00,1.12
2017.02.08 17:04:08.093,1.40808,1.40825,1.00,1.87
2017.02.08 17:04:08.144,1.40806,1.40822,2.25,1.00
2017.02.08 17:04:08.499,1.40808,1.40823,1.00,1.50
2017.02.08 17:04:08.550,1.40808,1.40823,1.00,1.00
2017.02.08 17:04:09.127,1.40806,1.40823,2.06,1.50
2017.02.08 17:04:09.780,1.40805,1.40822,1.75,1.00
2017.02.08 17:04:10.060,1.40805,1.40815,1.75,1.00
2017.02.08 17:04:10.365,1.40805,1.40815,1.50,1.00
2017.02.08 17:04:11.439,1.40805,1.40822,1.50,1.00
2017.02.08 17:04:13.569,1.40805,1.40822,1.50,1.87
2017.02.08 17:04:13.837,1.40803,1.40821,1.87,1.00
2017.02.08 17:04:13.888,1.40802,1.40818,2.25,1.37
2017.02.08 17:04:13.939,1.40802,1.40819,1.50,1.87
2017.02.08 17:04:14.153,1.40801,1.40819,1.87,2.25
2017.02.08 17:04:14.869,1.40801,1.40818,1.12,1.12
2017.02.08 17:04:15.122,1.40803,1.40819,1.00,1.75
2017.02.08 17:04:15.274,1.40803,1.4082,1.87,1.50
2017.02.08 17:04:15.780,1.40803,1.40821,1.87,2.25
2017.02.08 17:04:16.647,1.40803,1.40815,1.12,1.00
2017.02.08 17:04:16.698,1.40801,1.40814,1.00,1.00
2017.02.08 17:04:16.902,1.40797,1.40814,1.12,2.25
2017.02.08 17:04:19.678,1.40797,1.40814,2.62,1.00
2017.02.08 17:04:20.819,1.40799,1.40815,1.00,1.12
2017.02.08 17:04:21.462,1.408,1.40817,1.00,3.00
2017.02.08 17:04:21.980,1.40801,1.40817,1.00,2.25
2017.02.08 17:04:22.555,1.40797,1.40816,3.75,1.50
2017.02.08 17:04:22.656,1.40797,1.40812,3.37,1.00
2017.02.08 17:04:22.758,1.40799,1.40815,1.12,1.87
2017.02.08 17:04:22.809,1.40798,1.40815,1.12,1.12
2017.02.08 17:04:23.353,1.40799,1.40816,1.00,1.50
2017.02.08 17:04:24.013,1.408,1.40816,1.00,1.50
2017.02.08 17:04:25.952,1.40801,1.40816,1.00,2.25
2017.02.08 17:04:26.054,1.40799,1.40816,1.00,1.75
2017.02.08 17:04:26.556,1.40798,1.40814,1.12,1.00
2017.02.08 17:04:26.810,1.40801,1.40814,1.87,1.00
2017.02.08 17:04:26.962,1.40798,1.40813,1.31,1.00
2017.02.08 17:04:27.013,1.40797,1.40806,2.25,1.00
2017.02.08 17:04:27.194,1.408,1.40811,1.50,1.00
2017.02.08 17:04:27.245,1.408,1.40815,1.00,1.69
2017.02.08 17:04:27.297,1.40797,1.40815,1.87,2.81
2017.02.08 17:04:27.348,1.40797,1.4081,1.87,1.00
2017.02.08 17:04:27.651,1.40799,1.40807,1.00,1.00
2017.02.08 17:04:29.104,1.40798,1.40807,1.50,1.00
2017.02.08 17:04:29.925,1.40797,1.40807,1.50,1.00
2017.02.08 17:04:30.911,1.40798,1.40807,1.00,1.00
2017.02.08 17:04:31.216,1.40801,1.40808,1.00,1.00
2017.02.08 17:04:31.267,1.40801,1.40812,1.50,1.00
2017.02.08 17:04:31.553,1.40799,1.40809,1.75,1.00
2017.02.08 17:04:31.655,1.40799,1.40809,1.87,1.00
2017.02.08 17:04:32.162,1.40798,1.40809,1.00,1.00
2017.02.08 17:04:32.484,1.40798,1.40813,1.00,1.00
2017.02.08 17:04:32.987,1.40796,1.40813,2.62,1.00
2017.02.08 17:04:33.650,1.40796,1.40805,1.87,1.00
2017.02.08 17:04:34.286,1.40797,1.40805,1.50,1.00
2017.02.08 17:04:35.723,1.40798,1.40806,1.50,1.00
2017.02.08 17:04:37.926,1.40797,1.40805,1.87,1.00
2017.02.08 17:04:40.085,1.40797,1.40806,1.87,1.00
2017.02.08 17:04:41.649,1.40801,1.4081,1.00,1.00
2017.02.08 17:04:41.700,1.40799,1.4081,1.00,1.00
2017.02.08 17:04:41.751,1.40798,1.40815,1.00,1.12
2017.02.08 17:04:42.281,1.40798,1.40805,1.00,1.00
2017.02.08 17:04:42.829,1.40797,1.40805,1.12,1.00
2017.02.08 17:04:43.145,1.40801,1.40815,1.00,1.50
2017.02.08 17:04:43.211,1.40799,1.40816,1.00,4.87
2017.02.08 17:04:43.378,1.408,1.40816,1.00,4.12
2017.02.08 17:04:44.015,1.40799,1.40815,1.00,1.12
2017.02.08 17:04:45.136,1.40798,1.40816,1.00,3.37
2017.02.08 17:04:45.418,1.40797,1.40813,1.87,1.00
2017.02.08 17:04:45.926,1.40797,1.40814,1.87,1.00
2017.02.08 17:04:48.157,1.40798,1.40814,1.00,1.50
2017.02.08 17:04:51.010,1.40799,1.40814,1.00,1.00
2017.02.08 17:04:51.176,1.40797,1.40814,1.12,1.87
2017.02.08 17:04:51.229,1.40795,1.40813,1.75,2.25
2017.02.08 17:04:51.424,1.40794,1.40811,1.12,5.06
2017.02.08 17:04:51.494,1.40793,1.40807,1.00,1.12
2017.02.08 17:04:51.545,1.40791,1.40807,1.00,2.62
2017.02.08 17:04:51.597,1.40794,1.40807,1.00,1.00
2017.02.08 17:04:51.648,1.40793,1.40809,1.00,1.12
2017.02.08 17:04:51.698,1.40792,1.40808,1.50,1.12
2017.02.08 17:04:51.800,1.40792,1.40808,1.50,1.00
2017.02.08 17:04:52.175,1.40795,1.4081,1.00,3.56
2017.02.08 17:04:52.428,1.40791,1.40808,1.50,1.87
2017.02.08 17:04:52.974,1.40791,1.40808,1.00,3.00
2017.02.08 17:04:53.599,1.4079,1.40808,1.00,2.25
2017.02.08 17:04:55.654,1.40789,1.40806,1.00,1.12
2017.02.08 17:04:55.705,1.40789,1.40806,1.00,1.75
2017.02.08 17:04:55.958,1.40787,1.40804,1.00,1.12
2017.02.08 17:04:56.769,1.40788,1.40804,1.00,1.12
2017.02.08 17:04:57.021,1.40791,1.40807,1.00,1.87
2017.02.08 17:04:57.391,1.40795,1.40808,1.87,1.75
2017.02.08 17:04:57.544,1.40804,1.40816,1.00,1.31
2017.02.08 17:04:57.595,1.40804,1.40816,1.00,1.25
2017.02.08 17:04:57.646,1.40804,1.40812,1.00,1.00
2017.02.08 17:04:57.747,1.40804,1.40819,1.00,1.25
2017.02.08 17:04:57.798,1.40804,1.40819,1.00,1.31
2017.02.08 17:04:58.329,1.40805,1.40819,1.00,1.69
2017.02.08 17:04:59.514,1.40803,1.40814,1.00,1.00
2017.02.08 17:05:00.034,1.40804,1.40814,1.00,1.00
2017.02.08 17:05:00.413,1.40806,1.40818,1.50,1.00
2017.02.08 17:05:00.506,1.40803,1.40819,1.50,1.25
2017.02.08 17:05:00.557,1.40808,1.40822,1.00,1.50
2017.02.08 17:05:00.659,1.40804,1.40819,1.12,1.00
2017.02.08 17:05:00.839,1.40805,1.40819,1.00,1.75
2017.02.08 17:05:00.890,1.40804,1.40819,1.00,1.12
2017.02.08 17:05:02.087,1.40805,1.40819,1.00,1.00
2017.02.08 17:05:02.985,1.40805,1.40818,1.00,1.00
2017.02.08 17:05:03.411,1.40809,1.40819,1.00,1.00
2017.02.08 17:05:03.462,1.40809,1.40822,1.00,1.50
2017.02.08 17:05:03.614,1.40809,1.40823,1.00,1.00
2017.02.08 17:05:03.918,1.40811,1.40823,1.00,1.25
2017.02.08 17:05:04.121,1.40811,1.40825,1.00,1.31
2017.02.08 17:05:05.321,1.4081,1.40825,1.00,1.25
2017.02.08 17:05:05.422,1.40809,1.40822,1.00,1.00
2017.02.08 17:05:05.770,1.40811,1.40825,1.00,1.37
2017.02.08 17:05:06.212,1.4081,1.40822,1.50,1.00
2017.02.08 17:05:06.263,1.4081,1.40825,1.50,1.37
2017.02.08 17:05:06.769,1.40811,1.40825,1.00,1.37
2017.02.08 17:05:07.804,1.40811,1.40827,1.00,2.62
2017.02.08 17:05:09.602,1.4081,1.40827,1.00,2.62
2017.02.08 17:05:11.600,1.40812,1.40827,1.00,1.50
2017.02.08 17:05:11.903,1.40811,1.40826,1.37,1.00
2017.02.08 17:05:11.954,1.40811,1.40825,1.12,1.00
2017.02.08 17:05:12.195,1.40811,1.40823,1.00,1.00
2017.02.08 17:05:13.336,1.40813,1.40825,1.00,1.00
2017.02.08 17:05:13.849,1.40813,1.40828,1.00,2.25
2017.02.08 17:05:14.383,1.40812,1.40828,1.00,2.25
2017.02.08 17:05:15.262,1.40808,1.40825,3.00,1.12
2017.02.08 17:05:15.772,1.40809,1.40825,1.00,2.25
2017.02.08 17:05:15.981,1.40808,1.40819,1.50,1.00
2017.02.08 17:05:16.032,1.40808,1.40824,1.50,1.12
2017.02.08 17:05:16.083,1.40808,1.40823,1.50,1.37
2017.02.08 17:05:16.421,1.40813,1.40827,1.00,2.25
2017.02.08 17:05:16.472,1.40815,1.4083,1.00,2.25
2017.02.08 17:05:16.980,1.40815,1.40832,1.50,2.44
2017.02.08 17:05:17.183,1.40815,1.40832,1.87,1.69
2017.02.08 17:05:17.700,1.40816,1.40832,1.00,1.69
2017.02.08 17:05:18.947,1.40816,1.40833,1.00,4.12
2017.02.08 17:05:18.998,1.40816,1.4083,1.00,1.44
2017.02.08 17:05:19.150,1.40817,1.40832,1.00,1.00
2017.02.08 17:05:19.685,1.40818,1.40834,1.00,2.25
2017.02.08 17:05:20.175,1.40816,1.40833,1.50,1.87
2017.02.08 17:05:20.860,1.40816,1.40832,1.50,1.12
2017.02.08 17:05:21.422,1.40817,1.40833,1.00,1.75
2017.02.08 17:05:21.575,1.40817,1.40833,1.00,2.25
2017.02.08 17:05:21.736,1.40819,1.40833,1.00,1.87
2017.02.08 17:05:22.391,1.4082,1.40835,1.00,3.00
2017.02.08 17:05:24.950,1.40821,1.40835,1.00,2.25
2017.02.08 17:05:25.487,1.40818,1.40834,1.50,1.50
2017.02.08 17:05:25.566,1.40817,1.40831,1.12,1.37
2017.02.08 17:05:25.618,1.40816,1.40831,1.50,1.00
2017.02.08 17:05:26.142,1.40818,1.40835,1.00,1.69
2017.02.08 17:05:26.311,1.40818,1.40835,1.12,1.69
2017.02.08 17:05:27.022,1.4082,1.40835,1.00,1.31
2017.02.08 17:05:27.327,1.40813,1.40829,1.75,1.00
2017.02.08 17:05:27.479,1.40813,1.40829,1.00,1.00
2017.02.08 17:05:28.076,1.40813,1.40831,1.50,2.06
2017.02.08 17:05:29.644,1.40813,1.4083,1.50,1.62
2017.02.08 17:05:30.389,1.40813,1.40829,1.50,1.37
2017.02.08 17:05:31.114,1.40812,1.40829,1.50,1.62
2017.02.08 17:05:31.433,1.40814,1.4083,1.00,1.50
2017.02.08 17:05:33.525,1.40815,1.4083,1.50,1.50
2017.02.08 17:05:34.039,1.40815,1.40831,1.00,1.87
2017.02.08 17:05:34.683,1.40816,1.40831,1.00,1.75
2017.02.08 17:05:34.785,1.40814,1.40831,1.00,1.75
2017.02.08 17:05:34.987,1.40816,1.40832,1.00,1.87
2017.02.08 17:05:35.628,1.40817,1.4083,1.00,1.50
2017.02.08 17:05:36.682,1.40816,1.40831,1.00,1.87
2017.02.08 17:05:36.783,1.40815,1.40831,1.00,1.25
2017.02.08 17:05:37.139,1.40815,1.40827,1.75,1.00
2017.02.08 17:05:37.240,1.40815,1.40832,1.50,1.50
2017.02.08 17:05:37.291,1.40813,1.4083,3.00,1.75
2017.02.08 17:05:37.343,1.40813,1.4083,1.75,1.75
2017.02.08 17:05:37.516,1.40813,1.4083,1.50,1.75
2017.02.08 17:05:38.586,1.40814,1.40831,1.12,1.69
2017.02.08 17:05:38.906,1.40814,1.40831,1.12,2.25
2017.02.08 17:05:39.007,1.40814,1.40831,1.12,1.69
2017.02.08 17:05:40.717,1.40814,1.40832,1.87,2.62
2017.02.08 17:05:40.945,1.40815,1.40833,1.50,2.06
2017.02.08 17:05:41.627,1.40817,1.40834,1.00,2.25
2017.02.08 17:05:41.728,1.40814,1.40832,2.25,1.69
2017.02.08 17:05:42.032,1.40817,1.40827,1.00,1.00
2017.02.08 17:05:42.084,1.40817,1.40833,1.00,1.37
2017.02.08 17:05:42.236,1.40816,1.40827,1.87,1.00
2017.02.08 17:05:42.338,1.40816,1.40834,1.87,1.37
2017.02.08 17:05:42.488,1.40818,1.40833,1.00,1.87
2017.02.08 17:05:42.540,1.40814,1.40833,1.75,2.25
2017.02.08 17:05:42.692,1.40817,1.40827,1.00,1.00
2017.02.08 17:05:42.743,1.40817,1.40835,1.37,2.62
2017.02.08 17:05:42.794,1.40814,1.40832,1.75,2.44
2017.02.08 17:05:42.897,1.40812,1.40831,3.86,1.12
2017.02.08 17:05:42.951,1.40814,1.4083,1.12,1.12
2017.02.08 17:05:43.002,1.40814,1.40832,1.98,2.62
2017.02.08 17:05:43.156,1.40816,1.40834,1.42,1.12
2017.02.08 17:05:43.258,1.40816,1.40835,1.05,2.62
2017.02.08 17:05:43.562,1.40816,1.40833,1.05,1.12
2017.02.08 17:05:43.664,1.40815,1.40833,1.42,1.50
2017.02.08 17:05:44.043,1.40817,1.40835,1.37,1.50
2017.02.08 17:05:44.568,1.40816,1.40834,1.80,1.12
2017.02.08 17:05:46.110,1.40816,1.40834,1.80,1.87
2017.02.08 17:05:46.161,1.40814,1.40834,3.11,2.25
2017.02.08 17:05:47.313,1.40817,1.40833,1.00,1.50
2017.02.08 17:05:47.862,1.40818,1.40834,1.00,2.62
2017.02.08 17:05:48.773,1.40817,1.40834,1.00,2.62
2017.02.08 17:05:48.925,1.40815,1.40833,2.17,1.50
2017.02.08 17:05:49.077,1.40816,1.40833,1.37,1.00
2017.02.08 17:05:49.626,1.40816,1.40834,1.87,1.50
2017.02.08 17:05:49.961,1.40815,1.40831,2.06,1.00
2017.02.08 17:05:50.625,1.40814,1.40831,1.75,1.37
2017.02.08 17:05:50.676,1.40814,1.40832,1.50,2.81
2017.02.08 17:05:50.778,1.40816,1.40831,1.00,1.00
2017.02.08 17:05:51.186,1.40816,1.4083,1.12,1.37
2017.02.08 17:05:51.238,1.40816,1.4083,1.00,1.00
2017.02.08 17:05:51.339,1.40814,1.4083,1.12,1.00
2017.02.08 17:05:51.945,1.40813,1.40831,1.31,3.37
2017.02.08 17:05:53.004,1.40813,1.40828,1.31,1.12
2017.02.08 17:05:53.418,1.40811,1.40825,1.81,1.37
2017.02.08 17:05:53.469,1.40809,1.40825,1.62,1.87
2017.02.08 17:05:53.520,1.40809,1.40825,1.62,1.00
2017.02.08 17:05:53.570,1.40807,1.40825,2.62,1.75
2017.02.08 17:05:53.672,1.40809,1.40826,2.06,1.00
2017.02.08 17:05:54.798,1.40811,1.40826,1.00,1.00
2017.02.08 17:05:54.849,1.40812,1.40829,1.12,1.87
2017.02.08 17:05:58.704,1.40811,1.40827,1.50,1.00
2017.02.08 17:05:58.976,1.40809,1.40823,1.50,1.00
2017.02.08 17:05:59.031,1.40809,1.40826,1.50,1.00
2017.02.08 17:05:59.551,1.40809,1.40825,1.75,1.00
2017.02.08 17:06:00.960,1.40808,1.40824,1.75,1.00
2017.02.08 17:06:01.113,1.40808,1.40822,1.75,1.00
2017.02.08 17:06:01.216,1.40806,1.40823,2.81,1.12
2017.02.08 17:06:03.341,1.4081,1.40825,1.00,1.50
2017.02.08 17:06:03.846,1.4081,1.40826,1.50,1.00
2017.02.08 17:06:04.352,1.40809,1.40825,1.75,1.00
2017.02.08 17:06:04.966,1.40807,1.40824,1.75,1.00
2017.02.08 17:06:05.511,1.40807,1.40823,1.75,1.00
2017.02.08 17:06:05.830,1.40807,1.40823,1.50,1.00
2017.02.08 17:06:06.214,1.40806,1.40823,2.81,1.00
2017.02.08 17:06:07.291,1.40808,1.40825,1.75,1.00
2017.02.08 17:06:07.392,1.40809,1.40826,1.31,1.00
2017.02.08 17:06:07.544,1.40809,1.40828,2.81,1.50
2017.02.08 17:06:07.797,1.40809,1.40826,2.06,1.00
2017.02.08 17:06:08.000,1.40808,1.40823,1.00,1.00
2017.02.08 17:06:08.152,1.40808,1.40825,1.00,1.87
2017.02.08 17:06:18.632,1.40808,1.40824,1.00,1.00
2017.02.08 17:06:18.885,1.40808,1.40822,1.00,1.00
2017.02.08 17:06:19.407,1.40807,1.40823,1.50,1.00
2017.02.08 17:06:19.934,1.40805,1.40822,2.06,1.00
2017.02.08 17:06:20.694,1.40805,1.40821,1.75,1.00
2017.02.08 17:06:25.141,1.40804,1.40816,1.31,1.00
2017.02.08 17:06:25.192,1.40806,1.40822,1.25,1.50
2017.02.08 17:06:25.243,1.40806,1.40814,1.25,1.00
2017.02.08 17:06:25.294,1.40804,1.40819,1.75,1.12
2017.02.08 17:06:25.345,1.40803,1.40817,1.00,1.00
2017.02.08 17:06:25.853,1.40804,1.40819,1.00,1.87
2017.02.08 17:06:26.142,1.40804,1.4082,1.12,1.00
2017.02.08 17:06:26.345,1.40803,1.40818,1.00,1.00
2017.02.08 17:06:26.598,1.40803,1.4082,1.87,1.00
2017.02.08 17:06:26.649,1.40803,1.40817,1.50,1.00
2017.02.08 17:06:26.700,1.40803,1.40819,1.50,1.00
2017.02.08 17:06:27.306,1.40803,1.40818,1.50,1.00
2017.02.08 17:06:28.297,1.40804,1.40819,1.00,1.00
2017.02.08 17:06:28.982,1.40803,1.40819,1.87,1.00
2017.02.08 17:06:29.494,1.40804,1.40819,1.00,1.00
2017.02.08 17:06:30.936,1.40803,1.40817,1.37,1.00
2017.02.08 17:06:31.138,1.40802,1.40819,1.37,1.12
2017.02.08 17:06:31.189,1.40802,1.40818,1.12,1.00
2017.02.08 17:06:31.779,1.40801,1.40817,1.12,1.00
2017.02.08 17:06:34.255,1.40803,1.40816,1.00,1.00
2017.02.08 17:06:35.007,1.40802,1.40817,1.75,1.00
2017.02.08 17:06:35.059,1.40799,1.40816,2.25,1.00
2017.02.08 17:06:35.211,1.40799,1.40814,1.75,1.00
2017.02.08 17:06:35.262,1.40799,1.40814,1.87,1.00
2017.02.08 17:06:35.776,1.40799,1.40813,1.12,1.50
2017.02.08 17:06:36.299,1.40798,1.40813,1.00,1.50
2017.02.08 17:06:36.906,1.40796,1.40812,1.12,1.00
2017.02.08 17:06:36.958,1.40795,1.40812,1.50,1.00
2017.02.08 17:06:37.495,1.40795,1.40811,1.12,1.00
2017.02.08 17:06:37.866,1.40798,1.40814,1.37,1.75
2017.02.08 17:06:37.917,1.40799,1.40814,1.12,1.75
2017.02.08 17:06:38.069,1.40799,1.40816,1.12,1.12
2017.02.08 17:06:38.583,1.40799,1.40815,1.12,1.00
2017.02.08 17:06:39.997,1.40799,1.40816,1.12,1.12
2017.02.08 17:06:40.555,1.408,1.40816,1.12,1.12
2017.02.08 17:06:41.152,1.408,1.40815,1.12,1.00
2017.02.08 17:06:41.669,1.40797,1.40815,3.19,1.00
2017.02.08 17:06:41.991,1.40796,1.40808,1.12,1.00
2017.02.08 17:06:42.043,1.408,1.40811,1.00,1.00
2017.02.08 17:06:42.248,1.40793,1.40809,2.25,1.00
2017.02.08 17:06:42.350,1.40793,1.40807,1.37,1.00
2017.02.08 17:06:42.565,1.40793,1.40809,1.37,2.06
2017.02.08 17:06:43.142,1.40792,1.40807,1.87,1.00
2017.02.08 17:06:43.659,1.40791,1.40808,1.37,2.06
2017.02.08 17:06:44.119,1.40791,1.40806,1.37,1.00
2017.02.08 17:06:44.271,1.4079,1.40806,1.87,1.12
2017.02.08 17:06:44.925,1.40791,1.40808,1.50,1.31
2017.02.08 17:06:44.976,1.40791,1.40809,1.50,1.75
2017.02.08 17:06:45.481,1.40793,1.40808,1.00,1.00
2017.02.08 17:06:45.995,1.40792,1.4081,2.25,1.50
2017.02.08 17:06:46.379,1.40792,1.4081,3.00,1.12
2017.02.08 17:06:46.986,1.40793,1.40807,1.87,1.00
2017.02.08 17:06:47.037,1.40793,1.4081,1.37,1.00
2017.02.08 17:06:47.089,1.40796,1.40807,1.50,1.00
2017.02.08 17:06:47.140,1.40796,1.40813,2.25,1.87
2017.02.08 17:06:47.191,1.40796,1.40814,2.25,1.50
2017.02.08 17:06:47.343,1.40798,1.40814,1.12,1.12
2017.02.08 17:06:47.851,1.40798,1.40814,1.87,1.00
2017.02.08 17:06:48.951,1.40794,1.4081,2.25,1.00
2017.02.08 17:06:49.053,1.40794,1.4081,1.37,1.00
2017.02.08 17:06:49.158,1.40794,1.4081,1.50,1.00
2017.02.08 17:06:49.980,1.40794,1.40811,1.50,1.00
2017.02.08 17:06:50.185,1.40793,1.40808,1.50,1.00
2017.02.08 17:06:50.236,1.40793,1.4081,1.37,1.50
2017.02.08 17:06:50.388,1.40794,1.40812,1.87,1.75
2017.02.08 17:06:50.490,1.40794,1.40812,2.62,1.00
2017.02.08 17:06:50.542,1.40794,1.40812,2.62,1.00
2017.02.08 17:06:50.801,1.40794,1.40812,2.25,1.50
2017.02.08 17:06:51.420,1.40795,1.40811,1.37,1.12
2017.02.08 17:06:53.272,1.40793,1.40809,1.50,1.00
2017.02.08 17:06:53.476,1.40796,1.4081,1.00,1.00
2017.02.08 17:06:53.780,1.40793,1.4081,1.37,1.50
2017.02.08 17:06:54.286,1.40792,1.40808,1.50,1.31
2017.02.08 17:06:54.388,1.40795,1.40808,1.37,1.00
2017.02.08 17:06:54.479,1.40797,1.40812,1.00,2.62
2017.02.08 17:06:54.584,1.40794,1.40809,1.75,1.00
2017.02.08 17:06:54.810,1.40794,1.40809,1.00,1.00
2017.02.08 17:06:55.012,1.40794,1.4081,1.37,1.50
2017.02.08 17:06:55.215,1.40794,1.40811,1.87,1.87
2017.02.08 17:06:55.984,1.40794,1.4081,1.87,1.00
2017.02.08 17:06:56.549,1.40794,1.40811,1.87,1.31
2017.02.08 17:06:57.244,1.40794,1.4081,1.87,1.00
2017.02.08 17:06:57.929,1.40794,1.40809,1.87,1.00
2017.02.08 17:06:58.450,1.40794,1.40809,1.87,1.31
2017.02.08 17:06:58.955,1.40795,1.4081,1.37,1.00
2017.02.08 17:07:00.095,1.40795,1.40811,1.37,1.00
2017.02.08 17:07:00.397,1.40794,1.4081,1.50,1.00
2017.02.08 17:07:00.448,1.40797,1.40811,1.00,2.25
2017.02.08 17:07:00.954,1.40797,1.40811,1.00,1.00
2017.02.08 17:07:01.490,1.40796,1.40812,1.50,1.00
2017.02.08 17:07:02.022,1.40797,1.40812,1.37,1.00
2017.02.08 17:07:02.529,1.40796,1.40811,1.37,1.00
2017.02.08 17:07:02.809,1.40795,1.4081,1.00,1.00
2017.02.08 17:07:03.062,1.40796,1.40812,1.37,1.50
2017.02.08 17:07:03.366,1.40797,1.40812,1.00,1.00
2017.02.08 17:07:03.417,1.40795,1.40807,1.87,1.00
2017.02.08 17:07:03.947,1.40796,1.40807,1.12,1.00
2017.02.08 17:07:04.502,1.40793,1.40807,1.50,1.00
2017.02.08 17:07:06.228,1.40792,1.40806,1.75,1.00
2017.02.08 17:07:06.481,1.40785,1.40802,1.87,1.00
2017.02.08 17:07:06.532,1.40785,1.40802,1.87,1.00
2017.02.08 17:07:06.817,1.40789,1.40804,1.37,2.25
2017.02.08 17:07:06.923,1.40789,1.40804,1.00,1.50
2017.02.08 17:07:07.025,1.40787,1.40802,1.87,1.00
2017.02.08 17:07:07.126,1.40787,1.40802,1.50,1.00
2017.02.08 17:07:07.279,1.40787,1.40799,1.00,1.00
2017.02.08 17:07:07.650,1.40786,1.40801,1.62,1.50
2017.02.08 17:07:07.751,1.40785,1.40799,1.12,1.50
2017.02.08 17:07:07.904,1.40783,1.40797,1.62,1.00
2017.02.08 17:07:08.108,1.40782,1.40797,1.00,1.50
2017.02.08 17:07:09.109,1.40781,1.40797,1.00,1.50
2017.02.08 17:07:13.578,1.4078,1.40797,2.25,1.00
2017.02.08 17:07:13.629,1.40781,1.40797,1.87,2.25
2017.02.08 17:07:13.781,1.40783,1.40797,1.37,1.00
2017.02.08 17:07:13.933,1.40785,1.408,1.12,1.00
2017.02.08 17:07:14.214,1.40784,1.408,2.25,1.00
2017.02.08 17:07:14.719,1.40785,1.408,1.50,1.00
2017.02.08 17:07:14.820,1.40786,1.40802,1.37,1.12
2017.02.08 17:07:14.972,1.40789,1.40803,1.12,1.50
2017.02.08 17:07:15.151,1.40789,1.40804,2.25,1.00
2017.02.08 17:07:15.203,1.40792,1.40807,1.12,2.25
2017.02.08 17:07:16.433,1.4079,1.40807,4.61,1.50
2017.02.08 17:07:18.945,1.4079,1.40807,1.00,1.50
2017.02.08 17:07:22.380,1.4079,1.40807,1.37,1.50
2017.02.08 17:07:24.528,1.40788,1.40805,2.95,1.00
2017.02.08 17:07:24.629,1.40787,1.40805,2.20,1.37
2017.02.08 17:07:26.795,1.40788,1.40806,1.70,2.25
2017.02.08 17:07:26.947,1.40788,1.40806,1.37,1.37
2017.02.08 17:07:27.492,1.40789,1.40806,2.25,1.00
2017.02.08 17:07:28.180,1.40787,1.40805,2.58,1.50
2017.02.08 17:07:28.231,1.40786,1.40802,1.45,1.00
2017.02.08 17:07:28.738,1.40786,1.40802,1.45,1.00
2017.02.08 17:07:29.252,1.40787,1.40801,1.12,1.00
2017.02.08 17:07:29.476,1.4079,1.40807,2.58,1.50
2017.02.08 17:07:29.529,1.40793,1.40808,1.50,1.00
2017.02.08 17:07:29.630,1.40792,1.4081,2.25,1.50
2017.02.08 17:07:29.731,1.40792,1.4081,1.87,2.25
2017.02.08 17:07:29.833,1.40792,1.4081,1.50,2.25
2017.02.08 17:07:30.375,1.40792,1.40808,2.25,1.00
2017.02.08 17:07:31.016,1.40793,1.40809,1.00,1.00
2017.02.08 17:07:32.020,1.40792,1.40809,1.50,1.00
2017.02.08 17:07:32.338,1.40792,1.40809,2.62,1.00
2017.02.08 17:07:33.181,1.40792,1.4081,2.62,1.50
2017.02.08 17:07:33.535,1.40792,1.40806,1.83,1.00
2017.02.08 17:07:33.944,1.40791,1.40806,1.37,1.00
2017.02.08 17:07:34.197,1.40788,1.40804,1.87,1.00
2017.02.08 17:07:34.377,1.40788,1.40804,1.87,1.00
2017.02.08 17:07:35.416,1.40788,1.40804,1.50,1.00
2017.02.08 17:07:36.693,1.40788,1.40805,1.50,1.00
2017.02.08 17:07:36.744,1.40788,1.40805,1.83,1.00
2017.02.08 17:07:38.811,1.40788,1.40804,3.33,1.00
2017.02.08 17:07:39.138,1.40788,1.40804,3.33,1.00
2017.02.08 17:07:40.739,1.4079,1.40806,1.33,1.00
2017.02.08 17:07:41.043,1.40792,1.40809,2.25,1.00
2017.02.08 17:07:41.771,1.40792,1.40809,2.25,1.00
2017.02.08 17:07:42.144,1.40792,1.40807,1.50,1.00
2017.02.08 17:07:45.073,1.40791,1.40808,1.75,1.00
2017.02.08 17:07:45.598,1.40793,1.40809,1.50,1.00
2017.02.08 17:07:46.003,1.40794,1.40811,1.37,1.12
2017.02.08 17:07:46.104,1.40793,1.40811,2.25,1.87
2017.02.08 17:07:46.901,1.40794,1.40811,1.00,2.25
2017.02.08 17:07:47.808,1.40794,1.40811,1.00,2.25
2017.02.08 17:07:48.518,1.40793,1.40811,1.50,2.62
2017.02.08 17:07:49.899,1.40794,1.40811,1.00,2.62
2017.02.08 17:07:50.238,1.40791,1.40809,3.00,1.12
2017.02.08 17:07:50.289,1.40791,1.40807,1.50,1.12
2017.02.08 17:07:50.493,1.40788,1.40806,1.62,1.00
2017.02.08 17:07:50.898,1.40788,1.40803,1.25,1.00
2017.02.08 17:07:51.268,1.40782,1.408,2.81,1.87
2017.02.08 17:07:51.320,1.40782,1.40799,2.44,1.00
2017.02.08 17:07:51.881,1.40782,1.40798,1.69,1.00
2017.02.08 17:07:53.389,1.40781,1.40797,1.12,1.00
2017.02.08 17:07:53.590,1.40778,1.40795,2.25,1.00
2017.02.08 17:07:53.893,1.40778,1.40794,1.87,1.00
2017.02.08 17:07:54.544,1.40779,1.40794,1.12,1.50
2017.02.08 17:07:56.271,1.4078,1.40794,1.87,1.00
2017.02.08 17:07:58.496,1.4078,1.40792,1.12,1.12
2017.02.08 17:07:58.547,1.40776,1.4079,1.87,1.50
2017.02.08 17:07:58.599,1.40776,1.4079,1.50,2.25
2017.02.08 17:07:58.701,1.40772,1.4079,2.81,2.25
2017.02.08 17:07:59.248,1.40772,1.4079,2.81,1.87
2017.02.08 17:07:59.786,1.40772,1.40789,2.06,1.50
2017.02.08 17:08:00.209,1.40772,1.40784,2.06,1.00
2017.02.08 17:08:00.261,1.40772,1.40789,1.50,1.00
2017.02.08 17:08:01.658,1.40773,1.40788,1.12,1.00
2017.02.08 17:08:05.292,1.40772,1.40787,1.50,1.00
2017.02.08 17:08:05.444,1.40771,1.40785,1.69,1.00
2017.02.08 17:08:06.051,1.40769,1.40782,1.75,1.00
2017.02.08 17:08:06.380,1.40762,1.40779,1.50,1.31
2017.02.08 17:08:07.308,1.40761,1.40779,1.87,2.25
2017.02.08 17:08:08.821,1.40761,1.40775,1.12,1.00
2017.02.08 17:08:09.543,1.40762,1.40777,1.12,1.50
2017.02.08 17:08:09.594,1.40764,1.40777,1.87,1.00
2017.02.08 17:08:09.897,1.40764,1.40779,2.62,1.00
2017.02.08 17:08:10.288,1.40763,1.40777,1.12,1.00
2017.02.08 17:08:10.340,1.4076,1.40779,3.37,1.00
2017.02.08 17:08:10.543,1.4076,1.40775,1.87,1.00
2017.02.08 17:08:12.099,1.4076,1.40776,2.62,1.00
2017.02.08 17:08:12.150,1.4076,1.40776,2.44,1.00
2017.02.08 17:08:12.687,1.4076,1.40775,2.44,1.00
2017.02.08 17:08:13.133,1.4076,1.40778,3.19,1.87
2017.02.08 17:08:13.351,1.40765,1.40779,1.50,1.00
2017.02.08 17:08:13.816,1.40765,1.40776,1.50,1.00
2017.02.08 17:08:17.529,1.40762,1.40779,1.75,1.00
2017.02.08 17:08:17.883,1.40761,1.40779,1.87,2.25
2017.02.08 17:08:19.463,1.40761,1.40778,1.31,1.50
2017.02.08 17:08:19.980,1.40761,1.40779,2.06,2.25
2017.02.08 17:08:20.590,1.40761,1.40777,1.12,1.50
2017.02.08 17:08:20.743,1.40765,1.4078,1.12,1.87
2017.02.08 17:08:20.794,1.40767,1.4078,1.12,1.00
2017.02.08 17:08:20.910,1.40767,1.40783,1.12,1.00
2017.02.08 17:08:20.961,1.40767,1.40782,1.75,1.00
2017.02.08 17:08:21.902,1.40766,1.40781,1.75,1.00
2017.02.08 17:08:21.953,1.40765,1.40781,1.75,1.00
2017.02.08 17:08:22.459,1.40765,1.40779,1.12,1.00
2017.02.08 17:08:22.560,1.40764,1.40781,2.25,1.00
2017.02.08 17:08:23.878,1.40765,1.40783,1.87,1.00
2017.02.08 17:08:24.386,1.40766,1.40782,1.75,1.00
2017.02.08 17:08:24.546,1.40768,1.40784,1.12,1.50
2017.02.08 17:08:24.698,1.40769,1.40784,1.37,1.00
2017.02.08 17:08:25.218,1.40768,1.40785,1.87,1.50
2017.02.08 17:08:25.433,1.40769,1.40787,1.87,1.00
2017.02.08 17:08:26.182,1.40769,1.40784,2.25,1.00
2017.02.08 17:08:26.384,1.40774,1.4079,1.12,1.50
2017.02.08 17:08:26.671,1.40773,1.4079,1.00,1.75
2017.02.08 17:08:26.772,1.40771,1.40787,1.00,1.00
2017.02.08 17:08:27.430,1.4077,1.40787,1.12,1.12
2017.02.08 17:08:27.582,1.40769,1.40787,1.00,1.87
2017.02.08 17:08:28.087,1.40768,1.40786,1.00,3.00
2017.02.08 17:08:28.513,1.40766,1.40785,1.00,1.87
2017.02.08 17:08:29.014,1.40765,1.40785,1.50,1.87
2017.02.08 17:08:30.166,1.40767,1.40785,1.00,2.25
2017.02.08 17:08:30.420,1.40767,1.40785,1.75,1.00
2017.02.08 17:08:30.522,1.40767,1.40785,1.00,2.25
2017.02.08 17:08:31.086,1.40766,1.40785,1.12,2.25
2017.02.08 17:08:32.988,1.40764,1.40781,2.62,1.00
2017.02.08 17:08:33.945,1.40765,1.4078,1.50,1.00
2017.02.08 17:08:34.532,1.40764,1.4078,1.12,1.00
2017.02.08 17:08:34.871,1.40763,1.40776,1.37,1.00
2017.02.08 17:08:34.973,1.40763,1.40779,1.00,1.15
2017.02.08 17:08:35.024,1.40762,1.40779,1.00,1.79
2017.02.08 17:08:35.530,1.40763,1.4078,1.00,1.75
2017.02.08 17:08:35.869,1.40769,1.40783,1.00,1.75
2017.02.08 17:08:35.920,1.40769,1.40786,1.00,2.62
2017.02.08 17:08:36.023,1.40768,1.40784,1.00,1.87
2017.02.08 17:08:36.457,1.40764,1.40781,2.25,1.00
2017.02.08 17:08:36.508,1.40764,1.40779,1.12,1.00
2017.02.08 17:08:36.710,1.40764,1.40781,1.50,2.25
2017.02.08 17:08:38.538,1.40765,1.40777,1.12,1.00
2017.02.08 17:08:39.922,1.40764,1.4078,1.50,1.00
2017.02.08 17:08:40.623,1.40764,1.4078,1.00,1.50
2017.02.08 17:08:41.087,1.40766,1.4078,1.00,1.50
2017.02.08 17:08:41.340,1.40773,1.40789,1.00,1.04
2017.02.08 17:08:41.594,1.40772,1.4079,1.00,4.34
2017.02.08 17:08:42.135,1.40771,1.40788,1.00,1.75
2017.02.08 17:08:42.467,1.40767,1.40783,1.12,1.00
2017.02.08 17:08:42.518,1.40765,1.40779,1.50,1.00
2017.02.08 17:08:42.569,1.40765,1.40783,1.12,2.25
2017.02.08 17:08:42.671,1.40763,1.4078,1.75,1.00
2017.02.08 17:08:42.722,1.40763,1.4078,1.00,1.12
2017.02.08 17:08:43.239,1.40761,1.4078,2.62,1.00
2017.02.08 17:08:43.441,1.40761,1.4078,2.62,1.00
2017.02.08 17:08:44.029,1.40762,1.4078,1.00,1.00
2017.02.08 17:08:44.865,1.40766,1.40781,1.00,1.00
2017.02.08 17:08:45.018,1.40764,1.40782,1.12,2.25
2017.02.08 17:08:45.120,1.40763,1.40775,1.00,1.00
2017.02.08 17:08:45.170,1.40758,1.40774,1.75,1.00
2017.02.08 17:08:45.222,1.40763,1.40774,1.00,1.87
2017.02.08 17:08:45.680,1.4076,1.40774,1.00,1.00
2017.02.08 17:08:45.731,1.4076,1.40777,1.00,1.50
2017.02.08 17:08:45.933,1.40762,1.40777,1.00,1.50
2017.02.08 17:08:46.451,1.40762,1.40776,1.00,1.00
2017.02.08 17:08:46.792,1.40761,1.40774,1.00,1.50
2017.02.08 17:08:47.592,1.40761,1.40777,3.19,1.75
2017.02.08 17:08:47.745,1.40765,1.40783,1.50,2.25
2017.02.08 17:08:48.049,1.40766,1.40783,1.50,1.00
2017.02.08 17:08:48.602,1.40767,1.40785,3.00,1.53
2017.02.08 17:08:48.805,1.40774,1.4079,1.12,1.50
2017.02.08 17:08:49.059,1.40769,1.40784,1.75,1.00
2017.02.08 17:08:49.151,1.40767,1.40784,2.62,1.12
2017.02.08 17:08:49.253,1.40766,1.40781,1.12,1.00
2017.02.08 17:08:49.761,1.40764,1.40781,1.50,1.00
2017.02.08 17:08:50.303,1.40764,1.40782,2.44,1.87
2017.02.08 17:08:53.201,1.40764,1.40781,2.06,1.00
2017.02.08 17:08:54.069,1.40761,1.40776,1.75,1.00
2017.02.08 17:08:54.223,1.40761,1.40777,1.75,1.00
2017.02.08 17:08:54.324,1.40761,1.40777,1.00,1.50
2017.02.08 17:08:54.375,1.40759,1.40777,1.50,1.50
2017.02.08 17:08:54.948,1.4076,1.40777,1.00,1.87
2017.02.08 17:08:55.508,1.4076,1.40776,1.00,1.00
2017.02.08 17:08:56.023,1.40766,1.40777,1.00,1.00
2017.02.08 17:08:56.125,1.40764,1.40781,1.00,1.50
2017.02.08 17:08:56.428,1.40766,1.40781,1.00,1.50
2017.02.08 17:08:56.658,1.4077,1.40785,1.00,1.12
2017.02.08 17:08:56.759,1.4077,1.40787,1.00,1.00
2017.02.08 17:08:56.810,1.40771,1.40788,1.00,1.31
2017.02.08 17:08:57.340,1.40771,1.40785,1.00,1.37
2017.02.08 17:08:57.734,1.40769,1.40787,1.00,1.87
2017.02.08 17:08:58.437,1.40769,1.40786,1.00,1.75
2017.02.08 17:08:58.863,1.40768,1.40787,1.12,3.19
2017.02.08 17:09:01.170,1.4077,1.40787,1.00,1.87
2017.02.08 17:09:01.221,1.40768,1.40787,1.69,2.62
2017.02.08 17:09:01.272,1.40769,1.40787,1.12,2.62
2017.02.08 17:09:01.651,1.40771,1.40787,1.12,1.37
2017.02.08 17:09:01.855,1.40769,1.40787,1.31,1.87
2017.02.08 17:09:01.906,1.40768,1.40787,1.50,2.62
2017.02.08 17:09:02.171,1.40768,1.40787,1.50,4.12
2017.02.08 17:09:02.474,1.40768,1.40786,1.87,1.12
2017.02.08 17:09:03.087,1.40769,1.40787,1.50,1.37
2017.02.08 17:09:03.621,1.40769,1.40787,1.00,1.37
2017.02.08 17:09:03.786,1.40771,1.40787,1.00,1.37
2017.02.08 17:09:03.837,1.40769,1.40787,1.50,1.37
2017.02.08 17:09:04.217,1.40769,1.40786,1.00,1.87
2017.02.08 17:09:04.521,1.40759,1.40776,2.06,1.37
2017.02.08 17:09:04.572,1.40759,1.40776,1.31,1.37
2017.02.08 17:09:04.805,1.40759,1.40772,1.31,1.00
2017.02.08 17:09:05.276,1.40761,1.40772,1.00,1.00
2017.02.08 17:09:05.327,1.40761,1.40777,1.00,1.00
2017.02.08 17:09:05.378,1.40763,1.40777,1.31,1.00
2017.02.08 17:09:05.562,1.40763,1.40781,2.06,1.50
2017.02.08 17:09:05.816,1.40765,1.40783,1.12,1.00
2017.02.08 17:09:05.867,1.40765,1.40784,1.75,1.87
2017.02.08 17:09:06.195,1.40763,1.4078,2.25,1.37
2017.02.08 17:09:06.723,1.40762,1.4078,1.75,1.37
2017.02.08 17:09:06.774,1.40762,1.4078,1.50,1.50
2017.02.08 17:09:07.225,1.40761,1.40776,1.31,1.12
2017.02.08 17:09:07.752,1.40761,1.40777,1.62,1.12
2017.02.08 17:09:08.057,1.40759,1.40776,2.06,1.37
2017.02.08 17:09:08.108,1.40759,1.40776,1.75,1.00
2017.02.08 17:09:08.159,1.40759,1.40776,1.12,1.12
2017.02.08 17:09:08.733,1.40758,1.40776,1.50,1.50
2017.02.08 17:09:09.307,1.4076,1.40776,2.06,1.00
2017.02.08 17:09:09.358,1.4076,1.40778,2.06,1.37
2017.02.08 17:09:09.661,1.40758,1.40774,1.00,1.50
2017.02.08 17:09:09.965,1.40753,1.40768,1.25,1.37
2017.02.08 17:09:10.016,1.40752,1.40769,1.62,1.37
2017.02.08 17:09:10.522,1.40751,1.40769,1.87,1.87
2017.02.08 17:09:11.088,1.40751,1.40768,2.62,1.50
2017.02.08 17:09:11.592,1.40752,1.40767,1.00,1.00
2017.02.08 17:09:11.794,1.40749,1.40767,2.06,1.50
2017.02.08 17:09:11.997,1.40748,1.40766,1.75,1.37
2017.02.08 17:09:12.048,1.40747,1.40766,2.81,1.00
2017.02.08 17:09:12.555,1.40749,1.40767,1.50,1.50
2017.02.08 17:09:13.083,1.40764,1.40771,1.00,1.75
2017.02.08 17:09:13.134,1.40761,1.40771,1.00,1.75
2017.02.08 17:09:13.185,1.40758,1.40771,2.25,1.12
2017.02.08 17:09:13.287,1.40761,1.40777,1.25,1.37
2017.02.08 17:09:13.445,1.40761,1.40778,1.25,1.75
2017.02.08 17:09:13.503,1.40761,1.40779,1.62,1.37
2017.02.08 17:09:13.706,1.40764,1.40777,1.12,1.37
2017.02.08 17:09:14.011,1.40761,1.40776,1.12,1.50
2017.02.08 17:09:14.112,1.40759,1.40776,1.81,1.50
2017.02.08 17:09:14.657,1.40759,1.40774,1.12,1.50
2017.02.08 17:09:14.990,1.40756,1.40774,2.62,1.50
2017.02.08 17:09:15.377,1.40756,1.40773,2.62,1.37
2017.02.08 17:09:15.633,1.40756,1.40773,1.87,1.87
2017.02.08 17:09:17.123,1.40756,1.40772,1.87,1.00
2017.02.08 17:09:17.174,1.40756,1.40775,1.87,2.62
2017.02.08 17:09:17.275,1.40756,1.40775,2.62,3.37
2017.02.08 17:09:17.813,1.4076,1.40774,1.12,1.50
2017.02.08 17:09:18.454,1.40758,1.40775,1.37,1.87
2017.02.08 17:09:19.111,1.40758,1.40774,1.50,1.37
2017.02.08 17:09:19.647,1.40758,1.40772,1.12,1.37
2017.02.08 17:09:19.799,1.40754,1.40773,1.87,2.62
2017.02.08 17:09:20.153,1.40759,1.40773,1.00,1.87
2017.02.08 17:09:20.498,1.40753,1.40772,2.62,1.50
2017.02.08 17:09:20.600,1.40755,1.40773,1.50,1.87
2017.02.08 17:09:21.010,1.4076,1.40773,1.37,1.37
2017.02.08 17:09:21.112,1.40758,1.40775,1.00,1.50
2017.02.08 17:09:21.192,1.40759,1.40775,1.37,1.50
2017.02.08 17:09:21.510,1.40755,1.40773,1.00,2.62
2017.02.08 17:09:21.633,1.40755,1.40773,1.37,2.62
2017.02.08 17:09:21.735,1.40755,1.40773,1.87,1.50
2017.02.08 17:09:21.836,1.40756,1.40773,1.50,1.50
2017.02.08 17:09:22.090,1.4076,1.40779,2.62,2.62
2017.02.08 17:09:22.243,1.4076,1.40779,2.62,1.50
2017.02.08 17:09:22.600,1.40759,1.40777,1.37,1.50
2017.02.08 17:09:23.699,1.40761,1.40778,1.37,2.25
2017.02.08 17:09:24.342,1.40759,1.40776,1.87,1.00
2017.02.08 17:09:25.114,1.40759,1.40776,1.12,1.00
2017.02.08 17:09:25.316,1.40769,1.40786,1.87,2.17
2017.02.08 17:09:25.721,1.4077,1.40786,1.00,1.50
2017.02.08 17:09:26.125,1.4077,1.40784,1.00,1.00
2017.02.08 17:09:27.187,1.4077,1.40785,1.00,1.00
2017.02.08 17:09:28.520,1.40769,1.40785,1.75,1.00
2017.02.08 17:09:28.622,1.4077,1.40785,1.37,1.00
2017.02.08 17:09:32.066,1.4077,1.40784,1.37,1.00
2017.02.08 17:09:32.519,1.40768,1.40786,1.12,1.12
2017.02.08 17:09:32.620,1.40769,1.40783,1.87,1.00
2017.02.08 17:09:32.722,1.40767,1.40783,1.87,1.00
2017.02.08 17:09:32.924,1.40767,1.40783,1.12,1.12
2017.02.08 17:09:33.410,1.40768,1.40786,1.00,1.12
2017.02.08 17:09:33.461,1.40767,1.40784,1.87,1.00
2017.02.08 17:09:33.764,1.40767,1.40782,1.00,1.00
2017.02.08 17:09:34.274,1.40767,1.40783,1.12,1.12
2017.02.08 17:09:34.804,1.40766,1.40783,1.12,1.12
2017.02.08 17:09:35.731,1.40767,1.40784,1.00,1.50
2017.02.08 17:09:36.282,1.40767,1.40784,1.37,1.50
2017.02.08 17:09:37.133,1.40769,1.40786,1.00,1.75
2017.02.08 17:09:37.234,1.40769,1.40786,1.00,1.50
2017.02.08 17:09:38.359,1.4077,1.40786,1.00,2.25
2017.02.08 17:09:40.687,1.40771,1.40787,1.00,2.25
2017.02.08 17:09:40.738,1.40771,1.40787,1.00,1.00
2017.02.08 17:09:40.840,1.40771,1.40787,1.37,1.00
2017.02.08 17:09:41.147,1.40774,1.40789,1.00,1.12
2017.02.08 17:09:41.780,1.40774,1.4079,1.87,1.50
2017.02.08 17:09:41.982,1.40774,1.40789,1.87,1.00
2017.02.08 17:09:42.810,1.40772,1.40788,1.75,1.00
2017.02.08 17:09:43.089,1.40768,1.40786,3.00,1.00
2017.02.08 17:09:43.140,1.4077,1.40786,1.12,1.00
2017.02.08 17:09:43.191,1.40767,1.40784,3.37,1.00
2017.02.08 17:09:43.243,1.40767,1.40784,2.25,1.50
2017.02.08 17:09:43.811,1.40764,1.40783,5.06,1.00
2017.02.08 17:09:44.373,1.40764,1.40782,4.31,1.00
2017.02.08 17:09:45.257,1.40765,1.40783,2.25,1.00
2017.02.08 17:09:45.359,1.40765,1.40783,2.25,1.12
2017.02.08 17:09:45.880,1.40765,1.40783,2.25,1.00
2017.02.08 17:09:46.682,1.40766,1.40784,1.50,1.00
2017.02.08 17:09:47.251,1.40766,1.40785,1.50,2.44
2017.02.08 17:09:47.353,1.40766,1.40784,1.12,1.50
2017.02.08 17:09:49.476,1.40765,1.40782,1.50,1.00
2017.02.08 17:09:50.818,1.40768,1.40786,1.00,4.12
2017.02.08 17:09:50.971,1.4077,1.40786,1.00,1.87
2017.02.08 17:09:51.591,1.40767,1.40782,1.87,1.00
2017.02.08 17:09:51.922,1.40768,1.40785,1.12,1.12
2017.02.08 17:09:51.974,1.40768,1.40785,1.75,1.00
2017.02.08 17:09:52.024,1.40768,1.40787,1.75,2.62
2017.02.08 17:09:52.227,1.40768,1.40785,1.37,1.00
2017.02.08 17:09:52.410,1.40769,1.40787,1.87,1.00
2017.02.08 17:09:52.461,1.40769,1.40787,1.12,2.06
2017.02.08 17:09:52.664,1.40769,1.40787,2.25,1.00
2017.02.08 17:09:54.366,1.40772,1.40787,1.00,1.87
2017.02.08 17:09:54.553,1.4077,1.40787,1.00,1.12
2017.02.08 17:09:55.154,1.40768,1.40787,1.75,3.75
2017.02.08 17:09:57.362,1.4077,1.40785,1.00,1.12
2017.02.08 17:09:57.463,1.40766,1.40784,2.25,1.12
2017.02.08 17:09:57.654,1.40765,1.40783,1.00,1.87
2017.02.08 17:09:58.170,1.40765,1.40781,1.00,1.00
2017.02.08 17:09:58.671,1.40765,1.40782,1.50,2.62
2017.02.08 17:09:59.224,1.40765,1.40782,1.00,1.87
2017.02.08 17:10:00.530,1.40761,1.40779,1.75,1.00
2017.02.08 17:10:00.783,1.40755,1.40773,1.87,1.12
2017.02.08 17:10:01.036,1.40757,1.40774,1.00,2.25
2017.02.08 17:10:01.368,1.40762,1.40774,1.50,1.00
2017.02.08 17:10:01.419,1.40762,1.40777,1.50,1.00
2017.02.08 17:10:01.470,1.40765,1.40777,1.00,1.00
2017.02.08 17:10:01.755,1.40766,1.40779,1.00,1.00
2017.02.08 17:10:01.806,1.40764,1.40779,1.87,1.00
2017.02.08 17:10:01.909,1.40764,1.40782,2.25,1.50
2017.02.08 17:10:02.162,1.40766,1.40782,1.12,1.50
2017.02.08 17:10:02.466,1.40773,1.40788,1.12,1.00
2017.02.08 17:10:02.618,1.40773,1.40791,1.12,1.12
2017.02.08 17:10:03.541,1.40772,1.4079,1.87,1.00
2017.02.08 17:10:03.592,1.40771,1.40788,1.37,1.12
2017.02.08 17:10:03.895,1.40772,1.4079,1.87,1.00
2017.02.08 17:10:04.098,1.40774,1.40791,1.00,2.06
2017.02.08 17:10:04.620,1.40773,1.40791,1.12,1.31
2017.02.08 17:10:04.954,1.40773,1.40789,1.12,1.00
2017.02.08 17:10:05.106,1.40772,1.40791,1.87,1.87
2017.02.08 17:10:05.208,1.40772,1.4079,2.25,1.00
2017.02.08 17:10:05.360,1.40772,1.4079,2.62,1.62
2017.02.08 17:10:07.996,1.40771,1.40789,4.12,1.12
2017.02.08 17:10:08.577,1.40773,1.40789,1.00,1.12
2017.02.08 17:10:09.561,1.40772,1.40789,1.87,1.12
2017.02.08 17:10:10.100,1.40773,1.40788,1.00,1.00
2017.02.08 17:10:10.609,1.40771,1.40788,1.50,1.00
2017.02.08 17:10:10.972,1.40774,1.40789,1.00,1.87
2017.02.08 17:10:11.476,1.40774,1.40788,1.00,1.00
2017.02.08 17:10:14.931,1.40776,1.40789,1.00,2.25
2017.02.08 17:10:15.317,1.40781,1.40798,1.12,2.44
2017.02.08 17:10:15.520,1.40781,1.40798,1.12,1.00
2017.02.08 17:10:15.735,1.40783,1.40799,1.00,1.12
2017.02.08 17:10:16.241,1.40784,1.40798,1.00,1.50
2017.02.08 17:10:16.545,1.40786,1.40799,1.00,1.00
2017.02.08 17:10:17.088,1.40786,1.408,1.00,1.00
2017.02.08 17:10:18.669,1.40786,1.40796,1.00,1.00
2017.02.08 17:10:18.720,1.40783,1.40796,1.50,1.50
2017.02.08 17:10:18.871,1.40781,1.40795,1.12,1.00
2017.02.08 17:10:19.023,1.40781,1.40792,1.00,1.00
2017.02.08 17:10:19.372,1.40781,1.40794,1.00,1.00
2017.02.08 17:10:19.575,1.40781,1.40797,1.12,1.50
2017.02.08 17:10:20.273,1.40781,1.40796,1.12,1.00
2017.02.08 17:10:20.486,1.40781,1.40794,1.12,1.00
2017.02.08 17:10:22.664,1.40781,1.40795,2.25,1.00
2017.02.08 17:10:23.183,1.40781,1.40795,1.87,1.00
2017.02.08 17:10:23.635,1.40783,1.40798,1.00,1.12
2017.02.08 17:10:23.836,1.40781,1.40795,1.87,1.00
2017.02.08 17:10:25.027,1.40781,1.40796,1.00,1.00
2017.02.08 17:10:25.623,1.40781,1.40797,2.06,1.00
2017.02.08 17:10:25.934,1.40783,1.40797,1.00,1.00
2017.02.08 17:10:26.690,1.40783,1.40798,1.00,1.12
2017.02.08 17:10:27.041,1.40785,1.40798,1.00,1.00
2017.02.08 17:10:27.142,1.40786,1.40802,1.00,2.25
2017.02.08 17:10:27.244,1.40787,1.40803,1.00,3.00
2017.02.08 17:10:27.749,1.40788,1.40803,1.00,2.25
2017.02.08 17:10:28.723,1.40788,1.40801,1.00,1.00
2017.02.08 17:10:29.234,1.40788,1.40802,1.00,1.00
2017.02.08 17:10:29.555,1.40788,1.40804,1.37,2.44
2017.02.08 17:10:29.788,1.40788,1.40803,1.50,1.00
2017.02.08 17:10:30.143,1.40788,1.40802,1.00,1.37
2017.02.08 17:10:30.295,1.40786,1.40802,1.00,2.25
2017.02.08 17:10:30.801,1.40786,1.40801,1.12,1.00
2017.02.08 17:10:31.311,1.40783,1.40797,1.12,1.00
2017.02.08 17:10:32.796,1.40783,1.40799,1.12,1.00
2017.02.08 17:10:32.847,1.40784,1.408,1.87,1.50
2017.02.08 17:10:32.897,1.40785,1.408,1.00,1.00
2017.02.08 17:10:32.948,1.40786,1.40796,1.00,1.00
2017.02.08 17:10:33.179,1.40783,1.40796,1.12,1.00
2017.02.08 17:10:34.123,1.40783,1.40795,1.00,1.87
2017.02.08 17:10:34.225,1.40783,1.40791,1.00,1.12
2017.02.08 17:10:34.275,1.40781,1.40791,1.00,1.12
2017.02.08 17:10:34.327,1.40781,1.40795,1.00,1.37
2017.02.08 17:10:34.378,1.40779,1.40798,1.12,3.37
2017.02.08 17:10:34.429,1.40779,1.40798,1.12,3.37
2017.02.08 17:10:34.663,1.40778,1.40797,2.62,1.87
2017.02.08 17:10:35.104,1.40782,1.40797,1.00,1.87
2017.02.08 17:10:35.307,1.40782,1.40798,1.12,1.50
2017.02.08 17:10:35.911,1.40782,1.40798,1.50,1.12
2017.02.08 17:10:36.763,1.40781,1.408,3.37,2.25
2017.02.08 17:10:36.865,1.40783,1.408,1.50,1.75
2017.02.08 17:10:36.966,1.40784,1.40801,1.87,2.44
2017.02.08 17:10:37.017,1.40786,1.40801,1.00,1.69
2017.02.08 17:10:37.527,1.40786,1.40801,1.00,1.00
2017.02.08 17:10:38.028,1.40789,1.40802,1.00,1.12
2017.02.08 17:10:38.363,1.40786,1.40799,1.37,1.12
2017.02.08 17:10:40.461,1.40786,1.40798,1.00,1.62
2017.02.08 17:10:40.563,1.40786,1.40801,1.50,1.31
2017.02.08 17:10:40.666,1.40787,1.40802,1.00,1.81
2017.02.08 17:10:41.972,1.40786,1.40802,1.00,1.81
2017.02.08 17:10:42.833,1.40786,1.40802,1.00,1.25
2017.02.08 17:10:44.869,1.40786,1.40801,1.00,1.00
2017.02.08 17:10:44.971,1.40786,1.408,1.00,1.50
2017.02.08 17:10:45.547,1.40788,1.40801,1.00,1.75
2017.02.08 17:10:45.649,1.40788,1.40804,1.00,1.75
2017.02.08 17:10:45.750,1.40788,1.40804,1.00,1.50
2017.02.08 17:10:46.406,1.40788,1.40802,1.00,1.00
2017.02.08 17:10:46.459,1.40788,1.40805,1.87,2.06
2017.02.08 17:10:46.763,1.40795,1.40813,1.00,4.50
2017.02.08 17:10:46.864,1.40795,1.40812,1.12,1.81
2017.02.08 17:10:47.635,1.40795,1.40811,1.00,2.06
2017.02.08 17:10:48.252,1.40795,1.40808,1.00,1.00
2017.02.08 17:10:48.519,1.40795,1.4081,1.00,1.12
2017.02.08 17:10:49.659,1.40795,1.40809,1.00,1.00
2017.02.08 17:10:49.867,1.40797,1.40809,1.00,1.00
2017.02.08 17:10:50.019,1.40795,1.40809,2.25,1.00
2017.02.08 17:10:50.523,1.40796,1.4081,1.00,1.12
2017.02.08 17:10:51.305,1.40795,1.40809,1.00,1.50
2017.02.08 17:10:52.254,1.40796,1.40811,1.00,1.75
2017.02.08 17:10:52.803,1.40797,1.40812,1.50,1.75
2017.02.08 17:10:54.052,1.40797,1.40813,1.00,1.50
2017.02.08 17:10:54.683,1.40798,1.40813,1.00,1.50
2017.02.08 17:10:56.785,1.40797,1.40813,1.87,1.50
2017.02.08 17:10:56.836,1.40801,1.40816,1.00,1.75
2017.02.08 17:10:56.988,1.40801,1.40816,1.50,1.00
2017.02.08 17:10:57.089,1.40801,1.40814,1.12,1.00
2017.02.08 17:10:57.342,1.40799,1.40813,1.12,1.50
2017.02.08 17:10:57.393,1.40799,1.40813,1.00,2.25
2017.02.08 17:10:57.785,1.40802,1.40818,1.87,1.00
2017.02.08 17:10:58.304,1.40802,1.4082,1.00,2.25
2017.02.08 17:10:58.405,1.40804,1.40819,1.37,1.31
2017.02.08 17:10:58.456,1.40805,1.40821,1.37,2.06
2017.02.08 17:10:58.507,1.40804,1.40821,1.00,2.06
2017.02.08 17:10:59.013,1.40805,1.40822,1.00,2.25
2017.02.08 17:10:59.465,1.40804,1.40822,2.62,1.81
2017.02.08 17:10:59.616,1.40805,1.40822,1.50,1.81
2017.02.08 17:11:00.144,1.40805,1.40821,2.25,1.12
2017.02.08 17:11:00.195,1.40805,1.40823,2.25,1.62
2017.02.08 17:11:00.650,1.40804,1.4082,1.87,1.00
2017.02.08 17:11:00.884,1.40804,1.4082,1.12,1.50
2017.02.08 17:11:00.986,1.40804,1.4082,1.37,1.50
2017.02.08 17:11:01.239,1.40804,1.40821,1.12,1.75
2017.02.08 17:11:02.568,1.40804,1.40821,1.37,2.62
2017.02.08 17:11:02.619,1.40804,1.40821,1.87,1.87
2017.02.08 17:11:02.670,1.40805,1.40824,1.37,2.25
2017.02.08 17:11:02.918,1.40807,1.40824,1.12,1.12
2017.02.08 17:11:03.121,1.40809,1.40826,1.00,1.75
2017.02.08 17:11:03.273,1.40809,1.40826,1.87,1.12
2017.02.08 17:11:10.897,1.4081,1.40826,1.00,1.12
2017.02.08 17:11:12.551,1.40809,1.40826,1.12,1.50
2017.02.08 17:11:13.212,1.40809,1.40822,1.00,1.00
2017.02.08 17:11:13.264,1.40809,1.40827,1.50,3.75
2017.02.08 17:11:13.315,1.40811,1.40827,1.00,3.37
2017.02.08 17:11:13.825,1.40811,1.40827,2.25,1.00
2017.02.08 17:11:14.336,1.40811,1.40826,1.12,1.00
2017.02.08 17:11:18.825,1.40811,1.40824,1.12,1.00
2017.02.08 17:11:19.366,1.4081,1.40826,1.50,1.50
2017.02.08 17:11:20.347,1.4081,1.40825,1.50,1.00
2017.02.08 17:11:20.448,1.4081,1.40827,2.25,1.87
2017.02.08 17:11:20.499,1.40813,1.40827,1.00,1.50
2017.02.08 17:11:20.752,1.40811,1.40828,1.50,2.06
2017.02.08 17:11:20.803,1.40811,1.40825,1.00,1.50
2017.02.08 17:11:21.337,1.40811,1.40825,1.00,1.00
2017.02.08 17:11:21.833,1.40811,1.40827,1.00,1.50
2017.02.08 17:11:25.135,1.40812,1.40828,1.50,1.25
2017.02.08 17:11:25.657,1.40813,1.4083,1.00,2.06
2017.02.08 17:11:26.247,1.40813,1.4083,1.00,1.31
2017.02.08 17:11:26.626,1.40816,1.4083,1.00,1.31
2017.02.08 17:11:27.738,1.40816,1.40829,1.00,1.00
2017.02.08 17:11:29.315,1.40816,1.40824,1.00,1.00
2017.02.08 17:11:29.619,1.40816,1.40833,1.37,2.44
2017.02.08 17:11:29.973,1.40816,1.40831,1.50,1.37
2017.02.08 17:11:30.175,1.40814,1.40828,1.12,1.12
2017.02.08 17:11:30.721,1.40814,1.40829,1.00,1.00
2017.02.08 17:11:30.922,1.40814,1.40827,1.00,1.12
2017.02.08 17:11:31.035,1.40811,1.40828,1.50,2.06
2017.02.08 17:11:31.573,1.40813,1.40828,1.00,1.69
2017.02.08 17:11:32.117,1.40813,1.40829,1.37,1.87
2017.02.08 17:11:32.623,1.40813,1.40827,1.00,1.87
2017.02.08 17:11:33.097,1.40813,1.40829,1.00,1.31
2017.02.08 17:11:33.198,1.40815,1.40829,1.00,1.31
2017.02.08 17:11:34.327,1.40815,1.40831,1.00,1.56
2017.02.08 17:11:39.552,1.40816,1.40832,1.37,1.12
2017.02.08 17:11:39.763,1.40816,1.40833,1.12,1.25
2017.02.08 17:11:40.330,1.40817,1.40833,1.00,1.25
2017.02.08 17:11:43.185,1.40817,1.40832,1.00,1.12
2017.02.08 17:11:43.236,1.40817,1.4083,1.00,1.31
2017.02.08 17:11:46.850,1.40816,1.40832,1.50,1.00
2017.02.08 17:11:47.856,1.40816,1.40833,1.50,1.00
2017.02.08 17:11:48.391,1.40816,1.40832,2.25,1.31
2017.02.08 17:11:48.998,1.4082,1.40834,1.00,1.69
2017.02.08 17:11:50.017,1.40821,1.40838,3.00,1.75
2017.02.08 17:11:50.068,1.40821,1.40838,3.75,1.00
2017.02.08 17:11:50.169,1.40821,1.40838,2.25,2.62
2017.02.08 17:11:50.372,1.40821,1.40836,1.50,1.31
2017.02.08 17:11:50.832,1.40821,1.40833,1.00,1.00
2017.02.08 17:11:50.883,1.40819,1.40833,1.12,1.00
2017.02.08 17:11:51.795,1.40819,1.40834,1.00,1.00
2017.02.08 17:11:51.947,1.40821,1.40835,1.00,1.12
2017.02.08 17:11:52.454,1.40821,1.40836,1.12,1.31
2017.02.08 17:11:53.215,1.40821,1.40834,1.00,1.00
2017.02.08 17:11:53.367,1.40818,1.40833,1.50,1.00
2017.02.08 17:11:53.996,1.40818,1.40834,1.50,1.00
2017.02.08 17:11:55.138,1.40821,1.40837,1.00,2.06
2017.02.08 17:11:55.442,1.40821,1.40833,1.00,1.00
2017.02.08 17:11:55.493,1.40819,1.40833,1.12,1.00
2017.02.08 17:11:57.737,1.40819,1.40833,1.50,1.00
2017.02.08 17:11:59.210,1.40819,1.4083,1.12,1.50
2017.02.08 17:11:59.313,1.40815,1.40829,1.50,1.12
2017.02.08 17:11:59.364,1.40815,1.4083,1.37,1.69
2017.02.08 17:11:59.881,1.40816,1.40832,1.87,1.00
2017.02.08 17:11:59.932,1.40818,1.40833,2.62,1.00
2017.02.08 17:12:00.437,1.40818,1.40835,1.50,2.06
2017.02.08 17:12:00.742,1.40824,1.40843,3.00,3.56
2017.02.08 17:12:00.793,1.40827,1.40843,1.00,2.44
2017.02.08 17:12:01.147,1.40827,1.4084,1.00,1.31
2017.02.08 17:12:01.682,1.40827,1.4084,1.50,1.31
2017.02.08 17:12:01.986,1.40825,1.40839,1.37,1.12
2017.02.08 17:12:02.189,1.40824,1.40839,1.00,1.12
2017.02.08 17:12:03.233,1.40824,1.40839,1.50,1.12
2017.02.08 17:12:04.957,1.40824,1.4084,1.50,1.50
2017.02.08 17:12:05.222,1.40824,1.40838,1.50,1.00
2017.02.08 17:12:05.425,1.40822,1.40838,1.37,1.12
2017.02.08 17:12:06.274,1.40822,1.40836,1.00,1.00
2017.02.08 17:12:06.508,1.40819,1.40836,1.50,1.50
2017.02.08 17:12:07.251,1.40819,1.40834,1.50,1.00
2017.02.08 17:12:07.781,1.4082,1.40836,1.00,1.50
2017.02.08 17:12:08.269,1.4082,1.40837,1.37,1.00
2017.02.08 17:12:09.154,1.4082,1.40838,1.37,1.12
2017.02.08 17:12:09.256,1.4082,1.40839,1.37,1.50
2017.02.08 17:12:09.559,1.40827,1.40844,1.50,1.75
2017.02.08 17:12:10.217,1.40827,1.40844,1.00,2.25
2017.02.08 17:12:11.813,1.40827,1.40844,1.12,1.50
2017.02.08 17:12:15.327,1.40827,1.40842,1.00,1.00
2017.02.08 17:12:15.428,1.40825,1.40841,1.00,1.87
2017.02.08 17:12:16.000,1.40825,1.4084,1.00,1.12
2017.02.08 17:12:17.382,1.40825,1.40842,1.37,2.25
2017.02.08 17:12:17.534,1.40825,1.40842,1.87,1.00
2017.02.08 17:12:18.051,1.40825,1.40842,1.87,1.00
2017.02.08 17:12:19.263,1.40825,1.40842,2.25,1.50
2017.02.08 17:12:19.769,1.40825,1.40842,1.87,1.50
2017.02.08 17:12:21.443,1.40825,1.40837,1.00,1.00
2017.02.08 17:12:21.511,1.40825,1.40841,1.00,1.87
2017.02.08 17:12:22.068,1.40825,1.4084,1.50,1.00
2017.02.08 17:12:22.119,1.40825,1.4084,1.50,1.75
2017.02.08 17:12:22.577,1.40827,1.40845,1.00,6.37
2017.02.08 17:12:22.628,1.40827,1.40845,1.37,4.50
2017.02.08 17:12:22.729,1.40827,1.40845,1.37,2.25
2017.02.08 17:12:23.373,1.40829,1.40847,1.37,3.00
2017.02.08 17:12:23.424,1.40829,1.40847,1.37,2.25
2017.02.08 17:12:23.576,1.40828,1.40845,1.12,1.12
2017.02.08 17:12:23.627,1.40828,1.40842,1.00,1.12
2017.02.08 17:12:23.880,1.40826,1.40842,1.12,3.37
2017.02.08 17:12:24.592,1.40826,1.40841,1.00,1.00
2017.02.08 17:12:25.118,1.40826,1.4084,1.12,1.00
2017.02.08 17:12:25.662,1.40826,1.40839,1.12,1.00
2017.02.08 17:12:26.318,1.40826,1.4084,1.00,1.00
2017.02.08 17:12:26.636,1.40826,1.40838,1.00,1.00
2017.02.08 17:12:28.772,1.40823,1.40836,1.12,1.00
2017.02.08 17:12:28.823,1.40823,1.40834,1.12,1.00
2017.02.08 17:12:29.084,1.4082,1.40834,1.00,1.00
2017.02.08 17:12:29.847,1.4082,1.40835,1.00,1.00
2017.02.08 17:12:30.824,1.4082,1.40834,1.00,1.00
2017.02.08 17:12:31.148,1.4082,1.40837,1.87,1.50
2017.02.08 17:12:31.199,1.4082,1.40837,1.87,1.50
2017.02.08 17:12:31.503,1.40827,1.40841,1.00,1.00
2017.02.08 17:12:31.959,1.40827,1.40843,1.50,1.87
2017.02.08 17:12:32.643,1.40827,1.40842,1.12,1.00
2017.02.08 17:12:37.198,1.40827,1.4084,1.00,1.00
2017.02.08 17:12:37.464,1.40823,1.40839,1.00,1.12
2017.02.08 17:12:37.921,1.40823,1.40836,1.00,1.00
2017.02.08 17:12:38.023,1.40819,1.40836,1.75,1.87
2017.02.08 17:12:38.124,1.40819,1.40835,1.00,1.00
2017.02.08 17:12:38.630,1.40819,1.40834,1.00,1.00
2017.02.08 17:12:42.159,1.40817,1.40834,1.37,2.25
2017.02.08 17:12:42.210,1.40816,1.4083,1.87,1.00
2017.02.08 17:12:42.311,1.40814,1.40831,1.87,1.00
2017.02.08 17:12:42.362,1.40814,1.40829,1.50,1.00
2017.02.08 17:12:42.666,1.40814,1.40825,1.31,1.00
2017.02.08 17:12:42.717,1.40812,1.40824,1.25,1.00
2017.02.08 17:12:42.920,1.40809,1.40825,1.00,1.12
2017.02.08 17:12:43.223,1.40809,1.40823,1.00,1.50
2017.02.08 17:12:43.932,1.40809,1.40825,1.00,1.87
2017.02.08 17:12:44.409,1.40809,1.40819,1.00,1.00
2017.02.08 17:12:44.511,1.40803,1.40819,3.75,1.00
2017.02.08 17:12:44.614,1.40805,1.4082,1.00,1.50
2017.02.08 17:12:45.120,1.40806,1.40819,1.00,1.87
2017.02.08 17:12:45.434,1.40803,1.40819,1.00,1.87
2017.02.08 17:12:46.010,1.40802,1.40818,1.00,1.00
2017.02.08 17:12:46.792,1.40802,1.40817,1.00,1.00
2017.02.08 17:12:47.185,1.40802,1.40819,1.50,1.87
2017.02.08 17:12:47.640,1.40804,1.4082,1.00,1.50
2017.02.08 17:12:47.817,1.40802,1.4082,1.50,2.25
2017.02.08 17:12:48.323,1.40802,1.4082,1.87,2.25
2017.02.08 17:12:48.374,1.40804,1.4082,1.37,1.75
2017.02.08 17:12:48.526,1.40804,1.4082,1.37,1.12
2017.02.08 17:12:49.436,1.40804,1.40819,1.37,1.00
2017.02.08 17:12:50.436,1.40802,1.40819,2.25,1.00
2017.02.08 17:12:50.690,1.408,1.40814,1.75,1.00
2017.02.08 17:12:50.842,1.40798,1.40814,1.50,1.00
2017.02.08 17:12:50.944,1.40801,1.40816,1.37,1.50
2017.02.08 17:12:50.995,1.40801,1.40817,1.12,2.25
2017.02.08 17:12:51.147,1.40802,1.40817,1.00,1.87
2017.02.08 17:12:52.478,1.40802,1.40818,1.50,1.00
2017.02.08 17:12:53.142,1.40802,1.40819,1.87,1.12
2017.02.08 17:12:53.244,1.40803,1.4082,1.12,3.00
2017.02.08 17:12:53.346,1.40803,1.4082,1.12,1.87
2017.02.08 17:12:54.181,1.40804,1.4082,1.00,1.87
2017.02.08 17:12:54.692,1.40805,1.40821,1.00,2.25
2017.02.08 17:12:55.198,1.40805,1.40819,1.00,1.00
2017.02.08 17:12:55.603,1.40806,1.40822,1.37,1.87
2017.02.08 17:12:55.855,1.40809,1.40824,1.00,2.25
2017.02.08 17:12:58.373,1.40805,1.40822,1.12,1.50
2017.02.08 17:12:58.424,1.40805,1.40819,1.12,1.00
2017.02.08 17:12:58.991,1.40802,1.40819,2.25,1.12
2017.02.08 17:12:59.528,1.40803,1.40818,1.37,1.00
2017.02.08 17:12:59.832,1.40807,1.40822,1.50,1.00
2017.02.08 17:12:59.934,1.40807,1.40824,2.25,1.12
2017.02.08 17:13:00.413,1.40807,1.40819,1.12,1.00
2017.02.08 17:13:00.666,1.40804,1.40819,1.50,1.00
2017.02.08 17:13:00.717,1.40804,1.40822,3.75,3.00
2017.02.08 17:13:01.225,1.40804,1.40822,3.00,3.00
2017.02.08 17:13:01.776,1.40809,1.40822,1.00,1.00
2017.02.08 17:13:02.527,1.40809,1.40821,1.00,1.87
2017.02.08 17:13:03.266,1.40806,1.40819,1.12,1.00
2017.02.08 17:13:03.367,1.40803,1.40818,1.12,1.31
2017.02.08 17:13:03.531,1.40803,1.40816,1.12,1.31
2017.02.08 17:13:03.582,1.40801,1.40815,1.12,1.00
2017.02.08 17:13:04.230,1.40801,1.40815,1.37,1.00
2017.02.08 17:13:04.797,1.40801,1.40815,1.12,1.00
2017.02.08 17:13:05.376,1.40801,1.40816,1.37,1.50
2017.02.08 17:13:06.015,1.40801,1.40816,1.00,1.31
2017.02.08 17:13:06.319,1.40798,1.40809,1.00,1.12
2017.02.08 17:13:06.421,1.40798,1.40811,1.00,1.12
2017.02.08 17:13:06.927,1.40797,1.40811,1.00,1.12
2017.02.08 17:13:06.978,1.40797,1.40811,1.75,1.12
2017.02.08 17:13:07.411,1.40798,1.40815,1.87,1.87
2017.02.08 17:13:09.537,1.40803,1.4082,1.37,2.25
2017.02.08 17:13:09.638,1.40803,1.4082,1.50,1.87
2017.02.08 17:13:09.689,1.40805,1.4082,1.00,1.12
2017.02.08 17:13:10.622,1.40805,1.40819,1.00,1.12
2017.02.08 17:13:13.356,1.40805,1.40816,1.00,1.00
2017.02.08 17:13:13.508,1.40801,1.40816,1.50,1.00
2017.02.08 17:13:13.660,1.40801,1.40813,1.50,1.00
2017.02.08 17:13:13.761,1.40801,1.40816,1.87,1.00
2017.02.08 17:13:14.200,1.40801,1.40815,1.50,1.12
2017.02.08 17:13:14.546,1.40801,1.40818,1.87,2.25
2017.02.08 17:13:15.070,1.40801,1.40818,1.87,1.12
2017.02.08 17:13:15.612,1.40802,1.4082,1.12,2.25
2017.02.08 17:13:16.301,1.40801,1.40817,1.00,1.00
2017.02.08 17:13:16.402,1.40801,1.40817,1.00,1.87
2017.02.08 17:13:16.655,1.40802,1.40818,1.00,1.12
2017.02.08 17:13:17.531,1.40802,1.40818,1.37,1.12
2017.02.08 17:13:19.371,1.40803,1.4082,1.37,3.37
2017.02.08 17:13:19.573,1.40803,1.4082,2.25,1.12
2017.02.08 17:13:22.874,1.40802,1.40815,1.62,1.00
2017.02.08 17:13:23.179,1.40791,1.40802,2.06,1.00
2017.02.08 17:13:23.508,1.40779,1.40792,2.06,1.00
2017.02.08 17:13:23.559,1.40781,1.40794,1.31,1.00
2017.02.08 17:13:23.610,1.4078,1.4079,1.12,1.00
2017.02.08 17:13:23.762,1.40772,1.40783,1.12,1.50
2017.02.08 17:13:23.814,1.40772,1.40783,1.12,2.25
2017.02.08 17:13:23.915,1.4077,1.40783,1.25,1.87
2017.02.08 17:13:23.966,1.40769,1.40777,1.12,1.00
2017.02.08 17:13:24.017,1.40767,1.40778,1.81,1.00
2017.02.08 17:13:24.372,1.40765,1.40781,1.50,1.50
2017.02.08 17:13:24.726,1.40765,1.40781,1.12,1.50
2017.02.08 17:13:24.828,1.40762,1.40778,2.25,1.12
2017.02.08 17:13:25.150,1.40761,1.40777,1.37,3.00
2017.02.08 17:13:25.353,1.40758,1.40776,3.94,1.12
2017.02.08 17:13:25.404,1.40761,1.40776,1.37,1.12
2017.02.08 17:13:25.556,1.40763,1.40779,1.37,3.00
2017.02.08 17:13:26.063,1.40761,1.40778,1.87,1.50
2017.02.08 17:13:26.607,1.40762,1.40779,1.37,1.37
2017.02.08 17:13:28.250,1.40761,1.40779,4.12,1.87
2017.02.08 17:13:28.766,1.40763,1.4078,1.37,1.87
2017.02.08 17:13:29.069,1.40763,1.4078,1.37,1.12
2017.02.08 17:13:29.171,1.40764,1.4078,1.87,1.12
2017.02.08 17:13:29.223,1.40764,1.40781,3.00,1.87
2017.02.08 17:13:29.274,1.40764,1.40779,1.50,1.00
2017.02.08 17:13:29.376,1.40764,1.40779,1.50,1.37
2017.02.08 17:13:29.711,1.40765,1.40779,1.37,1.87
2017.02.08 17:13:30.167,1.40764,1.40779,1.50,1.37
2017.02.08 17:13:33.557,1.40764,1.40779,1.37,1.50
2017.02.08 17:13:33.709,1.40769,1.40781,1.37,1.50
2017.02.08 17:13:33.982,1.40771,1.40788,1.00,2.25
2017.02.08 17:13:34.236,1.40771,1.40788,1.37,2.25
2017.02.08 17:13:34.489,1.40774,1.40792,2.62,1.12
2017.02.08 17:13:35.051,1.40774,1.40792,3.37,1.50
2017.02.08 17:13:35.423,1.40774,1.40782,1.12,1.00
2017.02.08 17:13:35.474,1.40767,1.40782,3.19,1.50
2017.02.08 17:13:35.526,1.40765,1.40779,1.37,1.12
2017.02.08 17:13:35.577,1.40764,1.40774,1.00,1.00
2017.02.08 17:13:35.628,1.40761,1.40774,1.50,1.00
2017.02.08 17:13:35.932,1.4076,1.40774,1.12,1.50
2017.02.08 17:13:36.034,1.40758,1.40773,2.25,1.12
2017.02.08 17:13:36.562,1.40759,1.40773,1.00,1.12
2017.02.08 17:13:37.539,1.40759,1.40773,1.87,1.12
2017.02.08 17:13:37.641,1.40759,1.40773,1.87,1.37
2017.02.08 17:13:38.263,1.40762,1.40776,1.37,1.75
2017.02.08 17:13:38.467,1.40761,1.40778,3.75,1.50
2017.02.08 17:13:38.621,1.40761,1.40778,3.75,1.50
2017.02.08 17:13:39.248,1.40761,1.40778,3.37,1.50
2017.02.08 17:13:39.299,1.40762,1.4078,1.69,1.75
2017.02.08 17:13:39.350,1.40765,1.40781,1.00,1.75
2017.02.08 17:13:42.049,1.40762,1.40778,1.87,1.37
2017.02.08 17:13:42.357,1.40762,1.40777,1.37,1.50
2017.02.08 17:13:42.721,1.40758,1.40771,1.00,1.00
2017.02.08 17:13:42.772,1.40757,1.40772,1.87,1.00
2017.02.08 17:13:42.823,1.40756,1.40772,2.25,1.00
2017.02.08 17:13:43.057,1.40758,1.40775,1.37,1.75
2017.02.08 17:13:43.210,1.40759,1.40776,1.37,1.87
2017.02.08 17:13:43.751,1.40759,1.40774,1.37,1.12
2017.02.08 17:13:44.160,1.4076,1.40777,1.37,1.50
2017.02.08 17:13:44.734,1.4076,1.40776,1.37,1.50
2017.02.08 17:13:45.499,1.40761,1.40777,1.37,1.75
2017.02.08 17:13:46.009,1.40761,1.40777,1.00,1.75
2017.02.08 17:13:46.889,1.4076,1.40775,1.00,1.12
2017.02.08 17:13:47.190,1.40758,1.40773,1.00,1.75
2017.02.08 17:13:47.834,1.40758,1.40772,1.12,1.00
2017.02.08 17:13:48.486,1.40756,1.40772,1.12,1.12
2017.02.08 17:13:48.789,1.40754,1.40769,1.00,1.50
2017.02.08 17:13:49.097,1.40756,1.4077,1.12,1.75
2017.02.08 17:13:49.482,1.40758,1.40773,1.81,1.75
2017.02.08 17:13:49.583,1.40758,1.40774,1.12,2.25
2017.02.08 17:13:50.248,1.40759,1.40774,1.00,1.75
2017.02.08 17:13:51.881,1.40759,1.40775,1.87,1.75
2017.02.08 17:13:52.399,1.40759,1.40775,2.62,1.75
2017.02.08 17:13:52.563,1.40759,1.40772,1.12,1.37
2017.02.08 17:13:52.765,1.40753,1.4077,1.12,3.00
2017.02.08 17:13:53.207,1.40753,1.4077,1.12,1.75
2017.02.08 17:13:53.736,1.40754,1.4077,1.00,1.75
2017.02.08 17:13:54.608,1.40757,1.40771,1.00,1.75
2017.02.08 17:13:55.589,1.40754,1.40771,1.69,1.75
2017.02.08 17:13:55.690,1.40754,1.4077,1.12,1.75
2017.02.08 17:13:55.792,1.40754,1.40771,1.12,1.75
2017.02.08 17:13:56.604,1.40754,1.4077,1.69,1.50
2017.02.08 17:13:57.155,1.40756,1.4077,1.00,1.50
2017.02.08 17:13:57.206,1.40754,1.4077,1.69,1.50
2017.02.08 17:14:00.223,1.40753,1.40769,1.12,1.50
2017.02.08 17:14:00.274,1.40752,1.40769,1.00,1.87
2017.02.08 17:14:00.578,1.40755,1.40771,1.87,2.25
2017.02.08 17:14:00.730,1.40755,1.40773,2.44,2.25
2017.02.08 17:14:01.264,1.40756,1.40773,1.00,1.75
2017.02.08 17:14:03.216,1.40757,1.40774,1.00,2.00
2017.02.08 17:14:03.659,1.40762,1.40775,1.00,2.25
2017.02.08 17:14:03.816,1.40763,1.40776,1.00,1.75
2017.02.08 17:14:04.322,1.40763,1.40778,1.00,1.75
2017.02.08 17:14:04.473,1.40768,1.40778,1.00,1.75
2017.02.08 17:14:04.626,1.40768,1.40782,1.00,2.62
2017.02.08 17:14:04.727,1.40768,1.40784,1.00,1.75
2017.02.08 17:14:06.334,1.40767,1.40779,1.00,1.00
2017.02.08 17:14:06.895,1.40766,1.40779,1.00,1.00
2017.02.08 17:14:07.098,1.40766,1.40779,1.00,1.37
2017.02.08 17:14:07.886,1.40767,1.40779,1.00,1.75
2017.02.08 17:14:07.988,1.40765,1.4078,1.00,1.37
2017.02.08 17:14:08.156,1.40762,1.40778,1.50,1.12
2017.02.08 17:14:08.207,1.40762,1.40776,1.00,1.50
2017.02.08 17:14:09.433,1.40765,1.40779,1.37,1.05
2017.02.08 17:14:09.636,1.40767,1.40781,1.12,1.05
2017.02.08 17:14:10.403,1.40768,1.40781,1.00,1.05
2017.02.08 17:14:10.581,1.40766,1.40781,1.00,1.05
2017.02.08 17:14:10.733,1.40764,1.40781,1.00,1.05
2017.02.08 17:14:10.784,1.40767,1.40782,1.00,1.80
2017.02.08 17:14:12.295,1.40767,1.40783,1.00,3.11
2017.02.08 17:14:12.397,1.40767,1.40784,1.00,1.50
2017.02.08 17:14:13.761,1.40768,1.40783,1.00,1.12
2017.02.08 17:14:15.024,1.40767,1.40783,1.50,1.12
2017.02.08 17:14:15.875,1.40768,1.40785,1.00,1.31
2017.02.08 17:14:16.152,1.40768,1.40785,1.12,1.25
2017.02.08 17:14:18.140,1.40769,1.40785,2.62,1.25
2017.02.08 17:14:18.343,1.40773,1.40788,1.50,1.25
2017.02.08 17:14:19.307,1.40772,1.40787,1.00,1.00
2017.02.08 17:14:20.116,1.40774,1.40788,1.00,1.25
2017.02.08 17:14:21.814,1.40773,1.40788,1.00,1.25
2017.02.08 17:14:22.017,1.40771,1.40788,1.50,2.06
2017.02.08 17:14:22.118,1.40771,1.40786,1.00,1.12
2017.02.08 17:14:22.320,1.40771,1.40787,1.12,1.25
2017.02.08 17:14:22.456,1.40773,1.40787,1.00,1.25
2017.02.08 17:14:23.394,1.40771,1.40786,1.50,1.00
2017.02.08 17:14:24.299,1.4077,1.40785,1.50,1.00
2017.02.08 17:14:24.350,1.4077,1.40778,1.00,1.00
2017.02.08 17:14:24.654,1.40766,1.4078,1.12,2.62
2017.02.08 17:14:24.756,1.40766,1.40782,1.12,1.31
2017.02.08 17:14:24.857,1.40766,1.40782,1.12,1.25
2017.02.08 17:14:26.055,1.40767,1.40782,1.00,1.25
2017.02.08 17:14:27.809,1.40767,1.40785,1.00,1.31
2017.02.08 17:14:28.326,1.40767,1.40785,1.87,1.31
2017.02.08 17:14:28.528,1.40767,1.40784,2.25,1.12
2017.02.08 17:14:29.415,1.40767,1.40784,1.12,1.81
2017.02.08 17:14:30.246,1.40769,1.40784,1.00,1.81
2017.02.08 17:14:31.013,1.40769,1.40782,1.00,1.12
2017.02.08 17:14:31.521,1.40768,1.40782,1.00,1.12
2017.02.08 17:14:34.889,1.40768,1.40783,1.00,1.12
2017.02.08 17:14:36.010,1.40768,1.40785,1.00,1.62
2017.02.08 17:14:38.092,1.40769,1.40785,1.00,1.62
2017.02.08 17:14:38.618,1.4077,1.40786,1.00,1.87
2017.02.08 17:14:38.719,1.40768,1.40783,1.50,1.87
2017.02.08 17:14:39.247,1.40768,1.40782,1.00,1.31
2017.02.08 17:14:39.761,1.40767,1.40783,1.00,2.25
2017.02.08 17:14:40.491,1.40767,1.40782,1.37,1.12
2017.02.08 17:14:42.051,1.40769,1.40782,1.00,1.12
2017.02.08 17:14:43.167,1.40763,1.4078,3.75,1.00
2017.02.08 17:14:43.325,1.40763,1.4078,2.62,1.00
2017.02.08 17:14:43.376,1.40763,1.4078,1.87,1.50
2017.02.08 17:14:43.427,1.40763,1.40779,1.00,1.12
2017.02.08 17:14:43.814,1.40765,1.40781,1.50,1.69
2017.02.08 17:14:44.271,1.40765,1.40781,1.00,1.31
2017.02.08 17:14:44.373,1.40765,1.40783,1.00,1.75
2017.02.08 17:14:44.902,1.40766,1.40781,1.00,1.25
2017.02.08 17:14:46.020,1.40767,1.40781,1.00,1.25
2017.02.08 17:14:48.210,1.40763,1.40774,1.50,1.12
2017.02.08 17:14:48.261,1.40758,1.40774,1.00,1.81
2017.02.08 17:14:48.312,1.40758,1.40772,1.00,1.12
2017.02.08 17:14:48.413,1.40758,1.40774,1.00,2.25
2017.02.08 17:14:48.565,1.40758,1.40776,1.87,3.19
2017.02.08 17:14:48.768,1.40762,1.40777,1.00,1.00
2017.02.08 17:14:49.315,1.40761,1.40777,1.00,1.50
2017.02.08 17:14:50.189,1.40761,1.40777,1.12,1.50
2017.02.08 17:14:53.728,1.40764,1.40778,1.00,1.12
2017.02.08 17:14:53.968,1.40766,1.40782,1.12,2.62
2017.02.08 17:14:54.388,1.40764,1.40778,1.50,1.12
2017.02.08 17:14:54.489,1.40761,1.40778,1.31,1.00
2017.02.08 17:14:54.540,1.40759,1.40777,1.75,1.12
2017.02.08 17:14:54.591,1.40759,1.40776,1.12,1.25
2017.02.08 17:14:54.692,1.40759,1.40777,2.62,1.87
2017.02.08 17:14:55.891,1.40763,1.40777,1.00,1.12
2017.02.08 17:14:56.082,1.40763,1.4078,1.00,1.69
2017.02.08 17:14:56.184,1.40766,1.4078,1.00,1.25
2017.02.08 17:14:56.286,1.40766,1.40782,2.06,1.00
2017.02.08 17:14:56.797,1.40767,1.40784,1.00,1.12
2017.02.08 17:14:57.446,1.40773,1.40785,1.00,2.25
2017.02.08 17:14:57.786,1.40769,1.40787,1.50,1.50
2017.02.08 17:14:57.837,1.40773,1.40787,1.00,1.50
2017.02.08 17:14:58.141,1.40774,1.40787,1.37,1.50
2017.02.08 17:14:58.293,1.40774,1.4079,1.37,1.87
2017.02.08 17:14:58.495,1.40777,1.4079,1.00,1.12
2017.02.08 17:14:59.215,1.40772,1.40789,2.25,1.12
2017.02.08 17:14:59.322,1.40772,1.40786,1.50,1.12
2017.02.08 17:14:59.849,1.40772,1.40786,1.12,1.12
2017.02.08 17:15:00.153,1.40771,1.40783,2.62,1.12
2017.02.08 17:15:00.457,1.40768,1.40783,1.50,1.12
2017.02.08 17:15:00.558,1.40771,1.40785,1.00,1.62
2017.02.08 17:15:01.086,1.40772,1.40786,1.12,1.12
2017.02.08 17:15:04.028,1.40773,1.40789,1.12,1.86
2017.02.08 17:15:04.575,1.4077,1.40786,1.75,1.61
2017.02.08 17:15:04.727,1.4077,1.40786,1.00,1.61
2017.02.08 17:15:05.241,1.4077,1.40786,1.37,1.86
2017.02.08 17:15:07.549,1.40769,1.40783,1.12,1.23
2017.02.08 17:15:07.656,1.40766,1.40784,1.37,2.36
2017.02.08 17:15:08.162,1.40766,1.40782,1.50,1.55
2017.02.08 17:15:08.628,1.40769,1.40783,1.00,1.05
2017.02.08 17:15:09.165,1.40768,1.40784,1.00,1.55
2017.02.08 17:15:09.870,1.40768,1.40784,1.00,1.50
2017.02.08 17:15:10.470,1.40768,1.40786,2.25,1.61
2017.02.08 17:15:10.521,1.40769,1.40784,1.12,1.37
2017.02.08 17:15:10.775,1.40767,1.40784,1.87,1.50
2017.02.08 17:15:11.076,1.40769,1.40784,1.00,2.36
2017.02.08 17:15:11.178,1.40767,1.40784,1.12,2.36
2017.02.08 17:15:13.870,1.40766,1.40782,1.00,1.80
2017.02.08 17:15:14.392,1.40765,1.40782,2.25,1.92
2017.02.08 17:15:14.442,1.40765,1.40783,3.00,1.86
2017.02.08 17:15:14.767,1.40769,1.40783,1.00,1.86
2017.02.08 17:15:14.869,1.40765,1.40783,1.75,3.48
2017.02.08 17:15:14.971,1.40765,1.40782,1.00,1.61
2017.02.08 17:15:15.357,1.40765,1.40783,3.00,1.00
2017.02.08 17:15:15.870,1.40768,1.40783,1.00,1.00
2017.02.08 17:15:16.406,1.40769,1.40784,1.00,1.42
2017.02.08 17:15:16.508,1.40767,1.40784,1.12,1.42
2017.02.08 17:15:17.110,1.40768,1.40784,1.00,1.80
2017.02.08 17:15:17.700,1.40767,1.40784,1.00,2.17
2017.02.08 17:15:18.299,1.40767,1.40784,1.50,2.73
2017.02.08 17:15:19.934,1.40766,1.40784,1.87,1.92
2017.02.08 17:15:22.121,1.40767,1.40784,1.00,1.92
2017.02.08 17:15:22.274,1.40768,1.40786,1.87,1.98
2017.02.08 17:15:22.325,1.40768,1.40786,2.25,1.98
2017.02.08 17:15:22.844,1.40769,1.40786,1.87,1.61
2017.02.08 17:15:23.350,1.4077,1.40787,1.00,1.23
2017.02.08 17:15:23.984,1.40771,1.40787,1.00,1.23
2017.02.08 17:15:25.604,1.40769,1.40786,1.12,1.23
2017.02.08 17:15:26.570,1.4077,1.40787,1.00,1.98
2017.02.08 17:15:27.669,1.40772,1.40787,1.00,1.23
2017.02.08 17:15:27.771,1.40773,1.40788,1.50,1.92
2017.02.08 17:15:30.449,1.40773,1.40791,1.87,1.98
2017.02.08 17:15:32.118,1.40774,1.40791,1.00,1.23
2017.02.08 17:15:32.669,1.40774,1.40791,1.50,1.23
2017.02.08 17:15:33.382,1.40774,1.40791,1.00,1.23
2017.02.08 17:15:33.887,1.40774,1.40791,1.00,1.81
2017.02.08 17:15:34.090,1.40774,1.40788,1.50,1.12
2017.02.08 17:15:36.173,1.40773,1.40788,1.12,1.12
2017.02.08 17:15:37.086,1.40778,1.4079,1.00,1.12
2017.02.08 17:15:39.411,1.40777,1.40789,1.00,1.50
2017.02.08 17:15:39.715,1.40778,1.40791,1.00,1.12
2017.02.08 17:15:40.323,1.40779,1.40792,1.00,2.62
2017.02.08 17:15:40.807,1.40779,1.40794,1.31,1.87
2017.02.08 17:15:41.532,1.40779,1.40792,1.00,1.00
2017.02.08 17:15:43.617,1.40779,1.40795,1.00,1.12
2017.02.08 17:15:43.851,1.40779,1.40794,1.00,2.25
2017.02.08 17:15:44.256,1.40777,1.40794,1.12,2.62
2017.02.08 17:15:44.610,1.40782,1.40794,1.00,2.25
2017.02.08 17:15:45.156,1.40779,1.40793,1.00,1.50
2017.02.08 17:15:45.717,1.4078,1.40794,1.00,1.12
2017.02.08 17:15:46.528,1.40777,1.40794,1.87,1.12
2017.02.08 17:15:47.397,1.40776,1.40794,3.75,1.12
2017.02.08 17:15:47.549,1.4078,1.40798,1.12,1.87
2017.02.08 17:15:47.701,1.40782,1.40798,1.00,1.87
2017.02.08 17:15:47.752,1.4078,1.40798,1.87,1.87
2017.02.08 17:15:48.006,1.40782,1.40798,1.00,1.12
2017.02.08 17:15:49.139,1.4078,1.40797,1.87,1.00
2017.02.08 17:15:49.465,1.4077,1.40787,1.50,2.25
2017.02.08 17:15:49.876,1.4077,1.40787,2.25,1.50
2017.02.08 17:15:50.235,1.40775,1.4079,1.12,1.50
2017.02.08 17:15:50.489,1.40775,1.4079,1.37,1.12
2017.02.08 17:15:51.006,1.40775,1.4079,1.37,1.87
2017.02.08 17:15:51.311,1.40775,1.40788,1.37,1.00
2017.02.08 17:15:52.154,1.40774,1.40791,1.50,2.25
2017.02.08 17:15:52.752,1.40774,1.40791,1.50,1.87
2017.02.08 17:15:53.299,1.40774,1.40791,1.50,2.25
2017.02.08 17:15:53.432,1.40774,1.40791,1.50,2.25
2017.02.08 17:15:54.000,1.40774,1.4079,1.50,1.37
2017.02.08 17:15:54.670,1.40774,1.4079,1.50,1.12
2017.02.08 17:15:56.260,1.40774,1.40789,1.50,1.00
2017.02.08 17:15:57.980,1.40771,1.40787,1.87,1.00
2017.02.08 17:15:58.030,1.40769,1.40784,1.50,1.00
2017.02.08 17:15:58.183,1.40767,1.40785,1.12,1.50
2017.02.08 17:15:58.284,1.40771,1.40788,1.87,2.25
2017.02.08 17:15:58.459,1.40769,1.40787,1.12,1.37
2017.02.08 17:15:58.661,1.40769,1.40789,1.00,5.25
2017.02.08 17:15:58.965,1.40772,1.40789,1.00,1.87
2017.02.08 17:15:59.515,1.40771,1.40789,2.25,1.87
2017.02.08 17:16:00.056,1.40772,1.40789,1.00,1.12
2017.02.08 17:16:00.266,1.40771,1.40785,1.50,1.00
2017.02.08 17:16:00.469,1.40772,1.40788,1.50,1.50
2017.02.08 17:16:00.571,1.40772,1.4079,1.87,2.25
2017.02.08 17:16:00.672,1.40773,1.4079,1.37,1.50
2017.02.08 17:16:00.976,1.40778,1.40792,1.00,1.50
2017.02.08 17:16:01.689,1.40779,1.40792,1.00,1.50
2017.02.08 17:16:02.217,1.40778,1.40792,1.00,1.50
2017.02.08 17:16:02.752,1.40778,1.40792,1.00,2.25
2017.02.08 17:16:03.298,1.40777,1.40792,1.00,2.25
2017.02.08 17:16:03.791,1.40775,1.4079,1.00,1.00
2017.02.08 17:16:03.945,1.40775,1.40788,1.00,1.00
2017.02.08 17:16:03.996,1.40773,1.40788,1.12,1.00
2017.02.08 17:16:04.150,1.40769,1.4078,1.00,1.00
2017.02.08 17:16:04.454,1.40763,1.40781,1.00,2.44
2017.02.08 17:16:04.556,1.40763,1.40781,1.75,1.69
2017.02.08 17:16:04.658,1.40763,1.40779,1.12,1.12
2017.02.08 17:16:05.317,1.40759,1.40778,1.75,1.37
2017.02.08 17:16:05.470,1.40758,1.40777,2.25,3.22
2017.02.08 17:16:05.672,1.40761,1.40778,1.50,1.00
2017.02.08 17:16:06.201,1.40761,1.40778,1.75,1.00
2017.02.08 17:16:06.687,1.40759,1.40777,1.12,1.12
2017.02.08 17:16:07.373,1.40759,1.40776,1.12,1.12
2017.02.08 17:16:07.677,1.40748,1.40766,1.12,2.62
2017.02.08 17:16:07.728,1.40751,1.40766,1.00,1.75
2017.02.08 17:16:07.881,1.40751,1.40767,1.00,1.87
2017.02.08 17:16:08.235,1.40752,1.40768,1.37,1.50
2017.02.08 17:16:08.438,1.40751,1.4077,1.12,1.50
2017.02.08 17:16:08.489,1.40751,1.4077,1.50,2.25
2017.02.08 17:16:09.765,1.40752,1.40771,2.62,1.69
2017.02.08 17:16:10.224,1.40755,1.40771,1.00,1.25
2017.02.08 17:16:10.399,1.40756,1.40774,1.00,1.31
2017.02.08 17:16:10.582,1.40757,1.40775,1.75,1.87
2017.02.08 17:16:10.785,1.40756,1.40774,1.12,1.00
2017.02.08 17:16:10.937,1.40756,1.40775,1.12,3.37
2017.02.08 17:16:11.291,1.4076,1.40775,1.37,1.81
2017.02.08 17:16:11.443,1.40762,1.40779,1.12,1.50
2017.02.08 17:16:11.968,1.40762,1.40779,1.37,1.12
2017.02.08 17:16:12.374,1.40764,1.40781,1.12,1.12
2017.02.08 17:16:14.395,1.40763,1.4078,1.50,1.00
2017.02.08 17:16:14.738,1.4076,1.40776,2.25,1.87
2017.02.08 17:16:14.840,1.40765,1.40779,1.12,1.50
2017.02.08 17:16:15.143,1.40766,1.40782,1.87,1.75
2017.02.08 17:16:15.194,1.40766,1.40784,1.87,1.12
2017.02.08 17:16:15.696,1.40766,1.40785,1.00,2.06
2017.02.08 17:16:15.798,1.40768,1.40785,1.00,1.12
2017.02.08 17:16:16.000,1.4077,1.40785,1.00,1.12
2017.02.08 17:16:16.558,1.40771,1.40787,1.00,1.87
2017.02.08 17:16:18.182,1.40771,1.40785,1.00,1.00
2017.02.08 17:16:18.716,1.40771,1.40785,1.00,1.50
2017.02.08 17:16:19.218,1.40771,1.40785,1.00,1.00
2017.02.08 17:16:19.315,1.40772,1.40787,1.00,1.87
2017.02.08 17:16:19.568,1.40774,1.40787,1.00,1.00
2017.02.08 17:16:19.669,1.40772,1.40787,1.00,1.87
2017.02.08 17:16:20.023,1.40771,1.40785,1.50,1.12
2017.02.08 17:16:20.549,1.4077,1.40784,1.00,1.00
2017.02.08 17:16:20.650,1.40767,1.40783,1.69,1.00
2017.02.08 17:16:20.802,1.40764,1.40783,2.06,1.87
2017.02.08 17:16:21.626,1.40766,1.40784,1.00,1.62
2017.02.08 17:16:21.778,1.40768,1.40785,1.00,1.75
2017.02.08 17:16:22.593,1.40769,1.40787,1.00,2.62
2017.02.08 17:16:22.694,1.40769,1.40787,1.50,1.50
2017.02.08 17:16:22.796,1.40769,1.40787,1.87,1.00
2017.02.08 17:16:23.334,1.40771,1.40786,1.00,1.00
2017.02.08 17:16:23.684,1.40769,1.40786,1.12,2.25
2017.02.08 17:16:24.249,1.40768,1.40785,1.31,1.50
2017.02.08 17:16:25.385,1.40768,1.40783,1.00,1.00
2017.02.08 17:16:27.082,1.4077,1.40783,1.00,1.00
2017.02.08 17:16:28.070,1.4077,1.40782,1.00,1.00
2017.02.08 17:16:28.222,1.40766,1.40782,2.06,1.00
2017.02.08 17:16:29.058,1.40766,1.40783,2.81,1.12
2017.02.08 17:16:29.713,1.40766,1.40783,2.44,1.12
2017.02.08 17:16:30.262,1.40767,1.40783,1.00,1.12
2017.02.08 17:16:30.906,1.40767,1.40782,1.00,1.00
2017.02.08 17:16:32.988,1.40772,1.40782,1.00,1.00
2017.02.08 17:16:33.498,1.40772,1.40784,1.00,1.50
2017.02.08 17:16:34.594,1.40772,1.40785,1.00,1.87
2017.02.08 17:16:34.963,1.40769,1.40782,1.50,1.12
2017.02.08 17:16:35.115,1.40765,1.40779,1.50,1.00
2017.02.08 17:16:35.217,1.40762,1.40779,2.25,1.37
2017.02.08 17:16:35.369,1.40765,1.40779,1.00,1.00
2017.02.08 17:16:35.932,1.40765,1.4078,1.50,1.00
2017.02.08 17:16:36.449,1.40765,1.40781,1.50,2.44
2017.02.08 17:16:37.112,1.40761,1.40777,2.25,1.00
2017.02.08 17:16:37.214,1.40763,1.40779,1.12,1.12
2017.02.08 17:16:37.265,1.40764,1.40778,1.00,1.12
2017.02.08 17:16:37.796,1.40764,1.40779,1.00,1.62
2017.02.08 17:16:38.326,1.40763,1.40779,1.00,1.62
2017.02.08 17:16:39.019,1.40764,1.40779,1.00,1.62
2017.02.08 17:16:39.545,1.40765,1.40779,1.00,1.62
2017.02.08 17:16:40.810,1.40764,1.40779,1.00,1.62
2017.02.08 17:16:41.925,1.40765,1.40779,1.00,1.62
2017.02.08 17:16:42.458,1.40766,1.40781,1.00,1.12
2017.02.08 17:16:42.661,1.4076,1.40778,3.75,1.50
2017.02.08 17:16:42.712,1.4076,1.40775,1.87,1.00
2017.02.08 17:16:42.814,1.40761,1.40775,1.00,1.12
2017.02.08 17:16:43.327,1.40761,1.40775,1.00,1.50
2017.02.08 17:16:43.814,1.40758,1.40775,1.50,1.50
2017.02.08 17:16:43.865,1.4076,1.40777,1.00,1.69
2017.02.08 17:16:44.019,1.40763,1.40776,1.00,1.62
2017.02.08 17:16:44.324,1.40763,1.40776,1.00,1.75
2017.02.08 17:16:44.538,1.40759,1.40776,1.87,1.75
2017.02.08 17:16:45.120,1.40758,1.40771,1.00,1.00
2017.02.08 17:16:45.373,1.40756,1.40771,1.00,1.75
2017.02.08 17:16:45.475,1.40754,1.40772,1.00,1.75
2017.02.08 17:16:45.677,1.40753,1.4077,1.87,1.00
2017.02.08 17:16:46.139,1.40755,1.4077,1.00,1.00
2017.02.08 17:16:46.598,1.40753,1.40772,1.12,1.50
2017.02.08 17:16:46.650,1.40755,1.40771,1.00,1.00
2017.02.08 17:16:47.931,1.40757,1.40773,1.12,1.75
2017.02.08 17:16:48.235,1.40762,1.40777,1.00,2.62
2017.02.08 17:16:50.613,1.40761,1.40775,1.00,1.12
2017.02.08 17:16:50.715,1.4076,1.40777,1.00,1.87
2017.02.08 17:16:50.766,1.40762,1.40775,1.00,1.00
2017.02.08 17:16:51.069,1.4076,1.40775,1.00,2.19
2017.02.08 17:16:51.585,1.40759,1.40775,1.00,2.19
2017.02.08 17:16:51.999,1.40762,1.40777,1.00,1.31
2017.02.08 17:16:52.151,1.40762,1.40777,1.00,1.62
2017.02.08 17:16:52.462,1.40761,1.40777,1.50,1.31
2017.02.08 17:16:52.854,1.40761,1.40777,1.50,1.62
2017.02.08 17:16:52.997,1.40761,1.40776,1.00,1.50
2017.02.08 17:16:53.050,1.40758,1.40774,1.12,1.37
2017.02.08 17:16:53.152,1.40758,1.40772,1.00,1.87
2017.02.08 17:16:53.203,1.40756,1.40774,1.00,1.75
2017.02.08 17:16:53.355,1.40756,1.40774,1.50,1.50
2017.02.08 17:16:53.893,1.40757,1.40774,1.00,2.62
2017.02.08 17:16:54.120,1.40757,1.40773,1.00,1.37
2017.02.08 17:16:54.636,1.40757,1.40773,1.00,2.62
2017.02.08 17:16:55.161,1.40756,1.40773,1.00,2.62
2017.02.08 17:16:55.725,1.40757,1.40773,1.00,1.87
2017.02.08 17:16:55.962,1.40755,1.4077,1.00,1.87
2017.02.08 17:16:56.013,1.40751,1.40765,1.50,1.00
2017.02.08 17:16:56.064,1.4075,1.40767,1.75,1.50
2017.02.08 17:16:56.115,1.40747,1.40766,2.25,1.12
2017.02.08 17:16:56.166,1.40748,1.40765,1.50,1.69
2017.02.08 17:16:56.217,1.40748,1.40763,1.37,1.12
2017.02.08 17:16:56.319,1.40746,1.40764,1.87,1.12
2017.02.08 17:16:56.420,1.40746,1.40763,1.37,1.12
2017.02.08 17:16:56.955,1.40746,1.40762,1.00,1.25
2017.02.08 17:16:57.426,1.40748,1.40762,1.00,1.25
2017.02.08 17:16:57.935,1.40746,1.40762,1.50,1.12
2017.02.08 17:16:58.087,1.40745,1.40761,1.12,1.12
2017.02.08 17:16:58.521,1.40747,1.40762,1.00,1.75
2017.02.08 17:16:59.663,1.40745,1.40759,1.00,1.50
2017.02.08 17:16:59.866,1.40745,1.40764,2.06,1.75
2017.02.08 17:16:59.917,1.40747,1.40765,1.00,5.25
2017.02.08 17:17:00.844,1.40749,1.40764,1.00,1.75
2017.02.08 17:17:00.945,1.40746,1.40762,1.00,1.75
2017.02.08 17:17:01.453,1.40747,1.40761,1.00,1.50
2017.02.08 17:17:01.706,1.4075,1.40763,1.00,1.75
2017.02.08 17:17:01.808,1.40752,1.40768,1.00,2.25
2017.02.08 17:17:01.909,1.40754,1.40767,1.00,1.00
2017.02.08 17:17:02.112,1.40754,1.40769,1.00,1.12
2017.02.08 17:17:02.301,1.40753,1.40769,1.00,1.50
2017.02.08 17:17:02.925,1.40753,1.4077,1.87,1.75
2017.02.08 17:17:03.473,1.40753,1.4077,1.12,1.75
2017.02.08 17:17:04.331,1.40753,1.4077,1.12,1.75
2017.02.08 17:17:04.676,1.40758,1.4077,1.00,1.75
2017.02.08 17:17:05.821,1.40757,1.40773,1.50,3.37
2017.02.08 17:17:05.923,1.40757,1.40775,1.87,3.37
2017.02.08 17:17:06.024,1.40756,1.40774,1.12,1.87
2017.02.08 17:17:06.126,1.40754,1.40772,1.37,1.37
2017.02.08 17:17:06.177,1.40753,1.40772,1.37,1.75
2017.02.08 17:17:07.850,1.40753,1.40771,1.00,1.75
2017.02.08 17:17:08.208,1.40751,1.4077,1.87,1.87
2017.02.08 17:17:12.628,1.40752,1.40769,1.00,1.50
2017.02.08 17:17:13.130,1.40753,1.4077,1.00,2.62
2017.02.08 17:17:13.232,1.40753,1.4077,1.00,1.87
2017.02.08 17:17:16.602,1.40754,1.4077,1.00,2.25
2017.02.08 17:17:16.930,1.40742,1.4076,1.12,1.50
2017.02.08 17:17:17.007,1.4074,1.40756,1.12,1.12
2017.02.08 17:17:17.109,1.4074,1.40759,2.25,1.25
2017.02.08 17:17:17.160,1.40743,1.40759,1.00,1.62
2017.02.08 17:17:17.418,1.40738,1.40756,1.00,3.00
2017.02.08 17:17:17.519,1.40736,1.40755,1.50,2.62
2017.02.08 17:17:17.824,1.40743,1.4076,1.00,2.00
2017.02.08 17:17:17.926,1.40741,1.40759,1.00,1.87
2017.02.08 17:17:18.457,1.40741,1.40756,1.00,1.12
2017.02.08 17:17:19.106,1.40743,1.40758,1.87,1.81
2017.02.08 17:17:19.233,1.40743,1.40758,1.12,1.12
2017.02.08 17:17:19.537,1.40738,1.40755,3.37,1.12
2017.02.08 17:17:20.056,1.40738,1.40756,3.00,1.92
2017.02.08 17:17:20.209,1.4074,1.40756,1.00,1.05
2017.02.08 17:17:20.562,1.40738,1.40756,2.25,1.05
2017.02.08 17:17:20.614,1.40741,1.40756,1.00,1.05
2017.02.08 17:17:21.103,1.40743,1.40757,1.37,1.05
2017.02.08 17:17:21.637,1.40742,1.40759,1.00,1.23
2017.02.08 17:17:22.237,1.40745,1.40759,1.12,1.23
2017.02.08 17:17:22.339,1.40743,1.40759,1.87,1.23
2017.02.08 17:17:22.391,1.40745,1.40759,1.00,1.23
2017.02.08 17:17:23.050,1.40745,1.4076,1.00,1.92
2017.02.08 17:17:26.020,1.40746,1.4076,1.00,1.92
2017.02.08 17:17:26.567,1.40745,1.4076,1.00,1.92
2017.02.08 17:17:28.883,1.40746,1.4076,1.00,1.23
2017.02.08 17:17:30.405,1.40746,1.40761,1.00,1.92
2017.02.08 17:17:32.836,1.40746,1.40761,1.00,1.05
2017.02.08 17:17:33.362,1.40747,1.40762,1.00,1.05
2017.02.08 17:17:33.514,1.4075,1.40765,1.12,1.05
2017.02.08 17:17:33.666,1.40751,1.40768,2.44,1.75
2017.02.08 17:17:33.768,1.40753,1.40769,1.00,1.75
2017.02.08 17:17:33.870,1.40753,1.40769,1.00,1.50
2017.02.08 17:17:33.920,1.40753,1.40769,1.00,1.75
2017.02.08 17:17:35.362,1.40756,1.4077,1.00,2.36
2017.02.08 17:17:35.464,1.40758,1.40771,1.00,1.61
2017.02.08 17:17:35.616,1.40756,1.40772,1.00,1.23
2017.02.08 17:17:35.918,1.40754,1.40769,1.00,1.00
2017.02.08 17:17:36.457,1.40754,1.40771,1.00,2.73
2017.02.08 17:17:36.852,1.40753,1.4077,1.00,2.17
2017.02.08 17:17:37.004,1.40751,1.40768,1.87,1.50
2017.02.08 17:17:37.510,1.40751,1.40768,1.87,2.36
2017.02.08 17:17:38.717,1.40751,1.40765,1.12,1.00
2017.02.08 17:17:38.970,1.40747,1.40763,1.00,1.12
2017.02.08 17:17:40.184,1.40749,1.40764,1.00,1.05
2017.02.08 17:17:40.690,1.4075,1.40765,1.00,1.05
2017.02.08 17:17:41.298,1.40751,1.40766,1.00,1.05
2017.02.08 17:17:41.450,1.40753,1.4077,1.00,1.05
2017.02.08 17:17:41.551,1.40754,1.40769,1.00,1.05
2017.02.08 17:17:42.057,1.40755,1.40769,1.00,1.42
2017.02.08 17:17:42.296,1.40752,1.40769,1.00,1.05
2017.02.08 17:17:42.348,1.40752,1.4077,1.12,1.80
2017.02.08 17:17:42.866,1.40752,1.4077,1.12,2.36
2017.02.08 17:17:43.457,1.40751,1.40768,1.50,1.05
2017.02.08 17:17:44.108,1.40753,1.40768,1.00,1.05
2017.02.08 17:17:44.287,1.40753,1.4077,1.00,1.00
2017.02.08 17:17:44.389,1.40752,1.40768,1.87,1.12
2017.02.08 17:17:44.732,1.40754,1.40768,1.00,1.37
2017.02.08 17:17:45.275,1.40753,1.40769,1.50,1.12
2017.02.08 17:17:46.984,1.40753,1.4077,1.50,1.00
2017.02.08 17:17:48.687,1.40754,1.4077,1.00,1.00
2017.02.08 17:17:50.425,1.40755,1.40772,1.00,1.31
2017.02.08 17:17:50.933,1.40756,1.40771,1.00,1.69
2017.02.08 17:17:51.258,1.40753,1.40769,1.00,1.00
2017.02.08 17:17:51.765,1.40753,1.40769,1.00,1.37
2017.02.08 17:17:52.311,1.40753,1.40769,1.12,1.00
2017.02.08 17:17:52.826,1.40753,1.40769,1.00,2.44
2017.02.08 17:17:53.344,1.40752,1.40769,1.00,2.44
2017.02.08 17:17:54.028,1.40751,1.40769,1.87,2.44
2017.02.08 17:17:55.050,1.40752,1.40769,1.00,2.44
2017.02.08 17:17:56.167,1.40756,1.40769,1.00,1.62
2017.02.08 17:17:56.474,1.40761,1.40776,1.00,1.75
2017.02.08 17:17:56.626,1.40757,1.40772,1.87,1.00
2017.02.08 17:17:56.677,1.40757,1.4077,1.00,1.00
2017.02.08 17:17:56.729,1.40752,1.4077,3.00,1.00
2017.02.08 17:17:56.780,1.40752,1.40769,2.25,1.37
2017.02.08 17:17:56.960,1.40752,1.4077,1.87,2.25
2017.02.08 17:17:57.053,1.40754,1.40769,1.00,1.12
2017.02.08 17:17:57.560,1.40753,1.40768,1.00,1.87
2017.02.08 17:17:58.092,1.40752,1.40768,1.50,1.87
2017.02.08 17:17:59.689,1.40751,1.40766,1.00,2.62
2017.02.08 17:17:59.992,1.40751,1.40763,1.00,1.62
2017.02.08 17:18:00.680,1.40751,1.40763,1.00,1.25
2017.02.08 17:18:04.146,1.40749,1.40766,1.50,1.31
2017.02.08 17:18:04.197,1.40749,1.40766,1.87,1.81
2017.02.08 17:18:04.342,1.40748,1.40764,1.87,1.37
2017.02.08 17:18:04.848,1.40748,1.40765,1.50,2.06
2017.02.08 17:18:05.213,1.40748,1.4076,1.00,1.00
2017.02.08 17:18:05.724,1.40746,1.4076,1.50,1.00
2017.02.08 17:18:06.386,1.40744,1.4076,1.50,1.00
2017.02.08 17:18:06.487,1.40744,1.4076,1.12,1.00
2017.02.08 17:18:07.192,1.40743,1.4076,2.25,1.00
2017.02.08 17:18:07.888,1.40743,1.40761,2.62,1.31
2017.02.08 17:18:08.221,1.40743,1.40759,2.62,1.00
2017.02.08 17:18:09.208,1.40744,1.40759,1.37,1.00
2017.02.08 17:18:09.844,1.40744,1.40759,1.00,1.00
2017.02.08 17:18:10.345,1.40744,1.40759,2.25,1.00
2017.02.08 17:18:11.324,1.40746,1.40761,1.00,2.44
2017.02.08 17:18:11.425,1.40744,1.40761,1.00,2.44
2017.02.08 17:18:12.321,1.40745,1.40761,1.00,2.44
2017.02.08 17:18:12.423,1.40743,1.40758,1.12,1.00
2017.02.08 17:18:12.726,1.40743,1.4076,1.75,1.00
2017.02.08 17:18:13.251,1.40746,1.40759,1.00,1.00
2017.02.08 17:18:13.761,1.40745,1.40759,1.00,1.00
2017.02.08 17:18:14.180,1.40742,1.40759,1.62,1.50
2017.02.08 17:18:15.536,1.40743,1.40758,1.12,1.00
2017.02.08 17:18:15.738,1.40745,1.40758,1.00,1.12
2017.02.08 17:18:16.287,1.40745,1.40759,1.00,1.00
2017.02.08 17:18:19.901,1.40741,1.40756,1.62,1.37
2017.02.08 17:18:20.229,1.40727,1.4074,1.87,1.50
2017.02.08 17:18:20.280,1.40725,1.40743,1.69,2.25
2017.02.08 17:18:20.331,1.40728,1.40738,1.37,1.00
2017.02.08 17:18:20.432,1.40733,1.40745,1.12,1.75
2017.02.08 17:18:21.003,1.40733,1.40744,1.00,1.00
2017.02.08 17:18:21.595,1.40732,1.40744,1.12,1.00
2017.02.08 17:18:22.099,1.40732,1.40745,1.12,1.00
2017.02.08 17:18:22.307,1.40734,1.40748,1.37,2.81
2017.02.08 17:18:22.510,1.40738,1.40752,1.12,1.00
2017.02.08 17:18:23.017,1.40738,1.40752,1.87,1.00
2017.02.08 17:18:23.473,1.40739,1.40754,1.62,1.50
2017.02.08 17:18:23.523,1.40739,1.40754,1.62,1.50
2017.02.08 17:18:23.911,1.40737,1.40751,2.06,1.00
2017.02.08 17:18:24.427,1.40738,1.40752,1.12,1.12
2017.02.08 17:18:24.746,1.4074,1.40752,1.00,1.12
2017.02.08 17:18:24.949,1.40738,1.40753,1.12,1.00
2017.02.08 17:18:25.194,1.40734,1.40751,1.12,1.00
2017.02.08 17:18:25.742,1.40736,1.40751,1.12,1.12
2017.02.08 17:18:26.287,1.40736,1.40751,1.37,1.12
2017.02.08 17:18:26.881,1.40743,1.40757,1.37,3.37
2017.02.08 17:18:26.932,1.40742,1.40756,2.62,1.62
2017.02.08 17:18:26.983,1.40742,1.40757,1.50,1.50
2017.02.08 17:18:27.034,1.40742,1.40759,1.87,1.31
2017.02.08 17:18:27.333,1.40741,1.40757,1.50,1.12
2017.02.08 17:18:27.438,1.40741,1.40757,1.50,1.31
2017.02.08 17:18:27.691,1.40744,1.40757,1.00,1.31
2017.02.08 17:18:27.845,1.40746,1.4076,1.00,1.00
2017.02.08 17:18:28.369,1.40746,1.4076,1.87,1.00
2017.02.08 17:18:29.560,1.40746,1.4076,1.87,1.00
2017.02.08 17:18:30.103,1.40747,1.40762,1.87,1.12
2017.02.08 17:18:30.155,1.40749,1.40762,1.00,1.25
2017.02.08 17:18:30.459,1.40754,1.40766,1.37,1.31
2017.02.08 17:18:30.561,1.40753,1.40766,1.12,1.31
2017.02.08 17:18:31.779,1.40753,1.40766,1.00,1.56
2017.02.08 17:18:31.932,1.40755,1.40769,1.00,1.50
2017.02.08 17:18:32.386,1.40755,1.40771,1.87,2.44
2017.02.08 17:18:32.437,1.40759,1.40772,1.00,1.12
2017.02.08 17:18:32.981,1.4076,1.40772,1.00,1.00
2017.02.08 17:18:33.194,1.4076,1.40776,2.62,1.12
2017.02.08 17:18:33.296,1.40765,1.40776,1.00,1.12
2017.02.08 17:18:33.571,1.40765,1.4078,1.50,1.00
2017.02.08 17:18:36.039,1.40765,1.40779,1.00,1.12
2017.02.08 17:18:36.586,1.40766,1.40781,1.00,2.62
2017.02.08 17:18:38.339,1.40766,1.40781,1.37,1.75
2017.02.08 17:18:38.670,1.40778,1.40791,1.12,2.25
2017.02.08 17:18:38.721,1.4078,1.40791,1.87,1.81
2017.02.08 17:18:38.772,1.40779,1.40794,1.50,1.87
2017.02.08 17:18:38.823,1.40778,1.40794,1.87,1.87
2017.02.08 17:18:38.925,1.40778,1.40791,1.00,1.12
2017.02.08 17:18:39.432,1.40776,1.40791,3.00,1.12
2017.02.08 17:18:39.855,1.40772,1.40784,1.00,1.12
2017.02.08 17:18:40.193,1.4077,1.40782,1.00,1.81
2017.02.08 17:18:40.244,1.4077,1.40784,1.00,1.31
2017.02.08 17:18:40.345,1.4077,1.40786,1.50,1.12
2017.02.08 17:18:40.869,1.4077,1.40786,1.12,1.12
2017.02.08 17:18:41.447,1.4077,1.40784,1.12,1.12
2017.02.08 17:18:42.276,1.4077,1.40788,1.12,1.50
2017.02.08 17:18:42.858,1.40769,1.40783,1.62,1.00
2017.02.08 17:18:42.960,1.40767,1.40784,1.31,1.00
2017.02.08 17:18:43.011,1.40767,1.40784,1.69,1.37
2017.02.08 17:18:43.264,1.40768,1.40784,1.12,1.87
2017.02.08 17:18:43.366,1.40769,1.40784,1.12,1.12
2017.02.08 17:18:43.716,1.40768,1.40784,1.81,1.50
2017.02.08 17:18:43.839,1.40769,1.40785,1.37,1.75
2017.02.08 17:18:44.041,1.40769,1.40785,1.12,1.12
2017.02.08 17:18:44.490,1.40771,1.40787,1.00,2.25
2017.02.08 17:18:44.642,1.40771,1.40787,1.12,1.00
2017.02.08 17:18:45.162,1.40771,1.40787,1.12,1.50
2017.02.08 17:18:45.869,1.40771,1.40789,2.25,1.50
2017.02.08 17:18:46.407,1.40772,1.4079,1.00,2.25
2017.02.08 17:18:46.933,1.40773,1.4079,1.00,2.25
2017.02.08 17:18:47.333,1.40771,1.40786,1.31,1.00
2017.02.08 17:18:47.466,1.40769,1.40785,1.87,1.12
2017.02.08 17:18:47.517,1.40772,1.40785,1.37,1.50
2017.02.08 17:18:47.770,1.40772,1.40789,1.37,1.50
2017.02.08 17:18:48.424,1.40772,1.4079,1.00,1.75
2017.02.08 17:18:48.519,1.40773,1.4079,1.87,1.50
2017.02.08 17:18:49.024,1.40774,1.40791,1.69,2.25
2017.02.08 17:18:49.783,1.40774,1.40791,1.69,2.25
2017.02.08 17:18:50.290,1.40775,1.40792,1.00,2.25
2017.02.08 17:18:51.286,1.40774,1.4079,1.31,1.50
2017.02.08 17:18:51.489,1.40776,1.40791,1.12,1.75
2017.02.08 17:18:52.074,1.40773,1.4079,1.69,1.75
2017.02.08 17:18:52.173,1.40774,1.4079,1.12,1.75
2017.02.08 17:18:52.275,1.40774,1.4079,1.12,1.75
2017.02.08 17:18:53.221,1.40776,1.40792,1.37,2.25
2017.02.08 17:18:53.272,1.40775,1.40792,3.00,2.25
2017.02.08 17:18:55.083,1.40776,1.40793,3.37,1.12
2017.02.08 17:18:55.465,1.40776,1.40792,1.69,1.00
2017.02.08 17:18:55.566,1.40776,1.40792,2.25,1.50
2017.02.08 17:18:55.718,1.40777,1.40794,2.06,1.50
2017.02.08 17:18:56.685,1.40777,1.40793,1.56,1.00
2017.02.08 17:18:57.155,1.40776,1.40793,1.31,1.37
2017.02.08 17:18:57.676,1.40776,1.40793,1.31,1.75
2017.02.08 17:18:59.071,1.40776,1.4079,1.31,1.00
2017.02.08 17:18:59.641,1.40776,1.40791,1.31,1.12
2017.02.08 17:18:59.937,1.40776,1.40793,1.69,1.50
2017.02.08 17:18:59.988,1.40776,1.40793,1.31,1.50
2017.02.08 17:19:00.190,1.40777,1.40793,1.12,1.50
2017.02.08 17:19:00.632,1.40777,1.40791,1.12,1.37
2017.02.08 17:19:00.683,1.40773,1.4079,1.00,1.50
2017.02.08 17:19:00.835,1.40769,1.40787,3.00,1.00
2017.02.08 17:19:00.886,1.40769,1.40787,2.62,1.12
2017.02.08 17:19:01.659,1.40769,1.40787,1.37,1.50
2017.02.08 17:19:02.168,1.40769,1.40785,1.00,1.12
2017.02.08 17:19:02.803,1.4077,1.40785,1.00,1.12
2017.02.08 17:19:02.854,1.40771,1.40785,1.12,1.12
2017.02.08 17:19:03.286,1.40775,1.4079,1.00,1.75
2017.02.08 17:19:03.389,1.40775,1.4079,1.00,1.12
2017.02.08 17:19:04.084,1.40773,1.40791,2.44,1.37
2017.02.08 17:19:04.727,1.40775,1.40791,1.00,1.37
2017.02.08 17:19:04.930,1.40776,1.40792,1.12,1.12
2017.02.08 17:19:05.184,1.40778,1.40792,1.00,1.12
2017.02.08 17:19:05.967,1.40777,1.40793,1.87,1.50
2017.02.08 17:19:06.448,1.40783,1.40794,1.00,1.75
2017.02.08 17:19:06.500,1.40781,1.40795,1.12,1.75
2017.02.08 17:19:06.551,1.40779,1.40795,1.12,1.37
2017.02.08 17:19:06.602,1.40779,1.40795,2.44,1.00
2017.02.08 17:19:06.652,1.4078,1.40795,1.50,1.00
2017.02.08 17:19:06.964,1.40784,1.40799,1.37,1.50
2017.02.08 17:19:07.116,1.40786,1.40803,1.37,2.62
2017.02.08 17:19:07.210,1.40785,1.40803,2.25,2.62
2017.02.08 17:19:07.514,1.40783,1.40799,1.50,1.00
2017.02.08 17:19:08.020,1.40783,1.40798,1.00,1.00
2017.02.08 17:19:08.970,1.40783,1.40799,1.00,1.00
2017.02.08 17:19:10.062,1.40781,1.40797,1.87,1.00
2017.02.08 17:19:10.477,1.40781,1.40794,1.37,1.00
2017.02.08 17:19:10.630,1.40777,1.40794,1.00,2.25
2017.02.08 17:19:10.681,1.40776,1.40792,1.12,1.00
2017.02.08 17:19:10.732,1.40775,1.40792,4.50,1.00
2017.02.08 17:19:11.238,1.40775,1.40792,2.25,1.12
2017.02.08 17:19:11.610,1.40773,1.4079,2.44,1.00
2017.02.08 17:19:11.935,1.40777,1.40793,1.56,1.00
2017.02.08 17:19:12.693,1.40777,1.40792,1.56,1.00
2017.02.08 17:19:13.890,1.40775,1.40792,3.00,1.37
2017.02.08 17:19:14.346,1.40774,1.40791,2.06,2.25
2017.02.08 17:19:14.820,1.40775,1.40792,2.25,2.25
2017.02.08 17:19:15.134,1.40776,1.40792,1.69,2.25
2017.02.08 17:19:15.683,1.40776,1.40792,1.69,2.25
2017.02.08 17:19:17.672,1.40778,1.40793,1.12,1.75
2017.02.08 17:19:20.764,1.40776,1.40792,1.69,1.75
2017.02.08 17:19:20.861,1.40776,1.40792,1.12,1.75
2017.02.08 17:19:21.024,1.40774,1.40788,1.31,1.00
2017.02.08 17:19:21.530,1.40775,1.40789,1.31,1.50
2017.02.08 17:19:22.220,1.40774,1.40789,1.31,1.00
2017.02.08 17:19:24.106,1.40775,1.40789,1.00,1.00
2017.02.08 17:19:29.311,1.40772,1.40788,2.25,1.00
2017.02.08 17:19:29.615,1.40773,1.40789,1.69,1.37
2017.02.08 17:19:29.666,1.40773,1.40789,1.69,1.12
2017.02.08 17:19:32.649,1.40774,1.40791,1.87,1.12
2017.02.08 17:19:35.224,1.40774,1.4079,1.87,1.00
2017.02.08 17:19:38.519,1.40774,1.40788,1.00,1.00
2017.02.08 17:19:39.090,1.40772,1.40786,1.12,1.00
2017.02.08 17:19:39.241,1.40769,1.40785,1.62,1.00
2017.02.08 17:19:39.292,1.40769,1.40785,1.25,1.00
2017.02.08 17:19:39.343,1.40767,1.40783,2.62,1.00
2017.02.08 17:19:39.862,1.40768,1.40783,1.00,1.12
2017.02.08 17:19:40.064,1.40766,1.40783,3.19,1.12
2017.02.08 17:19:40.166,1.40767,1.40785,1.87,3.00
2017.02.08 17:19:40.217,1.40767,1.40785,1.12,2.25
2017.02.08 17:19:40.318,1.40767,1.40785,2.06,1.00
2017.02.08 17:19:41.171,1.40767,1.40782,1.69,1.50
2017.02.08 17:19:41.406,1.40765,1.40781,1.37,1.00
2017.02.08 17:19:41.760,1.40764,1.40781,1.31,1.12
2017.02.08 17:19:42.049,1.40761,1.40778,1.87,1.31
2017.02.08 17:19:42.354,1.4076,1.40777,1.12,2.25
2017.02.08 17:19:42.893,1.4076,1.40777,2.25,1.87
2017.02.08 17:19:43.874,1.4076,1.40777,1.87,1.50
2017.02.08 17:19:45.435,1.40761,1.40777,1.00,1.50
2017.02.08 17:19:45.892,1.40763,1.40778,1.12,2.19
2017.02.08 17:19:45.994,1.40761,1.40778,1.87,1.50
2017.02.08 17:19:48.104,1.40761,1.40778,1.31,1.12
2017.02.08 17:19:48.208,1.40763,1.40781,1.37,3.56
2017.02.08 17:19:48.259,1.40763,1.40781,2.44,1.75
2017.02.08 17:19:48.360,1.40763,1.40781,2.25,2.06
2017.02.08 17:19:49.599,1.40762,1.40778,1.12,1.37
2017.02.08 17:19:50.697,1.40764,1.4078,1.87,1.31
2017.02.08 17:19:50.798,1.40764,1.40779,1.00,1.50
2017.02.08 17:19:50.850,1.40762,1.40777,1.12,1.00
2017.02.08 17:19:50.902,1.40762,1.40777,1.37,1.00
2017.02.08 17:19:51.054,1.40761,1.40777,1.50,1.00
2017.02.08 17:19:51.690,1.40761,1.40777,1.37,1.00
2017.02.08 17:19:52.089,1.40763,1.40779,1.69,1.50
2017.02.08 17:19:52.141,1.40763,1.40779,1.69,1.12
2017.02.08 17:19:52.344,1.40767,1.40783,2.62,3.37
2017.02.08 17:19:52.598,1.40772,1.40785,1.12,1.12
2017.02.08 17:19:52.801,1.40773,1.40788,1.00,2.06
2017.02.08 17:19:52.903,1.40771,1.40786,1.00,1.00
2017.02.08 17:19:53.419,1.40771,1.40786,2.25,1.00
2017.02.08 17:19:53.571,1.40773,1.40788,1.00,1.00
2017.02.08 17:19:54.108,1.40773,1.40789,1.12,1.31
2017.02.08 17:19:54.187,1.40774,1.40787,1.00,1.00
2017.02.08 17:19:54.389,1.40772,1.40787,1.00,1.87
2017.02.08 17:19:55.393,1.40773,1.4079,1.00,2.06
2017.02.08 17:19:55.545,1.40775,1.4079,1.00,2.06
2017.02.08 17:19:56.079,1.40775,1.4079,1.87,1.31
2017.02.08 17:19:56.383,1.40771,1.40788,1.87,1.50
2017.02.08 17:19:56.434,1.40771,1.40788,2.25,1.00
2017.02.08 17:19:58.123,1.40773,1.40791,2.25,2.06
2017.02.08 17:19:58.174,1.40776,1.40791,1.12,1.75
2017.02.08 17:19:58.275,1.40776,1.40791,1.87,1.12
2017.02.08 17:19:58.629,1.40774,1.4079,1.37,1.37
2017.02.08 17:19:58.986,1.40771,1.40787,2.06,1.00
2017.02.08 17:19:59.138,1.4077,1.40787,1.87,1.25
2017.02.08 17:19:59.300,1.40769,1.40785,2.62,1.87
2017.02.08 17:19:59.863,1.40769,1.40785,1.12,2.25
2017.02.08 17:20:00.381,1.40769,1.40785,1.37,2.25
2017.02.08 17:20:00.924,1.40768,1.40784,1.12,1.00
2017.02.08 17:20:01.228,1.4077,1.40785,1.00,1.00
2017.02.08 17:20:04.142,1.4077,1.40787,1.37,2.06
2017.02.08 17:20:04.193,1.40769,1.40787,2.62,2.06
2017.02.08 17:20:04.294,1.40769,1.40787,3.37,1.12
2017.02.08 17:20:04.345,1.40769,1.40787,3.00,1.37
2017.02.08 17:20:05.489,1.40768,1.40784,1.87,1.25
2017.02.08 17:20:05.802,1.40768,1.40783,1.37,1.12
2017.02.08 17:20:06.055,1.40762,1.40779,1.62,1.50
2017.02.08 17:20:06.106,1.40761,1.40772,1.75,1.00
2017.02.08 17:20:06.259,1.40757,1.40772,1.12,1.00
2017.02.08 17:20:06.361,1.40754,1.40772,4.31,1.00
2017.02.08 17:20:06.964,1.40754,1.40771,3.19,1.00
2017.02.08 17:20:07.687,1.40754,1.40769,2.44,1.00
2017.02.08 17:20:08.980,1.40756,1.40771,1.87,1.00
2017.02.08 17:20:09.082,1.40756,1.4077,1.12,1.00
2017.02.08 17:20:09.454,1.40756,1.40773,1.50,1.00
2017.02.08 17:20:09.505,1.40758,1.40774,1.37,1.12
2017.02.08 17:20:09.556,1.40757,1.40774,1.87,1.12
2017.02.08 17:20:10.112,1.4076,1.40774,1.87,1.25
2017.02.08 17:20:10.214,1.40761,1.40776,1.37,1.31
2017.02.08 17:20:10.799,1.40761,1.40778,1.50,1.87
2017.02.08 17:20:11.175,1.40761,1.40777,2.25,1.00
2017.02.08 17:20:11.226,1.40761,1.40777,1.50,1.00
2017.02.08 17:20:12.405,1.40762,1.40777,1.00,1.00
2017.02.08 17:20:12.568,1.40762,1.40777,1.87,1.00
2017.02.08 17:20:13.079,1.40762,1.40779,1.12,1.31
2017.02.08 17:20:13.385,1.40763,1.40779,1.00,1.31
2017.02.08 17:20:13.435,1.40762,1.40779,2.62,1.31
2017.02.08 17:20:14.011,1.40763,1.4078,1.37,1.87
2017.02.08 17:20:14.534,1.40763,1.4078,1.87,1.75
2017.02.08 17:20:14.999,1.40761,1.40777,1.50,1.00
2017.02.08 17:20:15.100,1.4076,1.40777,1.12,1.75
2017.02.08 17:20:16.565,1.40762,1.40779,1.37,2.06
2017.02.08 17:20:16.718,1.40763,1.40779,1.00,2.25
2017.02.08 17:20:16.769,1.40761,1.40778,1.12,1.12
2017.02.08 17:20:16.870,1.40761,1.40778,1.12,2.25
2017.02.08 17:20:17.174,1.40759,1.40774,1.62,1.00
2017.02.08 17:20:17.276,1.40757,1.40774,1.50,1.00
2017.02.08 17:20:18.363,1.40757,1.40772,1.50,1.00
2017.02.08 17:20:18.947,1.40757,1.40772,1.50,1.00
2017.02.08 17:20:19.046,1.40757,1.40774,1.50,1.50
2017.02.08 17:20:19.147,1.40759,1.40775,1.12,1.25
2017.02.08 17:20:19.451,1.40761,1.40777,1.37,1.87
2017.02.08 17:20:20.008,1.40761,1.40776,1.12,1.31
2017.02.08 17:20:20.210,1.40757,1.40775,1.50,1.12
2017.02.08 17:20:21.036,1.40756,1.40772,1.87,1.00
2017.02.08 17:20:21.339,1.40755,1.40772,1.00,1.50
2017.02.08 17:20:21.491,1.40755,1.40769,1.00,1.50
2017.02.08 17:20:21.795,1.40751,1.40767,1.81,1.50
2017.02.08 17:20:22.099,1.40753,1.4077,2.44,1.12
2017.02.08 17:20:23.677,1.40754,1.40771,1.50,1.12
2017.02.08 17:20:23.729,1.4076,1.40773,1.37,2.62
2017.02.08 17:20:23.831,1.40761,1.40774,1.37,1.00
2017.02.08 17:20:24.033,1.40762,1.40775,2.62,1.00
2017.02.08 17:20:24.389,1.40761,1.40777,1.00,1.12
2017.02.08 17:20:25.100,1.40759,1.40777,1.87,1.50
2017.02.08 17:20:25.621,1.40759,1.40777,1.87,1.00
2017.02.08 17:20:26.221,1.40759,1.40777,1.87,1.87
2017.02.08 17:20:26.763,1.40759,1.40777,1.12,1.00
2017.02.08 17:20:28.079,1.40758,1.40775,2.81,1.00
2017.02.08 17:20:28.232,1.40758,1.40774,1.25,1.00
2017.02.08 17:20:28.283,1.40756,1.4077,1.87,1.12
2017.02.08 17:20:28.334,1.40756,1.4077,1.12,1.50
2017.02.08 17:20:29.017,1.40755,1.4077,1.87,1.12
2017.02.08 17:20:29.525,1.40756,1.4077,1.00,1.87
2017.02.08 17:20:30.073,1.40756,1.40771,1.50,1.00
2017.02.08 17:20:30.741,1.40757,1.40771,1.00,1.00
2017.02.08 17:20:30.935,1.40757,1.40773,1.50,1.87
2017.02.08 17:20:31.436,1.40758,1.40773,1.37,2.25
2017.02.08 17:20:31.740,1.40769,1.40785,1.25,1.50
2017.02.08 17:20:31.791,1.40774,1.40785,1.00,1.00
2017.02.08 17:20:31.842,1.40771,1.40786,1.87,1.00
2017.02.08 17:20:31.944,1.40772,1.40786,1.69,1.00
2017.02.08 17:20:31.995,1.40771,1.40786,2.62,1.00
2017.02.08 17:20:32.516,1.40771,1.40785,2.62,1.00
2017.02.08 17:20:32.567,1.40771,1.40785,2.62,1.00
2017.02.08 17:20:33.100,1.40772,1.40785,1.25,1.00
2017.02.08 17:20:33.621,1.40771,1.40786,2.19,1.00
2017.02.08 17:20:34.194,1.40771,1.40787,2.19,1.00
2017.02.08 17:20:34.576,1.40773,1.40786,1.37,1.00
2017.02.08 17:20:34.728,1.40773,1.40786,1.50,1.00
2017.02.08 17:20:35.050,1.40772,1.40786,1.31,1.00
2017.02.08 17:20:35.662,1.40771,1.40785,1.81,1.00
2017.02.08 17:20:36.488,1.40771,1.40785,1.00,1.00
2017.02.08 17:20:36.691,1.40769,1.40781,1.87,1.00
2017.02.08 17:20:36.843,1.40768,1.40784,1.25,1.00
2017.02.08 17:20:36.944,1.40769,1.40785,1.37,1.31
2017.02.08 17:20:37.046,1.40769,1.40787,1.87,2.62
2017.02.08 17:20:37.148,1.40771,1.40787,1.37,1.50
2017.02.08 17:20:37.199,1.40768,1.40787,1.69,1.50
2017.02.08 17:20:37.250,1.40768,1.40784,1.50,1.12
2017.02.08 17:20:37.712,1.40767,1.40784,1.12,1.25
2017.02.08 17:20:38.274,1.40767,1.40784,1.50,1.25
2017.02.08 17:20:38.452,1.40766,1.40782,1.37,1.12
2017.02.08 17:20:38.555,1.40765,1.40782,1.00,1.12
2017.02.08 17:20:38.656,1.40764,1.40782,1.87,1.87
2017.02.08 17:20:38.984,1.40767,1.40782,1.00,1.87
2017.02.08 17:20:40.426,1.40767,1.40781,1.00,1.00
2017.02.08 17:20:41.263,1.40768,1.40781,1.00,1.00
2017.02.08 17:20:41.366,1.40768,1.40784,1.31,1.50
2017.02.08 17:20:41.989,1.40767,1.40782,1.37,1.00
2017.02.08 17:20:42.730,1.40767,1.40783,1.12,1.12
2017.02.08 17:20:43.618,1.40768,1.40783,1.00,1.00
2017.02.08 17:20:43.770,1.40769,1.40785,1.37,1.12
2017.02.08 17:20:44.075,1.40765,1.4078,1.00,1.75
2017.02.08 17:20:44.188,1.40765,1.4078,1.00,1.12
2017.02.08 17:20:44.340,1.40763,1.4078,1.31,1.12
2017.02.08 17:20:44.492,1.40765,1.40782,1.00,1.75
2017.02.08 17:20:44.834,1.40768,1.40782,1.00,1.75
2017.02.08 17:20:45.037,1.40769,1.40787,1.00,2.25
2017.02.08 17:20:45.138,1.40769,1.40786,1.00,1.00
2017.02.08 17:20:45.189,1.40771,1.40786,1.00,1.00
2017.02.08 17:20:45.494,1.4077,1.40784,1.00,1.00
2017.02.08 17:20:45.937,1.40771,1.40786,1.37,1.00
2017.02.08 17:20:46.140,1.40768,1.40784,1.00,1.12
2017.02.08 17:20:46.357,1.40765,1.40781,2.25,1.87
2017.02.08 17:20:46.408,1.40764,1.40781,1.12,1.81
2017.02.08 17:20:46.560,1.40766,1.40782,1.00,2.25
2017.02.08 17:20:46.966,1.40765,1.40782,1.00,2.25
2017.02.08 17:20:47.512,1.40764,1.40781,1.00,1.12
2017.02.08 17:20:47.693,1.40767,1.40781,1.00,1.75
2017.02.08 17:20:47.744,1.40767,1.40782,1.00,2.25
2017.02.08 17:20:47.946,1.40766,1.40782,1.00,1.00
2017.02.08 17:20:48.452,1.40766,1.40782,1.00,2.25
2017.02.08 17:20:48.705,1.40763,1.40781,1.50,1.50
2017.02.08 17:20:49.137,1.40765,1.40779,1.00,1.50
2017.02.08 17:20:49.458,1.40765,1.40781,1.00,1.12
2017.02.08 17:20:49.711,1.40765,1.40779,1.00,1.00
2017.02.08 17:20:49.863,1.40762,1.40777,1.00,1.00
2017.02.08 17:20:50.116,1.40764,1.40779,1.00,2.25
2017.02.08 17:20:50.635,1.40763,1.40779,1.00,1.87
2017.02.08 17:20:51.186,1.40764,1.40778,1.00,1.12
2017.02.08 17:20:51.389,1.40764,1.40781,1.00,1.12
2017.02.08 17:20:52.346,1.40766,1.40781,1.00,1.12
2017.02.08 17:20:53.190,1.40768,1.40783,1.00,1.75
2017.02.08 17:20:53.724,1.40767,1.40783,1.00,1.75
2017.02.08 17:20:55.122,1.40768,1.40783,1.00,1.75
2017.02.08 17:20:55.274,1.40767,1.40783,1.12,1.00
2017.02.08 17:20:55.779,1.40767,1.40782,1.00,1.00
2017.02.08 17:20:56.295,1.40768,1.40782,1.00,1.00
2017.02.08 17:20:56.842,1.40768,1.40781,1.00,1.00
2017.02.08 17:20:57.107,1.40768,1.40783,1.00,1.12
2017.02.08 17:20:57.564,1.40766,1.40782,1.00,1.00
2017.02.08 17:20:58.095,1.40767,1.40782,1.00,1.00
2017.02.08 17:20:58.698,1.40765,1.40782,1.50,1.00
2017.02.08 17:20:58.800,1.40765,1.4078,1.00,1.12
2017.02.08 17:20:59.307,1.40765,1.4078,1.00,1.37
2017.02.08 17:21:02.596,1.40762,1.40778,1.50,1.00
2017.02.08 17:21:02.699,1.40763,1.40778,1.37,1.00
2017.02.08 17:21:03.611,1.40763,1.40779,1.37,1.87
2017.02.08 17:21:04.481,1.40762,1.40779,1.00,1.87
2017.02.08 17:21:04.582,1.40762,1.40779,1.00,2.25
2017.02.08 17:21:04.886,1.40766,1.40784,1.50,3.37
2017.02.08 17:21:05.156,1.40768,1.40784,1.00,1.75
2017.02.08 17:21:05.409,1.40767,1.40784,1.87,1.75
2017.02.08 17:21:07.627,1.40768,1.40783,1.12,1.75
2017.02.08 17:21:08.133,1.4077,1.40783,1.25,1.75
2017.02.08 17:21:08.184,1.40769,1.40783,1.81,1.50
2017.02.08 17:21:08.235,1.40766,1.40783,1.87,1.50
2017.02.08 17:21:08.386,1.40769,1.40783,1.00,1.50
2017.02.08 17:21:08.538,1.40767,1.40783,1.12,1.50
2017.02.08 17:21:09.093,1.40767,1.40783,1.50,1.00
2017.02.08 17:21:09.484,1.40767,1.40784,1.50,1.12
2017.02.08 17:21:09.838,1.4077,1.40781,1.00,1.00
2017.02.08 17:21:09.939,1.40768,1.40785,1.87,1.50
2017.02.08 17:21:10.445,1.40767,1.40783,1.50,1.00
2017.02.08 17:21:10.496,1.4077,1.40785,1.00,1.50
2017.02.08 17:21:10.850,1.4077,1.40782,1.00,1.00
2017.02.08 17:21:11.123,1.40768,1.40781,1.12,1.00
2017.02.08 17:21:11.175,1.40769,1.40785,1.37,1.50
2017.02.08 17:21:11.327,1.40768,1.40786,1.50,2.25
2017.02.08 17:21:11.378,1.40768,1.40782,1.50,1.00
2017.02.08 17:21:11.429,1.40769,1.40782,1.12,1.00
2017.02.08 17:21:11.480,1.4077,1.40783,1.50,1.00
2017.02.08 17:21:11.834,1.4077,1.40785,1.50,1.00
2017.02.08 17:21:12.341,1.40771,1.40786,1.12,1.50
2017.02.08 17:21:12.928,1.40772,1.40786,1.00,1.50
2017.02.08 17:21:13.181,1.40776,1.40786,1.00,1.00
2017.02.08 17:21:13.484,1.40773,1.40784,1.00,1.00
2017.02.08 17:21:13.687,1.40775,1.40783,1.00,1.00
2017.02.08 17:21:13.738,1.40772,1.40783,1.12,1.00
2017.02.08 17:21:13.962,1.4077,1.40776,1.00,1.00
2017.02.08 17:21:14.252,1.40768,1.40778,1.00,1.00
2017.02.08 17:21:14.473,1.40769,1.40782,1.00,1.12
2017.02.08 17:21:14.983,1.4077,1.40782,1.50,1.12
2017.02.08 17:21:15.720,1.40772,1.40786,1.00,1.75
2017.02.08 17:21:15.822,1.40772,1.40786,1.00,1.37
2017.02.08 17:21:16.024,1.40771,1.40784,1.00,1.50
2017.02.08 17:21:16.523,1.40768,1.40783,1.00,1.12
2017.02.08 17:21:16.715,1.40768,1.40781,1.00,1.12
2017.02.08 17:21:16.766,1.40766,1.40781,1.00,1.12
2017.02.08 17:21:16.817,1.40766,1.40779,1.00,1.50
2017.02.08 17:21:17.331,1.40767,1.40779,1.00,1.50
2017.02.08 17:21:17.882,1.40768,1.40779,1.00,1.50
2017.02.08 17:21:19.293,1.40768,1.4078,1.00,1.00
2017.02.08 17:21:19.445,1.4077,1.40776,1.00,1.00
2017.02.08 17:21:19.546,1.40764,1.4078,1.87,1.00
2017.02.08 17:21:19.698,1.40768,1.4078,1.00,1.00
2017.02.08 17:21:20.002,1.40767,1.40775,1.50,1.00
2017.02.08 17:21:21.075,1.40766,1.40774,1.00,1.00
2017.02.08 17:21:21.126,1.40764,1.40774,1.31,1.00
2017.02.08 17:21:21.228,1.40768,1.40774,1.00,1.00
2017.02.08 17:21:21.532,1.4077,1.40775,1.00,1.00
2017.02.08 17:21:21.936,1.4077,1.40782,1.00,1.50
2017.02.08 17:21:22.190,1.40772,1.40785,1.00,1.75
2017.02.08 17:21:22.341,1.40771,1.40785,1.00,1.75
2017.02.08 17:21:22.875,1.40772,1.40785,1.00,1.75
2017.02.08 17:21:23.197,1.40775,1.40787,1.00,1.75
2017.02.08 17:21:23.349,1.40775,1.40789,1.00,1.75
2017.02.08 17:21:23.450,1.40776,1.40789,1.00,1.00
2017.02.08 17:21:23.708,1.40781,1.40789,1.00,1.00
2017.02.08 17:21:23.759,1.40776,1.40789,1.50,1.00
2017.02.08 17:21:24.291,1.40778,1.40789,1.00,1.00
2017.02.08 17:21:24.341,1.40773,1.40787,2.25,1.00
2017.02.08 17:21:24.392,1.40777,1.40787,1.00,1.00
2017.02.08 17:21:24.696,1.40776,1.40789,1.00,1.50
2017.02.08 17:21:25.144,1.40778,1.40789,1.00,1.50
2017.02.08 17:21:25.702,1.40778,1.40788,1.00,1.00
2017.02.08 17:21:26.102,1.40776,1.40788,1.00,1.00
2017.02.08 17:21:26.650,1.40776,1.40789,1.00,1.00
2017.02.08 17:21:27.197,1.40777,1.40789,1.00,1.00
2017.02.08 17:21:28.113,1.4078,1.40789,1.00,1.00
2017.02.08 17:21:28.215,1.4078,1.40793,1.00,2.25
2017.02.08 17:21:28.266,1.40778,1.4079,2.06,1.00
2017.02.08 17:21:28.317,1.40783,1.40793,1.00,1.75
2017.02.08 17:21:28.418,1.40783,1.40795,1.00,1.50
2017.02.08 17:21:28.584,1.40787,1.40795,1.00,1.00
2017.02.08 17:21:28.736,1.40782,1.40795,1.00,1.00
2017.02.08 17:21:29.191,1.40787,1.40797,1.00,1.00
2017.02.08 17:21:29.292,1.40784,1.40797,1.00,1.00
2017.02.08 17:21:29.343,1.40786,1.40798,1.00,1.12
2017.02.08 17:21:29.647,1.40788,1.408,1.00,1.00
2017.02.08 17:21:29.749,1.40788,1.40802,1.00,1.12
2017.02.08 17:21:29.901,1.40786,1.408,1.00,1.00
2017.02.08 17:21:30.318,1.40788,1.408,1.00,1.50
2017.02.08 17:21:30.622,1.40788,1.40797,1.00,1.00
2017.02.08 17:21:31.123,1.40788,1.40804,1.87,1.75
2017.02.08 17:21:31.225,1.40792,1.40804,1.00,1.50
2017.02.08 17:21:31.681,1.4079,1.40803,1.00,1.87
2017.02.08 17:21:31.732,1.40788,1.40804,1.50,1.50
2017.02.08 17:21:31.783,1.4079,1.40804,1.00,1.50
2017.02.08 17:21:32.322,1.4079,1.40804,1.00,1.75
2017.02.08 17:21:32.525,1.40791,1.40804,1.00,1.00
2017.02.08 17:21:33.215,1.40792,1.40804,1.00,1.00
2017.02.08 17:21:33.741,1.40791,1.40804,1.00,1.00
2017.02.08 17:21:34.425,1.40792,1.40804,1.00,1.00
2017.02.08 17:21:34.942,1.40791,1.40804,1.00,1.00
2017.02.08 17:21:35.256,1.40792,1.40807,1.00,3.00
2017.02.08 17:21:35.307,1.40795,1.40807,1.00,1.00
2017.02.08 17:21:35.358,1.40792,1.40807,1.31,1.12
2017.02.08 17:21:35.409,1.40796,1.40807,1.00,1.12
2017.02.08 17:21:35.511,1.4079,1.40805,1.81,1.00
2017.02.08 17:21:35.663,1.40796,1.40805,1.00,1.00
2017.02.08 17:21:35.714,1.40792,1.40805,1.00,1.00
2017.02.08 17:21:36.028,1.40792,1.40803,1.50,1.00
2017.02.08 17:21:36.331,1.40802,1.40807,1.00,1.00
2017.02.08 17:21:36.382,1.40796,1.40806,1.00,1.00
2017.02.08 17:21:36.433,1.408,1.40806,1.00,1.00
2017.02.08 17:21:36.484,1.40796,1.40806,1.00,1.00
2017.02.08 17:21:36.637,1.40793,1.40808,1.81,1.00
2017.02.08 17:21:36.739,1.40792,1.40808,1.12,1.37
2017.02.08 17:21:36.941,1.40795,1.40803,1.00,1.00
2017.02.08 17:21:37.773,1.40795,1.40807,1.00,1.00
2017.02.08 17:21:37.824,1.40797,1.40812,1.00,3.00
2017.02.08 17:21:38.128,1.40795,1.4081,1.00,1.12
2017.02.08 17:21:38.179,1.40795,1.4081,1.00,1.75
2017.02.08 17:21:38.281,1.40796,1.4081,1.00,1.12
2017.02.08 17:21:38.483,1.408,1.40808,1.00,1.00
2017.02.08 17:21:38.534,1.40798,1.40808,1.00,1.00
2017.02.08 17:21:38.585,1.40796,1.40808,1.00,1.00
2017.02.08 17:21:39.040,1.40793,1.40808,1.12,1.00
2017.02.08 17:21:39.262,1.40796,1.40808,1.00,1.00
2017.02.08 17:21:40.491,1.40795,1.40808,1.00,1.12
2017.02.08 17:21:41.013,1.40792,1.40808,1.50,1.87
2017.02.08 17:21:41.115,1.40794,1.40808,1.50,1.12
2017.02.08 17:21:41.489,1.40794,1.40808,1.00,1.75
2017.02.08 17:21:42.150,1.40792,1.40808,1.50,1.75
2017.02.08 17:21:43.145,1.40795,1.40808,1.00,1.75
2017.02.08 17:21:43.398,1.40795,1.40812,1.31,1.75
2017.02.08 17:21:43.601,1.40797,1.40811,1.00,1.75
2017.02.08 17:21:43.924,1.40803,1.40814,1.50,1.50
2017.02.08 17:21:43.975,1.40804,1.40818,1.00,1.50
2017.02.08 17:21:44.431,1.40803,1.40807,1.00,1.00
2017.02.08 17:21:44.533,1.40806,1.40813,1.00,1.00
2017.02.08 17:21:44.584,1.40802,1.40813,1.00,1.37
2017.02.08 17:21:44.685,1.40796,1.4081,1.31,1.00
2017.02.08 17:21:44.888,1.40796,1.4081,1.31,1.75
2017.02.08 17:21:45.413,1.40797,1.40811,1.00,1.75
2017.02.08 17:21:46.159,1.40798,1.40808,1.00,1.00
2017.02.08 17:21:46.462,1.408,1.40808,1.00,1.00
2017.02.08 17:21:46.840,1.408,1.40812,1.37,1.00
2017.02.08 17:21:47.095,1.40805,1.40818,1.25,1.00
2017.02.08 17:21:47.259,1.40808,1.40818,1.00,1.37
2017.02.08 17:21:47.766,1.40806,1.40818,1.37,1.00
2017.02.08 17:21:48.121,1.40807,1.40816,1.12,1.00
2017.02.08 17:21:49.110,1.40807,1.40822,1.37,1.75
2017.02.08 17:21:49.194,1.40811,1.4082,1.00,1.50
2017.02.08 17:21:49.397,1.40807,1.4082,2.25,1.00
2017.02.08 17:21:49.600,1.40807,1.40817,1.37,1.00
2017.02.08 17:21:50.124,1.40807,1.40817,1.37,1.00
2017.02.08 17:21:50.956,1.40812,1.40823,1.00,2.25
2017.02.08 17:21:51.108,1.40808,1.40823,1.00,2.25
2017.02.08 17:21:51.260,1.40805,1.40818,1.87,1.00
2017.02.08 17:21:51.311,1.40805,1.40818,1.12,1.00
2017.02.08 17:21:51.362,1.40805,1.4082,1.12,1.12
2017.02.08 17:21:51.513,1.40807,1.4082,1.00,1.12
2017.02.08 17:21:51.918,1.40808,1.40814,1.00,1.00
2017.02.08 17:21:52.221,1.40807,1.4082,1.00,1.12
2017.02.08 17:21:52.323,1.40807,1.40814,1.00,1.00
2017.02.08 17:21:52.604,1.40808,1.4082,1.00,1.12
2017.02.08 17:21:52.820,1.40804,1.40819,1.37,1.00
2017.02.08 17:21:54.455,1.40804,1.40817,1.12,1.00
2017.02.08 17:21:54.759,1.408,1.40812,1.37,1.12
2017.02.08 17:21:54.912,1.40805,1.40821,1.50,2.25
2017.02.08 17:21:54.963,1.40805,1.40821,1.37,2.06
2017.02.08 17:21:55.014,1.40808,1.40819,1.00,1.12
2017.02.08 17:21:55.066,1.40807,1.40814,1.12,1.00
2017.02.08 17:21:55.221,1.40804,1.40819,1.69,1.00
2017.02.08 17:21:55.323,1.40806,1.40816,1.62,1.00
2017.02.08 17:21:55.638,1.40807,1.40816,1.37,1.00
2017.02.08 17:21:56.143,1.40807,1.40816,1.37,1.00
2017.02.08 17:21:56.428,1.40807,1.4082,1.00,1.50
2017.02.08 17:21:56.979,1.40808,1.4082,1.00,1.50
2017.02.08 17:21:57.551,1.40807,1.4082,1.00,1.50
2017.02.08 17:21:58.356,1.40807,1.40823,1.37,2.06
2017.02.08 17:21:58.407,1.40811,1.40824,1.00,2.19
2017.02.08 17:21:58.660,1.40809,1.40822,1.12,1.12
2017.02.08 17:21:59.692,1.40809,1.40822,1.37,1.12
2017.02.08 17:22:01.890,1.40807,1.40821,1.37,1.00
2017.02.08 17:22:01.941,1.40807,1.40816,1.37,1.00
2017.02.08 17:22:02.043,1.40807,1.40821,1.37,1.50
2017.02.08 17:22:02.254,1.40806,1.40816,1.37,1.00
2017.02.08 17:22:02.452,1.40806,1.40821,1.37,1.50
2017.02.08 17:22:02.630,1.4081,1.4082,1.37,1.12
2017.02.08 17:22:02.681,1.40807,1.40824,1.37,1.75
2017.02.08 17:22:02.733,1.40812,1.40824,1.37,1.00
2017.02.08 17:22:03.137,1.40811,1.40824,1.12,1.00
2017.02.08 17:22:03.655,1.40812,1.40823,1.00,1.00
2017.02.08 17:22:04.383,1.4081,1.40823,1.37,1.00
2017.02.08 17:22:05.148,1.4081,1.40825,1.37,1.00
2017.02.08 17:22:05.200,1.40811,1.40823,1.00,1.00
2017.02.08 17:22:05.251,1.40808,1.40822,1.00,1.00
2017.02.08 17:22:05.554,1.40808,1.40822,1.37,1.12
2017.02.08 17:22:06.199,1.40809,1.4082,1.00,1.00
2017.02.08 17:22:06.353,1.40812,1.40826,1.37,1.50
2017.02.08 17:22:06.405,1.40816,1.40826,1.00,1.12
2017.02.08 17:22:06.709,1.40812,1.40823,1.37,1.50
2017.02.08 17:22:06.760,1.40808,1.40823,1.87,1.00
2017.02.08 17:22:06.811,1.40808,1.40823,1.12,1.12
2017.02.08 17:22:07.014,1.40808,1.40821,1.37,1.00
2017.02.08 17:22:08.586,1.40812,1.40821,1.00,1.00
2017.02.08 17:22:09.120,1.40811,1.40821,1.00,1.00
2017.02.08 17:22:09.368,1.40808,1.40823,1.37,1.12
2017.02.08 17:22:09.724,1.40811,1.40821,1.00,1.00
2017.02.08 17:22:09.826,1.40812,1.40823,1.00,1.12
2017.02.08 17:22:10.397,1.4081,1.40823,1.37,1.12
2017.02.08 17:22:11.207,1.40812,1.40824,1.00,1.50
2017.02.08 17:22:11.716,1.40811,1.40824,1.12,1.50
2017.02.08 17:22:12.293,1.40812,1.40824,1.00,1.50
2017.02.08 17:22:13.037,1.40811,1.40824,1.12,1.50
2017.02.08 17:22:15.170,1.40814,1.40826,1.00,1.75
2017.02.08 17:22:15.423,1.40812,1.40826,1.00,1.50
2017.02.08 17:22:15.784,1.4081,1.40821,1.37,1.00
2017.02.08 17:22:15.835,1.4081,1.40821,1.00,1.00
2017.02.08 17:22:16.814,1.40805,1.40821,1.75,1.12
2017.02.08 17:22:16.865,1.40805,1.40823,2.25,1.00
2017.02.08 17:22:16.916,1.40808,1.40823,1.37,1.37
2017.02.08 17:22:17.435,1.40805,1.40823,2.62,1.00
2017.02.08 17:22:20.153,1.40808,1.40824,1.37,1.12
2017.02.08 17:22:20.493,1.4081,1.40821,1.00,1.00
2017.02.08 17:22:22.840,1.4081,1.40821,1.37,1.00
2017.02.08 17:22:23.419,1.4081,1.40824,1.37,1.50
2017.02.08 17:22:24.242,1.40812,1.40825,1.12,1.00
2017.02.08 17:22:24.681,1.40812,1.40827,1.12,1.12
2017.02.08 17:22:25.251,1.40812,1.40826,1.44,1.50
2017.02.08 17:22:26.581,1.40811,1.40824,1.12,1.00
2017.02.08 17:22:26.890,1.40807,1.40823,1.44,2.62
2017.02.08 17:22:26.960,1.40807,1.40823,1.87,1.12
2017.02.08 17:22:27.266,1.40806,1.40824,2.06,1.75
2017.02.08 17:22:27.842,1.40806,1.40822,1.62,1.00
2017.02.08 17:22:29.463,1.40806,1.40819,1.87,1.00
2017.02.08 17:22:29.564,1.40807,1.40823,1.37,1.50
2017.02.08 17:22:29.616,1.4081,1.40823,1.37,1.50
2017.02.08 17:22:29.718,1.4081,1.40824,1.87,1.00
2017.02.08 17:22:29.870,1.4081,1.40824,1.12,1.31
2017.02.08 17:22:29.972,1.40808,1.40822,1.87,1.81
2017.02.08 17:22:30.477,1.40808,1.40823,1.37,2.62
2017.02.08 17:22:30.651,1.40806,1.40821,1.37,1.00
2017.02.08 17:22:30.702,1.40806,1.40821,1.37,1.00
2017.02.08 17:22:31.237,1.40806,1.40823,1.37,2.81
2017.02.08 17:22:32.666,1.40806,1.40823,1.87,1.50
2017.02.08 17:22:33.061,1.4081,1.40824,1.37,1.75
2017.02.08 17:22:33.202,1.4081,1.40824,1.37,1.12
2017.02.08 17:22:33.556,1.40816,1.40828,1.37,1.25
2017.02.08 17:22:33.608,1.40815,1.40828,1.37,1.25
2017.02.08 17:22:33.709,1.40816,1.40831,1.37,1.31
2017.02.08 17:22:33.760,1.40816,1.40833,1.37,3.19
2017.02.08 17:22:33.811,1.40815,1.40833,3.00,2.44
2017.02.08 17:22:34.016,1.40815,1.40833,1.87,2.81
2017.02.08 17:22:34.222,1.40814,1.40829,1.00,1.31
2017.02.08 17:22:34.273,1.40813,1.40829,1.37,1.31
2017.02.08 17:22:34.576,1.40814,1.40829,1.37,2.19
2017.02.08 17:22:35.101,1.40813,1.40831,1.87,1.75
2017.02.08 17:22:35.239,1.40811,1.40828,1.50,1.12
2017.02.08 17:22:35.290,1.40811,1.40828,1.37,1.75
2017.02.08 17:22:37.122,1.4081,1.40827,1.12,2.25
2017.02.08 17:22:37.224,1.40808,1.40825,1.87,1.00
2017.02.08 17:22:37.275,1.40807,1.40823,1.12,1.50
2017.02.08 17:22:37.326,1.40807,1.40821,1.00,1.00
2017.02.08 17:22:37.664,1.40809,1.40821,1.37,1.00
2017.02.08 17:22:37.817,1.40808,1.40824,2.25,1.00
2017.02.08 17:22:38.122,1.40808,1.40826,2.25,1.12
2017.02.08 17:22:38.532,1.40808,1.40826,2.25,1.12
2017.02.08 17:22:39.101,1.40808,1.40825,1.50,1.00
2017.02.08 17:22:39.445,1.40808,1.4082,1.00,1.00
2017.02.08 17:22:40.063,1.40807,1.4082,1.12,1.00
2017.02.08 17:22:40.367,1.40807,1.40825,2.62,1.00
2017.02.08 17:22:40.419,1.40808,1.40822,1.00,1.00
2017.02.08 17:22:40.572,1.40805,1.40819,1.75,1.00
2017.02.08 17:22:40.705,1.40805,1.40819,1.12,1.00
2017.02.08 17:22:40.756,1.40803,1.40819,1.37,1.00
2017.02.08 17:22:40.858,1.40806,1.40821,1.37,1.00
2017.02.08 17:22:41.314,1.40803,1.4082,2.62,1.50
2017.02.08 17:22:41.365,1.40803,1.40821,1.87,1.75
2017.02.08 17:22:41.518,1.40803,1.40821,2.25,1.12
2017.02.08 17:22:41.760,1.40803,1.40821,1.50,1.12
2017.02.08 17:22:42.359,1.40803,1.4082,1.50,1.00
2017.02.08 17:22:45.150,1.40803,1.4082,1.50,1.00
2017.02.08 17:22:45.656,1.40802,1.4082,1.87,1.50
2017.02.08 17:22:45.909,1.40804,1.40822,1.37,1.50
2017.02.08 17:22:47.180,1.40805,1.40822,1.87,1.50
2017.02.08 17:22:47.779,1.40805,1.40821,1.87,1.12
2017.02.08 17:22:48.303,1.40804,1.4082,1.37,1.00
2017.02.08 17:22:51.292,1.40804,1.4082,1.37,1.00
2017.02.08 17:22:53.111,1.40804,1.4082,1.37,1.00
2017.02.08 17:22:53.213,1.40802,1.40819,2.62,1.00
2017.02.08 17:22:53.265,1.40802,1.40814,2.62,1.00
2017.02.08 17:22:53.316,1.40802,1.40814,1.37,1.00
2017.02.08 17:22:53.418,1.40801,1.40817,1.37,1.12
2017.02.08 17:22:53.520,1.40799,1.40815,1.37,1.12
2017.02.08 17:22:53.571,1.40799,1.40815,1.37,1.12
2017.02.08 17:22:53.824,1.40799,1.40815,1.37,1.12
2017.02.08 17:22:54.152,1.40803,1.4082,1.37,1.75
2017.02.08 17:22:54.336,1.40801,1.40818,1.12,1.00
2017.02.08 17:22:54.539,1.40801,1.40818,1.37,1.75
2017.02.08 17:22:54.692,1.408,1.40818,1.37,2.25
2017.02.08 17:22:54.743,1.408,1.40818,1.37,2.25
2017.02.08 17:22:55.566,1.40801,1.40816,1.37,1.12
2017.02.08 17:22:55.769,1.408,1.40817,2.62,1.00
2017.02.08 17:22:56.290,1.408,1.40817,1.50,1.12
2017.02.08 17:22:56.821,1.40799,1.40816,2.62,1.00
2017.02.08 17:22:57.285,1.40799,1.40816,2.62,1.00
2017.02.08 17:22:58.358,1.40799,1.40816,2.62,1.00
2017.02.08 17:22:58.860,1.408,1.40816,3.37,1.00
2017.02.08 17:23:00.338,1.40801,1.40816,1.62,1.00
2017.02.08 17:23:01.384,1.40801,1.40817,2.06,1.00
2017.02.08 17:23:01.938,1.40801,1.40818,2.81,1.00
2017.02.08 17:23:02.360,1.40801,1.40816,2.81,1.00
2017.02.08 17:23:02.622,1.40802,1.40819,1.37,1.12
2017.02.08 17:23:02.876,1.40801,1.40819,1.50,2.25
2017.02.08 17:23:03.180,1.408,1.40819,1.87,2.81
2017.02.08 17:23:03.493,1.40803,1.4082,1.37,1.75
2017.02.08 17:23:03.544,1.40803,1.4082,1.50,1.12
2017.02.08 17:23:04.071,1.40805,1.40821,1.37,1.00
2017.02.08 17:23:05.112,1.40805,1.40821,1.87,1.00
2017.02.08 17:23:05.719,1.40805,1.40822,1.87,1.31
2017.02.08 17:23:07.005,1.40807,1.40822,1.50,1.25
2017.02.08 17:23:07.106,1.40807,1.40823,2.62,1.87
2017.02.08 17:23:07.683,1.40806,1.40823,1.50,1.12
2017.02.08 17:23:07.734,1.40806,1.40824,1.50,1.12
2017.02.08 17:23:08.919,1.40806,1.40824,1.50,1.12
2017.02.08 17:23:09.882,1.40806,1.40822,1.50,1.00
2017.02.08 17:23:11.081,1.40805,1.40822,3.19,1.00
2017.02.08 17:23:11.334,1.40806,1.40822,1.37,1.12
2017.02.08 17:23:11.773,1.40806,1.40822,2.25,1.12
2017.02.08 17:23:11.824,1.40808,1.40824,1.25,1.37
2017.02.08 17:23:11.875,1.40807,1.40824,1.94,1.12
2017.02.08 17:23:12.708,1.40808,1.40825,1.69,1.50
2017.02.08 17:23:13.013,1.40811,1.40828,2.44,1.00
2017.02.08 17:23:13.284,1.40811,1.40828,1.69,1.50
2017.02.08 17:23:13.335,1.40811,1.40823,1.31,1.00
2017.02.08 17:23:14.010,1.4081,1.40824,1.12,1.12
2017.02.08 17:23:15.258,1.4081,1.40823,1.12,1.00
2017.02.08 17:23:15.878,1.4081,1.40823,1.50,1.00
2017.02.08 17:23:16.132,1.40809,1.40825,3.37,1.00
2017.02.08 17:23:16.233,1.40809,1.40825,2.19,1.00
2017.02.08 17:23:16.487,1.40809,1.40824,1.12,1.37
2017.02.08 17:23:16.538,1.40808,1.40824,1.50,1.75
2017.02.08 17:23:16.640,1.4081,1.40824,1.81,1.75
2017.02.08 17:23:17.145,1.4081,1.40825,1.25,1.75
2017.02.08 17:23:17.846,1.40809,1.40825,1.50,1.75
2017.02.08 17:23:19.655,1.40805,1.40822,1.87,1.87
2017.02.08 17:23:19.757,1.40808,1.40822,1.00,1.12
2017.02.08 17:23:20.260,1.40809,1.40822,1.00,1.12
2017.02.08 17:23:20.662,1.40809,1.40819,1.00,1.00
2017.02.08 17:23:21.232,1.4081,1.40821,1.00,1.00
2017.02.08 17:23:21.738,1.4081,1.40822,1.12,1.00
2017.02.08 17:23:21.840,1.40812,1.40823,1.00,1.00
2017.02.08 17:23:22.159,1.40808,1.40824,1.87,1.12
2017.02.08 17:23:22.210,1.40811,1.40824,1.00,1.12
2017.02.08 17:23:22.728,1.4081,1.40824,1.00,2.25
2017.02.08 17:23:25.151,1.40811,1.40824,1.12,1.50
2017.02.08 17:23:25.202,1.4081,1.40824,1.37,1.12
2017.02.08 17:23:25.711,1.40811,1.40826,1.00,2.25
2017.02.08 17:23:26.683,1.40809,1.40823,1.00,1.00
2017.02.08 17:23:26.986,1.40807,1.40821,1.87,1.50
2017.02.08 17:23:27.492,1.40804,1.40821,1.81,1.50
2017.02.08 17:23:27.694,1.40804,1.4082,1.00,1.00
2017.02.08 17:23:27.745,1.40804,1.40814,1.00,1.00
2017.02.08 17:23:27.797,1.408,1.40814,3.56,1.00
2017.02.08 17:23:27.949,1.40798,1.40814,1.87,1.69
2017.02.08 17:23:28.225,1.40796,1.40809,1.50,1.00
2017.02.08 17:23:28.529,1.40798,1.40809,1.12,1.00
2017.02.08 17:23:28.580,1.40797,1.40809,1.50,1.00
2017.02.08 17:23:29.113,1.40796,1.4081,1.87,1.00
2017.02.08 17:23:29.652,1.40796,1.40807,1.12,1.00
2017.02.08 17:23:29.855,1.40797,1.40809,1.12,1.00
2017.02.08 17:23:29.958,1.40796,1.40811,1.62,1.00
2017.02.08 17:23:30.935,1.40796,1.40812,2.06,1.00
2017.02.08 17:23:31.471,1.40797,1.40812,1.25,1.00
2017.02.08 17:23:32.121,1.40797,1.40813,1.25,1.12
2017.02.08 17:23:33.276,1.40797,1.40813,1.69,1.12
2017.02.08 17:23:33.429,1.408,1.40815,1.37,1.12
2017.02.08 17:23:33.581,1.40801,1.40818,1.37,1.87
2017.02.08 17:23:33.632,1.40811,1.4082,1.00,1.50
2017.02.08 17:23:33.807,1.40807,1.40825,1.37,3.37
2017.02.08 17:23:34.213,1.40808,1.40824,1.00,2.25
2017.02.08 17:23:34.416,1.40806,1.40821,2.25,1.00
2017.02.08 17:23:34.518,1.40806,1.40822,1.50,1.00
2017.02.08 17:23:34.620,1.40806,1.40822,1.12,1.37
2017.02.08 17:23:34.924,1.40804,1.40816,1.81,1.00
2017.02.08 17:23:34.975,1.40807,1.4082,1.12,1.50
2017.02.08 17:23:36.253,1.40807,1.40822,1.50,1.50
2017.02.08 17:23:36.305,1.40807,1.40822,2.25,1.50
2017.02.08 17:23:36.457,1.40809,1.40824,2.25,1.12
2017.02.08 17:23:36.508,1.40809,1.40824,2.62,1.00
2017.02.08 17:23:36.711,1.40811,1.40824,1.37,1.00
2017.02.08 17:23:37.020,1.40809,1.40819,1.50,1.00
2017.02.08 17:23:37.527,1.40808,1.40819,1.00,1.00
2017.02.08 17:23:38.038,1.40808,1.40819,1.75,1.00
2017.02.08 17:23:38.089,1.40808,1.4082,1.37,1.00
2017.02.08 17:23:38.241,1.40816,1.40826,1.00,2.62
2017.02.08 17:23:38.568,1.40819,1.40833,1.12,1.12
2017.02.08 17:23:38.670,1.40817,1.40835,1.31,1.75
2017.02.08 17:23:38.772,1.40818,1.4083,1.37,1.00
2017.02.08 17:23:38.823,1.40817,1.4083,1.75,1.00
2017.02.08 17:23:40.144,1.40818,1.4083,1.87,1.00
2017.02.08 17:23:40.759,1.40818,1.4083,1.87,1.00
2017.02.08 17:23:40.810,1.40818,1.40833,1.12,1.00
2017.02.08 17:23:41.013,1.40817,1.4083,1.87,1.00
2017.02.08 17:23:41.064,1.40817,1.40832,1.31,1.00
2017.02.08 17:23:41.166,1.40822,1.40836,1.50,1.75
2017.02.08 17:23:41.268,1.40828,1.40837,1.00,1.00
2017.02.08 17:23:41.319,1.40826,1.40836,1.16,1.00
2017.02.08 17:23:41.370,1.40828,1.40837,1.94,1.00
2017.02.08 17:23:41.472,1.40829,1.40839,1.25,1.00
2017.02.08 17:23:41.523,1.40828,1.40842,1.31,1.00
2017.02.08 17:23:41.819,1.40826,1.40838,3.00,1.00
2017.02.08 17:23:42.321,1.40828,1.40838,1.12,1.00
2017.02.08 17:23:42.524,1.40828,1.4084,1.12,1.00
2017.02.08 17:23:42.933,1.40828,1.40845,1.37,1.00
2017.02.08 17:23:42.984,1.40828,1.40844,1.37,1.12
2017.02.08 17:23:43.136,1.40826,1.40844,1.12,1.50
2017.02.08 17:23:43.700,1.40825,1.40843,1.12,1.62
2017.02.08 17:23:44.845,1.40826,1.40843,1.00,1.62
2017.02.08 17:23:45.048,1.40825,1.40843,1.12,1.69
2017.02.08 17:23:45.668,1.40823,1.4084,1.87,1.25
2017.02.08 17:23:45.770,1.40823,1.4084,1.87,1.31
2017.02.08 17:23:45.872,1.40823,1.4084,2.25,1.25
2017.02.08 17:23:46.392,1.40823,1.4084,1.50,1.69
2017.02.08 17:23:46.894,1.40821,1.40839,2.25,1.00
2017.02.08 17:23:48.403,1.40822,1.40838,1.12,1.00
2017.02.08 17:23:49.135,1.40821,1.40836,1.37,1.00
2017.02.08 17:23:49.257,1.40819,1.40836,1.50,1.50
2017.02.08 17:23:49.729,1.40819,1.40836,1.37,1.50
2017.02.08 17:23:50.032,1.40824,1.40839,1.75,1.12
2017.02.08 17:23:50.235,1.40824,1.40839,1.00,1.12
2017.02.08 17:23:50.897,1.40823,1.40839,1.12,1.12
2017.02.08 17:23:51.153,1.40823,1.40839,1.75,1.12
2017.02.08 17:23:51.507,1.40824,1.4084,1.37,1.31
2017.02.08 17:23:51.558,1.40821,1.40838,1.75,1.00
2017.02.08 17:23:51.863,1.4082,1.40835,1.87,1.12
2017.02.08 17:23:53.926,1.40821,1.40835,1.00,1.12
2017.02.08 17:23:54.953,1.40817,1.40834,2.62,1.69
2017.02.08 17:23:55.054,1.40817,1.40833,1.12,1.12
2017.02.08 17:23:55.560,1.40816,1.40832,3.00,1.00
2017.02.08 17:23:56.404,1.40816,1.40831,2.25,1.00
2017.02.08 17:23:56.571,1.40816,1.40829,1.50,1.00
2017.02.08 17:23:56.882,1.40823,1.40834,1.00,1.50
2017.02.08 17:23:57.188,1.40825,1.40838,1.12,1.00
2017.02.08 17:23:57.239,1.40825,1.40838,1.44,1.00
2017.02.08 17:23:57.291,1.40824,1.40838,1.12,1.00
2017.02.08 17:23:57.393,1.40824,1.40838,2.25,1.00
2017.02.08 17:23:57.494,1.40822,1.40837,1.50,1.12
2017.02.08 17:23:58.052,1.4082,1.40837,1.12,2.25
2017.02.08 17:23:58.500,1.4082,1.40837,1.50,2.81
2017.02.08 17:23:59.002,1.40822,1.40837,1.12,2.81
2017.02.08 17:23:59.345,1.40822,1.40838,1.87,2.06
2017.02.08 17:23:59.448,1.40822,1.40838,1.37,1.00
2017.02.08 17:24:00.149,1.40825,1.4084,1.50,2.62
2017.02.08 17:24:00.504,1.40826,1.4084,3.37,1.31
2017.02.08 17:24:00.808,1.40832,1.40846,2.62,1.00
2017.02.08 17:24:00.961,1.40834,1.40849,1.37,1.81
2017.02.08 17:24:01.265,1.40832,1.40847,1.00,1.69
2017.02.08 17:24:03.172,1.40829,1.40847,1.50,2.44
2017.02.08 17:24:03.273,1.40829,1.40847,1.50,2.06
2017.02.08 17:24:03.578,1.40835,1.40849,1.00,2.25
2017.02.08 17:24:03.921,1.40832,1.40846,1.00,1.00
2017.02.08 17:24:04.442,1.40832,1.40849,1.87,1.81
2017.02.08 17:24:06.219,1.40832,1.40848,1.50,1.56
2017.02.08 17:24:06.270,1.40832,1.40844,1.75,1.00
2017.02.08 17:24:06.372,1.40832,1.40845,1.00,1.00
2017.02.08 17:24:06.524,1.40832,1.40845,1.00,1.87
2017.02.08 17:24:06.576,1.4083,1.40845,1.00,2.25
2017.02.08 17:24:06.627,1.4083,1.40842,1.00,1.12
2017.02.08 17:24:07.173,1.40829,1.40842,1.00,1.12
2017.02.08 17:24:09.672,1.40826,1.40842,1.87,1.87
2017.02.08 17:24:09.824,1.40825,1.40837,3.00,1.12
2017.02.08 17:24:10.156,1.40825,1.4084,2.62,1.12
2017.02.08 17:24:11.408,1.40826,1.4084,1.37,1.12
2017.02.08 17:24:11.939,1.40826,1.4084,1.37,1.12
2017.02.08 17:24:12.421,1.40826,1.4084,1.87,1.12
2017.02.08 17:24:12.830,1.40827,1.40842,1.50,1.12
2017.02.08 17:24:12.932,1.40832,1.40844,1.37,1.87
2017.02.08 17:24:13.034,1.40834,1.40847,1.37,2.25
2017.02.08 17:24:13.135,1.40834,1.40847,1.12,1.12
2017.02.08 17:24:14.497,1.40834,1.40847,1.37,1.12
2017.02.08 17:24:14.548,1.40845,1.40852,1.00,2.19
2017.02.08 17:24:14.816,1.40854,1.40867,1.37,2.25
2017.02.08 17:24:14.917,1.40853,1.40871,2.81,1.12
2017.02.08 17:24:15.119,1.40853,1.40869,2.25,1.12
2017.02.08 17:24:15.373,1.40843,1.40861,2.25,1.87
2017.02.08 17:24:15.626,1.40843,1.40859,2.25,1.00
2017.02.08 17:24:15.953,1.40839,1.40855,2.25,1.00
2017.02.08 17:24:16.004,1.40837,1.40855,1.87,1.12
2017.02.08 17:24:16.510,1.40838,1.40855,1.12,1.87
2017.02.08 17:24:16.758,1.40838,1.40847,1.12,1.31
2017.02.08 17:24:16.809,1.40831,1.40847,1.37,1.31
2017.02.08 17:24:16.910,1.40829,1.40847,2.25,1.25
2017.02.08 17:24:17.113,1.40831,1.40848,1.50,1.87
2017.02.08 17:24:17.214,1.40831,1.40849,1.87,1.12
2017.02.08 17:24:17.316,1.40833,1.4085,1.37,2.81
2017.02.08 17:24:17.519,1.40834,1.40851,1.37,1.87
2017.02.08 17:24:18.056,1.40834,1.40851,1.50,1.12
2017.02.08 17:24:18.257,1.40834,1.40847,1.00,1.00
2017.02.08 17:24:18.611,1.4083,1.40846,2.00,1.00
2017.02.08 17:24:19.643,1.40848,1.40853,1.00,4.50
2017.02.08 17:24:19.796,1.40846,1.40856,3.00,2.62
2017.02.08 17:24:19.847,1.40847,1.40856,1.37,2.25
2017.02.08 17:24:19.899,1.40847,1.40862,1.37,2.62
2017.02.08 17:24:20.001,1.40847,1.40863,1.50,1.00
2017.02.08 17:24:20.518,1.40847,1.40863,1.12,1.50
2017.02.08 17:24:21.156,1.40845,1.40861,1.50,1.00
2017.02.08 17:24:21.676,1.40847,1.40862,1.12,1.12
2017.02.08 17:24:21.980,1.4086,1.40864,1.00,1.00
2017.02.08 17:24:22.132,1.40858,1.40877,2.81,3.37
2017.02.08 17:24:22.550,1.40859,1.40875,1.31,1.00
2017.02.08 17:24:23.672,1.40858,1.40875,1.25,1.00
2017.02.08 17:24:24.762,1.40857,1.40874,2.25,1.00
2017.02.08 17:24:25.263,1.40857,1.40873,1.87,1.00
2017.02.08 17:24:25.861,1.40857,1.40872,1.12,1.00
2017.02.08 17:24:26.308,1.40856,1.40871,1.12,1.50
2017.02.08 17:24:26.460,1.40853,1.40868,1.00,1.00
2017.02.08 17:24:26.511,1.40852,1.40864,1.25,1.00
2017.02.08 17:24:26.815,1.40843,1.40859,1.12,1.12
2017.02.08 17:24:27.400,1.40842,1.40859,1.50,1.12
2017.02.08 17:24:28.139,1.40842,1.4086,1.87,1.87
2017.02.08 17:24:28.684,1.40842,1.40858,1.87,1.00
2017.02.08 17:24:29.028,1.40851,1.40858,1.35,1.00
2017.02.08 17:24:29.133,1.40852,1.40862,1.37,1.00
2017.02.08 17:24:29.200,1.40852,1.40862,1.37,1.12
2017.02.08 17:24:29.251,1.40852,1.40862,1.50,1.12
2017.02.08 17:24:29.302,1.40852,1.40868,1.75,1.00
2017.02.08 17:24:29.403,1.4085,1.40868,1.60,1.37
2017.02.08 17:24:29.504,1.40851,1.40869,1.30,1.87
2017.02.08 17:24:29.606,1.40851,1.4087,2.10,1.87
2017.02.08 17:24:29.707,1.40851,1.4087,3.60,1.50
2017.02.08 17:24:30.563,1.40852,1.40869,1.00,1.12
2017.02.08 17:24:31.085,1.40852,1.40869,1.12,1.00
2017.02.08 17:24:31.136,1.40853,1.40871,1.50,1.12
2017.02.08 17:24:31.344,1.40853,1.40871,1.50,1.12
2017.02.08 17:24:33.255,1.40852,1.40869,1.75,1.00
2017.02.08 17:24:34.063,1.40852,1.40869,1.75,1.00
2017.02.08 17:24:34.114,1.40852,1.40871,2.25,1.87
2017.02.08 17:24:34.201,1.40857,1.40871,2.25,1.12
2017.02.08 17:24:34.707,1.40858,1.40871,1.12,1.00
2017.02.08 17:24:35.061,1.40857,1.40874,1.12,2.44
2017.02.08 17:24:35.112,1.40855,1.40871,1.12,1.00
2017.02.08 17:24:35.332,1.4085,1.40868,4.50,1.31
2017.02.08 17:24:35.536,1.4085,1.40868,1.12,3.56
2017.02.08 17:24:36.083,1.4085,1.40868,1.87,2.81
2017.02.08 17:24:36.235,1.4085,1.40868,1.12,1.31
2017.02.08 17:24:36.642,1.40851,1.40869,1.00,2.81
2017.02.08 17:24:37.160,1.40856,1.4087,1.00,3.00
2017.02.08 17:24:37.362,1.40853,1.4087,1.12,2.62
2017.02.08 17:24:40.680,1.40854,1.4087,1.00,2.81
2017.02.08 17:24:41.253,1.40854,1.4087,1.00,1.31
2017.02.08 17:24:41.793,1.40854,1.40869,1.00,1.00
2017.02.08 17:24:41.843,1.40853,1.40866,1.12,1.00
2017.02.08 17:24:42.046,1.40848,1.40864,2.62,1.00
2017.02.08 17:24:42.147,1.40848,1.40864,1.50,1.12
2017.02.08 17:24:42.687,1.40849,1.40864,1.00,1.12
2017.02.08 17:24:43.865,1.40848,1.40863,1.00,1.00
2017.02.08 17:24:44.017,1.40849,1.40863,1.37,1.00
2017.02.08 17:24:44.119,1.4085,1.40865,1.00,1.00
2017.02.08 17:24:44.703,1.40849,1.40865,1.12,1.00
2017.02.08 17:24:46.683,1.40848,1.40864,1.50,1.00
2017.02.08 17:24:48.149,1.40848,1.40865,1.50,1.50
2017.02.08 17:24:48.349,1.40848,1.40863,1.50,1.00
2017.02.08 17:24:48.400,1.40848,1.40865,1.50,2.25
2017.02.08 17:24:49.063,1.40852,1.40866,1.00,1.12
2017.02.08 17:24:49.367,1.40854,1.40871,1.72,1.87
2017.02.08 17:24:49.905,1.40854,1.40871,2.10,1.50
2017.02.08 17:24:49.956,1.40854,1.40871,2.47,1.50
2017.02.08 17:24:51.361,1.40858,1.40873,1.37,1.50
2017.02.08 17:24:51.462,1.40859,1.40875,1.12,1.75
2017.02.08 17:24:51.660,1.40859,1.40877,2.62,1.12
2017.02.08 17:24:52.202,1.40859,1.40876,1.50,1.50
2017.02.08 17:24:53.733,1.40859,1.40874,1.50,1.00
2017.02.08 17:24:54.090,1.40856,1.40874,1.87,1.50
2017.02.08 17:24:54.596,1.40856,1.40873,1.87,1.50
2017.02.08 17:24:56.014,1.40856,1.40872,1.37,1.00
2017.02.08 17:24:56.065,1.40854,1.4087,2.00,1.00
2017.02.08 17:24:56.168,1.40854,1.4087,1.62,1.50
2017.02.08 17:24:57.124,1.40854,1.40869,1.62,1.00
2017.02.08 17:24:57.628,1.40854,1.40868,1.62,1.00
2017.02.08 17:24:57.993,1.40855,1.40869,1.81,1.00
2017.02.08 17:24:58.499,1.40857,1.4087,1.25,1.00
2017.02.08 17:24:58.760,1.40855,1.40872,2.44,1.00
2017.02.08 17:24:58.811,1.40855,1.40869,2.00,1.00
2017.02.08 17:24:58.963,1.40855,1.40869,1.31,1.00
2017.02.08 17:24:59.779,1.40855,1.40871,1.31,1.00
2017.02.08 17:24:59.880,1.40854,1.40868,1.50,1.00
2017.02.08 17:24:59.982,1.40853,1.40868,1.00,1.00
2017.02.08 17:25:00.083,1.40853,1.4087,1.87,1.56
2017.02.08 17:25:00.838,1.4085,1.40868,2.62,1.12
2017.02.08 17:25:00.888,1.40852,1.40868,1.37,1.87
2017.02.08 17:25:01.192,1.40852,1.4087,2.06,2.62
2017.02.08 17:25:01.722,1.40852,1.4087,1.37,1.31
2017.02.08 17:25:02.229,1.40852,1.4087,1.37,1.87
2017.02.08 17:25:02.492,1.40851,1.40866,1.12,1.00
2017.02.08 17:25:02.707,1.40851,1.40867,1.00,1.12
2017.02.08 17:25:03.787,1.4085,1.40867,1.37,1.12
2017.02.08 17:25:05.226,1.40849,1.40864,1.12,1.00
2017.02.08 17:25:05.379,1.40848,1.40864,1.87,1.00
2017.02.08 17:25:05.631,1.4085,1.40866,1.12,1.12
2017.02.08 17:25:05.886,1.40852,1.40867,1.00,1.37
2017.02.08 17:25:06.486,1.40852,1.40868,1.12,1.37
2017.02.08 17:25:07.152,1.40848,1.40864,1.75,1.00
2017.02.08 17:25:07.388,1.40846,1.40862,1.87,1.50
2017.02.08 17:25:07.440,1.40844,1.40862,1.00,2.25
2017.02.08 17:25:07.592,1.40847,1.40862,1.37,1.50
2017.02.08 17:25:07.694,1.40847,1.40865,2.62,1.12
2017.02.08 17:25:09.320,1.40848,1.40863,1.12,1.00
2017.02.08 17:25:09.422,1.40848,1.40866,1.12,1.87
2017.02.08 17:25:09.625,1.40851,1.40869,2.06,1.37
2017.02.08 17:25:09.676,1.40852,1.4087,1.37,2.25
2017.02.08 17:25:09.727,1.40852,1.4087,1.50,1.37
2017.02.08 17:25:09.879,1.40854,1.4087,1.00,1.00
2017.02.08 17:25:10.183,1.40854,1.40872,1.87,1.12
2017.02.08 17:25:10.937,1.40854,1.40871,1.87,1.00
2017.02.08 17:25:11.139,1.40856,1.40874,1.87,1.12
2017.02.08 17:25:11.190,1.40859,1.40872,1.00,1.00
2017.02.08 17:25:11.293,1.40857,1.40876,1.87,3.75
2017.02.08 17:25:11.344,1.40857,1.40876,1.87,4.12
2017.02.08 17:25:11.445,1.40857,1.40876,1.00,3.75
2017.02.08 17:25:11.496,1.40856,1.40876,2.44,3.75
2017.02.08 17:25:11.548,1.40855,1.40871,1.12,1.00
2017.02.08 17:25:11.700,1.40853,1.4087,1.87,1.00
2017.02.08 17:25:12.516,1.40853,1.40871,1.12,1.50
2017.02.08 17:25:13.110,1.40852,1.4087,1.12,1.00
2017.02.08 17:25:14.369,1.40852,1.40869,1.12,1.00
2017.02.08 17:25:14.420,1.4085,1.40866,2.00,1.00
2017.02.08 17:25:14.623,1.40846,1.40864,2.06,1.00
2017.02.08 17:25:14.725,1.40846,1.40864,1.31,1.50
2017.02.08 17:25:14.979,1.40848,1.40867,1.50,2.25
2017.02.08 17:25:15.081,1.40848,1.40867,1.87,1.00
2017.02.08 17:25:15.776,1.40848,1.40865,2.62,1.00
2017.02.08 17:25:16.029,1.40842,1.4086,1.81,1.87
2017.02.08 17:25:16.181,1.40844,1.40862,1.87,1.75
2017.02.08 17:25:16.283,1.40846,1.40863,1.12,2.25
2017.02.08 17:25:16.385,1.40847,1.40863,1.44,1.12
2017.02.08 17:25:16.537,1.40849,1.40865,1.75,1.12
2017.02.08 17:25:17.038,1.40848,1.40866,2.25,1.37
2017.02.08 17:25:17.342,1.40846,1.40859,1.69,1.00
2017.02.08 17:25:17.393,1.40846,1.4086,1.25,1.00
2017.02.08 17:25:17.444,1.40842,1.40858,1.50,1.00
2017.02.08 17:25:17.749,1.40842,1.40855,1.12,1.00
2017.02.08 17:25:18.118,1.4084,1.40853,1.12,1.00
2017.02.08 17:25:18.292,1.40837,1.40854,3.00,1.00
2017.02.08 17:25:18.344,1.40834,1.40852,1.75,1.00
2017.02.08 17:25:18.546,1.40837,1.40854,1.12,1.00
2017.02.08 17:25:18.850,1.40837,1.40851,1.81,1.00
2017.02.08 17:25:19.255,1.40838,1.40853,1.12,1.50
2017.02.08 17:25:19.508,1.40839,1.40857,2.19,1.87
2017.02.08 17:25:19.559,1.4084,1.40854,1.25,1.00
2017.02.08 17:25:20.537,1.40838,1.40853,1.75,1.00
2017.02.08 17:25:20.588,1.40838,1.40849,1.12,1.00
2017.02.08 17:25:20.841,1.40834,1.40851,1.12,1.50
2017.02.08 17:25:21.297,1.40834,1.40849,1.50,1.00
2017.02.08 17:25:21.600,1.40832,1.40846,1.12,1.00
2017.02.08 17:25:22.302,1.40832,1.40845,1.12,1.50
2017.02.08 17:25:22.353,1.40831,1.40845,1.50,1.00
2017.02.08 17:25:22.405,1.40831,1.40848,1.50,1.50
2017.02.08 17:25:22.456,1.40831,1.40848,1.37,1.37
2017.02.08 17:25:22.710,1.40831,1.40849,1.50,1.50
2017.02.08 17:25:22.811,1.4083,1.40848,1.12,1.37
2017.02.08 17:25:23.116,1.40829,1.40843,1.50,1.00
2017.02.08 17:25:23.218,1.40827,1.40843,1.44,1.37
2017.02.08 17:25:23.320,1.40825,1.40843,1.25,1.50
2017.02.08 17:25:23.472,1.4083,1.40843,1.00,1.50
2017.02.08 17:25:23.725,1.40831,1.40848,1.00,1.75
2017.02.08 17:25:23.985,1.40827,1.40841,1.44,1.00
2017.02.08 17:25:24.036,1.40824,1.40843,2.25,1.12
2017.02.08 17:25:24.289,1.40825,1.40842,1.25,1.12
2017.02.08 17:25:24.391,1.40825,1.40842,1.62,1.12
2017.02.08 17:25:24.745,1.40824,1.40838,1.44,1.00
2017.02.08 17:25:25.048,1.40821,1.40838,1.12,3.00
2017.02.08 17:25:25.251,1.40825,1.40841,1.87,1.37
2017.02.08 17:25:25.352,1.40827,1.40844,1.12,3.75
2017.02.08 17:25:25.555,1.40829,1.40844,1.00,1.00
2017.02.08 17:25:25.758,1.40827,1.40841,1.50,1.00
2017.02.08 17:25:25.809,1.40826,1.40843,1.00,1.12
2017.02.08 17:25:25.860,1.40827,1.40843,1.44,1.37
2017.02.08 17:25:25.911,1.40827,1.40844,1.44,1.12
2017.02.08 17:25:25.961,1.4083,1.40844,1.00,1.12
2017.02.08 17:25:26.366,1.40826,1.40846,1.87,1.75
2017.02.08 17:25:26.417,1.40827,1.40842,1.12,1.00
2017.02.08 17:25:26.518,1.40827,1.40844,1.81,1.00
2017.02.08 17:25:26.569,1.40827,1.40844,2.19,1.00
2017.02.08 17:25:27.075,1.40827,1.40845,2.25,1.00
2017.02.08 17:25:28.205,1.40827,1.40842,1.12,1.00
2017.02.08 17:25:28.458,1.40824,1.40843,2.81,1.50
2017.02.08 17:25:28.612,1.40828,1.40845,1.12,1.12
2017.02.08 17:25:28.662,1.40828,1.40846,1.31,1.75
2017.02.08 17:25:28.764,1.4083,1.40846,1.00,1.12
2017.02.08 17:25:29.299,1.40831,1.40847,1.00,1.50
2017.02.08 17:25:31.853,1.40831,1.40849,1.00,3.00
2017.02.08 17:25:34.523,1.40832,1.40851,2.25,2.25
2017.02.08 17:25:34.575,1.40833,1.40851,2.06,1.87
2017.02.08 17:25:37.426,1.40834,1.4085,1.50,1.00
2017.02.08 17:25:41.241,1.40834,1.40849,1.12,1.00
2017.02.08 17:25:41.864,1.40833,1.40849,1.12,1.00
2017.02.08 17:25:42.185,1.40831,1.40847,1.75,1.00
2017.02.08 17:25:42.287,1.40829,1.40847,1.50,1.87
2017.02.08 17:25:43.498,1.40829,1.40846,2.25,1.00
2017.02.08 17:25:45.329,1.40829,1.40847,3.00,1.69
2017.02.08 17:25:47.119,1.4083,1.40847,1.87,1.25
2017.02.08 17:25:47.783,1.4083,1.40847,1.87,1.25
2017.02.08 17:25:48.310,1.40829,1.40846,2.25,1.00
2017.02.08 17:25:48.850,1.4083,1.40846,1.37,1.00
2017.02.08 17:25:48.952,1.40832,1.40847,1.37,1.25
2017.02.08 17:25:49.003,1.4083,1.40846,1.37,1.00
2017.02.08 17:25:50.492,1.40831,1.40846,1.50,1.00
2017.02.08 17:25:50.695,1.40834,1.40848,1.00,1.81
2017.02.08 17:25:51.241,1.40835,1.40849,1.50,1.62
2017.02.08 17:25:52.995,1.40837,1.4085,1.12,1.12
2017.02.08 17:25:53.097,1.40838,1.40854,1.00,2.62
2017.02.08 17:25:53.199,1.40835,1.40852,2.25,1.31
2017.02.08 17:25:53.401,1.40835,1.40852,2.25,2.06
2017.02.08 17:25:54.711,1.40835,1.40848,1.00,1.12
2017.02.08 17:25:54.762,1.40833,1.40847,1.00,1.25
2017.02.08 17:25:54.913,1.40835,1.40847,1.37,1.25
2017.02.08 17:25:55.467,1.40835,1.40848,1.00,1.12
2017.02.08 17:25:55.569,1.40839,1.40852,1.00,1.00
2017.02.08 17:25:55.670,1.40836,1.40854,2.62,1.69
2017.02.08 17:25:55.873,1.40837,1.40854,1.00,2.06
2017.02.08 17:25:57.115,1.40836,1.40852,1.50,1.62
2017.02.08 17:25:57.774,1.40836,1.40852,1.87,1.25
2017.02.08 17:25:58.500,1.40836,1.40853,1.87,1.12
2017.02.08 17:26:00.741,1.40833,1.40848,3.37,1.00
2017.02.08 17:26:00.893,1.4083,1.40845,1.87,1.00
2017.02.08 17:26:01.394,1.40831,1.40846,1.31,1.12
2017.02.08 17:26:02.001,1.40831,1.40846,1.50,2.25
2017.02.08 17:26:02.976,1.40832,1.40846,1.00,2.25
2017.02.08 17:26:03.410,1.40832,1.40843,1.00,1.12
2017.02.08 17:26:03.475,1.40832,1.40846,1.37,1.81
2017.02.08 17:26:03.576,1.40833,1.40847,1.12,1.69
2017.02.08 17:26:03.779,1.40833,1.40846,1.12,1.12
2017.02.08 17:26:04.329,1.40833,1.40847,1.00,1.12
2017.02.08 17:26:05.300,1.40832,1.40846,1.00,1.31
2017.02.08 17:26:05.704,1.40832,1.40848,1.00,1.12
2017.02.08 17:26:09.294,1.40832,1.40847,1.00,1.12
2017.02.08 17:26:11.491,1.40832,1.40846,1.00,1.12
2017.02.08 17:26:13.300,1.40832,1.40848,1.00,1.50
2017.02.08 17:26:13.821,1.40832,1.40848,1.12,1.50
2017.02.08 17:26:14.360,1.40833,1.40848,1.00,1.00
2017.02.08 17:26:15.133,1.40839,1.40851,1.00,1.87
2017.02.08 17:26:15.311,1.40841,1.40856,1.12,1.37
2017.02.08 17:26:15.362,1.4084,1.40856,1.12,1.00
2017.02.08 17:26:15.463,1.40839,1.40852,1.12,1.00
2017.02.08 17:26:15.650,1.40839,1.40856,1.00,1.50
2017.02.08 17:26:16.181,1.40839,1.40852,1.37,1.00
2017.02.08 17:26:16.232,1.40839,1.40855,1.37,1.87
2017.02.08 17:26:16.738,1.40839,1.40855,1.12,1.00
2017.02.08 17:26:17.364,1.40839,1.40855,1.12,1.37
2017.02.08 17:26:21.747,1.40838,1.40855,1.12,1.37
2017.02.08 17:26:21.899,1.40836,1.40852,1.37,1.00
2017.02.08 17:26:22.210,1.40834,1.4085,1.12,2.25
2017.02.08 17:26:22.719,1.40833,1.4085,1.50,1.50
2017.02.08 17:26:24.724,1.40833,1.40849,1.00,1.87
2017.02.08 17:26:25.028,1.40826,1.40843,1.37,1.87
2017.02.08 17:26:25.942,1.40826,1.40843,1.50,1.50
2017.02.08 17:26:26.490,1.40827,1.40844,1.12,2.25
2017.02.08 17:26:26.752,1.40832,1.40849,1.00,2.25
2017.02.08 17:26:27.261,1.40831,1.40847,1.12,1.00
2017.02.08 17:26:27.994,1.4083,1.40847,2.06,1.50
2017.02.08 17:26:28.497,1.40831,1.40848,1.00,2.25
2017.02.08 17:26:29.026,1.4083,1.40846,1.12,1.12
2017.02.08 17:26:29.077,1.4083,1.40846,1.37,1.12
2017.02.08 17:26:29.582,1.40831,1.40847,1.12,1.00
2017.02.08 17:26:29.994,1.40831,1.40847,1.50,1.75
2017.02.08 17:26:30.599,1.4083,1.40846,1.00,1.50
2017.02.08 17:26:30.903,1.40829,1.40845,1.31,1.75
2017.02.08 17:26:31.916,1.40828,1.40843,1.31,1.12
2017.02.08 17:26:32.255,1.40824,1.40841,1.37,1.37
2017.02.08 17:26:33.016,1.40824,1.40839,1.00,1.50
2017.02.08 17:26:34.906,1.40826,1.40841,1.00,1.37
2017.02.08 17:26:34.957,1.40827,1.40842,1.25,1.12
2017.02.08 17:26:35.462,1.40827,1.40842,1.50,1.00
2017.02.08 17:26:36.964,1.40828,1.40844,1.37,1.12
2017.02.08 17:26:37.469,1.4083,1.40846,1.12,1.75
2017.02.08 17:26:38.598,1.40831,1.40847,1.12,1.87
2017.02.08 17:26:38.700,1.40832,1.40848,1.12,2.25
2017.02.08 17:26:38.802,1.40834,1.40848,1.37,1.00
2017.02.08 17:26:38.853,1.40833,1.40846,1.87,1.00
2017.02.08 17:26:38.955,1.40832,1.40846,1.00,1.37
2017.02.08 17:26:39.128,1.40829,1.40846,1.00,1.75
2017.02.08 17:26:39.200,1.40829,1.4084,1.00,1.00
2017.02.08 17:26:39.254,1.40829,1.40843,1.00,1.50
2017.02.08 17:26:39.558,1.40827,1.40843,1.00,2.25
2017.02.08 17:26:40.480,1.40827,1.40843,1.12,1.00
2017.02.08 17:26:41.425,1.40828,1.40843,1.00,1.00
2017.02.08 17:26:41.971,1.40827,1.40842,1.12,1.00
2017.02.08 17:26:45.177,1.40827,1.40842,1.37,1.00
2017.02.08 17:26:47.783,1.40827,1.40842,1.00,1.00
2017.02.08 17:26:48.184,1.40826,1.40841,1.00,1.56
2017.02.08 17:26:48.532,1.40824,1.40839,1.00,1.87
2017.02.08 17:26:51.775,1.40826,1.40839,1.87,1.87
2017.02.08 17:26:51.876,1.40825,1.40841,3.00,1.00
2017.02.08 17:26:51.927,1.40825,1.40839,1.87,1.00
2017.02.08 17:26:52.029,1.40823,1.4084,1.50,1.50
2017.02.08 17:26:52.080,1.40823,1.40835,1.50,1.12
2017.02.08 17:26:52.365,1.4082,1.40836,1.00,2.62
2017.02.08 17:26:52.889,1.40819,1.40836,1.00,2.62
2017.02.08 17:26:53.276,1.40819,1.40832,1.00,1.00
2017.02.08 17:26:53.327,1.40819,1.40834,1.50,1.31
2017.02.08 17:26:53.479,1.40818,1.40836,1.87,2.44
2017.02.08 17:26:53.581,1.4082,1.40834,1.00,1.00
2017.02.08 17:26:53.742,1.4082,1.40836,1.37,1.31
2017.02.08 17:26:53.794,1.40823,1.40838,1.37,2.06
2017.02.08 17:26:53.948,1.40823,1.4084,1.12,1.12
2017.02.08 17:26:54.152,1.40822,1.40838,1.31,1.00
2017.02.08 17:26:55.126,1.40825,1.40838,1.00,1.00
2017.02.08 17:26:55.316,1.40822,1.40838,1.69,1.50
2017.02.08 17:26:56.670,1.40822,1.40839,2.06,1.00
2017.02.08 17:26:56.873,1.40821,1.40835,1.50,1.00
2017.02.08 17:26:57.025,1.40818,1.40835,1.87,1.00
2017.02.08 17:26:57.126,1.40818,1.40835,1.00,1.50
2017.02.08 17:26:57.644,1.40821,1.40836,1.87,2.06
2017.02.08 17:26:57.695,1.40821,1.40835,1.87,1.00
2017.02.08 17:26:57.746,1.4082,1.40836,1.12,1.50
2017.02.08 17:26:57.797,1.4082,1.4083,1.37,1.00
2017.02.08 17:26:57.949,1.40818,1.40835,2.25,1.12
2017.02.08 17:26:58.050,1.40819,1.40835,1.37,1.12
2017.02.08 17:26:58.592,1.40818,1.40835,1.50,1.12
2017.02.08 17:26:58.911,1.40819,1.4083,1.69,1.00
2017.02.08 17:26:58.985,1.40818,1.40834,2.06,1.00
2017.02.08 17:26:59.268,1.40817,1.40834,1.87,1.00
2017.02.08 17:26:59.319,1.40816,1.40833,1.12,1.37
2017.02.08 17:26:59.838,1.40817,1.40832,1.12,1.12
2017.02.08 17:27:00.345,1.40818,1.40834,1.50,1.75
2017.02.08 17:27:00.754,1.40815,1.40829,2.25,1.00
2017.02.08 17:27:01.072,1.40815,1.40827,1.12,1.12
2017.02.08 17:27:01.528,1.40817,1.40831,1.00,1.00
2017.02.08 17:27:01.963,1.40817,1.40834,1.31,2.25
2017.02.08 17:27:02.277,1.40817,1.40828,1.31,1.00
2017.02.08 17:27:04.585,1.40817,1.40831,1.12,1.00
2017.02.08 17:27:04.636,1.40819,1.40831,1.00,1.00
2017.02.08 17:27:05.264,1.40817,1.40831,1.31,1.00
2017.02.08 17:27:05.517,1.40816,1.40828,2.25,1.00
2017.02.08 17:27:05.921,1.40815,1.40828,1.50,1.00
2017.02.08 17:27:06.876,1.40814,1.40829,1.00,1.00
2017.02.08 17:27:07.422,1.40815,1.4083,1.31,1.12
2017.02.08 17:27:10.603,1.40816,1.4083,1.00,1.12
2017.02.08 17:27:10.654,1.40816,1.40834,1.87,1.75
2017.02.08 17:27:10.857,1.40824,1.40838,1.00,1.75
2017.02.08 17:27:10.959,1.40824,1.40838,1.00,1.00
2017.02.08 17:27:11.522,1.40823,1.40838,1.12,1.00
2017.02.08 17:27:13.537,1.40823,1.40839,1.12,1.00
2017.02.08 17:27:18.584,1.40823,1.40838,1.12,1.00
2017.02.08 17:27:19.089,1.40822,1.40838,1.50,1.12
2017.02.08 17:27:19.631,1.40821,1.40835,1.87,1.00
2017.02.08 17:27:20.139,1.40821,1.40836,1.12,1.12
2017.02.08 17:27:20.661,1.40824,1.40837,1.12,1.00
2017.02.08 17:27:21.148,1.40822,1.40841,1.75,3.00
2017.02.08 17:27:21.300,1.40822,1.40838,1.75,1.00
2017.02.08 17:27:21.503,1.40819,1.40835,1.50,1.50
2017.02.08 17:27:21.807,1.4082,1.40837,1.00,1.50
2017.02.08 17:27:22.326,1.40819,1.40837,1.50,1.00
2017.02.08 17:27:22.857,1.40819,1.40836,1.50,1.50
2017.02.08 17:27:24.119,1.40819,1.40834,1.00,1.00
2017.02.08 17:27:24.220,1.40817,1.40834,1.50,1.00
2017.02.08 17:27:24.737,1.40817,1.40833,1.00,1.00
2017.02.08 17:27:29.303,1.40818,1.40834,1.00,1.87
2017.02.08 17:27:29.404,1.40818,1.40836,1.87,1.12
2017.02.08 17:27:29.455,1.4082,1.40836,1.00,1.12
2017.02.08 17:27:29.557,1.40821,1.40838,1.12,1.12
2017.02.08 17:27:30.089,1.40822,1.40839,1.00,2.25
2017.02.08 17:27:33.533,1.40822,1.40835,1.00,1.00
2017.02.08 17:27:33.829,1.40816,1.40834,1.87,3.00
2017.02.08 17:27:34.347,1.40817,1.40834,1.00,3.37
2017.02.08 17:27:34.999,1.40817,1.40832,1.00,1.69
2017.02.08 17:27:39.946,1.40817,1.40831,1.00,1.12
2017.02.08 17:27:40.658,1.40815,1.40829,1.12,1.00
2017.02.08 17:27:40.710,1.40815,1.40827,1.12,1.00
2017.02.08 17:27:40.913,1.40811,1.40827,1.00,1.50
2017.02.08 17:27:41.133,1.40815,1.4083,1.50,1.62
2017.02.08 17:27:41.648,1.40814,1.40831,1.75,1.87
2017.02.08 17:27:41.749,1.40814,1.40831,1.12,1.87
2017.02.08 17:27:42.256,1.40814,1.40831,1.12,1.50
2017.02.08 17:27:42.434,1.40816,1.40831,1.00,1.00
2017.02.08 17:27:42.586,1.40814,1.4083,1.00,1.25
2017.02.08 17:27:43.109,1.40815,1.40831,1.37,1.87
2017.02.08 17:27:43.613,1.40814,1.40829,1.75,1.00
2017.02.08 17:27:43.816,1.40814,1.40829,1.12,1.00
2017.02.08 17:27:44.385,1.40815,1.40829,1.00,1.00
2017.02.08 17:27:44.436,1.40815,1.40831,1.00,1.00
2017.02.08 17:27:44.956,1.40815,1.40832,1.00,1.12
2017.02.08 17:27:45.006,1.40815,1.4083,1.00,1.00
2017.02.08 17:27:45.310,1.40812,1.40828,2.62,1.12
2017.02.08 17:27:45.665,1.40816,1.40828,1.00,1.00
2017.02.08 17:27:45.817,1.40815,1.40831,1.50,1.00
2017.02.08 17:27:46.320,1.40815,1.4083,1.12,1.00
2017.02.08 17:27:46.635,1.40815,1.40832,1.12,2.44
2017.02.08 17:27:47.142,1.40816,1.40832,1.00,1.69
2017.02.08 17:27:47.534,1.40818,1.40832,1.00,1.25
2017.02.08 17:27:48.039,1.40817,1.40833,1.00,1.50
2017.02.08 17:27:50.248,1.40817,1.40833,1.12,1.00
2017.02.08 17:27:51.656,1.40817,1.40834,1.50,1.50
2017.02.08 17:27:55.440,1.40817,1.40833,1.50,1.00
2017.02.08 17:27:57.503,1.40818,1.40835,1.12,1.15
2017.02.08 17:27:57.554,1.40823,1.40836,1.00,2.09
2017.02.08 17:27:57.756,1.40827,1.40842,1.00,1.87
2017.02.08 17:27:58.060,1.40825,1.4084,1.50,1.00
2017.02.08 17:27:58.408,1.40827,1.40842,1.12,1.00
2017.02.08 17:27:58.941,1.40825,1.4084,1.12,1.00
2017.02.08 17:27:59.447,1.40824,1.4084,1.12,1.03
2017.02.08 17:27:59.991,1.40825,1.4084,1.00,1.03
2017.02.08 17:28:00.564,1.40825,1.4084,1.00,1.00
2017.02.08 17:28:01.559,1.40827,1.4084,1.00,1.00
2017.02.08 17:28:01.710,1.40825,1.4084,1.00,1.00
2017.02.08 17:28:01.902,1.40824,1.40839,1.00,1.37
2017.02.08 17:28:03.343,1.40823,1.40839,1.12,1.37
2017.02.08 17:28:03.700,1.40822,1.40836,1.00,1.00
2017.02.08 17:28:04.027,1.40819,1.40836,1.87,1.90
2017.02.08 17:28:04.079,1.40819,1.40836,1.12,2.28
2017.02.08 17:28:04.594,1.40818,1.40835,1.37,2.84
2017.02.08 17:28:05.476,1.40818,1.40835,1.00,2.28
2017.02.08 17:28:07.185,1.40818,1.40834,1.00,1.90
2017.02.08 17:28:07.699,1.40817,1.40832,1.50,1.00
2017.02.08 17:28:08.302,1.40817,1.40834,1.87,2.28
2017.02.08 17:28:10.003,1.40817,1.40834,2.62,1.53
2017.02.08 17:28:10.514,1.40817,1.40833,1.12,1.53
2017.02.08 17:28:11.096,1.40817,1.40832,1.12,1.00
2017.02.08 17:28:11.705,1.40817,1.40834,1.50,1.90
2017.02.08 17:28:12.246,1.40816,1.40832,1.50,1.00
2017.02.08 17:28:12.751,1.40816,1.40832,1.00,1.00
2017.02.08 17:28:13.294,1.40816,1.40833,1.00,1.53
2017.02.08 17:28:13.826,1.40817,1.40833,1.12,1.04
2017.02.08 17:28:14.755,1.40817,1.40832,1.00,1.00
2017.02.08 17:28:15.264,1.40816,1.40832,1.00,1.00
2017.02.08 17:28:16.142,1.40816,1.40833,1.87,1.15
2017.02.08 17:28:16.472,1.40823,1.40838,1.00,1.87
2017.02.08 17:28:17.123,1.40823,1.40839,1.12,1.53
2017.02.08 17:28:17.575,1.4082,1.40835,2.25,1.00
2017.02.08 17:28:17.678,1.40819,1.40835,1.50,1.00
2017.02.08 17:28:18.198,1.40821,1.40835,1.00,1.00
2017.02.08 17:28:19.777,1.40821,1.40835,1.00,1.37
2017.02.08 17:28:20.285,1.40821,1.40837,1.12,1.50
2017.02.08 17:28:20.850,1.40822,1.40839,1.12,1.79
2017.02.08 17:28:20.901,1.40826,1.4084,1.37,1.75
2017.02.08 17:28:21.003,1.40826,1.40841,1.00,1.50
2017.02.08 17:28:21.515,1.40826,1.40841,1.12,1.00
2017.02.08 17:28:21.718,1.40823,1.4084,2.62,1.50
2017.02.08 17:28:22.137,1.40823,1.40837,1.00,1.00
2017.02.08 17:28:22.657,1.40824,1.40839,1.00,1.75
2017.02.08 17:28:22.708,1.40824,1.40839,1.00,1.50
2017.02.08 17:28:22.809,1.40826,1.4084,1.00,1.37
2017.02.08 17:28:26.060,1.40826,1.40842,1.00,1.12
2017.02.08 17:28:26.425,1.40828,1.40839,1.87,1.00
2017.02.08 17:28:26.476,1.40828,1.40842,1.12,1.50
2017.02.08 17:28:26.527,1.40827,1.40842,1.31,1.00
2017.02.08 17:28:26.628,1.40828,1.40842,1.12,1.37
2017.02.08 17:28:27.133,1.40829,1.40845,1.31,2.62
2017.02.08 17:28:28.321,1.40827,1.40843,1.00,2.25
2017.02.08 17:28:28.423,1.40826,1.40843,1.50,2.25
2017.02.08 17:28:28.946,1.40827,1.40843,1.12,1.50
2017.02.08 17:28:30.071,1.40826,1.40842,1.50,1.00
2017.02.08 17:28:30.122,1.40824,1.40839,1.50,1.37
2017.02.08 17:28:30.628,1.40824,1.40839,1.00,1.37
2017.02.08 17:28:31.157,1.40823,1.40838,2.44,1.12
2017.02.08 17:28:31.461,1.40826,1.40841,1.00,1.50
2017.02.08 17:28:31.972,1.40826,1.40841,1.00,1.12
2017.02.08 17:28:35.465,1.40824,1.40841,1.12,1.87
2017.02.08 17:28:36.241,1.40823,1.40838,1.62,1.37
2017.02.08 17:28:36.444,1.4082,1.40837,2.81,1.00
2017.02.08 17:28:37.028,1.4082,1.40838,1.69,1.87
2017.02.08 17:28:37.576,1.40821,1.40838,1.00,1.37
2017.02.08 17:28:39.140,1.40822,1.40838,1.12,1.50
2017.02.08 17:28:39.532,1.40823,1.40839,1.12,1.50
2017.02.08 17:28:40.038,1.40823,1.40838,1.00,1.12
2017.02.08 17:28:40.563,1.40822,1.40838,1.00,1.12
2017.02.08 17:28:41.244,1.40821,1.40837,1.12,1.00
2017.02.08 17:28:41.419,1.40823,1.40838,1.00,1.12
2017.02.08 17:28:41.724,1.40821,1.40837,1.50,1.37
2017.02.08 17:28:42.237,1.40821,1.40837,1.50,1.00
2017.02.08 17:28:43.515,1.40821,1.40834,1.00,1.37
2017.02.08 17:28:43.566,1.40821,1.40835,1.00,1.00
2017.02.08 17:28:43.617,1.4082,1.40835,1.75,1.00
2017.02.08 17:28:43.668,1.40823,1.40838,1.12,1.50
2017.02.08 17:28:43.755,1.40823,1.40838,1.00,1.75
2017.02.08 17:28:43.856,1.40823,1.40838,1.75,1.00
2017.02.08 17:28:44.519,1.40823,1.40839,1.75,1.50
2017.02.08 17:28:45.147,1.40822,1.40835,1.75,1.00
2017.02.08 17:28:45.662,1.40822,1.40835,1.75,1.12
2017.02.08 17:28:45.764,1.40822,1.40835,1.00,1.12
2017.02.08 17:28:46.824,1.40822,1.40834,1.00,1.00
2017.02.08 17:28:47.392,1.40821,1.40834,1.00,1.00
2017.02.08 17:28:48.096,1.4082,1.40834,1.12,1.00
2017.02.08 17:28:48.630,1.4082,1.40834,1.50,1.00
2017.02.08 17:28:49.994,1.4082,1.40836,1.50,1.50
2017.02.08 17:28:50.993,1.40821,1.40837,1.12,1.00
2017.02.08 17:28:51.145,1.40822,1.40837,1.87,1.00
2017.02.08 17:28:51.766,1.40822,1.40838,1.37,1.12
2017.02.08 17:28:52.070,1.4082,1.40835,1.50,1.00
2017.02.08 17:28:52.121,1.4082,1.40835,1.50,1.00
2017.02.08 17:28:52.672,1.4082,1.40834,1.50,1.00
2017.02.08 17:28:53.233,1.40818,1.40833,1.50,1.00
2017.02.08 17:28:54.720,1.40817,1.40833,1.75,1.00
2017.02.08 17:28:55.668,1.40818,1.40834,1.50,1.50
2017.02.08 17:28:56.173,1.40817,1.40834,2.25,1.87
2017.02.08 17:28:56.678,1.40818,1.40834,1.50,1.87
2017.02.08 17:28:58.488,1.40819,1.40835,1.00,1.12
2017.02.08 17:28:58.589,1.40818,1.4083,1.12,1.00
2017.02.08 17:28:59.155,1.4082,1.40831,1.00,1.00
2017.02.08 17:28:59.669,1.40818,1.40831,1.87,1.00
2017.02.08 17:28:59.871,1.40819,1.40833,1.12,1.00
2017.02.08 17:28:59.923,1.40819,1.40837,1.50,3.37
2017.02.08 17:28:59.973,1.4082,1.40837,1.12,2.25
2017.02.08 17:29:00.328,1.40822,1.40835,1.87,1.00
2017.02.08 17:29:00.531,1.40823,1.40838,1.50,1.00
2017.02.08 17:29:01.063,1.40824,1.40839,1.37,1.00
2017.02.08 17:29:01.496,1.40825,1.40842,1.87,1.87
2017.02.08 17:29:01.598,1.40826,1.40842,1.12,1.75
2017.02.08 17:29:01.918,1.40826,1.40842,1.75,1.00
2017.02.08 17:29:03.201,1.40825,1.40842,1.50,1.12
2017.02.08 17:29:03.303,1.40825,1.4084,1.50,1.00
2017.02.08 17:29:03.510,1.40825,1.40842,1.50,1.12
2017.02.08 17:29:04.491,1.40825,1.4084,1.00,1.00
2017.02.08 17:29:04.693,1.4082,1.40839,1.87,1.12
2017.02.08 17:29:05.211,1.40821,1.40838,1.50,1.00
2017.02.08 17:29:06.105,1.40822,1.40838,1.12,1.00
2017.02.08 17:29:06.635,1.40823,1.40837,1.12,1.00
2017.02.08 17:29:08.283,1.40823,1.40838,2.06,1.00
2017.02.08 17:29:08.785,1.40823,1.40839,2.06,1.50
2017.02.08 17:29:09.382,1.40823,1.40838,2.62,1.00
2017.02.08 17:29:09.940,1.40824,1.40838,1.25,1.00
2017.02.08 17:29:10.281,1.40822,1.40835,1.75,1.00
2017.02.08 17:29:10.696,1.40822,1.40837,1.75,1.00
2017.02.08 17:29:12.534,1.40822,1.40835,1.75,1.00
2017.02.08 17:29:12.686,1.40822,1.40835,1.50,1.00
2017.02.08 17:29:12.996,1.40822,1.40837,1.81,1.00
2017.02.08 17:29:13.940,1.40822,1.40837,2.25,1.00
2017.02.08 17:29:14.842,1.40822,1.40834,1.50,1.00
2017.02.08 17:29:14.944,1.4082,1.40834,1.25,1.12
2017.02.08 17:29:15.045,1.40817,1.40833,1.31,1.12
2017.02.08 17:29:15.248,1.40818,1.40831,1.12,1.00
2017.02.08 17:29:15.879,1.40817,1.40831,1.31,1.00
2017.02.08 17:29:16.300,1.40816,1.40829,1.25,1.00
2017.02.08 17:29:16.815,1.40816,1.4083,1.25,1.00
2017.02.08 17:29:17.357,1.40816,1.40831,1.81,1.00
2017.02.08 17:29:18.355,1.40817,1.40831,1.12,1.00
2017.02.08 17:29:19.075,1.40817,1.40831,1.12,1.87
2017.02.08 17:29:19.177,1.40814,1.4083,2.19,1.12
2017.02.08 17:29:19.688,1.40814,1.40829,1.12,1.00
2017.02.08 17:29:20.884,1.40814,1.40829,1.31,1.00
2017.02.08 17:29:21.817,1.40816,1.4083,1.00,1.00
2017.02.08 17:29:22.323,1.40817,1.4083,1.25,1.00
2017.02.08 17:29:24.894,1.40817,1.4083,1.81,1.00
2017.02.08 17:29:25.651,1.40817,1.40831,1.81,1.00
2017.02.08 17:29:25.804,1.40817,1.40834,1.81,2.62
2017.02.08 17:29:25.855,1.40817,1.4083,1.81,1.00
2017.02.08 17:29:26.644,1.40819,1.40831,1.00,1.00
2017.02.08 17:29:26.898,1.40819,1.40833,1.87,1.00
2017.02.08 17:29:27.387,1.40821,1.40834,1.12,1.00
2017.02.08 17:29:27.540,1.40821,1.40837,1.12,1.00
2017.02.08 17:29:27.591,1.40821,1.40833,1.12,1.37
2017.02.08 17:29:27.642,1.40819,1.40834,1.75,1.69
2017.02.08 17:29:27.744,1.40816,1.40832,3.00,1.37
2017.02.08 17:29:27.845,1.40818,1.40832,1.12,1.87
2017.02.08 17:29:28.200,1.40818,1.40834,1.87,1.50
2017.02.08 17:29:28.555,1.40818,1.40832,1.12,1.00
2017.02.08 17:29:28.789,1.40818,1.40836,3.37,1.87
2017.02.08 17:29:28.891,1.40818,1.40832,2.62,1.00
2017.02.08 17:29:29.509,1.40818,1.40834,2.62,1.00
2017.02.08 17:29:30.073,1.40818,1.40835,1.87,1.87
2017.02.08 17:29:30.527,1.40821,1.40835,1.12,1.12
2017.02.08 17:29:31.054,1.40819,1.40836,2.81,1.00
2017.02.08 17:29:31.862,1.40821,1.40837,1.12,1.37
2017.02.08 17:29:33.552,1.40821,1.40838,1.81,1.87
2017.02.08 17:29:36.334,1.40821,1.40837,1.81,1.00
2017.02.08 17:29:37.554,1.40821,1.40837,1.25,1.00
2017.02.08 17:29:39.144,1.40821,1.40838,1.25,3.37
2017.02.08 17:29:39.767,1.40821,1.40837,1.25,1.12
2017.02.08 17:29:40.404,1.40821,1.40837,1.25,1.37
2017.02.08 17:29:40.937,1.40821,1.40838,1.25,1.87
2017.02.08 17:29:41.038,1.40822,1.40838,1.12,1.12
2017.02.08 17:29:41.653,1.40821,1.40836,1.81,1.00
2017.02.08 17:29:41.957,1.40821,1.40838,1.81,1.87
2017.02.08 17:29:42.653,1.40821,1.40837,1.81,1.00
2017.02.08 17:29:43.058,1.40822,1.4084,1.50,1.37
2017.02.08 17:29:43.413,1.40824,1.4084,1.00,1.12
2017.02.08 17:29:44.253,1.40823,1.4084,1.00,1.37
2017.02.08 17:29:44.456,1.40823,1.40841,1.75,1.12
2017.02.08 17:29:44.557,1.40823,1.40839,1.00,1.12
2017.02.08 17:29:44.659,1.40821,1.40838,1.12,1.12
2017.02.08 17:29:46.388,1.40824,1.40839,1.00,2.06
2017.02.08 17:29:46.920,1.40825,1.40839,1.12,1.00
2017.02.08 17:29:47.131,1.40825,1.40842,1.12,2.81
2017.02.08 17:29:47.384,1.40828,1.40846,1.00,5.06
2017.02.08 17:29:47.598,1.40828,1.40846,1.75,3.19
2017.02.08 17:29:48.146,1.40828,1.40846,1.75,3.56
2017.02.08 17:29:49.062,1.40828,1.40846,1.75,4.12
2017.02.08 17:29:49.941,1.40825,1.40842,1.75,1.00
2017.02.08 17:29:50.172,1.40824,1.40842,4.12,1.00
2017.02.08 17:29:51.579,1.40826,1.40842,1.00,1.00
2017.02.08 17:29:52.127,1.40826,1.40843,1.00,1.87
2017.02.08 17:29:52.839,1.40825,1.40843,1.87,1.12
2017.02.08 17:29:54.450,1.40825,1.40842,1.12,1.00
2017.02.08 17:29:54.770,1.4083,1.40846,1.50,2.44
2017.02.08 17:29:55.123,1.40838,1.4085,1.00,1.00
2017.02.08 17:29:55.735,1.40839,1.4085,1.00,1.00
2017.02.08 17:29:55.988,1.40836,1.4085,1.00,1.00
2017.02.08 17:29:56.367,1.40838,1.40851,1.00,1.00
2017.02.08 17:29:58.094,1.40839,1.40851,1.00,1.00
2017.02.08 17:29:58.748,1.40837,1.40851,3.00,1.00
2017.02.08 17:30:00.073,1.40837,1.40853,3.00,1.00
2017.02.08 17:30:00.341,1.40837,1.40851,3.00,1.00
2017.02.08 17:30:03.806,1.40837,1.40851,1.00,1.00
2017.02.08 17:30:07.149,1.40838,1.40851,1.00,1.00
2017.02.08 17:30:07.546,1.40838,1.40851,1.75,1.00
2017.02.08 17:30:07.933,1.40838,1.40855,1.75,1.12
2017.02.08 17:30:07.984,1.40839,1.40856,1.37,1.50
2017.02.08 17:30:08.970,1.40837,1.40853,2.81,1.00
2017.02.08 17:30:09.274,1.40835,1.40849,1.00,1.00
2017.02.08 17:30:09.528,1.40835,1.40851,2.62,1.00
2017.02.08 17:30:10.051,1.40837,1.40852,1.00,1.50
2017.02.08 17:30:10.674,1.40836,1.40851,1.75,1.00
2017.02.08 17:30:12.489,1.40833,1.40843,1.00,1.00
2017.02.08 17:30:12.590,1.4083,1.40843,1.00,1.00
2017.02.08 17:30:12.641,1.40828,1.40843,1.31,1.00
2017.02.08 17:30:13.147,1.40829,1.40843,1.12,1.00
2017.02.08 17:30:13.677,1.40829,1.40844,1.00,1.00
2017.02.08 17:30:14.198,1.40827,1.40843,2.25,1.00
2017.02.08 17:30:14.744,1.40827,1.40843,1.50,1.12
2017.02.08 17:30:16.292,1.40827,1.40843,1.37,1.12
2017.02.08 17:30:16.503,1.40826,1.40843,2.25,1.12
2017.02.08 17:30:16.820,1.40827,1.40843,1.37,1.12
2017.02.08 17:30:17.326,1.40828,1.40844,1.00,1.00
2017.02.08 17:30:17.781,1.4083,1.40844,1.00,1.00
2017.02.08 17:30:18.298,1.40827,1.40843,2.62,1.00
2017.02.08 17:30:19.256,1.40827,1.40843,2.25,1.00
2017.02.08 17:30:20.227,1.40827,1.40842,2.25,1.00
2017.02.08 17:30:21.418,1.40827,1.40841,2.25,1.00
2017.02.08 17:30:22.413,1.40827,1.40842,2.25,1.00
2017.02.08 17:30:24.722,1.40827,1.40842,1.50,1.00
2017.02.08 17:30:25.739,1.40827,1.40843,1.50,1.50
2017.02.08 17:30:26.273,1.40827,1.40842,1.00,1.00
2017.02.08 17:30:27.075,1.40826,1.40842,1.00,1.00
2017.02.08 17:30:27.456,1.40825,1.4084,1.12,1.00
2017.02.08 17:30:27.759,1.4083,1.40838,1.00,1.00
2017.02.08 17:30:28.750,1.40826,1.40838,1.12,1.00
2017.02.08 17:30:28.801,1.40829,1.40838,1.00,1.00
2017.02.08 17:30:29.313,1.4083,1.40838,1.00,1.00
2017.02.08 17:30:29.364,1.40828,1.40838,1.00,1.00
2017.02.08 17:30:29.517,1.4083,1.40838,1.00,1.00
2017.02.08 17:30:29.819,1.4083,1.40842,1.87,1.00
2017.02.08 17:30:29.871,1.40836,1.40842,1.00,1.00
2017.02.08 17:30:29.924,1.40831,1.40845,1.00,1.50
2017.02.08 17:30:30.026,1.40836,1.40845,1.00,1.50
2017.02.08 17:30:30.381,1.4083,1.40845,1.12,1.00
2017.02.08 17:30:30.431,1.40832,1.40845,1.00,1.00
2017.02.08 17:30:30.483,1.40829,1.40845,2.25,1.00
2017.02.08 17:30:30.584,1.40832,1.40845,1.00,1.00
2017.02.08 17:30:30.837,1.40827,1.40842,1.00,1.37
2017.02.08 17:30:30.888,1.40829,1.40841,1.00,1.12
2017.02.08 17:30:31.219,1.40831,1.40844,1.00,1.12
2017.02.08 17:30:31.380,1.40836,1.40844,1.00,1.12
2017.02.08 17:30:31.435,1.40832,1.40844,1.00,1.00
2017.02.08 17:30:31.486,1.40834,1.40844,1.00,1.00
2017.02.08 17:30:31.537,1.40832,1.40844,1.00,1.00
2017.02.08 17:30:31.706,1.40831,1.40846,1.00,1.12
2017.02.08 17:30:31.908,1.40831,1.40844,1.00,1.00
2017.02.08 17:30:32.212,1.40827,1.40842,1.00,1.00
2017.02.08 17:30:33.126,1.40827,1.40841,1.34,1.00
2017.02.08 17:30:33.653,1.40828,1.40841,1.00,1.50
2017.02.08 17:30:33.705,1.40828,1.40838,1.00,1.00
2017.02.08 17:30:33.807,1.40826,1.40837,1.00,1.00
2017.02.08 17:30:33.858,1.40824,1.40837,1.00,1.12
2017.02.08 17:30:34.257,1.40828,1.40841,1.00,2.62
2017.02.08 17:30:34.473,1.40831,1.40845,1.00,1.75
2017.02.08 17:30:34.524,1.40829,1.40845,1.00,1.12
2017.02.08 17:30:34.576,1.40832,1.40845,1.00,1.12
2017.02.08 17:30:35.201,1.40831,1.40845,1.00,1.50
2017.02.08 17:30:36.866,1.40831,1.40842,1.00,1.00
2017.02.08 17:30:38.427,1.40831,1.40841,1.00,1.00
2017.02.08 17:30:38.945,1.4083,1.40841,1.00,1.12
2017.02.08 17:30:39.571,1.40826,1.4084,1.00,1.12
2017.02.08 17:30:39.622,1.40828,1.40837,1.00,1.00
2017.02.08 17:30:39.728,1.40826,1.40837,1.00,1.00
2017.02.08 17:30:39.880,1.40824,1.40837,1.00,1.50
2017.02.08 17:30:40.418,1.40823,1.40837,1.00,1.50
2017.02.08 17:30:40.932,1.40823,1.40837,1.00,1.37
2017.02.08 17:30:41.617,1.40824,1.40837,1.00,1.87
2017.02.08 17:30:42.262,1.40823,1.40836,1.00,1.12
2017.02.08 17:30:43.172,1.40817,1.40832,1.28,1.12
2017.02.08 17:30:43.274,1.40818,1.40836,1.50,1.50
2017.02.08 17:30:43.325,1.40821,1.40836,1.00,2.25
2017.02.08 17:30:43.426,1.40819,1.40834,1.04,1.00
2017.02.08 17:30:43.825,1.4082,1.40831,1.00,1.00
2017.02.08 17:30:44.128,1.40815,1.40831,1.34,1.12
2017.02.08 17:30:44.212,1.40819,1.40831,1.00,1.00
2017.02.08 17:30:44.719,1.40819,1.40833,1.00,1.50
2017.02.08 17:30:44.871,1.40815,1.40833,1.72,3.00
2017.02.08 17:30:45.124,1.40818,1.40833,1.00,3.75
2017.02.08 17:30:45.666,1.40816,1.4083,1.04,1.00
2017.02.08 17:30:46.172,1.40817,1.4083,1.00,1.00
2017.02.08 17:30:46.746,1.40814,1.40831,1.59,1.87
2017.02.08 17:30:47.540,1.40816,1.40826,1.04,1.00
2017.02.08 17:30:48.060,1.40815,1.40826,1.34,1.00
2017.02.08 17:30:48.162,1.40815,1.40831,1.04,3.37
2017.02.08 17:30:48.263,1.40813,1.40831,1.12,2.62
2017.02.08 17:30:48.314,1.40815,1.40831,1.00,3.37
2017.02.08 17:30:48.830,1.40815,1.40832,1.15,1.12
2017.02.08 17:30:49.256,1.40818,1.4083,1.00,1.00
2017.02.08 17:30:49.470,1.40813,1.40829,1.50,1.75
2017.02.08 17:30:49.571,1.40814,1.4083,1.12,2.62
2017.02.08 17:30:50.095,1.40815,1.4083,1.00,1.87
2017.02.08 17:30:50.644,1.40815,1.40829,1.00,1.00
2017.02.08 17:30:51.607,1.40816,1.40832,1.37,1.75
2017.02.08 17:30:51.759,1.40818,1.40833,1.00,1.87
2017.02.08 17:30:52.063,1.40821,1.40834,1.00,1.50
2017.02.08 17:30:52.586,1.4082,1.40832,1.00,1.00
2017.02.08 17:30:52.688,1.40816,1.40832,1.87,1.00
2017.02.08 17:30:52.789,1.40818,1.40833,1.00,2.62
2017.02.08 17:30:53.129,1.40832,1.40836,1.00,1.00
2017.02.08 17:30:53.180,1.4083,1.4084,1.00,1.00
2017.02.08 17:30:53.231,1.40828,1.4084,1.00,1.00
2017.02.08 17:30:53.360,1.40826,1.4084,1.12,1.00
2017.02.08 17:30:53.889,1.40824,1.40839,1.50,1.31
2017.02.08 17:30:54.438,1.40827,1.4084,1.00,1.12
2017.02.08 17:30:54.814,1.40824,1.40839,1.12,2.06
2017.02.08 17:30:54.866,1.40824,1.40833,1.12,1.00
2017.02.08 17:30:55.018,1.40823,1.40838,1.12,1.12
2017.02.08 17:30:55.563,1.40824,1.40839,1.00,2.25
2017.02.08 17:30:56.842,1.40825,1.40839,1.12,1.50
2017.02.08 17:30:57.988,1.40824,1.40839,1.00,2.25
2017.02.08 17:30:58.557,1.40824,1.40837,1.00,1.00
2017.02.08 17:30:59.416,1.40825,1.40839,1.00,1.00
2017.02.08 17:30:59.958,1.40824,1.40839,1.00,1.00
2017.02.08 17:31:01.214,1.40824,1.40837,1.50,1.00
2017.02.08 17:31:01.917,1.40824,1.40836,1.00,1.00
2017.02.08 17:31:02.235,1.40824,1.40838,1.00,1.00
2017.02.08 17:31:02.624,1.40824,1.40836,1.00,1.00
2017.02.08 17:31:02.675,1.40822,1.40836,1.00,2.25
2017.02.08 17:31:03.198,1.40821,1.40837,1.12,1.00
2017.02.08 17:31:03.299,1.40822,1.40839,1.12,2.25
2017.02.08 17:31:03.839,1.40823,1.40839,1.00,2.25
2017.02.08 17:31:03.941,1.40822,1.40837,1.37,1.00
2017.02.08 17:31:05.051,1.40822,1.40838,2.62,1.00
2017.02.08 17:31:05.203,1.40825,1.4084,1.00,1.25
2017.02.08 17:31:05.837,1.40824,1.40841,1.00,3.00
2017.02.08 17:31:05.938,1.40821,1.40837,3.60,1.00
2017.02.08 17:31:06.141,1.40821,1.40836,3.22,1.00
2017.02.08 17:31:07.136,1.4082,1.40831,1.50,1.00
2017.02.08 17:31:07.238,1.40819,1.40834,1.00,1.00
2017.02.08 17:31:07.440,1.40817,1.40833,1.00,2.25
2017.02.08 17:31:07.541,1.40817,1.40834,1.50,1.12
2017.02.08 17:31:07.592,1.40819,1.40835,1.00,2.25
2017.02.08 17:31:08.097,1.40818,1.40835,1.00,1.87
2017.02.08 17:31:08.647,1.40818,1.40834,1.00,1.00
2017.02.08 17:31:12.147,1.40818,1.40835,1.12,1.87
2017.02.08 17:31:13.162,1.40817,1.40834,1.50,1.69
2017.02.08 17:31:13.374,1.40816,1.40832,1.12,1.00
2017.02.08 17:31:13.425,1.40825,1.40835,1.00,1.87
2017.02.08 17:31:13.579,1.40827,1.40838,1.00,1.00
2017.02.08 17:31:13.848,1.40824,1.40838,1.12,1.50
2017.02.08 17:31:13.949,1.40821,1.40837,1.50,1.00
2017.02.08 17:31:14.331,1.4082,1.40835,1.75,1.00
2017.02.08 17:31:14.433,1.40819,1.40834,1.55,1.00
2017.02.08 17:31:14.736,1.40819,1.40836,1.23,1.00
2017.02.08 17:31:15.278,1.40818,1.40834,1.50,1.00
2017.02.08 17:31:15.819,1.40818,1.40834,1.75,1.00
2017.02.08 17:31:16.123,1.40817,1.40828,1.23,1.00
2017.02.08 17:31:16.174,1.40817,1.40832,1.23,1.00
2017.02.08 17:31:16.377,1.40817,1.40833,1.98,1.00
2017.02.08 17:31:17.972,1.40817,1.40833,1.61,1.00
2017.02.08 17:31:20.683,1.40818,1.40833,1.55,1.00
2017.02.08 17:31:21.433,1.40816,1.40833,1.80,1.00
2017.02.08 17:31:22.013,1.40816,1.40832,1.80,1.00
2017.02.08 17:31:23.204,1.40816,1.40831,1.05,1.00
2017.02.08 17:31:23.716,1.40817,1.40832,1.50,1.00
2017.02.08 17:31:24.176,1.40815,1.40831,2.73,1.00
2017.02.08 17:31:25.251,1.40816,1.40832,2.17,1.00
2017.02.08 17:31:29.577,1.40817,1.40834,1.60,1.12
2017.02.08 17:31:30.086,1.40818,1.40834,2.58,1.00
2017.02.08 17:31:30.836,1.4082,1.40837,1.12,3.00
2017.02.08 17:31:31.141,1.40825,1.40839,1.19,1.00
2017.02.08 17:31:31.672,1.40825,1.4084,1.19,1.00
2017.02.08 17:31:32.997,1.40825,1.40841,3.52,1.87
2017.02.08 17:31:33.300,1.40828,1.40842,1.61,1.00
2017.02.08 17:31:33.664,1.40825,1.40839,2.17,1.00
2017.02.08 17:31:34.225,1.40825,1.4084,1.31,1.50
2017.02.08 17:31:35.785,1.40825,1.40839,1.31,1.00
2017.02.08 17:31:36.301,1.40825,1.4084,1.00,1.00
2017.02.08 17:31:36.807,1.40824,1.4084,1.00,1.00
2017.02.08 17:31:36.972,1.40828,1.40842,1.00,3.00
2017.02.08 17:31:37.625,1.40829,1.40843,1.00,1.37
2017.02.08 17:31:38.165,1.40828,1.40843,1.91,1.37
2017.02.08 17:31:38.750,1.40828,1.40843,2.47,1.37
2017.02.08 17:31:41.365,1.40827,1.40842,3.41,1.12
2017.02.08 17:31:41.901,1.40827,1.40841,3.41,1.50
2017.02.08 17:31:42.229,1.40827,1.40834,3.41,1.00
2017.02.08 17:31:42.837,1.40827,1.40834,1.31,1.00
2017.02.08 17:31:43.067,1.40827,1.4084,1.31,1.50
2017.02.08 17:31:44.106,1.40827,1.40839,1.31,1.00
2017.02.08 17:31:46.525,1.40827,1.40838,1.87,1.00
2017.02.08 17:31:47.058,1.40827,1.40838,1.12,1.50
2017.02.08 17:31:48.071,1.40825,1.40837,1.00,1.12
2017.02.08 17:31:49.337,1.40824,1.40837,1.87,1.12
2017.02.08 17:31:51.947,1.40824,1.40833,1.00,1.00
2017.02.08 17:31:51.999,1.4082,1.40833,1.00,1.00
2017.02.08 17:31:53.013,1.40819,1.40833,1.00,1.50
2017.02.08 17:31:58.355,1.40819,1.40831,1.00,1.00
2017.02.08 17:31:58.882,1.4082,1.40832,1.00,1.00
2017.02.08 17:31:59.516,1.4082,1.40833,1.00,1.50
2017.02.08 17:32:00.247,1.40819,1.40833,1.00,1.50
2017.02.08 17:32:00.551,1.40819,1.4083,1.00,1.00
2017.02.08 17:32:00.652,1.40816,1.4083,1.00,1.50
2017.02.08 17:32:01.235,1.4082,1.40832,1.00,2.25
2017.02.08 17:32:01.337,1.4082,1.40832,1.00,1.12
2017.02.08 17:32:01.900,1.40819,1.40834,1.00,3.00
2017.02.08 17:32:02.358,1.40822,1.40834,1.00,2.25
2017.02.08 17:32:02.459,1.40822,1.40833,1.00,1.00
2017.02.08 17:32:02.966,1.4082,1.40832,1.00,1.00
2017.02.08 17:32:03.541,1.4082,1.40833,1.00,1.00
2017.02.08 17:32:03.945,1.4082,1.40829,1.00,1.00
2017.02.08 17:32:05.667,1.40819,1.4083,1.00,1.00
2017.02.08 17:32:05.836,1.40814,1.4083,4.12,1.00
2017.02.08 17:32:05.938,1.40816,1.40833,1.50,2.06
2017.02.08 17:32:06.039,1.40816,1.40833,2.25,1.00
2017.02.08 17:32:06.292,1.4082,1.40837,2.25,1.00
2017.02.08 17:32:06.546,1.40822,1.40837,1.37,1.00
2017.02.08 17:32:07.151,1.40822,1.40837,1.00,1.00
2017.02.08 17:32:07.543,1.40822,1.40839,1.37,1.31
2017.02.08 17:32:08.185,1.40823,1.4084,2.25,1.00
2017.02.08 17:32:08.678,1.40823,1.40838,1.50,1.00
2017.02.08 17:32:08.771,1.40821,1.40838,1.00,1.31
2017.02.08 17:32:09.651,1.4082,1.40837,3.00,1.00
2017.02.08 17:32:11.147,1.4082,1.40836,3.00,1.00
2017.02.08 17:32:11.652,1.4082,1.40837,1.00,2.25
2017.02.08 17:32:12.175,1.40819,1.40836,1.87,1.12
2017.02.08 17:32:12.713,1.40819,1.40833,1.12,1.00
2017.02.08 17:32:12.865,1.40816,1.40834,3.19,1.37
2017.02.08 17:32:13.494,1.40817,1.40836,1.50,3.75
2017.02.08 17:32:13.944,1.4082,1.40836,1.50,1.50
2017.02.08 17:32:14.046,1.4082,1.40837,1.87,1.50
2017.02.08 17:32:14.244,1.40819,1.40836,1.37,1.69
2017.02.08 17:32:16.002,1.40823,1.40836,1.00,1.00
2017.02.08 17:32:17.720,1.40824,1.40836,1.00,1.00
2017.02.08 17:32:18.225,1.40823,1.40836,1.00,1.00
2017.02.08 17:32:20.569,1.40824,1.40836,1.00,1.00
2017.02.08 17:32:25.220,1.40824,1.40837,1.00,1.87
2017.02.08 17:32:25.764,1.40825,1.40837,1.00,1.50
2017.02.08 17:32:27.492,1.40824,1.40837,1.00,1.00
2017.02.08 17:32:28.016,1.40823,1.40837,1.00,1.87
2017.02.08 17:32:28.594,1.40824,1.40837,1.00,1.87
2017.02.08 17:32:30.104,1.40825,1.40837,1.00,1.87
2017.02.08 17:32:33.426,1.40823,1.40837,1.00,1.87
2017.02.08 17:32:33.528,1.40822,1.40834,1.00,1.00
2017.02.08 17:32:33.579,1.4082,1.40834,1.31,1.12
2017.02.08 17:32:34.101,1.40821,1.40834,1.00,1.12
2017.02.08 17:32:34.221,1.40824,1.40835,1.12,1.37
2017.02.08 17:32:34.373,1.40824,1.40837,1.87,1.00
2017.02.08 17:32:34.677,1.40828,1.40838,1.00,1.00
2017.02.08 17:32:34.912,1.40828,1.4084,1.00,1.50
2017.02.08 17:32:35.114,1.4083,1.4084,1.00,1.00
2017.02.08 17:32:35.546,1.40828,1.40841,1.00,1.50
2017.02.08 17:32:35.597,1.40828,1.40839,1.00,1.00
2017.02.08 17:32:35.851,1.40829,1.40841,1.00,1.12
2017.02.08 17:32:36.387,1.40828,1.40842,1.00,1.50
2017.02.08 17:32:36.919,1.40828,1.4084,1.00,1.00
2017.02.08 17:32:37.423,1.40828,1.40841,1.00,1.12
2017.02.08 17:32:37.575,1.40827,1.40839,1.31,1.00
2017.02.08 17:32:37.897,1.40825,1.40837,1.87,1.00
2017.02.08 17:32:38.512,1.40828,1.40838,1.00,1.12
2017.02.08 17:32:39.021,1.40826,1.40839,1.56,1.00
2017.02.08 17:32:39.528,1.40824,1.40838,1.31,2.25
2017.02.08 17:32:39.731,1.40823,1.40836,1.87,1.00
2017.02.08 17:32:40.240,1.40823,1.40836,1.87,1.50
2017.02.08 17:32:43.192,1.40824,1.40833,1.31,1.00
2017.02.08 17:32:43.243,1.40819,1.40833,1.31,1.00
2017.02.08 17:32:43.345,1.40824,1.40834,1.00,1.00
2017.02.08 17:32:43.446,1.4082,1.40836,1.00,2.25
2017.02.08 17:32:43.497,1.40822,1.40836,1.00,3.00
2017.02.08 17:32:43.599,1.40822,1.40836,1.00,3.75
2017.02.08 17:32:43.650,1.40819,1.40833,1.00,1.00
2017.02.08 17:32:44.199,1.40818,1.40833,1.31,2.62
2017.02.08 17:32:44.782,1.40818,1.40832,1.00,1.00
2017.02.08 17:32:45.761,1.40819,1.40833,1.00,1.87
2017.02.08 17:32:45.812,1.40817,1.40833,2.06,2.25
2017.02.08 17:32:45.863,1.4082,1.40833,1.00,2.25
2017.02.08 17:32:46.167,1.4082,1.40831,1.00,1.50
2017.02.08 17:32:46.268,1.40816,1.40831,1.12,1.50
2017.02.08 17:32:46.841,1.40818,1.40831,1.00,2.25
2017.02.08 17:32:47.075,1.4082,1.40831,1.00,2.25
2017.02.08 17:32:47.368,1.40816,1.40831,1.12,1.50
2017.02.08 17:32:47.520,1.4082,1.40831,1.00,1.00
2017.02.08 17:32:47.874,1.40817,1.40831,1.31,1.00
2017.02.08 17:32:49.547,1.40817,1.40832,1.31,1.12
2017.02.08 17:32:50.045,1.40819,1.40826,1.12,1.00
2017.02.08 17:32:50.146,1.40818,1.40826,1.31,1.00
2017.02.08 17:32:50.248,1.40818,1.40831,1.31,1.12
2017.02.08 17:32:51.937,1.40818,1.40826,1.31,1.00
2017.02.08 17:32:52.655,1.40818,1.40829,2.06,1.00
2017.02.08 17:32:52.706,1.40817,1.40832,1.65,2.25
2017.02.08 17:32:52.808,1.4082,1.40834,1.00,2.25
2017.02.08 17:32:53.314,1.40818,1.40832,1.00,1.50
2017.02.08 17:32:53.462,1.4082,1.40832,1.00,1.50
2017.02.08 17:32:53.564,1.40816,1.4083,1.31,1.00
2017.02.08 17:32:53.826,1.40819,1.40833,1.87,1.75
2017.02.08 17:32:53.928,1.4082,1.40834,1.00,1.87
2017.02.08 17:32:54.029,1.40819,1.40831,1.00,1.00
2017.02.08 17:32:54.181,1.40816,1.40831,1.12,1.00
2017.02.08 17:32:54.711,1.40816,1.4083,1.00,1.12
2017.02.08 17:32:55.455,1.40816,1.40828,1.00,1.00
2017.02.08 17:32:56.240,1.40816,1.40827,1.00,1.00
2017.02.08 17:32:56.780,1.40815,1.40826,1.00,1.00
2017.02.08 17:32:56.933,1.40813,1.40826,1.00,1.50
2017.02.08 17:32:56.984,1.40815,1.40826,1.00,1.50
2017.02.08 17:32:57.627,1.40814,1.40827,1.00,2.25
2017.02.08 17:32:58.168,1.40815,1.40827,1.00,2.25
2017.02.08 17:32:58.703,1.4081,1.40824,1.12,1.00
2017.02.08 17:32:58.753,1.40813,1.40824,1.00,1.00
2017.02.08 17:32:58.916,1.40816,1.40828,1.00,1.00
2017.02.08 17:32:58.967,1.40814,1.40828,1.00,1.00
2017.02.08 17:32:59.119,1.40814,1.40826,1.00,1.00
2017.02.08 17:32:59.283,1.40812,1.40826,1.12,1.50
2017.02.08 17:32:59.334,1.4081,1.40826,1.12,1.50
2017.02.08 17:32:59.385,1.40813,1.40826,1.00,2.25
2017.02.08 17:32:59.943,1.40813,1.40825,1.00,1.00
2017.02.08 17:33:00.455,1.40811,1.40825,1.00,2.25
2017.02.08 17:33:01.061,1.40812,1.40825,1.00,1.50
2017.02.08 17:33:01.264,1.4081,1.40825,1.00,1.50
2017.02.08 17:33:01.315,1.4081,1.40823,1.00,1.00
2017.02.08 17:33:02.724,1.40811,1.40823,1.00,1.00
2017.02.08 17:33:03.299,1.40811,1.40824,1.00,1.50
2017.02.08 17:33:05.259,1.4081,1.40823,1.00,1.50
2017.02.08 17:33:05.563,1.40812,1.40823,1.00,1.50
2017.02.08 17:33:06.269,1.40812,1.40822,1.00,1.00
2017.02.08 17:33:06.586,1.40809,1.40821,1.12,1.00
2017.02.08 17:33:06.877,1.40811,1.4082,1.12,1.00
2017.02.08 17:33:06.928,1.40811,1.40822,1.12,1.50
2017.02.08 17:33:07.282,1.40809,1.40823,1.56,1.00
2017.02.08 17:33:07.333,1.40809,1.40821,1.56,1.00
2017.02.08 17:33:07.485,1.40807,1.40821,1.31,1.00
2017.02.08 17:33:08.591,1.40807,1.40821,1.87,1.00
2017.02.08 17:33:09.060,1.40809,1.40823,1.00,1.87
2017.02.08 17:33:09.165,1.40809,1.40822,1.00,1.50
2017.02.08 17:33:09.486,1.4081,1.40822,1.12,1.00
2017.02.08 17:33:10.121,1.4081,1.40823,1.87,1.50
2017.02.08 17:33:15.092,1.4081,1.40822,1.87,1.50
2017.02.08 17:33:15.193,1.40808,1.40822,1.31,1.50
2017.02.08 17:33:15.773,1.40807,1.40821,1.87,1.00
2017.02.08 17:33:16.401,1.40809,1.40821,1.00,1.00
2017.02.08 17:33:16.927,1.40808,1.40821,1.00,1.00
2017.02.08 17:33:17.464,1.40807,1.4082,1.12,1.00
2017.02.08 17:33:17.711,1.40806,1.40821,1.12,1.50
2017.02.08 17:33:18.220,1.40807,1.40821,1.00,1.50
2017.02.08 17:33:18.535,1.40809,1.40822,1.00,1.00
2017.02.08 17:33:19.077,1.40809,1.40823,1.00,2.25
2017.02.08 17:33:20.956,1.40809,1.40821,1.00,1.50
2017.02.08 17:33:21.108,1.40805,1.40821,1.00,1.12
2017.02.08 17:33:21.159,1.40807,1.4082,1.00,1.37
2017.02.08 17:33:21.210,1.40805,1.4082,1.00,1.37
2017.02.08 17:33:21.463,1.40802,1.40817,1.50,1.00
2017.02.08 17:33:21.976,1.40802,1.40817,1.87,1.50
2017.02.08 17:33:22.513,1.40802,1.40816,1.37,1.12
2017.02.08 17:33:23.464,1.40802,1.40817,1.37,1.50
2017.02.08 17:33:27.233,1.40809,1.4082,1.00,1.75
2017.02.08 17:33:27.493,1.40811,1.4082,1.00,1.12
2017.02.08 17:33:27.544,1.40808,1.40822,1.00,1.00
2017.02.08 17:33:27.746,1.40803,1.40818,1.87,3.37
2017.02.08 17:33:28.064,1.408,1.40816,3.37,1.50
2017.02.08 17:33:29.747,1.40802,1.40816,1.37,1.00
2017.02.08 17:33:30.378,1.40803,1.40812,1.12,1.00
2017.02.08 17:33:31.719,1.40801,1.40816,1.50,2.25
2017.02.08 17:33:31.770,1.40801,1.40815,1.12,1.00
2017.02.08 17:33:35.398,1.40801,1.40814,1.00,1.50
2017.02.08 17:33:35.450,1.40798,1.40814,1.12,1.00
2017.02.08 17:33:36.331,1.40798,1.40813,1.12,1.00
2017.02.08 17:33:37.321,1.40797,1.40812,1.87,1.00
2017.02.08 17:33:38.284,1.40796,1.40813,2.25,2.62
2017.02.08 17:33:39.128,1.40796,1.40812,2.25,1.00
2017.02.08 17:33:39.670,1.40796,1.40811,2.25,1.00
2017.02.08 17:33:41.576,1.40796,1.40808,1.50,1.00
2017.02.08 17:33:41.728,1.40793,1.40809,1.50,1.12
2017.02.08 17:33:42.266,1.40793,1.40809,1.00,1.00
2017.02.08 17:33:42.781,1.40792,1.40809,1.00,1.12
2017.02.08 17:33:42.882,1.40792,1.40807,1.00,1.00
2017.02.08 17:33:43.387,1.40791,1.40808,1.50,1.12
2017.02.08 17:33:44.268,1.40791,1.40808,1.50,1.87
2017.02.08 17:33:44.772,1.40791,1.40807,1.00,1.37
2017.02.08 17:33:46.501,1.40791,1.40808,1.12,1.50
2017.02.08 17:33:46.813,1.40792,1.4081,1.75,2.25
2017.02.08 17:33:46.915,1.40792,1.4081,1.12,3.37
2017.02.08 17:33:47.448,1.40792,1.40809,1.50,1.00
2017.02.08 17:33:47.963,1.40792,1.40808,1.50,1.00
2017.02.08 17:33:48.014,1.40795,1.40808,1.00,1.00
2017.02.08 17:33:48.066,1.40795,1.4081,1.00,1.12
2017.02.08 17:33:48.117,1.40794,1.4081,1.00,1.50
2017.02.08 17:33:48.270,1.40792,1.40809,1.75,1.12
2017.02.08 17:33:48.899,1.40792,1.40809,1.12,1.50
2017.02.08 17:33:49.180,1.40792,1.40809,1.12,1.87
2017.02.08 17:33:49.885,1.40793,1.40809,1.00,1.12
2017.02.08 17:33:50.485,1.40792,1.40809,1.12,2.25
2017.02.08 17:33:52.247,1.40792,1.40809,1.12,1.50
2017.02.08 17:33:52.760,1.40792,1.40809,1.87,1.50
2017.02.08 17:33:53.261,1.40791,1.40807,1.50,1.00
2017.02.08 17:33:53.800,1.4079,1.40808,2.25,1.50
2017.02.08 17:33:58.030,1.4079,1.40807,1.75,1.00
2017.02.08 17:33:58.375,1.4079,1.40807,1.12,2.25
2017.02.08 17:33:58.985,1.4079,1.40806,1.87,1.00
2017.02.08 17:34:00.560,1.40794,1.40806,1.12,1.00
2017.02.08 17:34:02.144,1.40794,1.40807,1.12,1.50
2017.02.08 17:34:02.761,1.40794,1.40807,1.12,1.50
2017.02.08 17:34:05.202,1.40794,1.40807,1.12,1.50
2017.02.08 17:34:05.914,1.40794,1.40807,1.27,1.50
2017.02.08 17:34:06.434,1.40794,1.40807,1.12,1.50
2017.02.08 17:34:07.220,1.40794,1.40806,1.12,1.00
2017.02.08 17:34:07.962,1.40794,1.40806,1.12,1.87
2017.02.08 17:34:08.065,1.40791,1.40806,1.12,1.37
2017.02.08 17:34:08.167,1.40789,1.40805,1.87,1.00
2017.02.08 17:34:08.682,1.40792,1.40805,1.25,1.00
2017.02.08 17:34:09.362,1.40791,1.40805,1.50,1.00
2017.02.08 17:34:10.084,1.4079,1.40805,1.50,1.00
2017.02.08 17:34:10.604,1.40789,1.40805,2.25,1.00
2017.02.08 17:34:11.567,1.40789,1.40807,2.25,1.50
2017.02.08 17:34:11.831,1.40789,1.40803,2.25,1.00
2017.02.08 17:34:13.153,1.40789,1.40804,2.25,1.00
2017.02.08 17:34:13.674,1.4079,1.40805,1.87,1.00
2017.02.08 17:34:13.996,1.40798,1.40813,1.87,2.25
2017.02.08 17:34:14.198,1.408,1.40814,1.12,1.87
2017.02.08 17:34:14.856,1.40801,1.40815,1.31,1.37
2017.02.08 17:34:14.958,1.40802,1.40817,1.12,1.37
2017.02.08 17:34:15.516,1.40802,1.40816,1.12,1.37
2017.02.08 17:34:18.277,1.408,1.40816,1.12,1.50
2017.02.08 17:34:18.542,1.40804,1.40814,1.12,1.00
2017.02.08 17:34:19.898,1.40803,1.40815,1.12,2.25
2017.02.08 17:34:20.050,1.40803,1.40812,1.12,1.37
2017.02.08 17:34:20.101,1.40798,1.40812,1.50,1.37
2017.02.08 17:34:20.319,1.408,1.40811,1.12,1.00
2017.02.08 17:34:21.274,1.40798,1.40812,1.12,1.50
2017.02.08 17:34:21.477,1.40803,1.40814,1.12,1.75
2017.02.08 17:34:21.578,1.40801,1.40818,1.56,2.25
2017.02.08 17:34:21.781,1.40799,1.40816,1.62,2.62
2017.02.08 17:34:22.306,1.40801,1.40813,1.12,1.12
2017.02.08 17:34:23.157,1.40801,1.40813,1.12,1.37
2017.02.08 17:34:23.259,1.40801,1.4081,1.12,1.37
2017.02.08 17:34:23.336,1.40796,1.4081,1.87,1.37
2017.02.08 17:34:23.861,1.40796,1.4081,1.12,1.12
2017.02.08 17:34:24.372,1.40796,1.40809,1.12,1.00
2017.02.08 17:34:24.930,1.40795,1.40809,1.12,1.50
2017.02.08 17:34:24.981,1.40793,1.40809,1.12,1.50
2017.02.08 17:34:25.126,1.40793,1.40809,1.12,1.87
2017.02.08 17:34:25.432,1.40795,1.40809,1.12,1.50
2017.02.08 17:34:25.599,1.40794,1.40809,1.12,1.12
2017.02.08 17:34:26.790,1.40795,1.40809,1.12,1.12
2017.02.08 17:34:27.692,1.40795,1.4081,1.87,1.00
2017.02.08 17:34:27.844,1.40795,1.40806,1.12,1.00
2017.02.08 17:34:28.248,1.40795,1.40804,1.12,1.00
2017.02.08 17:34:28.636,1.40795,1.40809,1.12,1.00
2017.02.08 17:34:28.687,1.40793,1.40809,1.87,1.12
2017.02.08 17:34:29.193,1.40793,1.40809,1.31,1.12
2017.02.08 17:34:30.231,1.40794,1.4081,1.12,3.75
2017.02.08 17:34:30.536,1.40797,1.4081,1.12,1.00
2017.02.08 17:34:30.993,1.40797,1.40812,1.12,1.00
2017.02.08 17:34:31.044,1.40799,1.40815,1.00,2.62
2017.02.08 17:34:31.346,1.40804,1.40813,1.12,1.00
2017.02.08 17:34:31.876,1.40804,1.40819,1.12,1.37
2017.02.08 17:34:32.470,1.40803,1.40819,1.12,3.37
2017.02.08 17:34:32.825,1.40804,1.40821,1.12,1.37
2017.02.08 17:34:33.127,1.40807,1.40822,1.12,1.87
2017.02.08 17:34:33.651,1.40809,1.40819,1.00,1.00
2017.02.08 17:34:33.853,1.40811,1.40824,1.12,1.37
2017.02.08 17:34:33.904,1.40808,1.40824,1.12,1.12
2017.02.08 17:34:34.209,1.40812,1.40822,1.12,1.00
2017.02.08 17:34:34.530,1.40809,1.40824,1.12,1.87
2017.02.08 17:34:35.036,1.40809,1.40823,1.12,1.12
2017.02.08 17:34:35.086,1.40809,1.40822,1.12,1.50
2017.02.08 17:34:35.290,1.40812,1.40824,1.12,1.12
2017.02.08 17:34:35.442,1.40812,1.40824,1.12,1.00
2017.02.08 17:34:35.864,1.40812,1.40825,1.12,1.87
2017.02.08 17:34:35.915,1.4081,1.40825,1.12,1.87
2017.02.08 17:34:36.017,1.40812,1.40824,1.12,1.50
2017.02.08 17:34:36.119,1.4081,1.40822,1.12,1.12
2017.02.08 17:34:36.625,1.40811,1.40821,1.12,1.37
2017.02.08 17:34:37.147,1.40811,1.40824,1.12,1.50
2017.02.08 17:34:37.653,1.40811,1.40822,1.12,1.00
2017.02.08 17:34:38.294,1.40811,1.40821,1.12,1.37
2017.02.08 17:34:38.396,1.40809,1.40818,1.12,1.00
2017.02.08 17:34:38.498,1.40806,1.40818,1.12,1.00
2017.02.08 17:34:38.848,1.40806,1.40814,1.12,1.00
2017.02.08 17:34:38.899,1.40806,1.40816,1.12,1.00
2017.02.08 17:34:39.404,1.40806,1.40817,1.12,1.00
2017.02.08 17:34:40.133,1.40808,1.40816,1.12,1.00
2017.02.08 17:34:40.400,1.40809,1.40817,1.12,1.00
2017.02.08 17:34:41.914,1.40804,1.40817,1.87,1.12
2017.02.08 17:34:42.153,1.40803,1.40816,1.12,1.87
2017.02.08 17:34:42.204,1.408,1.40811,2.25,1.12
2017.02.08 17:34:42.469,1.408,1.40813,1.50,1.87
2017.02.08 17:34:42.520,1.40798,1.40813,1.50,2.62
2017.02.08 17:34:42.622,1.40795,1.4081,2.25,1.00
2017.02.08 17:34:42.723,1.40797,1.40813,1.50,1.12
2017.02.08 17:34:43.334,1.40798,1.40814,1.00,1.50
2017.02.08 17:34:43.528,1.40801,1.40815,1.00,1.75
2017.02.08 17:34:43.730,1.40801,1.40816,1.87,1.50
2017.02.08 17:34:44.354,1.40801,1.40818,1.12,3.00
2017.02.08 17:34:44.707,1.40796,1.40812,2.25,1.12
2017.02.08 17:34:44.859,1.40796,1.40812,1.44,1.00
2017.02.08 17:34:45.632,1.40794,1.40811,1.75,1.50
2017.02.08 17:34:45.950,1.40794,1.40811,1.87,1.00
2017.02.08 17:34:46.240,1.40794,1.40807,1.12,1.37
2017.02.08 17:34:46.341,1.40791,1.40807,1.50,1.50
2017.02.08 17:34:47.416,1.40793,1.40807,1.00,1.00
2017.02.08 17:34:47.934,1.40792,1.40807,1.87,1.00
2017.02.08 17:34:48.271,1.40794,1.40807,1.00,1.00
2017.02.08 17:34:48.604,1.40792,1.40807,1.87,1.00
2017.02.08 17:34:49.265,1.40792,1.40804,1.12,1.50
2017.02.08 17:34:49.519,1.40788,1.40803,1.00,1.75
2017.02.08 17:34:49.620,1.40784,1.408,1.44,1.00
2017.02.08 17:34:50.235,1.40782,1.408,1.75,1.75
2017.02.08 17:34:50.385,1.40782,1.408,1.87,1.12
2017.02.08 17:34:50.538,1.40781,1.40798,1.87,1.87
2017.02.08 17:34:50.842,1.4078,1.40794,1.00,4.12
2017.02.08 17:34:51.045,1.40776,1.40794,1.44,1.87
2017.02.08 17:34:51.614,1.40776,1.40793,1.44,1.00
2017.02.08 17:34:51.783,1.40776,1.4079,1.44,1.00
2017.02.08 17:34:51.834,1.40776,1.40792,1.44,1.00
2017.02.08 17:34:51.885,1.40776,1.40786,1.44,1.00
2017.02.08 17:34:52.730,1.40773,1.40787,1.87,1.00
2017.02.08 17:34:53.061,1.40772,1.40785,3.75,1.00
2017.02.08 17:34:53.311,1.40772,1.40785,1.81,1.00
2017.02.08 17:34:53.615,1.40772,1.40787,1.44,1.00
2017.02.08 17:34:54.194,1.40772,1.40786,1.44,1.00
2017.02.08 17:34:54.649,1.4077,1.40785,1.12,1.50
2017.02.08 17:34:54.949,1.4077,1.40783,1.12,1.00
2017.02.08 17:34:55.713,1.40768,1.40778,1.75,1.00
2017.02.08 17:34:55.764,1.40768,1.4078,1.75,1.00
2017.02.08 17:34:56.068,1.40771,1.40783,1.00,1.00
2017.02.08 17:34:56.119,1.40768,1.40779,1.12,1.00
2017.02.08 17:34:56.300,1.40767,1.40781,1.12,1.00
2017.02.08 17:34:57.197,1.40766,1.4078,1.12,1.00
2017.02.08 17:34:57.248,1.40766,1.40779,1.44,1.00
2017.02.08 17:34:57.350,1.40766,1.4078,1.12,1.00
2017.02.08 17:34:57.604,1.40764,1.40778,1.00,1.12
2017.02.08 17:34:57.655,1.4076,1.40772,1.75,1.00
2017.02.08 17:34:57.982,1.40753,1.40767,1.12,1.00
2017.02.08 17:34:58.235,1.40755,1.4077,1.12,1.00
2017.02.08 17:34:58.286,1.40755,1.40767,1.12,1.50
2017.02.08 17:34:58.337,1.40755,1.40771,1.12,1.50
2017.02.08 17:34:58.439,1.40764,1.40775,1.00,1.12
2017.02.08 17:34:58.591,1.40762,1.40781,2.62,1.75
2017.02.08 17:34:58.692,1.40763,1.40782,1.75,3.00
2017.02.08 17:34:58.844,1.40765,1.40781,1.12,1.00
2017.02.08 17:34:58.946,1.40764,1.40781,1.75,1.00
2017.02.08 17:34:59.320,1.40763,1.40778,1.75,1.00
2017.02.08 17:34:59.371,1.40762,1.40778,2.25,1.00
2017.02.08 17:34:59.883,1.4076,1.40777,2.62,1.00
2017.02.08 17:35:00.116,1.4076,1.40775,1.12,1.00
2017.02.08 17:35:00.167,1.40759,1.40774,1.12,1.00
2017.02.08 17:35:00.218,1.40759,1.40776,1.12,1.50
2017.02.08 17:35:00.269,1.40759,1.40774,1.12,1.00
2017.02.08 17:35:00.421,1.40759,1.40778,2.25,1.87
2017.02.08 17:35:00.624,1.40761,1.40779,1.81,1.37
2017.02.08 17:35:01.172,1.40761,1.40777,2.19,1.00
2017.02.08 17:35:03.385,1.40761,1.40779,1.50,1.00
2017.02.08 17:35:03.537,1.40764,1.4078,1.12,1.00
2017.02.08 17:35:03.740,1.40765,1.40782,1.12,1.00
2017.02.08 17:35:04.291,1.40765,1.40782,1.12,1.00
2017.02.08 17:35:05.688,1.40765,1.40783,1.12,1.12
2017.02.08 17:35:06.294,1.40766,1.40783,1.62,1.00
2017.02.08 17:35:06.800,1.40765,1.40781,1.50,1.00
2017.02.08 17:35:07.310,1.40765,1.4078,1.50,1.50
2017.02.08 17:35:10.301,1.40766,1.40779,1.92,1.00
2017.02.08 17:35:10.657,1.40762,1.40776,1.05,1.00
2017.02.08 17:35:10.709,1.40763,1.40779,1.12,1.00
2017.02.08 17:35:11.215,1.40765,1.40779,1.55,1.00
2017.02.08 17:35:11.537,1.40766,1.40782,1.05,1.00
2017.02.08 17:35:11.840,1.40763,1.4078,3.67,1.00
2017.02.08 17:35:13.254,1.40765,1.40781,1.75,1.00
2017.02.08 17:35:13.756,1.40765,1.40781,1.87,1.00
2017.02.08 17:35:14.311,1.40765,1.40782,2.25,1.00
2017.02.08 17:35:15.420,1.40766,1.40782,1.50,1.00
2017.02.08 17:35:16.531,1.40766,1.4078,1.50,1.00
2017.02.08 17:35:17.158,1.40766,1.40781,1.50,1.00
2017.02.08 17:35:18.276,1.4077,1.40783,1.00,1.00
2017.02.08 17:35:18.378,1.40771,1.40787,1.00,2.44
2017.02.08 17:35:18.929,1.40771,1.40787,1.00,1.31
2017.02.08 17:35:19.473,1.4077,1.40787,1.50,1.31
2017.02.08 17:35:20.033,1.4077,1.40782,1.00,1.00
2017.02.08 17:35:20.388,1.40769,1.40786,1.50,1.12
2017.02.08 17:35:20.490,1.40769,1.40784,1.75,1.00
2017.02.08 17:35:20.643,1.40771,1.40787,1.12,2.06
2017.02.08 17:35:20.694,1.40771,1.40785,1.12,1.00
2017.02.08 17:35:21.206,1.40769,1.40784,2.25,1.00
2017.02.08 17:35:21.712,1.40769,1.40785,1.75,1.00
2017.02.08 17:35:23.366,1.40769,1.40784,1.75,1.00
2017.02.08 17:35:24.741,1.4077,1.40785,1.50,1.00
2017.02.08 17:35:24.843,1.40771,1.40788,1.12,2.25
2017.02.08 17:35:24.894,1.40771,1.40788,1.50,1.81
2017.02.08 17:35:25.292,1.40773,1.40785,1.00,1.00
2017.02.08 17:35:25.646,1.4077,1.40785,1.12,1.00
2017.02.08 17:35:26.153,1.4077,1.40784,1.00,1.00
2017.02.08 17:35:26.503,1.40768,1.40784,1.00,1.50
2017.02.08 17:35:26.933,1.4077,1.40785,1.00,1.50
2017.02.08 17:35:27.461,1.4077,1.40784,1.00,1.50
2017.02.08 17:35:27.876,1.40768,1.40784,1.00,1.50
2017.02.08 17:35:28.768,1.40767,1.40783,1.31,1.00
2017.02.08 17:35:28.869,1.40769,1.40785,1.00,1.87
2017.02.08 17:35:29.376,1.40769,1.40784,1.50,1.00
2017.02.08 17:35:30.439,1.40767,1.40783,1.75,1.00
2017.02.08 17:35:30.591,1.40765,1.40782,1.75,1.12
2017.02.08 17:35:30.996,1.40764,1.4078,1.75,1.12
2017.02.08 17:35:31.265,1.40768,1.40784,1.00,1.62
2017.02.08 17:35:31.368,1.40773,1.40787,1.00,2.25
2017.02.08 17:35:31.521,1.40778,1.40793,1.00,2.25
2017.02.08 17:35:31.788,1.40773,1.40789,1.75,1.12
2017.02.08 17:35:31.990,1.40773,1.40789,1.50,1.37
2017.02.08 17:35:32.041,1.4077,1.40786,2.25,1.12
2017.02.08 17:35:32.143,1.40769,1.40785,2.25,1.00
2017.02.08 17:35:32.244,1.40769,1.40786,1.87,1.00
2017.02.08 17:35:32.775,1.4077,1.40787,1.50,1.12
2017.02.08 17:35:33.364,1.40773,1.40787,1.00,1.00
2017.02.08 17:35:33.415,1.40773,1.40789,1.00,1.00
2017.02.08 17:35:33.466,1.40773,1.40787,1.00,1.00
2017.02.08 17:35:33.925,1.40773,1.40789,1.00,1.12
2017.02.08 17:35:34.128,1.40774,1.40791,2.25,1.00
2017.02.08 17:35:34.741,1.40773,1.4079,2.00,1.00
2017.02.08 17:35:35.068,1.40771,1.40787,1.75,1.00
2017.02.08 17:35:35.170,1.40771,1.40787,1.00,1.00
2017.02.08 17:35:35.271,1.40771,1.40787,2.25,1.00
2017.02.08 17:35:35.576,1.40771,1.40789,3.75,1.00
2017.02.08 17:35:35.830,1.40774,1.40791,1.12,1.12
2017.02.08 17:35:36.134,1.40775,1.40792,1.50,1.00
2017.02.08 17:35:36.699,1.40776,1.4079,1.75,1.00
2017.02.08 17:35:36.749,1.40777,1.40793,2.25,1.00
2017.02.08 17:35:37.256,1.40777,1.40794,2.25,1.12
2017.02.08 17:35:37.803,1.40777,1.40795,2.25,2.06
2017.02.08 17:35:38.050,1.40778,1.40795,2.44,1.00
2017.02.08 17:35:38.568,1.40777,1.40794,3.00,1.00
2017.02.08 17:35:40.729,1.40777,1.40793,2.25,1.00
2017.02.08 17:35:41.062,1.40776,1.40792,2.44,1.00
2017.02.08 17:35:41.113,1.40776,1.40792,2.44,1.00
2017.02.08 17:35:41.417,1.40775,1.4079,3.19,1.00
2017.02.08 17:35:41.923,1.40775,1.40791,2.25,1.00
2017.02.08 17:35:42.602,1.40775,1.40792,1.75,1.00
2017.02.08 17:35:42.906,1.40778,1.40793,1.12,1.00
2017.02.08 17:35:44.038,1.40778,1.40794,1.50,1.00
2017.02.08 17:35:44.345,1.4078,1.40793,1.50,1.00
2017.02.08 17:35:44.619,1.4078,1.40795,1.12,1.00
2017.02.08 17:35:44.873,1.4078,1.40796,1.50,1.87
2017.02.08 17:35:45.126,1.40778,1.40795,1.12,1.50
2017.02.08 17:35:45.177,1.40778,1.40793,1.12,1.00
2017.02.08 17:35:45.480,1.40773,1.40788,1.12,1.00
2017.02.08 17:35:46.648,1.40772,1.40785,1.75,1.00
2017.02.08 17:35:46.749,1.40772,1.40785,1.12,1.00
2017.02.08 17:35:47.255,1.4077,1.40788,2.00,1.00
2017.02.08 17:35:47.520,1.40773,1.4079,1.50,1.31
2017.02.08 17:35:48.177,1.40773,1.40789,1.00,1.00
2017.02.08 17:35:48.850,1.40772,1.40789,1.50,1.12
2017.02.08 17:35:49.193,1.40771,1.40787,1.87,1.12
2017.02.08 17:35:49.494,1.40773,1.40789,1.00,1.50
2017.02.08 17:35:51.273,1.40773,1.4079,1.12,1.37
2017.02.08 17:35:51.786,1.40773,1.4079,1.12,1.00
2017.02.08 17:35:51.989,1.40773,1.40792,1.75,2.06
2017.02.08 17:35:54.167,1.40774,1.4079,1.50,1.00
2017.02.08 17:35:54.868,1.40774,1.4079,1.50,2.25
2017.02.08 17:35:55.375,1.40774,1.40789,1.50,1.69
2017.02.08 17:35:56.415,1.4077,1.40785,3.56,1.37
2017.02.08 17:35:56.466,1.40769,1.40784,3.00,1.12
2017.02.08 17:35:56.516,1.40769,1.40781,1.75,1.00
2017.02.08 17:35:56.568,1.40768,1.40781,1.00,1.00
2017.02.08 17:35:56.871,1.40767,1.40784,1.00,1.12
2017.02.08 17:35:58.143,1.40767,1.40783,1.31,1.00
2017.02.08 17:35:58.855,1.40767,1.40782,1.00,1.00
2017.02.08 17:35:59.391,1.40767,1.40783,1.00,1.00
2017.02.08 17:36:00.072,1.40768,1.40784,1.00,1.50
2017.02.08 17:36:02.291,1.40768,1.40782,1.00,1.00
2017.02.08 17:36:03.218,1.40772,1.40785,1.00,1.00
2017.02.08 17:36:03.471,1.40774,1.4079,1.87,1.00
2017.02.08 17:36:04.209,1.40774,1.40789,1.12,1.37
2017.02.08 17:36:04.260,1.40773,1.40789,1.12,1.87
2017.02.08 17:36:04.362,1.40771,1.40789,1.50,1.87
2017.02.08 17:36:04.463,1.40771,1.40787,1.50,1.00
2017.02.08 17:36:05.026,1.40771,1.40787,1.00,1.50
2017.02.08 17:36:05.567,1.4077,1.40786,2.44,1.00
2017.02.08 17:36:06.186,1.40771,1.40788,1.00,1.50
2017.02.08 17:36:06.490,1.40773,1.40788,1.75,1.00
2017.02.08 17:36:06.593,1.40773,1.40788,1.00,1.12
2017.02.08 17:36:06.746,1.40774,1.4079,1.12,1.50
2017.02.08 17:36:06.798,1.40774,1.40791,1.87,2.25
2017.02.08 17:36:07.101,1.40771,1.40787,2.06,1.00
2017.02.08 17:36:07.618,1.40772,1.40788,1.00,1.00
2017.02.08 17:36:08.253,1.40772,1.40786,1.00,1.00
2017.02.08 17:36:08.759,1.4077,1.40786,1.56,1.12
2017.02.08 17:36:09.337,1.40769,1.40785,1.31,1.00
2017.02.08 17:36:10.627,1.40769,1.40785,1.31,1.37
2017.02.08 17:36:11.344,1.40769,1.4078,2.19,1.00
2017.02.08 17:36:11.445,1.40765,1.40782,1.75,1.37
2017.02.08 17:36:11.496,1.40765,1.40782,1.50,1.37
2017.02.08 17:36:11.598,1.40768,1.40782,1.00,1.00
2017.02.08 17:36:11.699,1.40765,1.40782,1.50,1.00
2017.02.08 17:36:11.750,1.40765,1.40782,1.50,1.00
2017.02.08 17:36:11.801,1.40765,1.40784,3.00,1.50
2017.02.08 17:36:12.329,1.40767,1.40783,1.50,1.00
2017.02.08 17:36:12.840,1.40766,1.40782,1.75,1.00
2017.02.08 17:36:12.991,1.40765,1.4078,1.50,1.37
2017.02.08 17:36:13.497,1.40766,1.40779,1.00,1.00
2017.02.08 17:36:13.730,1.40766,1.40783,1.00,1.87
2017.02.08 17:36:14.844,1.40765,1.40779,1.50,1.00
2017.02.08 17:36:15.364,1.40765,1.40781,1.50,1.37
2017.02.08 17:36:15.893,1.40765,1.40781,1.50,1.12
2017.02.08 17:36:16.463,1.40764,1.40779,1.75,1.00
2017.02.08 17:36:16.766,1.4076,1.40777,1.75,1.37
2017.02.08 17:36:16.868,1.4076,1.40778,1.87,1.87
2017.02.08 17:36:17.680,1.40761,1.40778,1.00,1.87
2017.02.08 17:36:17.801,1.40761,1.40777,1.00,1.50
2017.02.08 17:36:18.489,1.40759,1.40776,1.50,1.37
2017.02.08 17:36:19.346,1.4076,1.40776,1.12,1.12
2017.02.08 17:36:19.701,1.40762,1.40778,1.00,1.87
2017.02.08 17:36:20.235,1.40761,1.40777,1.00,1.50
2017.02.08 17:36:20.557,1.40761,1.40775,1.00,1.37
2017.02.08 17:36:21.078,1.4076,1.40775,1.00,1.37
2017.02.08 17:36:21.239,1.4076,1.40775,1.00,1.00
2017.02.08 17:36:21.885,1.4076,1.40774,1.00,1.12
2017.02.08 17:36:22.433,1.40758,1.40774,1.12,1.12
2017.02.08 17:36:24.341,1.40758,1.40775,1.12,1.12
2017.02.08 17:36:24.392,1.40758,1.40772,1.12,1.00
2017.02.08 17:36:24.443,1.40759,1.40775,1.00,1.00
2017.02.08 17:36:24.595,1.40759,1.40776,1.75,1.87
2017.02.08 17:36:24.849,1.40761,1.40778,1.12,1.00
2017.02.08 17:36:25.001,1.40761,1.40777,1.75,1.00
2017.02.08 17:36:28.934,1.40763,1.40777,1.00,1.00
2017.02.08 17:36:29.319,1.40763,1.40775,1.00,1.00
2017.02.08 17:36:29.461,1.40763,1.40778,1.00,1.00
2017.02.08 17:36:33.135,1.40762,1.40778,1.00,1.00
2017.02.08 17:36:33.389,1.40762,1.40775,1.00,1.00
2017.02.08 17:36:33.933,1.40761,1.40775,1.12,1.00
2017.02.08 17:36:36.304,1.40758,1.40775,1.50,1.31
2017.02.08 17:36:36.658,1.40756,1.40772,1.75,1.00
2017.02.08 17:36:36.835,1.40756,1.40772,1.50,1.00
2017.02.08 17:36:37.165,1.40755,1.4077,2.06,1.00
2017.02.08 17:36:37.469,1.4075,1.40764,1.62,1.37
2017.02.08 17:36:38.027,1.40749,1.40764,2.25,1.00
2017.02.08 17:36:40.564,1.40749,1.40763,1.28,1.12
2017.02.08 17:36:40.868,1.40739,1.40753,1.66,1.00
2017.02.08 17:36:41.429,1.40737,1.40754,1.34,1.50
2017.02.08 17:36:46.074,1.40738,1.40755,1.72,1.50
2017.02.08 17:36:52.116,1.40734,1.4075,1.75,2.62
2017.02.08 17:36:52.333,1.40722,1.4074,2.25,1.87
2017.02.08 17:36:52.435,1.40719,1.40732,1.75,1.00
2017.02.08 17:36:52.537,1.40719,1.40739,1.50,2.62
2017.02.08 17:36:52.740,1.4072,1.40739,1.75,1.50
2017.02.08 17:37:00.999,1.40726,1.4074,1.00,1.50
2017.02.08 17:37:01.151,1.40726,1.40743,1.50,1.00
2017.02.08 17:37:01.670,1.40726,1.40744,1.50,1.12
2017.02.08 17:37:02.379,1.40729,1.40745,1.00,1.87
2017.02.08 17:37:02.582,1.40728,1.40746,3.00,1.12
2017.02.08 17:37:03.087,1.40729,1.40746,1.12,1.50
2017.02.08 17:37:03.444,1.40733,1.40749,1.00,1.75
2017.02.08 17:37:03.637,1.40731,1.40748,1.12,1.81
2017.02.08 17:37:03.840,1.40731,1.40748,1.75,2.25
2017.02.08 17:37:04.307,1.40735,1.40749,1.00,1.62
2017.02.08 17:37:04.460,1.40734,1.40753,1.50,1.12
2017.02.08 17:37:05.008,1.40733,1.40752,1.87,3.37
2017.02.08 17:37:05.889,1.40733,1.40751,1.87,1.00
2017.02.08 17:37:06.600,1.40734,1.40751,1.00,1.00
2017.02.08 17:37:08.020,1.40736,1.40753,1.00,1.31
2017.02.08 17:37:08.172,1.40737,1.40754,1.00,1.50
2017.02.08 17:37:08.627,1.40737,1.40752,1.00,1.12
2017.02.08 17:37:09.163,1.40736,1.4075,1.00,1.12
2017.02.08 17:37:11.197,1.40737,1.4075,1.00,1.12
2017.02.08 17:37:11.299,1.40738,1.40754,1.00,2.06
2017.02.08 17:37:11.450,1.4074,1.40754,1.00,2.06
2017.02.08 17:37:11.975,1.40739,1.40754,1.12,1.31
2017.02.08 17:37:14.570,1.40739,1.40753,1.12,1.00
2017.02.08 17:37:15.298,1.40739,1.40754,1.12,1.31
2017.02.08 17:37:19.185,1.40739,1.40753,1.12,1.00
2017.02.08 17:37:21.647,1.40736,1.40752,3.00,1.94
2017.02.08 17:37:21.698,1.40737,1.40753,1.87,1.12
2017.02.08 17:37:21.748,1.40737,1.40754,2.47,1.00
2017.02.08 17:37:21.901,1.40741,1.40759,1.00,3.37
2017.02.08 17:37:22.357,1.40737,1.40753,1.31,1.00
2017.02.08 17:37:22.536,1.40735,1.40753,2.25,1.37
2017.02.08 17:37:23.721,1.40736,1.40754,1.50,2.06
2017.02.08 17:37:23.873,1.40734,1.40752,2.81,1.37
2017.02.08 17:37:23.923,1.40734,1.40752,2.81,1.37
2017.02.08 17:37:24.025,1.40735,1.40751,1.00,1.37
2017.02.08 17:37:25.581,1.40734,1.40751,1.50,1.69
2017.02.08 17:37:27.030,1.40734,1.40751,1.50,1.25
2017.02.08 17:37:30.606,1.40734,1.40747,1.00,1.00
2017.02.08 17:37:30.657,1.40734,1.40751,1.00,1.69
2017.02.08 17:37:31.248,1.40733,1.40751,2.25,1.69
2017.02.08 17:37:31.551,1.4073,1.40745,2.25,1.81
2017.02.08 17:37:31.855,1.40728,1.40745,2.62,1.31
2017.02.08 17:37:32.058,1.40728,1.40745,1.50,2.00
2017.02.08 17:37:32.643,1.40729,1.40744,1.50,1.00
2017.02.08 17:37:33.220,1.40728,1.40746,1.69,1.50
2017.02.08 17:37:33.758,1.40729,1.40745,1.00,1.12
2017.02.08 17:37:35.076,1.40728,1.40744,1.25,1.37
2017.02.08 17:37:35.655,1.40728,1.40744,1.25,1.12
2017.02.08 17:37:37.821,1.40728,1.40745,1.25,1.50
2017.02.08 17:37:40.566,1.40729,1.40745,1.00,1.00
2017.02.08 17:37:40.897,1.40731,1.40748,1.00,3.00
2017.02.08 17:37:41.405,1.4073,1.40748,1.31,1.87
2017.02.08 17:37:42.360,1.4073,1.40748,2.06,1.87
2017.02.08 17:37:42.461,1.4073,1.40748,1.69,2.25
2017.02.08 17:37:43.434,1.4073,1.40748,2.06,2.25
2017.02.08 17:37:43.485,1.40734,1.40749,1.00,1.37
2017.02.08 17:37:43.536,1.40736,1.40749,1.00,1.00
2017.02.08 17:37:43.587,1.40736,1.40742,1.00,1.00
2017.02.08 17:37:43.638,1.40733,1.40749,2.44,1.00
2017.02.08 17:37:43.790,1.40733,1.40752,2.25,2.44
2017.02.08 17:37:44.042,1.40733,1.40752,2.25,3.19
2017.02.08 17:37:44.500,1.40734,1.40748,1.12,1.37
2017.02.08 17:37:44.652,1.40733,1.4075,2.25,1.00
2017.02.08 17:37:44.805,1.40731,1.4075,2.25,2.25
2017.02.08 17:37:45.139,1.40731,1.40745,1.75,1.87
2017.02.08 17:37:46.569,1.40732,1.40751,2.81,2.25
2017.02.08 17:37:46.671,1.40734,1.40751,1.31,1.37
2017.02.08 17:37:48.716,1.40737,1.4075,1.00,1.12
2017.02.08 17:37:48.767,1.40735,1.40752,2.25,1.25
2017.02.08 17:37:49.020,1.40735,1.40753,1.50,3.37
2017.02.08 17:37:49.566,1.40735,1.4075,1.00,1.81
2017.02.08 17:37:49.718,1.40735,1.40752,1.00,2.44
2017.02.08 17:37:50.303,1.40736,1.40752,1.00,1.25
2017.02.08 17:37:50.946,1.40737,1.40752,1.00,1.25
2017.02.08 17:37:51.391,1.40735,1.40753,1.50,3.00
2017.02.08 17:37:51.442,1.40735,1.4075,1.50,1.12
2017.02.08 17:37:51.754,1.40736,1.40751,1.00,1.00
2017.02.08 17:37:51.907,1.40738,1.40753,1.00,1.87
2017.02.08 17:37:52.009,1.40739,1.40755,1.00,2.25
2017.02.08 17:37:52.607,1.4074,1.40755,1.00,1.50
2017.02.08 17:37:53.316,1.40741,1.40759,1.00,3.00
2017.02.08 17:37:53.367,1.40743,1.4076,1.00,2.44
2017.02.08 17:37:53.873,1.40744,1.4076,1.00,1.62
2017.02.08 17:37:55.693,1.40746,1.40757,1.00,1.00
2017.02.08 17:37:55.795,1.40743,1.40759,1.50,1.50
2017.02.08 17:37:56.018,1.40741,1.40757,1.12,1.87
2017.02.08 17:37:56.069,1.4074,1.40758,1.50,2.25
2017.02.08 17:37:56.221,1.40743,1.40756,1.00,1.31
2017.02.08 17:37:56.576,1.4074,1.40756,2.62,1.25
2017.02.08 17:37:56.779,1.4074,1.40756,1.00,2.25
2017.02.08 17:37:57.083,1.40742,1.40756,1.50,1.12
2017.02.08 17:37:57.540,1.40742,1.40757,1.50,1.00
2017.02.08 17:37:59.739,1.40744,1.40757,1.00,1.00
2017.02.08 17:38:00.196,1.40742,1.40757,1.50,1.00
2017.02.08 17:38:01.123,1.40743,1.40757,1.00,1.00
2017.02.08 17:38:02.422,1.40744,1.40758,1.00,1.12
2017.02.08 17:38:02.523,1.40743,1.40758,1.00,2.25
2017.02.08 17:38:02.574,1.40741,1.40757,1.16,1.12
2017.02.08 17:38:02.726,1.40741,1.40755,1.16,1.12
2017.02.08 17:38:02.828,1.40746,1.40755,1.72,1.37
2017.02.08 17:38:02.879,1.40746,1.40758,1.12,1.37
2017.02.08 17:38:02.930,1.40743,1.40761,1.87,4.12
2017.02.08 17:38:03.176,1.40743,1.40754,3.22,1.00
2017.02.08 17:38:03.632,1.40744,1.4076,1.56,1.37
2017.02.08 17:38:04.130,1.40744,1.40754,1.56,1.00
2017.02.08 17:38:04.218,1.40745,1.40758,1.60,1.00
2017.02.08 17:38:05.186,1.40747,1.40758,1.00,1.00
2017.02.08 17:38:05.287,1.40747,1.40764,1.31,1.37
2017.02.08 17:38:05.389,1.40749,1.40764,1.00,1.37
2017.02.08 17:38:06.019,1.40749,1.40764,1.00,1.00
2017.02.08 17:38:06.423,1.40754,1.40767,1.00,1.75
2017.02.08 17:38:06.626,1.40757,1.40769,1.00,1.12
2017.02.08 17:38:07.127,1.40755,1.4077,1.00,1.50
2017.02.08 17:38:07.330,1.40754,1.40769,1.00,1.37
2017.02.08 17:38:11.786,1.40752,1.40766,1.00,1.00
2017.02.08 17:38:12.297,1.40752,1.40767,1.00,1.00
2017.02.08 17:38:12.831,1.40752,1.40768,1.00,1.00
2017.02.08 17:38:13.188,1.40754,1.40769,1.00,2.25
2017.02.08 17:38:13.372,1.40754,1.40769,1.00,1.12
2017.02.08 17:38:15.265,1.40752,1.40768,1.12,1.12
2017.02.08 17:38:15.316,1.40757,1.40773,1.00,1.75
2017.02.08 17:38:15.418,1.40757,1.40773,1.00,1.00
2017.02.08 17:38:16.366,1.40757,1.40774,1.00,1.00
2017.02.08 17:38:16.467,1.40757,1.4077,1.00,1.00
2017.02.08 17:38:16.771,1.40755,1.4077,1.87,1.00
2017.02.08 17:38:17.886,1.40754,1.40769,1.00,1.00
2017.02.08 17:38:18.476,1.40754,1.4077,1.00,1.75
2017.02.08 17:38:18.978,1.40753,1.40769,1.50,1.50
2017.02.08 17:38:19.129,1.40752,1.40766,1.00,1.00
2017.02.08 17:38:19.453,1.40754,1.40767,1.00,1.00
2017.02.08 17:38:19.655,1.40752,1.40767,1.00,1.00
2017.02.08 17:38:19.706,1.4075,1.40767,1.00,1.00
2017.02.08 17:38:19.826,1.4075,1.40767,1.00,1.37
2017.02.08 17:38:20.389,1.40749,1.40766,1.00,1.75
2017.02.08 17:38:21.390,1.4075,1.40765,1.00,1.50
2017.02.08 17:38:21.961,1.40749,1.40765,1.00,1.75
2017.02.08 17:38:22.319,1.40748,1.40766,2.81,1.75
2017.02.08 17:38:23.833,1.40749,1.40765,1.00,1.50
2017.02.08 17:38:24.486,1.4075,1.40766,1.00,2.25
2017.02.08 17:38:25.678,1.40749,1.40766,1.00,2.25
2017.02.08 17:38:27.936,1.40749,1.40762,1.00,1.00
2017.02.08 17:38:28.316,1.40751,1.40763,1.00,1.00
2017.02.08 17:38:28.980,1.4075,1.40761,1.00,1.00
2017.02.08 17:38:29.790,1.4075,1.40762,1.00,1.12
2017.02.08 17:38:30.212,1.40754,1.40766,1.00,1.75
2017.02.08 17:38:30.263,1.40754,1.40765,1.00,1.00
2017.02.08 17:38:30.567,1.4075,1.40765,1.50,1.00
2017.02.08 17:38:30.719,1.4075,1.40759,1.00,1.00
2017.02.08 17:38:30.821,1.40749,1.40764,1.00,1.37
2017.02.08 17:38:31.101,1.40749,1.40761,1.00,1.12
2017.02.08 17:38:31.661,1.40749,1.40766,1.00,1.75
2017.02.08 17:38:31.814,1.40746,1.40759,1.23,1.00
2017.02.08 17:38:31.865,1.40743,1.4076,2.55,1.00
2017.02.08 17:38:31.968,1.40746,1.40762,1.05,1.75
2017.02.08 17:38:32.171,1.40749,1.40765,1.30,1.50
2017.02.08 17:38:32.678,1.40748,1.40765,1.61,1.75
2017.02.08 17:38:33.670,1.40748,1.40763,1.05,1.12
2017.02.08 17:38:34.178,1.40748,1.40762,1.05,1.12
2017.02.08 17:38:34.689,1.40749,1.40764,1.00,1.75
2017.02.08 17:38:35.231,1.40749,1.40764,1.61,1.75
2017.02.08 17:38:36.664,1.40748,1.4076,1.86,1.00
2017.02.08 17:38:37.006,1.40748,1.40763,1.86,1.50
2017.02.08 17:38:38.540,1.40746,1.40759,1.86,1.00
2017.02.08 17:38:39.781,1.40748,1.40763,1.00,1.12
2017.02.08 17:38:40.086,1.40749,1.40763,1.00,1.87
2017.02.08 17:38:43.959,1.40747,1.40764,1.00,1.87
2017.02.08 17:38:44.010,1.40747,1.4076,1.00,1.69
2017.02.08 17:38:44.061,1.40744,1.4076,1.50,2.06
2017.02.08 17:38:44.116,1.40744,1.40758,1.00,1.62
2017.02.08 17:38:44.232,1.40742,1.40757,1.50,1.12
2017.02.08 17:38:46.630,1.40743,1.40756,1.00,1.00
2017.02.08 17:38:48.644,1.40744,1.40756,1.00,1.00
2017.02.08 17:38:48.746,1.40744,1.40759,1.00,1.00
2017.02.08 17:38:48.797,1.40744,1.4076,1.00,1.87
2017.02.08 17:38:48.898,1.40744,1.40758,1.00,1.00
2017.02.08 17:38:49.151,1.40745,1.4076,1.00,1.50
2017.02.08 17:38:52.483,1.40744,1.40759,1.00,1.00
2017.02.08 17:38:53.142,1.40746,1.40761,1.00,2.25
2017.02.08 17:38:53.446,1.40744,1.40761,1.00,1.87
2017.02.08 17:38:53.497,1.40744,1.40761,1.00,1.87
2017.02.08 17:38:53.649,1.40746,1.4076,1.00,1.12
2017.02.08 17:38:53.876,1.40742,1.40759,1.50,1.12
2017.02.08 17:38:54.415,1.40743,1.40758,1.00,1.37
2017.02.08 17:38:55.612,1.40742,1.40757,1.00,1.50
2017.02.08 17:38:55.690,1.40742,1.40757,1.00,2.62
2017.02.08 17:38:55.842,1.40739,1.40755,1.00,2.19
2017.02.08 17:38:55.944,1.40737,1.40753,1.00,3.19
2017.02.08 17:38:56.096,1.40733,1.40749,1.50,1.69
2017.02.08 17:38:56.500,1.40736,1.40751,1.00,1.12
2017.02.08 17:38:56.753,1.40739,1.40753,1.00,2.06
2017.02.08 17:38:56.804,1.40739,1.40753,1.00,2.06
2017.02.08 17:38:57.029,1.40739,1.40752,1.00,1.00
2017.02.08 17:38:57.317,1.40737,1.40752,1.00,2.62
2017.02.08 17:38:57.419,1.40735,1.4075,1.00,1.00
2017.02.08 17:38:57.621,1.40737,1.40751,1.00,1.25
2017.02.08 17:38:58.127,1.40738,1.40752,1.00,1.25
2017.02.08 17:38:58.431,1.40738,1.40753,1.00,2.25
2017.02.08 17:38:58.751,1.40737,1.40752,1.00,1.25
2017.02.08 17:38:59.056,1.40734,1.40752,1.37,1.25
2017.02.08 17:38:59.309,1.40733,1.4075,1.50,1.37
2017.02.08 17:38:59.511,1.40732,1.4075,1.50,2.06
2017.02.08 17:39:00.047,1.40732,1.4075,1.50,2.06
2017.02.08 17:39:00.450,1.40732,1.4075,1.50,2.06
2017.02.08 17:39:00.775,1.40734,1.40751,1.00,1.87
2017.02.08 17:39:01.284,1.40735,1.40751,1.00,1.87
2017.02.08 17:39:01.838,1.40735,1.40751,1.50,1.31
2017.02.08 17:39:02.358,1.40736,1.40751,1.00,1.31
2017.02.08 17:39:03.046,1.40733,1.40751,2.25,2.06
2017.02.08 17:39:03.501,1.40734,1.40751,1.37,1.12
2017.02.08 17:39:04.330,1.40735,1.40752,2.47,1.25
2017.02.08 17:39:04.431,1.40737,1.40754,1.50,1.00
2017.02.08 17:39:04.482,1.40737,1.40754,1.50,1.00
2017.02.08 17:39:04.598,1.40742,1.40761,3.37,1.75
2017.02.08 17:39:04.741,1.40742,1.40759,1.87,1.50
2017.02.08 17:39:04.843,1.40743,1.40757,2.62,1.00
2017.02.08 17:39:05.045,1.40743,1.40755,1.00,1.00
2017.02.08 17:39:05.147,1.40739,1.40755,1.50,1.00
2017.02.08 17:39:05.198,1.40739,1.40755,1.50,1.00
2017.02.08 17:39:05.911,1.40738,1.40756,2.62,1.00
2017.02.08 17:39:07.804,1.40738,1.40756,2.06,1.12
2017.02.08 17:39:08.364,1.40738,1.40756,2.06,1.12
2017.02.08 17:39:09.475,1.40738,1.40754,1.62,1.12
2017.02.08 17:39:09.669,1.40736,1.40754,1.75,1.12
2017.02.08 17:39:12.761,1.40736,1.40752,1.75,1.00
2017.02.08 17:39:12.862,1.40735,1.40751,2.62,1.25
2017.02.08 17:39:13.369,1.40735,1.4075,1.69,1.00
2017.02.08 17:39:13.673,1.40737,1.40754,1.00,1.50
2017.02.08 17:39:13.825,1.40737,1.40753,1.37,1.00
2017.02.08 17:39:13.926,1.40737,1.40753,1.50,1.00
2017.02.08 17:39:14.062,1.40736,1.40752,1.37,1.75
2017.02.08 17:39:14.119,1.40735,1.4075,1.00,1.00
2017.02.08 17:39:14.245,1.40737,1.40751,1.00,1.12
2017.02.08 17:39:14.296,1.40734,1.4075,1.12,1.00
2017.02.08 17:39:14.804,1.40734,1.40751,1.12,1.50
2017.02.08 17:39:15.435,1.40734,1.40751,1.69,1.00
2017.02.08 17:39:15.486,1.40736,1.40753,1.50,1.00
2017.02.08 17:39:16.035,1.40736,1.40752,1.50,1.00
2017.02.08 17:39:20.353,1.40737,1.40753,1.12,1.00
2017.02.08 17:39:21.069,1.40737,1.40754,1.12,1.69
2017.02.08 17:39:21.755,1.40738,1.40755,1.00,1.50
2017.02.08 17:39:21.919,1.40741,1.40757,1.12,2.25
2017.02.08 17:39:22.324,1.4074,1.40755,1.31,1.00
2017.02.08 17:39:22.681,1.4074,1.40753,1.25,1.00
2017.02.08 17:39:23.930,1.40737,1.40755,1.75,2.25
2017.02.08 17:39:24.184,1.40737,1.40753,1.75,1.50
2017.02.08 17:39:24.405,1.40736,1.40753,1.50,1.69
2017.02.08 17:39:24.913,1.40735,1.4075,1.50,1.00
2017.02.08 17:39:25.533,1.40735,1.40751,1.50,1.00
2017.02.08 17:39:25.863,1.40735,1.40751,1.75,1.00
2017.02.08 17:39:26.368,1.40735,1.40753,1.75,1.87
2017.02.08 17:39:26.913,1.40735,1.40753,1.50,2.06
2017.02.08 17:39:28.347,1.40736,1.40754,1.37,2.25
2017.02.08 17:39:28.600,1.40738,1.40756,1.12,2.25
2017.02.08 17:39:28.651,1.40738,1.40756,1.87,1.12
2017.02.08 17:39:28.956,1.40736,1.40754,3.00,1.00
2017.02.08 17:39:29.007,1.40737,1.40756,1.75,2.62
2017.02.08 17:39:29.212,1.40738,1.40755,1.25,1.00
2017.02.08 17:39:29.818,1.40736,1.40754,3.00,1.00
2017.02.08 17:39:30.240,1.40736,1.40754,1.31,1.87
2017.02.08 17:39:30.392,1.40735,1.40753,3.75,1.00
2017.02.08 17:39:31.270,1.40736,1.40754,2.62,1.50
2017.02.08 17:39:31.559,1.40737,1.40756,3.37,2.25
2017.02.08 17:39:32.073,1.40738,1.40753,1.75,1.00
2017.02.08 17:39:32.441,1.40737,1.40755,3.00,1.50
2017.02.08 17:39:32.694,1.40738,1.40757,1.75,1.87
2017.02.08 17:39:33.226,1.40738,1.40756,3.75,1.00
2017.02.08 17:39:33.583,1.40738,1.40754,2.25,1.00
2017.02.08 17:39:33.987,1.40738,1.40753,1.00,1.12
2017.02.08 17:39:34.504,1.40737,1.40753,2.44,1.00
2017.02.08 17:39:34.858,1.40741,1.40757,1.00,1.50
2017.02.08 17:39:35.373,1.4074,1.40757,2.25,1.87
2017.02.08 17:39:36.010,1.40739,1.40754,1.12,1.12
2017.02.08 17:39:36.449,1.40741,1.40757,1.31,1.50
2017.02.08 17:39:36.954,1.40741,1.40757,1.69,1.50
2017.02.08 17:39:37.005,1.40741,1.40759,3.04,1.12
2017.02.08 17:39:37.056,1.40745,1.4076,1.12,1.37
2017.02.08 17:39:37.259,1.40746,1.40761,1.69,1.00
2017.02.08 17:39:37.361,1.40747,1.40761,1.87,1.12
2017.02.08 17:39:37.974,1.40747,1.40761,1.12,1.00
2017.02.08 17:39:38.630,1.40747,1.40762,1.12,1.00
2017.02.08 17:39:38.955,1.40744,1.4076,2.25,1.00
2017.02.08 17:39:39.210,1.40742,1.4076,3.37,1.50
2017.02.08 17:39:39.463,1.40744,1.40761,1.00,1.87
2017.02.08 17:39:40.023,1.40744,1.40758,1.00,1.00
2017.02.08 17:39:40.125,1.40742,1.40758,4.12,1.00
2017.02.08 17:39:40.227,1.40744,1.40759,1.37,1.12
2017.02.08 17:39:40.735,1.40742,1.40758,2.62,1.00
2017.02.08 17:39:40.836,1.40742,1.40758,2.62,1.00
2017.02.08 17:39:41.344,1.40741,1.40757,2.44,1.00
2017.02.08 17:39:42.634,1.4074,1.40757,1.69,1.12
2017.02.08 17:39:43.143,1.4074,1.40757,2.06,1.87
2017.02.08 17:39:45.580,1.4074,1.40756,3.94,1.00
2017.02.08 17:39:45.735,1.40738,1.40754,2.62,1.00
2017.02.08 17:39:45.786,1.40738,1.40754,1.87,1.00
2017.02.08 17:39:45.887,1.40738,1.40754,1.75,1.00
2017.02.08 17:39:45.938,1.40738,1.40756,1.75,1.50
2017.02.08 17:39:46.040,1.40738,1.40753,1.75,1.00
2017.02.08 17:39:46.589,1.40738,1.40754,3.37,1.00
2017.02.08 17:39:51.481,1.40737,1.40754,2.25,1.69
2017.02.08 17:39:54.586,1.40737,1.40753,2.25,1.00
2017.02.08 17:39:55.341,1.40738,1.40755,1.12,1.00
2017.02.08 17:39:55.393,1.40741,1.40757,1.12,2.25
2017.02.08 17:39:55.722,1.40743,1.40757,1.50,1.00
2017.02.08 17:39:56.077,1.4074,1.40755,3.00,1.00
2017.02.08 17:39:56.229,1.40738,1.40754,1.75,1.00
2017.02.08 17:39:56.330,1.40739,1.40756,1.00,1.50
2017.02.08 17:39:56.836,1.40739,1.40756,1.12,1.00
2017.02.08 17:39:57.459,1.40739,1.40758,2.44,1.50
2017.02.08 17:39:57.509,1.40741,1.40759,1.00,2.06
2017.02.08 17:39:57.875,1.40741,1.40756,2.25,1.87
2017.02.08 17:39:58.428,1.40741,1.40756,1.87,1.87
2017.02.08 17:39:58.732,1.4074,1.40753,1.50,1.00
2017.02.08 17:39:59.832,1.40739,1.40753,1.50,1.00
2017.02.08 17:40:00.650,1.4074,1.40753,1.00,1.00
2017.02.08 17:40:00.803,1.40743,1.40754,1.00,1.00
2017.02.08 17:40:01.709,1.40743,1.40756,1.00,1.00
2017.02.08 17:40:02.681,1.40743,1.40758,1.50,1.00
2017.02.08 17:40:03.135,1.40748,1.4076,1.00,1.12
2017.02.08 17:40:03.238,1.40749,1.40766,1.00,2.25
2017.02.08 17:40:03.391,1.40749,1.40766,2.25,1.50
2017.02.08 17:40:03.493,1.4075,1.40762,1.12,1.00
2017.02.08 17:40:03.848,1.4075,1.40767,1.12,1.00
2017.02.08 17:40:04.388,1.40751,1.40767,1.00,1.00
2017.02.08 17:40:04.755,1.4075,1.40765,1.12,1.00
2017.02.08 17:40:05.376,1.4075,1.40766,1.12,1.00
2017.02.08 17:40:05.922,1.4075,1.40765,1.87,1.00
2017.02.08 17:40:06.225,1.4075,1.40768,1.87,2.06
2017.02.08 17:40:06.479,1.4075,1.40765,1.87,1.00
2017.02.08 17:40:08.077,1.4075,1.40766,1.87,1.00
2017.02.08 17:40:08.714,1.40749,1.40767,2.25,1.87
2017.02.08 17:40:09.018,1.40748,1.40762,1.00,1.00
2017.02.08 17:40:09.177,1.40746,1.40762,1.87,1.00
2017.02.08 17:40:09.299,1.40747,1.40761,1.00,1.12
2017.02.08 17:40:09.507,1.40749,1.40764,1.50,1.00
2017.02.08 17:40:09.562,1.40749,1.40762,1.50,1.00
2017.02.08 17:40:10.452,1.40748,1.40763,2.25,1.00
2017.02.08 17:40:11.741,1.40748,1.40762,2.25,1.00
2017.02.08 17:40:12.248,1.40749,1.40763,2.25,1.00
2017.02.08 17:40:12.400,1.4075,1.40765,1.12,1.00
2017.02.08 17:40:12.654,1.4075,1.40766,2.62,1.00
2017.02.08 17:40:13.259,1.40753,1.40769,1.12,1.81
2017.02.08 17:40:13.541,1.40751,1.40768,1.87,2.06
2017.02.08 17:40:14.122,1.40751,1.40768,1.12,2.44
2017.02.08 17:40:17.190,1.40753,1.40765,1.00,1.12
2017.02.08 17:40:17.291,1.40753,1.40769,1.50,2.25
2017.02.08 17:40:17.849,1.40753,1.40769,3.00,1.87
2017.02.08 17:40:19.048,1.40755,1.40769,1.00,1.87
2017.02.08 17:40:19.613,1.40754,1.40769,1.00,2.25
2017.02.08 17:40:19.812,1.40756,1.4077,1.00,1.50
2017.02.08 17:40:19.964,1.40758,1.40775,1.87,2.25
2017.02.08 17:40:20.197,1.40757,1.4077,1.00,1.00
2017.02.08 17:40:20.299,1.40755,1.4077,1.00,1.00
2017.02.08 17:40:20.350,1.40755,1.40772,2.25,1.00
2017.02.08 17:40:20.502,1.40758,1.40776,2.25,1.00
2017.02.08 17:40:20.604,1.40758,1.40776,1.12,2.25
2017.02.08 17:40:20.756,1.40758,1.40775,2.25,1.00
2017.02.08 17:40:20.908,1.40758,1.40775,1.87,1.12
2017.02.08 17:40:21.480,1.4076,1.40776,1.00,1.50
2017.02.08 17:40:21.815,1.40766,1.4078,1.00,1.87
2017.02.08 17:40:22.068,1.40765,1.4078,1.25,1.00
2017.02.08 17:40:22.271,1.40763,1.40781,1.00,2.25
2017.02.08 17:40:22.474,1.40764,1.40781,1.87,1.87
2017.02.08 17:40:22.908,1.40762,1.40782,3.75,4.50
2017.02.08 17:40:23.162,1.40763,1.40779,2.62,1.00
2017.02.08 17:40:23.675,1.40763,1.40779,3.75,1.00
2017.02.08 17:40:23.878,1.40764,1.40781,3.56,1.00
2017.02.08 17:40:23.979,1.40765,1.40779,1.37,1.00
2017.02.08 17:40:24.729,1.40765,1.40779,1.00,1.00
2017.02.08 17:40:25.653,1.40765,1.40778,1.00,1.00
2017.02.08 17:40:26.161,1.40764,1.40778,1.87,1.00
2017.02.08 17:40:27.278,1.4076,1.40778,2.25,1.12
2017.02.08 17:40:27.329,1.4076,1.40775,2.25,1.00
2017.02.08 17:40:27.835,1.4076,1.40775,2.25,1.00
2017.02.08 17:40:30.025,1.40762,1.40774,1.00,1.00
2017.02.08 17:40:30.127,1.40758,1.40774,1.75,1.50
2017.02.08 17:40:30.228,1.40756,1.40771,1.75,1.12
2017.02.08 17:40:30.470,1.40752,1.40766,1.12,1.00
2017.02.08 17:40:30.964,1.40753,1.40769,1.87,1.00
2017.02.08 17:40:31.116,1.40755,1.40771,3.00,1.12
2017.02.08 17:40:31.270,1.40757,1.40771,1.00,1.00
2017.02.08 17:40:31.421,1.40755,1.4077,3.75,1.00
2017.02.08 17:40:31.962,1.40754,1.4077,1.12,1.00
2017.02.08 17:40:32.443,1.40756,1.40773,1.12,1.75
2017.02.08 17:40:32.747,1.40757,1.40773,2.25,1.00
2017.02.08 17:40:34.664,1.40757,1.40774,3.00,1.00
2017.02.08 17:40:34.990,1.40757,1.40771,3.00,1.00
2017.02.08 17:40:35.412,1.40755,1.4077,1.00,1.00
2017.02.08 17:40:35.917,1.40753,1.4077,2.62,1.00
2017.02.08 17:40:39.007,1.40756,1.40772,2.10,1.87
2017.02.08 17:40:39.311,1.4076,1.40777,1.50,1.75
2017.02.08 17:40:39.413,1.40761,1.40777,2.85,1.00
2017.02.08 17:40:39.464,1.40758,1.40773,2.62,1.00
2017.02.08 17:40:39.515,1.40758,1.40775,1.87,1.00
2017.02.08 17:40:39.566,1.4076,1.40775,2.47,1.00
2017.02.08 17:40:39.618,1.40761,1.40778,1.87,1.50
2017.02.08 17:40:39.772,1.4076,1.40778,2.25,1.87
2017.02.08 17:40:39.847,1.40765,1.40782,1.00,2.25
2017.02.08 17:40:39.898,1.40763,1.40782,1.87,3.00
2017.02.08 17:40:39.949,1.40763,1.40777,3.00,1.00
2017.02.08 17:40:40.474,1.40763,1.40777,1.50,1.00
2017.02.08 17:40:41.005,1.40763,1.40777,1.12,1.00
2017.02.08 17:40:42.252,1.40762,1.40778,3.37,1.00
2017.02.08 17:40:43.374,1.40762,1.40779,3.37,1.00
2017.02.08 17:40:43.902,1.40763,1.4078,1.87,1.12
2017.02.08 17:40:44.205,1.4076,1.40778,1.12,2.25
2017.02.08 17:40:44.509,1.4076,1.40773,1.87,1.00
2017.02.08 17:40:44.812,1.40762,1.40774,1.50,1.00
2017.02.08 17:40:48.410,1.4076,1.40773,1.87,1.00
2017.02.08 17:40:49.145,1.40763,1.40774,1.87,1.00
2017.02.08 17:40:49.251,1.40761,1.40774,1.37,1.00
2017.02.08 17:40:49.302,1.40761,1.40774,1.75,1.00
2017.02.08 17:40:49.844,1.40763,1.40774,1.12,1.00
2017.02.08 17:40:50.250,1.4076,1.40774,2.25,1.00
2017.02.08 17:40:52.693,1.4076,1.40773,1.50,1.00
2017.02.08 17:40:54.437,1.4076,1.40772,1.50,1.00
2017.02.08 17:40:55.009,1.4076,1.40773,1.50,1.00
2017.02.08 17:40:55.060,1.40762,1.40773,1.00,1.00
2017.02.08 17:40:55.615,1.40762,1.40774,1.00,1.00
2017.02.08 17:40:57.209,1.40761,1.40774,1.00,1.00
2017.02.08 17:40:57.849,1.40761,1.40777,1.50,1.25
2017.02.08 17:41:01.164,1.40761,1.40776,1.00,1.00
2017.02.08 17:41:01.215,1.40759,1.40775,1.25,1.37
2017.02.08 17:41:01.266,1.40759,1.40776,1.25,1.50
2017.02.08 17:41:01.317,1.4076,1.40778,1.50,2.25
2017.02.08 17:41:01.571,1.40762,1.4078,2.62,1.75
2017.02.08 17:41:01.673,1.40762,1.4078,2.25,1.12
2017.02.08 17:41:01.825,1.40764,1.40781,1.31,1.37
2017.02.08 17:41:02.333,1.40764,1.40781,1.69,1.12
2017.02.08 17:41:02.694,1.40764,1.40782,2.81,1.50
2017.02.08 17:41:03.720,1.40764,1.40781,1.50,1.00
2017.02.08 17:41:03.872,1.40766,1.40783,2.25,1.69
2017.02.08 17:41:04.413,1.40766,1.40783,1.87,1.50
2017.02.08 17:41:05.005,1.40767,1.40783,1.00,1.50
2017.02.08 17:41:06.839,1.40765,1.40782,2.81,1.00
2017.02.08 17:41:07.193,1.40765,1.40778,1.00,1.00
2017.02.08 17:41:07.793,1.40764,1.40778,2.25,1.00
2017.02.08 17:41:09.865,1.40765,1.40778,1.12,1.00
2017.02.08 17:41:10.036,1.40765,1.40781,1.87,1.00
2017.02.08 17:41:10.087,1.40765,1.40781,2.25,1.00
2017.02.08 17:41:10.406,1.40765,1.40778,1.50,1.00
2017.02.08 17:41:10.518,1.40765,1.40783,2.25,1.00
2017.02.08 17:41:11.086,1.40766,1.40782,1.37,1.00
2017.02.08 17:41:11.238,1.40766,1.40781,1.37,1.12
2017.02.08 17:41:11.542,1.40766,1.40777,1.00,1.00
2017.02.08 17:41:11.593,1.40764,1.40777,1.12,1.00
2017.02.08 17:41:11.745,1.40764,1.40781,1.12,1.12
2017.02.08 17:41:12.271,1.40765,1.40782,1.00,1.87
2017.02.08 17:41:13.606,1.40762,1.40778,2.06,1.00
2017.02.08 17:41:13.860,1.4076,1.40778,3.60,1.75
2017.02.08 17:41:14.093,1.40762,1.4078,1.37,4.87
2017.02.08 17:41:14.144,1.40762,1.4078,1.50,4.50
2017.02.08 17:41:16.464,1.40764,1.40779,1.12,1.50
2017.02.08 17:41:16.637,1.40763,1.40779,1.25,1.00
2017.02.08 17:41:18.594,1.40762,1.40779,1.12,1.12
2017.02.08 17:41:19.134,1.40763,1.40779,1.00,1.25
2017.02.08 17:41:19.437,1.40765,1.40782,1.00,1.31
2017.02.08 17:41:19.973,1.40765,1.40782,1.50,1.00
2017.02.08 17:41:20.277,1.40763,1.4078,2.62,1.12
2017.02.08 17:41:20.762,1.40766,1.40782,1.50,1.12
2017.02.08 17:41:20.914,1.40766,1.40782,2.62,1.00
2017.02.08 17:41:21.716,1.40765,1.40781,1.75,1.50
2017.02.08 17:41:22.222,1.40765,1.40782,2.81,1.00
2017.02.08 17:41:22.526,1.40767,1.40782,1.35,1.00
2017.02.08 17:41:22.953,1.40767,1.40782,1.30,1.00
2017.02.08 17:41:23.423,1.40771,1.40783,1.12,1.00
2017.02.08 17:41:23.970,1.40771,1.40784,1.12,1.00
2017.02.08 17:41:24.280,1.40767,1.40783,1.67,1.50
2017.02.08 17:41:24.431,1.40769,1.40785,2.06,1.00
2017.02.08 17:41:24.482,1.40769,1.40786,2.44,2.25
2017.02.08 17:41:24.634,1.40769,1.40786,2.44,2.25
2017.02.08 17:41:25.185,1.40769,1.40786,1.31,2.25
2017.02.08 17:41:26.123,1.40768,1.40786,3.37,2.62
2017.02.08 17:41:26.664,1.40768,1.40786,3.00,2.62
2017.02.08 17:41:29.101,1.40768,1.40786,2.62,2.62
2017.02.08 17:41:29.405,1.40766,1.40784,3.37,2.06
2017.02.08 17:41:29.455,1.40766,1.40781,1.87,1.12
2017.02.08 17:41:29.557,1.40764,1.40781,2.25,1.50
2017.02.08 17:41:30.087,1.40763,1.40779,1.00,1.31
2017.02.08 17:41:30.812,1.40764,1.40779,1.00,1.31
2017.02.08 17:41:34.688,1.40763,1.4078,1.12,1.87
2017.02.08 17:41:35.204,1.40763,1.40779,1.50,1.62
2017.02.08 17:41:35.710,1.40763,1.40781,2.62,1.75
2017.02.08 17:41:38.722,1.40764,1.40782,2.06,3.00
2017.02.08 17:41:39.248,1.40765,1.40782,1.00,2.81
2017.02.08 17:41:39.823,1.40765,1.40781,1.00,1.50
2017.02.08 17:41:39.949,1.40765,1.40781,1.00,1.50
2017.02.08 17:41:41.605,1.40763,1.40779,1.87,1.37
2017.02.08 17:41:43.343,1.40763,1.40779,1.00,2.25
2017.02.08 17:41:43.869,1.40762,1.40779,2.81,1.50
2017.02.08 17:41:44.675,1.40763,1.40781,1.50,1.75
2017.02.08 17:41:45.343,1.40763,1.40779,2.62,1.50
2017.02.08 17:41:50.848,1.40763,1.4078,1.00,1.75
2017.02.08 17:41:51.811,1.40764,1.40781,1.00,2.25
2017.02.08 17:41:52.167,1.40765,1.40782,1.00,2.25
2017.02.08 17:41:53.132,1.40766,1.40782,1.00,1.50
2017.02.08 17:41:54.139,1.40765,1.40782,1.00,1.50
2017.02.08 17:41:59.467,1.40765,1.40781,1.00,1.50
2017.02.08 17:41:59.972,1.40765,1.40781,1.00,1.12
2017.02.08 17:42:00.523,1.40765,1.40781,1.00,1.50
2017.02.08 17:42:01.079,1.40765,1.40781,1.00,1.75
2017.02.08 17:42:01.922,1.40763,1.40779,1.87,1.12
2017.02.08 17:42:01.973,1.40766,1.40779,1.00,1.12
2017.02.08 17:42:02.176,1.40767,1.40783,1.00,1.00
2017.02.08 17:42:02.696,1.40767,1.40783,1.00,1.87
2017.02.08 17:42:03.253,1.40765,1.40782,1.00,1.37
2017.02.08 17:42:04.633,1.40765,1.40781,1.37,1.12
2017.02.08 17:42:05.088,1.40765,1.4078,1.12,1.12
2017.02.08 17:42:07.857,1.40761,1.40778,1.50,1.00
2017.02.08 17:42:07.975,1.40758,1.40774,1.75,1.87
2017.02.08 17:42:08.077,1.40758,1.40774,1.00,1.00
2017.02.08 17:42:08.279,1.40758,1.4077,1.00,1.00
2017.02.08 17:42:08.433,1.40758,1.40774,1.00,2.06
2017.02.08 17:42:08.812,1.40758,1.40776,3.60,2.25
2017.02.08 17:42:08.863,1.40763,1.40776,1.12,2.25
2017.02.08 17:42:08.964,1.40761,1.40777,1.12,1.75
2017.02.08 17:42:09.066,1.40761,1.40777,1.12,1.12
2017.02.08 17:42:10.394,1.4076,1.40778,1.12,2.25
2017.02.08 17:42:13.166,1.40762,1.40779,1.00,2.06
2017.02.08 17:42:13.268,1.40762,1.40779,1.12,1.69
2017.02.08 17:42:17.367,1.40761,1.40778,1.50,1.00
2017.02.08 17:42:17.523,1.40761,1.40776,1.50,1.50
2017.02.08 17:42:17.624,1.40758,1.40774,1.12,1.56
2017.02.08 17:42:17.776,1.40758,1.40771,1.12,1.00
2017.02.08 17:42:18.080,1.40756,1.40771,1.25,1.00
2017.02.08 17:42:18.131,1.40758,1.40775,1.00,2.62
2017.02.08 17:42:18.183,1.40758,1.40774,1.87,1.00
2017.02.08 17:42:18.386,1.40758,1.4077,1.00,1.00
2017.02.08 17:42:18.538,1.40758,1.40775,1.00,1.56
2017.02.08 17:42:18.690,1.40758,1.40776,3.37,1.50
2017.02.08 17:42:19.229,1.40758,1.40776,2.25,3.00
2017.02.08 17:42:23.815,1.40758,1.40775,1.12,1.12
2017.02.08 17:42:24.219,1.40758,1.40776,1.69,1.87
2017.02.08 17:42:24.901,1.40759,1.40775,1.50,1.00
2017.02.08 17:42:25.043,1.40758,1.40775,1.25,1.87
2017.02.08 17:42:26.775,1.40761,1.40779,1.37,3.00
2017.02.08 17:42:27.028,1.40761,1.40777,1.37,1.12
2017.02.08 17:42:27.281,1.4076,1.40777,4.16,1.00
2017.02.08 17:42:28.877,1.4076,1.40777,3.60,1.00
2017.02.08 17:42:29.723,1.4076,1.40777,3.60,1.00
2017.02.08 17:42:30.093,1.40759,1.40777,2.62,2.62
2017.02.08 17:42:30.245,1.40759,1.40776,1.87,1.00
2017.02.08 17:42:30.347,1.4076,1.40776,1.00,1.00
2017.02.08 17:42:30.549,1.4076,1.40777,1.12,1.87
2017.02.08 17:42:30.651,1.4076,1.40777,1.00,3.00
2017.02.08 17:42:32.522,1.40761,1.40776,1.12,1.00
2017.02.08 17:42:32.589,1.40759,1.40776,3.19,1.00
2017.02.08 17:42:35.468,1.4076,1.40773,1.50,1.00
2017.02.08 17:42:35.520,1.4076,1.40776,1.50,1.00
2017.02.08 17:42:38.364,1.4076,1.40777,1.50,1.12
2017.02.08 17:42:45.129,1.40761,1.40778,1.00,1.50
2017.02.08 17:42:45.662,1.40758,1.40774,1.81,1.12
2017.02.08 17:42:45.713,1.40757,1.40774,2.25,1.12
2017.02.08 17:42:45.764,1.40757,1.40774,1.50,1.12
2017.02.08 17:42:46.264,1.40756,1.4077,1.62,1.00
2017.02.08 17:42:46.837,1.40755,1.4077,1.87,1.00
2017.02.08 17:42:47.397,1.40755,1.4077,1.25,1.12
2017.02.08 17:42:49.521,1.40753,1.40769,1.31,1.00
2017.02.08 17:42:49.572,1.40753,1.40769,1.25,1.75
2017.02.08 17:42:49.990,1.40743,1.40758,4.50,1.12
2017.02.08 17:42:50.094,1.40742,1.40758,1.75,1.12
2017.02.08 17:42:50.145,1.40743,1.40756,1.50,1.00
2017.02.08 17:42:50.196,1.40742,1.40756,1.00,1.00
2017.02.08 17:42:50.297,1.40739,1.40756,3.19,1.50
2017.02.08 17:42:50.399,1.40741,1.40761,3.04,2.25
2017.02.08 17:42:50.500,1.40742,1.4076,1.12,1.12
2017.02.08 17:42:50.804,1.4075,1.40764,1.50,3.00
2017.02.08 17:42:50.856,1.40751,1.40764,1.69,1.75
2017.02.08 17:42:50.998,1.40751,1.40764,2.06,1.00
2017.02.08 17:42:51.135,1.40752,1.40769,1.31,1.87
2017.02.08 17:42:51.185,1.40752,1.40769,2.00,2.25
2017.02.08 17:42:51.287,1.4075,1.40768,2.00,1.00
2017.02.08 17:42:51.388,1.4075,1.40766,1.62,1.00
2017.02.08 17:42:51.692,1.40743,1.40759,4.69,1.00
2017.02.08 17:42:51.743,1.40743,1.40759,1.75,1.00
2017.02.08 17:42:51.980,1.4074,1.40759,1.81,2.25
2017.02.08 17:42:52.082,1.40741,1.40759,1.31,2.25
2017.02.08 17:42:52.234,1.40742,1.40761,1.37,2.81
2017.02.08 17:42:52.740,1.40744,1.40762,1.25,1.75
2017.02.08 17:42:53.242,1.40743,1.40762,2.44,1.75
2017.02.08 17:42:54.577,1.40743,1.40762,1.37,2.25
2017.02.08 17:42:55.104,1.40747,1.40765,1.94,2.62
2017.02.08 17:42:55.206,1.40747,1.40765,1.87,2.06
2017.02.08 17:42:55.257,1.40747,1.40765,1.37,1.62
2017.02.08 17:42:55.358,1.40746,1.40764,1.12,1.50
2017.02.08 17:42:55.510,1.40746,1.40766,2.62,3.37
2017.02.08 17:42:55.662,1.40746,1.40763,1.50,1.00
2017.02.08 17:42:55.798,1.40745,1.40763,1.12,1.00
2017.02.08 17:42:55.900,1.40746,1.40762,1.00,1.00
2017.02.08 17:42:56.103,1.40743,1.40762,3.37,2.44
2017.02.08 17:42:56.154,1.40743,1.40762,2.62,2.44
2017.02.08 17:42:56.356,1.40743,1.40762,2.25,2.81
2017.02.08 17:42:56.674,1.40743,1.40762,2.25,3.56
2017.02.08 17:42:56.876,1.40743,1.40762,2.25,2.25
2017.02.08 17:42:58.171,1.40746,1.40764,1.37,1.31
2017.02.08 17:42:58.274,1.4075,1.40765,1.81,2.25
2017.02.08 17:42:58.325,1.4075,1.40765,1.69,1.50
2017.02.08 17:42:58.376,1.40751,1.40766,1.12,1.75
2017.02.08 17:42:58.427,1.40753,1.40766,1.37,1.37
2017.02.08 17:42:58.478,1.40752,1.40766,1.50,1.00
2017.02.08 17:42:58.530,1.40752,1.40765,1.50,1.00
2017.02.08 17:42:58.581,1.40752,1.40771,1.50,2.25
2017.02.08 17:42:58.632,1.40752,1.40772,2.25,2.06
2017.02.08 17:42:58.684,1.40754,1.40772,1.37,1.62
2017.02.08 17:42:58.829,1.40755,1.40773,2.25,1.37
2017.02.08 17:42:58.881,1.40758,1.40773,1.12,1.00
2017.02.08 17:42:59.037,1.40756,1.40774,1.12,1.50
2017.02.08 17:42:59.088,1.40756,1.40774,1.50,1.75
2017.02.08 17:42:59.190,1.40756,1.40772,1.50,1.00
2017.02.08 17:42:59.313,1.40756,1.40772,1.50,1.00
2017.02.08 17:42:59.970,1.40755,1.40772,2.44,1.00
2017.02.08 17:43:00.997,1.40755,1.40772,2.44,1.00
2017.02.08 17:43:01.200,1.40757,1.40774,1.00,1.50
2017.02.08 17:43:01.771,1.40754,1.40772,1.50,1.50
2017.02.08 17:43:02.495,1.40753,1.40771,1.37,1.69
2017.02.08 17:43:02.697,1.40752,1.40772,2.25,2.81
2017.02.08 17:43:03.223,1.40755,1.40771,1.37,1.25
2017.02.08 17:43:04.833,1.40754,1.40771,1.12,1.69
2017.02.08 17:43:04.883,1.40754,1.40771,1.50,1.69
2017.02.08 17:43:05.406,1.40754,1.40771,1.37,2.06
2017.02.08 17:43:05.907,1.40754,1.40773,2.25,2.25
2017.02.08 17:43:06.501,1.40755,1.40772,1.12,1.56
2017.02.08 17:43:06.551,1.40755,1.40772,1.37,1.56
2017.02.08 17:43:07.053,1.40753,1.40772,2.62,1.56
2017.02.08 17:43:07.576,1.40754,1.40771,1.37,1.62
2017.02.08 17:43:07.885,1.40754,1.40771,1.37,1.62
2017.02.08 17:43:08.511,1.40755,1.4077,1.37,1.25
2017.02.08 17:43:08.789,1.40754,1.4077,1.00,1.25
2017.02.08 17:43:09.308,1.4075,1.40767,1.69,1.00
2017.02.08 17:43:09.359,1.40749,1.40766,1.12,1.12
2017.02.08 17:43:09.663,1.40751,1.40771,3.37,2.81
2017.02.08 17:43:09.826,1.40752,1.40771,1.87,2.06
2017.02.08 17:43:10.337,1.40751,1.40771,4.12,2.06
2017.02.08 17:43:13.750,1.40751,1.40769,1.50,1.87
2017.02.08 17:43:13.852,1.40751,1.40767,1.00,1.00
2017.02.08 17:43:14.353,1.4075,1.40767,1.37,1.50
2017.02.08 17:43:15.503,1.4075,1.40768,1.87,2.25
2017.02.08 17:43:15.807,1.40751,1.40769,2.25,2.81
2017.02.08 17:43:15.857,1.40751,1.40768,1.50,1.00
2017.02.08 17:43:16.061,1.4075,1.40767,1.31,1.12
2017.02.08 17:43:16.112,1.4075,1.40767,1.62,1.00
2017.02.08 17:43:16.634,1.40751,1.40769,1.87,2.25
2017.02.08 17:43:16.989,1.40751,1.40768,1.37,1.12
2017.02.08 17:43:17.040,1.4075,1.40768,1.50,1.12
2017.02.08 17:43:17.646,1.40749,1.40768,3.94,1.12
2017.02.08 17:43:17.830,1.40749,1.40766,2.25,1.25
2017.02.08 17:43:18.274,1.40748,1.40766,2.62,2.44
2017.02.08 17:43:18.781,1.40748,1.40766,1.87,1.69
2017.02.08 17:43:19.710,1.4075,1.40766,1.37,1.25
2017.02.08 17:43:19.973,1.4075,1.40768,1.87,1.50
2017.02.08 17:43:20.673,1.4075,1.40767,1.12,1.00
2017.02.08 17:43:21.651,1.40749,1.40766,2.44,1.00
2017.02.08 17:43:22.238,1.40751,1.40768,1.87,1.00
2017.02.08 17:43:22.598,1.40751,1.40768,1.37,1.00
2017.02.08 17:43:22.649,1.4075,1.40766,2.44,1.00
2017.02.08 17:43:22.700,1.4075,1.40768,2.44,1.87
2017.02.08 17:43:23.205,1.4075,1.40767,2.44,1.00
2017.02.08 17:43:23.879,1.4075,1.40767,1.69,1.50
2017.02.08 17:43:24.456,1.40749,1.40766,2.25,1.00
2017.02.08 17:43:24.608,1.40749,1.40766,2.25,1.00
2017.02.08 17:43:25.116,1.40749,1.40766,1.81,1.50
2017.02.08 17:43:26.035,1.40749,1.40765,1.81,1.00
2017.02.08 17:43:26.562,1.40749,1.40765,1.25,1.50
2017.02.08 17:43:27.767,1.40748,1.40765,1.12,1.87
2017.02.08 17:43:27.937,1.40748,1.40765,1.12,1.50
2017.02.08 17:43:28.986,1.40751,1.40765,1.12,1.50
2017.02.08 17:43:29.290,1.40742,1.40758,1.25,1.00
2017.02.08 17:43:30.103,1.4074,1.40757,1.81,1.00
2017.02.08 17:43:31.121,1.4074,1.40756,1.81,1.00
2017.02.08 17:43:32.776,1.4074,1.40756,1.12,1.37
2017.02.08 17:43:32.979,1.40741,1.40759,1.56,1.75
2017.02.08 17:43:35.063,1.4074,1.40757,1.81,1.50
2017.02.08 17:43:35.755,1.40741,1.40759,1.56,1.75
2017.02.08 17:43:36.260,1.40742,1.40759,1.31,1.75
2017.02.08 17:43:40.142,1.4074,1.40756,2.25,1.00
2017.02.08 17:43:40.379,1.4074,1.40756,1.12,1.75
2017.02.08 17:43:40.889,1.4074,1.40756,1.12,1.37
2017.02.08 17:43:41.397,1.40741,1.40759,2.06,1.75
2017.02.08 17:43:41.912,1.40743,1.40759,1.00,1.75
2017.02.08 17:43:42.184,1.40742,1.4076,3.19,1.12
2017.02.08 17:43:42.285,1.40742,1.4076,2.06,1.75
2017.02.08 17:43:47.306,1.40743,1.4076,1.00,1.75
2017.02.08 17:43:48.476,1.4074,1.40755,1.69,1.00
2017.02.08 17:43:49.087,1.4074,1.40757,2.06,1.00
2017.02.08 17:43:51.753,1.4074,1.40758,2.81,1.12
2017.02.08 17:43:52.816,1.40742,1.40758,1.00,1.12
2017.02.08 17:43:53.321,1.40741,1.40758,1.12,1.12
2017.02.08 17:43:54.067,1.40743,1.4076,1.00,1.75
2017.02.08 17:43:54.428,1.40742,1.4076,1.00,1.75
2017.02.08 17:43:54.739,1.40741,1.40757,1.00,1.31
2017.02.08 17:43:55.016,1.40739,1.40757,2.62,2.06
2017.02.08 17:43:57.348,1.40736,1.40754,2.44,1.12
2017.02.08 17:43:57.500,1.40736,1.40753,2.06,1.75
2017.02.08 17:43:57.805,1.40737,1.40755,1.00,3.37
2017.02.08 17:43:57.906,1.40737,1.40755,1.00,3.37
2017.02.08 17:43:58.516,1.40736,1.40754,2.06,1.75
2017.02.08 17:44:00.696,1.40737,1.40755,1.00,2.25
2017.02.08 17:44:01.850,1.40736,1.40754,2.06,1.75
2017.02.08 17:44:02.829,1.40737,1.40755,1.00,3.75
2017.02.08 17:44:03.456,1.40737,1.40755,1.00,3.00
2017.02.08 17:44:04.535,1.40736,1.40754,2.06,1.75
2017.02.08 17:44:05.201,1.40736,1.40754,2.81,1.00
2017.02.08 17:44:05.751,1.40738,1.40756,1.12,2.25
2017.02.08 17:44:07.375,1.40738,1.40752,1.12,1.00
2017.02.08 17:44:07.425,1.40738,1.40755,1.12,2.62
2017.02.08 17:44:07.527,1.40735,1.40752,1.00,3.19
2017.02.08 17:44:08.081,1.40733,1.4075,1.37,1.50
2017.02.08 17:44:08.631,1.40733,1.40751,1.50,2.25
2017.02.08 17:44:09.549,1.40734,1.40752,1.50,1.75
2017.02.08 17:44:09.853,1.40738,1.40753,1.00,1.00
2017.02.08 17:44:10.621,1.40739,1.40753,1.00,1.00
2017.02.08 17:44:11.228,1.40739,1.40757,2.06,3.00
2017.02.08 17:44:12.438,1.40739,1.40757,2.44,1.87
2017.02.08 17:44:12.540,1.40741,1.40758,1.12,1.50
2017.02.08 17:44:12.692,1.40739,1.40756,1.25,1.12
2017.02.08 17:44:13.019,1.40741,1.40757,1.00,1.87
2017.02.08 17:44:13.230,1.40739,1.40757,2.06,1.75
2017.02.08 17:44:13.738,1.40739,1.40754,1.62,1.00
2017.02.08 17:44:13.839,1.4074,1.40754,1.81,1.00
2017.02.08 17:44:13.941,1.40737,1.40754,2.06,1.00
2017.02.08 17:44:14.042,1.40737,1.40754,2.06,1.00
2017.02.08 17:44:14.574,1.40737,1.40755,2.06,2.25
2017.02.08 17:44:16.453,1.40737,1.40755,1.87,2.62
2017.02.08 17:44:18.039,1.40737,1.40754,1.12,1.87
2017.02.08 17:44:21.547,1.40736,1.40754,1.00,1.87
2017.02.08 17:44:30.377,1.40736,1.40752,1.00,1.00
2017.02.08 17:44:35.427,1.40735,1.40752,1.31,1.50
2017.02.08 17:44:35.831,1.4074,1.40752,1.12,1.00
2017.02.08 17:44:35.933,1.40738,1.40752,1.12,1.00
2017.02.08 17:44:37.649,1.4074,1.40752,1.50,1.00
2017.02.08 17:44:38.602,1.4074,1.40753,1.50,1.87
2017.02.08 17:44:40.850,1.40742,1.40757,1.50,1.87
2017.02.08 17:44:41.179,1.40744,1.40759,1.50,1.75
2017.02.08 17:44:41.230,1.40742,1.40759,2.25,1.75
2017.02.08 17:44:41.838,1.40742,1.40755,1.50,1.00
2017.02.08 17:44:42.340,1.40742,1.40755,1.50,1.50
2017.02.08 17:44:43.410,1.40742,1.40755,1.50,2.25
2017.02.08 17:44:43.993,1.40742,1.40755,1.50,1.87
2017.02.08 17:44:44.095,1.40742,1.40752,1.12,1.00
2017.02.08 17:44:44.146,1.4074,1.40752,1.12,1.00
2017.02.08 17:44:44.417,1.4074,1.40752,1.12,2.25
2017.02.08 17:44:44.974,1.40738,1.4075,1.12,1.12
2017.02.08 17:44:45.075,1.40738,1.40753,1.12,2.25
2017.02.08 17:44:45.379,1.40737,1.40755,1.12,2.25
2017.02.08 17:44:45.706,1.40739,1.40752,1.12,1.00
2017.02.08 17:44:46.256,1.4074,1.40752,1.12,1.00
2017.02.08 17:44:48.770,1.40738,1.40752,1.12,1.00
2017.02.08 17:44:49.626,1.40738,1.40753,1.12,1.12
2017.02.08 17:44:50.146,1.40738,1.40752,1.12,1.00
2017.02.08 17:44:51.420,1.40735,1.4075,1.50,2.25
2017.02.08 17:44:52.021,1.40735,1.4075,1.50,2.25
2017.02.08 17:44:52.964,1.4073,1.40749,2.20,1.50
2017.02.08 17:44:53.519,1.4073,1.40747,2.20,1.00
2017.02.08 17:44:54.095,1.4073,1.40748,2.95,1.12
2017.02.08 17:44:56.126,1.4073,1.40748,1.83,1.75
2017.02.08 17:44:56.431,1.40737,1.40754,1.83,1.12
2017.02.08 17:44:57.073,1.40737,1.40754,1.08,1.00
2017.02.08 17:44:57.124,1.40738,1.40756,1.45,1.12
2017.02.08 17:44:57.175,1.40737,1.40754,1.83,1.12
2017.02.08 17:44:57.276,1.40735,1.40754,1.70,1.50
2017.02.08 17:44:57.378,1.40735,1.40752,1.37,1.12
2017.02.08 17:44:57.429,1.40734,1.40752,1.00,1.50
2017.02.08 17:44:57.479,1.40733,1.40752,1.00,2.25
2017.02.08 17:44:57.816,1.40733,1.40751,1.83,1.75
2017.02.08 17:44:57.868,1.40733,1.40751,1.83,1.37
2017.02.08 17:44:57.969,1.40733,1.40751,1.33,1.00
2017.02.08 17:44:58.708,1.40732,1.40749,3.33,1.00
2017.02.08 17:44:59.063,1.4073,1.40747,1.83,1.00
2017.02.08 17:44:59.265,1.40731,1.40748,2.62,1.37
2017.02.08 17:44:59.316,1.40733,1.40751,1.00,2.25
2017.02.08 17:44:59.620,1.40735,1.40753,1.00,1.75
2017.02.08 17:44:59.722,1.40735,1.40753,1.87,1.12
2017.02.08 17:44:59.823,1.40734,1.40752,1.87,1.50
2017.02.08 17:45:00.127,1.40732,1.40752,2.58,2.25
2017.02.08 17:45:00.555,1.40733,1.40752,1.45,1.87
2017.02.08 17:45:00.859,1.40741,1.40757,1.33,1.37
2017.02.08 17:45:00.910,1.4074,1.40757,2.58,1.00
2017.02.08 17:45:01.112,1.40744,1.40759,1.00,1.50
2017.02.08 17:45:01.518,1.40747,1.40762,1.00,2.81
2017.02.08 17:45:01.619,1.40747,1.40764,1.00,1.50
2017.02.08 17:45:02.073,1.4075,1.40763,1.00,1.00
2017.02.08 17:45:02.174,1.40745,1.40763,1.08,1.50
2017.02.08 17:45:02.225,1.40745,1.4076,1.08,1.12
2017.02.08 17:45:02.529,1.40738,1.40755,1.00,1.87
2017.02.08 17:45:02.630,1.40736,1.40756,2.58,2.25
2017.02.08 17:45:02.681,1.4074,1.40756,1.00,2.25
2017.02.08 17:45:02.732,1.40736,1.40756,1.83,1.50
2017.02.08 17:45:02.783,1.4074,1.40755,1.00,1.12
2017.02.08 17:45:05.961,1.40744,1.40755,1.00,1.12
2017.02.08 17:45:06.518,1.40748,1.40757,1.00,1.37
2017.02.08 17:45:06.569,1.40748,1.40757,1.00,1.12
2017.02.08 17:45:06.872,1.40743,1.40759,1.00,2.81
2017.02.08 17:45:08.811,1.40744,1.40759,1.00,1.75
2017.02.08 17:45:08.913,1.40746,1.40761,1.00,1.50
2017.02.08 17:45:08.964,1.40746,1.40761,1.00,1.50
2017.02.08 17:45:09.595,1.40747,1.40761,1.00,1.50
2017.02.08 17:45:10.152,1.40746,1.4076,1.00,1.12
2017.02.08 17:45:10.469,1.40752,1.40761,1.00,1.50
2017.02.08 17:45:11.463,1.40751,1.40761,1.00,2.06
2017.02.08 17:45:11.666,1.40748,1.40762,1.00,1.75
2017.02.08 17:45:12.810,1.40752,1.40762,1.00,1.75
2017.02.08 17:45:14.159,1.40746,1.40763,1.83,1.75
2017.02.08 17:45:14.267,1.40756,1.40763,1.00,1.50
2017.02.08 17:45:14.369,1.40755,1.40765,1.08,1.50
2017.02.08 17:45:14.470,1.40755,1.40769,1.00,2.25
2017.02.08 17:45:14.572,1.40752,1.4077,1.83,2.62
2017.02.08 17:45:14.673,1.40755,1.40769,1.00,1.12
2017.02.08 17:45:14.901,1.40756,1.40769,1.00,1.75
2017.02.08 17:45:15.206,1.40749,1.40767,3.33,1.12
2017.02.08 17:45:15.328,1.40748,1.40762,2.20,1.00
2017.02.08 17:45:15.438,1.40744,1.4076,1.37,1.00
2017.02.08 17:45:15.489,1.40743,1.4076,2.20,1.37
2017.02.08 17:45:15.854,1.40742,1.4076,1.00,1.75
2017.02.08 17:45:16.303,1.40742,1.4076,1.33,1.75
2017.02.08 17:45:16.455,1.40742,1.40761,1.83,1.75
2017.02.08 17:45:16.759,1.40748,1.40764,1.37,3.00
2017.02.08 17:45:16.860,1.40748,1.40764,1.33,1.50
2017.02.08 17:45:17.064,1.40754,1.40769,1.00,2.25
2017.02.08 17:45:17.366,1.40758,1.40776,1.45,1.75
2017.02.08 17:45:17.576,1.40756,1.40776,1.50,2.17
2017.02.08 17:45:17.882,1.40758,1.40776,1.50,1.42
2017.02.08 17:45:18.186,1.4076,1.40779,1.12,2.55
2017.02.08 17:45:18.541,1.40757,1.40775,1.00,1.50
2017.02.08 17:45:19.190,1.4076,1.40778,1.00,1.75
2017.02.08 17:45:19.241,1.40762,1.4078,1.00,1.80
2017.02.08 17:45:19.320,1.40762,1.4078,1.00,1.80
2017.02.08 17:45:19.574,1.40765,1.4078,1.00,1.05
2017.02.08 17:45:19.675,1.40763,1.4078,1.00,1.05
2017.02.08 17:45:19.980,1.40763,1.40781,1.00,1.61
2017.02.08 17:45:20.132,1.40767,1.40781,1.83,1.00
2017.02.08 17:45:20.335,1.40763,1.40782,2.20,1.87
2017.02.08 17:45:20.552,1.40768,1.40782,1.00,1.37
2017.02.08 17:45:20.604,1.40769,1.40785,1.00,1.12
2017.02.08 17:45:20.655,1.40767,1.40786,1.87,1.05
2017.02.08 17:45:20.706,1.40767,1.40785,1.50,1.12
2017.02.08 17:45:21.010,1.40771,1.4079,2.20,1.75
2017.02.08 17:45:21.213,1.40771,1.4079,2.20,1.50
2017.02.08 17:45:21.566,1.40777,1.4079,1.00,1.50
2017.02.08 17:45:21.668,1.40773,1.40792,1.50,1.05
2017.02.08 17:45:21.820,1.40771,1.40782,1.83,1.00
2017.02.08 17:45:22.061,1.40765,1.40784,1.08,2.25
2017.02.08 17:45:22.647,1.40765,1.40783,1.08,1.12
2017.02.08 17:45:22.901,1.40763,1.40783,1.45,2.36
2017.02.08 17:45:22.952,1.40765,1.40783,1.00,1.89
2017.02.08 17:45:23.002,1.40765,1.40783,1.00,1.89
2017.02.08 17:45:23.104,1.40763,1.40781,3.00,1.50
2017.02.08 17:45:23.256,1.4076,1.40778,2.62,1.00
2017.02.08 17:45:23.395,1.40763,1.40778,1.12,1.00
2017.02.08 17:45:23.496,1.40762,1.40781,1.50,1.92
2017.02.08 17:45:23.547,1.4077,1.40782,1.00,1.75
2017.02.08 17:45:23.699,1.4077,1.40784,3.37,1.00
2017.02.08 17:45:23.750,1.4077,1.40784,1.50,1.00
2017.02.08 17:45:24.256,1.40766,1.40784,1.75,2.55
2017.02.08 17:45:24.357,1.40763,1.40782,3.37,1.23
2017.02.08 17:45:24.408,1.40763,1.4078,1.75,1.23
2017.02.08 17:45:24.560,1.4077,1.40782,1.37,1.00
2017.02.08 17:45:24.712,1.40771,1.40789,1.37,2.62
2017.02.08 17:45:24.814,1.40769,1.40788,1.87,1.55
2017.02.08 17:45:24.865,1.40769,1.40784,2.25,1.00
2017.02.08 17:45:25.078,1.40767,1.40785,1.87,1.61
2017.02.08 17:45:25.129,1.40765,1.40783,2.25,1.00
2017.02.08 17:45:25.332,1.40765,1.40781,1.50,1.50
2017.02.08 17:45:25.535,1.40763,1.40781,1.12,2.62
2017.02.08 17:45:25.687,1.40763,1.40781,1.12,3.37
2017.02.08 17:45:25.839,1.40761,1.40778,1.12,1.00
2017.02.08 17:45:26.279,1.40765,1.40778,1.37,1.50
2017.02.08 17:45:26.785,1.40763,1.40778,1.50,1.00
2017.02.08 17:45:26.988,1.40761,1.40778,1.50,1.12
2017.02.08 17:45:27.141,1.40764,1.40778,1.12,1.12
2017.02.08 17:45:27.647,1.40761,1.40779,3.37,1.12
2017.02.08 17:45:28.218,1.40764,1.40779,1.12,1.12
2017.02.08 17:45:28.725,1.40764,1.40779,2.25,1.00
2017.02.08 17:45:29.033,1.40769,1.40784,1.37,1.50
2017.02.08 17:45:29.286,1.40768,1.40784,1.12,1.00
2017.02.08 17:45:29.388,1.40767,1.40784,1.50,1.61
2017.02.08 17:45:29.692,1.40767,1.40779,1.50,1.00
2017.02.08 17:45:29.844,1.40767,1.40784,1.50,1.12
2017.02.08 17:45:29.946,1.40769,1.40786,1.00,1.05
2017.02.08 17:45:30.232,1.40771,1.40788,2.25,1.12
2017.02.08 17:45:30.338,1.40771,1.40788,1.50,1.12
2017.02.08 17:45:31.251,1.4077,1.40788,3.00,1.75
2017.02.08 17:45:31.554,1.40768,1.40783,3.75,1.00
2017.02.08 17:45:32.187,1.40772,1.40783,1.00,1.00
2017.02.08 17:45:32.238,1.4077,1.40783,1.00,1.00
2017.02.08 17:45:32.758,1.40777,1.40788,1.00,3.37
2017.02.08 17:45:32.860,1.40776,1.40787,1.00,1.00
2017.02.08 17:45:32.911,1.40772,1.40787,1.50,1.37
2017.02.08 17:45:32.962,1.40776,1.40787,1.00,1.75
2017.02.08 17:45:33.278,1.4078,1.40789,1.00,1.00
2017.02.08 17:45:33.329,1.40776,1.40786,1.00,1.00
2017.02.08 17:45:33.431,1.40773,1.40787,1.50,1.12
2017.02.08 17:45:33.534,1.40776,1.40787,1.00,1.12
2017.02.08 17:45:33.585,1.40773,1.40789,1.50,1.75
2017.02.08 17:45:33.636,1.40775,1.40789,1.00,1.12
2017.02.08 17:45:33.941,1.40773,1.4079,1.00,1.50
2017.02.08 17:45:34.464,1.40774,1.40789,1.00,1.55
2017.02.08 17:45:34.565,1.40774,1.40786,1.00,1.00
2017.02.08 17:45:34.886,1.40774,1.40784,1.00,1.00
2017.02.08 17:45:34.938,1.40773,1.40787,1.00,1.50
2017.02.08 17:45:35.039,1.40776,1.40787,1.00,1.00
2017.02.08 17:45:35.556,1.40777,1.40792,1.00,1.75
2017.02.08 17:45:35.708,1.4078,1.40794,1.00,1.75
2017.02.08 17:45:35.860,1.40778,1.40796,1.50,1.00
2017.02.08 17:45:35.911,1.40782,1.40796,1.00,1.00
2017.02.08 17:45:36.317,1.40784,1.40797,1.00,1.50
2017.02.08 17:45:36.630,1.4078,1.40797,1.00,2.25
2017.02.08 17:45:38.042,1.40779,1.40796,1.12,1.12
2017.02.08 17:45:38.357,1.4078,1.40797,1.00,2.25
2017.02.08 17:45:38.700,1.40785,1.40802,1.12,2.25
2017.02.08 17:45:38.801,1.40786,1.40802,1.00,1.37
2017.02.08 17:45:38.852,1.40791,1.40802,1.00,1.00
2017.02.08 17:45:38.903,1.40788,1.40802,1.00,1.00
2017.02.08 17:45:39.005,1.40785,1.40803,1.12,2.62
2017.02.08 17:45:39.157,1.40791,1.40803,1.00,3.67
2017.02.08 17:45:39.270,1.40786,1.408,1.00,2.25
2017.02.08 17:45:39.544,1.40783,1.40799,1.69,1.00
2017.02.08 17:45:39.747,1.40786,1.40799,1.00,1.37
2017.02.08 17:45:40.000,1.40782,1.40802,1.31,2.25
2017.02.08 17:45:40.051,1.40782,1.40802,2.06,3.00
2017.02.08 17:45:40.152,1.40786,1.40802,1.00,2.25
2017.02.08 17:45:40.507,1.40788,1.40802,1.00,1.75
2017.02.08 17:45:40.609,1.40785,1.40802,2.25,1.75
2017.02.08 17:45:40.905,1.40788,1.40802,1.00,3.00
2017.02.08 17:45:41.007,1.40786,1.40802,1.00,3.00
2017.02.08 17:45:41.730,1.40788,1.40802,1.00,2.62
2017.02.08 17:45:41.781,1.40784,1.40801,1.00,2.25
2017.02.08 17:45:41.832,1.40783,1.40801,2.25,1.87
2017.02.08 17:45:42.135,1.40788,1.40801,1.00,1.87
2017.02.08 17:45:42.287,1.40783,1.40801,2.25,3.37
2017.02.08 17:45:42.870,1.40784,1.40801,1.00,4.12
2017.02.08 17:45:43.546,1.40784,1.40796,1.00,1.37
2017.02.08 17:45:43.597,1.40778,1.40792,1.50,1.87
2017.02.08 17:45:43.648,1.40778,1.40787,2.25,1.00
2017.02.08 17:45:43.750,1.4078,1.40792,1.00,1.00
2017.02.08 17:45:43.952,1.40774,1.40792,1.87,1.00
2017.02.08 17:45:44.004,1.40777,1.40792,1.00,1.00
2017.02.08 17:45:44.438,1.40777,1.4079,1.00,1.00
2017.02.08 17:45:44.489,1.40774,1.4079,1.50,1.00
2017.02.08 17:45:44.540,1.40774,1.4079,1.00,1.75
2017.02.08 17:45:44.642,1.40774,1.40792,1.87,1.05
2017.02.08 17:45:44.706,1.40782,1.40792,1.00,1.00
2017.02.08 17:45:44.757,1.40775,1.40793,2.06,1.00
2017.02.08 17:45:44.959,1.4078,1.40793,1.00,1.00
2017.02.08 17:45:45.061,1.40777,1.40793,1.00,1.00
2017.02.08 17:45:45.213,1.4078,1.40794,1.00,1.87
2017.02.08 17:45:45.770,1.4078,1.40793,1.00,1.00
2017.02.08 17:45:46.293,1.40779,1.40795,1.00,2.55
2017.02.08 17:45:46.597,1.40781,1.40796,1.00,2.25
2017.02.08 17:45:47.294,1.40784,1.40796,1.00,2.25
2017.02.08 17:45:47.345,1.40779,1.40795,1.12,1.12
2017.02.08 17:45:47.447,1.4078,1.40795,1.00,1.75
2017.02.08 17:45:47.548,1.40778,1.40795,1.00,1.75
2017.02.08 17:45:47.770,1.40778,1.40795,1.69,2.25
2017.02.08 17:45:47.822,1.40784,1.40795,1.00,1.87
2017.02.08 17:45:48.087,1.40778,1.40795,1.25,1.12
2017.02.08 17:45:48.953,1.40778,1.40797,1.81,2.25
2017.02.08 17:45:49.725,1.40781,1.40797,1.00,3.00
2017.02.08 17:45:50.037,1.40787,1.40802,1.00,3.00
2017.02.08 17:45:50.492,1.40785,1.40801,1.00,1.37
2017.02.08 17:45:51.373,1.40787,1.40801,1.00,1.87
2017.02.08 17:45:52.066,1.40786,1.408,1.00,1.12
2017.02.08 17:45:52.117,1.40781,1.408,1.50,1.87
2017.02.08 17:45:52.272,1.40786,1.408,1.00,1.12
2017.02.08 17:45:52.575,1.40782,1.40795,1.50,1.00
2017.02.08 17:45:52.879,1.40784,1.40795,1.50,1.00
2017.02.08 17:45:53.438,1.40784,1.40793,1.50,1.00
2017.02.08 17:45:53.539,1.40787,1.40799,1.50,1.12
2017.02.08 17:45:53.642,1.40785,1.40799,1.50,1.00
2017.02.08 17:45:54.454,1.40785,1.40798,1.50,1.00
2017.02.08 17:45:54.555,1.40787,1.40798,1.50,1.00
2017.02.08 17:45:55.411,1.40787,1.40799,1.50,1.00
2017.02.08 17:45:56.112,1.40787,1.408,1.50,1.00
2017.02.08 17:45:56.466,1.40787,1.40796,1.50,1.00
2017.02.08 17:45:56.644,1.40785,1.40801,1.50,1.50
2017.02.08 17:45:56.745,1.40784,1.408,1.00,1.00
2017.02.08 17:46:00.119,1.40784,1.40799,1.12,1.00
2017.02.08 17:46:00.220,1.40784,1.40796,1.12,1.00
2017.02.08 17:46:00.632,1.40782,1.40796,1.50,1.50
2017.02.08 17:46:00.834,1.40782,1.40794,1.50,1.00
2017.02.08 17:46:01.477,1.40785,1.40794,1.50,1.00
2017.02.08 17:46:01.528,1.40783,1.40798,1.00,1.50
2017.02.08 17:46:01.579,1.40781,1.40798,2.25,1.50
2017.02.08 17:46:02.147,1.40782,1.40798,1.00,2.25
2017.02.08 17:46:02.676,1.40782,1.40798,1.12,1.50
2017.02.08 17:46:02.839,1.40783,1.40799,1.12,1.87
2017.02.08 17:46:03.721,1.40783,1.40797,1.12,1.00
2017.02.08 17:46:04.067,1.40783,1.40792,1.12,1.00
2017.02.08 17:46:04.725,1.40783,1.40795,1.12,1.00
2017.02.08 17:46:04.776,1.40781,1.40797,1.50,1.00
2017.02.08 17:46:04.928,1.40781,1.40797,1.50,1.00
2017.02.08 17:46:05.132,1.40783,1.40797,1.12,1.00
2017.02.08 17:46:05.183,1.40783,1.40799,1.81,1.87
2017.02.08 17:46:05.234,1.40782,1.40797,1.37,1.00
2017.02.08 17:46:05.487,1.40781,1.40797,2.62,1.12
2017.02.08 17:46:06.087,1.40781,1.40797,2.25,1.00
2017.02.08 17:46:06.441,1.40785,1.40797,1.12,1.00
2017.02.08 17:46:07.078,1.40785,1.40793,1.12,1.00
2017.02.08 17:46:08.084,1.40785,1.40795,1.12,1.00
2017.02.08 17:46:08.136,1.40785,1.408,1.12,1.12
2017.02.08 17:46:08.187,1.40788,1.408,1.12,1.00
2017.02.08 17:46:08.541,1.40785,1.40798,1.50,1.00
2017.02.08 17:46:09.047,1.40785,1.40798,1.50,2.25
2017.02.08 17:46:13.299,1.40783,1.40798,1.87,1.12
2017.02.08 17:46:13.820,1.40782,1.40798,2.25,1.50
2017.02.08 17:46:14.351,1.40785,1.40802,1.12,3.00
2017.02.08 17:46:14.587,1.40786,1.40798,1.87,1.12
2017.02.08 17:46:14.689,1.40783,1.40798,1.87,1.87
2017.02.08 17:46:15.044,1.40786,1.40803,1.31,3.00
2017.02.08 17:46:16.086,1.40787,1.40802,1.31,2.25
2017.02.08 17:46:17.010,1.40786,1.40796,1.12,1.00
2017.02.08 17:46:17.062,1.40783,1.40796,2.25,1.00
2017.02.08 17:46:17.113,1.40783,1.40794,1.00,1.00
2017.02.08 17:46:17.639,1.40781,1.40794,1.12,1.00
2017.02.08 17:46:19.716,1.40782,1.40794,1.12,1.00
2017.02.08 17:46:20.232,1.40782,1.40795,1.12,1.50
2017.02.08 17:46:20.769,1.4078,1.40795,1.81,1.50
2017.02.08 17:46:22.172,1.40783,1.40797,1.12,1.12
2017.02.08 17:46:22.720,1.40783,1.40798,2.62,1.00
2017.02.08 17:46:23.652,1.40783,1.40799,2.62,1.00
2017.02.08 17:46:23.957,1.40787,1.40801,1.25,1.00
2017.02.08 17:46:24.708,1.40787,1.40801,1.62,1.00
2017.02.08 17:46:26.624,1.40787,1.40799,1.62,1.00
2017.02.08 17:46:26.726,1.40785,1.40799,1.25,1.00
2017.02.08 17:46:27.660,1.40784,1.40798,1.12,1.00
2017.02.08 17:46:27.711,1.40784,1.40801,1.12,1.12
2017.02.08 17:46:27.762,1.40789,1.40804,1.87,1.87
2017.02.08 17:46:28.066,1.4078,1.40789,3.19,1.00
2017.02.08 17:46:28.117,1.4078,1.40789,1.31,1.00
2017.02.08 17:46:28.219,1.40779,1.40789,1.12,1.00
2017.02.08 17:46:28.371,1.40776,1.40789,1.12,1.00
2017.02.08 17:46:28.928,1.40775,1.40789,1.25,1.00
2017.02.08 17:46:29.080,1.40778,1.40791,1.12,1.00
2017.02.08 17:46:29.434,1.40778,1.40793,1.81,2.25
2017.02.08 17:46:29.984,1.40778,1.40792,1.12,1.00
2017.02.08 17:46:30.035,1.40778,1.4079,1.12,1.00
2017.02.08 17:46:30.643,1.40779,1.40789,1.12,1.00
2017.02.08 17:46:30.795,1.40777,1.40789,1.12,1.12
2017.02.08 17:46:30.897,1.40774,1.40787,1.12,1.00
2017.02.08 17:46:32.392,1.40771,1.40784,1.87,1.00
2017.02.08 17:46:32.699,1.40775,1.40785,1.12,1.00
2017.02.08 17:46:33.083,1.40778,1.40786,1.12,1.00
2017.02.08 17:46:33.818,1.40775,1.40786,1.81,1.00
2017.02.08 17:46:33.869,1.40777,1.40791,1.12,1.00
2017.02.08 17:46:34.224,1.40778,1.40786,1.25,1.00
2017.02.08 17:46:34.326,1.40774,1.40788,1.81,1.00
2017.02.08 17:46:34.427,1.40772,1.40788,1.81,1.00
2017.02.08 17:46:34.529,1.40772,1.40786,1.81,1.00
2017.02.08 17:46:34.630,1.40771,1.4079,1.37,3.00
2017.02.08 17:46:34.732,1.40772,1.4079,1.12,1.50
2017.02.08 17:46:35.249,1.40773,1.40789,1.50,1.00
2017.02.08 17:46:35.572,1.40765,1.40779,1.50,1.12
2017.02.08 17:46:35.623,1.40764,1.40781,1.31,1.87
2017.02.08 17:46:36.160,1.40764,1.40783,2.25,1.87
2017.02.08 17:46:36.838,1.40765,1.40781,1.62,1.37
2017.02.08 17:46:38.292,1.40765,1.40781,1.62,1.37
2017.02.08 17:46:38.394,1.40763,1.40781,2.62,1.37
2017.02.08 17:46:39.467,1.40765,1.40782,1.62,1.87
2017.02.08 17:46:39.669,1.40766,1.40782,1.37,1.12
2017.02.08 17:46:39.820,1.40769,1.40784,1.12,3.00
2017.02.08 17:46:39.871,1.40772,1.40787,1.12,1.87
2017.02.08 17:46:40.401,1.40772,1.40787,1.00,1.50
2017.02.08 17:46:40.958,1.40773,1.40787,1.00,1.50
2017.02.08 17:46:41.508,1.40774,1.40788,1.00,1.12
2017.02.08 17:46:41.937,1.40774,1.40787,1.00,1.37
2017.02.08 17:46:41.988,1.40771,1.40787,1.50,1.37
2017.02.08 17:46:42.039,1.40772,1.40788,1.00,2.25
2017.02.08 17:46:43.512,1.40772,1.40788,1.00,2.25
2017.02.08 17:46:43.563,1.40775,1.40788,1.00,2.25
2017.02.08 17:46:43.712,1.40775,1.40788,1.00,1.50
2017.02.08 17:46:43.763,1.40773,1.40786,1.00,1.87
2017.02.08 17:46:43.865,1.4077,1.40783,1.37,1.37
2017.02.08 17:46:43.916,1.40765,1.40783,2.25,2.25
2017.02.08 17:46:44.017,1.40768,1.40783,1.00,1.37
2017.02.08 17:46:44.170,1.40771,1.40786,1.00,3.00
2017.02.08 17:46:44.695,1.40771,1.40786,1.00,2.62
2017.02.08 17:46:44.898,1.40766,1.40785,1.31,1.37
2017.02.08 17:46:44.949,1.40766,1.40783,1.62,1.50
2017.02.08 17:46:45.000,1.40765,1.40783,1.50,1.50
2017.02.08 17:46:45.532,1.40764,1.40783,1.31,2.25
2017.02.08 17:46:45.634,1.40764,1.40781,1.31,1.87
2017.02.08 17:46:45.685,1.40762,1.4078,1.75,1.37
2017.02.08 17:46:45.737,1.40761,1.4078,1.31,1.50
2017.02.08 17:46:45.889,1.40764,1.40783,1.62,3.75
2017.02.08 17:46:46.041,1.40765,1.40783,1.50,2.25
2017.02.08 17:46:46.245,1.40766,1.40783,1.31,1.37
2017.02.08 17:46:46.852,1.40762,1.4078,1.25,1.87
2017.02.08 17:46:47.109,1.40762,1.40778,1.25,1.37
2017.02.08 17:46:47.362,1.40762,1.40776,1.25,1.37
2017.02.08 17:46:47.665,1.40758,1.40776,2.25,1.87
2017.02.08 17:46:48.083,1.40763,1.40779,1.00,2.62
2017.02.08 17:46:48.134,1.40761,1.40778,1.12,1.87
2017.02.08 17:46:48.186,1.4076,1.40778,1.50,2.62
2017.02.08 17:46:48.354,1.4076,1.40778,1.37,2.25
2017.02.08 17:46:48.461,1.40761,1.4078,1.81,1.87
2017.02.08 17:46:48.512,1.40764,1.4078,1.12,1.87
2017.02.08 17:46:48.614,1.40764,1.40779,1.12,1.00
2017.02.08 17:46:49.119,1.40764,1.40781,1.87,1.37
2017.02.08 17:46:49.625,1.40765,1.40781,1.81,1.37
2017.02.08 17:46:50.157,1.40765,1.40782,1.81,1.50
2017.02.08 17:46:50.207,1.40765,1.40782,1.81,1.50
2017.02.08 17:46:50.730,1.40766,1.40782,1.12,1.50
2017.02.08 17:46:51.824,1.40765,1.40782,1.25,1.50
2017.02.08 17:46:53.899,1.40765,1.40781,1.25,1.37
2017.02.08 17:46:56.507,1.40767,1.40782,1.87,1.00
2017.02.08 17:46:56.559,1.40768,1.40783,1.31,2.62
2017.02.08 17:46:57.065,1.40768,1.40783,1.87,1.87
2017.02.08 17:46:58.991,1.40768,1.40782,1.00,1.37
2017.02.08 17:46:59.518,1.40765,1.40783,2.06,1.37
2017.02.08 17:47:00.043,1.40765,1.40783,2.06,1.37
2017.02.08 17:47:00.637,1.40765,1.40783,2.06,1.37
2017.02.08 17:47:00.930,1.40768,1.40786,1.00,4.50
2017.02.08 17:47:01.032,1.40766,1.40781,2.19,1.37
2017.02.08 17:47:01.538,1.40765,1.40781,1.62,1.87
2017.02.08 17:47:01.690,1.40763,1.40781,1.50,1.87
2017.02.08 17:47:03.185,1.40764,1.4078,1.25,1.37
2017.02.08 17:47:03.782,1.40764,1.4078,1.25,1.00
2017.02.08 17:47:05.940,1.40767,1.4078,1.00,1.00
2017.02.08 17:47:06.692,1.40768,1.4078,1.00,1.37
2017.02.08 17:47:07.007,1.4077,1.40782,1.00,1.00
2017.02.08 17:47:07.108,1.40772,1.40783,1.00,1.37
2017.02.08 17:47:07.329,1.4077,1.40783,1.00,1.37
2017.02.08 17:47:07.381,1.40773,1.40786,1.00,1.12
2017.02.08 17:47:07.432,1.40776,1.40786,1.00,1.12
2017.02.08 17:47:08.200,1.40776,1.40786,1.00,1.50
2017.02.08 17:47:08.403,1.40773,1.40786,1.00,1.50
2017.02.08 17:47:08.792,1.40771,1.40785,1.00,1.50
2017.02.08 17:47:09.345,1.40772,1.40784,1.00,1.00
2017.02.08 17:47:10.022,1.40772,1.40784,1.00,1.37
2017.02.08 17:47:10.073,1.40768,1.40784,1.12,1.87
2017.02.08 17:47:10.124,1.40768,1.40783,1.12,1.37
2017.02.08 17:47:10.478,1.40768,1.40783,1.00,1.50
2017.02.08 17:47:11.657,1.40767,1.40781,1.00,1.00
2017.02.08 17:47:12.292,1.40767,1.40781,1.00,1.50
2017.02.08 17:47:13.824,1.40767,1.40779,1.00,1.00
2017.02.08 17:47:13.875,1.40766,1.40777,1.00,1.12
2017.02.08 17:47:13.976,1.40764,1.40777,1.00,1.12
2017.02.08 17:47:15.168,1.40764,1.40776,1.00,1.12
2017.02.08 17:47:15.220,1.40763,1.40775,1.00,1.37
2017.02.08 17:47:15.271,1.40761,1.40775,1.69,1.37
2017.02.08 17:47:15.322,1.40761,1.40775,1.00,1.12
2017.02.08 17:47:15.612,1.40765,1.40779,1.00,1.75
2017.02.08 17:47:15.715,1.40766,1.40779,1.00,1.00
2017.02.08 17:47:15.992,1.40766,1.40779,1.00,1.37
2017.02.08 17:47:16.195,1.40765,1.40779,1.00,1.00
2017.02.08 17:47:16.640,1.40767,1.4078,1.00,1.00
2017.02.08 17:47:18.185,1.40771,1.40782,1.00,1.50
2017.02.08 17:47:18.337,1.40769,1.40782,1.00,1.37
2017.02.08 17:47:18.882,1.40769,1.40783,1.00,1.37
2017.02.08 17:47:19.428,1.4077,1.40783,1.00,1.37
2017.02.08 17:47:20.116,1.40771,1.40784,1.00,1.50
2017.02.08 17:47:20.167,1.40766,1.40784,1.87,1.50
2017.02.08 17:47:20.218,1.40773,1.40784,1.00,1.50
2017.02.08 17:47:20.269,1.40769,1.40784,1.00,1.50
2017.02.08 17:47:20.599,1.40769,1.40782,1.00,1.37
2017.02.08 17:47:21.157,1.40769,1.40782,1.00,1.00
2017.02.08 17:47:23.935,1.40769,1.40781,1.00,1.00
2017.02.08 17:47:27.823,1.40769,1.40782,1.00,1.00
2017.02.08 17:47:30.864,1.40769,1.40783,1.50,1.00
2017.02.08 17:47:31.168,1.40774,1.4079,2.25,1.00
2017.02.08 17:47:31.219,1.40783,1.40792,1.00,1.12
2017.02.08 17:47:31.270,1.4078,1.40795,1.00,1.75
2017.02.08 17:47:31.372,1.40784,1.40795,1.00,1.75
2017.02.08 17:47:31.473,1.4078,1.40795,1.87,1.37
2017.02.08 17:47:31.524,1.40781,1.40795,1.00,1.12
2017.02.08 17:47:31.647,1.40779,1.40795,1.31,1.12
2017.02.08 17:47:31.699,1.40781,1.40798,1.00,1.75
2017.02.08 17:47:32.033,1.40784,1.40798,1.00,1.75
2017.02.08 17:47:33.092,1.40783,1.40794,1.00,1.12
2017.02.08 17:47:33.194,1.40776,1.40794,3.00,1.75
2017.02.08 17:47:33.297,1.4078,1.40794,1.00,1.75
2017.02.08 17:47:36.776,1.4078,1.40796,1.12,1.87
2017.02.08 17:47:36.878,1.40783,1.40796,1.00,1.31
2017.02.08 17:47:37.525,1.40782,1.40796,1.00,1.31
2017.02.08 17:47:38.084,1.40782,1.40795,1.00,1.00
2017.02.08 17:47:38.742,1.40787,1.40797,1.00,1.00
2017.02.08 17:47:38.793,1.40784,1.40797,1.00,1.00
2017.02.08 17:47:38.844,1.40781,1.40794,1.50,1.00
2017.02.08 17:47:39.047,1.40779,1.40794,1.00,1.50
2017.02.08 17:47:39.098,1.40781,1.40794,1.00,1.50
2017.02.08 17:47:39.302,1.40779,1.40794,1.00,1.00
2017.02.08 17:47:39.809,1.4078,1.40794,1.00,1.00
2017.02.08 17:47:40.080,1.40783,1.40795,1.00,1.12
2017.02.08 17:47:40.283,1.40781,1.40795,1.00,1.12
2017.02.08 17:47:40.814,1.40783,1.40796,1.00,1.50
2017.02.08 17:47:41.067,1.4078,1.40794,1.00,1.00
2017.02.08 17:47:41.577,1.40781,1.40794,1.00,1.37
2017.02.08 17:47:41.943,1.40779,1.40792,1.00,1.00
2017.02.08 17:47:42.449,1.40779,1.40793,1.00,1.12
2017.02.08 17:47:42.847,1.40779,1.40791,1.00,1.00
2017.02.08 17:47:43.391,1.40778,1.4079,1.00,1.00
2017.02.08 17:47:43.644,1.40776,1.4079,1.87,1.12
2017.02.08 17:47:43.745,1.4078,1.4079,1.00,1.12
2017.02.08 17:47:44.196,1.40778,1.4079,1.00,1.12
2017.02.08 17:47:44.327,1.40782,1.40791,1.00,1.00
2017.02.08 17:47:44.378,1.4078,1.40791,1.00,1.00
2017.02.08 17:47:44.915,1.4078,1.40792,1.00,1.00
2017.02.08 17:47:45.301,1.4078,1.40788,1.00,1.00
2017.02.08 17:47:45.352,1.40772,1.40788,7.12,1.00
2017.02.08 17:47:45.453,1.40778,1.4079,1.00,1.00
2017.02.08 17:47:45.606,1.4078,1.40793,1.00,2.06
2017.02.08 17:47:45.758,1.40776,1.40793,1.75,1.00
2017.02.08 17:47:45.859,1.40783,1.40793,1.00,1.00
2017.02.08 17:47:46.581,1.40783,1.40792,1.00,1.00
2017.02.08 17:47:47.414,1.40775,1.40791,2.06,1.00
2017.02.08 17:47:47.465,1.40781,1.40793,1.00,1.00
2017.02.08 17:47:47.977,1.4078,1.40793,1.00,1.00
2017.02.08 17:47:48.525,1.40781,1.40793,1.00,1.00
2017.02.08 17:47:48.906,1.40779,1.40793,1.00,1.00
2017.02.08 17:47:49.361,1.40781,1.40793,1.00,1.00
2017.02.08 17:47:49.412,1.40781,1.40795,1.00,1.69
2017.02.08 17:47:50.442,1.40781,1.40793,1.00,1.00
2017.02.08 17:47:52.053,1.40781,1.40796,1.00,1.50
2017.02.08 17:47:52.578,1.40782,1.40795,1.00,1.00
2017.02.08 17:47:53.201,1.40782,1.40794,1.00,1.00
2017.02.08 17:47:53.870,1.40777,1.4079,1.31,1.37
2017.02.08 17:47:53.922,1.40776,1.4079,1.87,1.12
2017.02.08 17:47:54.023,1.40782,1.4079,1.00,1.12
2017.02.08 17:47:54.074,1.4078,1.4079,1.00,1.12
2017.02.08 17:47:54.593,1.40779,1.4079,1.00,1.00
2017.02.08 17:47:56.752,1.40778,1.4079,1.00,1.00
2017.02.08 17:47:57.343,1.40776,1.40789,1.31,1.12
2017.02.08 17:47:58.025,1.4078,1.40789,1.00,1.87
2017.02.08 17:47:58.076,1.40774,1.40789,1.12,1.87
2017.02.08 17:47:58.647,1.40779,1.40789,1.00,1.87
2017.02.08 17:47:58.749,1.40776,1.40789,1.31,1.87
2017.02.08 17:48:00.365,1.40775,1.4079,1.00,1.50
2017.02.08 17:48:00.467,1.40777,1.40783,1.00,1.00
2017.02.08 17:48:00.568,1.40772,1.40783,1.00,1.00
2017.02.08 17:48:00.655,1.40776,1.40783,1.00,1.00
2017.02.08 17:48:02.035,1.40772,1.40783,1.00,1.00
2017.02.08 17:48:04.435,1.40771,1.40783,1.50,1.00
2017.02.08 17:48:05.225,1.40772,1.40785,1.87,1.00
2017.02.08 17:48:05.730,1.40772,1.40785,1.50,1.00
2017.02.08 17:48:07.755,1.40778,1.40785,1.00,1.00
2017.02.08 17:48:07.862,1.40776,1.40785,1.00,1.00
2017.02.08 17:48:08.234,1.40777,1.40788,1.00,1.12
2017.02.08 17:48:08.336,1.4078,1.4079,1.00,1.75
2017.02.08 17:48:08.488,1.40779,1.4079,1.00,1.00
2017.02.08 17:48:08.763,1.40779,1.40787,1.00,1.00
2017.02.08 17:48:09.125,1.40779,1.40789,1.00,1.00
2017.02.08 17:48:09.356,1.4078,1.40787,1.00,1.00
2017.02.08 17:48:09.722,1.4078,1.40793,1.00,1.31
2017.02.08 17:48:09.823,1.40776,1.40787,1.50,1.87
2017.02.08 17:48:09.925,1.40774,1.40784,1.50,1.37
2017.02.08 17:48:09.977,1.40773,1.40784,1.00,1.37
2017.02.08 17:48:10.028,1.40772,1.40784,1.00,1.37
2017.02.08 17:48:10.079,1.40767,1.40784,1.69,1.37
2017.02.08 17:48:10.180,1.40769,1.40782,1.00,1.37
2017.02.08 17:48:10.485,1.40762,1.40777,1.25,1.00
2017.02.08 17:48:10.729,1.40764,1.40778,1.00,1.75
2017.02.08 17:48:11.058,1.40766,1.40779,1.00,1.75
2017.02.08 17:48:11.609,1.40765,1.40779,1.00,1.37
2017.02.08 17:48:11.915,1.40767,1.4078,1.00,2.06
2017.02.08 17:48:14.125,1.40768,1.40781,1.00,2.06
2017.02.08 17:48:14.656,1.40767,1.40781,1.00,1.69
2017.02.08 17:48:15.188,1.40768,1.40781,1.00,2.06
2017.02.08 17:48:15.713,1.40768,1.40781,1.00,2.62
2017.02.08 17:48:16.236,1.40767,1.40781,1.00,2.62
2017.02.08 17:48:17.814,1.40767,1.40781,1.00,2.06
2017.02.08 17:48:18.118,1.40774,1.40784,1.00,1.50
2017.02.08 17:48:18.220,1.40772,1.40784,1.00,1.12
2017.02.08 17:48:18.422,1.40776,1.40784,1.00,1.00
2017.02.08 17:48:18.473,1.40772,1.40784,1.00,1.00
2017.02.08 17:48:18.986,1.40773,1.40785,1.00,1.00
2017.02.08 17:48:20.361,1.40773,1.40786,1.00,1.50
2017.02.08 17:48:23.061,1.40773,1.40785,1.00,1.00
2017.02.08 17:48:23.112,1.40772,1.40783,1.00,1.37
2017.02.08 17:48:23.163,1.40765,1.40783,3.37,1.37
2017.02.08 17:48:23.214,1.40767,1.40785,1.31,1.75
2017.02.08 17:48:23.265,1.40767,1.40785,1.31,2.25
2017.02.08 17:48:23.417,1.40768,1.40785,2.25,1.37
2017.02.08 17:48:23.924,1.4077,1.40785,1.12,2.44
2017.02.08 17:48:24.306,1.40768,1.40784,1.12,1.00
2017.02.08 17:48:24.411,1.4077,1.40786,1.00,1.12
2017.02.08 17:48:24.715,1.40772,1.40788,1.31,1.50
2017.02.08 17:48:25.307,1.40771,1.40789,1.00,1.87
2017.02.08 17:48:25.625,1.40771,1.40784,1.00,1.00
2017.02.08 17:48:25.937,1.40772,1.4079,1.00,1.50
2017.02.08 17:48:26.464,1.4077,1.40788,1.87,1.12
2017.02.08 17:48:27.232,1.4077,1.40788,1.37,1.37
2017.02.08 17:48:27.283,1.4077,1.40787,1.37,1.94
2017.02.08 17:48:27.435,1.40768,1.40787,2.25,2.06
2017.02.08 17:48:27.737,1.4077,1.40787,1.00,1.00
2017.02.08 17:48:28.242,1.40771,1.40789,1.12,2.00
2017.02.08 17:48:28.743,1.40769,1.40783,4.31,1.00
2017.02.08 17:48:29.911,1.40769,1.40785,1.31,1.37
2017.02.08 17:48:30.114,1.40767,1.40784,1.25,1.50
2017.02.08 17:48:30.266,1.40767,1.40778,1.12,1.00
2017.02.08 17:48:30.519,1.40763,1.40779,1.87,1.50
2017.02.08 17:48:30.824,1.40767,1.40784,1.00,2.00
2017.02.08 17:48:31.535,1.40767,1.40777,1.00,1.00
2017.02.08 17:48:32.895,1.40766,1.40777,1.50,1.00
2017.02.08 17:48:33.304,1.40766,1.40779,1.50,1.00
2017.02.08 17:48:33.457,1.40764,1.40778,3.00,1.37
2017.02.08 17:48:33.508,1.40764,1.40778,1.75,1.12
2017.02.08 17:48:33.737,1.40762,1.40778,1.87,1.00
2017.02.08 17:48:35.555,1.40762,1.4078,3.37,1.50
2017.02.08 17:48:35.772,1.40762,1.4078,3.37,1.87
2017.02.08 17:48:36.707,1.40763,1.4078,1.00,1.12
2017.02.08 17:48:37.011,1.40767,1.40781,1.12,1.00
2017.02.08 17:48:37.666,1.40767,1.40783,1.12,1.37
2017.02.08 17:48:38.311,1.4077,1.40787,1.31,2.25
2017.02.08 17:48:38.864,1.4077,1.40786,1.31,1.00
2017.02.08 17:48:39.404,1.40772,1.40788,1.12,1.87
2017.02.08 17:48:39.608,1.4077,1.40787,1.00,1.87
2017.02.08 17:48:40.135,1.40768,1.40783,1.12,1.00
2017.02.08 17:48:41.204,1.40768,1.40784,1.31,1.37
2017.02.08 17:48:41.914,1.40767,1.40783,1.12,2.62
2017.02.08 17:48:42.369,1.40768,1.40786,1.00,4.31
2017.02.08 17:48:42.871,1.40766,1.40784,3.00,1.00
2017.02.08 17:48:44.199,1.40768,1.40785,1.50,1.12
2017.02.08 17:48:44.948,1.40765,1.40782,3.56,1.37
2017.02.08 17:48:44.999,1.40765,1.40781,1.37,1.12
2017.02.08 17:48:45.050,1.40765,1.40781,1.00,1.12
2017.02.08 17:48:45.559,1.40764,1.40781,1.12,1.00
2017.02.08 17:48:49.030,1.40765,1.40782,1.12,1.50
2017.02.08 17:48:49.132,1.40768,1.40782,1.12,1.50
2017.02.08 17:48:49.694,1.40768,1.40781,1.12,1.00
2017.02.08 17:48:50.462,1.40766,1.40781,1.12,1.00
2017.02.08 17:48:51.657,1.40767,1.40785,2.06,1.75
2017.02.08 17:48:51.860,1.40769,1.40785,1.00,1.00
2017.02.08 17:48:52.448,1.40769,1.40785,1.00,1.87
2017.02.08 17:48:52.656,1.40766,1.40783,1.12,1.00
2017.02.08 17:48:53.029,1.40768,1.40784,1.00,1.62
2017.02.08 17:48:53.550,1.40767,1.40784,1.00,1.62
2017.02.08 17:48:54.313,1.40765,1.40783,3.00,1.50
2017.02.08 17:48:54.415,1.40766,1.40781,1.81,1.00
2017.02.08 17:48:54.855,1.40768,1.40782,1.12,1.12
2017.02.08 17:48:55.633,1.40767,1.40782,1.12,1.12
2017.02.08 17:48:56.575,1.40776,1.40785,1.87,1.75
2017.02.08 17:48:56.627,1.40777,1.40792,2.25,2.25
2017.02.08 17:48:56.702,1.40778,1.40794,1.25,1.12
2017.02.08 17:48:56.804,1.40777,1.40794,1.81,1.50
2017.02.08 17:48:57.401,1.40776,1.40794,2.06,1.50
2017.02.08 17:49:01.222,1.40776,1.40793,1.62,1.12
2017.02.08 17:49:01.745,1.40775,1.40792,2.25,1.50
2017.02.08 17:49:02.051,1.40772,1.40789,1.00,1.87
2017.02.08 17:49:02.607,1.40773,1.40789,1.87,1.12
2017.02.08 17:49:03.498,1.40774,1.40789,1.00,1.12
2017.02.08 17:49:04.158,1.40774,1.40791,1.00,2.44
2017.02.08 17:49:08.350,1.40774,1.4079,1.50,1.87
2017.02.08 17:49:08.655,1.4078,1.40796,1.12,1.12
2017.02.08 17:49:08.758,1.40778,1.40796,2.62,1.87
2017.02.08 17:49:08.859,1.40776,1.40793,2.06,1.37
2017.02.08 17:49:09.264,1.40778,1.40792,1.12,1.37
2017.02.08 17:49:09.366,1.40775,1.40792,3.37,1.37
2017.02.08 17:49:09.849,1.40774,1.40791,1.50,1.00
2017.02.08 17:49:10.153,1.40777,1.40794,1.00,1.75
2017.02.08 17:49:10.355,1.40779,1.40797,2.06,1.50
2017.02.08 17:49:11.215,1.40778,1.40794,1.87,1.00
2017.02.08 17:49:11.751,1.40778,1.40794,1.50,1.00
2017.02.08 17:49:12.162,1.40782,1.40795,1.00,1.37
2017.02.08 17:49:12.875,1.40782,1.40797,1.50,1.12
2017.02.08 17:49:13.512,1.40782,1.40795,1.00,1.37
2017.02.08 17:49:14.389,1.40783,1.40798,1.00,1.37
2017.02.08 17:49:14.440,1.40783,1.408,1.00,1.87
2017.02.08 17:49:17.732,1.40784,1.40798,1.00,1.12
2017.02.08 17:49:18.465,1.40784,1.40799,1.00,1.12
2017.02.08 17:49:18.970,1.40784,1.40798,1.00,1.00
2017.02.08 17:49:20.912,1.40785,1.40798,1.00,1.00
2017.02.08 17:49:23.066,1.40786,1.40801,1.00,1.75
2017.02.08 17:49:23.118,1.40789,1.40803,1.00,3.00
2017.02.08 17:49:23.170,1.40789,1.40803,1.00,1.12
2017.02.08 17:49:23.271,1.4079,1.40802,1.00,1.87
2017.02.08 17:49:23.322,1.40787,1.40799,1.00,1.00
2017.02.08 17:49:23.626,1.40787,1.408,1.00,1.50
2017.02.08 17:49:25.490,1.40788,1.40803,1.00,2.06
2017.02.08 17:49:25.592,1.4079,1.40804,1.00,1.75
2017.02.08 17:49:25.794,1.4079,1.40804,1.00,1.50
2017.02.08 17:49:27.763,1.40791,1.40806,1.00,2.25
2017.02.08 17:49:28.303,1.4079,1.40803,1.00,1.12
2017.02.08 17:49:28.411,1.4079,1.40805,1.00,2.25
2017.02.08 17:49:28.564,1.40789,1.40806,1.31,1.87
2017.02.08 17:49:28.767,1.4079,1.40805,1.00,1.12
2017.02.08 17:49:28.919,1.40792,1.40805,1.00,1.00
2017.02.08 17:49:28.970,1.40793,1.40808,1.00,1.50
2017.02.08 17:49:29.530,1.40794,1.4081,1.00,2.25
2017.02.08 17:49:30.038,1.40795,1.4081,1.00,2.25
2017.02.08 17:49:30.956,1.40793,1.4081,2.62,1.75
2017.02.08 17:49:34.454,1.40792,1.4081,1.87,1.75
2017.02.08 17:49:43.887,1.40792,1.40809,1.00,1.31
2017.02.08 17:49:43.937,1.40789,1.40807,1.62,1.00
2017.02.08 17:49:44.039,1.40789,1.40806,1.25,1.37
2017.02.08 17:49:44.343,1.40788,1.40806,1.12,4.87
2017.02.08 17:49:45.057,1.40787,1.40805,1.56,1.75
2017.02.08 17:49:45.231,1.40786,1.40805,3.00,2.25
2017.02.08 17:49:45.695,1.40789,1.40804,1.12,1.75
2017.02.08 17:49:45.898,1.40791,1.40808,1.12,1.50
2017.02.08 17:49:46.203,1.40788,1.40807,2.06,1.00
2017.02.08 17:49:46.757,1.40789,1.40808,1.25,2.62
2017.02.08 17:49:47.383,1.40789,1.40806,1.81,2.62
2017.02.08 17:49:47.751,1.40789,1.40798,1.12,1.00
2017.02.08 17:49:47.802,1.40785,1.40798,1.25,1.12
2017.02.08 17:49:47.904,1.40782,1.408,1.25,1.37
2017.02.08 17:49:48.006,1.40784,1.408,1.12,1.12
2017.02.08 17:49:48.107,1.40782,1.40801,1.31,1.12
2017.02.08 17:49:48.673,1.40781,1.40798,3.75,1.00
2017.02.08 17:49:48.901,1.40783,1.40801,1.12,3.37
2017.02.08 17:49:49.205,1.40783,1.40801,1.69,1.37
2017.02.08 17:49:50.415,1.40783,1.40801,1.50,1.75
2017.02.08 17:49:50.773,1.40781,1.40801,2.44,1.31
2017.02.08 17:49:51.047,1.40782,1.40801,1.12,1.62
2017.02.08 17:49:51.301,1.40785,1.40803,1.12,1.75
2017.02.08 17:49:53.782,1.40785,1.40803,1.12,1.50
2017.02.08 17:49:55.710,1.40784,1.40802,1.25,1.12
2017.02.08 17:49:56.013,1.40785,1.40802,1.12,1.12
2017.02.08 17:49:56.832,1.40785,1.40803,1.12,2.25
2017.02.08 17:49:57.391,1.40785,1.40803,1.12,2.25
2017.02.08 17:49:59.177,1.40783,1.40802,3.37,1.75
2017.02.08 17:49:59.390,1.40783,1.40802,2.62,1.75
2017.02.08 17:49:59.813,1.40785,1.40802,1.12,1.75
2017.02.08 17:50:01.095,1.40783,1.40802,2.62,2.25
2017.02.08 17:50:02.474,1.40785,1.40803,1.50,2.62
2017.02.08 17:50:02.525,1.4079,1.40804,1.12,2.25
2017.02.08 17:50:02.576,1.40787,1.40802,1.00,1.00
2017.02.08 17:50:02.981,1.40785,1.40804,1.00,3.00
2017.02.08 17:50:03.032,1.40783,1.40798,2.25,1.00
2017.02.08 17:50:03.336,1.4078,1.40797,1.37,1.37
2017.02.08 17:50:03.488,1.4078,1.40799,2.81,2.25
2017.02.08 17:50:03.879,1.40782,1.40799,1.12,1.75
2017.02.08 17:50:04.284,1.40779,1.40798,2.62,3.37
2017.02.08 17:50:04.487,1.4078,1.40799,2.62,1.37
2017.02.08 17:50:04.992,1.40781,1.40799,1.87,1.87
2017.02.08 17:50:05.093,1.40781,1.40798,1.00,1.31
2017.02.08 17:50:05.197,1.40781,1.40799,1.12,1.50
2017.02.08 17:50:07.082,1.40783,1.408,1.12,1.75
2017.02.08 17:50:07.286,1.40785,1.40802,1.12,1.37
2017.02.08 17:50:07.896,1.40785,1.40802,1.12,2.62
2017.02.08 17:50:08.909,1.40786,1.40802,1.00,1.75
2017.02.08 17:50:08.960,1.40784,1.40802,2.62,1.37
2017.02.08 17:50:09.011,1.40784,1.40801,1.00,1.25
2017.02.08 17:50:09.214,1.40781,1.408,2.06,2.25
2017.02.08 17:50:09.334,1.40783,1.408,1.12,1.50
2017.02.08 17:50:09.830,1.40783,1.40799,1.12,1.50
2017.02.08 17:50:10.365,1.40782,1.40799,1.12,2.25
2017.02.08 17:50:10.890,1.40782,1.408,1.87,1.00
2017.02.08 17:50:10.992,1.40782,1.408,1.50,1.87
2017.02.08 17:50:11.043,1.40782,1.408,1.50,2.25
2017.02.08 17:50:11.653,1.40782,1.40799,1.12,2.25
2017.02.08 17:50:16.937,1.40781,1.40799,1.87,1.75
2017.02.08 17:50:19.083,1.40781,1.40798,1.12,2.62
2017.02.08 17:50:19.667,1.40781,1.40798,1.12,1.50
2017.02.08 17:50:20.297,1.40782,1.40798,1.12,1.50
2017.02.08 17:50:24.912,1.40781,1.40798,1.12,2.25
2017.02.08 17:50:25.517,1.40782,1.40798,1.12,2.25
2017.02.08 17:50:27.917,1.40781,1.40798,1.12,2.25
2017.02.08 17:50:29.619,1.40782,1.40797,1.12,1.12
2017.02.08 17:50:30.146,1.40784,1.40799,1.12,1.00
2017.02.08 17:50:30.197,1.40784,1.40801,1.12,1.12
2017.02.08 17:50:33.063,1.40788,1.40801,1.00,1.87
2017.02.08 17:50:33.115,1.40782,1.40801,3.37,1.87
2017.02.08 17:50:33.269,1.40787,1.408,1.00,2.25
2017.02.08 17:50:33.582,1.40785,1.40798,1.00,1.75
2017.02.08 17:50:35.973,1.40785,1.40796,1.00,1.87
2017.02.08 17:50:36.051,1.40783,1.40796,1.00,4.50
2017.02.08 17:50:36.153,1.40777,1.40792,2.62,1.00
2017.02.08 17:50:36.689,1.40779,1.40793,1.00,1.00
2017.02.08 17:50:37.194,1.40779,1.40792,1.00,1.12
2017.02.08 17:50:38.369,1.40779,1.40791,1.87,1.87
2017.02.08 17:50:38.471,1.40776,1.40789,1.87,1.00
2017.02.08 17:50:38.523,1.40776,1.40788,1.87,1.87
2017.02.08 17:50:38.726,1.40774,1.40787,1.00,1.50
2017.02.08 17:50:38.827,1.40776,1.40788,1.00,1.75
2017.02.08 17:50:38.928,1.40774,1.40789,1.00,2.25
2017.02.08 17:50:39.308,1.40776,1.40789,1.00,1.87
2017.02.08 17:50:39.358,1.40776,1.40788,1.00,1.00
2017.02.08 17:50:39.409,1.40774,1.40788,1.00,1.00
2017.02.08 17:50:39.919,1.40774,1.40789,1.00,3.37
2017.02.08 17:50:40.470,1.40774,1.40788,1.00,1.00
2017.02.08 17:50:40.891,1.40773,1.40787,1.00,1.87
2017.02.08 17:50:41.774,1.40776,1.40789,1.00,2.25
2017.02.08 17:50:41.825,1.40774,1.40791,1.50,2.25
2017.02.08 17:50:41.876,1.40776,1.40791,1.00,2.62
2017.02.08 17:50:42.180,1.4078,1.40794,1.00,2.62
2017.02.08 17:50:42.486,1.40778,1.40792,1.00,1.50
2017.02.08 17:50:42.588,1.40779,1.40793,1.00,2.62
2017.02.08 17:50:43.173,1.4078,1.40793,1.00,1.37
2017.02.08 17:50:43.426,1.4078,1.40789,1.00,1.00
2017.02.08 17:50:43.578,1.40778,1.40792,1.12,1.87
2017.02.08 17:50:43.680,1.4077,1.40788,1.12,2.25
2017.02.08 17:50:43.731,1.40776,1.40788,1.00,3.00
2017.02.08 17:50:43.833,1.40771,1.40787,1.00,1.00
2017.02.08 17:50:43.884,1.40776,1.40788,1.00,3.00
2017.02.08 17:50:44.036,1.40774,1.40788,1.00,2.62
2017.02.08 17:50:44.540,1.40772,1.40786,1.00,1.87
2017.02.08 17:50:44.642,1.4077,1.40785,1.87,1.12
2017.02.08 17:50:44.844,1.40772,1.40785,1.00,1.12
2017.02.08 17:50:44.996,1.40772,1.40785,1.00,1.00
2017.02.08 17:50:45.097,1.40772,1.40785,1.00,1.12
2017.02.08 17:50:45.316,1.40768,1.40782,1.00,1.00
2017.02.08 17:50:46.105,1.40768,1.40783,1.00,3.37
2017.02.08 17:50:46.664,1.40772,1.40783,1.00,2.25
2017.02.08 17:50:46.816,1.40772,1.40785,1.00,3.37
2017.02.08 17:50:47.418,1.40772,1.40785,1.00,3.37
2017.02.08 17:50:47.570,1.4077,1.40784,1.00,3.19
2017.02.08 17:50:47.861,1.4077,1.40784,1.00,2.81
2017.02.08 17:50:48.470,1.40771,1.40784,1.00,2.81
2017.02.08 17:50:48.571,1.40765,1.40784,3.00,1.50
2017.02.08 17:50:48.690,1.40765,1.40784,2.62,1.50
2017.02.08 17:50:48.994,1.40776,1.40788,1.00,1.37
2017.02.08 17:50:49.095,1.40776,1.40788,1.00,1.00
2017.02.08 17:50:49.712,1.40776,1.40787,1.00,1.00
2017.02.08 17:50:50.255,1.40775,1.40788,1.00,1.00
2017.02.08 17:50:50.306,1.40773,1.40788,1.00,1.00
2017.02.08 17:50:50.357,1.40775,1.40788,1.00,1.00
2017.02.08 17:50:50.459,1.40772,1.40789,1.50,1.87
2017.02.08 17:50:50.510,1.40776,1.40789,1.00,1.50
2017.02.08 17:50:51.872,1.40777,1.4079,1.00,1.50
2017.02.08 17:50:53.657,1.40776,1.40788,1.00,1.00
2017.02.08 17:50:56.288,1.40772,1.40788,1.12,1.12
2017.02.08 17:51:00.979,1.40774,1.4079,1.12,1.37
2017.02.08 17:51:01.172,1.40774,1.4079,1.81,1.00
2017.02.08 17:51:01.716,1.40774,1.4079,1.25,1.00
2017.02.08 17:51:03.158,1.40775,1.4079,1.12,1.00
2017.02.08 17:51:03.209,1.40777,1.40792,1.00,1.50
2017.02.08 17:51:03.375,1.40777,1.40794,1.87,1.50
2017.02.08 17:51:06.882,1.40778,1.40794,1.87,1.12
2017.02.08 17:51:07.178,1.40781,1.40793,1.00,1.00
2017.02.08 17:51:07.229,1.40781,1.40797,1.00,1.50
2017.02.08 17:51:07.432,1.40781,1.40798,1.37,1.00
2017.02.08 17:51:08.016,1.40781,1.40799,1.87,1.87
2017.02.08 17:51:08.826,1.40783,1.40799,1.00,1.25
2017.02.08 17:51:09.343,1.40783,1.408,1.50,3.37
2017.02.08 17:51:09.869,1.40784,1.408,2.25,1.00
2017.02.08 17:51:10.375,1.40784,1.40801,2.25,1.87
2017.02.08 17:51:10.959,1.40782,1.40799,2.06,1.00
2017.02.08 17:51:11.169,1.40782,1.40799,1.25,2.62
2017.02.08 17:51:11.523,1.40782,1.40797,1.25,1.00
2017.02.08 17:51:11.827,1.40784,1.40801,2.44,1.50
2017.02.08 17:51:11.878,1.40786,1.40803,1.12,2.25
2017.02.08 17:51:11.979,1.40786,1.40803,1.87,1.00
2017.02.08 17:51:12.151,1.40786,1.40801,1.12,1.87
2017.02.08 17:51:12.202,1.40785,1.40801,1.31,1.50
2017.02.08 17:51:12.254,1.40784,1.408,1.87,1.87
2017.02.08 17:51:12.356,1.40782,1.40799,2.25,1.00
2017.02.08 17:51:13.066,1.40782,1.40799,1.50,1.12
2017.02.08 17:51:13.167,1.40784,1.408,1.12,1.87
2017.02.08 17:51:13.484,1.40784,1.40798,1.12,1.50
2017.02.08 17:51:13.958,1.40784,1.408,1.12,1.37
2017.02.08 17:51:14.160,1.40784,1.40802,1.50,3.75
2017.02.08 17:51:15.322,1.40784,1.40802,2.25,2.25
2017.02.08 17:51:15.494,1.40786,1.40797,1.12,1.00
2017.02.08 17:51:15.697,1.40786,1.408,1.12,1.00
2017.02.08 17:51:16.280,1.40786,1.40799,1.12,1.00
2017.02.08 17:51:16.483,1.40787,1.40799,1.12,1.00
2017.02.08 17:51:16.764,1.40785,1.40802,1.50,1.00
2017.02.08 17:51:18.429,1.40789,1.40804,1.00,1.50
2017.02.08 17:51:18.733,1.40788,1.40799,1.00,1.12
2017.02.08 17:51:18.986,1.40785,1.40799,1.12,1.12
2017.02.08 17:51:19.467,1.40785,1.40799,1.12,2.25
2017.02.08 17:51:19.569,1.40785,1.40799,1.12,1.87
2017.02.08 17:51:20.770,1.40785,1.40798,1.12,1.00
2017.02.08 17:51:21.363,1.40785,1.40799,1.12,1.87
2017.02.08 17:51:21.415,1.4079,1.408,1.12,1.50
2017.02.08 17:51:21.516,1.40785,1.40802,1.81,1.75
2017.02.08 17:51:21.669,1.40785,1.40801,1.81,1.00
2017.02.08 17:51:21.995,1.40783,1.40801,2.25,1.87
2017.02.08 17:51:22.243,1.40783,1.40797,1.81,1.00
2017.02.08 17:51:22.396,1.40778,1.40796,2.06,1.37
2017.02.08 17:51:22.497,1.40777,1.40794,1.75,1.87
2017.02.08 17:51:22.650,1.40777,1.40794,1.69,1.00
2017.02.08 17:51:23.106,1.40777,1.40793,1.25,1.37
2017.02.08 17:51:23.685,1.40777,1.40794,1.25,3.00
2017.02.08 17:51:24.677,1.40777,1.40794,1.00,2.25
2017.02.08 17:51:24.980,1.40774,1.40793,1.50,1.87
2017.02.08 17:51:25.302,1.40776,1.40793,1.37,1.12
2017.02.08 17:51:26.506,1.40776,1.40794,1.37,1.12
2017.02.08 17:51:26.808,1.40777,1.40795,1.12,2.25
2017.02.08 17:51:27.321,1.40777,1.40796,2.62,1.87
2017.02.08 17:51:27.859,1.40777,1.40796,1.87,1.87
2017.02.08 17:51:27.910,1.40777,1.40796,1.87,1.87
2017.02.08 17:51:28.836,1.40777,1.40794,1.12,1.37
2017.02.08 17:51:28.887,1.40776,1.40794,1.75,1.37
2017.02.08 17:51:28.939,1.40777,1.40795,1.50,2.25
2017.02.08 17:51:28.990,1.40778,1.40797,2.25,3.37
2017.02.08 17:51:29.131,1.40778,1.40797,1.87,2.62
2017.02.08 17:51:29.183,1.40778,1.40797,1.87,1.00
2017.02.08 17:51:29.235,1.40778,1.40796,1.12,1.87
2017.02.08 17:51:29.548,1.40778,1.40795,1.00,1.37
2017.02.08 17:51:30.242,1.40778,1.40795,1.00,1.37
2017.02.08 17:51:30.756,1.40776,1.40794,1.37,1.00
2017.02.08 17:51:31.276,1.40775,1.40795,1.12,5.44
2017.02.08 17:51:32.616,1.40775,1.40793,1.12,1.37
2017.02.08 17:51:32.920,1.40771,1.40785,1.75,1.37
2017.02.08 17:51:32.971,1.4077,1.40786,1.37,1.37
2017.02.08 17:51:33.073,1.40766,1.40782,1.75,1.37
2017.02.08 17:51:33.249,1.40765,1.40782,3.75,1.87
2017.02.08 17:51:33.300,1.40765,1.40782,1.50,1.50
2017.02.08 17:51:33.502,1.40766,1.40781,1.00,1.37
2017.02.08 17:51:33.603,1.40762,1.4078,2.62,1.37
2017.02.08 17:51:33.705,1.40763,1.4078,1.12,1.00
2017.02.08 17:51:33.908,1.40765,1.40783,1.37,2.25
2017.02.08 17:51:34.263,1.40764,1.40782,1.75,1.37
2017.02.08 17:51:34.566,1.4076,1.40778,3.37,1.37
2017.02.08 17:51:34.737,1.4076,1.40778,1.75,1.37
2017.02.08 17:51:34.791,1.40759,1.40775,2.25,1.25
2017.02.08 17:51:36.803,1.40758,1.40777,3.00,1.00
2017.02.08 17:51:37.359,1.40762,1.40778,1.50,1.12
2017.02.08 17:51:37.882,1.40763,1.40778,1.12,1.12
2017.02.08 17:51:41.022,1.40764,1.4078,1.00,1.75
2017.02.08 17:51:42.024,1.40763,1.40781,1.00,3.00
2017.02.08 17:51:42.832,1.40768,1.40782,1.50,1.75
2017.02.08 17:51:43.035,1.40773,1.40789,1.00,1.37
2017.02.08 17:51:43.086,1.40775,1.40791,1.00,1.62
2017.02.08 17:51:43.137,1.40776,1.40792,1.00,1.75
2017.02.08 17:51:43.340,1.40776,1.40792,1.00,1.12
2017.02.08 17:51:43.442,1.40776,1.40792,1.00,1.75
2017.02.08 17:51:43.703,1.40777,1.40795,1.12,1.12
2017.02.08 17:51:44.898,1.40784,1.40797,1.00,2.25
2017.02.08 17:51:45.201,1.40791,1.4081,1.87,1.75
2017.02.08 17:51:45.303,1.40794,1.40812,1.00,3.00
2017.02.08 17:51:45.354,1.40794,1.40804,1.00,1.00
2017.02.08 17:51:45.506,1.40791,1.40804,1.12,1.00
2017.02.08 17:51:45.877,1.40791,1.40803,1.00,3.37
2017.02.08 17:51:46.030,1.40787,1.40803,1.00,4.87
2017.02.08 17:51:46.119,1.40784,1.40802,1.50,1.12
2017.02.08 17:51:46.625,1.40785,1.40802,1.50,1.00
2017.02.08 17:51:47.272,1.40783,1.40803,2.25,1.00
2017.02.08 17:51:48.053,1.40784,1.40804,1.75,2.62
2017.02.08 17:51:48.688,1.40784,1.40802,1.12,1.00
2017.02.08 17:51:50.918,1.40785,1.40801,1.62,1.12
2017.02.08 17:51:51.513,1.40784,1.40802,1.81,2.25
2017.02.08 17:51:52.164,1.40784,1.408,1.81,1.50
2017.02.08 17:51:52.714,1.40784,1.408,1.25,1.37
2017.02.08 17:51:53.964,1.40784,1.40797,1.25,1.00
2017.02.08 17:51:54.066,1.40781,1.40799,1.31,1.50
2017.02.08 17:51:54.611,1.40784,1.40801,1.12,1.50
2017.02.08 17:51:55.120,1.40784,1.40801,1.81,1.50
2017.02.08 17:51:55.645,1.40784,1.408,1.81,1.00
2017.02.08 17:51:58.592,1.40784,1.40799,1.81,1.00
2017.02.08 17:51:58.643,1.40784,1.40797,1.81,1.00
2017.02.08 17:51:58.745,1.40781,1.40797,1.62,1.00
2017.02.08 17:51:58.848,1.40779,1.40796,1.50,1.00
2017.02.08 17:51:59.242,1.40776,1.40795,2.06,1.12
2017.02.08 17:51:59.491,1.4078,1.40798,1.00,1.75
2017.02.08 17:51:59.998,1.40777,1.40795,1.75,1.50
2017.02.08 17:52:01.204,1.40777,1.40796,2.06,3.37
2017.02.08 17:52:01.509,1.40777,1.40794,1.75,1.00
2017.02.08 17:52:01.661,1.40777,1.40795,1.12,1.12
2017.02.08 17:52:04.106,1.40778,1.40796,1.00,1.50
2017.02.08 17:52:04.259,1.40781,1.40798,1.12,2.25
2017.02.08 17:52:04.794,1.40781,1.40798,1.50,1.50
2017.02.08 17:52:05.347,1.40781,1.40799,1.50,1.87
2017.02.08 17:52:05.863,1.40781,1.40799,1.12,1.50
2017.02.08 17:52:06.928,1.40787,1.40801,1.00,2.44
2017.02.08 17:52:07.234,1.40793,1.40808,1.12,2.25
2017.02.08 17:52:07.285,1.40793,1.40811,1.50,1.50
2017.02.08 17:52:07.387,1.40791,1.40809,1.12,1.12
2017.02.08 17:52:08.653,1.40792,1.40809,1.50,1.12
2017.02.08 17:52:08.764,1.40795,1.40811,1.50,1.75
2017.02.08 17:52:08.866,1.40793,1.40812,1.00,1.31
2017.02.08 17:52:08.967,1.40795,1.40813,1.50,3.37
2017.02.08 17:52:09.018,1.40793,1.40812,1.12,1.62
2017.02.08 17:52:09.171,1.40795,1.40812,1.00,2.06
2017.02.08 17:52:09.564,1.40797,1.40813,3.00,1.37
2017.02.08 17:52:09.716,1.40797,1.40813,2.62,1.00
2017.02.08 17:52:09.969,1.40797,1.40813,1.50,1.75
2017.02.08 17:52:10.172,1.40797,1.40813,1.50,1.00
2017.02.08 17:52:10.682,1.40797,1.40812,1.50,1.12
2017.02.08 17:52:10.733,1.40795,1.40812,1.87,1.50
2017.02.08 17:52:11.252,1.40795,1.40813,1.50,3.37
2017.02.08 17:52:15.833,1.40794,1.40811,1.50,1.50
2017.02.08 17:52:16.340,1.40793,1.40811,1.87,2.62
2017.02.08 17:52:16.656,1.40792,1.4081,1.75,1.00
2017.02.08 17:52:17.189,1.40792,1.40811,1.75,3.37
2017.02.08 17:52:17.290,1.40792,1.40811,1.50,4.12
2017.02.08 17:52:17.494,1.40792,1.40811,1.87,3.37
2017.02.08 17:52:18.063,1.40796,1.40812,1.12,1.12
2017.02.08 17:52:18.215,1.40796,1.40814,1.87,2.25
2017.02.08 17:52:18.988,1.40794,1.40808,1.75,1.00
2017.02.08 17:52:19.525,1.40793,1.40809,2.62,1.00
2017.02.08 17:52:20.164,1.40792,1.40805,2.25,1.12
2017.02.08 17:52:20.215,1.40792,1.40805,2.25,1.00
2017.02.08 17:52:20.317,1.40789,1.40805,1.50,2.62
2017.02.08 17:52:20.532,1.40785,1.40802,1.75,1.00
2017.02.08 17:52:20.584,1.40784,1.40798,2.25,1.00
2017.02.08 17:52:20.686,1.40781,1.40798,1.75,1.00
2017.02.08 17:52:20.737,1.4078,1.40796,1.37,1.37
2017.02.08 17:52:20.788,1.4078,1.40796,1.00,1.00
2017.02.08 17:52:20.989,1.4078,1.40797,1.50,1.75
2017.02.08 17:52:21.495,1.40779,1.40792,1.50,1.00
2017.02.08 17:52:21.991,1.40775,1.40793,3.00,1.37
2017.02.08 17:52:22.043,1.40779,1.40793,1.50,2.25
2017.02.08 17:52:22.974,1.40778,1.40794,1.50,2.25
2017.02.08 17:52:23.780,1.40775,1.40793,1.87,3.75
2017.02.08 17:52:23.932,1.40775,1.40793,1.50,3.00
2017.02.08 17:52:24.236,1.40777,1.40789,1.87,1.00
2017.02.08 17:52:24.966,1.4078,1.40789,1.50,1.00
2017.02.08 17:52:25.284,1.40778,1.40789,1.50,1.00
2017.02.08 17:52:25.638,1.40775,1.40794,3.00,1.12
2017.02.08 17:52:25.739,1.40775,1.40792,1.50,1.12
2017.02.08 17:52:26.044,1.40778,1.4079,1.50,1.00
2017.02.08 17:52:26.279,1.40777,1.40793,1.50,1.50
2017.02.08 17:52:26.541,1.40776,1.40794,1.00,1.12
2017.02.08 17:52:26.643,1.40776,1.40792,1.00,1.12
2017.02.08 17:52:27.171,1.40775,1.40792,1.12,1.12
2017.02.08 17:52:27.551,1.40776,1.40789,1.50,1.00
2017.02.08 17:52:27.653,1.40776,1.40793,1.50,2.25
2017.02.08 17:52:27.755,1.40776,1.40789,1.50,1.00
2017.02.08 17:52:28.736,1.40776,1.40792,2.25,1.12
2017.02.08 17:52:28.838,1.40774,1.40787,3.75,1.00
2017.02.08 17:52:28.940,1.40776,1.40793,1.50,2.25
2017.02.08 17:52:29.041,1.40776,1.40787,1.50,1.00
2017.02.08 17:52:29.547,1.40776,1.40786,1.50,1.00
2017.02.08 17:52:31.026,1.40776,1.40794,3.00,1.75
2017.02.08 17:52:31.132,1.40776,1.40786,3.00,1.00
2017.02.08 17:52:31.421,1.40776,1.40793,1.50,1.50
2017.02.08 17:52:31.624,1.40774,1.40793,1.00,3.00
2017.02.08 17:52:31.928,1.40776,1.40793,1.50,2.25
2017.02.08 17:52:33.257,1.40777,1.40793,1.50,2.25
2017.02.08 17:52:39.075,1.40774,1.40792,2.62,3.00
2017.02.08 17:52:39.581,1.40774,1.4079,1.00,1.12
2017.02.08 17:52:39.682,1.40776,1.40791,1.50,1.37
2017.02.08 17:52:39.834,1.40774,1.40792,3.00,2.25
2017.02.08 17:52:40.037,1.40774,1.4079,2.25,1.00
2017.02.08 17:52:40.346,1.4077,1.40786,1.00,1.00
2017.02.08 17:52:40.448,1.4077,1.40788,1.50,1.87
2017.02.08 17:52:41.082,1.40771,1.40788,1.00,1.50
2017.02.08 17:52:41.649,1.40771,1.40789,1.50,1.87
2017.02.08 17:52:42.624,1.40771,1.40788,1.00,1.00
2017.02.08 17:52:43.635,1.4077,1.40784,1.87,1.00
2017.02.08 17:52:43.938,1.40773,1.40785,2.25,1.00
2017.02.08 17:52:44.262,1.40773,1.40783,1.50,1.00
2017.02.08 17:52:44.313,1.40774,1.40791,1.00,1.75
2017.02.08 17:52:44.365,1.40778,1.40792,1.50,1.75
2017.02.08 17:52:44.466,1.40778,1.40792,1.50,1.50
2017.02.08 17:52:44.619,1.40776,1.4079,1.00,1.00
2017.02.08 17:52:44.771,1.40777,1.40792,1.37,2.25
2017.02.08 17:52:44.974,1.40777,1.40793,1.87,1.00
2017.02.08 17:52:45.479,1.40777,1.40794,1.87,3.37
2017.02.08 17:52:45.530,1.40777,1.40792,1.87,1.00
2017.02.08 17:52:46.117,1.40779,1.40794,2.25,3.00
2017.02.08 17:52:46.270,1.40779,1.40796,2.25,1.50
2017.02.08 17:52:46.523,1.40782,1.40797,1.00,1.50
2017.02.08 17:52:46.726,1.40783,1.40799,1.50,1.12
2017.02.08 17:52:46.777,1.40781,1.40798,2.25,1.87
2017.02.08 17:52:46.929,1.40779,1.40798,2.25,2.62
2017.02.08 17:52:46.980,1.40779,1.40798,1.87,1.87
2017.02.08 17:52:47.081,1.40781,1.40798,2.25,1.75
2017.02.08 17:52:47.182,1.40781,1.40798,2.25,1.50
2017.02.08 17:52:47.630,1.40782,1.40798,1.37,1.50
2017.02.08 17:52:48.219,1.40782,1.40798,1.00,1.50
2017.02.08 17:52:48.522,1.40777,1.40795,1.50,1.37
2017.02.08 17:52:49.085,1.40777,1.40793,1.87,1.00
2017.02.08 17:52:49.288,1.40779,1.40793,1.50,1.00
2017.02.08 17:52:49.591,1.40784,1.40798,1.12,1.00
2017.02.08 17:52:50.096,1.40785,1.40798,1.12,1.00
2017.02.08 17:52:51.475,1.40784,1.40798,1.12,1.00
2017.02.08 17:52:52.871,1.40786,1.40798,1.50,1.00
2017.02.08 17:52:53.197,1.40788,1.40798,1.12,1.00
2017.02.08 17:52:53.299,1.40788,1.40804,1.12,1.75
2017.02.08 17:52:53.400,1.40788,1.40804,1.87,1.00
2017.02.08 17:52:53.942,1.40789,1.40806,1.00,1.37
2017.02.08 17:52:53.993,1.40788,1.40805,1.12,2.25
2017.02.08 17:52:54.502,1.40789,1.40805,1.50,1.87
2017.02.08 17:52:54.755,1.40793,1.4081,1.50,1.75
2017.02.08 17:52:55.008,1.40793,1.40808,1.50,1.87
2017.02.08 17:52:55.210,1.40791,1.40808,1.12,1.87
2017.02.08 17:52:55.714,1.4079,1.40808,3.00,1.12
2017.02.08 17:52:56.939,1.40791,1.40807,1.00,1.37
2017.02.08 17:52:59.195,1.40794,1.40809,1.00,2.25
2017.02.08 17:52:59.287,1.40792,1.40809,1.00,1.87
2017.02.08 17:52:59.692,1.40792,1.40809,1.00,1.37
2017.02.08 17:53:00.273,1.40791,1.40799,1.00,1.37
2017.02.08 17:53:00.327,1.40787,1.40799,1.87,1.00
2017.02.08 17:53:00.984,1.40787,1.40799,2.62,1.00
2017.02.08 17:53:01.035,1.40788,1.40801,1.50,1.00
2017.02.08 17:53:01.190,1.40789,1.40801,1.69,1.00
2017.02.08 17:53:01.271,1.40791,1.40803,1.75,1.00
2017.02.08 17:53:05.517,1.40789,1.40804,2.06,1.00
2017.02.08 17:53:07.812,1.40791,1.40804,1.37,1.00
2017.02.08 17:53:08.363,1.40791,1.40804,1.00,1.00
2017.02.08 17:53:09.371,1.4079,1.40803,1.00,1.00
2017.02.08 17:53:09.422,1.40787,1.40803,3.00,1.00
2017.02.08 17:53:09.624,1.40787,1.40802,3.00,1.00
2017.02.08 17:53:09.878,1.40787,1.40804,3.00,1.00
2017.02.08 17:53:10.010,1.40787,1.40802,3.00,1.00
2017.02.08 17:53:10.062,1.40787,1.40802,3.00,1.00
2017.02.08 17:53:10.114,1.40787,1.40802,3.00,1.00
2017.02.08 17:53:10.621,1.40788,1.40803,2.25,1.00
2017.02.08 17:53:13.017,1.40792,1.40804,1.00,1.00
2017.02.08 17:53:13.327,1.40789,1.40801,1.00,1.00
2017.02.08 17:53:13.745,1.40788,1.40805,1.25,1.50
2017.02.08 17:53:13.848,1.40788,1.40805,1.31,1.50
2017.02.08 17:53:14.312,1.40788,1.40802,1.31,1.12
2017.02.08 17:53:14.363,1.40784,1.40802,3.94,1.00
2017.02.08 17:53:14.869,1.40785,1.40802,1.75,1.50
2017.02.08 17:53:15.532,1.40787,1.40804,1.12,1.87
2017.02.08 17:53:18.193,1.40786,1.40802,1.69,1.50
2017.02.08 17:53:18.519,1.40787,1.40799,1.87,1.00
2017.02.08 17:53:19.466,1.40789,1.40799,1.50,1.00
2017.02.08 17:53:20.032,1.40789,1.40801,1.50,1.00
2017.02.08 17:53:21.772,1.40787,1.40801,1.50,1.00
2017.02.08 17:53:23.318,1.40787,1.408,1.50,1.00
2017.02.08 17:53:23.369,1.40789,1.408,1.50,1.00
2017.02.08 17:53:23.471,1.40786,1.408,1.50,1.00
2017.02.08 17:53:24.143,1.40785,1.408,1.31,1.00
2017.02.08 17:53:24.657,1.40784,1.408,3.00,1.00
2017.02.08 17:53:26.353,1.40785,1.40801,1.69,1.00
2017.02.08 17:53:26.404,1.40786,1.40801,1.37,1.00
2017.02.08 17:53:26.455,1.40789,1.40804,1.50,1.87
2017.02.08 17:53:26.558,1.40789,1.40799,1.00,1.00
2017.02.08 17:53:26.743,1.4079,1.40802,1.12,1.12
2017.02.08 17:53:27.341,1.4079,1.40803,1.12,1.12
2017.02.08 17:53:27.392,1.4079,1.40798,1.81,1.00
2017.02.08 17:53:27.445,1.40791,1.40802,1.12,1.00
2017.02.08 17:53:27.546,1.40788,1.40802,4.12,1.00
2017.02.08 17:53:28.053,1.4079,1.40802,1.62,1.00
2017.02.08 17:53:28.565,1.40792,1.40802,1.12,1.00
2017.02.08 17:53:29.164,1.40794,1.40802,1.00,1.00
2017.02.08 17:53:29.735,1.40794,1.40807,1.00,1.12
2017.02.08 17:53:29.836,1.40794,1.40802,1.00,1.00
2017.02.08 17:53:30.116,1.40794,1.40807,1.00,1.12
2017.02.08 17:53:30.322,1.40796,1.40803,1.12,1.00
2017.02.08 17:53:30.629,1.40798,1.40804,1.00,1.00
2017.02.08 17:53:31.167,1.40798,1.40812,1.00,3.00
2017.02.08 17:53:31.218,1.40794,1.4081,1.31,1.00
2017.02.08 17:53:31.324,1.40793,1.40808,1.12,1.87
2017.02.08 17:53:31.964,1.40795,1.4081,1.00,3.00
2017.02.08 17:53:32.665,1.40795,1.4081,1.00,3.75
2017.02.08 17:53:33.212,1.40794,1.40809,1.31,1.75
2017.02.08 17:53:33.682,1.40798,1.40809,1.00,1.50
2017.02.08 17:53:33.935,1.40796,1.40808,1.00,1.12
2017.02.08 17:53:35.084,1.40795,1.40808,1.00,1.12
2017.02.08 17:53:37.514,1.40794,1.40808,1.00,1.12
2017.02.08 17:53:39.631,1.40791,1.40805,1.50,1.00
2017.02.08 17:53:39.935,1.40792,1.40805,1.00,2.25
2017.02.08 17:53:41.076,1.40791,1.40808,1.31,3.00
2017.02.08 17:53:41.480,1.40796,1.40808,1.00,2.25
2017.02.08 17:53:41.531,1.40794,1.40808,1.00,2.25
2017.02.08 17:53:43.505,1.40793,1.40808,1.00,2.25
2017.02.08 17:53:45.381,1.40796,1.40806,1.00,1.00
2017.02.08 17:53:45.483,1.40794,1.40808,1.00,2.62
2017.02.08 17:53:46.020,1.40795,1.40808,1.00,1.50
2017.02.08 17:53:47.823,1.40795,1.40811,1.00,3.00
2017.02.08 17:53:47.987,1.408,1.40811,1.00,3.00
2017.02.08 17:53:48.088,1.40796,1.40811,1.00,3.00
2017.02.08 17:53:50.982,1.40798,1.40813,1.50,1.37
2017.02.08 17:53:51.033,1.40798,1.40815,1.00,1.50
2017.02.08 17:53:51.085,1.40804,1.40817,1.00,1.75
2017.02.08 17:53:51.459,1.40808,1.40818,1.00,2.25
2017.02.08 17:53:52.083,1.40804,1.40818,1.00,2.25
2017.02.08 17:53:52.134,1.40808,1.40818,1.00,2.25
2017.02.08 17:53:52.185,1.40804,1.40818,1.00,2.25
2017.02.08 17:53:52.712,1.40804,1.40814,1.00,1.00
2017.02.08 17:53:52.763,1.40807,1.40815,1.00,1.12
2017.02.08 17:53:53.273,1.40808,1.40815,1.00,1.00
2017.02.08 17:53:54.511,1.40808,1.40817,1.00,1.00
2017.02.08 17:53:54.563,1.408,1.40817,3.00,1.00
2017.02.08 17:53:54.615,1.40804,1.40817,1.00,1.50
2017.02.08 17:53:54.666,1.408,1.40817,3.00,1.50
2017.02.08 17:53:55.020,1.40801,1.40819,2.25,1.12
2017.02.08 17:53:55.172,1.408,1.40818,1.50,1.25
2017.02.08 17:53:55.223,1.40798,1.40816,3.00,1.87
2017.02.08 17:53:56.083,1.40801,1.40818,1.00,1.75
2017.02.08 17:53:56.134,1.40802,1.40819,1.87,1.62
2017.02.08 17:53:57.223,1.40803,1.4082,1.00,1.75
2017.02.08 17:53:57.973,1.40803,1.40819,1.00,1.12
2017.02.08 17:53:58.479,1.40802,1.40813,1.12,1.00
2017.02.08 17:53:58.530,1.408,1.40813,2.06,1.00
2017.02.08 17:53:58.848,1.408,1.40811,1.87,1.00
2017.02.08 17:53:59.872,1.40801,1.40812,2.25,1.00
2017.02.08 17:54:00.405,1.40802,1.40811,1.31,1.00
2017.02.08 17:54:01.051,1.40803,1.40811,1.00,1.00
2017.02.08 17:54:01.152,1.40803,1.4082,1.00,1.75
2017.02.08 17:54:01.254,1.40802,1.40816,1.00,1.00
2017.02.08 17:54:01.443,1.408,1.40816,1.00,1.50
2017.02.08 17:54:03.827,1.40801,1.40818,1.00,1.75
2017.02.08 17:54:04.333,1.40801,1.40817,1.12,1.75
2017.02.08 17:54:05.227,1.408,1.40816,1.12,1.50
2017.02.08 17:54:05.902,1.40803,1.40818,1.50,1.37
2017.02.08 17:54:05.953,1.40804,1.40818,1.50,1.00
2017.02.08 17:54:06.004,1.40806,1.40822,1.12,2.25
2017.02.08 17:54:06.055,1.40806,1.40822,1.12,2.25
2017.02.08 17:54:06.358,1.40806,1.40812,1.12,1.00
2017.02.08 17:54:06.513,1.40804,1.40812,1.12,1.00
2017.02.08 17:54:06.615,1.40804,1.4082,1.12,2.25
2017.02.08 17:54:06.767,1.40806,1.4082,1.12,1.50
2017.02.08 17:54:07.265,1.40804,1.4082,1.12,1.00
2017.02.08 17:54:07.790,1.40804,1.40821,1.81,1.12
2017.02.08 17:54:08.945,1.40804,1.4082,1.81,1.00
2017.02.08 17:54:09.097,1.40806,1.4082,1.12,1.00
2017.02.08 17:54:09.676,1.40802,1.40818,2.06,1.00
2017.02.08 17:54:09.781,1.40801,1.40818,1.87,1.87
2017.02.08 17:54:10.440,1.40801,1.40816,1.87,1.00
2017.02.08 17:54:10.831,1.408,1.40817,1.50,2.62
2017.02.08 17:54:10.983,1.40798,1.40813,1.25,1.00
2017.02.08 17:54:11.034,1.40798,1.40815,1.25,1.50
2017.02.08 17:54:11.085,1.40797,1.40815,1.00,2.06
2017.02.08 17:54:11.404,1.40797,1.40815,2.25,2.44
2017.02.08 17:54:13.667,1.40799,1.40815,1.50,1.69
2017.02.08 17:54:13.718,1.40801,1.40818,1.00,1.37
2017.02.08 17:54:13.769,1.40801,1.40818,1.00,1.12
2017.02.08 17:54:15.808,1.40804,1.40819,1.87,2.81
2017.02.08 17:54:16.113,1.408,1.40817,1.00,1.31
2017.02.08 17:54:16.873,1.40799,1.40817,1.00,2.06
2017.02.08 17:54:19.747,1.40799,1.40814,1.12,1.00
2017.02.08 17:54:19.798,1.40795,1.40812,1.75,1.00
2017.02.08 17:54:19.950,1.40798,1.40814,1.37,1.12
2017.02.08 17:54:20.203,1.40796,1.40814,2.25,1.00
2017.02.08 17:54:21.069,1.40796,1.40813,1.50,1.00
2017.02.08 17:54:21.588,1.40797,1.40814,1.87,2.25
2017.02.08 17:54:21.792,1.408,1.40815,1.12,1.12
2017.02.08 17:54:22.146,1.408,1.40807,1.12,1.00
2017.02.08 17:54:22.197,1.408,1.40815,1.12,1.12
2017.02.08 17:54:24.630,1.40799,1.40807,1.12,1.00
2017.02.08 17:54:24.965,1.40804,1.40809,1.12,1.00
2017.02.08 17:54:25.322,1.40801,1.40808,1.87,1.00
2017.02.08 17:54:25.474,1.40801,1.4081,1.12,1.00
2017.02.08 17:54:25.525,1.40801,1.40818,1.12,1.87
2017.02.08 17:54:25.626,1.40801,1.4081,1.87,1.00
2017.02.08 17:54:25.930,1.40804,1.40813,1.87,1.00
2017.02.08 17:54:26.031,1.40808,1.40818,1.50,1.00
2017.02.08 17:54:26.206,1.40809,1.40818,1.12,1.00
2017.02.08 17:54:26.630,1.40809,1.40816,1.12,1.00
2017.02.08 17:54:26.732,1.40807,1.40823,1.50,1.37
2017.02.08 17:54:26.783,1.40808,1.40818,1.00,1.00
2017.02.08 17:54:27.087,1.40809,1.40817,1.12,1.00
2017.02.08 17:54:28.122,1.40811,1.40817,1.12,1.00
2017.02.08 17:54:29.342,1.40811,1.40819,1.12,1.00
2017.02.08 17:54:29.393,1.40806,1.40813,1.31,1.00
2017.02.08 17:54:29.647,1.40805,1.40815,1.87,1.00
2017.02.08 17:54:30.066,1.40811,1.40818,1.87,1.00
2017.02.08 17:54:30.218,1.40811,1.4082,1.87,1.00
2017.02.08 17:54:30.774,1.40811,1.40819,2.62,1.00
2017.02.08 17:54:30.825,1.40811,1.40827,1.87,1.00
2017.02.08 17:54:31.028,1.40812,1.40829,3.00,1.00
2017.02.08 17:54:31.231,1.40811,1.40828,3.00,1.00
2017.02.08 17:54:31.484,1.40811,1.40826,1.12,1.00
2017.02.08 17:54:31.818,1.40811,1.40828,3.00,1.00
2017.02.08 17:54:32.222,1.40811,1.4082,2.25,1.00
2017.02.08 17:54:32.793,1.40814,1.4082,1.50,1.00
2017.02.08 17:54:34.702,1.40814,1.40821,1.50,1.00
2017.02.08 17:54:37.520,1.40811,1.40821,1.65,1.00
2017.02.08 17:54:37.723,1.40799,1.40816,2.09,1.00
2017.02.08 17:54:37.774,1.40799,1.40811,1.34,1.00
2017.02.08 17:54:37.825,1.40799,1.40811,1.34,1.00
2017.02.08 17:54:37.927,1.40798,1.40811,1.34,1.00
2017.02.08 17:54:38.599,1.40799,1.40809,1.28,1.00
2017.02.08 17:54:38.650,1.40799,1.40817,1.65,2.25
2017.02.08 17:54:38.701,1.40801,1.40817,1.12,2.25
2017.02.08 17:54:38.853,1.40801,1.40819,1.04,1.75
2017.02.08 17:54:39.258,1.40801,1.40819,1.53,1.87
2017.02.08 17:54:39.363,1.408,1.40814,2.09,1.00
2017.02.08 17:54:39.567,1.40798,1.40817,1.53,1.12
2017.02.08 17:54:39.669,1.40796,1.40816,2.09,3.00
2017.02.08 17:54:39.720,1.40796,1.40808,2.09,1.00
2017.02.08 17:54:39.923,1.40796,1.40808,1.15,1.00
2017.02.08 17:54:40.149,1.40798,1.40808,1.00,1.00
2017.02.08 17:54:40.663,1.40798,1.40806,1.00,1.00
2017.02.08 17:54:40.714,1.40797,1.40813,1.00,1.12
2017.02.08 17:54:40.766,1.40795,1.40812,1.15,1.00
2017.02.08 17:54:40.817,1.40795,1.4081,1.12,1.00
2017.02.08 17:54:40.919,1.40795,1.40812,1.12,1.00
2017.02.08 17:54:41.235,1.40795,1.4081,1.12,1.00
2017.02.08 17:54:41.963,1.40795,1.40813,1.72,1.87
2017.02.08 17:54:42.249,1.40794,1.4081,1.50,1.00
2017.02.08 17:54:42.553,1.40795,1.40808,1.72,1.00
2017.02.08 17:54:42.654,1.40796,1.40811,1.00,1.37
2017.02.08 17:54:42.980,1.40792,1.40805,4.34,1.00
2017.02.08 17:54:44.225,1.40792,1.40811,2.09,1.37
2017.02.08 17:54:44.657,1.40792,1.40808,3.59,1.00
2017.02.08 17:54:44.910,1.40793,1.4081,1.34,1.12
2017.02.08 17:54:45.175,1.40792,1.40807,2.09,1.00
2017.02.08 17:54:45.529,1.40792,1.40806,2.25,1.00
2017.02.08 17:54:45.782,1.40791,1.40804,1.34,1.12
2017.02.08 17:54:46.043,1.40787,1.40805,1.37,1.50
2017.02.08 17:54:46.097,1.40786,1.40805,3.03,1.50
2017.02.08 17:54:46.300,1.40786,1.40803,1.04,1.37
2017.02.08 17:54:46.605,1.40783,1.40796,1.28,1.00
2017.02.08 17:54:47.112,1.40783,1.40796,3.00,1.00
2017.02.08 17:54:48.827,1.40781,1.408,2.25,1.00
2017.02.08 17:54:49.080,1.40781,1.408,1.75,2.25
2017.02.08 17:54:49.485,1.40779,1.40796,1.75,1.00
2017.02.08 17:54:49.789,1.40773,1.4079,2.25,1.37
2017.02.08 17:54:49.969,1.40772,1.4079,2.25,1.37
2017.02.08 17:54:51.300,1.40772,1.40788,1.00,1.37
2017.02.08 17:54:51.351,1.4077,1.40787,1.37,1.12
2017.02.08 17:54:51.402,1.4077,1.40787,1.50,1.00
2017.02.08 17:54:51.453,1.40771,1.40785,1.00,1.00
2017.02.08 17:54:52.096,1.40771,1.40785,2.25,1.00
2017.02.08 17:54:53.269,1.40771,1.40788,1.50,1.00
2017.02.08 17:54:53.370,1.40771,1.40791,3.00,1.50
2017.02.08 17:54:53.901,1.40771,1.40789,1.75,2.25
2017.02.08 17:54:55.510,1.40771,1.40787,1.75,1.37
2017.02.08 17:54:55.713,1.40769,1.40785,3.00,1.00
2017.02.08 17:54:56.016,1.40768,1.40785,1.87,1.31
2017.02.08 17:54:57.269,1.40768,1.40786,2.62,1.00
2017.02.08 17:54:58.062,1.40768,1.40787,1.00,2.44
2017.02.08 17:54:58.366,1.40773,1.40789,1.12,1.12
2017.02.08 17:54:58.568,1.40774,1.4079,1.12,1.25
2017.02.08 17:54:59.106,1.40774,1.40791,1.87,1.12
2017.02.08 17:55:01.041,1.40774,1.40788,1.87,1.00
2017.02.08 17:55:01.667,1.40773,1.40786,1.50,1.12
2017.02.08 17:55:01.870,1.4077,1.40786,1.50,1.81
2017.02.08 17:55:01.974,1.40771,1.40787,1.37,1.12
2017.02.08 17:55:02.278,1.40771,1.40784,1.37,1.31
2017.02.08 17:55:02.430,1.40767,1.40783,1.50,1.12
2017.02.08 17:55:02.971,1.40764,1.4078,3.00,1.12
2017.02.08 17:55:03.527,1.40766,1.4078,1.00,1.12
2017.02.08 17:55:05.577,1.40761,1.40775,1.75,1.00
2017.02.08 17:55:05.628,1.40761,1.40777,1.75,1.00
2017.02.08 17:55:05.730,1.40761,1.40778,1.37,2.25
2017.02.08 17:55:05.882,1.40766,1.40778,1.00,1.12
2017.02.08 17:55:05.933,1.40766,1.4078,1.50,1.25
2017.02.08 17:55:05.984,1.40766,1.40781,1.00,2.62
2017.02.08 17:55:07.156,1.40766,1.4078,1.00,1.12
2017.02.08 17:55:07.682,1.40766,1.40781,1.00,1.81
2017.02.08 17:55:08.087,1.40764,1.40781,2.62,2.25
2017.02.08 17:55:08.292,1.40765,1.4078,1.00,1.12
2017.02.08 17:55:08.457,1.40765,1.40782,1.00,2.06
2017.02.08 17:55:09.966,1.40765,1.40782,1.00,2.06
2017.02.08 17:55:10.017,1.40763,1.4078,1.50,1.37
2017.02.08 17:55:10.529,1.40764,1.40779,1.00,1.31
2017.02.08 17:55:11.232,1.40763,1.40779,1.12,1.31
2017.02.08 17:55:11.718,1.4076,1.40776,1.75,2.44
2017.02.08 17:55:11.769,1.40759,1.40776,1.50,2.81
2017.02.08 17:55:11.820,1.40758,1.40775,1.50,1.37
2017.02.08 17:55:11.921,1.4076,1.40777,1.34,1.87
2017.02.08 17:55:11.972,1.4076,1.40776,1.34,1.00
2017.02.08 17:55:12.477,1.4076,1.40778,1.00,2.44
2017.02.08 17:55:13.245,1.40758,1.40774,1.29,1.12
2017.02.08 17:55:13.605,1.40758,1.40776,1.50,1.87
2017.02.08 17:55:14.296,1.40757,1.40775,2.62,1.75
2017.02.08 17:55:14.449,1.40756,1.40774,1.87,1.69
2017.02.08 17:55:14.984,1.40757,1.40774,1.00,1.50
2017.02.08 17:55:15.523,1.40755,1.40773,1.50,1.87
2017.02.08 17:55:15.737,1.40754,1.40772,1.12,1.31
2017.02.08 17:55:16.259,1.40754,1.40771,3.00,1.00
2017.02.08 17:55:16.783,1.40755,1.40771,1.00,1.00
2017.02.08 17:55:16.834,1.40757,1.4077,1.00,1.00
2017.02.08 17:55:17.138,1.40755,1.40771,1.50,2.06
2017.02.08 17:55:17.239,1.40757,1.40773,1.00,3.37
2017.02.08 17:55:17.290,1.40757,1.40772,1.00,1.50
2017.02.08 17:55:17.570,1.40755,1.40772,1.00,1.87
2017.02.08 17:55:18.115,1.40755,1.4077,1.00,1.62
2017.02.08 17:55:18.621,1.40754,1.4077,1.87,1.62
2017.02.08 17:55:18.925,1.40755,1.40772,2.62,1.87
2017.02.08 17:55:19.026,1.40757,1.40774,1.00,1.37
2017.02.08 17:55:19.542,1.40757,1.40774,1.56,1.37
2017.02.08 17:55:19.946,1.40761,1.40775,1.12,3.37
2017.02.08 17:55:20.047,1.4076,1.40777,1.31,2.62
2017.02.08 17:55:20.301,1.40757,1.40774,2.06,1.12
2017.02.08 17:55:20.351,1.40758,1.40774,1.12,1.12
2017.02.08 17:55:20.986,1.40759,1.40776,1.00,1.75
2017.02.08 17:55:21.290,1.40762,1.40779,1.00,2.25
2017.02.08 17:55:21.341,1.40762,1.40778,1.00,1.50
2017.02.08 17:55:21.429,1.4076,1.40778,1.31,1.37
2017.02.08 17:55:21.543,1.40759,1.40778,1.56,1.75
2017.02.08 17:55:22.023,1.4076,1.40779,1.25,1.75
2017.02.08 17:55:22.125,1.40762,1.4078,1.12,2.25
2017.02.08 17:55:22.226,1.40762,1.4078,1.37,3.00
2017.02.08 17:55:22.378,1.40762,1.4078,1.12,3.00
2017.02.08 17:55:23.709,1.40764,1.4078,1.12,1.75
2017.02.08 17:55:23.964,1.40766,1.40783,1.50,2.62
2017.02.08 17:55:24.512,1.40767,1.40785,1.00,1.87
2017.02.08 17:55:25.053,1.40766,1.40784,1.00,1.75
2017.02.08 17:55:27.330,1.40765,1.40781,1.00,1.50
2017.02.08 17:55:27.924,1.40765,1.40779,1.31,1.00
2017.02.08 17:55:27.976,1.40763,1.40779,1.25,1.00
2017.02.08 17:55:28.431,1.40762,1.40779,1.81,1.37
2017.02.08 17:55:28.938,1.40762,1.40778,1.12,1.75
2017.02.08 17:55:29.806,1.40763,1.4078,1.25,1.75
2017.02.08 17:55:29.958,1.40765,1.40783,1.37,1.75
2017.02.08 17:55:30.059,1.40765,1.40783,3.19,1.75
2017.02.08 17:55:30.110,1.40766,1.40784,1.12,1.75
2017.02.08 17:55:30.639,1.40767,1.40784,1.50,1.50
2017.02.08 17:55:31.196,1.40766,1.40784,1.12,2.25
2017.02.08 17:55:32.086,1.40768,1.40785,1.37,1.75
2017.02.08 17:55:32.187,1.40767,1.40785,1.12,1.87
2017.02.08 17:55:32.238,1.40767,1.40785,1.00,1.87
2017.02.08 17:55:32.440,1.40767,1.40785,1.00,1.12
2017.02.08 17:55:32.542,1.40771,1.40786,1.00,1.00
2017.02.08 17:55:32.786,1.40769,1.40786,1.12,1.12
2017.02.08 17:55:32.838,1.40768,1.40786,1.00,1.87
2017.02.08 17:55:33.141,1.4077,1.40787,1.00,1.50
2017.02.08 17:55:33.895,1.40771,1.40788,1.00,1.75
2017.02.08 17:55:34.346,1.40768,1.40786,1.87,1.87
2017.02.08 17:55:34.669,1.40766,1.40784,2.25,1.87
2017.02.08 17:55:35.536,1.40766,1.40783,1.87,1.00
2017.02.08 17:55:36.587,1.40766,1.40783,1.50,1.37
2017.02.08 17:55:36.689,1.40765,1.40783,1.00,1.75
2017.02.08 17:55:37.003,1.40764,1.40781,1.50,2.25
2017.02.08 17:55:37.509,1.40762,1.4078,1.12,1.75
2017.02.08 17:55:37.813,1.40767,1.40784,1.00,2.25
2017.02.08 17:55:38.116,1.40765,1.40783,1.69,2.25
2017.02.08 17:55:38.218,1.40765,1.4078,1.25,1.00
2017.02.08 17:55:38.723,1.40765,1.40783,1.31,1.75
2017.02.08 17:55:39.575,1.40763,1.40781,1.87,1.75
2017.02.08 17:55:39.676,1.40761,1.40777,2.44,1.00
2017.02.08 17:55:39.728,1.40761,1.40777,2.06,1.37
2017.02.08 17:55:39.981,1.4076,1.40777,2.25,1.12
2017.02.08 17:55:40.549,1.40761,1.40778,1.37,1.12
2017.02.08 17:55:41.434,1.40761,1.40779,1.50,1.87
2017.02.08 17:55:41.860,1.40759,1.40776,1.75,1.87
2017.02.08 17:55:42.013,1.40758,1.40775,1.00,1.50
2017.02.08 17:55:42.393,1.40756,1.40773,1.25,1.00
2017.02.08 17:55:42.900,1.40758,1.40776,1.12,1.75
2017.02.08 17:55:43.001,1.40758,1.40776,1.12,1.50
2017.02.08 17:55:43.153,1.4076,1.40778,1.31,2.25
2017.02.08 17:55:43.305,1.4076,1.40778,1.69,2.25
2017.02.08 17:55:44.174,1.4076,1.40777,1.25,1.00
2017.02.08 17:55:44.295,1.40759,1.40775,1.62,1.00
2017.02.08 17:55:44.396,1.40757,1.40775,1.50,2.62
2017.02.08 17:55:44.599,1.40756,1.40773,1.31,1.50
2017.02.08 17:55:44.903,1.4076,1.40777,1.00,1.75
2017.02.08 17:55:45.323,1.40758,1.40776,1.37,1.75
2017.02.08 17:55:45.634,1.40765,1.4078,1.00,1.75
2017.02.08 17:55:45.684,1.40765,1.4078,1.00,1.50
2017.02.08 17:55:45.887,1.40764,1.4078,1.00,1.12
2017.02.08 17:55:46.471,1.40763,1.4078,1.12,1.12
2017.02.08 17:55:47.026,1.40764,1.40782,1.00,2.25
2017.02.08 17:55:48.245,1.40763,1.40779,1.12,1.00
2017.02.08 17:55:48.447,1.40762,1.40779,1.12,1.37
2017.02.08 17:55:48.903,1.40762,1.40776,1.00,1.12
2017.02.08 17:55:49.437,1.40761,1.40776,1.00,1.12
2017.02.08 17:55:49.954,1.40758,1.40774,2.62,1.31
2017.02.08 17:55:50.007,1.40757,1.40773,1.87,1.12
2017.02.08 17:55:50.260,1.40757,1.40774,1.37,1.12
2017.02.08 17:55:50.842,1.40758,1.40776,1.12,3.75
2017.02.08 17:55:51.121,1.40757,1.4077,1.12,1.12
2017.02.08 17:55:51.274,1.40755,1.40773,1.50,1.12
2017.02.08 17:55:51.376,1.40758,1.40774,1.00,1.50
2017.02.08 17:55:53.101,1.4076,1.40778,1.00,2.25
2017.02.08 17:55:53.203,1.40757,1.40776,1.50,1.75
2017.02.08 17:55:53.405,1.40756,1.40771,1.87,1.00
2017.02.08 17:55:53.507,1.40757,1.40774,1.00,1.87
2017.02.08 17:55:53.558,1.4076,1.40774,1.00,1.50
2017.02.08 17:55:53.710,1.4076,1.40775,1.00,1.37
2017.02.08 17:55:53.913,1.40757,1.40772,1.12,1.00
2017.02.08 17:55:54.014,1.40755,1.40773,1.00,2.25
2017.02.08 17:55:54.167,1.40758,1.40775,1.00,3.75
2017.02.08 17:55:54.776,1.4076,1.40777,1.00,3.00
2017.02.08 17:55:54.928,1.40757,1.40774,1.12,1.87
2017.02.08 17:55:54.979,1.40755,1.40767,1.87,1.00
2017.02.08 17:55:55.030,1.40755,1.40773,1.75,2.62
2017.02.08 17:55:55.131,1.40755,1.40773,1.50,2.25
2017.02.08 17:55:55.232,1.40757,1.40775,1.00,3.00
2017.02.08 17:55:55.385,1.40757,1.40774,2.81,1.00
2017.02.08 17:55:55.562,1.40759,1.40777,1.50,2.62
2017.02.08 17:55:55.663,1.40759,1.40777,1.00,2.62
2017.02.08 17:55:55.968,1.40761,1.40772,1.00,1.00
2017.02.08 17:55:56.373,1.40759,1.4077,1.12,1.00
2017.02.08 17:55:56.575,1.40759,1.40776,1.00,1.50
2017.02.08 17:55:57.348,1.40758,1.40776,1.50,1.50
2017.02.08 17:55:59.221,1.40757,1.40774,1.12,1.00
2017.02.08 17:55:59.308,1.40759,1.40776,1.12,1.75
2017.02.08 17:55:59.516,1.40759,1.40777,2.25,1.87
2017.02.08 17:55:59.567,1.40759,1.40775,2.25,1.00
2017.02.08 17:56:00.110,1.40759,1.40774,1.00,1.00
2017.02.08 17:56:00.465,1.40757,1.40774,1.00,2.25
2017.02.08 17:56:00.616,1.40757,1.40774,1.00,2.62
2017.02.08 17:56:01.493,1.40756,1.40773,1.00,1.75
2017.02.08 17:56:01.594,1.40752,1.4077,2.25,1.87
2017.02.08 17:56:01.645,1.40752,1.40768,1.50,1.87
2017.02.08 17:56:01.797,1.4075,1.40768,1.12,1.87
2017.02.08 17:56:02.151,1.4075,1.40768,1.12,1.12
2017.02.08 17:56:02.701,1.40749,1.40767,2.25,2.62
2017.02.08 17:56:02.842,1.40749,1.40767,1.00,3.00
2017.02.08 17:56:02.894,1.40749,1.40767,1.00,3.00
2017.02.08 17:56:04.056,1.40748,1.40766,1.50,1.50
2017.02.08 17:56:04.107,1.40748,1.40762,1.50,1.00
2017.02.08 17:56:04.310,1.40744,1.40762,2.25,1.87
2017.02.08 17:56:05.788,1.40748,1.40765,1.37,1.75
2017.02.08 17:56:05.889,1.40751,1.40767,1.12,1.75
2017.02.08 17:56:05.940,1.40751,1.40767,1.87,1.00
2017.02.08 17:56:06.193,1.40751,1.40769,1.87,2.62
2017.02.08 17:56:06.668,1.4075,1.40765,1.37,1.00
2017.02.08 17:56:07.039,1.40753,1.40769,1.00,1.00
2017.02.08 17:56:07.744,1.40754,1.40769,1.00,1.00
2017.02.08 17:56:07.846,1.40752,1.40768,1.12,1.37
2017.02.08 17:56:08.048,1.40754,1.40772,1.00,3.75
2017.02.08 17:56:08.150,1.40754,1.40772,1.50,1.50
2017.02.08 17:56:08.201,1.40753,1.40769,1.75,1.00
2017.02.08 17:56:08.454,1.40753,1.40769,1.12,1.00
2017.02.08 17:56:09.270,1.40752,1.4077,1.50,1.12
2017.02.08 17:56:11.614,1.40752,1.4077,1.12,2.62
2017.02.08 17:56:12.612,1.40752,1.4077,1.00,3.37
2017.02.08 17:56:14.501,1.4075,1.40769,1.00,2.62
2017.02.08 17:56:15.058,1.4075,1.40765,1.00,1.00
2017.02.08 17:56:15.390,1.40745,1.40762,1.00,1.87
2017.02.08 17:56:15.695,1.4075,1.40764,1.00,1.75
2017.02.08 17:56:15.746,1.4075,1.40764,1.00,1.50
2017.02.08 17:56:15.899,1.40752,1.40764,1.87,1.00
2017.02.08 17:56:15.951,1.40752,1.40769,1.87,1.87
2017.02.08 17:56:16.153,1.40752,1.40768,1.00,1.75
2017.02.08 17:56:16.736,1.40751,1.40767,1.31,1.37
2017.02.08 17:56:17.519,1.40749,1.40767,1.69,2.25
2017.02.08 17:56:18.726,1.40749,1.40767,1.56,2.62
2017.02.08 17:56:19.434,1.40748,1.40766,2.62,1.50
2017.02.08 17:56:19.893,1.40748,1.40765,2.06,1.00
2017.02.08 17:56:20.095,1.40748,1.40763,1.00,1.00
2017.02.08 17:56:20.146,1.40746,1.40763,1.31,1.00
2017.02.08 17:56:20.674,1.40745,1.40762,1.69,1.12
2017.02.08 17:56:20.725,1.40744,1.40759,2.19,1.00
2017.02.08 17:56:20.827,1.40742,1.40759,2.06,1.12
2017.02.08 17:56:20.928,1.40746,1.40761,1.00,1.50
2017.02.08 17:56:21.030,1.40746,1.40763,1.12,1.50
2017.02.08 17:56:21.283,1.40748,1.40764,1.00,1.50
2017.02.08 17:56:21.384,1.40748,1.40765,1.00,1.87
2017.02.08 17:56:21.906,1.40745,1.40761,1.75,1.00
2017.02.08 17:56:21.957,1.40744,1.4076,1.75,1.50
2017.02.08 17:56:22.058,1.40742,1.4076,1.75,2.06
2017.02.08 17:56:22.566,1.40742,1.40759,1.75,1.00
2017.02.08 17:56:23.073,1.40742,1.40758,1.75,1.31
2017.02.08 17:56:23.778,1.40742,1.40759,1.12,2.25
2017.02.08 17:56:24.284,1.40743,1.40759,1.00,1.12
2017.02.08 17:56:25.040,1.40741,1.40759,1.50,1.87
2017.02.08 17:56:27.568,1.40741,1.40758,1.50,1.00
2017.02.08 17:56:27.791,1.40744,1.4076,1.00,2.62
2017.02.08 17:56:27.842,1.40742,1.40759,1.12,1.12
2017.02.08 17:56:28.349,1.40743,1.4076,1.00,1.50
2017.02.08 17:56:28.609,1.40739,1.40756,3.56,1.50
2017.02.08 17:56:28.660,1.40739,1.40756,2.25,1.50
2017.02.08 17:56:28.762,1.40738,1.40755,1.50,1.00
2017.02.08 17:56:28.863,1.40741,1.40759,1.37,3.00
2017.02.08 17:56:28.965,1.40743,1.4076,1.00,1.75
2017.02.08 17:56:29.066,1.40743,1.40761,1.12,2.25
2017.02.08 17:56:29.650,1.40744,1.40761,1.00,1.50
2017.02.08 17:56:30.155,1.40743,1.40761,1.12,2.25
2017.02.08 17:56:30.257,1.40743,1.4076,1.37,2.25
2017.02.08 17:56:30.459,1.40742,1.40758,1.00,1.00
2017.02.08 17:56:31.191,1.40742,1.40759,1.50,1.12
2017.02.08 17:56:33.861,1.40739,1.40756,1.00,1.87
2017.02.08 17:56:34.368,1.40738,1.40756,1.87,1.12
2017.02.08 17:56:34.853,1.40736,1.40754,2.25,1.00
2017.02.08 17:56:35.397,1.40739,1.40756,1.69,1.00
2017.02.08 17:56:35.942,1.4074,1.40757,1.69,1.12
2017.02.08 17:56:36.046,1.40744,1.40761,1.37,1.75
2017.02.08 17:56:36.098,1.40744,1.40762,1.50,2.25
2017.02.08 17:56:36.150,1.40747,1.40762,1.00,1.00
2017.02.08 17:56:36.302,1.40747,1.40764,1.50,1.00
2017.02.08 17:56:36.852,1.40747,1.40764,1.00,1.50
2017.02.08 17:56:37.013,1.40745,1.40762,1.50,1.50
2017.02.08 17:56:37.317,1.40745,1.4076,1.00,1.00
2017.02.08 17:56:37.779,1.40747,1.40764,1.12,1.50
2017.02.08 17:56:38.084,1.40751,1.40768,2.06,1.00
2017.02.08 17:56:38.185,1.40751,1.40769,1.69,1.75
2017.02.08 17:56:38.287,1.40753,1.40771,1.50,1.50
2017.02.08 17:56:38.781,1.40755,1.40772,1.37,1.50
2017.02.08 17:56:38.832,1.40755,1.40772,1.87,1.50
2017.02.08 17:56:38.883,1.40758,1.40772,1.00,1.00
2017.02.08 17:56:40.044,1.40758,1.40773,1.00,1.50
2017.02.08 17:56:40.488,1.40756,1.40772,1.50,1.00
2017.02.08 17:56:42.118,1.40756,1.40773,1.50,1.87
2017.02.08 17:56:42.553,1.40756,1.40774,1.50,2.25
2017.02.08 17:56:42.604,1.40756,1.40773,1.00,1.12
2017.02.08 17:56:42.655,1.40755,1.40773,1.87,1.12
2017.02.08 17:56:42.807,1.40759,1.40775,1.00,1.00
2017.02.08 17:56:43.359,1.40756,1.40774,1.87,1.00
2017.02.08 17:56:43.773,1.40754,1.40768,1.50,1.00
2017.02.08 17:56:43.875,1.40751,1.40768,2.25,1.00
2017.02.08 17:56:44.305,1.40752,1.4077,1.50,1.50
2017.02.08 17:56:44.407,1.40754,1.40771,1.50,1.50
2017.02.08 17:56:44.948,1.40754,1.40774,1.75,2.25
2017.02.08 17:56:45.995,1.40754,1.40772,2.25,1.87
2017.02.08 17:56:46.198,1.40753,1.40772,1.00,2.25
2017.02.08 17:56:46.754,1.40752,1.40768,1.62,1.00
2017.02.08 17:56:46.907,1.40749,1.40767,1.69,1.50
2017.02.08 17:56:47.742,1.40745,1.40761,2.62,1.00
2017.02.08 17:56:47.895,1.40745,1.40761,1.50,1.00
2017.02.08 17:56:48.729,1.40744,1.40762,1.87,1.87
2017.02.08 17:56:49.576,1.40746,1.40763,1.00,2.25
2017.02.08 17:56:49.729,1.40747,1.40764,1.00,1.00
2017.02.08 17:56:50.639,1.40748,1.40764,1.00,1.00
2017.02.08 17:56:50.892,1.40748,1.40764,1.50,1.00
2017.02.08 17:56:51.094,1.40746,1.40762,1.62,1.00
2017.02.08 17:56:51.246,1.40744,1.40762,1.87,2.25
2017.02.08 17:56:52.936,1.40744,1.4076,1.00,1.12
2017.02.08 17:56:54.872,1.40746,1.4076,1.37,1.12
2017.02.08 17:56:54.923,1.40744,1.4076,1.12,1.12
2017.02.08 17:56:55.126,1.40743,1.40753,1.87,1.00
2017.02.08 17:56:55.453,1.40748,1.40757,1.50,1.00
2017.02.08 17:56:55.655,1.40748,1.40762,1.87,1.00
2017.02.08 17:56:55.807,1.40748,1.40762,4.50,1.00
2017.02.08 17:56:56.313,1.40751,1.40762,3.75,1.00
2017.02.08 17:56:57.165,1.40751,1.40761,2.25,1.00
2017.02.08 17:56:57.519,1.40752,1.4076,1.37,1.00
2017.02.08 17:56:57.773,1.40752,1.40762,1.75,1.00
2017.02.08 17:56:58.279,1.40753,1.40761,1.37,1.00
2017.02.08 17:56:59.478,1.40752,1.40762,1.12,1.00
2017.02.08 17:57:02.076,1.4075,1.40759,1.75,1.00
2017.02.08 17:57:02.127,1.40751,1.40759,1.00,1.00
2017.02.08 17:57:02.229,1.40748,1.40759,1.50,1.00
2017.02.08 17:57:02.331,1.40748,1.40761,1.50,1.00
2017.02.08 17:57:02.620,1.40746,1.40757,2.06,1.00
2017.02.08 17:57:03.416,1.40746,1.40756,1.00,1.00
2017.02.08 17:57:03.839,1.40743,1.40752,1.87,1.00
2017.02.08 17:57:03.940,1.40742,1.40754,1.75,1.00
2017.02.08 17:57:04.042,1.40746,1.40762,1.00,1.75
2017.02.08 17:57:04.144,1.40746,1.40762,2.06,1.00
2017.02.08 17:57:04.246,1.40746,1.40754,2.25,1.00
2017.02.08 17:57:04.305,1.40746,1.40754,1.87,1.00
2017.02.08 17:57:04.508,1.40746,1.40764,1.12,2.25
2017.02.08 17:57:05.632,1.40744,1.40757,1.75,1.00
2017.02.08 17:57:05.935,1.40745,1.40754,1.00,1.00
2017.02.08 17:57:07.418,1.40744,1.40756,2.25,1.00
2017.02.08 17:57:07.520,1.40741,1.40758,2.25,2.06
2017.02.08 17:57:07.572,1.40741,1.40757,1.50,1.12
2017.02.08 17:57:07.724,1.40745,1.40761,1.00,1.62
2017.02.08 17:57:08.432,1.40747,1.40757,1.00,1.00
2017.02.08 17:57:08.762,1.40745,1.40754,1.87,1.00
2017.02.08 17:57:09.282,1.40746,1.40754,1.00,1.00
2017.02.08 17:57:09.434,1.40745,1.40762,1.50,1.81
2017.02.08 17:57:09.637,1.40748,1.40757,1.12,1.00
2017.02.08 17:57:09.738,1.40748,1.40762,1.87,1.12
2017.02.08 17:57:09.789,1.40748,1.40766,3.00,1.62
2017.02.08 17:57:09.941,1.40747,1.40765,1.87,3.37
2017.02.08 17:57:10.124,1.40747,1.40762,1.75,1.12
2017.02.08 17:57:10.175,1.40747,1.40765,1.75,2.62
2017.02.08 17:57:10.609,1.40751,1.40765,1.00,1.81
2017.02.08 17:57:10.761,1.40751,1.40766,1.00,1.69
2017.02.08 17:57:11.065,1.40754,1.40768,1.00,1.00
2017.02.08 17:57:11.218,1.40754,1.40771,1.12,1.87
2017.02.08 17:57:11.699,1.40752,1.4077,1.75,2.62
2017.02.08 17:57:12.364,1.40752,1.4077,1.50,3.75
2017.02.08 17:57:12.901,1.40752,1.4077,1.12,3.75
2017.02.08 17:57:13.532,1.40752,1.40769,1.12,1.12
2017.02.08 17:57:13.865,1.40752,1.40761,1.12,1.00
2017.02.08 17:57:14.585,1.40751,1.40759,1.50,1.00
2017.02.08 17:57:14.637,1.40751,1.40769,1.50,1.87
2017.02.08 17:57:15.193,1.4075,1.40767,2.25,1.00
2017.02.08 17:57:15.346,1.40748,1.40764,1.75,1.00
2017.02.08 17:57:15.447,1.40747,1.40764,1.50,1.69
2017.02.08 17:57:15.820,1.40747,1.40765,1.37,3.37
2017.02.08 17:57:16.023,1.40748,1.40765,1.00,2.25
2017.02.08 17:57:16.175,1.40747,1.40765,1.37,1.12
2017.02.08 17:57:16.784,1.40748,1.40766,2.62,1.00
2017.02.08 17:57:17.087,1.40749,1.40766,1.12,1.00
2017.02.08 17:57:17.516,1.4075,1.40766,1.00,1.00
2017.02.08 17:57:17.567,1.4075,1.40768,1.50,2.62
2017.02.08 17:57:17.618,1.40752,1.4077,1.37,3.00
2017.02.08 17:57:17.821,1.40752,1.40769,1.50,1.00
2017.02.08 17:57:17.872,1.40752,1.40771,3.00,2.25
2017.02.08 17:57:17.923,1.40753,1.40771,1.00,2.25
2017.02.08 17:57:17.974,1.40752,1.40771,2.25,1.50
2017.02.08 17:57:18.125,1.40753,1.40771,1.00,1.87
2017.02.08 17:57:19.013,1.40752,1.40771,2.62,2.62
2017.02.08 17:57:19.432,1.40752,1.40767,1.50,1.00
2017.02.08 17:57:19.941,1.40752,1.40769,1.00,1.87
2017.02.08 17:57:20.456,1.4075,1.40768,1.37,2.62
2017.02.08 17:57:20.962,1.4075,1.40767,1.12,1.12
2017.02.08 17:57:21.271,1.40749,1.40759,1.50,1.00
2017.02.08 17:57:21.373,1.40749,1.40759,1.50,1.00
2017.02.08 17:57:21.878,1.40749,1.40759,2.25,1.00
2017.02.08 17:57:21.929,1.40751,1.40762,1.37,1.00
2017.02.08 17:57:22.456,1.40751,1.40763,1.87,1.00
2017.02.08 17:57:23.573,1.40749,1.40763,1.50,1.00
2017.02.08 17:57:23.675,1.40749,1.40763,1.00,1.00
2017.02.08 17:57:24.203,1.40748,1.40763,1.87,1.00
2017.02.08 17:57:25.957,1.40749,1.40763,1.12,1.00
2017.02.08 17:57:26.272,1.40748,1.40763,1.50,1.00
2017.02.08 17:57:26.777,1.40748,1.40762,1.50,1.00
2017.02.08 17:57:27.898,1.40748,1.40762,1.00,1.00
2017.02.08 17:57:28.871,1.40747,1.4076,1.00,1.00
2017.02.08 17:57:29.074,1.40743,1.4076,1.15,1.12
2017.02.08 17:57:29.125,1.40743,1.40758,1.15,1.00
2017.02.08 17:57:29.458,1.40745,1.40756,1.75,1.00
2017.02.08 17:57:30.214,1.40745,1.40756,1.87,1.00
2017.02.08 17:57:31.035,1.40745,1.40757,1.87,1.00
2017.02.08 17:57:31.985,1.40745,1.40756,1.37,1.00
2017.02.08 17:57:32.288,1.40741,1.40756,1.50,1.00
2017.02.08 17:57:32.394,1.40741,1.40753,1.12,1.00
2017.02.08 17:57:32.799,1.40742,1.40754,1.50,1.00
2017.02.08 17:57:33.002,1.40744,1.40756,1.50,1.00
2017.02.08 17:57:33.505,1.40744,1.40757,1.00,1.00
2017.02.08 17:57:34.900,1.40741,1.40757,1.12,1.00
2017.02.08 17:57:35.002,1.40741,1.40754,1.12,1.00
2017.02.08 17:57:35.524,1.40741,1.40753,1.87,1.00
2017.02.08 17:57:36.061,1.40741,1.40754,1.12,1.00
2017.02.08 17:57:36.539,1.40741,1.40756,1.37,1.50
2017.02.08 17:57:36.794,1.40741,1.40759,1.87,1.12
2017.02.08 17:57:36.845,1.40743,1.4076,1.00,1.50
2017.02.08 17:57:37.364,1.40743,1.4076,1.12,1.00
2017.02.08 17:57:37.885,1.40741,1.40759,2.62,1.00
2017.02.08 17:57:38.421,1.40741,1.40759,2.62,1.00
2017.02.08 17:57:38.967,1.40743,1.4076,1.00,1.00
2017.02.08 17:57:39.149,1.40741,1.4075,1.50,1.00
2017.02.08 17:57:39.302,1.40738,1.40752,1.12,1.00
2017.02.08 17:57:39.504,1.40737,1.40752,1.00,1.00
2017.02.08 17:57:41.286,1.40736,1.40752,1.90,1.00
2017.02.08 17:57:41.810,1.40738,1.40752,1.37,1.00
2017.02.08 17:57:42.090,1.40735,1.40749,1.34,1.00
2017.02.08 17:57:42.141,1.40734,1.40752,1.15,1.00
2017.02.08 17:57:42.192,1.40736,1.40752,1.00,1.12
2017.02.08 17:57:42.243,1.40737,1.40749,1.37,1.00
2017.02.08 17:57:42.648,1.40735,1.4075,1.37,1.00
2017.02.08 17:57:43.189,1.40737,1.4075,1.12,1.00
2017.02.08 17:57:44.131,1.40738,1.4075,1.12,1.00
2017.02.08 17:57:44.434,1.4074,1.40755,1.41,1.00
2017.02.08 17:57:44.687,1.40744,1.40756,1.37,1.00
2017.02.08 17:57:45.219,1.40744,1.40755,1.50,1.00
2017.02.08 17:57:45.421,1.40745,1.4076,1.90,1.00
2017.02.08 17:57:45.472,1.40747,1.4076,1.37,1.00
2017.02.08 17:57:45.978,1.40747,1.40759,1.50,1.00
2017.02.08 17:57:46.381,1.40747,1.40759,1.12,1.00
2017.02.08 17:57:46.432,1.40749,1.40762,1.12,1.00
2017.02.08 17:57:48.132,1.4075,1.40762,1.00,1.00
2017.02.08 17:57:48.362,1.40745,1.40763,2.28,1.50
2017.02.08 17:57:48.514,1.40745,1.40763,1.87,1.12
2017.02.08 17:57:48.616,1.40745,1.4076,1.00,1.00
2017.02.08 17:57:49.130,1.40745,1.4076,1.87,1.00
2017.02.08 17:57:50.629,1.40748,1.40763,1.37,1.50
2017.02.08 17:57:50.832,1.40751,1.40764,1.00,1.00
2017.02.08 17:57:51.186,1.4075,1.4076,1.37,1.00
2017.02.08 17:57:51.850,1.4075,1.40766,1.50,1.00
2017.02.08 17:57:52.371,1.4075,1.40766,1.00,1.00
2017.02.08 17:57:52.473,1.40747,1.40763,1.87,1.00
2017.02.08 17:57:52.575,1.40748,1.40765,1.12,1.00
2017.02.08 17:57:52.750,1.40748,1.40765,1.12,1.87
2017.02.08 17:57:52.902,1.40749,1.40765,1.00,1.12
2017.02.08 17:57:53.428,1.40747,1.40765,4.50,1.50
2017.02.08 17:57:54.077,1.40748,1.40766,1.87,1.87
2017.02.08 17:57:54.566,1.40748,1.40764,1.12,1.00
2017.02.08 17:57:54.668,1.40748,1.40764,1.87,1.00
2017.02.08 17:57:54.719,1.40748,1.40764,1.87,1.00
2017.02.08 17:57:55.226,1.40749,1.40765,1.00,1.00
2017.02.08 17:57:55.539,1.40747,1.40757,1.00,1.00
2017.02.08 17:57:56.061,1.40746,1.40757,1.87,1.00
2017.02.08 17:57:56.721,1.40746,1.40759,1.87,1.00
2017.02.08 17:57:57.017,1.40746,1.40764,1.87,1.50
2017.02.08 17:57:57.550,1.40747,1.40765,2.62,1.87
2017.02.08 17:57:57.879,1.4075,1.40766,1.37,1.00
2017.02.08 17:57:58.032,1.40749,1.40767,1.87,1.87
2017.02.08 17:57:58.387,1.40752,1.40767,1.37,2.62
2017.02.08 17:57:58.539,1.40751,1.40767,1.12,2.62
2017.02.08 17:57:58.945,1.40753,1.40767,1.37,1.00
2017.02.08 17:57:59.148,1.40756,1.40771,1.12,1.37
2017.02.08 17:57:59.435,1.40758,1.40774,1.00,1.87
2017.02.08 17:57:59.486,1.40756,1.40774,1.87,1.87
2017.02.08 17:57:59.653,1.4076,1.40775,1.00,2.25
2017.02.08 17:57:59.856,1.40762,1.40773,1.00,1.00
2017.02.08 17:58:00.058,1.4076,1.40775,2.25,1.00
2017.02.08 17:58:00.556,1.40759,1.40771,2.25,1.00
2017.02.08 17:58:01.752,1.4076,1.40772,1.12,1.00
2017.02.08 17:58:02.259,1.40759,1.40772,1.50,1.00
2017.02.08 17:58:02.534,1.40759,1.40772,1.50,1.00
2017.02.08 17:58:02.788,1.40758,1.40769,2.06,1.00
2017.02.08 17:58:02.889,1.40758,1.40772,1.25,1.00
2017.02.08 17:58:02.940,1.40754,1.4077,1.75,1.50
2017.02.08 17:58:03.246,1.40757,1.40767,1.00,1.00
2017.02.08 17:58:03.298,1.40757,1.40769,1.00,1.00
2017.02.08 17:58:03.500,1.40758,1.40769,2.25,1.00
2017.02.08 17:58:03.968,1.40756,1.40773,1.87,1.00
2017.02.08 17:58:04.120,1.40758,1.40768,1.00,1.00
2017.02.08 17:58:04.324,1.40756,1.40768,1.87,1.00
2017.02.08 17:58:04.700,1.40755,1.40771,1.75,1.00
2017.02.08 17:58:04.802,1.40754,1.40767,1.75,1.00
2017.02.08 17:58:04.853,1.40752,1.4077,1.12,1.12
2017.02.08 17:58:04.954,1.40752,1.4077,1.12,1.37
2017.02.08 17:58:06.419,1.40752,1.40763,1.12,1.00
2017.02.08 17:58:06.941,1.4075,1.40761,1.50,1.00
2017.02.08 17:58:07.461,1.40751,1.40761,1.00,1.00
2017.02.08 17:58:07.836,1.40752,1.40763,1.00,1.00
2017.02.08 17:58:08.089,1.4075,1.40763,1.00,1.00
2017.02.08 17:58:08.140,1.40748,1.40761,1.50,1.00
2017.02.08 17:58:08.242,1.40744,1.40761,2.44,1.12
2017.02.08 17:58:08.344,1.40746,1.40759,1.69,1.12
2017.02.08 17:58:08.446,1.40747,1.4076,1.12,1.12
2017.02.08 17:58:08.547,1.40747,1.40763,1.12,1.00
2017.02.08 17:58:09.061,1.40746,1.40764,1.87,2.25
2017.02.08 17:58:09.365,1.40747,1.40764,2.25,1.12
2017.02.08 17:58:09.801,1.40748,1.40765,1.37,1.87
2017.02.08 17:58:09.852,1.40749,1.40765,1.00,1.87
2017.02.08 17:58:10.106,1.40752,1.40759,1.00,1.00
2017.02.08 17:58:10.207,1.40749,1.40759,1.50,1.00
2017.02.08 17:58:10.460,1.40748,1.40759,2.25,1.00
2017.02.08 17:58:10.511,1.40748,1.40757,2.25,1.00
2017.02.08 17:58:11.052,1.40748,1.40764,1.25,1.00
2017.02.08 17:58:11.103,1.40748,1.40764,1.62,1.00
2017.02.08 17:58:11.154,1.40748,1.40764,1.31,1.00
2017.02.08 17:58:11.508,1.40748,1.40764,2.06,1.00
2017.02.08 17:58:12.061,1.40748,1.40766,2.81,1.87
2017.02.08 17:58:12.530,1.4075,1.40764,1.50,1.00
2017.02.08 17:58:13.111,1.4075,1.40763,1.37,1.00
2017.02.08 17:58:13.429,1.4075,1.40763,1.87,1.00
2017.02.08 17:58:13.532,1.40752,1.40768,1.37,1.12
2017.02.08 17:58:13.633,1.4075,1.40762,1.37,1.00
2017.02.08 17:58:13.962,1.40748,1.40762,1.37,1.00
2017.02.08 17:58:14.496,1.40748,1.40761,1.37,1.00
2017.02.08 17:58:15.565,1.40748,1.40763,1.37,1.12
2017.02.08 17:58:15.616,1.40746,1.40761,1.75,1.00
2017.02.08 17:58:15.937,1.40746,1.40756,2.25,1.00
2017.02.08 17:58:16.241,1.40746,1.40763,2.25,1.00
2017.02.08 17:58:16.443,1.40746,1.40763,2.25,1.56
2017.02.08 17:58:16.848,1.40744,1.40762,1.50,2.06
2017.02.08 17:58:16.904,1.40743,1.40759,1.50,1.00
2017.02.08 17:58:17.330,1.4074,1.40757,1.12,1.87
2017.02.08 17:58:17.995,1.4074,1.40756,1.12,1.00
2017.02.08 17:58:18.248,1.40741,1.40759,1.75,1.50
2017.02.08 17:58:18.299,1.40744,1.40757,1.00,1.87
2017.02.08 17:58:18.603,1.40745,1.40762,1.69,2.25
2017.02.08 17:58:18.654,1.40745,1.40762,1.69,2.25
2017.02.08 17:58:18.705,1.40745,1.40762,2.06,1.87
2017.02.08 17:58:19.230,1.40747,1.40765,1.37,2.44
2017.02.08 17:58:19.755,1.40747,1.40757,1.37,1.00
2017.02.08 17:58:19.857,1.40747,1.40765,1.37,2.25
2017.02.08 17:58:20.441,1.40746,1.4076,1.62,1.00
2017.02.08 17:58:20.492,1.40743,1.40756,1.12,1.00
2017.02.08 17:58:20.543,1.40741,1.40756,1.31,1.50
2017.02.08 17:58:20.594,1.40739,1.40753,1.12,1.00
2017.02.08 17:58:20.696,1.40737,1.40753,1.87,1.00
2017.02.08 17:58:20.920,1.40739,1.40753,2.25,1.12
2017.02.08 17:58:20.971,1.40739,1.40752,1.00,1.31
2017.02.08 17:58:21.123,1.40734,1.40751,1.87,1.87
2017.02.08 17:58:21.174,1.40734,1.40748,1.00,1.00
2017.02.08 17:58:21.478,1.40732,1.40751,2.44,1.50
2017.02.08 17:58:21.831,1.40733,1.40752,1.50,2.06
2017.02.08 17:58:21.906,1.40733,1.40752,3.00,1.31
2017.02.08 17:58:22.058,1.40735,1.40753,1.87,3.00
2017.02.08 17:58:22.109,1.40735,1.40753,1.50,3.00
2017.02.08 17:58:22.478,1.40734,1.40751,1.37,1.69
2017.02.08 17:58:22.684,1.40734,1.40751,1.37,1.69
2017.02.08 17:58:23.208,1.40734,1.40752,1.12,1.12
2017.02.08 17:58:24.001,1.40734,1.40752,1.87,1.12
2017.02.08 17:58:24.574,1.40735,1.40752,1.50,1.87
2017.02.08 17:58:24.777,1.40735,1.40752,1.50,1.00
2017.02.08 17:58:24.929,1.40736,1.40753,1.37,1.25
2017.02.08 17:58:25.182,1.40737,1.40755,1.50,2.44
2017.02.08 17:58:25.602,1.40739,1.40755,1.37,1.69
2017.02.08 17:58:26.481,1.4074,1.40757,1.37,1.75
2017.02.08 17:58:26.986,1.40739,1.40755,1.37,2.06
2017.02.08 17:58:27.088,1.40738,1.40752,1.37,1.25
2017.02.08 17:58:27.924,1.40738,1.40753,1.37,1.87
2017.02.08 17:58:28.457,1.40738,1.40752,1.37,1.12
2017.02.08 17:58:29.004,1.40738,1.4075,1.37,1.00
2017.02.08 17:58:29.056,1.40736,1.4075,1.37,1.00
2017.02.08 17:58:29.107,1.40733,1.40748,1.87,1.00
2017.02.08 17:58:29.158,1.40732,1.40748,1.12,1.50
2017.02.08 17:58:29.209,1.40731,1.40745,2.25,1.12
2017.02.08 17:58:29.354,1.40731,1.40742,1.37,1.12
2017.02.08 17:58:29.455,1.40731,1.40742,1.37,1.12
2017.02.08 17:58:30.167,1.40732,1.40743,1.37,1.37
2017.02.08 17:58:30.218,1.40732,1.40749,1.37,2.62
2017.02.08 17:58:30.269,1.40732,1.40749,1.37,1.87
2017.02.08 17:58:30.371,1.40734,1.40749,1.37,1.12
2017.02.08 17:58:30.422,1.40734,1.40751,1.75,1.75
2017.02.08 17:58:30.575,1.40735,1.40751,1.50,1.00
2017.02.08 17:58:31.095,1.40737,1.40752,1.37,1.00
2017.02.08 17:58:31.641,1.40737,1.40752,1.37,1.00
2017.02.08 17:58:32.170,1.40739,1.40755,1.37,1.12
2017.02.08 17:58:33.016,1.40739,1.40756,1.37,1.87
2017.02.08 17:58:33.340,1.40739,1.40756,2.25,1.50
2017.02.08 17:58:33.765,1.40736,1.40754,2.62,1.37
2017.02.08 17:58:33.867,1.40736,1.40754,2.62,1.37
2017.02.08 17:58:34.272,1.40741,1.40755,1.37,1.12
2017.02.08 17:58:34.424,1.40741,1.40757,1.75,1.50
2017.02.08 17:58:35.348,1.40743,1.4076,1.37,1.87
2017.02.08 17:58:35.399,1.40743,1.40761,2.25,1.50
2017.02.08 17:58:35.450,1.40744,1.40757,1.50,1.00
2017.02.08 17:58:35.703,1.40746,1.40763,1.87,1.12
2017.02.08 17:58:35.805,1.40746,1.40759,2.25,1.00
2017.02.08 17:58:35.856,1.40746,1.40764,2.25,2.25
2017.02.08 17:58:36.008,1.40743,1.40763,2.25,2.25
2017.02.08 17:58:36.549,1.40746,1.40762,1.37,1.37
2017.02.08 17:58:37.210,1.40746,1.40762,1.37,1.87
2017.02.08 17:58:37.412,1.40746,1.40762,1.37,1.50
2017.02.08 17:58:38.156,1.40746,1.40762,1.37,1.50
2017.02.08 17:58:38.821,1.40749,1.40763,1.37,1.50
2017.02.08 17:58:39.057,1.40746,1.40763,2.62,1.00
2017.02.08 17:58:39.565,1.40748,1.40764,1.37,1.50
2017.02.08 17:58:40.116,1.40747,1.40764,2.25,1.00
2017.02.08 17:58:40.662,1.40748,1.40764,1.50,1.50
2017.02.08 17:58:40.854,1.40748,1.40764,1.50,1.50
2017.02.08 17:58:40.905,1.40747,1.40763,1.37,3.00
2017.02.08 17:58:41.575,1.40747,1.40763,1.37,2.25
2017.02.08 17:58:41.777,1.40744,1.4076,1.62,1.00
2017.02.08 17:58:41.828,1.40743,1.4076,1.12,1.37
2017.02.08 17:58:41.879,1.40742,1.4076,2.62,1.00
2017.02.08 17:58:42.046,1.40743,1.40758,1.69,1.00
2017.02.08 17:58:42.780,1.40741,1.40758,2.44,1.50
2017.02.08 17:58:43.084,1.40741,1.40755,1.87,1.00
2017.02.08 17:58:44.804,1.40741,1.40757,1.12,1.00
2017.02.08 17:58:44.855,1.4074,1.40755,1.37,1.50
2017.02.08 17:58:45.189,1.40739,1.40757,1.37,3.00
2017.02.08 17:58:46.178,1.40739,1.40757,1.37,3.00
2017.02.08 17:58:46.495,1.40744,1.40757,1.37,1.12
2017.02.08 17:58:46.696,1.4074,1.40756,2.06,1.00
2017.02.08 17:58:46.747,1.4074,1.40756,1.69,1.37
2017.02.08 17:58:46.798,1.4074,1.40756,1.69,1.75
2017.02.08 17:58:46.900,1.4074,1.40756,1.69,1.50
2017.02.08 17:58:47.278,1.40741,1.40756,1.37,1.50
2017.02.08 17:58:47.380,1.40741,1.40756,1.37,1.50
2017.02.08 17:58:47.481,1.40741,1.40756,1.37,1.50
2017.02.08 17:58:47.990,1.40741,1.40757,1.69,1.75
2017.02.08 17:58:48.549,1.40742,1.40757,1.37,1.75
2017.02.08 17:58:48.852,1.40743,1.40758,1.50,1.00
2017.02.08 17:58:48.953,1.40743,1.40758,1.50,1.00
2017.02.08 17:58:49.004,1.40742,1.40756,1.12,1.00
2017.02.08 17:58:49.257,1.40739,1.40756,1.37,1.87
2017.02.08 17:58:49.769,1.40739,1.40756,1.37,2.62
2017.02.08 17:58:50.083,1.40741,1.40757,1.87,1.87
2017.02.08 17:58:50.262,1.40741,1.40757,1.87,1.50
2017.02.08 17:58:51.774,1.40739,1.40756,1.37,1.00
2017.02.08 17:58:51.825,1.4074,1.40756,1.37,1.12
2017.02.08 17:58:52.331,1.40741,1.40756,1.37,1.12
2017.02.08 17:58:52.656,1.40741,1.40756,1.37,1.12
2017.02.08 17:58:53.194,1.40741,1.40757,1.37,2.25
2017.02.08 17:58:53.349,1.40741,1.40756,1.37,1.00
2017.02.08 17:58:53.950,1.40739,1.40755,1.87,1.00
2017.02.08 17:58:54.475,1.40739,1.40755,1.87,1.00
2017.02.08 17:58:55.043,1.40739,1.40756,1.87,1.12
2017.02.08 17:58:55.197,1.40741,1.40756,1.37,1.12
2017.02.08 17:58:55.754,1.40739,1.40756,2.25,1.81
2017.02.08 17:58:55.806,1.40741,1.40756,1.87,1.81
2017.02.08 17:58:56.320,1.40742,1.40754,1.37,1.00
2017.02.08 17:58:56.371,1.40741,1.40756,1.37,1.12
2017.02.08 17:58:56.523,1.40739,1.40754,1.87,1.12
2017.02.08 17:58:56.777,1.40741,1.40751,1.00,1.00
2017.02.08 17:58:56.828,1.40741,1.40754,1.00,1.12
2017.02.08 17:58:57.021,1.40742,1.40757,1.00,1.56
2017.02.08 17:58:57.545,1.4074,1.40755,1.00,1.87
2017.02.08 17:58:57.748,1.40741,1.40756,1.12,1.31
2017.02.08 17:58:57.799,1.40741,1.40756,1.37,1.31
2017.02.08 17:58:57.850,1.4074,1.40758,2.25,3.75
2017.02.08 17:58:58.053,1.40739,1.40754,1.50,1.12
2017.02.08 17:58:58.206,1.40736,1.40753,2.25,1.12
2017.02.08 17:58:58.358,1.40738,1.4075,1.00,1.12
2017.02.08 17:58:59.319,1.40739,1.40755,1.37,1.12
2017.02.08 17:58:59.369,1.40739,1.40755,1.37,1.12
2017.02.08 17:58:59.925,1.40743,1.40755,1.12,1.12
2017.02.08 17:59:00.880,1.40742,1.40755,2.62,1.12
2017.02.08 17:59:01.261,1.40743,1.40756,1.50,1.12
2017.02.08 17:59:01.798,1.40742,1.40756,2.62,1.12
2017.02.08 17:59:02.211,1.40743,1.40756,1.50,1.12
2017.02.08 17:59:02.262,1.40742,1.40756,2.62,1.12
2017.02.08 17:59:02.440,1.40745,1.40756,1.00,1.12
2017.02.08 17:59:02.542,1.40745,1.40758,1.50,1.12
2017.02.08 17:59:04.563,1.40743,1.4076,1.50,1.87
2017.02.08 17:59:04.797,1.40741,1.40756,1.75,1.00
2017.02.08 17:59:04.949,1.40743,1.40758,1.00,1.12
2017.02.08 17:59:05.953,1.40742,1.4076,1.00,2.62
2017.02.08 17:59:06.497,1.40742,1.40759,1.00,1.50
2017.02.08 17:59:07.039,1.40745,1.4076,1.00,1.37
2017.02.08 17:59:08.125,1.40745,1.40759,1.00,1.37
2017.02.08 17:59:08.643,1.40744,1.40759,1.12,1.37
2017.02.08 17:59:08.877,1.40746,1.40761,1.12,1.87
2017.02.08 17:59:08.928,1.40746,1.40762,1.50,1.00
2017.02.08 17:59:08.979,1.40744,1.4076,2.25,1.00
2017.02.08 17:59:09.485,1.40746,1.40762,1.50,1.37
2017.02.08 17:59:09.536,1.40749,1.40764,1.00,2.25
2017.02.08 17:59:09.637,1.40747,1.40764,1.37,1.50
2017.02.08 17:59:10.819,1.40747,1.40764,1.00,1.50
2017.02.08 17:59:11.072,1.40746,1.40764,1.50,1.12
2017.02.08 17:59:11.173,1.40748,1.40764,1.50,1.00
2017.02.08 17:59:11.685,1.40748,1.40765,1.87,1.00
2017.02.08 17:59:12.197,1.40748,1.40765,1.12,1.87
2017.02.08 17:59:12.714,1.40746,1.40764,1.50,1.87
2017.02.08 17:59:12.765,1.40745,1.40761,1.00,1.12
2017.02.08 17:59:13.070,1.40741,1.40759,2.25,1.87
2017.02.08 17:59:13.505,1.40741,1.40756,2.62,1.00
2017.02.08 17:59:14.274,1.40742,1.40756,1.50,1.00
2017.02.08 17:59:14.625,1.4074,1.40757,1.50,1.50
2017.02.08 17:59:14.676,1.40739,1.40754,1.75,1.00
2017.02.08 17:59:14.778,1.40737,1.40754,2.25,1.12
2017.02.08 17:59:15.296,1.40737,1.40753,1.50,1.00
2017.02.08 17:59:15.448,1.40738,1.40753,1.12,1.37
2017.02.08 17:59:15.806,1.40736,1.4075,1.00,1.50
2017.02.08 17:59:15.858,1.40733,1.4075,2.25,1.00
2017.02.08 17:59:15.960,1.40735,1.40753,1.37,3.00
2017.02.08 17:59:16.166,1.40737,1.40753,1.50,1.00
2017.02.08 17:59:16.472,1.40736,1.40753,2.25,1.00
2017.02.08 17:59:16.674,1.40738,1.40756,1.69,1.75
2017.02.08 17:59:16.877,1.40741,1.40758,1.00,1.50
2017.02.08 17:59:17.181,1.40743,1.40759,1.00,1.00
2017.02.08 17:59:17.695,1.40743,1.4076,1.00,1.00
2017.02.08 17:59:18.001,1.40743,1.40761,1.00,1.87
2017.02.08 17:59:18.254,1.40739,1.40755,1.00,1.50
2017.02.08 17:59:18.406,1.40741,1.40755,1.00,1.00
2017.02.08 17:59:19.613,1.40744,1.40757,1.00,1.12
2017.02.08 17:59:19.664,1.40744,1.40759,1.00,1.12
2017.02.08 17:59:19.765,1.40744,1.4076,1.00,1.00
2017.02.08 17:59:20.251,1.40746,1.40762,1.12,1.00
2017.02.08 17:59:20.834,1.40746,1.40763,1.00,1.50
2017.02.08 17:59:21.357,1.40746,1.40762,1.00,1.00
2017.02.08 17:59:21.863,1.40748,1.40762,1.00,1.00
2017.02.08 17:59:22.494,1.40746,1.40763,1.50,1.00
2017.02.08 17:59:23.186,1.40744,1.40762,3.75,1.00
2017.02.08 17:59:24.146,1.40749,1.40763,1.00,1.00
2017.02.08 17:59:24.350,1.4075,1.40765,1.00,1.00
2017.02.08 17:59:25.643,1.40749,1.40767,1.87,4.12
2017.02.08 17:59:25.795,1.40747,1.40763,1.75,1.00
2017.02.08 17:59:25.995,1.40747,1.40763,1.00,1.12
2017.02.08 17:59:26.351,1.40749,1.40765,1.00,2.25
2017.02.08 17:59:26.655,1.40748,1.40766,2.25,2.62
2017.02.08 17:59:26.757,1.40748,1.40766,1.50,3.37
2017.02.08 17:59:27.968,1.40747,1.40762,1.12,1.00
2017.02.08 17:59:28.121,1.40745,1.40762,1.50,1.12
2017.02.08 17:59:28.576,1.40747,1.40762,1.00,1.00
2017.02.08 17:59:28.728,1.40746,1.40765,1.50,4.12
2017.02.08 17:59:28.829,1.40747,1.40765,1.00,3.00
2017.02.08 17:59:29.215,1.40747,1.40765,3.00,1.00
2017.02.08 17:59:29.269,1.40751,1.40767,1.00,1.50
2017.02.08 17:59:29.709,1.40755,1.40771,1.87,1.12
2017.02.08 17:59:29.963,1.40759,1.40776,1.00,1.12
2017.02.08 17:59:30.014,1.40756,1.40775,1.37,2.25
2017.02.08 17:59:30.219,1.40755,1.4077,1.00,1.00
2017.02.08 17:59:30.610,1.40757,1.40772,1.37,1.50
2017.02.08 17:59:30.964,1.40756,1.40772,1.12,1.00
2017.02.08 17:59:31.475,1.40756,1.40771,1.12,1.00
2017.02.08 17:59:32.046,1.40759,1.40775,1.00,1.87
2017.02.08 17:59:32.435,1.40755,1.40771,1.12,1.00
2017.02.08 17:59:32.486,1.40754,1.40767,2.06,1.00
2017.02.08 17:59:32.588,1.40752,1.40769,1.37,1.12
2017.02.08 17:59:32.639,1.40753,1.40769,1.00,1.12
2017.02.08 17:59:32.740,1.40755,1.40769,1.00,1.00
2017.02.08 17:59:33.244,1.40755,1.40771,1.00,1.12
2017.02.08 17:59:33.752,1.40756,1.40773,1.00,1.75
2017.02.08 17:59:33.803,1.40758,1.40773,1.00,1.37
2017.02.08 17:59:33.854,1.40758,1.40773,1.00,1.00
2017.02.08 17:59:34.063,1.40755,1.40773,1.87,1.12
2017.02.08 17:59:34.820,1.40756,1.40773,1.00,1.12
2017.02.08 17:59:35.132,1.40754,1.40769,2.06,1.00
2017.02.08 17:59:35.234,1.40751,1.40767,1.31,1.12
2017.02.08 17:59:35.285,1.40753,1.40769,1.00,1.75
2017.02.08 17:59:35.695,1.40749,1.40766,2.06,1.00
2017.02.08 17:59:35.989,1.40748,1.40766,1.00,1.50
2017.02.08 17:59:36.293,1.40747,1.40764,2.25,1.87
2017.02.08 17:59:36.445,1.40745,1.4076,1.75,1.00
2017.02.08 17:59:36.598,1.40748,1.40763,1.00,1.37
2017.02.08 17:59:37.104,1.40747,1.40765,1.50,1.37
2017.02.08 17:59:37.706,1.40749,1.40765,1.00,1.00
2017.02.08 17:59:38.250,1.40749,1.40766,1.50,1.00
2017.02.08 17:59:38.510,1.40749,1.40764,1.50,1.00
2017.02.08 17:59:39.016,1.40748,1.40766,1.12,2.25
2017.02.08 17:59:39.320,1.40751,1.40768,1.00,1.87
2017.02.08 17:59:39.665,1.4075,1.40768,1.87,1.50
2017.02.08 17:59:40.171,1.40748,1.40764,1.50,1.37
2017.02.08 17:59:40.694,1.40746,1.40764,2.25,1.87
2017.02.08 17:59:41.337,1.40747,1.40762,1.75,1.00
2017.02.08 17:59:41.923,1.40744,1.40761,2.25,1.00
2017.02.08 17:59:42.025,1.40744,1.40761,1.50,1.12
2017.02.08 17:59:42.447,1.40747,1.40761,1.00,1.00
2017.02.08 17:59:42.752,1.40741,1.40753,2.81,1.00
2017.02.08 17:59:42.804,1.40741,1.40753,2.06,1.00
2017.02.08 17:59:42.905,1.40743,1.4076,1.50,1.00
2017.02.08 17:59:43.156,1.40746,1.40762,1.00,1.12
2017.02.08 17:59:43.662,1.40746,1.40762,1.50,1.00
2017.02.08 17:59:44.124,1.40747,1.40764,1.12,1.00
2017.02.08 17:59:44.175,1.40754,1.40766,1.12,2.25
2017.02.08 17:59:44.462,1.40755,1.40768,1.12,1.00
2017.02.08 17:59:44.633,1.40756,1.40771,1.00,1.00
2017.02.08 17:59:44.937,1.40757,1.40773,1.00,1.00
2017.02.08 17:59:44.988,1.40757,1.40771,1.00,1.00
2017.02.08 17:59:45.089,1.40757,1.40774,1.00,2.62
2017.02.08 17:59:45.595,1.40757,1.40774,1.37,2.25
2017.02.08 17:59:46.223,1.40756,1.40774,2.06,1.50
2017.02.08 17:59:47.589,1.40758,1.40773,1.00,1.12
2017.02.08 17:59:47.640,1.40761,1.40776,1.00,2.81
2017.02.08 17:59:48.112,1.40757,1.40774,1.87,1.12
2017.02.08 17:59:48.213,1.40758,1.40774,1.69,1.12
2017.02.08 17:59:48.264,1.40758,1.40774,1.31,1.00
2017.02.08 17:59:48.517,1.40759,1.40771,1.00,1.00
2017.02.08 17:59:48.670,1.40756,1.40771,2.25,1.00
2017.02.08 17:59:48.771,1.40754,1.40773,1.25,2.25
2017.02.08 17:59:48.873,1.40753,1.40771,1.50,1.75
2017.02.08 17:59:48.924,1.40751,1.40765,1.12,1.00
2017.02.08 17:59:49.971,1.40751,1.40765,1.50,1.00
2017.02.08 17:59:50.073,1.40751,1.40765,1.87,1.00
2017.02.08 17:59:50.643,1.40751,1.40765,1.50,1.00
2017.02.08 17:59:50.744,1.40751,1.40768,1.50,1.00
2017.02.08 17:59:51.350,1.40751,1.40767,2.25,1.00
2017.02.08 17:59:51.659,1.40754,1.40771,1.37,2.25
2017.02.08 17:59:51.812,1.40757,1.40771,1.00,1.00
2017.02.08 17:59:52.548,1.40756,1.40773,1.37,1.00
2017.02.08 17:59:52.821,1.40752,1.4077,2.62,1.00
2017.02.08 17:59:52.876,1.40752,1.4077,1.00,1.87
2017.02.08 17:59:53.021,1.4075,1.40767,2.25,1.00
2017.02.08 17:59:53.122,1.40749,1.40765,3.00,1.12
2017.02.08 17:59:53.325,1.40749,1.40766,1.37,1.75
2017.02.08 17:59:53.629,1.40759,1.40769,1.69,1.00
2017.02.08 17:59:53.886,1.40757,1.4077,1.00,1.00
2017.02.08 17:59:53.937,1.40757,1.40774,1.37,1.50
2017.02.08 17:59:54.038,1.40757,1.40776,1.50,2.25
2017.02.08 17:59:54.190,1.40758,1.40776,1.37,1.75
2017.02.08 17:59:54.241,1.4076,1.40776,1.12,1.75
2017.02.08 17:59:54.343,1.40758,1.40778,1.00,3.37
2017.02.08 17:59:54.866,1.40762,1.40778,1.00,2.62
2017.02.08 17:59:54.917,1.40762,1.40777,1.00,1.00
2017.02.08 17:59:55.419,1.40761,1.40778,1.12,1.50
2017.02.08 17:59:56.164,1.40762,1.4078,1.12,1.31
2017.02.08 17:59:56.688,1.40762,1.4078,1.12,1.69
2017.02.08 17:59:57.194,1.40761,1.40778,1.00,1.50
2017.02.08 17:59:58.033,1.40761,1.40778,1.37,2.62
2017.02.08 17:59:58.135,1.40761,1.40778,1.50,2.25
2017.02.08 17:59:58.524,1.40761,1.40778,1.00,2.25
2017.02.08 17:59:58.575,1.4076,1.40778,1.87,2.25
2017.02.08 17:59:58.805,1.40761,1.40777,1.00,1.00
2017.02.08 17:59:58.906,1.4076,1.40777,1.87,1.00
2017.02.08 17:59:59.623,1.40761,1.40777,1.50,1.00
2017.02.08 17:59:59.724,1.40763,1.40778,1.37,1.12
