2012.06.21 22:00:00.245,1.29027,1.29073,0.75,0.38
2012.06.21 22:00:00.312,1.29025,1.29073,0.75,0.38
2012.06.21 22:00:00.509,1.29025,1.29077,0.75,0.38
2012.06.21 22:00:00.575,1.2903,1.29077,0.75,0.38
2012.06.21 22:00:00.704,1.29026,1.29077,0.90,0.38
2012.06.21 22:00:00.776,1.29029,1.29077,0.90,0.38
2012.06.21 22:00:01.124,1.29035,1.29077,0.75,0.38
2012.06.21 22:00:01.642,1.29036,1.29077,0.75,0.38
2012.06.21 22:00:01.983,1.29034,1.29077,0.75,0.38
2012.06.21 22:00:04.793,1.29032,1.29077,0.75,0.38
2012.06.21 22:00:07.211,1.29032,1.29076,0.75,0.38
2012.06.21 22:00:07.283,1.29032,1.29073,0.75,0.38
2012.06.21 22:00:07.792,1.29031,1.29073,0.75,0.38
2012.06.21 22:00:08.083,1.29028,1.29073,0.75,0.38
2012.06.21 22:00:09.491,1.29027,1.29073,0.75,0.38
2012.06.21 22:00:10.402,1.2903,1.29073,0.75,0.38
2012.06.21 22:00:11.505,1.29029,1.29073,0.75,0.38
2012.06.21 22:00:12.036,1.2904,1.29084,0.75,1.88
2012.06.21 22:00:12.474,1.29041,1.29091,0.75,1.50
2012.06.21 22:00:13.514,1.29039,1.29091,0.75,1.50
2012.06.21 22:00:13.712,1.29039,1.29094,0.75,1.50
2012.06.21 22:00:13.804,1.29039,1.29096,0.75,1.50
2012.06.21 22:00:13.919,1.29041,1.29093,0.75,0.75
2012.06.21 22:00:14.365,1.29041,1.2909,0.75,1.50
2012.06.21 22:00:14.648,1.29035,1.29086,0.75,1.50
2012.06.21 22:00:14.714,1.29037,1.29086,0.75,1.50
2012.06.21 22:00:15.067,1.29052,1.29091,1.50,1.50
2012.06.21 22:00:15.137,1.29052,1.29097,1.50,1.88
2012.06.21 22:00:15.208,1.29061,1.29097,0.16,1.88
2012.06.21 22:00:15.670,1.29058,1.29096,0.16,1.88
2012.06.21 22:00:15.874,1.29061,1.29097,0.16,1.88
2012.06.21 22:00:16.077,1.29051,1.29097,1.50,1.88
2012.06.21 22:00:16.144,1.29047,1.29097,0.75,1.88
2012.06.21 22:00:16.347,1.29042,1.29097,1.50,1.88
2012.06.21 22:00:17.957,1.29038,1.29097,1.66,1.88
2012.06.21 22:00:18.485,1.29038,1.29096,1.66,1.88
2012.06.21 22:00:19.503,1.29038,1.29095,1.66,1.50
2012.06.21 22:00:19.572,1.29038,1.29093,0.16,1.50
2012.06.21 22:00:19.845,1.29035,1.29093,1.50,1.50
2012.06.21 22:00:25.044,1.29035,1.29089,0.16,1.50
2012.06.21 22:00:25.626,1.29034,1.29089,0.16,1.50
2012.06.21 22:00:26.073,1.29035,1.29093,1.50,1.50
2012.06.21 22:00:31.066,1.29039,1.29093,0.16,1.50
2012.06.21 22:00:31.395,1.29041,1.29093,0.16,1.50
2012.06.21 22:00:31.726,1.29049,1.29094,0.75,0.59
2012.06.21 22:00:32.033,1.29051,1.29092,0.75,0.21
2012.06.21 22:00:32.104,1.29051,1.29096,0.75,1.88
2012.06.21 22:00:32.174,1.29053,1.29096,0.75,1.88
2012.06.21 22:00:32.482,1.29055,1.29096,0.75,1.88
2012.06.21 22:00:33.366,1.29053,1.29096,0.75,1.88
2012.06.21 22:00:35.664,1.29052,1.29096,0.75,1.88
2012.06.21 22:00:36.213,1.29053,1.29096,0.75,1.88
2012.06.21 22:00:37.285,1.29052,1.29096,0.75,1.88
2012.06.21 22:00:38.093,1.29052,1.29094,0.75,1.50
2012.06.21 22:00:41.555,1.29051,1.29094,0.75,1.50
2012.06.21 22:00:42.425,1.2905,1.29094,1.50,1.50
2012.06.21 22:00:42.895,1.29046,1.2909,1.50,1.50
2012.06.21 22:00:46.826,1.29046,1.29088,1.50,1.50
2012.06.21 22:00:47.176,1.29043,1.29085,1.50,1.50
2012.06.21 22:00:47.505,1.29043,1.29083,1.50,1.50
2012.06.21 22:00:47.573,1.29038,1.29082,1.50,1.50
2012.06.21 22:00:49.864,1.29041,1.29082,1.50,1.50
2012.06.21 22:00:50.276,1.29044,1.29082,1.50,0.21
2012.06.21 22:00:50.872,1.29044,1.29083,1.50,0.21
2012.06.21 22:00:51.893,1.29044,1.29082,1.50,0.21
2012.06.21 22:00:51.976,1.29041,1.29082,1.50,1.71
2012.06.21 22:00:52.044,1.29038,1.29082,1.50,1.71
2012.06.21 22:00:59.223,1.2904,1.29082,1.50,1.71
2012.06.21 22:00:59.562,1.29043,1.29082,1.50,0.21
2012.06.21 22:01:00.113,1.29043,1.29083,1.50,0.21
2012.06.21 22:01:00.775,1.29043,1.29085,1.50,1.71
2012.06.21 22:01:14.923,1.29043,1.29083,1.50,1.50
2012.06.21 22:01:14.993,1.29039,1.29081,1.50,1.50
2012.06.21 22:01:16.506,1.29039,1.29078,1.50,1.13
2012.06.21 22:01:17.403,1.29039,1.29077,1.50,0.38
2012.06.21 22:01:26.180,1.29041,1.29077,0.75,1.13
2012.06.21 22:01:26.255,1.29039,1.29077,1.50,1.13
2012.06.21 22:01:31.425,1.29039,1.29078,1.66,1.34
2012.06.21 22:01:45.016,1.29041,1.29078,1.50,1.13
2012.06.21 22:01:45.089,1.29044,1.29086,1.50,1.50
2012.06.21 22:01:50.280,1.29041,1.29082,1.50,1.50
2012.06.21 22:01:50.876,1.2904,1.29082,0.16,1.50
2012.06.21 22:01:58.052,1.29038,1.29082,1.50,1.50
2012.06.21 22:02:06.294,1.29039,1.29082,0.16,1.71
2012.06.21 22:02:10.793,1.29041,1.29082,1.50,0.21
2012.06.21 22:02:11.127,1.29031,1.29062,1.50,0.21
2012.06.21 22:02:11.197,1.29027,1.29062,0.75,0.21
2012.06.21 22:02:11.267,1.29032,1.29062,0.75,0.21
2012.06.21 22:02:11.529,1.29021,1.29062,0.16,0.21
2012.06.21 22:02:12.077,1.2902,1.29062,2.25,0.21
2012.06.21 22:02:12.977,1.29029,1.29062,0.75,0.21
2012.06.21 22:02:13.107,1.29027,1.29062,0.75,0.21
2012.06.21 22:02:15.095,1.29029,1.29062,0.75,0.21
2012.06.21 22:02:16.126,1.29027,1.29062,1.50,1.50
2012.06.21 22:02:16.336,1.2903,1.29062,0.16,1.50
2012.06.21 22:02:16.476,1.29033,1.29066,1.50,1.50
2012.06.21 22:02:16.618,1.29037,1.2907,1.50,1.50
2012.06.21 22:02:20.862,1.29037,1.29068,1.50,1.50
2012.06.21 22:02:20.935,1.29032,1.29065,1.50,1.50
2012.06.21 22:02:25.154,1.29036,1.2907,1.50,1.50
2012.06.21 22:02:28.183,1.29031,1.29066,1.50,1.50
2012.06.21 22:02:30.725,1.2903,1.29053,0.75,1.50
2012.06.21 22:02:30.803,1.29026,1.29053,0.75,1.50
2012.06.21 22:02:30.876,1.29026,1.29056,0.75,3.00
2012.06.21 22:02:31.017,1.29028,1.29056,0.75,1.50
2012.06.21 22:02:31.365,1.29035,1.29056,0.75,1.50
2012.06.21 22:02:31.508,1.29035,1.29061,0.75,1.50
2012.06.21 22:02:39.018,1.29037,1.29063,1.50,0.75
2012.06.21 22:02:39.087,1.2904,1.29069,0.75,2.25
2012.06.21 22:02:42.155,1.29042,1.29069,0.75,1.50
2012.06.21 22:02:42.682,1.29039,1.29069,0.75,1.50
2012.06.21 22:02:43.907,1.29042,1.29069,0.75,1.50
2012.06.21 22:02:44.225,1.29038,1.29069,0.75,1.50
2012.06.21 22:02:45.106,1.29037,1.29067,2.25,0.75
2012.06.21 22:02:45.636,1.29037,1.29068,1.50,0.75
2012.06.21 22:02:48.957,1.29036,1.29064,0.75,1.50
2012.06.21 22:02:49.483,1.29037,1.29064,0.75,1.50
2012.06.21 22:02:50.113,1.29036,1.29064,0.75,1.50
2012.06.21 22:02:50.654,1.29038,1.29064,0.75,1.50
2012.06.21 22:02:51.005,1.2904,1.29064,0.75,1.50
2012.06.21 22:02:51.373,1.29037,1.29064,0.75,1.50
2012.06.21 22:02:51.874,1.29036,1.29064,0.75,1.50
2012.06.21 22:02:52.622,1.29039,1.29064,0.75,1.50
2012.06.21 22:02:53.905,1.2904,1.29064,0.75,1.50
2012.06.21 22:02:54.206,1.29042,1.29064,0.75,1.50
2012.06.21 22:02:54.392,1.29039,1.29064,0.75,1.50
2012.06.21 22:02:54.599,1.29039,1.29069,0.75,2.25
2012.06.21 22:02:54.669,1.29044,1.29069,0.75,1.50
2012.06.21 22:02:54.740,1.29044,1.29071,2.25,1.50
2012.06.21 22:02:54.821,1.29044,1.29074,2.25,0.75
2012.06.21 22:02:54.897,1.29046,1.29075,0.75,0.75
2012.06.21 22:02:55.096,1.29046,1.29078,0.75,1.50
2012.06.21 22:02:56.266,1.29047,1.29078,0.75,1.50
2012.06.21 22:02:56.693,1.29045,1.29078,0.75,1.50
2012.06.21 22:02:59.776,1.29048,1.29078,0.75,1.50
2012.06.21 22:03:00.107,1.29038,1.2907,0.75,1.50
2012.06.21 22:03:03.977,1.2904,1.2907,0.75,1.50
2012.06.21 22:03:06.816,1.29044,1.29074,0.75,1.50
2012.06.21 22:03:07.028,1.29046,1.2908,1.50,2.25
2012.06.21 22:03:07.095,1.29049,1.29079,0.75,0.75
2012.06.21 22:03:07.414,1.29063,1.2909,0.75,1.50
2012.06.21 22:03:07.745,1.29063,1.29085,0.75,1.50
2012.06.21 22:03:07.876,1.29055,1.29085,0.75,1.50
2012.06.21 22:03:08.193,1.2905,1.29085,1.50,1.50
2012.06.21 22:03:08.486,1.2905,1.2908,0.75,1.50
2012.06.21 22:03:09.226,1.29049,1.2908,0.75,1.50
2012.06.21 22:03:10.958,1.29051,1.2908,0.75,1.50
2012.06.21 22:03:11.028,1.29048,1.2908,0.75,1.50
2012.06.21 22:03:12.345,1.29049,1.2908,0.75,1.50
2012.06.21 22:03:12.547,1.29049,1.29074,0.75,1.50
2012.06.21 22:03:12.696,1.29043,1.29074,0.75,1.50
2012.06.21 22:03:12.945,1.29047,1.29074,0.75,1.50
2012.06.21 22:03:14.620,1.29045,1.29074,0.75,1.50
2012.06.21 22:03:16.457,1.29045,1.29077,2.25,1.50
2012.06.21 22:03:16.526,1.29049,1.29081,1.50,0.75
2012.06.21 22:03:16.844,1.29047,1.29079,0.75,1.50
2012.06.21 22:03:17.384,1.29046,1.29079,0.75,1.50
2012.06.21 22:03:19.206,1.29048,1.29074,0.75,1.50
2012.06.21 22:03:19.540,1.29042,1.29074,2.25,1.50
2012.06.21 22:03:19.667,1.29046,1.29074,0.75,1.50
2012.06.21 22:03:19.864,1.29046,1.29079,1.50,1.50
2012.06.21 22:03:21.635,1.29047,1.29079,0.75,1.50
2012.06.21 22:03:24.438,1.29047,1.29075,0.75,1.50
2012.06.21 22:03:25.438,1.29046,1.29076,0.75,1.50
2012.06.21 22:03:25.516,1.29046,1.29079,0.75,1.50
2012.06.21 22:03:25.984,1.29048,1.29079,0.75,1.50
2012.06.21 22:03:26.620,1.29047,1.29079,0.75,1.50
2012.06.21 22:03:27.324,1.29045,1.29079,1.50,1.50
2012.06.21 22:03:28.054,1.29046,1.29079,0.75,1.50
2012.06.21 22:03:28.825,1.29045,1.29079,1.50,1.50
2012.06.21 22:03:30.616,1.29045,1.29075,1.50,1.50
2012.06.21 22:03:30.687,1.29042,1.29074,0.75,1.50
2012.06.21 22:03:31.035,1.29044,1.29078,1.50,1.50
2012.06.21 22:03:33.590,1.29042,1.29073,0.75,1.50
2012.06.21 22:03:38.335,1.29044,1.29073,0.75,1.50
2012.06.21 22:03:39.380,1.29042,1.29073,0.75,1.50
2012.06.21 22:03:42.685,1.29044,1.29073,0.75,1.50
2012.06.21 22:03:44.596,1.29045,1.29078,1.50,1.50
2012.06.21 22:03:49.307,1.29049,1.2908,1.50,1.50
2012.06.21 22:03:49.869,1.29051,1.29081,0.75,1.50
2012.06.21 22:03:50.436,1.29053,1.29081,0.75,1.50
2012.06.21 22:03:50.755,1.29049,1.29077,0.75,1.50
2012.06.21 22:03:51.043,1.29046,1.29077,0.75,1.50
2012.06.21 22:03:51.156,1.29048,1.29077,0.75,1.50
2012.06.21 22:03:51.937,1.29047,1.29077,0.75,1.50
2012.06.21 22:04:10.814,1.29043,1.29074,2.25,1.50
2012.06.21 22:04:11.145,1.29042,1.29074,2.25,1.50
2012.06.21 22:04:11.276,1.29042,1.29074,2.25,1.50
2012.06.21 22:04:18.545,1.29045,1.2908,2.25,1.50
2012.06.21 22:04:18.613,1.29044,1.29075,2.25,1.50
2012.06.21 22:04:38.907,1.29046,1.29077,1.50,1.50
2012.06.21 22:04:38.977,1.29046,1.29077,1.50,1.50
2012.06.21 22:04:39.079,1.29046,1.29077,1.50,1.50
2012.06.21 22:04:40.204,1.29046,1.29077,1.50,1.50
2012.06.21 22:04:40.954,1.29046,1.29077,1.50,1.50
2012.06.21 22:04:44.453,1.29045,1.29077,3.00,1.50
2012.06.21 22:04:44.627,1.29045,1.29077,3.00,1.50
2012.06.21 22:04:44.903,1.29045,1.29077,3.00,1.50
2012.06.21 22:04:46.602,1.29045,1.29077,3.00,1.50
2012.06.21 22:04:47.114,1.29046,1.29077,1.50,1.50
2012.06.21 22:04:57.387,1.29045,1.29077,2.25,1.50
2012.06.21 22:04:58.805,1.29046,1.2908,2.25,3.00
2012.06.21 22:05:00.056,1.29046,1.2908,2.25,1.50
2012.06.21 22:05:01.276,1.29046,1.2908,3.00,1.50
2012.06.21 22:05:01.686,1.29046,1.2908,3.00,1.50
2012.06.21 22:05:02.452,1.29046,1.2908,3.00,1.50
2012.06.21 22:05:02.663,1.29047,1.2908,1.50,1.50
2012.06.21 22:05:03.001,1.29047,1.2908,1.50,1.50
2012.06.21 22:05:03.514,1.29046,1.2908,3.00,1.50
2012.06.21 22:05:04.405,1.29046,1.2908,2.25,1.50
2012.06.21 22:05:08.825,1.29046,1.2908,2.25,1.50
2012.06.21 22:05:08.893,1.29046,1.2908,2.25,1.50
2012.06.21 22:05:09.234,1.29046,1.2908,2.25,1.50
2012.06.21 22:05:10.804,1.29046,1.2908,2.25,1.50
2012.06.21 22:05:11.406,1.29046,1.2908,2.25,1.50
2012.06.21 22:05:12.189,1.29046,1.2908,2.25,1.50
2012.06.21 22:05:12.756,1.29046,1.2908,2.25,1.50
2012.06.21 22:05:13.336,1.29046,1.2908,2.25,1.50
2012.06.21 22:05:13.501,1.29046,1.2908,2.25,1.50
2012.06.21 22:05:16.212,1.29046,1.2908,2.25,1.50
2012.06.21 22:05:16.765,1.29046,1.2908,2.25,1.50
2012.06.21 22:05:17.865,1.29046,1.2908,2.25,1.50
2012.06.21 22:05:18.475,1.29049,1.2908,1.50,1.50
2012.06.21 22:05:19.646,1.29049,1.2908,1.50,1.50
2012.06.21 22:05:19.914,1.29049,1.29077,3.00,1.50
2012.06.21 22:05:25.104,1.29049,1.29077,3.00,1.50
2012.06.21 22:05:25.305,1.29049,1.29077,3.00,1.50
2012.06.21 22:05:26.057,1.29053,1.29079,2.25,3.00
2012.06.21 22:05:26.185,1.29053,1.29079,2.25,1.50
2012.06.21 22:05:26.885,1.29053,1.29079,2.25,1.50
2012.06.21 22:05:28.796,1.29053,1.29079,2.25,1.50
2012.06.21 22:05:29.255,1.29048,1.29076,3.00,1.50
2012.06.21 22:05:32.112,1.29048,1.29076,3.00,1.50
2012.06.21 22:05:33.099,1.29048,1.29076,3.00,1.50
2012.06.21 22:05:33.319,1.29048,1.29076,3.00,1.50
2012.06.21 22:05:34.664,1.29048,1.29071,1.50,1.50
2012.06.21 22:05:35.238,1.29048,1.29071,1.50,1.50
2012.06.21 22:05:36.076,1.29048,1.29071,1.50,1.50
2012.06.21 22:05:41.125,1.29048,1.29076,3.00,1.50
2012.06.21 22:05:48.059,1.29048,1.29076,3.00,1.50
2012.06.21 22:05:48.829,1.29048,1.29076,3.00,1.50
2012.06.21 22:05:49.517,1.29048,1.29076,3.00,1.50
2012.06.21 22:05:50.212,1.29059,1.29085,1.50,1.50
2012.06.21 22:05:50.708,1.2905,1.29078,3.00,1.50
2012.06.21 22:05:50.837,1.2905,1.29078,3.00,1.50
2012.06.21 22:05:50.908,1.29054,1.2908,1.50,1.50
2012.06.21 22:05:50.978,1.29054,1.29082,1.50,1.50
2012.06.21 22:05:52.116,1.29054,1.29082,2.25,1.50
2012.06.21 22:05:52.648,1.29054,1.29082,2.25,1.50
2012.06.21 22:05:53.357,1.29054,1.29082,2.25,1.50
2012.06.21 22:06:03.306,1.29054,1.29082,2.25,1.71
2012.06.21 22:06:04.638,1.29054,1.29082,2.25,1.71
2012.06.21 22:06:05.407,1.29054,1.29082,2.25,1.71
2012.06.21 22:06:05.947,1.29054,1.29082,2.25,1.71
2012.06.21 22:06:06.917,1.29054,1.29082,2.25,1.71
2012.06.21 22:06:09.198,1.29054,1.29082,2.25,1.71
2012.06.21 22:06:11.620,1.29057,1.29083,2.25,1.71
2012.06.21 22:06:11.787,1.29057,1.29083,2.25,1.71
2012.06.21 22:06:11.974,1.29057,1.29083,2.25,1.71
2012.06.21 22:06:13.437,1.29057,1.29083,2.25,1.71
2012.06.21 22:06:13.600,1.29057,1.29083,2.25,1.71
2012.06.21 22:06:14.014,1.29057,1.29083,2.25,1.50
2012.06.21 22:06:15.690,1.29057,1.29083,2.25,1.50
2012.06.21 22:06:17.575,1.29057,1.29083,2.25,1.50
2012.06.21 22:06:17.827,1.29059,1.29086,2.25,1.71
2012.06.21 22:06:21.428,1.29055,1.29083,2.25,1.50
2012.06.21 22:06:21.911,1.29055,1.29083,2.25,1.50
2012.06.21 22:06:22.275,1.29055,1.29083,2.25,1.50
2012.06.21 22:06:23.416,1.29055,1.29083,2.25,1.50
2012.06.21 22:06:23.635,1.29055,1.29083,2.25,1.50
2012.06.21 22:06:38.066,1.29055,1.29083,2.25,1.50
2012.06.21 22:06:38.384,1.29055,1.29083,2.25,1.50
2012.06.21 22:06:42.630,1.29057,1.29085,2.25,1.71
2012.06.21 22:06:43.395,1.29057,1.29085,2.25,1.71
2012.06.21 22:06:43.997,1.29057,1.29085,2.25,1.50
2012.06.21 22:07:04.515,1.2906,1.29086,2.25,1.50
2012.06.21 22:07:18.574,1.2906,1.29086,2.25,1.50
2012.06.21 22:07:18.779,1.2906,1.29086,2.25,1.50
2012.06.21 22:07:22.168,1.2906,1.29086,2.25,1.50
2012.06.21 22:07:22.240,1.29053,1.29081,2.25,1.50
2012.06.21 22:07:24.739,1.29053,1.29081,2.25,1.50
2012.06.21 22:07:24.878,1.29058,1.29086,2.25,1.71
2012.06.21 22:07:25.017,1.29058,1.29086,2.25,1.71
2012.06.21 22:07:25.356,1.29058,1.29086,2.25,1.71
2012.06.21 22:07:25.665,1.29063,1.29089,2.25,1.71
2012.06.21 22:07:25.801,1.29063,1.29089,2.25,1.50
2012.06.21 22:07:26.279,1.29063,1.29089,1.50,1.50
2012.06.21 22:07:26.351,1.29056,1.29082,2.25,1.50
2012.06.21 22:07:28.078,1.29056,1.29082,2.25,1.50
2012.06.21 22:07:28.279,1.29056,1.29082,2.25,1.50
2012.06.21 22:07:46.333,1.2905,1.29078,2.25,1.71
2012.06.21 22:07:46.406,1.2905,1.29076,2.25,1.50
2012.06.21 22:07:46.536,1.29048,1.29073,1.50,1.50
2012.06.21 22:07:46.728,1.29047,1.29073,2.25,1.50
2012.06.21 22:07:48.170,1.29051,1.29077,1.50,1.50
2012.06.21 22:07:48.467,1.29051,1.29077,2.25,1.50
2012.06.21 22:07:48.810,1.29047,1.29073,2.25,1.50
2012.06.21 22:07:49.171,1.29042,1.29071,2.25,1.50
2012.06.21 22:07:49.247,1.29042,1.29071,2.25,1.50
2012.06.21 22:07:49.568,1.29042,1.29071,2.25,1.50
2012.06.21 22:07:49.637,1.29042,1.29071,2.25,1.50
2012.06.21 22:07:52.796,1.29045,1.29075,2.25,1.71
2012.06.21 22:07:53.769,1.29045,1.29075,2.25,2.46
2012.06.21 22:07:55.446,1.29045,1.29075,2.25,1.71
2012.06.21 22:07:58.138,1.29045,1.29075,2.25,1.71
2012.06.21 22:07:58.208,1.29045,1.29075,2.25,1.71
2012.06.21 22:07:58.349,1.29041,1.2907,2.25,1.71
2012.06.21 22:07:58.488,1.29041,1.2907,2.25,1.71
2012.06.21 22:07:58.677,1.29041,1.2907,2.25,1.71
2012.06.21 22:07:58.876,1.29037,1.29067,2.25,1.71
2012.06.21 22:07:59.849,1.29037,1.29067,2.25,1.50
2012.06.21 22:08:00.619,1.29037,1.29067,2.25,1.50
2012.06.21 22:08:00.960,1.29037,1.29067,2.25,1.50
2012.06.21 22:08:01.230,1.29038,1.29067,1.50,1.50
2012.06.21 22:08:01.497,1.29038,1.29067,1.50,1.50
2012.06.21 22:08:02.760,1.29038,1.29067,1.50,1.71
2012.06.21 22:08:03.309,1.29038,1.29067,1.50,1.71
2012.06.21 22:08:05.718,1.29037,1.29067,2.25,1.71
2012.06.21 22:08:05.787,1.29037,1.29067,2.25,1.71
2012.06.21 22:08:05.861,1.29035,1.29062,2.25,1.50
2012.06.21 22:08:07.241,1.29042,1.29062,1.50,1.50
2012.06.21 22:08:07.324,1.29041,1.29068,1.50,1.71
2012.06.21 22:08:07.403,1.29037,1.29064,1.50,1.50
2012.06.21 22:08:07.620,1.29032,1.29059,2.25,1.50
2012.06.21 22:08:07.702,1.29028,1.29055,2.25,1.50
2012.06.21 22:08:08.049,1.29025,1.29052,2.25,1.71
2012.06.21 22:08:08.401,1.2902,1.29048,2.25,2.09
2012.06.21 22:08:08.482,1.2902,1.29048,2.25,2.09
2012.06.21 22:08:08.758,1.2902,1.29048,2.25,1.71
2012.06.21 22:08:09.078,1.2902,1.29048,2.25,1.50
2012.06.21 22:08:09.278,1.29024,1.29053,2.25,1.71
2012.06.21 22:08:10.337,1.2902,1.29047,2.25,1.50
2012.06.21 22:08:11.479,1.2902,1.29047,2.25,1.71
2012.06.21 22:08:11.656,1.2902,1.29047,2.25,1.71
2012.06.21 22:08:12.195,1.29017,1.29043,2.25,1.71
2012.06.21 22:08:12.547,1.29017,1.29043,2.25,1.71
2012.06.21 22:08:14.098,1.29017,1.29043,2.25,1.71
2012.06.21 22:08:14.884,1.29014,1.29041,2.63,1.71
2012.06.21 22:08:15.546,1.29018,1.29049,2.25,2.46
2012.06.21 22:08:16.086,1.29018,1.29049,2.25,2.46
2012.06.21 22:08:16.605,1.29018,1.29049,2.25,2.46
2012.06.21 22:08:18.114,1.29018,1.29049,2.25,2.46
2012.06.21 22:08:18.365,1.29018,1.29049,2.25,2.46
2012.06.21 22:08:18.927,1.29018,1.29049,2.25,2.46
2012.06.21 22:08:20.435,1.29018,1.29049,2.25,2.46
2012.06.21 22:08:20.799,1.29027,1.29047,1.50,2.46
2012.06.21 22:08:20.867,1.29025,1.29043,1.50,2.09
2012.06.21 22:08:20.937,1.29014,1.29043,4.13,2.09
2012.06.21 22:08:21.008,1.29014,1.29043,4.13,2.09
2012.06.21 22:08:21.209,1.29017,1.29048,2.25,2.09
2012.06.21 22:08:21.396,1.29017,1.29048,2.25,2.09
2012.06.21 22:08:21.771,1.29017,1.29048,2.25,2.09
2012.06.21 22:08:22.482,1.29017,1.29048,2.25,1.71
2012.06.21 22:08:22.870,1.29021,1.29052,2.25,2.46
2012.06.21 22:08:23.187,1.29021,1.29052,2.25,2.09
2012.06.21 22:08:23.747,1.29021,1.29052,2.25,2.09
2012.06.21 22:08:23.880,1.29021,1.29052,2.25,2.09
2012.06.21 22:08:23.955,1.29021,1.29052,2.25,2.09
2012.06.21 22:08:24.026,1.29021,1.29052,2.25,2.09
2012.06.21 22:08:25.741,1.29021,1.29052,2.25,2.09
2012.06.21 22:08:28.537,1.29021,1.29052,2.25,2.09
2012.06.21 22:08:29.626,1.29025,1.29055,2.25,2.09
2012.06.21 22:08:29.771,1.29025,1.29055,2.25,2.09
2012.06.21 22:08:29.847,1.29025,1.29055,2.25,2.09
2012.06.21 22:08:36.578,1.29025,1.29055,2.25,2.09
2012.06.21 22:08:36.805,1.29025,1.29055,2.25,2.09
2012.06.21 22:08:41.948,1.29025,1.29055,2.25,1.71
2012.06.21 22:08:42.137,1.29029,1.29059,2.25,1.71
2012.06.21 22:08:45.534,1.29029,1.29059,2.25,1.71
2012.06.21 22:08:54.558,1.29028,1.2906,2.25,1.71
2012.06.21 22:09:00.108,1.29028,1.2906,2.25,1.71
2012.06.21 22:09:00.308,1.29028,1.2906,2.25,1.71
2012.06.21 22:09:01.437,1.29028,1.2906,3.00,1.71
2012.06.21 22:09:01.969,1.29028,1.2906,2.25,1.71
2012.06.21 22:09:08.436,1.29029,1.29059,2.25,1.71
2012.06.21 22:09:10.186,1.29029,1.29059,2.25,1.71
2012.06.21 22:09:14.534,1.2903,1.29061,2.25,2.09
2012.06.21 22:09:14.605,1.2903,1.29061,2.25,2.09
2012.06.21 22:09:17.021,1.2903,1.29061,2.25,2.09
2012.06.21 22:09:21.352,1.29023,1.29062,2.25,1.34
2012.06.21 22:09:21.987,1.29029,1.29062,2.25,1.34
2012.06.21 22:09:23.351,1.29027,1.29062,1.50,1.34
2012.06.21 22:09:26.339,1.29027,1.29069,1.50,2.46
2012.06.21 22:09:26.646,1.29027,1.2907,1.50,2.09
2012.06.21 22:09:26.715,1.29027,1.2907,1.50,2.09
2012.06.21 22:09:27.054,1.29027,1.2907,1.50,2.09
2012.06.21 22:09:28.395,1.29029,1.2907,1.50,2.09
2012.06.21 22:09:30.985,1.29028,1.2907,1.50,2.09
2012.06.21 22:09:36.836,1.29028,1.2907,1.50,2.09
2012.06.21 22:09:43.659,1.2903,1.29062,2.25,1.50
2012.06.21 22:10:03.897,1.29031,1.29059,2.25,1.50
2012.06.21 22:10:12.984,1.29031,1.29059,2.25,1.50
2012.06.21 22:10:13.116,1.29031,1.29061,2.25,1.50
2012.06.21 22:10:13.673,1.29031,1.29061,2.25,1.50
2012.06.21 22:10:14.428,1.29031,1.29061,2.25,1.50
2012.06.21 22:10:36.338,1.2903,1.29061,2.25,1.50
2012.06.21 22:10:39.239,1.2903,1.29059,2.25,1.50
2012.06.21 22:10:39.543,1.29028,1.29056,1.50,1.50
2012.06.21 22:10:47.146,1.29026,1.29056,2.25,1.50
2012.06.21 22:10:47.277,1.2903,1.2906,2.25,1.50
2012.06.21 22:10:47.809,1.2903,1.2906,2.25,1.50
2012.06.21 22:10:47.896,1.2903,1.29057,2.25,1.50
2012.06.21 22:10:48.444,1.29026,1.29056,2.25,1.50
2012.06.21 22:10:49.297,1.29026,1.29056,2.25,1.50
2012.06.21 22:10:51.915,1.29035,1.29056,1.50,1.50
2012.06.21 22:10:52.484,1.29038,1.29068,2.25,2.25
2012.06.21 22:10:52.567,1.29052,1.2908,1.50,2.25
2012.06.21 22:10:52.639,1.29052,1.2908,1.50,2.25
2012.06.21 22:10:52.907,1.29052,1.29083,1.50,1.50
2012.06.21 22:10:53.707,1.29052,1.29083,1.50,2.84
2012.06.21 22:10:53.965,1.29039,1.2907,2.25,1.50
2012.06.21 22:10:54.908,1.29039,1.2907,1.50,1.50
2012.06.21 22:10:55.225,1.29039,1.2907,2.25,1.50
2012.06.21 22:10:56.599,1.29035,1.29066,2.25,1.50
2012.06.21 22:10:56.808,1.29035,1.29066,3.00,1.50
2012.06.21 22:10:57.597,1.29035,1.29066,3.00,1.50
2012.06.21 22:10:58.757,1.29035,1.29066,3.00,1.50
2012.06.21 22:10:59.995,1.29035,1.29063,2.25,1.50
2012.06.21 22:11:00.074,1.2903,1.29057,2.25,1.50
2012.06.21 22:11:00.587,1.29025,1.29056,2.25,2.46
2012.06.21 22:11:07.475,1.29025,1.29056,2.25,2.46
2012.06.21 22:11:10.456,1.29025,1.29056,2.25,2.46
2012.06.21 22:11:14.547,1.29025,1.29056,2.25,2.46
2012.06.21 22:11:15.776,1.29025,1.29056,2.25,2.46
2012.06.21 22:11:15.877,1.29025,1.29056,2.25,2.46
2012.06.21 22:11:22.125,1.29026,1.29056,2.25,2.46
2012.06.21 22:11:22.687,1.29026,1.29056,2.25,2.46
2012.06.21 22:11:24.515,1.29026,1.29056,2.25,2.46
2012.06.21 22:11:24.788,1.29026,1.29056,2.25,2.46
2012.06.21 22:11:29.738,1.29026,1.29056,2.25,2.46
2012.06.21 22:11:33.901,1.29021,1.29053,2.25,1.50
2012.06.21 22:11:43.280,1.2902,1.29042,2.25,1.50
2012.06.21 22:11:43.350,1.29017,1.29045,2.25,2.25
2012.06.21 22:11:43.487,1.29015,1.29042,2.25,1.50
2012.06.21 22:11:43.560,1.29014,1.29042,2.63,1.50
2012.06.21 22:11:43.967,1.29013,1.29039,2.63,1.50
2012.06.21 22:11:44.096,1.29011,1.29039,1.50,1.50
2012.06.21 22:11:47.268,1.29013,1.29042,2.25,1.71
2012.06.21 22:11:47.718,1.29013,1.29042,2.25,1.71
2012.06.21 22:11:48.287,1.29013,1.29042,2.25,2.46
2012.06.21 22:11:48.360,1.29011,1.29036,2.25,2.25
2012.06.21 22:11:48.570,1.29008,1.29036,2.63,2.25
2012.06.21 22:11:48.639,1.29008,1.29031,2.63,1.50
2012.06.21 22:11:49.097,1.29008,1.29031,2.63,1.50
2012.06.21 22:11:49.308,1.29008,1.29031,2.63,1.50
2012.06.21 22:11:51.017,1.29009,1.29026,2.63,1.50
2012.06.21 22:11:51.090,1.29009,1.29026,2.63,1.50
2012.06.21 22:11:51.161,1.29008,1.29027,2.63,1.50
2012.06.21 22:11:51.239,1.29008,1.29033,2.63,1.50
2012.06.21 22:11:51.307,1.29008,1.29033,2.63,1.50
2012.06.21 22:11:52.109,1.29008,1.29033,2.63,1.50
2012.06.21 22:11:53.891,1.29008,1.29038,2.63,1.71
2012.06.21 22:11:54.229,1.2901,1.29038,1.50,1.71
2012.06.21 22:11:54.421,1.29009,1.29041,1.50,1.50
2012.06.21 22:11:54.858,1.29013,1.29041,1.50,1.50
2012.06.21 22:11:54.928,1.29013,1.29043,1.50,1.50
2012.06.21 22:11:55.580,1.29014,1.29044,3.00,1.50
2012.06.21 22:11:58.774,1.29014,1.29042,3.00,1.50
2012.06.21 22:11:59.300,1.29014,1.2904,1.50,1.50
2012.06.21 22:12:04.415,1.29011,1.2904,2.25,1.50
2012.06.21 22:12:04.587,1.29011,1.2904,2.25,1.50
2012.06.21 22:12:06.143,1.29009,1.29036,2.25,1.50
2012.06.21 22:12:06.217,1.29008,1.29036,2.63,1.50
2012.06.21 22:12:06.905,1.29007,1.29036,3.00,1.50
2012.06.21 22:12:07.066,1.29007,1.29036,3.00,1.50
2012.06.21 22:12:07.825,1.29007,1.29036,3.00,1.50
2012.06.21 22:12:08.868,1.29007,1.29036,3.00,1.50
2012.06.21 22:12:09.196,1.29007,1.29036,3.00,1.50
2012.06.21 22:12:26.782,1.29007,1.29034,1.50,1.50
2012.06.21 22:12:30.459,1.29005,1.29032,2.25,1.13
2012.06.21 22:12:31.011,1.29003,1.29025,2.63,2.25
2012.06.21 22:12:31.297,1.29004,1.29021,2.63,1.50
2012.06.21 22:12:31.707,1.29004,1.29021,2.63,1.50
2012.06.21 22:12:31.910,1.29004,1.29021,2.63,1.50
2012.06.21 22:12:32.122,1.29004,1.29024,2.63,1.50
2012.06.21 22:12:32.201,1.29004,1.29029,2.63,1.50
2012.06.21 22:12:32.788,1.29003,1.29029,2.63,1.50
2012.06.21 22:12:33.358,1.29004,1.29029,2.63,1.50
2012.06.21 22:12:36.138,1.29004,1.29029,2.63,1.50
2012.06.21 22:12:36.346,1.29004,1.29029,2.63,1.50
2012.06.21 22:12:38.695,1.29004,1.29024,2.63,1.50
2012.06.21 22:12:39.425,1.29002,1.29024,1.50,1.50
2012.06.21 22:12:39.979,1.29002,1.29024,1.50,1.50
2012.06.21 22:12:40.117,1.29002,1.29028,1.50,1.50
2012.06.21 22:12:41.566,1.29002,1.29028,1.50,1.50
2012.06.21 22:12:41.925,1.29002,1.29028,1.50,1.50
2012.06.21 22:12:46.627,1.29,1.29028,2.25,1.50
2012.06.21 22:12:53.858,1.29,1.29028,2.25,1.50
2012.06.21 22:12:56.969,1.29004,1.29032,2.25,1.71
2012.06.21 22:12:57.438,1.29012,1.29042,2.25,1.50
2012.06.21 22:12:57.508,1.29012,1.29043,2.25,2.25
2012.06.21 22:12:57.839,1.29016,1.29046,2.25,3.21
2012.06.21 22:12:58.368,1.29012,1.29043,2.25,1.50
2012.06.21 22:13:07.160,1.29009,1.29039,2.25,1.50
2012.06.21 22:13:07.740,1.29009,1.29036,2.25,1.50
2012.06.21 22:13:07.813,1.29005,1.29035,2.25,2.25
2012.06.21 22:13:08.470,1.29005,1.29035,2.25,2.25
2012.06.21 22:13:10.677,1.29007,1.29035,2.25,2.25
2012.06.21 22:13:11.001,1.29009,1.29039,2.25,1.71
2012.06.21 22:13:11.080,1.29009,1.29039,2.25,1.71
2012.06.21 22:13:11.269,1.29009,1.29039,2.25,1.71
2012.06.21 22:13:11.586,1.29009,1.29036,2.25,1.50
2012.06.21 22:13:15.450,1.29012,1.29035,2.25,1.50
2012.06.21 22:13:15.518,1.29014,1.29044,2.25,2.25
2012.06.21 22:13:16.057,1.29014,1.29044,2.25,1.50
2012.06.21 22:13:16.367,1.2901,1.29039,2.25,1.50
2012.06.21 22:13:17.988,1.2901,1.29039,2.25,1.50
2012.06.21 22:13:18.058,1.2901,1.29039,2.25,1.50
2012.06.21 22:13:19.965,1.2901,1.29039,2.25,1.50
2012.06.21 22:13:20.285,1.2901,1.29039,2.25,1.50
2012.06.21 22:13:21.246,1.2901,1.29039,2.25,1.50
2012.06.21 22:13:21.774,1.2901,1.29039,2.25,1.50
2012.06.21 22:13:22.980,1.2901,1.29039,2.25,1.50
2012.06.21 22:13:29.186,1.29013,1.29045,2.25,3.00
2012.06.21 22:13:29.699,1.29013,1.29045,2.25,2.25
2012.06.21 22:13:31.252,1.29021,1.29053,2.25,2.25
2012.06.21 22:13:32.320,1.29021,1.29053,2.25,1.50
2012.06.21 22:13:32.646,1.29021,1.29053,2.25,1.50
2012.06.21 22:13:32.996,1.29021,1.29053,2.25,1.50
2012.06.21 22:13:33.397,1.29021,1.29053,2.25,1.50
2012.06.21 22:13:35.957,1.29021,1.29053,2.25,1.50
2012.06.21 22:13:37.966,1.29021,1.29053,2.25,1.50
2012.06.21 22:13:39.261,1.29021,1.29053,2.25,1.50
2012.06.21 22:13:39.331,1.29026,1.29058,2.25,1.50
2012.06.21 22:13:39.609,1.29023,1.29053,2.25,1.50
2012.06.21 22:13:41.127,1.29023,1.29053,2.25,1.50
2012.06.21 22:13:41.869,1.29023,1.29053,2.25,1.50
2012.06.21 22:13:49.008,1.29022,1.29054,2.25,1.50
2012.06.21 22:13:50.198,1.29022,1.2905,2.25,1.50
2012.06.21 22:13:50.399,1.2902,1.29048,2.25,1.50
2012.06.21 22:14:00.047,1.2902,1.29048,2.25,1.50
2012.06.21 22:14:07.416,1.2902,1.29048,2.25,1.50
2012.06.21 22:14:10.925,1.29021,1.2905,2.25,2.25
2012.06.21 22:14:11.864,1.29021,1.2905,1.50,1.50
2012.06.21 22:14:22.964,1.29021,1.2905,2.25,2.25
2012.06.21 22:14:23.505,1.29021,1.2905,2.25,1.50
2012.06.21 22:14:31.854,1.29021,1.29051,2.25,2.25
2012.06.21 22:14:40.887,1.29023,1.29052,1.50,2.25
2012.06.21 22:14:41.336,1.29018,1.2905,2.25,2.25
2012.06.21 22:14:41.405,1.29017,1.29045,2.25,1.50
2012.06.21 22:14:51.934,1.29014,1.29045,2.25,1.50
2012.06.21 22:14:54.855,1.29014,1.29045,2.25,1.50
2012.06.21 22:14:59.585,1.29014,1.29045,2.25,2.25
2012.06.21 22:15:00.687,1.29018,1.29047,2.25,1.50
2012.06.21 22:15:00.756,1.29015,1.29045,2.25,1.50
2012.06.21 22:15:03.485,1.29019,1.2905,2.25,2.46
2012.06.21 22:15:15.375,1.29019,1.2905,1.50,2.46
2012.06.21 22:15:17.507,1.29021,1.2905,1.50,2.25
2012.06.21 22:15:17.641,1.29019,1.2905,2.25,1.50
2012.06.21 22:15:17.799,1.29018,1.2905,2.25,1.50
2012.06.21 22:15:20.487,1.29018,1.2905,2.25,1.50
2012.06.21 22:15:20.916,1.29025,1.29055,2.25,2.46
2012.06.21 22:15:22.799,1.29025,1.29055,2.25,2.46
2012.06.21 22:15:23.123,1.29028,1.29055,1.50,1.50
2012.06.21 22:15:23.482,1.2903,1.2906,1.50,2.25
2012.06.21 22:15:23.698,1.2903,1.2906,1.50,2.25
2012.06.21 22:15:27.544,1.29034,1.29062,1.50,2.25
2012.06.21 22:15:27.618,1.29034,1.29064,1.50,2.25
2012.06.21 22:15:29.695,1.29034,1.29063,1.50,1.50
2012.06.21 22:15:30.242,1.29029,1.29059,2.25,2.25
2012.06.21 22:15:30.880,1.29029,1.29059,2.25,3.21
2012.06.21 22:15:44.748,1.29029,1.29059,2.25,2.46
2012.06.21 22:15:44.915,1.29029,1.29059,2.25,3.21
2012.06.21 22:15:45.735,1.29029,1.29059,2.25,2.25
2012.06.21 22:15:48.950,1.29027,1.29056,2.25,1.50
2012.06.21 22:15:49.205,1.29026,1.29056,2.25,2.25
2012.06.21 22:15:55.060,1.29026,1.29056,2.25,1.50
2012.06.21 22:15:55.378,1.2903,1.29059,1.50,1.50
2012.06.21 22:15:55.709,1.2903,1.29059,1.50,1.50
2012.06.21 22:15:55.806,1.2903,1.29059,1.50,1.50
2012.06.21 22:15:57.799,1.29028,1.29055,2.25,1.50
2012.06.21 22:15:58.152,1.29024,1.29054,2.25,3.21
2012.06.21 22:15:58.299,1.29022,1.29052,2.25,1.71
2012.06.21 22:15:58.928,1.29019,1.29047,2.25,2.25
2012.06.21 22:15:59.175,1.29019,1.29047,2.25,2.25
2012.06.21 22:15:59.369,1.29019,1.29047,3.00,1.50
2012.06.21 22:16:00.298,1.29022,1.29049,1.50,2.25
2012.06.21 22:16:00.537,1.29022,1.29052,1.50,1.50
2012.06.21 22:16:01.327,1.29019,1.2905,1.50,1.50
2012.06.21 22:16:01.901,1.29019,1.2905,1.50,1.50
2012.06.21 22:16:05.149,1.29022,1.29051,1.50,1.50
2012.06.21 22:16:05.516,1.29022,1.29052,2.25,1.50
2012.06.21 22:16:08.459,1.29024,1.29049,1.50,1.50
2012.06.21 22:16:08.587,1.29024,1.29051,1.50,1.50
2012.06.21 22:16:08.657,1.29024,1.29051,1.50,1.50
2012.06.21 22:16:11.285,1.29021,1.29051,2.25,2.25
2012.06.21 22:16:11.355,1.29021,1.29049,2.25,1.50
2012.06.21 22:16:12.091,1.2902,1.2905,2.25,1.50
2012.06.21 22:16:12.665,1.2902,1.2905,2.25,1.50
2012.06.21 22:16:19.237,1.29024,1.29053,1.50,1.50
2012.06.21 22:16:19.488,1.29024,1.29055,1.50,2.25
2012.06.21 22:16:19.831,1.29029,1.2906,1.50,1.50
2012.06.21 22:16:20.400,1.2903,1.29061,1.50,2.25
2012.06.21 22:16:21.357,1.29029,1.29061,3.00,2.25
2012.06.21 22:16:25.257,1.29029,1.29061,2.25,2.25
2012.06.21 22:16:27.306,1.29029,1.29061,2.25,2.25
2012.06.21 22:16:31.608,1.2903,1.29061,1.50,2.25
2012.06.21 22:16:32.325,1.29035,1.29064,1.50,1.50
2012.06.21 22:16:34.858,1.29035,1.29065,1.50,2.25
2012.06.21 22:16:34.930,1.29035,1.29061,1.50,1.13
2012.06.21 22:16:35.000,1.2903,1.29058,2.25,1.50
2012.06.21 22:16:35.186,1.29026,1.29056,2.25,1.50
2012.06.21 22:16:39.207,1.29026,1.29057,3.00,2.25
2012.06.21 22:16:39.278,1.29032,1.29058,1.50,3.00
2012.06.21 22:16:39.547,1.29032,1.29061,2.25,1.50
2012.06.21 22:16:41.256,1.29035,1.29061,1.50,1.50
2012.06.21 22:16:41.617,1.29037,1.29063,1.50,1.50
2012.06.21 22:16:44.205,1.29032,1.29062,1.50,1.50
2012.06.21 22:17:12.742,1.29037,1.29063,1.50,3.00
2012.06.21 22:17:14.347,1.29032,1.29061,2.25,1.50
2012.06.21 22:17:14.937,1.29032,1.29061,2.25,2.25
2012.06.21 22:17:15.096,1.29032,1.29061,2.25,1.50
2012.06.21 22:17:19.259,1.29032,1.29061,2.25,2.25
2012.06.21 22:17:19.330,1.29032,1.29061,2.25,3.00
2012.06.21 22:17:19.898,1.29032,1.29061,2.25,3.00
2012.06.21 22:17:20.027,1.29036,1.29065,1.50,2.46
2012.06.21 22:17:20.346,1.29036,1.29059,1.50,2.25
2012.06.21 22:17:20.827,1.29036,1.29065,1.50,3.00
2012.06.21 22:17:21.564,1.29036,1.29065,1.50,3.00
2012.06.21 22:17:22.142,1.29036,1.29065,1.50,3.00
2012.06.21 22:17:25.887,1.29034,1.29061,1.50,1.50
2012.06.21 22:17:25.955,1.29032,1.29061,2.25,1.50
2012.06.21 22:17:32.178,1.29036,1.29065,1.50,2.25
2012.06.21 22:17:32.738,1.29036,1.29065,2.25,1.50
2012.06.21 22:17:36.287,1.29036,1.29065,2.25,2.25
2012.06.21 22:17:36.553,1.29049,1.29077,1.50,1.71
2012.06.21 22:17:36.831,1.29049,1.29078,1.50,2.25
2012.06.21 22:17:39.014,1.29049,1.29078,1.50,3.75
2012.06.21 22:17:39.092,1.29049,1.29069,1.50,1.50
2012.06.21 22:17:39.174,1.29044,1.29069,1.50,1.50
2012.06.21 22:17:39.531,1.29039,1.29069,2.25,2.25
2012.06.21 22:17:39.976,1.29039,1.29068,1.50,1.50
2012.06.21 22:17:40.053,1.29035,1.29064,2.25,1.50
2012.06.21 22:17:40.642,1.29035,1.29064,2.25,1.50
2012.06.21 22:17:43.476,1.29035,1.29064,2.25,1.50
2012.06.21 22:17:43.999,1.29035,1.29064,2.25,1.50
2012.06.21 22:17:44.186,1.29035,1.29064,2.25,1.50
2012.06.21 22:17:44.548,1.29035,1.29064,1.50,1.50
2012.06.21 22:17:44.995,1.29034,1.29063,2.25,1.50
2012.06.21 22:17:45.070,1.29037,1.29066,1.50,1.50
2012.06.21 22:17:45.139,1.29044,1.29076,1.50,3.00
2012.06.21 22:17:45.210,1.29044,1.29076,2.25,3.00
2012.06.21 22:17:45.478,1.29044,1.29076,1.50,1.50
2012.06.21 22:17:45.668,1.29042,1.2907,1.50,2.25
2012.06.21 22:17:46.360,1.29046,1.29066,2.25,1.50
2012.06.21 22:17:46.433,1.29048,1.29078,1.50,1.50
2012.06.21 22:17:46.570,1.29048,1.29079,1.50,1.50
2012.06.21 22:17:46.639,1.29045,1.29073,3.00,1.50
2012.06.21 22:17:47.260,1.29045,1.29073,2.25,1.50
2012.06.21 22:18:00.501,1.29046,1.29078,1.50,1.50
2012.06.21 22:18:01.881,1.2905,1.2908,1.50,1.00
2012.06.21 22:18:02.221,1.2905,1.2908,2.25,1.00
2012.06.21 22:18:02.498,1.2905,1.2908,2.25,1.00
2012.06.21 22:18:04.538,1.2905,1.2908,2.25,1.00
2012.06.21 22:18:07.108,1.29045,1.29076,2.25,1.50
2012.06.21 22:18:08.860,1.29049,1.29076,1.50,1.50
2012.06.21 22:18:08.933,1.29051,1.2908,1.50,1.00
2012.06.21 22:18:09.013,1.29055,1.2908,1.50,1.00
2012.06.21 22:18:09.374,1.29056,1.2908,2.25,1.00
2012.06.21 22:18:09.908,1.29056,1.2908,1.50,1.00
2012.06.21 22:18:12.098,1.29061,1.2908,1.50,1.00
2012.06.21 22:18:16.048,1.29057,1.2908,2.25,1.00
2012.06.21 22:18:21.428,1.29059,1.2908,1.50,1.00
2012.06.21 22:18:21.728,1.29063,1.2908,1.50,1.00
2012.06.21 22:18:23.301,1.2906,1.29065,2.25,1.50
2012.06.21 22:18:23.382,1.29051,1.29065,1.50,1.50
2012.06.21 22:18:23.466,1.29054,1.2908,2.25,3.50
2012.06.21 22:18:23.540,1.29054,1.29078,2.25,1.34
2012.06.21 22:18:23.612,1.29054,1.29078,1.50,1.34
2012.06.21 22:18:23.831,1.29037,1.29063,2.25,1.50
2012.06.21 22:18:23.902,1.29037,1.29063,2.25,1.50
2012.06.21 22:18:24.051,1.29037,1.29063,3.00,1.50
2012.06.21 22:18:24.378,1.29037,1.29063,3.00,1.50
2012.06.21 22:18:25.112,1.29041,1.29063,1.50,1.50
2012.06.21 22:18:25.180,1.29043,1.29066,1.50,1.50
2012.06.21 22:18:25.319,1.29044,1.29072,1.50,2.25
2012.06.21 22:18:25.748,1.29044,1.29072,2.25,1.50
2012.06.21 22:18:29.067,1.29044,1.29072,1.50,1.50
2012.06.21 22:18:29.618,1.29044,1.29072,2.25,1.50
2012.06.21 22:18:30.126,1.29044,1.29072,2.25,1.50
2012.06.21 22:18:31.066,1.29044,1.29072,1.50,1.50
2012.06.21 22:18:33.846,1.29044,1.29072,2.25,1.50
2012.06.21 22:18:43.836,1.2905,1.29076,1.50,2.25
2012.06.21 22:18:44.448,1.2905,1.29076,1.50,2.25
2012.06.21 22:18:50.549,1.29052,1.29076,2.25,1.50
2012.06.21 22:18:50.819,1.29053,1.2908,2.25,1.00
2012.06.21 22:18:50.894,1.29059,1.2908,1.50,1.00
2012.06.21 22:18:51.509,1.29059,1.2908,2.25,1.00
2012.06.21 22:18:51.698,1.29056,1.2908,2.25,1.00
2012.06.21 22:18:54.180,1.29061,1.2908,1.50,1.00
2012.06.21 22:18:54.854,1.29049,1.2908,2.25,1.00
2012.06.21 22:18:55.140,1.29047,1.29075,2.25,1.50
2012.06.21 22:18:55.581,1.29047,1.29075,1.50,1.50
2012.06.21 22:18:59.212,1.29042,1.2907,2.25,1.50
2012.06.21 22:19:03.997,1.29042,1.2907,2.25,1.50
2012.06.21 22:19:05.207,1.29042,1.2907,2.25,1.50
2012.06.21 22:19:10.867,1.29042,1.2907,2.25,1.50
2012.06.21 22:19:11.497,1.29042,1.2907,2.25,1.50
2012.06.21 22:19:14.375,1.29042,1.2907,2.25,1.50
2012.06.21 22:19:15.921,1.29046,1.29074,1.50,1.50
2012.06.21 22:19:16.519,1.29046,1.29074,2.25,1.50
2012.06.21 22:19:34.625,1.29046,1.29074,2.25,1.50
2012.06.21 22:19:36.877,1.29044,1.29072,3.75,1.50
2012.06.21 22:19:45.464,1.29044,1.29072,2.25,1.50
2012.06.21 22:19:45.956,1.29044,1.29072,1.50,1.50
2012.06.21 22:19:48.289,1.29047,1.29073,1.50,1.50
2012.06.21 22:19:48.370,1.29047,1.29075,1.50,1.50
2012.06.21 22:19:51.686,1.29042,1.29071,2.25,1.50
2012.06.21 22:19:53.738,1.29045,1.29071,1.50,1.50
2012.06.21 22:19:53.805,1.29047,1.29076,1.50,1.50
2012.06.21 22:19:54.002,1.29053,1.2908,2.25,3.00
2012.06.21 22:19:54.364,1.29061,1.2908,2.25,1.00
2012.06.21 22:19:54.710,1.29066,1.2908,1.50,1.00
2012.06.21 22:19:55.060,1.29075,1.2908,1.50,1.00
2012.06.21 22:19:55.131,1.29069,1.2908,2.25,1.00
2012.06.21 22:19:55.258,1.29069,1.2908,1.50,1.00
2012.06.21 22:19:56.257,1.29072,1.2908,1.50,1.00
2012.06.21 22:19:56.617,1.29074,1.2908,1.50,1.00
2012.06.21 22:19:57.363,1.29072,1.2908,1.50,1.00
2012.06.21 22:19:57.447,1.29068,1.2908,3.00,1.00
2012.06.21 22:19:59.186,1.29071,1.2908,1.50,1.00
2012.06.21 22:19:59.738,1.29072,1.2908,1.50,1.00
2012.06.21 22:20:02.413,1.29068,1.2908,2.25,1.00
2012.06.21 22:20:13.302,1.29063,1.2908,3.00,1.00
2012.06.21 22:20:13.379,1.29063,1.2908,3.00,1.00
2012.06.21 22:20:13.799,1.29057,1.2908,2.25,1.00
2012.06.21 22:20:14.168,1.29053,1.2908,2.25,1.00
2012.06.21 22:20:16.668,1.29053,1.2908,2.25,1.00
2012.06.21 22:20:17.667,1.29054,1.2908,1.50,1.00
2012.06.21 22:20:18.026,1.29054,1.29075,1.50,1.50
2012.06.21 22:20:18.463,1.29054,1.29075,1.50,1.50
2012.06.21 22:20:18.547,1.29059,1.2908,1.50,3.00
2012.06.21 22:20:19.061,1.2906,1.2908,1.50,1.00
2012.06.21 22:20:19.616,1.2906,1.2908,1.50,1.00
2012.06.21 22:20:22.981,1.29063,1.2908,1.50,1.00
2012.06.21 22:20:23.234,1.29064,1.2908,1.50,1.00
2012.06.21 22:20:23.798,1.29062,1.2908,2.25,1.00
2012.06.21 22:20:24.138,1.29066,1.2908,2.25,1.00
2012.06.21 22:20:35.327,1.29072,1.2908,1.50,1.00
2012.06.21 22:20:35.877,1.29067,1.2908,2.25,1.00
2012.06.21 22:20:55.100,1.29059,1.2908,2.25,1.00
2012.06.21 22:20:55.660,1.29064,1.2908,2.25,1.00
2012.06.21 22:21:00.237,1.29067,1.2908,2.25,1.00
2012.06.21 22:21:00.869,1.29063,1.2908,2.25,1.00
2012.06.21 22:21:01.196,1.29067,1.2908,2.25,1.00
2012.06.21 22:21:01.666,1.29067,1.2908,2.25,1.00
2012.06.21 22:21:07.397,1.29069,1.2908,2.25,1.00
2012.06.21 22:21:10.455,1.29069,1.2908,2.25,1.00
2012.06.21 22:21:12.278,1.29064,1.2908,2.25,1.00
2012.06.21 22:21:12.409,1.29058,1.2908,2.25,1.00
2012.06.21 22:21:12.597,1.29058,1.2908,2.25,1.00
2012.06.21 22:21:12.848,1.29058,1.2908,2.25,1.00
2012.06.21 22:21:14.089,1.29058,1.2908,2.25,1.00
2012.06.21 22:21:14.397,1.29054,1.2908,2.25,3.00
2012.06.21 22:21:15.531,1.29049,1.29077,2.25,1.50
2012.06.21 22:21:15.940,1.29048,1.29071,2.25,1.50
2012.06.21 22:21:16.009,1.29045,1.29071,2.25,1.50
2012.06.21 22:21:16.327,1.29045,1.29071,2.25,1.50
2012.06.21 22:21:18.798,1.29053,1.29071,1.50,1.50
2012.06.21 22:21:18.867,1.29053,1.29079,1.50,1.50
2012.06.21 22:21:18.999,1.29056,1.2908,2.25,1.00
2012.06.21 22:21:20.121,1.29056,1.2908,2.25,1.00
2012.06.21 22:21:20.651,1.29056,1.2908,2.25,1.00
2012.06.21 22:21:22.418,1.29056,1.2908,2.25,1.00
2012.06.21 22:21:22.488,1.29051,1.29078,2.25,1.50
2012.06.21 22:21:23.008,1.29051,1.29078,2.25,1.50
2012.06.21 22:21:23.084,1.29048,1.29074,2.25,1.50
2012.06.21 22:21:23.400,1.29045,1.2907,1.50,1.50
2012.06.21 22:21:24.213,1.29045,1.2907,1.50,1.50
2012.06.21 22:21:27.577,1.29048,1.29075,1.50,1.50
2012.06.21 22:21:30.348,1.29047,1.29075,3.00,1.50
2012.06.21 22:21:30.616,1.29049,1.29075,1.50,1.50
2012.06.21 22:21:31.136,1.29053,1.29075,1.50,1.50
2012.06.21 22:21:31.268,1.29055,1.2908,1.50,1.00
2012.06.21 22:21:31.342,1.29059,1.2908,1.50,1.00
2012.06.21 22:21:31.668,1.29059,1.2908,2.25,1.00
2012.06.21 22:21:32.699,1.29059,1.2908,2.25,1.00
2012.06.21 22:21:35.282,1.29063,1.2908,2.25,1.00
2012.06.21 22:21:35.500,1.29063,1.2908,2.25,1.00
2012.06.21 22:21:44.219,1.29063,1.2908,2.25,1.00
2012.06.21 22:21:48.575,1.29063,1.2908,2.25,1.00
2012.06.21 22:21:52.797,1.29063,1.2908,2.25,1.00
2012.06.21 22:21:53.241,1.2907,1.2908,2.25,1.00
2012.06.21 22:21:53.456,1.2907,1.2908,2.25,1.00
2012.06.21 22:21:57.159,1.29073,1.2908,2.25,1.00
2012.06.21 22:21:57.683,1.29073,1.2908,2.25,1.00
2012.06.21 22:22:34.186,1.29076,1.2908,2.25,1.00
2012.06.21 22:22:34.379,1.29081,1.2909,1.50,0.10
2012.06.21 22:22:34.509,1.29081,1.2909,2.25,0.10
2012.06.21 22:22:34.711,1.29074,1.2909,1.95,0.10
2012.06.21 22:22:43.054,1.29073,1.2909,2.18,0.10
2012.06.21 22:22:49.323,1.29076,1.2909,2.25,0.10
2012.06.21 22:22:49.636,1.29076,1.2909,2.25,0.10
2012.06.21 22:22:49.840,1.29082,1.2909,1.50,0.10
2012.06.21 22:22:51.090,1.29079,1.2909,2.25,0.10
2012.06.21 22:23:08.884,1.29076,1.2909,2.25,0.10
2012.06.21 22:23:09.099,1.29066,1.2909,2.25,0.10
2012.06.21 22:23:09.369,1.29066,1.2909,2.25,0.10
2012.06.21 22:23:30.427,1.29068,1.2909,2.25,0.10
2012.06.21 22:23:34.647,1.29073,1.2909,2.25,0.10
2012.06.21 22:23:35.157,1.29073,1.2909,2.25,0.10
2012.06.21 22:23:43.820,1.29072,1.2909,2.25,0.10
2012.06.21 22:23:47.760,1.29068,1.2909,2.25,0.10
2012.06.21 22:23:54.915,1.29068,1.2909,2.25,0.10
2012.06.21 22:23:56.678,1.29068,1.2909,2.25,0.10
2012.06.21 22:24:27.228,1.29072,1.2909,2.25,0.10
2012.06.21 22:24:27.578,1.29072,1.2909,2.25,0.10
2012.06.21 22:24:34.360,1.29072,1.2909,2.25,0.10
2012.06.21 22:24:35.087,1.29078,1.2909,2.25,0.10
2012.06.21 22:24:35.292,1.29078,1.2909,2.25,0.10
2012.06.21 22:24:46.569,1.29068,1.2909,2.25,0.10
2012.06.21 22:24:49.638,1.29074,1.2909,2.25,0.10
2012.06.21 22:24:50.229,1.29074,1.2909,2.25,0.10
2012.06.21 22:25:02.988,1.29068,1.2909,2.25,0.10
2012.06.21 22:25:04.803,1.29068,1.2909,2.25,0.10
2012.06.21 22:25:07.979,1.29068,1.2909,2.25,0.10
2012.06.21 22:25:08.567,1.29068,1.2909,2.25,0.10
2012.06.21 22:25:08.639,1.29068,1.2909,2.25,0.10
2012.06.21 22:25:13.216,1.29068,1.2909,2.25,0.10
2012.06.21 22:25:17.997,1.29074,1.2909,2.25,0.10
2012.06.21 22:25:18.571,1.29068,1.2909,2.25,0.10
2012.06.21 22:25:19.759,1.29068,1.2909,2.25,0.10
2012.06.21 22:25:20.371,1.29068,1.2909,2.25,0.10
2012.06.21 22:25:20.898,1.29068,1.2909,2.25,0.10
2012.06.21 22:25:25.564,1.29067,1.2909,2.25,0.10
2012.06.21 22:25:27.245,1.29067,1.2909,2.25,0.10
2012.06.21 22:25:37.979,1.29067,1.2909,2.25,0.10
2012.06.21 22:25:38.227,1.29067,1.2909,2.25,0.10
2012.06.21 22:25:38.970,1.29067,1.2909,2.25,0.10
2012.06.21 22:25:45.661,1.29067,1.2909,2.25,0.10
2012.06.21 22:25:48.588,1.29067,1.2909,2.25,0.10
2012.06.21 22:25:57.996,1.29067,1.2909,2.25,0.10
2012.06.21 22:26:04.449,1.29067,1.2909,2.25,0.10
2012.06.21 22:26:08.629,1.29067,1.2909,2.25,0.10
2012.06.21 22:26:11.268,1.29067,1.2909,2.25,0.10
2012.06.21 22:26:21.449,1.29067,1.2909,2.25,0.10
2012.06.21 22:26:21.757,1.29061,1.2909,1.50,0.10
2012.06.21 22:26:34.977,1.29061,1.2909,1.50,0.10
2012.06.21 22:26:35.498,1.29061,1.2909,1.50,0.10
2012.06.21 22:26:41.632,1.29061,1.2909,1.50,0.10
2012.06.21 22:26:42.164,1.29061,1.2909,1.50,0.10
2012.06.21 22:26:42.852,1.29061,1.2909,1.50,0.10
2012.06.21 22:26:54.179,1.29067,1.2909,2.25,0.10
2012.06.21 22:26:54.371,1.29067,1.2909,2.25,0.10
2012.06.21 22:26:54.631,1.29067,1.2909,2.25,0.10
2012.06.21 22:26:55.040,1.2907,1.2909,2.25,0.10
2012.06.21 22:26:55.721,1.2907,1.2909,2.25,0.10
2012.06.21 22:26:56.904,1.29068,1.2909,2.25,0.10
2012.06.21 22:26:57.119,1.29063,1.2909,2.25,0.10
2012.06.21 22:27:00.467,1.29063,1.2909,2.25,0.10
2012.06.21 22:27:00.837,1.29066,1.2909,2.25,0.10
2012.06.21 22:27:04.010,1.29066,1.2909,2.25,0.10
2012.06.21 22:27:04.267,1.29066,1.2909,2.25,0.10
2012.06.21 22:27:11.267,1.29066,1.2909,2.25,0.10
2012.06.21 22:27:12.040,1.29066,1.2909,2.25,0.10
2012.06.21 22:27:14.339,1.29066,1.2909,2.25,0.10
2012.06.21 22:27:23.287,1.29066,1.2909,2.25,0.10
2012.06.21 22:27:23.550,1.29066,1.2909,2.25,0.10
2012.06.21 22:27:24.478,1.29066,1.2909,2.25,0.10
2012.06.21 22:27:25.416,1.29066,1.2909,2.25,0.10
2012.06.21 22:27:35.158,1.29066,1.2909,2.25,0.10
2012.06.21 22:27:35.476,1.29066,1.2909,2.25,0.10
2012.06.21 22:27:35.670,1.29066,1.2909,2.25,0.10
2012.06.21 22:27:45.609,1.29069,1.2909,2.25,0.10
2012.06.21 22:27:58.126,1.29069,1.29096,2.25,1.50
2012.06.21 22:27:58.438,1.29069,1.2908,2.25,0.10
2012.06.21 22:28:01.348,1.29069,1.2908,2.25,0.10
2012.06.21 22:28:13.620,1.29069,1.2908,2.25,0.10
2012.06.21 22:28:14.133,1.29065,1.2908,2.25,0.10
2012.06.21 22:28:14.848,1.29068,1.2908,2.25,0.10
2012.06.21 22:28:23.724,1.29067,1.2908,2.25,0.10
2012.06.21 22:28:24.420,1.29067,1.2908,2.25,0.10
2012.06.21 22:28:25.237,1.29067,1.2908,2.25,0.10
2012.06.21 22:28:37.410,1.29067,1.2908,2.25,0.10
2012.06.21 22:28:39.939,1.29067,1.2908,2.25,0.10
2012.06.21 22:28:43.128,1.29067,1.2908,2.25,0.10
2012.06.21 22:28:44.227,1.29066,1.2908,2.25,0.10
2012.06.21 22:28:44.669,1.29063,1.2908,2.25,0.10
2012.06.21 22:28:47.176,1.29063,1.2908,2.25,0.10
2012.06.21 22:28:47.859,1.29063,1.2908,2.25,0.10
2012.06.21 22:29:00.126,1.29063,1.2908,2.25,0.10
2012.06.21 22:29:00.397,1.29063,1.2908,2.25,0.10
2012.06.21 22:29:01.189,1.29063,1.2908,2.25,0.10
2012.06.21 22:29:01.700,1.29063,1.2908,2.25,0.10
2012.06.21 22:29:04.107,1.29063,1.2908,2.25,0.10
2012.06.21 22:29:04.427,1.29063,1.2908,2.25,0.10
2012.06.21 22:29:17.535,1.29063,1.2908,2.25,0.10
2012.06.21 22:29:18.139,1.29063,1.2908,2.25,0.10
2012.06.21 22:29:30.447,1.29066,1.2908,2.25,0.10
2012.06.21 22:29:31.240,1.29066,1.2908,2.25,0.10
2012.06.21 22:29:44.410,1.29067,1.2908,2.25,0.10
2012.06.21 22:29:58.327,1.29067,1.2908,2.25,0.10
2012.06.21 22:29:58.863,1.29067,1.2908,2.25,0.10
2012.06.21 22:30:00.616,1.29067,1.2908,2.25,0.10
2012.06.21 22:30:01.230,1.29067,1.2908,2.25,0.10
2012.06.21 22:30:03.487,1.29072,1.2908,2.25,0.10
2012.06.21 22:30:05.028,1.29072,1.2908,2.25,0.10
2012.06.21 22:30:08.881,1.29068,1.2908,2.25,0.10
2012.06.21 22:30:10.598,1.29068,1.2908,2.25,0.10
2012.06.21 22:30:11.096,1.29063,1.2908,2.25,0.10
2012.06.21 22:30:36.029,1.29069,1.2908,2.25,0.10
2012.06.21 22:30:36.261,1.29069,1.2908,2.25,0.10
2012.06.21 22:30:36.386,1.29069,1.2908,2.25,0.10
2012.06.21 22:30:53.860,1.29069,1.2908,2.25,0.10
2012.06.21 22:31:01.419,1.29069,1.2908,2.25,0.10
2012.06.21 22:31:01.864,1.29065,1.2908,2.25,0.10
2012.06.21 22:31:11.376,1.29069,1.2908,2.25,0.10
2012.06.21 22:31:18.821,1.29069,1.2908,2.25,0.10
2012.06.21 22:31:19.164,1.29073,1.2908,2.25,0.10
2012.06.21 22:31:19.523,1.29077,1.2908,2.25,0.10
2012.06.21 22:31:20.080,1.29077,1.2908,2.25,0.10
2012.06.21 22:31:29.656,1.29071,1.29099,2.25,1.50
2012.06.21 22:31:30.191,1.29071,1.29099,2.25,1.50
2012.06.21 22:31:35.038,1.29077,1.29101,2.25,1.50
2012.06.21 22:31:35.167,1.29077,1.29103,2.25,1.50
2012.06.21 22:31:37.445,1.29077,1.29103,2.25,1.50
2012.06.21 22:31:37.595,1.29082,1.29106,1.50,1.50
2012.06.21 22:31:37.931,1.29077,1.29105,2.25,1.50
2012.06.21 22:31:38.700,1.29077,1.29105,2.25,1.50
2012.06.21 22:31:39.200,1.29077,1.29105,2.25,1.50
2012.06.21 22:31:39.472,1.29081,1.29109,2.25,1.50
2012.06.21 22:31:39.542,1.29081,1.29109,2.25,1.50
2012.06.21 22:31:39.810,1.29085,1.29113,2.25,1.50
2012.06.21 22:31:40.518,1.2908,1.29111,2.25,1.50
2012.06.21 22:31:41.283,1.29079,1.29107,2.25,1.50
2012.06.21 22:31:42.720,1.29082,1.29108,2.25,1.50
2012.06.21 22:31:43.230,1.29082,1.29109,2.25,1.50
2012.06.21 22:31:44.342,1.29088,1.29115,2.25,1.50
2012.06.21 22:31:44.408,1.29088,1.29115,2.25,1.50
2012.06.21 22:31:44.727,1.29083,1.2911,2.25,1.50
2012.06.21 22:31:44.918,1.29083,1.2911,2.25,1.50
2012.06.21 22:31:47.358,1.29083,1.2911,2.25,1.50
2012.06.21 22:31:47.432,1.29086,1.29114,2.25,1.50
2012.06.21 22:31:47.501,1.29086,1.29112,2.25,1.50
2012.06.21 22:31:47.896,1.29085,1.29113,2.25,1.50
2012.06.21 22:31:48.039,1.29085,1.29113,2.25,1.50
2012.06.21 22:31:49.211,1.29085,1.29113,2.25,1.50
2012.06.21 22:31:54.357,1.29085,1.29113,2.25,1.50
2012.06.21 22:32:07.851,1.29085,1.29112,2.25,1.50
2012.06.21 22:32:08.624,1.29083,1.29111,2.25,1.50
2012.06.21 22:32:15.006,1.29083,1.29111,2.25,1.50
2012.06.21 22:32:17.316,1.29083,1.29111,2.25,1.50
2012.06.21 22:32:17.917,1.29083,1.29111,2.25,1.50
2012.06.21 22:32:19.167,1.29083,1.29111,2.25,1.50
2012.06.21 22:32:19.348,1.29083,1.29111,2.25,1.50
2012.06.21 22:32:19.530,1.29083,1.29111,2.25,1.50
2012.06.21 22:32:20.067,1.29083,1.29111,2.25,1.50
2012.06.21 22:32:22.706,1.29083,1.29111,2.25,1.50
2012.06.21 22:32:23.900,1.29079,1.29107,2.25,1.50
2012.06.21 22:32:27.098,1.29084,1.29108,2.25,1.50
2012.06.21 22:32:27.168,1.29084,1.29112,2.25,1.50
2012.06.21 22:32:39.976,1.29084,1.29112,2.25,1.50
2012.06.21 22:32:45.366,1.29084,1.29112,2.25,1.50
2012.06.21 22:33:08.886,1.29086,1.29114,2.25,1.50
2012.06.21 22:33:46.948,1.29086,1.29114,1.50,1.50
2012.06.21 22:33:50.755,1.29085,1.29111,1.50,1.50
2012.06.21 22:34:11.777,1.29085,1.29113,1.50,1.50
2012.06.21 22:34:16.236,1.2908,1.29108,1.50,1.50
2012.06.21 22:34:17.718,1.29089,1.2911,1.50,1.50
2012.06.21 22:34:17.787,1.29089,1.29117,1.50,1.50
2012.06.21 22:34:18.020,1.29089,1.29114,1.50,1.50
2012.06.21 22:34:18.100,1.29084,1.29112,1.50,1.50
2012.06.21 22:34:27.829,1.2909,1.29116,1.50,1.50
2012.06.21 22:34:39.797,1.2909,1.29113,1.50,1.50
2012.06.21 22:34:39.927,1.29085,1.29111,1.50,1.50
2012.06.21 22:34:52.151,1.29088,1.29113,1.50,1.50
2012.06.21 22:34:52.220,1.29088,1.29116,1.50,1.50
2012.06.21 22:34:59.025,1.29088,1.29116,2.25,1.50
2012.06.21 22:35:12.834,1.29088,1.29114,2.25,1.50
2012.06.21 22:35:25.249,1.29091,1.29119,2.25,1.50
2012.06.21 22:35:40.886,1.29091,1.29119,2.25,2.25
2012.06.21 22:35:40.955,1.29091,1.29119,2.25,1.50
2012.06.21 22:36:01.734,1.29091,1.29119,2.25,2.25
2012.06.21 22:36:03.795,1.29091,1.29119,2.25,1.50
2012.06.21 22:36:07.120,1.29093,1.29119,2.25,1.50
2012.06.21 22:36:08.912,1.29097,1.29121,1.50,3.38
2012.06.21 22:36:09.934,1.29097,1.29122,2.25,1.88
2012.06.21 22:36:10.402,1.29097,1.29121,2.25,1.88
2012.06.21 22:36:10.470,1.29097,1.29125,2.25,1.50
2012.06.21 22:36:10.869,1.29102,1.29128,2.25,1.50
2012.06.21 22:36:10.970,1.29102,1.29128,2.25,1.50
2012.06.21 22:36:11.567,1.29102,1.29128,2.25,1.50
2012.06.21 22:36:24.680,1.29099,1.29125,2.25,1.50
2012.06.21 22:36:36.556,1.29102,1.29128,2.25,1.50
2012.06.21 22:36:43.301,1.29098,1.29124,2.25,1.50
2012.06.21 22:36:48.091,1.29098,1.29122,2.25,1.50
2012.06.21 22:36:48.430,1.29094,1.2912,2.25,1.50
2012.06.21 22:36:52.069,1.29097,1.29125,2.25,1.50
2012.06.21 22:36:56.800,1.291,1.29127,2.25,1.50
2012.06.21 22:36:56.870,1.291,1.29129,2.25,1.50
2012.06.21 22:36:57.060,1.291,1.29129,2.25,1.50
2012.06.21 22:37:04.669,1.29104,1.2913,2.25,1.50
2012.06.21 22:37:04.740,1.29104,1.29133,2.25,1.50
2012.06.21 22:37:04.914,1.29103,1.29129,2.25,1.50
2012.06.21 22:37:07.079,1.29096,1.29125,3.00,1.50
2012.06.21 22:37:07.683,1.29096,1.29124,1.50,1.50
2012.06.21 22:37:25.197,1.29098,1.29128,2.25,1.50
2012.06.21 22:37:32.282,1.29098,1.29126,2.25,1.50
2012.06.21 22:37:33.010,1.29094,1.29124,2.25,1.50
2012.06.21 22:37:40.458,1.29097,1.29126,2.25,1.50
2012.06.21 22:37:40.530,1.29097,1.29128,2.25,1.50
2012.06.21 22:37:40.719,1.29097,1.29128,2.25,1.50
2012.06.21 22:37:40.789,1.29097,1.29128,2.25,1.50
2012.06.21 22:37:41.311,1.29097,1.29128,3.00,1.50
2012.06.21 22:37:45.889,1.29097,1.29125,3.00,1.50
2012.06.21 22:37:46.219,1.29086,1.29113,2.25,1.50
2012.06.21 22:37:46.408,1.29083,1.29111,1.50,1.50
2012.06.21 22:37:46.928,1.29083,1.29111,1.50,1.50
2012.06.21 22:37:47.090,1.29083,1.29111,1.50,1.50
2012.06.21 22:37:48.739,1.29083,1.29106,1.50,1.50
2012.06.21 22:37:55.662,1.29084,1.29116,2.25,1.50
2012.06.21 22:37:55.732,1.29082,1.2911,3.75,1.50
2012.06.21 22:37:59.629,1.29082,1.2911,2.25,1.50
2012.06.21 22:37:59.794,1.29082,1.2911,2.25,1.50
2012.06.21 22:38:00.859,1.29082,1.2911,2.25,1.50
2012.06.21 22:38:02.129,1.29082,1.2911,2.25,1.50
2012.06.21 22:38:02.216,1.29082,1.2911,2.25,1.50
2012.06.21 22:38:06.779,1.29082,1.2911,2.25,1.50
2012.06.21 22:38:19.088,1.29082,1.2911,3.00,1.50
2012.06.21 22:38:19.244,1.29082,1.2911,3.00,1.50
2012.06.21 22:38:25.461,1.29082,1.2911,3.00,1.50
2012.06.21 22:38:27.330,1.29082,1.2911,3.00,1.50
2012.06.21 22:38:27.399,1.29082,1.2911,3.00,1.50
2012.06.21 22:38:29.198,1.29082,1.2911,3.00,1.50
2012.06.21 22:38:32.341,1.29082,1.2911,2.25,1.50
2012.06.21 22:38:33.125,1.29082,1.2911,2.25,1.50
2012.06.21 22:38:33.808,1.29082,1.2911,2.25,1.50
2012.06.21 22:38:35.822,1.29078,1.29105,2.25,1.50
2012.06.21 22:38:36.350,1.29079,1.29105,1.50,1.50
2012.06.21 22:38:40.757,1.29079,1.29105,1.50,1.50
2012.06.21 22:38:42.049,1.29079,1.29105,1.50,1.50
2012.06.21 22:38:42.233,1.29079,1.29105,1.50,1.50
2012.06.21 22:38:45.297,1.2908,1.29105,1.50,1.50
2012.06.21 22:38:45.368,1.2908,1.29105,1.50,1.50
2012.06.21 22:38:52.101,1.29084,1.29105,1.50,1.50
2012.06.21 22:38:52.302,1.29082,1.29113,3.55,1.50
2012.06.21 22:38:52.372,1.29082,1.2911,3.55,1.50
2012.06.21 22:38:52.509,1.29082,1.29109,2.80,1.50
2012.06.21 22:38:54.121,1.2908,1.29105,1.50,1.50
2012.06.21 22:38:54.377,1.29079,1.29105,1.50,1.50
2012.06.21 22:38:54.954,1.29078,1.29105,1.50,1.50
2012.06.21 22:38:55.905,1.29078,1.29105,1.50,1.50
2012.06.21 22:39:02.418,1.29079,1.29105,1.50,1.50
2012.06.21 22:39:03.186,1.29077,1.29105,1.50,1.50
2012.06.21 22:39:03.857,1.29077,1.29105,1.50,1.50
2012.06.21 22:39:12.112,1.29077,1.29105,1.50,1.50
2012.06.21 22:39:14.836,1.29077,1.29107,1.50,1.50
2012.06.21 22:39:20.747,1.29077,1.29107,1.50,1.50
2012.06.21 22:39:21.028,1.29077,1.29107,1.50,1.50
2012.06.21 22:39:32.282,1.29075,1.29103,1.50,1.50
2012.06.21 22:39:32.763,1.29075,1.29103,1.50,1.50
2012.06.21 22:39:33.858,1.29077,1.29103,1.50,1.50
2012.06.21 22:39:33.993,1.29079,1.29106,1.50,1.50
2012.06.21 22:39:34.423,1.29075,1.29102,1.50,1.50
2012.06.21 22:39:34.719,1.29077,1.29106,2.25,1.50
2012.06.21 22:39:37.618,1.29077,1.29106,2.25,1.50
2012.06.21 22:39:37.784,1.29077,1.29106,2.25,1.50
2012.06.21 22:39:39.878,1.29077,1.29106,2.25,1.50
2012.06.21 22:39:42.568,1.29077,1.29106,2.25,1.50
2012.06.21 22:39:42.788,1.29077,1.29106,2.25,1.50
2012.06.21 22:39:44.631,1.29077,1.29104,2.25,1.50
2012.06.21 22:39:45.326,1.29075,1.29102,1.50,1.50
2012.06.21 22:39:49.480,1.29074,1.29101,1.50,1.50
2012.06.21 22:39:49.890,1.29073,1.29101,2.05,1.50
2012.06.21 22:40:21.799,1.29079,1.29108,2.25,1.50
2012.06.21 22:40:22.110,1.29079,1.29108,2.25,1.50
2012.06.21 22:40:22.358,1.29073,1.29104,2.25,1.50
2012.06.21 22:40:39.590,1.29071,1.29099,3.00,1.50
2012.06.21 22:40:45.402,1.2907,1.29099,3.75,1.50
2012.06.21 22:40:49.888,1.29071,1.29099,1.50,1.50
2012.06.21 22:40:50.160,1.29071,1.29099,1.50,1.50
2012.06.21 22:40:59.871,1.29071,1.29097,1.50,1.50
2012.06.21 22:41:02.177,1.29071,1.29097,1.50,1.50
2012.06.21 22:41:12.942,1.29071,1.29097,1.50,1.50
2012.06.21 22:41:17.028,1.29071,1.29097,1.50,1.50
2012.06.21 22:41:19.982,1.29069,1.29097,2.63,1.50
2012.06.21 22:41:20.878,1.29069,1.29095,2.63,1.50
2012.06.21 22:41:41.650,1.29069,1.29094,2.63,1.50
2012.06.21 22:41:41.957,1.29069,1.29094,2.63,1.50
2012.06.21 22:41:42.030,1.29069,1.29093,2.63,1.50
2012.06.21 22:41:42.161,1.29069,1.29091,2.63,1.50
2012.06.21 22:41:42.471,1.29069,1.29089,2.63,1.50
2012.06.21 22:41:42.602,1.29069,1.29087,2.63,1.50
2012.06.21 22:41:42.674,1.29069,1.29089,2.63,1.50
2012.06.21 22:41:42.808,1.29069,1.2909,2.63,1.50
2012.06.21 22:41:46.830,1.29069,1.2909,2.63,1.50
2012.06.21 22:41:46.992,1.29069,1.2909,2.63,1.50
2012.06.21 22:41:59.172,1.29069,1.2909,2.63,1.50
2012.06.21 22:41:59.312,1.29069,1.2909,2.63,1.50
2012.06.21 22:42:00.337,1.29069,1.2909,2.63,1.50
2012.06.21 22:42:00.677,1.29069,1.29086,1.88,1.50
2012.06.21 22:42:02.159,1.29068,1.29089,2.63,1.50
2012.06.21 22:42:05.349,1.29068,1.29091,2.63,1.50
2012.06.21 22:42:10.411,1.29068,1.29087,1.88,1.50
2012.06.21 22:42:10.749,1.29069,1.29087,2.63,1.50
2012.06.21 22:42:10.973,1.29069,1.29089,2.63,1.50
2012.06.21 22:42:21.488,1.29069,1.29092,2.63,1.50
2012.06.21 22:42:21.559,1.29069,1.29092,2.63,1.50
2012.06.21 22:42:27.801,1.29069,1.29092,2.63,1.50
2012.06.21 22:42:28.048,1.29069,1.29088,2.63,1.50
2012.06.21 22:42:28.132,1.29069,1.29088,2.63,1.50
2012.06.21 22:42:34.439,1.29069,1.29081,2.63,1.50
2012.06.21 22:42:34.703,1.29068,1.29079,2.63,1.50
2012.06.21 22:42:34.770,1.29068,1.29077,1.88,1.50
2012.06.21 22:42:34.970,1.29068,1.29076,2.63,1.50
2012.06.21 22:42:35.480,1.29069,1.29076,1.88,1.50
2012.06.21 22:42:36.210,1.29069,1.2908,1.88,1.50
2012.06.21 22:42:37.049,1.29069,1.2908,1.88,1.88
2012.06.21 22:42:56.538,1.29069,1.29077,1.88,1.50
2012.06.21 22:43:13.278,1.29069,1.2908,1.88,1.88
2012.06.21 22:43:13.580,1.29069,1.29075,1.88,1.50
2012.06.21 22:43:14.191,1.29068,1.29075,1.88,1.50
2012.06.21 22:43:33.779,1.29068,1.29073,1.88,1.50
2012.06.21 22:43:35.415,1.29069,1.29073,1.88,1.50
2012.06.21 22:43:52.017,1.29069,1.29076,1.88,1.50
2012.06.21 22:44:04.789,1.29059,1.29071,3.94,1.50
2012.06.21 22:44:06.009,1.29069,1.29074,1.88,1.50
2012.06.21 22:44:06.169,1.29069,1.29076,1.88,1.50
2012.06.21 22:44:22.998,1.29068,1.29076,1.88,1.50
2012.06.21 22:44:38.539,1.29068,1.29082,1.88,2.63
2012.06.21 22:44:38.732,1.29068,1.29076,1.88,1.50
2012.06.21 22:44:49.319,1.29068,1.29075,1.88,1.50
2012.06.21 22:44:49.688,1.29068,1.29073,1.88,1.50
2012.06.21 22:44:50.028,1.29068,1.29076,1.88,1.50
2012.06.21 22:44:55.220,1.29068,1.29073,1.88,1.50
2012.06.21 22:44:57.970,1.29068,1.29076,1.88,1.50
2012.06.21 22:45:05.399,1.29058,1.29071,3.38,1.50
2012.06.21 22:45:06.647,1.29068,1.29076,1.88,1.50
2012.06.21 22:45:09.229,1.29069,1.29076,1.88,1.50
2012.06.21 22:45:09.822,1.29069,1.29079,1.88,1.13
2012.06.21 22:45:10.219,1.29069,1.29079,1.88,1.88
2012.06.21 22:45:13.989,1.29068,1.29079,1.88,1.88
2012.06.21 22:45:20.619,1.29068,1.29079,1.88,1.13
2012.06.21 22:45:20.926,1.29058,1.29076,5.25,1.50
2012.06.21 22:45:23.985,1.29058,1.29072,5.25,1.13
2012.06.21 22:45:50.767,1.29058,1.29068,5.25,1.50
2012.06.21 22:46:11.752,1.29058,1.29069,5.25,1.50
2012.06.21 22:46:45.934,1.29069,1.2908,1.88,1.50
2012.06.21 22:46:46.259,1.29069,1.2908,1.88,1.50
2012.06.21 22:46:48.188,1.29069,1.29078,1.88,1.50
2012.06.21 22:46:48.323,1.29059,1.29065,1.88,1.50
2012.06.21 22:46:49.048,1.29059,1.29065,3.13,1.50
2012.06.21 22:46:49.119,1.29037,1.29065,2.25,1.50
2012.06.21 22:46:49.809,1.29058,1.29065,4.73,1.50
2012.06.21 22:46:50.333,1.29058,1.29069,4.73,2.25
2012.06.21 22:46:50.407,1.29043,1.29069,2.25,2.25
2012.06.21 22:46:50.632,1.29043,1.29069,1.50,2.25
2012.06.21 22:46:50.830,1.29043,1.29069,2.25,1.50
2012.06.21 22:46:51.431,1.29043,1.29069,2.25,1.50
2012.06.21 22:46:52.578,1.29043,1.29069,2.25,1.50
2012.06.21 22:47:10.719,1.29041,1.29068,2.25,1.50
2012.06.21 22:47:14.504,1.2904,1.29068,2.25,1.50
2012.06.21 22:47:14.969,1.2904,1.29068,2.25,1.50
2012.06.21 22:47:16.173,1.2904,1.29068,2.25,1.50
2012.06.21 22:47:26.649,1.2904,1.29068,2.25,1.50
2012.06.21 22:47:27.021,1.2904,1.29068,2.25,1.50
2012.06.21 22:47:27.311,1.2904,1.29068,2.25,1.50
2012.06.21 22:47:31.860,1.29042,1.2907,2.25,1.50
2012.06.21 22:47:35.781,1.29042,1.2907,2.25,1.50
2012.06.21 22:47:36.180,1.29042,1.2907,2.25,1.50
2012.06.21 22:47:51.699,1.29041,1.29069,2.25,1.50
2012.06.21 22:47:56.400,1.29041,1.29069,2.25,1.50
2012.06.21 22:47:56.688,1.29041,1.29069,2.25,1.50
2012.06.21 22:47:56.948,1.29041,1.29069,2.25,1.50
2012.06.21 22:48:00.518,1.29041,1.29069,2.25,1.50
2012.06.21 22:48:01.317,1.29041,1.29069,2.25,1.50
2012.06.21 22:48:14.458,1.29041,1.29069,2.25,1.50
2012.06.21 22:48:14.827,1.29041,1.29069,2.25,1.50
2012.06.21 22:48:15.182,1.29041,1.29069,2.25,1.50
2012.06.21 22:48:26.908,1.29041,1.29069,2.25,1.50
2012.06.21 22:48:27.190,1.29041,1.29069,2.25,1.50
2012.06.21 22:48:33.878,1.29044,1.2907,2.25,1.50
2012.06.21 22:48:39.802,1.29048,1.29074,1.50,2.25
2012.06.21 22:48:40.053,1.29044,1.2907,2.25,1.50
2012.06.21 22:49:00.817,1.29042,1.29068,3.75,1.50
2012.06.21 22:49:09.261,1.29043,1.29069,2.25,1.50
2012.06.21 22:49:09.509,1.29046,1.29074,2.25,2.25
2012.06.21 22:49:09.642,1.29045,1.29068,2.25,1.50
2012.06.21 22:49:10.781,1.29042,1.29068,1.50,1.50
2012.06.21 22:49:10.995,1.29039,1.29059,2.25,1.50
2012.06.21 22:49:11.142,1.29034,1.29061,1.50,1.50
2012.06.21 22:49:11.332,1.29031,1.29061,2.25,2.25
2012.06.21 22:49:11.540,1.29031,1.29061,2.25,2.25
2012.06.21 22:49:11.799,1.29031,1.29061,2.25,1.50
2012.06.21 22:49:12.409,1.29031,1.29061,2.25,2.25
2012.06.21 22:49:12.553,1.29038,1.29066,1.50,2.25
2012.06.21 22:49:12.773,1.29038,1.29066,1.50,2.25
2012.06.21 22:49:13.619,1.29038,1.29066,1.50,2.25
2012.06.21 22:49:20.951,1.29034,1.29063,2.25,1.50
2012.06.21 22:49:21.021,1.29034,1.29063,1.50,1.50
2012.06.21 22:49:21.510,1.29041,1.29068,1.50,2.25
2012.06.21 22:49:21.832,1.29041,1.29068,2.25,1.50
2012.06.21 22:49:21.903,1.29041,1.29068,2.25,1.50
2012.06.21 22:49:22.272,1.29041,1.29068,2.25,1.50
2012.06.21 22:49:24.041,1.29041,1.29068,2.25,1.50
2012.06.21 22:49:29.703,1.29039,1.29064,2.25,1.50
2012.06.21 22:49:35.307,1.29037,1.29064,2.25,1.50
2012.06.21 22:49:35.972,1.29037,1.29064,2.25,1.50
2012.06.21 22:49:41.588,1.29037,1.29064,2.25,1.50
2012.06.21 22:49:43.559,1.29037,1.29064,2.25,1.50
2012.06.21 22:49:43.889,1.29037,1.29064,2.25,1.50
2012.06.21 22:49:45.759,1.29037,1.29064,2.25,1.50
2012.06.21 22:49:46.031,1.29037,1.29064,2.25,1.50
2012.06.21 22:49:54.343,1.29037,1.29064,2.25,1.50
2012.06.21 22:49:55.746,1.29037,1.29064,2.25,1.50
2012.06.21 22:49:56.554,1.29037,1.29064,2.25,1.50
2012.06.21 22:49:57.365,1.29037,1.29064,2.25,1.50
2012.06.21 22:49:57.428,1.29037,1.29064,2.25,1.50
2012.06.21 22:50:04.348,1.29037,1.29064,2.25,1.50
2012.06.21 22:50:05.758,1.29037,1.29064,2.25,1.50
2012.06.21 22:50:10.078,1.29037,1.29064,2.25,1.50
2012.06.21 22:50:10.547,1.29037,1.29064,2.25,1.50
2012.06.21 22:50:14.476,1.29037,1.29064,2.25,1.50
2012.06.21 22:50:15.786,1.29037,1.29064,2.25,1.50
2012.06.21 22:50:19.591,1.29037,1.29064,2.25,1.50
2012.06.21 22:50:22.103,1.29037,1.29064,1.50,1.50
2012.06.21 22:50:28.061,1.29037,1.29064,2.25,1.50
2012.06.21 22:50:28.781,1.29037,1.29064,1.50,1.50
2012.06.21 22:50:30.155,1.29025,1.29073,1.50,1.13
2012.06.21 22:50:31.527,1.29025,1.29073,1.50,1.13
2012.06.21 22:50:32.023,1.29037,1.29063,1.50,1.50
2012.06.21 22:50:40.851,1.29032,1.2906,2.25,1.50
2012.06.21 22:50:41.530,1.29032,1.2906,2.25,1.50
2012.06.21 22:50:41.713,1.29032,1.2906,2.25,1.50
2012.06.21 22:50:44.503,1.29032,1.2906,2.25,1.88
2012.06.21 22:50:44.636,1.29031,1.29056,2.25,1.50
2012.06.21 22:50:44.782,1.29024,1.29052,2.25,1.50
2012.06.21 22:50:45.125,1.29024,1.2905,2.25,3.00
2012.06.21 22:50:45.575,1.29024,1.2905,1.50,3.00
2012.06.21 22:50:45.654,1.29018,1.29043,2.05,1.50
2012.06.21 22:50:46.204,1.29018,1.29043,2.05,1.50
2012.06.21 22:50:50.914,1.29017,1.29043,3.00,1.50
2012.06.21 22:50:51.471,1.29017,1.29043,2.25,1.50
2012.06.21 22:50:51.804,1.29017,1.29043,2.25,1.50
2012.06.21 22:50:51.887,1.29016,1.29042,2.25,1.50
2012.06.21 22:50:51.964,1.29016,1.29044,2.25,1.50
2012.06.21 22:50:54.537,1.29016,1.29044,2.25,1.50
2012.06.21 22:50:54.684,1.29026,1.29048,1.50,1.50
2012.06.21 22:50:54.893,1.29028,1.29057,1.50,3.38
2012.06.21 22:50:54.962,1.29028,1.29057,2.25,2.25
2012.06.21 22:50:55.661,1.29031,1.2906,1.50,1.50
2012.06.21 22:50:55.812,1.29031,1.29062,2.25,1.88
2012.06.21 22:50:56.624,1.29031,1.29061,1.50,1.13
2012.06.21 22:50:56.690,1.29027,1.29058,2.25,1.50
2012.06.21 22:50:57.061,1.29027,1.29058,2.25,1.50
2012.06.21 22:50:57.565,1.29027,1.29058,2.25,1.50
2012.06.21 22:50:58.491,1.29027,1.29058,2.25,1.50
2012.06.21 22:50:58.820,1.29027,1.29058,2.25,1.50
2012.06.21 22:51:00.459,1.29027,1.29058,2.25,1.50
2012.06.21 22:51:00.638,1.29027,1.29058,2.25,1.50
2012.06.21 22:51:01.131,1.29027,1.29058,2.25,1.50
2012.06.21 22:51:01.333,1.2903,1.29062,2.25,2.25
2012.06.21 22:51:01.400,1.29035,1.29063,2.25,2.25
2012.06.21 22:51:01.816,1.29035,1.29065,1.50,1.50
2012.06.21 22:51:08.606,1.29035,1.29065,2.25,1.50
2012.06.21 22:51:09.071,1.29039,1.29068,1.50,2.25
2012.06.21 22:51:10.368,1.29039,1.29071,2.25,2.25
2012.06.21 22:51:14.779,1.29039,1.29071,1.50,3.00
2012.06.21 22:51:15.032,1.29039,1.2907,1.50,1.50
2012.06.21 22:51:15.691,1.29035,1.29067,2.25,1.50
2012.06.21 22:51:16.592,1.29035,1.29067,2.25,1.50
2012.06.21 22:51:17.143,1.29035,1.29067,2.25,1.50
2012.06.21 22:51:17.462,1.29035,1.29067,2.25,1.50
2012.06.21 22:51:18.974,1.29035,1.29067,2.25,1.50
2012.06.21 22:51:19.281,1.29035,1.29067,2.25,1.50
2012.06.21 22:51:19.380,1.29038,1.29067,1.50,1.50
2012.06.21 22:51:19.510,1.2904,1.2907,1.50,1.50
2012.06.21 22:51:33.597,1.2904,1.2907,2.25,1.50
2012.06.21 22:51:34.562,1.29038,1.29067,2.25,1.50
2012.06.21 22:51:34.633,1.29035,1.29067,2.25,1.50
2012.06.21 22:51:35.689,1.29035,1.29067,2.25,1.50
2012.06.21 22:51:36.442,1.2904,1.29071,2.25,1.50
2012.06.21 22:51:36.580,1.2904,1.29071,2.25,2.25
2012.06.21 22:51:36.932,1.2905,1.29078,2.25,1.50
2012.06.21 22:51:37.005,1.29043,1.29073,2.25,1.50
2012.06.21 22:51:37.078,1.29047,1.29078,2.25,2.25
2012.06.21 22:51:37.634,1.29047,1.29078,2.25,1.50
2012.06.21 22:51:37.974,1.29051,1.29079,1.50,2.25
2012.06.21 22:51:38.231,1.29046,1.29077,1.50,1.50
2012.06.21 22:51:38.758,1.29046,1.29077,2.25,1.50
2012.06.21 22:51:41.181,1.29046,1.29074,2.25,1.50
2012.06.21 22:51:41.313,1.29046,1.29077,2.25,2.25
2012.06.21 22:51:43.533,1.2905,1.2908,1.50,1.50
2012.06.21 22:51:44.759,1.2905,1.2908,2.25,1.50
2012.06.21 22:51:49.770,1.2905,1.2908,1.50,1.50
2012.06.21 22:51:50.121,1.2905,1.2908,2.25,1.50
2012.06.21 22:51:52.152,1.2905,1.2908,2.25,1.50
2012.06.21 22:51:53.117,1.2905,1.2908,1.50,1.50
2012.06.21 22:51:56.580,1.29052,1.2908,1.50,1.50
2012.06.21 22:51:56.652,1.29053,1.29084,1.50,3.00
2012.06.21 22:51:56.928,1.29053,1.29084,2.25,1.50
2012.06.21 22:52:07.402,1.29052,1.29081,2.25,1.50
2012.06.21 22:52:20.696,1.29049,1.29081,2.25,1.50
2012.06.21 22:52:24.052,1.29049,1.29081,2.25,1.50
2012.06.21 22:52:25.805,1.29049,1.29081,2.25,1.50
2012.06.21 22:52:26.421,1.29049,1.29081,2.25,1.50
2012.06.21 22:52:31.758,1.29049,1.29081,2.25,1.50
2012.06.21 22:52:32.270,1.29049,1.29081,2.25,2.25
2012.06.21 22:52:38.303,1.29049,1.29081,2.25,2.25
2012.06.21 22:52:38.521,1.29049,1.29081,2.25,2.25
2012.06.21 22:52:42.441,1.29049,1.29081,2.25,1.50
2012.06.21 22:52:48.788,1.29051,1.29083,2.25,2.25
2012.06.21 22:52:49.150,1.29051,1.29083,2.25,1.50
2012.06.21 22:52:49.519,1.29051,1.29083,2.25,1.50
2012.06.21 22:52:51.958,1.29051,1.29083,2.25,1.50
2012.06.21 22:53:00.380,1.29051,1.29083,2.25,1.50
2012.06.21 22:53:06.178,1.29051,1.29083,2.25,1.50
2012.06.21 22:53:07.891,1.29051,1.29083,2.25,1.50
2012.06.21 22:53:08.297,1.29051,1.29083,2.25,1.50
2012.06.21 22:53:08.830,1.29051,1.29081,2.25,1.50
2012.06.21 22:53:09.555,1.29051,1.29081,2.25,1.50
2012.06.21 22:53:11.479,1.29051,1.29081,2.25,1.50
2012.06.21 22:53:19.509,1.29051,1.29081,2.25,1.50
2012.06.21 22:53:20.774,1.29051,1.29081,2.25,1.50
2012.06.21 22:53:22.479,1.29051,1.29081,2.25,1.50
2012.06.21 22:53:29.029,1.29051,1.29081,2.25,1.50
2012.06.21 22:53:29.617,1.29051,1.29081,2.25,1.50
2012.06.21 22:53:29.865,1.29053,1.29083,2.25,1.50
2012.06.21 22:53:33.949,1.29053,1.29083,2.25,1.50
2012.06.21 22:53:40.741,1.29053,1.29083,2.25,1.50
2012.06.21 22:53:40.966,1.29053,1.29083,2.25,1.50
2012.06.21 22:53:43.280,1.29053,1.29083,2.25,1.50
2012.06.21 22:53:52.250,1.29053,1.29083,2.25,1.50
2012.06.21 22:53:59.307,1.29047,1.29079,2.25,1.50
2012.06.21 22:53:59.382,1.29047,1.29079,2.25,1.50
2012.06.21 22:53:59.712,1.29047,1.29079,2.25,1.50
2012.06.21 22:54:00.223,1.29047,1.29079,2.25,1.50
2012.06.21 22:54:03.790,1.29047,1.29079,2.25,1.50
2012.06.21 22:54:05.380,1.29047,1.29079,2.25,1.50
2012.06.21 22:54:06.008,1.29047,1.29079,2.25,1.50
2012.06.21 22:54:07.517,1.29046,1.29074,2.25,1.50
2012.06.21 22:54:08.383,1.29043,1.29074,2.25,1.50
2012.06.21 22:54:09.992,1.29043,1.29074,2.25,1.50
2012.06.21 22:54:14.812,1.29043,1.29074,2.25,1.50
2012.06.21 22:54:15.302,1.29043,1.29074,2.25,1.50
2012.06.21 22:54:21.222,1.29043,1.29074,2.25,1.50
2012.06.21 22:54:21.411,1.2905,1.2908,2.25,1.50
2012.06.21 22:54:21.670,1.2905,1.2908,2.25,1.50
2012.06.21 22:54:24.000,1.29045,1.29075,2.25,1.50
2012.06.21 22:54:24.499,1.29045,1.29075,2.25,1.50
2012.06.21 22:54:25.071,1.29045,1.29075,2.25,1.50
2012.06.21 22:54:25.646,1.29045,1.29075,2.25,1.50
2012.06.21 22:54:29.520,1.29041,1.2907,2.25,1.50
2012.06.21 22:54:29.591,1.29045,1.29072,2.25,1.50
2012.06.21 22:54:29.661,1.29045,1.29074,2.25,1.50
2012.06.21 22:54:31.372,1.29043,1.29071,2.25,1.50
2012.06.21 22:54:32.102,1.2904,1.29071,2.25,1.50
2012.06.21 22:54:37.004,1.2904,1.29071,2.25,1.50
2012.06.21 22:54:39.323,1.29043,1.29074,2.25,1.50
2012.06.21 22:54:39.391,1.29043,1.29074,2.25,1.50
2012.06.21 22:54:39.882,1.29043,1.29074,2.25,1.50
2012.06.21 22:54:42.139,1.29043,1.29074,2.25,1.50
2012.06.21 22:54:42.210,1.29047,1.29078,2.25,1.50
2012.06.21 22:54:42.564,1.29047,1.29078,2.25,1.50
2012.06.21 22:54:42.692,1.29047,1.29078,2.25,1.50
2012.06.21 22:54:44.623,1.29047,1.29078,2.25,1.50
2012.06.21 22:54:44.870,1.29047,1.29078,2.25,1.50
2012.06.21 22:54:47.198,1.29051,1.29081,2.25,2.25
2012.06.21 22:54:50.793,1.29048,1.29077,2.25,1.50
2012.06.21 22:54:54.810,1.29048,1.29077,2.25,1.50
2012.06.21 22:54:55.085,1.29052,1.29079,2.25,1.50
2012.06.21 22:54:55.153,1.29052,1.29081,2.25,1.50
2012.06.21 22:54:56.000,1.29052,1.29081,2.25,1.50
2012.06.21 22:54:56.312,1.29057,1.29085,1.50,2.25
2012.06.21 22:54:56.632,1.29057,1.29085,2.25,2.25
2012.06.21 22:54:56.842,1.29054,1.29082,2.25,1.50
2012.06.21 22:54:57.592,1.29051,1.29082,2.25,1.50
2012.06.21 22:55:01.791,1.29051,1.29082,2.25,1.50
2012.06.21 22:55:03.487,1.29051,1.29082,2.25,1.50
2012.06.21 22:55:03.632,1.29051,1.29082,2.25,1.50
2012.06.21 22:55:04.693,1.29051,1.29082,2.25,1.50
2012.06.21 22:55:05.080,1.29051,1.29082,2.25,1.50
2012.06.21 22:55:05.643,1.29051,1.29082,2.25,1.50
2012.06.21 22:55:16.949,1.29054,1.29084,2.25,1.50
2012.06.21 22:55:21.856,1.29058,1.29089,1.50,2.25
2012.06.21 22:55:21.929,1.29058,1.29089,1.50,1.50
2012.06.21 22:55:27.740,1.29061,1.29093,2.25,2.25
2012.06.21 22:55:27.866,1.29061,1.29093,1.50,1.50
2012.06.21 22:55:46.520,1.29061,1.29089,2.25,1.50
2012.06.21 22:55:47.254,1.29058,1.29087,2.25,1.50
2012.06.21 22:55:48.006,1.29058,1.29087,2.25,1.50
2012.06.21 22:55:48.221,1.29062,1.29092,1.50,1.50
2012.06.21 22:55:50.621,1.29062,1.29092,2.25,1.50
2012.06.21 22:55:50.753,1.2907,1.29097,1.50,1.50
2012.06.21 22:55:50.880,1.2907,1.29101,2.25,1.50
2012.06.21 22:55:51.221,1.2907,1.29102,2.25,2.25
2012.06.21 22:55:51.510,1.2907,1.29102,2.25,2.25
2012.06.21 22:55:52.012,1.2907,1.29102,2.25,2.25
2012.06.21 22:55:52.330,1.29067,1.29097,2.25,1.50
2012.06.21 22:56:01.003,1.29067,1.29097,2.25,1.50
2012.06.21 22:56:01.073,1.29072,1.29102,2.25,3.00
2012.06.21 22:56:01.692,1.29072,1.29102,2.25,2.25
2012.06.21 22:56:02.210,1.29072,1.29102,2.25,1.50
2012.06.21 22:56:02.965,1.29072,1.29102,2.25,1.50
2012.06.21 22:56:07.584,1.29072,1.29102,2.25,2.25
2012.06.21 22:56:11.221,1.29072,1.29102,2.25,1.50
2012.06.21 22:56:16.019,1.29072,1.29102,2.25,2.25
2012.06.21 22:56:21.351,1.29071,1.29101,2.25,3.00
2012.06.21 22:56:21.633,1.29066,1.29097,2.25,1.50
2012.06.21 22:56:29.585,1.29066,1.29097,2.25,2.25
2012.06.21 22:56:32.179,1.29066,1.29097,2.25,1.50
2012.06.21 22:56:32.249,1.29066,1.29097,2.25,2.25
2012.06.21 22:56:33.214,1.29066,1.29097,2.25,2.25
2012.06.21 22:56:36.684,1.29066,1.29097,2.25,2.25
2012.06.21 22:56:37.124,1.29066,1.29097,2.25,1.50
2012.06.21 22:56:41.823,1.29069,1.29098,1.50,2.25
2012.06.21 22:56:42.153,1.29064,1.2909,2.25,1.13
2012.06.21 22:56:42.423,1.29059,1.2909,2.25,2.25
2012.06.21 22:56:42.814,1.29056,1.29085,2.25,1.50
2012.06.21 22:56:45.932,1.29056,1.29085,2.25,1.50
2012.06.21 22:56:47.070,1.29061,1.29089,2.25,1.50
2012.06.21 22:56:47.633,1.29061,1.29089,2.25,1.50
2012.06.21 22:56:50.363,1.29061,1.29089,2.25,1.50
2012.06.21 22:56:50.671,1.29067,1.29092,1.50,1.50
2012.06.21 22:56:50.741,1.29067,1.29093,1.50,2.25
2012.06.21 22:56:51.573,1.29067,1.29093,2.25,1.50
2012.06.21 22:56:56.450,1.29063,1.29089,2.25,1.50
2012.06.21 22:56:57.299,1.29063,1.29089,2.25,1.50
2012.06.21 22:56:57.442,1.29067,1.29093,2.25,1.50
2012.06.21 22:56:57.529,1.29067,1.29093,2.25,1.50
2012.06.21 22:57:06.902,1.29067,1.29093,2.25,1.50
2012.06.21 22:57:07.103,1.29067,1.29093,2.25,1.50
2012.06.21 22:57:07.856,1.29067,1.29093,2.25,1.50
2012.06.21 22:57:08.512,1.29067,1.29093,2.25,1.50
2012.06.21 22:57:08.810,1.29067,1.29093,2.25,1.50
2012.06.21 22:57:11.602,1.29067,1.29093,2.25,1.50
2012.06.21 22:57:17.799,1.29069,1.29097,2.25,1.50
2012.06.21 22:57:23.752,1.29069,1.29097,2.25,1.50
2012.06.21 22:57:24.289,1.29069,1.29097,2.25,1.50
2012.06.21 22:57:24.423,1.29074,1.291,2.25,1.50
2012.06.21 22:57:24.495,1.29074,1.29102,2.25,1.50
2012.06.21 22:57:24.621,1.29079,1.29104,1.50,1.50
2012.06.21 22:57:24.692,1.29079,1.29107,2.25,2.25
2012.06.21 22:57:24.761,1.29079,1.29107,2.25,1.50
2012.06.21 22:57:25.371,1.29079,1.29107,2.25,1.50
2012.06.21 22:57:29.532,1.29079,1.29107,2.25,1.50
2012.06.21 22:57:29.862,1.29079,1.29107,2.25,1.50
2012.06.21 22:57:30.230,1.29079,1.29107,1.50,1.50
2012.06.21 22:57:30.302,1.29079,1.29107,2.25,1.50
2012.06.21 22:57:32.492,1.29079,1.29107,1.50,1.50
2012.06.21 22:57:33.260,1.29079,1.29107,2.25,1.50
2012.06.21 22:57:34.239,1.29079,1.29107,2.25,1.50
2012.06.21 22:57:34.310,1.29074,1.29102,2.25,1.50
2012.06.21 22:57:35.184,1.29074,1.29102,2.25,1.50
2012.06.21 22:57:35.791,1.29074,1.29102,2.25,1.50
2012.06.21 22:57:37.991,1.29074,1.29102,2.25,1.50
2012.06.21 22:57:38.994,1.29074,1.29102,2.25,1.50
2012.06.21 22:57:39.476,1.29074,1.29102,2.25,1.50
2012.06.21 22:57:39.821,1.29074,1.29102,2.25,1.50
2012.06.21 22:57:42.032,1.29074,1.29102,2.25,1.50
2012.06.21 22:57:44.122,1.29074,1.29102,2.25,1.50
2012.06.21 22:57:44.384,1.29077,1.29102,2.25,1.50
2012.06.21 22:57:44.452,1.29078,1.29106,2.25,1.50
2012.06.21 22:57:46.033,1.29078,1.29106,2.25,1.50
2012.06.21 22:57:46.410,1.29078,1.29106,2.25,1.50
2012.06.21 22:57:47.178,1.29078,1.29106,2.25,1.50
2012.06.21 22:57:58.290,1.29084,1.29107,2.25,1.50
2012.06.21 22:57:58.361,1.29084,1.2911,2.25,1.50
2012.06.21 22:58:00.864,1.29074,1.2912,1.50,1.50
2012.06.21 22:58:02.294,1.29071,1.29119,1.50,1.50
2012.06.21 22:58:02.848,1.29068,1.29115,1.50,1.50
2012.06.21 22:58:03.392,1.29072,1.29118,1.50,1.50
2012.06.21 22:58:06.472,1.29072,1.29118,1.50,1.50
2012.06.21 22:58:07.462,1.29072,1.2912,1.50,1.50
2012.06.21 22:58:07.830,1.29074,1.2912,1.50,1.50
2012.06.21 22:58:08.855,1.29074,1.2912,1.50,1.50
2012.06.21 22:58:12.030,1.29074,1.2912,1.50,1.50
2012.06.21 22:58:13.351,1.29075,1.29121,1.50,1.50
2012.06.21 22:58:15.174,1.29075,1.29121,1.50,1.50
2012.06.21 22:58:15.839,1.29069,1.29117,1.50,1.50
2012.06.21 22:58:16.272,1.29067,1.29115,1.50,1.50
2012.06.21 22:58:16.521,1.29066,1.29114,1.50,1.50
2012.06.21 22:58:16.858,1.29066,1.29112,1.50,1.50
2012.06.21 22:58:18.764,1.29066,1.29112,1.50,1.50
2012.06.21 22:58:20.311,1.29064,1.29112,1.50,1.50
2012.06.21 22:58:20.862,1.29063,1.29111,1.50,1.50
2012.06.21 22:58:25.033,1.29063,1.29111,1.50,1.50
2012.06.21 22:58:25.290,1.29063,1.29111,1.50,1.50
2012.06.21 22:58:27.123,1.29063,1.29111,1.50,1.50
2012.06.21 22:58:33.418,1.29063,1.29111,1.50,1.50
2012.06.21 22:58:33.728,1.29062,1.29108,1.50,1.50
2012.06.21 22:58:34.038,1.29064,1.2911,1.50,1.50
2012.06.21 22:58:34.348,1.29064,1.2911,1.50,1.50
2012.06.21 22:58:34.933,1.29064,1.2911,1.50,1.50
2012.06.21 22:58:35.248,1.29064,1.2911,1.50,1.50
2012.06.21 22:58:53.397,1.29064,1.2911,1.50,1.50
2012.06.21 22:58:56.208,1.2906,1.29108,1.50,1.50
2012.06.21 22:58:58.228,1.29063,1.29111,1.50,2.46
2012.06.21 22:59:00.241,1.29063,1.29109,1.50,1.50
2012.06.21 22:59:00.728,1.29063,1.29109,1.50,1.50
2012.06.21 22:59:01.661,1.29066,1.29111,1.50,1.50
2012.06.21 22:59:01.910,1.29066,1.29111,1.50,1.50
2012.06.21 22:59:02.469,1.29072,1.29119,1.50,1.71
2012.06.21 22:59:02.812,1.29072,1.29119,1.50,1.71
2012.06.21 22:59:03.211,1.29072,1.29115,1.50,1.13
2012.06.21 22:59:03.398,1.29072,1.29114,1.50,2.09
2012.06.21 22:59:05.399,1.29073,1.29111,1.50,1.71
2012.06.21 22:59:10.840,1.29075,1.29115,1.50,2.09
2012.06.21 22:59:11.010,1.29072,1.29115,1.50,2.09
2012.06.21 22:59:11.469,1.29072,1.29115,1.50,2.09
2012.06.21 22:59:14.252,1.2907,1.29111,1.50,1.71
2012.06.21 22:59:14.619,1.29067,1.29111,1.50,1.71
2012.06.21 22:59:17.092,1.29064,1.2911,1.50,1.71
2012.06.21 22:59:17.409,1.29065,1.29111,1.50,2.84
2012.06.21 22:59:17.929,1.29059,1.29107,1.50,2.46
2012.06.21 22:59:18.119,1.29062,1.29106,1.50,1.71
2012.06.21 22:59:18.434,1.29062,1.29106,1.50,1.71
2012.06.21 22:59:18.763,1.29062,1.29106,1.50,1.71
2012.06.21 22:59:23.479,1.2906,1.29106,1.50,2.25
2012.06.21 22:59:24.353,1.2906,1.29106,1.50,2.25
2012.06.21 22:59:25.425,1.2906,1.29106,1.50,2.09
2012.06.21 22:59:25.909,1.2906,1.29106,1.50,2.09
2012.06.21 22:59:26.249,1.2906,1.29106,1.50,1.71
2012.06.21 22:59:27.752,1.2906,1.29106,1.50,1.71
2012.06.21 22:59:28.090,1.2906,1.29106,1.50,1.71
2012.06.21 22:59:28.998,1.2906,1.29106,1.50,1.71
2012.06.21 22:59:29.311,1.29097,1.2913,1.73,1.35
2012.06.21 22:59:29.441,1.29097,1.29135,2.48,1.50
2012.06.21 22:59:29.512,1.29097,1.29146,1.73,1.35
2012.06.21 22:59:29.822,1.291,1.29156,1.50,2.84
2012.06.21 22:59:30.728,1.29108,1.29156,1.50,2.84
2012.06.21 22:59:31.921,1.29108,1.29149,1.13,1.50
2012.06.21 22:59:32.447,1.2909,1.29132,1.50,1.13
2012.06.21 22:59:32.524,1.29089,1.2913,1.50,1.13
2012.06.21 22:59:32.971,1.29088,1.29129,1.50,1.13
2012.06.21 22:59:33.520,1.29086,1.29127,1.50,1.13
2012.06.21 22:59:34.140,1.29086,1.29127,1.50,1.88
2012.06.21 22:59:34.669,1.29084,1.29126,1.50,1.50
2012.06.21 22:59:35.211,1.29082,1.29123,1.50,1.13
2012.06.21 22:59:35.719,1.29078,1.29125,1.50,1.13
2012.06.21 22:59:37.244,1.29078,1.29123,1.50,1.50
2012.06.21 22:59:37.371,1.2907,1.29108,2.25,1.34
2012.06.21 22:59:37.560,1.29063,1.29111,1.50,2.84
2012.06.21 22:59:37.770,1.2907,1.29111,1.50,1.34
2012.06.21 22:59:37.962,1.2907,1.29111,1.50,1.34
2012.06.21 22:59:38.148,1.2907,1.29111,1.50,1.88
2012.06.21 22:59:39.303,1.2907,1.29111,1.50,1.88
2012.06.21 22:59:39.633,1.29071,1.2911,1.50,1.13
2012.06.21 22:59:39.943,1.29071,1.29111,1.50,1.13
2012.06.21 22:59:41.542,1.29071,1.29111,1.50,1.13
2012.06.21 22:59:42.160,1.29079,1.29127,2.18,2.48
2012.06.21 22:59:42.291,1.2908,1.29127,1.65,2.48
2012.06.21 22:59:46.758,1.29079,1.29127,2.48,1.88
2012.06.21 22:59:47.269,1.29079,1.29125,1.73,1.50
2012.06.21 22:59:52.450,1.29084,1.2913,1.50,1.71
2012.06.21 22:59:53.003,1.29091,1.29132,2.10,1.71
2012.06.21 22:59:53.309,1.29091,1.29133,2.10,1.50
2012.06.21 22:59:53.696,1.29091,1.29136,2.10,1.50
2012.06.21 22:59:53.818,1.29091,1.29137,2.10,1.50
2012.06.21 22:59:54.239,1.29091,1.29136,2.10,1.50
2012.06.21 22:59:54.496,1.29088,1.29136,1.50,2.10
2012.06.21 22:59:54.630,1.29083,1.29131,1.50,1.50
2012.06.21 22:59:54.820,1.29083,1.29131,1.50,2.09
2012.06.21 22:59:55.070,1.29079,1.29126,1.50,2.09
2012.06.21 22:59:55.641,1.29084,1.29125,1.50,1.71
2012.06.21 22:59:56.353,1.29084,1.29125,1.50,1.71
2012.06.21 22:59:58.433,1.29082,1.2912,1.50,1.13
2012.06.21 22:59:58.560,1.29074,1.29119,1.50,2.84
2012.06.21 22:59:58.750,1.29078,1.29121,1.50,1.94
