2009.06.12 01:00:03.388,1.5553,1.55605,2.40,4.80
2009.06.12 01:00:28.342,1.5554,1.55605,2.40,1.60
2009.06.12 01:00:28.642,1.5554,1.5561,2.40,8.00
2009.06.12 01:00:29.172,1.55545,1.5561,2.40,4.80
2009.06.12 01:00:29.522,1.55545,1.55615,2.40,4.80
2009.06.12 01:00:38.290,1.55545,1.55615,2.40,4.80
2009.06.12 01:00:40.789,1.5555,1.55615,2.40,1.60
2009.06.12 01:00:41.489,1.5555,1.5562,2.40,4.80
2009.06.12 01:00:43.608,1.55555,1.5562,2.40,4.80
2009.06.12 01:00:43.839,1.5556,1.5562,2.40,4.80
2009.06.12 01:00:44.238,1.5556,1.5562,2.40,3.20
2009.06.12 01:00:44.588,1.55565,1.5563,2.40,3.20
2009.06.12 01:00:44.828,1.5557,1.5564,2.40,3.20
2009.06.12 01:00:45.418,1.5557,1.55645,2.40,4.80
2009.06.12 01:00:45.878,1.5557,1.5564,2.40,3.20
2009.06.12 01:00:48.047,1.5557,1.5564,2.40,4.80
2009.06.12 01:00:50.747,1.55565,1.55635,1.60,3.20
2009.06.12 01:00:50.866,1.5556,1.5563,2.40,1.60
2009.06.12 01:00:51.206,1.55565,1.5563,2.40,4.80
2009.06.12 01:00:51.786,1.55565,1.55635,2.40,1.60
2009.06.12 01:00:54.456,1.5556,1.55635,2.40,4.80
2009.06.12 01:00:55.096,1.5557,1.5563,2.40,4.80
2009.06.12 01:00:55.215,1.55565,1.5563,2.40,1.60
2009.06.12 01:00:55.435,1.5557,1.5563,2.40,1.60
2009.06.12 01:00:55.775,1.55575,1.55635,2.40,1.60
2009.06.12 01:00:56.345,1.55575,1.5564,2.40,3.20
2009.06.12 01:00:58.085,1.5558,1.5564,2.40,3.20
2009.06.12 01:00:58.145,1.5558,1.5565,2.40,4.80
2009.06.12 01:00:58.434,1.5558,1.5565,2.40,3.20
2009.06.12 01:01:03.433,1.55585,1.5565,2.40,3.20
2009.06.12 01:01:07.853,1.55595,1.5565,2.40,3.20
2009.06.12 01:01:08.372,1.55595,1.5566,2.40,4.80
2009.06.12 01:01:08.542,1.55595,1.5566,2.40,3.20
2009.06.12 01:01:09.582,1.5559,1.5566,2.40,3.20
2009.06.12 01:01:10.212,1.5559,1.5566,2.40,4.80
2009.06.12 01:01:11.431,1.55585,1.5565,2.40,1.60
2009.06.12 01:01:11.591,1.55585,1.5565,2.40,3.20
2009.06.12 01:01:12.112,1.5559,1.5565,2.40,3.20
2009.06.12 01:01:12.341,1.5559,1.5565,2.40,1.60
2009.06.12 01:01:12.641,1.5559,1.5566,2.40,4.80
2009.06.12 01:01:16.540,1.55595,1.5566,2.40,4.80
2009.06.12 01:01:17.590,1.5559,1.5566,1.60,6.40
2009.06.12 01:01:18.180,1.55585,1.5565,2.40,3.20
2009.06.12 01:01:18.740,1.5558,1.5565,2.40,6.40
2009.06.12 01:01:19.140,1.55575,1.55645,2.40,3.20
2009.06.12 01:01:19.490,1.5558,1.5565,2.40,8.00
2009.06.12 01:01:20.099,1.55575,1.55645,2.40,3.20
2009.06.12 01:01:20.739,1.55575,1.55645,2.40,4.80
2009.06.12 01:01:20.919,1.55575,1.5564,2.40,3.20
2009.06.12 01:01:21.379,1.5557,1.5564,2.40,8.00
2009.06.12 01:01:21.829,1.5556,1.55635,4.00,4.80
2009.06.12 01:01:22.009,1.5556,1.5563,4.00,1.60
2009.06.12 01:01:22.359,1.5556,1.5563,2.40,3.20
2009.06.12 01:01:23.639,1.5556,1.5563,2.40,1.60
2009.06.12 01:01:23.799,1.5556,1.55635,2.40,4.80
2009.06.12 01:01:24.328,1.55565,1.55635,2.40,1.60
2009.06.12 01:01:24.558,1.55565,1.5563,2.40,1.60
2009.06.12 01:01:24.838,1.55565,1.55635,2.40,1.60
2009.06.12 01:01:25.878,1.5556,1.5563,2.40,3.20
2009.06.12 01:01:26.158,1.5556,1.5563,2.40,4.80
2009.06.12 01:01:34.376,1.55575,1.55635,2.40,1.60
2009.06.12 01:01:34.786,1.55575,1.5564,2.40,3.20
2009.06.12 01:01:37.515,1.5558,1.5564,2.40,3.20
2009.06.12 01:01:38.465,1.5558,1.5564,2.40,4.80
2009.06.12 01:01:38.865,1.5558,1.5564,2.40,3.20
2009.06.12 01:01:38.975,1.5558,1.5565,2.40,8.00
2009.06.12 01:01:39.095,1.55575,1.55645,2.40,3.20
2009.06.12 01:01:39.565,1.55575,1.5564,2.40,1.60
2009.06.12 01:01:39.744,1.55575,1.5564,2.40,3.20
2009.06.12 01:01:42.034,1.55575,1.5564,2.40,3.20
2009.06.12 01:01:44.234,1.5557,1.55635,2.40,3.20
2009.06.12 01:01:44.813,1.55575,1.5564,2.40,3.20
2009.06.12 01:01:48.223,1.5558,1.5564,2.40,3.20
2009.06.12 01:01:48.792,1.5558,1.5565,2.40,8.00
2009.06.12 01:01:55.501,1.5558,1.5564,1.60,3.20
2009.06.12 01:01:55.731,1.5557,1.5564,2.40,3.20
2009.06.12 01:01:56.761,1.55575,1.5564,2.40,3.20
2009.06.12 01:01:56.941,1.55575,1.55645,2.40,1.60
2009.06.12 01:01:57.401,1.55575,1.5565,2.40,8.00
2009.06.12 01:01:58.630,1.5558,1.5565,2.40,4.80
2009.06.12 01:01:59.220,1.5558,1.5565,2.40,3.20
2009.06.12 01:02:00.490,1.55575,1.5565,4.00,6.40
2009.06.12 01:02:00.949,1.5558,1.5565,2.40,4.80
2009.06.12 01:02:01.450,1.5558,1.5565,2.40,3.20
2009.06.12 01:02:02.029,1.5558,1.5563,1.60,1.60
2009.06.12 01:02:02.609,1.55535,1.5563,1.60,3.20
2009.06.12 01:02:02.899,1.5553,1.5563,1.60,3.20
2009.06.12 01:02:18.505,1.5554,1.5562,2.40,3.20
2009.06.12 01:02:19.045,1.5554,1.5562,2.40,1.60
2009.06.12 01:02:19.105,1.5554,1.5563,4.00,3.20
2009.06.12 01:02:33.712,1.5557,1.5565,1.60,3.20
2009.06.12 01:02:34.052,1.55555,1.5564,4.00,1.60
2009.06.12 01:02:34.171,1.5557,1.5565,1.60,4.80
2009.06.12 01:02:34.461,1.5556,1.5565,4.00,4.80
2009.06.12 01:02:34.931,1.5556,1.5565,4.00,3.20
2009.06.12 01:02:39.690,1.5557,1.5565,2.40,3.20
2009.06.12 01:03:22.360,1.5558,1.5565,1.60,3.20
2009.06.12 01:03:23.790,1.55575,1.5565,1.60,3.20
2009.06.12 01:03:30.298,1.5557,1.5565,2.40,3.20
2009.06.12 01:03:40.516,1.55575,1.5565,1.60,3.20
2009.06.12 01:03:44.694,1.5559,1.5565,2.40,3.20
2009.06.12 01:03:44.815,1.5559,1.5566,2.40,3.20
2009.06.12 01:03:50.153,1.55585,1.5566,4.00,6.40
2009.06.12 01:03:50.383,1.55595,1.5566,2.40,3.20
2009.06.12 01:03:50.563,1.5558,1.55655,4.00,3.20
2009.06.12 01:03:50.913,1.5558,1.55655,4.00,4.80
2009.06.12 01:03:51.143,1.55585,1.55655,2.40,1.60
2009.06.12 01:03:51.323,1.55585,1.5565,2.40,1.60
2009.06.12 01:03:51.563,1.55585,1.5566,2.40,8.00
2009.06.12 01:04:05.100,1.55585,1.55645,1.60,3.20
2009.06.12 01:04:05.549,1.55575,1.55635,1.60,3.20
2009.06.12 01:04:05.669,1.5556,1.5563,4.00,4.80
2009.06.12 01:04:07.059,1.55565,1.5563,2.40,4.80
2009.06.12 01:04:07.239,1.55565,1.55635,2.40,1.60
2009.06.12 01:04:14.947,1.55565,1.55635,1.60,4.80
2009.06.12 01:04:15.117,1.5556,1.5563,2.40,3.20
2009.06.12 01:04:15.477,1.5556,1.5563,2.40,4.80
2009.06.12 01:04:15.707,1.5557,1.5563,2.40,4.80
2009.06.12 01:04:16.057,1.5557,1.5563,2.40,1.60
2009.06.12 01:04:16.167,1.5557,1.55635,2.40,4.80
2009.06.12 01:04:26.485,1.55575,1.55635,2.40,1.60
2009.06.12 01:04:26.985,1.55575,1.5564,2.40,8.00
2009.06.12 01:04:36.262,1.5557,1.55635,2.40,3.20
2009.06.12 01:04:36.712,1.5557,1.55635,2.40,4.80
2009.06.12 01:04:42.061,1.55565,1.5563,2.40,3.20
2009.06.12 01:04:42.631,1.55565,1.5563,2.40,8.00
2009.06.12 01:04:46.190,1.55555,1.55625,4.00,3.20
2009.06.12 01:04:47.120,1.55555,1.55625,2.40,4.80
2009.06.12 01:04:48.890,1.5555,1.5562,4.00,3.20
2009.06.12 01:04:49.359,1.5555,1.5562,4.00,6.40
2009.06.12 01:04:49.649,1.5555,1.55615,1.60,3.20
2009.06.12 01:04:50.119,1.55535,1.5561,1.60,8.00
2009.06.12 01:04:50.509,1.55525,1.556,4.00,3.20
2009.06.12 01:04:50.929,1.55525,1.556,2.40,3.20
2009.06.12 01:04:51.329,1.55525,1.556,2.40,4.80
2009.06.12 01:04:51.679,1.55525,1.556,2.40,6.40
2009.06.12 01:04:52.518,1.55535,1.5559,2.40,3.20
2009.06.12 01:04:52.808,1.55535,1.55605,2.40,4.80
2009.06.12 01:04:56.397,1.5553,1.5559,2.40,4.80
2009.06.12 01:04:56.737,1.5553,1.556,2.40,8.00
2009.06.12 01:05:00.416,1.55525,1.5559,2.40,6.40
2009.06.12 01:05:00.876,1.55525,1.5559,2.40,3.20
2009.06.12 01:05:01.286,1.55535,1.5559,2.40,3.20
2009.06.12 01:05:01.396,1.55535,1.5559,2.40,1.60
2009.06.12 01:05:01.616,1.55535,1.55595,2.40,1.60
2009.06.12 01:05:01.786,1.55545,1.55595,2.40,1.60
2009.06.12 01:05:02.306,1.55545,1.5562,2.40,4.80
2009.06.12 01:05:02.596,1.5554,1.55615,2.40,3.20
2009.06.12 01:05:03.126,1.5554,1.55615,2.40,6.40
2009.06.12 01:05:03.545,1.5554,1.5561,2.40,8.00
2009.06.12 01:05:07.175,1.55545,1.5561,2.40,4.80
2009.06.12 01:05:07.515,1.55545,1.55615,2.40,4.80
2009.06.12 01:05:10.004,1.5555,1.55615,2.40,1.60
2009.06.12 01:05:10.294,1.5555,1.5562,2.40,4.80
2009.06.12 01:05:14.343,1.55555,1.5562,2.40,4.80
2009.06.12 01:05:14.753,1.55555,1.5562,2.40,3.20
2009.06.12 01:05:14.873,1.5556,1.55625,2.40,1.60
2009.06.12 01:05:15.283,1.5556,1.5563,2.40,4.80
2009.06.12 01:05:17.912,1.55555,1.55625,1.60,3.20
2009.06.12 01:05:18.412,1.55555,1.5563,2.40,8.00
2009.06.12 01:05:18.892,1.55545,1.5562,2.40,3.20
2009.06.12 01:05:20.052,1.55545,1.55615,2.40,3.20
2009.06.12 01:05:20.331,1.5555,1.55615,2.40,1.60
2009.06.12 01:05:20.611,1.5555,1.5562,2.40,4.80
2009.06.12 01:05:23.891,1.55555,1.5562,2.40,4.80
2009.06.12 01:05:24.241,1.55555,1.5562,2.40,1.60
2009.06.12 01:05:24.481,1.55555,1.55625,2.40,1.60
2009.06.12 01:05:27.000,1.5555,1.55625,2.40,4.80
2009.06.12 01:05:27.120,1.5555,1.5562,2.40,3.20
2009.06.12 01:05:27.240,1.5555,1.5562,2.40,4.80
2009.06.12 01:05:29.039,1.5556,1.5562,2.40,4.80
2009.06.12 01:05:29.559,1.5556,1.5563,2.40,3.20
2009.06.12 01:05:30.899,1.55565,1.5563,2.40,3.20
2009.06.12 01:05:31.179,1.5556,1.5563,2.40,3.20
2009.06.12 01:05:32.558,1.55565,1.55635,2.40,1.60
2009.06.12 01:05:32.889,1.5556,1.55635,2.40,4.80
2009.06.12 01:05:33.360,1.55565,1.5563,2.40,1.60
2009.06.12 01:05:33.878,1.55575,1.55635,2.40,1.60
2009.06.12 01:05:34.338,1.55575,1.5564,2.40,1.60
2009.06.12 01:05:34.848,1.5558,1.5565,2.40,4.80
2009.06.12 01:05:35.138,1.5558,1.5565,2.40,3.20
2009.06.12 01:05:37.717,1.55575,1.5565,2.40,6.40
2009.06.12 01:05:38.127,1.55575,1.55645,2.40,1.60
2009.06.12 01:05:40.617,1.5557,1.55645,3.20,1.60
2009.06.12 01:05:41.077,1.5557,1.5564,1.60,1.60
2009.06.12 01:05:41.196,1.55565,1.5564,2.40,3.20
2009.06.12 01:05:44.516,1.5557,1.5564,2.40,3.20
2009.06.12 01:05:44.916,1.5557,1.55645,2.40,1.60
2009.06.12 01:05:45.036,1.5557,1.5565,2.40,4.80
2009.06.12 01:05:46.315,1.5557,1.5565,2.40,3.20
2009.06.12 01:05:47.475,1.55575,1.5565,2.40,3.20
2009.06.12 01:05:59.822,1.5557,1.5565,2.40,3.20
2009.06.12 01:06:04.221,1.55575,1.5565,2.40,4.80
2009.06.12 01:06:04.781,1.55575,1.5565,2.40,3.20
2009.06.12 01:06:22.816,1.5557,1.5565,2.40,3.20
2009.06.12 01:06:23.436,1.55575,1.5565,2.40,3.20
2009.06.12 01:07:05.636,1.55575,1.55635,2.40,1.60
2009.06.12 01:07:20.323,1.5559,1.5563,2.40,1.60
2009.06.12 01:07:20.612,1.5558,1.5563,1.60,1.60
2009.06.12 01:07:20.972,1.55565,1.55635,2.40,1.60
2009.06.12 01:07:41.748,1.5557,1.55635,2.40,1.60
2009.06.12 01:07:42.098,1.5557,1.5563,2.40,1.60
2009.06.12 01:07:42.457,1.5557,1.55625,2.40,1.60
2009.06.12 01:07:45.168,1.55565,1.55625,2.40,1.60
2009.06.12 01:07:46.726,1.55565,1.5562,2.40,1.60
2009.06.12 01:08:01.493,1.55555,1.55625,2.40,1.60
2009.06.12 01:08:01.613,1.55555,1.5562,2.40,1.60
2009.06.12 01:08:02.073,1.55555,1.55625,2.40,1.60
2009.06.12 01:08:08.601,1.55525,1.556,5.60,1.60
2009.06.12 01:08:08.951,1.5553,1.556,2.40,1.60
2009.06.12 01:08:13.300,1.5552,1.556,5.60,1.60
2009.06.12 01:08:13.530,1.5552,1.556,4.00,1.60
2009.06.12 01:08:17.219,1.5552,1.5559,2.40,1.60
2009.06.12 01:08:17.829,1.5552,1.5558,2.40,1.60
2009.06.12 01:08:18.359,1.5551,1.5558,5.60,1.60
2009.06.12 01:08:18.888,1.5551,1.5558,2.40,1.60
2009.06.12 01:08:19.188,1.5552,1.5558,2.40,1.60
2009.06.12 01:08:33.325,1.55525,1.5558,2.40,1.60
2009.06.12 01:08:34.055,1.5552,1.5558,2.40,1.60
2009.06.12 01:08:35.794,1.55525,1.5558,2.40,1.60
2009.06.12 01:08:37.274,1.5552,1.5558,2.40,1.60
2009.06.12 01:08:37.564,1.5553,1.5558,2.40,1.60
2009.06.12 01:08:37.914,1.55525,1.5558,4.00,1.60
2009.06.12 01:08:38.224,1.55525,1.5558,2.40,1.60
2009.06.12 01:08:40.333,1.5553,1.55585,2.40,1.60
2009.06.12 01:08:40.503,1.5553,1.5559,2.40,1.60
2009.06.12 01:08:41.253,1.55535,1.5559,2.40,1.60
2009.06.12 01:08:41.603,1.55535,1.55595,2.40,1.60
2009.06.12 01:08:49.581,1.5553,1.55595,2.40,1.60
2009.06.12 01:08:50.141,1.5553,1.5559,2.40,1.60
2009.06.12 01:08:51.521,1.5552,1.55585,2.40,1.60
2009.06.12 01:08:52.160,1.5552,1.5559,2.40,1.60
2009.06.12 01:08:55.120,1.5553,1.5559,2.40,1.60
2009.06.12 01:09:07.287,1.55535,1.5559,2.40,1.60
2009.06.12 01:09:07.467,1.55535,1.55595,2.40,1.60
2009.06.12 01:09:12.236,1.5555,1.55595,2.40,1.60
2009.06.12 01:09:15.705,1.55555,1.55595,2.40,1.60
2009.06.12 01:09:16.255,1.55555,1.556,2.40,1.60
2009.06.12 01:09:16.554,1.5555,1.556,2.40,1.60
2009.06.12 01:09:16.665,1.5555,1.55595,2.40,1.60
2009.06.12 01:09:22.253,1.5554,1.55595,3.20,1.60
2009.06.12 01:09:22.813,1.5554,1.5561,3.20,1.60
2009.06.12 01:09:23.043,1.55535,1.5561,2.40,3.20
2009.06.12 01:09:23.393,1.5554,1.5561,2.40,3.20
2009.06.12 01:09:23.683,1.55545,1.5562,2.40,3.20
2009.06.12 01:09:30.321,1.5554,1.5562,2.40,3.20
2009.06.12 01:09:31.241,1.5553,1.55605,5.60,3.20
2009.06.12 01:09:31.711,1.5553,1.55585,2.40,1.60
2009.06.12 01:09:32.351,1.55525,1.55585,2.40,1.60
2009.06.12 01:09:33.001,1.55525,1.55575,2.40,1.60
2009.06.12 01:09:35.970,1.5553,1.55575,2.40,1.60
2009.06.12 01:09:36.470,1.55535,1.55575,2.40,1.60
2009.06.12 01:09:36.930,1.55535,1.55585,2.40,1.60
2009.06.12 01:09:40.919,1.5553,1.55585,2.40,1.60
2009.06.12 01:09:41.308,1.5553,1.5558,2.40,1.60
2009.06.12 01:09:41.819,1.55535,1.5558,2.40,1.60
2009.06.12 01:09:42.228,1.5553,1.5558,2.40,1.60
2009.06.12 01:09:42.399,1.5553,1.55585,2.40,1.60
2009.06.12 01:09:42.758,1.5553,1.55595,2.40,1.60
2009.06.12 01:09:43.168,1.5553,1.5559,2.40,1.60
2009.06.12 01:09:43.678,1.5554,1.5559,2.40,1.60
2009.06.12 01:09:45.408,1.55535,1.5559,2.40,1.60
2009.06.12 01:09:45.887,1.55535,1.55585,2.40,1.60
2009.06.12 01:09:56.365,1.5553,1.55585,2.40,1.60
2009.06.12 01:09:56.805,1.5553,1.5558,2.40,1.60
2009.06.12 01:10:00.243,1.5553,1.5558,2.40,1.60
2009.06.12 01:10:09.121,1.5553,1.55585,2.40,1.60
2009.06.12 01:10:11.750,1.5553,1.55575,2.40,1.60
2009.06.12 01:10:15.979,1.5552,1.55575,2.40,1.60
2009.06.12 01:10:16.329,1.5552,1.5556,2.40,1.60
2009.06.12 01:10:16.719,1.5552,1.55565,2.40,1.60
2009.06.12 01:10:22.058,1.5552,1.5557,2.40,1.60
2009.06.12 01:10:24.187,1.5552,1.55575,2.40,1.60
2009.06.12 01:10:24.347,1.5552,1.5558,2.40,1.60
2009.06.12 01:10:25.407,1.5551,1.5558,2.40,1.60
2009.06.12 01:10:25.757,1.5551,1.55575,2.40,1.60
2009.06.12 01:10:26.867,1.5552,1.55575,2.40,1.60
2009.06.12 01:10:27.497,1.5552,1.5558,2.40,1.60
2009.06.12 01:10:31.596,1.5553,1.5558,2.40,1.60
2009.06.12 01:10:31.946,1.5553,1.55615,2.40,1.60
2009.06.12 01:10:32.126,1.5553,1.5562,2.40,4.80
2009.06.12 01:10:34.525,1.5553,1.5561,2.40,3.20
2009.06.12 01:10:40.983,1.5552,1.55595,5.60,3.20
2009.06.12 01:10:41.284,1.5552,1.5559,4.00,3.20
2009.06.12 01:10:41.513,1.5552,1.5559,2.40,3.20
2009.06.12 01:10:48.292,1.55525,1.5559,2.40,3.20
2009.06.12 01:10:48.702,1.5553,1.5559,2.40,3.20
2009.06.12 01:10:48.881,1.5553,1.556,2.40,4.80
2009.06.12 01:10:49.111,1.5553,1.5561,2.40,4.80
2009.06.12 01:10:49.341,1.5553,1.5561,2.40,3.20
2009.06.12 01:10:52.850,1.5553,1.5561,2.40,4.80
2009.06.12 01:10:58.079,1.5553,1.5561,2.40,1.60
2009.06.12 01:11:26.103,1.5554,1.5561,2.40,1.60
2009.06.12 01:12:24.099,1.5554,1.55605,2.40,1.60
2009.06.12 01:12:24.339,1.5554,1.5561,2.40,4.80
2009.06.12 01:12:26.348,1.55555,1.5561,2.40,1.60
2009.06.12 01:12:26.628,1.5555,1.5562,2.40,1.60
2009.06.12 01:12:27.138,1.5556,1.5563,2.40,1.60
2009.06.12 01:12:27.588,1.5556,1.55635,2.40,4.80
2009.06.12 01:12:30.077,1.55565,1.5563,2.40,4.80
2009.06.12 01:12:35.666,1.5556,1.55625,2.40,3.20
2009.06.12 01:12:36.146,1.5556,1.55625,2.40,4.80
2009.06.12 01:12:36.776,1.55565,1.55625,2.40,1.60
2009.06.12 01:12:37.195,1.55565,1.5563,2.40,4.80
2009.06.12 01:12:37.365,1.55565,1.5563,2.40,6.40
2009.06.12 01:12:37.585,1.55565,1.5563,2.40,8.00
2009.06.12 01:12:38.055,1.55565,1.5563,2.40,4.80
2009.06.12 01:12:57.241,1.5557,1.5564,2.40,1.60
2009.06.12 01:12:57.760,1.5557,1.5565,2.40,3.20
2009.06.12 01:12:57.820,1.5557,1.5565,2.40,1.60
2009.06.12 01:12:58.050,1.5557,1.55655,2.40,4.80
2009.06.12 01:12:59.450,1.5557,1.5565,2.40,1.00
2009.06.12 01:12:59.630,1.55565,1.55625,1.60,3.20
2009.06.12 01:13:00.100,1.5554,1.55625,2.40,6.40
2009.06.12 01:13:00.450,1.5555,1.55625,2.40,3.20
2009.06.12 01:13:00.790,1.5555,1.5561,2.40,1.60
2009.06.12 01:13:01.190,1.55555,1.5562,2.40,8.00
2009.06.12 01:13:02.689,1.55555,1.55605,1.60,3.20
2009.06.12 01:13:02.809,1.55545,1.556,1.60,3.20
2009.06.12 01:13:02.989,1.5553,1.556,1.60,3.20
2009.06.12 01:13:03.549,1.5552,1.556,2.40,4.80
2009.06.12 01:13:05.369,1.5553,1.55595,2.40,1.60
2009.06.12 01:13:05.908,1.5554,1.556,2.40,1.60
2009.06.12 01:13:06.318,1.5554,1.5561,2.40,1.60
2009.06.12 01:13:09.498,1.55535,1.55605,2.40,3.20
2009.06.12 01:13:09.618,1.5554,1.5561,2.40,1.60
2009.06.12 01:13:09.967,1.55535,1.55605,2.40,3.20
2009.06.12 01:13:10.257,1.55535,1.55605,2.40,4.80
2009.06.12 01:13:10.957,1.5554,1.55605,2.40,1.60
2009.06.12 01:13:11.297,1.5554,1.5561,2.40,1.60
2009.06.12 01:13:24.374,1.55525,1.5561,1.60,4.80
2009.06.12 01:13:24.714,1.5551,1.55605,4.00,1.60
2009.06.12 01:13:25.224,1.5551,1.55605,2.40,1.60
2009.06.12 01:13:26.273,1.5551,1.556,2.40,3.20
2009.06.12 01:13:26.563,1.5551,1.556,2.40,4.80
2009.06.12 01:13:26.673,1.5551,1.55595,2.40,1.60
2009.06.12 01:13:34.942,1.55525,1.55595,2.40,1.60
2009.06.12 01:13:35.691,1.55525,1.556,2.40,4.80
2009.06.12 01:13:38.151,1.55535,1.556,2.40,1.60
2009.06.12 01:13:38.591,1.55535,1.55605,2.40,4.80
2009.06.12 01:13:40.020,1.5554,1.55605,2.40,1.60
2009.06.12 01:13:40.310,1.5553,1.5561,4.00,4.80
2009.06.12 01:13:40.650,1.5553,1.556,2.40,3.20
2009.06.12 01:13:41.000,1.55535,1.556,2.40,1.60
2009.06.12 01:13:41.520,1.5553,1.556,2.40,3.20
2009.06.12 01:13:41.910,1.5553,1.556,2.40,4.80
2009.06.12 01:13:45.499,1.55535,1.556,2.40,1.60
2009.06.12 01:13:45.779,1.55535,1.55605,2.40,4.80
2009.06.12 01:13:47.498,1.5553,1.55605,2.40,1.60
2009.06.12 01:13:47.879,1.55535,1.55605,2.40,4.80
2009.06.12 01:13:47.929,1.55535,1.55605,2.40,3.20
2009.06.12 01:13:48.388,1.55535,1.55605,2.40,4.80
2009.06.12 01:13:49.118,1.5553,1.556,2.40,4.80
2009.06.12 01:13:49.878,1.5553,1.556,2.40,3.20
2009.06.12 01:13:50.048,1.5553,1.556,2.40,4.80
2009.06.12 01:13:53.147,1.55535,1.556,2.40,1.60
2009.06.12 01:13:53.510,1.5553,1.556,2.40,1.60
2009.06.12 01:13:53.867,1.5553,1.5561,2.40,4.80
2009.06.12 01:13:55.616,1.5553,1.556,2.40,3.20
2009.06.12 01:13:55.966,1.5553,1.556,2.40,4.80
2009.06.12 01:13:57.416,1.55535,1.556,2.40,1.60
2009.06.12 01:13:57.706,1.55535,1.55605,2.40,4.80
2009.06.12 01:14:04.244,1.5553,1.556,2.40,3.20
2009.06.12 01:14:04.534,1.5553,1.556,2.40,4.80
2009.06.12 01:14:05.924,1.55535,1.556,2.40,1.60
2009.06.12 01:14:06.264,1.55535,1.55605,2.40,4.80
2009.06.12 01:14:07.254,1.55545,1.55605,2.40,1.60
2009.06.12 01:14:07.723,1.55545,1.5561,2.40,8.00
2009.06.12 01:14:09.283,1.55545,1.5561,2.40,6.40
2009.06.12 01:14:09.343,1.55545,1.5561,2.40,4.80
2009.06.12 01:14:09.823,1.55545,1.5561,2.40,6.40
2009.06.12 01:14:09.883,1.55545,1.5561,2.40,8.00
2009.06.12 01:14:10.233,1.5554,1.55605,2.40,3.20
2009.06.12 01:14:10.913,1.5554,1.55605,2.40,4.80
2009.06.12 01:14:11.433,1.5553,1.556,2.40,3.20
2009.06.12 01:14:11.893,1.5553,1.556,2.40,4.80
2009.06.12 01:14:13.492,1.5553,1.556,2.40,1.60
2009.06.12 01:14:13.892,1.5553,1.55615,2.40,1.60
2009.06.12 01:14:14.192,1.5553,1.5564,2.40,1.60
2009.06.12 01:14:14.432,1.5553,1.55645,2.40,4.80
2009.06.12 01:14:18.371,1.5553,1.5564,4.00,3.20
2009.06.12 01:14:18.721,1.5553,1.5564,2.40,4.80
2009.06.12 01:14:20.610,1.5554,1.5564,2.40,1.60
2009.06.12 01:14:21.310,1.5554,1.55645,2.40,4.80
2009.06.12 01:14:21.660,1.5554,1.5562,3.20,3.20
2009.06.12 01:14:21.780,1.5554,1.5562,1.60,3.20
2009.06.12 01:14:22.130,1.5554,1.5562,2.40,1.60
2009.06.12 01:14:22.710,1.5554,1.5561,2.40,1.60
2009.06.12 01:14:29.618,1.55545,1.5561,2.40,1.60
2009.06.12 01:14:30.088,1.5554,1.5561,2.40,1.60
2009.06.12 01:14:30.368,1.55545,1.55615,2.40,1.60
2009.06.12 01:14:35.167,1.55545,1.5562,2.40,4.80
2009.06.12 01:14:39.236,1.55545,1.55615,2.40,1.60
2009.06.12 01:14:41.226,1.5554,1.55615,2.40,4.80
2009.06.12 01:14:41.736,1.5553,1.5561,4.00,4.80
2009.06.12 01:14:42.075,1.5553,1.5561,2.40,4.80
2009.06.12 01:14:44.225,1.5554,1.5561,2.40,1.60
2009.06.12 01:14:45.664,1.55535,1.556,1.60,1.60
2009.06.12 01:14:45.904,1.5547,1.55605,1.60,4.80
2009.06.12 01:14:46.254,1.5547,1.556,1.60,11.20
2009.06.12 01:14:46.474,1.5546,1.556,2.40,11.20
2009.06.12 01:14:54.822,1.5548,1.556,2.40,3.20
2009.06.12 01:14:55.002,1.5548,1.55605,4.00,11.20
2009.06.12 01:14:56.712,1.55475,1.556,4.00,11.20
2009.06.12 01:14:57.342,1.55475,1.556,2.40,11.20
2009.06.12 01:14:57.881,1.55485,1.556,1.60,11.20
2009.06.12 01:14:58.331,1.555,1.556,2.40,11.20
2009.06.12 01:14:58.681,1.555,1.5561,2.40,4.80
2009.06.12 01:14:58.981,1.555,1.5561,2.40,3.20
2009.06.12 01:15:01.950,1.55505,1.55615,2.40,4.80
2009.06.12 01:15:08.359,1.5551,1.5562,1.60,17.60
2009.06.12 01:15:09.529,1.555,1.5562,4.00,17.60
2009.06.12 01:15:13.737,1.555,1.5561,4.00,3.20
2009.06.12 01:15:14.437,1.555,1.55605,2.40,1.60
2009.06.12 01:15:15.307,1.55505,1.55605,1.60,1.60
2009.06.12 01:15:15.597,1.5552,1.55605,1.60,1.60
2009.06.12 01:15:15.827,1.55535,1.5561,2.40,1.60
2009.06.12 01:15:25.814,1.55475,1.556,2.40,11.20
2009.06.12 01:15:34.633,1.55475,1.55585,2.40,3.20
2009.06.12 01:15:34.863,1.55475,1.55585,2.40,4.80
2009.06.12 01:15:42.032,1.5548,1.5558,2.40,1.60
2009.06.12 01:15:42.211,1.5548,1.55585,2.40,4.80
2009.06.12 01:15:45.020,1.5548,1.5558,2.40,1.60
2009.06.12 01:15:45.890,1.55485,1.55585,2.40,1.60
2009.06.12 01:15:46.290,1.55485,1.5559,2.40,8.00
2009.06.12 01:15:49.689,1.55485,1.5559,2.40,4.80
2009.06.12 01:15:50.219,1.55485,1.5559,4.00,4.80
2009.06.12 01:15:51.488,1.5549,1.55585,1.60,3.20
2009.06.12 01:15:52.128,1.5548,1.55585,4.00,4.80
2009.06.12 01:15:53.398,1.5548,1.55585,4.00,1.60
2009.06.12 01:15:53.808,1.5548,1.5559,5.60,3.20
2009.06.12 01:15:54.038,1.5548,1.5563,5.60,2.80
2009.06.12 01:15:55.148,1.55495,1.5562,1.60,2.80
2009.06.12 01:15:55.208,1.5551,1.5562,2.40,2.80
2009.06.12 01:15:55.268,1.5551,1.55615,2.40,11.20
2009.06.12 01:15:55.738,1.5551,1.55615,2.40,3.20
2009.06.12 01:15:56.017,1.5551,1.55625,2.40,16.00
2009.06.12 01:15:56.607,1.5556,1.55625,2.40,4.80
2009.06.12 01:15:56.837,1.5557,1.55625,2.40,1.60
2009.06.12 01:15:57.137,1.55575,1.5564,2.40,1.60
2009.06.12 01:15:57.247,1.55575,1.55645,2.40,1.60
2009.06.12 01:15:57.427,1.55575,1.5566,2.40,1.60
2009.06.12 01:15:57.817,1.5559,1.55665,2.40,1.60
2009.06.12 01:16:07.255,1.5559,1.5567,2.40,1.60
2009.06.12 01:16:13.423,1.55585,1.5566,2.40,3.20
2009.06.12 01:16:13.943,1.55585,1.5566,2.40,4.80
2009.06.12 01:16:24.091,1.55565,1.5564,4.00,3.20
2009.06.12 01:16:24.451,1.5557,1.55635,2.40,1.60
2009.06.12 01:16:24.801,1.5557,1.5564,2.40,1.60
2009.06.12 01:16:25.600,1.55565,1.5564,2.40,4.80
2009.06.12 01:16:26.180,1.5557,1.55635,2.40,1.60
2009.06.12 01:16:26.520,1.55565,1.55635,2.40,1.60
2009.06.12 01:16:28.999,1.5557,1.55635,2.40,1.60
2009.06.12 01:16:29.109,1.5557,1.5564,2.40,1.60
2009.06.12 01:16:31.209,1.55565,1.5564,2.40,4.80
2009.06.12 01:16:31.849,1.55565,1.55635,2.40,1.60
2009.06.12 01:16:38.197,1.5557,1.55635,2.40,1.60
2009.06.12 01:16:38.609,1.5557,1.5564,2.40,1.60
2009.06.12 01:16:38.787,1.5557,1.5565,2.40,1.60
2009.06.12 01:16:39.237,1.5557,1.55645,2.40,1.60
2009.06.12 01:16:39.457,1.5557,1.5565,2.40,1.60
2009.06.12 01:16:46.755,1.5557,1.55645,2.40,3.20
2009.06.12 01:16:47.155,1.5557,1.5564,2.40,1.60
2009.06.12 01:17:10.200,1.55575,1.5564,2.40,1.60
2009.06.12 01:17:10.760,1.55575,1.55645,2.40,1.60
2009.06.12 01:17:12.339,1.5557,1.55645,2.40,4.80
2009.06.12 01:17:12.639,1.55575,1.5564,2.40,1.60
2009.06.12 01:17:12.939,1.55575,1.55645,2.40,1.60
2009.06.12 01:17:13.519,1.5557,1.55645,2.40,1.60
2009.06.12 01:17:13.809,1.5558,1.55645,2.40,1.60
2009.06.12 01:17:14.229,1.55575,1.5568,2.40,8.00
2009.06.12 01:17:14.908,1.55575,1.55675,2.40,1.60
2009.06.12 01:17:15.488,1.5558,1.55665,2.40,1.60
2009.06.12 01:17:15.768,1.55575,1.5567,2.40,4.80
2009.06.12 01:17:16.008,1.5558,1.5567,2.40,3.20
2009.06.12 01:17:16.468,1.5558,1.55665,2.40,1.60
2009.06.12 01:17:16.768,1.5558,1.5567,2.40,1.60
2009.06.12 01:17:34.334,1.55575,1.5566,2.40,3.20
2009.06.12 01:17:34.963,1.55575,1.5566,2.40,4.80
2009.06.12 01:17:47.491,1.55575,1.5565,2.40,1.60
2009.06.12 01:17:47.770,1.55575,1.55645,2.40,1.60
2009.06.12 01:17:52.299,1.5557,1.55645,2.40,1.60
2009.06.12 01:17:52.749,1.5557,1.5564,2.40,1.60
2009.06.12 01:17:52.969,1.55565,1.55635,2.40,1.60
2009.06.12 01:17:57.508,1.55565,1.5563,2.40,1.60
2009.06.12 01:17:57.568,1.55565,1.55635,2.40,1.60
2009.06.12 01:17:58.768,1.5556,1.5563,1.60,1.60
2009.06.12 01:17:59.368,1.55555,1.55615,2.40,1.60
2009.06.12 01:17:59.878,1.55555,1.5562,2.40,1.60
2009.06.12 01:18:09.055,1.5554,1.55615,4.00,1.60
2009.06.12 01:18:09.465,1.55535,1.55615,1.60,1.60
2009.06.12 01:18:09.885,1.5553,1.5561,2.40,1.60
2009.06.12 01:18:12.425,1.5553,1.55605,2.40,1.60
2009.06.12 01:18:16.284,1.5554,1.55605,2.40,1.60
2009.06.12 01:18:16.634,1.55535,1.55605,2.40,1.60
2009.06.12 01:18:17.363,1.55535,1.556,2.40,1.60
2009.06.12 01:18:21.362,1.5553,1.556,2.40,1.60
2009.06.12 01:18:21.883,1.5553,1.55595,2.40,1.60
2009.06.12 01:18:24.102,1.5552,1.55595,2.40,1.60
2009.06.12 01:18:24.721,1.5552,1.5559,2.40,1.60
2009.06.12 01:18:31.750,1.55515,1.5559,1.60,4.80
2009.06.12 01:18:31.980,1.5549,1.55585,2.40,1.60
2009.06.12 01:18:32.270,1.5549,1.5559,2.40,4.80
2009.06.12 01:18:34.549,1.5549,1.55575,4.00,3.20
2009.06.12 01:18:34.789,1.5549,1.55575,2.40,4.80
2009.06.12 01:18:50.345,1.55485,1.5556,4.00,3.20
2009.06.12 01:18:50.815,1.55485,1.5556,2.40,4.80
2009.06.12 01:18:53.985,1.5548,1.55555,2.40,3.20
2009.06.12 01:18:54.315,1.5548,1.55555,2.40,4.80
2009.06.12 01:18:58.464,1.55475,1.5555,2.40,3.20
2009.06.12 01:18:58.573,1.55475,1.55545,1.60,3.20
2009.06.12 01:18:58.814,1.55475,1.55545,2.40,1.60
2009.06.12 01:19:01.013,1.5548,1.55545,2.40,1.60
2009.06.12 01:19:01.353,1.5548,1.55555,2.40,4.80
2009.06.12 01:19:02.223,1.55485,1.55555,2.40,1.60
2009.06.12 01:19:02.342,1.55485,1.5556,2.40,4.80
2009.06.12 01:19:02.742,1.5549,1.5556,2.40,1.60
2009.06.12 01:19:03.262,1.5549,1.55565,2.40,1.60
2009.06.12 01:19:03.662,1.5549,1.5557,2.40,4.80
2009.06.12 01:19:04.062,1.555,1.5557,2.40,4.80
2009.06.12 01:19:06.242,1.555,1.5557,2.40,1.60
2009.06.12 01:19:06.822,1.555,1.5557,2.40,4.80
2009.06.12 01:19:07.111,1.555,1.5557,2.40,3.20
2009.06.12 01:19:07.291,1.555,1.5557,2.40,4.80
2009.06.12 01:19:09.151,1.555,1.55565,2.40,1.60
2009.06.12 01:19:35.374,1.555,1.556,2.40,1.60
2009.06.12 01:19:48.611,1.55505,1.5559,2.40,1.60
2009.06.12 01:19:48.672,1.55505,1.55585,2.40,1.60
2009.06.12 01:19:48.841,1.55505,1.55595,2.40,1.60
2009.06.12 01:19:49.131,1.55505,1.556,2.40,1.60
2009.06.12 01:19:49.461,1.55505,1.55605,2.40,1.60
2009.06.12 01:19:54.900,1.55505,1.556,2.40,1.60
2009.06.12 01:19:55.540,1.555,1.5558,2.40,3.20
2009.06.12 01:19:55.780,1.555,1.5558,2.40,4.80
2009.06.12 01:19:55.950,1.555,1.55575,2.40,1.60
2009.06.12 01:20:05.117,1.555,1.5557,2.40,4.80
2009.06.12 01:20:05.537,1.555,1.55565,2.40,1.60
2009.06.12 01:20:06.397,1.55505,1.55565,2.40,1.60
2009.06.12 01:20:06.917,1.55505,1.5557,2.40,1.60
2009.06.12 01:20:08.647,1.5551,1.5557,2.40,1.60
2009.06.12 01:20:09.117,1.55505,1.5557,2.40,1.60
2009.06.12 01:20:09.227,1.5551,1.5558,2.40,1.60
2009.06.12 01:20:09.576,1.5552,1.55585,2.40,1.60
2009.06.12 01:20:12.346,1.5551,1.55585,4.00,1.60
2009.06.12 01:20:12.865,1.5551,1.55585,2.40,1.60
2009.06.12 01:20:15.155,1.5552,1.55585,2.40,1.60
2009.06.12 01:20:16.805,1.5551,1.55585,2.40,1.60
2009.06.12 01:20:17.155,1.5552,1.55585,2.40,1.60
2009.06.12 01:20:23.003,1.5552,1.556,2.40,1.60
2009.06.12 01:20:24.263,1.5552,1.55595,2.40,1.60
2009.06.12 01:20:25.113,1.5553,1.55595,2.40,1.60
2009.06.12 01:20:25.462,1.5552,1.55595,2.40,1.60
2009.06.12 01:20:25.743,1.55525,1.55595,1.60,1.60
2009.06.12 01:20:26.092,1.55515,1.556,1.60,1.60
2009.06.12 01:20:26.442,1.555,1.556,1.60,1.60
2009.06.12 01:20:26.902,1.55495,1.556,8.00,1.60
2009.06.12 01:20:27.072,1.5548,1.556,2.40,1.60
2009.06.12 01:20:27.422,1.55505,1.556,2.40,1.60
2009.06.12 01:20:27.592,1.55485,1.556,1.60,1.60
2009.06.12 01:20:28.002,1.55505,1.556,2.40,1.60
2009.06.12 01:20:28.532,1.5552,1.55595,2.40,1.60
2009.06.12 01:20:36.110,1.5552,1.5559,2.40,1.60
2009.06.12 01:20:38.170,1.55525,1.55595,2.40,1.60
2009.06.12 01:20:38.570,1.55525,1.556,2.40,1.60
2009.06.12 01:20:47.987,1.55515,1.556,1.60,4.80
2009.06.12 01:20:48.107,1.5551,1.5559,2.40,1.60
2009.06.12 01:20:48.577,1.55525,1.556,2.40,1.60
2009.06.12 01:20:49.037,1.55525,1.55605,2.40,1.60
2009.06.12 01:20:50.276,1.55525,1.55605,1.60,1.60
2009.06.12 01:20:50.716,1.5548,1.556,2.40,1.60
2009.06.12 01:20:56.085,1.55535,1.55615,2.40,1.60
2009.06.12 01:20:56.305,1.55535,1.55625,2.40,1.60
2009.06.12 01:21:00.914,1.5553,1.55625,2.40,1.60
2009.06.12 01:21:01.204,1.5553,1.5562,2.40,1.60
2009.06.12 01:21:01.484,1.55535,1.5562,2.40,1.60
2009.06.12 01:21:01.774,1.55535,1.55625,2.40,1.60
2009.06.12 01:21:06.653,1.5553,1.55625,2.40,1.60
2009.06.12 01:21:07.003,1.5553,1.5562,2.40,1.60
2009.06.12 01:21:12.742,1.55525,1.5562,1.60,1.60
2009.06.12 01:21:13.031,1.5552,1.5562,1.60,1.60
2009.06.12 01:21:13.371,1.55515,1.55615,2.40,1.60
2009.06.12 01:21:16.260,1.55515,1.55615,2.40,1.60
2009.06.12 01:21:16.610,1.5551,1.5559,9.60,3.20
2009.06.12 01:21:16.880,1.55505,1.5559,2.40,3.20
2009.06.12 01:21:17.170,1.55505,1.5559,2.40,4.80
2009.06.12 01:21:19.139,1.55515,1.5559,2.40,4.80
2009.06.12 01:21:19.539,1.55505,1.5558,2.40,3.20
2009.06.12 01:21:19.769,1.55505,1.5558,2.40,4.80
2009.06.12 01:21:24.368,1.55515,1.5558,2.40,4.80
2009.06.12 01:21:29.857,1.55505,1.5558,2.40,4.80
2009.06.12 01:21:33.866,1.55495,1.5557,1.60,3.20
2009.06.12 01:21:34.156,1.55495,1.5558,1.60,4.80
2009.06.12 01:21:34.206,1.55495,1.55575,1.60,11.20
2009.06.12 01:21:34.436,1.5544,1.55575,2.40,11.20
2009.06.12 01:21:34.496,1.5546,1.55575,2.40,14.40
2009.06.12 01:21:35.096,1.5546,1.55575,2.40,4.80
2009.06.12 01:21:36.576,1.555,1.55575,2.40,1.60
2009.06.12 01:21:36.925,1.555,1.5558,2.40,4.80
2009.06.12 01:21:39.125,1.5551,1.55575,2.40,4.80
2009.06.12 01:21:41.074,1.55515,1.55575,2.40,1.60
2009.06.12 01:21:41.664,1.55515,1.5559,2.40,4.80
2009.06.12 01:21:42.005,1.55515,1.5559,2.40,8.00
2009.06.12 01:21:52.271,1.55485,1.5558,2.40,6.40
2009.06.12 01:21:52.382,1.55485,1.5558,2.40,4.80
2009.06.12 01:22:03.899,1.5548,1.55575,1.60,3.20
2009.06.12 01:22:04.069,1.55475,1.55575,1.60,6.40
2009.06.12 01:22:04.189,1.55475,1.55575,1.60,14.40
2009.06.12 01:22:04.428,1.5546,1.55575,2.40,16.00
2009.06.12 01:22:10.137,1.55485,1.55585,1.60,4.80
2009.06.12 01:22:10.487,1.55485,1.55585,1.60,3.20
2009.06.12 01:22:10.607,1.5547,1.55585,2.40,3.20
2009.06.12 01:22:17.125,1.5547,1.5559,4.00,1.60
2009.06.12 01:22:17.475,1.5547,1.55595,4.00,1.60
2009.06.12 01:22:17.526,1.5547,1.556,4.00,11.20
2009.06.12 01:22:25.844,1.55465,1.55595,2.40,11.20
2009.06.12 01:22:27.913,1.5547,1.556,4.00,12.80
2009.06.12 01:22:28.303,1.5547,1.556,2.40,14.40
2009.06.12 01:22:28.773,1.5547,1.55595,2.40,11.20
2009.06.12 01:22:29.413,1.55465,1.55595,2.40,14.40
2009.06.12 01:22:29.763,1.55465,1.5559,2.40,8.00
2009.06.12 01:22:29.932,1.55465,1.5559,2.40,11.20
2009.06.12 01:22:31.342,1.5548,1.55585,2.40,11.20
2009.06.12 01:22:31.752,1.5548,1.55585,2.40,8.00
2009.06.12 01:22:31.932,1.5548,1.5559,2.40,4.80
2009.06.12 01:22:34.421,1.5548,1.55585,2.40,3.20
2009.06.12 01:22:34.591,1.5548,1.55585,2.40,4.80
2009.06.12 01:22:37.401,1.55475,1.5557,2.40,3.20
2009.06.12 01:22:37.820,1.55475,1.5557,2.40,4.80
2009.06.12 01:22:39.370,1.5548,1.5556,2.40,1.60
2009.06.12 01:22:40.130,1.55485,1.55565,2.40,1.60
2009.06.12 01:22:40.470,1.5548,1.55565,2.40,3.20
2009.06.12 01:22:40.800,1.5548,1.55565,2.40,4.80
2009.06.12 01:22:50.138,1.55475,1.5556,4.00,3.20
2009.06.12 01:22:50.608,1.55475,1.5556,2.40,4.80
2009.06.12 01:22:51.977,1.55475,1.5556,2.40,1.60
2009.06.12 01:22:52.217,1.55475,1.55565,2.40,1.60
2009.06.12 01:22:52.667,1.55475,1.5557,2.40,4.80
2009.06.12 01:22:53.107,1.55485,1.5557,2.40,4.80
2009.06.12 01:22:58.476,1.5548,1.5557,1.60,4.80
2009.06.12 01:22:58.776,1.55485,1.5557,1.60,4.80
2009.06.12 01:22:58.895,1.5545,1.5557,2.40,4.80
2009.06.12 01:23:00.865,1.55475,1.5557,2.40,4.80
2009.06.12 01:23:02.105,1.5548,1.55565,1.60,3.20
2009.06.12 01:23:02.325,1.5548,1.55565,2.40,4.80
2009.06.12 01:23:07.344,1.55485,1.55565,2.40,1.60
2009.06.12 01:23:07.983,1.55485,1.5557,2.40,4.80
2009.06.12 01:23:12.462,1.5548,1.55565,2.40,3.20
2009.06.12 01:23:12.702,1.5548,1.55565,2.40,4.80
2009.06.12 01:23:24.709,1.55465,1.5555,4.00,3.20
2009.06.12 01:23:25.279,1.5546,1.55545,2.40,4.80
2009.06.12 01:23:25.399,1.5546,1.55545,4.00,4.80
2009.06.12 01:23:25.669,1.5548,1.55545,2.40,1.60
2009.06.12 01:23:26.009,1.5547,1.5554,1.60,3.20
2009.06.12 01:23:26.349,1.55465,1.5554,1.60,3.20
2009.06.12 01:23:26.699,1.55485,1.5554,2.40,1.60
2009.06.12 01:23:27.099,1.55485,1.5555,2.40,4.80
2009.06.12 01:23:27.799,1.55475,1.5554,2.40,3.20
2009.06.12 01:23:28.488,1.55475,1.5554,2.40,4.80
2009.06.12 01:23:29.128,1.55485,1.5554,2.40,4.80
2009.06.12 01:23:29.418,1.55485,1.5554,2.40,3.20
2009.06.12 01:23:29.768,1.5549,1.5554,2.40,3.20
2009.06.12 01:23:30.238,1.5548,1.55535,3.20,3.20
2009.06.12 01:23:30.288,1.55465,1.55535,2.40,1.60
2009.06.12 01:23:31.048,1.55465,1.55545,2.40,4.80
2009.06.12 01:23:32.097,1.55455,1.55545,4.00,4.80
2009.06.12 01:23:32.318,1.55455,1.5554,4.00,3.20
2009.06.12 01:23:32.767,1.55455,1.5554,2.40,3.20
2009.06.12 01:23:32.937,1.55455,1.5554,2.40,4.80
2009.06.12 01:23:33.937,1.55465,1.5554,2.40,4.80
2009.06.12 01:23:36.197,1.55465,1.5553,2.40,4.80
2009.06.12 01:23:36.547,1.55465,1.5553,2.40,1.60
2009.06.12 01:23:37.076,1.5547,1.55535,2.40,1.60
2009.06.12 01:23:37.426,1.5546,1.5553,2.40,3.20
2009.06.12 01:23:37.786,1.5546,1.5553,2.40,4.80
2009.06.12 01:23:40.176,1.55465,1.5553,2.40,1.60
2009.06.12 01:23:40.566,1.55465,1.55535,2.40,4.80
2009.06.12 01:23:41.085,1.5548,1.55535,2.40,1.60
2009.06.12 01:23:41.375,1.5547,1.55535,1.60,4.80
2009.06.12 01:23:41.785,1.5547,1.5553,1.60,6.40
2009.06.12 01:23:42.015,1.55455,1.5553,2.40,3.20
2009.06.12 01:23:42.465,1.5548,1.55535,2.40,1.60
2009.06.12 01:23:42.695,1.5547,1.55535,1.60,4.80
2009.06.12 01:23:42.975,1.55455,1.55535,2.40,4.80
2009.06.12 01:23:43.275,1.5546,1.55535,2.40,1.60
2009.06.12 01:23:43.785,1.55465,1.55535,2.40,3.20
2009.06.12 01:23:44.135,1.5547,1.55535,2.40,1.60
2009.06.12 01:23:44.365,1.55465,1.55535,2.40,3.20
2009.06.12 01:23:44.845,1.5547,1.55535,2.40,1.60
2009.06.12 01:23:45.084,1.5547,1.5554,2.40,4.80
2009.06.12 01:23:47.144,1.55475,1.5554,2.40,1.60
2009.06.12 01:23:47.434,1.55475,1.55545,2.40,1.60
2009.06.12 01:23:59.541,1.5547,1.5554,2.40,1.60
2009.06.12 01:24:00.001,1.5547,1.5554,2.40,4.80
2009.06.12 01:24:13.008,1.55465,1.55535,2.40,3.20
2009.06.12 01:24:13.818,1.55465,1.55535,2.40,4.80
2009.06.12 01:24:17.357,1.55465,1.55535,2.40,3.20
2009.06.12 01:24:17.876,1.55465,1.55535,2.40,4.80
2009.06.12 01:24:20.936,1.5546,1.5553,2.40,6.40
2009.06.12 01:24:21.446,1.5546,1.5553,2.40,8.00
2009.06.12 01:24:24.445,1.55445,1.5552,4.00,6.40
2009.06.12 01:24:24.775,1.55455,1.5552,2.40,1.60
2009.06.12 01:24:25.055,1.5547,1.55525,2.40,1.60
2009.06.12 01:24:25.354,1.55465,1.55525,1.60,4.80
2009.06.12 01:24:25.635,1.55465,1.55525,3.20,3.20
2009.06.12 01:24:25.865,1.5545,1.55525,2.40,4.80
2009.06.12 01:24:32.283,1.55445,1.55525,2.40,4.80
2009.06.12 01:24:36.063,1.55455,1.55525,2.40,4.80
2009.06.12 01:24:41.871,1.55455,1.55525,2.40,1.60
2009.06.12 01:24:42.321,1.55455,1.55525,2.40,4.80
2009.06.12 01:24:42.611,1.55455,1.55525,2.40,3.20
2009.06.12 01:24:42.900,1.55455,1.55525,2.40,4.80
2009.06.12 01:24:44.340,1.55445,1.55525,4.00,4.80
2009.06.12 01:24:44.520,1.55445,1.55525,2.40,4.80
2009.06.12 01:24:46.550,1.55455,1.55525,2.40,4.80
2009.06.12 01:24:49.449,1.55445,1.5552,2.40,4.80
2009.06.12 01:24:49.509,1.55445,1.5552,2.40,6.40
2009.06.12 01:24:49.969,1.55445,1.5552,2.40,8.00
2009.06.12 01:24:50.329,1.5546,1.5552,2.40,4.80
2009.06.12 01:24:50.679,1.55455,1.5552,1.60,6.40
2009.06.12 01:24:50.859,1.5546,1.5552,2.40,4.80
2009.06.12 01:24:51.148,1.5546,1.55525,2.40,1.60
2009.06.12 01:24:51.608,1.5547,1.5553,2.40,3.20
2009.06.12 01:24:52.448,1.55465,1.5553,2.40,3.20
2009.06.12 01:24:52.808,1.55465,1.5553,2.40,4.80
2009.06.12 01:24:53.528,1.55465,1.5552,2.40,1.60
2009.06.12 01:24:53.648,1.5546,1.5552,2.40,3.20
2009.06.12 01:25:02.556,1.55475,1.55545,2.40,3.20
2009.06.12 01:25:03.186,1.55475,1.55545,2.40,4.80
2009.06.12 01:25:07.845,1.55465,1.5554,2.40,3.20
2009.06.12 01:25:07.964,1.55465,1.5554,2.40,4.80
2009.06.12 01:25:08.314,1.5548,1.5554,2.40,1.60
2009.06.12 01:25:08.724,1.5548,1.55545,2.40,4.80
2009.06.12 01:25:10.344,1.55485,1.55545,2.40,1.60
2009.06.12 01:25:10.674,1.55475,1.55545,2.40,3.20
2009.06.12 01:25:11.134,1.55475,1.55545,2.40,4.80
2009.06.12 01:25:12.403,1.55465,1.5554,2.40,3.20
2009.06.12 01:25:12.573,1.55465,1.5554,2.40,8.00
2009.06.12 01:25:12.693,1.5548,1.5554,2.40,4.80
2009.06.12 01:25:13.153,1.5548,1.55545,2.40,4.80
2009.06.12 01:25:17.762,1.55485,1.55545,2.40,1.60
2009.06.12 01:25:18.222,1.55485,1.5555,2.40,4.80
2009.06.12 01:25:18.382,1.55475,1.55545,2.40,3.20
2009.06.12 01:25:18.602,1.55475,1.55545,2.40,4.80
2009.06.12 01:25:18.992,1.5548,1.55545,2.40,1.60
2009.06.12 01:25:19.342,1.5548,1.5555,2.40,4.80
2009.06.12 01:25:19.581,1.5548,1.5555,2.40,8.00
2009.06.12 01:25:20.881,1.55485,1.5555,2.40,1.60
2009.06.12 01:25:21.231,1.55485,1.55555,2.40,4.80
2009.06.12 01:25:22.291,1.55485,1.55555,2.40,1.60
2009.06.12 01:25:22.641,1.55485,1.55565,2.40,4.80
2009.06.12 01:25:23.111,1.55495,1.55565,2.40,1.60
2009.06.12 01:25:23.461,1.5549,1.55565,1.60,1.60
2009.06.12 01:25:23.581,1.5549,1.5557,1.60,3.20
2009.06.12 01:25:23.981,1.5545,1.5557,2.40,4.80
2009.06.12 01:25:26.690,1.55455,1.5556,2.40,3.20
2009.06.12 01:25:27.071,1.55455,1.5556,2.40,4.80
2009.06.12 01:25:28.050,1.55445,1.5556,4.00,4.80
2009.06.12 01:25:28.230,1.5545,1.5556,1.60,8.00
2009.06.12 01:25:29.099,1.55445,1.5555,1.60,1.60
2009.06.12 01:25:29.210,1.55465,1.55555,2.40,1.60
2009.06.12 01:25:29.329,1.55455,1.5556,1.60,17.60
2009.06.12 01:25:29.619,1.55465,1.5556,2.40,4.80
2009.06.12 01:25:31.099,1.55485,1.55565,2.40,4.80
2009.06.12 01:25:45.825,1.55485,1.55555,2.40,3.20
2009.06.12 01:25:46.185,1.55485,1.55555,2.40,4.80
2009.06.12 01:25:55.163,1.55495,1.55555,2.40,1.60
2009.06.12 01:25:55.623,1.55495,1.5556,2.40,4.80
2009.06.12 01:26:15.908,1.55505,1.55565,2.40,1.60
2009.06.12 01:26:16.498,1.55505,1.5557,2.40,1.60
2009.06.12 01:26:20.027,1.55505,1.55575,2.40,4.80
2009.06.12 01:26:20.327,1.55505,1.5557,2.40,1.60
2009.06.12 01:26:22.916,1.555,1.5557,2.40,6.40
2009.06.12 01:26:23.026,1.555,1.5557,2.40,8.00
2009.06.12 01:26:23.426,1.555,1.55565,2.40,1.60
2009.06.12 01:26:34.923,1.55505,1.55565,2.40,1.60
2009.06.12 01:26:35.503,1.55505,1.5557,2.40,1.60
2009.06.12 01:26:38.043,1.555,1.5557,2.40,4.80
2009.06.12 01:26:38.283,1.555,1.5557,2.40,6.40
2009.06.12 01:26:38.343,1.555,1.5557,2.40,8.00
2009.06.12 01:26:38.463,1.555,1.55565,2.40,1.60
2009.06.12 01:26:39.322,1.5551,1.55565,2.40,1.60
2009.06.12 01:26:39.653,1.5551,1.5558,2.40,8.00
2009.06.12 01:26:40.682,1.55505,1.55575,2.40,3.20
2009.06.12 01:26:41.082,1.55505,1.55575,2.40,4.80
2009.06.12 01:27:02.787,1.555,1.5557,2.40,6.40
2009.06.12 01:27:02.967,1.555,1.5557,2.40,8.00
2009.06.12 01:27:10.165,1.555,1.5556,2.40,1.60
2009.06.12 01:27:11.055,1.555,1.5557,2.40,8.00
2009.06.12 01:27:13.265,1.555,1.5557,2.40,6.40
2009.06.12 01:27:13.604,1.55515,1.5557,2.40,1.60
2009.06.12 01:27:13.944,1.55515,1.5558,2.40,1.60
2009.06.12 01:27:14.294,1.5552,1.55585,2.40,1.60
2009.06.12 01:27:14.594,1.5552,1.55595,2.40,4.80
2009.06.12 01:27:14.944,1.5552,1.5559,2.40,3.20
2009.06.12 01:27:15.284,1.5553,1.55595,2.40,4.80
2009.06.12 01:27:15.814,1.55535,1.55595,2.40,1.60
2009.06.12 01:27:16.054,1.55535,1.556,2.40,4.80
2009.06.12 01:27:17.263,1.5554,1.556,2.40,1.60
2009.06.12 01:27:17.833,1.5553,1.55605,2.40,4.80
2009.06.12 01:27:17.993,1.5554,1.55605,2.40,4.80
2009.06.12 01:27:43.347,1.5553,1.55605,2.40,4.80
2009.06.12 01:27:44.117,1.5554,1.55605,2.40,4.80
2009.06.12 01:27:51.525,1.5554,1.5561,2.40,1.60
2009.06.12 01:27:51.705,1.55545,1.5561,2.40,3.20
2009.06.12 01:27:52.165,1.5555,1.55625,2.40,4.80
2009.06.12 01:27:54.544,1.5556,1.55625,2.40,1.60
2009.06.12 01:27:54.655,1.5556,1.5563,2.40,8.00
2009.06.12 01:27:56.304,1.55565,1.5563,2.40,4.80
2009.06.12 01:27:56.544,1.55565,1.5563,2.40,3.20
2009.06.12 01:27:56.874,1.5556,1.5563,2.40,6.40
2009.06.12 01:27:57.224,1.5556,1.5563,2.40,8.00
2009.06.12 01:27:59.063,1.55565,1.55625,2.40,1.60
2009.06.12 01:27:59.413,1.55565,1.5562,2.40,1.60
2009.06.12 01:27:59.753,1.55565,1.5563,2.40,1.60
2009.06.12 01:28:00.213,1.55565,1.55635,2.40,4.80
2009.06.12 01:28:08.021,1.55555,1.55625,2.40,3.20
2009.06.12 01:28:08.581,1.55555,1.55625,2.40,4.80
2009.06.12 01:28:08.631,1.55555,1.5562,2.40,1.60
2009.06.12 01:28:10.590,1.5555,1.55615,2.40,1.60
2009.06.12 01:28:13.070,1.55555,1.55615,2.40,1.60
2009.06.12 01:28:13.240,1.55555,1.5562,2.40,1.60
2009.06.12 01:28:15.390,1.55545,1.5561,2.40,3.20
2009.06.12 01:28:15.850,1.55545,1.5561,2.40,1.60
2009.06.12 01:28:16.269,1.55535,1.5561,1.60,3.20
2009.06.12 01:28:16.509,1.5553,1.5561,4.00,4.80
2009.06.12 01:28:16.669,1.5553,1.55605,2.40,1.60
2009.06.12 01:28:17.539,1.55545,1.5561,2.40,1.60
2009.06.12 01:28:20.528,1.5554,1.5561,2.40,4.80
2009.06.12 01:28:20.798,1.5554,1.5561,2.40,8.00
2009.06.12 01:28:21.028,1.5554,1.5561,2.40,4.80
2009.06.12 01:28:21.778,1.55535,1.55605,2.40,3.20
2009.06.12 01:28:22.008,1.5554,1.556,2.40,1.60
2009.06.12 01:28:22.298,1.5554,1.55605,2.40,1.60
2009.06.12 01:28:43.143,1.5554,1.5561,2.40,8.00
2009.06.12 01:28:54.530,1.55545,1.5561,2.40,8.00
2009.06.12 01:29:07.487,1.5555,1.55665,2.40,12.80
2009.06.12 01:29:08.117,1.5555,1.55665,2.40,11.20
2009.06.12 01:29:08.567,1.55555,1.55665,2.40,11.20
2009.06.12 01:29:09.306,1.5556,1.55665,1.60,11.20
2009.06.12 01:29:09.486,1.5559,1.55665,2.40,3.20
2009.06.12 01:29:09.606,1.5559,1.5567,2.40,1.60
2009.06.12 01:29:09.766,1.5559,1.55675,2.40,1.60
2009.06.12 01:29:14.335,1.5561,1.55675,2.40,1.60
2009.06.12 01:29:14.635,1.5561,1.5568,2.40,1.60
2009.06.12 01:29:16.485,1.5561,1.5568,2.40,4.80
2009.06.12 01:29:26.003,1.55615,1.55695,2.40,1.60
2009.06.12 01:29:36.520,1.55615,1.5568,2.40,1.60
2009.06.12 01:29:36.880,1.55615,1.5569,2.40,4.80
2009.06.12 01:29:40.129,1.55615,1.5569,2.40,8.00
2009.06.12 01:29:40.369,1.55615,1.55685,2.40,1.60
2009.06.12 01:29:40.899,1.55605,1.55685,2.40,4.80
2009.06.12 01:29:41.139,1.55605,1.5568,2.40,1.60
2009.06.12 01:29:41.359,1.55605,1.5568,2.40,3.20
2009.06.12 01:29:41.589,1.55605,1.5568,2.40,4.80
2009.06.12 01:29:46.287,1.55615,1.5568,2.40,3.20
2009.06.12 01:29:46.677,1.55615,1.5568,2.40,1.60
2009.06.12 01:29:46.847,1.55615,1.55685,2.40,1.60
2009.06.12 01:29:51.596,1.55615,1.55675,2.40,1.60
2009.06.12 01:29:51.986,1.55615,1.5568,2.40,1.60
2009.06.12 01:29:52.936,1.55615,1.5569,2.40,4.80
2009.06.12 01:29:53.276,1.5563,1.5569,2.40,3.20
2009.06.12 01:29:53.626,1.5563,1.5569,2.40,1.60
2009.06.12 01:29:53.796,1.5563,1.55695,2.40,1.60
2009.06.12 01:29:58.985,1.5563,1.5569,2.40,3.20
2009.06.12 01:30:08.083,1.5564,1.5571,2.40,4.80
2009.06.12 01:30:13.091,1.5564,1.55705,2.40,1.60
2009.06.12 01:30:13.441,1.5564,1.557,2.40,1.60
2009.06.12 01:30:13.561,1.5564,1.5571,2.40,4.80
2009.06.12 01:30:20.029,1.55635,1.5571,2.40,8.00
2009.06.12 01:30:20.379,1.55635,1.557,1.60,1.60
2009.06.12 01:30:20.789,1.55625,1.55705,2.40,4.80
2009.06.12 01:30:21.319,1.55625,1.557,2.40,3.20
2009.06.12 01:30:22.929,1.5563,1.557,2.40,1.60
2009.06.12 01:30:23.159,1.5563,1.55705,2.40,4.80
2009.06.12 01:30:23.278,1.5563,1.557,2.40,3.20
2009.06.12 01:30:23.678,1.55635,1.55695,2.40,1.60
2009.06.12 01:30:24.078,1.55635,1.55705,2.40,1.60
2009.06.12 01:30:26.408,1.55625,1.55705,2.40,4.80
2009.06.12 01:30:26.758,1.55625,1.557,2.40,1.60
2009.06.12 01:30:27.108,1.55625,1.557,2.40,3.20
2009.06.12 01:30:29.887,1.55635,1.557,2.40,3.20
2009.06.12 01:30:29.997,1.5563,1.557,2.40,3.20
2009.06.12 01:30:30.287,1.5563,1.55695,2.40,1.60
2009.06.12 01:30:30.817,1.5563,1.5568,2.40,1.60
2009.06.12 01:30:31.167,1.5563,1.5569,2.40,1.60
2009.06.12 01:30:34.046,1.55625,1.5569,2.40,1.60
2009.06.12 01:30:34.436,1.55625,1.55685,2.40,1.60
2009.06.12 01:30:40.734,1.55625,1.55695,2.40,4.80
2009.06.12 01:30:41.834,1.55615,1.5569,2.40,3.20
2009.06.12 01:30:42.394,1.55615,1.55685,2.40,1.60
2009.06.12 01:30:42.974,1.55605,1.5568,4.00,3.20
2009.06.12 01:30:43.504,1.556,1.55675,2.40,4.80
2009.06.12 01:30:43.844,1.556,1.5567,2.40,1.60
2009.06.12 01:30:44.654,1.55605,1.5567,2.40,1.60
2009.06.12 01:30:44.884,1.55605,1.55675,2.40,1.60
2009.06.12 01:30:47.753,1.55605,1.5567,2.40,1.60
2009.06.12 01:30:48.283,1.556,1.55675,2.40,4.80
2009.06.12 01:30:48.572,1.556,1.5567,2.40,4.80
2009.06.12 01:30:49.032,1.556,1.5567,2.40,1.60
2009.06.12 01:30:50.902,1.55605,1.5567,2.40,1.60
2009.06.12 01:30:51.202,1.55605,1.55675,2.40,1.60
2009.06.12 01:30:58.270,1.556,1.5567,2.40,1.60
2009.06.12 01:30:58.790,1.556,1.5567,2.40,4.80
2009.06.12 01:30:59.490,1.55605,1.5567,2.40,1.60
2009.06.12 01:30:59.890,1.55605,1.5567,2.40,3.20
2009.06.12 01:31:01.150,1.55595,1.5566,4.00,1.60
2009.06.12 01:31:01.490,1.55595,1.5566,4.00,3.20
2009.06.12 01:31:01.720,1.55595,1.5566,2.40,3.20
2009.06.12 01:31:02.479,1.55595,1.55665,2.40,1.60
2009.06.12 01:31:03.119,1.55605,1.55665,2.40,1.60
2009.06.12 01:31:03.639,1.55605,1.5567,2.40,3.20
2009.06.12 01:31:05.718,1.55605,1.55675,2.40,1.60
2009.06.12 01:31:05.828,1.556,1.5567,2.40,1.60
2009.06.12 01:31:05.988,1.556,1.5567,2.40,3.20
2009.06.12 01:31:06.218,1.556,1.5567,2.40,4.80
2009.06.12 01:31:07.198,1.55605,1.5567,2.40,1.60
2009.06.12 01:31:07.778,1.55605,1.5567,2.40,3.20
2009.06.12 01:31:13.996,1.55605,1.5567,2.40,1.60
2009.06.12 01:31:14.106,1.55605,1.55675,2.40,1.60
2009.06.12 01:31:14.446,1.55605,1.55665,2.40,1.60
2009.06.12 01:31:14.736,1.55605,1.55675,2.40,1.60
2009.06.12 01:31:20.235,1.55615,1.55675,2.40,1.60
2009.06.12 01:31:20.575,1.55615,1.5569,2.40,4.80
2009.06.12 01:31:20.915,1.55615,1.5569,2.40,3.20
2009.06.12 01:31:23.124,1.5561,1.55685,2.40,3.20
2009.06.12 01:31:23.714,1.5561,1.55685,2.40,4.80
2009.06.12 01:31:26.234,1.55605,1.5568,2.40,6.40
2009.06.12 01:31:26.633,1.55605,1.55675,2.40,1.60
2009.06.12 01:31:29.633,1.55615,1.55675,2.40,1.60
2009.06.12 01:31:30.323,1.55615,1.55685,2.40,1.60
2009.06.12 01:31:30.502,1.55615,1.5569,2.40,3.20
2009.06.12 01:31:37.231,1.5561,1.55685,2.40,3.20
2009.06.12 01:31:37.401,1.5561,1.55685,2.40,4.80
2009.06.12 01:31:38.080,1.55615,1.55685,2.40,1.60
2009.06.12 01:31:38.600,1.55615,1.5569,2.40,8.00
2009.06.12 01:31:39.000,1.55625,1.5569,2.40,3.20
2009.06.12 01:31:39.180,1.55625,1.5569,2.40,1.60
2009.06.12 01:31:39.580,1.55625,1.557,2.40,4.80
2009.06.12 01:31:40.940,1.5563,1.557,2.40,8.00
2009.06.12 01:31:41.400,1.5563,1.55695,2.40,1.60
2009.06.12 01:31:42.280,1.5563,1.557,2.40,4.80
2009.06.12 01:31:46.618,1.55635,1.557,2.40,1.60
2009.06.12 01:31:55.386,1.5564,1.55705,2.40,1.60
2009.06.12 01:32:01.015,1.5564,1.55705,2.40,1.60
2009.06.12 01:32:01.235,1.55635,1.55705,2.40,1.60
2009.06.12 01:32:01.465,1.55635,1.5571,2.40,4.80
2009.06.12 01:32:01.685,1.55635,1.55705,2.40,1.60
2009.06.12 01:32:05.254,1.55635,1.557,2.40,1.60
2009.06.12 01:32:06.114,1.55635,1.55705,2.40,1.60
2009.06.12 01:32:08.203,1.55635,1.557,2.40,1.60
2009.06.12 01:32:08.713,1.55635,1.55705,2.40,1.60
2009.06.12 01:32:15.042,1.55635,1.5571,2.40,4.80
2009.06.12 01:32:15.341,1.55635,1.5571,2.40,3.20
2009.06.12 01:32:19.101,1.55645,1.5571,2.40,1.60
2009.06.12 01:32:19.391,1.55645,1.55715,2.40,1.60
2009.06.12 01:32:19.731,1.5565,1.5572,2.40,4.80
2009.06.12 01:32:21.830,1.55655,1.5572,2.40,4.80
2009.06.12 01:32:22.070,1.55655,1.5572,2.40,3.20
2009.06.12 01:32:22.250,1.5566,1.5572,2.40,1.60
2009.06.12 01:32:22.590,1.55655,1.55705,1.60,1.60
2009.06.12 01:32:23.170,1.5559,1.55705,2.40,1.60
2009.06.12 01:32:23.939,1.5559,1.557,2.40,1.60
2009.06.12 01:32:24.229,1.55605,1.55705,2.40,1.60
2009.06.12 01:32:24.519,1.556,1.55705,2.40,4.80
2009.06.12 01:32:24.989,1.556,1.557,2.40,1.60
2009.06.12 01:32:25.279,1.55595,1.557,1.60,4.80
2009.06.12 01:32:25.679,1.55585,1.5569,1.60,3.20
2009.06.12 01:32:26.179,1.55585,1.55685,2.40,1.60
2009.06.12 01:32:26.589,1.556,1.55685,2.40,1.60
2009.06.12 01:32:26.939,1.556,1.55695,2.40,12.80
2009.06.12 01:32:27.289,1.556,1.55695,2.40,1.60
2009.06.12 01:32:28.208,1.55595,1.55695,2.40,1.60
2009.06.12 01:32:28.889,1.5559,1.55695,1.60,4.80
2009.06.12 01:32:29.238,1.5558,1.5569,2.40,1.60
2009.06.12 01:32:31.908,1.55595,1.5569,2.40,1.60
2009.06.12 01:32:32.477,1.55595,1.55695,2.40,1.60
2009.06.12 01:32:36.297,1.556,1.55705,4.00,1.60
2009.06.12 01:32:36.686,1.556,1.557,2.40,1.60
2009.06.12 01:32:37.027,1.55595,1.557,2.40,1.60
2009.06.12 01:32:38.646,1.556,1.557,2.40,1.60
2009.06.12 01:32:39.446,1.55595,1.557,2.40,1.60
2009.06.12 01:32:40.497,1.556,1.5569,1.60,3.20
2009.06.12 01:32:40.725,1.55585,1.55685,2.40,1.60
2009.06.12 01:32:41.235,1.5558,1.55675,1.60,1.60
2009.06.12 01:32:41.525,1.5558,1.5568,1.60,1.60
2009.06.12 01:32:41.865,1.55565,1.55675,1.60,3.20
2009.06.12 01:32:42.385,1.5556,1.5568,2.40,1.60
2009.06.12 01:32:42.725,1.55575,1.5568,2.40,12.80
2009.06.12 01:32:43.005,1.55575,1.55685,2.40,4.80
2009.06.12 01:32:52.393,1.5558,1.55685,2.40,4.80
2009.06.12 01:32:57.182,1.55575,1.5567,2.40,3.20
2009.06.12 01:32:58.001,1.55575,1.5567,2.40,4.80
2009.06.12 01:33:03.130,1.5558,1.5566,2.40,1.60
2009.06.12 01:33:03.700,1.5558,1.55675,2.40,4.80
2009.06.12 01:33:03.880,1.5558,1.55675,2.40,1.60
2009.06.12 01:33:04.280,1.5558,1.5568,2.40,3.20
2009.06.12 01:33:04.799,1.5559,1.5568,2.40,3.20
2009.06.12 01:33:06.069,1.5559,1.5568,2.40,4.80
2009.06.12 01:33:08.899,1.5559,1.5568,2.40,3.20
2009.06.12 01:33:10.268,1.55605,1.55685,2.40,1.60
2009.06.12 01:33:15.797,1.5559,1.55685,4.00,1.60
2009.06.12 01:33:16.137,1.5559,1.5568,2.40,1.60
2009.06.12 01:33:16.427,1.5559,1.5568,2.40,3.20
2009.06.12 01:33:24.565,1.5559,1.5567,2.40,1.60
2009.06.12 01:33:24.745,1.5559,1.55675,2.40,4.80
2009.06.12 01:33:30.574,1.5558,1.5567,2.40,1.60
2009.06.12 01:33:31.024,1.5558,1.55675,2.40,4.80
2009.06.12 01:33:46.360,1.55575,1.55645,2.40,1.60
2009.06.12 01:33:47.459,1.55575,1.5566,2.40,8.00
2009.06.12 01:33:48.909,1.5558,1.5566,2.40,3.20
2009.06.12 01:33:49.309,1.5558,1.5566,2.40,1.60
2009.06.12 01:33:49.419,1.5558,1.5567,2.40,1.60
2009.06.12 01:33:51.099,1.5558,1.55675,2.40,4.80
2009.06.12 01:34:11.074,1.55585,1.55675,2.40,1.60
2009.06.12 01:34:11.704,1.55585,1.5568,2.40,4.80
2009.06.12 01:34:18.002,1.55585,1.55675,2.40,1.60
2009.06.12 01:34:18.862,1.55585,1.5568,2.40,4.80
2009.06.12 01:34:20.541,1.55585,1.5568,2.40,3.20
2009.06.12 01:34:20.941,1.55585,1.5568,2.40,4.80
2009.06.12 01:34:21.241,1.55585,1.5569,2.40,4.80
2009.06.12 01:34:27.759,1.55585,1.5569,2.40,3.20
2009.06.12 01:34:40.297,1.5558,1.55675,4.00,3.20
2009.06.12 01:34:40.476,1.5558,1.55675,2.40,3.20
2009.06.12 01:34:40.997,1.5558,1.55675,2.40,4.80
2009.06.12 01:34:42.186,1.5557,1.55655,4.00,3.20
2009.06.12 01:34:42.356,1.5557,1.55655,2.40,4.80
2009.06.12 01:34:43.066,1.55565,1.5565,2.40,3.20
2009.06.12 01:34:43.636,1.5557,1.5565,2.40,1.60
2009.06.12 01:34:43.996,1.55565,1.5565,2.40,4.80
2009.06.12 01:34:48.855,1.5556,1.55645,2.40,3.20
2009.06.12 01:34:49.474,1.5556,1.55645,2.40,4.80
2009.06.12 01:34:53.034,1.55555,1.55645,2.40,1.60
2009.06.12 01:34:53.324,1.55555,1.5565,2.40,1.60
2009.06.12 01:34:53.553,1.55555,1.55655,2.40,1.60
2009.06.12 01:34:53.844,1.55555,1.5565,2.40,3.20
2009.06.12 01:34:54.253,1.55555,1.5565,2.40,1.60
2009.06.12 01:34:54.423,1.55555,1.55655,2.40,1.60
2009.06.12 01:34:55.113,1.55555,1.5565,2.40,3.20
2009.06.12 01:34:55.223,1.55555,1.5564,2.40,3.20
2009.06.12 01:34:55.743,1.55555,1.5564,2.40,4.80
2009.06.12 01:34:58.242,1.5556,1.5564,2.40,1.60
2009.06.12 01:34:58.592,1.5556,1.55645,2.40,4.80
2009.06.12 01:35:00.752,1.55555,1.5564,2.40,3.20
2009.06.12 01:35:01.202,1.55555,1.5564,2.40,4.80
2009.06.12 01:35:05.771,1.55545,1.5563,2.40,3.20
2009.06.12 01:35:06.500,1.55545,1.5563,2.40,4.80
2009.06.12 01:35:10.209,1.55545,1.5563,2.40,6.40
2009.06.12 01:35:10.260,1.55545,1.5563,2.40,8.00
2009.06.12 01:35:10.370,1.5554,1.55625,2.40,3.20
2009.06.12 01:35:10.669,1.55545,1.55625,2.40,1.60
2009.06.12 01:35:11.429,1.55545,1.5563,2.40,1.60
2009.06.12 01:35:12.159,1.55545,1.5564,2.40,4.80
2009.06.12 01:35:13.069,1.55555,1.5564,2.40,4.80
2009.06.12 01:35:41.642,1.55555,1.5564,2.40,1.60
2009.06.12 01:35:42.102,1.55555,1.5565,2.40,4.80
2009.06.12 01:35:43.981,1.55555,1.5565,2.40,1.60
2009.06.12 01:35:46.551,1.5556,1.55665,2.40,1.60
2009.06.12 01:35:46.781,1.5556,1.5568,2.40,16.00
2009.06.12 01:35:47.530,1.5556,1.5567,2.40,1.60
2009.06.12 01:35:48.180,1.55555,1.55665,2.40,3.20
2009.06.12 01:35:48.470,1.5556,1.5566,2.40,1.60
2009.06.12 01:35:48.820,1.55555,1.5566,2.40,1.60
2009.06.12 01:35:49.040,1.55555,1.55655,2.40,1.60
2009.06.12 01:35:57.258,1.55555,1.5566,2.40,1.60
2009.06.12 01:36:02.277,1.55555,1.5564,2.40,1.60
2009.06.12 01:36:12.464,1.55555,1.5564,2.40,4.80
2009.06.12 01:36:19.753,1.55545,1.5564,4.00,4.80
2009.06.12 01:36:40.918,1.55545,1.55635,2.40,1.60
2009.06.12 01:36:45.147,1.55545,1.5563,2.40,3.20
2009.06.12 01:36:45.657,1.55545,1.55625,2.40,1.60
2009.06.12 01:36:54.434,1.5555,1.55625,2.40,1.60
2009.06.12 01:36:54.954,1.5555,1.5563,2.40,1.60
2009.06.12 01:36:55.124,1.5555,1.55635,2.40,4.80
2009.06.12 01:36:56.954,1.5555,1.5563,2.40,1.60
2009.06.12 01:37:01.603,1.55545,1.5563,2.40,4.80
2009.06.12 01:37:02.113,1.55545,1.55625,2.40,1.60
2009.06.12 01:37:03.162,1.55545,1.5564,2.40,4.80
2009.06.12 01:37:04.502,1.5554,1.5564,4.00,3.20
2009.06.12 01:37:04.842,1.5554,1.5564,2.40,3.20
2009.06.12 01:37:05.192,1.5554,1.5564,2.40,1.60
2009.06.12 01:37:07.101,1.5554,1.5565,2.40,4.80
2009.06.12 01:37:08.481,1.5554,1.55645,4.00,1.60
2009.06.12 01:37:08.711,1.5554,1.55645,2.40,1.60
2009.06.12 01:37:10.030,1.5554,1.5565,4.00,3.20
2009.06.12 01:37:10.081,1.5554,1.5565,4.00,1.60
2009.06.12 01:37:18.838,1.5555,1.55665,2.40,4.80
2009.06.12 01:37:22.227,1.5555,1.5566,2.40,1.60
2009.06.12 01:37:22.388,1.55545,1.55645,2.40,3.20
2009.06.12 01:37:22.568,1.55545,1.55645,2.40,4.80
2009.06.12 01:37:35.944,1.5555,1.5564,2.40,1.60
2009.06.12 01:37:36.234,1.5555,1.55645,2.40,4.80
2009.06.12 01:37:49.751,1.55555,1.5562,2.40,1.60
2009.06.12 01:37:50.041,1.55555,1.5563,2.40,1.60
2009.06.12 01:37:50.391,1.55565,1.5564,2.40,1.60
2009.06.12 01:37:50.741,1.55565,1.55645,2.40,1.60
2009.06.12 01:38:12.536,1.55555,1.55635,2.40,4.80
2009.06.12 01:38:17.064,1.55555,1.55625,2.40,3.20
2009.06.12 01:38:17.574,1.55555,1.55625,2.40,4.80
2009.06.12 01:38:27.192,1.5556,1.5562,2.40,1.60
2009.06.12 01:38:27.512,1.5556,1.55625,2.40,1.60
2009.06.12 01:38:27.922,1.5556,1.5563,2.40,4.80
2009.06.12 01:39:13.181,1.55555,1.5563,2.40,4.80
2009.06.12 01:39:15.380,1.55555,1.55625,2.40,1.60
2009.06.12 01:39:43.694,1.5556,1.55625,2.40,1.60
2009.06.12 01:39:44.024,1.55555,1.5564,2.40,3.20
2009.06.12 01:39:44.323,1.55555,1.5564,2.40,4.80
2009.06.12 01:39:45.113,1.5555,1.55635,4.00,3.20
2009.06.12 01:39:45.563,1.5555,1.55635,2.40,3.20
2009.06.12 01:39:45.673,1.55555,1.55635,2.40,1.60
2009.06.12 01:39:46.033,1.55555,1.55645,2.40,1.60
2009.06.12 01:39:48.992,1.55555,1.5565,2.40,1.60
2009.06.12 01:39:53.341,1.55555,1.5566,2.40,4.80
2009.06.12 01:39:56.530,1.55555,1.5566,2.40,1.60
2009.06.12 01:39:57.290,1.55555,1.55665,2.40,1.60
2009.06.12 01:40:02.819,1.5555,1.55665,4.00,1.60
2009.06.12 01:40:03.109,1.5555,1.5566,4.00,1.60
2009.06.12 01:40:04.619,1.5556,1.5564,1.60,3.20
2009.06.12 01:40:04.838,1.55545,1.5564,2.40,4.80
2009.06.12 01:41:00.215,1.5554,1.55625,2.40,4.80
2009.06.12 01:41:05.144,1.5554,1.55625,2.40,1.60
2009.06.12 01:41:05.544,1.5554,1.55635,2.40,1.60
2009.06.12 01:41:08.133,1.5555,1.55655,2.40,4.80
2009.06.12 01:41:08.183,1.5555,1.5565,2.40,3.20
2009.06.12 01:41:08.533,1.5555,1.55655,2.40,4.80
2009.06.12 01:41:09.363,1.5555,1.55655,2.40,1.60
2009.06.12 01:41:09.703,1.5555,1.55665,2.40,12.80
2009.06.12 01:41:09.763,1.5555,1.5566,2.40,3.20
2009.06.12 01:41:09.993,1.5555,1.5567,2.40,16.00
2009.06.12 01:41:14.342,1.55545,1.55665,4.00,3.20
2009.06.12 01:41:14.632,1.55545,1.55665,2.40,3.20
2009.06.12 01:41:14.751,1.55545,1.55665,2.40,4.80
2009.06.12 01:41:14.991,1.55545,1.55665,2.40,8.00
2009.06.12 01:41:15.102,1.55545,1.55665,2.40,16.00
2009.06.12 01:41:17.511,1.5555,1.55665,4.00,9.60
2009.06.12 01:41:18.031,1.5555,1.55665,4.00,1.60
2009.06.12 01:41:18.211,1.5555,1.5567,4.00,16.00
2009.06.12 01:41:19.990,1.55545,1.55665,4.00,3.20
2009.06.12 01:41:20.390,1.55545,1.55665,2.40,4.80
2009.06.12 01:41:20.500,1.55545,1.55665,2.40,16.00
2009.06.12 01:41:23.170,1.5555,1.55665,4.00,1.60
2009.06.12 01:41:23.799,1.5555,1.5567,4.00,16.00
2009.06.12 01:41:25.539,1.55545,1.55655,4.00,3.20
2009.06.12 01:41:25.769,1.55545,1.55655,2.40,4.80
2009.06.12 01:41:26.289,1.55545,1.5565,2.40,1.60
2009.06.12 01:41:26.929,1.5554,1.5564,4.00,3.20
2009.06.12 01:41:27.219,1.5554,1.5564,2.40,4.80
2009.06.12 01:41:28.608,1.55545,1.5564,2.40,1.60
2009.06.12 01:41:28.838,1.55545,1.55645,2.40,4.80
2009.06.12 01:41:32.217,1.5554,1.5564,4.00,3.20
2009.06.12 01:41:32.507,1.5554,1.5564,2.40,4.80
2009.06.12 01:41:33.717,1.55535,1.5563,2.40,3.20
2009.06.12 01:41:33.947,1.5554,1.5563,2.40,1.60
2009.06.12 01:41:34.247,1.5554,1.55635,2.40,1.60
2009.06.12 01:41:34.477,1.5554,1.55635,4.00,1.60
2009.06.12 01:41:35.407,1.55545,1.55635,2.40,1.60
2009.06.12 01:41:35.886,1.55545,1.5564,2.40,1.60
2009.06.12 01:42:08.929,1.55545,1.5564,2.40,1.60
2009.06.12 01:42:17.107,1.55545,1.55645,2.40,4.80
2009.06.12 01:42:22.455,1.55545,1.5563,1.60,3.20
2009.06.12 01:42:22.985,1.55535,1.5563,2.40,4.80
2009.06.12 01:42:38.951,1.5554,1.5566,2.40,16.00
2009.06.12 01:42:39.121,1.55535,1.5565,2.40,3.20
2009.06.12 01:42:39.761,1.5553,1.55645,4.00,3.20
2009.06.12 01:42:46.649,1.5554,1.55635,1.60,3.20
2009.06.12 01:42:46.759,1.55525,1.55635,2.40,3.20
2009.06.12 01:42:47.099,1.55525,1.55625,1.60,3.20
2009.06.12 01:42:47.399,1.5554,1.55625,2.40,3.20
2009.06.12 01:42:47.849,1.55515,1.55625,3.20,4.80
2009.06.12 01:42:48.069,1.5551,1.55625,2.40,4.80
2009.06.12 01:42:49.529,1.5552,1.55625,2.40,1.60
2009.06.12 01:42:50.019,1.55515,1.55625,2.40,3.20
2009.06.12 01:42:50.129,1.55515,1.55625,2.40,4.80
2009.06.12 01:42:51.128,1.5551,1.55615,4.00,3.20
2009.06.12 01:42:51.708,1.5551,1.55615,2.40,3.20
2009.06.12 01:42:52.168,1.55515,1.5562,2.40,1.60
2009.06.12 01:42:52.438,1.55515,1.55625,2.40,4.80
2009.06.12 01:42:58.766,1.5551,1.55615,4.00,3.20
2009.06.12 01:42:59.467,1.5551,1.55615,2.40,3.20
2009.06.12 01:42:59.646,1.5551,1.5562,2.40,1.60
2009.06.12 01:43:00.106,1.5551,1.5562,4.00,1.60
2009.06.12 01:43:00.216,1.5551,1.55625,4.00,3.20
2009.06.12 01:43:00.736,1.5552,1.5563,2.40,4.80
2009.06.12 01:43:01.376,1.5552,1.55625,3.20,3.20
2009.06.12 01:43:01.656,1.5551,1.55625,4.00,3.20
2009.06.12 01:43:02.795,1.55515,1.55625,2.40,3.20
2009.06.12 01:43:03.475,1.5552,1.55625,2.40,1.60
2009.06.12 01:43:03.715,1.5552,1.5563,2.40,16.00
2009.06.12 01:43:04.265,1.55525,1.5563,2.40,1.60
2009.06.12 01:43:04.685,1.55525,1.55635,2.40,4.80
2009.06.12 01:43:06.075,1.5552,1.5563,5.60,3.20
2009.06.12 01:43:06.125,1.5552,1.5563,4.00,3.20
2009.06.12 01:43:06.654,1.5551,1.55615,9.60,3.20
2009.06.12 01:43:06.885,1.5551,1.55615,1.60,3.20
2009.06.12 01:43:07.215,1.555,1.55615,4.00,4.80
2009.06.12 01:43:08.124,1.55505,1.55605,2.40,1.60
2009.06.12 01:43:08.514,1.55505,1.5561,2.40,4.80
2009.06.12 01:43:09.794,1.555,1.55605,5.60,3.20
2009.06.12 01:43:10.084,1.555,1.55605,4.00,3.20
2009.06.12 01:43:10.254,1.555,1.55605,2.40,4.80
2009.06.12 01:43:10.424,1.555,1.55605,4.00,4.80
2009.06.12 01:43:10.934,1.5551,1.55605,1.60,3.20
2009.06.12 01:43:11.324,1.55505,1.55605,1.60,4.80
2009.06.12 01:43:11.663,1.555,1.55605,4.00,4.80
2009.06.12 01:43:11.773,1.55505,1.55605,2.40,1.60
2009.06.12 01:43:12.233,1.55505,1.5561,2.40,4.80
2009.06.12 01:43:17.402,1.55515,1.55615,2.40,1.60
2009.06.12 01:43:17.742,1.55515,1.5562,2.40,8.00
2009.06.12 01:43:18.032,1.5551,1.55615,3.20,1.60
2009.06.12 01:43:18.082,1.5551,1.55615,1.60,1.60
2009.06.12 01:43:18.412,1.55505,1.55615,2.40,1.60
2009.06.12 01:43:19.382,1.55515,1.5562,2.40,16.00
2009.06.12 01:43:19.832,1.55515,1.5562,2.40,8.00
2009.06.12 01:43:19.891,1.55515,1.5562,2.40,4.80
2009.06.12 01:43:20.131,1.5551,1.5562,3.20,4.80
2009.06.12 01:43:20.471,1.5551,1.5562,1.60,4.80
2009.06.12 01:43:20.822,1.55505,1.5562,2.40,16.00
2009.06.12 01:43:22.511,1.55515,1.5562,2.40,4.80
2009.06.12 01:43:23.391,1.5551,1.55615,2.40,3.20
2009.06.12 01:43:23.860,1.5551,1.55615,2.40,4.80
2009.06.12 01:43:24.960,1.5551,1.55615,2.40,12.80
2009.06.12 01:43:25.250,1.55495,1.55605,4.00,3.20
2009.06.12 01:43:25.540,1.55495,1.55605,2.40,4.80
2009.06.12 01:43:30.689,1.555,1.55605,2.40,1.60
2009.06.12 01:43:31.159,1.555,1.5561,2.40,4.80
2009.06.12 01:43:33.388,1.555,1.5561,4.00,4.80
2009.06.12 01:43:33.678,1.55505,1.5561,2.40,1.60
2009.06.12 01:43:33.728,1.55505,1.5561,2.40,12.80
2009.06.12 01:43:34.208,1.55505,1.5561,2.40,11.20
2009.06.12 01:43:34.548,1.55505,1.5562,2.40,16.00
2009.06.12 01:43:36.627,1.5553,1.5562,2.40,4.80
2009.06.12 01:43:37.887,1.5553,1.5562,2.40,8.00
2009.06.12 01:43:38.507,1.5553,1.5562,2.40,4.80
2009.06.12 01:43:39.227,1.5554,1.5562,2.40,4.80
2009.06.12 01:43:46.745,1.5554,1.5562,2.40,1.60
2009.06.12 01:43:48.175,1.55535,1.5562,1.60,4.80
2009.06.12 01:43:48.415,1.5553,1.5562,4.00,1.60
2009.06.12 01:43:48.835,1.5553,1.5562,2.40,3.20
2009.06.12 01:43:56.833,1.5552,1.5562,4.00,3.20
2009.06.12 01:43:57.412,1.5553,1.5562,2.40,3.20
2009.06.12 01:44:02.521,1.5552,1.55615,2.40,3.20
2009.06.12 01:44:02.861,1.5552,1.5561,2.40,3.20
2009.06.12 01:44:03.571,1.55525,1.5561,2.40,1.60
2009.06.12 01:44:03.801,1.5551,1.5561,4.00,3.20
2009.06.12 01:44:04.041,1.5551,1.5561,4.00,4.80
2009.06.12 01:44:04.251,1.5553,1.55605,2.40,1.60
2009.06.12 01:44:04.601,1.55535,1.55605,2.40,1.60
2009.06.12 01:44:04.901,1.55535,1.55615,2.40,4.80
2009.06.12 01:44:07.629,1.5555,1.55615,2.40,1.60
2009.06.12 01:44:08.019,1.5555,1.5562,2.40,4.80
2009.06.12 01:44:12.008,1.55545,1.55615,2.40,3.20
2009.06.12 01:44:12.288,1.55545,1.55615,2.40,4.80
2009.06.12 01:44:16.907,1.5555,1.55615,2.40,1.60
2009.06.12 01:44:17.266,1.5555,1.5562,2.40,4.80
2009.06.12 01:44:26.594,1.5555,1.5562,2.40,4.80
2009.06.12 01:44:49.029,1.55555,1.5562,2.40,3.20
2009.06.12 01:44:49.489,1.55555,1.5562,2.40,1.60
2009.06.12 01:44:49.729,1.55555,1.55625,2.40,1.60
2009.06.12 01:44:51.988,1.5556,1.55625,2.40,1.60
2009.06.12 01:44:52.218,1.5556,1.5563,2.40,4.80
2009.06.12 01:44:53.408,1.55555,1.5563,2.40,8.00
2009.06.12 01:44:53.748,1.55555,1.55625,2.40,1.60
2009.06.12 01:44:55.157,1.5556,1.55625,2.40,1.60
2009.06.12 01:44:55.497,1.5556,1.5563,2.40,4.80
2009.06.12 01:44:56.947,1.55555,1.5563,2.40,8.00
2009.06.12 01:44:57.297,1.55555,1.55625,2.40,1.60
2009.06.12 01:45:10.204,1.55565,1.55625,2.40,1.60
2009.06.12 01:45:10.724,1.55565,1.5563,2.40,3.20
2009.06.12 01:45:10.834,1.55555,1.5563,2.40,6.40
2009.06.12 01:45:11.063,1.55555,1.55625,2.40,1.60
2009.06.12 01:45:40.297,1.55545,1.5561,2.40,1.60
2009.06.12 01:45:40.586,1.55545,1.5561,1.60,4.80
2009.06.12 01:45:40.697,1.5554,1.5561,2.40,6.40
2009.06.12 01:45:41.226,1.5554,1.5561,2.40,8.00
2009.06.12 01:45:44.795,1.5555,1.5561,2.40,4.80
2009.06.12 01:45:45.316,1.55545,1.5561,2.40,8.00
2009.06.12 01:45:45.375,1.5553,1.55605,2.40,3.20
2009.06.12 01:45:45.615,1.5553,1.55605,4.00,3.20
2009.06.12 01:45:46.195,1.5553,1.55605,2.40,4.80
2009.06.12 01:45:48.704,1.55535,1.55605,2.40,1.60
2009.06.12 01:45:49.264,1.55535,1.55615,2.40,4.80
2009.06.12 01:45:49.434,1.55535,1.5561,2.40,3.20
2009.06.12 01:45:49.614,1.55535,1.55615,2.40,4.80
2009.06.12 01:45:51.464,1.55535,1.5561,2.40,3.20
2009.06.12 01:45:55.543,1.55545,1.5561,2.40,3.20
2009.06.12 01:45:55.833,1.55545,1.55615,2.40,4.80
2009.06.12 01:45:56.592,1.55545,1.55615,2.40,1.60
2009.06.12 01:45:57.402,1.55545,1.55625,2.40,4.80
2009.06.12 01:45:57.582,1.55555,1.55625,2.40,1.60
2009.06.12 01:46:00.542,1.55545,1.55625,1.60,4.80
2009.06.12 01:46:00.662,1.55535,1.55625,2.40,4.80
2009.06.12 01:46:00.782,1.55535,1.5562,2.40,1.60
2009.06.12 01:46:01.131,1.55535,1.55615,2.40,3.20
2009.06.12 01:46:01.541,1.55535,1.5561,2.40,3.20
2009.06.12 01:46:12.029,1.5553,1.55605,2.40,3.20
2009.06.12 01:46:12.379,1.55525,1.55615,2.40,4.80
2009.06.12 01:46:13.738,1.55525,1.5561,2.40,1.60
2009.06.12 01:46:14.298,1.55525,1.5561,2.40,3.20
2009.06.12 01:46:21.247,1.55545,1.55615,2.40,4.80
2009.06.12 01:46:25.316,1.55545,1.5561,2.40,1.60
2009.06.12 01:46:25.436,1.5554,1.5561,2.40,6.40
2009.06.12 01:46:25.715,1.5554,1.5561,2.40,8.00
2009.06.12 01:46:27.036,1.5553,1.55605,2.40,3.20
2009.06.12 01:46:27.436,1.5553,1.55605,2.40,4.80
2009.06.12 01:46:27.775,1.5553,1.556,2.40,3.20
2009.06.12 01:46:29.235,1.5553,1.556,2.40,1.60
2009.06.12 01:46:29.395,1.5553,1.55605,2.40,4.80
2009.06.12 01:46:31.284,1.5553,1.556,2.40,1.60
2009.06.12 01:46:31.394,1.5553,1.556,2.40,3.20
2009.06.12 01:46:31.904,1.5553,1.556,2.40,1.60
2009.06.12 01:46:32.014,1.5553,1.55605,2.40,4.80
2009.06.12 01:46:32.134,1.5553,1.556,2.40,3.20
2009.06.12 01:46:36.453,1.5553,1.55605,2.40,4.80
2009.06.12 01:46:37.952,1.5553,1.556,2.40,3.20
2009.06.12 01:46:39.062,1.55525,1.5559,1.60,3.20
2009.06.12 01:46:39.352,1.55515,1.5559,2.40,8.00
2009.06.12 01:46:41.512,1.5552,1.5559,2.40,4.80
2009.06.12 01:46:41.742,1.5552,1.5559,2.40,3.20
2009.06.12 01:46:42.092,1.5552,1.55595,2.40,1.60
2009.06.12 01:46:42.432,1.5552,1.556,2.40,1.60
2009.06.12 01:46:43.411,1.5553,1.556,2.40,1.60
2009.06.12 01:46:43.801,1.5553,1.55605,2.40,4.80
2009.06.12 01:46:53.819,1.55525,1.556,2.40,6.40
2009.06.12 01:46:54.349,1.55525,1.556,2.40,8.00
2009.06.12 01:46:58.268,1.55525,1.556,2.40,8.00
2009.06.12 01:46:58.607,1.55535,1.556,2.40,4.80
2009.06.12 01:46:58.937,1.55525,1.556,2.40,8.00
2009.06.12 01:47:09.795,1.5552,1.55595,2.40,3.20
2009.06.12 01:47:10.195,1.5552,1.55595,2.40,4.80
2009.06.12 01:47:10.315,1.5552,1.5559,2.40,1.60
2009.06.12 01:47:10.665,1.5552,1.5559,2.40,3.20
2009.06.12 01:47:18.153,1.55525,1.556,2.40,8.00
2009.06.12 01:47:18.443,1.55525,1.55595,2.40,1.60
2009.06.12 01:47:18.553,1.55525,1.556,2.40,8.00
2009.06.12 01:47:21.752,1.55525,1.55595,2.40,3.20
2009.06.12 01:47:22.162,1.55525,1.5559,2.40,3.20
2009.06.12 01:47:22.722,1.55515,1.55585,2.40,3.20
2009.06.12 01:47:23.072,1.5551,1.5558,2.40,3.20
2009.06.12 01:47:23.473,1.5551,1.5558,2.40,6.40
2009.06.12 01:47:23.942,1.5551,1.5558,2.40,8.00
2009.06.12 01:47:25.681,1.555,1.55575,2.40,3.20
2009.06.12 01:47:26.091,1.555,1.55565,2.40,3.20
2009.06.12 01:47:26.441,1.555,1.55565,2.40,4.80
2009.06.12 01:47:27.141,1.55505,1.5557,2.40,8.00
2009.06.12 01:47:29.280,1.55505,1.5557,2.40,6.40
2009.06.12 01:47:29.680,1.5551,1.5557,2.40,1.60
2009.06.12 01:47:29.860,1.55515,1.55575,2.40,1.60
2009.06.12 01:47:30.330,1.55515,1.5558,2.40,3.20
2009.06.12 01:47:33.569,1.5552,1.5558,2.40,3.20
2009.06.12 01:47:33.920,1.55525,1.55585,2.40,1.60
2009.06.12 01:47:34.259,1.55525,1.5559,2.40,3.20
2009.06.12 01:47:35.439,1.55525,1.55595,2.40,4.80
2009.06.12 01:47:35.939,1.55525,1.5559,2.40,3.20
2009.06.12 01:47:37.788,1.5552,1.5559,2.40,6.40
2009.06.12 01:47:38.028,1.5551,1.55585,2.40,1.60
2009.06.12 01:47:38.828,1.5551,1.5558,2.40,1.60
2009.06.12 01:47:39.178,1.5551,1.5558,2.40,3.20
2009.06.12 01:47:40.218,1.5552,1.55585,2.40,1.60
2009.06.12 01:47:40.617,1.5552,1.5558,2.40,1.60
2009.06.12 01:47:40.857,1.55515,1.5558,2.40,3.20
2009.06.12 01:47:42.707,1.55525,1.5558,2.40,1.60
2009.06.12 01:47:43.037,1.55525,1.5559,2.40,3.20
2009.06.12 01:47:43.317,1.55525,1.5559,2.40,1.60
2009.06.12 01:47:43.427,1.55525,1.55595,2.40,4.80
2009.06.12 01:47:43.877,1.55525,1.5559,2.40,1.60
2009.06.12 01:47:43.987,1.55525,1.5559,2.40,3.20
2009.06.12 01:47:45.986,1.55525,1.5559,2.40,1.60
2009.06.12 01:47:46.096,1.55525,1.55595,2.40,4.80
2009.06.12 01:47:54.764,1.55515,1.5558,2.40,3.20
2009.06.12 01:47:55.114,1.55515,1.5557,2.40,1.60
2009.06.12 01:47:55.754,1.55515,1.55585,2.40,4.80
2009.06.12 01:47:58.534,1.5551,1.5558,2.40,3.20
2009.06.12 01:47:58.653,1.5551,1.5558,2.40,4.80
2009.06.12 01:47:59.643,1.55515,1.5558,2.40,1.60
2009.06.12 01:48:00.043,1.5551,1.5558,2.40,4.80
2009.06.12 01:48:00.163,1.55515,1.5558,2.40,1.60
2009.06.12 01:48:00.513,1.55515,1.55585,2.40,4.80
2009.06.12 01:48:02.752,1.55515,1.5558,2.40,1.60
2009.06.12 01:48:02.982,1.55515,1.5558,2.40,3.20
2009.06.12 01:48:03.392,1.55515,1.5558,2.40,6.40
2009.06.12 01:48:03.672,1.55515,1.5558,2.40,8.00
2009.06.12 01:48:04.312,1.55515,1.5558,2.40,6.40
2009.06.12 01:48:04.432,1.55515,1.5558,2.40,4.80
2009.06.12 01:48:08.571,1.5551,1.5558,2.40,4.80
2009.06.12 01:48:12.240,1.5553,1.5559,2.40,1.60
2009.06.12 01:48:12.590,1.5553,1.55595,2.40,1.60
2009.06.12 01:48:13.130,1.5553,1.556,2.40,4.80
2009.06.12 01:48:16.209,1.55535,1.556,2.40,1.60
2009.06.12 01:48:16.539,1.55535,1.55605,2.40,4.80
2009.06.12 01:48:23.107,1.5554,1.55605,2.40,1.60
2009.06.12 01:48:23.617,1.5554,1.5561,2.40,8.00
2009.06.12 01:48:28.346,1.55535,1.55605,2.40,3.20
2009.06.12 01:48:28.856,1.55525,1.556,4.00,1.60
2009.06.12 01:48:29.076,1.55525,1.556,4.00,3.20
2009.06.12 01:48:29.316,1.55525,1.556,2.40,3.20
2009.06.12 01:48:29.536,1.55525,1.55605,2.40,4.80
2009.06.12 01:48:30.276,1.5554,1.55605,2.40,1.60
2009.06.12 01:48:30.615,1.5554,1.5561,2.40,8.00
2009.06.12 01:48:33.805,1.55525,1.556,2.40,3.20
2009.06.12 01:48:34.034,1.55525,1.55595,2.40,3.20
2009.06.12 01:48:34.595,1.55525,1.5559,2.40,1.60
2009.06.12 01:48:35.054,1.5553,1.556,2.40,8.00
2009.06.12 01:49:12.785,1.5552,1.5559,2.40,8.00
2009.06.12 01:49:13.066,1.5552,1.55585,2.40,1.60
2009.06.12 01:49:19.404,1.55515,1.55585,2.40,3.20
2009.06.12 01:49:19.993,1.55515,1.55585,2.40,4.80
2009.06.12 01:49:25.532,1.5552,1.55585,2.40,1.60
2009.06.12 01:49:26.062,1.5552,1.5559,2.40,8.00
2009.06.12 01:49:34.160,1.55515,1.55585,2.40,3.20
2009.06.12 01:49:34.390,1.55515,1.55585,2.40,4.80
2009.06.12 01:49:35.680,1.55505,1.55585,4.00,4.80
2009.06.12 01:49:36.209,1.5551,1.5557,1.60,6.40
2009.06.12 01:49:36.550,1.55505,1.5557,2.40,1.60
2009.06.12 01:49:40.680,1.5551,1.5557,2.40,1.60
2009.06.12 01:49:40.858,1.55505,1.5557,2.40,1.60
2009.06.12 01:49:42.308,1.5551,1.5557,2.40,1.60
2009.06.12 01:49:42.728,1.5551,1.5558,2.40,8.00
2009.06.12 01:49:44.938,1.5551,1.5558,2.40,6.40
2009.06.12 01:49:54.046,1.55505,1.55575,2.40,3.20
2009.06.12 01:49:54.625,1.55505,1.5557,2.40,1.60
2009.06.12 01:50:03.773,1.55505,1.5557,2.40,3.20
2009.06.12 01:50:03.823,1.55505,1.5557,2.40,4.80
2009.06.12 01:50:17.000,1.5551,1.55565,2.40,1.60
2009.06.12 01:50:17.390,1.5551,1.5558,2.40,8.00
2009.06.12 01:50:22.089,1.55505,1.5557,2.40,3.20
2009.06.12 01:50:22.139,1.555,1.5557,2.40,8.00
2009.06.12 01:50:22.438,1.555,1.55565,2.40,1.60
2009.06.12 01:50:28.008,1.55515,1.55575,2.40,1.60
2009.06.12 01:50:28.467,1.55515,1.5558,2.40,8.00
2009.06.12 01:50:29.837,1.5552,1.5558,2.40,4.80
2009.06.12 01:50:30.226,1.5552,1.5558,2.40,3.20
2009.06.12 01:50:31.376,1.55535,1.5559,2.40,1.60
2009.06.12 01:50:31.656,1.55535,1.5563,2.40,4.80
2009.06.12 01:50:50.902,1.55565,1.5563,2.40,6.40
2009.06.12 01:50:50.962,1.55565,1.5563,2.40,4.80
2009.06.12 01:50:51.411,1.55565,1.5563,2.40,6.40
2009.06.12 01:50:51.471,1.55565,1.5563,2.40,8.00
2009.06.12 01:50:52.401,1.5556,1.55625,2.40,3.20
2009.06.12 01:50:52.641,1.5556,1.55625,2.40,4.80
2009.06.12 01:50:53.281,1.5555,1.55625,2.40,4.80
2009.06.12 01:50:54.971,1.55545,1.55615,1.60,3.20
2009.06.12 01:50:55.321,1.55575,1.5561,2.40,1.60
2009.06.12 01:50:55.610,1.55575,1.55655,2.40,1.60
2009.06.12 01:50:55.940,1.55575,1.5566,2.40,4.80
2009.06.12 01:50:56.470,1.55595,1.5566,2.40,1.60
2009.06.12 01:50:56.970,1.55595,1.5565,2.40,3.20
2009.06.12 01:50:57.660,1.556,1.5565,2.40,3.20
2009.06.12 01:50:57.940,1.556,1.55655,2.40,1.60
2009.06.12 01:50:58.170,1.556,1.5566,2.40,4.80
2009.06.12 01:51:01.009,1.55595,1.5565,2.40,3.20
2009.06.12 01:51:03.459,1.556,1.55655,2.40,1.60
2009.06.12 01:51:03.749,1.556,1.5566,2.40,4.80
2009.06.12 01:51:07.707,1.5562,1.5566,2.40,3.20
2009.06.12 01:51:07.827,1.5562,1.5566,2.40,1.60
2009.06.12 01:51:08.397,1.55625,1.5573,2.40,1.60
2009.06.12 01:51:08.797,1.5564,1.55755,2.40,1.60
2009.06.12 01:51:09.147,1.5564,1.5576,2.40,1.60
2009.06.12 01:51:11.427,1.5564,1.5575,2.40,4.80
2009.06.12 01:51:15.536,1.5564,1.5575,2.40,3.20
2009.06.12 01:51:15.826,1.55645,1.5575,2.40,1.60
2009.06.12 01:51:16.186,1.55635,1.5575,4.00,1.60
2009.06.12 01:51:16.425,1.55635,1.55755,2.40,1.60
2009.06.12 01:51:16.995,1.55635,1.5575,2.40,4.80
2009.06.12 01:51:18.055,1.55645,1.5575,2.40,4.80
2009.06.12 01:51:18.395,1.55645,1.5575,2.40,1.60
2009.06.12 01:51:18.745,1.55645,1.5575,2.40,3.20
2009.06.12 01:51:19.975,1.55635,1.5575,4.00,3.20
2009.06.12 01:51:20.435,1.55635,1.55755,4.00,1.60
2009.06.12 01:51:20.724,1.55635,1.5575,2.40,3.20
2009.06.12 01:51:21.025,1.55635,1.5575,2.40,4.80
2009.06.12 01:51:21.144,1.55635,1.55745,2.40,1.60
2009.06.12 01:51:21.774,1.55635,1.5574,2.40,1.60
2009.06.12 01:51:22.224,1.55635,1.5574,2.40,3.20
2009.06.12 01:51:22.514,1.55635,1.55745,2.40,1.60
2009.06.12 01:51:23.224,1.55635,1.5574,2.40,3.20
2009.06.12 01:51:23.344,1.55625,1.5574,4.00,3.20
2009.06.12 01:51:23.794,1.55625,1.5574,4.00,1.60
2009.06.12 01:51:23.964,1.55625,1.5574,2.40,3.20
2009.06.12 01:51:24.834,1.55625,1.5575,2.40,7.60
2009.06.12 01:51:25.003,1.55625,1.5574,2.40,3.20
2009.06.12 01:51:25.823,1.55625,1.5575,2.40,7.60
2009.06.12 01:51:26.573,1.55625,1.5574,2.40,3.20
2009.06.12 01:51:26.993,1.55625,1.55735,2.40,1.60
2009.06.12 01:51:27.403,1.55625,1.5573,2.40,3.20
2009.06.12 01:51:28.483,1.5562,1.55715,2.40,3.20
2009.06.12 01:51:29.052,1.5562,1.55715,2.40,4.80
2009.06.12 01:51:37.470,1.55615,1.557,2.40,3.20
2009.06.12 01:51:38.030,1.55615,1.55695,2.40,1.60
2009.06.12 01:51:48.748,1.5561,1.55695,2.40,4.80
2009.06.12 01:51:49.207,1.55605,1.5569,2.40,3.20
2009.06.12 01:51:49.488,1.55605,1.5569,2.40,4.80
2009.06.12 01:51:49.597,1.55605,1.55685,2.40,1.60
2009.06.12 01:51:55.006,1.55595,1.5567,1.60,3.20
2009.06.12 01:51:55.636,1.55585,1.5567,2.40,4.80
2009.06.12 01:51:56.566,1.5559,1.5567,2.40,1.60
2009.06.12 01:51:57.146,1.5559,1.55675,2.40,4.80
2009.06.12 01:51:58.735,1.556,1.55675,2.40,1.60
2009.06.12 01:51:59.325,1.5559,1.55665,2.40,3.20
2009.06.12 01:51:59.555,1.5559,1.55665,2.40,4.80
2009.06.12 01:52:02.834,1.55585,1.5566,1.60,3.20
2009.06.12 01:52:03.174,1.55585,1.5566,1.60,6.40
2009.06.12 01:52:03.344,1.55545,1.5566,2.40,8.00
2009.06.12 01:52:08.733,1.55545,1.55655,4.00,3.20
2009.06.12 01:52:09.143,1.55545,1.55655,2.40,4.80
2009.06.12 01:52:10.852,1.55545,1.55655,2.40,12.80
2009.06.12 01:52:11.084,1.55545,1.5564,2.40,2.80
2009.06.12 01:52:11.442,1.5553,1.5562,1.60,3.20
2009.06.12 01:52:11.793,1.55515,1.5562,2.40,1.60
2009.06.12 01:52:11.902,1.55515,1.55625,1.60,14.40
2009.06.12 01:52:12.212,1.55515,1.55625,2.40,1.60
2009.06.12 01:52:12.732,1.55525,1.5562,1.60,16.00
2009.06.12 01:52:13.082,1.5554,1.55625,2.40,4.80
2009.06.12 01:52:14.752,1.5555,1.55625,4.00,3.20
2009.06.12 01:52:15.051,1.5555,1.55625,2.40,4.80
2009.06.12 01:52:15.511,1.5556,1.55625,2.40,1.60
2009.06.12 01:52:15.801,1.5556,1.5563,2.40,3.20
2009.06.12 01:52:16.551,1.55565,1.55635,2.40,4.80
2009.06.12 01:52:16.821,1.55565,1.5563,2.40,1.60
2009.06.12 01:52:17.111,1.55565,1.55635,2.40,4.80
2009.06.12 01:52:17.341,1.55565,1.55635,2.40,3.20
2009.06.12 01:52:17.631,1.5557,1.55635,2.40,1.60
2009.06.12 01:52:18.440,1.5557,1.5564,2.40,4.80
2009.06.12 01:52:20.390,1.55565,1.55635,2.40,3.20
2009.06.12 01:52:21.240,1.55565,1.55635,2.40,4.80
2009.06.12 01:52:24.089,1.5557,1.5564,2.40,4.80
2009.06.12 01:52:31.177,1.55575,1.5564,2.40,1.60
2009.06.12 01:52:31.647,1.55575,1.55645,2.40,1.60
2009.06.12 01:52:33.877,1.55575,1.5565,2.40,4.80
2009.06.12 01:52:34.977,1.55565,1.5565,4.00,4.80
2009.06.12 01:52:35.156,1.55565,1.5565,2.40,4.80
2009.06.12 01:52:35.606,1.5558,1.55655,2.40,4.80
2009.06.12 01:52:38.766,1.5559,1.55655,2.40,1.60
2009.06.12 01:52:39.406,1.55595,1.5566,2.40,1.60
2009.06.12 01:52:40.095,1.55595,1.55665,2.40,1.60
2009.06.12 01:52:43.015,1.556,1.5568,2.40,1.60
2009.06.12 01:52:44.954,1.55595,1.5567,2.40,3.20
2009.06.12 01:52:45.424,1.55595,1.55665,2.40,1.60
2009.06.12 01:52:49.873,1.556,1.55665,2.40,1.60
2009.06.12 01:52:50.433,1.556,1.5567,2.40,1.60
2009.06.12 01:52:55.102,1.556,1.5568,2.40,3.20
2009.06.12 01:52:55.391,1.556,1.5568,2.40,4.80
2009.06.12 01:52:55.841,1.55595,1.5568,1.60,8.00
2009.06.12 01:52:56.182,1.55595,1.5567,1.60,3.20
2009.06.12 01:52:56.301,1.55595,1.5567,1.60,6.40
2009.06.12 01:52:56.411,1.5555,1.5567,2.40,6.40
2009.06.12 01:52:56.642,1.5555,1.5567,2.40,8.00
2009.06.12 01:52:56.761,1.5555,1.5567,2.40,17.60
2009.06.12 01:52:57.001,1.55555,1.5567,2.40,14.40
2009.06.12 01:52:57.341,1.55555,1.5567,2.40,4.80
2009.06.12 01:52:57.461,1.55565,1.55675,2.40,12.80
2009.06.12 01:52:58.731,1.5557,1.55675,2.40,1.60
2009.06.12 01:52:59.011,1.5557,1.5568,2.40,17.60
2009.06.12 01:52:59.121,1.5557,1.5568,2.40,16.00
2009.06.12 01:52:59.461,1.5557,1.5568,2.40,17.60
2009.06.12 01:53:00.690,1.55565,1.55675,4.00,3.20
2009.06.12 01:53:01.160,1.55565,1.5567,4.00,3.20
2009.06.12 01:53:01.550,1.55565,1.5567,2.40,3.20
2009.06.12 01:53:02.000,1.5557,1.5567,2.40,3.20
2009.06.12 01:53:02.350,1.5557,1.55675,2.40,1.60
2009.06.12 01:53:02.580,1.55565,1.5567,4.00,3.20
2009.06.12 01:53:02.980,1.55565,1.5567,2.40,3.20
2009.06.12 01:53:07.569,1.5556,1.5567,4.00,6.40
2009.06.12 01:53:08.218,1.5556,1.5567,2.40,8.00
2009.06.12 01:53:08.508,1.5556,1.5567,2.40,17.60
2009.06.12 01:53:09.248,1.55565,1.5567,2.40,12.80
2009.06.12 01:53:09.358,1.55565,1.5567,2.40,4.80
2009.06.12 01:53:11.658,1.55565,1.5567,2.40,3.20
2009.06.12 01:53:11.718,1.55565,1.5567,2.40,4.80
2009.06.12 01:53:12.707,1.55565,1.5567,2.40,3.20
2009.06.12 01:53:19.426,1.55565,1.5567,2.40,4.80
2009.06.12 01:53:19.656,1.5556,1.5567,2.40,9.60
2009.06.12 01:53:19.716,1.55555,1.55665,4.00,3.20
2009.06.12 01:53:20.336,1.55555,1.5566,2.40,3.20
2009.06.12 01:53:20.875,1.55555,1.5566,2.40,4.80
2009.06.12 01:53:23.415,1.55555,1.5566,2.40,3.20
2009.06.12 01:53:26.394,1.55555,1.5566,2.40,4.80
2009.06.12 01:53:39.891,1.55555,1.5566,2.40,4.80
2009.06.12 01:53:52.778,1.55555,1.5566,2.40,4.80
2009.06.12 01:53:55.057,1.5555,1.5565,2.40,3.20
2009.06.12 01:53:55.507,1.5555,1.5564,2.40,1.60
2009.06.12 01:53:55.567,1.5555,1.5564,2.40,3.20
2009.06.12 01:53:58.136,1.55555,1.5565,2.40,4.80
2009.06.12 01:53:59.447,1.5555,1.5565,2.40,4.80
2009.06.12 01:54:05.315,1.5555,1.5563,2.40,3.20
2009.06.12 01:54:05.655,1.5555,1.5563,2.40,4.80
2009.06.12 01:54:05.775,1.5554,1.55625,2.40,3.20
2009.06.12 01:54:06.474,1.5554,1.55625,2.40,4.80
2009.06.12 01:54:06.875,1.55555,1.55625,2.40,1.60
2009.06.12 01:54:06.994,1.55555,1.5563,2.40,1.60
2009.06.12 01:54:07.344,1.55555,1.55635,2.40,1.60
2009.06.12 01:54:08.104,1.5555,1.5563,2.40,3.20
2009.06.12 01:54:08.284,1.55555,1.55635,2.40,1.60
2009.06.12 01:54:08.804,1.55555,1.5564,2.40,3.20
2009.06.12 01:54:09.034,1.55555,1.5565,2.40,4.80
2009.06.12 01:54:09.624,1.55555,1.5565,2.40,3.20
2009.06.12 01:54:12.273,1.5556,1.5565,2.40,1.60
2009.06.12 01:54:12.503,1.55555,1.5565,2.40,1.60
2009.06.12 01:54:12.803,1.55555,1.5565,2.40,3.20
2009.06.12 01:54:14.293,1.5556,1.5565,2.40,1.60
2009.06.12 01:54:14.353,1.5556,1.5566,2.40,3.20
2009.06.12 01:54:14.793,1.55555,1.5566,2.40,3.20
2009.06.12 01:54:15.272,1.55555,1.5565,2.40,1.60
2009.06.12 01:54:15.852,1.5556,1.5566,2.40,3.20
2009.06.12 01:54:27.290,1.55565,1.5566,2.40,4.80
2009.06.12 01:54:27.340,1.55565,1.5566,2.40,3.20
2009.06.12 01:54:27.639,1.55565,1.5566,2.40,1.60
2009.06.12 01:54:27.819,1.55565,1.5566,2.40,3.20
2009.06.12 01:54:27.869,1.55565,1.5566,2.40,4.80
2009.06.12 01:54:28.749,1.5556,1.5566,2.40,4.80
2009.06.12 01:54:28.979,1.55565,1.5566,2.40,1.60
2009.06.12 01:54:29.379,1.55565,1.5566,2.40,3.20
2009.06.12 01:54:29.439,1.55565,1.5566,2.40,4.80
2009.06.12 01:54:30.499,1.55555,1.5566,4.00,4.80
2009.06.12 01:54:30.778,1.55555,1.5565,2.40,4.80
2009.06.12 01:54:31.069,1.55555,1.5565,2.40,3.20
2009.06.12 01:54:31.178,1.5556,1.5565,2.40,1.60
2009.06.12 01:54:31.658,1.5556,1.5566,2.40,4.80
2009.06.12 01:54:32.518,1.55555,1.5566,2.40,4.80
2009.06.12 01:54:32.798,1.55555,1.55655,2.40,1.60
2009.06.12 01:54:33.028,1.55555,1.5565,2.40,1.60
2009.06.12 01:54:33.318,1.55555,1.5565,2.40,4.80
2009.06.12 01:54:34.778,1.5556,1.5565,2.40,1.60
2009.06.12 01:54:34.898,1.55565,1.5565,2.40,1.60
2009.06.12 01:54:35.288,1.5556,1.5566,2.40,1.60
2009.06.12 01:54:35.637,1.5556,1.5567,2.40,1.60
2009.06.12 01:54:35.927,1.5555,1.5566,9.60,3.20
2009.06.12 01:54:36.277,1.55535,1.5566,13.60,3.20
2009.06.12 01:54:36.797,1.55535,1.55665,2.40,12.80
2009.06.12 01:54:37.778,1.55545,1.5566,2.40,3.20
2009.06.12 01:54:42.496,1.55545,1.5567,2.40,6.00
2009.06.12 01:54:42.716,1.5554,1.5567,2.40,9.40
2009.06.12 01:54:42.776,1.5554,1.55655,2.40,3.20
2009.06.12 01:54:43.775,1.5554,1.55655,2.40,3.20
2009.06.12 01:54:44.065,1.55535,1.5563,2.40,3.20
2009.06.12 01:54:44.545,1.55535,1.5563,2.40,4.80
2009.06.12 01:54:57.423,1.55545,1.5562,2.40,1.60
2009.06.12 01:54:58.052,1.55545,1.5563,2.40,4.80
2009.06.12 01:55:02.081,1.55555,1.55645,2.40,4.80
2009.06.12 01:55:02.301,1.55555,1.55645,2.40,1.60
2009.06.12 01:55:02.631,1.55555,1.5565,2.40,1.60
2009.06.12 01:55:02.801,1.55555,1.55655,2.40,4.80
2009.06.12 01:55:07.440,1.5556,1.55635,2.40,3.20
2009.06.12 01:55:07.970,1.5556,1.55635,2.40,4.80
2009.06.12 01:55:09.459,1.5555,1.55635,4.00,4.80
2009.06.12 01:55:10.279,1.5555,1.55635,2.40,4.80
2009.06.12 01:55:11.999,1.5555,1.55625,2.40,3.20
2009.06.12 01:55:12.299,1.5555,1.55625,2.40,4.80
2009.06.12 01:55:12.359,1.55545,1.5562,2.40,3.20
2009.06.12 01:55:12.599,1.55545,1.5562,2.40,4.80
2009.06.12 01:55:12.659,1.55545,1.5561,1.60,3.20
2009.06.12 01:55:12.959,1.55535,1.5561,2.40,3.20
2009.06.12 01:55:13.309,1.5554,1.5561,2.40,6.40
2009.06.12 01:55:13.649,1.5554,1.5561,2.40,3.20
2009.06.12 01:55:14.068,1.5554,1.55605,2.40,1.60
2009.06.12 01:55:14.298,1.55545,1.5561,2.40,1.60
2009.06.12 01:55:14.748,1.5555,1.5561,2.40,1.60
2009.06.12 01:55:14.978,1.5555,1.55615,2.40,1.60
2009.06.12 01:55:15.208,1.5556,1.5562,2.40,1.60
2009.06.12 01:55:15.678,1.5556,1.55615,2.40,1.60
2009.06.12 01:55:16.098,1.5555,1.55625,1.60,3.20
2009.06.12 01:55:16.338,1.5554,1.55625,2.40,1.60
2009.06.12 01:55:16.618,1.5554,1.55625,2.40,4.80
2009.06.12 01:55:17.327,1.5554,1.55625,2.40,1.60
2009.06.12 01:55:17.657,1.5554,1.5563,2.40,1.60
2009.06.12 01:55:18.187,1.55555,1.5563,2.40,1.60
2009.06.12 01:55:18.478,1.5554,1.5563,4.00,1.60
2009.06.12 01:55:18.717,1.5554,1.5563,2.40,1.60
2009.06.12 01:55:18.837,1.55555,1.5563,2.40,1.60
2009.06.12 01:55:19.117,1.55565,1.55635,2.40,1.60
2009.06.12 01:55:21.706,1.55565,1.5564,2.40,8.00
2009.06.12 01:55:25.236,1.55585,1.5565,2.40,8.00
2009.06.12 01:55:25.516,1.5558,1.55645,2.40,3.20
2009.06.12 01:55:26.225,1.5558,1.55645,2.40,4.80
2009.06.12 01:55:30.244,1.5558,1.5565,2.40,4.80
2009.06.12 01:55:30.574,1.5559,1.5565,2.40,4.80
2009.06.12 01:55:31.074,1.55585,1.5565,2.40,1.60
2009.06.12 01:55:31.425,1.55585,1.55665,2.40,1.60
2009.06.12 01:55:31.774,1.55595,1.55665,2.40,1.60
2009.06.12 01:55:31.894,1.55585,1.55665,2.40,1.60
2009.06.12 01:55:33.693,1.5558,1.5565,2.40,3.20
2009.06.12 01:55:33.983,1.5558,1.5565,2.40,4.80
2009.06.12 01:55:34.383,1.5559,1.5565,2.40,1.60
2009.06.12 01:55:34.743,1.55585,1.5566,2.40,1.60
2009.06.12 01:55:35.203,1.55585,1.55665,2.40,1.60
2009.06.12 01:55:42.552,1.55585,1.5566,2.40,3.20
2009.06.12 01:55:42.781,1.55585,1.5566,2.40,6.40
2009.06.12 01:55:43.181,1.55585,1.5566,2.40,8.00
2009.06.12 01:55:47.631,1.5558,1.5565,2.40,4.80
2009.06.12 01:55:50.899,1.5559,1.5565,2.40,1.60
2009.06.12 01:55:51.249,1.5559,1.55655,2.40,1.60
2009.06.12 01:55:51.599,1.5559,1.5566,2.40,1.60
2009.06.12 01:55:54.559,1.55595,1.5566,2.40,1.60
2009.06.12 01:55:54.858,1.55595,1.55665,2.40,1.60
2009.06.12 01:55:58.028,1.55595,1.55665,2.40,1.60
2009.06.12 01:56:04.296,1.556,1.55665,2.40,1.60
2009.06.12 01:56:04.636,1.556,1.5567,2.40,1.60
2009.06.12 01:56:06.525,1.55605,1.5567,2.40,1.60
2009.06.12 01:56:06.766,1.55605,1.55675,2.40,1.60
2009.06.12 01:56:07.645,1.55595,1.55675,4.00,1.60
2009.06.12 01:56:08.445,1.55595,1.55675,2.40,1.60
2009.06.12 01:56:10.914,1.55595,1.55675,2.40,4.80
2009.06.12 01:56:12.254,1.55605,1.55675,2.40,4.80
2009.06.12 01:56:18.023,1.55595,1.5567,2.40,3.20
2009.06.12 01:56:18.313,1.55595,1.5567,2.40,4.80
2009.06.12 01:56:18.483,1.55595,1.55665,2.40,1.60
2009.06.12 01:56:18.842,1.5559,1.55665,2.40,4.80
2009.06.12 01:56:18.953,1.5559,1.5566,2.40,1.60
2009.06.12 01:56:19.353,1.55585,1.5566,2.40,3.20
2009.06.12 01:56:19.702,1.55585,1.5566,2.40,4.80
2009.06.12 01:56:20.272,1.55585,1.55655,2.40,1.60
2009.06.12 01:56:21.572,1.5558,1.55655,2.40,4.80
2009.06.12 01:56:21.872,1.5558,1.55645,2.40,1.60
2009.06.12 01:56:22.102,1.5558,1.5565,2.40,1.60
2009.06.12 01:56:22.512,1.5558,1.55655,2.40,4.80
2009.06.12 01:56:23.381,1.5558,1.55655,2.40,1.60
2009.06.12 01:56:23.671,1.55575,1.5565,2.40,3.20
2009.06.12 01:56:24.131,1.55575,1.55645,2.40,1.60
2009.06.12 01:56:55.254,1.55575,1.55645,2.40,1.60
2009.06.12 01:56:59.473,1.5556,1.5564,2.40,4.80
2009.06.12 01:56:59.753,1.5555,1.5564,4.00,4.80
2009.06.12 01:56:59.913,1.5555,1.5563,2.40,3.20
2009.06.12 01:57:00.153,1.5556,1.5563,2.40,1.60
2009.06.12 01:57:00.613,1.5555,1.5563,1.60,3.20
2009.06.12 01:57:01.023,1.5554,1.5563,2.40,4.80
2009.06.12 01:57:02.242,1.5555,1.5563,1.60,4.80
2009.06.12 01:57:02.482,1.55555,1.5563,1.60,4.80
2009.06.12 01:57:02.832,1.5554,1.5563,2.40,4.80
2009.06.12 01:57:05.212,1.5555,1.5563,2.40,4.80
2009.06.12 01:57:06.831,1.5556,1.5563,2.40,4.80
2009.06.12 01:57:10.260,1.55565,1.5563,2.40,1.60
2009.06.12 01:57:10.680,1.55565,1.55635,2.40,1.60
2009.06.12 01:57:17.088,1.5556,1.5563,2.40,3.20
2009.06.12 01:57:17.479,1.5556,1.5563,2.40,4.80
2009.06.12 01:57:27.476,1.55555,1.5563,2.40,4.80
2009.06.12 01:57:29.706,1.5556,1.5563,2.40,1.60
2009.06.12 01:57:30.295,1.5556,1.55635,2.40,4.80
2009.06.12 01:58:04.477,1.55575,1.55645,2.40,1.60
2009.06.12 01:58:16.714,1.5558,1.5565,2.40,1.60
2009.06.12 01:58:16.984,1.5558,1.55655,2.40,4.80
2009.06.12 01:58:19.354,1.55585,1.55655,2.40,1.60
2009.06.12 01:58:19.634,1.55585,1.5566,2.40,4.80
2009.06.12 01:58:33.850,1.5559,1.5566,2.40,1.60
2009.06.12 01:58:34.020,1.5559,1.55665,2.40,4.80
2009.06.12 01:58:40.159,1.55595,1.55665,2.40,1.60
2009.06.12 01:58:40.518,1.55595,1.5567,2.40,4.80
2009.06.12 01:58:41.968,1.556,1.5567,2.40,1.60
2009.06.12 01:58:42.538,1.556,1.55675,2.40,4.80
2009.06.12 01:58:42.698,1.55605,1.55675,2.40,4.80
2009.06.12 01:58:52.116,1.556,1.55675,2.40,4.80
2009.06.12 01:58:52.236,1.556,1.5567,2.40,3.20
2009.06.12 01:58:52.765,1.556,1.5567,2.40,4.80
2009.06.12 01:58:54.475,1.55605,1.5567,2.40,1.60
2009.06.12 01:58:54.895,1.55595,1.55665,2.40,3.20
2009.06.12 01:58:55.185,1.556,1.55665,1.60,3.20
2009.06.12 01:58:55.305,1.556,1.5567,2.40,4.80
2009.06.12 01:59:00.534,1.5559,1.55655,1.60,3.20
2009.06.12 01:59:00.884,1.5558,1.55655,2.40,4.80
2009.06.12 01:59:01.193,1.55575,1.5565,1.60,3.20
2009.06.12 01:59:01.763,1.55565,1.5564,1.60,3.20
2009.06.12 01:59:02.113,1.55555,1.5563,2.40,3.20
2009.06.12 01:59:02.683,1.55555,1.5563,2.40,4.80
2009.06.12 01:59:08.312,1.55555,1.5563,2.40,3.20
2009.06.12 01:59:08.942,1.55555,1.5563,2.40,1.60
2009.06.12 01:59:09.291,1.5555,1.5562,2.40,3.20
2009.06.12 01:59:09.751,1.55555,1.5563,2.40,4.80
2009.06.12 01:59:10.901,1.5556,1.55635,2.40,4.80
2009.06.12 01:59:13.910,1.55565,1.55635,2.40,1.60
2009.06.12 01:59:14.320,1.55565,1.5564,2.40,4.80
2009.06.12 01:59:16.480,1.5557,1.5564,2.40,1.60
2009.06.12 01:59:16.940,1.5557,1.55645,2.40,4.80
2009.06.12 01:59:21.348,1.5557,1.5565,2.40,4.80
2009.06.12 01:59:57.530,1.55565,1.5564,2.40,3.20
2009.06.12 01:59:57.880,1.55565,1.5564,2.40,4.80
2009.06.12 01:59:58.410,1.5556,1.55635,2.40,3.20
2009.06.12 01:59:58.979,1.5556,1.55635,2.40,4.80
