2016.12.20 22:00:00.100,1.3885,1.3889,0.75,0.75
2016.12.20 22:00:00.363,1.38825,1.38889,0.75,0.75
2016.12.20 22:00:00.475,1.38823,1.3889,0.75,0.75
2016.12.20 22:00:18.254,1.38822,1.38905,0.75,0.75
2016.12.20 22:00:18.528,1.3881,1.38905,0.37,0.75
2016.12.20 22:00:18.579,1.38802,1.38905,0.75,0.75
2016.12.20 22:00:25.659,1.38805,1.38905,0.75,0.75
2016.12.20 22:00:26.079,1.3881,1.38905,0.37,0.75
2016.12.20 22:00:27.828,1.3881,1.38916,0.37,0.75
2016.12.20 22:00:27.934,1.38812,1.38916,0.75,0.75
2016.12.20 22:00:28.303,1.38817,1.38916,0.37,0.75
2016.12.20 22:00:36.397,1.3881,1.38916,0.37,0.75
2016.12.20 22:00:41.263,1.38811,1.38916,0.37,0.75
2016.12.20 22:01:01.345,1.3881,1.38916,0.37,0.75
2016.12.20 22:01:03.719,1.3881,1.38915,0.37,0.75
2016.12.20 22:01:21.366,1.38811,1.38915,0.37,0.75
2016.12.20 22:01:37.012,1.38812,1.38915,0.75,0.75
2016.12.20 22:01:37.063,1.38817,1.38916,0.37,0.75
2016.12.20 22:01:50.923,1.38817,1.38914,0.37,0.75
2016.12.20 22:01:51.024,1.38814,1.38914,0.37,0.75
2016.12.20 22:02:00.718,1.38814,1.38912,0.37,0.75
2016.12.20 22:02:01.351,1.38815,1.38912,0.37,0.75
2016.12.20 22:02:14.844,1.38815,1.38896,0.37,0.75
2016.12.20 22:02:15.194,1.38819,1.38886,0.75,0.75
2016.12.20 22:02:16.400,1.3882,1.38886,0.75,0.75
2016.12.20 22:02:38.483,1.38828,1.38886,0.75,0.75
2016.12.20 22:02:54.756,1.38828,1.3887,0.75,0.75
2016.12.20 22:03:01.131,1.38828,1.38869,0.75,0.75
2016.12.20 22:03:03.019,1.38828,1.38866,0.75,0.75
2016.12.20 22:03:24.966,1.38825,1.38866,0.75,0.75
2016.12.20 22:03:25.507,1.38825,1.38867,0.75,0.75
2016.12.20 22:03:34.546,1.38825,1.38866,0.75,0.75
2016.12.20 22:03:44.426,1.38823,1.38866,0.75,0.75
2016.12.20 22:03:44.577,1.38821,1.38889,0.37,0.75
2016.12.20 22:03:44.678,1.38821,1.38917,1.12,0.37
2016.12.20 22:03:44.729,1.38834,1.38917,0.75,0.37
2016.12.20 22:03:44.779,1.38834,1.38921,0.75,0.75
2016.12.20 22:03:44.829,1.38838,1.38921,0.37,0.75
2016.12.20 22:03:45.331,1.38839,1.38921,0.37,0.75
2016.12.20 22:03:47.607,1.3884,1.38921,0.37,0.75
2016.12.20 22:03:48.234,1.38841,1.38921,0.37,0.75
2016.12.20 22:03:59.308,1.38841,1.38922,0.37,0.75
2016.12.20 22:04:00.063,1.38841,1.3892,0.37,0.75
2016.12.20 22:04:00.763,1.38841,1.38922,0.37,0.75
2016.12.20 22:04:04.061,1.38833,1.38919,1.75,1.00
2016.12.20 22:04:04.112,1.38833,1.38922,1.75,1.00
2016.12.20 22:04:04.184,1.38845,1.38937,1.00,1.00
2016.12.20 22:04:04.234,1.38859,1.38937,1.87,1.00
2016.12.20 22:04:04.285,1.38865,1.38942,1.12,1.00
2016.12.20 22:04:04.335,1.38879,1.38942,1.37,1.00
2016.12.20 22:04:04.594,1.38866,1.38939,1.75,1.00
2016.12.20 22:04:04.695,1.38866,1.3894,1.75,1.00
2016.12.20 22:04:07.852,1.38873,1.3894,1.37,1.00
2016.12.20 22:04:07.935,1.38878,1.38947,1.12,1.00
2016.12.20 22:04:07.986,1.38878,1.38947,1.75,1.00
2016.12.20 22:04:08.355,1.38878,1.38941,1.75,1.00
2016.12.20 22:04:09.297,1.38876,1.38941,1.00,1.00
2016.12.20 22:04:16.881,1.38877,1.38941,1.00,1.00
2016.12.20 22:04:17.014,1.38877,1.38947,1.00,1.00
2016.12.20 22:04:18.783,1.38878,1.38947,1.00,1.00
2016.12.20 22:04:46.262,1.38878,1.3896,1.00,1.37
2016.12.20 22:04:46.313,1.38859,1.38963,1.12,1.37
2016.12.20 22:04:46.414,1.38856,1.38952,1.12,1.37
2016.12.20 22:04:46.624,1.38855,1.38962,1.12,1.12
2016.12.20 22:05:05.881,1.38855,1.38955,1.12,1.75
2016.12.20 22:05:06.032,1.38849,1.38957,1.12,1.12
2016.12.20 22:05:17.036,1.38848,1.38953,1.75,1.87
2016.12.20 22:05:23.295,1.38849,1.38957,1.12,1.87
2016.12.20 22:05:24.034,1.38848,1.38953,1.75,1.37
2016.12.20 22:05:26.293,1.38848,1.38955,1.75,1.12
2016.12.20 22:05:42.619,1.38851,1.38967,4.50,1.75
2016.12.20 22:05:42.820,1.3888,1.38967,1.75,1.00
2016.12.20 22:05:42.871,1.38884,1.3898,1.12,1.37
2016.12.20 22:05:43.916,1.38884,1.3898,1.12,1.37
2016.12.20 22:05:44.341,1.38884,1.3897,1.12,1.00
2016.12.20 22:05:44.496,1.38876,1.3897,1.75,1.37
2016.12.20 22:05:44.686,1.3888,1.3897,1.12,1.37
2016.12.20 22:05:44.795,1.38876,1.3897,1.75,1.37
2016.12.20 22:05:47.669,1.38878,1.3897,1.75,1.37
2016.12.20 22:05:48.314,1.38878,1.3897,1.75,1.37
2016.12.20 22:05:52.374,1.38878,1.38961,1.75,1.00
2016.12.20 22:05:53.012,1.38876,1.38959,1.12,1.00
2016.12.20 22:05:53.113,1.3887,1.38959,1.80,1.00
2016.12.20 22:05:59.645,1.38873,1.38959,1.12,1.00
2016.12.20 22:05:59.858,1.38873,1.38969,1.87,1.00
2016.12.20 22:05:59.908,1.38874,1.38969,1.12,1.00
2016.12.20 22:06:06.795,1.38866,1.38969,1.12,1.37
2016.12.20 22:06:07.965,1.38866,1.3896,1.12,1.00
2016.12.20 22:06:08.016,1.38866,1.3896,1.37,1.00
2016.12.20 22:06:10.381,1.38864,1.38965,1.42,1.12
2016.12.20 22:06:10.452,1.38858,1.38968,1.42,1.12
2016.12.20 22:06:10.554,1.38862,1.38968,1.75,1.12
2016.12.20 22:06:10.654,1.38867,1.38971,1.12,1.37
2016.12.20 22:06:18.565,1.38879,1.3896,1.00,1.00
2016.12.20 22:06:18.768,1.38864,1.3896,1.75,1.00
2016.12.20 22:06:19.977,1.38864,1.38953,1.50,1.00
2016.12.20 22:06:20.406,1.38864,1.38958,1.50,1.00
2016.12.20 22:06:21.463,1.38866,1.38967,1.12,1.37
2016.12.20 22:06:25.475,1.38866,1.38959,1.12,1.00
2016.12.20 22:06:32.861,1.38861,1.3894,1.12,1.50
2016.12.20 22:06:32.942,1.38858,1.38935,1.12,1.00
2016.12.20 22:06:32.993,1.38847,1.38918,1.12,1.00
2016.12.20 22:06:33.409,1.38838,1.38912,1.75,1.00
2016.12.20 22:06:33.663,1.38838,1.38912,1.37,1.00
2016.12.20 22:06:34.033,1.38836,1.38916,1.50,1.00
2016.12.20 22:06:35.061,1.38857,1.38916,1.00,1.00
2016.12.20 22:06:35.112,1.38857,1.38939,1.75,1.00
2016.12.20 22:06:35.213,1.38857,1.38945,1.50,1.00
2016.12.20 22:06:35.314,1.38858,1.38947,1.12,1.00
2016.12.20 22:06:35.364,1.38858,1.38952,1.12,1.00
2016.12.20 22:06:35.415,1.38871,1.38952,1.75,1.00
2016.12.20 22:06:35.516,1.38888,1.38966,1.00,1.12
2016.12.20 22:06:35.567,1.38888,1.38952,1.00,1.00
2016.12.20 22:06:35.617,1.38883,1.38952,1.37,1.00
2016.12.20 22:06:35.668,1.38884,1.38952,1.12,1.00
2016.12.20 22:06:35.769,1.38885,1.38952,1.75,1.00
2016.12.20 22:06:35.971,1.38869,1.38952,1.12,1.00
2016.12.20 22:06:36.123,1.38869,1.38958,1.12,1.00
2016.12.20 22:06:36.325,1.38865,1.38959,1.12,1.12
2016.12.20 22:06:36.426,1.38859,1.38956,1.75,1.37
2016.12.20 22:06:36.627,1.38846,1.38954,1.12,1.12
2016.12.20 22:06:36.963,1.3885,1.38956,1.75,1.75
2016.12.20 22:06:37.066,1.38867,1.38956,1.37,1.00
2016.12.20 22:06:37.166,1.38868,1.38956,1.12,1.00
2016.12.20 22:06:37.267,1.38862,1.38956,1.87,1.00
2016.12.20 22:06:38.662,1.38866,1.38965,1.37,1.87
2016.12.20 22:06:38.713,1.38866,1.38965,1.75,1.87
2016.12.20 22:06:39.465,1.38876,1.38964,1.12,1.37
2016.12.20 22:06:40.130,1.38873,1.38954,1.75,1.37
2016.12.20 22:06:40.282,1.38867,1.38954,1.37,1.37
2016.12.20 22:06:41.370,1.38867,1.38949,1.37,1.00
2016.12.20 22:06:42.395,1.38874,1.38954,1.00,1.37
2016.12.20 22:06:42.446,1.38874,1.38957,1.12,1.75
2016.12.20 22:06:42.547,1.38874,1.38957,1.12,1.37
2016.12.20 22:06:43.649,1.38874,1.38949,1.12,1.00
2016.12.20 22:06:52.880,1.38888,1.38949,1.00,1.00
2016.12.20 22:06:53.246,1.38898,1.38949,1.00,1.00
2016.12.20 22:06:55.536,1.38898,1.3896,1.00,1.00
2016.12.20 22:06:55.637,1.389,1.38966,1.00,1.00
2016.12.20 22:06:55.738,1.38907,1.38974,1.00,1.00
2016.12.20 22:06:55.789,1.38914,1.38974,1.00,1.00
2016.12.20 22:06:56.219,1.3892,1.38972,1.00,1.00
2016.12.20 22:06:56.530,1.3892,1.38967,1.00,1.00
2016.12.20 22:06:57.164,1.38915,1.38967,1.00,1.00
2016.12.20 22:06:58.368,1.38916,1.38967,1.00,1.00
2016.12.20 22:06:59.152,1.38917,1.38967,1.00,1.00
2016.12.20 22:06:59.216,1.38917,1.38962,1.00,1.00
2016.12.20 22:06:59.267,1.38906,1.38962,1.00,1.00
2016.12.20 22:06:59.368,1.38903,1.38962,1.00,1.00
2016.12.20 22:06:59.853,1.389,1.38962,1.50,1.00
2016.12.20 22:07:01.479,1.38902,1.38962,1.00,1.00
2016.12.20 22:07:02.036,1.389,1.38963,1.50,1.00
2016.12.20 22:07:05.439,1.38903,1.38963,1.00,1.00
2016.12.20 22:07:05.739,1.389,1.38963,1.50,1.00
2016.12.20 22:07:07.362,1.38902,1.38963,1.00,1.00
2016.12.20 22:07:07.463,1.389,1.38963,1.50,1.00
2016.12.20 22:07:13.563,1.38899,1.38974,1.00,1.00
2016.12.20 22:07:13.614,1.38899,1.38974,1.00,1.37
2016.12.20 22:07:13.935,1.38899,1.38974,1.37,1.75
2016.12.20 22:07:14.271,1.38899,1.38974,1.75,1.75
2016.12.20 22:07:19.535,1.38894,1.38962,1.75,1.00
2016.12.20 22:07:19.647,1.38894,1.38962,1.37,1.37
2016.12.20 22:07:19.748,1.38894,1.38962,1.37,1.75
2016.12.20 22:07:31.947,1.38886,1.38953,1.50,1.37
2016.12.20 22:07:33.082,1.38886,1.38953,1.37,1.75
2016.12.20 22:07:46.927,1.38886,1.38953,1.50,1.75
2016.12.20 22:07:48.111,1.38887,1.3895,1.75,1.12
2016.12.20 22:07:48.964,1.38885,1.38943,1.75,1.00
2016.12.20 22:07:49.015,1.38885,1.38943,1.37,1.00
2016.12.20 22:07:55.190,1.38886,1.38948,1.37,1.37
2016.12.20 22:07:55.366,1.38894,1.38948,1.00,1.37
2016.12.20 22:07:55.518,1.38905,1.38961,1.00,1.37
2016.12.20 22:07:55.823,1.38903,1.38961,1.00,1.37
2016.12.20 22:07:56.998,1.38903,1.38952,1.50,1.00
2016.12.20 22:07:57.301,1.38861,1.38923,1.37,1.37
2016.12.20 22:07:58.937,1.38868,1.3894,1.00,1.75
2016.12.20 22:07:59.039,1.38868,1.3894,1.37,1.37
2016.12.20 22:07:59.487,1.3887,1.3894,1.75,1.00
2016.12.20 22:07:59.582,1.3887,1.3894,1.37,1.37
2016.12.20 22:08:03.839,1.38874,1.38943,1.00,1.75
2016.12.20 22:08:03.985,1.38874,1.38943,1.37,1.37
2016.12.20 22:08:10.600,1.38882,1.38951,1.37,1.37
2016.12.20 22:08:10.934,1.38887,1.38955,1.37,1.37
2016.12.20 22:08:15.813,1.38892,1.38955,1.00,1.37
2016.12.20 22:08:17.426,1.3889,1.38955,1.37,1.37
2016.12.20 22:08:27.732,1.389,1.38968,1.37,1.37
2016.12.20 22:08:28.252,1.38905,1.38968,1.00,1.37
2016.12.20 22:08:32.264,1.38907,1.38968,1.37,1.37
2016.12.20 22:08:33.254,1.38905,1.38947,1.12,1.00
2016.12.20 22:08:33.355,1.38883,1.38946,1.00,1.75
2016.12.20 22:08:33.406,1.38875,1.38946,1.50,1.75
2016.12.20 22:08:33.507,1.38871,1.38946,1.37,1.75
2016.12.20 22:08:35.973,1.38871,1.38941,1.37,1.75
2016.12.20 22:08:38.754,1.38871,1.38937,1.37,1.75
2016.12.20 22:08:41.861,1.38881,1.38943,1.00,1.75
2016.12.20 22:08:41.963,1.38881,1.38943,1.37,1.50
2016.12.20 22:08:45.498,1.38888,1.38954,1.00,1.75
2016.12.20 22:08:45.549,1.38888,1.38954,1.37,1.50
2016.12.20 22:08:45.603,1.38878,1.38942,1.75,1.00
2016.12.20 22:08:45.654,1.38878,1.38942,1.37,1.50
2016.12.20 22:08:47.083,1.38879,1.38941,1.37,1.75
2016.12.20 22:08:54.148,1.38875,1.38938,1.37,1.50
2016.12.20 22:09:05.050,1.38872,1.38938,1.50,1.37
2016.12.20 22:09:05.240,1.38873,1.38938,1.37,1.37
2016.12.20 22:09:08.643,1.38873,1.38938,1.37,1.37
2016.12.20 22:09:10.902,1.38885,1.38954,1.00,1.75
2016.12.20 22:09:11.003,1.38885,1.38954,1.37,1.37
2016.12.20 22:09:13.910,1.3888,1.38945,1.75,1.00
2016.12.20 22:09:13.961,1.38875,1.38945,1.37,1.50
2016.12.20 22:09:19.088,1.38871,1.38933,1.75,1.00
2016.12.20 22:09:19.391,1.38866,1.38927,1.37,1.37
2016.12.20 22:09:21.647,1.38865,1.38927,1.50,1.37
2016.12.20 22:09:25.410,1.38864,1.38928,1.37,1.37
2016.12.20 22:09:27.670,1.3886,1.38924,1.75,1.00
2016.12.20 22:09:27.721,1.3886,1.38924,1.37,1.37
2016.12.20 22:09:37.243,1.38865,1.38927,1.37,1.37
2016.12.20 22:09:44.283,1.3886,1.38927,1.37,1.37
2016.12.20 22:09:44.961,1.38869,1.38934,1.37,1.37
2016.12.20 22:09:47.061,1.38877,1.38942,1.37,1.37
2016.12.20 22:09:58.994,1.38866,1.38929,1.75,1.00
2016.12.20 22:09:59.044,1.38866,1.38928,1.87,1.37
2016.12.20 22:10:00.238,1.38868,1.38932,1.37,1.37
2016.12.20 22:10:01.221,1.38863,1.38925,1.75,1.00
2016.12.20 22:10:01.574,1.38863,1.38925,1.37,1.37
2016.12.20 22:10:08.539,1.38854,1.38916,1.75,1.00
2016.12.20 22:10:08.640,1.38854,1.38916,1.37,1.37
2016.12.20 22:10:10.139,1.3886,1.3893,1.00,1.75
2016.12.20 22:10:10.243,1.3886,1.3893,1.37,1.37
2016.12.20 22:10:13.493,1.38852,1.38914,1.75,1.00
2016.12.20 22:10:13.544,1.38852,1.38914,1.37,1.37
2016.12.20 22:10:18.325,1.38859,1.38921,1.00,1.75
2016.12.20 22:10:18.426,1.38859,1.38921,1.37,1.37
2016.12.20 22:10:18.527,1.38859,1.38921,1.75,1.37
2016.12.20 22:10:25.313,1.38854,1.38916,1.75,1.00
2016.12.20 22:10:25.364,1.38849,1.38913,1.75,1.37
2016.12.20 22:10:25.465,1.38849,1.38913,1.50,1.37
2016.12.20 22:10:32.618,1.38858,1.3892,1.00,1.75
2016.12.20 22:10:32.669,1.38851,1.38913,1.37,1.37
2016.12.20 22:10:34.789,1.38854,1.38916,1.37,1.37
2016.12.20 22:10:42.714,1.38859,1.38921,1.37,1.50
2016.12.20 22:10:43.903,1.38859,1.38921,1.75,1.37
2016.12.20 22:10:46.565,1.38863,1.38925,1.50,1.37
2016.12.20 22:11:10.368,1.38858,1.3892,1.75,1.00
2016.12.20 22:11:10.418,1.38858,1.3892,1.37,1.50
2016.12.20 22:11:45.567,1.38862,1.38924,1.00,1.75
2016.12.20 22:11:45.618,1.38862,1.38924,1.50,1.37
2016.12.20 22:11:55.930,1.38858,1.3892,1.37,1.37
2016.12.20 22:11:58.592,1.38858,1.3892,1.37,1.75
2016.12.20 22:12:06.106,1.38858,1.38921,1.37,1.37
2016.12.20 22:12:07.062,1.38858,1.38921,1.75,1.37
2016.12.20 22:12:36.463,1.38865,1.38927,1.37,1.37
2016.12.20 22:12:36.766,1.38887,1.38949,1.37,1.37
2016.12.20 22:12:37.069,1.38887,1.3893,1.37,1.00
2016.12.20 22:12:37.531,1.38887,1.3893,1.37,1.00
2016.12.20 22:12:38.644,1.38878,1.38937,1.75,1.00
2016.12.20 22:12:38.745,1.38878,1.38937,1.37,1.37
2016.12.20 22:12:45.264,1.38872,1.38934,1.37,1.37
2016.12.20 22:12:53.525,1.3888,1.38942,1.00,1.37
2016.12.20 22:12:53.626,1.3888,1.38942,1.37,1.37
2016.12.20 22:12:56.124,1.38885,1.38944,1.37,1.00
2016.12.20 22:12:56.225,1.38885,1.38952,1.37,1.00
2016.12.20 22:12:56.326,1.38887,1.3896,1.37,1.37
2016.12.20 22:12:56.850,1.38889,1.38951,1.37,1.00
2016.12.20 22:12:57.153,1.38896,1.38956,1.37,1.87
2016.12.20 22:12:58.972,1.38882,1.3895,1.75,1.00
2016.12.20 22:12:59.023,1.38882,1.3895,1.37,1.37
2016.12.20 22:13:00.963,1.38883,1.38944,1.12,1.37
2016.12.20 22:13:01.273,1.38874,1.38934,1.00,1.37
2016.12.20 22:13:02.895,1.38872,1.38933,1.00,1.37
2016.12.20 22:13:03.617,1.38873,1.38933,1.00,1.37
2016.12.20 22:13:05.015,1.38875,1.38947,1.37,1.75
2016.12.20 22:13:05.066,1.38877,1.38947,1.00,1.37
2016.12.20 22:13:05.117,1.3888,1.38947,1.00,1.37
2016.12.20 22:13:05.456,1.38885,1.38947,1.00,1.37
2016.12.20 22:13:06.363,1.38885,1.38941,1.00,1.75
2016.12.20 22:13:06.515,1.38876,1.38937,1.00,1.37
2016.12.20 22:13:06.687,1.38876,1.38937,1.00,1.37
2016.12.20 22:13:07.003,1.38879,1.38937,1.00,1.37
2016.12.20 22:13:07.507,1.38878,1.38937,1.00,1.37
2016.12.20 22:13:08.388,1.38879,1.38937,1.00,1.37
2016.12.20 22:13:08.966,1.38878,1.38937,1.00,1.37
2016.12.20 22:13:11.516,1.3888,1.38937,1.00,1.37
2016.12.20 22:13:11.692,1.38877,1.38937,1.00,1.37
2016.12.20 22:13:14.749,1.38878,1.38937,1.00,1.37
2016.12.20 22:13:15.354,1.38879,1.38937,1.00,1.37
2016.12.20 22:13:15.912,1.3888,1.38942,1.00,2.25
2016.12.20 22:13:17.944,1.38879,1.38939,1.00,1.75
2016.12.20 22:13:18.045,1.38876,1.38934,1.00,1.50
2016.12.20 22:13:18.447,1.38875,1.38926,1.00,1.00
2016.12.20 22:13:18.860,1.38875,1.38926,1.00,1.37
2016.12.20 22:13:19.265,1.38873,1.38926,1.00,1.37
2016.12.20 22:13:20.101,1.38873,1.38926,1.00,1.37
2016.12.20 22:13:21.097,1.38873,1.3893,1.00,1.37
2016.12.20 22:13:21.148,1.38875,1.3893,1.00,1.37
2016.12.20 22:13:21.466,1.38877,1.3893,1.00,1.37
2016.12.20 22:13:22.360,1.38876,1.3893,1.00,1.37
2016.12.20 22:13:23.063,1.3888,1.3893,1.00,1.37
2016.12.20 22:13:24.064,1.38881,1.3893,1.00,1.37
2016.12.20 22:13:27.566,1.38882,1.38932,1.00,1.75
2016.12.20 22:13:27.617,1.38882,1.38932,1.00,1.00
2016.12.20 22:13:28.240,1.38883,1.38932,1.00,1.00
2016.12.20 22:13:28.836,1.38892,1.38941,1.00,1.75
2016.12.20 22:13:28.937,1.38897,1.38948,1.37,1.00
2016.12.20 22:13:29.038,1.38898,1.3896,1.37,1.50
2016.12.20 22:13:29.372,1.38898,1.38943,1.37,1.00
2016.12.20 22:13:30.422,1.38893,1.38953,1.75,1.00
2016.12.20 22:13:30.473,1.38893,1.38953,1.37,1.37
2016.12.20 22:13:31.216,1.38893,1.38953,1.75,1.00
2016.12.20 22:13:39.461,1.38898,1.38953,1.50,1.00
2016.12.20 22:13:48.719,1.38903,1.38953,1.75,1.00
2016.12.20 22:13:55.634,1.38903,1.38953,1.37,1.00
2016.12.20 22:13:56.273,1.38903,1.38956,1.37,1.00
2016.12.20 22:14:01.614,1.38898,1.38956,1.37,1.00
2016.12.20 22:14:01.715,1.38898,1.38956,1.75,1.00
2016.12.20 22:14:02.283,1.38898,1.38955,1.75,1.00
2016.12.20 22:14:05.635,1.38896,1.38956,1.75,1.00
2016.12.20 22:14:05.685,1.38896,1.38956,1.37,1.37
2016.12.20 22:14:06.416,1.389,1.3896,1.37,1.37
2016.12.20 22:14:13.495,1.389,1.38962,1.50,1.37
2016.12.20 22:14:17.780,1.389,1.38958,1.50,1.00
2016.12.20 22:14:19.982,1.38896,1.38958,1.37,1.37
2016.12.20 22:14:20.184,1.38907,1.38961,1.00,1.37
2016.12.20 22:14:20.491,1.389,1.38961,1.00,1.37
2016.12.20 22:14:28.520,1.389,1.38961,1.37,1.37
2016.12.20 22:14:40.256,1.38904,1.38966,1.37,1.37
2016.12.20 22:15:04.621,1.38904,1.3896,1.37,1.00
2016.12.20 22:15:05.314,1.38904,1.38961,1.37,1.12
2016.12.20 22:15:40.248,1.38898,1.38956,1.75,1.00
2016.12.20 22:15:40.349,1.38894,1.38956,1.37,1.37
2016.12.20 22:15:41.765,1.38898,1.3896,1.37,1.37
2016.12.20 22:15:42.527,1.38903,1.38966,1.00,1.12
2016.12.20 22:15:42.628,1.38897,1.38961,1.87,1.50
2016.12.20 22:15:43.549,1.38897,1.38948,1.37,1.00
2016.12.20 22:15:43.650,1.38888,1.38948,1.00,1.37
2016.12.20 22:15:43.751,1.38879,1.38945,1.37,1.37
2016.12.20 22:15:45.574,1.38878,1.38941,1.37,1.00
2016.12.20 22:15:45.877,1.38882,1.38945,1.37,1.37
2016.12.20 22:15:50.704,1.38882,1.38945,1.00,1.50
2016.12.20 22:15:53.047,1.38878,1.38941,1.37,1.37
2016.12.20 22:16:02.036,1.38878,1.38941,1.37,1.37
2016.12.20 22:16:04.856,1.38882,1.38944,1.37,1.37
2016.12.20 22:16:16.361,1.38871,1.38935,1.75,1.00
2016.12.20 22:16:16.411,1.38871,1.38935,1.37,1.50
2016.12.20 22:16:17.261,1.38877,1.38941,1.00,1.94
2016.12.20 22:16:17.312,1.38878,1.3894,1.37,1.69
2016.12.20 22:16:17.413,1.38878,1.3894,1.50,1.37
2016.12.20 22:16:24.261,1.38885,1.38947,1.00,2.00
2016.12.20 22:16:24.363,1.38893,1.38954,1.37,1.12
2016.12.20 22:16:24.464,1.38888,1.3895,1.37,1.37
2016.12.20 22:16:36.563,1.38892,1.38954,1.37,1.37
2016.12.20 22:16:36.909,1.38897,1.38959,1.37,1.37
2016.12.20 22:16:52.617,1.38892,1.38954,1.75,1.00
2016.12.20 22:16:52.718,1.38892,1.38954,1.37,1.37
2016.12.20 22:17:08.692,1.38896,1.38958,1.37,1.37
2016.12.20 22:17:09.123,1.38891,1.38953,1.50,1.37
2016.12.20 22:17:12.733,1.38897,1.38956,1.37,1.37
2016.12.20 22:17:17.364,1.389,1.38956,1.37,1.00
2016.12.20 22:17:17.465,1.389,1.38962,1.37,1.37
2016.12.20 22:17:28.664,1.389,1.38959,1.37,1.12
2016.12.20 22:17:32.587,1.389,1.38962,1.37,1.50
2016.12.20 22:17:32.789,1.389,1.38959,1.37,1.12
2016.12.20 22:17:41.012,1.38896,1.38958,1.37,1.12
2016.12.20 22:17:42.321,1.38896,1.38958,1.37,1.75
2016.12.20 22:17:53.319,1.38898,1.3896,1.37,1.12
2016.12.20 22:17:53.625,1.38898,1.38962,1.62,1.00
2016.12.20 22:17:56.293,1.38899,1.38966,1.37,1.87
2016.12.20 22:18:14.495,1.38904,1.38969,1.00,1.87
2016.12.20 22:18:14.546,1.38904,1.38969,1.37,1.50
2016.12.20 22:18:26.565,1.38904,1.38969,2.25,1.37
2016.12.20 22:18:40.626,1.38913,1.38968,1.37,1.00
2016.12.20 22:18:40.778,1.38911,1.38975,1.37,1.00
2016.12.20 22:18:45.595,1.38911,1.38975,1.37,1.75
2016.12.20 22:18:45.699,1.38911,1.38975,1.37,1.00
2016.12.20 22:18:46.032,1.38915,1.38975,1.37,1.00
2016.12.20 22:18:46.463,1.38927,1.38975,1.00,1.00
2016.12.20 22:18:46.514,1.38912,1.38975,2.25,1.50
2016.12.20 22:18:46.565,1.38912,1.38975,1.87,2.25
2016.12.20 22:18:46.666,1.38912,1.38975,1.87,1.00
2016.12.20 22:18:50.139,1.38928,1.38975,1.00,1.00
2016.12.20 22:18:50.189,1.38914,1.38975,1.37,1.00
2016.12.20 22:18:50.341,1.38928,1.38975,1.00,1.00
2016.12.20 22:18:50.442,1.38915,1.38975,1.37,1.00
2016.12.20 22:18:53.603,1.38915,1.38975,1.37,1.00
2016.12.20 22:18:56.011,1.38915,1.3897,1.37,1.00
2016.12.20 22:19:35.962,1.38918,1.3897,1.37,1.00
2016.12.20 22:19:37.211,1.38918,1.38975,1.37,1.00
2016.12.20 22:19:49.176,1.38918,1.38975,1.37,1.00
2016.12.20 22:20:04.650,1.38915,1.38973,1.37,1.00
2016.12.20 22:20:45.194,1.38915,1.38974,1.37,1.00
2016.12.20 22:20:48.764,1.38915,1.38967,1.37,1.00
2016.12.20 22:20:54.503,1.3891,1.38967,1.37,1.00
2016.12.20 22:20:55.262,1.38914,1.38971,1.37,1.00
2016.12.20 22:20:55.365,1.38917,1.38971,1.37,1.00
2016.12.20 22:20:55.466,1.38918,1.3898,1.37,1.37
2016.12.20 22:20:58.230,1.38918,1.3898,1.75,1.37
2016.12.20 22:21:03.130,1.38922,1.38974,1.37,1.00
2016.12.20 22:21:03.231,1.38917,1.38974,1.37,1.00
2016.12.20 22:21:48.451,1.38917,1.38979,1.37,1.87
2016.12.20 22:21:51.954,1.38913,1.38978,1.37,1.37
2016.12.20 22:22:06.552,1.38913,1.38978,1.37,1.37
2016.12.20 22:22:17.268,1.38909,1.38978,1.00,1.37
2016.12.20 22:22:24.813,1.38909,1.38978,1.00,1.75
2016.12.20 22:22:24.914,1.38902,1.38978,1.87,1.75
2016.12.20 22:22:32.895,1.38898,1.3895,1.37,1.00
2016.12.20 22:22:33.048,1.38881,1.3895,1.37,1.37
2016.12.20 22:22:36.323,1.38871,1.38946,1.75,1.00
2016.12.20 22:22:36.375,1.38871,1.38946,1.37,1.37
2016.12.20 22:22:40.151,1.38868,1.38936,1.75,1.00
2016.12.20 22:22:40.455,1.38862,1.38929,1.37,1.00
2016.12.20 22:22:40.506,1.3886,1.38925,1.37,1.00
2016.12.20 22:22:41.093,1.3886,1.38925,1.37,1.37
2016.12.20 22:22:43.219,1.38856,1.38918,1.75,1.00
2016.12.20 22:22:43.521,1.38856,1.38918,1.37,1.37
2016.12.20 22:22:48.115,1.38852,1.38914,1.75,1.00
2016.12.20 22:22:48.527,1.38852,1.38914,1.37,1.37
2016.12.20 22:22:49.782,1.38851,1.38915,1.75,1.37
2016.12.20 22:22:50.229,1.38858,1.38923,1.37,1.37
2016.12.20 22:22:53.654,1.38862,1.38934,1.37,1.00
2016.12.20 22:22:59.060,1.38864,1.38926,1.37,1.00
2016.12.20 22:22:59.504,1.38858,1.38926,1.75,1.37
2016.12.20 22:22:59.605,1.38858,1.38926,1.37,1.37
2016.12.20 22:22:59.706,1.38862,1.38926,1.37,1.37
2016.12.20 22:23:13.823,1.38866,1.38928,1.00,1.37
2016.12.20 22:23:14.132,1.38866,1.38928,1.37,1.37
2016.12.20 22:23:24.466,1.38866,1.38928,1.75,1.37
2016.12.20 22:24:01.289,1.38874,1.38936,1.37,1.87
2016.12.20 22:24:12.503,1.38874,1.38936,1.50,1.37
2016.12.20 22:24:12.733,1.38884,1.38957,2.25,1.37
2016.12.20 22:24:12.783,1.38894,1.38956,1.00,1.37
2016.12.20 22:24:13.344,1.38894,1.38956,1.37,1.37
2016.12.20 22:24:14.803,1.38903,1.38964,1.00,1.75
2016.12.20 22:24:14.855,1.38903,1.38965,1.37,1.12
2016.12.20 22:24:14.957,1.38908,1.38973,1.37,1.37
2016.12.20 22:24:15.290,1.38911,1.38973,1.37,1.37
2016.12.20 22:24:18.364,1.38908,1.38973,1.37,1.37
2016.12.20 22:24:25.621,1.38908,1.38973,1.37,1.37
2016.12.20 22:24:51.330,1.38913,1.38975,1.37,1.37
2016.12.20 22:25:09.630,1.38908,1.38971,1.37,1.37
2016.12.20 22:25:10.012,1.38916,1.38978,1.37,1.37
2016.12.20 22:25:20.602,1.38908,1.38975,1.37,1.50
2016.12.20 22:26:11.264,1.38916,1.38978,1.00,1.75
2016.12.20 22:26:11.484,1.38909,1.38971,1.37,1.37
2016.12.20 22:26:14.422,1.38909,1.38971,1.75,1.37
2016.12.20 22:26:51.062,1.38899,1.38962,1.75,1.00
2016.12.20 22:26:51.164,1.38899,1.38962,1.37,1.37
2016.12.20 22:27:02.474,1.38896,1.38958,1.37,1.37
2016.12.20 22:27:07.961,1.38904,1.38966,1.37,1.37
2016.12.20 22:27:34.136,1.38908,1.3897,1.37,1.37
2016.12.20 22:27:39.419,1.38912,1.38974,1.37,1.37
2016.12.20 22:27:41.864,1.38912,1.38974,1.50,1.37
2016.12.20 22:27:45.684,1.38917,1.38979,1.37,1.37
2016.12.20 22:27:46.477,1.38918,1.38982,1.37,1.50
2016.12.20 22:28:03.602,1.3891,1.38972,1.75,1.00
2016.12.20 22:28:03.653,1.3891,1.38972,1.37,1.37
2016.12.20 22:28:04.843,1.38905,1.38969,1.37,1.37
2016.12.20 22:28:30.074,1.38897,1.38959,1.75,1.00
2016.12.20 22:28:30.181,1.38897,1.38959,1.37,1.37
2016.12.20 22:28:34.672,1.38893,1.38955,1.37,1.37
2016.12.20 22:29:32.641,1.38889,1.38951,1.37,1.37
2016.12.20 22:29:44.928,1.38883,1.38947,1.50,1.37
2016.12.20 22:29:45.157,1.38888,1.3895,1.37,1.37
2016.12.20 22:30:23.122,1.38893,1.3895,1.00,1.37
2016.12.20 22:30:23.517,1.38893,1.3895,1.37,1.12
2016.12.20 22:30:25.542,1.38898,1.38952,1.00,1.37
2016.12.20 22:30:25.845,1.38897,1.38954,1.75,1.00
2016.12.20 22:30:30.022,1.389,1.38954,1.37,1.00
2016.12.20 22:30:30.548,1.389,1.38955,1.87,1.00
2016.12.20 22:30:34.785,1.389,1.38953,1.87,1.00
2016.12.20 22:30:35.088,1.38899,1.3895,1.37,1.50
2016.12.20 22:30:36.943,1.38899,1.38949,1.37,1.00
2016.12.20 22:30:37.162,1.389,1.38952,1.37,1.00
2016.12.20 22:30:37.213,1.389,1.38952,1.37,1.00
2016.12.20 22:31:21.230,1.389,1.38952,1.37,1.00
2016.12.20 22:31:21.540,1.38898,1.38937,1.37,1.97
2016.12.20 22:31:21.793,1.38885,1.38928,1.12,1.00
2016.12.20 22:31:21.844,1.38893,1.38928,1.37,1.00
2016.12.20 22:31:24.929,1.38881,1.38928,1.87,1.00
2016.12.20 22:31:24.980,1.38881,1.38923,1.00,1.00
2016.12.20 22:31:25.283,1.38891,1.38926,1.37,1.00
2016.12.20 22:31:25.384,1.38891,1.3893,1.37,1.00
2016.12.20 22:31:25.749,1.38899,1.3893,1.00,1.00
2016.12.20 22:31:26.002,1.38902,1.38935,1.37,2.25
2016.12.20 22:31:26.052,1.38903,1.38935,1.37,1.00
2016.12.20 22:31:33.755,1.38903,1.38935,1.00,1.00
2016.12.20 22:31:33.982,1.38903,1.38928,1.00,1.00
2016.12.20 22:31:34.033,1.38886,1.38928,1.37,1.00
2016.12.20 22:31:34.084,1.38886,1.38928,1.75,1.00
2016.12.20 22:31:42.442,1.38897,1.38928,1.00,1.00
2016.12.20 22:31:42.493,1.38897,1.38933,1.00,1.00
2016.12.20 22:31:42.544,1.38898,1.38936,1.37,1.00
2016.12.20 22:31:42.847,1.38903,1.3894,1.37,1.00
2016.12.20 22:31:48.581,1.38899,1.3894,1.37,1.00
2016.12.20 22:31:48.682,1.38899,1.38938,1.37,1.00
2016.12.20 22:31:48.784,1.38899,1.38941,1.37,1.00
2016.12.20 22:32:06.621,1.38899,1.38941,1.75,1.00
2016.12.20 22:32:18.407,1.38894,1.38941,2.62,1.50
2016.12.20 22:32:18.458,1.38894,1.38938,1.87,1.00
2016.12.20 22:32:18.508,1.38892,1.38938,1.12,1.00
2016.12.20 22:32:18.609,1.38891,1.38938,3.00,1.00
2016.12.20 22:32:20.479,1.38891,1.38938,2.62,1.00
2016.12.20 22:32:20.630,1.38891,1.38938,1.50,1.00
2016.12.20 22:32:25.061,1.38891,1.38936,1.00,1.00
2016.12.20 22:32:25.364,1.3888,1.38914,1.00,1.37
2016.12.20 22:32:26.311,1.3888,1.38918,1.00,1.37
2016.12.20 22:32:32.907,1.3888,1.38912,1.00,1.37
2016.12.20 22:32:32.958,1.38875,1.38908,1.00,1.12
2016.12.20 22:32:33.032,1.38864,1.38907,1.37,1.50
2016.12.20 22:32:33.927,1.38863,1.38907,1.37,1.50
2016.12.20 22:32:34.902,1.38868,1.38912,1.50,1.37
2016.12.20 22:32:35.497,1.38869,1.38912,1.00,1.37
2016.12.20 22:32:43.927,1.38869,1.38912,1.37,1.37
2016.12.20 22:32:53.951,1.3887,1.38912,1.12,1.37
2016.12.20 22:32:54.260,1.3887,1.38915,1.12,1.37
2016.12.20 22:33:10.237,1.38873,1.38915,1.00,1.37
2016.12.20 22:33:10.763,1.38872,1.38916,1.00,1.37
2016.12.20 22:33:11.034,1.38869,1.38915,1.37,1.37
2016.12.20 22:33:13.928,1.38872,1.38915,1.00,1.37
2016.12.20 22:33:14.245,1.38876,1.38918,1.00,1.37
2016.12.20 22:33:17.589,1.38876,1.38918,1.50,1.00
2016.12.20 22:33:23.927,1.38876,1.38918,1.37,1.00
2016.12.20 22:33:25.982,1.38876,1.38918,1.12,1.00
2016.12.20 22:33:29.322,1.38875,1.38917,1.00,1.00
2016.12.20 22:33:29.373,1.38871,1.38909,1.00,1.00
2016.12.20 22:33:29.424,1.38868,1.38909,1.00,1.00
2016.12.20 22:33:29.529,1.38859,1.38905,2.62,1.00
2016.12.20 22:33:29.579,1.38859,1.38904,2.62,1.37
2016.12.20 22:33:29.934,1.38859,1.38904,1.37,1.37
2016.12.20 22:33:30.570,1.38861,1.38906,1.12,2.25
2016.12.20 22:33:30.671,1.38863,1.38906,1.00,1.00
2016.12.20 22:33:30.823,1.38866,1.38906,1.00,1.00
2016.12.20 22:33:30.904,1.38866,1.38909,1.00,1.00
2016.12.20 22:33:37.765,1.38866,1.38913,1.00,1.37
2016.12.20 22:33:40.991,1.38866,1.38913,1.50,1.75
2016.12.20 22:33:49.708,1.38867,1.38911,1.00,1.37
2016.12.20 22:33:59.931,1.38864,1.38906,1.00,1.37
2016.12.20 22:34:00.351,1.38864,1.38906,1.00,1.75
2016.12.20 22:34:00.401,1.3886,1.38906,1.50,1.75
2016.12.20 22:34:03.531,1.38864,1.38909,1.50,1.75
2016.12.20 22:34:03.582,1.38864,1.38909,1.50,1.50
2016.12.20 22:34:05.046,1.38866,1.38909,1.50,1.50
2016.12.20 22:34:10.175,1.38867,1.38909,1.00,1.50
2016.12.20 22:34:10.848,1.38866,1.38909,1.50,1.50
2016.12.20 22:34:17.464,1.38864,1.38908,1.00,1.37
2016.12.20 22:34:17.565,1.38866,1.38909,1.00,1.50
2016.12.20 22:34:17.927,1.38872,1.38909,1.00,1.37
2016.12.20 22:34:21.912,1.38872,1.38914,1.00,1.37
2016.12.20 22:34:22.425,1.38871,1.38914,1.00,1.37
2016.12.20 22:34:23.177,1.38873,1.38914,1.00,1.37
2016.12.20 22:34:23.557,1.38873,1.38914,1.00,1.75
2016.12.20 22:34:39.075,1.38871,1.38913,1.00,1.50
2016.12.20 22:34:39.584,1.3887,1.38914,1.12,2.25
2016.12.20 22:34:44.690,1.38869,1.38913,1.87,2.25
2016.12.20 22:34:45.198,1.38866,1.38909,1.37,1.87
2016.12.20 22:34:46.111,1.38866,1.38909,1.37,2.25
2016.12.20 22:34:49.541,1.38866,1.38909,1.37,2.25
2016.12.20 22:34:54.579,1.38866,1.38909,1.00,2.25
2016.12.20 22:35:01.111,1.38866,1.38916,1.12,1.00
2016.12.20 22:35:01.213,1.38864,1.38917,3.00,1.00
2016.12.20 22:35:01.264,1.38866,1.3892,1.50,1.00
2016.12.20 22:35:01.315,1.38874,1.3892,1.00,1.00
2016.12.20 22:35:01.467,1.3888,1.38927,1.00,2.25
2016.12.20 22:35:01.518,1.3888,1.38927,1.37,2.25
2016.12.20 22:35:01.623,1.3888,1.38929,1.87,1.00
2016.12.20 22:35:01.674,1.3888,1.38937,1.87,1.12
2016.12.20 22:35:02.195,1.38885,1.38941,1.00,1.37
2016.12.20 22:35:04.666,1.38885,1.38932,1.00,1.00
2016.12.20 22:35:04.971,1.38884,1.38933,1.50,1.37
2016.12.20 22:35:06.263,1.3889,1.38932,1.00,1.37
2016.12.20 22:35:06.666,1.38884,1.38926,1.00,1.00
2016.12.20 22:35:06.717,1.38884,1.38926,1.00,1.37
2016.12.20 22:35:06.818,1.38883,1.38929,1.00,1.37
2016.12.20 22:35:07.509,1.38878,1.38931,1.00,1.37
2016.12.20 22:35:10.818,1.38881,1.38931,1.00,1.37
2016.12.20 22:35:13.612,1.38881,1.38925,1.00,1.00
2016.12.20 22:35:14.237,1.38881,1.38924,1.00,1.00
2016.12.20 22:35:16.008,1.38881,1.38925,1.00,1.00
2016.12.20 22:35:24.951,1.38881,1.38926,1.00,1.12
2016.12.20 22:35:25.528,1.38881,1.38925,1.00,1.00
2016.12.20 22:35:25.893,1.38883,1.38926,1.00,1.00
2016.12.20 22:35:26.517,1.38883,1.38927,1.00,1.00
2016.12.20 22:35:28.614,1.38883,1.38929,1.00,1.00
2016.12.20 22:35:29.336,1.38883,1.38932,1.00,1.37
2016.12.20 22:35:29.390,1.38887,1.38932,1.00,1.37
2016.12.20 22:35:30.148,1.38887,1.38932,1.00,1.00
2016.12.20 22:35:30.661,1.38887,1.38933,1.00,1.00
2016.12.20 22:35:34.441,1.38886,1.38933,1.00,1.00
2016.12.20 22:35:37.417,1.38886,1.38934,1.00,1.00
2016.12.20 22:35:37.932,1.38886,1.38936,1.00,1.37
2016.12.20 22:35:40.740,1.38886,1.38934,1.00,1.00
2016.12.20 22:35:44.224,1.38891,1.38936,1.00,1.37
2016.12.20 22:35:44.527,1.38892,1.38941,1.00,1.37
2016.12.20 22:35:51.157,1.38893,1.38945,1.00,2.25
2016.12.20 22:35:51.258,1.38893,1.38945,1.00,1.37
2016.12.20 22:35:51.413,1.38896,1.38945,1.00,1.37
2016.12.20 22:35:59.379,1.389,1.38945,1.00,1.37
2016.12.20 22:36:01.554,1.38899,1.38945,1.00,1.37
2016.12.20 22:36:03.278,1.38903,1.38945,1.00,1.37
2016.12.20 22:36:03.480,1.38903,1.38949,1.00,1.37
2016.12.20 22:36:07.343,1.389,1.38942,1.00,1.00
2016.12.20 22:36:07.394,1.38897,1.38942,1.00,1.00
2016.12.20 22:36:07.545,1.38893,1.38942,1.00,1.00
2016.12.20 22:36:08.133,1.38888,1.38942,1.50,1.00
2016.12.20 22:36:13.376,1.38888,1.38945,1.50,1.87
2016.12.20 22:36:13.651,1.38888,1.38943,1.50,1.00
2016.12.20 22:36:14.477,1.38888,1.38942,1.50,1.00
2016.12.20 22:36:14.896,1.38888,1.38941,1.50,1.00
2016.12.20 22:36:14.997,1.38888,1.38939,1.50,1.00
2016.12.20 22:36:19.657,1.38888,1.3894,1.37,1.00
2016.12.20 22:36:33.468,1.38888,1.38941,1.37,1.00
2016.12.20 22:36:39.634,1.38888,1.38941,1.37,1.00
2016.12.20 22:36:40.201,1.38887,1.38942,1.87,1.50
2016.12.20 22:36:40.778,1.38887,1.38941,1.87,1.00
2016.12.20 22:36:42.820,1.38887,1.38942,1.87,1.50
2016.12.20 22:37:04.475,1.38888,1.38945,1.37,1.12
2016.12.20 22:37:04.526,1.38888,1.38946,1.37,1.37
2016.12.20 22:37:39.475,1.38885,1.38943,1.12,1.37
2016.12.20 22:37:39.778,1.38888,1.38942,1.00,1.37
2016.12.20 22:37:54.330,1.38888,1.38943,1.37,1.12
2016.12.20 22:37:59.718,1.38888,1.38941,1.00,1.37
2016.12.20 22:37:59.819,1.38886,1.38937,1.00,1.00
2016.12.20 22:37:59.870,1.38886,1.38937,1.00,1.37
2016.12.20 22:38:02.743,1.38883,1.38937,1.37,1.37
2016.12.20 22:38:05.736,1.38883,1.38937,1.12,1.37
2016.12.20 22:38:19.016,1.38881,1.38929,1.37,1.37
2016.12.20 22:38:21.816,1.38874,1.38925,1.87,1.00
2016.12.20 22:38:21.867,1.38874,1.38921,1.87,1.00
2016.12.20 22:38:25.985,1.38874,1.38921,1.87,1.50
2016.12.20 22:38:26.328,1.38874,1.38918,1.00,1.48
2016.12.20 22:38:26.786,1.38874,1.38918,1.00,1.48
2016.12.20 22:38:27.139,1.38874,1.38918,1.00,1.48
2016.12.20 22:38:29.158,1.38874,1.38918,1.00,1.48
2016.12.20 22:38:29.362,1.38874,1.3892,1.00,1.48
2016.12.20 22:38:30.456,1.38874,1.3892,1.50,1.48
2016.12.20 22:38:30.866,1.38874,1.3892,1.50,1.00
2016.12.20 22:38:31.382,1.38875,1.38924,1.87,1.48
2016.12.20 22:38:31.954,1.38875,1.38924,1.12,1.23
2016.12.20 22:38:33.465,1.38875,1.38924,1.00,1.48
2016.12.20 22:38:34.005,1.38874,1.38924,2.62,1.48
2016.12.20 22:38:36.199,1.38874,1.38924,3.00,1.48
2016.12.20 22:38:36.700,1.38874,1.38924,3.00,1.48
2016.12.20 22:38:40.975,1.38881,1.38925,1.00,1.48
2016.12.20 22:38:41.362,1.38883,1.38928,1.00,1.86
2016.12.20 22:38:42.265,1.38887,1.38928,1.00,1.37
2016.12.20 22:38:42.468,1.38892,1.38935,1.12,1.00
2016.12.20 22:38:42.519,1.38896,1.38941,1.00,1.00
2016.12.20 22:38:42.570,1.38895,1.38941,2.62,1.00
2016.12.20 22:38:42.671,1.389,1.38952,1.12,1.00
2016.12.20 22:38:42.873,1.38905,1.38956,1.00,1.37
2016.12.20 22:38:43.025,1.38902,1.38953,1.00,1.12
2016.12.20 22:38:43.721,1.38907,1.38957,1.00,1.87
2016.12.20 22:38:49.065,1.38907,1.38957,1.00,1.37
2016.12.20 22:38:49.116,1.38906,1.38954,1.00,1.00
2016.12.20 22:38:49.441,1.38917,1.38968,1.00,1.87
2016.12.20 22:38:51.366,1.38917,1.38968,1.19,1.87
2016.12.20 22:38:51.468,1.38918,1.38967,1.19,1.00
2016.12.20 22:38:51.569,1.38922,1.38967,1.00,1.00
2016.12.20 22:38:52.117,1.38922,1.38968,1.00,1.00
2016.12.20 22:38:52.299,1.38924,1.38973,1.00,1.37
2016.12.20 22:38:52.350,1.38929,1.38974,1.00,1.37
2016.12.20 22:38:52.855,1.38928,1.38974,1.00,1.37
2016.12.20 22:38:53.531,1.38927,1.38974,1.00,1.37
2016.12.20 22:38:54.061,1.38929,1.38976,1.00,1.37
2016.12.20 22:38:56.764,1.38929,1.3898,1.19,1.37
2016.12.20 22:38:56.866,1.38931,1.38981,1.31,1.00
2016.12.20 22:38:56.967,1.38935,1.38986,1.00,2.25
2016.12.20 22:38:57.611,1.38931,1.38985,2.06,1.50
2016.12.20 22:38:58.130,1.38932,1.38976,1.19,1.00
2016.12.20 22:38:58.664,1.38932,1.38976,1.19,1.00
2016.12.20 22:38:59.280,1.38933,1.38976,1.19,1.00
2016.12.20 22:39:03.365,1.38934,1.38984,1.00,1.50
2016.12.20 22:39:03.467,1.38932,1.38984,1.12,1.50
2016.12.20 22:39:04.261,1.3893,1.38982,1.37,1.37
2016.12.20 22:39:08.971,1.38929,1.38969,1.37,1.00
2016.12.20 22:39:09.022,1.38929,1.3897,1.37,1.00
2016.12.20 22:39:09.073,1.38929,1.3897,1.37,1.00
2016.12.20 22:39:09.174,1.38929,1.38974,1.37,1.37
2016.12.20 22:39:10.177,1.38928,1.38976,1.00,1.37
2016.12.20 22:39:10.250,1.38923,1.38976,2.06,1.37
2016.12.20 22:39:10.401,1.38923,1.38973,1.19,1.12
2016.12.20 22:39:11.270,1.38923,1.3897,1.19,1.00
2016.12.20 22:39:11.866,1.38923,1.38969,1.00,1.00
2016.12.20 22:39:11.917,1.38923,1.38965,1.00,1.00
2016.12.20 22:39:12.221,1.38919,1.38965,1.00,1.75
2016.12.20 22:39:12.776,1.38918,1.38965,1.00,2.25
2016.12.20 22:39:20.588,1.38922,1.38965,1.00,1.75
2016.12.20 22:39:20.689,1.38908,1.38961,1.00,1.37
2016.12.20 22:39:21.206,1.38909,1.38961,1.00,1.37
2016.12.20 22:39:21.749,1.38907,1.38961,1.00,1.37
2016.12.20 22:39:22.992,1.38906,1.38961,1.25,1.37
2016.12.20 22:39:55.931,1.38903,1.38953,1.19,1.12
2016.12.20 22:39:56.234,1.389,1.3895,1.19,1.00
2016.12.20 22:39:56.538,1.38894,1.38945,1.19,1.37
2016.12.20 22:39:56.846,1.38894,1.3894,1.19,1.37
2016.12.20 22:39:57.665,1.38894,1.3894,1.19,1.37
2016.12.20 22:40:10.370,1.38897,1.38947,1.19,1.37
2016.12.20 22:40:15.974,1.38898,1.38955,1.19,1.50
2016.12.20 22:40:18.032,1.38898,1.38955,1.19,1.75
2016.12.20 22:40:27.181,1.38898,1.38954,1.19,1.75
2016.12.20 22:40:27.485,1.38906,1.38954,1.19,1.37
2016.12.20 22:40:34.808,1.38906,1.38954,1.25,1.37
2016.12.20 22:40:41.332,1.38906,1.38946,1.25,1.00
2016.12.20 22:40:41.635,1.389,1.38934,1.00,1.37
2016.12.20 22:40:41.686,1.38895,1.38933,1.00,1.37
2016.12.20 22:40:41.737,1.38892,1.38933,1.50,1.37
2016.12.20 22:40:41.838,1.38887,1.38933,1.00,1.37
2016.12.20 22:40:42.444,1.38885,1.38933,1.19,1.37
2016.12.20 22:40:46.412,1.38883,1.38929,1.00,1.37
2016.12.20 22:40:46.513,1.38881,1.38925,1.50,1.00
2016.12.20 22:40:46.564,1.38881,1.38925,1.50,1.37
2016.12.20 22:40:46.923,1.38876,1.38922,1.00,1.12
2016.12.20 22:40:46.975,1.38876,1.38921,1.00,1.37
2016.12.20 22:40:49.815,1.38876,1.3892,1.00,1.50
2016.12.20 22:40:51.862,1.38871,1.38919,1.00,1.37
2016.12.20 22:40:53.154,1.38871,1.38913,1.00,1.00
2016.12.20 22:40:53.363,1.38872,1.38915,1.00,1.00
2016.12.20 22:40:54.628,1.38872,1.38917,1.00,1.00
2016.12.20 22:40:54.801,1.38872,1.3892,1.00,1.87
2016.12.20 22:40:54.854,1.38872,1.38922,1.50,1.37
2016.12.20 22:40:55.842,1.38875,1.38924,1.00,1.37
2016.12.20 22:41:03.695,1.38875,1.38921,1.00,1.37
2016.12.20 22:41:03.745,1.38872,1.38921,1.00,1.37
2016.12.20 22:41:04.254,1.38871,1.38919,2.25,1.37
2016.12.20 22:41:06.762,1.38872,1.38919,1.00,1.00
2016.12.20 22:41:06.913,1.38872,1.38921,1.50,1.00
2016.12.20 22:41:07.797,1.38874,1.38921,1.00,1.00
2016.12.20 22:41:08.616,1.38875,1.38921,1.00,1.00
2016.12.20 22:41:13.693,1.38884,1.38921,1.00,1.00
2016.12.20 22:41:14.269,1.38883,1.38921,1.50,1.00
2016.12.20 22:41:15.640,1.38886,1.38931,1.00,1.00
2016.12.20 22:41:15.760,1.38894,1.38931,1.00,1.00
2016.12.20 22:41:15.914,1.38903,1.38945,1.37,1.00
2016.12.20 22:41:16.233,1.38908,1.3895,1.00,1.00
2016.12.20 22:41:16.284,1.38908,1.38953,1.00,1.00
2016.12.20 22:41:16.335,1.38908,1.38955,1.00,1.00
2016.12.20 22:41:16.478,1.38908,1.38959,1.00,1.37
2016.12.20 22:41:20.612,1.38919,1.38959,1.00,1.37
2016.12.20 22:41:20.662,1.38919,1.38961,1.00,1.00
2016.12.20 22:41:21.076,1.38919,1.38965,1.00,1.12
2016.12.20 22:41:21.411,1.38921,1.38965,1.00,1.12
2016.12.20 22:41:22.068,1.38919,1.38965,1.00,1.12
2016.12.20 22:41:22.607,1.38918,1.38965,1.00,1.12
2016.12.20 22:41:25.361,1.3892,1.38968,1.00,1.37
2016.12.20 22:41:25.614,1.38929,1.38976,2.25,1.00
2016.12.20 22:41:25.716,1.3893,1.38968,1.12,1.00
2016.12.20 22:41:27.306,1.38929,1.38976,1.37,1.00
2016.12.20 22:41:27.409,1.38932,1.38976,1.00,1.00
2016.12.20 22:41:27.712,1.38934,1.38976,1.00,1.00
2016.12.20 22:41:27.915,1.38931,1.38976,1.00,1.00
2016.12.20 22:41:27.965,1.38931,1.38973,1.00,1.00
2016.12.20 22:41:28.016,1.38926,1.38973,1.50,1.00
2016.12.20 22:41:28.556,1.38925,1.38972,1.00,1.00
2016.12.20 22:41:30.217,1.38924,1.38973,1.00,1.12
2016.12.20 22:41:30.359,1.38927,1.38976,1.00,1.37
2016.12.20 22:41:34.069,1.38928,1.38976,1.00,1.00
2016.12.20 22:41:35.950,1.38928,1.38965,1.50,1.00
2016.12.20 22:41:40.114,1.38928,1.38976,1.50,1.00
2016.12.20 22:41:40.165,1.38928,1.38974,1.50,1.00
2016.12.20 22:41:40.468,1.3892,1.38966,1.00,1.37
2016.12.20 22:41:40.772,1.38904,1.3895,1.00,1.37
2016.12.20 22:41:40.823,1.38898,1.3895,1.50,1.37
2016.12.20 22:41:40.975,1.38898,1.38946,1.00,1.37
2016.12.20 22:41:41.280,1.38895,1.38946,1.00,1.37
2016.12.20 22:41:41.877,1.38894,1.38946,1.00,1.37
2016.12.20 22:41:42.423,1.38893,1.38946,1.50,1.37
2016.12.20 22:41:45.725,1.38903,1.3895,1.00,1.75
2016.12.20 22:41:45.827,1.38911,1.38955,1.19,1.37
2016.12.20 22:41:45.929,1.38911,1.3896,1.19,1.37
2016.12.20 22:41:46.030,1.38913,1.38962,1.19,1.37
2016.12.20 22:41:46.357,1.38913,1.38962,1.69,1.37
2016.12.20 22:41:48.807,1.38913,1.38966,1.69,2.25
2016.12.20 22:41:56.161,1.38913,1.38966,1.69,1.87
2016.12.20 22:41:56.212,1.38919,1.38966,1.19,1.87
2016.12.20 22:41:56.263,1.38919,1.38969,1.19,1.00
2016.12.20 22:41:56.314,1.38919,1.38969,2.25,1.00
2016.12.20 22:41:56.833,1.38925,1.38974,1.19,1.37
2016.12.20 22:42:03.962,1.38923,1.38972,1.19,1.50
2016.12.20 22:42:04.012,1.38923,1.38971,1.00,1.37
2016.12.20 22:42:04.063,1.38917,1.38968,1.19,1.37
2016.12.20 22:42:29.119,1.38916,1.38965,1.19,1.00
2016.12.20 22:42:29.642,1.38916,1.38967,1.19,1.87
2016.12.20 22:42:40.126,1.38916,1.38967,1.19,1.87
2016.12.20 22:42:47.354,1.38916,1.38967,1.00,1.87
2016.12.20 22:42:47.453,1.38916,1.3896,1.00,1.00
2016.12.20 22:42:47.504,1.38914,1.3896,1.00,1.00
2016.12.20 22:42:47.555,1.38914,1.38959,1.00,1.37
2016.12.20 22:42:47.707,1.38904,1.38945,1.00,1.00
2016.12.20 22:42:47.758,1.38899,1.38938,2.25,1.37
2016.12.20 22:42:47.808,1.38897,1.38938,1.00,1.37
2016.12.20 22:42:47.859,1.38897,1.38938,1.00,1.50
2016.12.20 22:42:47.910,1.3889,1.38938,1.00,1.50
2016.12.20 22:42:49.434,1.38891,1.38938,1.00,1.50
2016.12.20 22:42:49.568,1.389,1.38938,1.00,1.50
2016.12.20 22:42:49.619,1.389,1.38941,1.00,1.37
2016.12.20 22:42:49.720,1.389,1.38945,1.00,1.50
2016.12.20 22:42:50.039,1.38903,1.38949,1.00,1.75
2016.12.20 22:42:50.090,1.38903,1.38949,1.00,1.37
2016.12.20 22:42:50.604,1.38902,1.38949,1.00,1.37
2016.12.20 22:42:50.706,1.38902,1.38949,1.00,1.00
2016.12.20 22:42:50.858,1.38901,1.3895,1.00,1.37
2016.12.20 22:42:51.472,1.389,1.3895,1.00,1.37
2016.12.20 22:42:56.549,1.38899,1.3895,2.25,1.37
2016.12.20 22:42:56.926,1.38899,1.3895,2.25,1.75
2016.12.20 22:42:57.888,1.38901,1.3895,1.00,1.75
2016.12.20 22:42:58.246,1.38903,1.3895,1.00,1.75
2016.12.20 22:43:07.776,1.38902,1.38946,1.00,1.37
2016.12.20 22:43:18.763,1.38902,1.3895,1.00,1.37
2016.12.20 22:43:19.502,1.38901,1.3895,1.00,1.37
2016.12.20 22:43:39.262,1.38901,1.38951,1.69,1.50
2016.12.20 22:43:39.363,1.38908,1.38958,1.44,1.37
2016.12.20 22:43:39.464,1.3891,1.38958,1.69,1.00
2016.12.20 22:43:39.516,1.3891,1.38961,2.06,1.00
2016.12.20 22:43:39.567,1.3891,1.38961,2.06,1.00
2016.12.20 22:43:39.669,1.38913,1.38967,1.00,1.37
2016.12.20 22:43:39.927,1.38915,1.38967,1.00,1.37
2016.12.20 22:43:43.468,1.38914,1.38967,1.00,1.37
2016.12.20 22:43:43.848,1.38914,1.38968,1.87,1.37
2016.12.20 22:43:44.101,1.38923,1.38975,2.06,1.50
2016.12.20 22:43:47.561,1.38924,1.38975,1.12,1.00
2016.12.20 22:43:47.663,1.38927,1.38977,1.69,1.00
2016.12.20 22:43:47.764,1.38927,1.38982,2.06,1.12
2016.12.20 22:43:49.237,1.38927,1.38982,2.06,1.12
2016.12.20 22:43:51.762,1.3893,1.38982,1.56,1.00
2016.12.20 22:43:52.066,1.38959,1.39,1.37,1.37
2016.12.20 22:43:52.117,1.3896,1.39004,1.37,1.00
2016.12.20 22:43:52.218,1.38955,1.3901,1.37,1.37
2016.12.20 22:43:52.421,1.38949,1.3901,1.37,1.37
2016.12.20 22:43:52.762,1.38949,1.39006,1.12,1.37
2016.12.20 22:43:53.412,1.38949,1.39006,1.00,1.75
2016.12.20 22:43:53.614,1.38947,1.39002,1.50,1.37
2016.12.20 22:43:53.918,1.38944,1.39,1.37,1.37
2016.12.20 22:43:54.943,1.3894,1.38995,1.37,1.00
2016.12.20 22:43:55.222,1.3894,1.39,1.37,1.87
2016.12.20 22:43:57.387,1.3894,1.38996,1.37,1.00
2016.12.20 22:44:00.799,1.38944,1.38996,1.37,1.00
2016.12.20 22:44:02.322,1.38944,1.38998,1.37,1.00
2016.12.20 22:44:03.832,1.38953,1.38998,1.00,1.00
2016.12.20 22:44:03.984,1.38957,1.39007,2.62,1.00
2016.12.20 22:44:04.136,1.3896,1.39011,1.56,1.00
2016.12.20 22:44:04.186,1.38964,1.39014,1.00,1.00
2016.12.20 22:44:04.237,1.38964,1.39018,1.00,1.37
2016.12.20 22:44:04.338,1.38964,1.39018,1.37,1.00
2016.12.20 22:44:04.862,1.38964,1.39022,1.37,1.87
2016.12.20 22:44:05.163,1.38964,1.39018,1.37,1.00
2016.12.20 22:44:05.466,1.38961,1.39001,1.00,1.00
2016.12.20 22:44:05.517,1.38961,1.39005,1.00,1.87
2016.12.20 22:44:05.618,1.38957,1.39005,1.00,1.87
2016.12.20 22:44:05.719,1.38953,1.39003,1.23,1.12
2016.12.20 22:44:05.820,1.38948,1.39005,1.86,1.37
2016.12.20 22:44:05.972,1.38949,1.39001,1.86,1.00
2016.12.20 22:44:06.533,1.3895,1.39001,1.14,1.00
2016.12.20 22:44:07.342,1.3895,1.39002,1.14,1.00
2016.12.20 22:44:07.646,1.3896,1.39005,1.48,1.37
2016.12.20 22:44:07.797,1.38956,1.39007,1.48,1.87
2016.12.20 22:44:07.848,1.38959,1.39007,1.48,1.87
2016.12.20 22:44:07.949,1.38959,1.39007,1.48,1.37
2016.12.20 22:44:08.745,1.38959,1.38996,1.48,1.00
2016.12.20 22:44:08.845,1.38959,1.39,1.23,1.00
2016.12.20 22:44:08.997,1.38953,1.39,1.48,1.87
2016.12.20 22:44:09.048,1.38953,1.39,1.48,1.87
2016.12.20 22:44:09.099,1.38953,1.39,1.23,1.87
2016.12.20 22:44:09.721,1.38953,1.38987,1.00,1.00
2016.12.20 22:44:09.771,1.38946,1.38983,1.00,1.00
2016.12.20 22:44:09.822,1.38946,1.38983,1.00,1.37
2016.12.20 22:44:09.873,1.3894,1.38983,1.00,1.37
2016.12.20 22:44:10.375,1.38939,1.38983,1.00,1.37
2016.12.20 22:44:10.612,1.38939,1.38974,1.00,1.37
2016.12.20 22:44:10.765,1.38929,1.38968,1.00,1.00
2016.12.20 22:44:10.816,1.38929,1.38968,1.00,1.37
2016.12.20 22:44:10.867,1.38924,1.38965,1.00,1.37
2016.12.20 22:44:10.918,1.38921,1.38965,1.00,1.37
2016.12.20 22:44:10.970,1.38915,1.38961,1.00,1.12
2016.12.20 22:44:11.069,1.38909,1.38956,1.00,1.37
2016.12.20 22:44:11.171,1.389,1.38956,1.50,1.37
2016.12.20 22:44:11.272,1.38891,1.38956,1.37,1.37
2016.12.20 22:44:11.575,1.38891,1.38949,1.37,1.00
2016.12.20 22:44:12.208,1.38891,1.38944,1.37,1.00
2016.12.20 22:44:12.557,1.38891,1.38948,1.37,1.00
2016.12.20 22:44:13.880,1.38891,1.38949,1.37,1.00
2016.12.20 22:44:14.399,1.38891,1.3895,1.37,1.00
2016.12.20 22:44:14.601,1.38891,1.38953,1.37,1.37
2016.12.20 22:44:15.660,1.38891,1.38949,1.37,1.00
2016.12.20 22:44:17.402,1.38894,1.38949,1.00,1.00
2016.12.20 22:44:17.866,1.38898,1.38949,1.00,1.00
2016.12.20 22:44:18.199,1.38895,1.38949,1.00,1.00
2016.12.20 22:44:18.962,1.38904,1.38955,1.61,1.00
2016.12.20 22:44:19.265,1.38915,1.38966,1.00,1.37
2016.12.20 22:44:19.568,1.38917,1.38964,1.00,1.37
2016.12.20 22:44:22.332,1.38917,1.38965,1.00,1.37
2016.12.20 22:44:25.112,1.38917,1.38955,1.00,1.00
2016.12.20 22:44:25.163,1.38915,1.38956,1.00,1.00
2016.12.20 22:44:25.214,1.38915,1.38955,1.00,1.37
2016.12.20 22:44:25.265,1.38912,1.38951,1.50,1.12
2016.12.20 22:44:25.315,1.38912,1.38951,1.00,1.37
2016.12.20 22:44:25.366,1.38909,1.38951,1.00,1.37
2016.12.20 22:44:25.468,1.38902,1.38954,1.00,1.50
2016.12.20 22:44:25.519,1.38902,1.38954,1.37,1.50
2016.12.20 22:44:25.569,1.38905,1.38956,1.87,1.37
2016.12.20 22:44:25.620,1.38905,1.38956,1.87,1.37
2016.12.20 22:44:25.772,1.38908,1.38956,1.37,1.37
2016.12.20 22:44:28.682,1.38908,1.38961,1.37,2.25
2016.12.20 22:44:30.835,1.38906,1.38956,1.46,1.87
2016.12.20 22:44:32.706,1.38905,1.38956,1.37,1.37
2016.12.20 22:44:36.576,1.38905,1.38956,1.37,1.87
2016.12.20 22:44:45.133,1.38917,1.38956,1.00,1.37
2016.12.20 22:44:45.234,1.38913,1.38959,1.37,1.00
2016.12.20 22:44:45.285,1.38912,1.38962,1.37,1.00
2016.12.20 22:44:45.387,1.38916,1.38969,1.00,1.37
2016.12.20 22:44:47.632,1.38916,1.38969,1.00,1.37
2016.12.20 22:44:55.190,1.38916,1.38969,1.00,1.56
2016.12.20 22:44:55.508,1.38915,1.38969,1.50,1.56
2016.12.20 22:45:00.386,1.38924,1.38977,1.00,2.44
2016.12.20 22:45:00.437,1.38931,1.38979,1.00,1.05
2016.12.20 22:45:00.538,1.3893,1.38983,1.00,1.56
2016.12.20 22:45:00.639,1.3893,1.38987,1.12,1.69
2016.12.20 22:45:01.182,1.38931,1.38989,1.00,1.69
2016.12.20 22:45:01.746,1.3893,1.38989,3.37,1.69
2016.12.20 22:45:02.424,1.38931,1.38989,1.00,1.69
2016.12.20 22:45:05.201,1.38933,1.38989,1.00,1.69
2016.12.20 22:45:05.610,1.38936,1.38989,1.00,1.69
2016.12.20 22:45:07.411,1.38935,1.38985,1.00,1.56
2016.12.20 22:45:10.577,1.38936,1.38985,1.00,1.56
2016.12.20 22:45:10.887,1.38947,1.39,1.00,2.06
2016.12.20 22:45:12.214,1.38944,1.39,1.37,2.06
2016.12.20 22:45:12.718,1.38941,1.38998,1.87,1.31
2016.12.20 22:45:13.021,1.38937,1.38984,1.00,1.56
2016.12.20 22:45:13.123,1.38935,1.38984,1.00,1.56
2016.12.20 22:45:13.425,1.38935,1.38984,1.50,1.56
2016.12.20 22:45:13.552,1.38933,1.38984,1.00,1.56
2016.12.20 22:45:14.058,1.38932,1.38984,1.00,1.56
2016.12.20 22:45:14.581,1.38931,1.3898,1.00,1.19
2016.12.20 22:45:15.892,1.38932,1.3898,1.00,1.19
2016.12.20 22:45:16.582,1.38931,1.38983,1.00,1.56
2016.12.20 22:45:17.301,1.38927,1.38983,1.00,1.56
2016.12.20 22:45:17.353,1.38927,1.38983,1.00,1.56
2016.12.20 22:45:18.308,1.38926,1.38983,1.50,1.69
2016.12.20 22:45:19.615,1.38927,1.38981,1.00,1.56
2016.12.20 22:45:20.719,1.38926,1.38978,1.50,1.56
2016.12.20 22:45:21.368,1.38926,1.38978,1.50,1.56
2016.12.20 22:45:21.924,1.38927,1.38978,1.00,1.56
2016.12.20 22:45:22.462,1.38926,1.38978,1.00,1.56
2016.12.20 22:45:23.335,1.38926,1.38977,1.00,1.31
2016.12.20 22:45:25.272,1.38926,1.38977,1.50,1.31
2016.12.20 22:45:30.450,1.38926,1.38977,1.37,1.19
2016.12.20 22:45:33.046,1.38926,1.38977,1.37,1.19
2016.12.20 22:45:34.239,1.38926,1.38973,1.37,1.00
2016.12.20 22:45:34.542,1.38926,1.38973,1.37,1.19
2016.12.20 22:45:41.444,1.38923,1.38971,1.50,1.25
2016.12.20 22:45:42.994,1.38919,1.38971,2.25,1.25
2016.12.20 22:45:44.070,1.38919,1.38979,2.25,1.56
2016.12.20 22:45:44.623,1.38918,1.3897,1.75,1.00
2016.12.20 22:45:47.366,1.38917,1.3897,1.87,1.56
2016.12.20 22:45:47.417,1.38917,1.3897,1.50,1.56
2016.12.20 22:45:47.467,1.38917,1.38968,1.00,1.31
2016.12.20 22:45:47.569,1.38917,1.38968,1.00,1.56
2016.12.20 22:45:47.620,1.38912,1.38968,1.12,1.56
2016.12.20 22:45:47.671,1.3891,1.38967,1.00,1.56
2016.12.20 22:45:47.722,1.38907,1.38967,1.12,1.56
2016.12.20 22:45:47.824,1.38907,1.38965,1.00,1.62
2016.12.20 22:45:48.374,1.38902,1.38959,1.37,1.00
2016.12.20 22:45:48.678,1.38903,1.38956,1.37,1.00
2016.12.20 22:45:49.013,1.38903,1.38951,1.37,1.00
2016.12.20 22:45:49.064,1.38903,1.3896,1.37,1.00
2016.12.20 22:45:50.734,1.38903,1.38951,1.37,1.00
2016.12.20 22:45:54.401,1.38901,1.38951,1.37,1.00
2016.12.20 22:46:00.098,1.38901,1.38954,1.37,1.00
2016.12.20 22:46:00.200,1.38895,1.38952,1.75,1.00
2016.12.20 22:46:00.250,1.38891,1.38951,1.12,1.37
2016.12.20 22:46:00.352,1.38887,1.38951,1.12,1.87
2016.12.20 22:46:00.403,1.38886,1.38951,1.12,1.37
2016.12.20 22:46:00.454,1.38884,1.38951,1.37,1.37
2016.12.20 22:46:00.706,1.38883,1.38942,1.37,1.00
2016.12.20 22:46:01.228,1.38883,1.38941,1.37,1.00
2016.12.20 22:46:05.078,1.38879,1.38937,1.37,1.00
2016.12.20 22:46:07.442,1.38879,1.38941,1.37,1.00
2016.12.20 22:46:12.257,1.38878,1.3894,1.50,1.00
2016.12.20 22:46:20.038,1.38874,1.3894,1.75,1.00
2016.12.20 22:46:20.189,1.38874,1.38941,1.37,1.00
2016.12.20 22:46:22.376,1.38874,1.38941,2.25,1.00
2016.12.20 22:46:22.946,1.38876,1.38941,1.12,1.00
2016.12.20 22:46:25.118,1.38876,1.38938,1.12,1.00
2016.12.20 22:46:26.037,1.38876,1.38942,1.12,1.00
2016.12.20 22:46:27.723,1.38874,1.38942,2.62,1.00
2016.12.20 22:46:31.062,1.38882,1.38941,1.37,1.00
2016.12.20 22:46:31.164,1.38882,1.38947,1.37,1.00
2016.12.20 22:46:31.317,1.38876,1.38947,1.87,1.00
2016.12.20 22:46:31.537,1.38876,1.38937,1.87,1.00
2016.12.20 22:46:35.613,1.3888,1.38937,1.00,1.00
2016.12.20 22:46:36.015,1.3888,1.38937,1.37,1.00
2016.12.20 22:46:37.565,1.38878,1.38937,1.37,1.37
2016.12.20 22:46:40.495,1.38874,1.38937,1.75,1.12
2016.12.20 22:46:41.529,1.38874,1.38937,1.37,1.37
2016.12.20 22:46:42.250,1.38874,1.38937,1.50,1.37
2016.12.20 22:46:43.680,1.38874,1.38937,1.37,1.37
2016.12.20 22:46:43.731,1.38874,1.38937,1.75,1.12
2016.12.20 22:46:46.461,1.3887,1.38937,3.00,1.37
2016.12.20 22:46:50.119,1.38874,1.38937,1.75,1.00
2016.12.20 22:46:55.629,1.38874,1.38937,1.37,1.37
2016.12.20 22:46:55.680,1.38874,1.38933,1.37,1.00
2016.12.20 22:46:55.983,1.38882,1.38939,1.50,1.37
2016.12.20 22:46:56.720,1.38883,1.38939,1.00,1.37
2016.12.20 22:46:58.151,1.38883,1.38944,2.25,1.37
2016.12.20 22:47:02.238,1.38885,1.38944,1.00,1.37
2016.12.20 22:47:11.603,1.38883,1.38944,1.50,1.37
2016.12.20 22:47:11.744,1.38879,1.38944,1.00,1.37
2016.12.20 22:47:12.500,1.38878,1.38944,1.00,1.37
2016.12.20 22:47:19.512,1.3888,1.38945,1.00,1.87
2016.12.20 22:47:19.868,1.3888,1.38945,1.37,1.87
2016.12.20 22:47:39.594,1.38878,1.38943,1.00,1.37
2016.12.20 22:47:42.223,1.38879,1.38943,1.00,1.37
2016.12.20 22:47:43.705,1.38878,1.38943,1.00,1.37
2016.12.20 22:47:43.958,1.38876,1.38943,1.12,1.37
2016.12.20 22:48:03.518,1.3888,1.38947,1.00,2.25
2016.12.20 22:48:03.821,1.38879,1.38945,1.00,1.37
2016.12.20 22:48:03.922,1.38879,1.38945,1.50,1.37
2016.12.20 22:48:04.125,1.38878,1.38943,1.50,1.37
2016.12.20 22:48:04.176,1.38882,1.38945,1.00,1.37
2016.12.20 22:48:04.488,1.38882,1.38945,1.37,1.37
2016.12.20 22:48:23.626,1.38878,1.38942,1.50,1.37
2016.12.20 22:48:39.517,1.38881,1.38943,1.00,1.37
2016.12.20 22:48:39.719,1.38878,1.38942,1.00,1.37
2016.12.20 22:49:02.309,1.38874,1.38942,1.37,1.37
2016.12.20 22:49:11.519,1.38881,1.38945,1.00,1.75
2016.12.20 22:49:12.128,1.38881,1.38945,1.37,1.37
2016.12.20 22:49:13.466,1.38881,1.3894,1.37,1.00
2016.12.20 22:49:15.905,1.38886,1.3894,1.00,1.00
2016.12.20 22:49:16.057,1.38884,1.38946,1.87,1.37
2016.12.20 22:49:23.437,1.38881,1.38947,1.00,1.37
2016.12.20 22:49:23.538,1.38881,1.38947,1.37,1.37
2016.12.20 22:49:24.060,1.3888,1.38945,1.37,1.37
2016.12.20 22:49:27.518,1.38879,1.38945,1.00,1.37
2016.12.20 22:49:31.776,1.38873,1.38946,2.25,1.37
2016.12.20 22:49:43.526,1.38884,1.38944,1.00,1.37
2016.12.20 22:49:43.830,1.38884,1.38944,1.37,1.00
2016.12.20 22:49:51.834,1.38884,1.38947,1.37,1.37
2016.12.20 22:50:01.185,1.38883,1.38946,1.00,1.37
2016.12.20 22:50:01.294,1.38883,1.38946,1.37,1.37
2016.12.20 22:50:01.491,1.38883,1.38944,1.00,1.37
2016.12.20 22:50:02.062,1.38883,1.38944,1.37,1.37
2016.12.20 22:50:02.736,1.38885,1.38947,1.00,1.37
2016.12.20 22:50:03.517,1.38883,1.38947,1.37,1.37
2016.12.20 22:50:04.055,1.38883,1.38947,1.00,1.37
2016.12.20 22:50:04.572,1.38877,1.38946,1.00,1.37
2016.12.20 22:50:05.096,1.38875,1.38947,1.37,1.87
2016.12.20 22:50:07.323,1.38876,1.38947,1.12,1.87
2016.12.20 22:50:07.668,1.38875,1.38947,1.37,1.87
2016.12.20 22:50:09.657,1.38878,1.38943,1.00,1.37
2016.12.20 22:50:15.287,1.38874,1.38945,1.87,1.37
2016.12.20 22:50:17.117,1.38884,1.38942,1.37,1.00
2016.12.20 22:50:23.223,1.38884,1.38945,1.37,1.37
2016.12.20 22:50:37.124,1.38881,1.3895,1.00,1.87
2016.12.20 22:50:37.275,1.38879,1.38949,1.00,1.37
2016.12.20 22:50:42.923,1.38884,1.3895,1.00,1.87
2016.12.20 22:50:43.403,1.38884,1.3895,1.37,1.87
2016.12.20 22:50:48.636,1.38893,1.3895,1.00,1.37
2016.12.20 22:50:48.939,1.38897,1.3895,1.37,1.00
2016.12.20 22:50:50.573,1.38897,1.38948,1.37,1.00
2016.12.20 22:50:53.863,1.38901,1.38948,1.37,1.00
2016.12.20 22:50:56.614,1.38894,1.38948,1.37,1.00
2016.12.20 22:51:39.960,1.38893,1.38948,1.37,1.12
2016.12.20 22:51:40.011,1.38893,1.38945,1.37,1.00
2016.12.20 22:51:40.062,1.38888,1.38945,1.37,1.31
2016.12.20 22:51:40.213,1.38886,1.38934,1.50,1.00
2016.12.20 22:51:40.511,1.38886,1.38934,1.37,1.00
2016.12.20 22:51:46.148,1.38882,1.38939,2.25,1.00
2016.12.20 22:51:46.828,1.38886,1.38942,1.37,1.87
2016.12.20 22:51:47.861,1.38884,1.38937,1.37,1.00
2016.12.20 22:51:48.164,1.38885,1.3893,1.00,1.37
2016.12.20 22:51:48.214,1.38876,1.38929,1.00,1.37
2016.12.20 22:51:48.265,1.38872,1.38922,1.37,1.00
2016.12.20 22:51:48.491,1.38867,1.38925,1.37,1.37
2016.12.20 22:51:48.744,1.38871,1.38926,1.00,1.37
2016.12.20 22:51:54.657,1.38871,1.38926,1.87,1.37
2016.12.20 22:52:03.395,1.38871,1.38926,2.25,1.00
2016.12.20 22:52:04.637,1.38871,1.38926,2.25,1.00
2016.12.20 22:52:04.968,1.38871,1.38926,2.25,1.37
2016.12.20 22:52:11.262,1.38871,1.38917,1.50,1.00
2016.12.20 22:52:11.626,1.38871,1.38913,1.50,1.00
2016.12.20 22:52:24.644,1.38873,1.38913,1.75,1.00
2016.12.20 22:52:28.687,1.38873,1.38915,1.75,1.00
2016.12.20 22:52:38.363,1.38873,1.38915,1.75,1.00
2016.12.20 22:52:40.594,1.38873,1.38916,1.75,1.00
2016.12.20 22:52:40.888,1.38873,1.38913,1.75,1.00
2016.12.20 22:52:47.747,1.38872,1.38917,1.75,1.00
2016.12.20 22:52:47.848,1.38872,1.38923,1.37,1.00
2016.12.20 22:52:58.169,1.38874,1.38923,1.37,1.37
2016.12.20 22:53:00.582,1.38874,1.38923,1.37,1.37
2016.12.20 22:53:08.405,1.38875,1.38923,1.37,1.37
2016.12.20 22:53:14.518,1.38878,1.38925,1.52,1.37
2016.12.20 22:53:20.925,1.38877,1.38925,1.97,1.12
2016.12.20 22:53:21.410,1.38878,1.38932,1.52,1.37
2016.12.20 22:53:23.627,1.38879,1.38931,1.37,1.37
2016.12.20 22:53:26.890,1.3888,1.3893,1.37,1.37
2016.12.20 22:53:27.547,1.3888,1.38928,1.37,1.50
2016.12.20 22:53:29.511,1.38881,1.3892,1.00,1.37
2016.12.20 22:53:29.562,1.38878,1.3892,1.37,1.37
2016.12.20 22:53:31.467,1.38871,1.3892,1.37,1.37
2016.12.20 22:53:37.492,1.38872,1.3892,1.37,1.37
2016.12.20 22:53:53.135,1.38881,1.38925,1.00,2.25
2016.12.20 22:53:53.186,1.38881,1.38925,1.00,1.87
2016.12.20 22:53:53.288,1.38881,1.38928,1.00,1.37
2016.12.20 22:53:53.439,1.38877,1.38926,1.00,1.87
2016.12.20 22:53:53.490,1.38877,1.38926,1.00,1.87
2016.12.20 22:53:53.693,1.38874,1.38928,1.00,2.25
2016.12.20 22:53:53.743,1.38873,1.3892,1.00,1.37
2016.12.20 22:53:54.136,1.38871,1.3892,1.00,1.37
2016.12.20 22:53:54.709,1.3887,1.3892,1.00,1.37
2016.12.20 22:53:55.468,1.38869,1.3892,1.00,1.37
2016.12.20 22:53:56.020,1.38872,1.3892,1.00,1.37
2016.12.20 22:53:59.845,1.38874,1.38923,1.00,1.75
2016.12.20 22:53:59.896,1.38875,1.38923,1.00,1.37
2016.12.20 22:53:59.997,1.38875,1.38923,1.00,1.37
2016.12.20 22:54:00.526,1.38876,1.38923,1.00,1.37
2016.12.20 22:54:00.690,1.38873,1.38923,1.00,1.37
2016.12.20 22:54:00.824,1.38876,1.38923,1.00,1.37
2016.12.20 22:54:01.527,1.38877,1.38923,1.00,1.37
2016.12.20 22:54:01.848,1.38877,1.38923,1.37,1.37
2016.12.20 22:54:02.925,1.38878,1.38923,1.00,1.37
2016.12.20 22:54:03.228,1.38873,1.38923,1.37,1.37
2016.12.20 22:54:05.526,1.38876,1.38923,1.00,1.37
2016.12.20 22:54:05.577,1.38876,1.38923,1.37,1.37
2016.12.20 22:54:05.880,1.38874,1.38923,1.37,1.87
2016.12.20 22:54:07.073,1.38874,1.38923,1.37,2.06
2016.12.20 22:54:13.932,1.38872,1.38923,3.14,1.62
2016.12.20 22:54:22.054,1.38872,1.38923,1.50,1.37
2016.12.20 22:54:22.104,1.38872,1.38923,1.87,1.37
2016.12.20 22:54:27.053,1.38872,1.3892,1.37,1.37
2016.12.20 22:54:32.105,1.38872,1.3892,2.29,1.37
2016.12.20 22:54:32.533,1.38872,1.3892,2.29,1.37
2016.12.20 22:54:47.461,1.38874,1.38917,1.37,1.00
2016.12.20 22:54:47.595,1.38871,1.38917,1.12,1.56
2016.12.20 22:54:47.749,1.38867,1.38917,1.37,2.44
2016.12.20 22:54:47.799,1.38862,1.38917,1.00,2.44
2016.12.20 22:54:47.851,1.38867,1.38913,1.00,1.50
2016.12.20 22:54:47.952,1.38862,1.38912,1.00,1.87
2016.12.20 22:54:48.104,1.38858,1.3891,1.00,1.87
2016.12.20 22:54:48.155,1.38854,1.38909,1.87,1.37
2016.12.20 22:54:48.457,1.38856,1.3891,1.00,1.37
2016.12.20 22:54:49.049,1.38857,1.3891,1.00,1.37
2016.12.20 22:54:49.364,1.38859,1.3891,1.00,1.37
2016.12.20 22:54:49.953,1.3886,1.3891,1.00,1.37
2016.12.20 22:54:52.162,1.3886,1.38905,1.00,1.00
2016.12.20 22:54:52.466,1.3884,1.38886,1.00,1.71
2016.12.20 22:54:52.719,1.38832,1.38884,1.75,1.00
2016.12.20 22:54:54.024,1.38838,1.38884,2.19,1.00
2016.12.20 22:54:54.990,1.38838,1.38886,2.46,1.00
2016.12.20 22:54:55.496,1.38838,1.38887,2.67,1.00
2016.12.20 22:54:55.814,1.3884,1.38887,1.47,1.00
2016.12.20 22:54:56.408,1.38838,1.38887,1.75,1.50
2016.12.20 22:54:56.459,1.38838,1.38885,1.75,1.00
2016.12.20 22:54:56.662,1.3883,1.38879,1.75,1.00
2016.12.20 22:54:56.763,1.38828,1.38877,1.87,1.00
2016.12.20 22:54:56.975,1.38828,1.38877,1.75,1.50
2016.12.20 22:54:58.385,1.38832,1.38879,1.12,1.00
2016.12.20 22:54:58.969,1.38833,1.38879,1.00,1.00
2016.12.20 22:54:59.508,1.38832,1.38879,1.12,1.00
2016.12.20 22:55:00.138,1.38833,1.38883,1.00,2.25
2016.12.20 22:55:01.039,1.38834,1.38883,1.00,1.00
2016.12.20 22:55:02.273,1.38833,1.38883,1.37,1.00
2016.12.20 22:55:02.576,1.38851,1.38901,1.00,1.00
2016.12.20 22:55:02.628,1.38845,1.38892,1.37,1.00
2016.12.20 22:55:02.679,1.38845,1.38892,1.12,1.00
2016.12.20 22:55:03.058,1.38848,1.38891,1.00,1.00
2016.12.20 22:55:03.159,1.38845,1.38893,1.37,1.00
2016.12.20 22:55:17.539,1.38842,1.38893,1.12,1.00
2016.12.20 22:55:17.836,1.38838,1.38887,1.37,1.00
2016.12.20 22:55:18.619,1.38838,1.38888,1.87,1.00
2016.12.20 22:55:23.051,1.38838,1.38888,1.00,1.00
2016.12.20 22:55:23.102,1.38834,1.38877,1.00,1.00
2016.12.20 22:55:23.253,1.38828,1.38877,1.00,1.28
2016.12.20 22:55:23.304,1.38825,1.38874,1.00,1.00
2016.12.20 22:55:23.355,1.38823,1.38874,1.50,1.87
2016.12.20 22:55:23.406,1.38823,1.38871,1.00,1.00
2016.12.20 22:55:23.808,1.38821,1.38871,1.12,1.00
2016.12.20 22:55:23.961,1.38826,1.38871,1.00,1.00
2016.12.20 22:55:24.063,1.38829,1.38875,1.00,1.00
2016.12.20 22:55:24.114,1.38826,1.38875,1.00,1.00
2016.12.20 22:55:24.165,1.38829,1.38875,1.00,1.50
2016.12.20 22:55:24.216,1.38827,1.38875,1.00,1.00
2016.12.20 22:55:24.318,1.38829,1.38874,1.00,1.00
2016.12.20 22:55:24.520,1.3883,1.38877,1.00,1.60
2016.12.20 22:55:25.011,1.3883,1.38877,1.00,2.35
2016.12.20 22:55:25.214,1.38825,1.38875,1.00,2.35
2016.12.20 22:55:25.265,1.38825,1.38875,1.00,1.87
2016.12.20 22:55:25.366,1.38829,1.38874,1.00,1.00
2016.12.20 22:55:25.417,1.38829,1.38878,1.50,1.00
2016.12.20 22:55:25.467,1.38829,1.38879,1.87,1.00
2016.12.20 22:55:32.860,1.3883,1.38876,1.37,1.00
2016.12.20 22:55:33.013,1.38824,1.38871,1.00,1.00
2016.12.20 22:55:33.077,1.38821,1.38867,1.00,1.00
2016.12.20 22:55:33.427,1.38823,1.38869,1.00,1.00
2016.12.20 22:55:33.579,1.38831,1.38878,1.00,1.00
2016.12.20 22:55:33.731,1.38832,1.38878,1.37,1.00
2016.12.20 22:55:33.782,1.38832,1.38883,1.87,1.00
2016.12.20 22:55:33.863,1.38832,1.38886,1.87,1.00
2016.12.20 22:55:34.409,1.38833,1.38887,1.37,1.00
2016.12.20 22:55:40.742,1.38834,1.38888,1.37,2.25
2016.12.20 22:55:41.293,1.38834,1.38887,1.37,1.00
2016.12.20 22:55:41.993,1.38835,1.38888,1.37,1.50
2016.12.20 22:55:43.598,1.38835,1.3889,1.37,3.00
2016.12.20 22:55:44.134,1.38837,1.3889,1.00,3.00
2016.12.20 22:55:44.790,1.38834,1.3889,1.87,3.00
2016.12.20 22:55:45.297,1.38837,1.3889,1.00,3.00
2016.12.20 22:55:45.837,1.38834,1.3889,1.87,3.00
2016.12.20 22:55:46.359,1.38837,1.3889,1.00,3.00
2016.12.20 22:55:46.895,1.38836,1.3889,1.12,2.62
2016.12.20 22:55:47.583,1.38837,1.3889,1.00,1.87
2016.12.20 22:55:48.263,1.38837,1.38888,1.00,1.50
2016.12.20 22:55:48.768,1.38836,1.38888,1.12,1.50
2016.12.20 22:55:49.307,1.38837,1.3889,1.00,1.87
2016.12.20 22:55:49.461,1.38834,1.38889,1.87,1.12
2016.12.20 22:55:49.542,1.38834,1.38884,1.12,1.37
2016.12.20 22:55:50.168,1.38833,1.38881,1.37,1.00
2016.12.20 22:55:51.542,1.38831,1.38883,1.37,1.37
2016.12.20 22:55:52.559,1.38833,1.38881,1.37,1.00
2016.12.20 22:55:53.072,1.38833,1.38881,1.75,1.00
2016.12.20 22:56:06.843,1.38834,1.38881,1.12,1.00
2016.12.20 22:56:15.489,1.38835,1.38881,1.00,1.00
2016.12.20 22:56:17.536,1.38836,1.38881,1.00,1.00
2016.12.20 22:56:18.906,1.38835,1.38881,1.50,1.00
2016.12.20 22:56:19.422,1.38834,1.38881,1.12,1.00
2016.12.20 22:56:22.039,1.38835,1.38881,1.00,1.00
2016.12.20 22:56:29.664,1.38833,1.38876,1.37,1.00
2016.12.20 22:56:29.867,1.38826,1.38876,1.37,1.50
2016.12.20 22:56:30.300,1.38826,1.38874,1.00,1.00
2016.12.20 22:56:31.335,1.38826,1.38875,1.00,1.00
2016.12.20 22:56:32.426,1.38824,1.38865,1.00,1.00
2016.12.20 22:56:32.477,1.3882,1.38864,1.00,1.50
2016.12.20 22:56:32.528,1.3882,1.3886,1.00,1.00
2016.12.20 22:56:32.579,1.38813,1.3886,1.00,1.00
2016.12.20 22:56:32.681,1.38824,1.38862,1.00,1.00
2016.12.20 22:56:32.790,1.38824,1.38868,1.00,1.00
2016.12.20 22:56:32.892,1.38824,1.38873,1.00,1.00
2016.12.20 22:56:34.338,1.38824,1.3887,1.00,1.00
2016.12.20 22:56:34.541,1.38828,1.38878,1.00,2.25
2016.12.20 22:56:35.370,1.38829,1.38878,1.00,1.87
2016.12.20 22:56:37.812,1.3883,1.38878,1.00,1.37
2016.12.20 22:56:37.863,1.38828,1.38878,1.00,1.37
2016.12.20 22:56:38.246,1.38833,1.38878,1.00,1.37
2016.12.20 22:56:38.298,1.38833,1.38878,1.00,1.00
2016.12.20 22:56:38.349,1.38836,1.38881,1.00,1.87
2016.12.20 22:56:38.501,1.38837,1.38886,1.12,1.00
2016.12.20 22:56:38.552,1.38837,1.38888,1.12,1.00
2016.12.20 22:56:38.704,1.38837,1.38888,1.87,1.00
2016.12.20 22:56:38.857,1.38843,1.38893,1.50,1.00
2016.12.20 22:56:38.908,1.38845,1.38896,1.00,1.87
2016.12.20 22:56:39.427,1.38845,1.38896,1.37,1.00
2016.12.20 22:56:44.849,1.38847,1.38896,1.00,1.00
2016.12.20 22:56:45.164,1.38873,1.3891,1.00,1.00
2016.12.20 22:56:47.531,1.38872,1.3891,1.50,1.00
2016.12.20 22:56:48.064,1.38873,1.3891,1.00,1.00
2016.12.20 22:56:48.393,1.38883,1.38916,1.00,1.00
2016.12.20 22:56:48.902,1.38883,1.38917,1.00,1.00
2016.12.20 22:56:49.779,1.38882,1.38917,1.50,1.00
2016.12.20 22:56:53.074,1.38883,1.38917,1.00,1.00
2016.12.20 22:56:54.078,1.3888,1.38917,1.00,1.00
2016.12.20 22:56:57.009,1.38882,1.38917,1.00,1.00
2016.12.20 22:56:59.063,1.38881,1.38917,1.00,1.00
2016.12.20 22:56:59.568,1.38881,1.38917,1.37,1.00
2016.12.20 22:57:00.079,1.38876,1.38916,1.37,1.00
2016.12.20 22:57:00.131,1.38876,1.38916,1.12,1.00
2016.12.20 22:57:06.762,1.38878,1.38917,1.00,1.12
2016.12.20 22:57:07.066,1.38881,1.38917,1.00,1.00
2016.12.20 22:57:08.177,1.38882,1.38917,1.00,1.00
2016.12.20 22:57:14.899,1.38883,1.38917,1.00,1.00
2016.12.20 22:57:15.379,1.38881,1.38917,1.50,1.00
2016.12.20 22:57:19.931,1.38883,1.38917,1.00,1.00
2016.12.20 22:57:23.662,1.38883,1.38918,1.50,1.00
2016.12.20 22:57:23.763,1.38889,1.38925,1.00,1.00
2016.12.20 22:57:23.870,1.38907,1.38931,1.50,1.00
2016.12.20 22:57:24.052,1.38918,1.38955,1.37,1.50
2016.12.20 22:57:24.103,1.38918,1.38973,1.37,3.37
2016.12.20 22:57:24.154,1.38918,1.38973,1.50,1.87
2016.12.20 22:57:24.256,1.38918,1.38973,1.34,1.12
2016.12.20 22:57:24.805,1.38917,1.38974,2.84,1.00
2016.12.20 22:57:25.307,1.3892,1.38974,1.37,1.00
2016.12.20 22:57:25.509,1.38917,1.38972,1.12,1.00
2016.12.20 22:57:25.662,1.38918,1.3897,1.00,1.00
2016.12.20 22:57:27.201,1.38915,1.3897,1.37,1.00
2016.12.20 22:57:28.491,1.38912,1.38964,1.37,1.00
2016.12.20 22:57:28.542,1.38916,1.38966,1.37,1.50
2016.12.20 22:57:31.958,1.38912,1.38965,1.37,1.00
2016.12.20 22:57:34.489,1.38912,1.38966,1.37,1.50
2016.12.20 22:57:34.540,1.38912,1.38966,1.37,1.50
2016.12.20 22:57:35.990,1.38909,1.38963,1.37,1.00
2016.12.20 22:57:37.311,1.38921,1.38963,1.00,1.00
2016.12.20 22:57:37.464,1.38923,1.38971,1.37,1.00
2016.12.20 22:57:37.515,1.38923,1.38975,1.37,1.12
2016.12.20 22:57:38.238,1.38925,1.38975,1.00,1.12
2016.12.20 22:57:38.497,1.38925,1.38975,1.37,1.00
2016.12.20 22:57:38.818,1.38926,1.38975,1.00,1.50
2016.12.20 22:57:42.001,1.38925,1.38975,1.12,1.00
2016.12.20 22:57:42.454,1.38926,1.38977,1.00,1.00
2016.12.20 22:57:42.555,1.38936,1.3898,1.00,1.00
2016.12.20 22:57:42.606,1.38932,1.38983,1.00,1.00
2016.12.20 22:57:42.657,1.38932,1.38983,1.37,1.00
2016.12.20 22:57:42.708,1.38935,1.38985,1.37,1.00
2016.12.20 22:57:42.859,1.38935,1.38988,1.37,1.50
2016.12.20 22:57:42.988,1.38936,1.38988,1.37,1.00
2016.12.20 22:57:44.235,1.38943,1.38989,1.00,1.00
2016.12.20 22:57:44.538,1.38956,1.39008,1.37,1.50
2016.12.20 22:57:44.690,1.38956,1.39001,1.37,1.00
2016.12.20 22:57:45.069,1.38955,1.39009,1.37,1.00
2016.12.20 22:57:45.170,1.38953,1.39008,1.87,1.00
2016.12.20 22:57:45.272,1.3895,1.39,1.37,1.00
2016.12.20 22:57:45.373,1.38947,1.39003,1.37,1.00
2016.12.20 22:57:45.424,1.38945,1.39003,1.37,1.87
2016.12.20 22:57:45.525,1.38945,1.39003,1.50,1.50
2016.12.20 22:57:45.829,1.38938,1.3899,1.75,1.00
2016.12.20 22:57:46.133,1.38926,1.38961,1.00,1.50
2016.12.20 22:57:46.184,1.38914,1.38958,1.37,1.00
2016.12.20 22:57:46.235,1.38914,1.38956,1.00,1.00
2016.12.20 22:57:46.337,1.38906,1.38954,2.62,1.00
2016.12.20 22:57:46.489,1.38904,1.38953,1.00,1.37
2016.12.20 22:57:46.540,1.38904,1.38948,1.00,1.00
2016.12.20 22:57:46.641,1.38897,1.38948,1.50,1.37
2016.12.20 22:57:46.793,1.38892,1.38947,1.87,1.37
2016.12.20 22:57:47.104,1.38892,1.38941,1.00,1.00
2016.12.20 22:57:47.485,1.3889,1.3894,1.00,1.37
2016.12.20 22:57:47.737,1.38878,1.38927,1.00,1.00
2016.12.20 22:57:47.788,1.38875,1.38923,1.00,1.00
2016.12.20 22:57:47.890,1.38872,1.38923,1.00,1.37
2016.12.20 22:57:47.941,1.38872,1.38927,1.00,2.25
2016.12.20 22:57:48.042,1.38871,1.38928,1.00,2.25
2016.12.20 22:57:48.093,1.38868,1.38928,1.00,3.00
2016.12.20 22:57:48.245,1.38868,1.38922,1.00,1.37
2016.12.20 22:57:48.498,1.38865,1.38923,1.00,1.50
2016.12.20 22:57:48.599,1.3886,1.3892,1.50,1.37
2016.12.20 22:57:48.852,1.38863,1.38917,1.37,1.00
2016.12.20 22:57:49.055,1.38856,1.38916,1.75,1.12
2016.12.20 22:57:49.156,1.38856,1.38916,1.00,1.37
2016.12.20 22:57:49.258,1.38853,1.38915,1.37,1.00
2016.12.20 22:57:49.543,1.38854,1.38917,1.37,1.00
2016.12.20 22:57:49.662,1.38854,1.38911,1.37,1.00
2016.12.20 22:57:50.294,1.38857,1.38909,1.37,1.00
2016.12.20 22:57:50.345,1.38857,1.38909,1.00,1.00
2016.12.20 22:57:50.866,1.38857,1.38908,1.00,1.00
2016.12.20 22:57:51.398,1.38857,1.38907,1.00,1.00
2016.12.20 22:57:51.499,1.38852,1.38907,1.00,1.00
2016.12.20 22:57:51.774,1.38856,1.38907,1.00,1.00
2016.12.20 22:57:53.012,1.38853,1.38907,1.00,1.00
2016.12.20 22:57:53.158,1.38857,1.38907,1.00,1.00
2016.12.20 22:57:53.461,1.38833,1.38875,3.00,1.37
2016.12.20 22:57:53.512,1.38833,1.38871,2.25,1.37
2016.12.20 22:57:53.563,1.38828,1.38871,1.00,1.37
2016.12.20 22:57:53.664,1.38819,1.38874,1.37,1.00
2016.12.20 22:57:53.715,1.38819,1.38876,1.37,1.00
2016.12.20 22:57:53.968,1.38816,1.38876,1.75,1.37
2016.12.20 22:57:54.683,1.38819,1.3887,1.12,1.00
2016.12.20 22:57:55.006,1.38819,1.3887,1.37,1.00
2016.12.20 22:57:55.250,1.38819,1.38873,1.37,1.00
2016.12.20 22:57:55.351,1.38816,1.38876,2.62,1.12
2016.12.20 22:57:55.402,1.38816,1.38876,2.25,1.37
2016.12.20 22:57:55.724,1.38819,1.3888,1.37,1.37
2016.12.20 22:57:56.090,1.38823,1.3888,1.37,1.37
2016.12.20 22:57:56.615,1.38823,1.38882,1.37,1.37
2016.12.20 22:57:56.962,1.38827,1.38883,1.37,1.50
2016.12.20 22:57:57.899,1.38831,1.38887,1.12,1.37
2016.12.20 22:57:58.284,1.38831,1.38892,1.37,1.37
2016.12.20 22:57:58.583,1.38835,1.38893,1.37,1.00
2016.12.20 22:57:59.921,1.38834,1.38893,1.37,1.37
2016.12.20 22:58:01.592,1.38836,1.38897,1.37,1.75
2016.12.20 22:58:01.693,1.38836,1.38896,1.37,1.12
2016.12.20 22:58:01.794,1.38842,1.389,1.37,1.37
2016.12.20 22:58:02.338,1.38838,1.389,1.37,1.50
2016.12.20 22:58:03.690,1.38861,1.38902,1.00,1.37
2016.12.20 22:58:03.993,1.38878,1.38912,1.21,1.00
2016.12.20 22:58:04.044,1.38878,1.38915,1.21,1.50
2016.12.20 22:58:04.145,1.38883,1.3893,1.21,2.25
2016.12.20 22:58:04.196,1.38883,1.3893,1.21,1.50
2016.12.20 22:58:04.297,1.38888,1.38939,1.21,1.00
2016.12.20 22:58:04.348,1.38891,1.38944,1.71,1.50
2016.12.20 22:58:04.449,1.38899,1.38954,1.00,1.00
2016.12.20 22:58:04.555,1.38905,1.38963,1.75,2.25
2016.12.20 22:58:04.820,1.38905,1.38968,1.75,1.00
2016.12.20 22:58:04.871,1.38906,1.38972,1.75,1.50
2016.12.20 22:58:05.122,1.38912,1.38974,1.12,1.00
2016.12.20 22:58:05.224,1.38905,1.38972,1.75,1.00
2016.12.20 22:58:05.527,1.38912,1.38967,1.12,1.00
2016.12.20 22:58:06.508,1.38904,1.38967,2.25,1.00
2016.12.20 22:58:06.761,1.3891,1.38967,1.37,1.00
2016.12.20 22:58:07.333,1.3891,1.38968,1.37,1.00
2016.12.20 22:58:08.094,1.3891,1.38967,1.37,1.00
2016.12.20 22:58:08.296,1.3891,1.3897,1.37,1.00
2016.12.20 22:58:08.824,1.38905,1.38971,1.37,1.50
2016.12.20 22:58:08.947,1.38907,1.38971,1.37,1.00
2016.12.20 22:58:09.049,1.38907,1.3897,1.00,1.00
2016.12.20 22:58:09.984,1.38906,1.3897,1.12,1.00
2016.12.20 22:58:10.511,1.38906,1.38971,1.12,1.00
2016.12.20 22:58:10.562,1.38899,1.3896,1.75,1.00
2016.12.20 22:58:10.865,1.38881,1.38928,1.00,1.00
2016.12.20 22:58:10.916,1.38873,1.38928,1.87,1.37
2016.12.20 22:58:11.477,1.3887,1.38928,3.59,1.00
2016.12.20 22:58:11.528,1.3888,1.38931,1.28,1.00
2016.12.20 22:58:11.634,1.38884,1.38934,1.00,1.00
2016.12.20 22:58:11.685,1.38884,1.3894,1.37,1.87
2016.12.20 22:58:11.887,1.38883,1.3894,1.37,1.12
2016.12.20 22:58:12.562,1.38882,1.38938,1.37,1.00
2016.12.20 22:58:13.125,1.38873,1.38938,1.50,1.00
2016.12.20 22:58:13.255,1.38873,1.38934,1.50,1.00
2016.12.20 22:58:13.357,1.38873,1.38934,1.87,1.00
2016.12.20 22:58:25.669,1.38871,1.38935,1.37,1.50
2016.12.20 22:58:28.687,1.38868,1.38934,1.75,1.00
2016.12.20 22:58:28.839,1.38868,1.38934,1.37,1.50
2016.12.20 22:58:28.941,1.38873,1.38934,1.37,1.50
2016.12.20 22:58:31.322,1.38873,1.38933,1.37,1.50
2016.12.20 22:58:38.485,1.38867,1.38932,1.75,1.00
2016.12.20 22:58:38.536,1.38867,1.38932,1.37,1.00
2016.12.20 22:58:39.477,1.38875,1.38931,1.00,1.50
2016.12.20 22:58:39.899,1.38875,1.3893,1.37,1.00
2016.12.20 22:58:40.761,1.38866,1.38929,1.87,1.00
2016.12.20 22:58:41.064,1.38855,1.3891,1.37,1.00
2016.12.20 22:58:41.165,1.38852,1.3891,1.37,1.37
2016.12.20 22:58:41.216,1.38851,1.38904,1.37,1.00
2016.12.20 22:58:41.267,1.3885,1.38904,1.37,1.00
2016.12.20 22:58:41.419,1.38848,1.38904,1.12,1.00
2016.12.20 22:58:41.977,1.38849,1.38904,1.00,1.00
2016.12.20 22:58:42.285,1.38848,1.38904,1.37,1.00
2016.12.20 22:58:44.059,1.38847,1.38908,1.37,1.37
2016.12.20 22:58:44.861,1.38843,1.389,1.75,1.00
2016.12.20 22:58:45.013,1.38838,1.38889,1.00,1.37
2016.12.20 22:58:45.114,1.38834,1.38886,1.00,1.37
2016.12.20 22:58:45.215,1.38828,1.38884,1.37,1.12
2016.12.20 22:58:45.367,1.3883,1.38883,1.37,1.00
2016.12.20 22:58:45.989,1.3883,1.38885,1.37,1.00
2016.12.20 22:58:46.650,1.3883,1.38888,1.37,1.87
2016.12.20 22:58:49.561,1.38832,1.38883,1.87,1.00
2016.12.20 22:58:49.864,1.38823,1.3887,1.00,1.00
2016.12.20 22:58:50.276,1.38818,1.3887,1.87,1.00
2016.12.20 22:58:50.796,1.38822,1.3887,1.00,1.00
2016.12.20 22:58:51.391,1.38823,1.3887,1.00,1.00
2016.12.20 22:58:51.442,1.38823,1.38874,1.00,1.00
2016.12.20 22:58:51.492,1.38826,1.38874,1.37,1.00
2016.12.20 22:58:51.694,1.3883,1.38883,1.37,1.00
2016.12.20 22:58:51.745,1.3883,1.38885,1.37,1.00
2016.12.20 22:58:51.846,1.38833,1.38888,1.12,1.12
2016.12.20 22:58:51.897,1.38845,1.38888,1.00,1.12
2016.12.20 22:58:52.049,1.38849,1.38893,1.00,1.00
2016.12.20 22:58:52.467,1.38844,1.38889,1.37,1.00
2016.12.20 22:58:52.518,1.38844,1.38889,1.00,1.00
2016.12.20 22:58:52.670,1.38846,1.38889,1.00,1.00
2016.12.20 22:58:52.821,1.38843,1.38889,1.50,1.00
2016.12.20 22:58:53.127,1.38844,1.38893,1.00,1.00
2016.12.20 22:58:53.178,1.38843,1.38897,1.00,1.87
2016.12.20 22:58:53.279,1.38841,1.38895,1.00,1.37
2016.12.20 22:58:53.330,1.38839,1.38895,1.00,1.37
2016.12.20 22:58:53.718,1.38843,1.38895,1.00,1.37
2016.12.20 22:58:53.963,1.38849,1.38903,1.37,1.00
2016.12.20 22:58:54.065,1.38867,1.38911,1.00,1.00
2016.12.20 22:58:54.330,1.38867,1.38926,1.50,1.12
2016.12.20 22:58:54.719,1.38877,1.38933,1.12,1.37
2016.12.20 22:58:54.821,1.38884,1.38937,1.37,1.00
2016.12.20 22:58:54.872,1.38884,1.38942,1.37,1.37
2016.12.20 22:58:54.973,1.3888,1.38944,1.75,1.00
2016.12.20 22:58:55.024,1.3888,1.38944,1.00,1.00
2016.12.20 22:58:55.226,1.38882,1.38951,1.00,1.00
2016.12.20 22:58:55.276,1.38881,1.38948,2.25,1.00
2016.12.20 22:58:55.529,1.38886,1.38954,1.00,1.50
2016.12.20 22:58:55.994,1.38879,1.3895,1.50,1.00
2016.12.20 22:58:56.095,1.38883,1.3895,1.00,1.00
2016.12.20 22:58:56.398,1.38889,1.38953,1.00,1.00
2016.12.20 22:58:57.069,1.38885,1.38948,1.00,1.00
2016.12.20 22:58:57.518,1.38884,1.38952,1.00,1.00
2016.12.20 22:58:57.760,1.38886,1.38946,1.37,1.00
2016.12.20 22:58:58.093,1.38934,1.3897,1.00,1.00
2016.12.20 22:58:58.163,1.38941,1.38984,1.00,1.00
2016.12.20 22:58:58.214,1.38941,1.38984,1.37,1.00
2016.12.20 22:58:58.265,1.38938,1.38994,1.75,1.00
2016.12.20 22:58:58.316,1.38941,1.38994,1.00,1.00
2016.12.20 22:58:58.367,1.38941,1.39005,1.00,1.00
2016.12.20 22:58:58.810,1.38934,1.39005,1.00,1.00
2016.12.20 22:58:58.977,1.38934,1.38998,1.00,1.00
2016.12.20 22:58:59.179,1.38932,1.39,1.37,2.25
2016.12.20 22:59:00.365,1.38932,1.38999,1.37,1.00
2016.12.20 22:59:00.466,1.38932,1.38997,1.37,1.00
2016.12.20 22:59:01.426,1.38942,1.38997,1.00,1.00
2016.12.20 22:59:01.729,1.38942,1.39,1.37,1.00
2016.12.20 22:59:01.981,1.38934,1.39,1.75,2.62
2016.12.20 22:59:02.082,1.38931,1.39,2.62,2.62
2016.12.20 22:59:02.767,1.38931,1.38998,1.87,1.00
2016.12.20 22:59:02.818,1.38931,1.38994,1.87,1.00
2016.12.20 22:59:03.042,1.38931,1.38998,1.87,1.00
2016.12.20 22:59:03.565,1.38931,1.38993,1.87,1.00
2016.12.20 22:59:04.186,1.38931,1.38992,1.87,1.00
2016.12.20 22:59:04.679,1.38931,1.38989,1.37,1.00
2016.12.20 22:59:04.982,1.38931,1.38987,1.37,1.12
2016.12.20 22:59:05.285,1.38922,1.38986,1.87,1.37
2016.12.20 22:59:05.386,1.38922,1.38982,1.37,1.12
2016.12.20 22:59:05.591,1.38921,1.38976,1.87,1.00
2016.12.20 22:59:05.692,1.38921,1.38978,1.87,1.00
2016.12.20 22:59:05.945,1.38923,1.38979,1.00,1.00
2016.12.20 22:59:06.047,1.38922,1.38973,1.00,1.00
2016.12.20 22:59:06.097,1.38917,1.38972,1.12,1.00
2016.12.20 22:59:06.148,1.38911,1.38972,1.37,1.50
2016.12.20 22:59:06.350,1.38907,1.38978,1.87,1.00
2016.12.20 22:59:06.625,1.38913,1.38976,1.00,1.00
2016.12.20 22:59:06.928,1.38908,1.38971,1.37,1.00
2016.12.20 22:59:07.466,1.38908,1.3897,1.37,1.00
2016.12.20 22:59:07.768,1.38903,1.38964,1.75,1.00
2016.12.20 22:59:07.819,1.38903,1.38964,1.37,1.00
2016.12.20 22:59:07.971,1.38902,1.38966,1.37,3.00
2016.12.20 22:59:08.167,1.38902,1.38961,1.37,1.00
2016.12.20 22:59:08.369,1.38894,1.3896,1.87,1.00
2016.12.20 22:59:08.420,1.38894,1.38958,1.87,1.00
2016.12.20 22:59:08.741,1.38901,1.38958,1.50,1.00
2016.12.20 22:59:09.386,1.38901,1.38955,1.37,1.00
2016.12.20 22:59:10.061,1.38906,1.38955,1.00,1.50
2016.12.20 22:59:10.367,1.38911,1.38966,1.50,1.00
2016.12.20 22:59:11.028,1.38911,1.38965,1.50,1.00
2016.12.20 22:59:16.660,1.38911,1.38964,1.87,1.00
2016.12.20 22:59:17.221,1.38911,1.38965,1.87,1.00
2016.12.20 22:59:18.268,1.38914,1.38968,1.37,1.00
2016.12.20 22:59:18.520,1.38919,1.38968,1.50,1.00
2016.12.20 22:59:18.823,1.38927,1.38979,1.37,1.00
2016.12.20 22:59:19.182,1.38927,1.38984,1.37,1.50
2016.12.20 22:59:19.233,1.38927,1.38984,1.12,1.87
2016.12.20 22:59:19.447,1.38927,1.38983,1.50,1.00
2016.12.20 22:59:19.693,1.38926,1.38983,1.37,1.37
2016.12.20 22:59:20.129,1.38927,1.38983,1.37,1.00
2016.12.20 22:59:21.261,1.38928,1.38986,1.37,1.37
2016.12.20 22:59:21.312,1.38931,1.38986,1.12,1.00
2016.12.20 22:59:21.413,1.38937,1.38989,1.37,1.00
2016.12.20 22:59:21.882,1.38937,1.38989,1.50,1.00
2016.12.20 22:59:22.379,1.38937,1.38992,1.50,1.50
2016.12.20 22:59:22.480,1.38934,1.38967,1.12,1.00
2016.12.20 22:59:22.531,1.38932,1.38974,1.37,1.00
2016.12.20 22:59:22.633,1.38926,1.38972,1.37,1.00
2016.12.20 22:59:22.683,1.38923,1.38974,1.91,1.00
2016.12.20 22:59:23.231,1.38924,1.38974,1.05,1.00
2016.12.20 22:59:23.611,1.38918,1.38974,1.87,1.00
2016.12.20 22:59:23.763,1.38916,1.38975,1.12,1.12
2016.12.20 22:59:30.961,1.38916,1.38973,1.12,1.00
2016.12.20 22:59:31.012,1.38912,1.38968,1.87,1.37
2016.12.20 22:59:31.063,1.38912,1.3896,1.87,1.00
2016.12.20 22:59:31.114,1.38906,1.38961,1.00,1.37
2016.12.20 22:59:31.165,1.38903,1.38951,1.12,1.00
2016.12.20 22:59:31.266,1.38896,1.3895,1.00,1.37
2016.12.20 22:59:31.317,1.38893,1.3895,1.37,1.37
2016.12.20 22:59:31.469,1.38892,1.3895,1.12,1.00
2016.12.20 22:59:31.520,1.38885,1.38947,2.25,1.00
2016.12.20 22:59:31.570,1.38885,1.38947,1.37,1.00
2016.12.20 22:59:31.642,1.38885,1.38942,1.37,1.00
2016.12.20 22:59:31.945,1.38874,1.38933,1.37,1.00
2016.12.20 22:59:32.348,1.38874,1.38931,1.37,1.00
2016.12.20 22:59:34.791,1.3887,1.3893,1.75,1.00
2016.12.20 22:59:34.842,1.3887,1.3893,1.37,1.50
2016.12.20 22:59:35.176,1.38864,1.3892,1.00,1.00
2016.12.20 22:59:35.327,1.38852,1.38912,1.00,1.00
2016.12.20 22:59:35.415,1.38844,1.38907,4.12,1.00
2016.12.20 22:59:35.568,1.3884,1.38907,1.00,1.00
2016.12.20 22:59:35.618,1.38838,1.38904,1.00,1.50
2016.12.20 22:59:35.922,1.38829,1.38884,1.75,1.48
2016.12.20 22:59:36.074,1.38826,1.38879,1.00,1.85
2016.12.20 22:59:36.125,1.38821,1.38876,1.12,1.23
2016.12.20 22:59:36.475,1.3882,1.38867,1.12,1.60
2016.12.20 22:59:36.683,1.38817,1.38866,1.12,1.98
2016.12.20 22:59:36.734,1.38813,1.38866,1.37,2.35
2016.12.20 22:59:36.835,1.38809,1.38856,1.00,3.48
2016.12.20 22:59:36.936,1.38802,1.38856,1.00,3.48
2016.12.20 22:59:37.037,1.38798,1.3886,1.37,1.58
2016.12.20 22:59:37.139,1.388,1.38863,1.87,1.71
2016.12.20 22:59:37.442,1.38809,1.38863,1.00,1.71
2016.12.20 22:59:37.644,1.38809,1.38863,1.00,1.44
2016.12.20 22:59:37.745,1.38809,1.38865,1.00,2.19
2016.12.20 22:59:37.796,1.38811,1.38865,1.00,2.19
2016.12.20 22:59:37.948,1.38811,1.3887,1.00,1.37
2016.12.20 22:59:38.150,1.38811,1.38865,1.00,1.44
2016.12.20 22:59:38.943,1.38816,1.38865,1.00,1.44
2016.12.20 22:59:39.552,1.38816,1.38866,1.00,1.06
2016.12.20 22:59:39.883,1.38816,1.38863,1.00,1.06
2016.12.20 22:59:40.145,1.38813,1.38873,1.00,1.37
2016.12.20 22:59:40.714,1.38812,1.38876,1.00,1.37
2016.12.20 22:59:40.765,1.3881,1.38876,1.12,1.37
2016.12.20 22:59:40.926,1.38812,1.38876,1.00,1.37
2016.12.20 22:59:41.229,1.38822,1.38881,1.37,1.00
2016.12.20 22:59:42.287,1.38822,1.38883,1.87,1.00
2016.12.20 22:59:43.112,1.38822,1.38878,1.37,1.00
2016.12.20 22:59:44.961,1.38816,1.38875,1.37,1.00
2016.12.20 22:59:45.063,1.38818,1.38876,1.00,1.37
2016.12.20 22:59:45.214,1.38813,1.38876,1.37,1.37
2016.12.20 22:59:45.467,1.38813,1.38871,1.37,1.00
2016.12.20 22:59:46.013,1.38818,1.38871,1.00,1.00
2016.12.20 22:59:46.165,1.38818,1.38873,1.00,1.00
2016.12.20 22:59:46.216,1.3882,1.38873,1.00,1.00
2016.12.20 22:59:46.671,1.38825,1.38873,1.00,1.00
2016.12.20 22:59:46.722,1.38827,1.38876,1.00,1.00
2016.12.20 22:59:46.823,1.38829,1.38879,1.00,1.00
2016.12.20 22:59:46.874,1.38829,1.38883,1.00,1.00
2016.12.20 22:59:47.126,1.38832,1.38885,1.00,1.37
2016.12.20 22:59:47.177,1.38832,1.38888,1.37,1.37
2016.12.20 22:59:47.279,1.38836,1.3889,1.00,1.37
2016.12.20 22:59:47.380,1.38836,1.38891,1.37,1.37
2016.12.20 22:59:47.632,1.38827,1.38888,1.37,1.37
2016.12.20 22:59:47.712,1.38827,1.38884,1.00,2.25
2016.12.20 22:59:47.763,1.38823,1.38884,1.37,2.25
2016.12.20 22:59:48.620,1.38822,1.38881,1.50,1.12
2016.12.20 22:59:49.371,1.38827,1.38885,1.37,1.12
2016.12.20 22:59:49.421,1.38836,1.38885,1.00,1.12
2016.12.20 22:59:49.724,1.3884,1.38886,1.00,1.00
2016.12.20 22:59:49.826,1.38832,1.38887,1.00,1.37
2016.12.20 22:59:50.333,1.38832,1.38885,1.00,1.87
2016.12.20 22:59:50.876,1.38833,1.38885,1.00,1.87
2016.12.20 22:59:54.945,1.38833,1.38887,1.50,1.37
2016.12.20 22:59:55.097,1.38834,1.38891,1.37,1.37
2016.12.20 22:59:55.400,1.38837,1.38891,1.00,1.37
2016.12.20 22:59:55.574,1.38831,1.38888,1.37,1.00
2016.12.20 22:59:57.811,1.38839,1.38893,1.00,1.37
2016.12.20 22:59:58.115,1.38856,1.38909,1.87,1.00
2016.12.20 22:59:58.201,1.3887,1.38927,1.00,1.50
2016.12.20 22:59:58.252,1.38865,1.38933,1.50,1.00
2016.12.20 22:59:58.454,1.38863,1.38934,1.00,1.50
2016.12.20 22:59:58.505,1.38873,1.38934,1.00,1.50
2016.12.20 22:59:58.887,1.38869,1.38934,1.50,1.50
2016.12.20 22:59:58.955,1.38866,1.38933,1.00,1.00
2016.12.20 22:59:59.056,1.38864,1.38933,1.00,1.00
2016.12.20 22:59:59.947,1.38872,1.38933,1.00,1.00
