2015.09.04 20:00:00.250,1.47827,1.47853,1.37,1.00
2015.09.04 20:00:00.302,1.47826,1.47852,1.00,1.37
2015.09.04 20:00:00.354,1.47826,1.47848,1.00,1.00
2015.09.04 20:00:00.406,1.47821,1.47848,1.12,1.00
2015.09.04 20:00:00.991,1.47815,1.47844,1.37,1.00
2015.09.04 20:00:01.400,1.47814,1.47846,1.37,1.50
2015.09.04 20:00:01.605,1.47814,1.47843,1.37,1.00
2015.09.04 20:00:01.707,1.47811,1.47843,3.00,1.37
2015.09.04 20:00:01.758,1.47811,1.47837,1.50,1.00
2015.09.04 20:00:02.272,1.47811,1.47836,1.12,1.00
2015.09.04 20:00:02.323,1.47797,1.47828,2.25,1.00
2015.09.04 20:00:04.018,1.47794,1.47826,2.62,1.00
2015.09.04 20:00:06.223,1.47794,1.47825,1.87,1.00
2015.09.04 20:00:07.158,1.47794,1.47827,1.50,1.00
2015.09.04 20:00:09.333,1.47799,1.47831,1.00,1.87
2015.09.04 20:00:11.173,1.47799,1.47831,1.00,1.87
2015.09.04 20:00:11.747,1.47799,1.47828,1.12,1.12
2015.09.04 20:00:16.961,1.47794,1.47828,1.50,1.50
2015.09.04 20:00:17.465,1.47793,1.47824,1.47,1.12
2015.09.04 20:00:17.774,1.47795,1.47827,1.37,1.50
2015.09.04 20:00:18.396,1.47796,1.47827,1.00,1.50
2015.09.04 20:00:18.714,1.47799,1.47829,1.00,2.25
2015.09.04 20:00:19.326,1.47797,1.47824,1.37,1.37
2015.09.04 20:00:19.582,1.47797,1.47825,1.00,1.37
2015.09.04 20:00:21.898,1.47797,1.47824,1.37,1.12
2015.09.04 20:00:22.886,1.47797,1.47828,1.50,1.37
2015.09.04 20:00:24.113,1.47797,1.47828,1.75,1.37
2015.09.04 20:00:27.330,1.478,1.47829,1.37,1.37
2015.09.04 20:00:28.135,1.478,1.47828,1.00,1.12
2015.09.04 20:00:28.187,1.47795,1.47823,1.37,1.37
2015.09.04 20:00:30.227,1.47797,1.47823,1.37,1.12
2015.09.04 20:00:30.430,1.47797,1.47826,1.12,1.37
2015.09.04 20:00:30.914,1.47797,1.47827,1.00,1.75
2015.09.04 20:00:31.563,1.47797,1.47827,1.00,1.87
2015.09.04 20:00:32.097,1.47798,1.47827,1.00,1.50
2015.09.04 20:00:32.149,1.47799,1.47827,1.00,1.50
2015.09.04 20:00:32.802,1.47801,1.47828,1.00,1.37
2015.09.04 20:00:38.099,1.47796,1.47826,1.37,2.25
2015.09.04 20:00:38.411,1.47797,1.47816,1.37,1.00
2015.09.04 20:00:38.961,1.47799,1.47816,1.00,1.00
2015.09.04 20:00:40.954,1.47799,1.4782,1.12,1.00
2015.09.04 20:00:42.286,1.478,1.4782,1.00,1.00
2015.09.04 20:00:43.325,1.47799,1.4782,1.12,1.00
2015.09.04 20:00:45.762,1.478,1.4782,1.00,1.00
2015.09.04 20:00:47.064,1.47801,1.4782,1.00,1.00
2015.09.04 20:00:47.116,1.47808,1.47827,1.00,1.00
2015.09.04 20:00:47.655,1.47809,1.47828,1.00,1.00
2015.09.04 20:00:48.785,1.47808,1.47824,1.00,1.00
2015.09.04 20:00:49.157,1.47808,1.47827,1.00,1.00
2015.09.04 20:00:50.943,1.47807,1.47827,1.00,1.00
2015.09.04 20:00:52.345,1.47806,1.47827,1.00,1.00
2015.09.04 20:00:53.080,1.47805,1.47827,1.12,1.12
2015.09.04 20:00:53.336,1.47807,1.47832,1.00,1.50
2015.09.04 20:00:53.437,1.47807,1.47836,1.87,1.12
2015.09.04 20:00:53.944,1.4781,1.47839,1.37,1.12
2015.09.04 20:00:54.653,1.47812,1.47839,1.00,1.12
2015.09.04 20:00:55.634,1.47814,1.4784,1.12,1.75
2015.09.04 20:00:55.837,1.47816,1.47845,1.37,1.75
2015.09.04 20:00:58.649,1.47815,1.47846,1.12,2.25
2015.09.04 20:00:58.756,1.47815,1.47842,1.00,1.12
2015.09.04 20:00:59.207,1.47813,1.47842,1.00,1.12
2015.09.04 20:00:59.834,1.47813,1.47842,1.00,1.12
2015.09.04 20:01:01.584,1.47812,1.47842,1.00,1.87
2015.09.04 20:01:02.467,1.47812,1.47842,1.00,3.00
2015.09.04 20:01:03.837,1.47812,1.47841,1.00,2.32
2015.09.04 20:01:03.940,1.47814,1.47841,1.00,2.32
2015.09.04 20:01:04.520,1.47815,1.47841,1.00,1.37
2015.09.04 20:01:04.986,1.47815,1.47842,1.00,1.87
2015.09.04 20:01:05.428,1.47813,1.47842,1.00,1.87
2015.09.04 20:01:08.421,1.47813,1.47842,1.00,1.87
2015.09.04 20:01:08.574,1.47813,1.47842,1.00,1.12
2015.09.04 20:01:08.675,1.47813,1.47843,1.00,1.75
2015.09.04 20:01:08.777,1.47813,1.47842,1.00,1.12
2015.09.04 20:01:09.082,1.47814,1.47843,1.00,1.75
2015.09.04 20:01:09.184,1.47814,1.47843,1.37,1.12
2015.09.04 20:01:09.336,1.47817,1.47847,1.00,1.75
2015.09.04 20:01:10.465,1.47815,1.47847,1.00,1.75
2015.09.04 20:01:10.996,1.47815,1.47846,1.00,1.75
2015.09.04 20:01:12.608,1.47815,1.47846,1.00,1.75
2015.09.04 20:01:15.029,1.47815,1.47846,1.00,1.50
2015.09.04 20:01:15.131,1.47815,1.47846,1.00,1.75
2015.09.04 20:01:16.419,1.47815,1.47846,1.12,1.75
2015.09.04 20:01:16.947,1.47815,1.47846,1.00,1.50
2015.09.04 20:01:18.499,1.47817,1.47848,1.00,2.25
2015.09.04 20:01:18.703,1.47817,1.4785,1.37,2.62
2015.09.04 20:01:19.007,1.47821,1.4785,1.00,1.12
2015.09.04 20:01:19.515,1.4782,1.4785,1.00,1.12
2015.09.04 20:01:20.134,1.47818,1.47849,1.00,1.20
2015.09.04 20:01:23.347,1.47817,1.47848,1.00,2.25
2015.09.04 20:01:23.652,1.47815,1.47843,1.00,1.75
2015.09.04 20:01:23.754,1.47815,1.47845,1.12,1.37
2015.09.04 20:01:24.346,1.47815,1.47846,1.00,1.75
2015.09.04 20:01:27.367,1.47815,1.47844,1.00,1.75
2015.09.04 20:01:27.880,1.47815,1.47844,1.00,1.75
2015.09.04 20:01:28.518,1.47815,1.47844,1.00,1.50
2015.09.04 20:01:30.711,1.47815,1.47845,1.00,1.50
2015.09.04 20:01:32.388,1.47815,1.47845,1.00,1.87
2015.09.04 20:01:33.288,1.47815,1.47845,1.00,1.87
2015.09.04 20:01:34.261,1.47815,1.47845,1.00,1.50
2015.09.04 20:01:34.363,1.47815,1.47846,1.00,1.85
2015.09.04 20:01:34.565,1.47817,1.47849,1.12,3.07
2015.09.04 20:01:35.486,1.47819,1.47849,1.50,1.37
2015.09.04 20:01:35.794,1.47821,1.47855,1.37,3.00
2015.09.04 20:01:40.228,1.47822,1.47853,1.37,1.37
2015.09.04 20:01:40.331,1.47822,1.47853,1.37,1.50
2015.09.04 20:01:40.685,1.47823,1.47855,1.00,3.00
2015.09.04 20:01:41.259,1.47823,1.47854,1.37,1.75
2015.09.04 20:01:44.428,1.47822,1.47852,1.37,1.37
2015.09.04 20:01:45.258,1.47822,1.47856,1.50,2.62
2015.09.04 20:01:45.417,1.47822,1.47856,1.37,3.00
2015.09.04 20:01:45.520,1.47823,1.47854,1.37,1.75
2015.09.04 20:01:47.976,1.47823,1.47853,1.37,1.37
2015.09.04 20:01:48.080,1.47826,1.47856,1.37,1.12
2015.09.04 20:01:48.183,1.47826,1.47857,1.50,1.37
2015.09.04 20:01:48.389,1.4783,1.47862,1.37,2.62
2015.09.04 20:01:48.982,1.47831,1.47863,1.37,1.50
2015.09.04 20:01:49.659,1.47831,1.47863,1.37,1.37
2015.09.04 20:01:50.700,1.47836,1.47866,1.50,1.37
2015.09.04 20:01:51.980,1.47837,1.47869,1.50,1.87
2015.09.04 20:01:55.626,1.47837,1.47869,1.37,1.37
2015.09.04 20:02:00.348,1.47835,1.47868,1.47,1.37
2015.09.04 20:02:01.575,1.47836,1.47868,1.37,2.25
2015.09.04 20:02:05.540,1.47834,1.47868,1.37,2.25
2015.09.04 20:02:06.412,1.47834,1.4786,1.00,1.37
2015.09.04 20:02:06.728,1.47832,1.4786,1.00,1.00
2015.09.04 20:02:07.412,1.47832,1.4786,1.37,1.37
2015.09.04 20:02:10.937,1.47832,1.4786,1.12,1.37
2015.09.04 20:02:11.241,1.47829,1.4786,1.37,1.50
2015.09.04 20:02:12.042,1.47829,1.4786,1.00,1.37
2015.09.04 20:02:12.553,1.47828,1.47856,1.37,1.50
2015.09.04 20:02:12.827,1.47828,1.47856,1.00,1.37
2015.09.04 20:02:13.138,1.47829,1.47856,1.12,1.50
2015.09.04 20:02:17.908,1.4783,1.47857,1.00,1.75
2015.09.04 20:02:17.962,1.4783,1.47857,1.12,1.37
2015.09.04 20:02:19.613,1.4783,1.47857,1.37,1.37
2015.09.04 20:02:21.379,1.4783,1.47857,1.00,1.50
2015.09.04 20:02:21.893,1.4783,1.47857,1.37,1.37
2015.09.04 20:02:28.961,1.47831,1.4786,1.37,1.37
2015.09.04 20:02:29.063,1.47831,1.4786,1.00,1.37
2015.09.04 20:02:29.701,1.47831,1.47861,1.37,1.37
2015.09.04 20:02:31.484,1.4783,1.47859,1.37,1.37
2015.09.04 20:02:31.965,1.47827,1.47857,1.00,1.50
2015.09.04 20:02:32.016,1.47825,1.47857,1.12,1.50
2015.09.04 20:02:32.517,1.47825,1.47855,1.00,1.37
2015.09.04 20:02:34.153,1.47825,1.47843,1.00,1.00
2015.09.04 20:02:34.254,1.47819,1.47847,1.87,1.00
2015.09.04 20:02:34.407,1.47819,1.47847,1.00,1.37
2015.09.04 20:02:34.458,1.47816,1.47849,1.00,1.37
2015.09.04 20:02:34.864,1.47816,1.47849,1.12,1.50
2015.09.04 20:02:35.101,1.47816,1.47849,1.00,1.12
2015.09.04 20:02:35.202,1.47816,1.47849,1.00,1.50
2015.09.04 20:02:36.807,1.47816,1.47845,1.00,1.00
2015.09.04 20:02:37.344,1.47816,1.47845,1.12,1.37
2015.09.04 20:02:40.107,1.47816,1.47845,1.37,1.12
2015.09.04 20:02:46.777,1.47816,1.47849,1.37,1.37
2015.09.04 20:02:47.433,1.47816,1.47849,1.37,1.37
2015.09.04 20:02:47.809,1.47816,1.47849,1.37,1.37
2015.09.04 20:02:48.318,1.47816,1.47849,1.37,1.37
2015.09.04 20:02:48.894,1.47815,1.47847,1.37,1.37
2015.09.04 20:02:49.198,1.47815,1.47847,1.37,1.37
2015.09.04 20:02:51.560,1.47817,1.47849,1.00,1.87
2015.09.04 20:02:53.764,1.47815,1.47848,1.37,1.37
2015.09.04 20:02:55.310,1.47815,1.47846,1.37,1.37
2015.09.04 20:02:55.412,1.47815,1.47846,1.87,1.37
2015.09.04 20:02:55.943,1.47815,1.47846,1.87,1.37
2015.09.04 20:02:56.191,1.47815,1.47846,1.37,1.12
2015.09.04 20:02:57.030,1.47815,1.47846,1.12,1.37
2015.09.04 20:02:57.673,1.47816,1.47848,1.00,1.37
2015.09.04 20:02:57.991,1.47814,1.47844,1.12,1.50
2015.09.04 20:03:01.401,1.47813,1.47844,1.00,2.25
2015.09.04 20:03:01.945,1.47811,1.47842,1.37,1.50
2015.09.04 20:03:08.247,1.47811,1.47842,1.12,2.25
2015.09.04 20:03:13.653,1.47811,1.47842,1.37,2.25
2015.09.04 20:03:16.861,1.47812,1.47837,1.00,1.37
2015.09.04 20:03:16.913,1.47806,1.47837,1.37,1.37
2015.09.04 20:03:16.964,1.47806,1.47837,1.12,1.37
2015.09.04 20:03:17.167,1.47806,1.47837,1.00,1.50
2015.09.04 20:03:17.673,1.47802,1.47835,1.37,1.37
2015.09.04 20:03:18.158,1.47801,1.4783,1.00,1.50
2015.09.04 20:03:18.310,1.47799,1.47825,1.00,1.00
2015.09.04 20:03:18.412,1.47794,1.47822,1.00,1.00
2015.09.04 20:03:18.616,1.47797,1.47822,1.00,1.00
2015.09.04 20:03:18.920,1.47795,1.47822,1.00,1.00
2015.09.04 20:03:20.031,1.47795,1.47822,1.37,1.00
2015.09.04 20:03:20.938,1.47795,1.47822,1.12,1.37
2015.09.04 20:03:25.986,1.47795,1.47824,1.00,1.37
2015.09.04 20:03:26.088,1.47795,1.47824,1.50,1.37
2015.09.04 20:03:27.491,1.47798,1.47818,1.00,1.37
2015.09.04 20:03:27.543,1.47793,1.47818,1.00,1.37
2015.09.04 20:03:27.594,1.47788,1.47814,2.62,1.00
2015.09.04 20:03:27.797,1.47788,1.47818,1.37,1.50
2015.09.04 20:03:28.051,1.47786,1.47816,1.12,1.50
2015.09.04 20:03:28.356,1.47786,1.47816,1.00,2.25
2015.09.04 20:03:28.862,1.47785,1.47814,1.12,1.50
2015.09.04 20:03:29.771,1.47785,1.47814,1.00,1.00
2015.09.04 20:03:30.349,1.4779,1.47814,1.00,1.00
2015.09.04 20:03:30.451,1.4779,1.47817,1.00,1.10
2015.09.04 20:03:31.484,1.47786,1.47816,1.50,1.00
2015.09.04 20:03:32.100,1.47787,1.47817,1.00,1.10
2015.09.04 20:03:32.619,1.47786,1.47817,1.50,1.57
2015.09.04 20:03:33.227,1.47788,1.47817,1.00,1.10
2015.09.04 20:03:33.901,1.47789,1.47817,1.00,1.00
2015.09.04 20:03:34.408,1.47786,1.47817,1.50,1.00
2015.09.04 20:03:34.935,1.47788,1.47817,1.00,1.00
2015.09.04 20:03:35.787,1.47788,1.47819,1.00,1.50
2015.09.04 20:03:36.512,1.47789,1.47819,1.00,1.12
2015.09.04 20:03:37.019,1.47789,1.47819,1.00,1.37
2015.09.04 20:03:37.226,1.47789,1.4782,1.00,1.57
2015.09.04 20:03:40.373,1.47789,1.47817,1.00,1.00
2015.09.04 20:03:41.077,1.47786,1.47817,1.50,1.00
2015.09.04 20:03:41.432,1.47784,1.47817,1.00,2.32
2015.09.04 20:03:45.597,1.47784,1.47816,1.00,1.00
2015.09.04 20:03:46.142,1.47786,1.47816,1.00,1.00
2015.09.04 20:03:47.391,1.47786,1.47816,1.00,1.37
2015.09.04 20:03:47.899,1.47786,1.47816,1.00,1.00
2015.09.04 20:03:50.641,1.47786,1.47817,1.00,1.57
2015.09.04 20:03:51.154,1.47786,1.47816,1.00,1.00
2015.09.04 20:03:52.136,1.47787,1.47816,1.00,1.00
2015.09.04 20:03:52.441,1.47793,1.47818,1.00,1.50
2015.09.04 20:03:52.594,1.47791,1.47818,1.00,1.00
2015.09.04 20:03:53.237,1.47789,1.47818,1.00,1.00
2015.09.04 20:03:53.744,1.4779,1.47818,1.00,1.00
2015.09.04 20:03:54.556,1.47789,1.47818,1.00,1.50
2015.09.04 20:03:59.608,1.4779,1.47818,1.00,1.00
2015.09.04 20:03:59.868,1.47791,1.4782,1.00,1.12
2015.09.04 20:04:00.387,1.47792,1.47821,1.00,1.00
2015.09.04 20:04:00.438,1.47795,1.47823,1.00,1.00
2015.09.04 20:04:00.878,1.47795,1.47827,1.00,1.87
2015.09.04 20:04:01.344,1.47797,1.47827,1.00,1.00
2015.09.04 20:04:02.616,1.47795,1.47827,1.00,1.00
2015.09.04 20:04:03.999,1.47794,1.47826,1.50,1.00
2015.09.04 20:04:04.832,1.47796,1.47829,1.00,1.00
2015.09.04 20:04:05.137,1.47798,1.47831,1.00,1.00
2015.09.04 20:04:05.645,1.478,1.47832,1.00,1.00
2015.09.04 20:04:06.597,1.47798,1.47831,1.12,1.00
2015.09.04 20:04:15.243,1.47799,1.47831,1.12,1.50
2015.09.04 20:04:19.175,1.478,1.47831,1.00,1.00
2015.09.04 20:04:19.611,1.478,1.47833,1.50,1.00
2015.09.04 20:04:19.662,1.47801,1.47836,1.50,1.00
2015.09.04 20:04:20.870,1.47801,1.47836,1.50,1.00
2015.09.04 20:04:21.988,1.478,1.47832,1.12,1.00
2015.09.04 20:04:22.496,1.47799,1.47832,1.75,1.00
2015.09.04 20:04:23.041,1.47799,1.47831,1.12,1.00
2015.09.04 20:04:24.068,1.47799,1.47832,1.12,1.12
2015.09.04 20:04:24.722,1.47799,1.4783,1.75,1.00
2015.09.04 20:04:24.874,1.47799,1.4783,1.12,1.12
2015.09.04 20:04:25.305,1.47796,1.47829,1.50,1.37
2015.09.04 20:04:25.693,1.47798,1.4783,1.37,1.00
2015.09.04 20:04:25.795,1.47798,1.4783,1.12,1.37
2015.09.04 20:04:26.337,1.47798,1.4783,1.12,1.37
2015.09.04 20:04:27.179,1.47797,1.47829,1.37,1.37
2015.09.04 20:04:27.331,1.47801,1.47831,1.00,1.00
2015.09.04 20:04:27.846,1.47802,1.47833,1.00,1.37
2015.09.04 20:04:28.810,1.47802,1.47833,1.00,1.12
2015.09.04 20:04:29.401,1.47804,1.47834,1.00,1.12
2015.09.04 20:04:33.146,1.47804,1.47834,1.37,1.00
2015.09.04 20:04:33.248,1.47806,1.47837,1.00,1.12
2015.09.04 20:04:34.715,1.47806,1.47838,1.00,1.00
2015.09.04 20:04:35.232,1.47807,1.47839,1.00,1.00
2015.09.04 20:04:35.755,1.47808,1.4784,1.00,1.50
2015.09.04 20:04:36.262,1.47808,1.47839,1.00,1.12
2015.09.04 20:04:36.314,1.47807,1.47837,1.00,1.00
2015.09.04 20:04:36.900,1.47804,1.47834,1.00,1.00
2015.09.04 20:04:39.055,1.47803,1.47834,1.00,1.37
2015.09.04 20:04:39.626,1.47804,1.47834,1.00,1.37
2015.09.04 20:04:40.424,1.47802,1.47835,1.00,1.37
2015.09.04 20:04:43.680,1.478,1.47832,1.00,1.37
2015.09.04 20:04:49.712,1.478,1.4783,1.12,1.37
2015.09.04 20:04:50.220,1.478,1.4783,1.12,1.00
2015.09.04 20:04:50.768,1.47801,1.47831,1.00,1.12
2015.09.04 20:04:56.552,1.47805,1.47836,1.00,1.37
2015.09.04 20:04:57.524,1.47805,1.47836,1.00,1.50
2015.09.04 20:04:59.080,1.47807,1.47836,1.00,1.50
2015.09.04 20:04:59.795,1.47807,1.47836,1.00,1.37
2015.09.04 20:05:02.138,1.47809,1.47837,1.00,1.00
2015.09.04 20:05:06.059,1.47809,1.47836,1.00,1.00
2015.09.04 20:05:06.214,1.47809,1.47836,1.00,1.37
2015.09.04 20:05:06.318,1.47807,1.47836,1.00,1.37
2015.09.04 20:05:07.332,1.47807,1.47835,1.00,1.37
2015.09.04 20:05:08.512,1.47807,1.47835,1.00,1.37
2015.09.04 20:05:08.848,1.47807,1.47824,1.00,1.00
2015.09.04 20:05:18.328,1.47807,1.47822,1.00,1.00
2015.09.04 20:05:18.996,1.47805,1.47813,1.00,1.00
2015.09.04 20:05:19.149,1.478,1.4781,1.50,1.00
2015.09.04 20:05:19.200,1.47805,1.4781,1.00,1.00
2015.09.04 20:05:19.251,1.47805,1.47813,1.00,1.00
2015.09.04 20:05:19.353,1.47792,1.47811,1.00,1.00
2015.09.04 20:05:19.825,1.4778,1.47811,1.50,1.00
2015.09.04 20:05:21.640,1.4778,1.47816,2.25,1.00
2015.09.04 20:05:22.106,1.47782,1.47817,2.25,1.50
2015.09.04 20:05:22.614,1.47785,1.47817,1.50,1.00
2015.09.04 20:05:28.669,1.47784,1.47817,1.00,1.00
2015.09.04 20:05:29.966,1.47784,1.47819,1.00,1.50
2015.09.04 20:05:33.668,1.47784,1.47815,1.00,1.00
2015.09.04 20:05:34.266,1.47784,1.47812,1.00,1.00
2015.09.04 20:05:39.371,1.47784,1.47812,1.37,1.37
2015.09.04 20:05:47.778,1.47783,1.47812,1.00,1.00
2015.09.04 20:05:51.622,1.47781,1.47812,1.37,1.00
2015.09.04 20:05:54.366,1.47781,1.47812,1.00,1.00
2015.09.04 20:05:58.836,1.47783,1.47813,1.00,1.00
2015.09.04 20:05:59.143,1.47783,1.47813,1.37,1.00
2015.09.04 20:05:59.338,1.47785,1.47815,1.12,1.00
2015.09.04 20:06:00.189,1.47783,1.47814,1.12,1.00
2015.09.04 20:06:00.343,1.47782,1.47812,1.50,1.00
2015.09.04 20:06:02.549,1.47786,1.47816,1.00,1.00
2015.09.04 20:06:02.805,1.4779,1.47817,1.00,1.00
2015.09.04 20:06:02.856,1.4779,1.47819,1.00,1.50
2015.09.04 20:06:03.110,1.47792,1.47819,1.00,1.00
2015.09.04 20:06:03.465,1.4779,1.47822,1.87,1.00
2015.09.04 20:06:03.569,1.47793,1.47824,1.00,1.00
2015.09.04 20:06:03.771,1.4779,1.47823,3.00,1.00
2015.09.04 20:06:04.312,1.47792,1.47824,1.00,1.00
2015.09.04 20:06:04.818,1.47789,1.47823,1.75,1.00
2015.09.04 20:06:04.870,1.47793,1.47824,1.00,1.00
2015.09.04 20:06:05.311,1.47795,1.47826,1.00,1.00
2015.09.04 20:06:06.200,1.47793,1.47825,1.37,1.00
2015.09.04 20:06:07.341,1.47792,1.47824,1.37,1.00
2015.09.04 20:06:07.443,1.47792,1.47824,1.12,1.00
2015.09.04 20:06:07.747,1.4779,1.47822,1.50,1.00
2015.09.04 20:06:13.277,1.4779,1.47824,1.50,1.00
2015.09.04 20:06:13.788,1.47797,1.4783,1.00,1.00
2015.09.04 20:06:14.346,1.47794,1.47831,3.82,1.00
2015.09.04 20:06:15.294,1.47796,1.47831,1.00,1.00
2015.09.04 20:06:15.802,1.47797,1.4783,1.00,1.00
2015.09.04 20:06:16.513,1.47798,1.47831,1.00,1.00
2015.09.04 20:06:20.333,1.47797,1.47831,1.00,1.00
2015.09.04 20:06:28.701,1.47798,1.47833,1.00,1.00
2015.09.04 20:06:29.129,1.478,1.47834,1.00,1.00
2015.09.04 20:06:29.434,1.47804,1.47838,1.00,1.00
2015.09.04 20:06:29.942,1.47805,1.47838,1.00,1.00
2015.09.04 20:06:32.613,1.47807,1.47838,1.00,1.00
2015.09.04 20:06:33.273,1.47807,1.47839,1.50,1.00
2015.09.04 20:06:33.822,1.47807,1.47843,1.00,1.50
2015.09.04 20:06:34.496,1.47829,1.47843,1.00,1.50
2015.09.04 20:06:36.737,1.47832,1.4784,1.00,1.00
2015.09.04 20:06:36.788,1.47833,1.47846,1.00,1.00
2015.09.04 20:06:38.892,1.47836,1.47846,1.00,1.00
2015.09.04 20:06:40.269,1.4784,1.47851,1.00,1.00
2015.09.04 20:06:41.248,1.47837,1.47849,1.00,1.00
2015.09.04 20:06:41.918,1.47837,1.4785,1.00,1.12
2015.09.04 20:06:42.223,1.4784,1.4785,1.00,1.00
2015.09.04 20:06:43.248,1.47843,1.47854,1.00,1.00
2015.09.04 20:06:47.026,1.47843,1.47854,1.00,1.00
2015.09.04 20:06:47.556,1.47852,1.47865,1.00,1.50
2015.09.04 20:06:47.608,1.47854,1.47866,1.00,1.75
2015.09.04 20:06:48.171,1.47855,1.47867,1.00,1.00
2015.09.04 20:06:48.425,1.47855,1.4787,1.00,1.12
2015.09.04 20:06:51.588,1.47861,1.47871,1.00,1.00
2015.09.04 20:06:51.642,1.47862,1.47875,1.00,1.00
2015.09.04 20:06:52.852,1.47862,1.47874,1.00,1.00
2015.09.04 20:06:53.688,1.47862,1.47872,1.00,1.00
2015.09.04 20:06:54.344,1.47859,1.47872,1.00,1.00
2015.09.04 20:06:54.852,1.47859,1.47871,1.00,1.00
2015.09.04 20:06:56.427,1.47863,1.47874,1.00,1.00
2015.09.04 20:06:56.717,1.47863,1.47877,1.00,1.00
2015.09.04 20:06:56.921,1.47863,1.47874,1.00,1.00
2015.09.04 20:06:57.764,1.47863,1.47874,1.00,1.37
2015.09.04 20:07:00.666,1.47863,1.47874,1.00,1.00
2015.09.04 20:07:01.871,1.47862,1.47874,1.00,1.00
2015.09.04 20:07:04.576,1.47862,1.47874,1.00,1.37
2015.09.04 20:07:04.627,1.47857,1.47874,1.00,1.37
2015.09.04 20:07:05.135,1.47857,1.47874,1.00,1.37
2015.09.04 20:07:07.013,1.47857,1.47872,1.00,1.37
2015.09.04 20:07:07.526,1.47857,1.47872,1.00,1.37
2015.09.04 20:07:09.186,1.47857,1.47872,1.00,1.37
2015.09.04 20:07:10.679,1.47856,1.47872,1.00,1.37
2015.09.04 20:07:12.026,1.47856,1.47871,1.00,1.37
2015.09.04 20:07:13.447,1.47856,1.47871,1.00,1.37
2015.09.04 20:07:14.070,1.47856,1.47871,1.00,1.37
2015.09.04 20:07:14.618,1.47856,1.47873,1.00,1.37
2015.09.04 20:07:15.167,1.47856,1.47873,1.00,1.37
2015.09.04 20:07:15.218,1.47856,1.47873,1.00,1.50
2015.09.04 20:07:16.615,1.47855,1.47873,1.00,1.50
2015.09.04 20:07:17.125,1.47855,1.47873,1.00,1.12
2015.09.04 20:07:18.197,1.47861,1.47873,1.00,1.00
2015.09.04 20:07:18.859,1.47885,1.47895,1.00,1.12
2015.09.04 20:07:18.919,1.47876,1.47906,1.00,1.00
2015.09.04 20:07:19.021,1.4788,1.47906,1.00,1.00
2015.09.04 20:07:19.224,1.4788,1.47909,1.00,1.00
2015.09.04 20:07:19.427,1.47883,1.47909,1.00,1.00
2015.09.04 20:07:22.422,1.47883,1.47908,1.50,1.00
2015.09.04 20:07:23.232,1.4788,1.47908,1.12,1.00
2015.09.04 20:07:23.334,1.47877,1.47905,2.25,1.37
2015.09.04 20:07:23.436,1.47874,1.47905,1.00,1.50
2015.09.04 20:07:23.944,1.47874,1.47902,1.00,1.00
2015.09.04 20:07:24.259,1.47876,1.47902,1.00,1.00
2015.09.04 20:07:24.705,1.47879,1.47905,1.00,1.00
2015.09.04 20:07:26.071,1.47879,1.47905,1.00,1.37
2015.09.04 20:07:28.988,1.47879,1.47906,1.00,1.12
2015.09.04 20:07:30.264,1.47879,1.47906,1.00,1.37
2015.09.04 20:07:30.905,1.47879,1.47906,1.00,1.37
2015.09.04 20:07:31.353,1.47879,1.47906,1.00,1.37
2015.09.04 20:07:37.300,1.47878,1.47906,1.00,1.37
2015.09.04 20:07:42.371,1.47878,1.47905,1.00,1.37
2015.09.04 20:07:42.675,1.47877,1.47905,1.00,1.37
2015.09.04 20:07:44.153,1.47877,1.47903,1.00,1.00
2015.09.04 20:07:51.460,1.47881,1.47903,1.00,1.00
2015.09.04 20:07:51.512,1.47881,1.47905,1.00,1.00
2015.09.04 20:07:52.009,1.47881,1.47907,1.00,1.00
2015.09.04 20:07:54.327,1.47888,1.47907,1.00,1.00
2015.09.04 20:07:59.703,1.47886,1.47907,1.00,1.12
2015.09.04 20:08:00.351,1.47886,1.47906,1.00,1.12
2015.09.04 20:08:01.505,1.47883,1.47905,1.00,1.00
2015.09.04 20:08:02.030,1.47883,1.47904,1.00,1.10
2015.09.04 20:08:04.921,1.47887,1.47905,1.00,2.25
2015.09.04 20:08:05.444,1.47887,1.47905,1.00,1.12
2015.09.04 20:08:08.223,1.47896,1.47919,1.00,1.87
2015.09.04 20:08:08.586,1.47892,1.47919,1.00,1.50
2015.09.04 20:08:08.638,1.47888,1.47919,1.00,1.12
2015.09.04 20:08:08.689,1.47887,1.47916,1.00,1.00
2015.09.04 20:08:09.094,1.47883,1.47915,1.00,1.50
2015.09.04 20:08:09.784,1.47879,1.4791,1.00,1.37
2015.09.04 20:08:09.941,1.47879,1.47911,1.00,1.00
2015.09.04 20:08:10.043,1.4788,1.47913,1.00,1.00
2015.09.04 20:08:10.313,1.4788,1.47911,1.00,1.12
2015.09.04 20:08:10.820,1.47879,1.47911,1.00,1.00
2015.09.04 20:08:11.594,1.4788,1.47912,1.00,1.00
2015.09.04 20:08:11.899,1.47878,1.4791,1.00,1.37
2015.09.04 20:08:11.950,1.47878,1.47911,1.00,1.00
2015.09.04 20:08:12.051,1.47881,1.47913,1.00,1.37
2015.09.04 20:08:12.369,1.47876,1.47909,1.00,1.12
2015.09.04 20:08:12.420,1.47876,1.47909,1.00,1.37
2015.09.04 20:08:13.028,1.47876,1.47909,1.00,1.37
2015.09.04 20:08:13.129,1.47876,1.4791,1.00,1.12
2015.09.04 20:08:13.282,1.47876,1.47911,1.37,1.37
2015.09.04 20:08:14.250,1.47881,1.47912,1.00,1.12
2015.09.04 20:08:14.403,1.47879,1.47912,1.00,1.12
2015.09.04 20:08:14.723,1.47882,1.47916,1.00,1.50
2015.09.04 20:08:15.892,1.47882,1.47914,1.00,1.37
2015.09.04 20:08:19.416,1.47882,1.47914,1.00,1.00
2015.09.04 20:08:22.060,1.47887,1.47914,1.00,1.00
2015.09.04 20:08:22.162,1.47887,1.47916,1.12,1.00
2015.09.04 20:08:22.315,1.47889,1.47916,1.00,1.00
2015.09.04 20:08:22.467,1.47889,1.47918,1.00,1.00
2015.09.04 20:08:22.568,1.47889,1.47916,1.00,1.00
2015.09.04 20:08:23.098,1.47886,1.47914,1.00,1.00
2015.09.04 20:08:23.605,1.47885,1.47914,1.00,1.00
2015.09.04 20:08:31.774,1.47889,1.47916,1.37,1.00
2015.09.04 20:08:31.928,1.47893,1.47924,1.00,1.47
2015.09.04 20:08:31.979,1.47896,1.47924,1.00,1.10
2015.09.04 20:08:32.233,1.479,1.47933,1.00,1.00
2015.09.04 20:08:32.761,1.47902,1.47933,1.00,1.00
2015.09.04 20:08:33.065,1.47899,1.47929,1.00,1.00
2015.09.04 20:08:33.573,1.47899,1.47929,1.37,1.00
2015.09.04 20:08:34.640,1.47899,1.47928,1.00,1.00
2015.09.04 20:08:35.615,1.47898,1.47928,1.00,1.00
2015.09.04 20:08:39.567,1.47897,1.47928,1.87,1.00
2015.09.04 20:08:40.092,1.47897,1.47929,1.87,1.00
2015.09.04 20:08:42.445,1.47902,1.47929,1.00,1.00
2015.09.04 20:08:42.750,1.47937,1.47954,1.50,1.00
2015.09.04 20:08:42.802,1.4794,1.47965,1.00,1.12
2015.09.04 20:08:42.854,1.4794,1.47968,1.00,1.00
2015.09.04 20:08:42.905,1.47943,1.47974,1.00,1.00
2015.09.04 20:08:43.426,1.47944,1.47978,1.50,1.00
2015.09.04 20:08:43.630,1.47944,1.47976,1.00,1.00
2015.09.04 20:08:44.305,1.47944,1.47976,1.37,1.00
2015.09.04 20:08:44.791,1.47943,1.47971,1.12,1.00
2015.09.04 20:08:45.104,1.47939,1.47968,1.12,1.87
2015.09.04 20:08:45.208,1.47933,1.47962,1.75,1.50
2015.09.04 20:08:45.313,1.47928,1.47953,1.00,1.00
2015.09.04 20:08:45.365,1.47923,1.47953,1.57,1.00
2015.09.04 20:08:45.469,1.47922,1.47952,1.00,1.00
2015.09.04 20:08:45.520,1.47919,1.4795,1.00,1.00
2015.09.04 20:08:45.571,1.4792,1.4795,1.12,1.00
2015.09.04 20:08:46.060,1.4792,1.47948,1.12,1.00
2015.09.04 20:08:46.111,1.47897,1.47932,1.75,1.00
2015.09.04 20:08:46.623,1.47897,1.47931,1.75,1.00
2015.09.04 20:08:46.726,1.47896,1.47926,1.12,1.00
2015.09.04 20:08:46.778,1.47893,1.47926,1.75,1.00
2015.09.04 20:08:47.061,1.47893,1.47928,1.75,1.00
2015.09.04 20:08:47.534,1.47894,1.47929,1.50,1.37
2015.09.04 20:08:48.585,1.47892,1.47928,1.87,1.12
2015.09.04 20:08:48.737,1.47897,1.47932,1.00,3.37
2015.09.04 20:08:49.510,1.47892,1.47927,1.12,1.12
2015.09.04 20:08:49.823,1.47893,1.47929,1.75,1.87
2015.09.04 20:08:50.128,1.47893,1.47929,1.75,2.25
2015.09.04 20:08:53.067,1.47898,1.47929,1.00,1.37
2015.09.04 20:08:53.118,1.47898,1.47929,1.12,1.00
2015.09.04 20:08:53.635,1.479,1.47932,1.00,1.47
2015.09.04 20:08:55.130,1.479,1.47933,1.00,2.25
2015.09.04 20:08:55.537,1.479,1.47925,1.00,1.00
2015.09.04 20:08:56.045,1.47898,1.47924,1.50,1.00
2015.09.04 20:08:56.449,1.47898,1.47929,1.50,1.37
2015.09.04 20:08:59.530,1.47898,1.4793,1.87,1.00
2015.09.04 20:08:59.750,1.47898,1.4793,1.87,1.00
2015.09.04 20:08:59.852,1.47899,1.4793,1.00,1.37
2015.09.04 20:09:00.618,1.47899,1.47934,1.12,2.32
2015.09.04 20:09:01.298,1.47901,1.47931,1.00,1.37
2015.09.04 20:09:01.349,1.47901,1.47931,1.00,1.00
2015.09.04 20:09:01.400,1.47901,1.47933,1.00,1.00
2015.09.04 20:09:01.507,1.47905,1.47933,1.00,1.00
2015.09.04 20:09:01.913,1.47906,1.47939,1.00,2.25
2015.09.04 20:09:02.015,1.47908,1.47939,1.00,1.00
2015.09.04 20:09:02.755,1.47908,1.4794,1.75,1.00
2015.09.04 20:09:03.399,1.47908,1.47938,1.75,1.00
2015.09.04 20:09:04.662,1.47905,1.47937,1.12,1.00
2015.09.04 20:09:05.169,1.47906,1.47936,1.50,1.00
2015.09.04 20:09:05.321,1.47906,1.4794,1.50,1.12
2015.09.04 20:09:07.928,1.47906,1.47934,1.50,1.00
2015.09.04 20:09:08.888,1.47906,1.47928,1.12,1.00
2015.09.04 20:09:09.912,1.47902,1.47928,1.50,1.00
2015.09.04 20:09:11.488,1.479,1.47924,1.75,1.00
2015.09.04 20:09:13.505,1.47899,1.47924,1.00,1.00
2015.09.04 20:09:14.926,1.47898,1.4792,1.50,1.00
2015.09.04 20:09:15.230,1.47898,1.47918,1.12,1.00
2015.09.04 20:09:15.331,1.47895,1.47918,1.00,1.00
2015.09.04 20:09:16.378,1.479,1.47918,1.00,1.00
2015.09.04 20:09:16.429,1.479,1.47925,1.00,1.00
2015.09.04 20:09:16.480,1.47896,1.47925,1.50,1.00
2015.09.04 20:09:16.734,1.47894,1.47925,1.00,1.00
2015.09.04 20:09:17.139,1.47892,1.47923,2.25,1.00
2015.09.04 20:09:17.815,1.47891,1.47916,1.00,1.00
2015.09.04 20:09:17.867,1.47888,1.47916,1.12,1.00
2015.09.04 20:09:18.019,1.47891,1.47916,1.00,1.00
2015.09.04 20:09:18.121,1.47891,1.47918,1.00,1.00
2015.09.04 20:09:18.336,1.47888,1.47915,1.12,1.00
2015.09.04 20:09:20.414,1.47888,1.47918,1.12,1.00
2015.09.04 20:09:23.881,1.47891,1.47918,1.00,1.00
2015.09.04 20:09:24.136,1.47891,1.4792,1.00,1.00
2015.09.04 20:09:24.664,1.47891,1.47925,1.00,1.00
2015.09.04 20:09:29.144,1.47891,1.47927,1.00,1.00
2015.09.04 20:09:29.658,1.47889,1.47927,1.12,1.00
2015.09.04 20:09:30.172,1.47889,1.47927,1.00,1.12
2015.09.04 20:09:31.778,1.47887,1.47926,1.12,1.10
2015.09.04 20:09:31.880,1.47887,1.47923,1.12,1.00
2015.09.04 20:09:31.981,1.47884,1.47923,1.12,1.37
2015.09.04 20:09:35.497,1.47881,1.47916,2.25,1.00
2015.09.04 20:09:35.549,1.47878,1.47916,2.25,1.00
2015.09.04 20:09:35.956,1.47884,1.47917,1.00,1.12
2015.09.04 20:09:36.058,1.47882,1.47918,1.00,1.57
2015.09.04 20:09:42.893,1.47881,1.47918,1.50,1.87
2015.09.04 20:09:43.937,1.47881,1.47918,1.87,1.87
2015.09.04 20:09:48.788,1.47881,1.47914,1.12,1.12
2015.09.04 20:09:52.834,1.47884,1.47918,1.00,1.87
2015.09.04 20:09:53.952,1.47884,1.47918,1.00,1.87
2015.09.04 20:09:54.462,1.47885,1.47919,1.12,1.47
2015.09.04 20:09:54.913,1.47885,1.47919,1.00,1.10
2015.09.04 20:09:56.270,1.47884,1.47919,1.12,1.10
2015.09.04 20:09:56.322,1.47885,1.4792,1.75,1.12
2015.09.04 20:09:56.474,1.47892,1.47921,1.12,1.00
2015.09.04 20:09:56.525,1.47892,1.47923,1.37,1.10
2015.09.04 20:09:56.728,1.47895,1.4793,1.00,2.62
2015.09.04 20:09:57.452,1.47895,1.47921,1.00,1.00
2015.09.04 20:09:57.928,1.47895,1.47927,1.00,1.12
2015.09.04 20:09:58.480,1.47895,1.47927,1.00,1.00
2015.09.04 20:09:59.863,1.47883,1.47918,1.50,1.10
2015.09.04 20:10:00.021,1.47883,1.47917,1.00,1.12
2015.09.04 20:10:00.326,1.47882,1.47916,1.00,1.87
2015.09.04 20:10:00.682,1.47882,1.47914,1.00,1.37
2015.09.04 20:10:00.987,1.4788,1.47897,1.00,1.00
2015.09.04 20:10:01.525,1.47879,1.47893,1.00,1.00
2015.09.04 20:10:01.831,1.47881,1.47896,1.00,1.00
2015.09.04 20:10:02.351,1.4788,1.47896,1.00,1.00
2015.09.04 20:10:02.861,1.47881,1.47896,1.00,1.00
2015.09.04 20:10:03.340,1.47865,1.47884,1.37,1.00
2015.09.04 20:10:03.442,1.47865,1.47884,1.37,1.00
2015.09.04 20:10:03.544,1.47865,1.47884,1.37,1.00
2015.09.04 20:10:04.065,1.4787,1.47884,1.00,1.00
2015.09.04 20:10:04.117,1.4787,1.4789,1.00,1.00
2015.09.04 20:10:04.169,1.47872,1.4789,1.00,1.00
2015.09.04 20:10:04.459,1.47872,1.47894,1.12,1.00
2015.09.04 20:10:05.126,1.47867,1.47887,1.75,1.00
2015.09.04 20:10:05.181,1.47863,1.47887,1.37,1.00
2015.09.04 20:10:05.687,1.47863,1.47887,1.00,1.00
2015.09.04 20:10:06.058,1.47865,1.47887,1.00,1.00
2015.09.04 20:10:06.362,1.47865,1.47882,1.87,1.00
2015.09.04 20:10:06.889,1.47863,1.47882,1.00,1.00
2015.09.04 20:10:07.041,1.4786,1.47882,1.00,1.00
2015.09.04 20:10:07.548,1.47861,1.47882,1.00,1.00
2015.09.04 20:10:10.954,1.47857,1.4788,1.12,1.00
2015.09.04 20:10:11.106,1.47854,1.4788,1.12,1.00
2015.09.04 20:10:13.183,1.47852,1.47875,2.25,1.00
2015.09.04 20:10:13.287,1.47852,1.47875,1.00,1.00
2015.09.04 20:10:13.390,1.47847,1.47875,2.25,1.00
2015.09.04 20:10:13.493,1.47847,1.47875,1.50,1.00
2015.09.04 20:10:14.904,1.47847,1.47875,1.75,1.00
2015.09.04 20:10:15.411,1.4785,1.47875,1.00,1.00
2015.09.04 20:10:21.292,1.4785,1.47876,1.00,1.00
2015.09.04 20:10:23.116,1.47848,1.47876,1.50,1.00
2015.09.04 20:10:27.015,1.47848,1.47874,1.50,1.00
2015.09.04 20:10:27.532,1.47848,1.47882,1.50,1.37
2015.09.04 20:10:34.320,1.47848,1.47883,1.50,1.37
2015.09.04 20:10:36.423,1.47848,1.4788,1.12,1.50
2015.09.04 20:10:37.535,1.47849,1.4788,1.00,1.50
2015.09.04 20:10:41.164,1.47852,1.4788,1.00,1.12
2015.09.04 20:10:42.359,1.47851,1.4788,1.00,1.12
2015.09.04 20:10:43.267,1.47851,1.47875,1.00,1.00
2015.09.04 20:10:43.573,1.47845,1.47871,1.00,1.00
2015.09.04 20:10:43.625,1.47845,1.47875,1.00,1.00
2015.09.04 20:10:43.726,1.47847,1.47875,1.00,1.00
2015.09.04 20:10:44.251,1.47846,1.47875,1.50,1.00
2015.09.04 20:10:45.289,1.47846,1.47872,1.00,1.00
2015.09.04 20:10:45.797,1.47845,1.47872,1.50,1.00
2015.09.04 20:10:46.126,1.47845,1.4787,1.00,1.00
2015.09.04 20:10:46.939,1.47845,1.47875,1.00,1.00
2015.09.04 20:10:47.468,1.47847,1.47875,1.00,1.00
2015.09.04 20:10:52.471,1.47847,1.47874,1.00,1.00
2015.09.04 20:11:01.297,1.47842,1.47874,1.50,1.00
2015.09.04 20:11:01.348,1.47842,1.4788,1.50,1.10
2015.09.04 20:11:01.399,1.47851,1.4788,1.00,1.10
2015.09.04 20:11:01.602,1.47845,1.4788,1.00,1.00
2015.09.04 20:11:01.704,1.47843,1.4788,1.12,1.00
2015.09.04 20:11:01.806,1.47842,1.4788,2.25,1.00
2015.09.04 20:11:01.857,1.47842,1.47877,2.25,1.00
2015.09.04 20:11:02.386,1.47848,1.47877,1.00,1.00
2015.09.04 20:11:03.234,1.47843,1.47877,1.12,1.00
2015.09.04 20:11:03.926,1.47846,1.47877,1.00,1.00
2015.09.04 20:11:11.043,1.47855,1.47881,1.00,1.10
2015.09.04 20:11:11.348,1.47855,1.47878,1.50,1.00
2015.09.04 20:11:12.268,1.47853,1.47878,1.00,1.00
2015.09.04 20:11:12.320,1.47852,1.47875,1.00,1.00
2015.09.04 20:11:13.317,1.47849,1.47875,1.50,1.00
2015.09.04 20:11:13.521,1.47854,1.47875,1.00,1.00
2015.09.04 20:11:13.624,1.47855,1.47879,1.00,1.00
2015.09.04 20:11:15.043,1.47853,1.47869,1.00,1.00
2015.09.04 20:11:15.400,1.47842,1.47869,1.50,1.00
2015.09.04 20:11:15.857,1.47846,1.47874,1.00,1.50
2015.09.04 20:11:16.111,1.47846,1.47877,1.00,1.00
2015.09.04 20:11:16.314,1.47849,1.47877,1.00,1.00
2015.09.04 20:11:17.543,1.47846,1.4787,1.00,1.00
2015.09.04 20:11:17.644,1.47844,1.4787,1.00,1.00
2015.09.04 20:11:17.696,1.47851,1.4787,1.00,1.00
2015.09.04 20:11:17.797,1.47849,1.4787,1.00,1.00
2015.09.04 20:11:18.101,1.47849,1.47866,1.00,1.00
2015.09.04 20:11:18.152,1.47845,1.47866,1.00,1.00
2015.09.04 20:11:18.203,1.47841,1.47866,1.00,1.00
2015.09.04 20:11:19.663,1.4784,1.47866,1.00,1.00
2015.09.04 20:11:19.714,1.4784,1.47872,1.00,1.00
2015.09.04 20:11:19.766,1.4784,1.47865,1.00,1.00
2015.09.04 20:11:19.817,1.4784,1.47871,1.00,1.00
2015.09.04 20:11:19.868,1.4784,1.47867,1.00,1.00
2015.09.04 20:11:20.402,1.47841,1.47867,1.50,1.00
2015.09.04 20:11:22.215,1.47841,1.47864,1.00,1.00
2015.09.04 20:11:26.785,1.47841,1.47871,1.00,1.00
2015.09.04 20:11:28.929,1.47841,1.47873,1.00,1.00
2015.09.04 20:11:31.123,1.4784,1.47871,1.50,1.00
2015.09.04 20:11:40.473,1.47851,1.47871,1.00,1.00
2015.09.04 20:11:40.525,1.47856,1.47883,1.00,1.00
2015.09.04 20:11:40.577,1.47856,1.47888,1.00,1.37
2015.09.04 20:11:40.628,1.4786,1.4789,1.00,1.75
2015.09.04 20:11:40.679,1.4786,1.47892,1.50,1.50
2015.09.04 20:11:40.730,1.4786,1.47893,1.50,1.37
2015.09.04 20:11:40.782,1.4786,1.47893,1.50,1.00
2015.09.04 20:11:40.884,1.4786,1.47889,1.00,1.00
2015.09.04 20:11:40.936,1.47858,1.47889,1.00,1.00
2015.09.04 20:11:41.140,1.4786,1.47889,1.00,1.00
2015.09.04 20:11:41.345,1.47856,1.47886,1.00,1.00
2015.09.04 20:11:41.849,1.47853,1.47884,1.50,1.00
2015.09.04 20:11:43.678,1.47855,1.47885,1.87,1.00
2015.09.04 20:11:54.306,1.47856,1.47887,1.00,1.50
2015.09.04 20:12:00.811,1.47857,1.47887,1.00,1.00
2015.09.04 20:12:01.551,1.47858,1.47887,1.00,1.00
2015.09.04 20:12:06.881,1.47857,1.47887,1.10,1.00
2015.09.04 20:12:09.922,1.47858,1.47887,1.00,1.00
2015.09.04 20:12:15.584,1.47858,1.47887,1.12,1.00
2015.09.04 20:12:29.495,1.47863,1.47887,1.00,1.00
2015.09.04 20:12:33.072,1.47857,1.47887,1.37,1.00
2015.09.04 20:12:33.224,1.47856,1.47887,1.20,1.50
2015.09.04 20:12:42.187,1.47854,1.47885,1.37,1.00
2015.09.04 20:12:42.396,1.47854,1.47885,1.10,1.00
2015.09.04 20:12:44.356,1.4785,1.47885,1.95,1.00
2015.09.04 20:12:45.972,1.4785,1.47884,1.57,1.37
2015.09.04 20:12:46.277,1.47862,1.47894,1.00,1.12
2015.09.04 20:12:46.430,1.47864,1.47897,1.00,1.00
2015.09.04 20:12:47.568,1.47864,1.47896,1.00,1.00
2015.09.04 20:12:47.785,1.47868,1.47898,1.00,1.00
2015.09.04 20:12:48.089,1.47874,1.47898,1.00,1.00
2015.09.04 20:12:49.856,1.47873,1.47898,1.00,1.00
2015.09.04 20:12:51.096,1.47872,1.47898,1.00,1.00
2015.09.04 20:12:53.363,1.47872,1.47897,1.00,1.00
2015.09.04 20:12:53.414,1.47869,1.47897,1.00,1.00
2015.09.04 20:12:54.390,1.47859,1.47885,1.35,1.00
2015.09.04 20:12:54.498,1.47852,1.47882,1.50,1.00
2015.09.04 20:12:54.549,1.47851,1.4788,1.37,1.00
2015.09.04 20:12:54.702,1.4785,1.4788,1.50,1.00
2015.09.04 20:12:55.103,1.4785,1.47878,1.00,1.00
2015.09.04 20:12:55.560,1.47849,1.47875,1.00,1.00
2015.09.04 20:12:55.611,1.47846,1.47875,1.00,1.00
2015.09.04 20:12:56.054,1.47843,1.47872,1.10,1.00
2015.09.04 20:12:56.572,1.47843,1.47871,1.00,1.00
2015.09.04 20:12:58.016,1.47844,1.47871,1.00,1.50
2015.09.04 20:12:59.468,1.47844,1.47869,1.00,1.00
2015.09.04 20:13:00.082,1.47842,1.47869,1.00,1.00
2015.09.04 20:13:00.341,1.47844,1.47868,1.00,1.00
2015.09.04 20:13:00.543,1.47842,1.47868,1.00,1.50
2015.09.04 20:13:00.645,1.4784,1.47868,1.00,1.50
2015.09.04 20:13:00.747,1.4784,1.47866,1.00,1.00
2015.09.04 20:13:02.107,1.47848,1.4787,1.00,1.00
2015.09.04 20:13:02.160,1.47851,1.47874,1.00,1.00
2015.09.04 20:13:02.263,1.47851,1.47874,1.60,1.00
2015.09.04 20:13:02.365,1.47854,1.47883,1.50,1.20
2015.09.04 20:13:02.416,1.47864,1.47883,1.00,1.20
2015.09.04 20:13:02.519,1.47858,1.47883,1.50,1.00
2015.09.04 20:13:02.621,1.47854,1.47883,1.00,1.00
2015.09.04 20:13:03.027,1.47851,1.47881,1.50,1.00
2015.09.04 20:13:03.584,1.47849,1.47879,1.00,1.00
2015.09.04 20:13:04.129,1.47849,1.47878,1.00,1.00
2015.09.04 20:13:11.673,1.47849,1.47879,1.00,1.00
2015.09.04 20:13:13.631,1.47848,1.47879,1.00,1.00
2015.09.04 20:13:13.887,1.47844,1.47878,2.25,1.00
2015.09.04 20:13:16.816,1.47848,1.47878,1.00,1.00
2015.09.04 20:13:16.918,1.47846,1.47878,1.12,1.00
2015.09.04 20:13:17.021,1.47849,1.47883,1.00,1.50
2015.09.04 20:13:17.224,1.47845,1.4788,1.57,1.00
2015.09.04 20:13:18.027,1.47844,1.47878,1.47,1.00
2015.09.04 20:13:18.591,1.47844,1.47878,1.10,1.00
2015.09.04 20:13:30.536,1.47844,1.47877,1.57,1.00
2015.09.04 20:13:30.840,1.47841,1.47875,1.20,1.00
2015.09.04 20:13:33.560,1.47841,1.47874,1.20,1.00
2015.09.04 20:13:39.769,1.47841,1.47872,1.10,1.00
2015.09.04 20:13:43.933,1.47841,1.47873,1.20,1.00
2015.09.04 20:13:49.399,1.47839,1.47872,2.25,1.00
2015.09.04 20:13:49.654,1.47834,1.47867,1.50,1.00
2015.09.04 20:13:50.272,1.47834,1.47865,1.00,1.00
2015.09.04 20:13:50.376,1.47834,1.47868,1.00,1.12
2015.09.04 20:13:50.529,1.47834,1.47868,1.75,1.00
2015.09.04 20:13:51.036,1.47835,1.47869,2.25,1.00
2015.09.04 20:13:51.891,1.47835,1.47868,1.50,1.00
2015.09.04 20:13:51.942,1.47836,1.47872,1.12,1.00
2015.09.04 20:13:52.570,1.47836,1.47873,1.87,1.00
2015.09.04 20:13:54.248,1.47839,1.47874,1.00,1.00
2015.09.04 20:13:54.890,1.47841,1.47875,1.00,1.50
2015.09.04 20:13:55.195,1.47844,1.47875,1.12,1.00
2015.09.04 20:13:55.725,1.47841,1.47874,1.95,1.00
2015.09.04 20:13:57.984,1.47841,1.47872,1.12,1.00
2015.09.04 20:13:58.136,1.47838,1.47872,2.32,1.00
2015.09.04 20:13:58.765,1.47837,1.47869,1.87,1.00
2015.09.04 20:13:58.816,1.47837,1.47867,1.00,1.00
2015.09.04 20:14:00.736,1.47836,1.47866,1.00,1.00
2015.09.04 20:14:00.837,1.47834,1.47866,1.00,1.00
2015.09.04 20:14:01.193,1.47833,1.47858,1.00,1.00
2015.09.04 20:14:01.498,1.47835,1.47858,1.00,1.00
2015.09.04 20:14:02.859,1.47832,1.47858,1.50,1.00
2015.09.04 20:14:15.782,1.47832,1.47853,1.00,1.00
2015.09.04 20:14:16.911,1.47831,1.47849,1.12,1.00
2015.09.04 20:14:17.216,1.47829,1.47849,1.00,1.00
2015.09.04 20:14:17.921,1.47827,1.47849,1.00,1.00
2015.09.04 20:14:18.176,1.47827,1.47846,1.00,1.00
2015.09.04 20:14:18.640,1.4782,1.47845,1.00,1.00
2015.09.04 20:14:18.747,1.47817,1.47845,1.50,1.00
2015.09.04 20:14:19.052,1.47817,1.47842,1.50,1.00
2015.09.04 20:14:19.357,1.4782,1.47842,1.00,1.00
2015.09.04 20:14:19.661,1.4782,1.47845,1.00,1.00
2015.09.04 20:14:20.245,1.47823,1.47845,1.00,1.00
2015.09.04 20:14:22.490,1.47823,1.47845,1.50,1.00
2015.09.04 20:14:24.100,1.47823,1.47849,1.50,1.00
2015.09.04 20:14:24.151,1.47828,1.4785,1.00,1.00
2015.09.04 20:14:24.698,1.4783,1.4785,1.50,1.00
2015.09.04 20:14:25.256,1.47827,1.4785,1.00,1.00
2015.09.04 20:14:27.858,1.47826,1.4785,1.00,1.00
2015.09.04 20:14:32.215,1.47825,1.4785,1.00,1.00
2015.09.04 20:14:33.309,1.4783,1.4785,1.00,1.00
2015.09.04 20:14:33.360,1.4783,1.47854,1.12,1.00
2015.09.04 20:14:33.513,1.47834,1.47854,1.00,1.00
2015.09.04 20:14:34.045,1.47822,1.47847,1.00,1.00
2015.09.04 20:14:34.554,1.47826,1.47847,1.00,1.00
2015.09.04 20:14:34.609,1.47824,1.47847,1.50,1.00
2015.09.04 20:14:39.430,1.47823,1.47847,1.00,1.00
2015.09.04 20:14:39.686,1.47824,1.47853,1.00,1.00
2015.09.04 20:14:39.737,1.47832,1.47853,1.00,1.00
2015.09.04 20:14:39.788,1.47828,1.47853,1.00,1.00
2015.09.04 20:14:39.941,1.47826,1.47853,1.00,1.00
2015.09.04 20:14:41.842,1.47827,1.47853,1.00,1.00
2015.09.04 20:14:41.944,1.47837,1.4786,1.00,1.00
2015.09.04 20:14:42.096,1.47837,1.47865,2.62,1.00
2015.09.04 20:14:42.198,1.47842,1.47865,1.00,1.00
2015.09.04 20:14:42.504,1.47845,1.47865,1.00,1.00
2015.09.04 20:14:43.049,1.47843,1.47865,1.50,1.00
2015.09.04 20:14:44.056,1.47841,1.47865,1.00,1.00
2015.09.04 20:14:44.563,1.4784,1.47865,1.50,1.00
2015.09.04 20:14:50.001,1.4784,1.47866,1.00,1.00
2015.09.04 20:14:51.602,1.47839,1.47866,1.00,1.00
2015.09.04 20:14:58.035,1.47839,1.47865,1.00,1.00
2015.09.04 20:14:59.317,1.4784,1.47865,1.00,1.00
2015.09.04 20:15:00.440,1.47841,1.47865,1.00,1.00
2015.09.04 20:15:01.102,1.4784,1.47865,1.00,1.00
2015.09.04 20:15:02.214,1.47832,1.47856,1.37,1.00
2015.09.04 20:15:02.274,1.47832,1.47856,1.00,1.00
2015.09.04 20:15:02.427,1.47829,1.47856,2.25,1.00
2015.09.04 20:15:03.321,1.47828,1.47856,1.00,1.00
2015.09.04 20:15:03.795,1.47826,1.47856,1.00,1.00
2015.09.04 20:15:05.639,1.47826,1.47853,1.00,1.00
2015.09.04 20:15:14.327,1.47825,1.47852,1.00,1.00
2015.09.04 20:15:14.633,1.47822,1.47848,1.00,1.00
2015.09.04 20:15:14.684,1.47822,1.47852,1.00,1.00
2015.09.04 20:15:16.230,1.47823,1.47852,1.00,1.00
2015.09.04 20:15:16.282,1.47823,1.47852,1.37,1.00
2015.09.04 20:15:16.434,1.47831,1.4786,1.00,1.00
2015.09.04 20:15:16.536,1.47835,1.4786,1.00,1.00
2015.09.04 20:15:19.479,1.47837,1.4786,1.00,1.00
2015.09.04 20:15:19.581,1.47837,1.47863,1.00,1.00
2015.09.04 20:15:20.166,1.47837,1.47864,1.00,1.00
2015.09.04 20:15:20.230,1.47837,1.47861,1.00,1.00
2015.09.04 20:15:20.963,1.47836,1.47861,1.00,1.00
2015.09.04 20:15:22.507,1.47834,1.47851,1.00,1.00
2015.09.04 20:15:22.558,1.47828,1.47851,1.00,1.00
2015.09.04 20:15:22.609,1.47828,1.47854,1.00,1.00
2015.09.04 20:15:22.660,1.47832,1.47854,1.00,1.00
2015.09.04 20:15:23.117,1.47834,1.47855,1.00,1.00
2015.09.04 20:15:23.218,1.47834,1.47859,1.00,1.50
2015.09.04 20:15:27.157,1.47836,1.47859,1.00,1.00
2015.09.04 20:15:27.208,1.47836,1.47864,1.00,1.00
2015.09.04 20:15:27.260,1.47839,1.47864,1.00,1.00
2015.09.04 20:15:30.667,1.47839,1.47866,1.00,1.35
2015.09.04 20:15:32.127,1.4784,1.47868,1.00,2.10
2015.09.04 20:15:36.094,1.47839,1.47864,1.87,1.00
2015.09.04 20:15:36.951,1.47839,1.4786,1.00,1.00
2015.09.04 20:15:37.759,1.47837,1.4786,1.50,1.00
2015.09.04 20:15:37.962,1.47841,1.4786,1.00,1.00
2015.09.04 20:15:39.362,1.4784,1.4786,1.00,1.00
2015.09.04 20:15:40.474,1.47841,1.4786,1.00,1.00
2015.09.04 20:15:40.526,1.47841,1.47866,1.00,1.00
2015.09.04 20:15:40.579,1.47843,1.4787,1.12,1.87
2015.09.04 20:15:40.630,1.47849,1.47874,1.00,2.25
2015.09.04 20:15:41.108,1.47849,1.47874,1.00,1.12
2015.09.04 20:15:41.159,1.47855,1.47874,1.00,1.00
2015.09.04 20:15:41.312,1.47855,1.47878,1.00,1.00
2015.09.04 20:15:41.363,1.47857,1.47878,1.00,1.00
2015.09.04 20:15:41.921,1.47858,1.47878,1.00,1.00
2015.09.04 20:15:46.645,1.47858,1.47879,1.00,1.00
2015.09.04 20:15:46.899,1.47858,1.47884,1.00,1.00
2015.09.04 20:15:46.950,1.47859,1.47888,1.00,2.47
2015.09.04 20:15:47.306,1.47861,1.47888,1.00,1.35
2015.09.04 20:15:47.616,1.47858,1.47884,1.10,1.00
2015.09.04 20:15:48.941,1.47858,1.4788,1.00,1.00
2015.09.04 20:15:52.370,1.47857,1.4788,1.00,1.00
2015.09.04 20:15:53.554,1.47856,1.4788,1.00,1.00
2015.09.04 20:15:53.707,1.47852,1.47878,1.00,1.00
2015.09.04 20:15:54.766,1.47853,1.47878,1.00,1.00
2015.09.04 20:15:56.237,1.47855,1.47878,1.00,1.00
2015.09.04 20:15:56.289,1.47855,1.47884,1.00,1.00
2015.09.04 20:15:56.441,1.47855,1.47879,1.00,1.00
2015.09.04 20:15:57.175,1.47856,1.47879,1.00,1.00
2015.09.04 20:15:57.480,1.47859,1.47879,1.00,1.00
2015.09.04 20:16:00.482,1.47858,1.47879,1.00,1.00
2015.09.04 20:16:05.800,1.47858,1.4788,1.50,1.00
2015.09.04 20:16:06.335,1.47869,1.47893,1.00,1.50
2015.09.04 20:16:06.386,1.479,1.47926,1.00,1.12
2015.09.04 20:16:06.437,1.479,1.47931,1.00,1.10
2015.09.04 20:16:06.539,1.47902,1.47931,1.00,1.10
2015.09.04 20:16:06.844,1.47906,1.47931,1.00,1.00
2015.09.04 20:16:07.098,1.47903,1.47931,1.00,1.00
2015.09.04 20:16:07.250,1.47903,1.47928,1.00,1.00
2015.09.04 20:16:08.102,1.47902,1.47928,1.00,1.00
2015.09.04 20:16:08.608,1.47903,1.47928,1.00,1.00
2015.09.04 20:16:13.234,1.47903,1.47929,1.00,1.12
2015.09.04 20:16:14.376,1.47902,1.47929,1.00,1.00
2015.09.04 20:16:18.449,1.47901,1.47929,1.00,1.12
2015.09.04 20:16:18.981,1.47901,1.47928,1.00,1.00
2015.09.04 20:16:19.741,1.47907,1.47928,1.00,1.00
2015.09.04 20:16:20.312,1.47906,1.47928,1.00,1.00
2015.09.04 20:16:24.789,1.47906,1.47927,1.00,1.00
2015.09.04 20:16:28.903,1.47904,1.47927,1.00,1.00
2015.09.04 20:16:30.739,1.47904,1.47924,1.00,1.00
2015.09.04 20:16:31.059,1.47902,1.47918,1.00,1.00
2015.09.04 20:16:31.615,1.47897,1.47918,1.00,1.00
2015.09.04 20:16:32.146,1.47898,1.47918,1.00,1.00
2015.09.04 20:16:38.978,1.47896,1.47918,1.50,1.00
2015.09.04 20:16:50.067,1.47896,1.47919,1.00,1.00
2015.09.04 20:16:50.574,1.47897,1.47919,1.00,1.00
2015.09.04 20:16:51.670,1.47912,1.47924,1.00,1.00
2015.09.04 20:16:51.722,1.47911,1.47937,1.00,1.12
2015.09.04 20:16:51.773,1.47915,1.47943,1.00,1.12
2015.09.04 20:16:51.875,1.47919,1.4795,1.00,1.37
2015.09.04 20:16:51.977,1.47919,1.4795,1.00,1.12
2015.09.04 20:16:52.029,1.47917,1.4795,1.50,1.72
2015.09.04 20:16:52.337,1.47914,1.47943,1.00,1.60
2015.09.04 20:16:52.888,1.4791,1.47939,1.00,1.00
2015.09.04 20:16:53.743,1.47911,1.47939,1.00,1.50
2015.09.04 20:16:54.819,1.4791,1.47939,1.00,1.50
2015.09.04 20:16:55.622,1.47909,1.47939,1.00,1.50
2015.09.04 20:16:56.174,1.47909,1.47937,1.00,1.00
2015.09.04 20:16:56.714,1.47907,1.47937,1.00,1.50
2015.09.04 20:16:57.283,1.47906,1.47936,1.00,1.00
2015.09.04 20:17:00.077,1.47907,1.47938,1.00,1.00
2015.09.04 20:17:00.230,1.47912,1.47941,1.00,1.00
2015.09.04 20:17:00.281,1.47912,1.47943,1.00,1.10
2015.09.04 20:17:00.333,1.47912,1.47946,1.37,1.70
2015.09.04 20:17:00.586,1.47918,1.47946,1.00,1.60
2015.09.04 20:17:01.115,1.47918,1.47948,1.00,1.60
2015.09.04 20:17:01.420,1.4792,1.4795,1.00,2.10
2015.09.04 20:17:02.740,1.47919,1.47948,1.00,1.60
2015.09.04 20:17:03.145,1.47916,1.47947,2.25,1.60
2015.09.04 20:17:03.678,1.47916,1.47944,1.00,1.00
2015.09.04 20:17:03.780,1.47918,1.47947,1.00,2.10
2015.09.04 20:17:04.920,1.47916,1.47946,1.00,1.60
2015.09.04 20:17:05.941,1.47915,1.47945,1.87,1.35
2015.09.04 20:17:06.269,1.47916,1.47945,1.87,1.00
2015.09.04 20:17:06.320,1.47916,1.47947,1.87,1.50
2015.09.04 20:17:06.853,1.47915,1.47946,1.87,1.00
2015.09.04 20:17:07.721,1.47915,1.47945,1.87,1.00
2015.09.04 20:17:08.963,1.47915,1.47942,1.12,1.00
2015.09.04 20:17:12.958,1.47913,1.47942,1.50,1.00
2015.09.04 20:17:13.009,1.47913,1.47939,1.00,1.00
2015.09.04 20:17:13.060,1.4791,1.47938,1.00,1.00
2015.09.04 20:17:13.111,1.4791,1.47934,1.00,1.00
2015.09.04 20:17:13.645,1.47904,1.47934,1.00,1.00
2015.09.04 20:17:14.712,1.47904,1.47931,1.00,1.00
2015.09.04 20:17:15.282,1.47898,1.47922,1.37,1.00
2015.09.04 20:17:15.333,1.47892,1.47922,1.00,1.00
2015.09.04 20:17:20.504,1.47893,1.47921,1.00,1.00
2015.09.04 20:17:30.433,1.47893,1.4792,1.00,1.00
2015.09.04 20:17:33.239,1.47893,1.47919,1.00,1.00
2015.09.04 20:17:33.550,1.47893,1.47917,1.00,1.00
2015.09.04 20:17:33.754,1.47891,1.47917,1.00,1.00
2015.09.04 20:17:34.300,1.47891,1.47918,1.00,1.00
2015.09.04 20:17:34.440,1.47889,1.47917,1.00,1.00
2015.09.04 20:17:34.543,1.47889,1.47915,1.00,1.00
2015.09.04 20:17:34.798,1.47886,1.47915,1.00,1.00
2015.09.04 20:17:36.484,1.47886,1.47914,1.00,1.00
2015.09.04 20:17:38.677,1.47886,1.47913,1.00,1.00
2015.09.04 20:17:42.157,1.47886,1.4791,1.00,1.00
2015.09.04 20:17:42.208,1.47883,1.4791,1.00,1.00
2015.09.04 20:17:43.176,1.47879,1.4791,1.00,1.00
2015.09.04 20:17:43.227,1.47879,1.47908,1.00,1.00
2015.09.04 20:17:52.994,1.47879,1.47907,1.00,1.00
2015.09.04 20:17:54.460,1.47878,1.47907,1.00,1.50
2015.09.04 20:18:05.527,1.47879,1.47907,1.00,1.50
2015.09.04 20:18:05.629,1.47879,1.47909,1.00,1.00
2015.09.04 20:18:05.680,1.47879,1.47912,1.00,1.50
2015.09.04 20:18:05.731,1.47881,1.47916,1.00,1.75
2015.09.04 20:18:06.035,1.47889,1.47918,1.50,1.50
2015.09.04 20:18:10.340,1.47891,1.47918,1.00,1.50
2015.09.04 20:18:10.867,1.4789,1.47918,1.00,1.50
2015.09.04 20:18:11.986,1.47889,1.47918,1.50,1.50
2015.09.04 20:18:24.434,1.4789,1.47918,1.00,1.00
2015.09.04 20:18:28.661,1.47894,1.47918,1.00,1.00
2015.09.04 20:18:28.763,1.47894,1.4792,1.00,1.00
2015.09.04 20:18:28.915,1.47899,1.47925,1.00,1.00
2015.09.04 20:18:30.902,1.47898,1.47925,1.00,1.00
2015.09.04 20:18:32.548,1.47898,1.47923,1.00,1.00
2015.09.04 20:18:35.940,1.47898,1.47921,1.00,1.00
2015.09.04 20:18:37.112,1.47896,1.47919,1.00,1.00
2015.09.04 20:18:37.267,1.47895,1.47924,1.12,1.00
2015.09.04 20:18:42.087,1.47895,1.47925,1.12,1.00
2015.09.04 20:18:54.753,1.47895,1.47922,1.00,1.00
2015.09.04 20:18:54.855,1.47892,1.47922,1.50,1.00
2015.09.04 20:18:54.957,1.4789,1.4792,1.87,1.00
2015.09.04 20:18:55.503,1.47887,1.47916,1.12,1.00
2015.09.04 20:19:06.499,1.47889,1.47916,1.00,1.00
2015.09.04 20:19:07.073,1.47905,1.47923,1.00,1.12
2015.09.04 20:19:07.124,1.4792,1.47953,1.00,1.12
2015.09.04 20:19:07.175,1.4792,1.47954,1.00,1.87
2015.09.04 20:19:07.226,1.47925,1.47954,1.00,1.87
2015.09.04 20:19:11.419,1.47925,1.47955,1.00,1.85
2015.09.04 20:19:14.350,1.47925,1.47954,1.00,1.12
2015.09.04 20:19:18.619,1.47924,1.47955,1.00,1.50
2015.09.04 20:19:24.553,1.47924,1.47953,1.00,2.47
2015.09.04 20:19:24.604,1.47921,1.47952,1.00,1.70
2015.09.04 20:19:24.914,1.47924,1.47952,1.00,1.70
2015.09.04 20:19:25.538,1.47923,1.47953,1.50,3.22
2015.09.04 20:19:28.223,1.4792,1.4795,1.00,1.60
2015.09.04 20:19:29.449,1.47923,1.4795,1.00,1.60
2015.09.04 20:19:32.539,1.4792,1.4795,1.50,1.60
2015.09.04 20:19:39.319,1.47919,1.47948,1.00,1.60
2015.09.04 20:19:39.471,1.47919,1.47944,1.00,1.00
2015.09.04 20:19:39.724,1.47914,1.47944,1.50,1.60
2015.09.04 20:19:45.279,1.47914,1.47941,1.00,1.00
2015.09.04 20:19:52.546,1.47915,1.47941,1.00,1.00
2015.09.04 20:19:55.417,1.47913,1.47941,1.50,1.00
2015.09.04 20:19:56.613,1.47915,1.47941,1.00,1.00
2015.09.04 20:20:00.598,1.47914,1.47941,1.00,1.00
2015.09.04 20:20:02.818,1.47914,1.47937,1.00,1.00
2015.09.04 20:20:03.130,1.47911,1.47937,1.50,1.00
2015.09.04 20:20:05.949,1.47912,1.47937,1.00,1.00
2015.09.04 20:20:07.314,1.47913,1.4794,1.00,1.00
2015.09.04 20:20:07.905,1.47912,1.4794,1.00,1.00
2015.09.04 20:20:08.788,1.47911,1.4794,1.00,1.00
2015.09.04 20:20:10.119,1.47912,1.4794,1.00,1.00
2015.09.04 20:20:11.723,1.47911,1.4794,1.00,1.00
2015.09.04 20:20:12.836,1.47911,1.47938,1.00,1.00
2015.09.04 20:20:17.374,1.47912,1.47938,1.00,1.00
2015.09.04 20:20:17.427,1.47912,1.4794,1.00,1.00
2015.09.04 20:20:21.682,1.47911,1.4794,1.00,1.00
2015.09.04 20:20:21.734,1.47911,1.47938,1.00,1.00
2015.09.04 20:20:25.370,1.47912,1.47938,1.00,1.00
2015.09.04 20:20:27.104,1.47912,1.47929,1.00,1.00
2015.09.04 20:20:27.155,1.47903,1.47929,1.00,1.00
2015.09.04 20:20:32.026,1.47901,1.47929,1.00,1.00
2015.09.04 20:20:35.986,1.47901,1.47925,1.00,1.00
2015.09.04 20:20:38.284,1.47899,1.47925,1.00,1.00
2015.09.04 20:20:39.357,1.47895,1.4792,1.00,1.00
2015.09.04 20:20:39.846,1.47892,1.4792,2.25,1.00
2015.09.04 20:20:40.651,1.47893,1.4792,1.00,1.00
2015.09.04 20:20:44.637,1.47897,1.4792,1.00,1.00
2015.09.04 20:20:45.216,1.47898,1.4792,1.00,1.00
2015.09.04 20:20:45.873,1.47898,1.47923,1.00,1.00
2015.09.04 20:20:47.804,1.47897,1.47923,1.50,1.00
2015.09.04 20:20:47.906,1.47895,1.47923,1.00,1.50
2015.09.04 20:20:48.488,1.47893,1.47918,1.00,1.00
2015.09.04 20:20:48.844,1.47893,1.47922,1.00,1.12
2015.09.04 20:20:49.097,1.47891,1.47922,1.00,1.12
2015.09.04 20:20:49.605,1.47892,1.47922,1.00,1.00
2015.09.04 20:20:52.285,1.47892,1.47921,1.00,1.00
2015.09.04 20:20:52.387,1.47892,1.47918,1.00,1.00
2015.09.04 20:20:52.909,1.47891,1.47918,1.00,1.00
2015.09.04 20:20:54.573,1.4789,1.47918,1.00,1.50
2015.09.04 20:21:00.621,1.47889,1.47918,1.50,1.00
2015.09.04 20:21:00.967,1.47889,1.47916,1.50,1.00
2015.09.04 20:21:01.468,1.4789,1.47916,1.00,1.00
2015.09.04 20:21:01.998,1.47889,1.47916,1.50,1.00
2015.09.04 20:21:03.313,1.47889,1.4792,1.50,1.12
2015.09.04 20:21:03.616,1.47894,1.4792,1.00,1.00
2015.09.04 20:21:09.699,1.47894,1.47919,1.00,1.00
2015.09.04 20:21:09.800,1.47892,1.47919,1.00,1.00
2015.09.04 20:21:10.737,1.47891,1.47919,1.00,1.00
2015.09.04 20:21:11.235,1.47891,1.47916,1.00,1.00
2015.09.04 20:21:11.742,1.4789,1.47916,1.00,1.00
2015.09.04 20:21:18.578,1.47892,1.47916,1.00,1.00
2015.09.04 20:21:19.617,1.47892,1.47921,1.00,1.12
2015.09.04 20:21:31.371,1.47892,1.47921,1.00,1.00
2015.09.04 20:21:33.509,1.47894,1.47921,1.00,1.00
2015.09.04 20:21:40.129,1.47892,1.47921,1.00,1.00
2015.09.04 20:21:41.324,1.47894,1.47921,1.00,1.00
2015.09.04 20:21:41.632,1.47896,1.47921,1.00,1.00
2015.09.04 20:21:42.540,1.47897,1.47921,1.00,1.00
2015.09.04 20:21:45.418,1.47896,1.47921,1.00,1.00
2015.09.04 20:21:45.921,1.47897,1.47921,1.00,1.00
2015.09.04 20:21:46.428,1.47896,1.47921,1.00,1.00
2015.09.04 20:21:47.609,1.47897,1.47921,1.00,1.00
2015.09.04 20:21:58.262,1.47896,1.47921,1.00,1.00
2015.09.04 20:21:58.782,1.47897,1.47921,1.00,1.00
2015.09.04 20:21:59.587,1.47896,1.47921,1.00,1.00
2015.09.04 20:22:01.119,1.47897,1.47921,1.00,1.00
2015.09.04 20:22:02.560,1.47897,1.47922,1.00,1.00
2015.09.04 20:22:09.979,1.47893,1.47923,1.00,1.00
2015.09.04 20:22:10.238,1.47893,1.47921,1.00,1.00
2015.09.04 20:22:10.763,1.47892,1.47921,1.00,1.00
2015.09.04 20:22:11.510,1.47889,1.47921,1.00,1.37
2015.09.04 20:22:12.135,1.4789,1.47921,1.00,1.37
2015.09.04 20:22:12.287,1.47892,1.47923,1.00,1.57
2015.09.04 20:22:12.440,1.47897,1.47926,1.00,1.87
2015.09.04 20:22:12.542,1.47899,1.4793,1.00,1.37
2015.09.04 20:22:12.593,1.47895,1.47928,1.00,1.10
2015.09.04 20:22:12.746,1.47895,1.47926,1.50,1.00
2015.09.04 20:22:14.537,1.47894,1.47927,1.00,1.37
2015.09.04 20:22:18.448,1.47893,1.47927,1.00,1.37
2015.09.04 20:22:19.996,1.47887,1.47922,1.00,1.12
2015.09.04 20:22:26.863,1.47887,1.47921,1.00,1.00
2015.09.04 20:22:27.613,1.47887,1.47919,1.00,1.00
2015.09.04 20:22:27.917,1.47888,1.47916,1.00,1.00
2015.09.04 20:22:28.019,1.47889,1.47918,1.00,1.00
2015.09.04 20:22:31.218,1.47888,1.47918,1.00,1.50
2015.09.04 20:22:37.113,1.47888,1.47916,1.00,1.00
2015.09.04 20:22:39.511,1.47886,1.47916,1.00,1.00
2015.09.04 20:22:42.851,1.47889,1.47918,1.00,1.00
2015.09.04 20:22:43.622,1.4789,1.47918,1.00,1.00
2015.09.04 20:22:46.356,1.47889,1.47918,1.00,1.00
2015.09.04 20:22:52.182,1.47889,1.4792,1.00,1.50
2015.09.04 20:22:52.234,1.47889,1.47918,1.00,1.12
2015.09.04 20:22:52.285,1.47885,1.47918,1.00,1.12
2015.09.04 20:22:52.794,1.47886,1.47918,1.00,1.12
2015.09.04 20:22:54.818,1.47887,1.47918,1.00,1.12
2015.09.04 20:22:55.038,1.47885,1.47918,1.00,1.12
2015.09.04 20:22:55.248,1.47888,1.47918,1.00,1.12
2015.09.04 20:23:13.945,1.47889,1.47919,1.00,1.50
2015.09.04 20:23:14.785,1.4789,1.47919,1.00,1.00
2015.09.04 20:23:15.349,1.47891,1.47922,1.00,2.85
2015.09.04 20:23:17.458,1.47892,1.4792,1.00,1.12
2015.09.04 20:23:22.314,1.47891,1.4792,1.00,1.12
2015.09.04 20:23:22.365,1.47888,1.47919,1.00,1.00
2015.09.04 20:23:31.548,1.47885,1.47919,1.00,1.87
2015.09.04 20:23:31.854,1.47883,1.47909,1.00,1.00
2015.09.04 20:23:31.906,1.4788,1.47909,1.00,1.00
2015.09.04 20:23:32.311,1.47879,1.47907,1.00,1.00
2015.09.04 20:23:33.688,1.47879,1.47904,1.00,1.00
2015.09.04 20:23:33.790,1.47879,1.47907,1.00,1.50
2015.09.04 20:23:34.413,1.47872,1.47901,1.00,1.00
2015.09.04 20:23:34.465,1.4787,1.47901,1.00,1.00
2015.09.04 20:23:35.315,1.47866,1.47901,1.00,2.62
2015.09.04 20:23:35.624,1.47869,1.47898,1.00,1.37
2015.09.04 20:23:36.170,1.47867,1.47898,1.00,1.37
2015.09.04 20:23:36.986,1.47874,1.479,1.00,1.20
2015.09.04 20:23:37.424,1.47893,1.479,1.00,1.12
2015.09.04 20:23:37.475,1.47899,1.47928,1.50,1.00
2015.09.04 20:23:37.577,1.47899,1.47931,1.50,2.62
2015.09.04 20:23:37.982,1.47899,1.47929,1.00,1.12
2015.09.04 20:23:39.434,1.47899,1.47929,1.00,1.00
2015.09.04 20:23:39.788,1.47899,1.47927,1.00,1.00
2015.09.04 20:23:41.165,1.47897,1.47927,1.00,1.00
2015.09.04 20:23:41.267,1.47897,1.47926,1.00,1.37
2015.09.04 20:23:41.775,1.47898,1.47926,1.00,1.37
2015.09.04 20:23:42.121,1.47884,1.47915,2.17,1.00
2015.09.04 20:23:42.173,1.47881,1.47913,1.67,1.12
2015.09.04 20:23:42.224,1.47881,1.47913,1.00,1.12
2015.09.04 20:23:45.123,1.47881,1.47909,1.00,1.00
2015.09.04 20:23:45.175,1.47881,1.47909,1.00,1.87
2015.09.04 20:23:45.623,1.47878,1.47907,1.00,1.37
2015.09.04 20:23:45.674,1.47878,1.47903,1.00,1.00
2015.09.04 20:23:46.874,1.47877,1.47903,1.00,1.00
2015.09.04 20:23:47.808,1.47878,1.47903,1.00,1.00
2015.09.04 20:24:01.896,1.47877,1.47903,1.00,1.00
2015.09.04 20:24:03.574,1.47883,1.47903,1.00,1.00
2015.09.04 20:24:05.260,1.47883,1.47904,1.00,1.00
2015.09.04 20:24:11.936,1.47881,1.47904,1.00,1.00
2015.09.04 20:24:27.572,1.47881,1.47903,1.00,1.00
2015.09.04 20:24:36.455,1.47879,1.47903,1.00,1.00
2015.09.04 20:24:37.060,1.47879,1.47902,1.00,1.00
2015.09.04 20:24:37.111,1.47877,1.47902,1.00,1.00
2015.09.04 20:24:43.835,1.47876,1.47902,1.00,1.00
2015.09.04 20:24:43.937,1.47874,1.47902,1.00,1.00
2015.09.04 20:24:46.632,1.47874,1.47901,1.00,1.00
2015.09.04 20:24:46.886,1.4787,1.47901,1.00,1.00
2015.09.04 20:24:56.388,1.47874,1.47901,1.00,1.00
2015.09.04 20:24:59.875,1.47877,1.47901,1.00,1.00
2015.09.04 20:25:08.689,1.47874,1.47901,1.00,1.00
2015.09.04 20:25:09.024,1.47878,1.47901,1.00,1.00
2015.09.04 20:25:09.708,1.47874,1.47901,1.00,1.12
2015.09.04 20:25:13.948,1.47871,1.47901,1.00,1.12
2015.09.04 20:25:14.201,1.47875,1.47901,1.00,1.12
2015.09.04 20:25:14.730,1.47876,1.47901,1.00,1.12
2015.09.04 20:25:16.261,1.47873,1.47901,1.00,1.12
2015.09.04 20:25:18.966,1.47868,1.47897,1.00,1.12
2015.09.04 20:25:22.114,1.47867,1.47897,1.00,1.12
2015.09.04 20:25:23.040,1.47867,1.47896,1.00,1.00
2015.09.04 20:25:27.570,1.47867,1.47897,1.00,1.12
2015.09.04 20:25:28.178,1.47865,1.47898,1.00,1.50
2015.09.04 20:25:28.280,1.47869,1.47898,1.00,1.50
2015.09.04 20:25:29.293,1.47869,1.47896,1.00,1.00
2015.09.04 20:25:31.216,1.47873,1.47896,1.00,1.00
2015.09.04 20:25:43.783,1.47873,1.479,1.00,1.12
2015.09.04 20:25:48.414,1.47876,1.479,1.00,1.12
2015.09.04 20:25:50.348,1.47876,1.479,1.00,1.00
2015.09.04 20:25:52.587,1.47873,1.479,1.00,1.00
2015.09.04 20:25:55.087,1.47874,1.479,1.00,1.00
2015.09.04 20:25:57.121,1.47874,1.47901,1.00,1.00
2015.09.04 20:26:07.405,1.47872,1.47901,1.00,1.00
2015.09.04 20:26:08.342,1.47873,1.47901,1.00,1.00
2015.09.04 20:26:10.824,1.47871,1.47901,1.00,1.00
2015.09.04 20:26:11.424,1.47872,1.47901,1.00,1.00
2015.09.04 20:26:11.897,1.47872,1.47899,1.00,1.00
2015.09.04 20:26:12.534,1.47872,1.47902,1.00,1.20
2015.09.04 20:26:12.687,1.47874,1.47902,1.00,1.20
2015.09.04 20:26:13.794,1.47875,1.47905,1.00,1.10
2015.09.04 20:26:14.345,1.47876,1.47905,1.00,1.10
2015.09.04 20:26:18.487,1.47898,1.47909,1.00,1.00
2015.09.04 20:26:18.538,1.47906,1.47931,1.00,1.12
2015.09.04 20:26:18.835,1.47901,1.47929,1.00,1.00
2015.09.04 20:26:19.088,1.47899,1.47929,1.00,1.00
2015.09.04 20:26:20.600,1.47899,1.47927,1.00,1.00
2015.09.04 20:26:20.651,1.47897,1.47927,1.00,1.00
2015.09.04 20:26:20.752,1.47895,1.47927,1.00,1.50
2015.09.04 20:26:29.368,1.47894,1.47927,1.00,1.57
2015.09.04 20:26:29.419,1.47894,1.47924,1.00,1.00
2015.09.04 20:26:30.020,1.47894,1.47923,1.00,1.00
2015.09.04 20:26:32.075,1.47892,1.47923,1.00,1.00
2015.09.04 20:26:32.228,1.47891,1.4792,1.00,1.00
2015.09.04 20:26:32.533,1.47882,1.47909,1.00,1.00
2015.09.04 20:26:33.044,1.47883,1.47909,1.00,1.12
2015.09.04 20:26:33.097,1.47881,1.47909,1.00,1.00
2015.09.04 20:26:33.150,1.47881,1.47911,1.00,1.10
2015.09.04 20:26:33.353,1.47881,1.47914,1.00,1.10
2015.09.04 20:26:33.404,1.47878,1.47914,1.50,1.10
2015.09.04 20:26:33.519,1.47884,1.47914,1.00,1.10
2015.09.04 20:26:33.824,1.47882,1.47912,1.00,1.00
2015.09.04 20:26:34.080,1.4788,1.47912,1.00,1.00
2015.09.04 20:26:34.324,1.47885,1.47914,1.00,1.10
2015.09.04 20:26:35.034,1.47885,1.47911,1.00,1.00
2015.09.04 20:26:35.834,1.47883,1.47911,1.00,1.00
2015.09.04 20:26:36.138,1.4788,1.47911,1.00,1.10
2015.09.04 20:26:36.190,1.4788,1.47909,1.00,1.00
2015.09.04 20:26:36.764,1.4788,1.47908,1.00,1.00
2015.09.04 20:26:41.005,1.47882,1.47908,1.00,1.00
2015.09.04 20:26:41.107,1.4788,1.47908,1.00,1.00
2015.09.04 20:26:41.814,1.47881,1.47908,1.00,1.00
2015.09.04 20:26:42.414,1.47881,1.47909,1.50,1.00
2015.09.04 20:26:46.667,1.47881,1.4791,1.50,1.00
2015.09.04 20:26:46.718,1.47884,1.4791,1.00,1.00
2015.09.04 20:26:46.866,1.47884,1.47912,1.00,1.50
2015.09.04 20:26:47.351,1.47882,1.47912,1.00,1.50
2015.09.04 20:26:47.503,1.47887,1.47912,1.00,1.00
2015.09.04 20:26:50.892,1.47885,1.47912,1.00,1.00
2015.09.04 20:26:51.121,1.47883,1.47912,1.50,1.00
2015.09.04 20:26:56.823,1.47886,1.47915,1.00,1.50
2015.09.04 20:26:56.874,1.47883,1.47915,1.00,1.50
2015.09.04 20:26:57.813,1.47883,1.47913,1.00,1.00
2015.09.04 20:27:00.817,1.47883,1.47911,1.00,1.00
2015.09.04 20:27:06.575,1.47884,1.47911,1.00,1.00
2015.09.04 20:27:07.066,1.47882,1.47911,1.50,1.00
2015.09.04 20:27:10.836,1.47882,1.47912,1.50,1.00
2015.09.04 20:27:20.822,1.47882,1.47911,1.50,1.00
2015.09.04 20:27:24.123,1.47883,1.47911,1.00,1.00
2015.09.04 20:27:28.392,1.47886,1.47913,1.00,1.00
2015.09.04 20:27:29.394,1.47888,1.47913,1.00,1.00
2015.09.04 20:27:31.345,1.47887,1.47913,1.00,1.00
2015.09.04 20:27:38.421,1.47887,1.47914,1.00,1.00
2015.09.04 20:27:48.425,1.47887,1.47913,1.00,1.00
2015.09.04 20:27:54.667,1.47858,1.47885,1.00,1.00
2015.09.04 20:27:54.820,1.4786,1.47885,1.00,1.00
2015.09.04 20:27:54.922,1.47854,1.47885,1.00,1.12
2015.09.04 20:27:54.973,1.47854,1.47883,1.00,1.00
2015.09.04 20:27:55.329,1.47856,1.47883,1.00,1.00
2015.09.04 20:27:57.545,1.47853,1.47881,1.00,1.00
2015.09.04 20:28:00.732,1.47851,1.47879,1.00,1.00
2015.09.04 20:28:04.764,1.47851,1.47882,1.00,1.00
2015.09.04 20:28:08.530,1.4785,1.47882,1.00,2.25
2015.09.04 20:28:08.581,1.4785,1.47879,1.00,1.00
2015.09.04 20:28:09.275,1.4785,1.47881,1.00,1.12
2015.09.04 20:28:09.996,1.47852,1.47881,1.00,1.12
2015.09.04 20:28:11.688,1.47851,1.47881,1.00,1.12
2015.09.04 20:28:13.384,1.47852,1.47882,1.00,1.50
2015.09.04 20:28:15.808,1.4785,1.47881,1.00,1.12
2015.09.04 20:28:16.308,1.47853,1.47882,1.00,1.50
2015.09.04 20:28:17.297,1.47862,1.47884,1.00,1.95
2015.09.04 20:28:17.349,1.47863,1.47887,1.00,1.12
2015.09.04 20:28:17.452,1.4787,1.47893,1.00,2.25
2015.09.04 20:28:17.605,1.47882,1.47902,1.00,1.50
2015.09.04 20:28:17.656,1.47893,1.47902,1.00,1.50
2015.09.04 20:28:17.708,1.47888,1.47902,1.00,1.12
2015.09.04 20:28:17.759,1.47892,1.47912,1.00,1.12
2015.09.04 20:28:18.194,1.47883,1.47919,1.00,1.12
2015.09.04 20:28:18.246,1.4788,1.47912,1.50,1.00
2015.09.04 20:28:18.704,1.4788,1.4791,1.00,1.57
2015.09.04 20:28:19.009,1.4788,1.4791,1.00,2.70
2015.09.04 20:28:19.636,1.47877,1.4791,1.00,2.70
2015.09.04 20:28:34.340,1.47877,1.47907,1.00,1.50
2015.09.04 20:28:48.453,1.47878,1.47906,1.00,1.75
2015.09.04 20:28:51.127,1.47879,1.47906,1.00,1.75
2015.09.04 20:28:51.628,1.47878,1.47907,1.00,1.87
2015.09.04 20:28:51.679,1.47876,1.47907,1.00,1.87
2015.09.04 20:28:56.638,1.47878,1.47907,1.00,2.62
2015.09.04 20:28:59.273,1.47877,1.47907,1.00,2.62
2015.09.04 20:29:02.252,1.47875,1.47906,1.00,1.75
2015.09.04 20:29:07.515,1.47875,1.47903,1.00,1.00
2015.09.04 20:29:07.617,1.47874,1.47895,1.00,1.00
2015.09.04 20:29:07.720,1.47863,1.47895,1.50,1.00
2015.09.04 20:29:07.821,1.47862,1.47891,1.00,1.00
2015.09.04 20:29:08.728,1.47862,1.47891,1.00,1.75
2015.09.04 20:29:11.155,1.47863,1.47891,1.00,1.75
2015.09.04 20:29:11.662,1.47862,1.47891,1.00,1.75
2015.09.04 20:29:13.802,1.47863,1.47891,1.00,1.75
2015.09.04 20:29:14.413,1.47862,1.47891,1.00,1.75
2015.09.04 20:29:15.407,1.47861,1.47891,1.00,1.75
2015.09.04 20:29:18.606,1.47861,1.47891,1.00,1.37
2015.09.04 20:29:19.293,1.47861,1.47891,1.00,1.00
2015.09.04 20:29:19.806,1.4786,1.47891,1.00,1.00
2015.09.04 20:29:19.857,1.4786,1.47893,1.00,1.00
2015.09.04 20:29:20.060,1.4786,1.47891,1.00,1.00
2015.09.04 20:29:20.808,1.47861,1.47891,1.00,1.00
2015.09.04 20:29:22.620,1.47863,1.47891,1.00,1.00
2015.09.04 20:29:22.893,1.47859,1.47891,1.00,1.00
2015.09.04 20:29:22.995,1.47859,1.47888,1.00,1.00
2015.09.04 20:29:27.852,1.47858,1.47888,1.00,1.00
2015.09.04 20:29:28.403,1.47857,1.47888,2.25,1.00
2015.09.04 20:29:30.671,1.47857,1.47887,2.25,1.00
2015.09.04 20:29:33.701,1.47858,1.47887,1.00,1.00
2015.09.04 20:29:34.204,1.4787,1.47893,1.00,1.87
2015.09.04 20:29:34.408,1.47875,1.47901,1.00,1.75
2015.09.04 20:29:34.509,1.47875,1.47906,1.00,2.25
2015.09.04 20:29:36.353,1.47873,1.47903,1.00,1.50
2015.09.04 20:29:42.242,1.47871,1.47904,1.00,2.25
2015.09.04 20:29:42.349,1.47871,1.47899,1.00,1.00
2015.09.04 20:29:46.273,1.47871,1.479,1.50,1.00
2015.09.04 20:29:46.578,1.47873,1.479,1.00,1.00
2015.09.04 20:29:46.884,1.47871,1.479,1.50,1.00
2015.09.04 20:29:47.390,1.47872,1.479,1.00,1.00
2015.09.04 20:29:49.862,1.47871,1.479,1.50,1.00
2015.09.04 20:29:51.377,1.47871,1.47897,1.00,1.00
2015.09.04 20:29:51.593,1.47871,1.479,1.00,1.00
2015.09.04 20:29:53.535,1.47871,1.47897,1.00,1.00
2015.09.04 20:29:53.586,1.47871,1.479,1.00,1.00
2015.09.04 20:29:56.498,1.47871,1.47899,1.00,1.00
2015.09.04 20:29:57.178,1.47868,1.47899,2.25,1.00
2015.09.04 20:30:01.163,1.47869,1.47899,1.00,1.00
2015.09.04 20:30:05.603,1.47869,1.479,1.00,1.00
2015.09.04 20:30:06.885,1.4787,1.479,1.00,1.00
2015.09.04 20:30:09.742,1.47869,1.479,1.00,1.00
2015.09.04 20:30:10.395,1.47869,1.47899,1.00,1.00
2015.09.04 20:30:13.834,1.4787,1.47899,1.00,1.00
2015.09.04 20:30:14.807,1.47869,1.47899,1.00,1.00
2015.09.04 20:30:21.102,1.4787,1.47901,1.00,1.00
2015.09.04 20:30:28.220,1.4787,1.47902,1.00,1.00
2015.09.04 20:30:28.271,1.47872,1.47902,1.00,1.00
2015.09.04 20:30:28.954,1.47872,1.47905,1.00,1.12
2015.09.04 20:30:29.006,1.47882,1.47905,1.00,1.12
2015.09.04 20:30:29.279,1.47882,1.47907,1.00,1.10
2015.09.04 20:30:29.854,1.47881,1.47907,1.00,1.10
2015.09.04 20:30:30.992,1.47879,1.47907,1.00,1.10
2015.09.04 20:30:31.153,1.47879,1.47907,1.00,1.37
2015.09.04 20:30:31.559,1.47876,1.47905,1.00,1.57
2015.09.04 20:30:36.820,1.47877,1.47905,1.00,1.57
2015.09.04 20:30:37.386,1.47875,1.47905,1.00,1.57
2015.09.04 20:30:39.832,1.47875,1.47905,1.00,1.87
2015.09.04 20:30:40.105,1.47877,1.47905,1.00,1.87
2015.09.04 20:30:42.193,1.47876,1.47905,1.00,1.12
2015.09.04 20:30:54.428,1.47876,1.47903,1.00,1.00
2015.09.04 20:30:54.733,1.47876,1.479,1.00,1.00
2015.09.04 20:30:55.425,1.47875,1.479,1.00,1.00
2015.09.04 20:30:59.065,1.47874,1.479,1.00,1.00
2015.09.04 20:31:01.364,1.47871,1.479,1.00,1.00
2015.09.04 20:31:02.874,1.4787,1.479,1.00,1.00
2015.09.04 20:31:05.327,1.47868,1.47898,1.00,1.00
2015.09.04 20:31:10.990,1.47868,1.479,1.00,1.00
2015.09.04 20:31:11.042,1.47884,1.47911,1.00,1.75
2015.09.04 20:31:11.092,1.47886,1.47911,1.00,1.87
2015.09.04 20:31:11.195,1.47891,1.47911,1.00,1.00
2015.09.04 20:31:11.773,1.47899,1.47908,1.00,1.00
2015.09.04 20:31:13.631,1.47898,1.47908,1.00,1.00
2015.09.04 20:31:21.381,1.47899,1.47908,1.00,1.00
2015.09.04 20:31:22.177,1.47898,1.47908,1.00,1.00
2015.09.04 20:31:22.484,1.47901,1.47909,1.00,1.00
2015.09.04 20:31:23.033,1.479,1.47909,1.00,1.00
2015.09.04 20:31:24.504,1.47899,1.47909,1.00,1.00
2015.09.04 20:31:27.645,1.47898,1.47909,1.00,1.00
2015.09.04 20:31:28.424,1.47896,1.47909,1.00,1.00
2015.09.04 20:31:28.944,1.47893,1.47909,1.00,1.00
2015.09.04 20:31:32.251,1.47888,1.47909,1.00,1.00
2015.09.04 20:31:34.372,1.47891,1.47909,1.00,1.00
2015.09.04 20:31:34.881,1.47891,1.47908,1.00,1.00
2015.09.04 20:31:43.295,1.47889,1.47908,1.00,1.00
2015.09.04 20:31:43.397,1.47891,1.47909,1.00,1.00
2015.09.04 20:31:43.943,1.4789,1.47909,1.00,1.00
2015.09.04 20:31:46.899,1.47889,1.47909,1.00,1.00
2015.09.04 20:31:51.824,1.4789,1.47909,1.00,1.00
2015.09.04 20:31:52.532,1.47892,1.47909,1.00,1.00
2015.09.04 20:31:53.214,1.47891,1.47909,1.00,1.00
2015.09.04 20:31:53.861,1.47892,1.47909,1.00,1.00
2015.09.04 20:31:55.342,1.47891,1.47909,1.00,1.00
2015.09.04 20:32:03.148,1.4789,1.47909,1.00,1.00
2015.09.04 20:32:08.105,1.4789,1.4791,1.00,1.00
2015.09.04 20:32:11.310,1.47891,1.4791,1.00,1.00
2015.09.04 20:32:12.525,1.47892,1.4791,1.00,1.00
2015.09.04 20:32:17.920,1.47893,1.4791,1.00,1.00
2015.09.04 20:32:20.935,1.47895,1.4791,1.00,1.00
2015.09.04 20:32:33.071,1.47893,1.4791,1.00,1.00
2015.09.04 20:32:36.408,1.47894,1.4791,1.00,1.00
2015.09.04 20:32:39.319,1.47895,1.4791,1.00,1.00
2015.09.04 20:32:39.370,1.47897,1.4791,1.00,1.00
2015.09.04 20:32:39.674,1.47898,1.47907,1.60,1.00
2015.09.04 20:32:39.776,1.47915,1.47922,1.00,1.00
2015.09.04 20:32:39.827,1.47915,1.4793,1.00,1.00
2015.09.04 20:32:39.879,1.47915,1.47947,1.00,1.00
2015.09.04 20:32:39.930,1.47915,1.47951,1.00,1.37
2015.09.04 20:32:40.032,1.47922,1.47951,1.00,1.37
2015.09.04 20:32:40.582,1.4792,1.47951,1.00,1.37
2015.09.04 20:32:41.111,1.4792,1.47948,1.00,1.00
2015.09.04 20:32:43.301,1.47919,1.47948,1.00,1.00
2015.09.04 20:32:45.217,1.47922,1.47949,1.00,1.10
2015.09.04 20:32:46.440,1.47922,1.47949,1.00,1.37
2015.09.04 20:32:50.545,1.4792,1.4795,1.00,1.50
2015.09.04 20:32:51.293,1.4792,1.4795,1.00,1.10
2015.09.04 20:32:51.344,1.47924,1.4795,1.00,1.10
2015.09.04 20:32:51.441,1.47921,1.4795,1.00,1.10
2015.09.04 20:32:51.962,1.47921,1.47949,1.00,1.00
2015.09.04 20:32:52.706,1.47924,1.47951,1.00,1.12
2015.09.04 20:32:53.064,1.47925,1.47952,1.00,1.50
2015.09.04 20:32:53.217,1.47919,1.47947,1.00,1.00
2015.09.04 20:32:53.320,1.47917,1.47947,1.00,1.00
2015.09.04 20:32:53.422,1.47923,1.47951,1.00,1.75
2015.09.04 20:32:54.440,1.47919,1.47951,1.00,2.25
2015.09.04 20:32:54.649,1.47922,1.47951,1.00,2.25
2015.09.04 20:32:55.340,1.47918,1.47944,1.00,1.00
2015.09.04 20:32:55.442,1.47915,1.47944,1.00,1.00
2015.09.04 20:32:55.494,1.47915,1.47944,1.00,1.37
2015.09.04 20:32:56.043,1.47913,1.47944,1.00,1.37
2015.09.04 20:32:57.178,1.47914,1.47944,1.00,1.37
2015.09.04 20:32:57.619,1.47916,1.47944,1.00,1.37
2015.09.04 20:33:04.312,1.4792,1.47947,1.00,1.75
2015.09.04 20:33:04.566,1.47926,1.47956,1.00,2.25
2015.09.04 20:33:04.617,1.47926,1.47956,1.00,1.87
2015.09.04 20:33:04.719,1.47923,1.47956,1.00,1.87
2015.09.04 20:33:04.770,1.47923,1.47953,1.00,1.00
2015.09.04 20:33:04.973,1.47921,1.47953,1.00,1.10
2015.09.04 20:33:05.074,1.47921,1.47953,1.00,1.37
2015.09.04 20:33:11.243,1.4792,1.47953,1.50,1.37
2015.09.04 20:33:12.402,1.47921,1.47953,1.00,1.37
2015.09.04 20:33:14.795,1.47927,1.47953,1.00,1.37
2015.09.04 20:33:14.847,1.47923,1.47953,1.00,1.00
2015.09.04 20:33:14.948,1.47923,1.47961,1.00,1.50
2015.09.04 20:33:14.999,1.47935,1.47961,1.00,1.50
2015.09.04 20:33:15.050,1.47935,1.47961,1.00,1.00
2015.09.04 20:33:15.101,1.4793,1.47963,1.10,1.00
2015.09.04 20:33:15.669,1.47923,1.47961,1.10,1.10
2015.09.04 20:33:16.075,1.47923,1.47963,1.00,2.25
2015.09.04 20:33:16.178,1.47921,1.4796,1.00,1.12
2015.09.04 20:33:16.710,1.47919,1.47958,1.12,1.50
2015.09.04 20:33:16.862,1.47917,1.47956,1.37,1.00
2015.09.04 20:33:17.321,1.47915,1.47953,1.75,1.00
2015.09.04 20:33:17.372,1.47915,1.47953,1.00,1.37
2015.09.04 20:33:22.254,1.47914,1.47951,1.00,1.10
2015.09.04 20:33:22.693,1.47912,1.47951,1.00,1.37
2015.09.04 20:33:23.221,1.47911,1.47948,1.50,1.10
2015.09.04 20:33:23.526,1.47911,1.47948,1.00,1.37
2015.09.04 20:33:25.012,1.47912,1.47948,1.00,1.37
2015.09.04 20:33:28.106,1.47914,1.47948,1.00,1.37
2015.09.04 20:33:33.556,1.47911,1.47949,1.00,1.37
2015.09.04 20:33:37.929,1.4792,1.4795,1.00,1.50
2015.09.04 20:33:38.243,1.47938,1.47952,1.00,1.75
2015.09.04 20:33:38.758,1.47942,1.4797,1.00,1.37
2015.09.04 20:33:39.164,1.47942,1.47972,1.00,1.87
2015.09.04 20:33:39.873,1.47941,1.47972,1.00,1.87
2015.09.04 20:33:40.473,1.47941,1.47967,1.00,1.00
2015.09.04 20:33:40.524,1.4793,1.47967,1.12,1.00
2015.09.04 20:33:40.676,1.4793,1.47967,1.50,1.00
2015.09.04 20:33:40.930,1.4793,1.47967,1.12,1.00
2015.09.04 20:33:41.705,1.47925,1.47967,2.25,1.10
2015.09.04 20:33:42.568,1.47925,1.47965,2.25,1.00
2015.09.04 20:33:42.925,1.47926,1.47967,1.37,1.57
2015.09.04 20:33:43.666,1.47927,1.47966,1.37,1.00
2015.09.04 20:33:44.168,1.47925,1.47967,1.50,1.10
2015.09.04 20:33:50.249,1.4793,1.4797,1.00,1.37
2015.09.04 20:33:50.789,1.47934,1.47975,1.10,1.37
2015.09.04 20:33:50.944,1.47934,1.47975,1.87,1.00
2015.09.04 20:33:52.917,1.47945,1.47985,1.00,1.75
2015.09.04 20:33:53.222,1.47963,1.47989,1.00,1.00
2015.09.04 20:33:53.760,1.47963,1.4799,1.00,1.00
2015.09.04 20:33:53.811,1.47956,1.4799,1.00,1.00
2015.09.04 20:33:54.015,1.47952,1.4799,1.87,1.00
2015.09.04 20:33:54.066,1.47952,1.47987,1.87,1.00
2015.09.04 20:33:55.353,1.47949,1.47987,1.87,1.00
2015.09.04 20:33:56.679,1.47949,1.47991,1.87,1.87
2015.09.04 20:33:56.882,1.47949,1.47987,1.37,1.00
2015.09.04 20:33:56.984,1.47945,1.47987,1.12,1.10
2015.09.04 20:34:01.751,1.47945,1.47986,1.87,1.00
2015.09.04 20:34:03.196,1.47947,1.47986,1.00,1.00
2015.09.04 20:34:03.724,1.47948,1.47986,1.00,1.00
2015.09.04 20:34:04.486,1.47945,1.47984,1.87,1.00
2015.09.04 20:34:05.709,1.47947,1.47984,1.00,1.00
2015.09.04 20:34:06.257,1.47947,1.47984,1.00,1.12
2015.09.04 20:34:10.490,1.47947,1.47984,1.57,1.00
2015.09.04 20:34:10.857,1.47949,1.47984,1.00,1.00
2015.09.04 20:34:12.513,1.47948,1.47984,1.00,1.00
2015.09.04 20:34:12.818,1.47946,1.47984,1.00,1.12
2015.09.04 20:34:13.506,1.47946,1.47982,1.00,1.00
2015.09.04 20:34:18.416,1.47946,1.47985,1.00,1.37
2015.09.04 20:34:19.150,1.47947,1.47985,1.00,1.37
2015.09.04 20:34:23.975,1.47949,1.47987,1.00,1.50
2015.09.04 20:34:24.280,1.47963,1.48006,1.00,1.75
2015.09.04 20:34:24.331,1.47968,1.48005,1.00,1.75
2015.09.04 20:34:24.382,1.47968,1.48005,1.00,1.37
2015.09.04 20:34:24.484,1.47968,1.48005,1.00,1.10
2015.09.04 20:34:25.734,1.4797,1.48006,1.00,1.12
2015.09.04 20:34:26.044,1.4797,1.48,1.00,1.00
2015.09.04 20:34:26.584,1.47969,1.48,1.50,1.00
2015.09.04 20:34:26.787,1.47964,1.47996,1.00,1.00
2015.09.04 20:34:26.838,1.47956,1.47993,1.75,1.00
2015.09.04 20:34:26.991,1.47956,1.47993,1.37,1.00
2015.09.04 20:34:27.042,1.47956,1.4799,1.37,1.00
2015.09.04 20:34:27.247,1.47956,1.4799,1.10,1.00
2015.09.04 20:34:27.399,1.47953,1.4799,1.12,1.00
2015.09.04 20:34:27.603,1.4795,1.4799,1.37,1.10
2015.09.04 20:34:28.777,1.47948,1.47989,1.50,1.00
2015.09.04 20:34:28.879,1.47947,1.47989,1.37,1.87
2015.09.04 20:34:33.378,1.47946,1.47989,1.12,3.00
2015.09.04 20:34:36.117,1.47946,1.47989,1.00,2.25
2015.09.04 20:34:36.659,1.47945,1.47988,1.57,1.75
2015.09.04 20:34:40.091,1.47945,1.47988,1.57,1.37
2015.09.04 20:34:41.988,1.47947,1.47988,1.00,1.37
2015.09.04 20:34:47.300,1.47945,1.47988,1.57,1.87
2015.09.04 20:34:47.808,1.47947,1.47988,1.00,1.87
2015.09.04 20:34:48.483,1.47947,1.47988,1.00,1.57
2015.09.04 20:34:48.584,1.47947,1.47988,1.00,1.87
2015.09.04 20:34:49.106,1.47944,1.47988,1.50,1.87
2015.09.04 20:34:51.612,1.47946,1.47988,1.00,1.87
2015.09.04 20:34:54.717,1.47956,1.47988,1.00,1.87
2015.09.04 20:34:55.028,1.47969,1.47998,1.00,1.00
2015.09.04 20:34:55.079,1.4796,1.47998,1.00,1.00
2015.09.04 20:34:55.130,1.47951,1.4799,1.37,1.00
2015.09.04 20:34:55.283,1.47951,1.4799,1.00,1.00
2015.09.04 20:34:55.487,1.47949,1.47991,1.00,1.00
2015.09.04 20:34:55.843,1.47947,1.47991,1.00,1.00
2015.09.04 20:34:55.945,1.47945,1.47987,1.12,1.00
2015.09.04 20:34:57.108,1.47948,1.47987,1.00,1.00
2015.09.04 20:35:00.425,1.47946,1.47987,1.10,1.00
2015.09.04 20:35:00.476,1.47946,1.47983,1.10,1.00
2015.09.04 20:35:00.781,1.47932,1.47969,1.00,1.00
2015.09.04 20:35:01.137,1.47927,1.47969,1.57,1.00
2015.09.04 20:35:02.310,1.47925,1.47964,1.37,1.00
2015.09.04 20:35:02.616,1.47916,1.47957,1.75,1.00
2015.09.04 20:35:02.667,1.47916,1.47957,1.37,1.00
2015.09.04 20:35:02.768,1.47916,1.47957,1.00,1.00
2015.09.04 20:35:03.527,1.47927,1.4796,1.00,1.00
2015.09.04 20:35:03.578,1.47931,1.47969,1.00,1.00
2015.09.04 20:35:03.630,1.4794,1.47975,1.00,1.37
2015.09.04 20:35:03.934,1.47945,1.47975,1.00,1.00
2015.09.04 20:35:04.036,1.47945,1.47985,1.00,1.00
2015.09.04 20:35:04.087,1.47947,1.47986,1.00,1.00
2015.09.04 20:35:05.349,1.47946,1.47987,1.00,1.00
2015.09.04 20:35:05.662,1.47946,1.47983,1.00,1.00
2015.09.04 20:35:06.170,1.47947,1.47983,1.00,1.00
2015.09.04 20:35:08.493,1.47945,1.47983,1.00,1.00
2015.09.04 20:35:10.069,1.47949,1.47983,1.00,1.00
2015.09.04 20:35:10.121,1.47949,1.47986,1.00,1.00
2015.09.04 20:35:10.172,1.47963,1.47986,1.00,1.00
2015.09.04 20:35:10.223,1.47963,1.47996,1.00,1.75
2015.09.04 20:35:10.502,1.47963,1.47996,1.00,1.50
2015.09.04 20:35:10.604,1.47955,1.47996,1.00,1.50
2015.09.04 20:35:10.655,1.47949,1.47992,1.00,1.10
2015.09.04 20:35:10.960,1.47945,1.47989,1.37,1.00
2015.09.04 20:35:11.576,1.47939,1.47978,1.00,1.12
2015.09.04 20:35:11.630,1.47936,1.47979,1.00,1.37
2015.09.04 20:35:12.340,1.47935,1.47979,1.50,1.87
2015.09.04 20:35:14.870,1.47935,1.47973,1.00,1.00
2015.09.04 20:35:15.023,1.47929,1.47973,1.87,1.10
2015.09.04 20:35:19.293,1.47928,1.4797,1.37,1.00
2015.09.04 20:35:19.446,1.47926,1.47972,2.25,1.00
2015.09.04 20:35:19.497,1.47926,1.47972,1.87,1.37
2015.09.04 20:35:19.751,1.47924,1.47968,1.37,1.00
2015.09.04 20:35:19.802,1.47924,1.47968,1.00,1.00
2015.09.04 20:35:19.904,1.47924,1.47968,1.00,1.37
2015.09.04 20:35:20.209,1.47913,1.47962,1.87,1.00
2015.09.04 20:35:20.260,1.47913,1.47951,1.37,1.00
2015.09.04 20:35:20.840,1.47907,1.47951,1.12,1.00
2015.09.04 20:35:21.347,1.47907,1.47951,1.00,1.57
2015.09.04 20:35:21.398,1.47907,1.47948,1.00,1.00
2015.09.04 20:35:21.704,1.47907,1.47944,1.00,1.00
2015.09.04 20:35:22.212,1.47908,1.47948,1.00,1.37
2015.09.04 20:35:23.064,1.47906,1.47948,1.00,1.37
2015.09.04 20:35:23.357,1.47906,1.47948,1.00,1.00
2015.09.04 20:35:24.023,1.47906,1.47948,1.00,1.37
2015.09.04 20:35:24.225,1.47906,1.47948,1.00,1.00
2015.09.04 20:35:26.405,1.47908,1.47948,1.75,1.00
2015.09.04 20:35:27.755,1.47908,1.47949,1.75,1.00
2015.09.04 20:35:34.229,1.47908,1.47949,1.37,1.00
2015.09.04 20:35:34.899,1.47905,1.4795,2.25,1.00
2015.09.04 20:35:36.273,1.47905,1.47949,1.75,1.00
2015.09.04 20:35:37.212,1.47905,1.4795,1.75,1.00
2015.09.04 20:35:37.523,1.47905,1.4795,1.12,1.00
2015.09.04 20:35:39.455,1.47905,1.47949,1.12,1.00
2015.09.04 20:35:39.977,1.47905,1.47948,1.12,1.00
2015.09.04 20:35:46.121,1.47899,1.47946,1.75,1.00
2015.09.04 20:35:46.172,1.47902,1.4795,1.50,1.50
2015.09.04 20:35:46.223,1.47902,1.4795,1.00,2.25
2015.09.04 20:35:46.730,1.47903,1.4795,1.00,2.25
2015.09.04 20:35:49.321,1.47906,1.4795,1.00,1.75
2015.09.04 20:35:50.047,1.47918,1.47966,1.10,1.75
2015.09.04 20:35:50.259,1.47918,1.47966,1.37,1.12
2015.09.04 20:35:50.769,1.47921,1.47966,1.00,1.12
2015.09.04 20:35:51.911,1.47917,1.47962,1.37,1.00
2015.09.04 20:35:52.064,1.47914,1.47962,1.37,1.00
2015.09.04 20:35:52.166,1.47914,1.47962,1.37,1.37
2015.09.04 20:36:00.866,1.47913,1.4796,1.75,1.00
2015.09.04 20:36:03.002,1.47925,1.47962,1.00,1.00
2015.09.04 20:36:08.880,1.47925,1.47964,1.00,1.12
2015.09.04 20:36:08.931,1.47922,1.47964,1.00,1.12
2015.09.04 20:36:09.033,1.47915,1.47964,1.50,1.12
2015.09.04 20:36:17.023,1.47925,1.47964,1.00,2.25
2015.09.04 20:36:20.260,1.47928,1.47964,1.00,1.50
2015.09.04 20:36:21.551,1.47925,1.47965,1.00,1.75
2015.09.04 20:36:21.654,1.47928,1.47964,1.00,1.50
2015.09.04 20:36:22.149,1.47928,1.47961,1.00,1.37
2015.09.04 20:36:24.603,1.47931,1.47961,1.00,1.37
2015.09.04 20:36:25.124,1.47955,1.47965,1.00,1.00
2015.09.04 20:36:25.181,1.47955,1.47996,1.00,1.37
2015.09.04 20:36:28.025,1.47955,1.47996,1.00,1.75
2015.09.04 20:36:29.234,1.47955,1.4799,1.00,1.00
2015.09.04 20:36:30.209,1.47953,1.4799,1.00,1.00
2015.09.04 20:36:30.312,1.47949,1.4799,1.00,1.00
2015.09.04 20:36:30.363,1.47949,1.47995,1.00,1.37
2015.09.04 20:36:30.414,1.47949,1.47995,1.00,1.50
2015.09.04 20:36:31.091,1.47949,1.47996,1.37,1.37
2015.09.04 20:36:31.310,1.47949,1.47996,1.10,1.50
2015.09.04 20:36:32.252,1.47954,1.47996,1.00,1.50
2015.09.04 20:36:32.558,1.47948,1.47996,1.12,1.50
2015.09.04 20:36:34.641,1.47943,1.4799,1.75,1.00
2015.09.04 20:36:34.742,1.47943,1.4799,1.10,1.00
2015.09.04 20:36:35.248,1.4794,1.4799,1.87,1.87
2015.09.04 20:36:36.913,1.4794,1.4799,1.00,1.87
2015.09.04 20:36:37.066,1.47945,1.4799,1.00,1.87
2015.09.04 20:36:37.370,1.47949,1.47984,1.00,1.00
2015.09.04 20:36:37.879,1.47949,1.47986,1.00,1.00
2015.09.04 20:36:38.959,1.47949,1.47988,1.00,1.10
2015.09.04 20:36:39.869,1.4795,1.47988,1.00,1.10
2015.09.04 20:36:43.800,1.47953,1.47988,1.00,1.00
2015.09.04 20:36:43.953,1.47953,1.47997,1.00,1.75
2015.09.04 20:36:44.055,1.47953,1.47997,1.00,1.50
2015.09.04 20:36:48.392,1.4795,1.47997,1.10,1.50
2015.09.04 20:36:48.910,1.47947,1.47997,1.12,1.75
2015.09.04 20:36:50.233,1.4795,1.47997,1.00,1.75
2015.09.04 20:36:51.417,1.4795,1.47997,1.00,2.25
2015.09.04 20:36:55.663,1.47945,1.47993,1.12,1.75
2015.09.04 20:36:56.652,1.47941,1.47987,1.00,1.75
2015.09.04 20:36:57.225,1.47938,1.47987,1.37,1.75
2015.09.04 20:36:57.928,1.47939,1.47984,1.00,1.75
2015.09.04 20:36:58.802,1.47938,1.47984,1.00,1.75
2015.09.04 20:36:59.377,1.47939,1.47984,1.00,1.75
2015.09.04 20:36:59.864,1.47937,1.47984,1.10,1.75
2015.09.04 20:37:00.307,1.47939,1.47984,1.00,1.75
2015.09.04 20:37:03.426,1.47938,1.47984,1.00,1.75
2015.09.04 20:37:03.789,1.4794,1.47984,1.00,1.75
2015.09.04 20:37:04.211,1.47937,1.47984,1.57,1.75
2015.09.04 20:37:04.647,1.4794,1.47984,1.00,1.75
2015.09.04 20:37:06.013,1.47938,1.47984,1.00,1.75
2015.09.04 20:37:06.410,1.4794,1.47984,1.00,1.75
2015.09.04 20:37:07.082,1.47938,1.47984,1.00,1.75
2015.09.04 20:37:07.441,1.4794,1.47984,1.00,1.75
2015.09.04 20:37:08.151,1.47938,1.47984,1.00,1.75
2015.09.04 20:37:08.254,1.4794,1.47984,1.00,1.75
2015.09.04 20:37:08.907,1.47936,1.47984,1.12,1.75
2015.09.04 20:37:09.408,1.47938,1.47984,1.00,1.75
2015.09.04 20:37:09.909,1.47935,1.47984,1.37,1.75
2015.09.04 20:37:10.966,1.47938,1.47984,1.00,1.75
2015.09.04 20:37:11.516,1.47935,1.47984,1.37,1.75
2015.09.04 20:37:12.667,1.47935,1.47987,2.25,1.75
2015.09.04 20:37:13.335,1.47932,1.47984,1.37,1.75
2015.09.04 20:37:16.064,1.47929,1.47981,1.37,1.75
2015.09.04 20:37:20.611,1.47926,1.4798,1.87,1.75
2015.09.04 20:37:30.689,1.47924,1.47976,1.37,1.75
2015.09.04 20:37:45.891,1.47918,1.47976,1.75,1.75
2015.09.04 20:37:50.512,1.47922,1.47975,1.50,1.75
2015.09.04 20:37:51.691,1.47919,1.47972,2.25,1.75
2015.09.04 20:37:54.026,1.47918,1.47968,1.50,1.50
2015.09.04 20:37:57.891,1.47914,1.47967,1.75,1.37
2015.09.04 20:37:58.432,1.47914,1.47967,1.37,1.75
2015.09.04 20:38:09.296,1.47911,1.4796,1.75,1.00
2015.09.04 20:38:09.607,1.47909,1.4796,1.37,1.50
2015.09.04 20:38:10.453,1.47909,1.4796,1.12,1.75
2015.09.04 20:38:13.035,1.47908,1.4796,1.00,1.75
2015.09.04 20:38:14.076,1.47909,1.47961,1.00,1.75
2015.09.04 20:38:14.826,1.47909,1.47953,1.00,1.00
2015.09.04 20:38:14.877,1.47905,1.47953,1.12,1.00
2015.09.04 20:38:14.928,1.47905,1.47956,1.12,1.12
2015.09.04 20:38:15.030,1.47905,1.4795,1.12,1.10
2015.09.04 20:38:15.540,1.47905,1.47956,1.00,1.75
2015.09.04 20:38:16.123,1.47901,1.47952,2.25,1.75
2015.09.04 20:38:16.430,1.47896,1.47947,1.75,1.37
2015.09.04 20:38:16.740,1.47896,1.47947,1.50,1.75
2015.09.04 20:38:18.146,1.47893,1.47945,1.50,1.75
2015.09.04 20:38:27.260,1.47896,1.47948,1.50,1.75
2015.09.04 20:38:29.211,1.47892,1.47944,2.25,1.75
2015.09.04 20:38:30.294,1.47892,1.47941,1.37,1.75
2015.09.04 20:38:37.077,1.47901,1.47941,1.00,1.75
2015.09.04 20:38:37.382,1.47901,1.47944,1.00,1.75
2015.09.04 20:38:40.191,1.47895,1.47948,1.50,1.75
2015.09.04 20:38:47.232,1.47896,1.47947,1.50,1.50
2015.09.04 20:38:47.487,1.47897,1.47953,1.00,1.10
2015.09.04 20:38:51.679,1.47897,1.47963,1.12,1.37
2015.09.04 20:38:52.321,1.47897,1.47964,1.37,1.87
2015.09.04 20:38:56.279,1.47897,1.47964,1.12,1.87
2015.09.04 20:38:56.839,1.47896,1.47955,1.50,1.10
2015.09.04 20:38:58.285,1.47897,1.47955,1.00,1.10
2015.09.04 20:39:01.476,1.47896,1.47955,1.50,1.10
2015.09.04 20:39:02.906,1.47897,1.47955,1.00,1.10
2015.09.04 20:39:03.414,1.47898,1.47961,1.00,1.37
2015.09.04 20:39:14.292,1.47895,1.47964,1.50,1.75
2015.09.04 20:39:19.095,1.47895,1.47964,1.37,1.37
2015.09.04 20:39:37.899,1.47899,1.47959,1.00,1.10
2015.09.04 20:39:37.951,1.47899,1.47956,1.00,1.00
2015.09.04 20:39:38.544,1.47898,1.47956,1.10,1.00
2015.09.04 20:39:38.646,1.47898,1.47959,1.10,1.57
2015.09.04 20:39:50.395,1.47898,1.47959,1.00,1.87
2015.09.04 20:39:51.493,1.47897,1.47959,1.50,1.87
2015.09.04 20:39:52.036,1.47898,1.47959,1.00,1.87
2015.09.04 20:40:00.769,1.47899,1.47959,1.00,1.87
2015.09.04 20:40:01.765,1.47898,1.47959,1.00,1.87
2015.09.04 20:40:03.220,1.47899,1.47959,1.00,1.87
2015.09.04 20:40:03.735,1.47898,1.47959,1.00,1.87
2015.09.04 20:40:05.440,1.479,1.47959,1.00,1.87
2015.09.04 20:40:05.745,1.47898,1.47959,1.00,1.87
2015.09.04 20:40:06.326,1.47898,1.47955,1.00,1.00
2015.09.04 20:40:06.818,1.479,1.47955,1.00,1.00
2015.09.04 20:40:07.351,1.47899,1.47955,1.00,1.00
2015.09.04 20:40:08.271,1.479,1.47955,1.00,1.00
2015.09.04 20:40:09.155,1.47902,1.47955,1.00,1.00
2015.09.04 20:40:09.256,1.479,1.47955,1.00,1.00
2015.09.04 20:40:14.112,1.479,1.47959,1.00,1.37
2015.09.04 20:40:14.858,1.479,1.47956,1.00,1.00
2015.09.04 20:40:19.621,1.47899,1.47956,1.00,1.00
2015.09.04 20:40:20.361,1.47899,1.47959,1.50,1.37
2015.09.04 20:40:24.635,1.47899,1.47954,1.00,1.00
2015.09.04 20:40:25.630,1.47898,1.47954,1.00,1.00
2015.09.04 20:40:35.321,1.47896,1.47954,1.00,1.00
2015.09.04 20:40:35.423,1.47896,1.47952,1.00,1.00
2015.09.04 20:40:36.447,1.47898,1.47953,1.00,1.00
2015.09.04 20:40:37.204,1.47899,1.47953,1.00,1.00
2015.09.04 20:40:39.517,1.47899,1.47955,1.00,1.00
2015.09.04 20:40:40.532,1.47899,1.47953,1.00,1.00
2015.09.04 20:40:51.123,1.47901,1.47953,1.00,1.00
2015.09.04 20:40:51.926,1.479,1.47952,1.00,1.00
2015.09.04 20:40:52.525,1.47894,1.47926,1.12,1.00
2015.09.04 20:40:52.576,1.47894,1.47946,1.00,1.00
2015.09.04 20:40:53.674,1.47897,1.47946,1.00,1.00
2015.09.04 20:40:55.536,1.47897,1.47942,1.00,1.00
2015.09.04 20:40:55.702,1.47891,1.47942,1.00,1.00
2015.09.04 20:40:55.803,1.47893,1.47942,1.00,1.00
2015.09.04 20:40:56.310,1.47892,1.47942,1.00,1.00
2015.09.04 20:40:57.658,1.47893,1.47942,1.00,1.00
2015.09.04 20:40:58.846,1.47892,1.47942,1.00,1.00
2015.09.04 20:41:00.286,1.47891,1.47942,1.00,1.00
2015.09.04 20:41:00.668,1.4789,1.47938,1.00,1.00
2015.09.04 20:41:00.719,1.47881,1.47938,1.00,1.00
2015.09.04 20:41:00.973,1.47882,1.47934,1.00,1.00
2015.09.04 20:41:01.898,1.4788,1.47934,1.12,1.00
2015.09.04 20:41:02.806,1.4788,1.47936,1.12,1.00
2015.09.04 20:41:11.614,1.47882,1.47936,1.00,1.00
2015.09.04 20:41:11.718,1.47885,1.47936,1.00,1.00
2015.09.04 20:41:12.054,1.47887,1.47936,1.00,1.00
2015.09.04 20:41:12.605,1.47885,1.47936,1.00,1.00
2015.09.04 20:41:13.755,1.47885,1.47932,1.00,1.00
2015.09.04 20:41:14.790,1.47885,1.47935,1.00,1.00
2015.09.04 20:41:23.314,1.47883,1.47935,1.00,1.50
2015.09.04 20:41:23.644,1.47888,1.47935,1.00,1.50
2015.09.04 20:41:26.801,1.47881,1.47935,1.10,1.50
2015.09.04 20:41:28.666,1.47883,1.47935,1.00,1.50
2015.09.04 20:41:28.885,1.4788,1.47935,1.12,1.50
2015.09.04 20:41:30.821,1.47882,1.47935,1.00,1.50
2015.09.04 20:41:32.723,1.47881,1.47935,1.10,1.50
2015.09.04 20:41:34.855,1.47878,1.4793,1.37,1.00
2015.09.04 20:41:34.906,1.47878,1.4793,1.00,1.00
2015.09.04 20:41:36.735,1.4788,1.47932,1.00,1.00
2015.09.04 20:41:36.786,1.4788,1.47935,1.00,1.50
2015.09.04 20:41:37.322,1.47881,1.47935,1.00,1.50
2015.09.04 20:41:42.178,1.47884,1.47929,1.00,1.00
2015.09.04 20:41:42.759,1.47885,1.47929,1.00,1.00
2015.09.04 20:41:44.941,1.47885,1.47929,1.00,1.12
2015.09.04 20:41:45.489,1.47885,1.47926,1.00,1.00
2015.09.04 20:41:53.242,1.47884,1.47929,1.00,1.00
2015.09.04 20:41:53.296,1.47884,1.47931,1.00,2.25
2015.09.04 20:41:53.873,1.47883,1.47931,1.00,3.75
2015.09.04 20:41:54.314,1.47878,1.47931,1.00,3.75
2015.09.04 20:41:54.415,1.47885,1.47931,1.00,3.75
2015.09.04 20:41:55.487,1.47888,1.47933,1.00,1.50
2015.09.04 20:41:56.000,1.47888,1.47932,1.00,1.00
2015.09.04 20:41:57.933,1.47888,1.47932,1.00,1.12
2015.09.04 20:41:58.465,1.47887,1.47931,1.00,1.10
2015.09.04 20:41:59.816,1.47885,1.47931,1.00,1.10
2015.09.04 20:42:03.427,1.47886,1.47931,1.00,1.00
2015.09.04 20:42:04.921,1.47886,1.47929,1.00,2.25
2015.09.04 20:42:05.898,1.47888,1.47929,1.00,2.25
2015.09.04 20:42:09.212,1.47888,1.4793,1.00,1.00
2015.09.04 20:42:13.311,1.4789,1.47929,1.00,1.00
2015.09.04 20:42:16.538,1.4789,1.47931,1.00,1.50
2015.09.04 20:42:17.045,1.4789,1.47932,1.00,1.00
2015.09.04 20:42:19.034,1.47891,1.47932,1.00,1.00
2015.09.04 20:42:21.175,1.47889,1.47922,1.00,1.00
2015.09.04 20:42:21.683,1.4789,1.47922,1.00,1.00
2015.09.04 20:42:22.918,1.47888,1.47919,1.00,1.00
2015.09.04 20:42:23.995,1.47886,1.47926,1.00,1.00
2015.09.04 20:42:24.250,1.47894,1.47926,1.00,1.00
2015.09.04 20:42:24.886,1.47893,1.47926,1.00,1.00
2015.09.04 20:42:28.172,1.47892,1.47923,1.00,1.00
2015.09.04 20:42:28.638,1.47886,1.47923,1.50,1.00
2015.09.04 20:42:28.689,1.47888,1.47935,1.00,1.00
2015.09.04 20:42:28.741,1.47894,1.47935,1.00,1.00
2015.09.04 20:42:28.792,1.47894,1.47939,1.00,1.37
2015.09.04 20:42:28.843,1.47895,1.47939,1.00,1.00
2015.09.04 20:42:29.386,1.47894,1.4794,1.00,1.00
2015.09.04 20:42:37.621,1.47902,1.47943,1.00,1.00
2015.09.04 20:42:38.122,1.47903,1.47943,1.00,1.00
2015.09.04 20:42:40.170,1.47904,1.47943,1.00,1.00
2015.09.04 20:42:43.385,1.47901,1.47943,1.00,1.00
2015.09.04 20:42:43.436,1.47901,1.47953,1.00,1.87
2015.09.04 20:42:43.487,1.47903,1.47953,1.00,1.87
2015.09.04 20:42:43.994,1.47904,1.47953,1.00,1.87
2015.09.04 20:42:44.652,1.47904,1.47953,1.00,1.87
2015.09.04 20:42:49.811,1.47904,1.4795,1.00,1.00
2015.09.04 20:42:51.658,1.47903,1.4795,1.00,1.00
2015.09.04 20:42:52.829,1.47905,1.4795,1.00,1.00
2015.09.04 20:42:53.134,1.47903,1.47944,1.00,1.00
2015.09.04 20:42:53.633,1.47902,1.4794,1.00,1.00
2015.09.04 20:42:54.255,1.47902,1.4795,1.00,1.37
2015.09.04 20:42:56.772,1.47903,1.4795,1.00,1.37
2015.09.04 20:42:58.051,1.47903,1.4795,1.00,1.00
2015.09.04 20:43:00.849,1.47906,1.4795,1.00,1.00
2015.09.04 20:43:01.838,1.47915,1.47953,1.00,1.50
2015.09.04 20:43:02.404,1.47916,1.47953,1.00,1.00
2015.09.04 20:43:03.259,1.47915,1.47953,1.00,1.00
2015.09.04 20:43:04.536,1.4792,1.47962,1.00,1.00
2015.09.04 20:43:05.062,1.47919,1.47962,1.00,1.00
2015.09.04 20:43:05.164,1.47922,1.47962,1.00,1.00
2015.09.04 20:43:06.272,1.4792,1.47963,1.00,1.00
2015.09.04 20:43:07.931,1.4792,1.47962,1.00,1.00
2015.09.04 20:43:18.456,1.47923,1.47962,1.00,1.00
2015.09.04 20:43:18.969,1.47922,1.47962,1.00,1.00
2015.09.04 20:43:19.537,1.47924,1.47962,1.00,1.00
2015.09.04 20:43:19.689,1.47915,1.47968,1.00,1.00
2015.09.04 20:43:19.741,1.47915,1.47968,1.00,1.37
2015.09.04 20:43:20.401,1.47915,1.47959,1.00,1.00
2015.09.04 20:43:20.459,1.47911,1.47959,1.00,1.00
2015.09.04 20:43:20.561,1.47911,1.47965,1.00,1.00
2015.09.04 20:43:20.663,1.47911,1.47962,1.00,1.00
2015.09.04 20:43:21.069,1.47907,1.47959,1.87,1.00
2015.09.04 20:43:24.532,1.47917,1.47959,1.00,1.00
2015.09.04 20:43:24.785,1.47917,1.47962,1.50,1.00
2015.09.04 20:43:24.938,1.47917,1.47965,1.50,1.00
2015.09.04 20:43:25.712,1.47918,1.47965,1.00,1.00
2015.09.04 20:43:30.912,1.47917,1.47965,1.00,1.00
2015.09.04 20:43:31.014,1.47917,1.47962,1.00,1.00
2015.09.04 20:43:33.581,1.47917,1.47962,1.12,1.00
2015.09.04 20:43:43.984,1.47918,1.47963,1.10,1.00
2015.09.04 20:43:45.097,1.47918,1.47959,1.10,1.00
2015.09.04 20:43:47.194,1.47918,1.4796,1.00,1.00
2015.09.04 20:43:48.505,1.47918,1.47959,1.00,1.00
2015.09.04 20:43:49.761,1.4792,1.47959,1.00,1.00
2015.09.04 20:43:50.017,1.47913,1.47956,1.00,1.00
2015.09.04 20:44:01.560,1.47913,1.47953,1.00,1.00
2015.09.04 20:44:01.865,1.47913,1.4795,1.00,1.00
2015.09.04 20:44:02.121,1.4791,1.4795,1.50,1.00
2015.09.04 20:44:07.044,1.47913,1.4795,1.00,1.00
2015.09.04 20:44:07.146,1.47909,1.4795,1.00,1.00
2015.09.04 20:44:07.248,1.47908,1.47953,1.00,1.00
2015.09.04 20:44:07.350,1.47908,1.47956,1.00,1.10
2015.09.04 20:44:07.401,1.47904,1.47949,1.00,1.00
2015.09.04 20:44:07.452,1.47896,1.47947,1.37,1.00
2015.09.04 20:44:07.605,1.47896,1.47947,1.00,1.00
2015.09.04 20:44:08.532,1.47895,1.47947,1.10,1.00
2015.09.04 20:44:08.634,1.47895,1.47944,1.10,1.00
2015.09.04 20:44:10.335,1.47894,1.47938,1.12,1.00
2015.09.04 20:44:12.384,1.47901,1.47938,1.00,1.00
2015.09.04 20:44:17.066,1.47904,1.47938,1.00,1.00
2015.09.04 20:44:17.117,1.47905,1.4795,1.00,1.00
2015.09.04 20:44:18.652,1.47905,1.47949,1.00,1.00
2015.09.04 20:44:18.823,1.47907,1.47949,1.00,1.00
2015.09.04 20:44:19.416,1.47906,1.4795,1.00,1.00
2015.09.04 20:44:19.968,1.47906,1.47949,1.00,1.00
2015.09.04 20:44:24.126,1.47905,1.47951,1.10,1.00
2015.09.04 20:44:24.177,1.47905,1.47953,1.10,1.00
2015.09.04 20:44:24.635,1.47905,1.47938,1.00,1.00
2015.09.04 20:44:25.092,1.47905,1.47941,1.00,3.00
2015.09.04 20:44:25.143,1.47905,1.47945,1.00,1.00
2015.09.04 20:44:25.195,1.47905,1.47938,1.00,1.00
2015.09.04 20:44:25.804,1.47905,1.47945,1.00,1.00
2015.09.04 20:44:25.906,1.47906,1.47938,1.00,1.00
2015.09.04 20:44:26.008,1.47906,1.47944,1.00,1.00
2015.09.04 20:44:26.060,1.47906,1.4795,1.00,1.00
2015.09.04 20:44:26.687,1.47907,1.4795,1.00,1.00
2015.09.04 20:44:27.500,1.47907,1.47958,1.10,1.00
2015.09.04 20:44:27.703,1.47907,1.47956,1.10,1.00
2015.09.04 20:44:28.401,1.47908,1.47956,1.00,1.50
2015.09.04 20:44:30.486,1.47909,1.47956,1.00,1.50
2015.09.04 20:44:32.168,1.47911,1.47956,1.00,1.50
2015.09.04 20:44:33.171,1.47908,1.47956,1.00,1.50
2015.09.04 20:44:42.227,1.47908,1.47959,1.00,1.00
2015.09.04 20:44:43.722,1.47908,1.47956,1.00,1.00
2015.09.04 20:44:46.241,1.47906,1.47956,1.87,1.50
2015.09.04 20:44:55.407,1.47903,1.47953,1.37,1.00
2015.09.04 20:44:55.915,1.47903,1.47952,1.37,1.00
2015.09.04 20:45:00.760,1.47903,1.47953,1.37,1.00
2015.09.04 20:45:04.362,1.47902,1.47954,1.50,1.00
2015.09.04 20:45:04.413,1.47912,1.47959,1.00,1.00
2015.09.04 20:45:04.514,1.47912,1.47965,1.00,1.00
2015.09.04 20:45:04.565,1.47912,1.47959,1.00,1.00
2015.09.04 20:45:05.573,1.47905,1.47953,1.37,1.00
2015.09.04 20:45:12.575,1.4791,1.47956,1.00,1.00
2015.09.04 20:45:12.626,1.47918,1.47956,1.00,1.00
2015.09.04 20:45:12.677,1.47918,1.47963,1.00,1.00
2015.09.04 20:45:12.729,1.47918,1.47969,1.00,1.00
2015.09.04 20:45:12.830,1.47919,1.47968,1.00,1.37
2015.09.04 20:45:12.932,1.47919,1.47965,1.50,1.00
2015.09.04 20:45:12.983,1.47917,1.47966,1.00,1.00
2015.09.04 20:45:13.034,1.47924,1.47966,1.00,1.00
2015.09.04 20:45:13.190,1.47924,1.47969,1.00,1.12
2015.09.04 20:45:14.652,1.47924,1.47971,1.00,1.00
2015.09.04 20:45:14.703,1.47924,1.47974,1.00,1.00
2015.09.04 20:45:14.754,1.47924,1.47971,1.00,1.00
2015.09.04 20:45:15.152,1.47924,1.47968,1.00,1.00
2015.09.04 20:45:15.812,1.4793,1.47968,1.00,1.00
2015.09.04 20:45:15.964,1.4793,1.47971,1.00,1.00
2015.09.04 20:45:16.015,1.4793,1.47974,1.00,1.00
2015.09.04 20:45:16.559,1.47926,1.47974,1.00,1.00
2015.09.04 20:45:20.589,1.47926,1.47979,1.00,1.10
2015.09.04 20:45:30.798,1.47926,1.47977,1.00,1.00
2015.09.04 20:45:31.102,1.47926,1.47971,1.00,1.00
2015.09.04 20:45:35.695,1.47933,1.47971,1.00,1.00
2015.09.04 20:45:38.483,1.47934,1.47971,1.00,1.00
2015.09.04 20:45:38.838,1.47934,1.4798,1.00,1.00
2015.09.04 20:45:38.941,1.47934,1.47991,1.00,1.87
2015.09.04 20:45:39.043,1.47934,1.47984,1.00,1.00
2015.09.04 20:45:39.520,1.47938,1.47984,1.00,1.00
2015.09.04 20:45:41.070,1.47943,1.47984,1.00,1.00
2015.09.04 20:45:42.680,1.47941,1.47984,1.00,1.00
2015.09.04 20:45:44.760,1.47941,1.47983,1.00,1.50
2015.09.04 20:45:44.811,1.47938,1.47983,1.00,1.50
2015.09.04 20:45:46.321,1.47933,1.47983,1.50,2.25
2015.09.04 20:45:46.426,1.47933,1.47972,1.00,1.00
2015.09.04 20:45:46.528,1.4793,1.47971,1.00,1.00
2015.09.04 20:45:47.067,1.47926,1.47975,1.00,1.00
2015.09.04 20:45:47.593,1.47926,1.47976,1.00,1.00
2015.09.04 20:45:50.136,1.47926,1.47975,1.00,1.00
2015.09.04 20:45:50.241,1.47926,1.4798,1.00,1.00
2015.09.04 20:45:51.896,1.47936,1.47982,1.00,1.00
2015.09.04 20:45:52.204,1.47936,1.47979,1.00,1.00
2015.09.04 20:45:52.786,1.47939,1.47978,1.00,1.00
2015.09.04 20:45:53.533,1.47941,1.47978,1.00,1.00
2015.09.04 20:45:53.585,1.47941,1.47985,1.00,1.00
2015.09.04 20:45:53.636,1.47947,1.47993,1.00,1.37
2015.09.04 20:45:54.222,1.47946,1.47995,1.00,1.10
2015.09.04 20:45:56.296,1.47943,1.47995,1.00,1.57
2015.09.04 20:45:56.832,1.4794,1.4799,1.00,1.10
2015.09.04 20:45:57.404,1.4794,1.47989,1.00,3.00
2015.09.04 20:46:00.582,1.47943,1.47989,1.00,3.00
2015.09.04 20:46:00.785,1.47943,1.47994,1.00,1.12
2015.09.04 20:46:00.836,1.47947,1.47995,1.00,1.37
2015.09.04 20:46:01.773,1.47947,1.47995,1.00,1.00
2015.09.04 20:46:06.324,1.47957,1.47995,1.00,1.00
2015.09.04 20:46:06.375,1.47957,1.47997,1.00,1.10
2015.09.04 20:46:06.892,1.47957,1.47999,1.00,1.00
2015.09.04 20:46:06.943,1.47957,1.48001,1.00,1.00
2015.09.04 20:46:09.082,1.47961,1.48001,1.00,1.00
2015.09.04 20:46:11.386,1.47961,1.48002,1.00,1.00
2015.09.04 20:46:11.723,1.47963,1.48012,1.00,1.00
2015.09.04 20:46:11.774,1.47967,1.48012,1.00,1.00
2015.09.04 20:46:11.927,1.47969,1.48018,1.00,1.00
2015.09.04 20:46:12.552,1.47971,1.48018,1.00,1.00
2015.09.04 20:46:12.857,1.47971,1.48018,1.00,1.37
2015.09.04 20:46:13.347,1.47973,1.48018,1.00,1.37
2015.09.04 20:46:15.557,1.47972,1.48018,1.00,1.37
2015.09.04 20:46:18.778,1.4797,1.48018,1.00,1.87
2015.09.04 20:46:18.931,1.4797,1.48017,1.00,1.00
2015.09.04 20:46:19.441,1.47968,1.48016,1.00,1.50
2015.09.04 20:46:29.714,1.47967,1.48014,1.00,1.00
2015.09.04 20:46:34.391,1.47964,1.48012,1.00,1.00
2015.09.04 20:46:34.848,1.47961,1.48008,1.00,1.00
2015.09.04 20:46:38.260,1.47957,1.48003,1.00,1.00
2015.09.04 20:46:38.881,1.47955,1.48001,1.00,1.50
2015.09.04 20:46:39.452,1.47952,1.48,1.00,1.00
2015.09.04 20:46:39.857,1.47957,1.48001,1.00,1.00
2015.09.04 20:46:41.284,1.4796,1.48001,1.00,1.00
2015.09.04 20:46:41.488,1.4796,1.48007,1.00,1.87
2015.09.04 20:46:41.844,1.47963,1.48007,1.00,1.37
2015.09.04 20:46:48.565,1.47965,1.48007,1.00,1.37
2015.09.04 20:46:49.126,1.47964,1.48009,1.00,1.37
2015.09.04 20:46:49.228,1.47962,1.48009,1.00,1.37
2015.09.04 20:46:54.712,1.47964,1.48009,1.00,1.00
2015.09.04 20:46:54.865,1.47969,1.48013,1.00,1.12
2015.09.04 20:46:55.548,1.47966,1.48013,1.00,1.87
2015.09.04 20:46:56.996,1.47966,1.48013,1.00,1.57
2015.09.04 20:46:59.148,1.47969,1.48013,1.00,1.10
2015.09.04 20:47:00.440,1.47969,1.48012,1.00,1.00
2015.09.04 20:47:00.755,1.47969,1.48009,1.00,1.00
2015.09.04 20:47:01.385,1.47965,1.48009,1.00,1.50
2015.09.04 20:47:01.846,1.47969,1.48008,1.00,1.00
2015.09.04 20:47:03.824,1.47964,1.48006,1.00,1.00
2015.09.04 20:47:03.978,1.47962,1.48006,1.00,1.00
2015.09.04 20:47:04.030,1.47957,1.48003,1.00,1.00
2015.09.04 20:47:07.392,1.4796,1.48004,1.00,2.25
2015.09.04 20:47:14.906,1.47962,1.48006,1.00,1.00
2015.09.04 20:47:14.958,1.47964,1.48011,1.00,1.00
2015.09.04 20:47:15.010,1.47964,1.48013,1.00,1.00
2015.09.04 20:47:15.214,1.47969,1.48014,1.00,1.10
2015.09.04 20:47:24.089,1.47968,1.48012,1.00,1.00
2015.09.04 20:47:32.522,1.47965,1.48009,1.00,1.00
2015.09.04 20:47:35.669,1.47963,1.48007,1.00,1.00
2015.09.04 20:47:36.329,1.47965,1.48007,1.00,1.00
2015.09.04 20:47:36.430,1.47965,1.48009,1.00,1.00
2015.09.04 20:47:42.000,1.47965,1.48009,1.00,1.37
2015.09.04 20:47:42.102,1.47965,1.48009,1.00,1.00
2015.09.04 20:47:42.204,1.47963,1.48007,1.00,1.00
2015.09.04 20:47:42.454,1.47966,1.48011,1.00,1.00
2015.09.04 20:47:51.873,1.47958,1.48008,1.50,1.00
2015.09.04 20:47:52.332,1.47953,1.48006,1.00,1.00
2015.09.04 20:47:52.682,1.47953,1.48004,1.00,1.00
2015.09.04 20:47:53.125,1.4795,1.48001,1.00,1.00
2015.09.04 20:47:53.979,1.4795,1.47998,1.00,1.00
2015.09.04 20:48:02.941,1.47938,1.47997,1.10,1.00
2015.09.04 20:48:02.992,1.47938,1.47997,1.00,1.37
2015.09.04 20:48:06.746,1.47938,1.47995,1.00,1.37
2015.09.04 20:48:24.120,1.47938,1.47995,1.00,1.10
2015.09.04 20:48:43.863,1.47944,1.47998,1.00,1.37
2015.09.04 20:48:44.015,1.47944,1.47998,1.00,1.00
2015.09.04 20:48:44.067,1.47944,1.48003,1.00,1.12
2015.09.04 20:48:44.321,1.47947,1.48006,1.00,1.37
2015.09.04 20:48:44.669,1.47947,1.48006,1.00,1.37
2015.09.04 20:48:50.726,1.47942,1.48,1.87,1.00
2015.09.04 20:48:54.783,1.47945,1.48003,1.10,1.00
2015.09.04 20:49:03.147,1.47945,1.48003,1.00,1.37
2015.09.04 20:49:06.893,1.47954,1.48022,1.87,1.37
2015.09.04 20:49:07.046,1.47954,1.48012,1.37,1.00
2015.09.04 20:49:07.252,1.47951,1.48012,1.37,1.00
2015.09.04 20:49:07.713,1.47951,1.48012,1.00,1.00
2015.09.04 20:49:08.543,1.47952,1.48012,1.00,1.00
2015.09.04 20:49:08.993,1.47955,1.48012,1.00,1.00
2015.09.04 20:49:09.196,1.47951,1.48012,1.00,1.00
2015.09.04 20:49:11.658,1.47951,1.48009,1.00,1.00
2015.09.04 20:49:12.136,1.47953,1.48013,1.00,1.00
2015.09.04 20:49:14.225,1.47954,1.48017,1.00,1.12
2015.09.04 20:49:14.631,1.47952,1.48012,1.00,1.00
2015.09.04 20:49:15.274,1.47952,1.48011,1.00,1.00
2015.09.04 20:49:17.778,1.47952,1.48014,1.00,1.00
2015.09.04 20:49:18.336,1.47951,1.48014,1.00,1.00
2015.09.04 20:49:26.823,1.47948,1.48008,1.00,1.00
2015.09.04 20:49:30.760,1.47949,1.48008,1.00,1.00
2015.09.04 20:49:35.046,1.47949,1.47998,1.00,1.00
2015.09.04 20:49:35.403,1.47949,1.47995,1.00,1.00
2015.09.04 20:49:35.786,1.47949,1.47992,1.00,1.00
2015.09.04 20:49:37.760,1.47949,1.47991,1.00,1.00
2015.09.04 20:49:49.210,1.47944,1.47991,1.35,1.00
2015.09.04 20:49:49.261,1.47937,1.47986,1.00,1.00
2015.09.04 20:49:49.312,1.4794,1.47986,1.00,1.00
2015.09.04 20:49:50.602,1.4794,1.47983,1.00,1.00
2015.09.04 20:49:52.293,1.4794,1.47985,1.00,1.00
2015.09.04 20:49:53.528,1.4794,1.47987,1.00,1.00
2015.09.04 20:49:54.157,1.47941,1.47988,1.00,1.00
2015.09.04 20:49:54.209,1.47943,1.47988,1.00,1.00
2015.09.04 20:49:54.738,1.47944,1.47988,1.00,1.00
2015.09.04 20:49:55.386,1.47943,1.47988,1.00,1.00
2015.09.04 20:49:56.612,1.47943,1.47989,1.00,1.00
2015.09.04 20:49:59.332,1.47948,1.47989,1.00,1.00
2015.09.04 20:49:59.433,1.47948,1.47991,1.00,1.00
2015.09.04 20:50:00.486,1.4795,1.47991,1.00,1.00
2015.09.04 20:50:00.639,1.4795,1.47995,1.00,1.00
2015.09.04 20:50:02.459,1.4795,1.47997,1.00,1.00
2015.09.04 20:50:06.916,1.47949,1.47997,1.00,1.00
2015.09.04 20:50:08.304,1.47953,1.47997,1.00,1.00
2015.09.04 20:50:08.355,1.47953,1.48001,1.00,1.50
2015.09.04 20:50:08.456,1.47953,1.48004,1.00,1.10
2015.09.04 20:50:08.507,1.47953,1.48004,1.37,1.00
2015.09.04 20:50:09.058,1.47953,1.48003,1.37,1.00
2015.09.04 20:50:09.511,1.47953,1.48005,1.37,1.00
2015.09.04 20:50:10.588,1.47953,1.48005,1.00,1.00
2015.09.04 20:50:11.518,1.47953,1.48006,1.00,1.00
2015.09.04 20:50:11.729,1.47953,1.48008,1.00,1.00
2015.09.04 20:50:12.147,1.47953,1.48005,1.00,1.00
2015.09.04 20:50:14.714,1.47953,1.48006,1.00,1.00
2015.09.04 20:50:15.219,1.47953,1.48007,1.00,1.00
2015.09.04 20:50:16.727,1.47953,1.48006,1.00,1.00
2015.09.04 20:50:18.857,1.47953,1.48007,1.00,1.00
2015.09.04 20:50:19.638,1.47953,1.48005,1.00,1.00
2015.09.04 20:50:20.155,1.47953,1.48004,1.00,1.00
2015.09.04 20:50:20.709,1.47953,1.48005,1.00,1.00
2015.09.04 20:50:21.569,1.47953,1.48004,1.00,1.00
2015.09.04 20:50:22.291,1.47953,1.48007,1.00,1.00
2015.09.04 20:50:22.418,1.47953,1.48005,1.00,1.00
2015.09.04 20:50:22.520,1.47953,1.48007,1.00,1.00
2015.09.04 20:50:23.085,1.47953,1.48008,1.00,1.00
2015.09.04 20:50:23.187,1.47953,1.48003,1.00,1.00
2015.09.04 20:50:23.289,1.47953,1.4801,1.00,1.10
2015.09.04 20:50:23.937,1.47953,1.48009,1.00,1.00
2015.09.04 20:50:24.467,1.47953,1.4801,1.00,1.00
2015.09.04 20:50:25.896,1.47953,1.48011,1.00,1.00
2015.09.04 20:50:26.543,1.47953,1.48009,1.00,1.00
2015.09.04 20:50:28.011,1.47953,1.48008,1.00,1.00
2015.09.04 20:50:29.047,1.47965,1.48011,1.00,1.00
2015.09.04 20:50:29.148,1.47963,1.48011,1.00,1.00
2015.09.04 20:50:29.200,1.47968,1.4801,1.00,1.00
2015.09.04 20:50:29.507,1.47982,1.4801,1.50,1.00
2015.09.04 20:50:29.862,1.47986,1.48011,1.00,1.00
2015.09.04 20:50:30.167,1.47991,1.48011,1.00,1.00
2015.09.04 20:50:30.218,1.47991,1.48023,1.00,1.00
2015.09.04 20:50:31.147,1.47979,1.48025,2.10,1.00
2015.09.04 20:50:31.202,1.47966,1.48025,1.00,1.00
2015.09.04 20:50:31.844,1.47966,1.48024,1.00,1.00
2015.09.04 20:50:32.540,1.47966,1.48023,1.00,1.00
2015.09.04 20:50:33.229,1.47966,1.48024,1.00,1.00
2015.09.04 20:50:34.272,1.47963,1.48024,1.12,1.00
2015.09.04 20:50:35.152,1.47963,1.48025,1.12,1.57
2015.09.04 20:50:50.672,1.47963,1.48025,1.00,1.87
2015.09.04 20:50:50.975,1.47967,1.48026,1.50,1.37
2015.09.04 20:50:57.020,1.47967,1.48025,3.60,1.00
2015.09.04 20:51:05.700,1.47967,1.48025,1.00,1.12
2015.09.04 20:51:05.751,1.47962,1.48025,1.10,1.12
2015.09.04 20:51:17.810,1.47963,1.48025,1.00,1.12
2015.09.04 20:51:18.600,1.47966,1.48025,1.00,1.12
2015.09.04 20:51:20.717,1.47962,1.48025,1.10,1.12
2015.09.04 20:51:22.876,1.47962,1.4802,1.10,1.00
2015.09.04 20:51:30.916,1.47962,1.4802,1.00,1.37
2015.09.04 20:51:30.967,1.47958,1.4802,1.00,1.37
2015.09.04 20:51:31.018,1.47958,1.48013,1.00,1.00
2015.09.04 20:51:31.984,1.47952,1.48007,1.37,1.00
2015.09.04 20:51:32.035,1.47952,1.48007,1.00,1.00
2015.09.04 20:51:32.096,1.47952,1.48007,1.00,1.37
2015.09.04 20:51:32.207,1.47948,1.48007,1.00,1.37
2015.09.04 20:51:32.414,1.47948,1.48002,1.00,1.00
2015.09.04 20:51:32.866,1.47948,1.48002,1.00,1.37
2015.09.04 20:51:33.018,1.47946,1.48002,1.00,1.37
2015.09.04 20:51:35.384,1.47946,1.48002,1.00,1.37
2015.09.04 20:51:35.436,1.47943,1.47999,1.00,1.12
2015.09.04 20:51:35.883,1.47943,1.47999,1.00,1.37
2015.09.04 20:51:39.037,1.47956,1.47999,1.00,1.37
2015.09.04 20:51:39.290,1.47956,1.47999,1.00,1.10
2015.09.04 20:51:39.392,1.47958,1.47999,1.00,1.00
2015.09.04 20:51:39.443,1.47958,1.4801,1.00,1.37
2015.09.04 20:51:40.036,1.47953,1.48009,1.00,1.37
2015.09.04 20:51:45.157,1.47952,1.48009,1.00,1.37
2015.09.04 20:51:47.663,1.47952,1.48004,1.00,1.00
2015.09.04 20:51:48.176,1.47952,1.48009,1.00,1.37
2015.09.04 20:51:56.223,1.47952,1.48004,1.00,1.00
2015.09.04 20:51:59.718,1.47955,1.48004,1.00,1.00
2015.09.04 20:51:59.770,1.47952,1.48004,1.00,1.00
2015.09.04 20:51:59.945,1.47955,1.48004,1.00,1.00
2015.09.04 20:52:00.097,1.47952,1.48004,1.00,1.00
2015.09.04 20:52:00.757,1.47954,1.48004,1.00,1.00
2015.09.04 20:52:00.858,1.47952,1.48004,1.50,1.00
2015.09.04 20:52:05.889,1.47952,1.48003,1.00,1.00
2015.09.04 20:52:12.024,1.47958,1.48003,1.00,1.00
2015.09.04 20:52:12.327,1.47964,1.48001,1.00,1.00
2015.09.04 20:52:12.884,1.47964,1.48005,1.00,1.00
2015.09.04 20:52:26.895,1.47966,1.48005,1.00,1.00
2015.09.04 20:52:27.005,1.47964,1.48005,1.50,1.00
2015.09.04 20:52:27.179,1.47964,1.48008,1.50,1.00
2015.09.04 20:52:28.655,1.47965,1.48008,1.00,1.00
2015.09.04 20:52:29.270,1.47964,1.48008,1.50,1.00
2015.09.04 20:52:33.290,1.47964,1.48011,1.00,1.00
2015.09.04 20:52:34.893,1.47964,1.48015,1.00,1.00
2015.09.04 20:52:43.512,1.47975,1.48015,1.00,1.00
2015.09.04 20:52:43.922,1.47975,1.48013,1.00,1.00
2015.09.04 20:52:46.487,1.47975,1.48014,1.00,1.00
2015.09.04 20:52:48.425,1.47975,1.48013,1.00,1.00
2015.09.04 20:52:49.539,1.47982,1.48023,1.67,1.00
2015.09.04 20:52:49.691,1.4799,1.48026,1.67,1.00
2015.09.04 20:52:49.895,1.4799,1.48026,1.67,1.50
2015.09.04 20:52:52.471,1.47989,1.48023,1.20,1.00
2015.09.04 20:52:52.522,1.47978,1.48023,1.65,1.00
2015.09.04 20:52:52.573,1.47978,1.48019,1.45,1.00
2015.09.04 20:52:52.726,1.47976,1.4802,1.00,1.00
2015.09.04 20:52:52.828,1.47974,1.4802,1.00,1.00
2015.09.04 20:52:53.347,1.47974,1.48023,1.00,1.00
2015.09.04 20:52:54.325,1.47969,1.48023,1.00,1.00
2015.09.04 20:52:55.334,1.47976,1.48034,1.50,1.75
2015.09.04 20:52:58.071,1.47977,1.48034,1.00,1.75
2015.09.04 20:52:59.046,1.47976,1.48033,1.50,1.50
2015.09.04 20:52:59.569,1.47977,1.48033,1.00,1.50
2015.09.04 20:53:00.477,1.47976,1.48033,1.50,1.50
2015.09.04 20:53:00.867,1.47976,1.48033,1.00,1.75
2015.09.04 20:53:08.182,1.47981,1.4803,1.00,1.75
2015.09.04 20:53:08.385,1.47985,1.48044,1.00,1.75
2015.09.04 20:53:08.436,1.47983,1.48042,1.00,1.37
2015.09.04 20:53:08.487,1.47981,1.48038,1.00,1.12
2015.09.04 20:53:08.589,1.47981,1.48034,1.00,1.12
2015.09.04 20:53:09.721,1.47982,1.48034,1.00,1.37
2015.09.04 20:53:10.064,1.4798,1.48034,1.50,1.37
2015.09.04 20:53:12.465,1.47979,1.48033,1.00,1.75
2015.09.04 20:53:19.552,1.47977,1.48028,1.00,1.37
2015.09.04 20:53:22.746,1.47982,1.48034,1.00,1.75
2015.09.04 20:53:23.000,1.47982,1.48041,1.00,1.75
2015.09.04 20:53:23.051,1.47974,1.48028,1.37,1.00
2015.09.04 20:53:23.203,1.47975,1.48028,1.50,1.00
2015.09.04 20:53:24.277,1.47976,1.48034,1.00,1.37
2015.09.04 20:53:24.420,1.47973,1.48034,1.12,1.37
2015.09.04 20:53:26.221,1.47977,1.48034,1.00,1.37
2015.09.04 20:53:27.002,1.4798,1.48034,1.00,1.37
2015.09.04 20:53:28.316,1.47981,1.48034,1.00,1.37
2015.09.04 20:53:29.011,1.47991,1.48037,1.50,1.75
2015.09.04 20:53:29.062,1.47991,1.48037,1.50,1.37
2015.09.04 20:53:29.215,1.47995,1.48037,1.00,1.37
2015.09.04 20:53:33.314,1.47995,1.48039,1.00,1.12
2015.09.04 20:53:33.365,1.47997,1.48041,1.00,1.37
2015.09.04 20:53:34.198,1.47991,1.48048,1.50,1.75
2015.09.04 20:53:37.938,1.47991,1.48048,2.25,1.50
2015.09.04 20:53:43.813,1.47991,1.48053,2.25,1.75
2015.09.04 20:53:47.983,1.48003,1.48057,1.00,2.25
2015.09.04 20:53:48.085,1.48003,1.48057,1.00,1.75
2015.09.04 20:53:52.709,1.48003,1.48062,1.00,2.25
2015.09.04 20:53:55.824,1.48015,1.48062,1.00,1.75
2015.09.04 20:54:02.282,1.48015,1.48058,1.50,1.12
2015.09.04 20:54:13.253,1.48015,1.48061,1.00,1.12
2015.09.04 20:54:14.786,1.48013,1.48061,1.00,1.12
2015.09.04 20:54:14.837,1.48007,1.48052,1.00,1.00
2015.09.04 20:54:15.469,1.48005,1.48052,1.00,1.00
2015.09.04 20:54:20.364,1.48003,1.48052,1.50,1.00
2015.09.04 20:54:20.843,1.48003,1.48052,1.00,1.37
2015.09.04 20:54:23.153,1.48002,1.48055,1.00,1.50
2015.09.04 20:54:23.778,1.48003,1.48052,1.00,1.37
2015.09.04 20:54:30.483,1.48,1.48054,1.00,1.37
2015.09.04 20:54:30.534,1.47996,1.48054,1.50,1.75
2015.09.04 20:54:31.042,1.47997,1.48051,1.50,1.50
2015.09.04 20:54:31.093,1.47993,1.48049,1.00,1.37
2015.09.04 20:54:31.604,1.47994,1.48049,1.00,1.37
2015.09.04 20:54:35.704,1.47995,1.48049,1.00,1.37
2015.09.04 20:54:36.210,1.47994,1.48049,1.00,1.37
2015.09.04 20:54:36.261,1.47994,1.48049,1.00,1.75
2015.09.04 20:54:36.717,1.47996,1.48046,1.00,1.37
2015.09.04 20:54:36.819,1.47994,1.48046,1.50,1.37
2015.09.04 20:54:37.565,1.47995,1.48046,1.00,1.37
2015.09.04 20:54:38.077,1.47994,1.48046,1.00,1.37
2015.09.04 20:54:38.330,1.47995,1.48046,1.00,1.37
2015.09.04 20:54:40.940,1.47991,1.48037,1.00,1.00
2015.09.04 20:54:41.741,1.47991,1.48037,1.00,1.87
2015.09.04 20:54:42.424,1.47985,1.48037,1.50,1.37
2015.09.04 20:54:42.526,1.47984,1.48032,1.00,1.00
2015.09.04 20:54:42.628,1.47976,1.48025,1.00,1.00
2015.09.04 20:54:42.730,1.47976,1.48025,1.00,1.37
2015.09.04 20:54:43.086,1.47976,1.48032,1.00,1.37
2015.09.04 20:54:43.239,1.47976,1.48022,1.00,1.00
2015.09.04 20:54:45.253,1.47976,1.48022,1.00,1.37
2015.09.04 20:54:45.770,1.47975,1.48022,1.00,1.37
2015.09.04 20:54:50.161,1.47976,1.48022,1.00,1.87
2015.09.04 20:54:51.267,1.47976,1.48022,1.00,1.87
2015.09.04 20:54:53.890,1.47975,1.48026,1.50,1.50
2015.09.04 20:54:54.822,1.47976,1.48023,1.00,1.37
2015.09.04 20:54:56.851,1.4797,1.48026,1.00,1.50
2015.09.04 20:54:57.054,1.47976,1.48027,1.00,2.25
2015.09.04 20:54:57.583,1.47975,1.48024,1.00,1.37
2015.09.04 20:54:58.850,1.47976,1.48027,1.00,1.75
2015.09.04 20:54:58.908,1.47976,1.48027,1.00,1.37
2015.09.04 20:55:02.345,1.47973,1.48026,1.00,1.37
2015.09.04 20:55:02.446,1.4797,1.48025,1.00,1.37
2015.09.04 20:55:05.866,1.47973,1.48025,1.00,1.37
2015.09.04 20:55:07.327,1.47977,1.48025,1.00,1.37
2015.09.04 20:55:07.631,1.47985,1.48034,1.00,1.10
2015.09.04 20:55:11.337,1.47985,1.48034,1.00,1.37
2015.09.04 20:55:11.444,1.47985,1.48034,1.00,1.12
2015.09.04 20:55:14.080,1.47982,1.48034,1.00,1.12
2015.09.04 20:55:14.132,1.47979,1.48034,3.75,1.12
2015.09.04 20:55:15.230,1.47975,1.48031,1.00,1.00
2015.09.04 20:55:15.332,1.47972,1.48029,1.00,1.10
2015.09.04 20:55:15.433,1.47972,1.48029,1.00,1.37
2015.09.04 20:55:15.490,1.47967,1.48029,1.00,1.37
2015.09.04 20:55:15.849,1.47964,1.48029,1.00,1.37
2015.09.04 20:55:16.105,1.47963,1.48027,1.00,1.37
2015.09.04 20:55:16.307,1.47961,1.48027,1.00,1.37
2015.09.04 20:55:16.409,1.47957,1.48026,1.37,1.37
2015.09.04 20:55:17.180,1.47952,1.48026,1.12,2.25
2015.09.04 20:55:18.264,1.47952,1.4802,1.00,1.87
2015.09.04 20:55:18.773,1.47953,1.4802,1.00,1.87
2015.09.04 20:55:20.822,1.47953,1.48016,1.00,2.25
2015.09.04 20:55:22.856,1.4795,1.48016,1.00,2.25
2015.09.04 20:55:27.534,1.47949,1.48019,1.50,1.75
2015.09.04 20:55:27.636,1.47955,1.48022,1.00,2.25
2015.09.04 20:55:27.737,1.47958,1.48022,1.00,1.37
2015.09.04 20:55:41.230,1.47955,1.48022,1.10,1.37
2015.09.04 20:55:43.834,1.47979,1.48027,1.00,1.50
2015.09.04 20:55:43.886,1.47979,1.48027,1.00,1.00
2015.09.04 20:55:43.987,1.47979,1.48031,1.00,1.00
2015.09.04 20:55:44.685,1.47979,1.48031,1.00,1.37
2015.09.04 20:55:46.333,1.47976,1.48031,1.00,1.87
2015.09.04 20:55:46.384,1.47964,1.48029,1.00,1.37
2015.09.04 20:55:46.435,1.47964,1.48029,1.00,1.50
2015.09.04 20:55:46.486,1.47958,1.48029,1.37,2.25
2015.09.04 20:55:47.386,1.47973,1.48029,1.00,2.25
2015.09.04 20:55:47.689,1.47976,1.48029,1.00,2.25
2015.09.04 20:55:48.126,1.47973,1.48029,1.50,2.25
2015.09.04 20:55:48.177,1.47968,1.48029,1.00,1.50
2015.09.04 20:55:48.278,1.4796,1.48029,1.87,1.50
2015.09.04 20:55:52.474,1.47956,1.48027,1.12,1.75
2015.09.04 20:56:04.705,1.47957,1.48028,1.37,1.37
2015.09.04 20:56:05.373,1.47952,1.48023,1.87,1.37
2015.09.04 20:56:05.676,1.47947,1.48022,1.87,1.75
2015.09.04 20:56:16.237,1.47947,1.48018,1.12,1.37
2015.09.04 20:56:16.440,1.47952,1.48019,1.00,1.50
2015.09.04 20:56:17.102,1.47952,1.4802,1.10,1.37
2015.09.04 20:56:24.554,1.47955,1.48022,1.00,1.75
2015.09.04 20:56:28.812,1.47959,1.48022,1.00,1.75
2015.09.04 20:56:31.034,1.47964,1.48022,1.00,1.75
2015.09.04 20:56:31.186,1.47964,1.48026,1.00,1.50
2015.09.04 20:56:31.549,1.47961,1.48026,2.25,1.50
2015.09.04 20:56:37.366,1.47967,1.48026,1.00,1.50
2015.09.04 20:56:38.067,1.47966,1.48026,1.00,2.25
2015.09.04 20:56:38.119,1.47966,1.48026,1.00,1.87
2015.09.04 20:56:38.423,1.47962,1.48025,1.00,1.37
2015.09.04 20:56:39.756,1.47962,1.48024,1.00,1.37
2015.09.04 20:56:40.343,1.47961,1.48023,1.00,1.37
2015.09.04 20:56:42.923,1.47959,1.48023,1.00,1.37
2015.09.04 20:56:43.025,1.47955,1.48024,1.00,2.25
2015.09.04 20:56:43.076,1.47955,1.48024,1.37,1.87
2015.09.04 20:56:43.228,1.47955,1.48023,1.00,1.37
2015.09.04 20:56:43.330,1.47956,1.48026,1.37,1.50
2015.09.04 20:56:43.432,1.47955,1.48024,1.37,1.37
2015.09.04 20:56:44.125,1.47955,1.48019,1.37,1.00
2015.09.04 20:56:44.284,1.47955,1.48022,1.37,1.37
2015.09.04 20:56:44.538,1.47967,1.48024,1.00,1.37
2015.09.04 20:56:44.742,1.47967,1.48037,2.25,1.00
2015.09.04 20:56:45.035,1.47969,1.48037,1.37,1.00
2015.09.04 20:56:45.372,1.47971,1.48037,1.50,1.00
2015.09.04 20:56:49.374,1.47992,1.48037,1.00,1.00
2015.09.04 20:56:49.577,1.47976,1.48037,1.37,1.00
2015.09.04 20:56:50.466,1.47975,1.48037,1.75,1.00
2015.09.04 20:56:50.568,1.47972,1.48037,1.37,1.00
2015.09.04 20:56:52.291,1.47986,1.48037,1.00,1.00
2015.09.04 20:56:53.274,1.47976,1.48037,1.12,1.00
2015.09.04 20:56:53.327,1.47976,1.48037,1.37,1.00
2015.09.04 20:56:56.493,1.47993,1.48037,1.00,1.00
2015.09.04 20:56:56.806,1.47995,1.48037,1.37,1.00
2015.09.04 20:56:57.162,1.47996,1.48037,1.37,1.00
2015.09.04 20:56:57.263,1.47988,1.48038,1.00,1.00
2015.09.04 20:56:57.365,1.47993,1.4804,1.75,1.00
2015.09.04 20:56:58.056,1.47993,1.48041,1.75,1.00
2015.09.04 20:56:58.557,1.47979,1.4804,1.37,1.00
2015.09.04 20:56:58.660,1.47994,1.4804,1.00,1.00
2015.09.04 20:56:58.965,1.47994,1.4804,1.37,1.00
2015.09.04 20:56:59.341,1.4798,1.4804,1.37,1.00
2015.09.04 20:57:00.748,1.47982,1.4804,1.75,1.00
2015.09.04 20:57:00.799,1.47996,1.4804,1.00,1.00
2015.09.04 20:57:00.900,1.47982,1.4804,1.37,1.00
2015.09.04 20:57:01.328,1.47981,1.4804,1.75,1.00
2015.09.04 20:57:01.479,1.47985,1.4804,1.00,1.00
2015.09.04 20:57:01.681,1.47976,1.4804,1.75,1.00
2015.09.04 20:57:01.985,1.47976,1.4804,1.75,1.00
2015.09.04 20:57:02.868,1.47976,1.4804,1.75,1.00
2015.09.04 20:57:03.019,1.47981,1.4804,1.75,1.00
2015.09.04 20:57:03.542,1.47981,1.48041,1.75,1.00
2015.09.04 20:57:04.512,1.47985,1.4804,1.37,1.00
2015.09.04 20:57:05.614,1.47985,1.48034,1.37,1.00
2015.09.04 20:57:07.195,1.47982,1.48034,1.10,1.00
2015.09.04 20:57:12.064,1.47978,1.48035,1.37,1.00
2015.09.04 20:57:15.226,1.47976,1.48034,1.00,1.00
2015.09.04 20:57:15.328,1.47976,1.48031,1.00,1.00
2015.09.04 20:57:15.429,1.47977,1.48037,1.37,1.00
2015.09.04 20:57:15.962,1.47977,1.48034,1.37,1.00
2015.09.04 20:57:16.648,1.4799,1.48034,1.00,1.00
2015.09.04 20:57:16.990,1.4799,1.48034,1.75,1.00
2015.09.04 20:57:17.091,1.47979,1.48034,1.37,1.00
2015.09.04 20:57:17.142,1.47992,1.48039,1.00,1.00
2015.09.04 20:57:17.495,1.47992,1.48043,1.50,1.00
2015.09.04 20:57:18.084,1.47992,1.4804,1.50,1.00
2015.09.04 20:57:18.185,1.47979,1.4804,2.25,1.00
2015.09.04 20:57:25.749,1.47988,1.4804,1.37,1.00
2015.09.04 20:57:26.363,1.47997,1.4804,1.00,1.00
2015.09.04 20:57:26.466,1.47988,1.4804,1.37,1.00
2015.09.04 20:57:26.567,1.47995,1.4804,1.00,1.00
2015.09.04 20:57:27.146,1.47992,1.4804,1.37,1.00
2015.09.04 20:57:32.362,1.47992,1.48043,1.37,1.00
2015.09.04 20:57:32.413,1.47992,1.48052,1.37,1.00
2015.09.04 20:57:32.565,1.47994,1.48052,1.50,1.00
2015.09.04 20:57:33.153,1.47992,1.48049,1.75,1.00
2015.09.04 20:57:33.357,1.47992,1.48049,1.37,1.00
2015.09.04 20:57:34.572,1.47998,1.48049,1.37,1.00
2015.09.04 20:57:34.993,1.48002,1.48049,1.37,1.00
2015.09.04 20:57:36.094,1.48007,1.48058,1.75,1.00
2015.09.04 20:57:36.345,1.48006,1.48053,2.25,1.00
2015.09.04 20:57:36.447,1.48007,1.48058,1.75,1.00
2015.09.04 20:57:36.852,1.48007,1.48052,1.75,1.00
2015.09.04 20:57:37.005,1.48007,1.48057,1.37,1.00
2015.09.04 20:57:37.455,1.48007,1.48052,1.37,1.00
2015.09.04 20:57:37.608,1.48007,1.48057,1.37,1.00
2015.09.04 20:57:38.063,1.48006,1.48053,1.37,1.00
2015.09.04 20:57:38.166,1.48007,1.48058,1.37,1.00
2015.09.04 20:57:38.695,1.48015,1.4808,1.37,1.00
2015.09.04 20:57:38.747,1.48015,1.48073,1.37,1.00
2015.09.04 20:57:39.266,1.48013,1.48073,1.37,1.00
2015.09.04 20:57:39.791,1.48013,1.48076,1.37,1.00
2015.09.04 20:57:40.087,1.48012,1.48071,1.37,1.00
2015.09.04 20:57:40.778,1.48009,1.4807,1.37,1.00
2015.09.04 20:57:46.886,1.48017,1.48073,1.00,1.00
2015.09.04 20:57:46.937,1.48017,1.48083,1.00,1.37
2015.09.04 20:57:46.988,1.48022,1.48086,1.10,1.00
2015.09.04 20:57:47.090,1.48015,1.48058,1.00,1.00
2015.09.04 20:57:47.141,1.48008,1.48058,1.75,1.00
2015.09.04 20:57:47.644,1.48001,1.48057,1.87,1.00
2015.09.04 20:57:49.667,1.48001,1.48055,1.87,1.00
2015.09.04 20:57:50.192,1.48,1.48054,1.12,1.00
2015.09.04 20:57:50.896,1.48001,1.48055,1.10,2.25
2015.09.04 20:57:51.049,1.48,1.48055,1.37,1.00
2015.09.04 20:57:51.100,1.48001,1.48061,1.87,1.00
2015.09.04 20:57:51.152,1.48001,1.48073,1.87,1.87
2015.09.04 20:57:51.202,1.48001,1.4807,1.87,1.00
2015.09.04 20:57:51.506,1.48005,1.48067,1.87,1.00
2015.09.04 20:57:51.932,1.48006,1.48067,1.37,1.00
2015.09.04 20:57:53.015,1.48006,1.48064,1.37,1.00
2015.09.04 20:57:53.491,1.48002,1.48064,1.37,1.00
2015.09.04 20:57:58.386,1.48014,1.48064,1.00,1.00
2015.09.04 20:57:58.437,1.48014,1.4807,1.00,1.00
2015.09.04 20:57:58.488,1.48014,1.48088,1.00,1.87
2015.09.04 20:57:58.539,1.48027,1.48082,1.00,1.00
2015.09.04 20:57:59.068,1.48042,1.48085,1.00,1.50
2015.09.04 20:57:59.220,1.48042,1.48091,1.00,1.00
2015.09.04 20:57:59.321,1.48042,1.48088,1.00,1.00
2015.09.04 20:58:00.096,1.48042,1.48088,1.00,1.12
2015.09.04 20:58:00.446,1.48042,1.48082,1.00,1.00
2015.09.04 20:58:02.141,1.48036,1.4808,1.00,1.00
2015.09.04 20:58:02.192,1.48028,1.4808,1.00,1.00
2015.09.04 20:58:02.243,1.48018,1.48079,1.00,1.00
2015.09.04 20:58:02.499,1.48015,1.48079,1.00,1.00
2015.09.04 20:58:04.724,1.48018,1.48079,1.00,1.00
2015.09.04 20:58:12.234,1.48018,1.48085,2.25,1.50
2015.09.04 20:58:16.181,1.48021,1.48085,2.25,1.00
2015.09.04 20:58:16.686,1.48013,1.48064,1.00,1.00
2015.09.04 20:58:16.989,1.4801,1.48064,1.00,1.00
2015.09.04 20:58:17.293,1.48012,1.48064,1.00,1.00
2015.09.04 20:58:17.394,1.4801,1.48067,1.00,1.50
2015.09.04 20:58:17.445,1.4801,1.48073,1.00,1.00
2015.09.04 20:58:17.496,1.4801,1.48086,1.00,1.00
2015.09.04 20:58:17.597,1.48011,1.4808,1.00,1.00
2015.09.04 20:58:18.304,1.48022,1.48085,1.00,1.00
2015.09.04 20:58:19.561,1.48017,1.48086,1.00,1.00
2015.09.04 20:58:22.595,1.48018,1.48088,1.00,1.00
2015.09.04 20:58:22.696,1.48018,1.4809,1.00,1.00
2015.09.04 20:58:22.797,1.48021,1.4809,1.00,1.00
2015.09.04 20:58:23.875,1.48018,1.48085,1.00,1.00
2015.09.04 20:58:25.278,1.48025,1.48085,1.00,1.00
2015.09.04 20:58:25.380,1.48025,1.48088,1.00,1.00
2015.09.04 20:58:25.481,1.48027,1.48091,1.00,1.00
2015.09.04 20:58:25.583,1.48026,1.48094,1.00,1.00
2015.09.04 20:58:25.684,1.48027,1.48091,1.00,1.00
2015.09.04 20:58:26.719,1.48025,1.48091,1.00,1.00
2015.09.04 20:58:26.922,1.4803,1.48091,1.00,1.00
2015.09.04 20:58:27.401,1.48024,1.4809,1.00,1.00
2015.09.04 20:58:30.444,1.4803,1.48091,1.00,1.00
2015.09.04 20:58:30.797,1.48027,1.4809,1.00,1.00
2015.09.04 20:58:30.848,1.48022,1.4809,1.00,1.00
2015.09.04 20:58:31.201,1.48024,1.48084,1.00,1.00
2015.09.04 20:58:31.532,1.48024,1.48076,1.00,1.00
2015.09.04 20:58:33.918,1.48021,1.48076,1.00,1.00
2015.09.04 20:58:35.232,1.48019,1.4807,1.00,1.00
2015.09.04 20:58:35.679,1.48013,1.4807,1.00,1.00
2015.09.04 20:58:35.730,1.48022,1.48091,1.00,1.00
2015.09.04 20:58:35.832,1.48013,1.48077,1.00,1.00
2015.09.04 20:58:36.340,1.48014,1.48078,1.00,1.00
2015.09.04 20:58:36.747,1.48009,1.4808,1.00,1.00
2015.09.04 20:58:37.247,1.48022,1.48097,1.00,1.00
2015.09.04 20:58:38.605,1.48022,1.48091,1.00,1.00
2015.09.04 20:58:38.708,1.48009,1.48081,1.50,1.00
2015.09.04 20:58:38.809,1.48022,1.48091,1.00,1.00
2015.09.04 20:58:39.018,1.48009,1.4808,2.25,1.00
2015.09.04 20:58:39.548,1.48009,1.48079,2.25,1.00
2015.09.04 20:58:39.740,1.4802,1.48092,1.00,1.00
2015.09.04 20:58:39.842,1.48009,1.48079,2.25,1.00
2015.09.04 20:58:40.145,1.48008,1.48058,1.00,1.50
2015.09.04 20:58:40.248,1.47992,1.48047,1.00,1.00
2015.09.04 20:58:40.683,1.47979,1.48029,1.00,1.00
2015.09.04 20:58:40.734,1.47979,1.48034,1.00,1.00
2015.09.04 20:58:41.221,1.47984,1.48034,1.00,1.00
2015.09.04 20:58:41.906,1.47981,1.48034,1.00,1.00
2015.09.04 20:58:43.219,1.47984,1.48034,1.00,1.00
2015.09.04 20:58:43.798,1.47985,1.48034,1.00,1.00
2015.09.04 20:58:46.059,1.47995,1.48034,1.00,1.00
2015.09.04 20:58:46.160,1.47995,1.48039,1.00,1.00
2015.09.04 20:58:46.262,1.47995,1.48044,1.00,1.00
2015.09.04 20:58:46.965,1.47982,1.48044,1.50,1.00
2015.09.04 20:58:47.167,1.47982,1.48039,1.00,1.00
2015.09.04 20:58:47.469,1.47982,1.48034,1.50,1.00
2015.09.04 20:58:47.770,1.47982,1.48027,1.00,1.00
2015.09.04 20:58:47.821,1.47975,1.48027,1.00,1.00
2015.09.04 20:58:47.872,1.47978,1.48035,1.00,1.50
2015.09.04 20:58:48.482,1.47979,1.48034,1.00,1.00
2015.09.04 20:58:48.584,1.47979,1.48039,1.00,1.00
2015.09.04 20:58:48.685,1.47977,1.48039,1.00,1.00
2015.09.04 20:58:48.837,1.47985,1.48039,1.00,1.00
2015.09.04 20:58:49.781,1.47985,1.48034,1.00,1.00
2015.09.04 20:58:50.566,1.47968,1.48034,1.00,1.00
2015.09.04 20:58:50.668,1.47968,1.48028,1.00,1.50
2015.09.04 20:58:50.820,1.47964,1.48028,1.00,1.50
2015.09.04 20:58:51.057,1.47964,1.48024,1.00,1.00
2015.09.04 20:58:51.799,1.47964,1.48027,1.00,1.00
2015.09.04 20:58:51.860,1.47965,1.48036,1.00,1.50
2015.09.04 20:58:51.911,1.4797,1.48036,1.00,1.50
2015.09.04 20:58:52.223,1.47976,1.48037,1.00,1.00
2015.09.04 20:58:52.535,1.47987,1.48037,1.00,1.00
2015.09.04 20:58:52.687,1.47976,1.48036,1.00,1.00
2015.09.04 20:58:53.168,1.4797,1.48036,1.00,1.00
2015.09.04 20:58:53.220,1.47987,1.48036,1.00,1.00
2015.09.04 20:58:53.863,1.47985,1.48036,1.00,1.00
2015.09.04 20:58:54.842,1.47986,1.48036,1.00,1.00
2015.09.04 20:58:55.125,1.47982,1.48036,1.00,1.00
2015.09.04 20:58:57.133,1.47984,1.48036,1.00,1.00
2015.09.04 20:58:58.952,1.47983,1.48036,1.00,1.00
2015.09.04 20:58:59.709,1.47978,1.48031,1.00,1.00
2015.09.04 20:58:59.760,1.47964,1.48031,1.00,1.00
2015.09.04 20:58:59.811,1.47962,1.48016,1.00,1.00
2015.09.04 20:58:59.862,1.47959,1.48016,1.00,1.00
2015.09.04 20:59:00.013,1.47974,1.48017,1.00,1.00
2015.09.04 20:59:00.064,1.47974,1.4803,1.00,1.00
2015.09.04 20:59:00.115,1.47963,1.4803,1.00,1.00
2015.09.04 20:59:00.166,1.47956,1.4803,1.00,1.00
2015.09.04 20:59:00.217,1.47956,1.48038,1.00,1.00
2015.09.04 20:59:00.267,1.47963,1.48038,1.00,1.00
2015.09.04 20:59:00.742,1.47965,1.48041,1.00,1.50
2015.09.04 20:59:00.795,1.47967,1.4804,1.00,1.00
2015.09.04 20:59:01.118,1.47979,1.4804,0.75,0.75
2015.09.04 20:59:01.219,1.4797,1.4804,0.75,0.75
2015.09.04 20:59:01.726,1.47978,1.4804,0.75,0.75
2015.09.04 20:59:01.901,1.47979,1.48082,0.75,0.75
2015.09.04 20:59:02.003,1.47982,1.48061,0.75,0.75
2015.09.04 20:59:02.306,1.47989,1.48058,0.75,1.50
2015.09.04 20:59:02.528,1.47982,1.48058,1.50,1.50
2015.09.04 20:59:03.374,1.47993,1.48063,0.75,0.75
2015.09.04 20:59:03.431,1.48002,1.48074,0.75,0.75
2015.09.04 20:59:04.319,1.48004,1.48074,0.75,0.75
2015.09.04 20:59:04.730,1.48006,1.48074,0.75,0.75
2015.09.04 20:59:05.525,1.48005,1.48074,0.75,0.75
2015.09.04 20:59:05.828,1.48008,1.48076,0.75,0.75
2015.09.04 20:59:05.936,1.48008,1.48084,0.75,0.75
2015.09.04 20:59:06.063,1.4801,1.48084,0.75,0.75
2015.09.04 20:59:08.938,1.48013,1.48084,0.75,0.75
2015.09.04 20:59:13.741,1.48013,1.48088,0.75,0.75
2015.09.04 20:59:14.729,1.48012,1.48086,0.75,0.75
2015.09.04 20:59:15.847,1.48013,1.48088,0.75,0.75
2015.09.04 20:59:16.147,1.48019,1.48088,0.75,0.75
2015.09.04 20:59:16.849,1.48019,1.48094,0.75,1.50
2015.09.04 20:59:16.950,1.48019,1.4809,0.75,0.75
2015.09.04 20:59:17.051,1.48013,1.48091,0.75,0.75
2015.09.04 20:59:17.361,1.48007,1.48084,0.75,0.75
2015.09.04 20:59:18.164,1.48012,1.48089,0.75,0.75
2015.09.04 20:59:18.514,1.48004,1.48078,0.75,0.75
2015.09.04 20:59:19.302,1.48008,1.48083,0.75,0.75
2015.09.04 20:59:20.047,1.48015,1.48081,1.50,0.75
2015.09.04 20:59:20.098,1.48006,1.48081,0.75,0.75
2015.09.04 20:59:20.521,1.48012,1.48081,0.75,0.75
2015.09.04 20:59:20.722,1.48006,1.48081,1.50,0.75
2015.09.04 20:59:21.224,1.48005,1.48082,0.75,0.75
2015.09.04 20:59:22.080,1.48001,1.48076,0.75,0.75
2015.09.04 20:59:24.881,1.48009,1.48076,0.75,0.75
2015.09.04 20:59:25.218,1.48013,1.48079,0.75,0.75
2015.09.04 20:59:25.551,1.4801,1.48079,0.75,0.75
2015.09.04 20:59:25.865,1.48007,1.48079,0.75,0.75
2015.09.04 20:59:26.026,1.48009,1.48079,0.75,0.75
2015.09.04 20:59:26.242,1.48008,1.48091,0.75,1.50
2015.09.04 20:59:26.343,1.48033,1.48106,0.75,0.75
2015.09.04 20:59:26.603,1.48024,1.48106,0.75,0.75
2015.09.04 20:59:26.733,1.48009,1.48103,0.75,0.75
2015.09.04 20:59:27.033,1.48009,1.481,0.75,0.75
2015.09.04 20:59:29.709,1.48033,1.48106,0.75,0.75
2015.09.04 20:59:30.021,1.48036,1.48106,0.75,0.75
2015.09.04 20:59:30.543,1.48036,1.48115,0.75,0.75
2015.09.04 20:59:38.434,1.48029,1.48115,0.75,0.75
2015.09.04 20:59:38.485,1.48009,1.48115,0.75,0.75
2015.09.04 20:59:38.547,1.48012,1.48115,0.75,0.75
2015.09.04 20:59:38.859,1.48009,1.48109,0.75,0.75
2015.09.04 20:59:38.937,1.48009,1.48115,0.75,1.50
2015.09.04 20:59:39.038,1.48009,1.48112,0.75,0.75
2015.09.04 20:59:39.588,1.48033,1.48115,0.75,0.75
2015.09.04 20:59:39.639,1.48033,1.48133,0.75,2.25
2015.09.04 20:59:39.790,1.48033,1.48121,0.75,0.75
2015.09.04 20:59:40.092,1.48033,1.48113,0.75,0.75
2015.09.04 20:59:40.510,1.48033,1.48095,0.75,0.75
2015.09.04 20:59:41.199,1.48059,1.48095,0.75,0.75
2015.09.04 20:59:41.300,1.48059,1.481,0.75,0.75
2015.09.04 20:59:41.521,1.48059,1.48125,0.75,0.75
2015.09.04 20:59:41.571,1.48064,1.48121,0.75,1.50
2015.09.04 20:59:41.909,1.48065,1.48118,0.75,0.75
2015.09.04 20:59:42.680,1.48057,1.48118,0.75,0.75
2015.09.04 20:59:45.098,1.4802,1.48118,1.50,0.75
2015.09.04 20:59:45.205,1.48051,1.48118,0.75,0.75
2015.09.04 20:59:45.306,1.48029,1.48115,0.75,0.75
2015.09.04 20:59:45.532,1.48012,1.48115,0.75,0.75
2015.09.04 20:59:45.583,1.4802,1.48115,0.75,0.75
2015.09.04 20:59:45.745,1.48012,1.48115,0.75,0.75
2015.09.04 20:59:52.088,1.48019,1.48124,0.75,0.75
2015.09.04 20:59:52.333,1.48019,1.48121,0.75,0.75
2015.09.04 20:59:53.091,1.48019,1.48118,0.75,0.75
2015.09.04 20:59:53.918,1.48027,1.48143,0.75,0.75
2015.09.04 20:59:54.018,1.48027,1.48124,0.75,0.75
2015.09.04 20:59:54.319,1.48012,1.48116,0.75,0.75
2015.09.04 20:59:54.625,1.47999,1.48116,0.75,0.75
2015.09.04 20:59:54.725,1.48008,1.48116,0.75,0.75
2015.09.04 20:59:56.117,1.48008,1.48136,0.75,0.75
2015.09.04 20:59:56.218,1.48008,1.48139,0.75,0.75
2015.09.04 20:59:59.782,1.47973,1.48169,0.75,0.75
