2012.08.31 19:00:00.055,1.23976,1.23995,1.50,1.50
2012.08.31 19:00:00.805,1.23978,1.23995,1.50,1.50
2012.08.31 19:00:01.114,1.2398,1.23998,1.50,1.50
2012.08.31 19:00:01.261,1.23979,1.23995,1.50,1.50
2012.08.31 19:00:03.717,1.23979,1.23994,1.50,1.50
2012.08.31 19:00:03.865,1.23971,1.23989,1.50,1.50
2012.08.31 19:00:10.602,1.23967,1.23987,1.50,3.00
2012.08.31 19:00:10.733,1.23967,1.23985,1.50,1.50
2012.08.31 19:00:11.406,1.23968,1.23987,1.50,1.50
2012.08.31 19:00:11.543,1.23969,1.23989,1.50,1.50
2012.08.31 19:00:11.823,1.23966,1.23984,1.50,1.50
2012.08.31 19:00:13.273,1.23967,1.23984,2.25,1.50
2012.08.31 19:00:13.533,1.23971,1.23987,1.50,1.50
2012.08.31 19:00:13.742,1.23973,1.23991,1.50,1.50
2012.08.31 19:00:14.122,1.23971,1.2399,1.50,1.50
2012.08.31 19:00:15.692,1.23971,1.23987,1.50,1.50
2012.08.31 19:00:15.822,1.2397,1.23987,1.50,1.50
2012.08.31 19:00:16.082,1.23971,1.23991,2.25,2.25
2012.08.31 19:00:16.456,1.23971,1.23989,1.50,1.50
2012.08.31 19:00:16.533,1.2397,1.23987,1.50,1.50
2012.08.31 19:00:18.123,1.23971,1.2399,1.50,1.50
2012.08.31 19:00:18.194,1.23972,1.2399,1.50,1.50
2012.08.31 19:00:18.324,1.2397,1.23988,1.50,1.50
2012.08.31 19:00:18.674,1.23969,1.23985,1.50,1.50
2012.08.31 19:00:18.887,1.23967,1.23983,1.50,1.50
2012.08.31 19:00:19.036,1.23962,1.23979,1.50,1.50
2012.08.31 19:00:19.113,1.23961,1.23979,1.50,2.25
2012.08.31 19:00:19.432,1.23961,1.23979,1.50,2.25
2012.08.31 19:00:19.518,1.23961,1.23981,1.50,1.50
2012.08.31 19:00:19.845,1.23959,1.23979,1.50,1.50
2012.08.31 19:00:19.915,1.23958,1.23979,1.50,2.25
2012.08.31 19:00:20.044,1.23956,1.23975,1.50,1.50
2012.08.31 19:00:20.422,1.23953,1.23972,1.50,1.50
2012.08.31 19:00:20.697,1.23953,1.23972,1.50,1.50
2012.08.31 19:00:21.033,1.23958,1.23973,1.50,1.50
2012.08.31 19:00:21.343,1.23959,1.23976,1.50,1.50
2012.08.31 19:00:21.593,1.23962,1.23982,2.25,2.25
2012.08.31 19:00:21.784,1.23964,1.23983,1.50,1.50
2012.08.31 19:00:22.514,1.23962,1.23982,2.25,2.25
2012.08.31 19:00:22.823,1.23961,1.23977,1.50,1.50
2012.08.31 19:00:23.304,1.23959,1.23978,2.25,1.50
2012.08.31 19:00:23.911,1.23962,1.23981,1.50,1.50
2012.08.31 19:00:24.777,1.23962,1.23981,1.50,1.50
2012.08.31 19:00:26.071,1.23963,1.23982,1.50,1.50
2012.08.31 19:00:26.145,1.23962,1.23981,1.50,1.50
2012.08.31 19:00:26.594,1.23962,1.23981,1.50,2.25
2012.08.31 19:00:26.664,1.23961,1.2398,1.50,1.50
2012.08.31 19:00:29.213,1.23962,1.2398,1.50,1.50
2012.08.31 19:00:29.344,1.23965,1.23981,2.25,1.50
2012.08.31 19:00:32.272,1.23964,1.23983,1.50,1.50
2012.08.31 19:00:32.582,1.23966,1.23983,1.50,1.13
2012.08.31 19:00:32.653,1.23964,1.23982,1.50,1.50
2012.08.31 19:00:33.234,1.23964,1.23983,2.25,1.13
2012.08.31 19:00:33.523,1.23964,1.23983,1.50,1.88
2012.08.31 19:00:34.016,1.23964,1.23979,1.50,1.50
2012.08.31 19:00:34.093,1.23964,1.23983,1.50,1.88
2012.08.31 19:00:34.581,1.23964,1.23979,1.50,1.50
2012.08.31 19:00:34.651,1.23966,1.23983,1.50,1.13
2012.08.31 19:00:34.813,1.23964,1.2398,1.50,1.50
2012.08.31 19:00:34.882,1.23962,1.23976,1.50,1.50
2012.08.31 19:00:34.952,1.23964,1.2398,1.50,1.50
2012.08.31 19:00:35.205,1.23964,1.23983,1.50,1.13
2012.08.31 19:00:35.272,1.23966,1.23984,1.50,3.00
2012.08.31 19:00:35.463,1.23959,1.2397,2.25,1.50
2012.08.31 19:00:35.532,1.23961,1.23977,1.50,1.50
2012.08.31 19:00:35.604,1.23961,1.23979,1.50,1.50
2012.08.31 19:00:35.814,1.23959,1.23968,1.50,1.50
2012.08.31 19:00:35.882,1.23963,1.2398,1.50,1.50
2012.08.31 19:00:36.392,1.23963,1.2398,1.50,1.50
2012.08.31 19:00:36.702,1.2397,1.23986,1.50,3.75
2012.08.31 19:00:36.774,1.23968,1.23986,1.50,3.75
2012.08.31 19:00:37.235,1.23966,1.23983,1.50,1.13
2012.08.31 19:00:37.302,1.23963,1.23982,1.50,1.50
2012.08.31 19:00:37.616,1.23963,1.2398,1.50,1.50
2012.08.31 19:00:37.696,1.23962,1.23978,1.50,1.50
2012.08.31 19:00:38.020,1.23962,1.23974,1.50,1.13
2012.08.31 19:00:38.095,1.23957,1.23974,1.50,1.13
2012.08.31 19:00:39.363,1.23956,1.23975,1.50,1.50
2012.08.31 19:00:39.441,1.23959,1.23977,1.50,1.50
2012.08.31 19:00:39.766,1.23955,1.23975,2.25,1.50
2012.08.31 19:00:41.174,1.23959,1.23977,1.50,2.25
2012.08.31 19:00:42.813,1.23956,1.23975,1.50,1.50
2012.08.31 19:00:45.082,1.23956,1.23974,1.50,1.50
2012.08.31 19:00:45.468,1.23954,1.23971,1.50,1.50
2012.08.31 19:00:45.833,1.2395,1.2397,1.50,2.25
2012.08.31 19:00:47.937,1.23954,1.23973,1.50,1.50
2012.08.31 19:00:49.412,1.23954,1.23973,1.50,1.88
2012.08.31 19:00:50.064,1.23957,1.23973,1.50,1.50
2012.08.31 19:00:50.573,1.23952,1.2397,1.50,1.50
2012.08.31 19:00:51.966,1.23955,1.23973,1.50,1.50
2012.08.31 19:00:52.214,1.23952,1.23969,1.50,1.50
2012.08.31 19:00:52.462,1.23952,1.23969,1.50,1.50
2012.08.31 19:00:53.414,1.23949,1.23967,2.25,3.00
2012.08.31 19:00:53.565,1.23945,1.23962,1.50,1.50
2012.08.31 19:00:55.183,1.23945,1.23963,1.50,1.50
2012.08.31 19:00:56.445,1.23945,1.23962,1.50,1.50
2012.08.31 19:00:56.692,1.23945,1.23964,1.50,2.25
2012.08.31 19:00:57.874,1.23948,1.23964,1.50,1.50
2012.08.31 19:00:57.942,1.23949,1.23965,1.50,1.50
2012.08.31 19:00:58.572,1.23946,1.23964,1.50,1.50
2012.08.31 19:01:00.553,1.23949,1.23964,1.50,1.50
2012.08.31 19:01:00.978,1.23946,1.23964,1.50,2.25
2012.08.31 19:01:03.132,1.23946,1.23964,1.50,2.25
2012.08.31 19:01:04.333,1.23943,1.23962,1.50,1.50
2012.08.31 19:01:06.702,1.23943,1.23962,1.50,2.25
2012.08.31 19:01:07.934,1.23945,1.23962,1.50,1.50
2012.08.31 19:01:10.024,1.23948,1.23963,1.50,1.50
2012.08.31 19:01:11.045,1.23944,1.23962,1.50,1.50
2012.08.31 19:01:11.586,1.23944,1.23963,1.50,1.50
2012.08.31 19:01:12.182,1.23947,1.23964,1.50,2.25
2012.08.31 19:01:12.864,1.23947,1.23963,1.50,1.50
2012.08.31 19:01:15.704,1.23947,1.23964,1.50,1.50
2012.08.31 19:01:19.044,1.2395,1.23966,1.50,1.50
2012.08.31 19:01:19.255,1.2395,1.23971,1.50,1.69
2012.08.31 19:01:19.553,1.23952,1.23974,1.50,1.50
2012.08.31 19:01:20.294,1.23951,1.23972,1.50,1.50
2012.08.31 19:01:24.050,1.2395,1.23964,1.50,1.50
2012.08.31 19:01:24.270,1.23952,1.2397,1.50,1.50
2012.08.31 19:01:26.226,1.23952,1.2397,1.50,1.50
2012.08.31 19:01:29.812,1.23953,1.2397,1.50,1.50
2012.08.31 19:01:37.214,1.23953,1.2397,1.50,1.50
2012.08.31 19:01:37.532,1.23954,1.23973,1.50,2.25
2012.08.31 19:01:37.605,1.23958,1.23975,1.50,2.25
2012.08.31 19:01:38.116,1.23955,1.23972,1.50,1.50
2012.08.31 19:01:38.475,1.23952,1.23967,1.50,1.50
2012.08.31 19:01:39.623,1.23948,1.23964,1.50,1.50
2012.08.31 19:01:40.573,1.23948,1.23964,1.50,1.50
2012.08.31 19:01:40.845,1.23945,1.23963,2.25,2.25
2012.08.31 19:01:41.178,1.23943,1.23957,1.50,2.25
2012.08.31 19:01:41.256,1.23942,1.23957,1.50,2.25
2012.08.31 19:01:41.765,1.23937,1.23955,2.25,2.25
2012.08.31 19:01:42.166,1.23939,1.23955,1.50,1.50
2012.08.31 19:01:42.237,1.23948,1.23963,1.50,1.69
2012.08.31 19:01:42.655,1.23942,1.23961,1.50,1.50
2012.08.31 19:01:42.736,1.23947,1.23964,1.50,1.50
2012.08.31 19:01:42.883,1.23944,1.23961,1.50,1.50
2012.08.31 19:01:43.514,1.23948,1.23964,1.50,1.50
2012.08.31 19:01:44.814,1.23944,1.23962,1.50,1.50
2012.08.31 19:01:45.641,1.2395,1.23967,1.50,1.50
2012.08.31 19:01:47.534,1.2395,1.23968,1.50,1.50
2012.08.31 19:01:47.664,1.23954,1.23972,1.50,1.50
2012.08.31 19:01:47.737,1.23955,1.23972,1.13,1.50
2012.08.31 19:01:47.884,1.23956,1.23977,1.13,2.25
2012.08.31 19:01:48.016,1.23959,1.23977,1.50,2.25
2012.08.31 19:01:48.342,1.23957,1.23975,1.50,1.50
2012.08.31 19:01:48.922,1.23957,1.23977,2.25,2.25
2012.08.31 19:01:48.993,1.23959,1.23977,1.50,1.50
2012.08.31 19:01:49.514,1.23959,1.23978,1.50,1.50
2012.08.31 19:01:50.632,1.2396,1.23977,1.50,1.50
2012.08.31 19:01:50.705,1.23958,1.23976,1.50,1.50
2012.08.31 19:01:52.812,1.23961,1.23977,1.50,1.50
2012.08.31 19:02:01.222,1.23957,1.23977,2.25,1.50
2012.08.31 19:02:01.293,1.23957,1.23976,2.25,1.50
2012.08.31 19:02:01.596,1.2396,1.23978,1.50,1.50
2012.08.31 19:02:02.641,1.23957,1.23975,3.00,1.50
2012.08.31 19:02:06.024,1.23959,1.23979,1.50,3.00
2012.08.31 19:02:07.294,1.23957,1.23977,2.25,1.50
2012.08.31 19:02:07.505,1.23952,1.23969,1.50,1.50
2012.08.31 19:02:07.703,1.23953,1.23972,1.50,1.50
2012.08.31 19:02:07.777,1.23954,1.23972,1.50,1.50
2012.08.31 19:02:08.675,1.23958,1.23975,1.50,1.50
2012.08.31 19:02:08.744,1.23952,1.23971,1.50,1.50
2012.08.31 19:02:09.753,1.23952,1.23971,1.50,1.50
2012.08.31 19:02:10.131,1.23955,1.23973,1.50,1.50
2012.08.31 19:02:10.273,1.23954,1.23973,1.50,1.50
2012.08.31 19:02:10.467,1.23957,1.23975,1.50,1.50
2012.08.31 19:02:10.546,1.2396,1.23979,1.50,1.32
2012.08.31 19:02:10.626,1.23959,1.23976,1.50,1.50
2012.08.31 19:02:10.705,1.23955,1.23969,1.50,1.50
2012.08.31 19:02:11.119,1.2396,1.23977,1.50,1.50
2012.08.31 19:02:11.195,1.23966,1.23983,1.50,1.50
2012.08.31 19:02:11.602,1.23963,1.23981,1.50,1.50
2012.08.31 19:02:12.037,1.23966,1.23983,1.50,1.50
2012.08.31 19:02:12.424,1.23957,1.23971,2.25,1.50
2012.08.31 19:02:12.494,1.2396,1.2398,2.25,1.50
2012.08.31 19:02:12.562,1.23964,1.23982,1.50,2.25
2012.08.31 19:02:12.753,1.23957,1.23973,2.25,1.50
2012.08.31 19:02:12.824,1.23961,1.23979,1.50,1.50
2012.08.31 19:02:13.014,1.23966,1.23984,1.50,1.50
2012.08.31 19:02:13.143,1.23962,1.23982,1.50,2.25
2012.08.31 19:02:13.214,1.2396,1.2398,2.25,1.50
2012.08.31 19:02:14.131,1.23963,1.23981,1.50,1.50
2012.08.31 19:02:14.207,1.2396,1.23978,1.50,1.50
2012.08.31 19:02:14.766,1.23961,1.23982,1.50,1.50
2012.08.31 19:02:15.025,1.23957,1.23974,1.50,1.50
2012.08.31 19:02:15.096,1.23959,1.23978,1.50,1.50
2012.08.31 19:02:15.226,1.23955,1.23966,2.25,1.50
2012.08.31 19:02:15.417,1.23954,1.23971,1.50,1.50
2012.08.31 19:02:15.493,1.23954,1.23973,1.50,1.50
2012.08.31 19:02:15.573,1.23952,1.23969,2.25,1.50
2012.08.31 19:02:15.647,1.23952,1.23969,1.50,1.50
2012.08.31 19:02:15.783,1.23952,1.23971,2.25,1.50
2012.08.31 19:02:16.034,1.23953,1.23975,1.50,2.25
2012.08.31 19:02:16.104,1.23957,1.23975,1.50,1.50
2012.08.31 19:02:16.474,1.23952,1.23971,2.25,1.50
2012.08.31 19:02:17.846,1.23952,1.23974,2.25,2.25
2012.08.31 19:02:17.913,1.23957,1.23974,1.50,1.50
2012.08.31 19:02:18.585,1.23957,1.23974,1.50,2.25
2012.08.31 19:02:18.712,1.23952,1.2397,2.25,1.50
2012.08.31 19:02:19.261,1.23951,1.23967,1.50,1.50
2012.08.31 19:02:19.453,1.23953,1.23972,1.50,1.50
2012.08.31 19:02:19.821,1.23952,1.23972,1.50,1.50
2012.08.31 19:02:19.952,1.23954,1.23974,1.50,2.25
2012.08.31 19:02:21.313,1.23954,1.23974,2.25,1.50
2012.08.31 19:02:21.561,1.23955,1.23974,1.50,2.25
2012.08.31 19:02:21.822,1.23959,1.23976,1.50,1.50
2012.08.31 19:02:22.012,1.23954,1.23974,1.50,1.50
2012.08.31 19:02:22.204,1.23952,1.23969,1.50,1.50
2012.08.31 19:02:22.275,1.23948,1.23964,2.25,1.50
2012.08.31 19:02:22.342,1.23952,1.23971,1.50,1.50
2012.08.31 19:02:22.412,1.23956,1.23975,1.50,1.50
2012.08.31 19:02:24.092,1.23956,1.23975,1.50,1.50
2012.08.31 19:02:26.033,1.23954,1.23975,1.50,2.25
2012.08.31 19:02:26.301,1.23952,1.23973,2.25,1.50
2012.08.31 19:02:26.373,1.23951,1.23968,1.50,1.50
2012.08.31 19:02:26.912,1.23952,1.23971,1.50,1.50
2012.08.31 19:02:26.981,1.23955,1.23973,1.50,1.50
2012.08.31 19:02:27.494,1.23956,1.23975,1.50,1.50
2012.08.31 19:02:27.562,1.23961,1.23978,1.50,4.88
2012.08.31 19:02:27.693,1.23959,1.23975,1.50,1.50
2012.08.31 19:02:27.775,1.23957,1.23975,1.50,1.50
2012.08.31 19:02:27.842,1.23955,1.23973,1.50,1.50
2012.08.31 19:02:28.072,1.23955,1.23975,1.50,1.50
2012.08.31 19:02:28.601,1.23955,1.23974,1.50,1.50
2012.08.31 19:02:28.805,1.23956,1.23974,1.50,1.50
2012.08.31 19:02:28.934,1.23957,1.23974,1.50,1.50
2012.08.31 19:02:29.133,1.23955,1.23973,1.50,1.50
2012.08.31 19:02:30.623,1.23952,1.23968,1.50,1.50
2012.08.31 19:02:30.835,1.23958,1.23976,1.50,1.50
2012.08.31 19:02:31.624,1.23958,1.23976,1.50,1.50
2012.08.31 19:02:33.404,1.23956,1.23976,2.25,1.50
2012.08.31 19:02:33.473,1.2396,1.23978,1.50,1.50
2012.08.31 19:02:38.226,1.23962,1.23981,1.50,1.50
2012.08.31 19:02:50.156,1.23959,1.2398,1.50,1.50
2012.08.31 19:02:50.231,1.23959,1.23979,1.50,1.50
2012.08.31 19:02:51.466,1.23959,1.23977,1.50,1.50
2012.08.31 19:02:51.615,1.23961,1.23979,1.50,2.25
2012.08.31 19:02:51.802,1.23959,1.23977,1.50,1.50
2012.08.31 19:02:51.934,1.23959,1.23978,1.50,1.50
2012.08.31 19:02:52.003,1.23959,1.23977,1.50,1.50
2012.08.31 19:02:53.796,1.23959,1.23979,1.50,3.00
2012.08.31 19:02:53.873,1.23961,1.23979,1.50,2.25
2012.08.31 19:02:55.505,1.23958,1.23979,1.50,2.25
2012.08.31 19:02:55.879,1.23958,1.23977,1.50,1.50
2012.08.31 19:03:01.208,1.2396,1.23977,1.50,1.50
2012.08.31 19:03:01.713,1.2396,1.23978,1.50,1.50
2012.08.31 19:03:04.973,1.2396,1.23979,1.50,1.50
2012.08.31 19:03:07.492,1.23955,1.23973,1.50,1.50
2012.08.31 19:03:07.803,1.23955,1.23972,1.50,1.50
2012.08.31 19:03:08.182,1.23954,1.2397,1.50,1.50
2012.08.31 19:03:08.382,1.23953,1.2397,2.25,1.50
2012.08.31 19:03:09.160,1.23951,1.2397,1.50,1.50
2012.08.31 19:03:12.544,1.23954,1.23972,1.50,1.50
2012.08.31 19:03:16.124,1.23951,1.23971,1.50,1.50
2012.08.31 19:03:16.195,1.23951,1.2397,1.50,1.50
2012.08.31 19:03:17.675,1.23953,1.23973,1.50,2.25
2012.08.31 19:03:34.479,1.23953,1.23971,1.50,1.50
2012.08.31 19:03:35.814,1.23953,1.23973,1.50,2.25
2012.08.31 19:03:37.563,1.23955,1.23973,1.50,1.50
2012.08.31 19:03:38.090,1.23953,1.23973,1.50,2.25
2012.08.31 19:03:44.344,1.23954,1.2397,1.50,1.50
2012.08.31 19:03:44.548,1.2395,1.23967,1.50,1.50
2012.08.31 19:03:44.686,1.23953,1.23971,1.50,1.50
2012.08.31 19:03:44.826,1.2395,1.23967,1.50,1.50
2012.08.31 19:03:44.903,1.23951,1.23971,1.50,2.25
2012.08.31 19:03:45.375,1.23952,1.23968,1.50,1.50
2012.08.31 19:03:45.443,1.23949,1.23967,1.50,1.50
2012.08.31 19:03:49.404,1.23945,1.23964,1.50,1.50
2012.08.31 19:03:54.054,1.23947,1.23969,2.25,1.13
2012.08.31 19:03:54.124,1.23952,1.23969,1.50,1.13
2012.08.31 19:04:00.546,1.23951,1.23969,1.50,1.50
2012.08.31 19:04:00.683,1.23947,1.23964,1.50,1.50
2012.08.31 19:04:02.676,1.23949,1.23967,1.50,1.50
2012.08.31 19:04:04.606,1.23949,1.23968,1.50,1.50
2012.08.31 19:04:04.925,1.23956,1.23973,1.50,1.50
2012.08.31 19:04:05.383,1.23951,1.23971,1.50,1.50
2012.08.31 19:04:06.195,1.23953,1.23974,1.50,3.00
2012.08.31 19:04:06.266,1.23956,1.23974,1.50,2.25
2012.08.31 19:04:06.479,1.23959,1.23977,1.50,2.25
2012.08.31 19:04:09.107,1.23967,1.23978,1.50,1.50
2012.08.31 19:04:09.255,1.23961,1.23978,1.50,1.50
2012.08.31 19:04:09.324,1.23961,1.23978,1.50,1.50
2012.08.31 19:04:09.513,1.23959,1.23977,1.50,2.25
2012.08.31 19:04:17.715,1.23961,1.23977,1.50,1.50
2012.08.31 19:04:18.043,1.23963,1.23979,1.50,1.50
2012.08.31 19:04:18.866,1.23963,1.23979,1.50,1.50
2012.08.31 19:04:19.854,1.23965,1.23981,1.50,1.50
2012.08.31 19:04:20.207,1.23967,1.23983,2.25,1.50
2012.08.31 19:04:20.543,1.23964,1.23981,1.50,1.50
2012.08.31 19:04:20.613,1.23961,1.23981,1.50,1.50
2012.08.31 19:04:23.075,1.23964,1.23983,1.50,2.25
2012.08.31 19:04:23.143,1.23965,1.23983,1.50,2.25
2012.08.31 19:04:23.586,1.23965,1.23982,1.50,1.50
2012.08.31 19:04:26.843,1.23962,1.2398,1.50,2.25
2012.08.31 19:04:29.897,1.23969,1.23987,1.50,2.25
2012.08.31 19:04:30.213,1.23966,1.23984,1.50,1.50
2012.08.31 19:04:31.345,1.23965,1.23983,1.50,1.50
2012.08.31 19:04:35.923,1.23963,1.23983,1.50,1.50
2012.08.31 19:04:35.991,1.23962,1.2398,1.50,1.50
2012.08.31 19:04:36.544,1.23963,1.23984,1.50,2.25
2012.08.31 19:04:36.613,1.23966,1.23984,1.50,2.25
2012.08.31 19:04:38.555,1.23965,1.23984,1.50,2.25
2012.08.31 19:04:39.083,1.23963,1.23981,1.50,1.50
2012.08.31 19:04:45.544,1.23963,1.23984,1.50,2.25
2012.08.31 19:04:45.613,1.23966,1.23984,1.50,1.50
2012.08.31 19:04:48.974,1.23969,1.23989,1.50,2.25
2012.08.31 19:04:51.858,1.23972,1.23989,1.50,1.50
2012.08.31 19:04:52.309,1.23969,1.23989,1.50,1.50
2012.08.31 19:04:53.826,1.23974,1.2399,1.50,1.50
2012.08.31 19:04:54.411,1.23966,1.23986,1.50,2.25
2012.08.31 19:04:54.490,1.23966,1.23985,1.50,2.25
2012.08.31 19:04:55.148,1.23966,1.23985,1.50,1.50
2012.08.31 19:04:55.697,1.23967,1.23985,1.50,1.50
2012.08.31 19:04:58.526,1.23967,1.23978,1.50,1.13
2012.08.31 19:04:58.873,1.23963,1.23976,1.50,1.50
2012.08.31 19:04:58.946,1.23959,1.23975,1.50,1.50
2012.08.31 19:04:59.026,1.23956,1.23973,1.50,1.50
2012.08.31 19:05:01.874,1.23956,1.23974,2.25,1.50
2012.08.31 19:05:02.026,1.23963,1.23977,1.50,1.50
2012.08.31 19:05:02.575,1.23958,1.23975,1.50,3.00
2012.08.31 19:05:02.764,1.23956,1.23972,1.50,1.50
2012.08.31 19:05:05.132,1.23956,1.23974,1.50,2.25
2012.08.31 19:05:10.124,1.23956,1.23972,1.50,1.50
2012.08.31 19:05:10.324,1.23953,1.2397,1.50,2.25
2012.08.31 19:05:14.333,1.23953,1.23971,1.50,2.25
2012.08.31 19:05:14.403,1.23953,1.23971,1.50,2.25
2012.08.31 19:05:15.923,1.23954,1.23971,1.50,1.50
2012.08.31 19:05:24.616,1.23956,1.23974,1.50,3.00
2012.08.31 19:05:24.757,1.23953,1.23973,1.50,1.50
2012.08.31 19:05:24.837,1.23956,1.23977,1.50,2.25
2012.08.31 19:05:24.915,1.2396,1.23977,1.50,1.50
2012.08.31 19:05:25.805,1.23955,1.23975,1.50,1.50
2012.08.31 19:05:26.974,1.23955,1.23975,1.50,1.50
2012.08.31 19:05:27.355,1.23962,1.2398,1.50,2.25
2012.08.31 19:05:28.058,1.23958,1.23976,1.50,1.50
2012.08.31 19:05:35.373,1.2396,1.23979,1.50,1.50
2012.08.31 19:05:35.714,1.23964,1.23982,1.50,1.50
2012.08.31 19:05:44.243,1.23967,1.23982,1.50,1.50
2012.08.31 19:05:44.553,1.23965,1.23983,2.25,1.50
2012.08.31 19:05:45.173,1.23965,1.23981,1.50,1.50
2012.08.31 19:05:46.072,1.23965,1.23983,1.50,3.00
2012.08.31 19:05:46.263,1.23969,1.23986,1.50,1.50
2012.08.31 19:05:46.406,1.23966,1.23983,1.50,1.50
2012.08.31 19:05:46.843,1.23966,1.23982,1.50,1.50
2012.08.31 19:05:47.052,1.23964,1.23982,1.50,1.50
2012.08.31 19:05:47.379,1.23964,1.23983,1.50,1.50
2012.08.31 19:05:47.451,1.23966,1.23983,1.50,1.50
2012.08.31 19:05:47.892,1.23965,1.23981,1.50,1.50
2012.08.31 19:05:48.433,1.23967,1.23982,1.50,1.50
2012.08.31 19:05:49.783,1.23969,1.23987,1.50,1.50
2012.08.31 19:05:49.855,1.23967,1.23984,2.25,1.50
2012.08.31 19:05:50.459,1.23967,1.23985,2.25,1.50
2012.08.31 19:05:55.322,1.23965,1.23983,2.25,1.50
2012.08.31 19:06:01.045,1.23963,1.23983,1.50,1.50
2012.08.31 19:06:01.426,1.23965,1.23983,2.25,1.50
2012.08.31 19:06:01.775,1.23978,1.23989,1.50,1.50
2012.08.31 19:06:02.037,1.2398,1.23998,1.50,1.50
2012.08.31 19:06:03.084,1.23984,1.24001,1.50,1.50
2012.08.31 19:06:03.154,1.23981,1.23999,1.50,1.50
2012.08.31 19:06:18.816,1.23984,1.23999,1.50,1.13
2012.08.31 19:06:18.882,1.23982,1.23999,1.50,1.88
2012.08.31 19:06:19.202,1.23981,1.23998,1.50,1.50
2012.08.31 19:06:19.694,1.23981,1.23999,1.50,1.88
2012.08.31 19:06:19.764,1.23984,1.23999,1.50,1.13
2012.08.31 19:06:19.833,1.23981,1.23999,1.50,1.88
2012.08.31 19:06:19.902,1.23979,1.23996,2.25,1.50
2012.08.31 19:06:20.034,1.23981,1.23999,1.50,1.88
2012.08.31 19:06:20.104,1.23981,1.23999,2.25,1.13
2012.08.31 19:06:20.172,1.23981,1.23999,1.50,2.63
2012.08.31 19:06:20.425,1.23981,1.23997,1.50,1.50
2012.08.31 19:06:20.555,1.23981,1.23998,1.50,1.50
2012.08.31 19:06:23.585,1.2398,1.23998,2.25,1.50
2012.08.31 19:06:24.709,1.23975,1.23995,1.50,1.50
2012.08.31 19:06:26.704,1.23977,1.23996,1.50,1.50
2012.08.31 19:06:26.845,1.23975,1.23994,2.25,1.50
2012.08.31 19:06:30.425,1.23975,1.23993,1.50,1.50
2012.08.31 19:06:30.756,1.23975,1.23995,2.25,1.50
2012.08.31 19:06:31.595,1.23976,1.23994,1.50,1.50
2012.08.31 19:06:31.664,1.23979,1.23997,1.50,1.80
2012.08.31 19:06:32.828,1.23982,1.23999,1.50,1.50
2012.08.31 19:06:33.095,1.23985,1.24001,1.50,1.50
2012.08.31 19:06:36.007,1.2398,1.23996,1.50,1.50
2012.08.31 19:06:36.439,1.23978,1.23996,1.50,1.50
2012.08.31 19:06:36.516,1.23977,1.23996,1.50,1.50
2012.08.31 19:06:37.923,1.23978,1.23996,1.50,1.50
2012.08.31 19:06:46.054,1.23976,1.23995,1.50,1.50
2012.08.31 19:06:46.127,1.23976,1.23994,1.50,1.50
2012.08.31 19:06:50.524,1.23978,1.23998,1.50,2.25
2012.08.31 19:06:51.933,1.23981,1.24002,1.50,3.00
2012.08.31 19:06:52.076,1.23981,1.23998,1.50,1.50
2012.08.31 19:06:53.507,1.2398,1.23998,2.25,1.50
2012.08.31 19:06:53.965,1.23979,1.23998,1.50,1.50
2012.08.31 19:06:54.185,1.23976,1.23994,1.50,1.50
2012.08.31 19:06:59.726,1.23982,1.23998,1.50,1.50
2012.08.31 19:06:59.865,1.23977,1.23994,2.25,1.50
2012.08.31 19:07:00.017,1.23979,1.23998,1.50,2.25
2012.08.31 19:07:00.094,1.23982,1.23998,1.50,2.25
2012.08.31 19:07:00.165,1.23978,1.23998,1.50,3.00
2012.08.31 19:07:00.234,1.23977,1.23992,1.50,1.50
2012.08.31 19:07:04.682,1.23975,1.23992,1.50,1.50
2012.08.31 19:07:04.754,1.23975,1.23994,1.50,1.50
2012.08.31 19:07:04.956,1.23974,1.23992,1.50,1.50
2012.08.31 19:07:07.305,1.23974,1.23994,1.50,1.50
2012.08.31 19:07:07.373,1.23977,1.23995,1.50,2.25
2012.08.31 19:07:07.444,1.23976,1.23994,1.50,1.50
2012.08.31 19:07:08.009,1.23973,1.23994,1.50,2.25
2012.08.31 19:07:10.965,1.23976,1.23994,1.50,1.50
2012.08.31 19:07:11.105,1.23976,1.23993,1.50,1.50
2012.08.31 19:07:13.806,1.23974,1.23993,1.50,1.50
2012.08.31 19:07:14.565,1.23976,1.23993,1.50,1.50
2012.08.31 19:07:14.755,1.23978,1.23995,1.50,1.50
2012.08.31 19:07:14.824,1.23977,1.23995,2.25,1.50
2012.08.31 19:07:16.424,1.23975,1.23994,2.25,1.50
2012.08.31 19:07:17.233,1.23978,1.23996,1.50,2.25
2012.08.31 19:07:17.306,1.23975,1.23991,1.50,1.50
2012.08.31 19:07:18.692,1.23972,1.23991,1.50,1.50
2012.08.31 19:07:19.475,1.23971,1.23989,1.50,2.25
2012.08.31 19:07:19.724,1.2397,1.23988,1.50,1.50
2012.08.31 19:07:20.587,1.23967,1.23988,2.25,2.25
2012.08.31 19:07:22.682,1.2397,1.23987,1.50,2.25
2012.08.31 19:07:23.206,1.2397,1.2399,1.50,2.25
2012.08.31 19:07:23.553,1.23968,1.23985,1.50,1.50
2012.08.31 19:07:26.192,1.2397,1.23985,1.50,1.50
2012.08.31 19:07:27.152,1.23971,1.23987,1.50,1.50
2012.08.31 19:07:28.913,1.23971,1.23985,1.50,1.50
2012.08.31 19:07:29.257,1.23968,1.2398,1.50,1.50
2012.08.31 19:07:29.328,1.2396,1.23978,1.50,1.50
2012.08.31 19:07:47.474,1.23958,1.23976,1.50,1.50
2012.08.31 19:07:47.896,1.23958,1.23976,1.50,1.50
2012.08.31 19:07:48.686,1.23961,1.23978,1.50,2.25
2012.08.31 19:07:50.216,1.23958,1.23977,1.50,1.50
2012.08.31 19:07:50.282,1.23958,1.23976,1.50,1.50
2012.08.31 19:07:51.445,1.2396,1.23977,1.50,1.50
2012.08.31 19:07:53.826,1.23962,1.23977,1.50,1.50
2012.08.31 19:07:55.115,1.23963,1.2398,1.50,1.50
2012.08.31 19:07:57.694,1.23963,1.23983,1.50,1.69
2012.08.31 19:07:57.884,1.23963,1.2398,1.50,1.50
2012.08.31 19:08:03.917,1.23963,1.2398,1.50,2.25
2012.08.31 19:08:07.103,1.23959,1.23978,1.50,1.50
2012.08.31 19:08:07.292,1.23961,1.23979,1.50,1.50
2012.08.31 19:08:08.326,1.23961,1.23978,1.50,1.50
2012.08.31 19:08:10.100,1.23959,1.23978,1.50,1.50
2012.08.31 19:08:10.181,1.23956,1.23972,1.50,1.50
2012.08.31 19:08:10.688,1.23955,1.23973,1.50,1.50
2012.08.31 19:08:14.293,1.23955,1.23974,1.50,1.50
2012.08.31 19:08:14.822,1.23957,1.23975,1.50,1.50
2012.08.31 19:08:15.096,1.23963,1.23982,3.00,1.50
2012.08.31 19:08:15.164,1.23963,1.23976,1.50,1.50
2012.08.31 19:08:15.376,1.2396,1.23976,1.50,1.50
2012.08.31 19:08:15.444,1.23956,1.23974,1.50,1.50
2012.08.31 19:08:17.364,1.23959,1.2398,1.50,2.25
2012.08.31 19:08:17.434,1.2396,1.2398,1.50,1.50
2012.08.31 19:08:18.514,1.23963,1.23981,1.50,2.25
2012.08.31 19:08:19.355,1.23963,1.23982,2.25,1.50
2012.08.31 19:08:27.694,1.23962,1.2398,1.50,1.50
2012.08.31 19:08:28.035,1.23963,1.23983,1.50,2.25
2012.08.31 19:08:31.513,1.23962,1.23979,1.50,1.50
2012.08.31 19:08:51.432,1.23962,1.23981,2.25,1.50
2012.08.31 19:08:58.584,1.23962,1.23979,1.50,1.50
2012.08.31 19:08:58.653,1.23962,1.23977,1.50,1.50
2012.08.31 19:08:58.902,1.23958,1.23977,1.50,1.50
2012.08.31 19:08:59.045,1.23956,1.23975,1.50,1.50
2012.08.31 19:08:59.113,1.23956,1.23975,1.50,1.50
2012.08.31 19:08:59.906,1.23955,1.23973,1.50,2.25
2012.08.31 19:08:59.975,1.23955,1.23972,1.50,1.50
2012.08.31 19:09:00.050,1.23955,1.23973,1.50,1.50
2012.08.31 19:09:00.515,1.23957,1.23975,1.50,1.50
2012.08.31 19:09:01.725,1.23957,1.23976,1.50,1.50
2012.08.31 19:09:04.544,1.23959,1.23975,1.50,1.50
2012.08.31 19:09:04.792,1.23956,1.23976,1.50,2.25
2012.08.31 19:09:10.637,1.23959,1.23977,1.50,2.25
2012.08.31 19:09:14.833,1.23957,1.23974,1.50,1.50
2012.08.31 19:09:18.420,1.23959,1.23976,1.50,1.50
2012.08.31 19:09:23.855,1.23956,1.23974,1.50,3.00
2012.08.31 19:09:24.377,1.23956,1.2397,1.50,1.50
2012.08.31 19:09:37.444,1.23956,1.23973,1.50,2.25
2012.08.31 19:09:38.065,1.2396,1.23976,1.50,2.25
2012.08.31 19:09:38.135,1.2396,1.23976,1.50,1.50
2012.08.31 19:09:54.576,1.23957,1.23975,1.50,1.50
2012.08.31 19:09:57.083,1.23959,1.23975,1.50,1.50
2012.08.31 19:09:57.187,1.2396,1.23977,1.50,2.25
2012.08.31 19:09:58.067,1.23956,1.23975,1.50,1.50
2012.08.31 19:09:58.143,1.2396,1.23977,1.50,2.25
2012.08.31 19:09:58.715,1.23957,1.23975,1.50,2.25
2012.08.31 19:09:59.282,1.23959,1.23976,1.50,1.50
2012.08.31 19:10:03.121,1.23954,1.23974,2.25,1.50
2012.08.31 19:10:03.566,1.23959,1.23975,1.50,1.50
2012.08.31 19:10:05.603,1.23955,1.23973,1.50,1.50
2012.08.31 19:10:05.673,1.23955,1.23973,1.50,2.25
2012.08.31 19:10:05.744,1.23958,1.23975,1.50,1.50
2012.08.31 19:10:06.085,1.23955,1.23973,1.50,2.25
2012.08.31 19:10:06.154,1.23958,1.23975,1.50,2.25
2012.08.31 19:10:07.735,1.2396,1.23976,1.50,1.50
2012.08.31 19:10:11.385,1.2396,1.23974,1.50,1.50
2012.08.31 19:10:11.455,1.23958,1.23975,1.50,1.50
2012.08.31 19:10:11.713,1.23959,1.23975,1.50,2.25
2012.08.31 19:10:12.339,1.23958,1.23975,1.50,2.25
2012.08.31 19:10:13.155,1.2396,1.23977,1.50,1.50
2012.08.31 19:10:14.536,1.23963,1.23979,1.50,1.50
2012.08.31 19:10:15.015,1.23963,1.23982,2.25,1.50
2012.08.31 19:10:15.101,1.23969,1.23986,1.50,2.25
2012.08.31 19:10:18.733,1.23973,1.23986,1.50,1.50
2012.08.31 19:10:19.265,1.23972,1.23986,1.50,2.25
2012.08.31 19:10:19.903,1.2397,1.23986,1.50,1.50
2012.08.31 19:10:20.053,1.23963,1.23981,2.25,1.50
2012.08.31 19:10:21.933,1.23963,1.23982,2.25,1.50
2012.08.31 19:10:22.490,1.23963,1.23983,3.00,1.50
2012.08.31 19:10:27.342,1.23963,1.23984,3.00,1.50
2012.08.31 19:10:28.403,1.23965,1.23985,1.50,1.50
2012.08.31 19:10:29.102,1.23967,1.23987,1.50,1.50
2012.08.31 19:10:29.234,1.23974,1.23993,1.50,2.44
2012.08.31 19:10:29.305,1.23974,1.23992,1.50,1.50
2012.08.31 19:10:29.855,1.23975,1.23988,1.50,1.50
2012.08.31 19:10:31.334,1.23975,1.23992,2.25,1.50
2012.08.31 19:10:31.405,1.23973,1.23992,1.50,1.50
2012.08.31 19:10:31.478,1.23971,1.23992,2.25,2.25
2012.08.31 19:10:31.634,1.23974,1.23992,1.50,1.50
2012.08.31 19:10:31.763,1.23971,1.23991,1.50,1.50
2012.08.31 19:10:34.229,1.23974,1.23991,1.50,1.50
2012.08.31 19:10:34.562,1.23981,1.23999,1.50,1.50
2012.08.31 19:10:35.965,1.23977,1.23998,3.00,1.50
2012.08.31 19:10:36.034,1.23977,1.23997,2.25,1.50
2012.08.31 19:10:36.230,1.23975,1.23993,1.50,1.50
2012.08.31 19:10:37.590,1.23978,1.23995,1.50,1.50
2012.08.31 19:10:51.096,1.23973,1.23994,1.50,1.50
2012.08.31 19:10:51.305,1.23973,1.23992,1.50,1.50
2012.08.31 19:10:51.496,1.23973,1.23991,1.50,1.50
2012.08.31 19:10:51.566,1.23969,1.23988,1.50,1.50
2012.08.31 19:10:53.804,1.23969,1.23988,1.50,1.50
2012.08.31 19:10:54.246,1.23969,1.23988,1.50,1.50
2012.08.31 19:10:54.328,1.23967,1.23988,1.50,1.50
2012.08.31 19:10:54.408,1.23964,1.23984,1.50,1.50
2012.08.31 19:10:54.677,1.23961,1.23979,2.25,1.50
2012.08.31 19:10:55.647,1.23961,1.23981,2.25,1.50
2012.08.31 19:10:56.062,1.23964,1.23984,1.50,2.25
2012.08.31 19:10:56.304,1.23961,1.2398,1.50,1.50
2012.08.31 19:10:56.644,1.23964,1.23982,1.50,1.50
2012.08.31 19:10:58.524,1.2396,1.23981,1.50,2.25
2012.08.31 19:10:58.854,1.2396,1.23979,1.50,1.50
2012.08.31 19:10:59.834,1.2396,1.23981,1.50,2.25
2012.08.31 19:10:59.903,1.23963,1.23981,1.50,1.50
2012.08.31 19:11:00.264,1.23963,1.23981,1.50,1.50
2012.08.31 19:11:02.823,1.23961,1.23979,1.50,1.50
2012.08.31 19:11:08.585,1.23966,1.23982,1.50,1.50
2012.08.31 19:11:08.774,1.23961,1.23981,1.50,2.25
2012.08.31 19:11:09.025,1.23964,1.23981,1.50,1.50
2012.08.31 19:11:09.235,1.23968,1.23988,1.50,1.50
2012.08.31 19:11:13.844,1.23969,1.23989,1.50,1.50
2012.08.31 19:11:14.237,1.23969,1.23989,2.25,1.50
2012.08.31 19:11:16.236,1.23969,1.23986,1.50,1.50
2012.08.31 19:11:16.378,1.23966,1.23984,1.50,1.50
2012.08.31 19:11:16.455,1.23964,1.23983,1.50,2.25
2012.08.31 19:11:16.525,1.23964,1.23981,1.50,1.50
2012.08.31 19:11:17.514,1.23959,1.23977,2.25,1.50
2012.08.31 19:11:24.946,1.23961,1.23978,1.50,1.50
2012.08.31 19:11:25.018,1.23962,1.23978,1.50,1.50
2012.08.31 19:11:25.160,1.23964,1.23983,1.50,2.25
2012.08.31 19:11:25.237,1.23964,1.23983,1.50,2.25
2012.08.31 19:11:25.306,1.23962,1.23982,1.50,1.50
2012.08.31 19:11:25.735,1.23962,1.2398,1.50,1.50
2012.08.31 19:11:26.314,1.23963,1.23982,1.50,1.50
2012.08.31 19:11:26.384,1.23964,1.23982,1.50,1.50
2012.08.31 19:11:27.714,1.23962,1.2398,1.50,1.50
2012.08.31 19:11:43.759,1.23964,1.23982,1.50,1.50
2012.08.31 19:11:44.121,1.23962,1.23983,2.25,1.50
2012.08.31 19:11:44.200,1.23962,1.23979,1.50,1.50
2012.08.31 19:11:46.408,1.23961,1.23981,1.50,1.50
2012.08.31 19:11:46.485,1.23965,1.23982,1.50,1.50
2012.08.31 19:11:46.925,1.23963,1.23981,1.50,1.50
2012.08.31 19:11:46.995,1.2396,1.2398,2.25,1.50
2012.08.31 19:11:48.293,1.23965,1.23982,1.50,1.50
2012.08.31 19:11:48.923,1.23963,1.23981,1.50,1.50
2012.08.31 19:11:48.994,1.23962,1.2398,1.50,1.50
2012.08.31 19:11:53.847,1.23964,1.23981,1.50,1.50
2012.08.31 19:11:55.055,1.23961,1.23979,1.50,1.50
2012.08.31 19:12:00.135,1.23961,1.23981,1.50,2.25
2012.08.31 19:12:00.497,1.23965,1.23984,1.50,1.50
2012.08.31 19:12:00.635,1.23967,1.23984,1.50,1.50
2012.08.31 19:12:01.505,1.23962,1.23981,1.50,1.50
2012.08.31 19:12:01.585,1.23964,1.23983,1.50,2.25
2012.08.31 19:12:01.727,1.23969,1.23989,1.50,3.75
2012.08.31 19:12:02.188,1.23971,1.23989,1.50,3.00
2012.08.31 19:12:03.999,1.23968,1.23986,1.50,1.50
2012.08.31 19:12:07.595,1.23966,1.23984,1.50,1.50
2012.08.31 19:12:07.663,1.23966,1.23983,1.50,1.50
2012.08.31 19:12:09.826,1.23967,1.23987,1.50,2.25
2012.08.31 19:12:10.014,1.23966,1.23985,2.25,1.50
2012.08.31 19:12:10.083,1.23966,1.23984,2.25,1.50
2012.08.31 19:12:12.219,1.23969,1.23987,1.50,1.50
2012.08.31 19:12:14.344,1.23971,1.23989,1.50,2.25
2012.08.31 19:12:21.789,1.23975,1.2399,1.50,1.50
2012.08.31 19:12:22.174,1.23974,1.23989,1.50,1.50
2012.08.31 19:12:22.304,1.23972,1.23989,1.50,1.50
2012.08.31 19:12:23.396,1.23971,1.23989,1.50,1.50
2012.08.31 19:12:23.764,1.23972,1.2399,1.50,2.25
2012.08.31 19:12:24.154,1.23971,1.23989,1.50,1.50
2012.08.31 19:12:25.294,1.23969,1.23989,1.50,2.25
2012.08.31 19:12:25.824,1.2397,1.23989,1.50,2.25
2012.08.31 19:12:26.475,1.23966,1.23985,1.50,1.50
2012.08.31 19:12:26.805,1.23974,1.23989,1.50,1.50
2012.08.31 19:12:26.875,1.23973,1.23992,1.50,1.50
2012.08.31 19:12:27.126,1.23974,1.23992,1.50,1.50
2012.08.31 19:12:27.385,1.23972,1.2399,1.50,1.50
2012.08.31 19:12:32.748,1.23968,1.23986,1.50,1.50
2012.08.31 19:12:32.831,1.23971,1.23991,1.50,3.00
2012.08.31 19:12:34.049,1.23975,1.23993,1.50,2.25
2012.08.31 19:12:36.728,1.23971,1.23991,1.50,1.50
2012.08.31 19:12:38.834,1.23969,1.23986,1.50,1.50
2012.08.31 19:12:39.365,1.23967,1.23982,1.50,1.50
2012.08.31 19:12:39.437,1.23965,1.23979,1.50,1.50
2012.08.31 19:12:39.504,1.23964,1.23978,1.50,1.50
2012.08.31 19:12:39.574,1.23963,1.23978,1.50,1.50
2012.08.31 19:12:39.645,1.23959,1.23978,1.50,1.50
2012.08.31 19:12:39.715,1.2396,1.23978,1.50,1.50
2012.08.31 19:12:44.688,1.23963,1.23982,1.50,1.50
2012.08.31 19:12:45.073,1.23966,1.23984,1.50,1.50
2012.08.31 19:12:45.614,1.23967,1.23984,1.50,1.50
2012.08.31 19:12:48.105,1.23967,1.23984,1.50,1.50
2012.08.31 19:12:49.136,1.2397,1.23989,1.50,1.50
2012.08.31 19:12:51.102,1.23969,1.23987,1.50,1.50
2012.08.31 19:12:51.415,1.23971,1.23989,1.50,1.50
2012.08.31 19:12:55.775,1.23969,1.23986,1.50,1.50
2012.08.31 19:12:57.455,1.23969,1.2399,2.63,1.50
2012.08.31 19:12:57.845,1.23972,1.2399,2.25,1.50
2012.08.31 19:12:57.914,1.23975,1.23992,1.50,1.50
2012.08.31 19:13:02.848,1.23972,1.23991,1.50,1.50
2012.08.31 19:13:03.198,1.23973,1.2399,1.50,2.25
2012.08.31 19:13:03.388,1.23974,1.2399,1.50,1.50
2012.08.31 19:13:03.465,1.23971,1.23989,1.50,1.50
2012.08.31 19:13:12.686,1.23973,1.23989,2.25,1.50
2012.08.31 19:13:12.757,1.23975,1.23993,1.50,1.50
2012.08.31 19:13:16.746,1.23973,1.23991,1.50,2.25
2012.08.31 19:13:16.816,1.23971,1.23984,1.50,1.50
2012.08.31 19:13:16.966,1.23967,1.23984,1.50,1.50
2012.08.31 19:13:36.823,1.23967,1.23984,1.50,1.50
2012.08.31 19:13:38.593,1.23968,1.23985,1.50,1.50
2012.08.31 19:13:39.277,1.23968,1.23986,2.25,1.50
2012.08.31 19:13:43.793,1.23968,1.23986,1.50,1.50
2012.08.31 19:13:44.556,1.23968,1.23987,1.50,1.50
2012.08.31 19:13:45.216,1.23968,1.23987,1.50,1.50
2012.08.31 19:13:46.716,1.23969,1.23989,1.50,1.50
2012.08.31 19:13:46.904,1.23973,1.23993,1.50,3.00
2012.08.31 19:13:46.976,1.23974,1.23993,1.50,2.25
2012.08.31 19:13:53.297,1.23971,1.23989,1.50,1.50
2012.08.31 19:13:54.409,1.23972,1.2399,1.50,1.50
2012.08.31 19:13:54.735,1.23969,1.23989,1.50,2.25
2012.08.31 19:13:55.356,1.23972,1.23989,1.50,1.50
2012.08.31 19:13:56.324,1.23969,1.23989,1.50,2.25
2012.08.31 19:14:07.786,1.23966,1.23986,3.00,1.50
2012.08.31 19:14:09.775,1.23971,1.23988,1.50,1.50
2012.08.31 19:14:12.074,1.23967,1.23985,1.50,1.50
2012.08.31 19:14:31.335,1.23964,1.23983,1.50,1.50
2012.08.31 19:14:34.474,1.23963,1.23983,2.25,1.50
2012.08.31 19:14:34.664,1.23963,1.23982,2.25,1.50
2012.08.31 19:14:35.036,1.23963,1.23978,1.50,1.50
2012.08.31 19:14:35.861,1.23965,1.23983,1.50,1.50
2012.08.31 19:14:36.214,1.23966,1.23986,1.50,1.50
2012.08.31 19:14:43.476,1.23966,1.23982,1.50,1.50
2012.08.31 19:14:43.675,1.23961,1.2398,1.50,2.25
2012.08.31 19:14:43.805,1.23961,1.2398,1.50,1.50
2012.08.31 19:14:44.146,1.23961,1.23978,1.50,1.50
2012.08.31 19:14:44.690,1.23963,1.2398,1.50,2.25
2012.08.31 19:14:45.674,1.2396,1.23978,1.50,1.50
2012.08.31 19:14:48.345,1.2396,1.23978,1.50,1.50
2012.08.31 19:14:49.887,1.23962,1.23978,1.50,1.50
2012.08.31 19:14:50.295,1.23964,1.2398,1.50,1.50
2012.08.31 19:14:52.108,1.23964,1.2398,1.50,1.50
2012.08.31 19:14:52.187,1.23964,1.23979,1.50,4.50
2012.08.31 19:14:52.339,1.23961,1.23979,1.50,1.50
2012.08.31 19:14:52.678,1.23963,1.23981,1.50,1.50
2012.08.31 19:14:55.008,1.2396,1.2398,2.25,2.25
2012.08.31 19:15:02.179,1.2396,1.23978,2.25,1.50
2012.08.31 19:15:02.589,1.23954,1.23973,2.25,1.50
2012.08.31 19:15:02.669,1.23954,1.2397,1.50,1.50
2012.08.31 19:15:02.889,1.23958,1.23976,1.50,1.50
2012.08.31 19:15:02.967,1.23959,1.23977,1.50,1.50
2012.08.31 19:15:05.366,1.2396,1.2398,1.50,2.25
2012.08.31 19:15:05.717,1.23959,1.23977,1.50,1.50
2012.08.31 19:15:05.796,1.23959,1.23979,1.50,1.50
2012.08.31 19:15:05.927,1.23957,1.23977,1.50,1.50
2012.08.31 19:15:14.194,1.23955,1.23973,1.50,1.50
2012.08.31 19:15:15.672,1.23957,1.23976,1.50,2.25
2012.08.31 19:15:15.744,1.23958,1.23976,1.50,2.25
2012.08.31 19:15:16.737,1.23959,1.23976,1.50,1.50
2012.08.31 19:15:17.796,1.23957,1.23975,1.50,1.50
2012.08.31 19:15:18.047,1.23958,1.23976,1.50,1.50
2012.08.31 19:15:18.116,1.2396,1.23977,1.50,1.50
2012.08.31 19:15:20.647,1.2396,1.23977,1.50,2.25
2012.08.31 19:15:20.997,1.23951,1.23969,2.25,1.50
2012.08.31 19:15:21.817,1.23956,1.23973,1.50,1.50
2012.08.31 19:15:21.946,1.23955,1.23973,1.50,2.25
2012.08.31 19:15:23.978,1.23953,1.23973,2.25,1.50
2012.08.31 19:15:24.355,1.23959,1.23976,1.50,1.50
2012.08.31 19:15:38.505,1.23963,1.23979,1.50,1.50
2012.08.31 19:15:40.816,1.23963,1.23979,1.50,1.50
2012.08.31 19:15:40.886,1.23961,1.23976,1.50,1.50
2012.08.31 19:15:40.954,1.23959,1.23976,1.50,1.50
2012.08.31 19:15:41.648,1.23956,1.23976,1.50,2.25
2012.08.31 19:15:41.927,1.23964,1.23981,1.50,1.50
2012.08.31 19:15:44.946,1.23964,1.23982,1.50,1.50
2012.08.31 19:15:45.453,1.23965,1.23984,1.50,2.25
2012.08.31 19:15:47.795,1.23962,1.23979,1.50,1.50
2012.08.31 19:15:49.133,1.23962,1.23979,1.50,1.50
2012.08.31 19:15:52.047,1.23961,1.23979,1.50,1.50
2012.08.31 19:15:52.120,1.23964,1.23984,1.50,1.50
2012.08.31 19:15:52.456,1.23962,1.23982,1.50,1.50
2012.08.31 19:15:52.526,1.23965,1.23983,1.50,1.50
2012.08.31 19:15:53.027,1.23965,1.23983,1.50,1.50
2012.08.31 19:15:53.926,1.23969,1.23985,1.50,1.50
2012.08.31 19:15:56.784,1.23968,1.23986,1.50,1.50
2012.08.31 19:15:57.356,1.23966,1.23985,1.50,1.50
2012.08.31 19:15:57.664,1.23966,1.23983,1.50,1.50
2012.08.31 19:15:57.734,1.23965,1.23983,1.50,1.50
2012.08.31 19:15:58.964,1.23966,1.23984,1.50,1.50
2012.08.31 19:16:03.705,1.23968,1.23985,1.50,1.50
2012.08.31 19:16:04.285,1.23968,1.23986,1.50,1.50
2012.08.31 19:16:06.196,1.2397,1.23989,1.50,1.50
2012.08.31 19:16:06.518,1.23971,1.23991,1.50,1.50
2012.08.31 19:16:06.656,1.23974,1.23991,1.50,1.50
2012.08.31 19:16:09.596,1.23974,1.23991,1.50,1.50
2012.08.31 19:16:13.120,1.23975,1.23995,1.50,1.50
2012.08.31 19:16:13.626,1.23977,1.23995,1.50,1.50
2012.08.31 19:16:13.979,1.23975,1.23995,1.50,1.50
2012.08.31 19:16:19.074,1.23977,1.23995,1.50,1.50
2012.08.31 19:16:24.109,1.23975,1.23995,1.50,1.50
2012.08.31 19:16:24.187,1.23974,1.23991,1.50,1.50
2012.08.31 19:16:28.901,1.23974,1.23991,1.50,1.50
2012.08.31 19:16:29.285,1.23975,1.23993,2.25,1.50
2012.08.31 19:16:29.484,1.23974,1.23991,1.50,1.50
2012.08.31 19:16:31.047,1.23974,1.23991,1.50,1.50
2012.08.31 19:16:37.297,1.23974,1.2399,1.50,1.50
2012.08.31 19:16:37.424,1.23972,1.23989,1.50,1.50
2012.08.31 19:16:38.646,1.23975,1.23992,1.50,1.50
2012.08.31 19:16:39.084,1.23975,1.23991,1.50,1.50
2012.08.31 19:16:39.645,1.23973,1.2399,1.50,1.50
2012.08.31 19:16:39.988,1.23968,1.23985,1.50,1.50
2012.08.31 19:16:40.325,1.23962,1.2398,1.50,1.50
2012.08.31 19:16:40.396,1.23963,1.2398,1.50,1.50
2012.08.31 19:16:41.008,1.23966,1.23982,1.50,1.50
2012.08.31 19:16:42.085,1.23964,1.2398,1.50,1.50
2012.08.31 19:16:58.805,1.23964,1.23981,1.50,1.50
2012.08.31 19:16:58.875,1.23966,1.23983,1.50,1.50
2012.08.31 19:16:59.068,1.2397,1.23988,1.50,3.19
2012.08.31 19:16:59.877,1.2397,1.23988,1.50,3.00
2012.08.31 19:17:01.870,1.23971,1.23988,1.50,1.50
2012.08.31 19:17:02.016,1.23974,1.23992,1.50,1.50
2012.08.31 19:17:21.919,1.23973,1.23992,2.25,1.50
2012.08.31 19:17:22.712,1.23973,1.23992,1.50,1.50
2012.08.31 19:17:31.655,1.23973,1.23992,1.50,1.50
2012.08.31 19:17:32.344,1.23973,1.23992,1.50,1.50
2012.08.31 19:17:40.565,1.23971,1.2399,1.50,1.50
2012.08.31 19:17:41.019,1.2397,1.23988,1.50,2.25
2012.08.31 19:18:00.955,1.2397,1.23988,1.50,1.50
2012.08.31 19:18:06.903,1.2397,1.23987,1.50,1.50
2012.08.31 19:18:07.038,1.23966,1.23984,2.25,2.25
2012.08.31 19:18:07.108,1.23962,1.23982,1.50,1.50
2012.08.31 19:18:07.595,1.23966,1.23984,1.50,2.25
2012.08.31 19:18:09.016,1.2397,1.23988,1.50,1.50
2012.08.31 19:18:09.688,1.2397,1.23988,1.50,1.50
2012.08.31 19:18:10.004,1.23968,1.23986,1.50,1.50
2012.08.31 19:18:22.871,1.23968,1.23986,1.50,1.50
2012.08.31 19:18:24.244,1.23968,1.23986,1.50,2.25
2012.08.31 19:18:33.097,1.23971,1.23988,1.50,1.50
2012.08.31 19:18:47.509,1.23972,1.23992,1.50,1.50
2012.08.31 19:18:48.159,1.23974,1.23993,1.50,2.25
2012.08.31 19:18:50.436,1.23974,1.23992,1.50,1.50
2012.08.31 19:18:50.818,1.2397,1.23988,1.50,1.50
2012.08.31 19:19:05.345,1.23967,1.23985,2.25,1.50
2012.08.31 19:19:07.698,1.23968,1.23986,1.50,1.50
2012.08.31 19:19:15.515,1.2397,1.2399,1.50,3.00
2012.08.31 19:19:15.944,1.2397,1.2399,1.50,1.50
2012.08.31 19:19:16.467,1.23974,1.23994,1.50,1.50
2012.08.31 19:19:36.560,1.23977,1.23995,1.50,1.50
2012.08.31 19:19:37.936,1.23975,1.23996,1.50,2.25
2012.08.31 19:19:38.489,1.23978,1.23996,1.50,1.50
2012.08.31 19:19:39.006,1.23976,1.23994,1.50,1.50
2012.08.31 19:19:45.775,1.23979,1.23996,1.50,1.50
2012.08.31 19:19:47.244,1.23978,1.23997,1.50,1.50
2012.08.31 19:19:47.986,1.23976,1.23994,1.50,1.50
2012.08.31 19:19:51.925,1.23976,1.23996,1.50,1.50
2012.08.31 19:19:52.000,1.23979,1.23997,1.50,1.50
2012.08.31 19:19:55.116,1.2398,1.24001,1.50,1.50
2012.08.31 19:19:55.446,1.23981,1.23999,1.50,1.50
2012.08.31 19:19:56.011,1.23982,1.23999,1.50,2.25
2012.08.31 19:19:56.278,1.23977,1.23995,1.50,2.25
2012.08.31 19:19:57.854,1.23975,1.23993,1.50,1.50
2012.08.31 19:19:58.495,1.23976,1.23996,1.50,1.50
2012.08.31 19:20:07.206,1.2398,1.23998,1.50,2.25
2012.08.31 19:20:27.397,1.2398,1.24,1.50,1.50
2012.08.31 19:20:27.476,1.23982,1.24001,1.50,1.50
2012.08.31 19:20:29.316,1.23982,1.24003,1.50,2.25
2012.08.31 19:20:31.466,1.23985,1.24003,1.50,1.50
2012.08.31 19:20:31.894,1.23982,1.24002,1.50,1.50
2012.08.31 19:20:35.743,1.2398,1.24,1.50,1.50
2012.08.31 19:20:36.085,1.2398,1.23998,1.50,1.50
2012.08.31 19:20:37.099,1.23982,1.24002,1.50,1.50
2012.08.31 19:20:40.187,1.2398,1.23998,1.50,1.50
2012.08.31 19:20:42.759,1.2398,1.24001,2.25,1.50
2012.08.31 19:20:42.835,1.23981,1.24001,1.50,1.50
2012.08.31 19:20:44.014,1.23981,1.24001,1.50,1.50
2012.08.31 19:20:44.566,1.23981,1.24,1.50,1.50
2012.08.31 19:20:44.875,1.23982,1.24,1.50,1.50
2012.08.31 19:20:48.305,1.23983,1.24003,1.50,1.50
2012.08.31 19:21:00.014,1.23982,1.24,1.50,1.50
2012.08.31 19:21:00.555,1.23982,1.24001,1.50,1.50
2012.08.31 19:21:01.058,1.23984,1.24003,1.50,2.25
2012.08.31 19:21:12.335,1.23982,1.23998,1.50,1.50
2012.08.31 19:21:13.294,1.23982,1.24002,1.50,1.50
2012.08.31 19:21:17.893,1.23981,1.23999,1.50,1.50
2012.08.31 19:21:19.513,1.23982,1.24002,1.50,1.50
2012.08.31 19:21:21.047,1.23981,1.24002,2.25,2.25
2012.08.31 19:21:21.334,1.23982,1.24001,1.50,1.50
2012.08.31 19:21:30.336,1.23984,1.24003,1.50,2.25
2012.08.31 19:21:30.405,1.23986,1.24003,1.50,1.50
2012.08.31 19:21:30.735,1.23986,1.24001,1.50,1.50
2012.08.31 19:21:34.026,1.23988,1.24001,1.50,1.50
2012.08.31 19:21:34.595,1.23988,1.24001,1.50,1.50
2012.08.31 19:21:34.975,1.23983,1.24001,2.25,1.50
2012.08.31 19:21:54.636,1.23985,1.24003,1.50,1.50
2012.08.31 19:21:54.775,1.23986,1.24004,1.50,1.50
2012.08.31 19:21:55.287,1.23987,1.24004,1.50,1.50
2012.08.31 19:21:55.360,1.23988,1.24004,1.50,1.50
2012.08.31 19:21:56.105,1.23996,1.24013,2.25,1.50
2012.08.31 19:21:56.196,1.23997,1.24014,1.50,1.50
2012.08.31 19:21:56.268,1.23992,1.24012,1.50,1.50
2012.08.31 19:21:56.837,1.23992,1.24014,1.50,1.50
2012.08.31 19:21:56.976,1.23996,1.24014,1.50,1.50
2012.08.31 19:21:57.047,1.23994,1.24014,1.50,2.25
2012.08.31 19:21:57.885,1.23994,1.24014,2.25,1.50
2012.08.31 19:21:58.196,1.23995,1.24013,1.50,1.50
2012.08.31 19:21:58.868,1.23991,1.24011,2.25,1.50
2012.08.31 19:21:59.806,1.23993,1.24014,1.50,1.50
2012.08.31 19:21:59.935,1.23994,1.24014,1.50,1.50
2012.08.31 19:22:00.657,1.23993,1.24014,1.50,2.25
2012.08.31 19:22:00.785,1.23995,1.24013,1.50,1.50
2012.08.31 19:22:01.056,1.23995,1.24013,1.50,1.50
2012.08.31 19:22:01.125,1.23995,1.24013,1.50,1.50
2012.08.31 19:22:01.710,1.23992,1.24012,1.50,1.50
2012.08.31 19:22:02.025,1.2399,1.24009,1.50,1.50
2012.08.31 19:22:02.468,1.23993,1.24011,1.50,1.50
2012.08.31 19:22:02.997,1.23992,1.2401,1.50,1.50
2012.08.31 19:22:03.132,1.23996,1.24013,1.50,1.50
2012.08.31 19:22:03.448,1.23991,1.2401,1.50,1.50
2012.08.31 19:22:03.577,1.23995,1.24013,1.50,1.50
2012.08.31 19:22:03.660,1.23997,1.24016,1.50,1.50
2012.08.31 19:22:03.809,1.23997,1.24015,2.25,1.50
2012.08.31 19:22:03.889,1.24001,1.24019,1.50,1.50
2012.08.31 19:22:06.078,1.24001,1.2402,1.50,1.50
2012.08.31 19:22:11.910,1.24001,1.24019,1.50,2.25
2012.08.31 19:22:12.457,1.24005,1.24021,1.50,5.44
2012.08.31 19:22:12.586,1.24005,1.24023,1.50,1.50
2012.08.31 19:22:12.981,1.24005,1.24018,1.50,1.13
2012.08.31 19:22:13.129,1.24,1.24016,1.50,1.13
2012.08.31 19:22:13.209,1.23993,1.24013,2.25,1.50
2012.08.31 19:22:21.978,1.23996,1.24013,1.50,1.50
2012.08.31 19:22:22.524,1.24004,1.24017,1.50,1.50
2012.08.31 19:22:22.613,1.24004,1.24019,1.50,1.50
2012.08.31 19:22:23.309,1.24004,1.24021,2.25,1.50
2012.08.31 19:22:23.385,1.24004,1.24023,2.25,1.50
2012.08.31 19:22:24.947,1.24004,1.24021,1.50,1.50
2012.08.31 19:22:25.277,1.24,1.24019,1.50,1.50
2012.08.31 19:22:25.346,1.24,1.24021,1.50,2.25
2012.08.31 19:22:29.383,1.24,1.24021,2.25,2.25
2012.08.31 19:22:33.964,1.24006,1.24022,2.25,1.50
2012.08.31 19:22:34.037,1.24009,1.24026,1.50,1.50
2012.08.31 19:22:34.225,1.24007,1.24026,1.50,1.50
2012.08.31 19:22:34.879,1.24006,1.24022,1.50,1.50
2012.08.31 19:22:35.717,1.24008,1.24022,1.50,1.50
2012.08.31 19:22:36.026,1.24008,1.24025,2.25,1.50
2012.08.31 19:22:36.857,1.24006,1.24025,1.50,1.50
2012.08.31 19:22:37.585,1.24011,1.24028,1.50,1.50
2012.08.31 19:22:37.659,1.24008,1.24024,1.50,1.50
2012.08.31 19:22:37.734,1.24005,1.24019,1.50,1.50
2012.08.31 19:22:38.218,1.24008,1.24024,1.50,1.50
2012.08.31 19:22:40.836,1.24005,1.24022,2.25,1.50
2012.08.31 19:22:41.076,1.24008,1.24029,2.25,1.50
2012.08.31 19:22:41.238,1.24008,1.24029,1.50,1.50
2012.08.31 19:22:41.556,1.2402,1.24036,1.50,1.88
2012.08.31 19:22:41.697,1.2402,1.24036,1.50,1.50
2012.08.31 19:22:41.828,1.2402,1.24036,1.50,1.50
2012.08.31 19:22:41.956,1.24017,1.24031,1.50,1.50
2012.08.31 19:22:42.026,1.2402,1.24038,2.25,1.50
2012.08.31 19:22:42.297,1.24011,1.24028,1.50,1.50
2012.08.31 19:22:42.367,1.24014,1.24031,1.50,1.50
2012.08.31 19:23:01.458,1.24015,1.24035,2.25,1.50
2012.08.31 19:23:03.332,1.24015,1.24033,1.50,1.50
2012.08.31 19:23:03.654,1.24011,1.24029,1.50,1.50
2012.08.31 19:23:04.322,1.24013,1.24029,1.50,1.50
2012.08.31 19:23:05.655,1.24015,1.24031,1.50,1.50
2012.08.31 19:23:05.724,1.24015,1.24033,1.50,1.50
2012.08.31 19:23:11.945,1.24013,1.24031,1.50,1.50
2012.08.31 19:23:12.575,1.24013,1.24029,1.50,1.50
2012.08.31 19:23:12.897,1.24015,1.24032,1.50,1.50
2012.08.31 19:23:12.966,1.24015,1.24035,2.25,1.50
2012.08.31 19:23:14.657,1.24015,1.24035,1.50,1.50
2012.08.31 19:23:18.056,1.24017,1.24034,1.50,1.50
2012.08.31 19:23:18.677,1.24014,1.24031,1.50,1.50
2012.08.31 19:23:18.866,1.24016,1.24034,1.50,1.50
2012.08.31 19:23:19.479,1.24018,1.24034,1.50,1.50
2012.08.31 19:23:19.739,1.24023,1.24042,1.50,1.50
2012.08.31 19:23:24.969,1.24024,1.24042,1.50,1.50
2012.08.31 19:23:26.074,1.24024,1.24042,1.50,1.50
2012.08.31 19:23:26.145,1.24024,1.24042,1.50,1.50
2012.08.31 19:23:26.455,1.24026,1.24046,1.50,1.50
2012.08.31 19:23:32.389,1.24032,1.24046,1.50,1.50
2012.08.31 19:23:32.748,1.24039,1.24051,1.50,1.50
2012.08.31 19:23:32.819,1.24036,1.2405,1.50,1.50
2012.08.31 19:23:32.958,1.24036,1.24055,1.50,1.50
2012.08.31 19:23:33.029,1.24037,1.24055,1.50,1.50
2012.08.31 19:23:33.819,1.24045,1.24064,1.50,1.13
2012.08.31 19:23:33.897,1.24043,1.24062,1.50,1.13
2012.08.31 19:23:34.097,1.24047,1.24062,1.50,1.13
2012.08.31 19:23:34.410,1.24047,1.24054,1.50,1.50
2012.08.31 19:23:34.497,1.24038,1.24053,2.25,1.13
2012.08.31 19:23:35.008,1.24038,1.24057,1.50,1.88
2012.08.31 19:23:36.186,1.24036,1.24056,1.50,1.50
2012.08.31 19:23:36.528,1.24036,1.24054,1.50,1.50
2012.08.31 19:23:41.196,1.24035,1.24053,1.50,1.50
2012.08.31 19:23:42.519,1.2403,1.24047,1.50,1.50
2012.08.31 19:23:43.372,1.24035,1.24052,1.50,1.50
2012.08.31 19:23:43.450,1.24035,1.24053,2.25,1.50
2012.08.31 19:23:45.362,1.24039,1.24057,2.25,1.50
2012.08.31 19:23:45.685,1.24036,1.24054,1.50,1.50
2012.08.31 19:23:51.603,1.24028,1.24046,1.50,1.50
2012.08.31 19:23:51.736,1.24026,1.24043,1.50,1.50
2012.08.31 19:23:51.865,1.24025,1.24042,1.50,1.50
2012.08.31 19:23:52.835,1.24025,1.24042,1.50,1.50
2012.08.31 19:23:56.528,1.24023,1.24041,1.50,1.50
2012.08.31 19:23:56.654,1.24021,1.24041,1.50,2.25
2012.08.31 19:24:00.596,1.24018,1.24039,2.25,1.50
2012.08.31 19:24:00.665,1.24018,1.24038,2.25,1.50
2012.08.31 19:24:15.015,1.24016,1.24034,1.50,1.50
2012.08.31 19:24:15.101,1.24012,1.2403,1.50,1.50
2012.08.31 19:24:17.338,1.24015,1.24035,1.50,2.25
2012.08.31 19:24:17.488,1.24016,1.24035,1.50,1.50
2012.08.31 19:24:18.598,1.24019,1.24037,1.50,1.50
2012.08.31 19:24:18.914,1.24023,1.24039,1.50,1.50
2012.08.31 19:24:20.126,1.24023,1.2404,1.50,1.88
2012.08.31 19:24:24.507,1.24023,1.24037,1.50,1.50
2012.08.31 19:24:24.713,1.24019,1.24034,1.50,1.13
2012.08.31 19:24:24.791,1.24015,1.24033,1.50,1.50
2012.08.31 19:24:24.867,1.24015,1.24033,2.25,1.50
2012.08.31 19:24:25.561,1.24017,1.24037,1.50,2.25
2012.08.31 19:24:29.094,1.2402,1.24037,1.50,1.50
2012.08.31 19:24:29.405,1.24022,1.2404,1.50,1.50
2012.08.31 19:24:29.476,1.24024,1.24042,1.50,1.50
2012.08.31 19:24:30.085,1.24022,1.24042,1.50,2.25
2012.08.31 19:24:30.156,1.24021,1.24037,1.50,1.50
2012.08.31 19:24:30.416,1.24022,1.24038,1.50,1.88
2012.08.31 19:24:30.487,1.24022,1.24038,1.50,1.13
2012.08.31 19:24:30.616,1.24017,1.24037,1.50,2.25
2012.08.31 19:24:31.228,1.24022,1.24039,1.50,1.88
2012.08.31 19:24:31.827,1.24019,1.24037,1.50,1.50
2012.08.31 19:24:31.895,1.24017,1.24037,1.50,2.25
2012.08.31 19:24:32.819,1.24017,1.24037,1.50,1.50
2012.08.31 19:24:33.161,1.24018,1.24037,1.50,1.50
2012.08.31 19:24:33.725,1.24018,1.24037,1.50,1.50
2012.08.31 19:24:34.136,1.24017,1.24037,1.50,1.50
2012.08.31 19:24:34.277,1.24011,1.24029,1.50,1.50
2012.08.31 19:24:35.567,1.24013,1.24029,1.50,1.50
2012.08.31 19:24:35.758,1.24014,1.24032,1.50,1.50
2012.08.31 19:24:35.825,1.24015,1.24033,1.50,1.50
2012.08.31 19:24:37.209,1.24013,1.2403,1.50,1.50
2012.08.31 19:24:37.710,1.24014,1.24031,1.50,1.50
2012.08.31 19:24:38.407,1.24014,1.24033,1.50,1.50
2012.08.31 19:24:38.475,1.24015,1.24036,1.50,1.50
2012.08.31 19:24:39.110,1.24018,1.24036,1.50,1.50
2012.08.31 19:24:39.249,1.24023,1.24039,1.50,1.13
2012.08.31 19:24:40.117,1.24022,1.2404,1.50,1.50
2012.08.31 19:24:40.375,1.24018,1.24037,2.25,1.50
2012.08.31 19:24:40.506,1.24017,1.24037,2.25,1.50
2012.08.31 19:24:41.017,1.24015,1.24034,1.50,1.50
2012.08.31 19:24:43.633,1.24018,1.24038,2.25,1.50
2012.08.31 19:24:43.887,1.24016,1.24034,1.50,1.50
2012.08.31 19:24:44.287,1.24016,1.24034,1.50,1.50
2012.08.31 19:24:44.477,1.24016,1.24034,1.50,1.50
2012.08.31 19:24:45.796,1.24017,1.24037,1.50,1.50
2012.08.31 19:24:56.126,1.24014,1.24034,2.25,1.50
2012.08.31 19:24:58.926,1.24017,1.24034,1.50,1.50
2012.08.31 19:24:59.000,1.24023,1.24043,1.50,2.25
2012.08.31 19:25:00.788,1.24023,1.24043,1.50,1.50
2012.08.31 19:25:00.930,1.24031,1.24049,1.50,2.25
2012.08.31 19:25:15.521,1.24031,1.24048,1.50,1.50
2012.08.31 19:25:20.266,1.24024,1.24042,1.50,1.50
2012.08.31 19:25:20.959,1.24026,1.24045,1.50,2.25
2012.08.31 19:25:22.510,1.24029,1.24048,1.50,2.25
2012.08.31 19:25:23.091,1.2403,1.24051,1.50,2.25
2012.08.31 19:25:27.476,1.24032,1.24051,1.50,2.25
2012.08.31 19:25:27.545,1.24033,1.24051,1.50,1.50
2012.08.31 19:25:28.010,1.24031,1.24051,1.50,3.00
2012.08.31 19:25:31.617,1.24029,1.24048,1.50,2.25
2012.08.31 19:25:32.146,1.24031,1.24049,1.50,1.50
2012.08.31 19:25:32.290,1.24031,1.24049,1.50,1.50
2012.08.31 19:25:32.418,1.24033,1.24051,1.50,2.25
2012.08.31 19:25:36.708,1.2403,1.24049,1.50,2.25
2012.08.31 19:25:36.969,1.2403,1.24046,1.50,1.13
2012.08.31 19:25:37.248,1.24024,1.24043,1.50,1.50
2012.08.31 19:25:44.715,1.24024,1.24044,1.50,1.50
2012.08.31 19:25:45.356,1.24028,1.24046,2.25,1.50
2012.08.31 19:25:46.204,1.24029,1.24046,1.50,1.50
2012.08.31 19:25:46.346,1.24031,1.24048,1.50,1.50
2012.08.31 19:25:46.676,1.24032,1.24048,1.50,1.50
2012.08.31 19:25:46.749,1.24037,1.24054,1.50,1.13
2012.08.31 19:25:46.935,1.24034,1.24053,1.50,1.50
2012.08.31 19:25:47.005,1.24032,1.24049,2.25,1.50
2012.08.31 19:25:47.748,1.24029,1.24046,1.50,1.50
2012.08.31 19:25:47.886,1.24024,1.24043,1.50,1.50
2012.08.31 19:25:48.457,1.24028,1.24045,1.50,1.50
2012.08.31 19:26:03.003,1.24028,1.24046,2.25,1.50
2012.08.31 19:26:03.578,1.24033,1.2405,1.50,1.50
2012.08.31 19:26:04.103,1.24031,1.2405,1.50,2.25
2012.08.31 19:26:04.176,1.24031,1.24049,1.50,1.50
2012.08.31 19:26:04.556,1.24034,1.24051,1.50,1.50
2012.08.31 19:26:05.195,1.24029,1.2405,1.50,2.25
2012.08.31 19:26:06.679,1.24032,1.2405,1.50,2.25
2012.08.31 19:26:06.745,1.24033,1.2405,1.50,1.50
2012.08.31 19:26:07.393,1.24029,1.2405,1.50,3.00
2012.08.31 19:26:19.138,1.24034,1.24051,1.50,1.50
2012.08.31 19:26:23.266,1.24034,1.2405,1.50,1.50
2012.08.31 19:26:23.338,1.24031,1.24048,1.50,1.50
2012.08.31 19:26:24.079,1.24033,1.24051,1.50,1.50
2012.08.31 19:26:24.148,1.24035,1.24053,1.50,2.25
2012.08.31 19:26:25.409,1.24032,1.24051,1.50,2.25
2012.08.31 19:26:26.226,1.24036,1.24053,1.50,1.50
2012.08.31 19:26:27.819,1.24036,1.24051,1.50,1.88
2012.08.31 19:26:27.904,1.24029,1.24049,1.50,1.50
2012.08.31 19:26:27.980,1.24033,1.24051,1.50,3.38
2012.08.31 19:26:28.347,1.24029,1.24046,1.50,2.25
2012.08.31 19:26:29.127,1.24025,1.24045,1.50,3.00
2012.08.31 19:26:29.587,1.24027,1.24045,1.50,3.00
2012.08.31 19:26:29.907,1.24022,1.24042,3.00,1.50
2012.08.31 19:26:30.226,1.24028,1.24045,1.50,2.25
2012.08.31 19:26:32.897,1.24023,1.24041,1.50,1.50
2012.08.31 19:26:33.387,1.24023,1.24044,1.50,2.25
2012.08.31 19:26:33.455,1.24027,1.24044,1.50,1.50
2012.08.31 19:26:38.949,1.24024,1.24045,1.50,2.25
2012.08.31 19:26:39.015,1.24023,1.24041,1.50,1.50
2012.08.31 19:26:39.086,1.24023,1.24042,1.50,1.50
2012.08.31 19:26:40.898,1.24026,1.24044,1.50,1.50
2012.08.31 19:26:41.505,1.24029,1.24046,1.50,2.25
2012.08.31 19:26:41.814,1.24024,1.24045,1.50,1.50
2012.08.31 19:26:41.886,1.24023,1.24043,1.50,1.50
2012.08.31 19:26:42.056,1.24026,1.24045,1.50,1.50
2012.08.31 19:26:42.735,1.24022,1.24042,2.25,1.50
2012.08.31 19:26:43.328,1.24022,1.24043,3.00,1.50
2012.08.31 19:26:43.889,1.24026,1.24045,1.50,1.50
2012.08.31 19:26:46.337,1.24025,1.24043,1.50,1.50
2012.08.31 19:26:46.406,1.24022,1.24034,1.50,1.50
2012.08.31 19:26:46.629,1.24017,1.24032,1.50,1.50
2012.08.31 19:26:47.435,1.24015,1.24035,2.25,1.50
2012.08.31 19:26:47.506,1.24018,1.24037,1.50,1.50
2012.08.31 19:26:57.869,1.24013,1.24032,1.50,1.50
2012.08.31 19:26:57.949,1.24013,1.24032,1.50,2.25
2012.08.31 19:26:58.309,1.24008,1.24025,1.50,1.50
2012.08.31 19:26:59.547,1.24007,1.24023,1.50,1.50
2012.08.31 19:27:00.353,1.24005,1.24023,1.50,1.50
2012.08.31 19:27:02.996,1.24008,1.24026,1.50,1.50
2012.08.31 19:27:03.327,1.24008,1.24026,1.50,1.50
2012.08.31 19:27:11.469,1.2401,1.24028,2.25,1.50
2012.08.31 19:27:11.550,1.24012,1.24029,1.50,1.50
2012.08.31 19:27:11.628,1.24011,1.24029,1.50,1.50
2012.08.31 19:27:11.970,1.24012,1.2403,2.25,1.50
2012.08.31 19:27:12.047,1.24016,1.24032,1.50,1.88
2012.08.31 19:27:12.118,1.24014,1.24029,1.50,1.50
2012.08.31 19:27:12.726,1.24016,1.24032,1.50,1.13
2012.08.31 19:27:12.797,1.24016,1.24033,2.25,1.13
2012.08.31 19:27:12.988,1.24016,1.24032,1.50,1.88
2012.08.31 19:27:13.500,1.24013,1.24033,1.50,1.50
2012.08.31 19:27:33.294,1.24015,1.24033,1.50,2.25
2012.08.31 19:27:41.375,1.24015,1.24033,1.50,2.25
2012.08.31 19:28:05.928,1.24017,1.24035,1.50,1.50
2012.08.31 19:28:06.010,1.2402,1.24037,1.50,1.13
2012.08.31 19:28:06.318,1.2402,1.2404,1.50,1.69
2012.08.31 19:28:06.837,1.2402,1.2404,1.50,1.50
2012.08.31 19:28:09.217,1.24022,1.2404,1.50,1.50
2012.08.31 19:28:10.046,1.24023,1.24044,1.50,2.25
2012.08.31 19:28:10.176,1.24025,1.24046,1.50,1.84
2012.08.31 19:28:10.307,1.24025,1.24046,1.50,1.50
2012.08.31 19:28:10.998,1.24021,1.24044,2.25,1.50
2012.08.31 19:28:11.654,1.24021,1.24042,1.50,2.25
2012.08.31 19:28:24.178,1.24021,1.24041,1.50,1.50
2012.08.31 19:28:24.262,1.24023,1.24044,1.50,1.50
2012.08.31 19:28:24.338,1.24023,1.24045,2.25,1.50
2012.08.31 19:28:24.527,1.24023,1.24045,2.25,1.50
2012.08.31 19:28:35.465,1.24023,1.24044,1.50,2.25
2012.08.31 19:28:35.536,1.24027,1.24044,1.50,1.50
2012.08.31 19:28:35.977,1.24026,1.24044,1.50,1.50
2012.08.31 19:28:36.575,1.24023,1.24043,1.50,1.50
2012.08.31 19:28:40.036,1.24023,1.24044,1.50,2.25
2012.08.31 19:28:41.175,1.24025,1.24044,1.50,1.50
2012.08.31 19:28:44.099,1.24023,1.24041,1.50,1.50
2012.08.31 19:28:45.995,1.24023,1.24044,1.50,2.25
2012.08.31 19:28:46.536,1.24028,1.24044,1.50,1.50
2012.08.31 19:28:59.365,1.24028,1.24045,1.50,1.50
2012.08.31 19:29:02.006,1.24028,1.24049,1.50,1.50
2012.08.31 19:29:02.077,1.24032,1.2405,1.50,2.25
2012.08.31 19:29:04.476,1.24027,1.24049,1.50,1.50
2012.08.31 19:29:04.571,1.24027,1.24048,1.50,1.50
2012.08.31 19:29:24.376,1.24027,1.24047,1.50,1.50
2012.08.31 19:29:24.600,1.24027,1.24047,1.50,1.50
2012.08.31 19:29:24.677,1.24026,1.24043,1.50,1.50
2012.08.31 19:29:25.537,1.24026,1.24046,1.50,1.50
2012.08.31 19:29:25.607,1.24029,1.24047,1.50,1.50
2012.08.31 19:29:26.646,1.24031,1.2405,1.50,1.50
2012.08.31 19:29:26.719,1.24036,1.24053,1.50,2.07
2012.08.31 19:29:26.872,1.24033,1.24053,1.50,2.63
2012.08.31 19:29:27.147,1.24029,1.24045,1.50,1.50
2012.08.31 19:29:27.806,1.24029,1.24047,1.50,1.50
2012.08.31 19:29:30.750,1.24028,1.24047,1.50,1.50
2012.08.31 19:29:31.497,1.24027,1.24045,1.50,1.50
2012.08.31 19:29:31.727,1.24029,1.24047,1.50,1.50
2012.08.31 19:29:37.560,1.24028,1.24046,1.50,1.50
2012.08.31 19:29:37.635,1.24027,1.24044,1.50,1.50
2012.08.31 19:29:41.186,1.24028,1.24047,2.25,1.50
2012.08.31 19:29:42.346,1.24027,1.24047,1.50,1.50
2012.08.31 19:29:43.519,1.24026,1.24044,1.50,1.50
2012.08.31 19:29:58.416,1.24027,1.24048,1.50,2.25
2012.08.31 19:29:59.679,1.24032,1.24052,2.25,1.50
2012.08.31 19:29:59.806,1.24036,1.24054,1.50,2.25
2012.08.31 19:30:01.480,1.24036,1.24052,1.50,1.69
2012.08.31 19:30:01.630,1.24028,1.24047,2.25,1.50
2012.08.31 19:30:02.216,1.24029,1.24047,1.50,1.50
2012.08.31 19:30:02.287,1.2403,1.24051,1.50,1.50
2012.08.31 19:30:02.430,1.24033,1.24051,1.50,1.50
2012.08.31 19:30:02.898,1.24032,1.24051,1.50,1.50
2012.08.31 19:30:03.087,1.24031,1.24049,1.50,1.50
2012.08.31 19:30:03.161,1.24035,1.24051,1.50,1.50
2012.08.31 19:30:03.579,1.24037,1.24056,1.50,1.50
2012.08.31 19:30:10.146,1.24037,1.24053,1.50,1.50
2012.08.31 19:30:10.216,1.24034,1.24052,3.00,1.50
2012.08.31 19:30:14.728,1.24034,1.24052,1.50,1.50
2012.08.31 19:30:14.996,1.24031,1.24048,1.50,1.50
2012.08.31 19:30:15.650,1.24026,1.24043,3.19,1.50
2012.08.31 19:30:15.718,1.24026,1.24043,2.44,1.50
2012.08.31 19:30:18.989,1.24025,1.24043,1.50,1.50
2012.08.31 19:30:22.597,1.24026,1.24043,1.50,1.50
2012.08.31 19:30:22.670,1.24029,1.24045,1.50,1.50
2012.08.31 19:30:22.749,1.24029,1.24046,2.25,1.50
2012.08.31 19:30:22.829,1.24033,1.24051,1.50,1.50
2012.08.31 19:30:23.126,1.24034,1.24051,1.50,1.50
2012.08.31 19:30:23.576,1.24037,1.24056,1.50,1.50
2012.08.31 19:30:32.867,1.24036,1.24056,1.50,1.50
2012.08.31 19:30:33.418,1.24037,1.24054,1.50,1.50
2012.08.31 19:30:33.485,1.24037,1.24056,1.50,1.50
2012.08.31 19:30:34.586,1.24036,1.24056,1.50,1.50
2012.08.31 19:30:35.095,1.24037,1.24055,1.50,1.50
2012.08.31 19:30:35.168,1.24037,1.24057,2.25,1.50
2012.08.31 19:30:35.646,1.24037,1.24057,1.50,1.50
2012.08.31 19:30:53.114,1.24036,1.24054,1.50,1.50
2012.08.31 19:30:53.714,1.24036,1.24054,1.50,1.50
2012.08.31 19:30:55.596,1.24037,1.24055,2.25,1.50
2012.08.31 19:30:58.127,1.24038,1.24055,1.50,1.50
2012.08.31 19:30:58.199,1.24039,1.24059,1.88,1.50
2012.08.31 19:30:59.857,1.2404,1.2406,2.25,1.50
2012.08.31 19:31:11.457,1.24043,1.2406,1.50,1.50
2012.08.31 19:31:11.649,1.24044,1.24063,1.50,1.50
2012.08.31 19:31:47.858,1.24043,1.2406,1.50,1.50
2012.08.31 19:31:47.932,1.24042,1.24057,1.50,1.50
2012.08.31 19:31:48.349,1.24038,1.24057,2.25,1.50
2012.08.31 19:31:48.690,1.24045,1.24063,1.50,2.25
2012.08.31 19:31:48.765,1.24045,1.24063,1.50,1.50
2012.08.31 19:31:49.107,1.2405,1.24066,1.50,1.50
2012.08.31 19:31:49.239,1.24046,1.24063,1.50,1.50
2012.08.31 19:31:49.451,1.24049,1.24066,1.50,1.50
2012.08.31 19:31:49.520,1.2405,1.24067,1.50,1.50
2012.08.31 19:31:49.970,1.2405,1.24068,2.25,1.50
2012.08.31 19:31:52.021,1.2405,1.24068,2.25,1.50
2012.08.31 19:31:54.066,1.24047,1.24068,2.25,2.25
2012.08.31 19:31:54.136,1.24047,1.24064,1.50,1.50
2012.08.31 19:32:00.989,1.24046,1.24065,1.50,2.25
2012.08.31 19:32:01.516,1.24048,1.24065,1.50,1.50
2012.08.31 19:32:01.647,1.24047,1.24065,1.50,1.50
2012.08.31 19:32:02.308,1.24045,1.24063,1.50,1.50
2012.08.31 19:32:02.900,1.24045,1.24062,1.50,1.50
2012.08.31 19:32:03.541,1.24042,1.24058,1.50,1.50
2012.08.31 19:32:03.989,1.24043,1.24064,1.50,1.50
2012.08.31 19:32:04.058,1.24049,1.24066,1.50,1.50
2012.08.31 19:32:04.197,1.24049,1.24067,1.50,1.50
2012.08.31 19:32:04.270,1.24049,1.24069,1.50,2.25
2012.08.31 19:32:04.340,1.24054,1.24071,1.50,1.50
2012.08.31 19:32:04.413,1.24051,1.24069,1.50,2.25
2012.08.31 19:32:04.667,1.24051,1.24068,1.50,1.50
2012.08.31 19:32:04.877,1.24048,1.24064,1.50,1.50
2012.08.31 19:32:04.946,1.24046,1.24063,2.25,1.50
2012.08.31 19:32:05.078,1.24045,1.24063,1.50,1.50
2012.08.31 19:32:05.207,1.24047,1.24064,1.50,1.50
2012.08.31 19:32:06.229,1.24043,1.24062,1.50,1.50
2012.08.31 19:32:06.382,1.24043,1.24061,1.50,2.25
2012.08.31 19:32:06.779,1.24038,1.24058,1.50,1.50
2012.08.31 19:32:09.469,1.24041,1.24059,1.50,1.50
2012.08.31 19:32:09.668,1.24044,1.24062,1.50,1.50
2012.08.31 19:32:12.499,1.24042,1.24059,1.13,2.25
2012.08.31 19:32:12.571,1.24037,1.24053,1.50,1.50
2012.08.31 19:32:12.650,1.24037,1.24053,1.50,1.50
2012.08.31 19:32:12.799,1.24041,1.24057,1.50,1.50
2012.08.31 19:32:13.459,1.2404,1.24059,1.50,1.50
2012.08.31 19:32:13.555,1.24041,1.2406,1.50,1.50
2012.08.31 19:32:13.769,1.24043,1.24062,1.50,1.50
2012.08.31 19:32:13.980,1.24044,1.24061,1.50,2.25
2012.08.31 19:32:14.058,1.24044,1.24061,2.25,1.50
2012.08.31 19:32:14.131,1.24051,1.24069,1.50,2.25
2012.08.31 19:32:14.210,1.24051,1.24068,1.50,1.50
2012.08.31 19:32:14.359,1.24051,1.24069,1.50,2.25
2012.08.31 19:32:14.429,1.24051,1.24068,1.50,1.50
2012.08.31 19:32:14.557,1.24047,1.24066,1.50,1.50
2012.08.31 19:32:14.757,1.24044,1.24063,2.25,1.50
2012.08.31 19:32:14.829,1.24044,1.24061,1.50,1.50
2012.08.31 19:32:15.039,1.2404,1.24057,1.50,1.50
2012.08.31 19:32:15.300,1.2404,1.24059,1.50,1.50
2012.08.31 19:32:15.646,1.24041,1.24058,1.50,1.50
2012.08.31 19:32:15.777,1.24038,1.24056,1.50,1.50
2012.08.31 19:32:17.179,1.24034,1.24052,1.50,1.50
2012.08.31 19:32:18.178,1.24036,1.24054,1.50,1.50
2012.08.31 19:32:18.379,1.2404,1.24058,1.50,1.50
2012.08.31 19:32:22.637,1.24041,1.24058,1.50,1.50
2012.08.31 19:32:22.956,1.24043,1.24062,1.50,1.50
2012.08.31 19:32:23.026,1.24044,1.24065,1.50,3.00
2012.08.31 19:32:23.710,1.24043,1.24062,1.50,1.50
2012.08.31 19:32:26.946,1.24039,1.24059,1.50,1.50
2012.08.31 19:32:27.017,1.24039,1.24058,1.50,1.50
2012.08.31 19:32:30.617,1.24037,1.24055,2.25,1.50
2012.08.31 19:32:30.969,1.24037,1.24053,1.50,1.50
2012.08.31 19:32:31.406,1.24033,1.24051,1.50,1.50
2012.08.31 19:32:33.824,1.24033,1.24051,1.50,1.50
2012.08.31 19:32:34.018,1.24029,1.24043,2.63,1.50
2012.08.31 19:32:34.217,1.24031,1.24048,1.13,1.50
2012.08.31 19:32:34.347,1.24031,1.24048,1.88,1.50
2012.08.31 19:32:34.607,1.24034,1.2405,1.50,2.25
2012.08.31 19:32:35.028,1.24028,1.24045,1.50,1.50
2012.08.31 19:32:35.337,1.24026,1.24043,1.50,1.50
2012.08.31 19:32:35.408,1.24026,1.24043,1.50,1.50
2012.08.31 19:32:35.777,1.24023,1.2404,1.50,1.50
2012.08.31 19:32:37.738,1.24023,1.24042,2.25,1.50
2012.08.31 19:32:38.398,1.24025,1.24043,1.50,1.50
2012.08.31 19:32:38.466,1.24027,1.24043,1.50,1.50
2012.08.31 19:32:43.612,1.24027,1.24043,1.50,1.50
2012.08.31 19:32:43.939,1.24023,1.24041,1.50,1.50
2012.08.31 19:32:44.127,1.24025,1.24043,1.50,1.50
2012.08.31 19:32:44.337,1.24028,1.24046,1.50,2.25
2012.08.31 19:32:49.658,1.24031,1.24048,1.50,1.50
2012.08.31 19:32:50.058,1.24031,1.24048,1.50,1.50
2012.08.31 19:32:50.310,1.24032,1.24052,1.50,2.25
2012.08.31 19:32:50.448,1.24034,1.24052,1.50,1.50
2012.08.31 19:32:50.788,1.24037,1.24053,1.50,1.50
2012.08.31 19:32:51.374,1.24035,1.24053,1.50,1.50
2012.08.31 19:32:52.668,1.24038,1.24055,1.50,1.50
2012.08.31 19:32:53.952,1.24035,1.24052,1.50,1.50
2012.08.31 19:32:59.206,1.24035,1.24052,1.50,1.50
2012.08.31 19:32:59.518,1.24032,1.2405,1.50,1.50
2012.08.31 19:33:01.330,1.24029,1.24046,1.50,1.50
2012.08.31 19:33:02.916,1.24032,1.2405,1.50,1.50
2012.08.31 19:33:11.555,1.2403,1.24046,1.50,1.50
2012.08.31 19:33:11.626,1.24033,1.2405,1.50,1.50
2012.08.31 19:33:11.956,1.2403,1.24046,1.50,1.50
2012.08.31 19:33:12.028,1.24033,1.2405,1.50,1.50
2012.08.31 19:33:13.829,1.24036,1.24053,1.50,1.50
2012.08.31 19:33:16.001,1.24028,1.24046,1.50,1.50
2012.08.31 19:33:16.318,1.24027,1.24041,1.50,1.50
2012.08.31 19:33:16.841,1.24028,1.24045,1.50,1.50
2012.08.31 19:33:16.990,1.24028,1.24045,1.50,1.50
2012.08.31 19:33:17.070,1.2403,1.24047,1.50,1.50
2012.08.31 19:33:17.380,1.24034,1.24049,1.50,1.50
2012.08.31 19:33:17.566,1.24029,1.24047,1.50,1.50
2012.08.31 19:33:21.367,1.24033,1.2405,1.50,1.50
2012.08.31 19:33:22.359,1.24031,1.24045,1.50,1.50
2012.08.31 19:33:22.426,1.24028,1.24045,1.50,1.50
2012.08.31 19:33:22.983,1.24028,1.24045,1.50,1.50
2012.08.31 19:33:23.128,1.24028,1.24045,1.50,1.50
2012.08.31 19:33:23.696,1.24028,1.24045,1.50,2.25
2012.08.31 19:33:24.217,1.24028,1.24045,1.50,2.25
2012.08.31 19:33:26.680,1.24028,1.24047,1.50,1.69
2012.08.31 19:33:26.899,1.24033,1.24048,1.50,1.69
2012.08.31 19:33:27.937,1.24033,1.24049,1.50,1.50
2012.08.31 19:33:35.267,1.24033,1.24051,1.50,1.50
2012.08.31 19:33:35.520,1.2403,1.2405,1.50,2.25
2012.08.31 19:33:35.599,1.24032,1.2405,1.50,1.50
2012.08.31 19:33:36.269,1.24032,1.24051,1.50,1.50
2012.08.31 19:33:52.508,1.24029,1.24047,1.88,1.50
2012.08.31 19:33:52.580,1.24029,1.24047,1.88,1.50
2012.08.31 19:33:52.659,1.24031,1.24049,1.50,1.50
2012.08.31 19:34:00.824,1.24024,1.24044,1.50,1.50
2012.08.31 19:34:00.899,1.24024,1.24042,1.50,1.50
2012.08.31 19:34:01.512,1.24021,1.2404,1.50,2.25
2012.08.31 19:34:01.592,1.24023,1.24041,1.50,1.50
2012.08.31 19:34:01.668,1.24025,1.24041,1.50,1.50
2012.08.31 19:34:01.988,1.24022,1.24039,1.50,1.50
2012.08.31 19:34:02.548,1.24025,1.2404,1.50,1.50
2012.08.31 19:34:03.210,1.24025,1.24042,1.50,1.50
2012.08.31 19:34:10.336,1.24023,1.24039,1.50,1.50
2012.08.31 19:34:10.406,1.24021,1.24039,1.50,1.50
2012.08.31 19:34:15.350,1.24021,1.24039,1.50,1.50
2012.08.31 19:34:15.679,1.24027,1.24045,1.50,1.50
2012.08.31 19:34:21.070,1.24031,1.24048,1.50,1.50
2012.08.31 19:34:21.259,1.24028,1.24046,1.50,1.50
2012.08.31 19:34:22.588,1.24031,1.2405,1.50,2.25
2012.08.31 19:34:22.938,1.24028,1.24048,1.50,1.50
2012.08.31 19:34:23.127,1.24025,1.24046,1.50,1.50
2012.08.31 19:34:23.197,1.24025,1.24043,1.50,1.50
2012.08.31 19:34:24.932,1.24026,1.24047,1.50,1.50
2012.08.31 19:34:25.248,1.24024,1.24044,2.25,1.50
2012.08.31 19:34:25.316,1.24024,1.24044,2.25,1.50
2012.08.31 19:34:36.668,1.24026,1.24044,1.50,1.50
2012.08.31 19:34:38.899,1.24031,1.24049,1.50,1.50
2012.08.31 19:34:39.531,1.24034,1.24052,1.50,1.50
2012.08.31 19:34:41.957,1.24034,1.24052,1.50,1.50
2012.08.31 19:34:42.089,1.2403,1.24051,1.50,1.50
2012.08.31 19:34:42.802,1.24028,1.24048,2.25,1.50
2012.08.31 19:34:51.409,1.24028,1.24046,1.50,1.50
2012.08.31 19:34:51.681,1.24023,1.24041,1.50,3.00
2012.08.31 19:34:51.758,1.24023,1.2404,1.50,1.50
2012.08.31 19:34:51.831,1.24018,1.24036,1.88,1.50
2012.08.31 19:34:52.100,1.24014,1.24035,1.50,1.50
2012.08.31 19:34:52.467,1.24014,1.24034,1.50,1.50
2012.08.31 19:34:52.825,1.24018,1.24035,1.50,1.50
2012.08.31 19:35:02.078,1.24017,1.24037,1.50,2.25
2012.08.31 19:35:02.147,1.2402,1.24035,1.50,1.50
2012.08.31 19:35:03.517,1.24022,1.2404,1.50,1.50
2012.08.31 19:35:03.848,1.24019,1.24038,1.50,1.50
2012.08.31 19:35:05.619,1.2402,1.24039,1.50,1.50
2012.08.31 19:35:06.079,1.24018,1.24035,1.50,1.50
2012.08.31 19:35:06.709,1.24018,1.24038,2.25,1.50
2012.08.31 19:35:06.777,1.24019,1.24038,1.50,1.50
2012.08.31 19:35:19.658,1.2402,1.24041,1.50,3.00
2012.08.31 19:35:19.730,1.2402,1.2404,1.50,1.50
2012.08.31 19:35:20.241,1.24018,1.24037,1.50,1.50
2012.08.31 19:35:34.911,1.24019,1.24035,1.50,1.50
2012.08.31 19:35:35.062,1.2401,1.24029,2.44,1.50
2012.08.31 19:35:35.281,1.24013,1.2403,1.50,1.50
2012.08.31 19:35:35.480,1.24015,1.24031,1.50,1.50
2012.08.31 19:35:35.630,1.24014,1.2403,2.25,1.50
2012.08.31 19:35:35.890,1.24008,1.24024,1.69,1.50
2012.08.31 19:35:35.970,1.24005,1.24024,1.50,1.50
2012.08.31 19:35:36.122,1.24007,1.24017,1.05,1.50
2012.08.31 19:35:36.204,1.24003,1.24017,1.50,1.50
2012.08.31 19:35:36.650,1.23993,1.24013,1.50,1.50
2012.08.31 19:35:36.801,1.23993,1.24012,1.50,1.50
2012.08.31 19:35:37.078,1.2399,1.24008,2.25,1.50
2012.08.31 19:35:37.210,1.2399,1.24008,1.50,1.50
2012.08.31 19:35:37.958,1.23988,1.24006,1.50,1.50
2012.08.31 19:35:38.559,1.23988,1.24006,1.50,1.50
2012.08.31 19:35:38.967,1.2399,1.24007,1.50,1.50
2012.08.31 19:35:39.620,1.2399,1.24009,1.50,1.50
2012.08.31 19:35:39.701,1.23993,1.24013,2.25,1.50
2012.08.31 19:35:40.577,1.23996,1.24013,1.50,1.50
2012.08.31 19:35:40.930,1.24001,1.24017,1.50,1.50
2012.08.31 19:35:41.259,1.24002,1.24022,1.50,1.50
2012.08.31 19:35:41.330,1.24001,1.24021,3.00,1.50
2012.08.31 19:35:41.399,1.24001,1.24021,2.25,1.50
2012.08.31 19:35:42.415,1.23998,1.24016,1.50,2.25
2012.08.31 19:35:42.762,1.24,1.24018,1.50,1.50
2012.08.31 19:35:43.099,1.24,1.24018,1.50,1.50
2012.08.31 19:35:45.308,1.24,1.24018,1.50,1.50
2012.08.31 19:35:45.968,1.24,1.24019,1.50,1.50
2012.08.31 19:35:47.109,1.24003,1.24021,1.50,1.50
2012.08.31 19:35:47.614,1.24004,1.24023,1.50,2.25
2012.08.31 19:35:48.617,1.24003,1.24021,1.50,1.50
2012.08.31 19:35:57.861,1.24006,1.24023,1.50,1.50
2012.08.31 19:35:58.162,1.24004,1.24021,1.50,1.50
2012.08.31 19:36:05.866,1.24004,1.24022,1.50,1.50
2012.08.31 19:36:06.468,1.24004,1.24021,1.50,1.50
2012.08.31 19:36:06.537,1.24002,1.24021,1.50,1.50
2012.08.31 19:36:07.437,1.24004,1.24021,1.50,1.50
2012.08.31 19:36:07.948,1.24006,1.24023,1.50,1.50
2012.08.31 19:36:11.067,1.24006,1.24023,1.50,1.50
2012.08.31 19:36:11.197,1.24007,1.24023,1.50,1.50
2012.08.31 19:36:11.468,1.24005,1.24022,1.50,1.50
2012.08.31 19:36:24.945,1.24004,1.24024,1.50,2.25
2012.08.31 19:36:25.720,1.24006,1.24024,1.50,1.50
2012.08.31 19:36:25.786,1.24006,1.24024,1.50,1.50
2012.08.31 19:36:26.156,1.24003,1.24023,1.59,1.50
2012.08.31 19:36:29.168,1.24006,1.24025,1.50,1.50
2012.08.31 19:36:30.259,1.24004,1.24023,1.50,1.50
2012.08.31 19:36:30.328,1.24004,1.24022,1.50,1.50
2012.08.31 19:36:33.455,1.24007,1.24025,1.50,2.25
2012.08.31 19:36:33.802,1.24009,1.24029,2.63,1.50
2012.08.31 19:36:34.022,1.24008,1.24026,1.96,1.50
2012.08.31 19:36:34.698,1.24009,1.24026,1.50,1.50
2012.08.31 19:36:35.917,1.24009,1.24028,1.59,1.50
2012.08.31 19:36:36.739,1.24008,1.24028,2.34,1.50
2012.08.31 19:36:37.128,1.24009,1.24028,1.50,1.50
2012.08.31 19:36:39.619,1.24009,1.24028,1.50,1.50
2012.08.31 19:36:39.957,1.24009,1.24028,1.50,1.50
2012.08.31 19:36:40.650,1.24012,1.24029,1.50,1.50
2012.08.31 19:36:41.217,1.24012,1.24031,1.50,1.50
2012.08.31 19:36:41.580,1.24012,1.24031,1.50,1.50
2012.08.31 19:36:41.648,1.24013,1.24031,1.50,1.50
2012.08.31 19:36:42.198,1.24013,1.24031,1.50,1.50
2012.08.31 19:36:42.808,1.24012,1.24031,1.50,1.50
2012.08.31 19:36:43.324,1.2401,1.24031,2.25,2.25
2012.08.31 19:36:44.065,1.24016,1.24032,1.50,1.50
2012.08.31 19:36:44.567,1.24016,1.24032,1.50,1.50
2012.08.31 19:36:46.310,1.24014,1.24033,1.50,1.50
2012.08.31 19:36:46.388,1.24012,1.24032,2.25,1.50
2012.08.31 19:36:52.947,1.24014,1.24033,1.50,1.50
2012.08.31 19:36:53.130,1.24016,1.24033,1.50,1.50
2012.08.31 19:36:54.764,1.24017,1.24033,1.88,1.50
2012.08.31 19:36:54.914,1.24018,1.2404,1.13,2.25
2012.08.31 19:36:54.990,1.24021,1.2404,1.50,1.50
2012.08.31 19:36:55.352,1.24019,1.24039,1.50,1.50
2012.08.31 19:36:55.924,1.24017,1.24037,2.25,1.50
2012.08.31 19:36:56.007,1.2402,1.2404,1.50,1.50
2012.08.31 19:36:56.081,1.24019,1.24039,1.50,1.50
2012.08.31 19:36:56.452,1.24019,1.24037,1.50,1.50
2012.08.31 19:36:57.061,1.24023,1.24041,1.50,1.50
2012.08.31 19:36:57.928,1.24023,1.2404,1.50,1.50
2012.08.31 19:37:00.585,1.24025,1.24042,1.50,1.50
2012.08.31 19:37:01.086,1.24025,1.24041,1.50,1.50
2012.08.31 19:37:01.601,1.24025,1.24043,1.50,1.50
2012.08.31 19:37:09.866,1.24027,1.24042,1.50,1.50
2012.08.31 19:37:09.998,1.2403,1.24047,2.25,1.50
2012.08.31 19:37:11.141,1.24032,1.2405,1.50,1.50
2012.08.31 19:37:11.748,1.24034,1.24053,1.50,1.50
2012.08.31 19:37:11.819,1.24038,1.24055,1.50,2.25
2012.08.31 19:37:11.950,1.24042,1.24055,1.50,2.25
2012.08.31 19:37:12.019,1.24042,1.24061,1.50,1.50
2012.08.31 19:37:12.087,1.24043,1.24061,1.50,1.50
2012.08.31 19:37:12.757,1.24042,1.24061,1.50,1.50
2012.08.31 19:37:12.828,1.24041,1.24058,1.50,1.50
2012.08.31 19:37:13.373,1.2404,1.24058,1.50,2.25
2012.08.31 19:37:19.348,1.24037,1.24057,1.50,1.50
2012.08.31 19:37:19.416,1.24037,1.24056,1.50,1.50
2012.08.31 19:37:22.176,1.2404,1.24058,1.50,1.50
2012.08.31 19:37:27.869,1.2404,1.24059,2.25,1.50
2012.08.31 19:37:28.578,1.2404,1.2406,2.25,1.50
2012.08.31 19:37:28.929,1.24045,1.24063,1.50,1.50
2012.08.31 19:37:48.897,1.24045,1.24064,1.50,1.50
2012.08.31 19:37:50.529,1.24043,1.24061,1.50,1.50
2012.08.31 19:37:50.962,1.2404,1.24058,1.50,1.50
2012.08.31 19:37:54.246,1.24038,1.24058,2.25,1.50
2012.08.31 19:37:54.318,1.24038,1.24055,1.50,1.50
2012.08.31 19:38:00.022,1.24037,1.24054,1.50,1.50
2012.08.31 19:38:00.291,1.24033,1.24049,1.59,1.50
2012.08.31 19:38:00.548,1.24031,1.2405,1.59,1.50
2012.08.31 19:38:01.049,1.24032,1.24052,1.50,2.25
2012.08.31 19:38:01.556,1.24032,1.24049,1.50,1.50
2012.08.31 19:38:04.561,1.24032,1.24049,1.50,1.50
2012.08.31 19:38:04.768,1.24034,1.24052,1.50,1.50
2012.08.31 19:38:05.310,1.24033,1.24051,1.50,1.50
2012.08.31 19:38:05.498,1.24031,1.24049,1.50,1.50
2012.08.31 19:38:08.957,1.24032,1.24051,1.50,1.50
2012.08.31 19:38:09.207,1.24034,1.24053,1.50,1.50
2012.08.31 19:38:09.523,1.24037,1.24055,1.50,1.50
2012.08.31 19:38:10.559,1.24036,1.24053,1.50,1.50
2012.08.31 19:38:10.628,1.24034,1.24052,2.25,1.50
2012.08.31 19:38:14.817,1.24034,1.24052,2.25,1.50
2012.08.31 19:38:15.008,1.24042,1.2406,1.50,2.25
2012.08.31 19:38:15.078,1.24041,1.24054,2.25,1.50
2012.08.31 19:38:15.433,1.24037,1.24054,1.50,1.50
2012.08.31 19:38:15.511,1.24035,1.24051,1.50,1.50
2012.08.31 19:38:16.067,1.24037,1.24058,2.25,3.00
2012.08.31 19:38:16.388,1.24038,1.24058,1.50,2.25
2012.08.31 19:38:17.386,1.24038,1.24058,1.50,2.25
2012.08.31 19:38:17.659,1.24038,1.24058,1.50,2.25
2012.08.31 19:38:19.438,1.24037,1.24056,1.50,1.50
2012.08.31 19:38:19.506,1.24038,1.24058,1.50,2.25
2012.08.31 19:38:22.448,1.24042,1.24058,1.50,1.50
2012.08.31 19:38:22.577,1.24044,1.24058,1.50,1.50
2012.08.31 19:38:22.648,1.24044,1.24062,1.50,1.50
2012.08.31 19:38:23.078,1.24044,1.24064,1.50,2.25
2012.08.31 19:38:23.556,1.24044,1.24064,2.25,2.25
2012.08.31 19:38:24.190,1.2404,1.24058,1.50,1.50
2012.08.31 19:38:41.901,1.24042,1.24061,1.50,1.50
2012.08.31 19:38:42.026,1.24043,1.24061,1.50,1.50
2012.08.31 19:38:42.648,1.2404,1.2406,1.50,1.50
2012.08.31 19:38:42.718,1.24038,1.24056,1.50,1.50
2012.08.31 19:38:42.858,1.2404,1.24058,2.25,1.50
2012.08.31 19:38:42.988,1.24037,1.24056,1.50,1.50
2012.08.31 19:38:43.059,1.24039,1.24059,1.50,2.25
2012.08.31 19:38:44.664,1.24039,1.24057,1.50,1.50
2012.08.31 19:38:47.528,1.24033,1.24053,1.50,2.25
2012.08.31 19:38:52.006,1.2403,1.2405,2.25,1.50
2012.08.31 19:38:54.419,1.24029,1.24047,1.50,1.50
2012.08.31 19:38:54.868,1.24031,1.2405,1.50,2.25
2012.08.31 19:38:55.648,1.24033,1.2405,1.50,1.50
2012.08.31 19:38:56.087,1.24035,1.24052,1.50,1.50
2012.08.31 19:38:58.806,1.24034,1.2405,1.50,1.50
2012.08.31 19:38:59.299,1.24035,1.24052,1.50,1.50
2012.08.31 19:38:59.370,1.24035,1.24055,2.25,1.50
2012.08.31 19:38:59.438,1.24035,1.24052,1.50,1.50
2012.08.31 19:39:01.320,1.2403,1.24049,2.25,1.50
2012.08.31 19:39:01.389,1.2403,1.24048,2.25,1.50
2012.08.31 19:39:02.468,1.24032,1.24051,1.50,1.50
2012.08.31 19:39:05.227,1.2403,1.2405,1.50,1.50
2012.08.31 19:39:05.298,1.2403,1.24049,1.50,1.50
2012.08.31 19:39:09.028,1.24033,1.2405,1.50,1.50
2012.08.31 19:39:09.096,1.24034,1.24051,1.50,1.50
2012.08.31 19:39:09.171,1.24035,1.24054,1.50,1.50
2012.08.31 19:39:09.568,1.24036,1.24054,1.50,1.50
2012.08.31 19:39:10.758,1.24035,1.24052,1.50,1.50
2012.08.31 19:39:10.890,1.2403,1.2405,2.25,1.50
2012.08.31 19:39:10.957,1.2403,1.24048,2.25,1.50
2012.08.31 19:39:19.617,1.24029,1.24045,1.50,1.50
2012.08.31 19:39:22.009,1.2403,1.24048,2.25,1.50
2012.08.31 19:39:22.257,1.24029,1.24046,2.25,1.50
2012.08.31 19:39:22.598,1.24029,1.24046,2.25,1.50
2012.08.31 19:39:23.728,1.2403,1.24048,1.50,1.50
2012.08.31 19:39:23.797,1.24031,1.24049,1.50,1.50
2012.08.31 19:39:26.902,1.24035,1.24053,1.50,1.50
2012.08.31 19:39:27.039,1.24037,1.24056,1.50,1.50
2012.08.31 19:39:27.530,1.24035,1.24053,2.25,1.50
2012.08.31 19:39:28.037,1.24035,1.24053,1.50,1.50
2012.08.31 19:39:29.497,1.24034,1.24055,2.25,1.50
2012.08.31 19:39:29.567,1.24038,1.24056,1.50,1.50
2012.08.31 19:39:29.697,1.24035,1.24054,1.50,1.50
2012.08.31 19:39:29.888,1.24035,1.24054,1.50,1.50
2012.08.31 19:39:36.838,1.24037,1.24058,1.50,2.25
2012.08.31 19:39:37.183,1.24035,1.24053,1.50,1.50
2012.08.31 19:39:39.077,1.24035,1.24053,1.50,1.50
2012.08.31 19:39:40.189,1.24035,1.24051,1.50,1.50
2012.08.31 19:39:40.448,1.24037,1.24054,1.50,1.50
2012.08.31 19:39:50.297,1.24035,1.24053,1.50,1.50
2012.08.31 19:39:51.134,1.24036,1.24053,1.50,1.50
2012.08.31 19:39:56.306,1.24036,1.24053,1.50,1.50
2012.08.31 19:39:56.498,1.24041,1.24059,1.50,2.25
2012.08.31 19:39:56.768,1.24035,1.24056,2.44,2.25
2012.08.31 19:39:56.910,1.24034,1.24052,1.50,1.50
2012.08.31 19:39:57.978,1.24035,1.24055,2.25,1.50
2012.08.31 19:39:58.448,1.2404,1.24055,1.50,1.50
2012.08.31 19:39:58.518,1.2404,1.24058,1.50,1.50
2012.08.31 19:39:58.587,1.24041,1.24058,1.50,1.50
2012.08.31 19:39:58.864,1.24046,1.24064,1.50,1.50
2012.08.31 19:39:59.517,1.24047,1.24065,1.50,1.50
2012.08.31 19:39:59.590,1.24046,1.24063,1.50,1.50
2012.08.31 19:40:00.230,1.24045,1.24063,1.69,1.50
2012.08.31 19:40:00.582,1.24039,1.24055,1.69,1.50
2012.08.31 19:40:00.660,1.24039,1.24055,1.50,1.50
2012.08.31 19:40:01.011,1.24042,1.24057,1.50,1.50
2012.08.31 19:40:01.092,1.24042,1.24059,1.50,1.50
2012.08.31 19:40:01.758,1.24041,1.24059,1.50,2.25
2012.08.31 19:40:02.191,1.24038,1.24056,1.50,1.50
2012.08.31 19:40:03.229,1.24038,1.24058,2.25,1.50
2012.08.31 19:40:03.358,1.24041,1.24059,1.50,2.25
2012.08.31 19:40:04.667,1.24039,1.24059,1.50,2.25
2012.08.31 19:40:04.809,1.24038,1.24056,2.25,1.50
2012.08.31 19:40:05.327,1.24041,1.24059,1.50,2.25
2012.08.31 19:40:07.618,1.2405,1.24059,4.50,1.50
2012.08.31 19:40:07.749,1.24058,1.24072,1.50,1.50
2012.08.31 19:40:07.817,1.24055,1.24074,1.50,1.50
2012.08.31 19:40:07.951,1.24057,1.24074,1.50,1.50
2012.08.31 19:40:08.267,1.24055,1.24072,1.50,1.50
2012.08.31 19:40:08.337,1.24055,1.24072,1.50,1.50
2012.08.31 19:40:08.744,1.2405,1.24066,1.50,1.50
2012.08.31 19:40:08.820,1.24046,1.24064,1.50,1.50
2012.08.31 19:40:08.888,1.24044,1.24062,1.50,1.50
2012.08.31 19:40:11.649,1.24044,1.24062,1.50,1.50
2012.08.31 19:40:11.779,1.24055,1.24075,1.50,3.00
2012.08.31 19:40:11.849,1.24054,1.24068,1.50,1.50
2012.08.31 19:40:11.918,1.24051,1.24067,1.69,1.50
2012.08.31 19:40:12.049,1.2405,1.24067,1.69,1.50
2012.08.31 19:40:12.118,1.24046,1.24066,2.25,2.25
2012.08.31 19:40:12.586,1.24042,1.24059,1.50,1.50
2012.08.31 19:40:13.411,1.24042,1.24059,1.50,1.50
2012.08.31 19:40:14.470,1.24052,1.24059,1.50,1.50
2012.08.31 19:40:14.812,1.24047,1.24067,1.69,2.25
2012.08.31 19:40:14.888,1.24047,1.24067,1.50,2.25
2012.08.31 19:40:15.019,1.24045,1.24065,1.50,1.50
2012.08.31 19:40:15.152,1.24042,1.24062,2.25,1.50
2012.08.31 19:40:16.677,1.24042,1.2406,1.50,1.50
2012.08.31 19:40:21.347,1.24044,1.24062,1.50,1.50
2012.08.31 19:40:21.418,1.24046,1.24064,1.50,1.50
2012.08.31 19:40:26.555,1.24048,1.24064,1.50,1.50
2012.08.31 19:40:26.809,1.24055,1.24066,1.50,1.50
2012.08.31 19:40:28.037,1.24056,1.24074,2.25,1.50
2012.08.31 19:40:28.667,1.24056,1.24073,1.50,1.50
2012.08.31 19:40:28.928,1.24048,1.24067,1.50,2.25
2012.08.31 19:40:29.603,1.24043,1.24061,1.50,1.50
2012.08.31 19:40:32.689,1.24045,1.24061,1.50,1.50
2012.08.31 19:40:32.772,1.24055,1.24072,2.25,2.25
2012.08.31 19:40:32.849,1.24055,1.24067,1.50,1.50
2012.08.31 19:40:32.978,1.24055,1.24073,3.00,1.50
2012.08.31 19:40:33.048,1.24055,1.24069,1.50,1.50
2012.08.31 19:40:33.298,1.24055,1.24071,2.25,1.50
2012.08.31 19:40:33.368,1.24055,1.24069,1.50,1.50
2012.08.31 19:40:33.679,1.24049,1.24066,1.69,1.50
2012.08.31 19:40:33.878,1.24044,1.24061,1.50,1.50
2012.08.31 19:40:37.019,1.24041,1.2406,1.50,1.50
2012.08.31 19:40:37.410,1.2404,1.24058,3.00,1.50
2012.08.31 19:40:39.240,1.2404,1.24058,2.25,1.50
2012.08.31 19:40:49.167,1.2404,1.24058,2.25,1.50
2012.08.31 19:40:49.239,1.24043,1.24061,1.50,1.50
2012.08.31 19:40:49.911,1.24043,1.24059,1.50,1.50
2012.08.31 19:40:49.990,1.24039,1.24057,1.69,1.50
2012.08.31 19:40:50.557,1.24041,1.24061,2.25,1.50
2012.08.31 19:40:54.408,1.24041,1.24061,1.50,1.50
2012.08.31 19:40:54.597,1.24041,1.24061,2.25,1.50
2012.08.31 19:40:56.315,1.24043,1.24061,1.50,1.50
2012.08.31 19:40:56.509,1.24052,1.24067,2.25,1.50
2012.08.31 19:40:56.578,1.24052,1.24065,1.50,1.50
2012.08.31 19:40:56.828,1.24052,1.24066,1.50,1.50
2012.08.31 19:40:56.899,1.2405,1.24066,1.50,1.50
2012.08.31 19:40:56.969,1.24045,1.24064,2.25,1.50
2012.08.31 19:40:57.038,1.24045,1.24062,2.25,1.50
2012.08.31 19:40:58.822,1.24044,1.2406,1.50,1.50
2012.08.31 19:40:59.042,1.24041,1.24059,1.50,2.25
2012.08.31 19:40:59.259,1.24036,1.24058,1.50,1.50
2012.08.31 19:40:59.330,1.24036,1.24056,1.50,1.50
2012.08.31 19:41:02.598,1.24038,1.24056,1.50,1.50
2012.08.31 19:41:02.799,1.24043,1.2406,1.50,1.50
2012.08.31 19:41:02.869,1.24044,1.24062,2.25,1.50
2012.08.31 19:41:03.553,1.24043,1.2406,1.50,1.50
2012.08.31 19:41:03.752,1.24038,1.24058,1.69,1.50
2012.08.31 19:41:03.820,1.24038,1.24057,1.69,1.50
2012.08.31 19:41:04.360,1.24038,1.24057,1.50,1.50
2012.08.31 19:41:05.548,1.24039,1.24057,1.50,1.50
2012.08.31 19:41:05.747,1.24041,1.2406,1.50,1.50
2012.08.31 19:41:07.280,1.24042,1.24057,1.50,1.50
2012.08.31 19:41:07.879,1.24049,1.24059,4.50,1.50
2012.08.31 19:41:07.950,1.24054,1.24064,1.50,1.88
2012.08.31 19:41:08.138,1.24054,1.24066,1.50,1.50
2012.08.31 19:41:08.267,1.24054,1.2407,2.25,1.50
2012.08.31 19:41:08.521,1.24057,1.24074,1.50,1.50
2012.08.31 19:41:08.709,1.24056,1.24074,1.69,1.50
2012.08.31 19:41:08.968,1.24055,1.24074,1.50,1.50
2012.08.31 19:41:09.107,1.24054,1.2407,1.50,1.50
2012.08.31 19:41:09.181,1.24052,1.2407,1.50,1.50
2012.08.31 19:41:09.369,1.24049,1.24067,1.69,1.50
2012.08.31 19:41:09.880,1.24049,1.24067,1.50,1.50
2012.08.31 19:41:11.605,1.2405,1.24067,1.50,1.50
2012.08.31 19:41:11.860,1.24054,1.2407,2.25,1.50
2012.08.31 19:41:12.507,1.24054,1.24072,2.25,1.50
2012.08.31 19:41:12.578,1.24056,1.24074,1.50,1.50
2012.08.31 19:41:15.498,1.24054,1.24072,2.25,1.50
2012.08.31 19:41:15.566,1.24054,1.2407,2.25,1.50
2012.08.31 19:41:17.151,1.24054,1.2407,2.25,1.50
2012.08.31 19:41:17.759,1.24054,1.2407,2.44,1.50
2012.08.31 19:41:17.950,1.24055,1.2407,1.50,1.50
2012.08.31 19:41:18.279,1.24055,1.24071,1.50,1.50
2012.08.31 19:41:18.469,1.24055,1.24069,1.50,1.50
2012.08.31 19:41:18.728,1.24055,1.2407,1.50,1.50
2012.08.31 19:41:19.863,1.24055,1.2407,1.50,1.50
2012.08.31 19:41:19.999,1.24058,1.24072,1.50,1.50
2012.08.31 19:41:20.380,1.24052,1.24068,1.50,1.50
2012.08.31 19:41:20.857,1.24051,1.24068,1.50,1.50
2012.08.31 19:41:21.238,1.24047,1.24065,1.50,1.50
2012.08.31 19:41:27.118,1.24048,1.24068,1.50,2.25
2012.08.31 19:41:27.477,1.2405,1.24068,1.50,2.25
2012.08.31 19:41:31.397,1.24047,1.24064,1.50,1.50
2012.08.31 19:41:32.993,1.24049,1.24068,1.50,1.50
2012.08.31 19:41:33.488,1.24048,1.24066,1.50,1.50
2012.08.31 19:41:34.820,1.24046,1.24064,2.25,1.50
2012.08.31 19:41:35.189,1.24048,1.24066,1.50,1.50
2012.08.31 19:41:35.499,1.24049,1.24067,1.50,2.25
2012.08.31 19:41:35.918,1.2405,1.24068,1.50,1.50
2012.08.31 19:41:36.243,1.24055,1.24073,1.50,1.50
2012.08.31 19:41:38.896,1.2405,1.24068,2.25,1.50
2012.08.31 19:41:39.230,1.24048,1.24067,1.50,1.50
2012.08.31 19:41:43.638,1.24049,1.24067,2.25,1.50
2012.08.31 19:41:44.038,1.24056,1.24074,2.25,2.25
2012.08.31 19:41:44.119,1.24057,1.24074,1.50,2.25
2012.08.31 19:41:44.319,1.24056,1.24074,2.25,2.25
2012.08.31 19:41:45.132,1.24056,1.24072,2.25,1.50
2012.08.31 19:41:45.867,1.24064,1.24078,2.25,1.50
2012.08.31 19:41:46.004,1.24065,1.24081,1.50,1.50
2012.08.31 19:41:46.378,1.24064,1.24078,2.25,1.50
2012.08.31 19:41:46.450,1.24058,1.24072,1.69,1.50
2012.08.31 19:41:46.589,1.24058,1.24074,1.50,1.50
2012.08.31 19:41:46.870,1.24059,1.24076,1.50,1.50
2012.08.31 19:41:46.951,1.24059,1.24077,2.25,1.50
2012.08.31 19:41:49.721,1.24063,1.24078,1.50,1.50
2012.08.31 19:41:50.042,1.24065,1.24078,1.50,1.50
2012.08.31 19:41:50.593,1.24065,1.24073,1.50,1.50
2012.08.31 19:41:51.560,1.24065,1.24079,1.50,1.50
2012.08.31 19:41:51.689,1.24059,1.24074,1.50,1.50
2012.08.31 19:41:51.758,1.24058,1.24074,2.25,1.50
2012.08.31 19:41:52.587,1.24059,1.24076,1.50,1.50
2012.08.31 19:41:52.660,1.24059,1.24078,1.50,1.50
2012.08.31 19:41:56.150,1.24059,1.24079,1.50,1.50
2012.08.31 19:41:56.469,1.24065,1.24082,1.50,1.50
2012.08.31 19:41:56.597,1.24064,1.24082,3.00,1.50
2012.08.31 19:41:56.727,1.24064,1.24078,3.00,1.50
2012.08.31 19:41:56.937,1.24064,1.24081,3.00,1.50
2012.08.31 19:41:57.387,1.24064,1.2408,2.25,1.50
2012.08.31 19:41:57.719,1.24058,1.24072,1.50,1.50
2012.08.31 19:42:00.082,1.24058,1.24075,2.25,1.50
2012.08.31 19:42:01.947,1.24058,1.24077,3.00,1.50
2012.08.31 19:42:02.019,1.2406,1.24078,1.50,1.50
2012.08.31 19:42:02.953,1.24058,1.24077,2.44,3.00
2012.08.31 19:42:03.313,1.24052,1.24071,3.00,1.50
2012.08.31 19:42:03.451,1.24052,1.24068,1.50,1.50
2012.08.31 19:42:03.778,1.24052,1.24071,3.00,2.25
2012.08.31 19:42:05.129,1.24053,1.24071,1.50,1.50
2012.08.31 19:42:05.321,1.24058,1.24077,2.25,1.50
2012.08.31 19:42:05.832,1.24057,1.24073,1.50,1.50
2012.08.31 19:42:06.664,1.24057,1.24073,2.25,1.50
2012.08.31 19:42:07.400,1.24058,1.24073,2.25,1.50
2012.08.31 19:42:07.730,1.2406,1.24077,1.50,1.50
2012.08.31 19:42:07.809,1.24062,1.24079,1.50,1.50
2012.08.31 19:42:07.938,1.24062,1.24079,1.50,1.50
2012.08.31 19:42:08.271,1.24066,1.24084,1.50,1.50
2012.08.31 19:42:08.339,1.24067,1.24086,1.50,1.50
2012.08.31 19:42:08.599,1.24066,1.24083,1.50,1.50
2012.08.31 19:42:10.079,1.24066,1.24083,1.50,1.50
2012.08.31 19:42:10.209,1.24071,1.24086,1.50,1.50
2012.08.31 19:42:10.280,1.24071,1.24087,1.50,2.25
2012.08.31 19:42:10.412,1.24072,1.24086,1.50,1.50
2012.08.31 19:42:10.489,1.24072,1.24088,1.50,1.50
2012.08.31 19:42:17.697,1.24071,1.24087,1.50,1.50
2012.08.31 19:42:17.768,1.24065,1.24083,1.69,1.50
2012.08.31 19:42:17.840,1.24065,1.24083,1.50,1.50
2012.08.31 19:42:23.912,1.24067,1.24085,2.25,1.50
2012.08.31 19:42:23.988,1.24067,1.24085,3.00,1.50
2012.08.31 19:42:24.251,1.24067,1.24089,1.50,2.25
2012.08.31 19:42:24.742,1.24067,1.24089,1.50,1.50
2012.08.31 19:42:25.341,1.24067,1.24086,1.50,1.50
2012.08.31 19:42:26.606,1.24066,1.24086,1.69,1.50
2012.08.31 19:42:29.608,1.24066,1.24088,1.50,1.50
2012.08.31 19:42:29.738,1.24066,1.24089,1.50,2.25
2012.08.31 19:42:30.179,1.24067,1.2409,1.50,1.50
2012.08.31 19:42:30.531,1.24064,1.24086,1.69,1.50
2012.08.31 19:42:31.115,1.24064,1.24083,1.69,1.50
2012.08.31 19:42:31.885,1.24063,1.24083,1.69,1.50
2012.08.31 19:42:33.998,1.24063,1.24079,1.50,1.50
2012.08.31 19:42:34.328,1.24063,1.24083,2.25,3.38
2012.08.31 19:42:34.397,1.24063,1.24082,2.25,1.50
2012.08.31 19:42:34.704,1.24063,1.24076,2.25,1.50
2012.08.31 19:42:34.899,1.24063,1.2408,2.25,1.50
2012.08.31 19:42:38.967,1.24058,1.24079,1.69,1.50
2012.08.31 19:42:39.040,1.24055,1.24075,2.63,1.50
2012.08.31 19:42:39.917,1.24056,1.24078,2.25,1.50
2012.08.31 19:42:40.431,1.24056,1.24076,1.50,1.50
2012.08.31 19:42:41.110,1.24056,1.24078,2.25,1.50
2012.08.31 19:42:42.380,1.24054,1.24078,3.00,1.50
2012.08.31 19:42:42.709,1.24061,1.24079,2.25,1.50
2012.08.31 19:42:42.782,1.24064,1.24082,1.50,2.25
2012.08.31 19:42:42.862,1.24064,1.24077,1.50,1.50
2012.08.31 19:42:43.008,1.24064,1.24083,2.25,2.25
2012.08.31 19:42:43.078,1.24064,1.24083,2.25,3.00
2012.08.31 19:42:43.595,1.24064,1.24079,1.50,1.50
2012.08.31 19:42:43.929,1.24064,1.24077,1.50,1.50
2012.08.31 19:42:44.340,1.24064,1.2408,2.25,1.50
2012.08.31 19:42:44.887,1.24064,1.2408,1.50,1.50
2012.08.31 19:42:45.379,1.24063,1.24077,1.50,1.50
2012.08.31 19:42:45.818,1.24063,1.24079,1.50,1.50
2012.08.31 19:42:47.419,1.24064,1.2408,1.50,1.50
2012.08.31 19:42:48.043,1.24064,1.24082,1.50,1.50
2012.08.31 19:42:48.368,1.24066,1.24082,1.50,1.50
2012.08.31 19:42:51.148,1.24066,1.24082,1.50,1.50
2012.08.31 19:42:51.218,1.24072,1.2409,1.50,1.50
2012.08.31 19:42:51.360,1.24074,1.24089,1.50,1.50
2012.08.31 19:42:51.868,1.2407,1.24088,1.69,1.50
2012.08.31 19:42:52.660,1.24068,1.24086,1.69,1.50
2012.08.31 19:42:52.729,1.24065,1.24085,1.50,1.50
2012.08.31 19:42:52.857,1.24065,1.24084,1.50,1.50
2012.08.31 19:42:56.096,1.24064,1.24077,1.50,1.50
2012.08.31 19:42:56.310,1.24057,1.24074,1.50,1.50
2012.08.31 19:42:56.378,1.24058,1.24076,1.50,1.50
2012.08.31 19:42:59.927,1.24059,1.24076,1.50,1.50
2012.08.31 19:43:00.059,1.24062,1.2408,1.69,1.50
2012.08.31 19:43:12.891,1.24063,1.2408,1.50,1.50
2012.08.31 19:43:13.109,1.2406,1.24078,1.69,1.50
2012.08.31 19:43:13.321,1.24058,1.24074,1.69,1.50
2012.08.31 19:43:13.398,1.24056,1.24074,1.50,1.50
2012.08.31 19:43:13.540,1.24055,1.24074,2.25,1.50
2012.08.31 19:43:26.587,1.24052,1.24072,2.25,1.50
2012.08.31 19:43:27.116,1.24052,1.24069,2.25,1.50
2012.08.31 19:43:31.579,1.24054,1.2407,1.50,1.50
2012.08.31 19:43:32.222,1.24054,1.24072,1.50,1.50
2012.08.31 19:43:32.428,1.24058,1.24072,4.50,1.50
2012.08.31 19:43:32.500,1.2406,1.24073,1.50,1.50
2012.08.31 19:43:32.639,1.24062,1.24077,1.50,1.50
2012.08.31 19:43:33.290,1.24056,1.24074,2.44,1.50
2012.08.31 19:43:33.582,1.24056,1.24073,2.44,1.50
2012.08.31 19:43:35.011,1.24056,1.24073,2.25,1.50
2012.08.31 19:43:38.909,1.2406,1.24077,1.50,2.25
2012.08.31 19:43:38.982,1.24061,1.24077,1.50,1.50
2012.08.31 19:43:39.062,1.24063,1.24076,1.50,1.50
2012.08.31 19:43:39.208,1.24063,1.24076,1.50,1.50
2012.08.31 19:43:39.608,1.24063,1.24073,1.50,1.50
2012.08.31 19:43:40.780,1.24063,1.24075,1.50,1.50
2012.08.31 19:43:40.860,1.24063,1.24077,1.50,1.50
2012.08.31 19:43:46.259,1.24056,1.24075,2.44,1.50
2012.08.31 19:43:46.387,1.24056,1.24071,1.50,1.50
2012.08.31 19:43:53.382,1.24053,1.24071,1.50,1.50
2012.08.31 19:43:53.530,1.24051,1.24069,2.25,1.50
2012.08.31 19:43:54.046,1.24051,1.24068,1.50,2.25
2012.08.31 19:43:54.718,1.24048,1.24068,1.69,2.25
2012.08.31 19:43:55.029,1.24044,1.2406,1.50,1.50
2012.08.31 19:43:55.623,1.24042,1.2406,1.50,2.25
2012.08.31 19:43:57.960,1.24045,1.24061,1.50,1.50
2012.08.31 19:43:58.270,1.24046,1.2406,1.50,1.50
2012.08.31 19:43:58.399,1.24047,1.24064,1.50,1.50
2012.08.31 19:44:06.682,1.24047,1.24064,1.50,1.50
2012.08.31 19:44:06.762,1.24053,1.24071,1.50,1.50
2012.08.31 19:44:10.210,1.24052,1.24072,2.25,1.50
2012.08.31 19:44:10.867,1.24052,1.24071,2.25,1.50
2012.08.31 19:44:11.536,1.24052,1.24071,2.25,1.50
2012.08.31 19:44:12.345,1.24052,1.24072,2.25,1.50
2012.08.31 19:44:12.418,1.24054,1.24073,1.50,2.25
2012.08.31 19:44:12.668,1.24056,1.24073,1.50,1.50
2012.08.31 19:44:12.797,1.24053,1.24073,1.50,1.50
2012.08.31 19:44:13.917,1.24053,1.24073,1.50,1.50
2012.08.31 19:44:16.519,1.24052,1.24072,2.25,1.50
2012.08.31 19:44:16.587,1.24056,1.24073,1.50,1.50
2012.08.31 19:44:19.426,1.24053,1.24073,1.50,1.50
2012.08.31 19:44:19.836,1.24053,1.24073,1.50,1.50
2012.08.31 19:44:20.157,1.24051,1.24068,1.50,1.50
2012.08.31 19:44:20.606,1.24052,1.24069,1.50,1.50
2012.08.31 19:44:21.468,1.24053,1.24071,1.50,1.50
2012.08.31 19:44:22.479,1.24054,1.24073,1.50,2.44
2012.08.31 19:44:22.607,1.24057,1.24074,1.50,1.50
2012.08.31 19:44:22.681,1.24054,1.24071,2.25,1.50
2012.08.31 19:44:22.748,1.24052,1.24071,2.25,1.50
2012.08.31 19:44:23.360,1.24052,1.24071,2.25,1.50
2012.08.31 19:44:23.627,1.24054,1.24071,1.50,1.50
2012.08.31 19:44:23.802,1.24054,1.24071,1.50,1.50
2012.08.31 19:44:30.268,1.2405,1.24065,1.50,1.50
2012.08.31 19:44:35.989,1.24052,1.2407,1.50,1.50
2012.08.31 19:44:36.058,1.24053,1.24071,1.50,1.50
2012.08.31 19:44:36.189,1.24057,1.24073,1.50,1.50
2012.08.31 19:44:36.578,1.24052,1.24071,2.25,1.50
2012.08.31 19:44:37.429,1.24052,1.24071,2.25,1.50
2012.08.31 19:44:38.430,1.24057,1.24073,1.50,1.50
2012.08.31 19:44:42.688,1.24052,1.24071,2.25,1.50
2012.08.31 19:44:42.942,1.2405,1.24068,1.50,2.25
2012.08.31 19:44:44.509,1.24051,1.24068,1.50,2.25
2012.08.31 19:44:44.591,1.24053,1.24071,2.25,1.50
2012.08.31 19:44:44.668,1.24053,1.2407,2.25,1.50
2012.08.31 19:44:44.742,1.24049,1.24067,1.50,1.50
2012.08.31 19:44:44.819,1.24051,1.24068,1.50,2.25
2012.08.31 19:44:44.970,1.24049,1.24066,1.50,1.50
2012.08.31 19:44:49.131,1.24053,1.24071,1.50,1.69
2012.08.31 19:44:49.214,1.24055,1.24071,1.50,1.50
2012.08.31 19:44:49.361,1.24054,1.24071,1.50,1.50
2012.08.31 19:44:50.349,1.24058,1.24072,1.50,1.50
2012.08.31 19:44:50.689,1.24069,1.24081,1.50,1.50
2012.08.31 19:44:50.829,1.2407,1.24085,1.50,1.50
2012.08.31 19:44:50.970,1.24066,1.24082,1.50,2.25
2012.08.31 19:44:51.039,1.24064,1.2408,2.44,1.50
2012.08.31 19:44:51.109,1.24061,1.2408,1.50,1.50
2012.08.31 19:44:51.367,1.24064,1.24081,1.50,1.50
2012.08.31 19:44:51.677,1.24066,1.24082,1.50,1.50
2012.08.31 19:44:52.179,1.24066,1.24084,2.25,1.50
2012.08.31 19:45:00.738,1.24065,1.24082,1.50,1.50
2012.08.31 19:45:01.309,1.24066,1.24084,2.25,1.50
2012.08.31 19:45:05.143,1.24069,1.24086,1.50,1.50
2012.08.31 19:45:05.222,1.24069,1.24087,1.50,1.50
2012.08.31 19:45:05.302,1.24074,1.24091,1.50,1.50
2012.08.31 19:45:05.384,1.24071,1.24088,1.50,1.50
2012.08.31 19:45:05.461,1.24072,1.24088,1.50,1.88
2012.08.31 19:45:05.541,1.24069,1.24086,1.50,1.50
2012.08.31 19:45:05.694,1.24064,1.24083,1.50,1.50
2012.08.31 19:45:06.161,1.24063,1.24081,1.50,1.50
2012.08.31 19:45:06.498,1.24054,1.24072,1.50,1.50
2012.08.31 19:45:07.208,1.24052,1.24072,1.50,1.50
2012.08.31 19:45:07.298,1.24049,1.24067,1.50,1.50
2012.08.31 19:45:07.752,1.24046,1.24055,1.69,1.50
2012.08.31 19:45:07.831,1.24044,1.24054,4.69,2.25
2012.08.31 19:45:08.018,1.24044,1.24054,3.75,2.25
2012.08.31 19:45:08.090,1.24034,1.2405,1.13,1.50
2012.08.31 19:45:08.359,1.24031,1.2405,2.25,1.50
2012.08.31 19:45:08.429,1.24032,1.2405,1.50,1.50
2012.08.31 19:45:09.038,1.24035,1.24054,1.50,1.50
2012.08.31 19:45:09.280,1.24035,1.24052,1.50,1.50
2012.08.31 19:45:11.209,1.24031,1.24044,1.50,1.50
2012.08.31 19:45:11.280,1.24027,1.24041,2.25,1.50
2012.08.31 19:45:11.350,1.24027,1.24044,1.50,1.50
2012.08.31 19:45:11.677,1.24026,1.24046,1.50,1.50
2012.08.31 19:45:12.183,1.24032,1.24049,1.50,1.50
2012.08.31 19:45:15.417,1.24031,1.24048,1.50,1.50
2012.08.31 19:45:15.920,1.24028,1.24048,1.50,2.25
2012.08.31 19:45:16.602,1.24031,1.24048,1.13,2.25
2012.08.31 19:45:16.950,1.2403,1.24045,1.50,1.50
2012.08.31 19:45:17.022,1.24029,1.24045,1.50,1.50
2012.08.31 19:45:17.100,1.24032,1.2405,1.50,1.69
2012.08.31 19:45:17.230,1.24029,1.24047,1.50,1.50
2012.08.31 19:45:17.666,1.24029,1.24049,1.50,1.69
2012.08.31 19:45:18.067,1.24031,1.2405,1.50,1.50
2012.08.31 19:45:18.230,1.24031,1.2405,1.50,2.25
2012.08.31 19:45:18.378,1.24031,1.2405,1.50,2.25
2012.08.31 19:45:18.590,1.24035,1.24056,1.50,1.50
2012.08.31 19:45:20.359,1.24033,1.24051,1.50,1.50
2012.08.31 19:45:20.699,1.24035,1.24051,1.50,1.50
2012.08.31 19:45:22.270,1.24026,1.24048,1.69,1.50
2012.08.31 19:45:22.352,1.24025,1.24042,2.25,1.50
2012.08.31 19:45:22.892,1.24027,1.24045,1.50,1.50
2012.08.31 19:45:23.253,1.24035,1.24051,1.50,1.50
2012.08.31 19:45:23.331,1.24036,1.24051,1.50,1.50
2012.08.31 19:45:23.472,1.24037,1.24053,1.50,1.50
2012.08.31 19:45:23.551,1.24037,1.24054,1.50,1.50
2012.08.31 19:45:23.631,1.24037,1.24054,1.50,1.50
2012.08.31 19:45:23.857,1.24034,1.24051,2.25,1.50
2012.08.31 19:45:26.168,1.24034,1.24051,1.50,1.50
2012.08.31 19:45:26.448,1.24036,1.24053,1.50,1.50
2012.08.31 19:45:26.517,1.24036,1.24055,1.50,1.50
2012.08.31 19:45:26.586,1.24036,1.24055,1.50,1.50
2012.08.31 19:45:26.657,1.24036,1.24053,1.50,1.50
2012.08.31 19:45:27.181,1.24033,1.2405,3.00,1.50
2012.08.31 19:45:27.477,1.24036,1.24054,1.50,1.50
2012.08.31 19:45:32.469,1.24035,1.24053,1.50,1.50
2012.08.31 19:45:32.541,1.24031,1.2405,1.50,1.50
2012.08.31 19:45:32.873,1.24029,1.24047,1.50,1.50
2012.08.31 19:45:33.587,1.24032,1.2405,1.50,1.50
2012.08.31 19:45:34.068,1.24034,1.24054,1.50,2.25
2012.08.31 19:45:34.317,1.24031,1.24051,1.50,1.50
2012.08.31 19:45:35.298,1.24035,1.24053,1.50,1.50
2012.08.31 19:45:36.400,1.24031,1.24049,1.50,1.50
2012.08.31 19:45:40.099,1.24033,1.24049,1.50,1.50
2012.08.31 19:45:41.204,1.24041,1.24061,1.50,2.25
2012.08.31 19:45:41.472,1.2404,1.24061,1.50,2.25
2012.08.31 19:45:42.040,1.24039,1.24058,1.50,1.50
2012.08.31 19:45:42.792,1.2404,1.24059,1.50,1.50
2012.08.31 19:45:43.556,1.24042,1.2406,1.50,1.50
2012.08.31 19:45:44.717,1.2404,1.24059,1.50,1.50
2012.08.31 19:45:44.949,1.24039,1.24057,1.50,1.50
2012.08.31 19:45:45.163,1.24039,1.24057,1.50,1.50
2012.08.31 19:45:45.821,1.24044,1.2406,1.50,1.50
2012.08.31 19:45:46.080,1.24042,1.24059,1.50,1.50
2012.08.31 19:45:46.210,1.24039,1.24048,1.50,1.50
2012.08.31 19:45:46.279,1.24035,1.24049,4.69,1.50
2012.08.31 19:45:46.350,1.24032,1.24049,2.44,1.50
2012.08.31 19:45:46.421,1.24026,1.24043,1.50,1.50
2012.08.31 19:45:46.498,1.24026,1.24043,1.50,1.50
2012.08.31 19:45:46.879,1.24029,1.24047,1.50,1.50
2012.08.31 19:45:47.186,1.24033,1.2405,1.50,1.50
2012.08.31 19:45:47.318,1.24034,1.24053,1.50,1.50
2012.08.31 19:45:47.387,1.24036,1.24054,1.50,1.50
2012.08.31 19:45:47.638,1.24034,1.24054,2.25,1.50
2012.08.31 19:45:48.319,1.2403,1.24051,2.25,1.50
2012.08.31 19:45:49.807,1.2403,1.24051,2.25,1.50
2012.08.31 19:45:50.228,1.24032,1.24053,1.50,1.50
2012.08.31 19:45:50.357,1.24032,1.2405,1.50,1.50
2012.08.31 19:45:50.487,1.24038,1.24056,2.25,1.50
2012.08.31 19:45:55.001,1.24038,1.24056,1.50,1.50
2012.08.31 19:45:55.128,1.24035,1.24054,2.25,1.50
2012.08.31 19:46:07.277,1.24036,1.24055,1.50,1.50
2012.08.31 19:46:08.018,1.24038,1.24057,1.50,1.50
2012.08.31 19:46:11.509,1.24035,1.24053,1.50,1.50
2012.08.31 19:46:11.579,1.24034,1.24053,1.50,1.50
2012.08.31 19:46:12.037,1.24032,1.24053,1.50,1.50
2012.08.31 19:46:12.549,1.24032,1.24053,1.50,1.50
2012.08.31 19:46:12.839,1.24035,1.24053,1.50,1.50
2012.08.31 19:46:13.230,1.24035,1.2405,1.50,1.50
2012.08.31 19:46:13.560,1.24028,1.24045,1.50,1.50
2012.08.31 19:46:13.897,1.24031,1.24049,1.50,1.50
2012.08.31 19:46:14.389,1.24034,1.24051,1.50,1.50
2012.08.31 19:46:15.108,1.2403,1.2405,2.25,2.25
2012.08.31 19:46:16.109,1.2403,1.24049,1.50,1.50
2012.08.31 19:46:16.239,1.24035,1.24051,1.50,1.50
2012.08.31 19:46:16.786,1.2403,1.2405,2.25,2.25
2012.08.31 19:46:18.779,1.24033,1.24051,1.50,1.50
2012.08.31 19:46:25.560,1.24033,1.24053,2.25,1.50
2012.08.31 19:46:27.276,1.24033,1.2405,1.50,1.50
2012.08.31 19:46:27.406,1.24033,1.24053,1.50,1.50
2012.08.31 19:46:27.606,1.24033,1.24051,1.50,1.50
2012.08.31 19:46:27.949,1.24032,1.24049,1.50,1.50
2012.08.31 19:46:29.547,1.24033,1.24049,1.50,1.50
2012.08.31 19:46:30.072,1.24032,1.2405,1.50,1.50
2012.08.31 19:46:30.596,1.24034,1.24052,1.50,1.50
2012.08.31 19:46:31.320,1.24034,1.24052,1.50,1.50
2012.08.31 19:46:31.446,1.24033,1.24049,1.50,1.50
2012.08.31 19:46:31.899,1.24034,1.24052,1.50,1.50
2012.08.31 19:46:32.166,1.24033,1.2405,1.50,1.50
2012.08.31 19:46:34.539,1.24033,1.2405,1.50,1.50
2012.08.31 19:46:34.867,1.24036,1.24055,1.50,1.50
2012.08.31 19:46:35.267,1.24033,1.24052,2.25,1.50
2012.08.31 19:46:35.337,1.24035,1.24055,1.50,2.25
2012.08.31 19:46:35.407,1.24035,1.24055,1.50,2.25
2012.08.31 19:46:35.781,1.24033,1.24053,2.25,1.50
2012.08.31 19:46:36.260,1.24033,1.24051,2.25,1.50
2012.08.31 19:46:36.386,1.24037,1.24055,1.50,2.25
2012.08.31 19:46:36.750,1.24033,1.24054,1.50,1.50
2012.08.31 19:46:36.817,1.24033,1.24052,1.50,1.50
2012.08.31 19:46:37.027,1.24036,1.24055,1.50,1.50
2012.08.31 19:46:37.357,1.24034,1.24052,1.50,1.50
2012.08.31 19:46:40.107,1.24036,1.24055,1.50,1.50
2012.08.31 19:46:40.326,1.24036,1.24054,1.50,1.50
2012.08.31 19:46:40.457,1.24033,1.24053,2.25,1.50
2012.08.31 19:46:40.526,1.24033,1.24051,2.25,1.50
2012.08.31 19:46:42.276,1.24034,1.24054,1.50,1.50
2012.08.31 19:46:42.348,1.24036,1.24054,1.50,1.50
2012.08.31 19:46:42.756,1.24033,1.24052,1.50,1.50
2012.08.31 19:46:43.167,1.24036,1.24054,1.50,1.50
2012.08.31 19:46:43.607,1.24033,1.24052,1.50,1.50
2012.08.31 19:46:50.012,1.24031,1.24047,1.50,1.50
2012.08.31 19:46:50.090,1.24027,1.24046,2.44,1.50
2012.08.31 19:46:53.451,1.24028,1.24048,2.25,1.50
2012.08.31 19:46:53.770,1.24031,1.24051,1.50,1.50
2012.08.31 19:46:55.431,1.24034,1.24052,1.50,1.50
2012.08.31 19:46:56.547,1.24034,1.24053,1.50,1.50
2012.08.31 19:46:56.889,1.24035,1.24055,1.50,1.50
2012.08.31 19:46:57.316,1.24037,1.24053,1.50,1.50
2012.08.31 19:46:57.995,1.24035,1.24053,1.50,1.50
2012.08.31 19:47:04.128,1.24032,1.24051,1.50,1.50
2012.08.31 19:47:04.958,1.24031,1.24052,1.50,2.25
2012.08.31 19:47:05.659,1.24035,1.24052,1.50,1.50
2012.08.31 19:47:07.627,1.24033,1.24052,1.50,1.50
2012.08.31 19:47:07.697,1.24031,1.24051,2.25,1.50
2012.08.31 19:47:08.140,1.24032,1.24052,1.50,1.50
2012.08.31 19:47:08.359,1.24036,1.24052,1.50,1.50
2012.08.31 19:47:08.799,1.24037,1.24053,1.50,1.50
2012.08.31 19:47:08.927,1.24037,1.24053,1.50,1.50
2012.08.31 19:47:09.448,1.24034,1.24052,1.50,1.50
2012.08.31 19:47:09.728,1.24031,1.2405,1.50,1.50
2012.08.31 19:47:10.488,1.24035,1.24052,1.50,1.50
2012.08.31 19:47:11.345,1.24031,1.24053,1.50,1.50
2012.08.31 19:47:11.414,1.2403,1.24059,2.63,1.50
2012.08.31 19:47:11.487,1.24034,1.24052,1.50,1.50
2012.08.31 19:47:11.838,1.24031,1.24051,2.25,1.50
2012.08.31 19:47:11.907,1.24035,1.24052,1.50,1.50
2012.08.31 19:47:12.559,1.24031,1.2405,1.50,1.50
2012.08.31 19:47:12.626,1.24035,1.24053,1.50,1.50
2012.08.31 19:47:12.989,1.24031,1.24052,2.25,1.50
2012.08.31 19:47:13.058,1.24031,1.24049,2.25,1.50
2012.08.31 19:47:13.130,1.24033,1.24052,1.50,1.50
2012.08.31 19:47:16.948,1.24036,1.24055,1.50,1.50
2012.08.31 19:47:17.266,1.24039,1.24057,1.50,1.50
2012.08.31 19:47:19.199,1.24036,1.24055,1.50,1.50
2012.08.31 19:47:19.275,1.24036,1.24054,1.50,1.50
2012.08.31 19:47:24.009,1.24036,1.24055,1.50,2.25
2012.08.31 19:47:24.209,1.24036,1.24053,1.50,1.50
2012.08.31 19:47:24.817,1.24033,1.24054,1.50,2.25
2012.08.31 19:47:25.360,1.24036,1.24054,1.50,1.50
2012.08.31 19:47:39.676,1.24033,1.24054,2.25,2.25
2012.08.31 19:47:39.747,1.24033,1.24053,2.25,1.50
2012.08.31 19:47:40.268,1.24036,1.24054,1.50,1.50
2012.08.31 19:47:40.336,1.24037,1.24054,1.50,1.50
2012.08.31 19:47:41.515,1.24034,1.24052,1.50,1.50
2012.08.31 19:47:41.769,1.24034,1.24054,1.50,2.25
2012.08.31 19:47:41.838,1.24037,1.24054,1.50,1.50
2012.08.31 19:47:42.310,1.24035,1.24054,1.50,1.50
2012.08.31 19:47:42.437,1.24035,1.24052,1.50,1.50
2012.08.31 19:47:42.509,1.24036,1.24054,1.50,1.50
2012.08.31 19:47:42.838,1.2404,1.24057,1.50,1.50
2012.08.31 19:47:42.907,1.24035,1.24054,1.50,1.50
2012.08.31 19:47:43.547,1.24035,1.24056,1.50,2.25
2012.08.31 19:47:45.829,1.24039,1.24057,1.50,1.50
2012.08.31 19:47:48.271,1.2404,1.24058,1.50,1.50
2012.08.31 19:47:48.612,1.24044,1.24065,1.50,1.50
2012.08.31 19:47:49.174,1.24039,1.2406,1.50,1.50
2012.08.31 19:47:49.251,1.24038,1.24058,2.25,1.50
2012.08.31 19:47:50.163,1.2404,1.24061,1.50,2.25
2012.08.31 19:47:50.360,1.24042,1.24061,1.50,1.50
2012.08.31 19:47:50.688,1.24048,1.24066,1.50,1.50
2012.08.31 19:47:51.457,1.24044,1.24065,2.25,2.25
2012.08.31 19:47:51.529,1.24044,1.24062,2.25,1.50
2012.08.31 19:47:52.460,1.24047,1.24065,1.50,2.25
2012.08.31 19:47:53.619,1.24044,1.24061,1.50,1.50
2012.08.31 19:47:54.130,1.24045,1.24064,1.50,1.50
2012.08.31 19:47:59.629,1.24042,1.24063,2.25,2.25
2012.08.31 19:48:04.600,1.24044,1.24063,1.50,1.50
2012.08.31 19:48:04.977,1.24047,1.24063,1.50,1.50
2012.08.31 19:48:19.549,1.24045,1.24064,2.25,1.50
2012.08.31 19:48:20.067,1.24048,1.24066,1.50,1.50
2012.08.31 19:48:23.692,1.24052,1.24069,1.50,1.50
2012.08.31 19:48:24.138,1.24048,1.24068,1.50,1.50
2012.08.31 19:48:27.168,1.24044,1.24065,2.25,1.50
2012.08.31 19:48:27.238,1.24046,1.24066,1.50,1.50
2012.08.31 19:48:27.310,1.24046,1.24066,1.50,1.50
2012.08.31 19:48:28.278,1.24049,1.24067,1.50,1.50
2012.08.31 19:48:28.348,1.2405,1.24067,1.50,1.50
2012.08.31 19:48:33.228,1.24049,1.24069,1.88,1.50
2012.08.31 19:48:33.358,1.24053,1.2407,1.50,1.50
2012.08.31 19:48:33.868,1.24053,1.24073,1.50,1.50
2012.08.31 19:48:37.537,1.24055,1.24074,1.50,1.50
2012.08.31 19:48:37.607,1.24056,1.24075,1.50,1.50
2012.08.31 19:48:38.277,1.24056,1.24077,1.50,1.50
2012.08.31 19:48:46.709,1.24054,1.24075,1.50,1.50
2012.08.31 19:48:47.031,1.24054,1.24072,1.50,1.50
2012.08.31 19:48:47.758,1.24056,1.24076,1.50,1.50
2012.08.31 19:48:47.918,1.24057,1.24076,1.50,1.50
2012.08.31 19:49:06.928,1.24054,1.24075,1.50,1.50
2012.08.31 19:49:06.997,1.24052,1.24069,1.50,1.50
2012.08.31 19:49:07.187,1.24054,1.2407,1.50,1.50
2012.08.31 19:49:07.778,1.24054,1.24072,2.25,1.50
2012.08.31 19:49:08.187,1.24054,1.24075,1.50,1.50
2012.08.31 19:49:08.257,1.24054,1.24075,2.25,1.50
2012.08.31 19:49:08.447,1.24057,1.24076,1.50,2.25
2012.08.31 19:49:08.730,1.24056,1.24076,1.50,2.25
2012.08.31 19:49:09.297,1.24054,1.24073,1.50,1.50
2012.08.31 19:49:16.297,1.24054,1.2407,1.50,1.50
2012.08.31 19:49:16.369,1.24051,1.24069,1.50,1.50
2012.08.31 19:49:16.950,1.24054,1.24069,1.50,1.50
2012.08.31 19:49:17.081,1.2405,1.24067,1.50,1.50
2012.08.31 19:49:17.742,1.24052,1.24068,1.50,1.50
2012.08.31 19:49:20.287,1.24052,1.24068,1.50,1.50
2012.08.31 19:49:21.199,1.24049,1.24067,1.50,3.00
2012.08.31 19:49:21.618,1.24047,1.24067,1.50,3.00
2012.08.31 19:49:21.687,1.24046,1.24065,1.50,1.50
2012.08.31 19:49:21.759,1.24048,1.24067,1.50,2.25
2012.08.31 19:49:22.079,1.24043,1.24061,2.25,1.50
2012.08.31 19:49:22.540,1.24043,1.24062,2.25,1.50
2012.08.31 19:49:23.211,1.24045,1.24065,1.50,1.50
2012.08.31 19:49:23.609,1.24044,1.24065,1.50,1.50
2012.08.31 19:49:23.737,1.24043,1.24063,2.25,1.50
2012.08.31 19:49:23.808,1.24046,1.24066,1.50,1.50
2012.08.31 19:49:24.019,1.24046,1.24067,3.00,1.50
2012.08.31 19:49:24.159,1.24053,1.24071,1.50,1.50
2012.08.31 19:49:24.381,1.24052,1.2407,1.50,1.50
2012.08.31 19:49:24.778,1.24049,1.24067,1.50,1.50
2012.08.31 19:49:26.948,1.24049,1.24057,1.50,1.50
2012.08.31 19:49:27.091,1.24045,1.24057,2.63,1.50
2012.08.31 19:49:27.159,1.24044,1.24057,1.50,1.50
2012.08.31 19:49:27.231,1.24051,1.2406,1.50,1.50
2012.08.31 19:49:27.379,1.24054,1.24073,1.50,1.50
2012.08.31 19:49:28.482,1.24059,1.24075,1.50,1.50
2012.08.31 19:49:28.766,1.2406,1.24081,2.25,1.50
2012.08.31 19:49:28.980,1.24064,1.24082,1.50,1.50
2012.08.31 19:49:29.473,1.2407,1.2409,2.25,1.69
2012.08.31 19:49:29.761,1.24069,1.24088,1.50,1.50
2012.08.31 19:49:30.688,1.24064,1.2408,1.50,1.50
2012.08.31 19:49:31.031,1.24056,1.24076,1.50,2.25
2012.08.31 19:49:31.287,1.24054,1.24073,1.50,1.50
2012.08.31 19:49:36.639,1.2405,1.24071,2.25,2.25
2012.08.31 19:49:36.958,1.2405,1.24069,3.00,1.50
2012.08.31 19:49:37.088,1.2405,1.24071,3.00,1.50
2012.08.31 19:49:37.353,1.24053,1.24073,1.50,1.50
2012.08.31 19:49:38.041,1.24056,1.24076,1.50,2.25
2012.08.31 19:49:38.250,1.24055,1.24076,1.50,2.25
2012.08.31 19:49:38.378,1.24052,1.24069,1.50,1.50
2012.08.31 19:49:38.888,1.24051,1.2407,1.50,1.50
2012.08.31 19:49:39.849,1.24053,1.24073,1.50,1.50
2012.08.31 19:49:43.729,1.24051,1.24071,2.25,1.50
2012.08.31 19:49:43.799,1.24053,1.24073,1.50,1.50
2012.08.31 19:49:43.927,1.24052,1.24073,1.50,1.50
2012.08.31 19:49:44.657,1.24051,1.2407,1.50,1.50
2012.08.31 19:49:50.397,1.24051,1.2407,1.50,1.50
2012.08.31 19:49:50.588,1.24051,1.24069,2.25,1.50
2012.08.31 19:49:54.109,1.24055,1.24074,1.50,1.50
2012.08.31 19:49:54.198,1.24058,1.24075,1.50,1.50
2012.08.31 19:49:58.291,1.24056,1.24073,1.50,1.50
2012.08.31 19:49:58.778,1.24055,1.24073,1.50,1.50
2012.08.31 19:50:00.870,1.24055,1.24076,1.50,1.50
2012.08.31 19:50:00.947,1.24058,1.24076,1.50,1.50
2012.08.31 19:50:01.509,1.24054,1.24075,2.25,1.50
2012.08.31 19:50:01.581,1.24054,1.24074,2.25,1.50
2012.08.31 19:50:01.888,1.24058,1.24076,1.50,1.50
2012.08.31 19:50:01.957,1.2406,1.24076,1.50,1.50
2012.08.31 19:50:03.007,1.2406,1.2408,2.25,1.50
2012.08.31 19:50:10.659,1.24059,1.24077,1.50,1.50
2012.08.31 19:50:10.727,1.24059,1.24076,1.50,1.50
2012.08.31 19:50:13.361,1.24059,1.24076,1.50,1.50
2012.08.31 19:50:13.438,1.2406,1.24077,1.50,1.50
2012.08.31 19:50:13.579,1.24061,1.2408,1.50,1.50
2012.08.31 19:50:14.081,1.24059,1.24077,1.50,1.50
2012.08.31 19:50:15.857,1.24059,1.24079,1.50,1.50
2012.08.31 19:50:15.926,1.24061,1.2408,1.50,2.25
2012.08.31 19:50:16.076,1.24061,1.2408,1.50,2.25
2012.08.31 19:50:16.457,1.24058,1.24078,2.25,1.50
2012.08.31 19:50:17.017,1.24057,1.24075,1.50,1.50
2012.08.31 19:50:17.825,1.24055,1.24075,2.25,1.50
2012.08.31 19:50:18.392,1.24057,1.24075,1.50,1.50
2012.08.31 19:50:18.650,1.24058,1.24075,1.50,1.50
2012.08.31 19:50:21.380,1.24058,1.24076,1.50,1.50
2012.08.31 19:50:22.289,1.24055,1.24073,1.50,1.50
2012.08.31 19:50:25.588,1.24055,1.24073,1.50,1.50
2012.08.31 19:50:26.903,1.24055,1.24074,1.50,2.25
2012.08.31 19:50:30.730,1.24055,1.24074,1.50,1.50
2012.08.31 19:50:30.813,1.24055,1.24073,1.50,1.50
2012.08.31 19:50:30.949,1.24057,1.24075,1.50,1.50
2012.08.31 19:50:31.988,1.24054,1.24073,1.50,1.50
2012.08.31 19:50:32.609,1.24056,1.24075,1.50,1.50
2012.08.31 19:50:32.678,1.24057,1.24075,1.50,1.50
2012.08.31 19:50:34.128,1.24056,1.24074,2.25,1.50
2012.08.31 19:50:37.867,1.24055,1.24072,1.50,1.50
2012.08.31 19:50:38.648,1.24054,1.24072,1.50,1.50
2012.08.31 19:50:41.201,1.24053,1.2407,1.50,1.50
2012.08.31 19:50:43.699,1.24053,1.2407,1.50,1.50
2012.08.31 19:50:43.828,1.24055,1.24073,1.50,1.50
2012.08.31 19:50:44.441,1.24057,1.24077,1.50,1.50
2012.08.31 19:50:44.880,1.24055,1.24075,1.50,1.50
2012.08.31 19:50:44.949,1.24055,1.24073,1.50,1.50
2012.08.31 19:50:45.078,1.24056,1.24076,1.50,1.50
2012.08.31 19:50:45.147,1.24056,1.24076,1.50,1.50
2012.08.31 19:50:46.288,1.24058,1.24076,1.50,1.50
2012.08.31 19:50:46.546,1.24056,1.24075,1.50,1.50
2012.08.31 19:50:46.629,1.24055,1.24073,2.25,1.50
2012.08.31 19:50:47.158,1.24055,1.24073,2.25,1.50
2012.08.31 19:50:50.316,1.24055,1.24073,1.50,1.50
2012.08.31 19:50:50.520,1.24062,1.24079,1.50,2.25
2012.08.31 19:50:50.647,1.24059,1.24077,2.25,1.50
2012.08.31 19:50:50.720,1.24059,1.24073,1.50,1.50
2012.08.31 19:50:50.918,1.24053,1.24071,1.50,1.50
2012.08.31 19:50:51.179,1.24055,1.24072,1.50,1.50
2012.08.31 19:50:51.252,1.24061,1.24076,1.50,1.50
2012.08.31 19:50:51.331,1.24061,1.24079,1.50,1.50
2012.08.31 19:50:52.209,1.24061,1.2408,1.50,1.50
2012.08.31 19:50:52.771,1.24058,1.24076,2.25,1.50
2012.08.31 19:50:53.107,1.24061,1.24079,1.50,1.50
2012.08.31 19:50:55.178,1.24064,1.24079,1.50,1.50
2012.08.31 19:50:55.308,1.24064,1.24082,2.25,1.50
2012.08.31 19:50:55.448,1.24067,1.24085,1.50,1.50
2012.08.31 19:50:57.457,1.24066,1.24083,1.50,1.50
2012.08.31 19:50:58.474,1.24066,1.24083,1.50,1.50
2012.08.31 19:50:59.713,1.24065,1.24083,1.50,1.50
2012.08.31 19:50:59.794,1.24063,1.24081,2.25,1.50
2012.08.31 19:50:59.998,1.24063,1.2408,1.50,1.50
2012.08.31 19:51:00.571,1.24063,1.24082,1.50,1.50
2012.08.31 19:51:02.855,1.24063,1.2408,1.50,1.50
2012.08.31 19:51:02.927,1.24061,1.24079,1.50,1.50
2012.08.31 19:51:03.737,1.24059,1.24077,1.50,1.50
2012.08.31 19:51:03.877,1.24057,1.24076,2.25,1.50
2012.08.31 19:51:03.988,1.24057,1.24075,2.25,1.50
2012.08.31 19:51:04.519,1.24056,1.24073,1.50,1.50
2012.08.31 19:51:17.834,1.24056,1.24072,1.50,1.50
2012.08.31 19:51:18.038,1.2405,1.24066,3.00,1.50
2012.08.31 19:51:18.109,1.2405,1.24066,1.50,1.50
2012.08.31 19:51:18.299,1.24046,1.24062,1.50,1.50
2012.08.31 19:51:18.369,1.24048,1.24065,1.50,1.50
2012.08.31 19:51:18.620,1.24051,1.24071,1.50,1.50
2012.08.31 19:51:22.082,1.2405,1.24071,1.50,1.50
2012.08.31 19:51:22.732,1.24049,1.24068,1.50,1.50
2012.08.31 19:51:25.978,1.2405,1.24072,1.50,1.50
2012.08.31 19:51:26.310,1.24045,1.24066,1.50,1.50
2012.08.31 19:51:26.849,1.24045,1.24064,1.50,1.50
2012.08.31 19:51:35.299,1.2405,1.24066,1.50,1.50
2012.08.31 19:51:35.372,1.2405,1.24067,1.50,1.50
2012.08.31 19:51:37.459,1.2405,1.24067,2.25,1.50
2012.08.31 19:51:37.529,1.24053,1.24071,1.50,1.50
2012.08.31 19:51:37.789,1.24055,1.24074,2.25,1.50
2012.08.31 19:51:38.428,1.24055,1.24072,2.25,1.50
2012.08.31 19:51:38.859,1.24055,1.24065,1.50,1.50
2012.08.31 19:51:43.507,1.24055,1.24071,2.25,1.50
2012.08.31 19:51:43.847,1.24055,1.24068,1.50,1.50
2012.08.31 19:51:43.919,1.2405,1.24068,3.00,1.50
2012.08.31 19:51:43.988,1.2405,1.24068,2.25,1.50
2012.08.31 19:51:45.680,1.24048,1.24068,1.50,1.50
2012.08.31 19:51:46.139,1.24049,1.24066,1.50,1.50
2012.08.31 19:51:47.397,1.2405,1.24067,1.50,1.50
2012.08.31 19:51:47.935,1.2405,1.2407,2.25,1.50
2012.08.31 19:51:50.314,1.2405,1.24067,1.50,1.50
2012.08.31 19:51:50.521,1.2405,1.24066,1.50,1.50
2012.08.31 19:51:52.470,1.24052,1.2407,1.50,1.50
2012.08.31 19:51:52.661,1.24049,1.24067,1.50,1.50
2012.08.31 19:51:53.737,1.2405,1.24067,1.50,1.50
2012.08.31 19:51:54.050,1.24049,1.24065,1.50,1.50
2012.08.31 19:51:55.707,1.2405,1.24065,1.50,1.50
2012.08.31 19:51:56.038,1.24052,1.2407,2.25,2.25
2012.08.31 19:51:56.182,1.24054,1.2407,1.50,1.50
2012.08.31 19:51:56.261,1.24057,1.24073,1.50,1.50
2012.08.31 19:51:56.739,1.24052,1.2407,3.75,1.50
2012.08.31 19:51:59.049,1.24053,1.24073,1.50,3.00
2012.08.31 19:51:59.379,1.24055,1.24068,1.50,1.50
2012.08.31 19:51:59.451,1.24054,1.24068,1.50,2.25
2012.08.31 19:51:59.600,1.24051,1.24068,1.50,2.25
2012.08.31 19:52:01.578,1.24049,1.24067,1.50,1.50
2012.08.31 19:52:01.650,1.24045,1.24063,2.25,1.50
2012.08.31 19:52:01.778,1.24048,1.24065,1.50,1.50
2012.08.31 19:52:04.502,1.24047,1.24063,1.50,1.50
2012.08.31 19:52:04.941,1.24047,1.24067,1.50,2.25
2012.08.31 19:52:07.833,1.24051,1.24067,1.50,1.50
2012.08.31 19:52:07.909,1.24049,1.24064,1.50,1.50
2012.08.31 19:52:08.038,1.24046,1.24064,1.50,1.50
2012.08.31 19:52:09.577,1.24044,1.24063,2.25,1.50
2012.08.31 19:52:09.648,1.24044,1.24062,1.50,1.50
2012.08.31 19:52:11.949,1.24042,1.2406,1.50,1.50
2012.08.31 19:52:12.077,1.24041,1.24059,2.25,1.50
2012.08.31 19:52:15.084,1.24042,1.24059,1.50,1.50
2012.08.31 19:52:15.158,1.24044,1.24061,1.50,1.50
2012.08.31 19:52:15.288,1.24044,1.24061,1.50,1.50
2012.08.31 19:52:15.879,1.24044,1.24061,1.50,1.50
2012.08.31 19:52:16.128,1.24043,1.24061,1.50,1.50
2012.08.31 19:52:16.351,1.24041,1.2406,1.50,1.50
2012.08.31 19:52:16.804,1.2404,1.24058,1.50,1.50
2012.08.31 19:52:18.241,1.2404,1.24059,1.50,1.50
2012.08.31 19:52:18.623,1.24037,1.24051,1.50,1.50
2012.08.31 19:52:18.939,1.24035,1.24051,1.50,1.50
2012.08.31 19:52:19.471,1.24035,1.24047,1.50,1.50
2012.08.31 19:52:19.880,1.2403,1.24047,1.50,1.50
2012.08.31 19:52:22.489,1.24034,1.24051,1.50,1.50
2012.08.31 19:52:24.456,1.2403,1.24047,1.50,1.50
2012.08.31 19:52:26.891,1.24034,1.24052,1.50,1.50
2012.08.31 19:52:26.959,1.24034,1.24052,2.25,1.50
2012.08.31 19:52:28.668,1.24038,1.24056,1.50,1.50
2012.08.31 19:52:29.248,1.24037,1.24055,1.50,1.50
2012.08.31 19:52:30.219,1.24036,1.24054,1.50,1.50
2012.08.31 19:52:31.193,1.24038,1.24054,1.69,1.50
2012.08.31 19:52:31.273,1.24039,1.24056,1.50,1.50
2012.08.31 19:52:31.352,1.24039,1.24059,1.50,1.50
2012.08.31 19:52:31.700,1.24042,1.24059,1.50,1.50
2012.08.31 19:52:32.314,1.2404,1.24057,1.50,1.50
2012.08.31 19:52:32.597,1.24041,1.24058,1.50,1.50
2012.08.31 19:52:33.739,1.24041,1.24058,1.50,1.50
2012.08.31 19:52:33.999,1.24045,1.24063,1.50,1.50
2012.08.31 19:52:37.600,1.24047,1.24066,1.50,1.50
2012.08.31 19:52:37.668,1.24049,1.24066,1.50,1.50
2012.08.31 19:52:37.897,1.24046,1.24066,1.50,1.50
2012.08.31 19:52:37.969,1.24045,1.24064,1.50,1.50
2012.08.31 19:52:39.280,1.24046,1.24064,1.50,1.50
2012.08.31 19:52:39.628,1.24046,1.24064,1.50,1.50
2012.08.31 19:52:39.818,1.24044,1.24061,2.25,1.50
2012.08.31 19:52:42.089,1.24046,1.24063,1.50,1.50
2012.08.31 19:52:42.158,1.24049,1.24067,1.50,1.50
2012.08.31 19:52:46.557,1.24047,1.24067,2.25,1.50
2012.08.31 19:52:46.629,1.24047,1.24064,1.50,1.50
2012.08.31 19:52:47.879,1.24045,1.24064,1.50,1.50
2012.08.31 19:52:48.249,1.24045,1.24061,1.50,1.50
2012.08.31 19:52:48.478,1.24047,1.24065,2.25,1.50
2012.08.31 19:52:52.467,1.24038,1.24057,1.50,1.50
2012.08.31 19:52:52.601,1.24042,1.2406,1.50,1.50
2012.08.31 19:52:52.879,1.2404,1.24057,1.50,1.50
2012.08.31 19:52:53.080,1.24041,1.24059,1.50,1.50
2012.08.31 19:52:53.221,1.24045,1.24063,1.50,1.50
2012.08.31 19:52:54.231,1.24043,1.24061,1.50,1.50
2012.08.31 19:52:54.570,1.24041,1.24059,1.69,1.50
2012.08.31 19:52:54.947,1.24042,1.2406,1.50,1.50
2012.08.31 19:52:56.850,1.24039,1.24057,1.50,1.50
2012.08.31 19:52:57.329,1.24037,1.24055,2.25,1.50
2012.08.31 19:52:57.638,1.24038,1.24058,2.25,1.50
2012.08.31 19:53:05.109,1.24039,1.24055,1.50,1.50
2012.08.31 19:53:05.312,1.24037,1.24055,1.50,1.50
2012.08.31 19:53:05.823,1.2404,1.24055,1.50,1.50
2012.08.31 19:53:05.902,1.24041,1.24059,1.50,1.50
2012.08.31 19:53:06.098,1.24038,1.24057,1.50,2.25
2012.08.31 19:53:06.417,1.24035,1.24052,1.50,1.50
2012.08.31 19:53:06.859,1.24036,1.24056,1.50,1.50
2012.08.31 19:53:07.287,1.24035,1.24054,1.50,1.50
2012.08.31 19:53:10.251,1.24038,1.24057,1.50,2.25
2012.08.31 19:53:10.758,1.2404,1.24057,1.50,1.50
2012.08.31 19:53:11.467,1.2404,1.24057,1.50,1.50
2012.08.31 19:53:13.384,1.24039,1.24055,1.50,1.50
2012.08.31 19:53:13.918,1.24036,1.24055,1.69,1.50
2012.08.31 19:53:14.627,1.24036,1.24055,1.50,1.50
2012.08.31 19:53:14.759,1.24034,1.24052,3.00,1.50
2012.08.31 19:53:16.482,1.24037,1.24053,1.50,1.50
2012.08.31 19:53:17.260,1.24033,1.24054,1.50,3.00
2012.08.31 19:53:17.681,1.24035,1.24051,1.50,1.50
2012.08.31 19:53:17.761,1.24035,1.24055,1.50,2.25
2012.08.31 19:53:17.831,1.24037,1.24055,1.50,1.50
2012.08.31 19:53:17.900,1.24038,1.24056,1.50,1.50
2012.08.31 19:53:18.439,1.2404,1.24057,1.50,1.50
2012.08.31 19:53:19.038,1.24036,1.24051,1.50,1.50
2012.08.31 19:53:19.179,1.24039,1.24055,1.50,1.50
2012.08.31 19:53:19.911,1.2404,1.24056,1.50,1.50
2012.08.31 19:53:20.269,1.24038,1.24054,2.25,1.50
2012.08.31 19:53:20.531,1.24039,1.24055,1.50,1.50
2012.08.31 19:53:20.601,1.24039,1.24054,1.50,1.50
2012.08.31 19:53:20.790,1.24039,1.24055,1.50,1.50
2012.08.31 19:53:20.978,1.24039,1.2405,1.50,1.50
2012.08.31 19:53:21.495,1.24039,1.2405,1.50,1.50
2012.08.31 19:53:23.040,1.24039,1.24056,2.25,1.50
2012.08.31 19:53:23.418,1.24039,1.24054,2.25,1.50
2012.08.31 19:53:23.967,1.2404,1.24055,1.50,1.50
2012.08.31 19:53:24.037,1.24042,1.24059,1.50,1.50
2012.08.31 19:53:24.558,1.24042,1.24059,1.50,1.50
2012.08.31 19:53:25.673,1.24043,1.24061,3.00,1.50
2012.08.31 19:53:25.753,1.24047,1.24063,1.50,1.50
2012.08.31 19:53:25.950,1.24045,1.24059,1.50,1.50
2012.08.31 19:53:26.092,1.24044,1.24057,1.50,1.50
2012.08.31 19:53:26.219,1.24044,1.24064,2.25,1.50
2012.08.31 19:53:26.809,1.24044,1.24058,1.50,1.50
2012.08.31 19:53:28.230,1.24044,1.24056,1.50,1.50
2012.08.31 19:53:28.300,1.24044,1.24056,1.50,1.50
2012.08.31 19:53:28.622,1.24044,1.24053,1.50,1.50
2012.08.31 19:53:29.069,1.24044,1.24051,1.50,1.50
2012.08.31 19:53:29.840,1.24044,1.24049,1.50,1.50
2012.08.31 19:53:30.547,1.24044,1.24053,1.50,1.50
2012.08.31 19:53:30.759,1.24043,1.2406,1.50,1.50
2012.08.31 19:53:30.948,1.24044,1.24061,1.50,1.50
2012.08.31 19:53:31.019,1.24044,1.2406,1.50,2.25
2012.08.31 19:53:31.532,1.24043,1.24053,1.50,1.50
2012.08.31 19:53:31.848,1.24039,1.24049,1.50,1.50
2012.08.31 19:53:34.069,1.24036,1.24049,1.50,1.50
2012.08.31 19:53:34.341,1.24036,1.24055,1.50,1.50
2012.08.31 19:53:34.420,1.24036,1.24056,2.25,1.50
2012.08.31 19:53:34.502,1.24034,1.24047,1.50,1.50
2012.08.31 19:53:34.582,1.24037,1.24057,1.50,1.50
2012.08.31 19:53:36.531,1.2404,1.24058,1.50,1.50
2012.08.31 19:53:37.300,1.2404,1.24059,2.25,1.50
2012.08.31 19:53:37.628,1.24041,1.24059,1.50,1.50
2012.08.31 19:53:37.938,1.24041,1.24058,1.50,1.50
2012.08.31 19:53:38.510,1.2404,1.24058,1.50,1.50
2012.08.31 19:53:40.541,1.24037,1.24058,1.50,1.50
2012.08.31 19:53:40.614,1.24037,1.24056,1.50,1.50
2012.08.31 19:53:40.871,1.2403,1.24047,2.25,1.50
2012.08.31 19:53:45.420,1.24026,1.24044,1.50,1.50
2012.08.31 19:53:45.759,1.2402,1.24038,2.25,1.50
2012.08.31 19:53:45.829,1.24024,1.24042,1.50,1.50
2012.08.31 19:53:45.898,1.24026,1.24042,1.50,1.50
2012.08.31 19:53:45.969,1.24029,1.24046,1.50,1.50
2012.08.31 19:53:46.158,1.24031,1.24049,1.50,1.50
2012.08.31 19:53:47.550,1.24029,1.24046,1.50,1.50
2012.08.31 19:53:48.482,1.24029,1.24048,1.50,1.50
2012.08.31 19:53:48.548,1.24032,1.2405,1.50,1.50
2012.08.31 19:53:51.700,1.24031,1.2405,1.50,1.50
2012.08.31 19:53:52.525,1.24029,1.24048,1.50,1.50
2012.08.31 19:54:03.798,1.24033,1.24054,1.50,2.25
2012.08.31 19:54:05.698,1.24033,1.24054,1.50,3.00
2012.08.31 19:54:18.180,1.24033,1.24053,2.25,1.50
2012.08.31 19:54:18.498,1.24034,1.24053,1.50,1.50
2012.08.31 19:54:27.064,1.24034,1.24053,1.50,1.50
2012.08.31 19:54:27.736,1.24039,1.24055,2.25,1.50
2012.08.31 19:54:27.813,1.24039,1.24057,1.50,1.50
2012.08.31 19:54:29.588,1.24037,1.24057,1.50,1.50
2012.08.31 19:54:30.139,1.2404,1.24057,1.50,1.50
2012.08.31 19:54:30.208,1.24041,1.2406,1.50,1.50
2012.08.31 19:54:30.278,1.24042,1.24062,1.50,2.25
2012.08.31 19:54:31.219,1.24041,1.24062,2.25,1.50
2012.08.31 19:54:31.810,1.24041,1.24059,1.50,1.50
2012.08.31 19:54:36.827,1.24039,1.24056,1.50,1.50
2012.08.31 19:54:37.888,1.24041,1.24059,1.50,1.50
2012.08.31 19:54:42.037,1.24042,1.24059,1.50,1.50
2012.08.31 19:54:43.688,1.24043,1.24062,1.50,1.50
2012.08.31 19:54:55.308,1.24043,1.24063,1.50,1.50
2012.08.31 19:54:56.214,1.24048,1.24065,1.50,1.50
2012.08.31 19:54:57.181,1.24048,1.24065,1.69,1.50
2012.08.31 19:54:57.461,1.24053,1.24071,1.50,1.50
2012.08.31 19:55:01.031,1.2405,1.2407,1.50,1.50
2012.08.31 19:55:01.229,1.24049,1.2407,1.50,1.50
2012.08.31 19:55:03.038,1.24046,1.24066,1.69,1.50
2012.08.31 19:55:07.562,1.24048,1.24066,1.50,1.50
2012.08.31 19:55:07.939,1.24052,1.24068,1.50,1.50
2012.08.31 19:55:08.068,1.24052,1.2407,1.50,1.50
2012.08.31 19:55:18.665,1.24049,1.24068,1.50,1.50
2012.08.31 19:55:19.748,1.24049,1.24068,2.25,1.50
2012.08.31 19:55:19.816,1.2405,1.24068,1.50,1.50
2012.08.31 19:55:21.618,1.24049,1.24068,2.25,1.50
2012.08.31 19:55:22.506,1.24049,1.24067,1.50,1.50
2012.08.31 19:55:22.579,1.24049,1.24069,2.25,1.50
2012.08.31 19:55:22.647,1.24048,1.24065,1.50,1.50
2012.08.31 19:55:24.719,1.24049,1.24067,1.50,1.50
2012.08.31 19:55:24.787,1.2405,1.24068,1.50,1.50
2012.08.31 19:55:26.488,1.24049,1.24064,1.50,1.50
2012.08.31 19:55:26.619,1.24047,1.24065,1.50,1.50
2012.08.31 19:55:26.687,1.24049,1.24066,1.50,1.50
2012.08.31 19:55:27.112,1.24047,1.24065,1.50,1.50
2012.08.31 19:55:27.468,1.24049,1.24069,2.25,1.50
2012.08.31 19:55:28.231,1.24046,1.24059,2.25,1.50
2012.08.31 19:55:28.817,1.24049,1.24069,2.25,1.50
2012.08.31 19:55:28.887,1.24049,1.24069,2.25,1.50
2012.08.31 19:55:30.339,1.24047,1.24065,1.50,2.25
2012.08.31 19:55:31.281,1.24048,1.24065,1.50,1.50
2012.08.31 19:55:31.698,1.24049,1.24066,1.50,1.50
2012.08.31 19:55:32.019,1.24049,1.24069,1.50,1.50
2012.08.31 19:55:32.088,1.24049,1.24065,1.50,1.50
2012.08.31 19:55:32.338,1.24048,1.24064,1.50,1.50
2012.08.31 19:55:32.409,1.24048,1.24065,1.50,1.50
2012.08.31 19:55:32.598,1.24046,1.2406,2.25,1.50
2012.08.31 19:55:32.668,1.24047,1.24063,1.50,1.50
2012.08.31 19:55:32.739,1.24049,1.24066,1.50,1.50
2012.08.31 19:55:32.809,1.24049,1.24067,1.50,1.50
2012.08.31 19:55:35.559,1.24049,1.24067,1.50,1.50
2012.08.31 19:55:37.370,1.24048,1.24067,1.50,2.25
2012.08.31 19:55:37.560,1.24045,1.24066,1.50,1.50
2012.08.31 19:55:37.631,1.24045,1.24061,1.50,1.50
2012.08.31 19:55:37.699,1.24043,1.24061,1.50,2.25
2012.08.31 19:55:37.841,1.24041,1.24058,1.50,1.50
2012.08.31 19:55:38.467,1.24041,1.24058,1.50,1.50
2012.08.31 19:55:38.542,1.24044,1.24062,1.50,1.50
2012.08.31 19:55:38.619,1.24046,1.24064,1.50,1.50
2012.08.31 19:55:38.688,1.24046,1.24066,2.25,1.50
2012.08.31 19:55:40.750,1.24049,1.24064,1.50,1.50
2012.08.31 19:55:40.949,1.24049,1.24067,2.25,1.50
2012.08.31 19:55:41.151,1.24045,1.24064,1.50,1.50
2012.08.31 19:55:41.352,1.24041,1.24059,1.69,1.50
2012.08.31 19:55:41.893,1.24042,1.24059,1.50,1.50
2012.08.31 19:55:42.431,1.24043,1.2406,1.50,1.50
2012.08.31 19:55:42.961,1.24042,1.24063,1.50,1.50
2012.08.31 19:55:44.140,1.24042,1.24063,1.50,1.50
2012.08.31 19:55:44.578,1.24039,1.2406,1.50,1.50
2012.08.31 19:55:54.010,1.24045,1.24065,1.50,1.50
2012.08.31 19:55:54.080,1.24046,1.24065,1.50,1.50
2012.08.31 19:55:55.010,1.24042,1.24063,1.50,1.50
2012.08.31 19:55:55.559,1.24042,1.24063,2.25,1.50
2012.08.31 19:55:55.879,1.24048,1.24067,2.25,1.50
2012.08.31 19:55:58.352,1.2405,1.24071,1.50,1.50
2012.08.31 19:55:59.580,1.2405,1.24067,1.50,1.50
2012.08.31 19:56:05.258,1.2405,1.24069,2.25,1.50
2012.08.31 19:56:05.327,1.24052,1.2407,1.50,1.50
2012.08.31 19:56:07.249,1.24051,1.2407,1.50,1.50
2012.08.31 19:56:07.768,1.2405,1.24067,1.50,1.50
2012.08.31 19:56:11.209,1.24053,1.24067,2.25,1.50
2012.08.31 19:56:11.758,1.24053,1.24068,1.50,1.50
2012.08.31 19:56:13.223,1.24048,1.24059,5.44,1.50
2012.08.31 19:56:13.302,1.24041,1.24058,3.19,1.50
2012.08.31 19:56:13.439,1.24041,1.24058,3.00,1.50
2012.08.31 19:56:13.569,1.24044,1.24063,1.50,1.50
2012.08.31 19:56:13.758,1.24047,1.24063,1.50,1.50
2012.08.31 19:56:13.831,1.2405,1.24067,1.50,1.50
2012.08.31 19:56:13.898,1.24052,1.24071,1.50,1.50
2012.08.31 19:56:14.610,1.24051,1.24071,1.50,1.50
2012.08.31 19:56:15.314,1.2405,1.24067,1.50,1.50
2012.08.31 19:56:20.859,1.24051,1.24067,1.50,1.50
2012.08.31 19:56:20.999,1.24056,1.24074,2.25,1.50
2012.08.31 19:56:21.069,1.24056,1.24074,1.50,2.25
2012.08.31 19:56:21.199,1.24055,1.24071,1.50,1.50
2012.08.31 19:56:21.340,1.24055,1.24073,1.50,1.50
2012.08.31 19:56:21.838,1.24055,1.24071,1.50,1.50
2012.08.31 19:56:22.215,1.24052,1.24068,2.25,1.50
2012.08.31 19:56:25.240,1.24052,1.2407,1.50,1.50
2012.08.31 19:56:25.371,1.2405,1.24065,1.50,1.50
2012.08.31 19:56:25.709,1.24054,1.24069,1.50,1.50
2012.08.31 19:56:25.839,1.24056,1.24073,1.50,1.50
2012.08.31 19:56:26.084,1.24056,1.24072,1.50,1.50
2012.08.31 19:56:26.398,1.24052,1.24068,1.50,1.50
2012.08.31 19:56:28.459,1.24051,1.24068,1.50,1.50
2012.08.31 19:56:28.530,1.24049,1.24069,1.50,1.50
2012.08.31 19:56:28.599,1.24051,1.24071,1.50,1.50
2012.08.31 19:56:29.385,1.2405,1.24068,1.50,1.50
2012.08.31 19:56:40.213,1.24048,1.24067,1.50,1.50
2012.08.31 19:56:40.353,1.24046,1.24064,2.25,1.50
2012.08.31 19:56:40.433,1.24046,1.24064,1.50,1.50
2012.08.31 19:56:40.510,1.24046,1.24062,1.50,1.50
2012.08.31 19:56:40.999,1.24045,1.24056,1.50,1.50
2012.08.31 19:56:45.114,1.24045,1.24063,1.50,1.50
2012.08.31 19:56:45.701,1.24041,1.24056,1.50,1.50
2012.08.31 19:56:46.303,1.24045,1.24056,2.25,1.50
2012.08.31 19:56:46.385,1.24046,1.24061,1.50,1.50
2012.08.31 19:56:46.461,1.24046,1.2406,1.50,1.50
2012.08.31 19:56:46.810,1.24048,1.24067,1.50,1.50
2012.08.31 19:56:47.041,1.24048,1.24065,1.50,1.50
2012.08.31 19:56:47.549,1.24046,1.24063,1.50,1.50
2012.08.31 19:56:48.503,1.24046,1.24063,1.50,2.25
2012.08.31 19:56:49.562,1.24048,1.24069,2.25,1.50
2012.08.31 19:56:49.638,1.24046,1.24056,1.50,1.50
2012.08.31 19:56:49.789,1.24048,1.24065,1.50,1.50
2012.08.31 19:56:49.858,1.24046,1.2406,1.50,1.50
2012.08.31 19:56:50.548,1.24048,1.24066,1.50,1.50
2012.08.31 19:56:50.702,1.24048,1.24063,1.50,2.25
2012.08.31 19:56:50.949,1.2405,1.2407,1.50,2.25
2012.08.31 19:56:51.019,1.24048,1.2407,2.25,2.25
2012.08.31 19:56:51.090,1.24048,1.24065,1.50,1.50
2012.08.31 19:56:51.162,1.24046,1.24059,1.50,1.50
2012.08.31 19:56:51.299,1.24048,1.24068,1.50,1.50
2012.08.31 19:56:51.367,1.24048,1.24065,1.50,1.50
2012.08.31 19:56:51.757,1.24048,1.24067,2.25,1.50
2012.08.31 19:56:51.836,1.24046,1.24059,1.50,1.50
2012.08.31 19:56:52.029,1.24048,1.24067,2.25,1.50
2012.08.31 19:56:52.189,1.24046,1.24057,1.50,1.50
2012.08.31 19:56:52.528,1.24048,1.24067,2.25,1.50
2012.08.31 19:56:52.601,1.24046,1.24059,1.50,1.50
2012.08.31 19:56:52.919,1.24046,1.24059,1.50,1.50
2012.08.31 19:56:53.049,1.24048,1.24065,1.50,1.50
2012.08.31 19:56:53.118,1.24046,1.24062,1.50,1.50
2012.08.31 19:56:53.248,1.24048,1.24067,2.25,1.50
2012.08.31 19:56:53.509,1.24048,1.24066,1.50,1.50
2012.08.31 19:56:53.820,1.24046,1.24062,1.50,1.50
2012.08.31 19:56:54.370,1.24046,1.24062,1.50,1.50
2012.08.31 19:56:54.509,1.24046,1.24064,2.25,1.50
2012.08.31 19:56:55.079,1.24046,1.24063,1.50,1.50
2012.08.31 19:56:55.279,1.24047,1.24061,1.50,1.50
2012.08.31 19:56:55.349,1.24047,1.24064,1.50,1.50
2012.08.31 19:56:55.419,1.24046,1.24064,1.50,2.25
2012.08.31 19:56:55.620,1.24046,1.24062,2.25,1.50
2012.08.31 19:56:55.690,1.24046,1.24064,2.25,1.50
2012.08.31 19:56:56.138,1.24046,1.24065,1.50,1.50
2012.08.31 19:56:57.209,1.24046,1.24058,1.50,1.50
2012.08.31 19:56:58.208,1.24048,1.24064,1.50,1.50
2012.08.31 19:56:58.278,1.24048,1.24065,1.50,1.50
2012.08.31 19:56:58.907,1.24048,1.24064,1.50,1.50
2012.08.31 19:56:59.240,1.24046,1.24062,1.50,1.50
2012.08.31 19:57:01.860,1.24046,1.24056,1.50,1.50
2012.08.31 19:57:03.110,1.24048,1.24065,2.25,1.50
2012.08.31 19:57:03.179,1.24048,1.24056,1.50,1.50
2012.08.31 19:57:06.248,1.24048,1.24067,1.50,1.50
2012.08.31 19:57:06.378,1.24046,1.24056,1.50,1.50
2012.08.31 19:57:06.508,1.24046,1.24061,1.50,1.50
2012.08.31 19:57:06.578,1.24046,1.24061,1.50,1.50
2012.08.31 19:57:07.229,1.24046,1.24056,1.50,1.50
2012.08.31 19:57:08.243,1.24043,1.24056,2.25,1.50
2012.08.31 19:57:08.322,1.24043,1.24052,2.25,1.50
2012.08.31 19:57:08.541,1.24045,1.24059,1.50,2.25
2012.08.31 19:57:08.611,1.24043,1.24057,2.25,1.50
2012.08.31 19:57:09.128,1.24043,1.24052,1.50,1.50
2012.08.31 19:57:09.869,1.24045,1.24062,1.50,1.50
2012.08.31 19:57:10.320,1.24041,1.24059,1.69,1.50
2012.08.31 19:57:11.400,1.24041,1.24059,1.50,1.50
2012.08.31 19:57:11.468,1.24038,1.24049,1.50,1.50
2012.08.31 19:57:11.782,1.24044,1.24061,1.50,1.50
2012.08.31 19:57:11.918,1.24041,1.24059,1.50,1.50
2012.08.31 19:57:12.440,1.24038,1.24047,1.50,1.50
2012.08.31 19:57:12.511,1.24032,1.24047,1.50,1.50
2012.08.31 19:57:12.581,1.24032,1.24043,1.50,1.50
2012.08.31 19:57:12.650,1.24032,1.24048,1.13,1.50
2012.08.31 19:57:12.721,1.24037,1.24048,1.50,1.50
2012.08.31 19:57:12.791,1.24041,1.24059,1.50,1.50
2012.08.31 19:57:12.929,1.24037,1.24052,1.50,1.50
2012.08.31 19:57:12.999,1.2404,1.2406,2.25,2.25
2012.08.31 19:57:13.249,1.24037,1.2405,1.50,1.50
2012.08.31 19:57:13.321,1.24038,1.24053,1.13,1.50
2012.08.31 19:57:13.391,1.24038,1.24051,1.13,1.50
2012.08.31 19:57:13.463,1.24032,1.24048,3.00,1.50
2012.08.31 19:57:13.542,1.24033,1.2405,1.50,1.50
2012.08.31 19:57:13.620,1.24033,1.24053,2.25,1.50
2012.08.31 19:57:14.143,1.24031,1.24047,1.88,1.50
2012.08.31 19:57:14.471,1.24031,1.24047,1.50,1.50
2012.08.31 19:57:14.660,1.24031,1.24044,1.88,1.50
2012.08.31 19:57:14.729,1.24033,1.24052,1.50,1.50
2012.08.31 19:57:14.999,1.24031,1.24051,2.63,1.50
2012.08.31 19:57:15.333,1.24025,1.24045,2.25,1.50
2012.08.31 19:57:15.471,1.24023,1.2404,1.50,1.50
2012.08.31 19:57:15.978,1.24022,1.2404,1.50,1.50
2012.08.31 19:57:18.632,1.24022,1.24044,1.50,1.50
2012.08.31 19:57:18.704,1.24027,1.24044,1.50,1.50
2012.08.31 19:57:19.188,1.24029,1.24049,1.50,1.50
2012.08.31 19:57:19.259,1.24033,1.24051,1.50,1.50
2012.08.31 19:57:19.657,1.24033,1.2405,1.50,1.50
2012.08.31 19:57:20.540,1.2403,1.2405,1.50,2.25
2012.08.31 19:57:20.608,1.2403,1.24048,1.50,1.50
2012.08.31 19:57:23.711,1.24027,1.24046,1.50,1.50
2012.08.31 19:57:23.779,1.24021,1.24039,2.25,1.50
2012.08.31 19:57:23.989,1.24022,1.24043,1.50,1.50
2012.08.31 19:57:24.059,1.24025,1.24043,1.50,1.50
2012.08.31 19:57:24.188,1.24027,1.24046,1.50,1.50
2012.08.31 19:57:24.318,1.24029,1.24049,1.50,1.50
2012.08.31 19:57:25.509,1.24026,1.24047,1.50,2.25
2012.08.31 19:57:25.878,1.24028,1.2405,1.50,1.50
2012.08.31 19:57:26.191,1.24033,1.24051,1.50,1.50
2012.08.31 19:57:26.519,1.24031,1.24049,1.50,1.50
2012.08.31 19:57:29.971,1.24027,1.24048,2.25,1.50
2012.08.31 19:57:30.037,1.24027,1.24047,2.25,1.50
2012.08.31 19:57:31.279,1.24029,1.2405,1.50,1.50
2012.08.31 19:57:31.349,1.2403,1.2405,1.50,1.50
2012.08.31 19:57:31.559,1.24026,1.24045,1.50,1.50
2012.08.31 19:57:33.118,1.24026,1.24047,1.50,1.50
2012.08.31 19:57:33.319,1.24028,1.2405,2.25,1.50
2012.08.31 19:57:33.828,1.24027,1.24044,2.25,1.50
2012.08.31 19:57:34.959,1.24026,1.24044,1.50,2.25
2012.08.31 19:57:35.148,1.24021,1.24037,1.50,1.50
2012.08.31 19:57:36.165,1.24021,1.24037,1.50,1.50
2012.08.31 19:57:36.660,1.24024,1.24042,1.50,1.50
2012.08.31 19:57:36.729,1.24024,1.24044,1.50,2.25
2012.08.31 19:57:36.998,1.24022,1.24038,1.50,1.50
2012.08.31 19:57:37.421,1.24025,1.24044,1.50,1.50
2012.08.31 19:57:37.491,1.24024,1.24043,1.50,1.50
2012.08.31 19:57:37.557,1.24021,1.24037,1.50,1.50
2012.08.31 19:57:37.629,1.24027,1.24045,1.50,1.50
2012.08.31 19:57:37.757,1.24024,1.24042,1.50,1.50
2012.08.31 19:57:37.827,1.24021,1.24036,1.50,1.50
2012.08.31 19:57:38.190,1.24024,1.24043,1.50,1.50
2012.08.31 19:57:38.258,1.24022,1.24038,1.50,1.50
2012.08.31 19:57:38.328,1.24022,1.2404,1.50,1.50
2012.08.31 19:57:38.398,1.24024,1.24044,1.50,1.50
2012.08.31 19:57:38.468,1.24027,1.24045,1.50,1.50
2012.08.31 19:57:38.537,1.24024,1.24044,1.50,1.50
2012.08.31 19:57:38.607,1.24021,1.24038,1.50,1.50
2012.08.31 19:57:39.000,1.24029,1.24047,1.50,1.50
2012.08.31 19:57:39.069,1.24028,1.24044,1.50,1.50
2012.08.31 19:57:39.201,1.24027,1.24042,1.50,1.50
2012.08.31 19:57:39.269,1.24028,1.24044,1.50,1.50
2012.08.31 19:57:39.539,1.24028,1.24049,2.25,1.50
2012.08.31 19:57:39.698,1.24028,1.24044,1.50,1.50
2012.08.31 19:57:40.359,1.24027,1.24043,1.50,1.50
2012.08.31 19:57:40.428,1.2403,1.24046,1.50,1.50
2012.08.31 19:57:40.628,1.2403,1.24048,1.50,1.50
2012.08.31 19:57:40.699,1.24028,1.24046,1.50,1.50
2012.08.31 19:57:41.022,1.24031,1.2405,1.50,2.25
2012.08.31 19:57:41.372,1.24029,1.24046,1.50,1.50
2012.08.31 19:57:41.780,1.24029,1.24046,1.50,1.50
2012.08.31 19:57:42.191,1.24025,1.2404,2.25,1.50
2012.08.31 19:57:42.322,1.24026,1.24044,1.50,1.50
2012.08.31 19:57:43.087,1.24028,1.24044,1.50,1.50
2012.08.31 19:57:43.161,1.24028,1.24042,1.50,1.50
2012.08.31 19:57:45.198,1.24025,1.24042,3.00,1.50
2012.08.31 19:57:45.739,1.24026,1.24047,1.50,2.25
2012.08.31 19:57:45.811,1.24025,1.2404,2.25,1.50
2012.08.31 19:57:47.018,1.24025,1.2404,2.44,1.50
2012.08.31 19:57:47.209,1.24025,1.24044,4.32,1.50
2012.08.31 19:57:47.280,1.24028,1.24044,2.44,1.50
2012.08.31 19:57:49.750,1.24035,1.24054,1.50,1.50
2012.08.31 19:57:49.821,1.2403,1.24047,3.00,1.50
2012.08.31 19:57:50.357,1.24033,1.24047,1.50,1.50
2012.08.31 19:57:50.859,1.24033,1.24047,2.25,1.50
2012.08.31 19:57:51.884,1.24033,1.24047,2.25,1.50
2012.08.31 19:57:52.158,1.24033,1.24046,2.25,1.50
2012.08.31 19:57:52.985,1.24033,1.24045,2.25,1.50
2012.08.31 19:57:53.490,1.24033,1.24045,2.25,1.50
2012.08.31 19:57:53.918,1.24035,1.24053,1.50,1.50
2012.08.31 19:57:55.089,1.24033,1.24052,3.00,2.25
2012.08.31 19:57:55.217,1.24035,1.24056,1.50,1.50
2012.08.31 19:57:55.347,1.24033,1.24046,2.25,1.50
2012.08.31 19:57:55.980,1.24033,1.24046,2.25,1.50
2012.08.31 19:57:56.657,1.24033,1.24049,3.00,1.50
2012.08.31 19:57:57.248,1.24035,1.24055,1.50,1.50
2012.08.31 19:57:57.438,1.24033,1.2405,3.00,1.50
2012.08.31 19:58:00.196,1.24033,1.2405,3.00,1.50
2012.08.31 19:58:00.519,1.24034,1.24051,1.50,1.50
2012.08.31 19:58:00.993,1.24034,1.2405,1.50,1.50
2012.08.31 19:58:01.981,1.24033,1.24047,2.25,1.50
2012.08.31 19:58:06.927,1.24029,1.24048,2.44,1.50
2012.08.31 19:58:07.178,1.24034,1.24051,1.50,1.50
2012.08.31 19:58:07.520,1.24036,1.24056,2.25,1.50
2012.08.31 19:58:07.599,1.24036,1.24053,1.50,1.50
2012.08.31 19:58:07.729,1.2403,1.24049,1.50,1.50
2012.08.31 19:58:12.250,1.24032,1.2405,1.50,1.50
2012.08.31 19:58:12.870,1.24034,1.24052,1.50,1.50
2012.08.31 19:58:13.238,1.24033,1.24052,1.50,2.25
2012.08.31 19:58:13.670,1.24029,1.24044,1.50,1.50
2012.08.31 19:58:14.058,1.2403,1.24048,1.50,1.50
2012.08.31 19:58:26.337,1.24032,1.24048,1.50,1.50
2012.08.31 19:58:26.788,1.24035,1.24052,1.50,1.50
2012.08.31 19:58:26.858,1.24033,1.24049,1.50,1.50
2012.08.31 19:58:27.059,1.24033,1.24046,1.50,1.50
2012.08.31 19:58:27.188,1.24035,1.24055,2.25,1.50
2012.08.31 19:58:27.470,1.24034,1.24051,1.50,1.50
2012.08.31 19:58:27.710,1.24034,1.2405,1.50,1.50
2012.08.31 19:58:28.220,1.24033,1.24045,1.50,1.50
2012.08.31 19:58:28.349,1.24033,1.24049,1.50,1.50
2012.08.31 19:58:28.558,1.24035,1.24052,1.50,2.25
2012.08.31 19:58:28.628,1.24033,1.24045,1.50,1.50
2012.08.31 19:58:28.760,1.24036,1.24054,1.50,1.50
2012.08.31 19:58:29.749,1.24035,1.24053,2.25,1.50
2012.08.31 19:58:29.818,1.24035,1.24051,1.50,1.50
2012.08.31 19:58:30.448,1.24033,1.24046,1.50,1.50
2012.08.31 19:58:30.519,1.24036,1.24054,1.50,1.50
2012.08.31 19:58:30.719,1.24035,1.2405,1.50,1.50
2012.08.31 19:58:31.659,1.24033,1.24046,1.50,1.50
2012.08.31 19:58:32.178,1.24033,1.24046,1.50,1.50
2012.08.31 19:58:32.251,1.24029,1.24049,2.25,1.50
2012.08.31 19:58:32.498,1.24029,1.24049,1.50,2.25
2012.08.31 19:58:35.714,1.2403,1.24048,1.50,1.50
2012.08.31 19:58:40.969,1.24029,1.24048,1.50,1.50
2012.08.31 19:58:41.728,1.24028,1.24045,1.50,1.50
2012.08.31 19:58:46.974,1.24023,1.24041,2.25,1.50
2012.08.31 19:58:47.050,1.24023,1.24041,1.50,1.50
2012.08.31 19:58:47.387,1.24022,1.24038,1.50,1.50
2012.08.31 19:58:47.521,1.24023,1.24041,1.50,1.50
2012.08.31 19:58:47.588,1.24022,1.24041,1.50,2.25
2012.08.31 19:58:47.800,1.24025,1.24045,1.50,1.50
2012.08.31 19:58:47.930,1.24022,1.24041,2.25,1.50
2012.08.31 19:58:48.071,1.24028,1.24045,1.50,1.50
2012.08.31 19:58:48.150,1.24027,1.24045,1.50,1.50
2012.08.31 19:58:48.339,1.24025,1.24043,1.50,1.50
2012.08.31 19:58:48.909,1.24026,1.24045,1.50,1.50
2012.08.31 19:58:48.981,1.24027,1.24045,1.50,1.50
2012.08.31 19:58:49.498,1.24028,1.24047,1.50,1.50
2012.08.31 19:58:55.089,1.24026,1.24044,1.50,1.50
2012.08.31 19:58:55.159,1.24025,1.24043,1.50,1.50
2012.08.31 19:58:55.231,1.24023,1.24041,1.50,1.50
2012.08.31 19:58:55.479,1.24021,1.24036,1.50,1.50
2012.08.31 19:58:56.020,1.24021,1.24038,1.50,1.50
2012.08.31 19:58:56.089,1.2402,1.24031,1.50,1.50
2012.08.31 19:58:57.739,1.24025,1.24044,1.50,1.50
2012.08.31 19:58:57.809,1.24017,1.24031,2.25,1.50
2012.08.31 19:58:58.794,1.24017,1.24029,1.50,1.50
2012.08.31 19:59:00.198,1.24021,1.24036,1.50,1.50
2012.08.31 19:59:00.269,1.24021,1.24038,1.50,1.50
2012.08.31 19:59:00.343,1.24017,1.24034,1.50,1.50
2012.08.31 19:59:00.420,1.24013,1.24028,3.00,1.50
2012.08.31 19:59:00.886,1.24013,1.24025,2.25,1.50
2012.08.31 19:59:01.030,1.24018,1.24038,1.50,2.25
2012.08.31 19:59:01.100,1.24017,1.24029,1.50,1.50
2012.08.31 19:59:01.288,1.24013,1.24025,1.50,1.50
2012.08.31 19:59:01.909,1.24013,1.24024,1.50,1.50
2012.08.31 19:59:02.112,1.24013,1.24028,1.50,1.50
2012.08.31 19:59:02.182,1.24017,1.24032,1.50,1.50
2012.08.31 19:59:02.260,1.24013,1.24027,1.50,1.50
2012.08.31 19:59:04.310,1.24012,1.24027,1.50,1.50
2012.08.31 19:59:04.560,1.24014,1.24035,2.25,1.50
2012.08.31 19:59:04.628,1.24014,1.24032,1.50,1.50
2012.08.31 19:59:04.699,1.24014,1.24032,1.50,1.50
2012.08.31 19:59:04.828,1.24014,1.24029,1.50,1.50
2012.08.31 19:59:05.322,1.24016,1.2403,1.50,1.50
2012.08.31 19:59:05.763,1.24016,1.2403,1.50,1.50
2012.08.31 19:59:07.128,1.24017,1.24034,1.50,1.50
2012.08.31 19:59:07.199,1.24017,1.24035,2.25,1.50
2012.08.31 19:59:07.332,1.24016,1.24027,1.50,1.50
2012.08.31 19:59:07.773,1.24019,1.24028,1.50,1.50
2012.08.31 19:59:07.989,1.2402,1.24037,1.50,1.50
2012.08.31 19:59:08.060,1.2402,1.24034,1.50,1.50
2012.08.31 19:59:08.380,1.24019,1.24031,1.50,1.50
2012.08.31 19:59:09.579,1.24021,1.24036,1.50,2.25
2012.08.31 19:59:09.651,1.24015,1.24029,1.69,1.50
2012.08.31 19:59:09.720,1.24012,1.24029,2.07,1.50
2012.08.31 19:59:10.449,1.24015,1.24029,1.69,1.50
2012.08.31 19:59:10.519,1.2402,1.24037,1.50,1.50
2012.08.31 19:59:10.589,1.24018,1.2403,1.50,1.50
2012.08.31 19:59:13.200,1.24012,1.2403,2.44,1.50
2012.08.31 19:59:13.330,1.24012,1.24029,1.50,1.50
2012.08.31 19:59:13.701,1.2401,1.24027,1.50,1.50
2012.08.31 19:59:15.007,1.24009,1.24027,1.50,1.50
2012.08.31 19:59:15.087,1.24002,1.24018,2.25,1.50
2012.08.31 19:59:15.519,1.24003,1.24018,1.50,1.50
2012.08.31 19:59:16.368,1.24003,1.24017,1.50,1.50
2012.08.31 19:59:20.428,1.24001,1.24017,1.69,1.50
2012.08.31 19:59:20.620,1.24,1.24015,1.69,1.50
2012.08.31 19:59:20.750,1.24004,1.24019,1.50,1.50
2012.08.31 19:59:20.821,1.24002,1.24018,1.50,1.50
2012.08.31 19:59:21.090,1.24004,1.24018,1.50,1.50
2012.08.31 19:59:21.560,1.24005,1.2402,1.50,1.50
2012.08.31 19:59:21.812,1.24002,1.24015,2.25,1.50
2012.08.31 19:59:22.408,1.24001,1.24016,1.50,1.50
2012.08.31 19:59:22.539,1.24001,1.24016,1.50,1.50
2012.08.31 19:59:22.699,1.24001,1.24016,1.50,1.50
2012.08.31 19:59:23.311,1.24003,1.24022,1.50,1.50
2012.08.31 19:59:23.380,1.24001,1.24019,2.25,1.50
2012.08.31 19:59:23.674,1.24003,1.24023,1.50,1.50
2012.08.31 19:59:23.748,1.24005,1.24023,1.50,1.50
2012.08.31 19:59:23.884,1.24001,1.24015,1.50,1.50
2012.08.31 19:59:24.542,1.24004,1.24023,1.50,1.50
2012.08.31 19:59:24.619,1.24,1.24014,1.50,1.50
2012.08.31 19:59:24.749,1.23998,1.24014,1.50,1.50
2012.08.31 19:59:25.200,1.23994,1.24011,1.50,1.50
2012.08.31 19:59:25.520,1.23985,1.24003,1.50,1.50
2012.08.31 19:59:25.721,1.2399,1.24008,1.50,1.50
2012.08.31 19:59:25.790,1.23991,1.24011,2.25,2.25
2012.08.31 19:59:25.919,1.23989,1.24008,1.50,2.25
2012.08.31 19:59:26.228,1.23988,1.24004,1.50,1.50
2012.08.31 19:59:26.300,1.23991,1.24008,1.50,1.50
2012.08.31 19:59:26.489,1.23991,1.24006,1.50,1.50
2012.08.31 19:59:26.699,1.23992,1.2401,1.50,1.50
2012.08.31 19:59:26.889,1.23991,1.24009,2.25,1.50
2012.08.31 19:59:27.232,1.23991,1.24008,1.50,1.50
2012.08.31 19:59:27.298,1.23989,1.24001,1.50,1.50
2012.08.31 19:59:27.429,1.23991,1.24009,2.25,1.50
2012.08.31 19:59:27.950,1.23995,1.24013,1.50,1.50
2012.08.31 19:59:28.259,1.23991,1.24008,2.25,1.50
2012.08.31 19:59:29.000,1.23993,1.24014,1.50,3.00
2012.08.31 19:59:29.069,1.23996,1.24014,1.50,2.25
2012.08.31 19:59:29.303,1.23993,1.24013,1.50,1.50
2012.08.31 19:59:29.381,1.23992,1.24007,1.50,1.50
2012.08.31 19:59:30.243,1.23988,1.24006,1.50,3.00
2012.08.31 19:59:30.393,1.23984,1.24004,1.50,1.50
2012.08.31 19:59:30.780,1.23987,1.24007,1.50,1.50
2012.08.31 19:59:30.851,1.23988,1.24007,1.50,1.50
2012.08.31 19:59:30.980,1.23989,1.24007,1.50,1.50
2012.08.31 19:59:31.051,1.23993,1.2401,2.25,1.50
2012.08.31 19:59:31.119,1.23993,1.2401,1.50,2.25
2012.08.31 19:59:31.438,1.2399,1.24001,1.50,1.50
2012.08.31 19:59:31.631,1.23984,1.24001,1.50,1.50
2012.08.31 19:59:32.491,1.23985,1.24001,1.50,1.50
2012.08.31 19:59:33.011,1.23984,1.24001,2.25,1.50
2012.08.31 19:59:34.436,1.23991,1.24001,1.50,1.50
2012.08.31 19:59:34.640,1.23994,1.24012,1.50,1.50
2012.08.31 19:59:35.781,1.23994,1.24009,1.50,1.50
2012.08.31 19:59:36.052,1.23987,1.24004,1.69,1.50
2012.08.31 19:59:36.120,1.23987,1.24002,1.69,1.50
2012.08.31 19:59:36.429,1.23988,1.24,1.50,1.50
2012.08.31 19:59:36.670,1.23988,1.24004,1.50,1.50
2012.08.31 19:59:37.241,1.23981,1.23999,1.69,1.50
2012.08.31 19:59:39.348,1.23982,1.24,2.25,1.50
2012.08.31 19:59:40.328,1.2398,1.23997,1.50,1.50
2012.08.31 19:59:40.401,1.23982,1.24,2.25,1.50
2012.08.31 19:59:40.468,1.23983,1.24,1.50,1.50
2012.08.31 19:59:40.728,1.23982,1.24,2.44,1.50
2012.08.31 19:59:40.859,1.23982,1.23999,1.50,1.50
2012.08.31 19:59:41.300,1.2398,1.23997,1.50,1.50
2012.08.31 19:59:41.503,1.23977,1.23997,2.25,1.50
2012.08.31 19:59:42.201,1.23983,1.23997,1.50,1.50
2012.08.31 19:59:42.542,1.2399,1.24004,1.69,1.50
2012.08.31 19:59:42.881,1.23994,1.24003,2.25,1.50
2012.08.31 19:59:42.950,1.23994,1.24005,1.50,1.50
2012.08.31 19:59:43.023,1.23991,1.24012,2.44,2.25
2012.08.31 19:59:43.173,1.23993,1.24011,1.50,1.50
2012.08.31 19:59:43.321,1.23991,1.24008,2.25,1.50
2012.08.31 19:59:43.692,1.2399,1.24008,1.50,1.50
2012.08.31 19:59:43.950,1.23991,1.24007,2.25,1.50
2012.08.31 19:59:44.453,1.2399,1.24007,1.50,1.50
2012.08.31 19:59:44.528,1.23992,1.24007,1.50,1.50
2012.08.31 19:59:44.661,1.23994,1.24009,1.50,1.50
2012.08.31 19:59:44.730,1.23994,1.24011,1.50,1.50
2012.08.31 19:59:44.801,1.23992,1.24011,1.50,1.50
2012.08.31 19:59:45.119,1.2399,1.24005,1.50,1.50
2012.08.31 19:59:45.429,1.23989,1.24005,1.50,1.50
2012.08.31 19:59:45.559,1.23986,1.24003,1.69,1.50
2012.08.31 19:59:45.699,1.23989,1.24003,1.50,1.50
2012.08.31 19:59:45.772,1.23989,1.24005,2.25,1.50
2012.08.31 19:59:45.909,1.23989,1.24005,1.50,1.50
2012.08.31 19:59:46.379,1.23984,1.24003,1.50,1.50
2012.08.31 19:59:46.448,1.23984,1.24001,1.50,1.50
2012.08.31 19:59:46.650,1.23984,1.24001,1.50,1.50
2012.08.31 19:59:46.719,1.23984,1.24001,1.50,1.50
2012.08.31 19:59:46.910,1.23985,1.24004,1.50,1.50
2012.08.31 19:59:46.979,1.23986,1.24005,1.50,1.50
2012.08.31 19:59:47.169,1.23985,1.24005,1.50,1.50
2012.08.31 19:59:47.320,1.23983,1.24001,1.50,1.50
2012.08.31 19:59:47.760,1.23982,1.24001,1.50,1.50
2012.08.31 19:59:47.900,1.2398,1.23997,1.50,1.50
2012.08.31 19:59:47.971,1.23977,1.23997,2.44,1.50
2012.08.31 19:59:48.042,1.23977,1.23994,1.69,1.50
2012.08.31 19:59:48.122,1.23976,1.23995,1.69,1.50
2012.08.31 19:59:48.201,1.23976,1.23995,1.50,1.50
2012.08.31 19:59:49.420,1.23974,1.23995,1.50,3.00
2012.08.31 19:59:49.750,1.2397,1.23988,1.50,1.50
2012.08.31 19:59:50.262,1.23974,1.23988,1.50,1.50
2012.08.31 19:59:50.413,1.23975,1.23993,1.50,1.50
2012.08.31 19:59:50.631,1.23973,1.23993,1.50,2.25
2012.08.31 19:59:50.700,1.23973,1.23991,1.50,1.50
2012.08.31 19:59:50.958,1.23972,1.23989,1.50,1.50
2012.08.31 19:59:51.481,1.23972,1.23991,1.50,2.25
2012.08.31 19:59:51.792,1.23973,1.23991,1.50,1.50
2012.08.31 19:59:52.464,1.23973,1.23991,1.50,1.50
2012.08.31 19:59:53.019,1.23973,1.2399,2.25,1.50
2012.08.31 19:59:53.796,1.23971,1.23989,2.25,2.25
2012.08.31 19:59:54.181,1.23972,1.23989,1.50,2.25
2012.08.31 19:59:54.382,1.23979,1.23995,1.50,1.50
2012.08.31 19:59:54.649,1.23977,1.23995,1.50,1.50
2012.08.31 19:59:54.849,1.23972,1.23993,2.25,1.50
2012.08.31 19:59:55.240,1.23972,1.23992,1.50,1.50
2012.08.31 19:59:55.309,1.23974,1.23994,1.50,2.25
2012.08.31 19:59:55.380,1.2398,1.23994,1.50,1.50
2012.08.31 19:59:55.921,1.23978,1.23997,1.50,1.50
2012.08.31 19:59:56.543,1.23978,1.23995,1.50,1.50
2012.08.31 19:59:56.902,1.23968,1.23985,1.50,1.50
2012.08.31 19:59:57.322,1.23965,1.23984,2.25,1.50
2012.08.31 19:59:57.402,1.23965,1.23985,3.00,1.50
2012.08.31 19:59:57.735,1.23967,1.23985,1.50,1.50
2012.08.31 19:59:58.243,1.23966,1.23983,1.50,1.50
2012.08.31 19:59:58.580,1.23973,1.2399,1.50,1.50
2012.08.31 19:59:58.772,1.23975,1.23995,1.50,2.40
2012.08.31 19:59:59.160,1.23973,1.2399,1.50,1.50
2012.08.31 19:59:59.498,1.23979,1.23999,1.50,2.25
