2012.02.29 23:00:00.433,1.31786,1.3184,1.35,1.10
2012.02.29 23:00:00.566,1.31816,1.3184,1.50,1.10
2012.02.29 23:00:00.644,1.31816,1.3186,1.50,1.38
2012.02.29 23:00:00.710,1.31814,1.3186,1.13,1.00
2012.02.29 23:00:00.981,1.31798,1.3183,1.50,0.50
2012.02.29 23:00:01.053,1.31797,1.3183,1.50,0.50
2012.02.29 23:00:01.124,1.31775,1.3183,1.50,0.50
2012.02.29 23:00:01.192,1.31772,1.3183,1.50,0.50
2012.02.29 23:00:01.260,1.31765,1.3183,1.13,0.50
2012.02.29 23:00:01.706,1.31788,1.3183,1.50,0.50
2012.02.29 23:00:01.978,1.31782,1.3183,1.50,0.50
2012.02.29 23:00:02.110,1.31766,1.3183,1.50,0.50
2012.02.29 23:00:02.183,1.31766,1.3183,1.50,0.50
2012.02.29 23:00:02.315,1.31768,1.3183,1.50,1.25
2012.02.29 23:00:02.640,1.31773,1.31817,1.50,1.13
2012.02.29 23:00:02.954,1.31776,1.31817,1.50,1.13
2012.02.29 23:00:03.461,1.31776,1.3182,1.50,1.13
2012.02.29 23:00:03.922,1.31777,1.31822,1.50,1.13
2012.02.29 23:00:03.993,1.3178,1.3183,1.50,1.25
2012.02.29 23:00:04.060,1.3178,1.3183,1.50,0.50
2012.02.29 23:00:04.461,1.3178,1.3183,1.50,0.50
2012.02.29 23:00:04.771,1.3178,1.3183,1.50,0.50
2012.02.29 23:00:05.318,1.3178,1.3183,1.50,0.50
2012.02.29 23:00:09.198,1.31782,1.3183,1.50,0.50
2012.02.29 23:00:09.510,1.31791,1.3183,1.50,0.50
2012.02.29 23:00:09.832,1.31783,1.3183,1.50,0.50
2012.02.29 23:00:09.899,1.31783,1.3183,1.50,0.50
2012.02.29 23:00:10.680,1.31785,1.3183,1.50,0.50
2012.02.29 23:00:11.073,1.31785,1.3183,1.50,0.50
2012.02.29 23:00:18.688,1.31786,1.3183,1.50,0.50
2012.02.29 23:00:18.822,1.31776,1.3183,1.50,0.50
2012.02.29 23:00:21.025,1.31776,1.3183,1.50,0.50
2012.02.29 23:00:23.791,1.31777,1.3183,1.50,0.50
2012.02.29 23:00:26.213,1.31777,1.3183,1.50,0.50
2012.02.29 23:00:27.852,1.31776,1.3183,1.50,0.50
2012.02.29 23:00:29.270,1.31776,1.3183,1.50,0.50
2012.02.29 23:00:34.909,1.31787,1.3183,1.50,0.50
2012.02.29 23:00:36.100,1.31785,1.3183,1.50,0.50
2012.02.29 23:00:36.628,1.31779,1.3183,1.50,0.50
2012.02.29 23:00:37.772,1.31784,1.3183,1.50,0.50
2012.02.29 23:00:39.281,1.31783,1.3183,1.50,0.50
2012.02.29 23:00:42.541,1.31779,1.3183,1.50,1.25
2012.02.29 23:00:42.824,1.31776,1.3183,1.50,0.50
2012.02.29 23:00:44.879,1.31768,1.3183,1.50,1.25
2012.02.29 23:00:46.132,1.31765,1.31829,1.50,1.50
2012.02.29 23:00:46.349,1.31765,1.31797,1.50,1.13
2012.02.29 23:00:46.563,1.31767,1.31819,1.50,1.13
2012.02.29 23:00:47.168,1.31765,1.3183,1.50,1.25
2012.02.29 23:00:47.299,1.31765,1.3183,1.50,1.25
2012.02.29 23:00:51.711,1.31765,1.3183,1.50,1.25
2012.02.29 23:00:52.356,1.31767,1.3183,1.50,1.25
2012.02.29 23:00:53.049,1.31769,1.3182,1.50,1.50
2012.02.29 23:00:53.329,1.31759,1.3183,2.25,1.25
2012.02.29 23:00:53.592,1.31769,1.3183,1.50,1.25
2012.02.29 23:00:54.757,1.31773,1.3183,1.50,0.50
2012.02.29 23:00:55.268,1.31773,1.3183,1.50,0.50
2012.02.29 23:00:59.522,1.31773,1.3183,1.50,1.25
2012.02.29 23:00:59.851,1.31769,1.31822,1.50,1.50
2012.02.29 23:01:02.559,1.31768,1.31822,1.50,1.50
2012.02.29 23:01:03.015,1.31786,1.3183,1.50,1.25
2012.02.29 23:01:03.091,1.31786,1.3183,1.50,0.50
2012.02.29 23:01:03.818,1.31786,1.3183,1.50,0.50
2012.02.29 23:01:05.010,1.31786,1.3183,1.50,0.60
2012.02.29 23:01:05.931,1.31779,1.3183,1.50,0.60
2012.02.29 23:01:06.001,1.31779,1.3183,1.50,0.60
2012.02.29 23:01:06.310,1.31781,1.3183,1.50,0.60
2012.02.29 23:01:11.030,1.31786,1.3183,1.50,0.60
2012.02.29 23:01:12.063,1.31782,1.3183,1.50,1.35
2012.02.29 23:01:13.491,1.31778,1.3183,1.50,1.35
2012.02.29 23:01:13.920,1.31796,1.3183,1.50,0.60
2012.02.29 23:01:15.911,1.31786,1.3183,2.48,0.60
2012.02.29 23:01:16.438,1.31786,1.3183,2.48,0.60
2012.02.29 23:01:16.519,1.31792,1.3183,1.50,0.60
2012.02.29 23:01:16.954,1.31778,1.3183,1.50,0.60
2012.02.29 23:01:17.163,1.31778,1.3183,1.50,0.60
2012.02.29 23:01:17.469,1.31775,1.3183,1.50,0.60
2012.02.29 23:01:18.659,1.31779,1.3183,1.50,1.60
2012.02.29 23:01:18.968,1.31777,1.3183,1.50,1.35
2012.02.29 23:01:19.808,1.31777,1.3183,1.50,0.60
2012.02.29 23:01:21.100,1.31774,1.3183,2.25,1.35
2012.02.29 23:01:21.422,1.31782,1.3183,1.50,1.60
2012.02.29 23:01:21.768,1.31787,1.3183,1.50,0.60
2012.02.29 23:01:22.475,1.31795,1.3183,1.50,0.60
2012.02.29 23:01:22.790,1.31795,1.3183,1.50,0.60
2012.02.29 23:01:23.735,1.31793,1.3183,1.50,1.35
2012.02.29 23:01:24.049,1.31793,1.3183,1.50,0.60
2012.02.29 23:01:24.359,1.31793,1.3183,2.25,0.60
2012.02.29 23:01:24.730,1.31798,1.3183,1.50,0.60
2012.02.29 23:01:25.266,1.31797,1.3183,1.50,0.60
2012.02.29 23:01:26.099,1.3179,1.3183,4.73,0.60
2012.02.29 23:01:26.994,1.31791,1.3183,3.23,1.60
2012.02.29 23:01:27.180,1.31791,1.3183,1.50,1.35
2012.02.29 23:01:27.818,1.31791,1.3183,1.50,0.60
2012.02.29 23:01:28.134,1.31779,1.3183,2.25,0.60
2012.02.29 23:01:28.382,1.31782,1.3183,1.50,0.60
2012.02.29 23:01:28.809,1.31782,1.3183,1.50,1.35
2012.02.29 23:01:29.508,1.31776,1.3183,1.50,1.35
2012.02.29 23:01:29.586,1.31774,1.3183,1.50,1.35
2012.02.29 23:01:29.726,1.31774,1.3183,1.50,1.35
2012.02.29 23:01:30.594,1.31771,1.3183,1.50,1.35
2012.02.29 23:01:30.930,1.31777,1.3183,1.50,1.35
2012.02.29 23:01:31.119,1.31777,1.3183,1.50,1.35
2012.02.29 23:01:31.702,1.31774,1.3183,1.50,1.35
2012.02.29 23:01:33.267,1.31773,1.3183,1.50,1.35
2012.02.29 23:01:33.580,1.31775,1.3183,1.50,1.35
2012.02.29 23:01:34.152,1.31778,1.3183,1.50,0.60
2012.02.29 23:01:37.629,1.31788,1.3183,1.50,0.60
2012.02.29 23:01:37.818,1.31784,1.3183,1.50,0.60
2012.02.29 23:01:46.794,1.31783,1.3183,1.50,0.60
2012.02.29 23:01:47.888,1.31784,1.3183,2.25,0.60
2012.02.29 23:01:50.982,1.31785,1.3183,1.50,0.60
2012.02.29 23:01:51.109,1.31785,1.3183,1.50,0.60
2012.02.29 23:01:51.241,1.31785,1.3183,1.50,0.60
2012.02.29 23:01:54.366,1.31798,1.3183,1.50,0.60
2012.02.29 23:01:54.885,1.31789,1.3183,1.50,0.60
2012.02.29 23:01:59.409,1.31791,1.3183,1.50,0.60
2012.02.29 23:02:09.305,1.31804,1.3183,1.50,0.60
2012.02.29 23:02:09.819,1.31802,1.3183,1.50,0.60
2012.02.29 23:02:10.157,1.31803,1.3183,1.50,0.60
2012.02.29 23:02:10.659,1.318,1.3183,1.50,0.60
2012.02.29 23:02:17.063,1.31802,1.3183,1.50,0.60
2012.02.29 23:02:25.021,1.31802,1.3183,1.50,0.60
2012.02.29 23:02:27.812,1.31798,1.3183,1.50,0.60
2012.02.29 23:02:34.372,1.31801,1.3183,1.50,0.60
2012.02.29 23:02:44.910,1.31801,1.3183,2.25,0.60
2012.02.29 23:02:55.273,1.31802,1.3183,1.50,0.60
2012.02.29 23:02:56.293,1.31787,1.3183,1.50,0.60
2012.02.29 23:02:56.722,1.31786,1.3183,1.50,0.60
2012.02.29 23:02:58.089,1.31783,1.3183,1.50,0.60
2012.02.29 23:02:59.618,1.31783,1.3183,1.50,0.60
2012.02.29 23:03:00.950,1.31783,1.3183,1.50,0.60
2012.02.29 23:03:02.888,1.31785,1.3183,1.50,0.60
2012.02.29 23:03:19.413,1.31795,1.3183,1.50,0.60
2012.02.29 23:03:20.622,1.318,1.3183,2.25,0.60
2012.02.29 23:03:21.470,1.318,1.3183,1.50,0.60
2012.02.29 23:03:22.219,1.31801,1.3183,1.50,0.60
2012.02.29 23:03:22.772,1.31801,1.3183,1.50,0.60
2012.02.29 23:03:23.853,1.31797,1.3183,1.50,0.60
2012.02.29 23:03:24.574,1.31784,1.3183,1.50,0.60
2012.02.29 23:03:24.641,1.31784,1.3183,1.50,0.60
2012.02.29 23:03:24.831,1.31784,1.3183,1.50,0.60
2012.02.29 23:03:25.143,1.31781,1.3183,1.50,0.60
2012.02.29 23:03:26.805,1.31787,1.3183,1.50,1.35
2012.02.29 23:03:27.832,1.31775,1.3183,2.25,1.35
2012.02.29 23:03:28.350,1.31775,1.3183,1.50,1.35
2012.02.29 23:03:30.039,1.31785,1.3183,1.50,1.35
2012.02.29 23:03:30.424,1.31784,1.3183,1.50,2.35
2012.02.29 23:03:30.801,1.31788,1.3183,1.50,0.60
2012.02.29 23:03:31.060,1.31792,1.3183,2.25,0.60
2012.02.29 23:03:31.425,1.31793,1.3183,1.50,0.60
2012.02.29 23:03:32.979,1.31791,1.3183,1.50,0.60
2012.02.29 23:03:33.753,1.31794,1.3183,1.50,0.60
2012.02.29 23:03:35.340,1.31805,1.3183,1.50,0.60
2012.02.29 23:03:35.768,1.31799,1.3183,1.50,0.60
2012.02.29 23:03:35.852,1.31791,1.3183,1.50,0.60
2012.02.29 23:03:35.922,1.31791,1.3183,1.50,0.60
2012.02.29 23:03:39.710,1.31792,1.3183,1.50,0.60
2012.02.29 23:03:41.044,1.31801,1.3183,2.25,0.60
2012.02.29 23:03:41.387,1.3181,1.3183,1.13,0.60
2012.02.29 23:03:41.866,1.31791,1.3183,1.13,0.60
2012.02.29 23:03:42.327,1.31791,1.3183,1.13,0.60
2012.02.29 23:03:42.690,1.31794,1.3183,1.88,0.60
2012.02.29 23:03:47.788,1.31791,1.3183,1.13,0.60
2012.02.29 23:03:47.898,1.31791,1.3183,1.13,0.60
2012.02.29 23:03:48.538,1.31792,1.3183,1.13,0.60
2012.02.29 23:03:48.890,1.31795,1.3183,1.13,0.60
2012.02.29 23:03:51.480,1.31787,1.3183,1.13,0.60
2012.02.29 23:03:53.569,1.31793,1.3183,1.13,0.60
2012.02.29 23:03:54.389,1.31784,1.3183,3.17,0.60
2012.02.29 23:03:57.399,1.31794,1.3183,1.67,0.60
2012.02.29 23:04:01.538,1.31788,1.3183,1.13,0.60
2012.02.29 23:04:19.442,1.31788,1.3183,1.13,0.60
2012.02.29 23:04:20.080,1.31799,1.3183,1.50,0.60
2012.02.29 23:04:20.398,1.31803,1.3183,1.50,0.60
2012.02.29 23:04:21.890,1.31802,1.3183,1.50,0.60
2012.02.29 23:04:21.962,1.31802,1.3183,1.50,0.60
2012.02.29 23:04:24.564,1.31802,1.3183,1.50,1.60
2012.02.29 23:04:24.870,1.31802,1.3183,1.50,0.60
2012.02.29 23:04:25.792,1.31788,1.3183,1.05,1.35
2012.02.29 23:04:25.862,1.31784,1.3183,2.57,1.35
2012.02.29 23:04:26.290,1.31787,1.3183,1.13,1.35
2012.02.29 23:04:26.782,1.31777,1.3183,1.13,1.35
2012.02.29 23:04:27.045,1.31775,1.31823,1.13,1.50
2012.02.29 23:04:27.239,1.31775,1.31823,1.13,1.50
2012.02.29 23:04:27.801,1.3178,1.31823,1.50,1.50
2012.02.29 23:04:28.410,1.3178,1.31823,1.50,1.50
2012.02.29 23:04:29.027,1.3178,1.31823,1.50,1.50
2012.02.29 23:04:29.815,1.31787,1.31823,1.50,1.50
2012.02.29 23:04:30.001,1.31787,1.3183,1.50,1.35
2012.02.29 23:04:30.411,1.31777,1.3183,1.13,1.35
2012.02.29 23:04:31.985,1.31777,1.3183,1.13,1.35
2012.02.29 23:04:32.983,1.31774,1.31827,2.25,1.50
2012.02.29 23:04:33.358,1.31774,1.31827,3.92,1.50
2012.02.29 23:04:33.800,1.31774,1.31827,3.00,1.50
2012.02.29 23:04:35.164,1.3178,1.31828,2.25,1.50
2012.02.29 23:04:35.860,1.31788,1.3183,2.25,1.35
2012.02.29 23:04:36.168,1.31791,1.3183,1.50,1.35
2012.02.29 23:04:36.611,1.31793,1.3183,1.50,0.60
2012.02.29 23:04:36.920,1.31793,1.3183,1.50,1.35
2012.02.29 23:04:39.058,1.31793,1.3183,1.50,1.35
2012.02.29 23:04:39.158,1.31793,1.3183,1.50,1.35
2012.02.29 23:04:39.269,1.31793,1.3183,1.50,1.35
2012.02.29 23:04:39.691,1.31788,1.3183,2.25,1.35
2012.02.29 23:04:41.449,1.31788,1.3183,3.00,1.35
2012.02.29 23:04:42.281,1.31794,1.3183,1.50,1.60
2012.02.29 23:04:42.639,1.31797,1.3183,1.50,0.60
2012.02.29 23:04:45.039,1.318,1.3183,1.50,1.60
2012.02.29 23:04:46.731,1.31794,1.3183,2.25,2.35
2012.02.29 23:04:46.931,1.31797,1.3183,1.50,1.60
2012.02.29 23:04:48.219,1.31797,1.3183,1.50,0.60
2012.02.29 23:04:48.692,1.31797,1.3183,1.50,0.60
2012.02.29 23:04:49.962,1.31797,1.3183,1.50,0.60
2012.02.29 23:04:51.603,1.31797,1.3183,1.50,1.35
2012.02.29 23:04:52.570,1.31798,1.3183,1.50,0.60
2012.02.29 23:04:53.847,1.31795,1.3183,1.50,1.35
2012.02.29 23:04:53.923,1.31794,1.3183,1.50,0.60
2012.02.29 23:04:54.172,1.31795,1.3183,1.50,1.35
2012.02.29 23:04:54.696,1.31791,1.3183,1.50,1.35
2012.02.29 23:04:55.141,1.31777,1.3183,1.65,2.35
2012.02.29 23:04:56.071,1.31776,1.3183,1.50,1.50
2012.02.29 23:04:56.329,1.31772,1.31817,1.50,1.50
2012.02.29 23:04:57.073,1.31772,1.31818,1.50,2.25
2012.02.29 23:04:57.462,1.3178,1.31817,1.50,1.50
2012.02.29 23:04:57.984,1.3178,1.3183,1.50,1.35
2012.02.29 23:04:59.262,1.31788,1.31829,1.50,1.50
2012.02.29 23:04:59.874,1.31789,1.3183,1.50,1.35
2012.02.29 23:05:00.463,1.31789,1.3183,1.50,1.35
2012.02.29 23:05:01.413,1.3179,1.3183,1.50,1.35
2012.02.29 23:05:02.090,1.31793,1.3183,1.50,1.35
2012.02.29 23:05:02.474,1.31789,1.3183,1.50,1.35
2012.02.29 23:05:02.912,1.31791,1.3183,1.50,1.35
2012.02.29 23:05:03.337,1.31791,1.31826,1.50,1.50
2012.02.29 23:05:03.421,1.31788,1.31826,1.50,1.50
2012.02.29 23:05:03.794,1.31781,1.31827,2.25,1.50
2012.02.29 23:05:04.166,1.31796,1.3183,1.50,1.35
2012.02.29 23:05:04.361,1.31796,1.3183,1.50,1.35
2012.02.29 23:05:04.551,1.31796,1.3183,1.50,1.35
2012.02.29 23:05:05.263,1.31796,1.3183,1.50,1.35
2012.02.29 23:05:05.908,1.31796,1.3183,1.50,1.35
2012.02.29 23:05:06.229,1.31796,1.3183,1.50,1.35
2012.02.29 23:05:06.564,1.31796,1.3183,1.50,1.35
2012.02.29 23:05:06.911,1.31796,1.3183,1.50,1.60
2012.02.29 23:05:07.363,1.31796,1.3183,1.50,1.35
2012.02.29 23:05:07.672,1.31796,1.3183,1.50,1.35
2012.02.29 23:05:08.559,1.31796,1.3183,1.50,1.35
2012.02.29 23:05:08.690,1.31796,1.3183,1.50,1.35
2012.02.29 23:05:08.942,1.31796,1.3183,1.50,1.35
2012.02.29 23:05:09.413,1.31796,1.3183,1.50,1.60
2012.02.29 23:05:11.533,1.31796,1.3183,1.50,1.35
2012.02.29 23:05:13.600,1.3179,1.31817,1.50,1.13
2012.02.29 23:05:14.248,1.31787,1.31813,1.50,1.13
2012.02.29 23:05:14.335,1.31778,1.31829,1.50,1.50
2012.02.29 23:05:14.704,1.31772,1.3183,1.50,1.35
2012.02.29 23:05:16.332,1.31766,1.3183,1.13,1.35
2012.02.29 23:05:16.400,1.31766,1.3183,1.13,1.35
2012.02.29 23:05:16.895,1.31757,1.31816,1.88,1.34
2012.02.29 23:05:16.960,1.31757,1.31823,1.88,1.34
2012.02.29 23:05:17.525,1.31757,1.31828,1.50,1.34
2012.02.29 23:05:20.601,1.31757,1.31814,1.13,1.50
2012.02.29 23:05:22.889,1.31756,1.31814,1.13,1.50
2012.02.29 23:05:26.289,1.31758,1.31814,1.13,1.50
2012.02.29 23:05:35.729,1.31754,1.31816,3.55,1.50
2012.02.29 23:05:36.280,1.31756,1.31813,1.13,1.50
2012.02.29 23:05:41.194,1.31756,1.31817,1.13,1.50
2012.02.29 23:05:41.649,1.31756,1.31816,1.13,1.50
2012.02.29 23:05:42.108,1.31758,1.31817,1.13,1.50
2012.02.29 23:05:42.721,1.31756,1.31817,1.13,1.50
2012.02.29 23:05:43.317,1.31756,1.31818,1.13,1.50
2012.02.29 23:05:45.049,1.3176,1.31816,1.13,1.50
2012.02.29 23:05:45.793,1.3176,1.31814,1.13,1.50
2012.02.29 23:05:47.689,1.3176,1.31814,1.13,1.50
2012.02.29 23:05:48.130,1.31756,1.31811,1.13,1.50
2012.02.29 23:05:48.503,1.31756,1.31815,1.13,1.50
2012.02.29 23:05:49.211,1.31756,1.31815,1.13,1.50
2012.02.29 23:05:49.750,1.3176,1.31812,1.13,1.50
2012.02.29 23:05:50.757,1.31762,1.31812,1.13,1.50
2012.02.29 23:05:51.011,1.31754,1.3181,4.30,1.50
2012.02.29 23:05:51.209,1.31754,1.31809,3.17,1.50
2012.02.29 23:05:51.991,1.31754,1.31807,1.88,1.50
2012.02.29 23:05:53.071,1.31757,1.31808,1.50,1.50
2012.02.29 23:05:53.467,1.31757,1.31807,1.50,1.50
2012.02.29 23:06:00.203,1.31754,1.31802,1.13,1.50
2012.02.29 23:06:05.427,1.31753,1.31805,3.55,1.50
2012.02.29 23:06:16.102,1.31752,1.31809,2.63,1.50
2012.02.29 23:06:21.824,1.31758,1.3181,1.50,1.50
2012.02.29 23:06:22.378,1.31754,1.3181,1.50,1.50
2012.02.29 23:06:22.862,1.31754,1.3181,1.50,1.50
2012.02.29 23:06:23.425,1.31754,1.31808,1.50,1.50
2012.02.29 23:06:23.716,1.31746,1.31796,1.13,1.50
2012.02.29 23:06:24.798,1.31748,1.31796,1.13,1.50
2012.02.29 23:06:25.932,1.31755,1.318,1.50,1.50
2012.02.29 23:06:26.251,1.31758,1.31805,1.50,1.50
2012.02.29 23:06:27.592,1.31752,1.31805,1.88,1.50
2012.02.29 23:06:27.794,1.31752,1.31805,1.13,2.25
2012.02.29 23:06:28.680,1.31752,1.31803,2.63,1.50
2012.02.29 23:06:29.788,1.31752,1.31808,1.88,1.50
2012.02.29 23:06:38.201,1.31751,1.31801,2.63,1.50
2012.02.29 23:06:40.110,1.3175,1.31801,1.13,1.50
2012.02.29 23:06:40.431,1.31752,1.31805,1.88,1.50
2012.02.29 23:06:40.679,1.31752,1.31805,1.13,1.50
2012.02.29 23:06:46.399,1.3175,1.31805,1.13,1.50
2012.02.29 23:06:48.874,1.3175,1.31805,1.13,1.50
2012.02.29 23:06:51.523,1.31752,1.31805,1.88,1.50
2012.02.29 23:06:52.037,1.31752,1.31805,1.88,1.50
2012.02.29 23:06:54.732,1.31752,1.31802,1.88,1.50
2012.02.29 23:06:54.858,1.31751,1.31797,1.13,1.50
2012.02.29 23:06:56.673,1.31755,1.31796,1.50,1.50
2012.02.29 23:06:57.003,1.31752,1.31808,1.13,1.50
2012.02.29 23:06:57.310,1.31752,1.31806,1.88,1.50
2012.02.29 23:06:58.310,1.31764,1.31811,1.50,1.13
2012.02.29 23:06:59.600,1.31763,1.31823,1.50,1.50
2012.02.29 23:07:00.894,1.31768,1.31825,1.50,1.50
2012.02.29 23:07:01.141,1.31765,1.31825,1.50,1.50
2012.02.29 23:07:03.379,1.31768,1.31828,1.50,1.50
2012.02.29 23:07:04.097,1.31765,1.31828,1.50,1.50
2012.02.29 23:07:11.141,1.31764,1.3183,1.50,2.35
2012.02.29 23:07:13.479,1.31767,1.3183,1.50,2.35
2012.02.29 23:07:14.120,1.31767,1.3183,1.50,2.35
2012.02.29 23:07:14.552,1.31773,1.3183,1.50,2.35
2012.02.29 23:07:17.560,1.31779,1.3183,1.50,2.35
2012.02.29 23:07:18.435,1.31779,1.3183,1.50,2.35
2012.02.29 23:07:19.012,1.31766,1.3183,2.25,2.35
2012.02.29 23:07:19.562,1.31766,1.31829,2.25,1.13
2012.02.29 23:07:20.131,1.31768,1.31817,1.50,1.34
2012.02.29 23:07:20.583,1.31771,1.31828,1.50,1.13
2012.02.29 23:07:20.773,1.31772,1.3183,1.50,2.35
2012.02.29 23:07:20.844,1.31774,1.3183,1.50,2.35
2012.02.29 23:07:21.095,1.31775,1.3183,1.50,2.35
2012.02.29 23:07:21.544,1.31778,1.3183,1.50,2.35
2012.02.29 23:07:22.128,1.31781,1.3183,1.50,2.35
2012.02.29 23:07:22.324,1.31781,1.3183,2.25,2.35
2012.02.29 23:07:22.570,1.31775,1.3183,1.50,2.35
2012.02.29 23:07:23.171,1.31773,1.3183,2.25,2.35
2012.02.29 23:07:24.923,1.3178,1.3183,1.50,2.35
2012.02.29 23:07:25.678,1.31781,1.3183,1.50,2.35
2012.02.29 23:07:26.401,1.31781,1.3183,1.50,2.35
2012.02.29 23:07:32.130,1.31788,1.3183,1.50,2.35
2012.02.29 23:07:32.440,1.31789,1.3183,1.50,2.35
2012.02.29 23:07:33.131,1.31789,1.3183,2.25,2.35
2012.02.29 23:07:33.612,1.31789,1.3183,2.25,2.35
2012.02.29 23:07:33.813,1.31791,1.3183,1.50,2.35
2012.02.29 23:07:34.730,1.31789,1.3183,1.50,2.35
2012.02.29 23:07:34.814,1.31789,1.3183,2.25,2.35
2012.02.29 23:07:36.536,1.31789,1.3183,1.50,2.35
2012.02.29 23:07:39.412,1.31796,1.3183,1.50,2.35
2012.02.29 23:07:40.949,1.31788,1.3183,3.00,2.35
2012.02.29 23:07:41.849,1.31789,1.3183,1.50,1.60
2012.02.29 23:07:42.311,1.31795,1.3183,1.50,1.60
2012.02.29 23:07:42.809,1.31789,1.3183,1.50,1.60
2012.02.29 23:07:43.787,1.31789,1.3183,2.25,1.60
2012.02.29 23:07:47.564,1.31795,1.3183,1.50,1.60
2012.02.29 23:07:53.974,1.31795,1.3183,1.50,1.60
2012.02.29 23:07:54.487,1.31792,1.3183,1.50,1.60
2012.02.29 23:08:01.731,1.31796,1.3183,1.50,1.60
2012.02.29 23:08:07.498,1.31792,1.3183,1.50,1.60
2012.02.29 23:08:08.042,1.31796,1.3183,1.50,1.60
2012.02.29 23:08:08.350,1.31799,1.3183,1.50,1.60
2012.02.29 23:08:09.181,1.31803,1.3183,1.50,1.60
2012.02.29 23:08:09.798,1.31804,1.3183,1.50,1.60
2012.02.29 23:08:10.823,1.31809,1.3183,2.25,1.60
2012.02.29 23:08:11.143,1.31811,1.3183,1.50,1.60
2012.02.29 23:08:12.811,1.31808,1.3183,1.50,1.60
2012.02.29 23:08:13.408,1.31802,1.3183,1.50,1.60
2012.02.29 23:08:13.671,1.31799,1.3183,1.50,1.60
2012.02.29 23:08:13.871,1.318,1.3183,1.50,1.60
2012.02.29 23:08:14.419,1.31794,1.3183,1.50,1.60
2012.02.29 23:08:14.862,1.31793,1.3183,1.50,1.60
2012.02.29 23:08:15.605,1.31796,1.3183,1.50,2.35
2012.02.29 23:08:15.955,1.31796,1.3183,1.50,2.35
2012.02.29 23:08:16.540,1.31799,1.3183,1.50,1.60
2012.02.29 23:08:16.800,1.31799,1.3183,1.50,1.60
2012.02.29 23:08:17.110,1.31794,1.3183,1.50,1.60
2012.02.29 23:08:18.733,1.31796,1.3183,1.50,1.60
2012.02.29 23:08:19.313,1.31798,1.3183,1.50,1.60
2012.02.29 23:08:20.311,1.31797,1.3183,1.50,1.60
2012.02.29 23:08:21.486,1.31796,1.3183,1.50,2.60
2012.02.29 23:08:23.219,1.31795,1.3183,1.50,1.60
2012.02.29 23:08:24.436,1.31797,1.3182,1.50,0.10
2012.02.29 23:08:25.099,1.31794,1.3182,1.50,0.10
2012.02.29 23:08:25.171,1.31794,1.3182,1.50,0.10
2012.02.29 23:08:25.655,1.31805,1.3182,1.50,0.10
2012.02.29 23:08:25.971,1.31799,1.3182,1.50,0.10
2012.02.29 23:08:26.350,1.31795,1.3182,1.50,0.10
2012.02.29 23:08:26.660,1.31804,1.3182,1.50,0.10
2012.02.29 23:08:26.972,1.31807,1.3182,1.50,0.10
2012.02.29 23:08:27.166,1.31807,1.3182,1.50,0.10
2012.02.29 23:08:28.017,1.31797,1.3182,1.50,0.10
2012.02.29 23:08:28.100,1.31794,1.3182,1.50,0.10
2012.02.29 23:08:28.469,1.31794,1.3182,1.50,0.10
2012.02.29 23:08:28.913,1.31795,1.3182,1.50,0.10
2012.02.29 23:08:29.110,1.31797,1.3182,1.50,0.10
2012.02.29 23:08:30.639,1.31805,1.3182,1.50,0.10
2012.02.29 23:08:31.309,1.31806,1.3182,1.50,0.10
2012.02.29 23:08:31.649,1.31806,1.3182,1.50,0.10
2012.02.29 23:08:31.729,1.31806,1.3182,1.50,0.10
2012.02.29 23:08:31.923,1.31797,1.3182,1.50,0.10
2012.02.29 23:08:32.542,1.31801,1.3182,1.50,0.10
2012.02.29 23:08:32.870,1.31811,1.3182,1.50,0.10
2012.02.29 23:08:33.189,1.3181,1.3182,1.50,0.10
2012.02.29 23:08:33.321,1.3181,1.3183,1.50,1.50
2012.02.29 23:08:34.022,1.31813,1.3183,1.50,1.50
2012.02.29 23:08:34.553,1.31814,1.3183,1.50,1.50
2012.02.29 23:08:35.220,1.31813,1.3183,1.50,1.50
2012.02.29 23:08:35.731,1.31813,1.3183,1.50,1.50
2012.02.29 23:08:39.375,1.31809,1.3183,2.63,1.50
2012.02.29 23:08:39.891,1.318,1.3183,1.50,1.50
2012.02.29 23:08:42.529,1.318,1.3183,1.50,1.50
2012.02.29 23:08:45.560,1.318,1.3183,1.50,1.50
2012.02.29 23:08:49.729,1.31798,1.3183,1.50,1.50
2012.02.29 23:09:03.451,1.31797,1.3183,1.50,1.50
2012.02.29 23:09:03.699,1.31797,1.3183,1.50,1.50
2012.02.29 23:09:04.519,1.31797,1.3183,1.50,1.50
2012.02.29 23:09:04.592,1.31797,1.3183,1.50,1.50
2012.02.29 23:09:06.011,1.318,1.3183,1.50,1.50
2012.02.29 23:09:06.731,1.318,1.3183,1.50,1.50
2012.02.29 23:09:07.771,1.318,1.3183,1.50,1.50
2012.02.29 23:09:08.769,1.318,1.3183,1.50,1.50
2012.02.29 23:09:09.130,1.318,1.3183,1.50,1.50
2012.02.29 23:09:10.271,1.318,1.3183,1.50,1.50
2012.02.29 23:09:10.522,1.318,1.3183,1.50,1.50
2012.02.29 23:09:11.828,1.31795,1.3183,3.00,1.50
2012.02.29 23:09:15.770,1.31805,1.3183,1.50,1.50
2012.02.29 23:09:16.109,1.31801,1.3183,2.25,1.50
2012.02.29 23:09:20.533,1.31805,1.3183,1.50,1.50
2012.02.29 23:09:22.849,1.31798,1.3183,1.50,1.50
2012.02.29 23:09:22.925,1.31794,1.3183,1.50,1.50
2012.02.29 23:09:23.446,1.31794,1.3183,1.50,1.50
2012.02.29 23:09:23.581,1.31794,1.3183,1.50,1.50
2012.02.29 23:09:27.930,1.31791,1.3183,2.25,1.50
2012.02.29 23:09:29.932,1.31791,1.3183,2.25,1.50
2012.02.29 23:09:30.002,1.31792,1.3183,1.50,1.50
2012.02.29 23:09:30.441,1.31794,1.3183,1.50,1.50
2012.02.29 23:09:31.022,1.31794,1.3183,1.50,1.50
2012.02.29 23:09:35.368,1.31793,1.3183,1.50,2.25
2012.02.29 23:09:37.969,1.31794,1.3183,1.50,2.25
2012.02.29 23:09:38.502,1.31792,1.3183,1.50,2.25
2012.02.29 23:09:41.016,1.31792,1.3183,1.50,1.50
2012.02.29 23:09:47.946,1.3179,1.3183,1.50,1.50
2012.02.29 23:10:00.261,1.31792,1.3183,1.50,1.50
2012.02.29 23:10:00.926,1.31792,1.3183,1.50,1.50
2012.02.29 23:10:01.452,1.31792,1.3183,1.50,1.50
2012.02.29 23:10:02.002,1.31792,1.3183,1.50,1.50
2012.02.29 23:10:02.632,1.31792,1.3183,1.50,1.50
2012.02.29 23:10:03.141,1.31792,1.3183,1.50,1.50
2012.02.29 23:10:03.210,1.31792,1.3183,1.50,1.50
2012.02.29 23:10:05.009,1.31792,1.3183,1.50,2.25
2012.02.29 23:10:05.319,1.31792,1.3183,1.50,2.25
2012.02.29 23:10:06.244,1.31792,1.3183,1.50,2.25
2012.02.29 23:10:08.010,1.31792,1.3183,1.50,2.25
2012.02.29 23:10:08.677,1.31792,1.3183,1.50,2.25
2012.02.29 23:10:08.752,1.31792,1.3183,1.50,2.25
2012.02.29 23:10:10.300,1.31792,1.3183,1.50,2.25
2012.02.29 23:10:10.984,1.31793,1.3183,1.50,2.25
2012.02.29 23:10:11.700,1.3179,1.3183,1.50,2.25
2012.02.29 23:10:12.871,1.31791,1.3183,1.50,2.25
2012.02.29 23:10:13.870,1.31791,1.3183,1.50,2.25
2012.02.29 23:10:14.381,1.31791,1.3183,1.50,2.25
2012.02.29 23:10:15.319,1.31791,1.3183,1.50,2.25
2012.02.29 23:10:15.580,1.31791,1.3183,1.50,2.25
2012.02.29 23:10:16.210,1.31791,1.3183,1.50,2.25
2012.02.29 23:10:16.719,1.31791,1.3183,1.50,2.25
2012.02.29 23:10:17.223,1.3179,1.3183,1.50,2.25
2012.02.29 23:10:18.352,1.31791,1.3183,1.50,2.25
2012.02.29 23:10:20.026,1.31791,1.3183,1.50,2.25
2012.02.29 23:10:20.776,1.31791,1.3183,1.50,2.25
2012.02.29 23:10:24.808,1.31791,1.3183,2.25,2.25
2012.02.29 23:10:25.429,1.31791,1.3183,1.50,2.25
2012.02.29 23:10:26.069,1.31791,1.3183,1.50,2.25
2012.02.29 23:10:26.581,1.31791,1.3183,1.50,2.25
2012.02.29 23:10:27.090,1.31791,1.3183,1.50,2.25
2012.02.29 23:10:27.224,1.31791,1.3183,1.50,2.25
2012.02.29 23:10:27.529,1.31791,1.3183,1.50,2.25
2012.02.29 23:10:28.833,1.31788,1.3183,2.25,2.25
2012.02.29 23:10:28.904,1.3179,1.3183,1.50,2.25
2012.02.29 23:10:29.392,1.3179,1.3183,1.50,2.25
2012.02.29 23:10:29.851,1.31788,1.3183,1.50,2.25
2012.02.29 23:10:30.049,1.31793,1.3183,1.50,2.25
2012.02.29 23:10:30.906,1.318,1.3183,1.50,2.25
2012.02.29 23:10:30.991,1.318,1.3183,1.50,2.25
2012.02.29 23:10:31.272,1.31802,1.3183,1.50,2.25
2012.02.29 23:10:31.891,1.31801,1.3183,1.50,2.25
2012.02.29 23:10:32.227,1.31803,1.3183,1.50,2.25
2012.02.29 23:10:32.970,1.31802,1.3183,1.50,2.25
2012.02.29 23:10:33.222,1.31803,1.3183,1.50,2.25
2012.02.29 23:10:35.093,1.31803,1.3183,1.50,2.25
2012.02.29 23:10:35.514,1.31808,1.3183,1.50,2.25
2012.02.29 23:10:35.844,1.3181,1.3183,1.50,2.25
2012.02.29 23:10:36.742,1.31808,1.3183,1.50,2.25
2012.02.29 23:10:37.182,1.31806,1.3183,2.25,2.25
2012.02.29 23:10:37.262,1.31806,1.3183,1.50,2.25
2012.02.29 23:10:37.522,1.31802,1.3183,1.50,2.25
2012.02.29 23:10:37.906,1.31802,1.3183,2.25,2.25
2012.02.29 23:10:39.015,1.31802,1.3183,1.50,2.25
2012.02.29 23:10:39.155,1.318,1.31828,1.50,2.25
2012.02.29 23:10:39.227,1.31797,1.31828,1.50,2.25
2012.02.29 23:10:39.755,1.31797,1.31828,1.50,2.25
2012.02.29 23:10:41.582,1.31799,1.31828,1.50,2.25
2012.02.29 23:10:41.883,1.31802,1.3183,1.50,2.25
2012.02.29 23:10:42.447,1.31802,1.3183,1.50,2.25
2012.02.29 23:10:42.644,1.31802,1.3183,1.50,2.25
2012.02.29 23:10:44.551,1.31802,1.3183,1.50,2.25
2012.02.29 23:10:44.972,1.31802,1.3183,1.50,2.25
2012.02.29 23:10:45.050,1.31799,1.31822,1.50,2.25
2012.02.29 23:10:45.125,1.31793,1.31822,2.25,2.25
2012.02.29 23:10:45.193,1.31793,1.31822,2.25,2.25
2012.02.29 23:10:46.270,1.31793,1.31822,2.25,2.25
2012.02.29 23:10:46.348,1.31799,1.31828,1.50,2.25
2012.02.29 23:10:46.634,1.31799,1.31828,1.50,2.25
2012.02.29 23:10:46.835,1.31799,1.31828,1.50,2.25
2012.02.29 23:10:47.821,1.31799,1.31828,1.50,2.25
2012.02.29 23:10:48.802,1.31799,1.31828,1.50,2.25
2012.02.29 23:11:05.723,1.31799,1.31828,1.50,2.25
2012.02.29 23:11:06.055,1.31799,1.31828,1.50,1.50
2012.02.29 23:11:06.632,1.31799,1.31828,1.50,2.25
2012.02.29 23:11:07.212,1.31799,1.31828,1.50,2.25
2012.02.29 23:11:08.437,1.31799,1.31828,1.50,2.25
2012.02.29 23:11:09.041,1.31799,1.31828,1.50,2.25
2012.02.29 23:11:09.569,1.31799,1.31828,1.50,2.25
2012.02.29 23:11:09.645,1.31794,1.31825,1.50,2.25
2012.02.29 23:11:09.894,1.31794,1.31825,1.50,2.25
2012.02.29 23:11:12.565,1.31794,1.31825,1.50,2.25
2012.02.29 23:11:15.178,1.31794,1.31825,1.50,2.25
2012.02.29 23:11:15.751,1.31794,1.31825,1.50,2.25
2012.02.29 23:11:16.088,1.31794,1.31821,1.50,2.25
2012.02.29 23:11:16.236,1.31789,1.3182,3.00,2.25
2012.02.29 23:11:16.860,1.31789,1.3182,2.25,2.25
2012.02.29 23:11:17.474,1.3179,1.3182,1.50,2.25
2012.02.29 23:11:18.203,1.31794,1.31821,1.50,2.25
2012.02.29 23:11:18.464,1.31794,1.31823,1.50,2.25
2012.02.29 23:11:22.454,1.31794,1.31823,1.50,2.25
2012.02.29 23:11:22.583,1.31796,1.31828,1.50,2.25
2012.02.29 23:11:23.129,1.318,1.3183,1.50,2.25
2012.02.29 23:11:23.663,1.318,1.3183,1.50,2.25
2012.02.29 23:11:26.225,1.318,1.3183,1.50,2.25
2012.02.29 23:11:27.323,1.31804,1.3183,1.50,2.25
2012.02.29 23:11:28.372,1.31804,1.3183,1.50,2.25
2012.02.29 23:11:29.240,1.31804,1.3183,1.50,2.25
2012.02.29 23:11:30.065,1.318,1.31829,1.50,2.25
2012.02.29 23:11:30.136,1.31797,1.3183,1.50,4.25
2012.02.29 23:11:30.213,1.31795,1.3183,1.50,4.25
2012.02.29 23:11:30.281,1.31795,1.3183,1.50,4.25
2012.02.29 23:11:30.546,1.31799,1.3183,1.50,4.25
2012.02.29 23:11:36.973,1.31801,1.3183,1.50,4.25
2012.02.29 23:11:37.312,1.31804,1.3183,1.50,2.25
2012.02.29 23:11:41.073,1.31804,1.3183,1.50,2.25
2012.02.29 23:11:44.455,1.31804,1.3183,1.50,2.25
2012.02.29 23:11:44.594,1.31797,1.31826,1.50,2.25
2012.02.29 23:11:44.662,1.31797,1.31826,1.50,2.25
2012.02.29 23:11:48.410,1.31797,1.31826,1.50,2.25
2012.02.29 23:11:53.403,1.31802,1.3183,1.50,2.25
2012.02.29 23:11:53.591,1.31802,1.3183,1.50,2.25
2012.02.29 23:11:54.952,1.31802,1.3183,1.50,2.25
2012.02.29 23:11:58.419,1.31802,1.3183,1.50,2.25
2012.02.29 23:11:59.060,1.31802,1.3183,1.50,2.25
2012.02.29 23:11:59.525,1.31802,1.3183,1.50,2.25
2012.02.29 23:12:00.094,1.31802,1.3183,1.50,2.25
2012.02.29 23:12:02.284,1.31802,1.3183,1.50,2.25
2012.02.29 23:12:02.830,1.31802,1.3183,1.50,2.25
2012.02.29 23:12:06.503,1.31802,1.3183,1.50,2.25
2012.02.29 23:12:06.830,1.31802,1.3183,1.50,2.25
2012.02.29 23:12:07.824,1.31798,1.31827,1.50,2.25
2012.02.29 23:12:08.070,1.31798,1.31827,1.50,2.25
2012.02.29 23:12:08.661,1.31798,1.31827,1.50,2.25
2012.02.29 23:12:09.004,1.31802,1.3183,1.50,2.25
2012.02.29 23:12:09.136,1.31802,1.3183,1.50,2.25
2012.02.29 23:12:33.561,1.31802,1.3183,1.50,2.25
2012.02.29 23:12:33.631,1.31805,1.3183,1.50,2.25
2012.02.29 23:12:43.230,1.31805,1.3183,1.50,2.25
2012.02.29 23:12:43.491,1.31805,1.3183,1.50,2.25
2012.02.29 23:12:55.876,1.31805,1.3183,1.50,2.25
2012.02.29 23:12:56.204,1.31805,1.3183,1.50,2.25
2012.02.29 23:12:57.912,1.31805,1.3183,1.50,2.25
2012.02.29 23:13:00.892,1.31805,1.3183,1.50,2.25
2012.02.29 23:13:03.171,1.31801,1.3183,1.50,2.25
2012.02.29 23:13:03.724,1.31801,1.3183,1.50,2.25
2012.02.29 23:13:04.654,1.31801,1.3183,1.50,2.25
2012.02.29 23:13:08.325,1.31797,1.31828,1.50,2.25
2012.02.29 23:13:09.183,1.31799,1.31828,1.50,2.25
2012.02.29 23:13:09.503,1.31802,1.3183,1.50,2.25
2012.02.29 23:13:12.307,1.31797,1.31828,2.25,2.25
2012.02.29 23:13:13.286,1.31802,1.3183,1.50,2.25
2012.02.29 23:13:13.472,1.31798,1.31829,1.50,2.25
2012.02.29 23:13:17.832,1.31798,1.31829,1.50,2.25
2012.02.29 23:13:18.143,1.31798,1.31829,1.50,2.25
2012.02.29 23:13:19.387,1.31798,1.31829,1.50,2.25
2012.02.29 23:13:22.142,1.31797,1.31825,1.50,2.25
2012.02.29 23:13:22.212,1.31794,1.31825,2.25,2.25
2012.02.29 23:13:22.371,1.31798,1.31827,1.50,2.25
2012.02.29 23:13:24.459,1.31796,1.31824,1.50,2.25
2012.02.29 23:13:24.532,1.31793,1.31824,1.50,2.25
2012.02.29 23:13:25.084,1.31793,1.31824,1.50,2.25
2012.02.29 23:13:25.392,1.31793,1.31824,2.25,2.25
2012.02.29 23:13:26.463,1.31793,1.31824,3.00,2.25
2012.02.29 23:13:26.938,1.31799,1.3183,1.50,4.25
2012.02.29 23:13:27.270,1.31799,1.3183,2.25,4.25
2012.02.29 23:13:27.606,1.31799,1.3183,2.25,4.25
2012.02.29 23:13:28.251,1.31795,1.31824,2.25,2.25
2012.02.29 23:13:28.333,1.31795,1.31824,2.25,2.25
2012.02.29 23:13:28.656,1.31795,1.31824,2.25,2.25
2012.02.29 23:13:28.795,1.31795,1.31824,2.25,2.25
2012.02.29 23:13:29.082,1.31793,1.3182,1.50,2.25
2012.02.29 23:13:29.625,1.31789,1.31814,1.50,2.25
2012.02.29 23:13:30.305,1.3179,1.31818,1.50,2.25
2012.02.29 23:13:30.811,1.3179,1.31818,1.50,2.25
2012.02.29 23:13:31.220,1.31792,1.31818,1.50,2.25
2012.02.29 23:13:32.028,1.31794,1.31823,1.50,2.25
2012.02.29 23:13:32.108,1.31794,1.31823,2.25,2.25
2012.02.29 23:13:34.821,1.31794,1.31823,2.25,2.25
2012.02.29 23:13:35.457,1.31794,1.31823,1.50,2.25
2012.02.29 23:13:36.201,1.31794,1.31823,2.25,2.25
2012.02.29 23:13:36.699,1.31795,1.31823,1.50,2.25
2012.02.29 23:13:37.441,1.31794,1.31823,2.25,2.25
2012.02.29 23:13:37.903,1.31794,1.31823,1.50,2.25
2012.02.29 23:13:38.404,1.31798,1.31823,1.50,2.25
2012.02.29 23:13:38.477,1.31798,1.31823,2.25,2.25
2012.02.29 23:13:39.664,1.318,1.31829,2.25,2.25
2012.02.29 23:13:40.163,1.318,1.31829,2.25,2.25
2012.02.29 23:13:41.011,1.318,1.31829,2.25,2.25
2012.02.29 23:13:42.351,1.318,1.31829,2.25,2.25
2012.02.29 23:13:43.472,1.318,1.31829,2.25,2.25
2012.02.29 23:13:47.316,1.318,1.31829,2.25,2.25
2012.02.29 23:13:47.621,1.318,1.31829,1.50,2.25
2012.02.29 23:13:51.452,1.318,1.31829,1.50,2.25
2012.02.29 23:13:51.526,1.318,1.31829,2.25,2.25
2012.02.29 23:13:52.445,1.318,1.31829,1.50,2.25
2012.02.29 23:13:53.203,1.318,1.31829,2.25,2.25
2012.02.29 23:13:55.038,1.318,1.31829,3.00,2.25
2012.02.29 23:13:55.771,1.318,1.31829,3.00,2.25
2012.02.29 23:13:56.361,1.318,1.31829,3.00,2.25
2012.02.29 23:13:57.142,1.318,1.31829,3.00,2.25
2012.02.29 23:13:57.732,1.318,1.31829,3.00,2.25
2012.02.29 23:13:57.923,1.318,1.31829,2.25,2.25
2012.02.29 23:14:00.632,1.318,1.31829,2.25,2.25
2012.02.29 23:14:10.325,1.318,1.31829,3.00,2.25
2012.02.29 23:14:12.162,1.318,1.31829,2.25,2.25
2012.02.29 23:14:15.175,1.31798,1.31826,2.25,1.50
2012.02.29 23:14:15.246,1.31798,1.31826,2.25,2.25
2012.02.29 23:14:15.886,1.31799,1.3183,2.25,4.25
2012.02.29 23:14:16.026,1.31799,1.3183,3.00,4.25
2012.02.29 23:14:16.340,1.31802,1.3183,1.50,4.25
2012.02.29 23:14:16.991,1.31799,1.3183,2.25,4.25
2012.02.29 23:14:17.675,1.31799,1.3183,2.25,4.25
2012.02.29 23:14:18.311,1.31799,1.3183,2.25,4.25
2012.02.29 23:14:23.351,1.31802,1.3183,2.25,2.25
2012.02.29 23:14:24.665,1.31802,1.3183,2.25,2.25
2012.02.29 23:14:25.109,1.31802,1.3183,2.25,2.25
2012.02.29 23:14:25.456,1.318,1.31829,2.25,2.25
2012.02.29 23:14:26.017,1.318,1.31829,2.25,2.25
2012.02.29 23:14:26.925,1.31798,1.31824,2.25,2.25
2012.02.29 23:14:26.992,1.31795,1.31824,1.50,2.25
2012.02.29 23:14:41.294,1.31793,1.31821,1.50,1.50
2012.02.29 23:14:41.362,1.3179,1.31821,1.50,1.50
2012.02.29 23:14:42.231,1.3179,1.31821,1.50,2.25
2012.02.29 23:14:43.371,1.3179,1.31821,1.50,1.50
2012.02.29 23:14:48.147,1.31796,1.31825,1.50,2.25
2012.02.29 23:14:48.433,1.31799,1.3183,1.50,3.50
2012.02.29 23:14:49.143,1.31803,1.3183,1.50,1.50
2012.02.29 23:14:49.354,1.31799,1.3183,1.50,3.50
2012.02.29 23:14:49.546,1.31798,1.31825,1.50,1.50
2012.02.29 23:14:49.614,1.31796,1.31825,1.50,1.50
2012.02.29 23:14:49.983,1.31793,1.31816,1.50,1.50
2012.02.29 23:14:50.311,1.31781,1.31809,1.50,1.50
2012.02.29 23:14:50.775,1.31784,1.31813,2.25,1.50
2012.02.29 23:14:50.853,1.31784,1.31813,2.25,1.50
2012.02.29 23:14:51.068,1.31784,1.31813,3.00,2.25
2012.02.29 23:14:51.281,1.31784,1.31813,2.25,2.25
2012.02.29 23:14:51.673,1.31784,1.31813,1.50,1.50
2012.02.29 23:14:51.742,1.3179,1.31822,1.50,2.25
2012.02.29 23:14:51.872,1.3179,1.31822,1.50,1.50
2012.02.29 23:14:52.911,1.31795,1.31825,1.50,1.50
2012.02.29 23:14:54.582,1.31799,1.31829,1.50,1.50
2012.02.29 23:14:55.112,1.31799,1.31827,1.50,1.50
2012.02.29 23:14:55.185,1.31795,1.31825,1.50,1.50
2012.02.29 23:15:01.064,1.3179,1.31822,1.50,1.50
2012.02.29 23:15:01.138,1.31795,1.31826,1.50,1.50
2012.02.29 23:15:01.707,1.31793,1.3182,1.50,1.50
2012.02.29 23:15:01.781,1.31791,1.3182,1.50,1.50
2012.02.29 23:15:06.837,1.31794,1.31825,1.50,1.50
2012.02.29 23:15:07.522,1.31794,1.31821,1.50,1.50
2012.02.29 23:15:07.653,1.31788,1.31819,1.50,1.50
2012.02.29 23:15:09.403,1.31792,1.31819,1.50,1.50
2012.02.29 23:15:09.477,1.31793,1.31824,1.50,1.50
2012.02.29 23:15:17.052,1.31794,1.31828,1.50,1.50
2012.02.29 23:15:25.945,1.31794,1.31826,1.50,1.50
2012.02.29 23:15:26.022,1.3179,1.31824,1.50,1.50
2012.02.29 23:15:26.871,1.3179,1.31824,2.25,1.50
2012.02.29 23:15:41.463,1.31786,1.3182,2.25,1.50
2012.02.29 23:15:45.862,1.31789,1.3182,1.50,1.50
2012.02.29 23:15:46.405,1.31787,1.3182,1.50,1.50
2012.02.29 23:15:49.721,1.31788,1.31827,1.50,2.25
2012.02.29 23:15:50.343,1.31788,1.31827,1.50,2.25
2012.02.29 23:15:50.972,1.31789,1.31827,1.50,2.25
2012.02.29 23:15:51.243,1.31792,1.3183,1.50,1.50
2012.02.29 23:15:52.542,1.31794,1.3183,1.50,1.50
2012.02.29 23:15:53.023,1.31792,1.3183,1.50,1.50
2012.02.29 23:15:53.804,1.31795,1.3183,1.50,1.50
2012.02.29 23:15:54.205,1.31792,1.31828,1.50,1.50
2012.02.29 23:15:54.407,1.31788,1.31828,2.25,1.50
2012.02.29 23:15:54.603,1.31788,1.31828,1.50,1.50
2012.02.29 23:15:55.483,1.31788,1.31828,1.50,1.50
2012.02.29 23:15:55.553,1.31789,1.31828,1.50,1.50
2012.02.29 23:15:55.743,1.31788,1.31828,1.50,1.50
2012.02.29 23:15:56.282,1.31788,1.31828,1.50,1.50
2012.02.29 23:15:56.613,1.3179,1.31828,1.50,1.50
2012.02.29 23:15:57.236,1.31789,1.31828,1.50,1.50
2012.02.29 23:15:57.764,1.31789,1.31828,1.50,1.50
2012.02.29 23:15:58.384,1.31789,1.31828,1.50,1.50
2012.02.29 23:15:59.153,1.31788,1.31828,1.50,1.50
2012.02.29 23:15:59.820,1.31788,1.31828,1.50,1.50
2012.02.29 23:16:00.342,1.31788,1.31828,1.50,1.50
2012.02.29 23:16:01.841,1.31788,1.31828,1.50,1.50
2012.02.29 23:16:02.410,1.31789,1.31828,1.50,1.50
2012.02.29 23:16:02.944,1.31786,1.31828,1.50,1.50
2012.02.29 23:16:04.283,1.31788,1.31828,1.50,1.50
2012.02.29 23:16:04.502,1.31786,1.31828,1.50,1.50
2012.02.29 23:16:07.082,1.31787,1.31828,1.50,1.50
2012.02.29 23:16:09.544,1.31787,1.31828,1.50,1.50
2012.02.29 23:16:10.747,1.31787,1.31828,1.50,1.50
2012.02.29 23:16:11.024,1.31787,1.31828,1.50,1.50
2012.02.29 23:16:12.522,1.31787,1.31828,1.50,1.50
2012.02.29 23:16:12.987,1.31785,1.31828,1.50,2.25
2012.02.29 23:16:14.007,1.31786,1.31828,1.50,2.25
2012.02.29 23:16:14.288,1.31787,1.31828,1.50,2.25
2012.02.29 23:16:14.753,1.31787,1.31828,1.50,2.25
2012.02.29 23:16:14.883,1.31787,1.31828,1.50,2.25
2012.02.29 23:16:15.440,1.31789,1.31828,1.50,2.25
2012.02.29 23:16:18.360,1.31789,1.31828,1.50,2.25
2012.02.29 23:16:18.927,1.31788,1.31828,1.50,2.25
2012.02.29 23:16:19.707,1.31789,1.31828,1.50,2.25
2012.02.29 23:16:24.524,1.31789,1.31828,1.50,2.25
2012.02.29 23:16:25.010,1.31789,1.31828,1.50,2.25
2012.02.29 23:16:26.999,1.31789,1.31828,1.50,2.25
2012.02.29 23:16:27.518,1.31788,1.31828,1.50,2.25
2012.02.29 23:16:28.251,1.31789,1.31828,1.50,2.25
2012.02.29 23:16:28.761,1.31788,1.31828,1.50,2.25
2012.02.29 23:16:30.401,1.31789,1.31828,1.50,2.25
2012.02.29 23:16:31.267,1.31788,1.31828,1.50,2.25
2012.02.29 23:16:33.262,1.31789,1.31828,1.50,2.25
2012.02.29 23:16:33.555,1.31789,1.31828,1.50,2.25
2012.02.29 23:16:34.302,1.31789,1.31828,1.50,2.25
2012.02.29 23:16:35.520,1.31789,1.31828,1.50,2.25
2012.02.29 23:16:37.429,1.31789,1.31828,1.50,2.25
2012.02.29 23:16:38.154,1.31786,1.31828,1.50,2.25
2012.02.29 23:16:39.686,1.31789,1.31828,1.50,2.25
2012.02.29 23:16:40.041,1.31787,1.31828,1.50,2.25
2012.02.29 23:16:41.196,1.31789,1.31828,1.50,2.25
2012.02.29 23:16:41.574,1.31787,1.31828,1.50,2.25
2012.02.29 23:16:42.576,1.31789,1.31828,1.50,2.25
2012.02.29 23:16:43.551,1.31789,1.31828,1.50,2.25
2012.02.29 23:16:44.515,1.31789,1.31828,1.50,2.25
2012.02.29 23:16:45.004,1.31789,1.31828,1.50,2.25
2012.02.29 23:16:46.002,1.31789,1.31828,1.50,2.25
2012.02.29 23:16:47.358,1.31786,1.31828,1.50,2.25
2012.02.29 23:16:48.253,1.31789,1.31828,1.50,2.25
2012.02.29 23:16:48.929,1.31789,1.31828,1.50,1.50
2012.02.29 23:16:49.590,1.31789,1.31828,1.50,1.50
2012.02.29 23:16:51.685,1.31789,1.31828,1.50,1.50
2012.02.29 23:16:53.025,1.31792,1.3183,1.50,1.50
2012.02.29 23:16:53.497,1.31795,1.3183,1.50,1.50
2012.02.29 23:16:55.645,1.31797,1.3183,1.50,1.50
2012.02.29 23:16:55.968,1.31797,1.3183,2.25,1.50
2012.02.29 23:16:56.041,1.31797,1.3183,2.25,1.50
2012.02.29 23:16:57.016,1.31798,1.3183,1.50,1.50
2012.02.29 23:16:57.204,1.31797,1.3183,1.50,1.50
2012.02.29 23:16:57.737,1.31797,1.3183,1.50,1.50
2012.02.29 23:16:58.564,1.31797,1.3183,1.50,1.50
2012.02.29 23:17:00.431,1.31798,1.3183,1.50,1.50
2012.02.29 23:17:00.680,1.31799,1.3183,1.50,1.50
2012.02.29 23:17:04.264,1.31801,1.3183,1.50,1.50
2012.02.29 23:17:05.231,1.31801,1.3183,1.50,1.50
2012.02.29 23:17:05.620,1.31798,1.3183,1.50,1.50
2012.02.29 23:17:06.131,1.31797,1.3183,1.50,1.50
2012.02.29 23:17:07.895,1.31797,1.3183,2.25,1.50
2012.02.29 23:17:08.033,1.31798,1.3183,1.50,2.25
2012.02.29 23:17:10.821,1.31797,1.3183,1.50,2.25
2012.02.29 23:17:12.121,1.31796,1.3183,1.50,2.25
2012.02.29 23:17:13.194,1.31796,1.3183,1.50,2.25
2012.02.29 23:17:14.594,1.31795,1.3183,1.50,2.25
2012.02.29 23:17:16.985,1.31796,1.3183,1.50,2.25
2012.02.29 23:17:19.432,1.31798,1.3183,1.50,1.50
2012.02.29 23:17:22.782,1.31799,1.3183,1.50,2.50
2012.02.29 23:17:23.378,1.31794,1.3183,1.50,4.50
2012.02.29 23:17:23.520,1.31791,1.31826,2.25,1.50
2012.02.29 23:17:24.183,1.31793,1.31826,1.50,1.50
2012.02.29 23:17:24.506,1.31793,1.31826,1.50,1.50
2012.02.29 23:17:24.572,1.31796,1.31826,1.50,1.50
2012.02.29 23:17:24.794,1.31793,1.31826,1.50,1.50
2012.02.29 23:17:25.078,1.31793,1.31826,1.50,1.50
2012.02.29 23:17:30.200,1.3179,1.31826,1.50,2.25
2012.02.29 23:17:31.371,1.3179,1.31826,1.50,2.25
2012.02.29 23:17:31.568,1.3179,1.31826,1.50,2.25
2012.02.29 23:17:32.049,1.31788,1.31826,1.50,1.50
2012.02.29 23:17:35.906,1.3179,1.31823,1.50,1.50
2012.02.29 23:17:36.452,1.3179,1.31823,1.50,1.50
2012.02.29 23:17:39.219,1.31795,1.31827,1.50,1.50
2012.02.29 23:17:39.294,1.31795,1.31827,1.50,1.50
2012.02.29 23:17:44.104,1.31795,1.3183,1.50,2.25
2012.02.29 23:17:44.632,1.31795,1.3183,1.50,2.25
2012.02.29 23:17:51.208,1.31796,1.31829,1.50,1.50
2012.02.29 23:17:51.418,1.31789,1.31828,1.50,1.50
2012.02.29 23:17:51.502,1.31791,1.31824,1.50,1.50
2012.02.29 23:17:51.846,1.3179,1.31828,1.50,2.25
2012.02.29 23:17:52.441,1.3179,1.31828,1.50,3.00
2012.02.29 23:17:53.521,1.31793,1.31828,1.50,2.25
2012.02.29 23:17:55.355,1.31793,1.31826,1.50,1.50
2012.02.29 23:17:55.705,1.3178,1.31815,1.50,1.50
2012.02.29 23:17:56.135,1.3178,1.31815,1.50,1.50
2012.02.29 23:17:56.215,1.31774,1.31815,1.50,1.50
2012.02.29 23:17:57.625,1.31773,1.31815,1.50,1.50
2012.02.29 23:17:58.844,1.31773,1.31815,1.50,1.50
2012.02.29 23:17:58.980,1.31773,1.31815,1.50,1.50
2012.02.29 23:18:00.462,1.31773,1.31815,1.50,1.50
2012.02.29 23:18:01.016,1.31773,1.31815,1.50,1.50
2012.02.29 23:18:01.534,1.31772,1.31815,2.25,1.50
2012.02.29 23:18:02.994,1.31773,1.31815,1.50,1.50
2012.02.29 23:18:03.542,1.31773,1.31815,1.50,1.50
2012.02.29 23:18:04.483,1.31773,1.31815,1.50,1.50
2012.02.29 23:18:05.027,1.31773,1.31815,1.50,1.50
2012.02.29 23:18:05.750,1.31773,1.31815,1.50,1.50
2012.02.29 23:18:06.301,1.31773,1.31815,1.50,1.50
2012.02.29 23:18:07.644,1.31774,1.31815,1.50,2.25
2012.02.29 23:18:07.995,1.31774,1.31809,1.50,1.50
2012.02.29 23:18:09.698,1.31773,1.31809,1.50,1.50
2012.02.29 23:18:09.775,1.31779,1.31821,1.50,1.50
2012.02.29 23:18:10.272,1.31783,1.31825,1.50,2.25
2012.02.29 23:18:10.594,1.31781,1.3182,1.50,2.25
2012.02.29 23:18:10.665,1.31778,1.3182,1.50,1.50
2012.02.29 23:18:11.936,1.31778,1.3182,1.50,1.50
2012.02.29 23:18:12.132,1.31778,1.3182,1.50,1.50
2012.02.29 23:18:18.756,1.3178,1.3182,1.50,1.50
2012.02.29 23:18:19.132,1.3178,1.3182,1.50,1.50
2012.02.29 23:18:23.181,1.31783,1.31823,1.50,1.50
2012.02.29 23:18:23.860,1.31783,1.31824,1.50,1.50
2012.02.29 23:18:25.065,1.31783,1.31824,1.50,1.50
2012.02.29 23:18:31.173,1.31783,1.31824,1.50,1.50
2012.02.29 23:18:35.773,1.31786,1.31828,1.50,2.25
2012.02.29 23:18:35.844,1.31786,1.31828,1.50,2.25
2012.02.29 23:18:36.834,1.31784,1.31826,2.25,1.50
2012.02.29 23:18:37.152,1.31783,1.31824,1.50,1.50
2012.02.29 23:18:40.713,1.31782,1.31828,2.25,2.25
2012.02.29 23:18:41.022,1.31782,1.31828,2.25,1.50
2012.02.29 23:18:41.174,1.31782,1.31815,2.25,1.00
2012.02.29 23:18:44.963,1.31786,1.31815,1.50,1.00
2012.02.29 23:18:47.087,1.31786,1.31815,1.50,1.00
2012.02.29 23:18:49.485,1.31781,1.31815,3.00,1.00
2012.02.29 23:18:50.085,1.31781,1.31815,1.50,1.00
2012.02.29 23:18:52.511,1.31781,1.31815,1.50,1.00
2012.02.29 23:19:07.271,1.31778,1.31815,1.50,1.00
2012.02.29 23:19:07.401,1.31778,1.31812,1.50,1.50
2012.02.29 23:19:10.474,1.31778,1.31812,1.50,1.50
2012.02.29 23:19:10.543,1.31778,1.31815,3.00,3.00
2012.02.29 23:19:11.674,1.31778,1.31812,1.50,1.50
2012.02.29 23:19:13.207,1.31778,1.31815,1.50,1.00
2012.02.29 23:19:14.608,1.31778,1.31812,1.50,1.50
2012.02.29 23:19:15.882,1.3178,1.31813,2.25,1.50
2012.02.29 23:19:16.164,1.3178,1.31815,2.25,1.00
2012.02.29 23:19:18.749,1.3178,1.31813,1.50,1.50
2012.02.29 23:19:19.675,1.31781,1.31814,1.50,1.50
2012.02.29 23:19:20.203,1.3178,1.31814,1.50,1.50
2012.02.29 23:19:21.013,1.3178,1.31815,2.25,1.00
2012.02.29 23:19:21.523,1.31784,1.31815,1.50,1.00
2012.02.29 23:19:22.295,1.31784,1.31815,2.25,1.00
2012.02.29 23:19:22.491,1.31784,1.31815,1.50,1.00
2012.02.29 23:19:23.661,1.31784,1.31815,2.25,1.00
2012.02.29 23:19:23.913,1.31784,1.31815,1.50,1.00
2012.02.29 23:19:24.361,1.31778,1.31815,3.00,3.00
2012.02.29 23:19:27.532,1.31778,1.31815,3.00,3.00
2012.02.29 23:19:27.962,1.31778,1.31815,3.00,3.00
2012.02.29 23:19:28.500,1.31778,1.31815,3.00,3.00
2012.02.29 23:19:29.045,1.31781,1.31815,2.25,1.00
2012.02.29 23:19:32.805,1.31786,1.31815,2.25,1.00
2012.02.29 23:19:33.784,1.31782,1.31815,1.50,1.00
2012.02.29 23:19:35.315,1.31781,1.31815,2.25,1.00
2012.02.29 23:19:35.587,1.31781,1.31815,2.25,1.00
2012.02.29 23:19:36.522,1.31781,1.31815,2.25,1.00
2012.02.29 23:19:37.050,1.31781,1.31815,2.25,1.00
2012.02.29 23:19:37.813,1.31781,1.31815,2.25,1.00
2012.02.29 23:19:38.062,1.31781,1.31815,2.25,1.00
2012.02.29 23:19:39.111,1.31779,1.31815,1.50,1.00
2012.02.29 23:19:39.361,1.31779,1.31815,1.50,1.00
2012.02.29 23:19:43.432,1.3178,1.31815,1.50,1.00
2012.02.29 23:19:45.117,1.31785,1.31815,1.50,1.00
2012.02.29 23:19:45.361,1.31785,1.31815,1.50,1.00
2012.02.29 23:19:46.628,1.31785,1.31815,1.50,1.00
2012.02.29 23:19:47.774,1.31785,1.31815,1.50,1.00
2012.02.29 23:19:47.960,1.31785,1.31815,1.50,1.00
2012.02.29 23:19:55.795,1.31781,1.31812,1.50,1.50
2012.02.29 23:19:57.812,1.31781,1.31812,1.50,1.50
2012.02.29 23:19:58.033,1.31781,1.31812,1.50,1.50
2012.02.29 23:19:59.390,1.31781,1.31812,1.50,1.50
2012.02.29 23:19:59.464,1.31781,1.31812,1.50,1.50
2012.02.29 23:20:00.485,1.31781,1.31812,1.50,1.50
2012.02.29 23:20:00.670,1.31781,1.31812,1.50,1.50
2012.02.29 23:20:02.963,1.31781,1.31812,1.50,1.50
2012.02.29 23:20:03.596,1.31791,1.31815,2.25,1.00
2012.02.29 23:20:03.844,1.31788,1.31815,1.50,1.00
2012.02.29 23:20:07.868,1.31785,1.31815,1.50,1.00
2012.02.29 23:20:08.189,1.31786,1.31815,1.50,1.00
2012.02.29 23:20:08.583,1.31783,1.31815,1.50,1.00
2012.02.29 23:20:12.992,1.31782,1.31815,3.00,1.00
2012.02.29 23:20:15.684,1.31787,1.31815,1.50,1.00
2012.02.29 23:20:15.933,1.31783,1.31815,2.25,1.00
2012.02.29 23:20:21.543,1.31783,1.31815,2.25,1.00
2012.02.29 23:20:22.542,1.31782,1.31815,2.25,1.75
2012.02.29 23:20:23.600,1.31782,1.31815,2.25,1.75
2012.02.29 23:20:24.084,1.31788,1.31815,1.50,2.00
2012.02.29 23:20:24.421,1.31794,1.31815,1.50,1.00
2012.02.29 23:20:24.494,1.31792,1.31815,1.50,1.00
2012.02.29 23:20:24.563,1.31785,1.31815,2.25,1.00
2012.02.29 23:20:25.124,1.31785,1.31815,1.50,1.00
2012.02.29 23:20:30.353,1.31788,1.31815,1.50,1.00
2012.02.29 23:20:30.894,1.31786,1.31815,1.50,1.00
2012.02.29 23:20:31.213,1.31792,1.31815,1.50,1.00
2012.02.29 23:20:31.584,1.31797,1.31815,1.50,1.00
2012.02.29 23:20:31.783,1.31793,1.31815,1.50,1.00
2012.02.29 23:20:33.542,1.31796,1.31815,1.50,1.00
2012.02.29 23:20:33.872,1.31792,1.31815,2.25,1.00
2012.02.29 23:20:34.382,1.31804,1.31815,1.50,1.00
2012.02.29 23:20:36.132,1.318,1.31815,1.50,1.00
2012.02.29 23:20:44.834,1.31796,1.31815,1.50,1.00
2012.02.29 23:20:47.603,1.31792,1.31815,2.25,1.00
2012.02.29 23:20:50.289,1.31795,1.31815,1.50,1.00
2012.02.29 23:20:50.817,1.31796,1.31815,1.50,1.00
2012.02.29 23:21:00.353,1.31793,1.31815,1.50,1.00
2012.02.29 23:21:04.719,1.31793,1.31827,1.50,1.50
2012.02.29 23:21:08.425,1.31797,1.31829,1.50,1.50
2012.02.29 23:21:08.978,1.31797,1.3183,1.50,2.50
2012.02.29 23:21:09.064,1.31793,1.31829,1.50,1.50
2012.02.29 23:21:12.343,1.31793,1.31829,1.50,2.25
2012.02.29 23:21:13.407,1.31793,1.31829,1.50,2.25
2012.02.29 23:21:15.372,1.31796,1.31829,1.50,2.25
2012.02.29 23:21:15.953,1.31802,1.3183,1.50,2.50
2012.02.29 23:21:16.036,1.31794,1.31828,2.25,1.50
2012.02.29 23:21:17.714,1.31797,1.3183,1.50,4.50
2012.02.29 23:21:18.653,1.31796,1.31827,1.50,1.50
2012.02.29 23:21:18.973,1.3178,1.31816,2.25,2.25
2012.02.29 23:21:19.281,1.3178,1.31816,2.25,2.25
2012.02.29 23:21:26.371,1.31782,1.31816,2.25,2.25
2012.02.29 23:21:27.569,1.31785,1.31821,1.50,2.25
2012.02.29 23:21:28.119,1.31785,1.31821,2.25,2.25
2012.02.29 23:21:28.679,1.31785,1.31821,2.25,2.25
2012.02.29 23:21:33.034,1.31784,1.31816,1.50,2.25
2012.02.29 23:21:33.161,1.31784,1.31816,1.50,2.25
2012.02.29 23:21:33.671,1.31786,1.3182,1.50,2.25
2012.02.29 23:21:34.319,1.31786,1.3182,1.50,2.25
2012.02.29 23:21:34.395,1.31784,1.31815,1.50,2.25
2012.02.29 23:21:35.010,1.31782,1.31815,1.50,2.25
2012.02.29 23:21:36.727,1.31782,1.31815,2.25,2.25
2012.02.29 23:21:37.044,1.31785,1.31821,3.00,2.25
2012.02.29 23:21:39.443,1.31785,1.31816,1.50,2.25
2012.02.29 23:21:42.703,1.31782,1.31815,2.25,1.75
2012.02.29 23:21:42.771,1.31782,1.31815,3.00,1.75
2012.02.29 23:21:42.962,1.31777,1.3181,1.50,2.25
2012.02.29 23:21:43.036,1.31777,1.3181,2.25,2.25
2012.02.29 23:21:43.383,1.31785,1.31814,1.50,2.25
2012.02.29 23:21:46.225,1.31785,1.31814,1.50,2.25
2012.02.29 23:21:48.542,1.31787,1.31814,1.50,2.25
2012.02.29 23:21:49.125,1.31793,1.31815,2.25,1.00
2012.02.29 23:21:50.006,1.31793,1.31815,2.25,1.00
2012.02.29 23:21:51.349,1.318,1.31815,1.50,1.00
2012.02.29 23:21:52.090,1.31801,1.31815,1.50,1.00
2012.02.29 23:21:52.259,1.31799,1.31815,2.25,1.00
2012.02.29 23:21:53.432,1.3179,1.31815,2.25,1.00
2012.02.29 23:21:55.499,1.3179,1.31815,2.25,1.00
2012.02.29 23:21:58.338,1.31787,1.31815,2.25,1.00
2012.02.29 23:22:08.466,1.31793,1.31815,1.50,1.00
2012.02.29 23:22:08.923,1.31791,1.31815,1.50,1.00
2012.02.29 23:22:10.057,1.3179,1.31815,1.50,1.00
2012.02.29 23:22:21.812,1.31792,1.31815,2.25,1.00
2012.02.29 23:22:22.920,1.3179,1.31815,1.50,1.00
2012.02.29 23:22:23.126,1.3179,1.31815,1.50,1.00
2012.02.29 23:22:31.918,1.3179,1.31815,2.25,1.00
2012.02.29 23:22:32.123,1.3179,1.31815,1.50,1.00
2012.02.29 23:22:32.603,1.3179,1.31815,1.50,1.00
2012.02.29 23:22:35.195,1.3179,1.31815,1.50,1.00
2012.02.29 23:22:35.335,1.31792,1.31815,2.25,1.00
2012.02.29 23:22:36.562,1.31794,1.31815,1.50,1.00
2012.02.29 23:22:37.865,1.31793,1.31815,1.50,1.00
2012.02.29 23:22:42.390,1.31794,1.31815,1.50,1.00
2012.02.29 23:22:56.156,1.31792,1.31815,3.00,1.00
2012.02.29 23:22:56.238,1.31788,1.31815,3.00,1.00
2012.02.29 23:22:58.758,1.31788,1.31815,3.00,2.00
2012.02.29 23:22:58.974,1.31788,1.31815,1.50,1.00
2012.02.29 23:22:59.388,1.31788,1.31815,1.50,1.00
2012.02.29 23:23:00.521,1.31788,1.31815,1.50,1.00
2012.02.29 23:23:00.718,1.31792,1.31815,1.50,1.00
2012.02.29 23:23:04.032,1.31788,1.31815,1.50,1.00
2012.02.29 23:23:05.750,1.31792,1.31815,1.50,1.00
2012.02.29 23:23:07.131,1.31795,1.31815,1.50,1.00
2012.02.29 23:23:09.051,1.3179,1.31815,3.00,1.00
2012.02.29 23:23:09.273,1.3179,1.31815,2.25,1.00
2012.02.29 23:23:10.842,1.31787,1.31815,1.50,1.00
2012.02.29 23:23:10.928,1.31796,1.31815,1.50,1.00
2012.02.29 23:23:12.395,1.31793,1.31815,3.00,1.00
2012.02.29 23:23:12.986,1.31794,1.31815,1.50,1.00
2012.02.29 23:23:17.922,1.31792,1.31815,1.50,1.00
2012.02.29 23:23:19.864,1.31794,1.31815,1.50,1.00
2012.02.29 23:23:24.043,1.31794,1.31815,1.50,1.00
2012.02.29 23:23:29.947,1.31794,1.31815,1.50,1.00
2012.02.29 23:23:32.087,1.31797,1.31815,1.50,1.00
2012.02.29 23:23:33.297,1.31798,1.31815,1.50,1.00
2012.02.29 23:23:33.374,1.31797,1.31815,1.50,1.00
2012.02.29 23:23:50.476,1.31798,1.31815,1.50,1.00
2012.02.29 23:23:50.797,1.31798,1.31815,1.50,1.00
2012.02.29 23:23:54.069,1.31795,1.31815,2.25,1.00
2012.02.29 23:23:54.287,1.31795,1.31815,1.50,1.00
2012.02.29 23:23:54.836,1.31792,1.31815,1.50,1.00
2012.02.29 23:24:53.464,1.3179,1.31815,1.50,1.00
2012.02.29 23:24:55.467,1.3179,1.31815,1.50,1.00
2012.02.29 23:24:55.773,1.31792,1.31815,3.00,1.00
2012.02.29 23:25:25.235,1.31797,1.31815,1.50,1.00
2012.02.29 23:25:29.505,1.31797,1.31815,2.25,1.00
2012.02.29 23:25:31.894,1.31797,1.31815,1.50,1.00
2012.02.29 23:25:33.438,1.31794,1.31815,2.25,1.00
2012.02.29 23:25:40.567,1.31796,1.31815,1.50,1.00
2012.02.29 23:25:56.773,1.31797,1.31815,1.50,1.00
2012.02.29 23:25:57.366,1.31793,1.31815,2.25,1.00
2012.02.29 23:25:59.220,1.31798,1.31815,1.50,1.00
2012.02.29 23:26:00.976,1.31804,1.31815,1.50,1.00
2012.02.29 23:26:01.495,1.31804,1.31815,2.25,1.00
2012.02.29 23:26:02.182,1.31804,1.31815,2.25,1.00
2012.02.29 23:26:03.013,1.31809,1.31815,2.25,1.00
2012.02.29 23:26:03.323,1.31814,1.31815,2.25,1.00
2012.02.29 23:26:03.521,1.31819,1.3183,1.50,1.50
2012.02.29 23:26:04.272,1.31816,1.3183,2.25,1.50
2012.02.29 23:26:05.017,1.31816,1.3183,3.00,1.50
2012.02.29 23:26:05.524,1.31816,1.3183,2.25,1.50
2012.02.29 23:26:06.013,1.31819,1.3183,1.50,1.50
2012.02.29 23:26:06.716,1.31822,1.3183,1.50,1.50
2012.02.29 23:26:07.043,1.31826,1.3183,1.50,1.50
2012.02.29 23:26:07.661,1.31824,1.3183,1.50,1.50
2012.02.29 23:26:08.195,1.31824,1.3183,2.25,1.50
2012.02.29 23:26:08.513,1.31824,1.3183,2.25,1.50
2012.02.29 23:26:08.660,1.31824,1.3183,2.25,1.50
2012.02.29 23:26:09.298,1.31824,1.3183,1.50,1.50
2012.02.29 23:26:09.792,1.31823,1.3183,1.50,1.50
2012.02.29 23:26:09.866,1.31823,1.3183,1.50,1.50
2012.02.29 23:26:10.185,1.31813,1.3183,1.50,1.50
2012.02.29 23:26:10.436,1.31807,1.3183,3.00,1.50
2012.02.29 23:26:11.116,1.31803,1.3183,2.25,1.50
2012.02.29 23:26:11.186,1.31806,1.3183,1.50,1.50
2012.02.29 23:26:12.369,1.31806,1.3183,1.50,1.50
2012.02.29 23:26:14.211,1.31806,1.3183,1.50,1.50
2012.02.29 23:26:21.212,1.318,1.3183,2.25,1.50
2012.02.29 23:26:33.645,1.31802,1.3183,2.25,1.50
2012.02.29 23:26:39.485,1.3181,1.3183,1.50,1.50
2012.02.29 23:26:39.674,1.31805,1.3183,2.25,1.50
2012.02.29 23:26:52.222,1.31805,1.3183,2.25,1.50
2012.02.29 23:26:58.922,1.31805,1.3183,3.00,1.50
2012.02.29 23:26:59.994,1.31805,1.3183,2.25,1.50
2012.02.29 23:27:29.058,1.31803,1.3183,2.25,1.50
2012.02.29 23:27:29.565,1.31803,1.3183,2.25,1.50
2012.02.29 23:27:29.823,1.31801,1.3183,3.75,1.50
2012.02.29 23:27:30.455,1.31801,1.3183,2.25,2.25
2012.02.29 23:27:30.990,1.31801,1.3183,2.25,1.50
2012.02.29 23:27:33.025,1.31805,1.3183,2.25,1.50
2012.02.29 23:27:34.220,1.31805,1.3183,2.25,1.50
2012.02.29 23:27:34.437,1.31805,1.3183,2.25,1.50
2012.02.29 23:27:35.492,1.31801,1.3183,2.25,3.50
2012.02.29 23:27:36.656,1.31804,1.3183,2.25,1.50
2012.02.29 23:27:37.414,1.31801,1.3183,1.50,1.50
2012.02.29 23:27:37.952,1.31803,1.3183,2.25,1.50
2012.02.29 23:27:45.879,1.31803,1.3183,2.25,1.50
2012.02.29 23:27:46.892,1.31807,1.3183,2.25,1.50
2012.02.29 23:27:48.117,1.31803,1.3183,2.25,1.50
2012.02.29 23:27:48.468,1.31803,1.3183,2.25,1.50
2012.02.29 23:27:54.175,1.31803,1.3183,2.25,1.50
2012.02.29 23:27:55.478,1.31804,1.3183,2.25,1.50
2012.02.29 23:27:55.983,1.31798,1.3183,2.25,1.50
2012.02.29 23:27:56.908,1.31797,1.3183,1.50,4.25
2012.02.29 23:27:57.719,1.31796,1.31829,1.20,1.50
2012.02.29 23:27:57.894,1.31796,1.31829,1.20,1.50
2012.02.29 23:27:58.214,1.31796,1.31829,1.20,1.50
2012.02.29 23:27:59.159,1.31799,1.3183,2.25,3.25
2012.02.29 23:27:59.365,1.31797,1.31829,1.50,2.25
2012.02.29 23:28:00.057,1.31799,1.31829,1.50,2.25
2012.02.29 23:28:00.594,1.318,1.3183,1.50,2.50
2012.02.29 23:28:01.624,1.318,1.3183,1.50,2.25
2012.02.29 23:28:02.004,1.31797,1.31826,1.20,2.25
2012.02.29 23:28:02.332,1.31797,1.31822,1.20,1.50
2012.02.29 23:28:02.850,1.31797,1.31822,1.20,1.50
2012.02.29 23:28:03.161,1.31797,1.31822,1.20,1.50
2012.02.29 23:28:04.496,1.31787,1.31822,2.25,2.25
2012.02.29 23:28:07.874,1.31789,1.31822,1.50,2.25
2012.02.29 23:28:09.655,1.31791,1.31821,2.25,1.50
2012.02.29 23:28:10.775,1.31795,1.31825,1.50,2.25
2012.02.29 23:28:12.745,1.31794,1.31825,1.50,2.25
2012.02.29 23:28:13.264,1.31794,1.31825,1.50,2.25
2012.02.29 23:28:14.786,1.31796,1.31822,1.50,1.50
2012.02.29 23:28:19.197,1.31786,1.31822,2.25,2.25
2012.02.29 23:28:20.431,1.31791,1.31825,2.25,3.00
2012.02.29 23:28:21.054,1.31786,1.31821,1.50,2.25
2012.02.29 23:28:21.133,1.31783,1.31817,1.50,3.00
2012.02.29 23:28:21.283,1.31779,1.31813,2.25,2.25
2012.02.29 23:28:21.567,1.31779,1.31811,1.50,1.50
2012.02.29 23:28:22.117,1.31779,1.31812,1.50,2.25
2012.02.29 23:28:22.188,1.31775,1.31809,1.50,1.50
2012.02.29 23:28:22.824,1.31779,1.31813,1.50,2.25
2012.02.29 23:28:23.827,1.31779,1.31813,1.50,2.25
2012.02.29 23:28:24.164,1.31783,1.31817,1.50,2.25
2012.02.29 23:28:35.467,1.31787,1.31819,1.50,2.25
2012.02.29 23:28:35.983,1.31787,1.31821,1.50,2.25
2012.02.29 23:28:41.804,1.31787,1.31821,2.25,2.25
2012.02.29 23:28:42.363,1.31787,1.31821,1.50,2.25
2012.02.29 23:28:43.706,1.3179,1.31823,1.50,2.25
2012.02.29 23:28:43.775,1.3179,1.31825,1.50,3.25
2012.02.29 23:28:43.905,1.3179,1.31825,2.25,3.25
2012.02.29 23:28:48.835,1.31785,1.31818,2.25,2.25
2012.02.29 23:28:49.708,1.31779,1.31811,2.25,1.50
2012.02.29 23:28:50.214,1.31776,1.31811,2.25,2.25
2012.02.29 23:28:57.483,1.31782,1.31816,2.25,2.25
2012.02.29 23:29:01.558,1.31785,1.31819,2.25,2.25
2012.02.29 23:29:02.111,1.31785,1.31821,2.25,2.25
2012.02.29 23:29:02.809,1.31785,1.31821,2.25,2.25
2012.02.29 23:29:03.157,1.31785,1.31821,2.25,2.25
2012.02.29 23:29:04.098,1.31784,1.31814,2.25,2.25
2012.02.29 23:29:04.323,1.3178,1.31814,2.25,2.25
2012.02.29 23:29:04.792,1.3178,1.31814,2.25,2.25
2012.02.29 23:29:06.089,1.3178,1.31814,2.25,2.25
2012.02.29 23:29:06.427,1.3178,1.31814,2.25,2.25
2012.02.29 23:29:08.477,1.31784,1.31817,2.25,2.25
2012.02.29 23:29:08.976,1.31779,1.31813,2.25,2.25
2012.02.29 23:29:09.322,1.31774,1.3181,2.25,2.25
2012.02.29 23:29:10.170,1.31774,1.3181,2.25,2.25
2012.02.29 23:29:11.791,1.31772,1.31805,2.25,2.25
2012.02.29 23:29:12.648,1.31768,1.31795,1.50,2.25
2012.02.29 23:29:13.263,1.31756,1.31792,3.00,3.75
2012.02.29 23:29:13.367,1.31756,1.31788,3.00,2.25
2012.02.29 23:29:13.512,1.31756,1.31788,2.25,1.50
2012.02.29 23:29:14.206,1.31757,1.31788,1.50,1.50
2012.02.29 23:29:14.757,1.31756,1.31785,2.25,1.50
2012.02.29 23:29:14.826,1.31756,1.31785,2.25,1.50
2012.02.29 23:29:15.170,1.31756,1.31787,2.25,1.50
2012.02.29 23:29:15.658,1.31758,1.31789,1.50,1.50
2012.02.29 23:29:17.038,1.31762,1.31791,1.50,1.50
2012.02.29 23:29:19.552,1.31762,1.31791,1.50,1.50
2012.02.29 23:29:20.889,1.31759,1.3179,1.50,1.50
2012.02.29 23:29:21.439,1.31762,1.31796,1.50,2.25
2012.02.29 23:29:21.587,1.31762,1.31796,2.25,2.25
2012.02.29 23:29:22.234,1.31762,1.31796,2.25,2.25
2012.02.29 23:29:23.085,1.31762,1.31796,1.50,2.25
2012.02.29 23:29:23.857,1.31762,1.31796,1.50,2.25
2012.02.29 23:29:24.988,1.31762,1.31796,2.25,2.25
2012.02.29 23:29:27.057,1.31762,1.31796,2.25,2.25
2012.02.29 23:29:27.137,1.3177,1.31804,1.50,3.00
2012.02.29 23:29:27.348,1.3177,1.31806,2.25,2.25
2012.02.29 23:29:27.547,1.31775,1.31808,1.50,2.25
2012.02.29 23:29:27.759,1.31772,1.31801,2.25,1.50
2012.02.29 23:29:27.988,1.3177,1.31806,3.00,2.25
2012.02.29 23:29:28.648,1.31774,1.3181,1.50,2.25
2012.02.29 23:29:29.073,1.31774,1.31806,1.50,1.50
2012.02.29 23:29:29.358,1.3177,1.31804,2.25,1.50
2012.02.29 23:29:29.837,1.3177,1.31806,2.25,2.25
2012.02.29 23:29:30.395,1.31773,1.31806,2.25,2.25
2012.02.29 23:29:31.318,1.31775,1.31809,1.50,3.00
2012.02.29 23:29:31.398,1.31775,1.31809,1.50,3.00
2012.02.29 23:29:32.191,1.31775,1.31809,2.25,2.25
2012.02.29 23:29:32.523,1.31775,1.31809,3.00,2.25
2012.02.29 23:29:32.873,1.31775,1.31809,3.00,2.25
2012.02.29 23:29:33.212,1.31775,1.31809,2.25,2.25
2012.02.29 23:29:36.480,1.31775,1.31809,2.25,2.25
2012.02.29 23:29:37.032,1.31774,1.31811,1.50,2.25
2012.02.29 23:29:37.935,1.31774,1.31808,2.25,2.25
2012.02.29 23:29:38.565,1.31774,1.31812,2.25,2.25
2012.02.29 23:29:39.556,1.31774,1.31812,2.25,2.25
2012.02.29 23:29:40.218,1.31774,1.31812,2.25,2.25
2012.02.29 23:29:40.734,1.31776,1.31812,2.25,2.25
2012.02.29 23:29:41.079,1.31776,1.31812,2.25,2.25
2012.02.29 23:29:41.452,1.31774,1.31808,1.50,2.25
2012.02.29 23:29:41.525,1.31774,1.31808,1.50,2.25
2012.02.29 23:29:41.972,1.31774,1.31806,1.50,2.25
2012.02.29 23:29:42.117,1.31769,1.31804,1.50,2.25
2012.02.29 23:29:42.328,1.31768,1.31802,2.25,2.25
2012.02.29 23:29:42.866,1.31766,1.31799,1.50,2.25
2012.02.29 23:29:43.206,1.31768,1.31804,3.00,2.25
2012.02.29 23:29:43.786,1.31768,1.31804,3.00,2.25
2012.02.29 23:29:43.861,1.31768,1.31804,3.00,2.25
2012.02.29 23:29:44.625,1.31768,1.318,1.50,2.25
2012.02.29 23:29:45.298,1.3177,1.318,1.50,2.25
2012.02.29 23:29:45.853,1.3177,1.318,1.50,2.25
2012.02.29 23:29:46.378,1.3177,1.318,1.50,2.25
2012.02.29 23:29:46.973,1.31767,1.318,1.50,2.25
2012.02.29 23:29:47.597,1.31767,1.318,1.50,2.25
2012.02.29 23:29:47.987,1.31767,1.318,1.50,2.25
2012.02.29 23:29:48.492,1.31767,1.318,1.50,2.25
2012.02.29 23:29:49.022,1.31767,1.318,1.50,2.25
2012.02.29 23:29:49.799,1.31769,1.31803,2.25,2.25
2012.02.29 23:29:49.875,1.3177,1.31803,1.50,2.25
2012.02.29 23:29:50.378,1.31773,1.31806,1.50,2.25
2012.02.29 23:29:51.235,1.31769,1.31803,2.25,2.25
2012.02.29 23:29:52.875,1.31769,1.31803,1.50,2.25
2012.02.29 23:29:53.427,1.31769,1.31803,2.25,2.25
2012.02.29 23:29:54.094,1.31769,1.31803,1.50,2.25
2012.02.29 23:29:54.637,1.31769,1.31803,2.25,2.25
2012.02.29 23:29:55.195,1.31769,1.31803,2.25,2.25
2012.02.29 23:29:55.927,1.31769,1.31803,2.25,2.25
2012.02.29 23:29:56.124,1.31769,1.31803,2.25,2.25
2012.02.29 23:29:56.515,1.31769,1.31803,2.25,2.25
2012.02.29 23:29:57.171,1.31769,1.31803,1.50,2.25
2012.02.29 23:29:58.939,1.31769,1.31803,2.25,2.25
2012.02.29 23:29:59.163,1.31769,1.31801,1.50,1.50
2012.02.29 23:30:00.110,1.31769,1.31794,1.50,2.25
2012.02.29 23:30:00.199,1.31758,1.31794,2.25,2.25
2012.02.29 23:30:00.501,1.31758,1.31794,2.25,2.25
2012.02.29 23:30:00.721,1.31758,1.31794,1.50,1.50
2012.02.29 23:30:01.011,1.31762,1.31795,1.50,1.50
2012.02.29 23:30:01.616,1.31762,1.31798,2.25,2.25
2012.02.29 23:30:01.712,1.31762,1.31798,2.25,2.25
2012.02.29 23:30:03.832,1.31762,1.31798,2.25,2.25
2012.02.29 23:30:04.634,1.31762,1.31798,2.25,2.25
2012.02.29 23:30:05.046,1.31762,1.31798,2.25,2.25
2012.02.29 23:30:08.729,1.31759,1.31793,2.25,1.50
2012.02.29 23:30:09.459,1.31762,1.31798,2.25,2.25
2012.02.29 23:30:09.784,1.31762,1.31798,2.25,2.25
2012.02.29 23:30:16.696,1.31765,1.31798,2.25,2.25
2012.02.29 23:30:17.126,1.31767,1.31801,2.25,2.25
2012.02.29 23:30:21.020,1.31763,1.31797,2.25,2.25
2012.02.29 23:30:22.557,1.31763,1.31797,2.25,2.25
2012.02.29 23:30:22.999,1.31763,1.31797,2.25,2.25
2012.02.29 23:30:23.433,1.31763,1.31797,2.25,2.25
2012.02.29 23:30:23.957,1.31763,1.31797,3.00,2.25
2012.02.29 23:30:24.025,1.31763,1.31797,3.00,2.25
2012.02.29 23:30:24.352,1.31764,1.31797,1.50,2.25
2012.02.29 23:30:24.703,1.31766,1.31797,1.50,2.25
2012.02.29 23:30:27.804,1.31767,1.31801,3.00,2.25
2012.02.29 23:30:28.694,1.31766,1.31802,2.25,2.25
2012.02.29 23:30:28.913,1.31766,1.31802,2.25,2.25
2012.02.29 23:30:29.424,1.31763,1.31797,3.00,2.25
2012.02.29 23:30:29.938,1.31766,1.31802,2.25,2.25
2012.02.29 23:30:30.254,1.31766,1.31802,2.25,2.25
2012.02.29 23:30:30.584,1.31766,1.31802,2.25,2.25
2012.02.29 23:30:37.982,1.31766,1.31802,2.25,2.25
2012.02.29 23:30:38.313,1.31766,1.31802,2.25,2.25
2012.02.29 23:30:38.661,1.31766,1.31802,2.25,2.25
2012.02.29 23:30:51.404,1.31766,1.31802,2.25,2.25
2012.02.29 23:30:56.280,1.31762,1.31796,2.25,2.25
2012.02.29 23:30:56.616,1.31757,1.31791,2.25,2.25
2012.02.29 23:30:58.866,1.31757,1.31791,2.25,2.25
2012.02.29 23:30:59.500,1.3176,1.31796,2.25,2.25
2012.02.29 23:31:06.304,1.3176,1.31796,2.25,2.25
2012.02.29 23:31:07.539,1.3176,1.31796,2.25,2.25
2012.02.29 23:31:08.184,1.31758,1.31792,1.50,1.50
2012.02.29 23:31:08.256,1.31763,1.31798,2.25,1.50
2012.02.29 23:31:08.382,1.31763,1.31798,1.50,1.50
2012.02.29 23:31:08.943,1.31763,1.31799,2.25,2.25
2012.02.29 23:31:10.885,1.31763,1.31799,2.25,2.25
2012.02.29 23:31:11.953,1.31765,1.31799,1.50,2.25
2012.02.29 23:31:18.223,1.31763,1.31799,3.00,2.25
2012.02.29 23:31:19.223,1.31763,1.31799,3.00,2.25
2012.02.29 23:31:22.375,1.31763,1.31799,3.00,2.25
2012.02.29 23:31:24.789,1.31768,1.31801,2.25,1.50
2012.02.29 23:31:27.748,1.31768,1.31801,2.25,1.50
2012.02.29 23:31:33.764,1.31768,1.31802,2.25,2.25
2012.02.29 23:31:34.073,1.31768,1.31802,2.25,2.25
2012.02.29 23:31:36.991,1.31772,1.31806,2.25,2.25
2012.02.29 23:31:43.469,1.31772,1.31806,2.25,2.25
2012.02.29 23:31:48.237,1.31768,1.31802,3.00,2.25
2012.02.29 23:31:48.502,1.31772,1.31805,2.25,1.50
2012.02.29 23:31:49.095,1.31778,1.31812,2.25,2.25
2012.02.29 23:31:49.606,1.31778,1.31812,2.25,2.25
2012.02.29 23:31:52.095,1.31778,1.3181,2.25,1.50
2012.02.29 23:31:52.748,1.31771,1.31805,2.25,2.25
2012.02.29 23:31:52.960,1.31774,1.3181,2.25,2.25
2012.02.29 23:31:53.162,1.31779,1.31813,2.25,2.25
2012.02.29 23:31:56.708,1.31779,1.31813,2.25,2.25
2012.02.29 23:31:57.684,1.31779,1.31813,2.25,2.25
2012.02.29 23:31:57.888,1.31784,1.31815,2.25,1.50
2012.02.29 23:32:27.660,1.31778,1.31809,1.50,2.25
2012.02.29 23:32:27.994,1.31777,1.31809,1.50,2.25
2012.02.29 23:32:28.525,1.31771,1.31805,2.25,2.25
2012.02.29 23:32:28.595,1.31767,1.31801,3.00,2.25
2012.02.29 23:32:30.543,1.31771,1.31805,1.50,2.25
2012.02.29 23:32:36.405,1.31771,1.31805,2.25,2.25
2012.02.29 23:32:36.786,1.31771,1.31805,1.50,2.25
2012.02.29 23:32:36.855,1.31767,1.31801,2.25,2.25
2012.02.29 23:32:40.832,1.31767,1.31801,2.25,2.25
2012.02.29 23:32:41.378,1.31767,1.31801,2.25,2.25
2012.02.29 23:32:41.561,1.31768,1.31801,1.50,2.25
2012.02.29 23:32:46.462,1.3177,1.31806,2.25,2.25
2012.02.29 23:32:51.025,1.31772,1.31806,1.50,2.25
2012.02.29 23:32:51.354,1.31776,1.31809,1.50,1.50
2012.02.29 23:32:51.424,1.31776,1.31809,2.25,1.50
2012.02.29 23:32:51.495,1.3178,1.31816,1.50,2.25
2012.02.29 23:32:51.626,1.3178,1.31816,1.50,2.25
2012.02.29 23:32:51.698,1.31777,1.31811,2.25,1.50
2012.02.29 23:32:52.058,1.31777,1.31811,1.50,2.25
2012.02.29 23:32:52.244,1.31773,1.31807,1.50,1.50
2012.02.29 23:32:52.565,1.31771,1.31807,2.25,1.50
2012.02.29 23:32:53.201,1.31776,1.31812,1.50,2.25
2012.02.29 23:32:53.280,1.31773,1.31807,1.50,1.50
2012.02.29 23:32:53.692,1.31776,1.31812,1.50,2.25
2012.02.29 23:32:54.013,1.31773,1.31807,1.50,2.25
2012.02.29 23:32:54.323,1.31776,1.31807,1.50,1.50
2012.02.29 23:32:54.454,1.31776,1.31811,1.50,1.50
2012.02.29 23:32:54.583,1.31776,1.31811,1.50,1.50
2012.02.29 23:32:56.534,1.31776,1.3181,1.50,1.50
2012.02.29 23:32:56.665,1.31776,1.3181,1.50,2.25
2012.02.29 23:32:57.522,1.31776,1.3181,1.50,2.25
2012.02.29 23:32:58.178,1.31776,1.3181,1.50,1.50
2012.02.29 23:32:58.372,1.31779,1.31815,1.50,3.75
2012.02.29 23:32:58.705,1.31779,1.31815,1.50,3.75
2012.02.29 23:32:59.252,1.31779,1.31815,1.50,3.75
2012.02.29 23:32:59.784,1.31779,1.31815,1.50,3.75
2012.02.29 23:33:00.468,1.31779,1.31815,1.50,3.75
2012.02.29 23:33:01.433,1.31779,1.31815,1.50,3.00
2012.02.29 23:33:02.680,1.31779,1.31815,1.50,3.75
2012.02.29 23:33:03.634,1.31779,1.31815,1.50,3.75
2012.02.29 23:33:04.762,1.31779,1.31815,1.50,3.00
2012.02.29 23:33:06.296,1.31773,1.31807,2.25,1.50
2012.02.29 23:33:06.805,1.31773,1.31807,2.25,2.25
2012.02.29 23:33:07.221,1.31773,1.31807,2.25,1.50
2012.02.29 23:33:07.485,1.31777,1.3181,2.25,1.50
2012.02.29 23:33:08.559,1.31771,1.31807,2.25,1.50
2012.02.29 23:33:08.707,1.31767,1.31803,1.50,2.25
2012.02.29 23:33:08.893,1.31767,1.31801,1.50,1.50
2012.02.29 23:33:09.205,1.31765,1.31801,1.50,3.00
2012.02.29 23:33:10.461,1.31765,1.31801,3.00,2.25
2012.02.29 23:33:10.535,1.3177,1.31806,1.50,3.00
2012.02.29 23:33:11.263,1.3177,1.31806,2.25,2.25
2012.02.29 23:33:13.105,1.31774,1.31808,2.25,1.50
2012.02.29 23:33:13.357,1.31774,1.31809,2.25,1.50
2012.02.29 23:33:13.852,1.31774,1.31808,2.25,1.50
2012.02.29 23:33:14.304,1.31774,1.3181,2.25,3.00
2012.02.29 23:33:14.860,1.31774,1.31809,2.25,1.50
2012.02.29 23:33:15.782,1.31774,1.3181,2.25,3.00
2012.02.29 23:33:17.684,1.31779,1.31811,2.25,1.50
2012.02.29 23:33:17.817,1.31787,1.31813,2.25,1.50
2012.02.29 23:33:18.244,1.31784,1.3182,2.25,3.75
2012.02.29 23:33:18.757,1.3178,1.31816,2.25,2.25
2012.02.29 23:33:19.092,1.3178,1.31816,2.25,1.50
2012.02.29 23:33:19.871,1.3178,1.31816,2.25,1.50
2012.02.29 23:33:20.823,1.31784,1.31818,2.25,1.50
2012.02.29 23:33:21.084,1.31784,1.3182,2.25,3.75
2012.02.29 23:33:27.042,1.31785,1.31819,1.50,2.25
2012.02.29 23:33:32.494,1.3178,1.31816,2.25,2.25
2012.02.29 23:33:33.423,1.31786,1.3182,1.50,4.75
2012.02.29 23:33:37.094,1.31781,1.31817,2.25,2.25
2012.02.29 23:33:41.016,1.31785,1.3182,1.50,1.75
2012.02.29 23:33:44.796,1.31785,1.3182,2.25,1.75
2012.02.29 23:33:45.117,1.31785,1.3182,2.25,1.75
2012.02.29 23:33:45.373,1.31781,1.31817,2.25,1.50
2012.02.29 23:33:47.243,1.31783,1.31817,1.50,1.50
2012.02.29 23:33:47.506,1.31787,1.3182,1.50,1.75
2012.02.29 23:33:47.813,1.31788,1.3182,1.50,1.75
2012.02.29 23:33:47.942,1.31788,1.3182,1.50,1.75
2012.02.29 23:33:48.551,1.31786,1.31816,1.50,1.50
2012.02.29 23:33:49.053,1.31789,1.3182,1.50,1.75
2012.02.29 23:33:49.282,1.31788,1.3182,1.50,1.75
2012.02.29 23:33:50.297,1.31788,1.3182,1.50,1.75
2012.02.29 23:33:50.493,1.31789,1.3182,1.50,1.75
2012.02.29 23:33:51.456,1.31778,1.318,1.50,2.25
2012.02.29 23:33:51.529,1.31779,1.31814,2.48,2.84
2012.02.29 23:33:51.663,1.31781,1.31814,1.35,2.25
2012.02.29 23:33:51.913,1.31784,1.31817,2.25,2.25
2012.02.29 23:33:52.343,1.31782,1.31814,1.50,2.25
2012.02.29 23:33:52.522,1.31782,1.31814,1.50,2.25
2012.02.29 23:33:53.055,1.31781,1.31814,1.50,2.25
2012.02.29 23:33:53.122,1.31781,1.31814,1.50,2.25
2012.02.29 23:33:53.197,1.31781,1.31803,1.50,1.13
2012.02.29 23:33:53.518,1.31773,1.31798,1.50,2.25
2012.02.29 23:33:53.653,1.31773,1.31798,1.50,2.25
2012.02.29 23:33:53.723,1.31782,1.31798,1.50,1.50
2012.02.29 23:33:53.853,1.31782,1.31813,1.50,2.25
2012.02.29 23:33:54.164,1.31779,1.31814,1.50,2.25
2012.02.29 23:33:54.412,1.31779,1.31814,1.50,2.25
2012.02.29 23:33:54.623,1.31776,1.3181,1.50,2.25
2012.02.29 23:33:55.343,1.3178,1.31813,1.50,2.25
2012.02.29 23:33:55.871,1.3178,1.31813,1.50,2.25
2012.02.29 23:33:56.632,1.31776,1.3181,1.50,2.25
2012.02.29 23:33:57.303,1.31772,1.31807,1.50,1.50
2012.02.29 23:33:57.800,1.3178,1.31813,1.50,1.50
2012.02.29 23:33:58.132,1.31783,1.31816,1.50,2.25
2012.02.29 23:33:58.455,1.31783,1.31816,1.50,3.00
2012.02.29 23:33:59.108,1.31774,1.31798,1.50,2.25
2012.02.29 23:33:59.227,1.31784,1.31817,2.25,2.25
2012.02.29 23:33:59.363,1.3178,1.31809,1.13,1.50
2012.02.29 23:33:59.494,1.3178,1.31809,1.13,1.50
2012.02.29 23:34:00.443,1.31775,1.31809,3.00,2.25
2012.02.29 23:34:00.694,1.31775,1.31809,2.25,2.25
2012.02.29 23:34:01.776,1.31782,1.31816,1.50,2.25
2012.02.29 23:34:01.903,1.31782,1.31816,2.25,2.25
2012.02.29 23:34:02.332,1.31782,1.31816,1.50,2.25
2012.02.29 23:34:02.486,1.31777,1.31802,1.50,1.50
2012.02.29 23:34:02.555,1.31777,1.31802,1.50,1.50
2012.02.29 23:34:02.755,1.31776,1.31812,2.25,2.25
2012.02.29 23:34:02.823,1.31781,1.31815,1.50,2.25
2012.02.29 23:34:02.965,1.31781,1.31815,2.25,2.25
2012.02.29 23:34:03.559,1.31776,1.31811,1.50,2.25
2012.02.29 23:34:03.813,1.3178,1.31814,1.50,2.25
2012.02.29 23:34:04.024,1.3178,1.31814,1.50,1.50
2012.02.29 23:34:08.267,1.31775,1.31811,2.25,1.50
2012.02.29 23:34:08.545,1.31785,1.31819,1.50,3.00
2012.02.29 23:34:08.944,1.31786,1.31819,3.00,2.25
2012.02.29 23:34:09.284,1.31798,1.3182,1.50,1.75
2012.02.29 23:34:09.359,1.31788,1.31817,1.50,1.50
2012.02.29 23:34:09.437,1.31788,1.31817,1.50,3.00
2012.02.29 23:34:09.575,1.31783,1.31811,1.50,2.25
2012.02.29 23:34:09.893,1.31776,1.31807,1.50,2.25
2012.02.29 23:34:10.032,1.31776,1.31807,1.50,2.25
2012.02.29 23:34:11.853,1.31768,1.31803,2.25,1.50
2012.02.29 23:34:12.393,1.31768,1.31803,2.25,2.25
2012.02.29 23:34:12.668,1.31763,1.31799,3.00,1.50
2012.02.29 23:34:14.375,1.31764,1.31799,1.50,2.25
2012.02.29 23:34:17.309,1.31759,1.31793,2.25,2.25
2012.02.29 23:34:17.932,1.31759,1.31793,2.25,2.25
2012.02.29 23:34:18.011,1.31761,1.31793,1.50,2.25
2012.02.29 23:34:18.229,1.31763,1.31793,1.50,1.50
2012.02.29 23:34:18.379,1.31766,1.31802,3.00,2.25
2012.02.29 23:34:18.753,1.31766,1.31796,1.50,1.50
2012.02.29 23:34:19.095,1.31766,1.31796,1.50,1.50
2012.02.29 23:34:19.235,1.31767,1.31801,1.50,1.50
2012.02.29 23:34:23.773,1.31769,1.31805,2.25,2.25
2012.02.29 23:34:23.844,1.31769,1.31805,2.25,2.25
2012.02.29 23:34:25.926,1.31773,1.31805,1.50,2.25
2012.02.29 23:34:26.124,1.3177,1.31805,1.50,2.25
2012.02.29 23:34:27.621,1.31773,1.31805,1.50,2.25
2012.02.29 23:34:28.240,1.31769,1.31805,2.25,3.00
2012.02.29 23:34:28.816,1.31766,1.318,3.00,2.25
2012.02.29 23:34:33.046,1.31764,1.31797,1.13,2.25
2012.02.29 23:34:34.882,1.31765,1.31801,3.00,2.25
2012.02.29 23:34:39.597,1.31765,1.31801,3.00,2.25
2012.02.29 23:34:42.405,1.31766,1.31801,1.50,2.25
2012.02.29 23:34:43.483,1.31765,1.31801,3.00,2.25
2012.02.29 23:34:43.819,1.31763,1.31792,1.50,1.50
2012.02.29 23:34:44.027,1.31761,1.31792,3.00,1.50
2012.02.29 23:34:44.384,1.31761,1.31792,2.25,1.50
2012.02.29 23:34:45.458,1.31761,1.31792,3.00,1.50
2012.02.29 23:34:45.833,1.31762,1.31792,1.50,1.50
2012.02.29 23:34:46.146,1.31763,1.31792,1.50,1.50
2012.02.29 23:34:47.195,1.31762,1.31792,1.50,1.50
2012.02.29 23:34:47.805,1.31761,1.31792,3.00,1.88
2012.02.29 23:34:48.073,1.31763,1.31792,1.50,1.88
2012.02.29 23:34:49.326,1.31765,1.31795,1.50,2.25
2012.02.29 23:34:49.993,1.31764,1.31795,1.50,2.25
2012.02.29 23:34:50.620,1.31764,1.31795,1.50,2.25
2012.02.29 23:34:50.887,1.31761,1.31795,3.00,2.25
2012.02.29 23:34:52.050,1.31762,1.31795,1.50,2.25
2012.02.29 23:34:52.651,1.31762,1.31795,1.50,2.25
2012.02.29 23:34:53.433,1.31767,1.31795,1.50,2.25
2012.02.29 23:34:53.622,1.3177,1.31799,1.50,1.13
2012.02.29 23:34:53.933,1.3177,1.318,1.50,1.50
2012.02.29 23:34:54.124,1.31768,1.31802,2.25,1.05
2012.02.29 23:34:54.644,1.31768,1.31804,2.25,2.25
2012.02.29 23:34:55.599,1.31768,1.31804,2.25,2.25
2012.02.29 23:34:56.482,1.31768,1.31804,2.25,2.25
2012.02.29 23:34:56.692,1.31768,1.31804,2.25,2.25
2012.02.29 23:34:57.171,1.31768,1.31804,2.25,2.25
2012.02.29 23:34:57.542,1.31768,1.31804,2.25,2.25
2012.02.29 23:34:58.055,1.31768,1.31804,2.25,2.25
2012.02.29 23:34:58.995,1.31768,1.31804,3.00,2.25
2012.02.29 23:35:02.926,1.31772,1.31806,3.00,2.25
2012.02.29 23:35:03.775,1.31772,1.31806,3.00,2.25
2012.02.29 23:35:11.852,1.31772,1.31806,3.00,2.25
2012.02.29 23:35:12.183,1.3177,1.318,1.50,2.25
2012.02.29 23:35:13.504,1.31766,1.318,2.25,2.25
2012.02.29 23:35:13.693,1.31766,1.318,2.25,2.25
2012.02.29 23:35:14.528,1.31766,1.318,2.25,2.25
2012.02.29 23:35:14.857,1.31766,1.318,2.25,2.25
2012.02.29 23:35:22.242,1.31766,1.31805,2.25,2.25
2012.02.29 23:35:24.730,1.31766,1.31805,2.25,2.25
2012.02.29 23:35:26.043,1.31774,1.3181,1.50,2.25
2012.02.29 23:35:27.686,1.31774,1.3181,1.50,2.25
2012.02.29 23:35:31.445,1.31774,1.3181,1.50,2.25
2012.02.29 23:35:32.007,1.31774,1.3181,3.00,1.50
2012.02.29 23:35:32.555,1.31774,1.3181,1.50,1.50
2012.02.29 23:35:32.748,1.31778,1.31814,1.50,2.25
2012.02.29 23:35:33.055,1.31778,1.31814,3.00,1.50
2012.02.29 23:35:34.197,1.31778,1.31814,2.25,1.50
2012.02.29 23:35:34.960,1.31779,1.31814,1.50,2.25
2012.02.29 23:35:35.572,1.31779,1.31814,1.50,2.25
2012.02.29 23:35:36.227,1.31779,1.31814,1.50,1.50
2012.02.29 23:35:37.831,1.31779,1.31814,1.50,1.50
2012.02.29 23:35:37.909,1.31783,1.31817,2.25,1.50
2012.02.29 23:35:38.448,1.31783,1.31817,1.50,1.50
2012.02.29 23:35:40.900,1.31786,1.3182,1.50,1.50
2012.02.29 23:35:42.794,1.31784,1.31817,2.25,1.50
2012.02.29 23:35:43.444,1.31784,1.31817,2.25,2.25
2012.02.29 23:35:44.259,1.31784,1.31817,1.50,2.25
2012.02.29 23:35:44.358,1.31784,1.31817,1.50,1.50
2012.02.29 23:35:44.623,1.31783,1.31817,2.25,2.25
2012.02.29 23:35:48.245,1.31783,1.31817,1.50,2.25
2012.02.29 23:35:48.388,1.31774,1.31808,3.00,2.25
2012.02.29 23:35:48.587,1.31782,1.31816,2.25,2.25
2012.02.29 23:35:49.132,1.31782,1.31816,1.50,2.25
2012.02.29 23:35:49.644,1.31782,1.31816,2.25,2.25
2012.02.29 23:35:50.374,1.31782,1.31816,2.25,1.50
2012.02.29 23:35:50.987,1.31782,1.31816,2.25,2.25
2012.02.29 23:35:51.179,1.31778,1.31811,2.25,1.50
2012.02.29 23:35:51.382,1.31778,1.31811,1.50,1.50
2012.02.29 23:35:52.204,1.3178,1.31816,1.50,1.50
2012.02.29 23:35:54.403,1.3178,1.31816,1.50,2.25
2012.02.29 23:35:54.720,1.31776,1.31811,1.50,1.50
2012.02.29 23:35:55.432,1.31775,1.31811,3.00,1.50
2012.02.29 23:35:55.963,1.31775,1.31811,3.00,1.50
2012.02.29 23:35:57.711,1.31775,1.31811,3.00,1.50
2012.02.29 23:35:58.785,1.31775,1.31811,3.00,1.50
2012.02.29 23:36:00.104,1.31775,1.31811,3.00,1.50
2012.02.29 23:36:01.504,1.31775,1.31811,3.00,1.50
2012.02.29 23:36:04.023,1.31775,1.31811,3.00,1.50
2012.02.29 23:36:05.102,1.31776,1.31811,1.50,1.50
2012.02.29 23:36:06.493,1.31777,1.31811,1.50,1.50
2012.02.29 23:36:06.743,1.31779,1.31815,2.25,1.50
2012.02.29 23:36:07.785,1.31779,1.31815,1.50,2.25
2012.02.29 23:36:08.883,1.31782,1.31815,1.50,1.50
2012.02.29 23:36:09.195,1.31784,1.31817,1.50,1.50
2012.02.29 23:36:09.587,1.3178,1.31814,2.25,1.50
2012.02.29 23:36:09.713,1.3178,1.31814,1.50,1.50
2012.02.29 23:36:10.321,1.31783,1.31819,1.50,1.50
2012.02.29 23:36:10.987,1.31783,1.31819,2.25,2.25
2012.02.29 23:36:12.240,1.31783,1.31819,2.25,2.25
2012.02.29 23:36:12.563,1.31779,1.31812,1.50,1.50
2012.02.29 23:36:12.635,1.3178,1.31816,2.25,2.25
2012.02.29 23:36:12.765,1.3178,1.31816,2.25,2.25
2012.02.29 23:36:13.014,1.31782,1.31816,1.50,1.50
2012.02.29 23:36:13.087,1.31784,1.31819,1.50,1.50
2012.02.29 23:36:23.543,1.31784,1.31819,2.25,1.50
2012.02.29 23:36:23.855,1.31784,1.31819,2.25,1.50
2012.02.29 23:36:28.493,1.31784,1.31819,3.00,1.50
2012.02.29 23:36:31.235,1.31785,1.31819,1.50,1.50
2012.02.29 23:36:32.443,1.31785,1.31819,1.50,1.50
2012.02.29 23:36:32.513,1.31785,1.31819,1.50,1.50
2012.02.29 23:36:34.234,1.31786,1.31819,1.50,1.50
2012.02.29 23:36:34.303,1.31786,1.31819,1.50,1.50
2012.02.29 23:36:34.625,1.31786,1.31819,1.50,1.50
2012.02.29 23:36:34.765,1.3179,1.3182,2.25,1.50
2012.02.29 23:36:35.313,1.3179,1.3182,3.00,1.50
2012.02.29 23:36:37.003,1.31787,1.3182,1.50,3.50
2012.02.29 23:36:37.722,1.31787,1.3182,1.50,3.50
2012.02.29 23:36:39.064,1.31784,1.3182,3.00,3.50
2012.02.29 23:36:39.843,1.31784,1.3182,3.00,4.25
2012.02.29 23:36:40.402,1.31784,1.3182,3.00,3.50
2012.02.29 23:36:42.148,1.31784,1.3182,2.25,4.25
2012.02.29 23:36:42.364,1.31786,1.3182,1.50,3.50
2012.02.29 23:36:42.437,1.31781,1.31817,2.25,1.50
2012.02.29 23:36:42.787,1.31784,1.31817,1.50,1.50
2012.02.29 23:36:42.894,1.31784,1.31817,1.50,1.50
2012.02.29 23:36:44.285,1.31785,1.3182,2.25,2.25
2012.02.29 23:36:44.812,1.31787,1.3182,1.50,1.50
2012.02.29 23:36:45.002,1.31787,1.3182,1.50,1.50
2012.02.29 23:36:45.528,1.31786,1.3182,1.50,1.50
2012.02.29 23:36:45.936,1.31789,1.3182,1.50,1.50
2012.02.29 23:36:46.387,1.31786,1.3182,1.50,3.50
2012.02.29 23:36:47.403,1.31786,1.3182,2.25,3.50
2012.02.29 23:36:49.323,1.31786,1.3182,1.50,3.50
2012.02.29 23:36:53.235,1.31786,1.3182,2.25,3.50
2012.02.29 23:36:53.556,1.31786,1.3182,2.25,3.50
2012.02.29 23:36:53.953,1.31786,1.3182,2.25,1.50
2012.02.29 23:36:55.604,1.31789,1.3182,1.50,1.50
2012.02.29 23:36:56.900,1.31786,1.3182,3.00,1.50
2012.02.29 23:36:57.862,1.31786,1.31818,1.50,1.50
2012.02.29 23:36:58.175,1.31786,1.31818,1.50,2.25
2012.02.29 23:36:58.794,1.31785,1.31818,1.50,1.50
2012.02.29 23:36:58.864,1.31785,1.3182,1.50,3.50
2012.02.29 23:36:59.233,1.31788,1.3182,2.25,1.50
2012.02.29 23:36:59.603,1.31788,1.3182,2.25,1.50
2012.02.29 23:37:00.419,1.31793,1.3182,2.25,1.50
2012.02.29 23:37:00.676,1.31788,1.3182,2.25,1.50
2012.02.29 23:37:01.063,1.31788,1.3182,2.25,1.50
2012.02.29 23:37:10.467,1.31786,1.31819,1.50,1.50
2012.02.29 23:37:10.676,1.31784,1.31819,1.50,1.50
2012.02.29 23:37:10.992,1.31783,1.31819,2.25,2.25
2012.02.29 23:37:12.405,1.31783,1.31819,2.25,2.25
2012.02.29 23:37:12.806,1.31784,1.31818,2.25,2.25
2012.02.29 23:37:13.127,1.3179,1.3182,1.50,1.50
2012.02.29 23:37:14.275,1.31786,1.3182,2.25,3.50
2012.02.29 23:37:14.585,1.31786,1.3182,2.25,3.50
2012.02.29 23:37:15.642,1.3179,1.3182,1.50,1.50
2012.02.29 23:37:16.864,1.31786,1.3182,1.50,1.50
2012.02.29 23:37:17.803,1.31791,1.3182,1.50,1.50
2012.02.29 23:37:19.706,1.31787,1.3182,1.50,1.50
2012.02.29 23:37:24.996,1.31787,1.3182,2.25,2.25
2012.02.29 23:37:25.677,1.31777,1.31813,2.25,2.25
2012.02.29 23:37:25.751,1.31781,1.31813,1.50,1.50
2012.02.29 23:37:26.264,1.31781,1.31813,1.50,1.50
2012.02.29 23:37:26.625,1.31781,1.31817,3.00,2.25
2012.02.29 23:37:26.696,1.31781,1.31817,3.00,1.50
2012.02.29 23:37:26.767,1.31786,1.3182,1.50,4.25
2012.02.29 23:37:28.425,1.31781,1.31817,3.00,1.50
2012.02.29 23:37:29.413,1.31786,1.3182,1.50,4.25
2012.02.29 23:37:30.822,1.31786,1.3182,2.25,4.50
2012.02.29 23:37:32.529,1.31786,1.3182,1.50,4.25
2012.02.29 23:37:32.611,1.31782,1.31816,2.25,1.50
2012.02.29 23:37:34.163,1.31782,1.31816,2.25,1.50
2012.02.29 23:37:34.854,1.31782,1.31816,2.25,1.50
2012.02.29 23:37:36.224,1.31786,1.31816,1.50,2.25
2012.02.29 23:37:38.253,1.31786,1.3182,3.00,4.25
2012.02.29 23:37:44.892,1.31789,1.3182,2.25,1.50
2012.02.29 23:37:48.007,1.31789,1.3182,1.50,2.25
2012.02.29 23:37:48.510,1.31785,1.3182,1.50,1.50
2012.02.29 23:37:50.372,1.31783,1.31817,1.50,1.50
2012.02.29 23:37:50.682,1.31784,1.31817,1.50,2.25
2012.02.29 23:37:51.172,1.31783,1.31817,1.50,2.25
2012.02.29 23:37:57.024,1.31781,1.31817,3.75,2.25
2012.02.29 23:37:57.528,1.31783,1.31817,1.50,2.25
2012.02.29 23:37:57.713,1.31783,1.31817,1.50,2.25
2012.02.29 23:38:00.038,1.31782,1.31817,2.25,2.25
2012.02.29 23:38:02.483,1.31784,1.31817,1.50,2.25
2012.02.29 23:38:03.555,1.31785,1.31817,1.50,2.25
2012.02.29 23:38:04.694,1.31785,1.31817,1.50,2.25
2012.02.29 23:38:05.034,1.31781,1.31817,3.75,2.25
2012.02.29 23:38:06.252,1.31781,1.31817,3.75,2.25
2012.02.29 23:38:06.564,1.31783,1.31817,1.50,2.25
2012.02.29 23:38:06.873,1.31781,1.31817,3.75,2.25
2012.02.29 23:38:08.073,1.31781,1.31817,3.75,2.25
2012.02.29 23:38:14.776,1.31781,1.31817,3.00,2.25
2012.02.29 23:38:15.677,1.31781,1.31817,3.00,2.25
2012.02.29 23:38:16.757,1.31781,1.31817,3.00,2.25
2012.02.29 23:38:18.064,1.31781,1.31817,3.00,2.25
2012.02.29 23:38:18.453,1.31781,1.31817,3.00,2.25
2012.02.29 23:38:19.072,1.31781,1.31817,3.00,2.25
2012.02.29 23:38:19.690,1.31781,1.31817,2.25,2.25
2012.02.29 23:38:20.700,1.31782,1.31817,1.50,2.25
2012.02.29 23:38:26.115,1.31781,1.31817,3.00,2.25
2012.02.29 23:38:26.601,1.31781,1.31817,3.00,2.25
2012.02.29 23:38:33.015,1.31781,1.31817,3.00,2.25
2012.02.29 23:38:34.393,1.31781,1.31817,3.00,2.25
2012.02.29 23:38:35.493,1.31781,1.31811,1.50,1.50
2012.02.29 23:38:35.744,1.31781,1.31811,1.50,1.50
2012.02.29 23:38:36.376,1.31781,1.31816,1.50,2.25
2012.02.29 23:38:36.505,1.31781,1.31816,1.50,2.25
2012.02.29 23:38:39.398,1.31783,1.31816,1.50,2.25
2012.02.29 23:38:40.304,1.31781,1.31816,1.50,2.25
2012.02.29 23:38:41.403,1.3178,1.31816,3.00,2.25
2012.02.29 23:38:42.077,1.31785,1.31816,1.50,2.25
2012.02.29 23:38:46.049,1.31783,1.31816,1.50,2.25
2012.02.29 23:38:57.049,1.31783,1.31816,1.50,2.25
2012.02.29 23:38:57.550,1.31783,1.31816,1.50,2.25
2012.02.29 23:38:57.862,1.31785,1.31816,1.50,2.25
2012.02.29 23:39:11.733,1.31787,1.31816,1.50,1.50
2012.02.29 23:39:12.129,1.31787,1.31816,1.50,1.50
2012.02.29 23:39:12.382,1.31787,1.3182,1.50,3.50
2012.02.29 23:39:16.858,1.31791,1.3182,1.50,3.50
2012.02.29 23:39:21.669,1.31791,1.3182,1.50,1.50
2012.02.29 23:39:23.518,1.31793,1.3182,1.50,1.50
2012.02.29 23:39:23.653,1.31791,1.3182,1.50,1.50
2012.02.29 23:39:24.203,1.31791,1.31819,1.50,1.50
2012.02.29 23:39:24.332,1.31791,1.31819,1.50,1.50
2012.02.29 23:39:24.583,1.31791,1.31819,1.50,1.50
2012.02.29 23:39:25.555,1.31791,1.31819,1.50,1.50
2012.02.29 23:39:25.755,1.31791,1.31819,1.50,1.50
2012.02.29 23:39:26.739,1.31793,1.3182,1.50,1.50
2012.02.29 23:39:28.193,1.3179,1.3182,1.50,1.50
2012.02.29 23:39:37.342,1.3179,1.3182,1.50,1.50
2012.02.29 23:39:37.412,1.3179,1.3182,1.50,1.50
2012.02.29 23:39:37.722,1.3179,1.3182,1.50,1.50
2012.02.29 23:39:38.783,1.3179,1.3182,1.50,1.50
2012.02.29 23:39:39.045,1.3179,1.3182,1.50,1.50
2012.02.29 23:39:40.062,1.3179,1.3182,1.50,1.50
2012.02.29 23:39:40.314,1.3179,1.3182,1.50,1.50
2012.02.29 23:39:41.266,1.3179,1.3182,1.50,1.50
2012.02.29 23:39:42.094,1.3179,1.3182,1.50,1.50
2012.02.29 23:39:43.715,1.31794,1.3182,1.50,1.50
2012.02.29 23:39:43.904,1.31794,1.3182,1.50,1.50
2012.02.29 23:39:46.107,1.31794,1.3182,1.50,1.50
2012.02.29 23:39:46.500,1.31794,1.3182,1.50,1.50
2012.02.29 23:39:47.603,1.31794,1.3182,1.50,1.50
2012.02.29 23:39:47.854,1.31794,1.3182,1.50,1.50
2012.02.29 23:39:48.955,1.31797,1.3182,1.50,1.50
2012.02.29 23:39:50.064,1.31794,1.3182,1.50,1.50
2012.02.29 23:39:51.874,1.31794,1.3182,1.50,1.50
2012.02.29 23:39:53.829,1.31793,1.3182,3.00,1.50
2012.02.29 23:39:54.943,1.31795,1.3182,1.50,1.50
2012.02.29 23:39:55.193,1.31794,1.3182,1.50,1.50
2012.02.29 23:39:55.893,1.31794,1.3182,1.50,1.50
2012.02.29 23:39:56.096,1.31794,1.3182,1.50,2.25
2012.02.29 23:39:56.404,1.31788,1.31819,1.50,2.25
2012.02.29 23:39:57.868,1.31792,1.3182,1.50,2.25
2012.02.29 23:39:57.948,1.31792,1.3182,1.50,2.50
2012.02.29 23:39:58.923,1.31788,1.3182,1.50,2.25
2012.02.29 23:40:00.444,1.31792,1.3182,1.50,1.50
2012.02.29 23:40:03.834,1.31788,1.31819,1.50,1.50
2012.02.29 23:40:03.903,1.31788,1.31819,1.50,2.25
2012.02.29 23:40:05.386,1.31787,1.3182,3.00,2.25
2012.02.29 23:40:06.056,1.31787,1.31818,1.50,2.25
2012.02.29 23:40:06.495,1.31784,1.31818,1.50,2.25
2012.02.29 23:40:07.684,1.31786,1.31818,1.50,2.25
2012.02.29 23:40:08.302,1.31786,1.3182,3.00,2.25
2012.02.29 23:40:08.671,1.31786,1.31818,1.50,2.25
2012.02.29 23:40:08.953,1.31786,1.31818,1.50,2.25
2012.02.29 23:40:10.248,1.31785,1.31818,1.50,2.25
2012.02.29 23:40:22.453,1.31785,1.31818,1.50,2.25
2012.02.29 23:40:22.893,1.31787,1.3182,2.25,2.25
2012.02.29 23:40:23.349,1.31787,1.3182,2.25,2.25
2012.02.29 23:40:25.664,1.31787,1.3182,2.25,2.25
2012.02.29 23:40:32.006,1.31786,1.3182,3.00,2.25
2012.02.29 23:40:32.554,1.31787,1.31818,1.50,2.25
2012.02.29 23:40:33.155,1.31785,1.31818,1.50,2.25
2012.02.29 23:40:33.426,1.31787,1.31818,1.50,2.25
2012.02.29 23:40:34.139,1.31784,1.31818,1.50,2.25
2012.02.29 23:41:03.996,1.31782,1.31818,3.75,2.25
2012.02.29 23:41:05.223,1.31784,1.31818,1.50,2.25
2012.02.29 23:41:08.997,1.31782,1.31818,3.75,2.25
2012.02.29 23:41:21.703,1.31782,1.31818,2.25,2.25
2012.02.29 23:41:21.773,1.31782,1.31818,2.25,2.25
2012.02.29 23:41:32.141,1.31782,1.31814,1.50,2.25
2012.02.29 23:41:32.653,1.31785,1.31819,2.63,2.25
2012.02.29 23:41:35.335,1.31785,1.31819,3.00,2.25
2012.02.29 23:41:35.665,1.31785,1.31819,2.25,2.25
2012.02.29 23:41:35.794,1.31785,1.31819,1.50,2.25
2012.02.29 23:41:36.305,1.31781,1.31816,1.50,2.25
2012.02.29 23:41:39.067,1.31781,1.31816,1.50,2.25
2012.02.29 23:41:40.500,1.3178,1.31816,2.25,2.25
2012.02.29 23:41:40.940,1.31786,1.31816,1.13,2.25
2012.02.29 23:41:41.264,1.31786,1.3182,1.13,2.25
2012.02.29 23:41:41.530,1.31788,1.3182,1.50,2.25
2012.02.29 23:41:49.403,1.31786,1.3182,1.50,2.25
2012.02.29 23:41:53.944,1.31789,1.3182,1.50,2.25
2012.02.29 23:42:04.744,1.31789,1.31815,1.50,1.75
2012.02.29 23:42:05.101,1.31788,1.31815,1.50,1.75
2012.02.29 23:42:12.983,1.31786,1.31815,1.50,1.75
2012.02.29 23:42:13.321,1.31784,1.31815,2.25,1.75
2012.02.29 23:42:15.932,1.31782,1.31812,1.50,1.50
2012.02.29 23:42:18.173,1.31784,1.31815,1.50,1.75
2012.02.29 23:42:24.006,1.31782,1.31815,3.00,1.75
2012.02.29 23:42:24.252,1.31782,1.31815,1.50,1.75
2012.02.29 23:42:24.323,1.31782,1.31815,2.25,1.75
2012.02.29 23:42:29.771,1.31782,1.31815,2.25,1.75
2012.02.29 23:42:35.858,1.31782,1.31815,2.25,1.75
2012.02.29 23:42:36.161,1.31782,1.31815,2.25,1.75
2012.02.29 23:42:40.123,1.31782,1.31815,1.50,1.75
2012.02.29 23:42:45.513,1.31779,1.31811,1.88,2.25
2012.02.29 23:42:45.864,1.31779,1.31811,1.13,2.25
2012.02.29 23:42:46.315,1.31771,1.31805,1.50,2.55
2012.02.29 23:42:46.962,1.3177,1.31801,1.50,2.25
2012.02.29 23:42:47.630,1.31771,1.31805,1.50,2.25
2012.02.29 23:42:48.127,1.31771,1.31805,2.25,2.25
2012.02.29 23:42:48.564,1.31771,1.31805,1.50,2.25
2012.02.29 23:42:50.367,1.31771,1.31805,2.25,3.00
2012.02.29 23:42:51.202,1.31771,1.31805,2.25,2.25
2012.02.29 23:42:53.902,1.31773,1.31805,1.50,2.25
2012.02.29 23:42:54.437,1.31773,1.31805,1.50,2.25
2012.02.29 23:42:57.677,1.31772,1.31807,2.25,2.25
2012.02.29 23:42:59.018,1.31771,1.31807,3.00,2.25
2012.02.29 23:42:59.285,1.31772,1.31807,1.50,2.25
2012.02.29 23:43:00.096,1.31772,1.31807,2.25,2.25
2012.02.29 23:43:00.164,1.31772,1.31807,2.25,2.25
2012.02.29 23:43:00.292,1.31779,1.31813,2.25,3.00
2012.02.29 23:43:00.555,1.31779,1.31813,3.00,2.25
2012.02.29 23:43:01.644,1.31779,1.31813,3.00,2.25
2012.02.29 23:43:02.435,1.31783,1.31813,1.50,2.25
2012.02.29 23:43:02.565,1.31785,1.31815,1.35,1.75
2012.02.29 23:43:02.693,1.31787,1.31815,1.13,1.75
2012.02.29 23:43:03.773,1.31788,1.31815,1.13,1.75
2012.02.29 23:43:04.406,1.31788,1.31819,1.13,2.25
2012.02.29 23:43:04.792,1.31788,1.318,1.13,1.00
2012.02.29 23:43:06.752,1.31777,1.318,1.80,1.75
2012.02.29 23:43:06.828,1.31774,1.318,1.88,1.75
2012.02.29 23:43:10.344,1.31775,1.318,1.50,1.75
2012.02.29 23:43:14.108,1.31778,1.318,1.50,1.00
2012.02.29 23:43:15.137,1.31778,1.318,1.50,1.00
2012.02.29 23:43:15.212,1.31777,1.318,1.50,1.75
2012.02.29 23:43:15.774,1.31777,1.318,1.50,1.75
2012.02.29 23:43:15.996,1.31777,1.318,1.50,1.75
2012.02.29 23:43:17.366,1.31777,1.318,1.50,1.75
2012.02.29 23:43:17.914,1.31777,1.318,1.50,1.75
2012.02.29 23:43:18.357,1.31777,1.318,1.50,1.75
2012.02.29 23:43:18.904,1.31777,1.318,1.50,1.75
2012.02.29 23:43:19.547,1.31777,1.318,1.50,1.75
2012.02.29 23:43:20.073,1.31777,1.318,3.00,1.75
2012.02.29 23:43:20.336,1.31777,1.318,2.25,1.75
2012.02.29 23:43:20.406,1.31777,1.318,1.50,1.75
2012.02.29 23:43:21.013,1.31777,1.318,2.25,1.75
2012.02.29 23:43:21.137,1.31778,1.318,1.50,1.00
2012.02.29 23:43:21.357,1.31777,1.318,2.25,1.75
2012.02.29 23:43:21.892,1.31777,1.318,2.25,1.75
2012.02.29 23:43:22.425,1.31777,1.318,2.25,1.75
2012.02.29 23:43:23.389,1.31777,1.318,2.25,1.75
2012.02.29 23:43:23.602,1.31777,1.318,2.25,1.75
2012.02.29 23:43:24.186,1.31777,1.318,2.25,1.75
2012.02.29 23:43:24.375,1.31778,1.318,1.50,1.00
2012.02.29 23:43:25.945,1.3178,1.318,1.50,1.00
2012.02.29 23:43:26.631,1.3178,1.318,1.50,1.00
2012.02.29 23:43:27.161,1.3178,1.318,1.50,1.00
2012.02.29 23:43:27.745,1.31779,1.318,1.50,1.00
2012.02.29 23:43:30.297,1.3178,1.318,1.50,1.00
2012.02.29 23:43:30.745,1.31781,1.318,2.25,1.00
2012.02.29 23:43:30.816,1.31781,1.318,2.25,1.00
2012.02.29 23:43:31.847,1.31781,1.318,2.25,1.00
2012.02.29 23:43:31.935,1.31777,1.318,1.50,1.00
2012.02.29 23:43:32.465,1.31777,1.318,1.50,1.75
2012.02.29 23:43:32.721,1.31774,1.318,3.00,1.00
2012.02.29 23:43:35.574,1.31774,1.318,3.00,1.75
2012.02.29 23:43:35.895,1.31776,1.318,1.50,1.75
2012.02.29 23:43:36.099,1.31775,1.318,1.50,1.75
2012.02.29 23:43:36.294,1.31774,1.318,1.50,1.75
2012.02.29 23:43:36.843,1.31774,1.318,1.50,1.75
2012.02.29 23:43:37.292,1.31776,1.318,1.50,1.75
2012.02.29 23:43:37.497,1.31776,1.318,1.50,1.75
2012.02.29 23:43:38.684,1.31777,1.318,1.50,1.00
2012.02.29 23:43:41.144,1.31776,1.318,1.50,1.75
2012.02.29 23:43:41.287,1.31776,1.318,1.50,1.00
2012.02.29 23:43:41.534,1.31775,1.318,1.50,1.75
2012.02.29 23:43:41.787,1.31774,1.318,1.50,1.75
2012.02.29 23:43:42.276,1.31774,1.318,2.25,1.00
2012.02.29 23:43:42.598,1.31774,1.318,2.25,1.75
2012.02.29 23:43:42.667,1.31776,1.318,1.50,1.00
2012.02.29 23:43:45.395,1.31778,1.318,1.50,1.00
2012.02.29 23:43:45.898,1.31778,1.318,1.50,1.00
2012.02.29 23:43:47.843,1.31778,1.318,1.50,1.75
2012.02.29 23:43:48.393,1.31778,1.318,1.50,1.75
2012.02.29 23:43:50.583,1.31778,1.318,1.50,1.75
2012.02.29 23:43:52.726,1.31776,1.318,1.50,1.75
2012.02.29 23:43:53.417,1.31775,1.318,1.50,1.75
2012.02.29 23:43:53.606,1.31776,1.318,1.50,1.75
2012.02.29 23:43:55.207,1.31774,1.318,1.50,1.75
2012.02.29 23:43:55.871,1.31774,1.318,1.50,1.75
2012.02.29 23:43:56.374,1.31774,1.318,1.50,1.75
2012.02.29 23:43:56.444,1.31773,1.318,1.50,1.75
2012.02.29 23:43:56.693,1.31774,1.318,1.50,1.75
2012.02.29 23:43:57.206,1.31774,1.318,1.50,1.75
2012.02.29 23:43:58.595,1.31774,1.318,1.50,1.75
2012.02.29 23:44:00.615,1.31774,1.318,1.50,1.75
2012.02.29 23:44:01.399,1.31774,1.318,1.50,1.75
2012.02.29 23:44:01.472,1.31776,1.318,1.50,1.75
2012.02.29 23:44:03.237,1.31777,1.318,1.50,1.00
2012.02.29 23:44:05.022,1.31777,1.318,1.50,1.75
2012.02.29 23:44:05.476,1.31777,1.318,1.50,1.00
2012.02.29 23:44:06.211,1.31778,1.318,1.50,1.00
2012.02.29 23:44:06.957,1.31778,1.318,1.50,1.00
2012.02.29 23:44:07.242,1.3178,1.318,1.50,1.00
2012.02.29 23:44:08.168,1.31777,1.318,1.50,1.00
2012.02.29 23:44:09.623,1.31777,1.318,1.50,1.00
2012.02.29 23:44:10.177,1.31777,1.318,1.50,1.00
2012.02.29 23:44:10.861,1.31777,1.318,1.50,1.00
2012.02.29 23:44:12.454,1.31781,1.318,1.50,1.00
2012.02.29 23:44:13.202,1.31781,1.318,1.50,1.00
2012.02.29 23:44:19.620,1.31777,1.318,1.50,2.00
2012.02.29 23:44:20.147,1.31779,1.318,1.50,2.00
2012.02.29 23:44:20.524,1.31777,1.318,1.50,1.00
2012.02.29 23:44:20.964,1.3178,1.318,1.50,1.00
2012.02.29 23:44:21.530,1.31777,1.318,1.50,1.75
2012.02.29 23:44:21.669,1.31777,1.318,1.50,1.75
2012.02.29 23:44:22.954,1.31777,1.318,1.50,1.75
2012.02.29 23:44:23.598,1.31777,1.318,1.50,1.75
2012.02.29 23:44:23.663,1.31777,1.318,1.50,1.75
2012.02.29 23:44:24.436,1.31777,1.318,1.50,1.75
2012.02.29 23:44:27.895,1.31777,1.318,1.50,1.75
2012.02.29 23:44:28.895,1.31777,1.318,1.50,1.75
2012.02.29 23:44:29.424,1.31777,1.318,1.50,1.75
2012.02.29 23:44:30.493,1.31777,1.318,1.50,1.75
2012.02.29 23:44:30.562,1.31777,1.318,1.50,1.75
2012.02.29 23:44:31.293,1.31777,1.318,1.50,1.75
2012.02.29 23:44:31.861,1.31777,1.318,1.50,1.75
2012.02.29 23:44:32.208,1.31777,1.318,1.50,1.75
2012.02.29 23:44:32.393,1.31778,1.318,1.50,1.00
2012.02.29 23:44:32.903,1.31778,1.318,1.50,1.00
2012.02.29 23:44:33.894,1.31778,1.318,1.50,1.00
2012.02.29 23:44:33.965,1.31775,1.318,3.00,1.75
2012.02.29 23:44:34.599,1.31774,1.318,1.50,1.75
2012.02.29 23:44:35.109,1.31771,1.318,3.00,1.75
2012.02.29 23:44:35.307,1.31774,1.318,1.50,2.75
2012.02.29 23:44:35.738,1.31774,1.318,1.50,1.75
2012.02.29 23:44:35.993,1.31774,1.318,1.50,1.75
2012.02.29 23:44:36.581,1.31774,1.318,1.50,1.75
2012.02.29 23:44:37.873,1.31776,1.318,1.50,1.75
2012.02.29 23:44:38.754,1.31776,1.318,1.50,1.75
2012.02.29 23:44:40.516,1.31776,1.318,1.50,1.75
2012.02.29 23:44:41.036,1.31775,1.318,1.50,1.75
2012.02.29 23:44:41.230,1.31776,1.318,1.50,2.00
2012.02.29 23:44:41.676,1.31777,1.318,1.50,1.00
2012.02.29 23:44:51.612,1.31777,1.318,1.50,1.00
2012.02.29 23:45:37.155,1.3178,1.318,1.50,1.00
2012.02.29 23:45:37.225,1.31788,1.318,1.50,1.00
2012.02.29 23:45:37.870,1.31788,1.318,3.00,1.00
2012.02.29 23:45:38.204,1.31798,1.318,1.50,1.00
2012.02.29 23:45:38.534,1.318,1.3182,1.50,0.50
2012.02.29 23:46:11.441,1.31807,1.3182,1.50,0.50
2012.02.29 23:46:12.095,1.31802,1.3182,2.25,0.50
2012.02.29 23:46:12.914,1.31798,1.3182,1.50,0.50
2012.02.29 23:46:13.309,1.31803,1.3182,1.50,0.50
2012.02.29 23:46:17.117,1.31806,1.3182,2.25,0.50
2012.02.29 23:46:21.717,1.31809,1.3182,1.50,0.50
2012.02.29 23:46:23.374,1.31809,1.3182,1.50,0.50
2012.02.29 23:46:30.826,1.31809,1.3182,1.50,0.50
2012.02.29 23:46:35.673,1.31809,1.3182,1.50,0.50
2012.02.29 23:46:36.071,1.31809,1.3182,1.50,0.50
2012.02.29 23:46:48.684,1.31809,1.3182,1.50,0.50
2012.02.29 23:46:49.648,1.31809,1.3182,1.50,0.50
2012.02.29 23:46:50.404,1.31809,1.3182,1.50,0.50
2012.02.29 23:47:15.345,1.31809,1.3182,1.50,0.50
2012.02.29 23:47:16.113,1.31811,1.3182,2.25,0.50
2012.02.29 23:47:17.229,1.31811,1.3182,2.25,0.50
2012.02.29 23:47:18.425,1.31811,1.3182,1.50,0.50
2012.02.29 23:47:18.553,1.31811,1.31845,2.25,2.25
2012.02.29 23:47:18.743,1.31811,1.31845,2.25,2.25
2012.02.29 23:47:19.203,1.31811,1.3182,2.25,0.10
2012.02.29 23:47:21.023,1.31809,1.3182,1.50,0.10
2012.02.29 23:47:21.092,1.31809,1.3182,2.25,0.10
2012.02.29 23:47:22.094,1.31813,1.3182,1.50,0.10
2012.02.29 23:47:29.042,1.31814,1.3182,1.50,0.10
2012.02.29 23:47:29.605,1.31805,1.3182,1.88,0.10
2012.02.29 23:47:30.231,1.31805,1.3182,1.50,0.10
2012.02.29 23:47:31.070,1.31806,1.3182,1.50,0.10
2012.02.29 23:47:38.835,1.31806,1.3182,1.50,0.10
2012.02.29 23:47:43.074,1.31803,1.3182,1.50,0.10
2012.02.29 23:47:43.480,1.31803,1.3182,1.50,0.10
2012.02.29 23:47:44.884,1.31804,1.3182,1.50,0.10
2012.02.29 23:48:07.916,1.31806,1.3182,1.50,0.10
2012.02.29 23:48:08.803,1.31806,1.3182,1.50,0.10
2012.02.29 23:48:09.373,1.31809,1.3182,1.50,0.10
2012.02.29 23:48:09.693,1.31813,1.31848,1.50,1.50
2012.02.29 23:48:10.063,1.31813,1.3182,1.50,0.10
2012.02.29 23:48:12.316,1.31813,1.3182,1.50,0.10
2012.02.29 23:48:12.391,1.31814,1.3182,1.50,0.10
2012.02.29 23:48:12.463,1.31814,1.31848,1.50,1.50
2012.02.29 23:48:12.793,1.31814,1.3182,1.50,0.10
2012.02.29 23:48:14.822,1.31813,1.3182,1.50,0.10
2012.02.29 23:48:14.892,1.31814,1.3182,1.50,0.10
2012.02.29 23:48:15.712,1.31814,1.3182,1.50,0.10
2012.02.29 23:48:17.154,1.31812,1.3182,1.50,0.10
2012.02.29 23:48:19.535,1.31809,1.3182,1.50,0.10
2012.02.29 23:48:19.975,1.31805,1.3182,1.50,0.10
2012.02.29 23:48:24.065,1.31806,1.3182,1.50,0.10
2012.02.29 23:48:26.263,1.31811,1.3182,1.50,0.10
2012.02.29 23:48:30.585,1.31812,1.3182,1.50,0.10
2012.02.29 23:48:30.954,1.31811,1.3182,1.50,0.10
2012.02.29 23:48:35.479,1.31812,1.3182,1.50,0.10
2012.02.29 23:48:36.013,1.31815,1.3182,1.50,0.10
2012.02.29 23:48:38.975,1.31815,1.3182,1.50,0.10
2012.02.29 23:48:39.406,1.31815,1.3182,1.50,0.10
2012.02.29 23:48:39.477,1.31817,1.3182,1.13,0.10
2012.02.29 23:48:39.549,1.31817,1.3182,1.88,0.10
2012.02.29 23:48:40.665,1.31816,1.3182,1.13,0.10
2012.02.29 23:48:42.605,1.31817,1.3182,1.13,0.10
2012.02.29 23:48:44.681,1.31817,1.3182,1.88,0.10
2012.02.29 23:48:45.936,1.31814,1.3182,1.50,0.10
2012.02.29 23:48:47.706,1.31815,1.3182,1.50,0.10
2012.02.29 23:48:48.205,1.31815,1.3182,1.50,0.10
2012.02.29 23:48:49.257,1.31814,1.3182,1.50,0.10
2012.02.29 23:48:49.586,1.31815,1.3182,1.50,0.10
2012.02.29 23:48:50.365,1.31815,1.3182,1.50,0.10
2012.02.29 23:48:55.457,1.31813,1.3182,3.00,0.10
2012.02.29 23:48:55.637,1.31813,1.3182,3.00,0.10
2012.02.29 23:48:57.364,1.31813,1.3182,3.00,0.10
2012.02.29 23:48:58.306,1.31813,1.3182,1.50,0.10
2012.02.29 23:48:58.846,1.31812,1.3182,1.50,0.10
2012.02.29 23:48:58.976,1.31812,1.3182,1.50,0.10
2012.02.29 23:48:59.504,1.31815,1.3182,2.25,0.10
2012.02.29 23:49:00.009,1.31815,1.3182,3.00,0.10
2012.02.29 23:49:00.648,1.31811,1.3182,1.50,0.10
2012.02.29 23:49:02.938,1.31812,1.3182,1.50,0.10
2012.02.29 23:49:03.262,1.31816,1.3182,2.25,0.10
2012.02.29 23:49:03.796,1.31814,1.3182,1.50,0.10
2012.02.29 23:49:04.048,1.31814,1.3182,1.50,0.10
2012.02.29 23:49:06.607,1.31814,1.3182,1.13,0.10
2012.02.29 23:49:07.366,1.31814,1.3182,1.13,0.10
2012.02.29 23:49:08.875,1.31814,1.3182,1.50,0.10
2012.02.29 23:49:09.483,1.31814,1.3182,1.50,0.10
2012.02.29 23:49:10.166,1.31811,1.3182,3.00,0.10
2012.02.29 23:49:12.546,1.31809,1.3182,1.50,0.10
2012.02.29 23:49:13.975,1.31807,1.3182,1.50,0.10
2012.02.29 23:49:15.475,1.31807,1.3182,1.50,0.10
2012.02.29 23:49:19.194,1.31806,1.3182,1.50,0.10
2012.02.29 23:49:19.455,1.31806,1.3182,1.50,0.10
2012.02.29 23:49:19.883,1.31806,1.3182,1.50,0.10
2012.02.29 23:49:20.437,1.31806,1.3182,1.50,0.10
2012.02.29 23:49:31.599,1.31811,1.3182,1.50,0.10
2012.02.29 23:49:31.796,1.31811,1.3182,1.50,0.10
2012.02.29 23:49:32.985,1.31811,1.3182,1.50,0.10
2012.02.29 23:49:33.117,1.31811,1.3182,1.50,0.10
2012.02.29 23:49:33.589,1.3181,1.3182,1.88,0.10
2012.02.29 23:49:34.216,1.31811,1.3182,1.50,0.10
2012.02.29 23:49:35.006,1.31808,1.3182,2.25,0.10
2012.02.29 23:49:35.208,1.31804,1.3182,1.65,0.10
2012.02.29 23:49:35.839,1.31804,1.3182,1.50,0.10
2012.02.29 23:49:46.874,1.31803,1.3182,2.25,0.10
2012.02.29 23:49:47.730,1.31804,1.3182,1.50,0.10
2012.02.29 23:49:48.063,1.31808,1.3182,3.00,0.10
2012.02.29 23:49:54.365,1.31808,1.3182,1.50,0.10
2012.02.29 23:49:55.728,1.31812,1.3182,2.25,0.10
2012.02.29 23:49:56.036,1.31812,1.3182,3.00,0.10
2012.02.29 23:50:01.074,1.31811,1.3182,1.50,0.10
2012.02.29 23:50:01.325,1.31808,1.3182,1.50,0.10
2012.02.29 23:50:03.057,1.31807,1.3182,1.50,0.10
2012.02.29 23:50:04.867,1.31803,1.3182,3.00,0.10
2012.02.29 23:50:08.176,1.31806,1.3182,1.50,0.10
2012.02.29 23:50:08.245,1.31815,1.3182,1.50,0.10
2012.02.29 23:50:08.495,1.3181,1.3182,2.25,0.10
2012.02.29 23:50:11.881,1.31796,1.3182,1.50,0.85
2012.02.29 23:50:11.955,1.31793,1.3182,2.25,0.85
2012.02.29 23:50:12.032,1.31796,1.3182,1.50,0.85
2012.02.29 23:50:12.346,1.31799,1.3182,2.25,0.10
2012.02.29 23:50:12.677,1.31802,1.3182,2.25,0.10
2012.02.29 23:50:13.045,1.31802,1.3182,2.25,0.10
2012.02.29 23:50:13.893,1.31802,1.3182,2.25,0.10
2012.02.29 23:50:17.839,1.31799,1.3182,2.25,0.10
2012.02.29 23:50:18.480,1.31795,1.3182,2.25,0.10
2012.02.29 23:50:21.021,1.31791,1.3182,3.00,0.85
2012.02.29 23:50:22.041,1.31791,1.3182,3.00,0.85
2012.02.29 23:50:22.126,1.31787,1.3182,2.25,0.85
2012.02.29 23:50:22.520,1.31792,1.3182,1.50,0.85
2012.02.29 23:50:22.719,1.3179,1.3182,3.00,0.85
2012.02.29 23:50:25.433,1.31793,1.3182,2.25,0.10
2012.02.29 23:50:25.976,1.31794,1.3182,1.50,0.10
2012.02.29 23:50:26.966,1.31795,1.3182,1.50,0.10
2012.02.29 23:50:27.858,1.31795,1.3182,1.50,0.10
2012.02.29 23:50:28.008,1.31797,1.3182,2.25,0.10
2012.02.29 23:50:29.974,1.31797,1.3182,2.25,0.10
2012.02.29 23:50:30.284,1.31799,1.3182,1.50,0.10
2012.02.29 23:50:30.938,1.318,1.3182,1.50,0.10
2012.02.29 23:50:32.935,1.31803,1.3182,1.50,0.10
2012.02.29 23:50:37.618,1.31801,1.3182,1.50,0.10
2012.02.29 23:50:38.231,1.31801,1.3182,1.50,0.10
2012.02.29 23:50:38.377,1.31801,1.3182,1.50,0.10
2012.02.29 23:50:45.549,1.31802,1.3182,2.25,0.10
2012.02.29 23:50:47.795,1.31802,1.3182,2.25,0.10
2012.02.29 23:50:48.307,1.31802,1.3182,2.25,0.10
2012.02.29 23:50:52.265,1.31797,1.3182,1.50,0.10
2012.02.29 23:50:52.539,1.31798,1.3182,1.50,0.10
2012.02.29 23:50:52.799,1.31795,1.3182,1.50,0.10
2012.02.29 23:50:54.493,1.31793,1.3182,2.25,0.85
2012.02.29 23:50:55.142,1.31793,1.3182,3.00,0.10
2012.02.29 23:50:56.125,1.31794,1.3182,1.50,0.10
2012.02.29 23:50:56.628,1.3179,1.3182,1.50,0.85
2012.02.29 23:50:57.254,1.3179,1.3182,1.50,0.85
2012.02.29 23:50:57.806,1.31789,1.3182,2.25,0.85
2012.02.29 23:51:00.342,1.31789,1.3182,2.25,0.85
2012.02.29 23:51:00.627,1.31784,1.31816,1.50,2.25
2012.02.29 23:51:00.936,1.31783,1.31816,1.50,2.25
2012.02.29 23:51:01.125,1.31783,1.31816,1.50,2.25
2012.02.29 23:51:02.637,1.31778,1.31803,1.50,2.25
2012.02.29 23:51:02.827,1.31779,1.31803,2.25,1.88
2012.02.29 23:51:02.904,1.31779,1.31805,2.25,1.13
2012.02.29 23:51:03.046,1.31779,1.31813,2.25,2.25
2012.02.29 23:51:03.969,1.31779,1.31813,2.25,2.25
2012.02.29 23:51:05.017,1.31781,1.31814,1.50,1.50
2012.02.29 23:51:05.533,1.31789,1.3182,2.25,1.85
2012.02.29 23:51:06.034,1.31789,1.3182,2.25,0.85
2012.02.29 23:51:06.595,1.31781,1.31814,3.00,1.50
2012.02.29 23:51:06.875,1.31781,1.31814,2.25,1.50
2012.02.29 23:51:07.225,1.31781,1.31814,2.25,1.50
2012.02.29 23:51:08.476,1.31781,1.31815,3.00,2.25
2012.02.29 23:51:09.104,1.31781,1.31814,1.50,3.00
2012.02.29 23:51:10.584,1.31775,1.31809,2.25,2.25
2012.02.29 23:51:10.931,1.3177,1.31797,1.00,1.50
2012.02.29 23:51:11.133,1.3177,1.31797,1.00,2.25
2012.02.29 23:51:11.616,1.3177,1.31783,0.25,1.50
2012.02.29 23:51:11.696,1.3177,1.31784,0.25,2.63
2012.02.29 23:51:11.899,1.3177,1.31794,0.25,2.25
2012.02.29 23:51:12.408,1.3177,1.31794,0.25,2.25
2012.02.29 23:51:14.785,1.3177,1.31794,0.25,3.00
2012.02.29 23:51:14.999,1.3177,1.31794,0.25,3.00
2012.02.29 23:51:15.317,1.31771,1.31801,2.25,1.50
2012.02.29 23:51:15.825,1.31771,1.31804,2.25,1.50
2012.02.29 23:51:16.345,1.31771,1.31804,2.25,1.50
2012.02.29 23:51:17.471,1.31775,1.31808,2.25,1.50
2012.02.29 23:51:17.983,1.31775,1.31809,2.25,2.25
2012.02.29 23:51:18.057,1.31779,1.31811,2.25,1.13
2012.02.29 23:51:18.398,1.3177,1.31799,1.00,1.50
2012.02.29 23:51:18.527,1.3177,1.31799,1.00,2.25
2012.02.29 23:51:19.080,1.3177,1.31795,1.00,1.50
2012.02.29 23:51:19.548,1.3177,1.31793,0.25,2.63
2012.02.29 23:51:19.626,1.3177,1.31797,0.25,3.00
2012.02.29 23:51:20.148,1.3177,1.31793,0.25,2.25
2012.02.29 23:51:20.706,1.3177,1.31791,0.25,1.50
2012.02.29 23:51:20.981,1.3177,1.31789,0.25,3.00
2012.02.29 23:51:21.317,1.3177,1.31783,0.25,2.25
2012.02.29 23:51:21.979,1.3177,1.31775,0.25,3.00
2012.02.29 23:51:22.237,1.31736,1.31771,1.50,2.25
2012.02.29 23:51:22.431,1.31745,1.31775,2.25,1.50
2012.02.29 23:51:22.768,1.3175,1.31781,2.25,1.50
2012.02.29 23:51:22.959,1.3175,1.31784,2.25,3.00
2012.02.29 23:51:23.103,1.3175,1.31784,2.25,3.00
2012.02.29 23:51:23.436,1.31753,1.31789,2.25,2.25
2012.02.29 23:51:24.149,1.31753,1.31789,2.25,2.25
2012.02.29 23:51:24.339,1.31753,1.31789,2.25,2.25
2012.02.29 23:51:24.796,1.31757,1.31791,2.25,1.50
2012.02.29 23:51:30.584,1.31755,1.31789,1.50,3.00
2012.02.29 23:51:32.710,1.31753,1.31789,3.00,3.00
2012.02.29 23:51:33.164,1.31753,1.31789,2.25,3.00
2012.02.29 23:51:33.962,1.31753,1.31789,2.25,3.00
2012.02.29 23:51:34.297,1.31752,1.31784,1.50,1.50
2012.02.29 23:51:34.867,1.31751,1.31784,2.25,2.25
2012.02.29 23:51:35.746,1.31753,1.31789,2.25,3.00
2012.02.29 23:51:36.825,1.31757,1.31793,3.00,3.00
2012.02.29 23:51:37.328,1.31757,1.31793,2.25,3.75
2012.02.29 23:51:37.755,1.31754,1.31787,1.50,1.50
2012.02.29 23:51:38.358,1.31753,1.31787,2.25,2.25
2012.02.29 23:51:39.717,1.31753,1.31786,2.25,1.50
2012.02.29 23:51:40.050,1.31749,1.31781,2.25,1.13
2012.02.29 23:51:40.698,1.31749,1.31782,2.25,1.13
2012.02.29 23:51:41.205,1.31745,1.31777,1.50,3.00
2012.02.29 23:51:41.278,1.31745,1.31773,1.50,1.50
2012.02.29 23:51:41.786,1.3174,1.31772,1.50,1.50
2012.02.29 23:51:42.760,1.31741,1.31773,1.50,2.25
2012.02.29 23:51:43.029,1.31744,1.31779,3.00,3.00
2012.02.29 23:51:43.760,1.31742,1.31771,1.50,1.50
2012.02.29 23:51:43.825,1.31742,1.31774,1.50,1.50
2012.02.29 23:51:44.348,1.3174,1.31774,3.00,1.50
2012.02.29 23:51:45.446,1.3174,1.31771,1.50,1.50
2012.02.29 23:51:47.819,1.3174,1.31766,1.50,1.50
2012.02.29 23:51:47.896,1.3174,1.31769,1.50,1.50
2012.02.29 23:51:48.103,1.31739,1.31775,2.25,2.25
2012.02.29 23:51:48.307,1.31741,1.31775,1.50,1.50
2012.02.29 23:51:48.513,1.31745,1.31779,1.50,1.50
2012.02.29 23:51:49.046,1.31746,1.31782,2.25,2.25
2012.02.29 23:51:51.512,1.31752,1.31784,2.25,1.50
2012.02.29 23:51:51.660,1.31747,1.31783,2.25,2.25
2012.02.29 23:51:51.735,1.31747,1.31777,1.50,1.50
2012.02.29 23:51:52.580,1.31743,1.31777,2.25,1.50
2012.02.29 23:51:54.547,1.31743,1.31777,2.25,1.50
2012.02.29 23:51:54.618,1.31743,1.31777,2.25,1.50
2012.02.29 23:51:56.682,1.31743,1.31777,2.25,2.25
2012.02.29 23:52:00.606,1.31743,1.31777,2.25,1.50
2012.02.29 23:52:00.925,1.31747,1.31782,2.25,3.00
2012.02.29 23:52:01.116,1.31747,1.3178,2.25,1.50
2012.02.29 23:52:08.998,1.31743,1.31777,2.25,2.25
2012.02.29 23:52:09.206,1.31743,1.31777,2.25,2.25
2012.02.29 23:52:09.481,1.31748,1.31779,2.25,2.25
2012.02.29 23:52:09.700,1.31742,1.31778,2.25,3.00
2012.02.29 23:52:11.775,1.31739,1.31773,2.25,2.25
2012.02.29 23:52:12.269,1.31735,1.31769,3.38,2.25
2012.02.29 23:52:12.884,1.31735,1.31769,3.38,1.50
2012.02.29 23:52:12.962,1.31741,1.31773,1.50,2.25
2012.02.29 23:52:13.268,1.31739,1.31772,2.25,1.35
2012.02.29 23:52:13.945,1.31735,1.31768,2.25,1.50
2012.02.29 23:52:14.093,1.31735,1.31766,2.25,1.35
2012.02.29 23:52:14.653,1.31735,1.31766,2.25,1.50
2012.02.29 23:52:15.387,1.31735,1.31766,2.25,1.50
2012.02.29 23:52:17.291,1.31731,1.31765,3.00,2.25
2012.02.29 23:52:17.942,1.31731,1.31763,3.00,1.13
2012.02.29 23:52:18.231,1.31725,1.31755,2.25,1.50
2012.02.29 23:52:18.449,1.31719,1.31752,1.50,1.50
2012.02.29 23:52:18.582,1.31722,1.31755,3.00,1.50
2012.02.29 23:52:18.719,1.31722,1.31755,3.00,1.50
2012.02.29 23:52:19.129,1.31725,1.31755,2.25,1.50
2012.02.29 23:52:19.545,1.31732,1.31755,1.50,1.50
2012.02.29 23:52:19.635,1.31738,1.31772,2.25,2.25
2012.02.29 23:52:20.366,1.31738,1.31771,2.25,1.50
2012.02.29 23:52:20.556,1.31738,1.31772,2.25,2.25
2012.02.29 23:52:21.998,1.31738,1.31772,2.25,2.25
2012.02.29 23:52:22.842,1.31731,1.31765,1.50,1.50
2012.02.29 23:52:22.919,1.31729,1.31765,3.38,2.25
2012.02.29 23:52:23.355,1.31729,1.31765,2.25,2.25
2012.02.29 23:52:23.626,1.31726,1.3176,3.00,1.50
2012.02.29 23:52:25.177,1.31726,1.3176,3.00,1.50
2012.02.29 23:52:25.596,1.31729,1.31765,2.25,2.25
2012.02.29 23:52:26.287,1.3173,1.31765,1.50,2.25
2012.02.29 23:52:26.430,1.31733,1.31769,2.25,2.25
2012.02.29 23:52:26.930,1.31733,1.31769,2.25,2.25
2012.02.29 23:52:27.690,1.31733,1.31768,2.25,1.50
2012.02.29 23:52:28.021,1.31736,1.31769,1.50,2.25
2012.02.29 23:52:28.091,1.31738,1.31772,2.25,1.13
2012.02.29 23:52:28.449,1.31743,1.31777,2.25,3.00
2012.02.29 23:52:29.463,1.31743,1.31776,2.25,1.50
2012.02.29 23:52:29.785,1.31743,1.3177,2.25,1.50
2012.02.29 23:52:31.869,1.31742,1.3177,1.50,1.50
2012.02.29 23:52:32.008,1.31742,1.31775,1.50,1.50
2012.02.29 23:52:32.378,1.3174,1.31773,1.50,2.25
2012.02.29 23:52:32.447,1.31739,1.31768,1.50,1.50
2012.02.29 23:52:33.675,1.3174,1.31774,2.25,2.25
2012.02.29 23:52:33.746,1.31743,1.31775,2.25,1.88
2012.02.29 23:52:37.787,1.31742,1.31769,1.50,1.50
2012.02.29 23:52:37.987,1.31741,1.31769,1.50,2.25
2012.02.29 23:52:38.058,1.31741,1.31769,1.50,2.25
2012.02.29 23:52:38.930,1.3174,1.31769,1.50,2.25
2012.02.29 23:52:39.926,1.3174,1.31769,1.50,1.50
2012.02.29 23:52:40.129,1.31744,1.31772,2.25,1.50
2012.02.29 23:52:40.195,1.31744,1.31774,2.25,1.50
2012.02.29 23:52:40.545,1.31744,1.31776,2.25,1.50
2012.02.29 23:52:41.455,1.31742,1.31774,1.50,3.38
2012.02.29 23:52:42.515,1.31739,1.3177,1.50,1.13
2012.02.29 23:52:42.835,1.3174,1.31768,1.50,1.50
2012.02.29 23:52:45.472,1.31739,1.31767,1.50,1.50
2012.02.29 23:52:46.325,1.31739,1.31769,1.50,2.25
2012.02.29 23:52:46.523,1.31738,1.31771,3.00,1.50
2012.02.29 23:52:46.787,1.31745,1.31774,1.50,3.00
2012.02.29 23:52:47.403,1.31744,1.31774,1.50,3.00
2012.02.29 23:52:48.385,1.31744,1.31774,1.50,2.25
2012.02.29 23:52:52.060,1.31748,1.31778,1.50,2.25
2012.02.29 23:52:52.721,1.31748,1.3178,1.50,1.50
2012.02.29 23:52:53.325,1.31748,1.3178,1.50,1.50
2012.02.29 23:52:54.529,1.31746,1.31782,2.25,3.75
2012.02.29 23:52:55.254,1.31744,1.31777,1.50,2.25
2012.02.29 23:52:55.579,1.31744,1.31772,1.50,2.25
2012.02.29 23:53:06.224,1.31744,1.31772,1.50,2.25
2012.02.29 23:53:06.454,1.31744,1.31772,1.50,2.25
2012.02.29 23:53:07.170,1.31744,1.31772,1.50,1.50
2012.02.29 23:53:07.312,1.31744,1.31776,3.00,1.50
2012.02.29 23:53:07.462,1.31744,1.3178,3.00,2.25
2012.02.29 23:53:07.679,1.31759,1.31785,3.00,1.13
2012.02.29 23:53:07.746,1.31759,1.31788,3.00,1.50
2012.02.29 23:53:08.185,1.31765,1.31793,1.50,1.50
2012.02.29 23:53:08.768,1.31765,1.31791,1.50,1.50
2012.02.29 23:53:09.081,1.31765,1.31792,1.50,1.50
2012.02.29 23:53:09.775,1.31765,1.31794,2.25,2.25
2012.02.29 23:53:10.121,1.31765,1.31795,2.25,1.50
2012.02.29 23:53:11.126,1.31765,1.31793,2.25,1.50
2012.02.29 23:53:11.476,1.31765,1.31793,1.50,2.25
2012.02.29 23:53:11.834,1.31765,1.31793,1.50,1.50
2012.02.29 23:53:12.266,1.31765,1.31793,2.25,2.25
2012.02.29 23:53:12.757,1.31765,1.31793,2.25,3.00
2012.02.29 23:53:12.825,1.31765,1.31793,2.25,3.00
2012.02.29 23:53:13.771,1.31765,1.31793,2.25,2.25
2012.02.29 23:53:13.966,1.31765,1.31792,2.25,1.50
2012.02.29 23:53:15.386,1.31765,1.31793,1.50,3.00
2012.02.29 23:53:15.645,1.31765,1.31793,1.50,2.25
2012.02.29 23:53:15.838,1.31761,1.31793,1.50,2.25
2012.02.29 23:53:16.093,1.3176,1.31793,1.65,2.25
2012.02.29 23:53:18.611,1.31765,1.31789,1.50,1.50
2012.02.29 23:53:18.969,1.31765,1.31789,1.50,1.50
2012.02.29 23:53:19.095,1.31765,1.31795,1.50,2.25
2012.02.29 23:53:19.718,1.31765,1.31795,1.50,2.25
2012.02.29 23:53:21.198,1.31763,1.31795,1.13,3.75
2012.02.29 23:53:21.515,1.3176,1.3179,1.13,1.50
2012.02.29 23:53:21.586,1.3176,1.3179,1.13,1.50
2012.02.29 23:53:22.136,1.31756,1.3179,1.50,1.50
2012.02.29 23:53:22.325,1.31754,1.3179,2.25,2.25
2012.02.29 23:53:27.675,1.31759,1.31793,2.25,2.25
2012.02.29 23:53:27.986,1.31759,1.31793,2.25,2.25
2012.02.29 23:53:28.609,1.31755,1.31789,2.25,2.25
2012.02.29 23:53:31.897,1.31755,1.31789,2.25,2.25
2012.02.29 23:53:32.397,1.31755,1.31789,2.25,3.00
2012.02.29 23:53:32.660,1.31745,1.31779,2.25,2.25
2012.02.29 23:53:32.910,1.31745,1.31779,2.25,3.00
2012.02.29 23:53:33.847,1.31741,1.31776,2.25,3.00
2012.02.29 23:53:34.703,1.31741,1.31776,2.25,3.00
2012.02.29 23:53:35.032,1.31734,1.31767,2.25,1.50
2012.02.29 23:53:35.737,1.31734,1.31767,2.25,1.50
2012.02.29 23:53:36.267,1.31734,1.31767,2.25,1.50
2012.02.29 23:53:36.948,1.31733,1.31765,1.50,1.50
2012.02.29 23:53:38.838,1.31733,1.31769,2.25,2.25
2012.02.29 23:53:39.379,1.31732,1.31764,1.50,1.50
2012.02.29 23:53:39.959,1.31731,1.31764,2.25,2.25
2012.02.29 23:53:40.242,1.31727,1.31759,1.50,1.13
2012.02.29 23:53:40.589,1.31731,1.3176,1.50,2.63
2012.02.29 23:53:42.754,1.31732,1.31759,1.50,1.13
2012.02.29 23:53:43.323,1.31727,1.31759,3.75,1.13
2012.02.29 23:53:44.711,1.31723,1.31757,3.00,2.25
2012.02.29 23:53:44.788,1.31723,1.31753,1.50,1.50
2012.02.29 23:53:44.857,1.31724,1.31753,1.50,1.50
2012.02.29 23:53:45.108,1.31723,1.31756,1.50,2.25
2012.02.29 23:53:45.183,1.31723,1.31756,1.50,1.50
2012.02.29 23:53:45.258,1.31725,1.31759,2.25,1.13
2012.02.29 23:53:46.223,1.31726,1.31759,1.50,2.63
2012.02.29 23:53:46.356,1.31726,1.31756,1.50,1.50
2012.02.29 23:53:46.665,1.31726,1.31756,1.50,1.80
2012.02.29 23:53:46.736,1.3172,1.31754,3.00,1.65
2012.02.29 23:53:47.142,1.31719,1.31752,1.50,2.25
2012.02.29 23:53:47.484,1.31724,1.31759,2.25,2.63
2012.02.29 23:53:48.039,1.31724,1.3176,2.25,3.38
2012.02.29 23:53:48.425,1.31724,1.3174,1.50,1.35
2012.02.29 23:53:48.782,1.31708,1.31738,1.50,1.50
2012.02.29 23:53:48.860,1.31706,1.31734,1.50,1.50
2012.02.29 23:53:49.703,1.31707,1.31739,1.50,2.63
2012.02.29 23:53:51.699,1.31707,1.31739,1.50,3.38
2012.02.29 23:53:51.767,1.31707,1.31739,1.50,4.13
2012.02.29 23:53:52.149,1.31709,1.31739,1.50,1.88
2012.02.29 23:53:53.335,1.3171,1.31739,1.50,1.88
2012.02.29 23:53:53.685,1.3171,1.31739,1.50,1.50
2012.02.29 23:53:54.672,1.31709,1.31742,1.50,2.40
2012.02.29 23:53:55.209,1.31709,1.31742,1.50,2.55
2012.02.29 23:53:58.235,1.31713,1.31746,1.50,3.00
2012.02.29 23:53:58.453,1.31716,1.31746,1.50,1.50
2012.02.29 23:53:58.536,1.31721,1.31752,2.25,1.65
2012.02.29 23:53:59.099,1.31718,1.31753,1.50,1.50
2012.02.29 23:53:59.625,1.31717,1.31753,3.00,1.50
2012.02.29 23:54:00.211,1.31717,1.3175,2.25,1.50
2012.02.29 23:54:00.488,1.31713,1.31747,2.25,2.25
2012.02.29 23:54:01.808,1.31713,1.31745,2.25,2.63
2012.02.29 23:54:02.058,1.31708,1.31742,2.25,2.25
2012.02.29 23:54:02.968,1.31708,1.31737,2.25,1.50
2012.02.29 23:54:03.687,1.31706,1.31738,2.25,1.50
2012.02.29 23:54:04.187,1.31706,1.31738,2.25,1.35
2012.02.29 23:54:04.460,1.31706,1.31738,2.25,1.35
2012.02.29 23:54:04.964,1.31706,1.31738,2.25,1.35
2012.02.29 23:54:05.358,1.31706,1.31742,2.25,3.53
2012.02.29 23:54:05.544,1.31706,1.31742,3.00,3.68
2012.02.29 23:54:06.345,1.31706,1.31742,2.25,3.45
2012.02.29 23:54:06.421,1.31706,1.3174,2.25,1.50
2012.02.29 23:54:06.558,1.31706,1.31733,2.25,2.25
2012.02.29 23:54:06.836,1.31703,1.31732,1.50,2.10
2012.02.29 23:54:06.972,1.31704,1.31733,2.25,1.50
2012.02.29 23:54:07.051,1.31699,1.31731,1.65,1.50
2012.02.29 23:54:07.188,1.31699,1.31731,1.50,3.15
2012.02.29 23:54:07.496,1.31697,1.31731,2.25,2.10
2012.02.29 23:54:07.687,1.31697,1.31731,2.25,2.85
2012.02.29 23:54:09.079,1.31699,1.31731,1.50,1.50
2012.02.29 23:54:10.937,1.31699,1.31731,1.50,1.50
2012.02.29 23:54:13.147,1.31699,1.31731,1.50,1.50
2012.02.29 23:54:13.493,1.31702,1.31732,2.25,1.13
2012.02.29 23:54:13.685,1.31705,1.31736,1.50,1.50
2012.02.29 23:54:13.821,1.31706,1.31736,1.50,2.10
2012.02.29 23:54:14.404,1.317,1.31731,1.13,1.80
2012.02.29 23:54:14.482,1.31706,1.31731,1.50,1.50
2012.02.29 23:54:14.629,1.31706,1.31737,1.50,1.34
2012.02.29 23:54:14.766,1.31706,1.31738,1.50,1.34
2012.02.29 23:54:15.373,1.31705,1.31737,1.50,2.09
2012.02.29 23:54:18.986,1.31705,1.31737,1.50,1.65
2012.02.29 23:54:19.312,1.31699,1.31733,1.50,2.40
2012.02.29 23:54:19.389,1.31699,1.31733,1.50,3.15
2012.02.29 23:54:19.588,1.31704,1.31736,2.25,1.05
2012.02.29 23:54:19.666,1.3171,1.31738,1.50,2.40
2012.02.29 23:54:19.804,1.3171,1.31738,1.50,1.65
2012.02.29 23:54:20.389,1.3171,1.31745,1.50,2.25
2012.02.29 23:54:20.764,1.31711,1.31745,3.00,2.25
2012.02.29 23:54:21.158,1.31714,1.31745,2.25,3.00
2012.02.29 23:54:21.364,1.31714,1.31748,3.75,1.50
2012.02.29 23:54:21.900,1.31714,1.31746,3.00,2.85
2012.02.29 23:54:21.968,1.31714,1.31741,1.50,3.60
2012.02.29 23:54:22.230,1.31707,1.31741,3.00,3.15
2012.02.29 23:54:22.695,1.31707,1.31741,2.25,3.00
2012.02.29 23:54:23.239,1.31703,1.31737,2.25,2.25
2012.02.29 23:54:23.759,1.31707,1.31741,2.25,3.90
2012.02.29 23:54:24.076,1.31707,1.31739,2.25,1.50
2012.02.29 23:54:27.965,1.31707,1.31739,2.25,1.50
2012.02.29 23:54:28.814,1.31707,1.31739,2.25,1.50
2012.02.29 23:54:29.584,1.31707,1.31739,2.25,1.50
2012.02.29 23:54:30.293,1.31716,1.31749,1.50,2.40
2012.02.29 23:54:30.607,1.31716,1.31749,1.50,2.40
2012.02.29 23:54:31.158,1.31717,1.31749,1.50,2.40
2012.02.29 23:54:31.811,1.31717,1.31749,1.88,1.65
2012.02.29 23:54:31.881,1.31719,1.31753,2.25,2.25
2012.02.29 23:54:33.132,1.31721,1.31747,1.50,1.50
2012.02.29 23:54:33.214,1.31714,1.31747,1.50,2.25
2012.02.29 23:54:33.418,1.31713,1.31746,2.25,1.65
2012.02.29 23:54:33.866,1.31712,1.31744,1.50,2.25
2012.02.29 23:54:34.194,1.31714,1.31746,1.50,1.80
2012.02.29 23:54:34.516,1.31719,1.31748,2.25,1.65
2012.02.29 23:54:35.077,1.31725,1.31757,2.25,1.50
2012.02.29 23:54:35.534,1.31728,1.31757,2.25,1.50
2012.02.29 23:54:36.191,1.31728,1.3176,2.25,1.50
2012.02.29 23:54:37.185,1.31727,1.31753,1.50,1.50
2012.02.29 23:54:37.256,1.31719,1.31753,3.60,2.25
2012.02.29 23:54:37.504,1.31719,1.31752,3.00,1.50
2012.02.29 23:54:37.824,1.3172,1.31752,1.50,1.50
2012.02.29 23:54:38.537,1.3172,1.31752,1.50,1.50
2012.02.29 23:54:39.087,1.31722,1.31752,1.50,1.50
2012.02.29 23:54:39.441,1.31719,1.31752,2.25,1.05
2012.02.29 23:54:39.787,1.31727,1.31753,1.50,1.50
2012.02.29 23:54:41.045,1.31726,1.31758,1.50,2.25
2012.02.29 23:54:49.059,1.31735,1.3177,1.50,2.25
2012.02.29 23:54:51.115,1.31727,1.31763,2.63,3.00
2012.02.29 23:54:56.752,1.31727,1.31763,3.38,2.25
2012.02.29 23:54:57.088,1.31734,1.31767,1.50,2.25
2012.02.29 23:55:00.519,1.31734,1.31766,1.50,1.50
2012.02.29 23:55:01.107,1.31734,1.31765,1.50,2.25
2012.02.29 23:55:01.275,1.31734,1.31765,1.50,2.25
2012.02.29 23:55:01.542,1.31731,1.31765,3.00,2.25
2012.02.29 23:55:02.054,1.31731,1.31765,2.25,2.25
2012.02.29 23:55:04.729,1.31734,1.31765,1.50,2.25
2012.02.29 23:55:08.994,1.31734,1.31765,1.50,2.25
2012.02.29 23:55:11.718,1.31735,1.31769,2.25,2.25
2012.02.29 23:55:12.024,1.31735,1.31769,3.00,2.25
2012.02.29 23:55:12.840,1.31735,1.31769,3.00,2.25
2012.02.29 23:55:13.358,1.31735,1.31769,3.00,2.25
2012.02.29 23:55:13.704,1.3173,1.31764,1.50,2.25
2012.02.29 23:55:14.277,1.31731,1.31764,1.50,2.25
2012.02.29 23:55:23.138,1.31729,1.31764,1.50,2.25
2012.02.29 23:55:25.628,1.31733,1.31767,2.25,2.25
2012.02.29 23:55:26.174,1.31733,1.31767,2.25,2.25
2012.02.29 23:55:26.569,1.31733,1.31767,2.25,2.25
2012.02.29 23:55:30.675,1.31729,1.31763,2.25,1.50
2012.02.29 23:55:31.417,1.31729,1.31763,2.25,1.50
2012.02.29 23:55:31.606,1.31733,1.31767,2.25,2.25
2012.02.29 23:55:32.221,1.31733,1.31767,2.25,1.50
2012.02.29 23:55:36.028,1.31731,1.31765,1.50,1.50
2012.02.29 23:55:37.698,1.3173,1.31765,1.50,1.50
2012.02.29 23:55:41.879,1.31731,1.31765,1.50,2.25
2012.02.29 23:55:45.077,1.31731,1.31765,1.50,2.25
2012.02.29 23:55:45.429,1.31738,1.31771,2.25,2.25
2012.02.29 23:55:46.111,1.31739,1.31771,1.50,2.25
2012.02.29 23:55:46.176,1.31739,1.31771,1.50,2.25
2012.02.29 23:55:46.425,1.31739,1.31771,1.50,2.25
2012.02.29 23:55:47.353,1.31738,1.31771,2.25,2.25
2012.02.29 23:55:47.557,1.31738,1.31771,2.25,2.25
2012.02.29 23:55:47.946,1.31742,1.31776,1.50,2.25
2012.02.29 23:55:48.016,1.31742,1.31776,1.50,2.25
2012.02.29 23:55:48.339,1.31744,1.31772,1.50,1.50
2012.02.29 23:55:48.556,1.31736,1.31772,3.00,2.25
2012.02.29 23:55:49.099,1.31737,1.3177,1.50,1.50
2012.02.29 23:55:50.239,1.31738,1.31771,1.50,3.00
2012.02.29 23:55:50.569,1.31743,1.31771,1.50,1.50
2012.02.29 23:55:50.699,1.31743,1.31776,1.50,2.25
2012.02.29 23:55:50.769,1.31744,1.31776,1.50,2.25
2012.02.29 23:55:52.506,1.31747,1.31776,1.50,2.25
2012.02.29 23:55:53.265,1.31747,1.31776,1.50,1.50
2012.02.29 23:55:53.587,1.31743,1.3177,1.50,1.50
2012.02.29 23:55:53.802,1.31737,1.31772,1.88,1.50
2012.02.29 23:55:53.883,1.31742,1.31776,1.50,1.50
2012.02.29 23:55:54.091,1.31741,1.31776,2.25,2.25
2012.02.29 23:55:55.416,1.31744,1.31777,1.50,2.25
2012.02.29 23:55:56.023,1.31746,1.31777,1.50,1.50
2012.02.29 23:55:57.377,1.31746,1.31772,1.50,1.50
2012.02.29 23:55:57.945,1.31739,1.31772,1.50,1.50
2012.02.29 23:55:58.024,1.3174,1.31772,1.50,2.25
2012.02.29 23:55:58.108,1.31738,1.3177,2.25,1.50
2012.02.29 23:55:58.312,1.31738,1.3177,2.25,1.50
2012.02.29 23:55:58.786,1.31733,1.31766,2.25,1.50
2012.02.29 23:56:01.029,1.31733,1.31766,2.25,1.50
2012.02.29 23:56:01.586,1.31733,1.31768,2.25,1.50
2012.02.29 23:56:09.631,1.31733,1.31768,2.25,1.50
2012.02.29 23:56:10.666,1.31733,1.31769,3.00,3.00
2012.02.29 23:56:16.891,1.31733,1.31768,2.25,1.50
2012.02.29 23:56:17.105,1.31741,1.3177,1.50,1.50
2012.02.29 23:56:17.452,1.31744,1.31776,1.50,2.25
2012.02.29 23:56:17.733,1.31745,1.31776,1.50,1.50
2012.02.29 23:56:18.265,1.31747,1.31779,1.50,1.35
2012.02.29 23:56:18.650,1.31743,1.31777,1.50,2.25
2012.02.29 23:56:19.037,1.31741,1.31775,2.25,1.50
2012.02.29 23:56:19.909,1.3174,1.31772,1.50,2.25
2012.02.29 23:56:22.815,1.3174,1.31772,1.50,1.50
2012.02.29 23:56:25.975,1.31743,1.31778,2.25,1.50
2012.02.29 23:56:27.891,1.3174,1.31773,1.50,2.25
2012.02.29 23:56:28.286,1.31739,1.31773,3.00,2.25
2012.02.29 23:56:28.803,1.31739,1.31773,3.00,2.25
2012.02.29 23:56:29.116,1.3174,1.31773,1.50,2.25
2012.02.29 23:56:34.212,1.31744,1.31778,2.25,2.25
2012.02.29 23:56:34.940,1.31744,1.31778,2.25,2.25
2012.02.29 23:56:35.067,1.31744,1.31778,2.25,2.25
2012.02.29 23:56:35.315,1.31748,1.31782,2.25,3.00
2012.02.29 23:56:35.833,1.31748,1.31779,2.25,1.50
2012.02.29 23:56:36.378,1.31748,1.31779,2.25,1.50
2012.02.29 23:56:40.126,1.31748,1.31779,2.25,1.50
2012.02.29 23:56:40.492,1.31748,1.31779,2.25,1.50
2012.02.29 23:56:41.627,1.31754,1.31782,2.25,1.50
2012.02.29 23:56:41.948,1.31756,1.31783,2.25,1.50
2012.02.29 23:56:42.209,1.31759,1.31786,2.25,1.50
2012.02.29 23:56:42.642,1.31753,1.3178,1.13,1.88
2012.02.29 23:56:42.836,1.31747,1.31781,2.25,3.38
2012.02.29 23:56:43.316,1.31748,1.31781,2.25,1.88
2012.02.29 23:56:44.366,1.31748,1.31781,2.25,1.88
2012.02.29 23:56:44.554,1.31754,1.31785,2.25,1.50
2012.02.29 23:56:45.657,1.31754,1.31784,2.25,2.25
2012.02.29 23:56:50.314,1.31754,1.31785,1.50,1.50
2012.02.29 23:56:50.476,1.31754,1.31785,2.25,1.50
2012.02.29 23:56:50.784,1.31754,1.31784,2.25,1.50
2012.02.29 23:56:54.164,1.3175,1.31784,2.25,3.00
2012.02.29 23:56:54.292,1.3175,1.31784,2.25,2.25
2012.02.29 23:56:56.376,1.3175,1.31783,2.25,1.50
2012.02.29 23:56:59.753,1.31753,1.31784,1.50,2.25
2012.02.29 23:57:00.063,1.31754,1.31784,2.25,1.50
2012.02.29 23:57:01.097,1.3175,1.3178,1.13,2.25
2012.02.29 23:57:13.220,1.31752,1.31785,1.50,2.25
2012.02.29 23:57:13.525,1.31752,1.31785,1.50,2.25
2012.02.29 23:57:20.895,1.31752,1.31784,1.50,2.25
2012.02.29 23:57:36.816,1.31752,1.31784,1.50,2.25
2012.02.29 23:57:37.064,1.31752,1.31784,1.50,2.25
2012.02.29 23:57:41.539,1.31752,1.31784,1.88,2.25
2012.02.29 23:57:41.843,1.31753,1.31789,2.25,2.25
2012.02.29 23:57:43.529,1.31753,1.31789,2.25,3.00
2012.02.29 23:57:43.837,1.31753,1.31784,1.13,2.25
2012.02.29 23:57:44.145,1.31752,1.31784,1.88,2.25
2012.02.29 23:57:45.010,1.31752,1.31784,1.88,1.50
2012.02.29 23:57:54.489,1.31765,1.31792,1.50,1.50
2012.02.29 23:57:54.805,1.31758,1.3179,1.50,2.25
2012.02.29 23:58:01.878,1.31758,1.31785,1.50,1.50
2012.02.29 23:58:08.485,1.31758,1.31785,1.50,2.25
2012.02.29 23:58:08.556,1.31758,1.31785,1.50,1.50
2012.02.29 23:58:14.576,1.31757,1.3179,1.13,3.00
2012.02.29 23:58:14.838,1.31757,1.31788,1.88,2.25
2012.02.29 23:58:15.344,1.31757,1.31784,1.50,2.25
2012.02.29 23:58:16.045,1.31757,1.31784,1.50,1.50
2012.02.29 23:58:16.785,1.31752,1.31784,1.13,2.25
2012.02.29 23:58:17.246,1.31753,1.31789,2.25,2.25
2012.02.29 23:58:23.638,1.31753,1.31789,2.25,2.25
2012.02.29 23:58:24.143,1.31753,1.31789,2.25,2.25
2012.02.29 23:58:24.214,1.31753,1.31789,2.25,2.25
2012.02.29 23:58:26.526,1.31752,1.31785,1.13,1.50
2012.02.29 23:58:27.207,1.31751,1.31785,1.13,2.25
2012.02.29 23:58:29.001,1.31749,1.31785,2.25,2.25
2012.02.29 23:58:29.448,1.31746,1.3178,2.25,2.25
2012.02.29 23:58:29.705,1.31745,1.31775,1.50,2.25
2012.02.29 23:58:30.135,1.31734,1.3177,2.25,1.50
2012.02.29 23:58:30.203,1.31739,1.31773,2.25,2.25
2012.02.29 23:58:30.967,1.31733,1.31769,2.25,1.50
2012.02.29 23:58:31.218,1.31727,1.31757,1.50,1.50
2012.02.29 23:58:31.463,1.31723,1.31757,2.25,2.25
2012.02.29 23:58:32.031,1.31723,1.31757,2.25,1.50
2012.02.29 23:58:32.438,1.31723,1.31757,2.25,2.25
2012.02.29 23:58:32.684,1.31723,1.31756,2.25,1.50
2012.02.29 23:58:32.985,1.31723,1.31757,2.25,2.25
2012.02.29 23:58:33.305,1.31723,1.31757,2.25,1.50
2012.02.29 23:58:33.877,1.31727,1.31761,2.25,2.25
2012.02.29 23:58:35.527,1.31735,1.31769,2.25,2.25
2012.02.29 23:58:35.931,1.31744,1.31777,2.25,1.50
2012.02.29 23:58:36.390,1.31744,1.31773,2.25,1.50
2012.02.29 23:58:36.519,1.31741,1.31767,1.50,2.25
2012.02.29 23:58:36.766,1.31731,1.31767,2.25,3.00
2012.02.29 23:58:41.134,1.31731,1.31766,2.25,1.50
2012.02.29 23:58:41.268,1.31731,1.31763,2.25,1.50
2012.02.29 23:58:41.656,1.31731,1.31761,2.25,1.50
2012.02.29 23:58:42.981,1.31729,1.3176,2.25,1.50
2012.02.29 23:58:43.333,1.31729,1.31761,2.25,1.35
2012.02.29 23:58:48.147,1.31732,1.31762,2.25,1.13
2012.02.29 23:58:48.333,1.31732,1.31762,2.25,1.13
2012.02.29 23:58:48.463,1.31728,1.31762,2.25,2.63
2012.02.29 23:58:55.963,1.31728,1.31762,2.25,2.63
2012.02.29 23:58:57.946,1.31728,1.31758,2.25,1.50
2012.02.29 23:58:58.194,1.31722,1.31756,2.25,2.63
2012.02.29 23:58:58.891,1.31725,1.31758,2.25,1.73
2012.02.29 23:58:59.236,1.31733,1.31762,2.25,1.50
2012.02.29 23:58:59.424,1.31733,1.31769,2.25,2.25
2012.02.29 23:58:59.548,1.31733,1.31769,2.25,2.25
2012.02.29 23:58:59.795,1.31733,1.31769,2.25,2.25
2012.02.29 23:59:00.555,1.3173,1.31764,2.25,1.50
2012.02.29 23:59:00.892,1.31715,1.31749,2.25,1.50
2012.02.29 23:59:01.024,1.31715,1.31749,2.25,1.50
2012.02.29 23:59:01.916,1.31719,1.31752,2.25,2.25
2012.02.29 23:59:04.929,1.31719,1.3175,2.25,1.50
2012.02.29 23:59:04.997,1.31727,1.31757,2.25,1.13
2012.02.29 23:59:05.126,1.31727,1.31761,2.25,2.25
2012.02.29 23:59:05.455,1.31727,1.31761,2.25,1.50
2012.02.29 23:59:05.937,1.31722,1.31756,2.25,1.50
2012.02.29 23:59:06.007,1.31722,1.31756,2.25,1.50
2012.02.29 23:59:06.255,1.31722,1.31756,2.25,1.50
2012.02.29 23:59:08.581,1.31718,1.31752,2.25,1.50
2012.02.29 23:59:13.694,1.31718,1.31752,2.25,1.50
2012.02.29 23:59:14.183,1.31718,1.31752,2.25,1.50
2012.02.29 23:59:16.336,1.31718,1.31752,2.25,1.50
2012.02.29 23:59:16.720,1.3172,1.31756,2.25,1.50
2012.02.29 23:59:16.979,1.3172,1.31756,2.25,1.50
2012.02.29 23:59:17.592,1.3172,1.31756,2.25,1.50
2012.02.29 23:59:19.363,1.3172,1.31756,2.25,1.50
2012.02.29 23:59:22.604,1.31717,1.31751,1.50,1.50
2012.02.29 23:59:23.586,1.31719,1.31755,2.25,1.50
2012.02.29 23:59:23.848,1.31717,1.3175,1.50,1.50
2012.02.29 23:59:24.185,1.31717,1.3175,1.50,1.50
2012.02.29 23:59:25.333,1.31713,1.31746,1.50,1.50
2012.02.29 23:59:27.007,1.31715,1.31749,2.25,2.25
2012.02.29 23:59:27.078,1.31715,1.31749,2.25,1.50
2012.02.29 23:59:27.697,1.31721,1.31752,2.25,1.50
2012.02.29 23:59:30.856,1.31721,1.31752,2.25,1.50
2012.02.29 23:59:33.055,1.31717,1.31751,2.25,2.25
2012.02.29 23:59:33.663,1.31713,1.31747,2.25,1.50
2012.02.29 23:59:34.164,1.31713,1.31747,2.25,1.50
2012.02.29 23:59:37.204,1.31713,1.31747,2.25,1.50
2012.02.29 23:59:39.026,1.31713,1.31747,2.25,1.50
2012.02.29 23:59:39.567,1.31713,1.31747,2.25,1.50
2012.02.29 23:59:39.805,1.31718,1.3175,2.25,1.35
2012.02.29 23:59:40.407,1.31718,1.3175,2.25,2.10
2012.02.29 23:59:40.980,1.31714,1.31748,2.25,1.50
2012.02.29 23:59:41.656,1.31714,1.31748,2.25,1.50
2012.02.29 23:59:42.385,1.31718,1.3175,2.25,1.50
2012.02.29 23:59:42.696,1.31714,1.31748,2.25,1.50
2012.02.29 23:59:43.364,1.31714,1.31748,2.25,2.25
2012.02.29 23:59:44.018,1.31714,1.31748,2.25,2.25
2012.02.29 23:59:46.434,1.31714,1.31748,2.25,2.25
2012.02.29 23:59:51.683,1.3171,1.31744,2.25,1.50
2012.02.29 23:59:52.002,1.31713,1.31749,2.25,3.00
2012.02.29 23:59:53.124,1.31709,1.31743,3.75,1.50
2012.02.29 23:59:53.538,1.3171,1.31739,1.13,1.50
2012.02.29 23:59:54.085,1.3171,1.31739,1.13,1.50
2012.02.29 23:59:55.284,1.3171,1.31739,1.13,1.50
2012.02.29 23:59:56.343,1.3171,1.31739,1.13,1.50
2012.02.29 23:59:57.507,1.31705,1.31739,3.00,1.50
2012.02.29 23:59:59.714,1.31709,1.31744,2.25,1.50
