2015.07.24 08:00:00.530,1.42601,1.42629,2.62,1.00
2015.07.24 08:00:00.581,1.42601,1.42624,1.12,1.00
2015.07.24 08:00:01.090,1.42601,1.42624,1.00,1.00
2015.07.24 08:00:01.192,1.42598,1.42624,1.00,1.00
2015.07.24 08:00:01.613,1.42598,1.42613,1.00,1.00
2015.07.24 08:00:01.665,1.42588,1.42613,1.00,1.00
2015.07.24 08:00:01.767,1.42588,1.42616,1.50,1.00
2015.07.24 08:00:01.919,1.42588,1.42616,2.25,1.00
2015.07.24 08:00:01.970,1.42592,1.4262,1.00,1.00
2015.07.24 08:00:02.021,1.4259,1.42618,1.10,1.00
2015.07.24 08:00:02.350,1.42588,1.42614,1.00,1.00
2015.07.24 08:00:02.912,1.42588,1.42612,1.00,1.00
2015.07.24 08:00:02.964,1.42584,1.42612,1.00,1.00
2015.07.24 08:00:03.066,1.42583,1.42609,1.00,1.00
2015.07.24 08:00:04.082,1.42583,1.42609,1.50,1.00
2015.07.24 08:00:04.133,1.42584,1.42614,1.12,1.00
2015.07.24 08:00:04.795,1.42584,1.4261,1.12,1.00
2015.07.24 08:00:05.517,1.42582,1.4261,1.10,1.00
2015.07.24 08:00:06.061,1.42582,1.4261,1.87,1.00
2015.07.24 08:00:06.469,1.42586,1.4261,1.00,1.00
2015.07.24 08:00:06.772,1.42596,1.42617,1.00,1.00
2015.07.24 08:00:07.027,1.42596,1.42621,1.00,1.37
2015.07.24 08:00:07.546,1.42597,1.42621,1.00,1.37
2015.07.24 08:00:08.049,1.42598,1.42621,1.00,1.37
2015.07.24 08:00:08.404,1.42602,1.42621,1.00,1.37
2015.07.24 08:00:08.923,1.42602,1.42624,1.00,1.37
2015.07.24 08:00:09.567,1.42602,1.42624,1.00,1.37
2015.07.24 08:00:09.916,1.42603,1.42624,1.00,1.00
2015.07.24 08:00:10.647,1.42603,1.42626,1.37,1.37
2015.07.24 08:00:10.701,1.42616,1.4263,1.00,1.50
2015.07.24 08:00:10.905,1.4262,1.42644,1.37,1.50
2015.07.24 08:00:11.008,1.42625,1.42649,1.00,2.62
2015.07.24 08:00:11.110,1.42627,1.42649,1.00,1.87
2015.07.24 08:00:11.212,1.42629,1.42652,1.00,2.25
2015.07.24 08:00:11.314,1.42629,1.42652,1.00,2.62
2015.07.24 08:00:11.842,1.42628,1.42652,1.00,2.62
2015.07.24 08:00:12.377,1.42628,1.42651,1.12,1.12
2015.07.24 08:00:12.845,1.42628,1.42642,1.00,1.12
2015.07.24 08:00:12.897,1.42618,1.42638,1.87,1.37
2015.07.24 08:00:13.151,1.42616,1.42638,1.00,1.37
2015.07.24 08:00:13.406,1.42616,1.42638,1.00,1.87
2015.07.24 08:00:13.508,1.42614,1.42638,1.00,1.87
2015.07.24 08:00:14.051,1.42614,1.42634,1.00,1.37
2015.07.24 08:00:14.462,1.42617,1.42638,1.10,1.12
2015.07.24 08:00:14.513,1.42617,1.4264,1.95,1.00
2015.07.24 08:00:14.565,1.42617,1.42642,1.95,1.12
2015.07.24 08:00:14.616,1.42619,1.42644,1.37,1.87
2015.07.24 08:00:14.769,1.42625,1.42644,1.00,1.37
2015.07.24 08:00:14.821,1.42625,1.4265,1.50,1.72
2015.07.24 08:00:14.872,1.42631,1.42652,1.00,1.12
2015.07.24 08:00:14.923,1.42631,1.42656,1.00,2.62
2015.07.24 08:00:15.226,1.42634,1.42656,1.37,1.37
2015.07.24 08:00:15.279,1.42634,1.42658,1.50,1.12
2015.07.24 08:00:15.810,1.42636,1.4266,1.12,1.50
2015.07.24 08:00:15.912,1.42636,1.4266,1.12,1.12
2015.07.24 08:00:16.450,1.42638,1.42661,1.12,1.75
2015.07.24 08:00:16.755,1.42638,1.42662,2.25,1.75
2015.07.24 08:00:17.066,1.4264,1.4266,1.12,1.00
2015.07.24 08:00:17.269,1.42643,1.42661,1.00,1.00
2015.07.24 08:00:17.674,1.42645,1.42667,1.12,1.00
2015.07.24 08:00:17.726,1.42652,1.42671,1.00,1.87
2015.07.24 08:00:17.828,1.42648,1.42671,1.12,2.62
2015.07.24 08:00:18.236,1.42649,1.42671,1.37,1.00
2015.07.24 08:00:21.141,1.42651,1.42672,1.00,1.00
2015.07.24 08:00:21.755,1.4265,1.42672,1.00,1.87
2015.07.24 08:00:21.961,1.4265,1.42667,1.00,1.50
2015.07.24 08:00:22.166,1.4265,1.42671,1.00,1.50
2015.07.24 08:00:22.440,1.4265,1.42673,1.00,1.50
2015.07.24 08:00:22.496,1.42652,1.42673,1.00,1.00
2015.07.24 08:00:22.549,1.42652,1.42676,2.62,1.00
2015.07.24 08:00:22.962,1.42656,1.42677,1.00,1.00
2015.07.24 08:00:23.492,1.42654,1.42677,1.00,1.00
2015.07.24 08:00:24.361,1.42654,1.42677,1.00,1.87
2015.07.24 08:00:25.401,1.42659,1.42678,1.00,1.87
2015.07.24 08:00:25.453,1.42659,1.42678,1.00,1.50
2015.07.24 08:00:25.960,1.42659,1.42682,1.00,1.87
2015.07.24 08:00:26.850,1.42656,1.42678,1.87,1.87
2015.07.24 08:00:27.156,1.42658,1.42678,1.00,2.62
2015.07.24 08:00:27.309,1.42655,1.42678,1.00,2.62
2015.07.24 08:00:28.180,1.42656,1.42678,1.00,1.87
2015.07.24 08:00:28.684,1.42657,1.42678,1.00,1.87
2015.07.24 08:00:29.663,1.42657,1.42678,1.00,1.00
2015.07.24 08:00:29.714,1.42662,1.4268,1.00,1.75
2015.07.24 08:00:29.766,1.42662,1.42682,1.00,1.37
2015.07.24 08:00:29.919,1.42664,1.42683,1.00,1.12
2015.07.24 08:00:30.743,1.42664,1.42684,1.00,1.12
2015.07.24 08:00:32.219,1.42666,1.42687,1.00,1.00
2015.07.24 08:00:32.270,1.42671,1.42687,1.00,1.00
2015.07.24 08:00:32.372,1.42674,1.42696,1.12,1.12
2015.07.24 08:00:32.474,1.42677,1.42698,1.12,1.00
2015.07.24 08:00:32.576,1.42682,1.42697,1.00,1.12
2015.07.24 08:00:33.034,1.42682,1.42707,1.37,1.12
2015.07.24 08:00:33.087,1.42686,1.42706,1.00,1.12
2015.07.24 08:00:33.292,1.42685,1.42705,1.50,1.00
2015.07.24 08:00:33.394,1.42685,1.42705,1.00,1.12
2015.07.24 08:00:33.496,1.42684,1.42706,1.10,1.50
2015.07.24 08:00:34.340,1.42682,1.42704,1.50,1.75
2015.07.24 08:00:34.392,1.42682,1.42703,1.00,1.12
2015.07.24 08:00:34.494,1.42683,1.427,1.00,1.37
2015.07.24 08:00:34.699,1.42683,1.42705,1.00,1.75
2015.07.24 08:00:34.750,1.4268,1.42705,1.50,2.25
2015.07.24 08:00:35.368,1.42681,1.42705,1.00,2.25
2015.07.24 08:00:35.883,1.42682,1.42703,1.00,1.37
2015.07.24 08:00:36.596,1.4268,1.427,1.00,1.00
2015.07.24 08:00:36.647,1.42681,1.42702,1.00,2.25
2015.07.24 08:00:36.953,1.42683,1.42702,1.00,2.25
2015.07.24 08:00:38.047,1.42683,1.427,1.00,1.00
2015.07.24 08:00:38.149,1.4268,1.427,1.12,1.00
2015.07.24 08:00:38.372,1.42682,1.427,1.00,1.00
2015.07.24 08:00:38.525,1.4268,1.427,1.50,1.00
2015.07.24 08:00:39.055,1.4268,1.42701,1.00,1.75
2015.07.24 08:00:39.965,1.4268,1.42702,1.12,1.75
2015.07.24 08:00:40.480,1.42679,1.42701,1.00,1.75
2015.07.24 08:00:41.078,1.42679,1.427,1.12,1.00
2015.07.24 08:00:42.036,1.42679,1.42701,1.37,1.75
2015.07.24 08:00:43.145,1.42679,1.42701,1.12,1.75
2015.07.24 08:00:44.107,1.42678,1.427,1.00,1.50
2015.07.24 08:00:44.159,1.42674,1.42694,1.12,1.00
2015.07.24 08:00:44.212,1.42673,1.42694,1.10,1.37
2015.07.24 08:00:44.316,1.42671,1.42693,1.00,1.37
2015.07.24 08:00:45.325,1.42671,1.42694,1.00,1.37
2015.07.24 08:00:46.356,1.42671,1.42691,1.00,2.25
2015.07.24 08:00:46.408,1.42667,1.4269,1.95,1.75
2015.07.24 08:00:47.363,1.42667,1.42688,1.00,2.25
2015.07.24 08:00:47.891,1.42667,1.42683,1.00,1.00
2015.07.24 08:00:49.911,1.42669,1.42687,1.00,1.00
2015.07.24 08:00:50.498,1.42672,1.42688,1.00,1.00
2015.07.24 08:00:50.651,1.42674,1.42692,1.00,1.00
2015.07.24 08:00:50.703,1.42676,1.42692,1.00,1.00
2015.07.24 08:00:51.428,1.42674,1.42686,1.00,1.00
2015.07.24 08:00:51.480,1.4267,1.42684,1.00,1.00
2015.07.24 08:00:51.582,1.42668,1.42684,1.00,1.00
2015.07.24 08:00:51.837,1.42665,1.42684,1.87,1.00
2015.07.24 08:00:52.193,1.42665,1.42676,1.50,1.00
2015.07.24 08:00:52.244,1.42663,1.42676,1.12,1.00
2015.07.24 08:00:52.608,1.42656,1.42673,1.00,1.00
2015.07.24 08:00:53.018,1.42655,1.42667,1.00,1.00
2015.07.24 08:00:54.064,1.42654,1.42667,1.00,1.00
2015.07.24 08:00:54.576,1.42652,1.42667,3.45,1.00
2015.07.24 08:00:55.093,1.42654,1.42667,1.00,1.00
2015.07.24 08:00:55.664,1.42652,1.42667,2.32,1.00
2015.07.24 08:00:56.341,1.42652,1.42667,1.00,1.00
2015.07.24 08:00:56.735,1.42652,1.42664,1.00,1.00
2015.07.24 08:00:58.200,1.42652,1.42668,1.00,1.00
2015.07.24 08:00:58.454,1.4265,1.42668,1.95,1.00
2015.07.24 08:00:58.606,1.4265,1.42665,1.20,1.00
2015.07.24 08:00:58.861,1.42652,1.42669,1.00,1.00
2015.07.24 08:01:01.332,1.42652,1.42671,1.00,1.75
2015.07.24 08:01:01.383,1.42649,1.42669,1.00,1.75
2015.07.24 08:01:01.689,1.42649,1.42668,1.00,1.00
2015.07.24 08:01:02.151,1.42648,1.42669,1.00,1.75
2015.07.24 08:01:02.254,1.42645,1.42665,2.25,1.00
2015.07.24 08:01:02.305,1.42645,1.42665,1.87,1.37
2015.07.24 08:01:02.560,1.42643,1.42665,1.50,1.50
2015.07.24 08:01:03.618,1.42642,1.42664,1.00,1.50
2015.07.24 08:01:03.923,1.42642,1.42662,1.00,1.50
2015.07.24 08:01:05.183,1.4264,1.42662,2.25,2.62
2015.07.24 08:01:05.685,1.42641,1.42662,1.12,1.50
2015.07.24 08:01:06.194,1.42641,1.42662,1.12,1.37
2015.07.24 08:01:06.614,1.42642,1.42665,1.12,2.25
2015.07.24 08:01:06.769,1.42644,1.42665,1.00,1.50
2015.07.24 08:01:06.922,1.42644,1.42666,1.12,1.87
2015.07.24 08:01:06.973,1.42647,1.42667,1.00,1.75
2015.07.24 08:01:07.024,1.42647,1.42669,1.37,1.87
2015.07.24 08:01:07.076,1.42647,1.42669,1.37,1.50
2015.07.24 08:01:07.127,1.42652,1.42671,1.00,1.87
2015.07.24 08:01:07.178,1.42652,1.42674,1.50,2.25
2015.07.24 08:01:07.906,1.42653,1.42676,1.12,1.50
2015.07.24 08:01:08.415,1.42653,1.42676,1.87,1.50
2015.07.24 08:01:08.919,1.42653,1.42676,2.25,1.50
2015.07.24 08:01:11.074,1.42655,1.42677,1.00,1.37
2015.07.24 08:01:11.624,1.42656,1.42678,1.00,1.75
2015.07.24 08:01:11.929,1.42658,1.4268,1.00,1.12
2015.07.24 08:01:12.922,1.42657,1.4268,1.00,1.12
2015.07.24 08:01:13.329,1.42658,1.4268,1.50,1.37
2015.07.24 08:01:13.380,1.42665,1.42682,1.00,1.12
2015.07.24 08:01:13.921,1.42667,1.42686,1.00,1.37
2015.07.24 08:01:14.125,1.4267,1.42687,1.50,1.50
2015.07.24 08:01:14.278,1.4267,1.42691,1.50,1.87
2015.07.24 08:01:14.380,1.42672,1.42691,1.00,1.12
2015.07.24 08:01:14.483,1.42669,1.42691,1.00,1.12
2015.07.24 08:01:14.635,1.4267,1.42689,1.00,1.12
2015.07.24 08:01:14.687,1.42667,1.42688,1.00,1.37
2015.07.24 08:01:14.999,1.42666,1.42688,1.00,1.12
2015.07.24 08:01:15.254,1.42662,1.42685,1.37,1.75
2015.07.24 08:01:16.548,1.42662,1.42685,1.37,1.50
2015.07.24 08:01:16.604,1.42662,1.42685,1.00,1.50
2015.07.24 08:01:18.424,1.4266,1.42685,3.37,1.75
2015.07.24 08:01:18.932,1.4266,1.42684,2.62,1.12
2015.07.24 08:01:19.479,1.4266,1.42684,2.62,1.37
2015.07.24 08:01:19.985,1.42661,1.42685,1.00,1.50
2015.07.24 08:01:20.292,1.42663,1.42685,1.37,1.00
2015.07.24 08:01:20.967,1.42664,1.42686,1.00,1.12
2015.07.24 08:01:21.737,1.42663,1.42686,1.00,1.12
2015.07.24 08:01:22.286,1.42663,1.42686,1.12,1.12
2015.07.24 08:01:22.794,1.42664,1.42684,1.12,1.00
2015.07.24 08:01:23.149,1.42671,1.42688,1.00,3.00
2015.07.24 08:01:23.449,1.42671,1.42688,1.00,1.37
2015.07.24 08:01:23.501,1.42678,1.42698,1.00,1.50
2015.07.24 08:01:24.247,1.42677,1.42698,1.00,1.12
2015.07.24 08:01:25.033,1.42677,1.42698,1.12,1.37
2015.07.24 08:01:25.349,1.42675,1.42698,1.12,1.37
2015.07.24 08:01:25.604,1.42675,1.42698,1.37,1.00
2015.07.24 08:01:25.808,1.42679,1.42698,1.00,1.00
2015.07.24 08:01:25.961,1.42684,1.42705,1.00,1.50
2015.07.24 08:01:26.403,1.42682,1.42705,1.50,1.12
2015.07.24 08:01:26.912,1.42683,1.42705,1.12,1.12
2015.07.24 08:01:28.503,1.42684,1.42705,1.12,1.00
2015.07.24 08:01:29.204,1.42682,1.42705,2.25,1.12
2015.07.24 08:01:29.712,1.42684,1.42707,1.00,1.37
2015.07.24 08:01:29.814,1.42684,1.42707,2.62,1.37
2015.07.24 08:01:30.331,1.42684,1.42699,1.00,1.00
2015.07.24 08:01:30.385,1.42677,1.42699,1.12,1.50
2015.07.24 08:01:30.436,1.42677,1.42697,1.12,1.00
2015.07.24 08:01:30.640,1.42674,1.42697,1.00,1.00
2015.07.24 08:01:31.276,1.42674,1.42697,1.12,1.37
2015.07.24 08:01:33.989,1.42674,1.42696,1.12,1.75
2015.07.24 08:01:35.155,1.42675,1.42699,1.00,2.62
2015.07.24 08:01:35.461,1.42677,1.42699,1.00,1.87
2015.07.24 08:01:36.209,1.42678,1.42699,1.00,1.87
2015.07.24 08:01:36.818,1.42678,1.42695,1.00,1.00
2015.07.24 08:01:37.331,1.42677,1.42695,1.00,1.00
2015.07.24 08:01:37.850,1.42677,1.42699,1.00,1.75
2015.07.24 08:01:39.036,1.42675,1.42694,1.00,1.00
2015.07.24 08:01:39.239,1.42677,1.42694,1.00,1.00
2015.07.24 08:01:39.899,1.42676,1.42698,1.00,1.12
2015.07.24 08:01:40.323,1.4267,1.42687,1.00,1.00
2015.07.24 08:01:40.426,1.42667,1.42687,1.87,1.00
2015.07.24 08:01:41.735,1.42667,1.4269,1.37,2.25
2015.07.24 08:01:42.293,1.42667,1.4269,1.12,2.25
2015.07.24 08:01:43.017,1.42667,1.4269,1.12,2.25
2015.07.24 08:01:43.607,1.42666,1.42688,1.12,1.75
2015.07.24 08:01:44.343,1.42667,1.42688,1.00,1.75
2015.07.24 08:01:44.857,1.42667,1.42688,1.12,1.75
2015.07.24 08:01:45.400,1.42667,1.4269,1.12,1.75
2015.07.24 08:01:45.502,1.42669,1.42691,1.00,2.62
2015.07.24 08:01:45.978,1.42666,1.42688,1.00,2.25
2015.07.24 08:01:46.486,1.42666,1.42687,1.00,1.12
2015.07.24 08:01:47.364,1.4267,1.42687,1.00,1.37
2015.07.24 08:01:47.466,1.42672,1.42688,1.00,1.50
2015.07.24 08:01:47.517,1.42672,1.42692,1.12,1.12
2015.07.24 08:01:47.568,1.42675,1.42692,1.00,1.12
2015.07.24 08:01:47.873,1.42678,1.42698,1.00,1.87
2015.07.24 08:01:48.866,1.42678,1.42698,1.00,1.87
2015.07.24 08:01:50.010,1.42678,1.42696,1.00,1.00
2015.07.24 08:01:50.720,1.42678,1.42698,1.37,1.50
2015.07.24 08:01:50.771,1.4268,1.42698,1.00,1.50
2015.07.24 08:01:50.874,1.42682,1.42701,1.00,1.87
2015.07.24 08:01:50.925,1.42682,1.42701,1.00,1.87
2015.07.24 08:01:50.977,1.42684,1.42701,1.00,1.87
2015.07.24 08:01:51.652,1.42684,1.42704,1.00,1.75
2015.07.24 08:01:52.163,1.42683,1.42704,1.00,1.75
2015.07.24 08:01:52.673,1.42684,1.42703,1.00,1.00
2015.07.24 08:01:53.183,1.42685,1.42703,1.00,1.00
2015.07.24 08:01:54.229,1.42689,1.42707,1.00,1.37
2015.07.24 08:01:54.539,1.42691,1.42706,1.00,1.00
2015.07.24 08:01:54.691,1.42678,1.42697,1.00,1.37
2015.07.24 08:01:54.742,1.42674,1.42697,1.50,1.37
2015.07.24 08:01:54.794,1.42674,1.42697,1.00,1.37
2015.07.24 08:01:55.443,1.42677,1.42696,1.00,1.37
2015.07.24 08:01:55.495,1.42677,1.42699,1.00,1.75
2015.07.24 08:01:55.597,1.4268,1.42699,1.00,1.75
2015.07.24 08:01:55.699,1.42678,1.427,1.00,1.50
2015.07.24 08:01:55.800,1.42678,1.42702,1.50,2.62
2015.07.24 08:01:56.269,1.42677,1.42701,1.00,1.87
2015.07.24 08:01:56.788,1.42676,1.42698,1.12,1.87
2015.07.24 08:01:57.348,1.42676,1.42698,1.50,1.50
2015.07.24 08:01:58.169,1.42683,1.42701,1.00,1.12
2015.07.24 08:01:58.374,1.4268,1.427,1.00,1.00
2015.07.24 08:01:58.883,1.42681,1.42703,1.00,1.50
2015.07.24 08:01:59.460,1.42681,1.42703,1.00,2.25
2015.07.24 08:01:59.765,1.42681,1.42701,1.00,1.37
2015.07.24 08:02:00.224,1.42683,1.427,1.00,1.37
2015.07.24 08:02:00.277,1.42683,1.427,1.00,1.00
2015.07.24 08:02:00.813,1.42684,1.42701,1.00,1.37
2015.07.24 08:02:01.321,1.42685,1.427,1.00,1.00
2015.07.24 08:02:01.636,1.42688,1.42707,1.00,1.37
2015.07.24 08:02:01.689,1.42688,1.42707,1.00,1.37
2015.07.24 08:02:01.791,1.4269,1.42707,1.00,1.12
2015.07.24 08:02:02.084,1.42692,1.4271,1.00,1.12
2015.07.24 08:02:02.147,1.42692,1.42713,1.12,1.00
2015.07.24 08:02:02.249,1.42696,1.42716,1.00,1.87
2015.07.24 08:02:02.300,1.42696,1.42716,1.00,1.87
2015.07.24 08:02:02.453,1.42698,1.42716,1.00,1.87
2015.07.24 08:02:03.157,1.42695,1.42716,1.50,1.12
2015.07.24 08:02:03.310,1.42698,1.42717,1.00,1.37
2015.07.24 08:02:03.412,1.42696,1.42717,1.00,1.37
2015.07.24 08:02:03.970,1.42694,1.42712,1.00,1.00
2015.07.24 08:02:04.071,1.4269,1.4271,1.12,1.00
2015.07.24 08:02:04.596,1.42692,1.42715,1.00,1.37
2015.07.24 08:02:04.648,1.42695,1.42715,1.00,1.37
2015.07.24 08:02:04.902,1.42696,1.42716,1.00,1.37
2015.07.24 08:02:06.042,1.427,1.42715,1.00,1.37
2015.07.24 08:02:06.195,1.42702,1.42722,1.12,1.12
2015.07.24 08:02:06.297,1.42698,1.4272,1.87,1.37
2015.07.24 08:02:06.814,1.42699,1.42719,1.00,1.12
2015.07.24 08:02:06.866,1.42697,1.42719,1.00,1.12
2015.07.24 08:02:06.968,1.42696,1.42715,1.00,1.00
2015.07.24 08:02:07.427,1.42695,1.42712,1.00,1.00
2015.07.24 08:02:07.530,1.42691,1.42712,1.87,1.00
2015.07.24 08:02:07.845,1.4269,1.4271,1.00,1.50
2015.07.24 08:02:07.897,1.42686,1.42706,1.00,1.12
2015.07.24 08:02:08.405,1.42687,1.42705,1.00,1.00
2015.07.24 08:02:09.437,1.42683,1.42704,1.37,1.00
2015.07.24 08:02:09.946,1.42684,1.42704,1.00,1.00
2015.07.24 08:02:10.048,1.42684,1.42701,1.00,1.00
2015.07.24 08:02:10.353,1.42687,1.42702,1.00,1.00
2015.07.24 08:02:10.647,1.42684,1.42703,1.00,1.00
2015.07.24 08:02:11.160,1.42685,1.42705,1.00,1.37
2015.07.24 08:02:11.668,1.42686,1.42705,1.00,1.37
2015.07.24 08:02:12.169,1.42685,1.42705,1.12,1.37
2015.07.24 08:02:14.126,1.42684,1.42704,1.12,1.12
2015.07.24 08:02:14.229,1.42685,1.42707,1.12,2.25
2015.07.24 08:02:14.281,1.42685,1.42707,2.47,1.12
2015.07.24 08:02:14.797,1.42692,1.42714,1.50,1.50
2015.07.24 08:02:14.854,1.42694,1.42716,1.12,1.00
2015.07.24 08:02:14.956,1.42696,1.42718,1.00,2.62
2015.07.24 08:02:15.262,1.42697,1.42719,1.50,1.37
2015.07.24 08:02:15.364,1.42698,1.42721,1.12,1.12
2015.07.24 08:02:15.415,1.42698,1.42721,1.87,1.12
2015.07.24 08:02:16.314,1.42699,1.42721,1.87,1.12
2015.07.24 08:02:16.840,1.42699,1.42721,1.37,1.87
2015.07.24 08:02:17.418,1.42699,1.42721,1.37,1.12
2015.07.24 08:02:17.930,1.42699,1.42722,1.37,1.12
2015.07.24 08:02:18.449,1.42699,1.42722,1.37,1.50
2015.07.24 08:02:18.987,1.42699,1.42722,1.37,1.50
2015.07.24 08:02:19.252,1.42698,1.42722,1.50,1.50
2015.07.24 08:02:19.452,1.42698,1.42722,1.50,1.50
2015.07.24 08:02:19.605,1.42698,1.42722,1.50,1.50
2015.07.24 08:02:20.244,1.42696,1.42716,1.12,1.00
2015.07.24 08:02:22.036,1.42695,1.42716,1.12,1.00
2015.07.24 08:02:22.569,1.42696,1.42717,1.12,1.12
2015.07.24 08:02:23.201,1.42695,1.42716,1.12,1.00
2015.07.24 08:02:23.507,1.42691,1.42713,3.22,1.00
2015.07.24 08:02:23.559,1.42691,1.42714,1.87,2.25
2015.07.24 08:02:23.610,1.42691,1.4271,1.00,1.87
2015.07.24 08:02:23.661,1.42687,1.42709,1.37,1.00
2015.07.24 08:02:23.713,1.42686,1.42707,1.87,1.00
2015.07.24 08:02:24.448,1.42685,1.42706,2.25,1.00
2015.07.24 08:02:24.863,1.42687,1.42707,1.97,1.12
2015.07.24 08:02:24.965,1.42688,1.4271,1.97,1.00
2015.07.24 08:02:25.475,1.42688,1.4271,2.47,1.00
2015.07.24 08:02:26.003,1.42689,1.4271,1.30,1.00
2015.07.24 08:02:26.943,1.42688,1.42711,2.47,1.75
2015.07.24 08:02:27.992,1.42689,1.4271,1.35,1.00
2015.07.24 08:02:29.288,1.42689,1.42711,1.35,1.12
2015.07.24 08:02:30.543,1.42689,1.42711,1.72,1.12
2015.07.24 08:02:31.300,1.42687,1.42711,2.47,1.12
2015.07.24 08:02:34.457,1.42689,1.42711,1.72,1.12
2015.07.24 08:02:35.015,1.4269,1.42713,1.37,1.50
2015.07.24 08:02:35.084,1.4269,1.42713,1.37,1.87
2015.07.24 08:02:35.605,1.42691,1.42713,1.37,1.37
2015.07.24 08:02:36.313,1.42691,1.42713,1.00,1.37
2015.07.24 08:02:36.841,1.4269,1.42711,1.00,1.37
2015.07.24 08:02:38.558,1.42694,1.42717,1.60,1.95
2015.07.24 08:02:38.711,1.42697,1.42717,1.30,1.50
2015.07.24 08:02:39.119,1.42699,1.4272,1.00,2.25
2015.07.24 08:02:39.322,1.42697,1.4272,1.35,2.25
2015.07.24 08:02:39.782,1.42699,1.4272,1.37,1.87
2015.07.24 08:02:40.291,1.42698,1.4272,1.37,2.25
2015.07.24 08:02:41.105,1.42697,1.42719,1.72,1.00
2015.07.24 08:02:41.411,1.42701,1.4272,1.60,1.00
2015.07.24 08:02:44.322,1.42702,1.4272,2.85,1.00
2015.07.24 08:02:44.526,1.42709,1.42728,1.00,1.00
2015.07.24 08:02:44.577,1.42709,1.42723,1.00,1.00
2015.07.24 08:02:44.628,1.42704,1.42723,1.12,1.00
2015.07.24 08:02:45.138,1.42703,1.42723,1.00,1.00
2015.07.24 08:02:45.617,1.42702,1.4272,1.50,1.00
2015.07.24 08:02:46.330,1.42703,1.42723,1.37,1.00
2015.07.24 08:02:47.029,1.42708,1.42724,1.00,1.00
2015.07.24 08:02:47.236,1.42708,1.42727,1.00,1.00
2015.07.24 08:02:47.541,1.4271,1.42727,1.00,1.00
2015.07.24 08:02:48.203,1.42709,1.42727,1.00,1.00
2015.07.24 08:02:48.712,1.42708,1.42727,1.12,1.00
2015.07.24 08:02:49.222,1.42708,1.42727,1.50,1.00
2015.07.24 08:02:51.252,1.42708,1.42727,1.87,1.00
2015.07.24 08:02:51.354,1.42708,1.42727,1.87,1.00
2015.07.24 08:02:52.046,1.42708,1.42721,1.37,1.00
2015.07.24 08:02:52.097,1.42711,1.42725,1.00,1.00
2015.07.24 08:02:52.880,1.42709,1.42725,1.12,1.00
2015.07.24 08:02:53.388,1.42709,1.42721,1.00,1.00
2015.07.24 08:02:53.490,1.42708,1.42726,1.12,1.00
2015.07.24 08:02:54.013,1.42707,1.42726,1.00,1.00
2015.07.24 08:02:54.548,1.42706,1.42726,1.00,1.12
2015.07.24 08:02:55.551,1.42704,1.42716,1.30,1.12
2015.07.24 08:02:55.604,1.42696,1.42716,1.35,1.12
2015.07.24 08:02:56.735,1.42698,1.42718,1.00,1.12
2015.07.24 08:02:56.940,1.42701,1.42723,1.60,1.12
2015.07.24 08:02:57.042,1.42704,1.42725,1.00,2.25
2015.07.24 08:02:57.348,1.42708,1.42731,1.35,1.05
2015.07.24 08:02:57.399,1.42711,1.42732,1.00,1.30
2015.07.24 08:02:58.893,1.42709,1.4273,1.37,1.00
2015.07.24 08:02:59.426,1.42712,1.42734,1.37,1.05
2015.07.24 08:03:00.145,1.42713,1.42734,1.12,1.80
2015.07.24 08:03:00.686,1.42713,1.42734,1.00,1.42
2015.07.24 08:03:01.211,1.42712,1.42734,1.12,1.67
2015.07.24 08:03:01.879,1.42713,1.42734,1.00,1.80
2015.07.24 08:03:02.442,1.42711,1.42734,1.50,2.55
2015.07.24 08:03:03.451,1.42713,1.42733,1.00,1.30
2015.07.24 08:03:04.432,1.42713,1.42728,1.00,1.00
2015.07.24 08:03:04.969,1.42709,1.42724,1.87,1.37
2015.07.24 08:03:05.021,1.42702,1.42724,1.37,2.62
2015.07.24 08:03:06.193,1.42702,1.42724,1.12,2.62
2015.07.24 08:03:08.359,1.42703,1.42724,1.37,1.50
2015.07.24 08:03:09.066,1.42704,1.42724,1.37,1.37
2015.07.24 08:03:09.567,1.42704,1.42724,1.12,1.37
2015.07.24 08:03:10.111,1.42704,1.42724,1.12,1.12
2015.07.24 08:03:10.630,1.42702,1.42724,1.50,2.25
2015.07.24 08:03:10.992,1.42702,1.42724,1.50,1.87
2015.07.24 08:03:12.528,1.42702,1.42724,1.50,2.25
2015.07.24 08:03:13.791,1.42704,1.42724,1.87,1.50
2015.07.24 08:03:14.046,1.42706,1.42725,1.00,1.50
2015.07.24 08:03:14.515,1.42705,1.42726,1.50,1.00
2015.07.24 08:03:15.089,1.42706,1.42727,1.12,1.50
2015.07.24 08:03:15.244,1.42707,1.42729,2.62,1.87
2015.07.24 08:03:15.347,1.42711,1.42729,1.00,1.50
2015.07.24 08:03:16.097,1.4271,1.42729,1.12,1.00
2015.07.24 08:03:16.846,1.42716,1.42729,1.12,1.00
2015.07.24 08:03:16.898,1.42716,1.42731,1.12,1.05
2015.07.24 08:03:17.592,1.42717,1.42731,1.00,1.05
2015.07.24 08:03:17.653,1.42714,1.42731,1.00,1.00
2015.07.24 08:03:18.163,1.42715,1.42731,1.00,1.00
2015.07.24 08:03:18.711,1.42713,1.42731,1.00,1.00
2015.07.24 08:03:20.262,1.42712,1.42731,1.12,1.00
2015.07.24 08:03:20.768,1.42713,1.42731,1.12,1.00
2015.07.24 08:03:20.871,1.42713,1.42731,1.37,1.00
2015.07.24 08:03:21.527,1.42713,1.4273,1.37,1.00
2015.07.24 08:03:21.578,1.42704,1.42725,1.00,1.00
2015.07.24 08:03:21.680,1.42706,1.42727,1.00,1.87
2015.07.24 08:03:21.933,1.42703,1.42727,1.50,2.62
2015.07.24 08:03:22.136,1.42706,1.42727,1.00,1.87
2015.07.24 08:03:22.187,1.42706,1.42727,1.00,1.50
2015.07.24 08:03:22.939,1.4271,1.42727,1.00,1.50
2015.07.24 08:03:23.243,1.42714,1.42731,1.00,1.00
2015.07.24 08:03:23.802,1.42713,1.42731,1.00,1.00
2015.07.24 08:03:24.538,1.42714,1.42731,1.00,1.00
2015.07.24 08:03:27.409,1.42712,1.42731,1.00,1.00
2015.07.24 08:03:27.763,1.4271,1.42727,1.12,1.00
2015.07.24 08:03:27.865,1.42705,1.42724,1.57,1.12
2015.07.24 08:03:27.967,1.42702,1.42724,1.50,1.00
2015.07.24 08:03:28.329,1.42705,1.42727,1.37,1.37
2015.07.24 08:03:28.633,1.42709,1.42727,1.00,1.00
2015.07.24 08:03:29.140,1.4271,1.42727,1.00,1.00
2015.07.24 08:03:34.783,1.42709,1.42731,1.00,2.25
2015.07.24 08:03:35.087,1.42707,1.42729,1.00,2.62
2015.07.24 08:03:35.628,1.42707,1.42726,1.00,1.12
2015.07.24 08:03:36.438,1.42706,1.42726,1.50,1.75
2015.07.24 08:03:37.708,1.42706,1.42727,1.00,1.87
2015.07.24 08:03:38.013,1.42707,1.42724,1.00,1.37
2015.07.24 08:03:38.064,1.42703,1.42724,1.87,1.37
2015.07.24 08:03:38.216,1.42699,1.42721,1.12,1.12
2015.07.24 08:03:38.317,1.42697,1.42721,1.50,1.37
2015.07.24 08:03:38.679,1.42691,1.42715,2.25,1.12
2015.07.24 08:03:38.730,1.42691,1.42713,1.00,1.50
2015.07.24 08:03:39.238,1.4269,1.4271,1.00,1.00
2015.07.24 08:03:39.646,1.42688,1.4271,1.00,1.50
2015.07.24 08:03:40.406,1.42687,1.4271,1.12,1.50
2015.07.24 08:03:40.713,1.42688,1.42709,1.00,1.75
2015.07.24 08:03:41.222,1.42687,1.42709,1.12,1.75
2015.07.24 08:03:41.584,1.42685,1.42707,1.00,1.50
2015.07.24 08:03:42.116,1.42684,1.42707,1.50,2.25
2015.07.24 08:03:43.176,1.42686,1.42707,1.00,2.25
2015.07.24 08:03:43.683,1.42685,1.42707,1.00,2.25
2015.07.24 08:03:44.300,1.42685,1.42707,1.37,2.25
2015.07.24 08:03:44.998,1.42686,1.42708,1.12,1.37
2015.07.24 08:03:47.167,1.42684,1.42707,1.12,1.50
2015.07.24 08:03:47.269,1.42681,1.42707,3.00,3.00
2015.07.24 08:03:47.320,1.42681,1.42705,1.87,1.12
2015.07.24 08:03:47.643,1.42679,1.42703,1.37,1.37
2015.07.24 08:03:48.162,1.42678,1.42702,1.37,1.12
2015.07.24 08:03:48.263,1.42676,1.42701,2.62,1.37
2015.07.24 08:03:49.289,1.42676,1.427,1.87,1.37
2015.07.24 08:03:50.117,1.42674,1.427,1.50,1.87
2015.07.24 08:03:50.380,1.42674,1.427,1.50,2.25
2015.07.24 08:03:50.723,1.42677,1.42702,1.00,1.50
2015.07.24 08:03:52.492,1.42676,1.42702,1.87,1.12
2015.07.24 08:03:53.111,1.42676,1.42701,1.87,1.00
2015.07.24 08:03:53.697,1.42677,1.42702,1.00,1.12
2015.07.24 08:03:54.212,1.42676,1.42701,1.87,1.00
2015.07.24 08:03:55.937,1.42676,1.42699,1.00,1.50
2015.07.24 08:03:56.039,1.42674,1.42698,1.10,1.00
2015.07.24 08:03:56.549,1.42674,1.42699,1.12,1.12
2015.07.24 08:03:57.086,1.42673,1.42696,1.00,1.00
2015.07.24 08:03:57.291,1.4267,1.42696,2.62,1.00
2015.07.24 08:03:57.444,1.4267,1.42697,2.62,1.12
2015.07.24 08:03:58.286,1.42674,1.42698,1.00,1.00
2015.07.24 08:03:58.592,1.4267,1.42695,1.12,1.12
2015.07.24 08:03:58.896,1.42673,1.42695,1.00,1.12
2015.07.24 08:03:59.152,1.4267,1.42695,1.12,1.12
2015.07.24 08:03:59.787,1.42669,1.42693,1.37,1.37
2015.07.24 08:04:00.144,1.42667,1.42691,1.50,1.37
2015.07.24 08:04:00.602,1.42666,1.42688,1.00,1.12
2015.07.24 08:04:00.916,1.42663,1.42687,1.12,1.50
2015.07.24 08:04:01.069,1.42665,1.42688,1.00,1.87
2015.07.24 08:04:01.744,1.42665,1.42686,1.00,1.00
2015.07.24 08:04:01.896,1.42662,1.42685,1.12,1.12
2015.07.24 08:04:02.213,1.4266,1.42683,1.12,1.00
2015.07.24 08:04:02.271,1.42658,1.42683,1.50,1.00
2015.07.24 08:04:03.103,1.42657,1.42683,3.45,1.37
2015.07.24 08:04:03.256,1.42659,1.4268,1.00,1.00
2015.07.24 08:04:03.602,1.42652,1.42676,1.00,1.37
2015.07.24 08:04:03.958,1.4265,1.42676,1.87,1.37
2015.07.24 08:04:04.641,1.42649,1.42671,1.10,1.12
2015.07.24 08:04:05.149,1.42647,1.42671,1.50,1.50
2015.07.24 08:04:05.402,1.42645,1.42668,1.12,1.00
2015.07.24 08:04:06.065,1.42642,1.42663,1.12,1.00
2015.07.24 08:04:06.117,1.42641,1.42663,1.57,1.00
2015.07.24 08:04:06.168,1.4264,1.42663,1.12,1.12
2015.07.24 08:04:06.271,1.42638,1.4266,1.87,1.00
2015.07.24 08:04:06.374,1.42637,1.4266,1.67,1.12
2015.07.24 08:04:06.426,1.42637,1.42657,1.67,1.00
2015.07.24 08:04:06.579,1.42637,1.42661,2.47,1.50
2015.07.24 08:04:06.784,1.42637,1.42661,2.10,1.12
2015.07.24 08:04:07.215,1.4264,1.42663,1.00,1.00
2015.07.24 08:04:07.520,1.42641,1.42664,1.47,1.12
2015.07.24 08:04:07.775,1.42642,1.42666,1.50,1.12
2015.07.24 08:04:07.978,1.42642,1.42666,2.62,1.12
2015.07.24 08:04:09.067,1.42642,1.42664,2.25,1.12
2015.07.24 08:04:09.119,1.42642,1.42664,1.87,1.12
2015.07.24 08:04:09.620,1.42642,1.42664,1.87,1.12
2015.07.24 08:04:09.938,1.42639,1.4266,1.37,1.00
2015.07.24 08:04:10.141,1.42638,1.4266,1.12,2.25
2015.07.24 08:04:10.648,1.42636,1.42658,1.37,1.12
2015.07.24 08:04:11.326,1.42634,1.42658,3.37,2.25
2015.07.24 08:04:11.834,1.42634,1.42657,1.50,1.00
2015.07.24 08:04:12.336,1.42633,1.42657,2.25,1.87
2015.07.24 08:04:12.707,1.4263,1.42653,1.87,1.87
2015.07.24 08:04:13.013,1.42632,1.42655,1.57,1.12
2015.07.24 08:04:13.216,1.42632,1.42655,1.47,1.00
2015.07.24 08:04:14.195,1.42633,1.42655,1.87,1.50
2015.07.24 08:04:14.705,1.42633,1.42655,1.87,1.50
2015.07.24 08:04:14.807,1.42633,1.42654,1.87,1.37
2015.07.24 08:04:14.858,1.42633,1.42654,1.00,2.25
2015.07.24 08:04:15.573,1.42631,1.42653,1.37,1.00
2015.07.24 08:04:15.777,1.4263,1.42654,1.00,1.50
2015.07.24 08:04:15.981,1.4263,1.42654,1.00,1.50
2015.07.24 08:04:16.084,1.42629,1.42654,1.75,1.50
2015.07.24 08:04:16.339,1.4263,1.42654,1.00,2.25
2015.07.24 08:04:16.441,1.4263,1.42654,1.00,2.25
2015.07.24 08:04:17.793,1.42629,1.42654,2.25,2.25
2015.07.24 08:04:19.415,1.42629,1.42652,1.50,1.12
2015.07.24 08:04:19.952,1.42628,1.42651,1.37,1.37
2015.07.24 08:04:20.459,1.42628,1.42651,1.00,1.20
2015.07.24 08:04:21.603,1.42629,1.42652,1.50,1.37
2015.07.24 08:04:21.908,1.42633,1.42653,1.00,2.25
2015.07.24 08:04:22.762,1.42634,1.42653,1.00,1.00
2015.07.24 08:04:22.916,1.42631,1.42655,1.50,1.87
2015.07.24 08:04:23.437,1.42632,1.42654,1.00,1.00
2015.07.24 08:04:24.039,1.42633,1.42654,1.00,1.00
2015.07.24 08:04:24.141,1.42635,1.42655,1.00,1.50
2015.07.24 08:04:24.903,1.42633,1.42655,1.12,1.50
2015.07.24 08:04:25.457,1.42632,1.42656,1.50,3.37
2015.07.24 08:04:25.560,1.42632,1.42656,1.87,1.37
2015.07.24 08:04:25.713,1.42636,1.42657,1.00,1.37
2015.07.24 08:04:26.239,1.42636,1.4266,1.00,1.75
2015.07.24 08:04:26.832,1.42636,1.4266,1.00,1.75
2015.07.24 08:04:27.761,1.42636,1.42659,1.50,1.00
2015.07.24 08:04:28.513,1.42636,1.42661,1.87,2.32
2015.07.24 08:04:29.031,1.42636,1.42661,1.50,2.32
2015.07.24 08:04:29.745,1.42635,1.42661,1.75,3.45
2015.07.24 08:04:30.607,1.42635,1.4266,1.50,1.12
2015.07.24 08:04:31.600,1.42638,1.4266,1.00,2.62
2015.07.24 08:04:32.676,1.42635,1.4266,1.50,3.00
2015.07.24 08:04:32.894,1.42634,1.42655,1.50,1.37
2015.07.24 08:04:33.202,1.42625,1.4265,1.50,1.12
2015.07.24 08:04:34.473,1.42622,1.42647,1.87,1.00
2015.07.24 08:04:35.409,1.42622,1.42647,1.37,1.37
2015.07.24 08:04:36.332,1.42622,1.42647,1.50,1.37
2015.07.24 08:04:36.863,1.4262,1.42647,2.25,2.32
2015.07.24 08:04:37.400,1.4262,1.42647,2.25,2.32
2015.07.24 08:04:37.918,1.4262,1.42647,2.25,1.95
2015.07.24 08:04:38.640,1.4262,1.42647,2.25,1.95
2015.07.24 08:04:40.539,1.42621,1.42647,1.50,1.95
2015.07.24 08:04:40.996,1.42621,1.42643,1.00,1.00
2015.07.24 08:04:41.098,1.42617,1.42643,1.50,1.50
2015.07.24 08:04:41.149,1.42617,1.42638,1.00,1.00
2015.07.24 08:04:41.658,1.42615,1.42638,1.00,1.00
2015.07.24 08:04:41.710,1.42616,1.42638,1.37,1.00
2015.07.24 08:04:42.219,1.42615,1.4264,1.37,1.87
2015.07.24 08:04:42.772,1.42615,1.4264,1.50,2.25
2015.07.24 08:04:42.824,1.42615,1.42639,1.50,1.20
2015.07.24 08:04:43.240,1.42615,1.4264,1.50,3.00
2015.07.24 08:04:43.545,1.42615,1.42638,1.37,1.75
2015.07.24 08:04:43.598,1.42613,1.42636,1.00,2.25
2015.07.24 08:04:43.649,1.42611,1.42634,1.12,1.50
2015.07.24 08:04:44.235,1.4261,1.42634,1.12,2.62
2015.07.24 08:04:44.287,1.42617,1.42638,1.00,1.12
2015.07.24 08:04:44.389,1.42617,1.42638,1.00,1.37
2015.07.24 08:04:44.491,1.42618,1.4264,1.00,1.85
2015.07.24 08:04:44.542,1.42618,1.42639,1.00,1.12
2015.07.24 08:04:45.065,1.42617,1.42639,1.00,1.12
2015.07.24 08:04:45.574,1.42617,1.42639,1.37,1.12
2015.07.24 08:04:46.284,1.42617,1.42639,1.37,1.12
2015.07.24 08:04:46.863,1.42617,1.42639,1.37,1.12
2015.07.24 08:04:47.385,1.42617,1.42639,1.37,1.75
2015.07.24 08:04:47.891,1.42617,1.42639,1.00,2.62
2015.07.24 08:04:48.417,1.42615,1.42639,1.37,2.25
2015.07.24 08:04:48.926,1.42616,1.42638,1.00,1.37
2015.07.24 08:04:49.800,1.42616,1.42638,1.00,1.37
2015.07.24 08:04:50.316,1.42616,1.42639,1.12,1.87
2015.07.24 08:04:51.847,1.42617,1.42639,1.00,1.87
2015.07.24 08:04:52.355,1.42616,1.42639,1.12,2.62
2015.07.24 08:04:52.871,1.42617,1.42639,1.00,2.62
2015.07.24 08:04:54.074,1.42617,1.42639,1.12,2.62
2015.07.24 08:04:54.461,1.42617,1.42639,1.12,2.62
2015.07.24 08:04:54.816,1.42617,1.42639,1.12,2.62
2015.07.24 08:04:55.070,1.42617,1.42639,1.50,1.12
2015.07.24 08:04:55.121,1.42619,1.42639,1.00,1.12
2015.07.24 08:04:55.629,1.42619,1.42639,1.00,1.37
2015.07.24 08:04:56.137,1.42616,1.42639,1.50,1.12
2015.07.24 08:04:56.595,1.42616,1.42641,1.87,2.25
2015.07.24 08:04:56.895,1.42619,1.42641,1.00,1.12
2015.07.24 08:04:56.950,1.42625,1.42645,1.00,1.75
2015.07.24 08:04:57.002,1.42625,1.42645,1.00,1.00
2015.07.24 08:04:57.104,1.42624,1.42647,1.00,1.87
2015.07.24 08:04:57.611,1.42625,1.42647,1.00,1.87
2015.07.24 08:04:58.301,1.42619,1.42642,1.00,2.25
2015.07.24 08:04:58.607,1.42619,1.42641,1.00,1.50
2015.07.24 08:04:59.114,1.42619,1.42642,1.00,3.07
2015.07.24 08:05:00.208,1.42618,1.42641,1.12,1.50
2015.07.24 08:05:00.888,1.42618,1.42641,1.00,1.87
2015.07.24 08:05:01.773,1.42621,1.42641,1.00,1.50
2015.07.24 08:05:02.342,1.42621,1.42641,1.00,1.50
2015.07.24 08:05:02.545,1.42621,1.42641,1.12,1.00
2015.07.24 08:05:02.596,1.42628,1.42641,1.00,1.00
2015.07.24 08:05:02.800,1.42628,1.42649,1.37,1.75
2015.07.24 08:05:02.901,1.42628,1.42651,1.12,1.12
2015.07.24 08:05:03.367,1.42628,1.42652,2.62,1.12
2015.07.24 08:05:04.127,1.4263,1.42653,1.50,1.00
2015.07.24 08:05:04.638,1.42631,1.42653,1.37,1.12
2015.07.24 08:05:05.149,1.42632,1.42654,1.37,1.50
2015.07.24 08:05:06.226,1.42631,1.42654,1.50,1.87
2015.07.24 08:05:06.867,1.42631,1.42654,1.50,1.87
2015.07.24 08:05:07.172,1.42634,1.42656,1.12,1.75
2015.07.24 08:05:07.716,1.42635,1.42655,1.12,1.00
2015.07.24 08:05:11.629,1.42632,1.42654,1.75,1.12
2015.07.24 08:05:12.140,1.42632,1.42648,1.00,1.00
2015.07.24 08:05:12.191,1.42625,1.42646,1.37,1.00
2015.07.24 08:05:12.706,1.42624,1.42646,1.12,1.00
2015.07.24 08:05:12.757,1.42621,1.42643,1.87,1.00
2015.07.24 08:05:12.808,1.4262,1.42643,3.00,1.50
2015.07.24 08:05:12.911,1.4262,1.42641,1.00,1.00
2015.07.24 08:05:13.329,1.42619,1.42643,1.00,1.87
2015.07.24 08:05:13.380,1.42619,1.4264,1.00,1.00
2015.07.24 08:05:14.141,1.42619,1.42642,1.50,1.12
2015.07.24 08:05:15.256,1.42619,1.4264,1.50,1.00
2015.07.24 08:05:15.776,1.42619,1.4264,1.50,1.00
2015.07.24 08:05:16.319,1.42619,1.42641,1.37,1.00
2015.07.24 08:05:18.464,1.42618,1.4264,1.37,1.00
2015.07.24 08:05:18.992,1.42616,1.42639,1.75,1.12
2015.07.24 08:05:19.951,1.42616,1.4264,1.50,1.87
2015.07.24 08:05:20.457,1.42616,1.42638,1.50,1.00
2015.07.24 08:05:20.916,1.42616,1.42638,1.50,1.00
2015.07.24 08:05:21.568,1.42616,1.42638,1.75,1.00
2015.07.24 08:05:22.774,1.42618,1.42638,1.00,1.00
2015.07.24 08:05:23.305,1.42618,1.4264,1.12,1.37
2015.07.24 08:05:25.120,1.42618,1.42638,1.12,1.00
2015.07.24 08:05:25.639,1.42618,1.42639,1.12,1.12
2015.07.24 08:05:26.186,1.42618,1.42638,1.12,1.00
2015.07.24 08:05:28.659,1.42618,1.42639,1.00,2.25
2015.07.24 08:05:29.583,1.42622,1.42639,1.00,1.12
2015.07.24 08:05:29.952,1.42625,1.42641,1.00,1.12
2015.07.24 08:05:30.003,1.42621,1.42646,2.25,1.37
2015.07.24 08:05:30.156,1.42624,1.42646,1.37,1.00
2015.07.24 08:05:30.258,1.42624,1.42648,1.37,1.12
2015.07.24 08:05:30.765,1.42624,1.42647,2.62,1.00
2015.07.24 08:05:30.817,1.42624,1.42647,3.00,1.00
2015.07.24 08:05:31.332,1.42625,1.42647,1.00,1.12
2015.07.24 08:05:31.707,1.42625,1.42645,1.00,1.37
2015.07.24 08:05:31.861,1.42619,1.42642,1.95,1.37
2015.07.24 08:05:32.629,1.42612,1.4263,1.00,1.00
2015.07.24 08:05:33.166,1.42607,1.4263,3.37,1.00
2015.07.24 08:05:33.268,1.42607,1.4263,3.37,1.12
2015.07.24 08:05:33.779,1.42611,1.42634,1.00,1.50
2015.07.24 08:05:34.084,1.42613,1.42635,1.37,1.50
2015.07.24 08:05:34.592,1.42615,1.42635,1.00,1.00
2015.07.24 08:05:35.059,1.42613,1.42634,1.00,1.37
2015.07.24 08:05:35.263,1.42607,1.42629,1.87,1.12
2015.07.24 08:05:36.332,1.42607,1.42629,1.37,1.12
2015.07.24 08:05:37.784,1.4261,1.42633,1.37,3.00
2015.07.24 08:05:37.887,1.4261,1.42633,1.87,1.00
2015.07.24 08:05:38.417,1.42611,1.42634,3.00,1.00
2015.07.24 08:05:38.956,1.42611,1.42634,3.37,1.00
2015.07.24 08:05:40.569,1.42612,1.42634,1.87,1.00
2015.07.24 08:05:44.798,1.42613,1.42633,1.12,1.00
2015.07.24 08:05:45.534,1.42613,1.42634,1.12,1.00
2015.07.24 08:05:46.055,1.42613,1.42635,1.87,1.00
2015.07.24 08:05:47.112,1.42615,1.42638,1.50,1.50
2015.07.24 08:05:48.117,1.42614,1.42637,1.50,1.12
2015.07.24 08:05:49.173,1.42615,1.42638,1.12,1.50
2015.07.24 08:05:51.570,1.42614,1.42638,2.25,1.50
2015.07.24 08:05:53.326,1.42617,1.42639,1.12,1.87
2015.07.24 08:05:54.838,1.42617,1.42639,1.00,2.62
2015.07.24 08:05:55.387,1.42616,1.42639,1.50,1.87
2015.07.24 08:05:56.118,1.42617,1.42639,1.12,1.12
2015.07.24 08:05:56.885,1.42616,1.42639,2.25,1.37
2015.07.24 08:05:59.996,1.42616,1.4264,1.12,1.87
2015.07.24 08:06:00.527,1.42616,1.4264,1.37,1.87
2015.07.24 08:06:01.190,1.42618,1.42641,1.50,1.50
2015.07.24 08:06:01.241,1.42618,1.42641,1.50,1.50
2015.07.24 08:06:01.394,1.42621,1.42643,1.37,1.00
2015.07.24 08:06:01.496,1.42623,1.42645,1.12,1.87
2015.07.24 08:06:02.263,1.42625,1.42647,1.00,1.75
2015.07.24 08:06:02.416,1.42625,1.42648,1.37,2.62
2015.07.24 08:06:02.945,1.42627,1.42649,1.12,1.50
2015.07.24 08:06:03.481,1.42631,1.42651,1.37,1.00
2015.07.24 08:06:03.634,1.42631,1.42654,1.50,2.25
2015.07.24 08:06:04.142,1.42631,1.42654,1.00,1.50
2015.07.24 08:06:05.737,1.42629,1.42652,1.12,1.37
2015.07.24 08:06:06.072,1.42626,1.42652,2.62,1.85
2015.07.24 08:06:06.327,1.42627,1.42651,1.00,1.50
2015.07.24 08:06:07.689,1.42629,1.42652,1.00,1.47
2015.07.24 08:06:08.209,1.42628,1.42653,1.12,1.87
2015.07.24 08:06:08.751,1.42628,1.42653,1.37,1.87
2015.07.24 08:06:10.118,1.42627,1.42651,2.25,1.00
2015.07.24 08:06:10.220,1.42628,1.42653,1.37,2.25
2015.07.24 08:06:10.745,1.42629,1.42652,1.37,1.37
2015.07.24 08:06:11.110,1.42633,1.42653,1.00,1.00
2015.07.24 08:06:11.164,1.42634,1.42656,1.00,1.00
2015.07.24 08:06:11.621,1.42635,1.42658,1.12,1.12
2015.07.24 08:06:12.136,1.42636,1.42658,1.37,1.00
2015.07.24 08:06:13.645,1.42636,1.42658,1.00,1.12
2015.07.24 08:06:13.696,1.42631,1.42651,2.62,1.37
2015.07.24 08:06:13.748,1.4263,1.42651,1.37,1.50
2015.07.24 08:06:13.799,1.4263,1.42651,1.37,2.10
2015.07.24 08:06:13.951,1.42626,1.42647,1.37,1.30
2015.07.24 08:06:16.736,1.42625,1.42648,1.50,1.37
2015.07.24 08:06:17.245,1.42625,1.4265,2.25,1.87
2015.07.24 08:06:17.895,1.42626,1.4265,1.50,1.37
2015.07.24 08:06:18.405,1.42625,1.42651,2.62,2.62
2015.07.24 08:06:18.642,1.42625,1.4265,2.62,1.37
2015.07.24 08:06:19.245,1.42627,1.42651,1.37,2.25
2015.07.24 08:06:22.467,1.42625,1.4265,2.62,1.12
2015.07.24 08:06:23.342,1.42625,1.42648,1.50,1.50
2015.07.24 08:06:23.393,1.42622,1.42646,1.37,1.87
2015.07.24 08:06:23.711,1.42621,1.42643,1.37,1.00
2015.07.24 08:06:24.684,1.42618,1.42644,1.87,3.52
2015.07.24 08:06:25.370,1.42619,1.42644,1.12,3.52
2015.07.24 08:06:25.781,1.4262,1.42644,1.37,1.12
2015.07.24 08:06:26.296,1.42617,1.42641,1.87,1.00
2015.07.24 08:06:26.844,1.42617,1.42641,1.50,1.00
2015.07.24 08:06:27.378,1.42617,1.4264,1.37,1.00
2015.07.24 08:06:27.888,1.42616,1.42641,1.87,1.37
2015.07.24 08:06:28.891,1.42615,1.42638,2.25,1.37
2015.07.24 08:06:29.195,1.42615,1.42638,1.37,1.37
2015.07.24 08:06:29.399,1.42614,1.42635,1.12,1.37
2015.07.24 08:06:29.943,1.42611,1.42635,1.37,1.87
2015.07.24 08:06:30.450,1.42613,1.42635,1.00,1.12
2015.07.24 08:06:30.704,1.4261,1.42634,1.12,1.12
2015.07.24 08:06:31.370,1.4261,1.42632,1.00,1.50
2015.07.24 08:06:31.675,1.42604,1.42627,2.25,1.00
2015.07.24 08:06:31.726,1.42604,1.42627,1.12,1.12
2015.07.24 08:06:31.777,1.42601,1.42626,1.87,1.87
2015.07.24 08:06:32.533,1.42601,1.42624,2.25,1.37
2015.07.24 08:06:32.789,1.42601,1.42625,1.50,1.87
2015.07.24 08:06:32.891,1.426,1.42621,1.12,1.00
2015.07.24 08:06:33.197,1.42599,1.42622,1.12,1.75
2015.07.24 08:06:34.032,1.42598,1.4262,1.50,1.12
2015.07.24 08:06:34.389,1.42598,1.42621,1.50,1.00
2015.07.24 08:06:34.696,1.42599,1.42623,1.75,1.37
2015.07.24 08:06:35.211,1.426,1.42623,1.37,1.50
2015.07.24 08:06:36.298,1.42599,1.42623,1.37,1.87
2015.07.24 08:06:36.843,1.42599,1.42622,1.37,1.37
2015.07.24 08:06:37.471,1.42596,1.4262,2.25,1.75
2015.07.24 08:06:37.777,1.426,1.42621,1.50,1.00
2015.07.24 08:06:37.828,1.426,1.42623,1.87,1.00
2015.07.24 08:06:38.174,1.426,1.42624,1.50,2.47
2015.07.24 08:06:38.384,1.42599,1.42623,1.87,1.00
2015.07.24 08:06:38.435,1.42599,1.42623,1.37,1.87
2015.07.24 08:06:38.739,1.42601,1.42624,1.12,1.00
2015.07.24 08:06:39.665,1.42603,1.42625,1.50,1.37
2015.07.24 08:06:40.122,1.42604,1.42625,1.12,1.37
2015.07.24 08:06:40.224,1.42605,1.42626,1.37,1.87
2015.07.24 08:06:40.326,1.42608,1.42626,1.00,1.00
2015.07.24 08:06:40.428,1.42605,1.42627,1.37,1.00
2015.07.24 08:06:40.530,1.42604,1.42627,1.12,1.00
2015.07.24 08:06:40.842,1.4261,1.4263,1.00,1.50
2015.07.24 08:06:40.897,1.42608,1.42631,1.87,1.12
2015.07.24 08:06:41.050,1.42608,1.42632,1.12,1.00
2015.07.24 08:06:41.558,1.42608,1.4263,1.12,1.00
2015.07.24 08:06:42.352,1.42605,1.42625,1.12,1.12
2015.07.24 08:06:46.647,1.42605,1.42625,1.37,1.12
2015.07.24 08:06:47.159,1.42605,1.42625,1.12,1.12
2015.07.24 08:06:47.847,1.42604,1.42625,1.12,1.75
2015.07.24 08:06:48.755,1.42604,1.42625,1.50,1.12
2015.07.24 08:06:48.921,1.42604,1.42625,2.25,1.75
2015.07.24 08:06:49.428,1.42604,1.42625,1.37,1.75
2015.07.24 08:06:53.055,1.42603,1.42625,1.00,1.75
2015.07.24 08:06:53.375,1.42601,1.42623,1.87,1.00
2015.07.24 08:06:54.138,1.42601,1.42621,1.12,1.00
2015.07.24 08:06:56.552,1.42601,1.42623,1.50,1.00
2015.07.24 08:06:57.084,1.42601,1.42623,1.87,1.37
2015.07.24 08:07:00.650,1.42601,1.42623,1.12,1.00
2015.07.24 08:07:01.005,1.42601,1.42624,1.37,1.50
2015.07.24 08:07:03.585,1.426,1.42623,1.50,1.00
2015.07.24 08:07:03.942,1.42598,1.42622,1.50,1.50
2015.07.24 08:07:05.123,1.42598,1.4262,1.50,1.00
2015.07.24 08:07:06.224,1.42597,1.42621,2.25,1.75
2015.07.24 08:07:08.852,1.42596,1.42619,1.50,1.37
2015.07.24 08:07:11.900,1.42597,1.42619,1.00,1.87
2015.07.24 08:07:11.952,1.42593,1.42612,1.37,1.00
2015.07.24 08:07:12.003,1.42593,1.42612,1.00,1.00
2015.07.24 08:07:12.512,1.42589,1.42612,1.37,1.37
2015.07.24 08:07:13.351,1.42588,1.42611,1.37,1.87
2015.07.24 08:07:13.877,1.42587,1.42611,1.37,1.87
2015.07.24 08:07:13.928,1.42587,1.42611,1.37,1.87
2015.07.24 08:07:14.031,1.42587,1.42611,1.37,1.87
2015.07.24 08:07:14.336,1.42586,1.42609,2.25,1.00
2015.07.24 08:07:14.715,1.42586,1.4261,2.62,1.37
2015.07.24 08:07:15.223,1.42586,1.42609,1.37,1.00
2015.07.24 08:07:15.879,1.42586,1.42609,1.00,1.50
2015.07.24 08:07:16.381,1.42584,1.42607,1.12,1.12
2015.07.24 08:07:16.923,1.42585,1.42607,1.00,1.50
2015.07.24 08:07:17.882,1.42583,1.42607,1.87,1.50
2015.07.24 08:07:18.288,1.42583,1.42606,1.50,1.37
2015.07.24 08:07:19.068,1.42583,1.42606,1.00,1.87
2015.07.24 08:07:19.170,1.42583,1.42606,1.00,1.87
2015.07.24 08:07:19.589,1.42584,1.42606,2.25,1.37
2015.07.24 08:07:19.998,1.42586,1.42606,1.37,1.00
2015.07.24 08:07:20.391,1.42586,1.42608,1.37,3.00
2015.07.24 08:07:21.291,1.42586,1.42608,1.37,2.62
2015.07.24 08:07:23.098,1.42586,1.42609,1.50,1.37
2015.07.24 08:07:23.390,1.42584,1.42607,2.25,1.37
2015.07.24 08:07:23.644,1.42584,1.42607,1.50,1.37
2015.07.24 08:07:24.204,1.42584,1.42607,1.00,1.87
2015.07.24 08:07:25.708,1.42584,1.42607,1.50,1.37
2015.07.24 08:07:26.717,1.42584,1.42606,1.00,1.37
2015.07.24 08:07:29.939,1.42583,1.42607,2.25,2.25
2015.07.24 08:07:30.475,1.42586,1.42608,1.00,1.75
2015.07.24 08:07:30.983,1.42587,1.42608,1.00,1.50
2015.07.24 08:07:31.618,1.42585,1.42608,1.37,1.50
2015.07.24 08:07:32.615,1.42584,1.42608,1.87,1.00
2015.07.24 08:07:33.146,1.42596,1.42611,1.00,1.12
2015.07.24 08:07:33.248,1.42596,1.42616,1.00,1.00
2015.07.24 08:07:36.843,1.42596,1.42618,1.12,1.37
2015.07.24 08:07:37.351,1.42595,1.42618,1.00,1.12
2015.07.24 08:07:39.631,1.42598,1.42619,1.00,2.62
2015.07.24 08:07:39.938,1.42601,1.42619,1.00,2.62
2015.07.24 08:07:40.212,1.42599,1.42619,1.00,2.62
2015.07.24 08:07:41.219,1.42598,1.42619,1.00,2.25
2015.07.24 08:07:41.726,1.42597,1.42618,1.00,1.50
2015.07.24 08:07:42.259,1.42598,1.42618,1.00,1.50
2015.07.24 08:07:42.771,1.42598,1.42619,1.12,2.25
2015.07.24 08:07:43.408,1.42599,1.42619,1.00,2.25
2015.07.24 08:07:45.095,1.42598,1.42619,1.12,1.50
2015.07.24 08:07:46.710,1.42601,1.42619,1.00,1.00
2015.07.24 08:07:47.219,1.42601,1.4262,1.00,1.50
2015.07.24 08:07:48.208,1.42601,1.4262,1.00,1.37
2015.07.24 08:07:48.525,1.42599,1.4262,1.00,1.87
2015.07.24 08:07:49.032,1.42598,1.4262,1.12,1.87
2015.07.24 08:07:49.134,1.42599,1.4262,1.00,1.87
2015.07.24 08:07:49.686,1.42597,1.42619,1.50,2.25
2015.07.24 08:07:50.222,1.42598,1.42616,1.00,1.12
2015.07.24 08:07:50.742,1.42599,1.42619,1.00,2.25
2015.07.24 08:07:53.456,1.42599,1.42619,1.00,2.25
2015.07.24 08:07:57.173,1.426,1.42619,1.00,1.37
2015.07.24 08:07:58.038,1.42599,1.42619,1.00,1.37
2015.07.24 08:07:58.574,1.426,1.42619,1.00,1.37
2015.07.24 08:07:59.140,1.42598,1.42619,1.12,1.37
2015.07.24 08:08:00.679,1.42597,1.42619,2.25,1.00
2015.07.24 08:08:01.181,1.426,1.4262,1.00,1.37
2015.07.24 08:08:01.720,1.42599,1.42619,1.50,1.00
2015.07.24 08:08:02.238,1.42599,1.42619,1.50,1.00
2015.07.24 08:08:02.816,1.426,1.42621,1.37,1.12
2015.07.24 08:08:03.346,1.42602,1.42621,1.12,1.00
2015.07.24 08:08:03.619,1.42602,1.42623,1.00,2.25
2015.07.24 08:08:03.670,1.42599,1.42623,1.87,2.25
2015.07.24 08:08:04.207,1.42599,1.42621,1.12,1.50
2015.07.24 08:08:06.257,1.42597,1.42621,1.87,1.50
2015.07.24 08:08:09.635,1.42598,1.4262,1.00,1.37
2015.07.24 08:08:10.064,1.42589,1.42611,1.12,1.87
2015.07.24 08:08:10.116,1.42586,1.42611,1.37,2.62
2015.07.24 08:08:10.335,1.42585,1.4261,1.50,1.87
2015.07.24 08:08:10.944,1.42585,1.42608,1.50,1.12
2015.07.24 08:08:11.552,1.42585,1.42607,1.50,1.00
2015.07.24 08:08:11.858,1.42591,1.4261,1.37,1.87
2015.07.24 08:08:11.961,1.42591,1.42612,1.00,1.37
2015.07.24 08:08:12.266,1.4259,1.42609,1.00,1.00
2015.07.24 08:08:12.791,1.4259,1.4261,1.00,1.00
2015.07.24 08:08:13.902,1.42587,1.42609,1.87,1.00
2015.07.24 08:08:14.532,1.42586,1.4261,1.75,1.87
2015.07.24 08:08:15.151,1.42586,1.4261,1.75,2.25
2015.07.24 08:08:15.455,1.42586,1.42607,1.75,1.00
2015.07.24 08:08:16.115,1.42584,1.42608,1.87,1.12
2015.07.24 08:08:17.722,1.42584,1.42607,1.87,1.00
2015.07.24 08:08:20.991,1.42595,1.42607,2.25,1.00
2015.07.24 08:08:21.042,1.42602,1.42623,1.12,3.75
2015.07.24 08:08:21.145,1.42605,1.42623,1.00,1.57
2015.07.24 08:08:21.400,1.42606,1.42625,1.00,1.10
2015.07.24 08:08:21.502,1.42606,1.42629,1.12,1.87
2015.07.24 08:08:21.553,1.42606,1.42629,1.87,1.37
2015.07.24 08:08:21.992,1.42609,1.42631,1.12,2.25
2015.07.24 08:08:22.501,1.42609,1.42633,1.50,1.87
2015.07.24 08:08:22.704,1.42609,1.42633,1.50,2.25
2015.07.24 08:08:23.272,1.42611,1.42631,1.00,1.75
2015.07.24 08:08:23.795,1.42614,1.42633,1.00,1.87
2015.07.24 08:08:23.847,1.42614,1.42631,1.00,1.00
2015.07.24 08:08:23.898,1.42617,1.42631,1.00,1.00
2015.07.24 08:08:24.051,1.42621,1.42638,1.00,1.20
2015.07.24 08:08:24.153,1.42625,1.42643,1.00,1.87
2015.07.24 08:08:24.480,1.42627,1.42644,1.00,1.12
2015.07.24 08:08:24.827,1.4263,1.42646,1.00,1.12
2015.07.24 08:08:25.435,1.42631,1.42649,1.00,1.37
2015.07.24 08:08:25.937,1.42628,1.42648,1.12,1.37
2015.07.24 08:08:26.445,1.42628,1.42648,1.87,1.37
2015.07.24 08:08:27.127,1.42628,1.42648,1.12,1.75
2015.07.24 08:08:28.171,1.42627,1.42648,1.50,1.75
2015.07.24 08:08:28.222,1.42624,1.42646,1.12,1.50
2015.07.24 08:08:28.698,1.42623,1.42641,1.12,1.12
2015.07.24 08:08:29.004,1.42615,1.42632,1.37,1.00
2015.07.24 08:08:29.055,1.42614,1.42632,1.50,1.00
2015.07.24 08:08:30.144,1.42612,1.42631,1.12,1.00
2015.07.24 08:08:30.199,1.42611,1.42635,1.12,2.32
2015.07.24 08:08:30.812,1.4261,1.42634,1.37,1.87
2015.07.24 08:08:30.864,1.42609,1.42634,1.37,1.87
2015.07.24 08:08:32.544,1.42609,1.42629,1.37,1.00
2015.07.24 08:08:32.943,1.4261,1.42632,2.25,1.12
2015.07.24 08:08:35.724,1.42611,1.42632,1.00,1.12
2015.07.24 08:08:36.695,1.42611,1.42632,1.37,1.12
2015.07.24 08:08:36.848,1.42611,1.42632,1.12,1.12
2015.07.24 08:08:37.391,1.42612,1.42632,1.00,1.37
2015.07.24 08:08:40.721,1.42613,1.42636,1.37,2.32
2015.07.24 08:08:41.038,1.42613,1.4263,1.37,1.00
2015.07.24 08:08:41.346,1.42605,1.42624,1.12,1.37
2015.07.24 08:08:41.499,1.42603,1.42624,1.00,1.37
2015.07.24 08:08:43.160,1.42603,1.42624,1.00,1.75
2015.07.24 08:08:46.290,1.42603,1.42624,1.00,1.75
2015.07.24 08:08:50.611,1.42603,1.42624,1.00,1.37
2015.07.24 08:08:51.710,1.42603,1.42624,1.00,1.12
2015.07.24 08:08:52.250,1.42601,1.42624,1.00,1.12
2015.07.24 08:08:52.860,1.42601,1.42624,1.50,1.37
2015.07.24 08:08:56.138,1.42603,1.42624,1.37,1.37
2015.07.24 08:08:56.747,1.42603,1.42627,1.37,1.95
2015.07.24 08:08:57.943,1.42603,1.42617,1.37,1.00
2015.07.24 08:08:58.146,1.42594,1.42616,1.12,1.12
2015.07.24 08:08:58.249,1.42592,1.42616,2.25,1.50
2015.07.24 08:08:58.757,1.42593,1.42614,1.00,1.57
2015.07.24 08:09:00.134,1.42593,1.42615,1.50,1.37
2015.07.24 08:09:00.438,1.42604,1.42617,1.37,1.00
2015.07.24 08:09:00.490,1.42606,1.42621,1.12,1.12
2015.07.24 08:09:00.644,1.42606,1.42628,1.37,1.87
2015.07.24 08:09:00.797,1.42608,1.42628,1.00,1.20
2015.07.24 08:09:01.763,1.42608,1.42628,1.00,1.47
2015.07.24 08:09:02.270,1.42609,1.42628,1.00,1.47
2015.07.24 08:09:02.777,1.42608,1.42628,1.00,1.47
2015.07.24 08:09:03.289,1.42594,1.42616,1.75,1.87
2015.07.24 08:09:03.341,1.42594,1.42616,1.00,2.25
2015.07.24 08:09:03.392,1.42591,1.42616,1.50,3.00
2015.07.24 08:09:03.900,1.42591,1.42614,1.50,1.12
2015.07.24 08:09:04.474,1.4259,1.42614,1.87,1.50
2015.07.24 08:09:04.981,1.4259,1.42612,1.00,1.00
2015.07.24 08:09:06.198,1.42589,1.42612,1.87,1.12
2015.07.24 08:09:08.259,1.42589,1.42612,1.00,1.12
2015.07.24 08:09:09.640,1.42589,1.42603,1.00,1.75
2015.07.24 08:09:09.692,1.42577,1.42601,1.12,1.37
2015.07.24 08:09:10.357,1.42577,1.42601,1.12,1.37
2015.07.24 08:09:12.515,1.42575,1.42599,1.37,1.12
2015.07.24 08:09:13.048,1.42576,1.42599,1.37,1.12
2015.07.24 08:09:13.668,1.42577,1.42599,1.37,1.12
2015.07.24 08:09:14.472,1.42577,1.42599,1.00,1.75
2015.07.24 08:09:14.525,1.4257,1.42594,1.37,1.37
2015.07.24 08:09:15.185,1.42571,1.42595,2.25,1.37
2015.07.24 08:09:16.156,1.42575,1.42597,1.37,1.75
2015.07.24 08:09:16.512,1.42577,1.42599,1.12,2.62
2015.07.24 08:09:17.383,1.42577,1.42599,1.00,2.62
2015.07.24 08:09:17.913,1.42577,1.42596,1.00,1.37
2015.07.24 08:09:17.964,1.42575,1.42596,1.00,1.37
2015.07.24 08:09:18.518,1.42574,1.42596,1.12,1.37
2015.07.24 08:09:19.100,1.42574,1.42596,1.00,1.37
2015.07.24 08:09:19.754,1.42573,1.42596,1.12,1.37
2015.07.24 08:09:20.261,1.42573,1.42596,1.12,1.12
2015.07.24 08:09:20.768,1.42573,1.42594,1.37,1.00
2015.07.24 08:09:20.923,1.42573,1.42592,1.00,1.37
2015.07.24 08:09:21.496,1.42572,1.42593,1.50,1.00
2015.07.24 08:09:23.407,1.42572,1.42592,1.12,1.50
2015.07.24 08:09:23.510,1.42567,1.42589,1.50,1.50
2015.07.24 08:09:23.612,1.42564,1.42587,1.37,1.00
2015.07.24 08:09:24.636,1.42564,1.42587,1.37,1.50
2015.07.24 08:09:25.144,1.42564,1.42587,1.12,1.75
2015.07.24 08:09:26.173,1.42566,1.42587,1.00,1.75
2015.07.24 08:09:26.894,1.42565,1.42586,1.00,1.00
2015.07.24 08:09:27.934,1.42565,1.42587,1.00,1.75
2015.07.24 08:09:28.428,1.42565,1.42587,1.37,1.00
2015.07.24 08:09:28.531,1.42567,1.4259,1.12,1.00
2015.07.24 08:09:28.836,1.42572,1.42591,1.00,1.00
2015.07.24 08:09:29.171,1.4257,1.42591,1.00,1.00
2015.07.24 08:09:29.222,1.42568,1.42591,1.00,2.25
2015.07.24 08:09:29.526,1.42567,1.42589,1.12,1.37
2015.07.24 08:09:29.983,1.42569,1.42589,1.37,1.37
2015.07.24 08:09:30.368,1.42571,1.42592,1.37,1.12
2015.07.24 08:09:30.419,1.42569,1.42591,1.37,1.37
2015.07.24 08:09:30.725,1.42568,1.4259,1.50,1.37
2015.07.24 08:09:31.238,1.42568,1.42592,1.50,1.75
2015.07.24 08:09:31.891,1.42564,1.42588,2.62,1.75
2015.07.24 08:09:32.404,1.42563,1.42587,1.50,1.75
2015.07.24 08:09:32.932,1.42563,1.42587,1.50,1.75
2015.07.24 08:09:33.637,1.42563,1.42587,1.50,1.75
2015.07.24 08:09:35.483,1.42563,1.42587,1.50,1.50
2015.07.24 08:09:36.227,1.42566,1.42589,1.50,2.25
2015.07.24 08:09:36.635,1.42567,1.42589,1.00,1.87
2015.07.24 08:09:36.838,1.42567,1.42589,1.50,1.00
2015.07.24 08:09:37.041,1.4257,1.42592,1.37,1.50
2015.07.24 08:09:37.597,1.4257,1.42592,1.12,2.25
2015.07.24 08:09:38.104,1.42568,1.42591,1.50,1.37
2015.07.24 08:09:40.344,1.42569,1.42592,1.87,1.00
2015.07.24 08:09:40.987,1.42572,1.42592,1.00,1.00
2015.07.24 08:09:41.516,1.42571,1.42592,1.12,1.00
2015.07.24 08:09:42.089,1.42571,1.42592,1.12,1.37
2015.07.24 08:09:42.609,1.42571,1.4259,1.00,1.00
2015.07.24 08:09:43.650,1.42569,1.42588,1.37,1.00
2015.07.24 08:09:43.971,1.42567,1.42588,1.50,1.37
2015.07.24 08:09:44.416,1.42567,1.42589,1.50,1.12
2015.07.24 08:09:45.196,1.42568,1.42589,1.37,1.37
2015.07.24 08:09:45.779,1.42569,1.4259,1.37,1.00
2015.07.24 08:09:45.880,1.42574,1.42595,1.37,1.50
2015.07.24 08:09:46.240,1.42574,1.42595,1.12,1.50
2015.07.24 08:09:46.392,1.42573,1.42595,1.12,1.87
2015.07.24 08:09:46.915,1.42572,1.4259,1.00,1.00
2015.07.24 08:09:47.463,1.42572,1.42595,1.37,1.87
2015.07.24 08:09:47.681,1.42572,1.42595,1.37,1.87
2015.07.24 08:09:48.663,1.42574,1.42595,1.00,1.87
2015.07.24 08:09:52.788,1.42574,1.42595,1.00,1.87
2015.07.24 08:09:53.613,1.42574,1.42595,1.12,1.50
2015.07.24 08:09:54.723,1.42574,1.42595,1.12,1.37
2015.07.24 08:09:55.675,1.42574,1.42595,1.12,1.12
2015.07.24 08:09:55.777,1.42574,1.42593,1.12,1.37
2015.07.24 08:09:55.828,1.42571,1.42592,1.00,1.00
2015.07.24 08:09:55.879,1.42571,1.42593,1.00,2.62
2015.07.24 08:09:55.981,1.42569,1.4259,1.00,1.75
2015.07.24 08:09:56.134,1.42566,1.4259,1.87,2.25
2015.07.24 08:09:56.185,1.42566,1.4259,1.87,2.25
2015.07.24 08:09:56.527,1.42569,1.42592,1.00,1.37
2015.07.24 08:09:56.578,1.42569,1.42592,1.00,1.37
2015.07.24 08:09:57.094,1.42567,1.4259,1.37,1.12
2015.07.24 08:09:57.709,1.42567,1.4259,1.37,1.37
2015.07.24 08:09:58.456,1.42566,1.4259,2.25,1.50
2015.07.24 08:09:58.710,1.42568,1.4259,1.00,1.50
2015.07.24 08:09:59.341,1.42567,1.4259,1.00,1.50
2015.07.24 08:09:59.922,1.42566,1.42589,1.00,1.87
2015.07.24 08:10:00.228,1.42566,1.42589,1.50,2.25
2015.07.24 08:10:00.882,1.42567,1.42589,1.00,1.87
2015.07.24 08:10:00.933,1.42567,1.42589,1.00,1.87
2015.07.24 08:10:01.137,1.42566,1.42589,2.25,1.50
2015.07.24 08:10:01.673,1.42566,1.42589,1.50,1.75
2015.07.24 08:10:02.174,1.42565,1.42589,1.12,1.75
2015.07.24 08:10:02.806,1.42566,1.42588,1.00,1.50
2015.07.24 08:10:04.748,1.42565,1.42589,1.12,1.75
2015.07.24 08:10:06.433,1.42565,1.42588,1.12,1.50
2015.07.24 08:10:07.198,1.42565,1.42588,1.87,1.50
2015.07.24 08:10:07.661,1.42568,1.42585,1.00,1.37
2015.07.24 08:10:08.262,1.42565,1.42587,1.37,1.50
2015.07.24 08:10:08.570,1.42565,1.42583,1.00,1.37
2015.07.24 08:10:09.116,1.42564,1.42583,1.12,1.37
2015.07.24 08:10:09.530,1.42562,1.42583,1.12,1.75
2015.07.24 08:10:09.581,1.42563,1.42583,1.00,1.75
2015.07.24 08:10:10.474,1.42562,1.42582,1.00,1.37
2015.07.24 08:10:12.661,1.42564,1.42584,1.00,1.75
2015.07.24 08:10:13.233,1.42566,1.42584,1.00,1.75
2015.07.24 08:10:13.537,1.42571,1.42589,1.00,3.37
2015.07.24 08:10:13.689,1.42572,1.42593,1.12,2.25
2015.07.24 08:10:14.102,1.42575,1.42592,1.00,1.00
2015.07.24 08:10:14.203,1.42571,1.42592,1.00,1.50
2015.07.24 08:10:15.357,1.42571,1.42592,1.00,1.50
2015.07.24 08:10:15.794,1.42571,1.42592,1.37,1.87
2015.07.24 08:10:18.162,1.42573,1.42592,1.00,1.12
2015.07.24 08:10:18.601,1.42571,1.42591,1.00,1.37
2015.07.24 08:10:18.907,1.42568,1.42588,1.00,1.50
2015.07.24 08:10:18.958,1.42568,1.42586,1.00,1.37
2015.07.24 08:10:19.009,1.42566,1.42586,1.00,1.75
2015.07.24 08:10:19.060,1.42565,1.42582,1.00,1.00
2015.07.24 08:10:19.213,1.42563,1.42582,1.12,1.87
2015.07.24 08:10:19.316,1.42561,1.42582,1.12,2.25
2015.07.24 08:10:20.028,1.4256,1.42581,1.00,1.12
2015.07.24 08:10:20.317,1.4256,1.42579,1.00,1.87
2015.07.24 08:10:20.369,1.42557,1.42578,1.37,1.00
2015.07.24 08:10:20.879,1.42557,1.42578,1.37,1.12
2015.07.24 08:10:21.462,1.42557,1.42578,1.37,1.37
2015.07.24 08:10:22.689,1.42553,1.42576,1.10,2.25
2015.07.24 08:10:22.842,1.42551,1.42574,1.20,1.00
2015.07.24 08:10:22.894,1.4255,1.42573,1.12,1.37
2015.07.24 08:10:23.250,1.42554,1.42574,1.00,1.37
2015.07.24 08:10:23.352,1.42551,1.42576,1.20,2.25
2015.07.24 08:10:23.691,1.42557,1.42578,1.00,1.12
2015.07.24 08:10:23.742,1.42557,1.42579,1.00,1.00
2015.07.24 08:10:23.793,1.42559,1.42579,1.00,1.00
2015.07.24 08:10:23.895,1.4256,1.42582,1.00,1.37
2015.07.24 08:10:24.403,1.42561,1.42582,1.00,1.87
2015.07.24 08:10:25.138,1.42561,1.42582,1.12,1.50
2015.07.24 08:10:25.189,1.42562,1.42582,1.37,1.00
2015.07.24 08:10:25.697,1.42561,1.42582,1.37,1.37
2015.07.24 08:10:25.952,1.42558,1.42582,1.87,1.87
2015.07.24 08:10:26.471,1.42558,1.4258,1.37,1.00
2015.07.24 08:10:26.981,1.42556,1.42581,1.87,1.12
2015.07.24 08:10:28.149,1.42557,1.42582,1.50,2.25
2015.07.24 08:10:28.686,1.42557,1.42582,1.50,2.62
2015.07.24 08:10:29.306,1.42557,1.42582,1.50,1.87
2015.07.24 08:10:31.339,1.42558,1.42582,1.47,1.12
2015.07.24 08:10:32.535,1.42558,1.4258,1.47,1.37
2015.07.24 08:10:32.997,1.42555,1.42573,1.50,1.00
2015.07.24 08:10:33.981,1.42552,1.42575,1.37,1.00
2015.07.24 08:10:34.032,1.42555,1.42575,1.37,1.00
2015.07.24 08:10:35.630,1.42554,1.42576,1.75,1.00
2015.07.24 08:10:35.935,1.42555,1.42579,1.37,2.25
2015.07.24 08:10:36.317,1.42558,1.42579,1.50,1.37
2015.07.24 08:10:36.419,1.42562,1.42584,1.00,1.12
2015.07.24 08:10:36.701,1.42566,1.42585,1.00,2.25
2015.07.24 08:10:36.752,1.42564,1.42586,1.00,1.00
2015.07.24 08:10:37.508,1.42563,1.42585,2.25,1.00
2015.07.24 08:10:38.115,1.42563,1.4258,1.50,1.00
2015.07.24 08:10:38.166,1.4256,1.42582,1.12,1.50
2015.07.24 08:10:38.218,1.4256,1.42582,1.12,1.12
2015.07.24 08:10:38.473,1.42562,1.42584,1.37,1.00
2015.07.24 08:10:39.340,1.42563,1.42577,1.00,1.12
2015.07.24 08:10:39.391,1.42559,1.42576,1.37,1.00
2015.07.24 08:10:39.442,1.42555,1.42576,1.00,1.12
2015.07.24 08:10:39.645,1.42551,1.42575,2.70,1.87
2015.07.24 08:10:39.747,1.42551,1.42575,2.25,2.25
2015.07.24 08:10:41.238,1.42551,1.42573,2.25,1.00
2015.07.24 08:10:43.178,1.42551,1.42573,1.37,1.50
2015.07.24 08:10:43.972,1.42551,1.42569,1.37,1.00
2015.07.24 08:10:44.076,1.42549,1.42569,1.00,1.37
2015.07.24 08:10:44.127,1.42549,1.42569,1.00,1.75
2015.07.24 08:10:44.180,1.42546,1.42569,1.12,1.75
2015.07.24 08:10:45.087,1.42545,1.42566,1.37,1.00
2015.07.24 08:10:45.189,1.42546,1.42569,2.25,1.37
2015.07.24 08:10:45.423,1.42549,1.4257,1.37,1.00
2015.07.24 08:10:46.110,1.42549,1.4257,1.87,1.00
2015.07.24 08:10:55.229,1.42549,1.4257,1.00,1.37
2015.07.24 08:10:55.655,1.42546,1.42566,1.12,1.00
2015.07.24 08:10:55.962,1.42543,1.42566,1.37,1.50
2015.07.24 08:10:56.571,1.42543,1.42566,1.50,1.00
2015.07.24 08:10:57.119,1.42544,1.42567,1.37,1.00
2015.07.24 08:10:58.435,1.42544,1.42567,1.37,2.25
2015.07.24 08:11:00.460,1.42548,1.42566,1.00,1.00
2015.07.24 08:11:00.766,1.42551,1.42567,1.00,1.00
2015.07.24 08:11:01.073,1.42556,1.42569,1.00,1.00
2015.07.24 08:11:01.125,1.42556,1.42572,1.00,1.50
2015.07.24 08:11:01.227,1.42554,1.42572,1.00,1.50
2015.07.24 08:11:01.748,1.42554,1.42572,1.00,1.37
2015.07.24 08:11:01.901,1.42551,1.4257,1.00,1.00
2015.07.24 08:11:02.003,1.42548,1.42568,1.10,1.12
2015.07.24 08:11:02.850,1.42548,1.42565,1.00,1.37
2015.07.24 08:11:02.902,1.42548,1.42566,1.00,1.50
2015.07.24 08:11:03.055,1.4255,1.42566,1.00,1.50
2015.07.24 08:11:04.020,1.4255,1.42567,1.00,1.00
2015.07.24 08:11:04.364,1.42553,1.42567,1.00,1.00
2015.07.24 08:11:04.415,1.42553,1.42572,1.00,1.50
2015.07.24 08:11:06.052,1.42553,1.42571,1.12,1.00
2015.07.24 08:11:06.205,1.4255,1.4257,1.10,2.10
2015.07.24 08:11:06.408,1.42548,1.42568,1.12,2.25
2015.07.24 08:11:06.610,1.42548,1.42568,1.00,2.25
2015.07.24 08:11:08.483,1.42548,1.42565,1.00,1.37
2015.07.24 08:11:08.534,1.42546,1.42563,1.00,1.00
2015.07.24 08:11:09.323,1.42545,1.42564,1.50,1.00
2015.07.24 08:11:09.997,1.42545,1.42566,1.50,1.87
2015.07.24 08:11:10.150,1.42545,1.42563,1.50,1.00
2015.07.24 08:11:10.252,1.42543,1.42563,1.00,1.50
2015.07.24 08:11:10.354,1.42543,1.42561,1.00,1.00
2015.07.24 08:11:10.606,1.42543,1.42563,1.00,1.00
2015.07.24 08:11:10.658,1.42545,1.42564,1.37,1.37
2015.07.24 08:11:10.709,1.42545,1.42566,1.87,1.00
2015.07.24 08:11:11.116,1.42546,1.42568,1.12,1.37
2015.07.24 08:11:11.219,1.42546,1.42568,1.87,1.37
2015.07.24 08:11:11.473,1.42549,1.42568,1.00,1.12
2015.07.24 08:11:11.811,1.42551,1.42568,1.20,1.12
2015.07.24 08:11:11.862,1.42554,1.42574,1.00,1.00
2015.07.24 08:11:12.066,1.42555,1.42576,1.00,1.50
2015.07.24 08:11:12.733,1.42555,1.42576,1.00,1.87
2015.07.24 08:11:13.261,1.42554,1.42576,1.00,1.50
2015.07.24 08:11:13.522,1.42554,1.42576,1.37,1.50
2015.07.24 08:11:15.619,1.42554,1.42575,1.37,1.87
2015.07.24 08:11:15.923,1.42554,1.42575,1.37,1.50
2015.07.24 08:11:18.320,1.42553,1.42575,2.25,1.12
2015.07.24 08:11:18.524,1.42552,1.42575,1.87,1.12
2015.07.24 08:11:19.806,1.42553,1.42575,1.37,2.62
2015.07.24 08:11:20.315,1.42553,1.42575,1.12,1.50
2015.07.24 08:11:20.417,1.42552,1.42573,1.00,1.50
2015.07.24 08:11:23.054,1.4255,1.42573,1.95,1.12
2015.07.24 08:11:23.831,1.42556,1.42574,1.00,2.25
2015.07.24 08:11:24.136,1.42572,1.42586,1.00,1.87
2015.07.24 08:11:24.340,1.42583,1.42603,1.00,1.87
2015.07.24 08:11:24.877,1.42579,1.426,1.87,1.00
2015.07.24 08:11:25.030,1.42581,1.42598,1.00,1.00
2015.07.24 08:11:25.233,1.42579,1.42598,1.00,1.00
2015.07.24 08:11:26.026,1.42577,1.42599,3.37,1.00
2015.07.24 08:11:26.335,1.42576,1.42598,1.50,1.37
2015.07.24 08:11:26.437,1.42574,1.42595,1.12,1.37
2015.07.24 08:11:26.540,1.42572,1.42593,1.87,1.50
2015.07.24 08:11:26.744,1.4257,1.42588,1.50,1.00
2015.07.24 08:11:27.253,1.4257,1.42589,1.00,1.00
2015.07.24 08:11:27.558,1.4257,1.42576,1.12,1.00
2015.07.24 08:11:27.660,1.42564,1.42576,1.75,1.50
2015.07.24 08:11:27.763,1.42553,1.42573,1.50,1.60
2015.07.24 08:11:27.868,1.42549,1.42571,1.75,1.12
2015.07.24 08:11:28.129,1.42548,1.42571,3.00,1.12
2015.07.24 08:11:28.182,1.42556,1.42573,1.00,1.12
2015.07.24 08:11:28.286,1.42553,1.42576,1.37,4.12
2015.07.24 08:11:28.338,1.42553,1.42576,1.87,3.37
2015.07.24 08:11:28.442,1.42556,1.42571,1.00,1.00
2015.07.24 08:11:28.493,1.42553,1.42571,1.12,1.00
2015.07.24 08:11:28.748,1.42549,1.42569,1.12,1.00
2015.07.24 08:11:28.799,1.42547,1.42569,1.12,1.00
2015.07.24 08:11:29.160,1.42546,1.4257,1.00,2.62
2015.07.24 08:11:29.864,1.42546,1.4257,1.37,1.37
2015.07.24 08:11:30.220,1.42547,1.42571,1.50,1.12
2015.07.24 08:11:30.485,1.42551,1.42571,1.37,1.12
2015.07.24 08:11:30.536,1.42554,1.42578,1.00,2.25
2015.07.24 08:11:31.044,1.42554,1.42578,1.00,1.00
2015.07.24 08:11:31.197,1.42558,1.42579,1.00,1.12
2015.07.24 08:11:31.557,1.42565,1.42587,1.00,1.12
2015.07.24 08:11:31.611,1.42567,1.4259,1.00,1.12
2015.07.24 08:11:31.713,1.42565,1.4259,1.00,1.87
2015.07.24 08:11:32.884,1.42565,1.42589,1.12,1.00
2015.07.24 08:11:32.935,1.42564,1.42587,1.87,1.37
2015.07.24 08:11:33.239,1.42567,1.42589,1.00,1.00
2015.07.24 08:11:33.341,1.42569,1.42589,1.00,1.00
2015.07.24 08:11:34.341,1.42569,1.42593,2.25,1.37
2015.07.24 08:11:34.764,1.42569,1.42592,1.50,1.50
2015.07.24 08:11:34.916,1.42567,1.42591,1.00,1.12
2015.07.24 08:11:35.548,1.42566,1.4259,1.37,1.50
2015.07.24 08:11:36.131,1.42566,1.42589,1.87,1.00
2015.07.24 08:11:37.492,1.42566,1.42589,1.12,1.37
2015.07.24 08:11:38.039,1.42566,1.42588,1.37,1.12
2015.07.24 08:11:40.041,1.42565,1.42586,1.75,1.00
2015.07.24 08:11:40.396,1.42565,1.42588,1.37,1.00
2015.07.24 08:11:42.193,1.42566,1.42588,1.00,1.00
2015.07.24 08:11:42.502,1.42571,1.42591,1.12,1.50
2015.07.24 08:11:43.127,1.42569,1.42591,1.00,1.00
2015.07.24 08:11:43.585,1.42566,1.42588,1.95,1.00
2015.07.24 08:11:45.871,1.42564,1.42588,2.32,1.00
2015.07.24 08:11:46.560,1.42565,1.4259,1.37,1.87
2015.07.24 08:11:48.085,1.42563,1.42586,3.75,1.12
2015.07.24 08:11:48.390,1.42562,1.42584,1.95,1.00
2015.07.24 08:11:48.927,1.4256,1.42584,1.50,2.25
2015.07.24 08:11:49.232,1.42569,1.42588,1.87,1.37
2015.07.24 08:11:49.334,1.42572,1.4259,1.87,1.00
2015.07.24 08:11:49.385,1.42573,1.42596,1.37,2.25
2015.07.24 08:11:49.437,1.42574,1.42596,1.12,1.00
2015.07.24 08:11:49.539,1.42575,1.42596,1.50,1.00
2015.07.24 08:11:49.591,1.42577,1.42601,1.00,2.25
2015.07.24 08:11:49.902,1.42578,1.42603,1.12,1.50
2015.07.24 08:11:49.954,1.4258,1.42603,1.00,1.00
2015.07.24 08:11:50.260,1.42585,1.42607,1.12,1.50
2015.07.24 08:11:50.312,1.42587,1.42611,1.12,3.45
2015.07.24 08:11:51.347,1.42588,1.42611,1.00,1.12
2015.07.24 08:11:51.398,1.42588,1.42611,1.37,1.12
2015.07.24 08:11:51.501,1.42588,1.42611,1.37,1.12
2015.07.24 08:11:52.653,1.42589,1.42611,1.00,1.37
2015.07.24 08:11:52.959,1.42576,1.426,2.62,1.37
2015.07.24 08:11:53.012,1.42576,1.42597,2.62,1.00
2015.07.24 08:11:53.216,1.42573,1.42597,1.87,1.12
2015.07.24 08:11:53.580,1.42582,1.42604,1.00,1.87
2015.07.24 08:11:53.631,1.42582,1.42606,1.87,1.50
2015.07.24 08:11:53.837,1.42584,1.42607,1.00,1.00
2015.07.24 08:11:54.346,1.42584,1.42608,1.50,1.12
2015.07.24 08:11:54.961,1.42584,1.42608,1.87,1.50
2015.07.24 08:11:55.373,1.42587,1.42609,1.00,1.37
2015.07.24 08:11:55.678,1.42588,1.42612,1.50,1.50
2015.07.24 08:11:55.729,1.4259,1.42612,1.37,1.00
2015.07.24 08:11:55.781,1.42591,1.42615,1.00,2.25
2015.07.24 08:11:55.832,1.42591,1.42615,1.87,1.12
2015.07.24 08:11:56.217,1.42597,1.42621,1.87,1.87
2015.07.24 08:11:57.184,1.42598,1.42621,1.00,1.50
2015.07.24 08:11:57.610,1.42599,1.42621,1.12,1.00
2015.07.24 08:11:58.119,1.426,1.42621,1.12,1.37
2015.07.24 08:11:58.871,1.42598,1.42621,1.75,1.37
2015.07.24 08:11:58.922,1.42598,1.42621,1.00,1.37
2015.07.24 08:11:58.973,1.42596,1.42619,2.25,1.37
2015.07.24 08:11:59.329,1.42596,1.42618,1.00,1.37
2015.07.24 08:11:59.381,1.42596,1.42619,1.12,1.50
2015.07.24 08:11:59.847,1.42598,1.42619,1.00,1.00
2015.07.24 08:12:00.479,1.42601,1.42619,1.00,1.00
2015.07.24 08:12:00.532,1.42601,1.42623,1.00,1.87
2015.07.24 08:12:00.837,1.42598,1.42623,2.25,1.37
2015.07.24 08:12:00.939,1.42599,1.42624,1.75,2.25
2015.07.24 08:12:01.448,1.42599,1.42622,1.75,1.50
2015.07.24 08:12:02.639,1.42599,1.42622,1.12,1.75
2015.07.24 08:12:03.197,1.42599,1.42621,2.25,1.00
2015.07.24 08:12:03.902,1.42598,1.42619,2.62,1.37
2015.07.24 08:12:03.953,1.42598,1.42617,1.00,1.00
2015.07.24 08:12:04.055,1.42595,1.42616,1.50,1.12
2015.07.24 08:12:04.258,1.42592,1.42614,1.12,1.00
2015.07.24 08:12:04.613,1.42591,1.42613,2.62,1.00
2015.07.24 08:12:08.252,1.4259,1.42615,2.25,1.75
2015.07.24 08:12:09.115,1.42591,1.42613,1.37,1.00
2015.07.24 08:12:09.268,1.4259,1.42613,1.00,1.87
2015.07.24 08:12:09.370,1.4259,1.42613,1.00,1.87
2015.07.24 08:12:09.574,1.42588,1.42611,1.87,1.12
2015.07.24 08:12:10.524,1.42589,1.42612,1.12,1.12
2015.07.24 08:12:10.728,1.42587,1.42612,1.87,1.37
2015.07.24 08:12:11.034,1.42589,1.4261,1.00,1.60
2015.07.24 08:12:11.187,1.42585,1.42605,1.50,1.00
2015.07.24 08:12:11.492,1.42585,1.42607,1.37,1.00
2015.07.24 08:12:12.115,1.42588,1.42611,1.12,1.00
2015.07.24 08:12:12.638,1.42587,1.42611,1.87,1.12
2015.07.24 08:12:13.366,1.42589,1.42611,1.37,1.00
2015.07.24 08:12:13.984,1.42589,1.42612,1.37,1.87
2015.07.24 08:12:14.035,1.42589,1.42612,1.12,2.25
2015.07.24 08:12:14.491,1.42586,1.42607,1.37,1.00
2015.07.24 08:12:14.745,1.42583,1.42606,1.87,1.50
2015.07.24 08:12:15.528,1.42582,1.42604,1.87,1.00
2015.07.24 08:12:15.984,1.42583,1.42606,1.37,1.50
2015.07.24 08:12:16.745,1.42582,1.42604,1.87,1.00
2015.07.24 08:12:17.977,1.42582,1.42605,2.25,1.00
2015.07.24 08:12:18.129,1.42582,1.42601,2.25,1.00
2015.07.24 08:12:19.083,1.4258,1.42601,1.87,1.50
2015.07.24 08:12:19.390,1.42575,1.42595,1.75,1.00
2015.07.24 08:12:19.992,1.42578,1.42597,1.00,1.00
2015.07.24 08:12:20.344,1.4258,1.42598,1.12,1.00
2015.07.24 08:12:20.649,1.42579,1.42602,1.87,2.62
2015.07.24 08:12:20.955,1.42582,1.42602,1.12,1.12
2015.07.24 08:12:24.129,1.42583,1.42603,1.00,1.37
2015.07.24 08:12:24.636,1.42583,1.42604,1.00,2.62
2015.07.24 08:12:27.188,1.4258,1.42601,2.62,1.00
2015.07.24 08:12:27.290,1.42581,1.42603,1.12,1.87
2015.07.24 08:12:27.494,1.42581,1.426,1.72,1.00
2015.07.24 08:12:27.596,1.42581,1.42603,1.72,1.12
2015.07.24 08:12:28.100,1.42583,1.42604,1.00,2.25
2015.07.24 08:12:29.683,1.42584,1.42604,1.00,2.25
2015.07.24 08:12:30.140,1.42586,1.42604,1.00,1.50
2015.07.24 08:12:30.490,1.42586,1.42605,1.00,1.87
2015.07.24 08:12:30.744,1.42587,1.42608,1.00,2.25
2015.07.24 08:12:31.253,1.42588,1.42608,1.12,1.00
2015.07.24 08:12:31.782,1.42589,1.42608,1.00,1.00
2015.07.24 08:12:32.305,1.42588,1.42608,1.12,1.00
2015.07.24 08:12:34.264,1.42586,1.42608,1.50,1.87
2015.07.24 08:12:34.992,1.42585,1.42606,2.47,1.37
2015.07.24 08:12:35.514,1.42585,1.42606,1.00,1.00
2015.07.24 08:12:35.819,1.42585,1.42604,1.00,1.00
2015.07.24 08:12:36.334,1.42585,1.42605,1.50,1.00
2015.07.24 08:12:36.436,1.42586,1.42608,1.37,2.25
2015.07.24 08:12:36.938,1.42586,1.42608,1.37,2.25
2015.07.24 08:12:37.068,1.42586,1.42608,1.12,2.25
2015.07.24 08:12:38.000,1.42586,1.42608,1.50,1.50
2015.07.24 08:12:39.667,1.42586,1.42608,1.50,1.50
2015.07.24 08:12:40.182,1.42585,1.42606,2.62,1.00
2015.07.24 08:12:41.046,1.42586,1.42608,1.50,1.50
2015.07.24 08:12:41.484,1.42587,1.42608,1.00,1.50
2015.07.24 08:12:41.586,1.42586,1.42608,2.62,1.50
2015.07.24 08:12:41.891,1.42586,1.42605,1.50,1.00
2015.07.24 08:12:42.549,1.42585,1.42604,1.12,1.00
2015.07.24 08:12:43.583,1.42584,1.42604,1.12,1.00
2015.07.24 08:12:44.669,1.42584,1.42602,1.12,1.00
2015.07.24 08:12:44.720,1.42583,1.42602,1.87,1.00
2015.07.24 08:12:44.923,1.42582,1.42602,1.50,1.00
2015.07.24 08:12:45.127,1.42581,1.42602,1.35,2.25
2015.07.24 08:12:45.565,1.42584,1.42602,1.37,1.00
2015.07.24 08:12:45.617,1.42589,1.42608,1.37,1.12
2015.07.24 08:12:45.921,1.42589,1.42605,1.00,1.00
2015.07.24 08:12:46.429,1.42589,1.42603,1.00,1.00
2015.07.24 08:12:47.171,1.42585,1.42603,1.00,1.00
2015.07.24 08:12:47.582,1.42589,1.42603,1.00,1.00
2015.07.24 08:12:47.787,1.42595,1.4261,1.00,1.00
2015.07.24 08:12:47.890,1.42597,1.42615,1.00,3.07
2015.07.24 08:12:48.413,1.42594,1.42615,1.00,1.00
2015.07.24 08:12:48.774,1.42598,1.42616,1.00,1.37
2015.07.24 08:12:49.082,1.42602,1.42623,1.12,1.57
2015.07.24 08:12:49.184,1.42604,1.42625,1.00,1.12
2015.07.24 08:12:49.451,1.42602,1.42626,1.87,1.87
2015.07.24 08:12:49.962,1.42602,1.42626,1.87,1.87
2015.07.24 08:12:50.118,1.42602,1.42625,2.25,1.00
2015.07.24 08:12:50.699,1.42602,1.42624,1.87,1.00
2015.07.24 08:12:51.722,1.42603,1.42625,1.37,1.00
2015.07.24 08:12:51.925,1.42603,1.42626,1.12,1.75
2015.07.24 08:12:52.560,1.42601,1.42623,1.37,1.87
2015.07.24 08:12:52.612,1.42598,1.42618,1.37,1.00
2015.07.24 08:12:53.231,1.42598,1.42618,1.00,1.50
2015.07.24 08:12:53.874,1.42598,1.42615,1.00,1.00
2015.07.24 08:12:54.592,1.42598,1.42617,1.12,1.00
2015.07.24 08:12:55.617,1.42598,1.42616,1.00,1.00
2015.07.24 08:12:56.689,1.42596,1.42616,1.50,1.00
2015.07.24 08:12:56.994,1.42595,1.42614,1.87,1.00
2015.07.24 08:12:57.574,1.42594,1.42611,1.37,1.00
2015.07.24 08:12:57.625,1.42593,1.42611,1.12,1.00
2015.07.24 08:12:58.149,1.42593,1.4261,1.00,1.00
2015.07.24 08:12:58.739,1.42594,1.42612,1.50,1.00
2015.07.24 08:12:59.062,1.42604,1.42618,1.00,1.00
2015.07.24 08:12:59.113,1.42606,1.42625,1.00,1.00
2015.07.24 08:12:59.317,1.42604,1.42625,1.00,1.00
2015.07.24 08:12:59.957,1.42601,1.42621,1.00,1.00
2015.07.24 08:13:00.970,1.42602,1.42621,1.00,1.12
2015.07.24 08:13:01.319,1.426,1.42619,1.12,1.00
2015.07.24 08:13:01.827,1.426,1.42618,1.12,1.00
2015.07.24 08:13:02.132,1.4261,1.42618,1.37,1.00
2015.07.24 08:13:02.184,1.42611,1.42629,1.37,1.12
2015.07.24 08:13:02.235,1.42611,1.4263,1.37,1.00
2015.07.24 08:13:02.577,1.42617,1.42631,1.00,1.00
2015.07.24 08:13:02.730,1.42617,1.42633,1.00,1.00
2015.07.24 08:13:02.831,1.42617,1.42635,1.50,1.00
2015.07.24 08:13:03.390,1.42619,1.42635,1.00,1.00
2015.07.24 08:13:04.476,1.42617,1.42637,1.87,1.00
2015.07.24 08:13:04.579,1.4262,1.42638,1.35,1.00
2015.07.24 08:13:04.837,1.42625,1.42643,1.37,1.00
2015.07.24 08:13:04.939,1.42624,1.42641,1.50,1.00
2015.07.24 08:13:05.396,1.42621,1.42641,1.50,1.00
2015.07.24 08:13:05.447,1.42621,1.42641,2.25,1.00
2015.07.24 08:13:05.785,1.42621,1.42638,2.62,1.00
2015.07.24 08:13:06.294,1.42623,1.42639,1.12,1.00
2015.07.24 08:13:06.777,1.42622,1.42636,1.12,1.00
2015.07.24 08:13:07.534,1.42622,1.42637,1.37,1.00
2015.07.24 08:13:08.042,1.42621,1.42637,1.37,1.00
2015.07.24 08:13:08.451,1.42621,1.42642,1.37,1.12
2015.07.24 08:13:09.409,1.42621,1.42642,1.12,1.00
2015.07.24 08:13:09.612,1.4262,1.42642,1.50,1.37
2015.07.24 08:13:11.698,1.42619,1.42642,1.12,3.37
2015.07.24 08:13:12.206,1.42617,1.4264,1.12,2.25
2015.07.24 08:13:12.933,1.42618,1.4264,1.00,3.00
2015.07.24 08:13:13.454,1.42617,1.4264,1.12,3.75
2015.07.24 08:13:14.302,1.42619,1.4264,1.37,2.25
2015.07.24 08:13:15.390,1.42619,1.4264,1.37,1.12
2015.07.24 08:13:16.636,1.42619,1.42641,1.00,2.25
2015.07.24 08:13:16.687,1.42616,1.4264,1.50,1.50
2015.07.24 08:13:16.840,1.42616,1.4264,1.50,3.00
2015.07.24 08:13:17.200,1.42619,1.4264,1.00,2.25
2015.07.24 08:13:18.240,1.42617,1.4264,1.12,3.00
2015.07.24 08:13:18.955,1.42617,1.4264,1.37,3.37
2015.07.24 08:13:20.477,1.42615,1.42637,1.12,1.87
2015.07.24 08:13:20.995,1.42615,1.42636,1.00,1.37
2015.07.24 08:13:21.367,1.42615,1.42636,1.37,1.12
2015.07.24 08:13:22.876,1.42615,1.42637,1.00,4.72
2015.07.24 08:13:22.978,1.4261,1.42632,2.62,1.12
2015.07.24 08:13:23.590,1.42607,1.42631,3.75,1.50
2015.07.24 08:13:24.130,1.42607,1.4263,2.62,1.00
2015.07.24 08:13:27.541,1.42607,1.4263,3.00,1.00
2015.07.24 08:13:28.777,1.42607,1.4263,2.62,1.00
2015.07.24 08:13:31.979,1.42607,1.4263,1.87,1.00
2015.07.24 08:13:33.205,1.42608,1.4263,1.87,1.00
2015.07.24 08:13:33.611,1.42613,1.42636,1.37,1.87
2015.07.24 08:13:33.966,1.42617,1.42637,1.00,1.87
2015.07.24 08:13:34.381,1.42617,1.42637,1.37,1.50
2015.07.24 08:13:34.695,1.42617,1.42639,1.37,3.00
2015.07.24 08:13:35.406,1.42622,1.4264,1.00,1.50
2015.07.24 08:13:36.114,1.42622,1.4264,1.12,1.00
2015.07.24 08:13:36.172,1.42624,1.42643,1.00,1.87
2015.07.24 08:13:37.942,1.42622,1.42644,1.12,1.87
2015.07.24 08:13:38.419,1.42622,1.42644,1.37,1.87
2015.07.24 08:13:40.039,1.42622,1.42644,1.37,1.87
2015.07.24 08:13:41.119,1.42622,1.42644,1.37,2.62
2015.07.24 08:13:41.677,1.42621,1.42643,1.37,1.00
2015.07.24 08:13:45.364,1.42621,1.42643,1.00,3.00
2015.07.24 08:13:45.415,1.42619,1.4264,2.25,1.00
2015.07.24 08:13:45.922,1.42618,1.42639,1.87,1.12
2015.07.24 08:13:46.228,1.42618,1.42639,1.87,1.87
2015.07.24 08:13:46.432,1.42614,1.42634,1.12,1.00
2015.07.24 08:13:46.731,1.42612,1.42633,1.00,2.25
2015.07.24 08:13:46.884,1.42613,1.42634,1.00,1.50
2015.07.24 08:13:47.037,1.42615,1.42636,1.00,2.62
2015.07.24 08:13:47.393,1.42617,1.42636,1.00,1.37
2015.07.24 08:13:48.374,1.42617,1.42636,1.00,1.12
2015.07.24 08:13:49.364,1.42617,1.42636,1.00,1.37
2015.07.24 08:13:50.368,1.42617,1.42636,1.00,2.25
2015.07.24 08:13:50.470,1.42612,1.4263,1.50,1.00
2015.07.24 08:13:51.150,1.42611,1.42628,1.50,1.00
2015.07.24 08:13:52.010,1.42608,1.42629,1.00,1.00
2015.07.24 08:13:52.213,1.42608,1.42627,1.00,1.00
2015.07.24 08:13:54.106,1.42608,1.4263,1.00,1.87
2015.07.24 08:13:54.422,1.42611,1.4263,1.00,1.37
2015.07.24 08:13:54.473,1.42611,1.42631,1.00,1.87
2015.07.24 08:13:54.931,1.42609,1.42631,1.00,1.87
2015.07.24 08:13:55.033,1.42609,1.42631,1.00,2.62
2015.07.24 08:13:55.338,1.42607,1.42629,1.00,1.37
2015.07.24 08:13:55.738,1.42605,1.42626,1.87,1.00
2015.07.24 08:13:56.245,1.42605,1.42628,1.87,3.00
2015.07.24 08:13:57.926,1.42607,1.42628,1.00,1.50
2015.07.24 08:13:58.698,1.42607,1.42628,1.00,1.12
2015.07.24 08:13:59.929,1.42606,1.42628,1.00,1.87
2015.07.24 08:14:00.362,1.42605,1.42624,1.67,1.00
2015.07.24 08:14:00.725,1.4261,1.42632,1.00,1.12
2015.07.24 08:14:01.124,1.42611,1.42634,2.25,1.00
2015.07.24 08:14:01.489,1.42613,1.42635,1.00,1.00
2015.07.24 08:14:02.249,1.42613,1.42635,1.50,1.00
2015.07.24 08:14:03.816,1.42611,1.42631,1.57,1.37
2015.07.24 08:14:03.972,1.42605,1.42627,3.00,1.00
2015.07.24 08:14:04.074,1.42605,1.42627,1.12,2.25
2015.07.24 08:14:04.125,1.42605,1.42625,1.12,1.00
2015.07.24 08:14:04.478,1.42604,1.42622,1.00,1.00
2015.07.24 08:14:05.088,1.42602,1.42622,1.12,1.00
2015.07.24 08:14:05.190,1.42599,1.42619,1.37,1.00
2015.07.24 08:14:05.242,1.42596,1.42619,2.62,1.00
2015.07.24 08:14:05.750,1.42595,1.42618,1.37,1.50
2015.07.24 08:14:06.676,1.426,1.42622,1.12,1.87
2015.07.24 08:14:06.728,1.426,1.42623,1.12,1.50
2015.07.24 08:14:06.880,1.42601,1.42624,1.37,1.12
2015.07.24 08:14:07.185,1.42605,1.42627,1.00,3.07
2015.07.24 08:14:08.518,1.42605,1.42627,1.00,1.87
2015.07.24 08:14:09.388,1.42605,1.42626,1.00,1.00
2015.07.24 08:14:12.342,1.42604,1.42626,2.25,1.00
2015.07.24 08:14:13.698,1.42604,1.42626,2.25,1.00
2015.07.24 08:14:14.169,1.42604,1.42622,1.50,1.00
2015.07.24 08:14:14.481,1.426,1.42616,1.50,1.00
2015.07.24 08:14:14.684,1.42596,1.42616,1.50,1.00
2015.07.24 08:14:15.938,1.42594,1.42613,2.85,1.00
2015.07.24 08:14:17.178,1.42595,1.42613,1.37,1.00
2015.07.24 08:14:17.483,1.42596,1.42613,1.12,1.00
2015.07.24 08:14:19.459,1.42597,1.42616,1.37,1.00
2015.07.24 08:14:19.510,1.426,1.42617,1.00,1.00
2015.07.24 08:14:20.082,1.426,1.42615,1.00,1.00
2015.07.24 08:14:20.135,1.42596,1.42615,2.25,1.00
2015.07.24 08:14:21.588,1.42595,1.42615,2.62,1.50
2015.07.24 08:14:22.112,1.42595,1.42615,1.37,1.50
2015.07.24 08:14:22.619,1.42595,1.42615,1.12,1.50
2015.07.24 08:14:24.133,1.42594,1.42615,1.50,1.50
2015.07.24 08:14:25.008,1.42595,1.42614,1.00,1.12
2015.07.24 08:14:27.538,1.42594,1.42614,1.12,1.50
2015.07.24 08:14:28.326,1.42595,1.42614,1.00,1.50
2015.07.24 08:14:28.760,1.42595,1.42615,1.87,1.00
2015.07.24 08:14:29.065,1.42596,1.42613,1.12,1.00
2015.07.24 08:14:31.003,1.42596,1.4261,1.12,1.00
2015.07.24 08:14:31.105,1.42591,1.42609,1.57,1.00
2015.07.24 08:14:31.624,1.42591,1.42607,1.00,1.00
2015.07.24 08:14:31.726,1.42588,1.42607,1.50,1.00
2015.07.24 08:14:31.828,1.42588,1.42609,1.50,1.00
2015.07.24 08:14:32.248,1.42587,1.42605,1.12,1.00
2015.07.24 08:14:32.778,1.42587,1.42606,1.12,1.00
2015.07.24 08:14:34.602,1.42587,1.42605,1.12,1.00
2015.07.24 08:14:35.558,1.42587,1.42606,1.87,1.00
2015.07.24 08:14:38.640,1.42587,1.42604,2.25,1.00
2015.07.24 08:14:39.171,1.42587,1.42605,1.75,1.00
2015.07.24 08:14:41.413,1.42587,1.42604,1.12,1.00
2015.07.24 08:14:42.187,1.42586,1.42607,2.25,1.50
2015.07.24 08:14:42.238,1.42586,1.42607,1.87,1.50
2015.07.24 08:14:43.110,1.42586,1.42607,1.87,1.00
2015.07.24 08:14:43.314,1.42587,1.42607,1.37,1.00
2015.07.24 08:14:45.368,1.42589,1.42607,1.50,1.00
2015.07.24 08:14:46.638,1.42587,1.42607,1.12,1.00
2015.07.24 08:14:47.935,1.42587,1.42607,1.50,1.00
2015.07.24 08:14:51.726,1.42587,1.42607,1.50,1.00
2015.07.24 08:14:57.509,1.42587,1.42607,1.12,1.00
2015.07.24 08:14:58.550,1.42587,1.42606,1.12,1.00
2015.07.24 08:14:59.312,1.42587,1.42606,1.37,1.00
2015.07.24 08:14:59.855,1.42587,1.42606,1.87,1.00
2015.07.24 08:15:00.364,1.42587,1.42606,1.87,1.00
2015.07.24 08:15:01.394,1.42587,1.42608,1.87,1.00
2015.07.24 08:15:01.906,1.42587,1.42608,2.25,1.00
2015.07.24 08:15:02.953,1.42588,1.42607,1.12,1.00
2015.07.24 08:15:04.075,1.42589,1.42607,1.00,1.00
2015.07.24 08:15:04.353,1.42595,1.42613,1.50,1.37
2015.07.24 08:15:04.405,1.42596,1.42618,1.87,1.00
2015.07.24 08:15:04.951,1.42596,1.42619,3.75,1.00
2015.07.24 08:15:05.667,1.42597,1.4262,1.85,2.25
2015.07.24 08:15:05.821,1.426,1.4262,1.37,1.12
2015.07.24 08:15:06.024,1.426,1.42622,2.62,1.00
2015.07.24 08:15:06.481,1.42602,1.42625,1.12,1.50
2015.07.24 08:15:06.961,1.42604,1.42627,1.00,3.37
2015.07.24 08:15:07.265,1.42605,1.42626,2.25,1.50
2015.07.24 08:15:07.772,1.42605,1.42627,2.25,1.50
2015.07.24 08:15:08.281,1.42606,1.42627,1.37,1.50
2015.07.24 08:15:09.859,1.42613,1.42636,1.37,2.25
2015.07.24 08:15:10.164,1.42615,1.42632,1.12,1.00
2015.07.24 08:15:10.216,1.42613,1.4263,1.00,1.00
2015.07.24 08:15:10.318,1.42611,1.4263,1.00,1.00
2015.07.24 08:15:10.912,1.42611,1.4263,2.47,1.00
2015.07.24 08:15:11.311,1.42611,1.42628,1.12,1.00
2015.07.24 08:15:11.617,1.4261,1.42628,1.50,1.00
2015.07.24 08:15:11.872,1.42611,1.42631,1.35,1.00
2015.07.24 08:15:12.198,1.42611,1.42633,2.47,1.00
2015.07.24 08:15:12.249,1.42611,1.42631,2.47,1.12
2015.07.24 08:15:12.505,1.4261,1.42633,1.00,1.50
2015.07.24 08:15:13.013,1.42609,1.42631,2.25,1.12
2015.07.24 08:15:13.551,1.4261,1.42631,1.00,1.37
2015.07.24 08:15:14.088,1.4261,1.42631,1.12,1.37
2015.07.24 08:15:15.383,1.42609,1.4263,1.37,1.87
2015.07.24 08:15:16.370,1.4261,1.42632,1.00,1.75
2015.07.24 08:15:16.879,1.42611,1.42632,1.00,1.37
2015.07.24 08:15:17.711,1.4261,1.42633,2.25,1.37
2015.07.24 08:15:18.259,1.4261,1.42633,2.25,1.87
2015.07.24 08:15:18.564,1.42613,1.42634,1.00,1.50
2015.07.24 08:15:18.667,1.4261,1.42634,2.25,1.50
2015.07.24 08:15:20.462,1.4261,1.42633,2.25,1.00
2015.07.24 08:15:20.565,1.42614,1.42636,1.00,2.62
2015.07.24 08:15:20.617,1.42618,1.42636,1.72,1.12
2015.07.24 08:15:20.675,1.42618,1.42639,1.72,1.87
2015.07.24 08:15:20.777,1.42618,1.42641,1.72,1.00
2015.07.24 08:15:21.147,1.4262,1.42639,1.00,1.00
2015.07.24 08:15:21.350,1.42617,1.42639,1.37,1.37
2015.07.24 08:15:21.451,1.42616,1.42634,2.62,1.00
2015.07.24 08:15:21.776,1.42614,1.42636,1.87,1.12
2015.07.24 08:15:22.031,1.42612,1.42635,2.10,1.00
2015.07.24 08:15:22.234,1.42612,1.42635,1.12,1.87
2015.07.24 08:15:23.555,1.42612,1.42635,1.12,1.87
2015.07.24 08:15:23.860,1.42612,1.42633,1.12,1.37
2015.07.24 08:15:24.165,1.4261,1.4263,1.12,1.87
2015.07.24 08:15:24.686,1.42611,1.4263,1.50,1.00
2015.07.24 08:15:25.194,1.42611,1.42631,1.50,1.50
2015.07.24 08:15:25.499,1.42611,1.42633,1.87,1.87
2015.07.24 08:15:26.511,1.42612,1.42633,1.50,1.87
2015.07.24 08:15:27.328,1.42612,1.42633,1.00,1.50
2015.07.24 08:15:27.430,1.42609,1.42632,1.50,1.37
2015.07.24 08:15:27.899,1.42609,1.4263,1.12,1.37
2015.07.24 08:15:28.408,1.42609,1.42629,1.00,1.00
2015.07.24 08:15:28.714,1.42608,1.42627,1.87,1.00
2015.07.24 08:15:29.388,1.42609,1.4263,1.00,1.12
2015.07.24 08:15:32.499,1.42609,1.42626,1.00,1.00
2015.07.24 08:15:32.895,1.42607,1.42622,1.12,1.37
2015.07.24 08:15:32.947,1.42599,1.42621,1.50,1.00
2015.07.24 08:15:33.454,1.426,1.42623,1.12,2.62
2015.07.24 08:15:33.658,1.42601,1.42623,1.00,1.50
2015.07.24 08:15:34.171,1.426,1.42623,1.12,2.25
2015.07.24 08:15:34.696,1.42601,1.42623,1.00,2.25
2015.07.24 08:15:35.205,1.42599,1.42623,1.87,2.25
2015.07.24 08:15:37.321,1.42599,1.42622,1.50,1.50
2015.07.24 08:15:39.351,1.426,1.42622,1.87,1.87
2015.07.24 08:15:39.402,1.42604,1.42622,1.35,1.00
2015.07.24 08:15:39.454,1.42606,1.42624,1.37,1.00
2015.07.24 08:15:39.505,1.42606,1.42626,1.37,1.00
2015.07.24 08:15:40.103,1.42607,1.42627,1.12,1.87
2015.07.24 08:15:40.616,1.42606,1.42627,1.12,1.12
2015.07.24 08:15:41.387,1.42607,1.42628,1.72,1.50
2015.07.24 08:15:41.921,1.42608,1.42629,1.00,1.50
2015.07.24 08:15:42.447,1.42607,1.42629,1.35,1.50
2015.07.24 08:15:42.977,1.42607,1.42629,1.72,1.50
2015.07.24 08:15:43.584,1.42607,1.42629,1.72,1.00
2015.07.24 08:15:44.562,1.42609,1.42629,1.00,1.00
2015.07.24 08:15:47.605,1.42617,1.42629,1.00,1.00
2015.07.24 08:15:47.657,1.42617,1.42637,1.60,1.00
2015.07.24 08:15:47.958,1.42617,1.4264,2.10,1.50
2015.07.24 08:15:48.469,1.4262,1.42641,1.35,1.00
2015.07.24 08:15:49.276,1.4262,1.42641,1.72,1.12
2015.07.24 08:15:49.798,1.4262,1.42641,2.10,1.12
2015.07.24 08:15:50.406,1.42621,1.42641,1.00,1.00
2015.07.24 08:15:51.688,1.42621,1.42642,1.12,1.12
2015.07.24 08:15:52.195,1.42622,1.42642,1.12,1.00
2015.07.24 08:15:52.702,1.42621,1.42642,1.12,1.12
2015.07.24 08:15:53.805,1.42621,1.42642,1.12,1.37
2015.07.24 08:15:54.339,1.42621,1.42642,1.37,1.12
2015.07.24 08:15:54.542,1.4262,1.42642,1.72,1.37
2015.07.24 08:15:54.860,1.42621,1.42642,1.87,1.37
2015.07.24 08:15:55.410,1.4262,1.42642,1.72,1.37
2015.07.24 08:15:55.917,1.42621,1.42644,1.37,2.62
2015.07.24 08:15:56.317,1.4262,1.42639,1.72,1.00
2015.07.24 08:15:56.368,1.42621,1.42641,1.50,1.00
2015.07.24 08:15:56.910,1.42621,1.42641,1.12,1.00
2015.07.24 08:15:57.555,1.42621,1.42644,1.50,1.50
2015.07.24 08:15:57.914,1.4262,1.42642,1.67,2.62
2015.07.24 08:15:58.321,1.4262,1.4264,1.00,1.37
2015.07.24 08:15:58.372,1.42616,1.42639,2.25,1.37
2015.07.24 08:15:58.525,1.42614,1.42637,1.72,1.87
2015.07.24 08:15:59.034,1.42614,1.42635,1.35,1.37
2015.07.24 08:15:59.339,1.4261,1.42631,1.60,1.00
2015.07.24 08:15:59.441,1.4261,1.42631,1.00,1.00
2015.07.24 08:15:59.593,1.42609,1.42628,1.72,1.00
2015.07.24 08:16:00.574,1.42608,1.42628,1.37,1.37
2015.07.24 08:16:00.828,1.42603,1.42625,1.30,1.50
2015.07.24 08:16:01.083,1.42602,1.42623,1.50,1.00
2015.07.24 08:16:01.708,1.42602,1.42624,1.12,1.12
2015.07.24 08:16:02.222,1.42603,1.42624,1.00,1.00
2015.07.24 08:16:02.926,1.42602,1.42624,1.50,1.37
2015.07.24 08:16:03.694,1.42602,1.42622,1.12,1.00
2015.07.24 08:16:03.948,1.42598,1.42621,1.50,1.87
2015.07.24 08:16:04.269,1.42601,1.4262,1.00,1.00
2015.07.24 08:16:04.789,1.42601,1.42621,1.00,1.12
2015.07.24 08:16:05.107,1.42598,1.42621,1.00,2.62
2015.07.24 08:16:05.626,1.42601,1.4262,1.67,1.00
2015.07.24 08:16:05.931,1.42605,1.4262,4.35,1.00
2015.07.24 08:16:05.982,1.42605,1.42625,5.10,1.12
2015.07.24 08:16:06.288,1.42606,1.42626,1.12,1.00
2015.07.24 08:16:06.792,1.426,1.42623,1.00,2.25
2015.07.24 08:16:07.301,1.42601,1.42621,1.00,1.00
2015.07.24 08:16:07.644,1.42609,1.42622,1.00,1.00
2015.07.24 08:16:08.003,1.42614,1.42633,1.12,1.00
2015.07.24 08:16:08.056,1.42615,1.42636,1.00,1.00
2015.07.24 08:16:08.209,1.42615,1.42634,1.00,1.00
2015.07.24 08:16:08.729,1.42614,1.42634,1.50,1.00
2015.07.24 08:16:10.437,1.42615,1.42634,1.00,1.00
2015.07.24 08:16:11.002,1.42615,1.42632,1.00,1.00
2015.07.24 08:16:12.976,1.42614,1.42632,1.50,1.00
2015.07.24 08:16:14.613,1.42613,1.42632,1.00,1.00
2015.07.24 08:16:15.120,1.42612,1.42631,1.87,1.00
2015.07.24 08:16:15.668,1.42611,1.4263,1.87,1.00
2015.07.24 08:16:16.185,1.4261,1.42632,1.72,1.37
2015.07.24 08:16:16.713,1.4261,1.42629,1.72,1.00
2015.07.24 08:16:18.171,1.4261,1.42629,1.72,1.00
2015.07.24 08:16:19.983,1.42609,1.42632,2.47,1.12
2015.07.24 08:16:20.187,1.42609,1.42629,2.10,1.00
2015.07.24 08:16:21.251,1.42611,1.42629,1.00,1.00
2015.07.24 08:16:21.303,1.42611,1.42632,1.00,1.37
2015.07.24 08:16:21.354,1.42612,1.42632,1.72,1.00
2015.07.24 08:16:21.607,1.42613,1.42634,2.10,1.00
2015.07.24 08:16:22.168,1.42614,1.42636,1.12,1.50
2015.07.24 08:16:22.628,1.42614,1.42636,1.87,1.12
2015.07.24 08:16:22.984,1.42614,1.42636,1.00,1.12
2015.07.24 08:16:23.035,1.42614,1.42636,1.00,1.37
2015.07.24 08:16:23.136,1.42614,1.42636,1.00,1.00
2015.07.24 08:16:23.339,1.42616,1.42636,1.00,1.00
2015.07.24 08:16:23.705,1.42614,1.42635,1.00,1.12
2015.07.24 08:16:24.021,1.42612,1.42633,1.72,1.00
2015.07.24 08:16:24.072,1.4261,1.42633,2.25,1.87
2015.07.24 08:16:24.174,1.4261,1.42633,1.50,1.37
2015.07.24 08:16:24.479,1.42609,1.4263,1.37,1.37
2015.07.24 08:16:24.581,1.42607,1.42627,1.50,1.00
2015.07.24 08:16:25.667,1.42607,1.42625,1.12,1.00
2015.07.24 08:16:25.972,1.42605,1.42626,1.00,1.75
2015.07.24 08:16:26.074,1.42607,1.42626,1.00,1.75
2015.07.24 08:16:26.379,1.42605,1.42624,1.00,1.12
2015.07.24 08:16:26.839,1.42607,1.42624,1.00,1.12
2015.07.24 08:16:27.145,1.42605,1.42624,1.00,1.12
2015.07.24 08:16:27.731,1.42604,1.42625,1.00,1.37
2015.07.24 08:16:28.866,1.42604,1.42623,1.00,1.37
2015.07.24 08:16:29.172,1.42604,1.4262,1.00,1.00
2015.07.24 08:16:29.223,1.42598,1.4262,1.12,1.37
2015.07.24 08:16:29.743,1.42597,1.4262,1.12,1.50
2015.07.24 08:16:30.051,1.42594,1.42612,1.12,1.00
2015.07.24 08:16:34.623,1.42593,1.42612,1.50,1.00
2015.07.24 08:16:35.684,1.42592,1.42614,2.85,1.00
2015.07.24 08:16:36.215,1.42594,1.42614,1.00,1.00
2015.07.24 08:16:36.732,1.42593,1.42614,1.12,1.12
2015.07.24 08:16:37.241,1.42593,1.42613,1.12,1.00
2015.07.24 08:16:37.767,1.42593,1.42612,1.12,1.00
2015.07.24 08:16:39.700,1.42594,1.42612,1.00,1.00
2015.07.24 08:16:40.689,1.42597,1.42612,1.00,1.00
2015.07.24 08:16:40.740,1.42597,1.42614,1.00,1.00
2015.07.24 08:16:41.280,1.42594,1.42614,2.25,1.00
2015.07.24 08:16:42.943,1.42594,1.42615,1.12,1.37
2015.07.24 08:16:42.995,1.42593,1.42615,1.50,1.37
2015.07.24 08:16:44.748,1.42594,1.42613,1.00,1.12
2015.07.24 08:16:48.379,1.42593,1.42613,1.12,1.00
2015.07.24 08:16:49.066,1.42594,1.42613,1.00,1.00
2015.07.24 08:16:55.047,1.42594,1.42606,1.00,1.00
2015.07.24 08:16:55.200,1.42588,1.42606,1.00,1.00
2015.07.24 08:16:55.302,1.42588,1.42604,1.00,1.00
2015.07.24 08:16:55.404,1.42583,1.42604,1.00,1.37
2015.07.24 08:16:55.677,1.42582,1.42598,1.00,1.00
2015.07.24 08:16:55.728,1.42579,1.42598,1.00,1.00
2015.07.24 08:16:56.259,1.42578,1.42598,1.00,1.50
2015.07.24 08:16:57.562,1.42578,1.42597,1.12,1.00
2015.07.24 08:16:59.122,1.42577,1.42598,1.50,1.00
2015.07.24 08:16:59.797,1.42577,1.42597,1.87,1.00
2015.07.24 08:17:00.546,1.42577,1.42598,1.50,1.50
2015.07.24 08:17:00.650,1.42576,1.42594,2.25,1.00
2015.07.24 08:17:01.107,1.42576,1.42596,1.75,1.00
2015.07.24 08:17:01.209,1.42575,1.42591,1.50,1.00
2015.07.24 08:17:01.530,1.42574,1.42589,1.37,1.00
2015.07.24 08:17:03.392,1.42574,1.4259,1.50,1.00
2015.07.24 08:17:03.686,1.42576,1.42592,1.00,1.00
2015.07.24 08:17:04.197,1.42575,1.42593,1.12,1.00
2015.07.24 08:17:05.151,1.42575,1.42592,1.50,1.00
2015.07.24 08:17:05.743,1.42575,1.42592,1.50,1.00
2015.07.24 08:17:06.609,1.42575,1.42592,1.50,1.00
2015.07.24 08:17:09.543,1.42575,1.42593,1.50,1.00
2015.07.24 08:17:10.576,1.42575,1.42596,1.12,1.12
2015.07.24 08:17:10.940,1.42578,1.42596,1.00,1.37
2015.07.24 08:17:11.042,1.42575,1.42595,1.50,1.12
2015.07.24 08:17:11.093,1.42575,1.42593,1.50,1.00
2015.07.24 08:17:12.056,1.42575,1.42592,1.00,1.00
2015.07.24 08:17:13.334,1.42574,1.42593,1.50,1.00
2015.07.24 08:17:13.637,1.42573,1.42591,2.25,1.00
2015.07.24 08:17:14.186,1.42573,1.4259,1.75,1.00
2015.07.24 08:17:14.941,1.42573,1.4259,1.12,1.87
2015.07.24 08:17:15.002,1.42567,1.42588,1.12,1.00
2015.07.24 08:17:15.537,1.42567,1.42589,1.12,1.12
2015.07.24 08:17:16.404,1.42567,1.42588,1.12,1.00
2015.07.24 08:17:17.647,1.42569,1.42588,1.00,1.00
2015.07.24 08:17:18.024,1.42567,1.42588,1.50,1.00
2015.07.24 08:17:19.203,1.42567,1.4259,1.50,2.62
2015.07.24 08:17:20.381,1.42569,1.4259,1.37,1.50
2015.07.24 08:17:20.686,1.42573,1.42595,1.12,1.87
2015.07.24 08:17:20.787,1.42573,1.42595,1.12,1.37
2015.07.24 08:17:21.448,1.42571,1.42591,2.25,1.12
2015.07.24 08:17:21.500,1.42566,1.42587,1.50,1.00
2015.07.24 08:17:23.825,1.42564,1.42587,1.37,1.37
2015.07.24 08:17:24.547,1.42565,1.42587,1.00,1.37
2015.07.24 08:17:26.338,1.42566,1.42589,1.00,2.62
2015.07.24 08:17:27.160,1.42566,1.42588,2.10,1.00
2015.07.24 08:17:27.694,1.42567,1.42588,1.00,1.00
2015.07.24 08:17:28.716,1.42566,1.42588,1.87,1.00
2015.07.24 08:17:29.250,1.42567,1.42589,1.00,1.12
2015.07.24 08:17:30.608,1.42572,1.4259,1.00,1.50
2015.07.24 08:17:31.292,1.42572,1.42591,1.37,1.00
2015.07.24 08:17:31.348,1.42575,1.42596,1.00,1.37
2015.07.24 08:17:33.746,1.42575,1.42596,1.00,1.37
2015.07.24 08:17:34.320,1.42574,1.42596,1.12,1.37
2015.07.24 08:17:34.921,1.42575,1.42596,1.00,1.37
2015.07.24 08:17:38.258,1.42575,1.42597,1.37,1.87
2015.07.24 08:17:42.209,1.42575,1.42599,1.87,2.25
2015.07.24 08:17:43.369,1.42577,1.42598,1.87,1.12
2015.07.24 08:17:46.733,1.42577,1.42599,1.50,2.25
2015.07.24 08:17:49.079,1.42577,1.42599,1.87,1.87
2015.07.24 08:17:53.556,1.42578,1.42601,1.50,2.25
2015.07.24 08:17:54.340,1.42579,1.42601,1.12,1.00
2015.07.24 08:17:54.867,1.4258,1.42601,1.75,1.00
2015.07.24 08:17:55.071,1.42582,1.42604,2.62,1.00
2015.07.24 08:17:55.174,1.42582,1.42605,2.62,1.37
2015.07.24 08:17:55.681,1.42581,1.42603,1.87,1.00
2015.07.24 08:17:57.114,1.42582,1.42603,1.00,1.12
2015.07.24 08:17:57.166,1.42582,1.42603,1.00,1.37
2015.07.24 08:17:57.217,1.42579,1.426,1.12,1.37
2015.07.24 08:17:57.768,1.42578,1.42598,1.00,1.12
2015.07.24 08:17:58.275,1.42577,1.42598,2.62,1.37
2015.07.24 08:17:59.437,1.42577,1.426,3.00,1.50
2015.07.24 08:18:00.918,1.42576,1.42596,1.12,1.37
2015.07.24 08:18:03.268,1.42576,1.42598,1.87,1.87
2015.07.24 08:18:05.009,1.42577,1.42598,1.37,1.37
2015.07.24 08:18:05.517,1.42577,1.42598,1.37,1.37
2015.07.24 08:18:06.816,1.42579,1.42598,1.60,1.50
2015.07.24 08:18:07.020,1.4259,1.4261,1.37,2.25
2015.07.24 08:18:07.335,1.42592,1.42615,1.75,1.87
2015.07.24 08:18:07.893,1.42594,1.42616,1.12,1.37
2015.07.24 08:18:09.633,1.42595,1.42617,1.00,1.50
2015.07.24 08:18:10.182,1.42594,1.42617,1.50,2.25
2015.07.24 08:18:10.849,1.42595,1.42617,1.00,1.37
2015.07.24 08:18:11.357,1.42596,1.42617,1.00,1.37
2015.07.24 08:18:11.662,1.42598,1.42618,1.00,1.37
2015.07.24 08:18:12.027,1.42596,1.42617,1.87,1.37
2015.07.24 08:18:13.844,1.42596,1.42615,1.00,1.00
2015.07.24 08:18:14.098,1.42594,1.42613,1.87,1.00
2015.07.24 08:18:14.251,1.42589,1.4261,1.12,1.87
2015.07.24 08:18:14.353,1.42587,1.42609,1.12,1.37
2015.07.24 08:18:15.004,1.42587,1.42605,1.00,1.12
2015.07.24 08:18:15.514,1.42584,1.42605,2.62,1.37
2015.07.24 08:18:16.048,1.42585,1.42605,1.87,1.12
2015.07.24 08:18:17.192,1.42585,1.42603,1.37,1.00
2015.07.24 08:18:18.400,1.42584,1.42601,1.87,1.00
2015.07.24 08:18:18.451,1.42582,1.42601,2.25,1.00
2015.07.24 08:18:18.553,1.42582,1.42601,1.87,1.00
2015.07.24 08:18:18.858,1.42582,1.42599,1.12,1.00
2015.07.24 08:18:19.064,1.42582,1.42601,1.12,1.50
2015.07.24 08:18:19.589,1.42582,1.42602,1.87,1.12
2015.07.24 08:18:19.844,1.42584,1.42604,1.00,1.12
2015.07.24 08:18:20.151,1.42586,1.42606,1.00,1.37
2015.07.24 08:18:20.304,1.42586,1.42608,1.12,3.00
2015.07.24 08:18:21.552,1.42586,1.42608,1.87,1.50
2015.07.24 08:18:22.112,1.42587,1.4261,1.72,2.25
2015.07.24 08:18:22.471,1.42593,1.42614,1.00,1.50
2015.07.24 08:18:22.783,1.42597,1.42616,1.00,1.50
2015.07.24 08:18:22.936,1.42597,1.42618,2.25,1.12
2015.07.24 08:18:23.443,1.42598,1.42621,1.12,3.37
2015.07.24 08:18:24.002,1.42598,1.4262,1.37,1.37
2015.07.24 08:18:27.705,1.42597,1.4262,1.50,2.62
2015.07.24 08:18:28.219,1.42597,1.4262,1.50,3.37
2015.07.24 08:18:29.404,1.42597,1.4262,1.50,2.62
2015.07.24 08:18:31.005,1.42597,1.42618,1.00,1.37
2015.07.24 08:18:31.107,1.42596,1.42618,1.50,1.50
2015.07.24 08:18:31.158,1.42596,1.42618,1.50,1.87
2015.07.24 08:18:31.465,1.42592,1.42615,2.25,2.25
2015.07.24 08:18:31.669,1.42592,1.42614,1.75,1.87
2015.07.24 08:18:32.043,1.42592,1.4261,1.50,1.00
2015.07.24 08:18:32.986,1.4259,1.4261,1.50,1.00
2015.07.24 08:18:34.371,1.42591,1.42609,1.00,1.00
2015.07.24 08:18:35.049,1.42589,1.42609,2.25,1.00
2015.07.24 08:18:35.557,1.42587,1.42608,2.25,1.37
2015.07.24 08:18:35.608,1.42587,1.42608,2.25,2.62
2015.07.24 08:18:35.862,1.42585,1.42606,1.37,1.37
2015.07.24 08:18:35.914,1.42585,1.42606,1.00,1.37
2015.07.24 08:18:36.587,1.42583,1.42605,1.50,1.37
2015.07.24 08:18:37.001,1.42583,1.426,1.50,1.00
2015.07.24 08:18:37.509,1.42583,1.426,1.50,1.00
2015.07.24 08:18:38.067,1.42584,1.426,1.00,1.00
2015.07.24 08:18:38.575,1.42585,1.42599,1.00,1.00
2015.07.24 08:18:39.083,1.42584,1.42599,1.00,1.00
2015.07.24 08:18:41.460,1.42583,1.42603,1.00,1.12
2015.07.24 08:18:41.514,1.42581,1.42596,1.87,1.00
2015.07.24 08:18:42.027,1.42581,1.42596,1.37,1.00
2015.07.24 08:18:42.536,1.42579,1.42594,1.75,1.00
2015.07.24 08:18:44.919,1.42581,1.42594,1.50,1.00
2015.07.24 08:18:46.550,1.42581,1.42594,1.12,1.00
2015.07.24 08:18:47.070,1.42581,1.42595,1.12,1.00
2015.07.24 08:18:47.817,1.42581,1.42597,1.12,1.00
2015.07.24 08:18:48.208,1.42581,1.42595,1.00,1.00
2015.07.24 08:18:48.717,1.4258,1.42595,1.37,1.00
2015.07.24 08:18:48.921,1.4258,1.42595,1.00,1.00
2015.07.24 08:18:50.034,1.42579,1.42595,1.00,1.00
2015.07.24 08:18:50.542,1.42579,1.42594,1.12,1.00
2015.07.24 08:18:52.683,1.42579,1.42595,1.12,1.00
2015.07.24 08:18:53.190,1.42579,1.42594,1.12,1.00
2015.07.24 08:18:53.241,1.42581,1.42595,1.00,1.00
2015.07.24 08:18:53.648,1.42579,1.42595,1.50,1.00
2015.07.24 08:18:54.491,1.42579,1.42595,1.50,1.00
2015.07.24 08:18:55.004,1.42579,1.42594,1.37,1.00
2015.07.24 08:18:55.517,1.42579,1.42595,1.00,1.00
2015.07.24 08:18:56.292,1.4258,1.42595,1.00,1.00
2015.07.24 08:18:57.745,1.4258,1.42598,1.12,1.00
2015.07.24 08:18:58.254,1.42581,1.42598,1.00,1.00
2015.07.24 08:18:58.879,1.42581,1.42597,1.00,1.00
2015.07.24 08:19:01.038,1.42581,1.42595,1.12,1.00
2015.07.24 08:19:01.565,1.42581,1.42596,1.00,1.00
2015.07.24 08:19:03.465,1.4258,1.42596,1.50,1.00
2015.07.24 08:19:04.871,1.42581,1.42599,1.00,1.00
2015.07.24 08:19:05.379,1.42581,1.42598,1.12,1.00
2015.07.24 08:19:05.929,1.42581,1.42598,1.37,1.00
2015.07.24 08:19:09.220,1.42581,1.42598,1.12,1.00
2015.07.24 08:19:11.708,1.42581,1.42599,1.50,1.00
2015.07.24 08:19:12.269,1.42581,1.42598,1.00,1.00
2015.07.24 08:19:13.059,1.4258,1.42598,1.87,1.00
2015.07.24 08:19:13.993,1.4258,1.42599,1.12,1.00
2015.07.24 08:19:14.044,1.4258,1.42596,1.12,1.00
2015.07.24 08:19:14.096,1.42578,1.42596,1.12,1.00
2015.07.24 08:19:14.299,1.42575,1.42595,1.87,1.50
2015.07.24 08:19:14.351,1.42575,1.42593,1.87,1.00
2015.07.24 08:19:14.605,1.42572,1.42591,1.00,1.00
2015.07.24 08:19:14.656,1.4257,1.42591,2.32,1.00
2015.07.24 08:19:14.759,1.42568,1.4259,2.25,1.50
2015.07.24 08:19:15.298,1.42569,1.42587,1.37,1.00
2015.07.24 08:19:15.807,1.42569,1.42587,1.00,1.00
2015.07.24 08:19:16.339,1.4257,1.42587,1.00,1.00
2015.07.24 08:19:19.586,1.42571,1.42588,1.00,1.00
2015.07.24 08:19:22.921,1.42572,1.42588,1.00,1.00
2015.07.24 08:19:23.428,1.42573,1.42588,1.00,1.00
2015.07.24 08:19:24.104,1.42571,1.42588,1.00,1.00
2015.07.24 08:19:25.855,1.42571,1.42589,1.50,1.00
2015.07.24 08:19:25.906,1.42571,1.42593,1.50,1.87
2015.07.24 08:19:26.008,1.42573,1.42594,1.37,1.37
2015.07.24 08:19:26.110,1.42579,1.42596,1.50,1.00
2015.07.24 08:19:26.784,1.42578,1.42594,1.00,1.00
2015.07.24 08:19:27.476,1.42577,1.42594,1.12,1.00
2015.07.24 08:19:27.987,1.42576,1.42594,1.12,1.00
2015.07.24 08:19:29.498,1.42575,1.42593,2.25,1.00
2015.07.24 08:19:33.364,1.42576,1.42594,1.12,1.00
2015.07.24 08:19:33.415,1.42576,1.42597,1.12,1.12
2015.07.24 08:19:33.467,1.42579,1.42597,1.00,1.12
2015.07.24 08:19:33.621,1.42579,1.42599,1.00,2.25
2015.07.24 08:19:34.130,1.42579,1.42599,1.00,1.87
2015.07.24 08:19:34.650,1.42578,1.42598,1.12,1.12
2015.07.24 08:19:35.072,1.42579,1.42596,1.00,1.00
2015.07.24 08:19:35.579,1.42578,1.42599,1.12,1.87
2015.07.24 08:19:36.067,1.42587,1.42604,1.50,1.00
2015.07.24 08:19:36.124,1.42588,1.42608,1.00,1.37
2015.07.24 08:19:36.717,1.42589,1.42609,1.12,1.00
2015.07.24 08:19:38.517,1.42587,1.42606,1.75,1.00
2015.07.24 08:19:38.863,1.42587,1.42605,1.75,1.12
2015.07.24 08:19:38.915,1.4258,1.42601,2.25,1.00
2015.07.24 08:19:39.219,1.42579,1.42599,1.37,1.00
2015.07.24 08:19:40.102,1.42579,1.42599,1.12,1.00
2015.07.24 08:19:43.645,1.42576,1.42597,1.50,1.50
2015.07.24 08:19:44.158,1.42576,1.42594,1.00,1.00
2015.07.24 08:19:44.465,1.42567,1.42586,3.00,1.00
2015.07.24 08:19:44.516,1.42567,1.42586,1.12,1.00
2015.07.24 08:19:44.567,1.42565,1.42584,1.87,1.00
2015.07.24 08:19:45.245,1.42563,1.42584,1.12,1.50
2015.07.24 08:19:46.056,1.42562,1.42584,2.32,1.12
2015.07.24 08:19:47.145,1.42562,1.42584,1.85,1.37
2015.07.24 08:19:47.783,1.42562,1.42583,1.50,1.12
2015.07.24 08:19:47.885,1.42562,1.42581,1.12,1.00
2015.07.24 08:19:48.396,1.42562,1.42582,1.12,1.12
2015.07.24 08:19:49.652,1.42562,1.42581,1.12,1.00
2015.07.24 08:19:51.268,1.42562,1.4258,1.50,1.00
2015.07.24 08:19:51.742,1.42562,1.42583,1.50,2.62
2015.07.24 08:19:52.261,1.42562,1.42581,1.50,1.00
2015.07.24 08:19:56.829,1.42561,1.42581,2.25,1.00
2015.07.24 08:19:57.033,1.42562,1.42581,1.37,1.00
2015.07.24 08:19:57.647,1.42562,1.42581,1.37,1.00
2015.07.24 08:19:57.749,1.42562,1.42581,1.12,1.00
2015.07.24 08:19:59.644,1.42561,1.42578,1.50,1.00
2015.07.24 08:20:00.154,1.42562,1.42578,1.00,1.00
2015.07.24 08:20:00.672,1.42561,1.42578,1.50,1.00
2015.07.24 08:20:01.207,1.42562,1.42579,1.00,1.00
2015.07.24 08:20:01.717,1.4256,1.42579,1.10,1.00
2015.07.24 08:20:01.769,1.4256,1.42579,1.57,1.00
2015.07.24 08:20:02.783,1.42561,1.42579,1.37,1.00
2015.07.24 08:20:03.060,1.42561,1.42583,1.37,1.50
2015.07.24 08:20:03.780,1.42561,1.42581,1.37,1.00
2015.07.24 08:20:04.289,1.4256,1.42581,1.47,1.12
2015.07.24 08:20:06.051,1.4256,1.42581,1.47,1.87
2015.07.24 08:20:06.356,1.42559,1.42578,1.37,1.00
2015.07.24 08:20:06.661,1.42556,1.42576,1.87,1.00
2015.07.24 08:20:07.545,1.42556,1.42576,1.87,1.00
2015.07.24 08:20:08.465,1.42556,1.42575,1.87,1.00
2015.07.24 08:20:09.482,1.42556,1.42575,1.37,1.00
2015.07.24 08:20:10.107,1.42556,1.42575,1.37,1.00
2015.07.24 08:20:11.324,1.42556,1.42575,1.12,1.00
2015.07.24 08:20:12.965,1.42557,1.42573,1.00,1.00
2015.07.24 08:20:14.933,1.42556,1.42573,1.12,1.00
2015.07.24 08:20:15.238,1.42554,1.42566,1.00,1.00
2015.07.24 08:20:15.391,1.42551,1.42564,1.00,1.00
2015.07.24 08:20:15.894,1.42546,1.42564,2.47,1.00
2015.07.24 08:20:16.402,1.42546,1.42563,1.97,1.00
2015.07.24 08:20:16.807,1.42546,1.42561,1.37,1.00
2015.07.24 08:20:17.465,1.42544,1.42559,1.95,1.00
2015.07.24 08:20:17.516,1.42544,1.42562,1.50,1.00
2015.07.24 08:20:18.128,1.42546,1.42564,1.37,1.12
2015.07.24 08:20:18.895,1.42547,1.42565,1.12,1.00
2015.07.24 08:20:19.473,1.42547,1.42565,1.50,1.00
2015.07.24 08:20:21.509,1.42548,1.42564,1.12,1.00
2015.07.24 08:20:23.988,1.42548,1.42562,1.00,1.00
2015.07.24 08:20:25.186,1.42548,1.42565,1.00,1.00
2015.07.24 08:20:30.158,1.42548,1.42566,1.00,1.00
2015.07.24 08:20:30.682,1.42548,1.42567,1.10,1.00
2015.07.24 08:20:30.835,1.42549,1.42569,1.00,1.00
2015.07.24 08:20:31.109,1.42549,1.42569,1.47,1.50
2015.07.24 08:20:31.167,1.42552,1.42573,1.00,1.87
2015.07.24 08:20:31.433,1.42552,1.42571,1.00,1.00
2015.07.24 08:20:31.945,1.42552,1.42572,1.00,1.00
2015.07.24 08:20:32.731,1.42552,1.42571,1.87,1.00
2015.07.24 08:20:34.030,1.4255,1.42571,1.12,1.00
2015.07.24 08:20:34.334,1.42549,1.42568,1.50,1.00
2015.07.24 08:20:35.690,1.42549,1.42566,1.00,1.00
2015.07.24 08:20:35.950,1.42544,1.42565,1.87,1.00
2015.07.24 08:20:36.102,1.42544,1.42563,1.87,1.00
2015.07.24 08:20:36.459,1.42543,1.42562,1.10,1.50
2015.07.24 08:20:36.989,1.42542,1.42562,1.30,1.50
2015.07.24 08:20:37.419,1.42542,1.4256,1.30,1.00
2015.07.24 08:20:37.931,1.42538,1.42559,2.62,1.00
2015.07.24 08:20:38.469,1.42538,1.4256,2.62,1.00
2015.07.24 08:20:39.222,1.42538,1.42559,3.37,1.00
2015.07.24 08:20:39.425,1.42538,1.42561,3.37,1.12
2015.07.24 08:20:39.477,1.4254,1.42562,1.75,1.37
2015.07.24 08:20:39.630,1.42543,1.42563,1.00,1.87
2015.07.24 08:20:39.943,1.42544,1.42563,1.37,1.00
2015.07.24 08:20:40.989,1.42545,1.42565,1.37,1.00
2015.07.24 08:20:41.780,1.42546,1.42565,1.37,1.00
2015.07.24 08:20:43.893,1.42546,1.42566,1.12,1.12
2015.07.24 08:20:44.723,1.42545,1.42567,1.95,1.87
2015.07.24 08:20:45.221,1.42546,1.42567,1.37,1.12
2015.07.24 08:20:46.211,1.42546,1.42567,1.37,1.12
2015.07.24 08:20:53.903,1.42547,1.42566,1.37,1.00
2015.07.24 08:20:54.555,1.42546,1.42566,1.37,1.00
2015.07.24 08:20:54.914,1.42545,1.42568,2.32,1.50
2015.07.24 08:20:55.220,1.42547,1.42563,1.20,1.00
2015.07.24 08:20:55.677,1.42547,1.42565,1.00,1.00
2015.07.24 08:20:55.780,1.42547,1.42563,1.00,1.00
2015.07.24 08:20:55.882,1.42542,1.42561,2.25,1.00
2015.07.24 08:20:55.933,1.42542,1.42561,1.00,1.00
2015.07.24 08:20:56.038,1.42539,1.42561,1.95,1.87
2015.07.24 08:20:57.022,1.42539,1.42559,1.12,2.25
2015.07.24 08:20:57.328,1.42538,1.42557,1.00,1.50
2015.07.24 08:20:57.481,1.42534,1.42556,1.12,1.12
2015.07.24 08:20:57.584,1.42536,1.42558,2.25,1.00
2015.07.24 08:20:58.045,1.42536,1.42558,1.50,1.50
2015.07.24 08:20:59.248,1.42541,1.42558,1.00,1.00
2015.07.24 08:20:59.528,1.42539,1.42558,1.12,1.00
2015.07.24 08:21:00.268,1.42539,1.4256,1.12,1.50
2015.07.24 08:21:00.370,1.42541,1.4256,1.00,1.50
2015.07.24 08:21:00.941,1.4254,1.4256,1.00,1.12
2015.07.24 08:21:01.347,1.42539,1.42557,1.50,1.00
2015.07.24 08:21:03.093,1.42539,1.42557,1.12,1.00
2015.07.24 08:21:04.944,1.42539,1.42557,1.12,1.37
2015.07.24 08:21:05.358,1.42537,1.42555,1.00,1.00
2015.07.24 08:21:05.767,1.42535,1.42554,1.87,1.00
2015.07.24 08:21:05.920,1.42535,1.42552,1.87,1.00
2015.07.24 08:21:07.080,1.42534,1.42551,1.87,1.00
2015.07.24 08:21:07.423,1.42532,1.42549,1.12,1.00
2015.07.24 08:21:07.576,1.4253,1.42546,1.00,1.00
2015.07.24 08:21:07.880,1.42529,1.4254,1.00,1.00
2015.07.24 08:21:07.983,1.42525,1.42538,1.50,1.00
2015.07.24 08:21:08.034,1.42525,1.42542,1.00,1.00
2015.07.24 08:21:08.324,1.42532,1.42549,1.00,2.10
2015.07.24 08:21:08.629,1.42534,1.42549,1.00,1.00
2015.07.24 08:21:11.617,1.42533,1.42549,1.00,1.00
2015.07.24 08:21:11.923,1.42523,1.4254,1.12,1.00
2015.07.24 08:21:11.974,1.42521,1.4254,2.25,1.12
2015.07.24 08:21:12.127,1.42521,1.4254,1.00,1.50
2015.07.24 08:21:12.828,1.42519,1.4254,1.00,1.50
2015.07.24 08:21:12.880,1.42519,1.42538,1.00,1.00
2015.07.24 08:21:16.402,1.42519,1.42536,1.00,1.00
2015.07.24 08:21:17.013,1.42518,1.42536,1.00,1.00
2015.07.24 08:21:17.434,1.42518,1.4253,1.00,1.00
2015.07.24 08:21:17.485,1.42518,1.42534,1.00,1.00
2015.07.24 08:21:18.158,1.42518,1.42531,1.00,1.00
2015.07.24 08:21:18.210,1.42514,1.4253,1.12,1.00
2015.07.24 08:21:18.261,1.42514,1.42533,1.12,1.00
2015.07.24 08:21:18.565,1.42513,1.42531,1.37,1.00
2015.07.24 08:21:18.863,1.42512,1.42531,1.50,1.00
2015.07.24 08:21:19.437,1.42512,1.42532,1.50,1.00
2015.07.24 08:21:19.640,1.42515,1.42532,1.00,1.00
2015.07.24 08:21:19.691,1.42515,1.42534,1.00,1.50
2015.07.24 08:21:19.793,1.42516,1.42536,2.10,1.12
2015.07.24 08:21:19.946,1.42522,1.42539,1.00,1.50
2015.07.24 08:21:20.283,1.42525,1.42543,1.12,1.57
2015.07.24 08:21:20.335,1.42525,1.42545,1.50,1.00
2015.07.24 08:21:20.386,1.42526,1.42547,1.50,1.00
2015.07.24 08:21:20.488,1.42528,1.42547,1.00,1.00
2015.07.24 08:21:20.640,1.42528,1.4255,1.50,1.00
2015.07.24 08:21:21.430,1.42528,1.42548,1.50,1.00
2015.07.24 08:21:22.066,1.42526,1.42544,2.05,1.00
2015.07.24 08:21:22.121,1.42525,1.42542,1.50,1.00
2015.07.24 08:21:22.173,1.42523,1.42544,1.10,1.50
2015.07.24 08:21:22.225,1.42523,1.42541,1.00,1.00
2015.07.24 08:21:22.328,1.42521,1.42541,1.00,1.00
2015.07.24 08:21:22.379,1.4252,1.42536,1.87,1.00
2015.07.24 08:21:22.430,1.4252,1.42539,1.87,1.37
2015.07.24 08:21:22.483,1.42516,1.42539,1.57,2.25
2015.07.24 08:21:22.688,1.42519,1.4254,1.00,1.12
2015.07.24 08:21:23.157,1.42519,1.42532,1.00,1.00
2015.07.24 08:21:23.208,1.4252,1.42534,1.00,1.00
2015.07.24 08:21:23.260,1.42516,1.42534,1.50,1.00
2015.07.24 08:21:23.413,1.42516,1.42532,1.00,1.00
2015.07.24 08:21:23.464,1.42512,1.42532,1.87,1.00
2015.07.24 08:21:23.923,1.42515,1.42537,1.00,2.62
2015.07.24 08:21:23.974,1.42515,1.42537,1.00,1.50
2015.07.24 08:21:24.026,1.42518,1.42538,1.00,1.12
2015.07.24 08:21:24.341,1.4252,1.42542,1.37,1.12
2015.07.24 08:21:27.231,1.42521,1.42539,1.00,1.00
2015.07.24 08:21:27.536,1.42513,1.42534,1.00,1.00
2015.07.24 08:21:27.587,1.42512,1.42532,1.00,1.00
2015.07.24 08:21:28.096,1.42511,1.4253,1.12,1.00
2015.07.24 08:21:29.311,1.42512,1.4253,1.00,1.00
2015.07.24 08:21:29.839,1.42512,1.42527,1.00,1.00
2015.07.24 08:21:29.890,1.4251,1.4253,1.00,1.00
2015.07.24 08:21:31.590,1.42509,1.4253,1.50,1.00
2015.07.24 08:21:34.115,1.42509,1.42531,1.50,1.00
2015.07.24 08:21:34.217,1.4251,1.42533,1.00,1.87
2015.07.24 08:21:34.912,1.4251,1.4253,1.50,1.00
2015.07.24 08:21:35.440,1.42509,1.42529,1.50,1.00
2015.07.24 08:21:36.065,1.42509,1.4253,1.12,1.00
2015.07.24 08:21:36.574,1.4251,1.4253,1.00,1.00
2015.07.24 08:21:37.081,1.42509,1.4253,1.00,1.00
2015.07.24 08:21:38.381,1.42508,1.4253,1.87,1.00
2015.07.24 08:21:39.342,1.42508,1.4253,1.87,1.37
2015.07.24 08:21:40.153,1.42509,1.4253,1.00,1.37
2015.07.24 08:21:41.003,1.42509,1.4253,1.00,1.00
2015.07.24 08:21:42.681,1.4251,1.4253,1.00,1.00
2015.07.24 08:21:44.275,1.4251,1.42529,1.00,1.00
2015.07.24 08:21:44.629,1.42513,1.42533,1.60,1.50
2015.07.24 08:21:44.833,1.42515,1.42536,1.12,1.00
2015.07.24 08:21:44.884,1.4252,1.42537,1.00,1.00
2015.07.24 08:21:45.038,1.4252,1.42539,1.00,1.00
2015.07.24 08:21:45.090,1.42522,1.42539,1.00,1.00
2015.07.24 08:21:45.395,1.4252,1.42534,1.00,1.00
2015.07.24 08:21:45.708,1.42517,1.4253,1.00,1.00
2015.07.24 08:21:45.760,1.42514,1.42534,1.12,1.00
2015.07.24 08:21:45.811,1.42513,1.42532,2.62,1.00
2015.07.24 08:21:46.065,1.42512,1.42531,1.12,1.50
2015.07.24 08:21:46.219,1.42512,1.42535,1.50,1.50
2015.07.24 08:21:46.270,1.42515,1.42535,1.00,1.00
2015.07.24 08:21:47.273,1.42516,1.42535,1.12,1.00
2015.07.24 08:21:47.826,1.42515,1.42534,1.50,1.00
2015.07.24 08:21:48.826,1.42515,1.42534,1.50,1.00
2015.07.24 08:21:49.795,1.42515,1.42537,1.50,1.12
2015.07.24 08:21:50.374,1.42519,1.42539,1.12,2.25
2015.07.24 08:21:50.427,1.42524,1.42544,1.37,1.10
2015.07.24 08:21:51.301,1.42525,1.42544,1.37,1.00
2015.07.24 08:21:53.551,1.42525,1.42538,1.37,1.00
2015.07.24 08:21:54.404,1.42525,1.42538,1.37,1.00
2015.07.24 08:21:55.156,1.42525,1.42538,1.37,1.00
2015.07.24 08:21:55.257,1.42525,1.42545,1.50,1.00
2015.07.24 08:21:55.309,1.42533,1.42547,1.00,1.00
2015.07.24 08:21:55.613,1.42536,1.42547,1.00,1.00
2015.07.24 08:21:55.664,1.42534,1.42549,1.50,1.00
2015.07.24 08:21:56.130,1.42536,1.42551,1.00,1.00
2015.07.24 08:21:56.637,1.42535,1.42551,1.50,1.00
2015.07.24 08:21:57.655,1.42537,1.42552,1.12,1.00
2015.07.24 08:21:57.964,1.42539,1.42552,1.00,1.00
2015.07.24 08:21:59.084,1.42539,1.42552,1.37,1.00
2015.07.24 08:22:01.156,1.42537,1.42552,1.37,1.00
2015.07.24 08:22:01.614,1.42535,1.42548,1.50,1.00
2015.07.24 08:22:01.961,1.42532,1.42545,1.37,1.00
2015.07.24 08:22:02.012,1.42529,1.42544,2.25,1.00
2015.07.24 08:22:02.063,1.42529,1.42544,1.87,1.00
2015.07.24 08:22:03.766,1.42529,1.42544,1.37,1.00
2015.07.24 08:22:04.192,1.42529,1.42542,1.00,1.00
2015.07.24 08:22:04.345,1.42527,1.42542,1.50,1.00
2015.07.24 08:22:04.916,1.42527,1.42541,1.00,1.00
2015.07.24 08:22:05.119,1.42527,1.42539,1.50,1.00
2015.07.24 08:22:05.170,1.42527,1.42543,1.50,1.00
2015.07.24 08:22:05.221,1.42527,1.42539,1.50,1.00
2015.07.24 08:22:06.395,1.42527,1.42539,1.50,1.00
2015.07.24 08:22:06.446,1.42527,1.42542,1.00,1.00
2015.07.24 08:22:06.906,1.42527,1.4254,1.12,1.00
2015.07.24 08:22:07.418,1.42525,1.4254,1.37,1.00
2015.07.24 08:22:09.624,1.42524,1.42544,1.87,1.00
2015.07.24 08:22:14.233,1.42525,1.42544,1.37,1.00
2015.07.24 08:22:14.789,1.42525,1.42545,1.37,1.00
2015.07.24 08:22:15.361,1.42525,1.42548,1.50,1.00
2015.07.24 08:22:15.413,1.42527,1.42548,1.75,1.00
2015.07.24 08:22:15.517,1.42531,1.42548,1.50,1.00
2015.07.24 08:22:15.568,1.42532,1.42551,1.00,1.00
2015.07.24 08:22:15.671,1.42535,1.42556,1.00,1.00
2015.07.24 08:22:15.773,1.42537,1.42556,1.00,1.00
2015.07.24 08:22:16.187,1.4254,1.42559,1.00,1.00
2015.07.24 08:22:16.695,1.4254,1.42559,1.37,1.00
2015.07.24 08:22:17.765,1.4254,1.42558,1.37,1.00
2015.07.24 08:22:18.229,1.42539,1.42556,1.50,1.00
2015.07.24 08:22:19.348,1.42539,1.42555,1.50,1.00
2015.07.24 08:22:19.652,1.42536,1.42553,3.00,1.00
2015.07.24 08:22:23.409,1.42536,1.42555,1.37,1.00
2015.07.24 08:22:23.988,1.42537,1.42555,1.50,1.00
2015.07.24 08:22:26.540,1.42537,1.42555,2.25,1.00
2015.07.24 08:22:27.432,1.42539,1.42555,1.37,1.00
2015.07.24 08:22:33.087,1.42541,1.4256,1.37,1.00
2015.07.24 08:22:33.139,1.42542,1.4256,1.12,1.00
2015.07.24 08:22:33.190,1.42547,1.42563,1.87,1.50
2015.07.24 08:22:33.932,1.42549,1.42567,1.87,1.00
2015.07.24 08:22:33.984,1.42551,1.42567,1.12,1.00
2015.07.24 08:22:34.508,1.42551,1.42569,1.12,1.00
2015.07.24 08:22:36.569,1.42553,1.42571,1.12,1.00
2015.07.24 08:22:36.938,1.42555,1.42573,1.37,1.00
2015.07.24 08:22:36.990,1.42555,1.42575,1.37,1.50
2015.07.24 08:22:37.389,1.42557,1.42575,1.12,1.00
2015.07.24 08:22:37.440,1.42559,1.42579,1.75,1.00
2015.07.24 08:22:37.492,1.4256,1.42579,1.12,1.00
2015.07.24 08:22:37.797,1.42559,1.42575,1.37,1.00
2015.07.24 08:22:37.899,1.42555,1.42575,1.75,1.00
2015.07.24 08:22:38.435,1.42555,1.42572,1.75,1.00
2015.07.24 08:22:38.639,1.42554,1.4257,1.00,1.00
2015.07.24 08:22:41.217,1.42554,1.42572,1.00,1.00
2015.07.24 08:22:42.399,1.42552,1.42572,2.25,1.50
2015.07.24 08:22:43.505,1.42554,1.42572,1.00,1.50
2015.07.24 08:22:45.609,1.42553,1.42572,1.75,1.50
2015.07.24 08:22:48.235,1.42552,1.42572,2.62,1.00
2015.07.24 08:22:48.746,1.42554,1.42572,1.50,1.00
2015.07.24 08:22:48.899,1.42554,1.42575,1.50,1.87
2015.07.24 08:22:48.950,1.42553,1.42575,2.25,1.00
2015.07.24 08:22:49.255,1.42563,1.42582,1.37,2.62
2015.07.24 08:22:49.830,1.42562,1.42582,1.50,1.00
2015.07.24 08:22:50.339,1.42562,1.42584,1.50,1.00
2015.07.24 08:22:50.441,1.42565,1.42586,1.37,1.00
2015.07.24 08:22:50.492,1.42565,1.42588,2.62,1.50
2015.07.24 08:22:50.644,1.42569,1.42591,1.37,1.12
2015.07.24 08:22:50.695,1.42573,1.42591,1.00,1.12
2015.07.24 08:22:50.797,1.42571,1.42591,1.12,1.87
2015.07.24 08:22:52.629,1.42571,1.42591,1.37,1.00
2015.07.24 08:22:52.894,1.42572,1.42591,1.37,1.87
2015.07.24 08:22:53.200,1.42571,1.42593,1.37,1.12
2015.07.24 08:22:53.740,1.42571,1.42592,1.87,1.00
2015.07.24 08:22:54.244,1.42571,1.42592,1.37,1.50
2015.07.24 08:22:54.499,1.42571,1.42589,1.37,1.00
2015.07.24 08:22:54.550,1.42571,1.42589,1.12,1.00
2015.07.24 08:22:55.571,1.42571,1.42591,1.12,1.50
2015.07.24 08:22:55.622,1.42571,1.42591,1.37,1.50
2015.07.24 08:22:57.386,1.4257,1.42589,1.50,1.00
2015.07.24 08:22:57.690,1.42568,1.42584,3.37,1.00
2015.07.24 08:22:57.741,1.42568,1.42584,1.50,1.00
2015.07.24 08:22:58.257,1.42565,1.42586,1.37,1.12
2015.07.24 08:22:58.690,1.42567,1.42583,1.37,1.00
2015.07.24 08:22:58.945,1.42567,1.42585,1.37,1.00
2015.07.24 08:22:58.996,1.42567,1.42583,1.37,1.00
2015.07.24 08:22:59.047,1.42567,1.42585,1.37,1.00
2015.07.24 08:23:00.457,1.42568,1.42584,1.12,1.00
2015.07.24 08:23:00.508,1.42568,1.42582,1.12,1.00
2015.07.24 08:23:00.560,1.42565,1.42582,1.50,1.00
2015.07.24 08:23:00.763,1.42564,1.42582,1.12,1.00
2015.07.24 08:23:00.865,1.42563,1.4258,1.00,1.00
2015.07.24 08:23:01.376,1.42561,1.4258,2.25,1.00
2015.07.24 08:23:02.768,1.42561,1.4258,1.37,1.00
2015.07.24 08:23:03.400,1.42561,1.4258,1.37,1.50
2015.07.24 08:23:04.619,1.4256,1.42581,1.37,1.12
2015.07.24 08:23:04.924,1.42565,1.42587,1.75,1.00
2015.07.24 08:23:05.177,1.42566,1.42583,1.50,1.00
2015.07.24 08:23:05.229,1.42566,1.42585,1.50,1.00
2015.07.24 08:23:05.586,1.42563,1.42583,1.87,1.00
2015.07.24 08:23:05.942,1.42566,1.42583,1.00,1.00
2015.07.24 08:23:06.251,1.42565,1.42585,1.75,1.00
2015.07.24 08:23:06.869,1.42567,1.42587,1.50,1.12
2015.07.24 08:23:07.022,1.42566,1.42586,1.37,1.00
2015.07.24 08:23:07.125,1.42566,1.42586,1.37,1.00
2015.07.24 08:23:07.480,1.42564,1.42584,2.25,1.00
2015.07.24 08:23:09.497,1.42563,1.42584,1.50,1.00
2015.07.24 08:23:09.899,1.42562,1.42578,1.00,1.00
2015.07.24 08:23:10.206,1.42555,1.42575,1.37,1.00
2015.07.24 08:23:11.968,1.42555,1.42574,1.50,1.00
2015.07.24 08:23:12.173,1.42548,1.42565,1.50,1.00
2015.07.24 08:23:12.224,1.42547,1.42563,1.12,1.00
2015.07.24 08:23:12.603,1.42543,1.42565,2.25,1.87
2015.07.24 08:23:12.705,1.42549,1.42565,1.00,1.00
2015.07.24 08:23:13.213,1.42549,1.42566,1.00,1.00
2015.07.24 08:23:13.840,1.42549,1.42566,1.37,1.00
2015.07.24 08:23:14.195,1.42544,1.42564,1.85,1.00
2015.07.24 08:23:14.298,1.42545,1.42564,1.37,1.00
2015.07.24 08:23:14.969,1.42545,1.42563,1.37,1.00
2015.07.24 08:23:15.910,1.42542,1.42563,3.00,1.00
2015.07.24 08:23:17.318,1.42543,1.42563,1.47,1.00
2015.07.24 08:23:17.670,1.42543,1.42555,1.47,1.00
2015.07.24 08:23:17.986,1.42542,1.42559,1.00,1.00
2015.07.24 08:23:18.045,1.42538,1.42561,3.37,1.37
2015.07.24 08:23:18.148,1.42541,1.42564,1.50,1.12
2015.07.24 08:23:18.200,1.42541,1.42564,1.50,1.37
2015.07.24 08:23:18.708,1.42542,1.42563,1.50,1.12
2015.07.24 08:23:19.120,1.42541,1.42562,3.00,1.00
2015.07.24 08:23:19.633,1.42543,1.42562,1.37,1.00
2015.07.24 08:23:20.454,1.42544,1.42565,1.37,1.00
2015.07.24 08:23:20.961,1.42544,1.42566,1.37,1.87
2015.07.24 08:23:21.865,1.42544,1.42566,1.12,1.00
2015.07.24 08:23:22.402,1.42545,1.42567,1.50,1.12
2015.07.24 08:23:22.956,1.42544,1.42566,1.12,1.12
2015.07.24 08:23:23.548,1.42543,1.42566,1.87,1.12
2015.07.24 08:23:24.571,1.42545,1.42567,1.37,1.00
2015.07.24 08:23:26.281,1.42546,1.42567,1.75,1.00
2015.07.24 08:23:26.586,1.42545,1.42563,1.50,1.00
2015.07.24 08:23:26.637,1.42545,1.42563,1.12,1.50
2015.07.24 08:23:26.792,1.42544,1.42561,1.00,1.50
2015.07.24 08:23:26.844,1.42541,1.42561,1.00,1.00
2015.07.24 08:23:26.998,1.42542,1.42564,1.00,1.37
2015.07.24 08:23:27.530,1.42541,1.42564,3.00,1.00
2015.07.24 08:23:27.582,1.42541,1.42562,2.25,1.00
2015.07.24 08:23:27.786,1.42541,1.42564,2.25,1.00
2015.07.24 08:23:27.939,1.42544,1.42565,1.00,1.00
2015.07.24 08:23:28.041,1.42544,1.42568,1.00,2.25
2015.07.24 08:23:28.092,1.42547,1.42568,1.00,1.12
2015.07.24 08:23:28.425,1.4255,1.42569,1.00,1.00
2015.07.24 08:23:28.476,1.4255,1.42572,1.00,1.00
2015.07.24 08:23:29.386,1.42551,1.42572,1.50,1.00
2015.07.24 08:23:30.055,1.42551,1.42572,1.12,1.00
2015.07.24 08:23:30.361,1.42551,1.42572,1.75,1.00
2015.07.24 08:23:31.433,1.42553,1.42572,1.50,1.00
2015.07.24 08:23:31.485,1.42555,1.42577,1.37,1.12
2015.07.24 08:23:31.994,1.42555,1.42577,1.37,1.12
2015.07.24 08:23:32.096,1.42555,1.42575,1.12,1.00
2015.07.24 08:23:32.736,1.42553,1.42576,1.47,1.00
2015.07.24 08:23:32.838,1.42558,1.42582,1.12,3.00
2015.07.24 08:23:32.889,1.42558,1.42582,1.12,1.87
2015.07.24 08:23:32.941,1.4256,1.42582,1.12,2.25
2015.07.24 08:23:33.245,1.4256,1.42582,2.25,1.00
2015.07.24 08:23:34.186,1.4256,1.42583,2.62,1.00
2015.07.24 08:23:34.503,1.4256,1.42583,3.37,1.00
2015.07.24 08:23:35.341,1.42559,1.42577,1.12,1.87
2015.07.24 08:23:35.393,1.42555,1.42577,1.37,1.50
2015.07.24 08:23:35.496,1.42555,1.42575,1.37,1.00
2015.07.24 08:23:35.547,1.42553,1.42575,1.50,1.00
2015.07.24 08:23:36.485,1.42552,1.42575,1.37,1.00
2015.07.24 08:23:36.996,1.42552,1.42575,1.50,1.37
2015.07.24 08:23:38.823,1.42552,1.42575,1.75,1.37
2015.07.24 08:23:38.975,1.42551,1.42574,2.25,1.37
2015.07.24 08:23:39.382,1.42549,1.42566,2.62,1.00
2015.07.24 08:23:40.130,1.42545,1.42566,1.87,1.50
2015.07.24 08:23:40.231,1.42543,1.42566,2.32,2.62
2015.07.24 08:23:40.282,1.42543,1.42564,2.32,1.00
2015.07.24 08:23:40.587,1.42541,1.42561,2.25,1.00
2015.07.24 08:23:40.689,1.42542,1.42561,1.00,1.50
2015.07.24 08:23:40.740,1.42542,1.42555,1.00,1.00
2015.07.24 08:23:41.740,1.42541,1.42555,2.25,1.00
2015.07.24 08:23:43.622,1.42542,1.42555,1.50,1.00
2015.07.24 08:23:44.144,1.42542,1.42557,1.50,1.00
2015.07.24 08:23:45.884,1.42542,1.42561,1.00,1.00
2015.07.24 08:23:48.666,1.42542,1.42561,1.50,1.00
2015.07.24 08:23:50.264,1.42542,1.42556,1.12,1.00
2015.07.24 08:23:50.525,1.42538,1.42556,1.37,1.37
2015.07.24 08:23:50.577,1.42535,1.42554,1.37,1.00
2015.07.24 08:23:50.679,1.42538,1.42557,1.30,1.00
2015.07.24 08:23:50.781,1.42537,1.42559,2.10,1.00
2015.07.24 08:23:51.086,1.42542,1.42557,1.00,1.00
2015.07.24 08:23:51.187,1.42539,1.42559,1.50,1.00
2015.07.24 08:23:51.289,1.42539,1.42556,1.50,1.00
2015.07.24 08:23:52.424,1.42538,1.42556,1.67,1.00
2015.07.24 08:23:53.748,1.42537,1.42556,3.97,1.00
2015.07.24 08:23:54.081,1.4254,1.42559,1.00,1.00
2015.07.24 08:23:54.133,1.42541,1.42556,1.00,1.00
2015.07.24 08:23:54.590,1.42541,1.42559,1.00,1.12
2015.07.24 08:23:54.692,1.42541,1.42556,1.00,1.00
2015.07.24 08:23:54.794,1.42537,1.42556,1.50,1.12
2015.07.24 08:23:54.845,1.42537,1.42556,1.12,1.12
2015.07.24 08:23:55.154,1.42537,1.42554,1.00,1.12
2015.07.24 08:23:55.705,1.42534,1.42554,1.12,1.12
2015.07.24 08:23:56.290,1.42534,1.42556,1.75,1.00
2015.07.24 08:23:56.758,1.42536,1.42556,1.12,1.37
2015.07.24 08:23:56.811,1.42536,1.42557,1.12,1.12
2015.07.24 08:23:57.167,1.42538,1.42558,1.75,1.00
2015.07.24 08:23:57.472,1.42535,1.42553,1.37,1.50
2015.07.24 08:23:57.886,1.42534,1.42551,2.62,1.00
2015.07.24 08:23:58.299,1.42532,1.42551,2.25,1.00
2015.07.24 08:23:58.609,1.42533,1.42553,1.50,1.50
2015.07.24 08:23:59.387,1.42533,1.42553,2.25,1.12
2015.07.24 08:24:00.056,1.42533,1.42553,2.25,1.00
2015.07.24 08:24:01.349,1.42534,1.42556,1.12,1.50
2015.07.24 08:24:01.401,1.42538,1.42556,1.12,1.37
2015.07.24 08:24:01.453,1.42539,1.42556,1.00,1.00
2015.07.24 08:24:01.505,1.4254,1.42556,1.50,1.00
2015.07.24 08:24:01.556,1.42541,1.4256,1.37,1.20
2015.07.24 08:24:01.659,1.42543,1.42562,1.00,1.00
2015.07.24 08:24:01.711,1.42543,1.42562,1.50,1.50
2015.07.24 08:24:01.966,1.42536,1.42557,3.30,1.00
2015.07.24 08:24:02.440,1.42536,1.42555,3.22,1.00
2015.07.24 08:24:02.849,1.42536,1.42553,1.87,1.00
2015.07.24 08:24:02.951,1.42535,1.42553,1.12,1.00
2015.07.24 08:24:03.003,1.42535,1.42551,1.12,1.00
2015.07.24 08:24:07.961,1.42535,1.42548,1.00,1.00
2015.07.24 08:24:11.286,1.42535,1.42551,1.00,1.00
2015.07.24 08:24:12.317,1.42533,1.42548,1.12,1.00
2015.07.24 08:24:17.711,1.42532,1.42548,2.10,1.00
2015.07.24 08:24:18.016,1.42532,1.42544,2.10,1.00
2015.07.24 08:24:18.169,1.42532,1.42543,1.30,1.00
2015.07.24 08:24:20.192,1.42532,1.42543,1.67,1.00
2015.07.24 08:24:20.723,1.4253,1.42543,1.97,1.00
2015.07.24 08:24:21.314,1.4253,1.42544,1.97,1.00
2015.07.24 08:24:23.779,1.42531,1.42546,1.60,1.00
2015.07.24 08:24:23.881,1.42531,1.42544,1.60,1.00
2015.07.24 08:24:23.932,1.42531,1.42546,1.60,1.00
2015.07.24 08:24:24.440,1.4253,1.42546,1.37,1.00
2015.07.24 08:24:25.067,1.4253,1.42546,1.12,1.00
2015.07.24 08:24:25.583,1.4253,1.42542,1.00,1.00
2015.07.24 08:24:25.634,1.4253,1.42544,1.00,1.00
2015.07.24 08:24:25.736,1.42528,1.42542,1.12,1.00
2015.07.24 08:24:26.095,1.42527,1.42542,1.00,1.00
2015.07.24 08:24:26.146,1.42527,1.42545,1.00,1.00
2015.07.24 08:24:26.656,1.42527,1.42544,1.00,1.00
2015.07.24 08:24:27.524,1.42526,1.42545,1.87,1.12
2015.07.24 08:24:29.327,1.42529,1.42547,1.00,1.00
2015.07.24 08:24:34.228,1.4253,1.42547,1.00,1.00
2015.07.24 08:24:34.838,1.42529,1.42547,1.00,1.00
2015.07.24 08:24:35.388,1.4253,1.42547,1.00,1.00
2015.07.24 08:24:36.921,1.4253,1.42548,1.00,1.00
2015.07.24 08:24:37.226,1.42538,1.42555,1.12,1.00
2015.07.24 08:24:37.531,1.42538,1.42557,1.12,1.00
2015.07.24 08:24:37.633,1.42538,1.4255,1.12,1.00
2015.07.24 08:24:37.736,1.42536,1.4255,1.12,1.00
2015.07.24 08:24:38.308,1.42538,1.42552,1.87,1.00
2015.07.24 08:24:38.410,1.42539,1.42556,1.50,1.00
2015.07.24 08:24:38.512,1.4254,1.42556,1.75,1.00
2015.07.24 08:24:39.620,1.42541,1.42558,1.50,1.00
2015.07.24 08:24:40.130,1.42543,1.42558,1.00,1.00
2015.07.24 08:24:40.686,1.42544,1.42559,1.00,1.00
2015.07.24 08:24:40.890,1.42545,1.42564,1.00,1.37
2015.07.24 08:24:40.992,1.42547,1.42566,1.00,1.75
2015.07.24 08:24:41.094,1.42547,1.42566,1.00,1.12
2015.07.24 08:24:41.247,1.42549,1.42571,1.00,1.87
2015.07.24 08:24:41.299,1.42549,1.42571,1.00,1.50
2015.07.24 08:24:42.053,1.4255,1.42571,1.12,1.37
2015.07.24 08:24:42.307,1.42552,1.4257,1.00,1.37
2015.07.24 08:24:42.765,1.4255,1.4257,1.12,1.37
2015.07.24 08:24:43.019,1.42548,1.42565,1.12,1.12
2015.07.24 08:24:43.359,1.42545,1.42565,1.37,1.37
2015.07.24 08:24:44.754,1.42544,1.42562,1.12,1.37
2015.07.24 08:24:44.856,1.42541,1.4256,1.12,1.12
2015.07.24 08:24:44.908,1.4254,1.42558,1.87,1.00
2015.07.24 08:24:44.959,1.4254,1.42558,1.00,1.00
2015.07.24 08:24:45.163,1.42536,1.42558,1.50,1.87
2015.07.24 08:24:45.266,1.42536,1.42558,1.50,1.87
2015.07.24 08:24:46.111,1.42535,1.42558,2.62,1.50
2015.07.24 08:24:46.339,1.42536,1.42556,1.00,1.37
2015.07.24 08:24:47.548,1.42534,1.42554,1.50,1.12
2015.07.24 08:24:48.101,1.42535,1.42554,1.00,1.12
2015.07.24 08:24:50.628,1.42534,1.42554,1.00,1.00
2015.07.24 08:24:51.141,1.42534,1.42554,1.00,1.37
2015.07.24 08:24:53.369,1.42535,1.42555,1.00,1.12
2015.07.24 08:24:54.006,1.42535,1.42553,1.00,1.12
2015.07.24 08:24:54.831,1.42528,1.42549,1.00,2.62
2015.07.24 08:24:54.942,1.42529,1.42552,1.37,3.00
2015.07.24 08:24:55.045,1.42532,1.42552,1.50,1.00
2015.07.24 08:24:55.097,1.42534,1.42552,1.00,1.00
2015.07.24 08:24:55.250,1.42534,1.42554,1.00,1.00
2015.07.24 08:24:55.301,1.42532,1.42554,1.50,1.00
2015.07.24 08:24:55.556,1.42532,1.42546,1.50,1.00
2015.07.24 08:24:55.921,1.42529,1.42542,1.12,1.00
2015.07.24 08:24:56.227,1.42508,1.42524,1.75,1.00
2015.07.24 08:24:56.279,1.42507,1.42525,1.00,1.00
2015.07.24 08:24:56.382,1.42507,1.42528,1.37,1.10
2015.07.24 08:24:56.485,1.42507,1.42526,1.37,1.00
2015.07.24 08:24:56.806,1.42506,1.42526,1.12,1.00
2015.07.24 08:24:57.320,1.42504,1.42525,2.47,1.00
2015.07.24 08:24:58.156,1.42504,1.42525,2.05,1.00
2015.07.24 08:24:58.654,1.42505,1.42527,2.25,1.00
2015.07.24 08:24:59.482,1.42505,1.42521,1.00,1.00
2015.07.24 08:24:59.584,1.42501,1.42521,1.00,1.50
2015.07.24 08:24:59.788,1.42498,1.42519,1.67,1.00
2015.07.24 08:25:00.296,1.42498,1.42518,1.67,1.00
2015.07.24 08:25:01.841,1.42494,1.42517,2.10,1.00
2015.07.24 08:25:02.353,1.42494,1.42518,1.35,1.87
2015.07.24 08:25:03.428,1.42497,1.42519,1.60,1.87
2015.07.24 08:25:05.523,1.42503,1.42519,1.00,1.12
2015.07.24 08:25:05.626,1.42501,1.42521,1.12,1.00
2015.07.24 08:25:05.678,1.42501,1.42524,1.87,1.00
2015.07.24 08:25:05.780,1.42502,1.42525,1.72,1.00
2015.07.24 08:25:05.832,1.42502,1.42525,1.00,1.12
2015.07.24 08:25:05.883,1.42502,1.42525,1.50,3.00
2015.07.24 08:25:06.226,1.42502,1.42523,1.50,1.50
2015.07.24 08:25:06.279,1.42499,1.42522,1.12,1.00
2015.07.24 08:25:06.794,1.42505,1.42522,1.00,1.00
2015.07.24 08:25:06.846,1.42505,1.42527,1.50,1.50
2015.07.24 08:25:07.202,1.42505,1.42528,2.25,1.00
2015.07.24 08:25:08.442,1.42507,1.42528,1.50,1.00
2015.07.24 08:25:08.924,1.42508,1.42526,1.75,1.00
2015.07.24 08:25:09.189,1.42508,1.42529,1.75,1.00
2015.07.24 08:25:11.009,1.42509,1.4253,1.37,3.37
2015.07.24 08:25:13.359,1.42508,1.42528,2.10,1.00
2015.07.24 08:25:13.987,1.42508,1.4253,2.10,1.50
2015.07.24 08:25:14.736,1.42509,1.4253,1.37,1.87
2015.07.24 08:25:15.469,1.42508,1.42528,2.10,1.00
2015.07.24 08:25:17.075,1.42508,1.4253,2.10,1.87
2015.07.24 08:25:18.108,1.42508,1.42526,2.10,1.00
2015.07.24 08:25:18.412,1.42494,1.42511,1.12,1.00
2015.07.24 08:25:18.514,1.42491,1.42514,2.85,1.00
2015.07.24 08:25:18.566,1.42492,1.42515,1.12,1.50
2015.07.24 08:25:18.979,1.42495,1.42518,1.12,1.00
2015.07.24 08:25:19.486,1.42494,1.42517,1.00,1.87
2015.07.24 08:25:20.307,1.42488,1.42508,4.50,1.00
2015.07.24 08:25:20.364,1.42486,1.42508,1.75,1.00
2015.07.24 08:25:20.468,1.42486,1.42505,1.37,1.50
2015.07.24 08:25:20.520,1.42482,1.42505,2.70,1.87
2015.07.24 08:25:20.573,1.42481,1.42499,1.87,1.00
2015.07.24 08:25:20.624,1.42481,1.42499,1.37,1.12
2015.07.24 08:25:20.675,1.4248,1.42497,1.95,1.00
2015.07.24 08:25:20.726,1.4248,1.42497,1.00,1.37
2015.07.24 08:25:20.828,1.42477,1.42496,1.00,1.00
2015.07.24 08:25:21.236,1.42479,1.42499,1.12,1.37
2015.07.24 08:25:21.287,1.42479,1.42502,1.87,1.00
2015.07.24 08:25:21.644,1.42482,1.42504,1.00,1.12
2015.07.24 08:25:21.900,1.42483,1.42504,1.75,1.00
2015.07.24 08:25:22.254,1.42482,1.42497,1.00,1.00
2015.07.24 08:25:22.306,1.42481,1.425,1.00,1.12
2015.07.24 08:25:22.408,1.42484,1.42506,1.00,1.12
2015.07.24 08:25:22.671,1.42483,1.42504,1.87,1.00
2015.07.24 08:25:22.774,1.42483,1.42506,1.87,1.00
2015.07.24 08:25:23.710,1.42483,1.42506,1.37,1.00
2015.07.24 08:25:23.995,1.42484,1.42504,1.00,1.00
2015.07.24 08:25:24.531,1.42484,1.42505,1.00,1.50
2015.07.24 08:25:24.734,1.42485,1.42507,1.00,1.00
2015.07.24 08:25:24.785,1.42485,1.42507,1.50,1.00
2015.07.24 08:25:24.887,1.42488,1.42509,1.12,1.00
2015.07.24 08:25:25.770,1.4249,1.42509,1.00,1.00
2015.07.24 08:25:25.821,1.42493,1.42515,1.50,1.50
2015.07.24 08:25:26.329,1.42495,1.42516,1.12,1.00
2015.07.24 08:25:26.380,1.42497,1.42518,1.00,1.50
2015.07.24 08:25:26.904,1.42497,1.42516,1.87,1.00
2015.07.24 08:25:27.006,1.42497,1.42518,2.25,1.50
2015.07.24 08:25:27.210,1.42497,1.42516,1.87,1.00
2015.07.24 08:25:27.526,1.42501,1.42516,1.00,1.00
2015.07.24 08:25:28.428,1.425,1.42512,1.00,1.00
2015.07.24 08:25:28.481,1.4249,1.42512,1.12,1.50
2015.07.24 08:25:28.583,1.42489,1.42511,1.87,1.00
2015.07.24 08:25:29.344,1.42489,1.42508,1.12,1.00
2015.07.24 08:25:29.663,1.42488,1.42506,1.37,1.00
2015.07.24 08:25:29.919,1.42488,1.42508,1.37,1.50
2015.07.24 08:25:30.224,1.42488,1.42509,1.00,1.65
2015.07.24 08:25:30.581,1.42488,1.42509,1.50,1.20
2015.07.24 08:25:31.102,1.42488,1.42508,1.50,1.00
2015.07.24 08:25:31.562,1.42487,1.42506,1.37,1.00
2015.07.24 08:25:31.876,1.42489,1.42509,1.00,1.50
2015.07.24 08:25:31.929,1.4249,1.4251,1.87,1.00
2015.07.24 08:25:32.350,1.42498,1.42518,1.50,1.50
2015.07.24 08:25:32.504,1.42497,1.42512,1.12,1.00
2015.07.24 08:25:32.606,1.42494,1.42511,1.12,1.00
2015.07.24 08:25:32.657,1.42494,1.42513,1.12,1.00
2015.07.24 08:25:33.171,1.42494,1.42514,1.12,1.00
2015.07.24 08:25:33.698,1.42494,1.42513,1.12,1.00
2015.07.24 08:25:33.749,1.42494,1.42511,1.12,1.00
2015.07.24 08:25:33.902,1.42493,1.42511,1.00,1.00
2015.07.24 08:25:33.953,1.42493,1.42513,1.00,1.50
2015.07.24 08:25:34.308,1.42491,1.4251,1.37,1.00
2015.07.24 08:25:34.410,1.4249,1.4251,1.00,1.00
2015.07.24 08:25:34.790,1.42491,1.42514,2.25,1.50
2015.07.24 08:25:34.943,1.42491,1.42513,2.25,1.00
2015.07.24 08:25:35.450,1.42491,1.42512,1.87,1.00
2015.07.24 08:25:36.339,1.42491,1.42513,1.87,1.00
2015.07.24 08:25:36.828,1.42492,1.42512,1.87,1.00
2015.07.24 08:25:37.290,1.42493,1.42514,1.12,1.00
2015.07.24 08:25:38.022,1.42494,1.42514,1.00,1.00
2015.07.24 08:25:39.972,1.42493,1.42514,1.87,1.00
2015.07.24 08:25:41.108,1.42493,1.42513,1.12,1.00
2015.07.24 08:25:41.463,1.42492,1.42513,1.37,1.50
2015.07.24 08:25:41.789,1.42492,1.42511,1.00,1.00
2015.07.24 08:25:42.307,1.42491,1.4251,1.37,1.00
2015.07.24 08:25:47.639,1.42487,1.42506,1.12,1.00
2015.07.24 08:25:48.546,1.42487,1.42506,1.37,1.00
2015.07.24 08:25:50.566,1.42487,1.42504,1.37,1.00
2015.07.24 08:25:51.073,1.42488,1.42505,1.50,1.00
2015.07.24 08:25:51.607,1.42489,1.42506,1.12,1.00
2015.07.24 08:25:51.952,1.42494,1.42506,1.12,1.00
2015.07.24 08:25:52.003,1.42497,1.42512,1.37,1.00
2015.07.24 08:25:52.207,1.42497,1.42515,1.00,1.50
2015.07.24 08:25:52.258,1.42493,1.42513,1.70,1.00
2015.07.24 08:25:52.360,1.42491,1.42513,2.05,1.50
2015.07.24 08:25:52.411,1.42491,1.42507,2.05,1.00
2015.07.24 08:25:52.462,1.42489,1.42507,1.50,1.00
2015.07.24 08:25:52.666,1.42486,1.42502,1.87,1.00
2015.07.24 08:25:53.302,1.42486,1.42501,1.12,1.00
2015.07.24 08:25:53.507,1.42497,1.42513,1.00,1.00
2015.07.24 08:25:54.015,1.42496,1.42514,2.25,1.00
2015.07.24 08:25:54.424,1.42496,1.42512,1.00,1.00
2015.07.24 08:25:54.831,1.42496,1.42508,1.00,1.00
2015.07.24 08:25:55.339,1.42495,1.42508,1.00,1.00
2015.07.24 08:25:55.883,1.42492,1.42507,3.37,1.00
2015.07.24 08:25:55.985,1.42493,1.42507,1.50,1.00
2015.07.24 08:25:57.234,1.42491,1.42507,1.10,1.00
2015.07.24 08:25:57.390,1.42489,1.42504,1.50,1.00
2015.07.24 08:25:57.492,1.42489,1.42508,1.50,1.00
2015.07.24 08:25:57.797,1.42489,1.42504,1.12,1.00
2015.07.24 08:25:57.900,1.4249,1.42506,1.00,1.00
2015.07.24 08:25:58.417,1.4249,1.42504,1.00,1.00
2015.07.24 08:25:58.931,1.4249,1.42504,1.37,1.00
2015.07.24 08:25:59.439,1.4249,1.42504,1.12,1.00
2015.07.24 08:25:59.971,1.42487,1.42502,1.50,1.00
2015.07.24 08:26:00.123,1.42483,1.425,1.00,1.50
2015.07.24 08:26:00.174,1.4248,1.425,1.50,1.50
2015.07.24 08:26:00.225,1.42479,1.42494,1.87,1.00
2015.07.24 08:26:00.277,1.42478,1.42494,1.47,1.00
2015.07.24 08:26:00.430,1.42478,1.42498,2.10,1.00
2015.07.24 08:26:01.054,1.42483,1.42498,1.57,1.00
2015.07.24 08:26:01.108,1.42483,1.42499,1.00,1.00
2015.07.24 08:26:01.159,1.42477,1.42497,2.62,1.00
2015.07.24 08:26:01.312,1.42476,1.42497,1.12,1.50
2015.07.24 08:26:01.965,1.42477,1.42496,1.00,1.00
2015.07.24 08:26:02.475,1.42476,1.42496,1.00,1.00
2015.07.24 08:26:03.158,1.42482,1.42497,1.00,1.12
2015.07.24 08:26:03.209,1.42481,1.42502,1.00,1.50
2015.07.24 08:26:03.362,1.42481,1.42501,1.87,1.00
2015.07.24 08:26:03.617,1.4248,1.425,1.50,1.00
2015.07.24 08:26:03.821,1.42481,1.425,1.50,1.00
2015.07.24 08:26:03.974,1.42483,1.42504,1.12,1.50
2015.07.24 08:26:04.260,1.42484,1.42501,1.00,1.00
2015.07.24 08:26:04.312,1.42482,1.42501,1.00,1.00
2015.07.24 08:26:04.846,1.4248,1.42501,1.50,1.00
2015.07.24 08:26:05.620,1.4248,1.42502,2.25,1.00
2015.07.24 08:26:05.722,1.4248,1.42501,2.25,1.37
2015.07.24 08:26:06.229,1.4248,1.42499,1.00,1.00
2015.07.24 08:26:06.849,1.42477,1.42499,1.50,1.00
2015.07.24 08:26:07.359,1.42477,1.425,1.50,1.00
2015.07.24 08:26:07.868,1.42477,1.42499,1.50,1.00
2015.07.24 08:26:09.005,1.42478,1.425,1.50,1.00
2015.07.24 08:26:10.117,1.42478,1.425,1.50,1.00
2015.07.24 08:26:10.587,1.42477,1.42494,1.87,1.00
2015.07.24 08:26:10.740,1.42471,1.42491,1.75,1.00
2015.07.24 08:26:11.011,1.42466,1.42486,3.82,1.87
2015.07.24 08:26:11.062,1.42463,1.42484,1.37,1.75
2015.07.24 08:26:11.114,1.42464,1.42486,1.00,3.00
2015.07.24 08:26:11.370,1.42465,1.42486,1.37,1.12
2015.07.24 08:26:11.993,1.42468,1.42486,1.12,1.50
2015.07.24 08:26:12.045,1.42468,1.42489,1.12,1.00
2015.07.24 08:26:12.199,1.42469,1.4249,1.12,1.50
2015.07.24 08:26:12.660,1.42468,1.42489,1.75,1.00
2015.07.24 08:26:13.582,1.42468,1.42488,1.12,1.00
2015.07.24 08:26:14.269,1.42468,1.42489,1.12,1.00
2015.07.24 08:26:14.422,1.42467,1.42489,2.25,1.50
2015.07.24 08:26:15.058,1.42467,1.4249,2.25,1.12
2015.07.24 08:26:15.109,1.42469,1.42492,1.87,1.37
2015.07.24 08:26:15.160,1.42469,1.42492,1.87,1.12
2015.07.24 08:26:15.515,1.4248,1.42495,1.37,1.37
2015.07.24 08:26:15.566,1.42483,1.42499,1.37,1.87
2015.07.24 08:26:15.668,1.42484,1.42504,1.37,2.25
2015.07.24 08:26:15.821,1.42486,1.42506,1.00,2.25
2015.07.24 08:26:16.434,1.42486,1.42505,1.00,1.00
2015.07.24 08:26:18.620,1.42483,1.42506,1.87,1.12
2015.07.24 08:26:18.858,1.42486,1.42507,1.37,1.87
2015.07.24 08:26:20.170,1.42486,1.42507,1.37,1.00
2015.07.24 08:26:20.899,1.42486,1.42505,1.87,1.00
2015.07.24 08:26:23.309,1.42486,1.42508,1.37,1.87
2015.07.24 08:26:23.555,1.42486,1.42508,1.75,1.87
2015.07.24 08:26:24.641,1.42499,1.42508,1.00,1.12
2015.07.24 08:26:25.180,1.42501,1.42507,1.00,1.00
2015.07.24 08:26:25.490,1.42505,1.42512,1.00,1.37
2015.07.24 08:26:25.542,1.42506,1.42513,1.00,1.00
2015.07.24 08:26:26.153,1.42506,1.42513,1.00,1.00
2015.07.24 08:26:27.102,1.42507,1.42515,1.00,1.00
2015.07.24 08:26:27.538,1.42505,1.42515,1.00,1.00
2015.07.24 08:26:27.590,1.42507,1.42515,1.00,1.00
2015.07.24 08:26:27.641,1.42504,1.42515,1.00,1.00
2015.07.24 08:26:27.743,1.42504,1.42512,1.00,1.00
2015.07.24 08:26:28.394,1.42504,1.42513,1.00,1.00
2015.07.24 08:26:28.613,1.42502,1.42513,1.00,1.00
2015.07.24 08:26:29.716,1.42502,1.42515,1.00,1.00
2015.07.24 08:26:30.023,1.425,1.42516,1.00,1.00
2015.07.24 08:26:31.907,1.425,1.42517,1.00,1.12
2015.07.24 08:26:32.587,1.425,1.42517,1.37,1.12
2015.07.24 08:26:33.080,1.42502,1.42517,1.37,1.12
2015.07.24 08:26:33.441,1.42502,1.42519,1.37,1.00
2015.07.24 08:26:33.695,1.42502,1.42521,1.37,1.50
2015.07.24 08:26:34.372,1.42502,1.42521,1.37,1.12
2015.07.24 08:26:34.626,1.42502,1.42521,1.37,1.12
2015.07.24 08:26:37.199,1.42498,1.42517,1.50,1.00
2015.07.24 08:26:37.307,1.42498,1.42517,1.37,1.00
2015.07.24 08:26:37.857,1.42496,1.42517,2.85,1.00
2015.07.24 08:26:38.405,1.42496,1.42517,2.85,1.00
2015.07.24 08:26:40.027,1.42496,1.42517,2.85,1.00
2015.07.24 08:26:40.566,1.42496,1.42517,2.85,1.00
2015.07.24 08:26:41.934,1.42496,1.42517,1.35,1.00
2015.07.24 08:26:42.441,1.42496,1.42518,2.10,1.00
2015.07.24 08:26:43.629,1.42496,1.42518,1.67,1.00
2015.07.24 08:26:44.760,1.42496,1.42517,1.50,1.87
2015.07.24 08:26:45.269,1.42494,1.42516,1.75,1.00
2015.07.24 08:26:46.142,1.42494,1.42516,1.87,1.00
2015.07.24 08:26:46.944,1.42497,1.42516,1.37,1.00
2015.07.24 08:26:47.704,1.42496,1.42516,2.62,1.00
2015.07.24 08:26:48.207,1.42495,1.42516,1.75,1.00
2015.07.24 08:26:48.562,1.42496,1.42516,1.75,1.00
2015.07.24 08:26:49.159,1.42496,1.42518,1.75,1.12
2015.07.24 08:26:49.809,1.42496,1.42518,1.87,1.12
2015.07.24 08:26:49.984,1.42496,1.42518,1.50,1.12
2015.07.24 08:26:50.187,1.42497,1.42518,1.50,1.00
2015.07.24 08:26:50.538,1.42498,1.42512,1.37,1.00
2015.07.24 08:26:51.068,1.42498,1.42512,1.50,1.00
2015.07.24 08:26:52.610,1.42498,1.42512,1.50,1.00
2015.07.24 08:26:53.010,1.42498,1.4251,1.50,1.00
2015.07.24 08:26:53.213,1.42497,1.4251,1.50,1.00
2015.07.24 08:26:54.093,1.42497,1.4251,1.37,1.00
2015.07.24 08:26:54.884,1.42497,1.4251,1.12,1.00
2015.07.24 08:26:55.730,1.42496,1.4251,1.87,1.00
2015.07.24 08:26:56.140,1.42495,1.4251,1.75,1.00
2015.07.24 08:26:56.243,1.42491,1.42509,1.12,1.50
2015.07.24 08:26:56.345,1.42488,1.42506,2.25,1.00
2015.07.24 08:26:56.396,1.42488,1.42506,1.37,1.00
2015.07.24 08:26:56.448,1.42486,1.425,2.25,1.00
2015.07.24 08:26:56.758,1.42485,1.42497,1.67,1.00
2015.07.24 08:26:56.809,1.42484,1.42497,1.60,1.00
2015.07.24 08:26:57.318,1.42484,1.42496,1.60,1.00
2015.07.24 08:26:57.669,1.42484,1.42497,2.10,1.00
2015.07.24 08:26:58.198,1.42482,1.42496,1.87,1.00
2015.07.24 08:26:58.700,1.42482,1.42496,1.75,1.00
2015.07.24 08:26:59.251,1.42483,1.42496,1.37,1.00
2015.07.24 08:27:00.355,1.42483,1.42501,1.37,1.00
2015.07.24 08:27:00.861,1.42483,1.42502,1.37,1.00
2015.07.24 08:27:01.861,1.42483,1.42502,1.37,1.00
2015.07.24 08:27:02.892,1.42483,1.42502,1.37,1.00
2015.07.24 08:27:03.465,1.42483,1.42501,1.37,1.00
2015.07.24 08:27:04.425,1.42483,1.42501,2.25,1.00
2015.07.24 08:27:04.957,1.42483,1.425,1.87,1.00
2015.07.24 08:27:05.270,1.42484,1.425,1.12,1.00
2015.07.24 08:27:05.650,1.42477,1.42494,1.50,1.00
2015.07.24 08:27:06.397,1.42474,1.42491,2.10,1.00
2015.07.24 08:27:06.955,1.42473,1.4249,1.35,1.00
2015.07.24 08:27:07.736,1.42472,1.42489,2.10,1.00
2015.07.24 08:27:08.406,1.42472,1.4249,1.35,1.00
2015.07.24 08:27:08.945,1.42472,1.4249,1.35,1.00
2015.07.24 08:27:09.505,1.42469,1.42486,1.12,1.00
2015.07.24 08:27:09.557,1.42467,1.42486,1.10,1.50
2015.07.24 08:27:09.608,1.42463,1.42484,3.00,1.00
2015.07.24 08:27:09.913,1.42463,1.42482,1.87,1.00
2015.07.24 08:27:10.220,1.42461,1.42482,1.20,1.00
2015.07.24 08:27:10.770,1.42465,1.42482,1.87,1.00
2015.07.24 08:27:10.825,1.42465,1.42487,1.87,1.00
2015.07.24 08:27:11.156,1.42465,1.42488,2.25,1.00
2015.07.24 08:27:11.461,1.42465,1.42486,1.75,1.00
2015.07.24 08:27:11.947,1.42467,1.42489,1.67,1.12
2015.07.24 08:27:12.049,1.4247,1.42488,1.37,1.50
2015.07.24 08:27:12.355,1.4247,1.4249,1.12,1.00
2015.07.24 08:27:13.077,1.42471,1.42491,1.37,1.00
2015.07.24 08:27:14.166,1.42472,1.42491,1.37,1.00
2015.07.24 08:27:14.769,1.42473,1.42491,1.50,1.00
2015.07.24 08:27:15.322,1.42473,1.4249,1.87,1.00
2015.07.24 08:27:15.425,1.42473,1.42484,1.87,1.00
2015.07.24 08:27:15.476,1.42473,1.42486,1.37,1.00
2015.07.24 08:27:15.527,1.42471,1.42488,1.50,1.00
2015.07.24 08:27:15.945,1.42471,1.42489,1.75,1.00
2015.07.24 08:27:18.970,1.42472,1.42489,1.37,1.00
2015.07.24 08:27:19.495,1.42473,1.42489,1.37,1.00
2015.07.24 08:27:22.086,1.42475,1.42489,1.75,1.00
2015.07.24 08:27:22.329,1.42479,1.42497,1.12,1.00
2015.07.24 08:27:22.482,1.42479,1.42499,1.12,1.00
2015.07.24 08:27:22.635,1.4248,1.42502,1.50,1.12
2015.07.24 08:27:22.739,1.42483,1.42504,1.00,1.12
2015.07.24 08:27:23.190,1.42488,1.42509,1.50,1.00
2015.07.24 08:27:23.548,1.42488,1.42507,1.37,1.00
2015.07.24 08:27:24.118,1.42488,1.42507,1.12,1.00
2015.07.24 08:27:24.504,1.42487,1.42509,1.37,1.50
2015.07.24 08:27:24.606,1.42494,1.42511,1.37,1.00
2015.07.24 08:27:24.861,1.42489,1.42511,2.25,1.37
2015.07.24 08:27:25.267,1.42487,1.42509,2.25,1.12
2015.07.24 08:27:26.431,1.42488,1.42512,2.62,1.12
2015.07.24 08:27:26.736,1.4249,1.42513,1.50,1.87
2015.07.24 08:27:27.327,1.42495,1.42514,1.37,1.37
2015.07.24 08:27:27.379,1.42495,1.42517,1.37,1.37
2015.07.24 08:27:27.888,1.42496,1.42517,1.37,1.00
2015.07.24 08:27:29.071,1.42496,1.4252,2.62,1.37
2015.07.24 08:27:30.367,1.42497,1.4252,1.50,1.50
2015.07.24 08:27:32.857,1.42499,1.42521,1.00,1.37
2015.07.24 08:27:33.365,1.42498,1.42519,1.50,1.50
2015.07.24 08:27:33.417,1.42497,1.42517,1.75,1.87
2015.07.24 08:27:33.519,1.42493,1.42515,1.00,1.87
2015.07.24 08:27:33.672,1.4249,1.42514,1.50,1.50
2015.07.24 08:27:34.087,1.42488,1.42511,1.50,1.00
2015.07.24 08:27:34.340,1.42487,1.42509,1.50,1.00
2015.07.24 08:27:34.392,1.42487,1.42509,1.12,1.00
2015.07.24 08:27:34.910,1.42487,1.4251,1.50,1.37
2015.07.24 08:27:35.497,1.42488,1.4251,1.00,1.50
2015.07.24 08:27:36.316,1.42488,1.4251,1.00,1.50
2015.07.24 08:27:37.011,1.4249,1.4251,1.00,2.25
2015.07.24 08:27:37.522,1.4249,1.4251,1.00,1.00
2015.07.24 08:27:38.534,1.4249,1.42511,1.00,2.62
2015.07.24 08:27:39.074,1.4249,1.42511,1.00,2.62
2015.07.24 08:27:40.840,1.4249,1.42508,1.00,1.37
2015.07.24 08:27:42.185,1.42491,1.42509,1.00,1.37
2015.07.24 08:27:42.337,1.42491,1.42509,1.00,1.12
2015.07.24 08:27:42.692,1.42493,1.4251,1.00,1.00
2015.07.24 08:27:43.768,1.42493,1.42513,1.00,1.75
2015.07.24 08:27:44.689,1.42493,1.42512,1.00,1.00
2015.07.24 08:27:45.200,1.42493,1.42513,1.00,1.87
2015.07.24 08:27:46.109,1.425,1.42513,1.00,1.00
2015.07.24 08:27:46.212,1.42501,1.42517,1.00,1.12
2015.07.24 08:27:46.263,1.42503,1.4252,1.00,4.50
2015.07.24 08:27:46.315,1.42503,1.4252,1.00,1.00
2015.07.24 08:27:46.827,1.42504,1.4252,1.00,1.00
2015.07.24 08:27:46.879,1.42504,1.42522,1.00,1.00
2015.07.24 08:27:47.348,1.42506,1.42522,1.00,1.00
2015.07.24 08:27:47.452,1.42506,1.42524,1.00,1.00
2015.07.24 08:27:48.755,1.42506,1.42525,1.00,1.00
2015.07.24 08:27:49.466,1.42505,1.42525,1.00,1.00
2015.07.24 08:27:50.968,1.42505,1.42524,1.00,1.00
2015.07.24 08:27:51.527,1.42505,1.42523,1.00,1.00
2015.07.24 08:27:51.681,1.42502,1.42523,1.47,1.00
2015.07.24 08:27:51.784,1.42501,1.42523,3.00,1.37
2015.07.24 08:27:52.291,1.42502,1.42521,2.10,1.00
2015.07.24 08:27:54.159,1.42504,1.4252,1.72,1.00
2015.07.24 08:27:54.436,1.42504,1.42524,1.72,1.00
2015.07.24 08:27:54.588,1.42504,1.42522,1.60,1.00
2015.07.24 08:27:58.348,1.42503,1.42522,1.35,1.00
2015.07.24 08:27:58.729,1.42507,1.42524,1.57,1.00
2015.07.24 08:27:58.933,1.42509,1.42525,1.00,1.00
2015.07.24 08:27:59.239,1.42512,1.42528,1.47,1.00
2015.07.24 08:27:59.645,1.42514,1.4253,1.87,1.00
2015.07.24 08:27:59.912,1.42515,1.42533,1.00,1.00
2015.07.24 08:27:59.963,1.42518,1.42534,1.00,1.00
2015.07.24 08:28:00.319,1.42517,1.4253,1.00,1.00
2015.07.24 08:28:00.472,1.42515,1.4253,1.87,1.00
2015.07.24 08:28:00.524,1.42515,1.42527,1.87,1.00
2015.07.24 08:28:01.492,1.42508,1.42523,1.87,1.00
2015.07.24 08:28:01.999,1.42508,1.42522,1.87,1.00
2015.07.24 08:28:02.359,1.42508,1.42522,1.87,1.00
2015.07.24 08:28:02.861,1.42509,1.42522,1.00,1.00
2015.07.24 08:28:03.379,1.42509,1.42523,1.00,1.00
2015.07.24 08:28:04.516,1.42509,1.42523,1.37,1.00
2015.07.24 08:28:05.045,1.4251,1.42525,1.50,1.00
2015.07.24 08:28:05.796,1.42512,1.42525,1.00,1.00
2015.07.24 08:28:06.307,1.4251,1.42526,1.50,1.00
2015.07.24 08:28:06.662,1.42512,1.42529,1.37,1.00
2015.07.24 08:28:06.764,1.42515,1.42529,1.12,1.00
2015.07.24 08:28:07.064,1.42515,1.42534,1.37,1.50
2015.07.24 08:28:07.120,1.42515,1.4253,1.00,1.00
2015.07.24 08:28:07.171,1.42513,1.4253,1.00,1.00
2015.07.24 08:28:07.426,1.42512,1.42528,2.10,1.00
2015.07.24 08:28:07.885,1.42512,1.42526,1.12,1.00
2015.07.24 08:28:08.400,1.4251,1.42526,1.50,1.00
2015.07.24 08:28:08.858,1.4251,1.42529,1.50,1.00
2015.07.24 08:28:09.164,1.42508,1.42529,1.12,1.87
2015.07.24 08:28:09.752,1.42503,1.42519,2.25,1.00
2015.07.24 08:28:09.803,1.42503,1.42519,1.50,1.00
2015.07.24 08:28:09.905,1.42501,1.42519,1.12,1.00
2015.07.24 08:28:10.440,1.425,1.42518,1.87,1.00
2015.07.24 08:28:11.094,1.42502,1.42518,1.00,1.00
2015.07.24 08:28:12.830,1.42501,1.42518,1.00,1.00
2015.07.24 08:28:13.354,1.42502,1.42518,1.00,1.00
2015.07.24 08:28:16.574,1.425,1.42518,1.37,1.00
2015.07.24 08:28:17.081,1.42503,1.42518,1.00,1.00
2015.07.24 08:28:17.607,1.42502,1.42517,1.00,1.00
2015.07.24 08:28:17.658,1.42502,1.42519,1.00,1.00
2015.07.24 08:28:18.531,1.42505,1.42519,1.00,1.00
2015.07.24 08:28:19.186,1.42505,1.4252,1.00,1.00
2015.07.24 08:28:20.797,1.42503,1.4252,1.00,1.00
2015.07.24 08:28:21.845,1.42502,1.42519,1.37,1.00
2015.07.24 08:28:22.283,1.42502,1.42517,1.37,1.00
2015.07.24 08:28:22.342,1.42503,1.42522,1.12,1.00
2015.07.24 08:28:22.727,1.42505,1.42521,1.00,1.00
2015.07.24 08:28:22.829,1.42503,1.42521,1.00,1.00
2015.07.24 08:28:22.881,1.42503,1.42519,1.00,1.00
2015.07.24 08:28:23.135,1.42501,1.42519,1.00,1.00
2015.07.24 08:28:23.389,1.42498,1.42518,1.00,1.37
2015.07.24 08:28:23.897,1.42495,1.42516,1.37,1.12
2015.07.24 08:28:24.404,1.42494,1.42516,1.12,1.12
2015.07.24 08:28:24.911,1.42493,1.42516,1.87,1.37
2015.07.24 08:28:26.289,1.42493,1.42515,1.87,1.00
2015.07.24 08:28:27.713,1.42493,1.42515,3.00,1.00
2015.07.24 08:28:29.427,1.42494,1.42516,1.37,1.00
2015.07.24 08:28:29.937,1.42495,1.42518,1.37,1.37
2015.07.24 08:28:30.420,1.42495,1.42518,1.50,1.00
2015.07.24 08:28:30.472,1.42495,1.42515,1.50,1.00
2015.07.24 08:28:30.625,1.42493,1.42515,1.50,1.12
2015.07.24 08:28:30.778,1.42498,1.42519,1.00,1.75
2015.07.24 08:28:31.034,1.42502,1.42526,1.50,1.12
2015.07.24 08:28:31.497,1.42504,1.42527,1.87,1.12
2015.07.24 08:28:32.267,1.42506,1.42528,1.50,1.37
2015.07.24 08:28:33.011,1.42506,1.42528,1.50,1.00
2015.07.24 08:28:33.534,1.42506,1.42528,1.12,1.37
2015.07.24 08:28:34.763,1.42506,1.42528,1.12,1.00
2015.07.24 08:28:35.270,1.42506,1.42527,1.12,1.00
2015.07.24 08:28:35.576,1.42501,1.4252,3.00,1.00
2015.07.24 08:28:35.627,1.42501,1.42524,2.62,1.37
2015.07.24 08:28:35.904,1.42505,1.42524,1.50,1.37
2015.07.24 08:28:35.955,1.42505,1.42527,1.50,1.00
2015.07.24 08:28:36.007,1.42505,1.42529,1.50,2.25
2015.07.24 08:28:36.312,1.42507,1.42529,1.00,1.50
2015.07.24 08:28:37.516,1.42507,1.42529,1.50,1.37
2015.07.24 08:28:38.046,1.42507,1.42529,1.50,1.37
2015.07.24 08:28:39.054,1.42507,1.42529,1.00,1.37
2015.07.24 08:28:41.471,1.42506,1.42529,1.75,1.00
2015.07.24 08:28:42.015,1.42506,1.42529,2.25,1.12
2015.07.24 08:28:49.431,1.42507,1.42531,1.50,1.00
2015.07.24 08:28:49.533,1.4251,1.42532,1.37,2.62
2015.07.24 08:28:55.472,1.42511,1.42532,1.00,1.37
2015.07.24 08:28:59.017,1.4251,1.42532,1.37,1.00
2015.07.24 08:29:00.027,1.4251,1.42534,1.37,2.25
2015.07.24 08:29:00.449,1.42515,1.42537,1.00,1.37
2015.07.24 08:29:00.716,1.4251,1.42534,1.12,1.87
2015.07.24 08:29:03.449,1.42509,1.42534,2.62,1.87
2015.07.24 08:29:04.474,1.42512,1.42534,1.00,1.87
2015.07.24 08:29:05.020,1.42512,1.42534,1.12,1.87
2015.07.24 08:29:05.926,1.42512,1.42534,1.00,1.37
2015.07.24 08:29:07.146,1.42512,1.42534,1.00,1.37
2015.07.24 08:29:08.926,1.42512,1.42534,1.00,1.37
2015.07.24 08:29:09.597,1.42512,1.42534,1.12,1.37
2015.07.24 08:29:09.751,1.42514,1.42534,1.00,1.37
2015.07.24 08:29:09.955,1.42516,1.42537,1.12,1.87
2015.07.24 08:29:10.432,1.42518,1.42538,1.00,1.37
2015.07.24 08:29:10.887,1.42512,1.42537,3.00,1.87
2015.07.24 08:29:10.940,1.42512,1.42537,1.87,3.00
2015.07.24 08:29:11.095,1.42515,1.42537,1.00,2.25
2015.07.24 08:29:11.197,1.42513,1.42536,1.00,1.37
2015.07.24 08:29:11.554,1.42513,1.42537,1.87,1.12
2015.07.24 08:29:12.357,1.42513,1.42539,2.62,2.62
2015.07.24 08:29:12.909,1.42514,1.42539,1.50,2.25
2015.07.24 08:29:13.443,1.42515,1.42539,1.12,1.87
2015.07.24 08:29:13.952,1.42515,1.42539,1.12,1.87
2015.07.24 08:29:14.054,1.42517,1.42539,2.25,1.00
2015.07.24 08:29:14.208,1.4252,1.42542,1.00,1.00
2015.07.24 08:29:14.361,1.42522,1.42545,1.00,3.00
2015.07.24 08:29:14.412,1.42522,1.42545,1.00,1.12
2015.07.24 08:29:14.566,1.42522,1.42545,1.50,1.37
2015.07.24 08:29:15.374,1.42522,1.42545,1.00,1.37
2015.07.24 08:29:15.768,1.42522,1.42545,2.62,1.00
2015.07.24 08:29:15.824,1.42525,1.42548,1.37,2.25
2015.07.24 08:29:16.226,1.42526,1.42548,1.75,1.00
2015.07.24 08:29:16.734,1.42527,1.4255,1.50,1.37
2015.07.24 08:29:17.313,1.4253,1.4255,1.00,1.37
2015.07.24 08:29:18.233,1.4253,1.4255,1.12,1.12
2015.07.24 08:29:22.290,1.4253,1.42552,1.37,1.00
2015.07.24 08:29:22.899,1.4253,1.42554,1.12,3.00
2015.07.24 08:29:23.484,1.42529,1.42553,1.37,1.87
2015.07.24 08:29:23.536,1.42528,1.42551,1.50,2.25
2015.07.24 08:29:24.045,1.42524,1.42549,1.87,2.62
2015.07.24 08:29:24.447,1.42524,1.42549,1.87,2.62
2015.07.24 08:29:24.753,1.42531,1.42551,1.37,1.12
2015.07.24 08:29:25.090,1.42532,1.42556,1.37,1.37
2015.07.24 08:29:25.244,1.42533,1.42557,1.87,1.12
2015.07.24 08:29:25.906,1.42534,1.42558,1.00,1.50
2015.07.24 08:29:26.246,1.42534,1.42554,1.00,1.00
2015.07.24 08:29:26.766,1.42531,1.42555,1.50,1.50
2015.07.24 08:29:27.070,1.42531,1.42556,1.37,1.37
2015.07.24 08:29:27.223,1.42534,1.42559,1.00,1.87
2015.07.24 08:29:27.274,1.42533,1.42559,3.37,1.87
2015.07.24 08:29:27.820,1.42533,1.42559,2.62,1.87
2015.07.24 08:29:28.327,1.42534,1.42559,1.00,2.62
2015.07.24 08:29:29.099,1.42532,1.4255,1.12,1.00
2015.07.24 08:29:29.154,1.42529,1.4255,1.50,1.00
2015.07.24 08:29:30.297,1.42528,1.42545,1.12,1.12
2015.07.24 08:29:30.349,1.42521,1.42544,1.10,1.50
2015.07.24 08:29:30.503,1.4252,1.42545,1.00,3.07
2015.07.24 08:29:30.656,1.42522,1.42545,1.00,1.12
2015.07.24 08:29:31.413,1.42523,1.42545,1.00,2.62
2015.07.24 08:29:31.569,1.42521,1.42543,1.00,1.75
2015.07.24 08:29:31.620,1.42521,1.42542,1.00,1.75
2015.07.24 08:29:31.925,1.42517,1.42541,3.37,1.12
2015.07.24 08:29:32.828,1.42517,1.42542,3.00,3.00
2015.07.24 08:29:33.721,1.42519,1.42542,1.50,1.87
2015.07.24 08:29:33.823,1.42521,1.42544,1.37,1.87
2015.07.24 08:29:34.339,1.42522,1.42545,1.87,1.75
2015.07.24 08:29:34.604,1.42522,1.42545,1.87,1.75
2015.07.24 08:29:34.757,1.4252,1.42544,1.12,1.37
2015.07.24 08:29:34.859,1.42521,1.42544,1.87,1.37
2015.07.24 08:29:34.960,1.4252,1.42543,1.12,1.37
2015.07.24 08:29:35.801,1.42519,1.42543,1.50,1.37
2015.07.24 08:29:36.321,1.42519,1.42542,1.12,1.00
2015.07.24 08:29:36.992,1.4252,1.42542,1.00,1.00
2015.07.24 08:29:38.484,1.42519,1.42542,1.87,1.00
2015.07.24 08:29:38.789,1.42526,1.42545,1.00,1.12
2015.07.24 08:29:39.096,1.42527,1.42548,1.00,1.12
2015.07.24 08:29:39.198,1.42525,1.42548,1.00,1.50
2015.07.24 08:29:39.741,1.42524,1.42548,1.12,3.00
2015.07.24 08:29:40.046,1.42526,1.42548,1.00,1.87
2015.07.24 08:29:40.552,1.42524,1.42549,2.62,1.87
2015.07.24 08:29:41.062,1.42523,1.4253,1.00,1.00
2015.07.24 08:29:41.114,1.42497,1.42518,1.12,1.00
2015.07.24 08:29:41.165,1.42495,1.42518,1.12,1.87
2015.07.24 08:29:41.267,1.42488,1.42512,1.00,1.87
2015.07.24 08:29:41.471,1.4249,1.42513,1.00,1.37
2015.07.24 08:29:42.063,1.42489,1.42515,2.25,3.37
2015.07.24 08:29:42.596,1.4249,1.42513,1.00,1.00
2015.07.24 08:29:42.900,1.42491,1.42516,1.87,1.75
2015.07.24 08:29:43.542,1.42491,1.42514,1.87,1.12
2015.07.24 08:29:44.153,1.42491,1.42512,2.25,1.00
2015.07.24 08:29:44.911,1.42491,1.42511,2.25,1.00
2015.07.24 08:29:44.963,1.4248,1.42503,1.87,1.00
2015.07.24 08:29:45.018,1.4248,1.42501,1.87,1.00
2015.07.24 08:29:45.273,1.42477,1.42499,2.62,1.00
2015.07.24 08:29:45.680,1.42477,1.42502,1.37,3.75
2015.07.24 08:29:46.184,1.42477,1.42499,1.87,1.00
2015.07.24 08:29:47.540,1.42477,1.42499,1.87,1.00
2015.07.24 08:29:47.642,1.42477,1.42501,2.62,1.12
2015.07.24 08:29:48.049,1.42479,1.42501,1.12,1.00
2015.07.24 08:29:48.423,1.42481,1.42503,1.00,1.50
2015.07.24 08:29:48.981,1.42484,1.42504,1.12,1.00
2015.07.24 08:29:49.032,1.42484,1.42506,1.12,1.00
2015.07.24 08:29:49.185,1.42486,1.42506,1.12,1.00
2015.07.24 08:29:49.388,1.42485,1.42506,1.12,1.00
2015.07.24 08:29:49.439,1.42485,1.42508,1.12,1.00
2015.07.24 08:29:49.643,1.42486,1.42509,1.75,1.00
2015.07.24 08:29:49.694,1.42487,1.42511,1.75,2.25
2015.07.24 08:29:50.315,1.42487,1.42511,1.75,2.62
2015.07.24 08:29:50.839,1.42491,1.42513,1.50,1.37
2015.07.24 08:29:51.459,1.42491,1.42513,1.50,1.12
2015.07.24 08:29:51.969,1.42491,1.42514,1.50,1.00
2015.07.24 08:29:52.357,1.42492,1.42514,1.12,1.00
2015.07.24 08:29:52.763,1.42493,1.42516,1.50,2.25
2015.07.24 08:29:54.483,1.42496,1.42516,1.00,1.00
2015.07.24 08:29:54.933,1.42493,1.42514,1.50,1.00
2015.07.24 08:29:55.238,1.42494,1.42514,1.75,1.00
2015.07.24 08:29:55.927,1.42494,1.42516,1.87,1.00
2015.07.24 08:29:56.350,1.42493,1.42516,1.87,1.12
2015.07.24 08:29:56.402,1.42493,1.42513,1.87,1.00
2015.07.24 08:29:56.931,1.42493,1.42512,1.50,1.00
2015.07.24 08:29:57.312,1.42493,1.42515,1.50,1.00
2015.07.24 08:29:57.985,1.42493,1.42515,1.37,1.00
2015.07.24 08:29:58.552,1.42493,1.42516,1.87,1.00
2015.07.24 08:29:59.444,1.42493,1.42515,1.87,1.00
2015.07.24 08:30:00.436,1.42493,1.42515,1.37,1.50
2015.07.24 08:30:00.856,1.42492,1.42509,1.37,1.12
2015.07.24 08:30:01.009,1.42484,1.42505,1.75,1.00
2015.07.24 08:30:01.161,1.42484,1.42507,1.37,1.00
2015.07.24 08:30:03.210,1.42483,1.42505,1.75,1.00
2015.07.24 08:30:03.616,1.42481,1.42501,1.12,1.00
2015.07.24 08:30:03.718,1.42477,1.42501,1.12,1.00
2015.07.24 08:30:03.921,1.42478,1.42499,1.00,1.00
2015.07.24 08:30:04.851,1.42477,1.42499,1.12,1.00
2015.07.24 08:30:05.054,1.42477,1.42502,1.37,1.37
2015.07.24 08:30:05.156,1.42477,1.42502,1.12,1.37
2015.07.24 08:30:05.461,1.4248,1.42502,1.37,1.37
2015.07.24 08:30:06.293,1.42471,1.42489,1.37,1.00
2015.07.24 08:30:06.600,1.42466,1.42487,1.87,1.10
2015.07.24 08:30:08.080,1.42466,1.42485,1.12,1.00
2015.07.24 08:30:08.132,1.42464,1.42484,1.50,1.00
2015.07.24 08:30:08.616,1.42462,1.42484,1.37,1.12
2015.07.24 08:30:09.227,1.42463,1.42478,1.00,1.00
2015.07.24 08:30:09.329,1.42461,1.42481,1.87,1.50
2015.07.24 08:30:09.431,1.42461,1.42481,1.00,1.00
2015.07.24 08:30:09.484,1.42461,1.42483,1.00,1.00
2015.07.24 08:30:10.088,1.42461,1.42483,1.50,1.00
2015.07.24 08:30:10.140,1.42462,1.42487,1.12,1.50
2015.07.24 08:30:10.243,1.42465,1.42487,1.00,1.50
2015.07.24 08:30:10.752,1.42466,1.42489,1.00,3.37
2015.07.24 08:30:11.285,1.42463,1.42489,2.25,3.37
2015.07.24 08:30:11.693,1.42462,1.42485,1.50,1.37
2015.07.24 08:30:11.744,1.42464,1.42485,1.00,1.37
2015.07.24 08:30:11.846,1.42462,1.42485,1.50,1.37
2015.07.24 08:30:12.392,1.42462,1.42485,1.50,1.12
2015.07.24 08:30:12.545,1.42464,1.42485,1.37,1.12
2015.07.24 08:30:14.728,1.42464,1.42487,1.50,1.87
2015.07.24 08:30:16.155,1.42465,1.42488,1.00,2.25
2015.07.24 08:30:16.661,1.42463,1.42487,3.00,1.50
2015.07.24 08:30:16.996,1.42463,1.42484,3.00,1.00
2015.07.24 08:30:17.453,1.42463,1.42482,2.25,1.00
2015.07.24 08:30:17.658,1.42459,1.42481,1.37,1.50
2015.07.24 08:30:17.709,1.4246,1.42481,1.37,1.12
2015.07.24 08:30:18.760,1.4246,1.4248,1.37,1.50
2015.07.24 08:30:19.713,1.42465,1.4248,1.00,1.00
2015.07.24 08:30:19.815,1.42465,1.42484,1.37,1.00
2015.07.24 08:30:20.171,1.42467,1.42489,1.00,1.87
2015.07.24 08:30:20.222,1.4247,1.42492,1.12,1.50
2015.07.24 08:30:20.984,1.42469,1.42488,1.00,1.00
2015.07.24 08:30:21.036,1.42467,1.42488,1.12,1.00
2015.07.24 08:30:21.452,1.42467,1.42489,1.50,1.00
2015.07.24 08:30:21.960,1.42467,1.4249,1.87,1.00
2015.07.24 08:30:23.243,1.42469,1.42491,1.12,1.50
2015.07.24 08:30:24.185,1.42469,1.4249,1.12,1.00
2015.07.24 08:30:24.835,1.42468,1.42491,1.37,1.12
2015.07.24 08:30:25.342,1.42468,1.4249,1.00,2.62
2015.07.24 08:30:25.647,1.42464,1.42484,1.87,1.12
2015.07.24 08:30:25.749,1.42459,1.42483,2.25,1.00
2015.07.24 08:30:26.281,1.42459,1.42483,1.37,1.37
2015.07.24 08:30:26.434,1.4246,1.42484,1.50,2.25
2015.07.24 08:30:27.094,1.4246,1.42484,1.50,2.25
2015.07.24 08:30:27.740,1.42458,1.42478,1.75,2.25
2015.07.24 08:30:27.793,1.4245,1.42473,1.00,1.50
2015.07.24 08:30:28.571,1.4245,1.42472,1.00,1.87
2015.07.24 08:30:29.567,1.4245,1.42472,1.00,2.62
2015.07.24 08:30:30.400,1.42449,1.42472,1.87,1.87
2015.07.24 08:30:30.708,1.4246,1.42482,1.00,2.32
2015.07.24 08:30:30.759,1.4246,1.42482,1.87,1.20
2015.07.24 08:30:31.691,1.4246,1.42482,1.87,1.50
2015.07.24 08:30:31.844,1.42458,1.42482,1.87,1.50
2015.07.24 08:30:32.524,1.42459,1.42482,1.87,2.62
2015.07.24 08:30:33.239,1.4246,1.42482,1.75,1.50
2015.07.24 08:30:33.392,1.42461,1.42484,1.37,2.25
2015.07.24 08:30:33.493,1.4246,1.42483,1.75,2.25
2015.07.24 08:30:34.327,1.42464,1.42484,1.12,1.00
2015.07.24 08:30:34.383,1.42468,1.42491,1.50,1.37
2015.07.24 08:30:35.295,1.42468,1.4249,1.00,1.37
2015.07.24 08:30:36.369,1.42468,1.4249,1.00,1.12
2015.07.24 08:30:40.464,1.42468,1.42492,1.87,1.50
2015.07.24 08:30:41.046,1.42468,1.42485,1.50,1.00
2015.07.24 08:30:41.097,1.42468,1.42488,1.50,1.00
2015.07.24 08:30:41.148,1.42468,1.42485,1.12,1.00
2015.07.24 08:30:41.251,1.42461,1.42484,2.25,1.37
2015.07.24 08:30:41.353,1.42462,1.42485,1.12,1.87
2015.07.24 08:30:41.455,1.42462,1.42483,1.12,1.50
2015.07.24 08:30:42.314,1.42465,1.42485,1.00,1.75
2015.07.24 08:30:42.467,1.4246,1.42484,1.87,2.25
2015.07.24 08:30:42.872,1.42459,1.42483,2.25,1.75
2015.07.24 08:30:43.724,1.42459,1.42484,2.62,2.25
2015.07.24 08:30:45.260,1.42461,1.42484,1.00,2.25
2015.07.24 08:30:45.769,1.4246,1.42482,1.50,1.75
2015.07.24 08:30:46.545,1.42462,1.42484,1.00,2.25
2015.07.24 08:30:46.866,1.4246,1.42484,1.12,2.25
2015.07.24 08:30:47.479,1.42461,1.42482,1.00,1.75
2015.07.24 08:30:47.785,1.42463,1.42481,1.00,1.00
2015.07.24 08:30:47.837,1.42461,1.42481,1.50,1.00
2015.07.24 08:30:47.888,1.42463,1.42481,1.00,1.00
2015.07.24 08:30:48.201,1.42465,1.42484,1.12,1.12
2015.07.24 08:30:48.303,1.42464,1.42487,2.25,2.62
2015.07.24 08:30:48.405,1.42466,1.42486,1.00,1.00
2015.07.24 08:30:48.746,1.42471,1.42491,1.00,1.95
2015.07.24 08:30:48.798,1.42472,1.42492,1.12,1.87
2015.07.24 08:30:48.951,1.42474,1.42496,1.00,2.62
2015.07.24 08:30:49.458,1.42473,1.42495,1.50,1.50
2015.07.24 08:30:50.357,1.42473,1.42495,1.87,1.00
2015.07.24 08:30:50.995,1.42475,1.42495,1.00,1.00
2015.07.24 08:30:51.324,1.42476,1.42498,1.37,3.00
2015.07.24 08:30:52.090,1.42476,1.42488,1.37,1.00
2015.07.24 08:30:52.142,1.4247,1.42488,1.12,1.00
2015.07.24 08:30:52.348,1.42473,1.42488,1.00,1.00
2015.07.24 08:30:52.657,1.42471,1.42489,1.00,1.47
2015.07.24 08:30:52.811,1.42469,1.42489,1.00,1.50
2015.07.24 08:30:53.240,1.4246,1.42483,1.00,3.75
2015.07.24 08:30:53.342,1.4246,1.42481,1.50,1.12
2015.07.24 08:30:53.393,1.42463,1.42479,1.00,1.10
2015.07.24 08:30:53.546,1.42463,1.42483,1.00,1.20
2015.07.24 08:30:54.488,1.42463,1.42485,2.25,1.37
2015.07.24 08:30:54.996,1.42468,1.42483,1.00,1.12
2015.07.24 08:30:55.200,1.42468,1.42486,1.00,1.87
2015.07.24 08:30:56.643,1.42468,1.42486,1.00,1.37
2015.07.24 08:30:56.870,1.42465,1.42486,2.25,1.37
2015.07.24 08:30:58.192,1.42467,1.42486,1.00,1.37
2015.07.24 08:30:58.684,1.42465,1.42483,1.37,1.00
2015.07.24 08:30:58.735,1.42463,1.42483,1.12,1.00
2015.07.24 08:30:59.248,1.42463,1.42484,1.87,1.00
2015.07.24 08:31:00.152,1.42464,1.42484,1.12,1.37
2015.07.24 08:31:00.356,1.42466,1.42484,1.00,1.37
2015.07.24 08:31:00.886,1.42465,1.42484,1.00,1.37
2015.07.24 08:31:02.008,1.42464,1.42482,1.37,1.00
2015.07.24 08:31:02.161,1.42459,1.42478,1.50,1.00
2015.07.24 08:31:02.213,1.42459,1.42474,1.00,1.00
2015.07.24 08:31:02.265,1.42454,1.42474,2.62,1.00
2015.07.24 08:31:02.367,1.42454,1.42476,1.00,1.12
2015.07.24 08:31:02.469,1.42452,1.42475,1.87,1.10
2015.07.24 08:31:02.749,1.42452,1.42473,1.12,1.00
2015.07.24 08:31:02.851,1.42449,1.42472,1.50,1.87
2015.07.24 08:31:03.360,1.42449,1.4247,1.00,1.00
2015.07.24 08:31:03.617,1.42447,1.4247,1.37,3.00
2015.07.24 08:31:04.454,1.4245,1.42469,1.00,1.37
2015.07.24 08:31:04.658,1.42452,1.42471,1.12,1.50
2015.07.24 08:31:05.405,1.42451,1.42473,1.87,1.00
2015.07.24 08:31:05.712,1.42453,1.42473,2.62,1.00
2015.07.24 08:31:05.763,1.42453,1.42476,1.87,1.50
2015.07.24 08:31:06.022,1.42454,1.42475,1.12,1.87
2015.07.24 08:31:06.175,1.42445,1.42465,1.10,1.00
2015.07.24 08:31:06.493,1.42443,1.42466,1.12,1.00
2015.07.24 08:31:06.646,1.42441,1.42464,3.00,1.00
2015.07.24 08:31:07.153,1.42441,1.42463,3.00,1.00
2015.07.24 08:31:07.946,1.42441,1.4246,2.62,1.00
2015.07.24 08:31:07.998,1.42438,1.4246,2.62,1.00
2015.07.24 08:31:08.151,1.42437,1.42459,1.00,1.00
2015.07.24 08:31:08.659,1.42436,1.4246,2.25,1.50
2015.07.24 08:31:10.456,1.42438,1.4246,1.00,1.37
2015.07.24 08:31:11.566,1.42445,1.42461,1.00,1.87
2015.07.24 08:31:11.618,1.42443,1.42461,1.00,1.87
2015.07.24 08:31:11.770,1.42446,1.42461,1.00,1.00
2015.07.24 08:31:11.821,1.42446,1.42466,1.00,1.12
2015.07.24 08:31:11.872,1.42444,1.42467,1.12,1.87
2015.07.24 08:31:12.654,1.42445,1.42465,1.00,1.12
2015.07.24 08:31:12.857,1.42445,1.42466,1.12,1.00
2015.07.24 08:31:13.163,1.42442,1.42464,1.50,2.62
2015.07.24 08:31:13.523,1.42437,1.42462,2.25,1.37
2015.07.24 08:31:13.675,1.42439,1.42463,1.50,1.12
2015.07.24 08:31:14.081,1.4244,1.42464,1.50,1.37
2015.07.24 08:31:14.385,1.4244,1.42465,1.50,1.12
2015.07.24 08:31:15.246,1.42439,1.42464,1.12,1.00
2015.07.24 08:31:15.760,1.42442,1.42465,1.12,1.12
2015.07.24 08:31:16.452,1.42447,1.42471,2.25,1.10
2015.07.24 08:31:16.758,1.42449,1.42475,3.00,2.62
2015.07.24 08:31:16.809,1.42452,1.42475,1.50,1.87
2015.07.24 08:31:16.962,1.42453,1.42478,1.87,1.50
2015.07.24 08:31:17.115,1.42455,1.4248,1.50,2.62
2015.07.24 08:31:17.638,1.42455,1.4248,1.87,1.50
2015.07.24 08:31:18.246,1.42455,1.42478,1.87,1.00
2015.07.24 08:31:18.967,1.42456,1.4248,1.12,1.87
2015.07.24 08:31:19.481,1.42456,1.42481,1.12,3.00
2015.07.24 08:31:20.020,1.42456,1.42481,1.12,1.57
2015.07.24 08:31:20.600,1.42457,1.42481,1.12,1.50
2015.07.24 08:31:23.405,1.42459,1.42483,1.37,1.57
2015.07.24 08:31:23.815,1.4246,1.42481,1.87,1.00
2015.07.24 08:31:24.018,1.42459,1.42481,1.37,1.87
2015.07.24 08:31:24.526,1.42459,1.4248,1.37,1.00
2015.07.24 08:31:25.348,1.42457,1.42477,1.00,1.00
2015.07.24 08:31:26.835,1.42456,1.42478,1.37,1.87
2015.07.24 08:31:29.952,1.42458,1.42479,1.00,1.37
2015.07.24 08:31:30.478,1.42457,1.42479,1.50,1.37
2015.07.24 08:31:31.084,1.42458,1.42479,1.00,1.37
2015.07.24 08:31:31.591,1.42458,1.42481,1.50,1.10
2015.07.24 08:31:32.206,1.42459,1.42481,1.12,1.37
2015.07.24 08:31:32.735,1.4246,1.42481,1.00,1.37
2015.07.24 08:31:34.117,1.4246,1.42481,1.00,1.75
2015.07.24 08:31:34.730,1.42459,1.42481,1.12,1.50
2015.07.24 08:31:34.832,1.42459,1.42481,1.50,1.50
2015.07.24 08:31:35.890,1.42459,1.4248,1.00,1.00
2015.07.24 08:31:36.094,1.42459,1.4248,1.00,1.37
2015.07.24 08:31:36.644,1.42457,1.42478,1.50,1.12
2015.07.24 08:31:37.402,1.4246,1.42478,1.00,1.37
2015.07.24 08:31:37.460,1.42457,1.42478,2.25,1.37
2015.07.24 08:31:37.511,1.42457,1.42478,3.00,1.37
2015.07.24 08:31:38.108,1.42461,1.42478,1.00,1.00
2015.07.24 08:31:38.159,1.42458,1.42478,1.87,1.00
2015.07.24 08:31:38.676,1.4246,1.42478,1.00,1.00
2015.07.24 08:31:39.110,1.42462,1.42479,1.00,1.00
2015.07.24 08:31:39.262,1.42464,1.42485,1.50,1.57
2015.07.24 08:31:39.933,1.42465,1.42485,1.00,1.00
2015.07.24 08:31:40.136,1.42467,1.42485,1.00,1.00
2015.07.24 08:31:40.714,1.42466,1.42485,1.00,1.00
2015.07.24 08:31:41.352,1.42465,1.42486,1.50,1.00
2015.07.24 08:31:41.505,1.42471,1.4249,1.00,1.12
2015.07.24 08:31:42.021,1.4247,1.42491,1.12,1.37
2015.07.24 08:31:42.961,1.4247,1.42489,1.12,1.00
2015.07.24 08:31:43.221,1.42467,1.42488,1.87,1.12
2015.07.24 08:31:43.730,1.42467,1.42488,1.00,1.50
2015.07.24 08:31:44.687,1.42465,1.42487,1.87,1.12
2015.07.24 08:31:45.283,1.42465,1.42487,1.87,1.50
2015.07.24 08:31:45.335,1.42469,1.42487,1.00,1.50
2015.07.24 08:31:45.438,1.4247,1.42491,1.12,1.12
2015.07.24 08:31:45.752,1.42471,1.4249,1.75,1.00
2015.07.24 08:31:46.349,1.4247,1.42489,1.12,1.00
2015.07.24 08:31:46.402,1.42467,1.42489,1.12,1.37
2015.07.24 08:31:47.016,1.42465,1.42486,2.25,1.37
2015.07.24 08:31:47.219,1.42464,1.42484,1.12,1.12
2015.07.24 08:31:47.321,1.42464,1.42481,1.12,1.00
2015.07.24 08:31:47.423,1.42464,1.42483,1.12,1.00
2015.07.24 08:31:49.974,1.42462,1.42482,1.87,1.00
2015.07.24 08:31:50.279,1.42462,1.42479,1.12,1.00
2015.07.24 08:31:50.599,1.4246,1.42474,1.12,1.00
2015.07.24 08:31:51.808,1.42456,1.42474,1.37,1.37
2015.07.24 08:31:51.860,1.4246,1.42473,1.00,1.37
2015.07.24 08:31:51.912,1.42458,1.42473,1.00,1.37
2015.07.24 08:31:51.963,1.42456,1.4247,1.00,1.00
2015.07.24 08:31:52.014,1.42454,1.4247,1.00,1.00
2015.07.24 08:31:52.716,1.42454,1.42469,1.00,1.00
2015.07.24 08:31:53.734,1.42454,1.42467,1.00,1.00
2015.07.24 08:31:54.265,1.42455,1.42468,1.00,1.00
2015.07.24 08:31:54.823,1.42455,1.42465,1.00,1.00
2015.07.24 08:31:55.368,1.42454,1.42465,1.00,1.00
2015.07.24 08:31:55.470,1.42454,1.42467,1.00,1.00
2015.07.24 08:31:55.775,1.42454,1.42463,1.00,1.00
2015.07.24 08:31:56.130,1.42454,1.42466,1.00,1.00
2015.07.24 08:31:58.195,1.42454,1.42465,1.00,1.00
2015.07.24 08:31:58.651,1.42452,1.42467,1.50,1.00
2015.07.24 08:31:59.867,1.42452,1.42468,1.50,1.00
2015.07.24 08:32:00.833,1.42452,1.4247,1.50,1.00
2015.07.24 08:32:01.362,1.42452,1.42471,1.50,1.12
2015.07.24 08:32:05.157,1.42452,1.42472,1.50,1.50
2015.07.24 08:32:05.362,1.42452,1.42472,1.87,1.12
2015.07.24 08:32:05.464,1.42456,1.42474,1.00,1.87
2015.07.24 08:32:05.617,1.42456,1.42474,1.00,1.00
2015.07.24 08:32:05.870,1.42456,1.42476,1.00,1.12
2015.07.24 08:32:06.378,1.42457,1.42477,1.00,1.12
2015.07.24 08:32:07.434,1.42459,1.42477,1.00,1.12
2015.07.24 08:32:07.688,1.42457,1.42477,1.00,1.12
2015.07.24 08:32:08.194,1.42456,1.42477,1.12,1.37
2015.07.24 08:32:10.217,1.42459,1.42477,1.00,1.00
2015.07.24 08:32:10.826,1.42459,1.4248,1.00,1.50
2015.07.24 08:32:11.198,1.42462,1.42484,1.00,2.25
2015.07.24 08:32:11.249,1.42462,1.42484,1.00,1.50
2015.07.24 08:32:11.402,1.4246,1.42482,1.50,1.12
2015.07.24 08:32:11.913,1.42462,1.42484,1.00,1.87
2015.07.24 08:32:12.280,1.42462,1.42484,1.00,2.25
2015.07.24 08:32:12.332,1.42462,1.42482,1.00,1.00
2015.07.24 08:32:12.900,1.42462,1.42485,1.12,2.25
2015.07.24 08:32:13.536,1.42462,1.42485,1.00,1.87
2015.07.24 08:32:13.895,1.42459,1.4248,1.87,2.25
2015.07.24 08:32:13.947,1.42457,1.4248,1.12,2.25
2015.07.24 08:32:14.523,1.42456,1.42479,1.87,1.75
2015.07.24 08:32:16.031,1.42456,1.42479,1.87,1.75
2015.07.24 08:32:17.403,1.42461,1.42479,1.00,1.75
2015.07.24 08:32:18.065,1.42461,1.42479,1.00,1.75
2015.07.24 08:32:21.283,1.42458,1.42478,1.12,1.75
2015.07.24 08:32:22.248,1.42456,1.42479,2.25,1.75
2015.07.24 08:32:26.656,1.4246,1.4248,1.00,1.87
2015.07.24 08:32:26.707,1.42457,1.42482,2.62,1.87
2015.07.24 08:32:26.759,1.42459,1.4248,1.37,1.37
2015.07.24 08:32:26.861,1.42461,1.42482,1.00,1.00
2015.07.24 08:32:27.424,1.42461,1.42484,1.12,1.37
2015.07.24 08:32:27.480,1.42463,1.42484,1.12,1.37
2015.07.24 08:32:27.785,1.42461,1.42484,2.25,1.75
2015.07.24 08:32:27.887,1.42461,1.42483,1.50,1.50
2015.07.24 08:32:28.346,1.42458,1.4248,1.75,1.37
2015.07.24 08:32:28.411,1.42455,1.42475,2.25,1.00
2015.07.24 08:32:29.227,1.42455,1.42475,1.00,1.00
2015.07.24 08:32:31.761,1.42454,1.42475,1.12,1.12
2015.07.24 08:32:32.298,1.42455,1.42475,1.00,2.25
2015.07.24 08:32:32.805,1.42455,1.42475,1.00,1.50
2015.07.24 08:32:33.751,1.42455,1.42475,1.00,1.00
2015.07.24 08:32:34.913,1.42454,1.42476,1.12,1.50
2015.07.24 08:32:35.442,1.42455,1.42476,1.00,1.12
2015.07.24 08:32:35.656,1.42454,1.42476,1.12,1.12
2015.07.24 08:32:38.336,1.42454,1.42475,1.12,1.00
2015.07.24 08:32:38.866,1.42454,1.42478,1.12,1.75
2015.07.24 08:32:39.373,1.42454,1.42479,1.12,2.25
2015.07.24 08:32:40.103,1.42454,1.42478,1.87,1.75
2015.07.24 08:32:40.615,1.42462,1.42479,1.00,1.75
2015.07.24 08:32:40.717,1.42462,1.42482,1.37,1.87
2015.07.24 08:32:40.870,1.42465,1.42487,1.37,1.75
2015.07.24 08:32:40.972,1.42465,1.42487,1.87,1.00
2015.07.24 08:32:41.075,1.42465,1.42488,1.87,1.50
2015.07.24 08:32:43.348,1.42469,1.42489,1.00,1.50
2015.07.24 08:32:43.906,1.42472,1.42489,1.00,1.50
2015.07.24 08:32:44.059,1.42474,1.42495,1.37,2.25
2015.07.24 08:32:44.110,1.42474,1.42496,1.50,1.50
2015.07.24 08:32:44.665,1.42476,1.42496,1.87,1.00
2015.07.24 08:32:45.173,1.42476,1.42496,1.87,1.50
2015.07.24 08:32:45.478,1.42476,1.42497,1.87,1.50
2015.07.24 08:32:46.090,1.42476,1.42497,1.87,1.50
2015.07.24 08:32:47.177,1.42476,1.42497,1.87,1.12
2015.07.24 08:32:48.463,1.42477,1.42497,1.00,1.50
2015.07.24 08:32:48.514,1.42479,1.42497,1.00,1.50
2015.07.24 08:32:48.768,1.42477,1.42497,1.50,1.00
2015.07.24 08:32:49.408,1.42474,1.42496,1.87,1.87
2015.07.24 08:32:49.461,1.42474,1.42496,1.12,2.25
2015.07.24 08:32:49.770,1.42478,1.42496,1.00,1.75
2015.07.24 08:32:49.973,1.42478,1.42497,1.50,1.00
2015.07.24 08:32:50.076,1.42478,1.42498,1.00,1.12
2015.07.24 08:32:50.649,1.42475,1.42499,1.87,1.37
2015.07.24 08:32:50.701,1.42474,1.42492,1.12,1.00
2015.07.24 08:32:51.006,1.42473,1.42489,1.50,1.00
2015.07.24 08:32:51.525,1.42473,1.42489,1.00,1.00
2015.07.24 08:32:52.283,1.42473,1.4249,1.12,1.00
2015.07.24 08:32:52.742,1.42474,1.42492,1.00,1.00
2015.07.24 08:32:52.996,1.42474,1.42488,1.00,1.00
2015.07.24 08:32:53.099,1.42474,1.4249,1.00,1.00
2015.07.24 08:32:53.585,1.42473,1.42493,1.12,1.50
2015.07.24 08:32:53.740,1.42473,1.42485,1.12,1.00
2015.07.24 08:32:53.844,1.4247,1.4249,1.00,1.12
2015.07.24 08:32:53.897,1.4247,1.42485,1.00,1.00
2015.07.24 08:32:54.050,1.42467,1.42485,1.00,1.00
2015.07.24 08:32:54.663,1.42467,1.42486,1.00,1.00
2015.07.24 08:32:54.715,1.42466,1.42487,1.87,1.00
2015.07.24 08:32:55.241,1.42468,1.42486,1.75,1.00
2015.07.24 08:32:55.852,1.42468,1.42488,1.87,1.00
2015.07.24 08:32:56.226,1.4247,1.42488,1.75,1.00
2015.07.24 08:32:56.735,1.42471,1.42488,1.12,1.00
2015.07.24 08:32:58.379,1.42474,1.42488,1.00,1.00
2015.07.24 08:32:58.880,1.42474,1.42487,1.00,1.00
2015.07.24 08:32:59.388,1.42472,1.42487,1.50,1.00
2015.07.24 08:32:59.692,1.42476,1.42487,1.00,1.00
2015.07.24 08:32:59.923,1.42474,1.42487,1.00,1.00
2015.07.24 08:32:59.974,1.42476,1.42487,1.00,1.00
2015.07.24 08:33:00.025,1.42473,1.42487,1.12,1.00
2015.07.24 08:33:02.325,1.42471,1.42487,1.00,1.00
2015.07.24 08:33:02.580,1.42468,1.42485,1.75,1.37
2015.07.24 08:33:02.682,1.42465,1.42485,1.50,1.00
2015.07.24 08:33:02.733,1.42465,1.42484,1.50,1.37
2015.07.24 08:33:03.039,1.42469,1.42482,1.00,1.00
2015.07.24 08:33:03.455,1.42471,1.42482,1.00,1.00
2015.07.24 08:33:03.557,1.42469,1.42482,1.00,1.00
2015.07.24 08:33:03.608,1.42471,1.42482,1.00,1.00
2015.07.24 08:33:04.022,1.42468,1.42482,1.12,1.00
2015.07.24 08:33:04.074,1.42468,1.42484,1.12,1.00
2015.07.24 08:33:04.699,1.42471,1.42484,1.00,1.00
2015.07.24 08:33:05.060,1.42469,1.42485,1.00,1.00
2015.07.24 08:33:05.856,1.42469,1.42484,1.00,1.00
2015.07.24 08:33:06.510,1.42469,1.42481,1.00,1.00
2015.07.24 08:33:06.561,1.42461,1.42481,1.12,1.00
2015.07.24 08:33:06.764,1.42461,1.42477,1.12,1.00
2015.07.24 08:33:06.968,1.42461,1.4248,1.50,1.00
2015.07.24 08:33:07.475,1.42461,1.42479,1.50,1.00
2015.07.24 08:33:08.020,1.42461,1.42479,1.50,1.00
2015.07.24 08:33:08.618,1.42461,1.42481,1.50,1.50
2015.07.24 08:33:10.754,1.42461,1.42482,1.50,1.12
2015.07.24 08:33:11.401,1.42468,1.42484,1.12,1.00
2015.07.24 08:33:11.452,1.42468,1.42487,1.12,1.57
2015.07.24 08:33:11.605,1.42468,1.42485,1.12,1.00
2015.07.24 08:33:12.115,1.42468,1.42481,1.12,1.00
2015.07.24 08:33:12.623,1.42468,1.42482,1.12,1.00
2015.07.24 08:33:13.290,1.42463,1.42483,1.50,1.87
2015.07.24 08:33:13.345,1.42462,1.42479,1.12,1.00
2015.07.24 08:33:14.755,1.42464,1.42479,1.50,1.00
2015.07.24 08:33:14.908,1.42468,1.42484,1.12,1.00
2015.07.24 08:33:15.462,1.42468,1.42486,1.12,1.00
2015.07.24 08:33:15.615,1.42469,1.42487,1.37,1.00
2015.07.24 08:33:15.767,1.42469,1.42489,1.37,1.00
2015.07.24 08:33:16.284,1.42471,1.42489,1.87,1.00
2015.07.24 08:33:16.335,1.42471,1.42491,1.87,1.12
2015.07.24 08:33:16.869,1.42471,1.4249,1.87,1.00
2015.07.24 08:33:19.835,1.42471,1.42489,2.62,1.00
2015.07.24 08:33:20.363,1.42471,1.42488,1.87,1.00
2015.07.24 08:33:21.246,1.42471,1.42492,1.87,1.12
2015.07.24 08:33:21.891,1.42472,1.42493,1.50,1.00
2015.07.24 08:33:21.993,1.42471,1.42491,1.37,1.00
2015.07.24 08:33:24.654,1.42471,1.42492,1.37,1.12
2015.07.24 08:33:25.163,1.42471,1.42492,1.87,1.12
2015.07.24 08:33:25.711,1.42472,1.42492,1.00,1.00
2015.07.24 08:33:26.487,1.42472,1.42491,1.00,1.00
2015.07.24 08:33:29.123,1.42473,1.42491,1.00,1.00
2015.07.24 08:33:29.428,1.42475,1.42494,1.12,1.37
2015.07.24 08:33:29.581,1.42475,1.42495,1.50,1.50
2015.07.24 08:33:30.126,1.42475,1.42495,1.12,1.50
2015.07.24 08:33:31.978,1.42475,1.42495,1.12,1.37
2015.07.24 08:33:33.403,1.42477,1.42495,1.12,1.00
2015.07.24 08:33:33.708,1.42479,1.42501,1.50,3.00
2015.07.24 08:33:34.244,1.42479,1.42501,3.00,1.75
2015.07.24 08:33:34.859,1.4248,1.42502,1.87,1.75
2015.07.24 08:33:34.912,1.42483,1.42502,1.00,1.75
2015.07.24 08:33:35.130,1.42481,1.42502,1.87,1.75
2015.07.24 08:33:35.284,1.42483,1.42502,1.00,1.75
2015.07.24 08:33:35.641,1.42481,1.42501,1.87,1.50
2015.07.24 08:33:35.794,1.4248,1.42502,1.37,1.87
2015.07.24 08:33:35.845,1.42479,1.42501,2.25,1.50
2015.07.24 08:33:37.291,1.42481,1.42498,1.00,1.37
2015.07.24 08:33:37.342,1.42478,1.42498,1.50,1.37
2015.07.24 08:33:37.394,1.4248,1.42498,1.00,1.37
2015.07.24 08:33:38.108,1.42479,1.42496,1.00,1.00
2015.07.24 08:33:38.710,1.42478,1.42496,1.00,1.00
2015.07.24 08:33:39.219,1.42478,1.42498,1.00,1.37
2015.07.24 08:33:39.746,1.42477,1.42498,1.87,1.50
2015.07.24 08:33:40.220,1.42476,1.42498,1.50,1.50
2015.07.24 08:33:40.271,1.42474,1.42496,2.62,1.50
2015.07.24 08:33:40.322,1.42474,1.42496,1.87,2.25
2015.07.24 08:33:40.475,1.42472,1.42495,1.50,1.75
2015.07.24 08:33:40.679,1.42471,1.42493,1.50,1.75
2015.07.24 08:33:41.056,1.42469,1.42491,1.50,1.37
2015.07.24 08:33:41.463,1.42467,1.4249,4.12,1.37
2015.07.24 08:33:41.514,1.42467,1.4249,3.37,1.12
2015.07.24 08:33:41.667,1.42468,1.42491,2.25,1.50
2015.07.24 08:33:42.025,1.42467,1.42489,1.87,1.75
2015.07.24 08:33:42.076,1.42467,1.42489,1.50,1.75
2015.07.24 08:33:43.359,1.42471,1.42488,1.00,1.00
2015.07.24 08:33:43.461,1.42471,1.4249,1.50,1.00
2015.07.24 08:33:43.994,1.42471,1.42491,1.00,1.50
2015.07.24 08:33:44.636,1.42471,1.42493,1.12,1.37
2015.07.24 08:33:45.324,1.42472,1.42494,1.00,1.37
2015.07.24 08:33:45.842,1.42471,1.42494,1.50,1.87
2015.07.24 08:33:46.350,1.42471,1.42494,1.50,1.87
2015.07.24 08:33:46.574,1.42473,1.42494,1.00,1.87
2015.07.24 08:33:47.202,1.42473,1.42491,1.00,1.37
2015.07.24 08:33:47.254,1.42468,1.42491,1.12,1.37
2015.07.24 08:33:48.534,1.42469,1.42492,1.12,2.62
2015.07.24 08:33:48.636,1.42472,1.42492,1.00,2.25
2015.07.24 08:33:48.789,1.42474,1.42493,1.00,1.00
2015.07.24 08:33:49.196,1.42471,1.42493,1.50,1.12
2015.07.24 08:33:49.609,1.42474,1.42494,1.00,1.50
2015.07.24 08:33:50.592,1.42473,1.42495,1.00,2.62
2015.07.24 08:33:51.265,1.42474,1.42494,1.00,1.37
2015.07.24 08:33:51.800,1.42473,1.42493,1.00,1.00
2015.07.24 08:33:52.320,1.42473,1.42493,1.00,1.50
2015.07.24 08:33:52.827,1.42474,1.42494,1.00,1.75
2015.07.24 08:33:52.878,1.42472,1.42494,1.00,1.75
2015.07.24 08:33:53.632,1.42472,1.42494,1.12,2.25
2015.07.24 08:33:53.683,1.42473,1.42494,1.50,1.50
2015.07.24 08:33:54.379,1.4247,1.42493,2.62,1.87
2015.07.24 08:33:55.151,1.4247,1.42491,1.87,1.50
2015.07.24 08:33:55.709,1.42474,1.42493,1.00,1.75
2015.07.24 08:33:55.760,1.42472,1.42493,1.12,1.75
2015.07.24 08:33:55.811,1.42472,1.42491,1.87,1.00
2015.07.24 08:33:56.184,1.42471,1.42493,1.87,1.37
2015.07.24 08:33:56.751,1.42471,1.42492,1.37,1.37
2015.07.24 08:33:56.854,1.42473,1.42493,1.12,1.12
2015.07.24 08:33:57.363,1.42474,1.42496,1.00,1.75
2015.07.24 08:33:58.097,1.42474,1.42495,1.00,1.75
2015.07.24 08:33:58.643,1.42473,1.42495,1.00,1.75
2015.07.24 08:33:58.848,1.42476,1.42495,1.00,1.50
2015.07.24 08:33:59.002,1.42477,1.42495,1.00,1.50
2015.07.24 08:33:59.415,1.42475,1.42496,1.00,1.75
2015.07.24 08:33:59.925,1.42474,1.42496,1.12,2.25
2015.07.24 08:34:00.228,1.42477,1.42496,1.75,1.00
2015.07.24 08:34:00.279,1.4248,1.425,1.00,1.12
2015.07.24 08:34:00.330,1.42479,1.425,1.87,1.00
2015.07.24 08:34:00.877,1.42481,1.42504,1.87,2.62
2015.07.24 08:34:01.029,1.42481,1.42502,1.00,1.37
2015.07.24 08:34:01.283,1.42479,1.42502,1.00,1.37
2015.07.24 08:34:01.537,1.42479,1.42504,1.87,2.62
2015.07.24 08:34:01.639,1.42479,1.42503,2.25,1.00
2015.07.24 08:34:02.078,1.42492,1.42505,1.00,1.00
2015.07.24 08:34:02.130,1.42493,1.42509,1.00,1.10
2015.07.24 08:34:02.233,1.42495,1.42512,1.00,1.12
2015.07.24 08:34:02.742,1.42496,1.42514,1.00,1.00
2015.07.24 08:34:03.855,1.42495,1.42514,1.00,1.00
2015.07.24 08:34:03.957,1.4249,1.42509,1.75,1.37
2015.07.24 08:34:04.008,1.4249,1.42509,1.00,1.37
2015.07.24 08:34:04.059,1.4249,1.42509,1.00,1.75
2015.07.24 08:34:04.110,1.42488,1.42507,1.00,1.50
2015.07.24 08:34:04.834,1.42487,1.42506,1.00,1.37
2015.07.24 08:34:07.998,1.42487,1.42504,1.00,1.00
2015.07.24 08:34:09.452,1.42487,1.42505,1.00,1.00
2015.07.24 08:34:09.975,1.42489,1.42504,1.00,1.00
2015.07.24 08:34:10.128,1.4249,1.42509,1.00,1.12
2015.07.24 08:34:10.574,1.42493,1.4251,1.00,1.00
2015.07.24 08:34:10.675,1.42493,1.42512,1.00,1.00
2015.07.24 08:34:10.878,1.42495,1.42512,1.00,1.00
2015.07.24 08:34:11.082,1.42493,1.42513,1.00,1.00
2015.07.24 08:34:11.787,1.42493,1.42513,1.37,1.00
2015.07.24 08:34:12.300,1.42493,1.42512,1.12,1.50
2015.07.24 08:34:13.284,1.42493,1.42513,1.12,1.12
2015.07.24 08:34:13.488,1.42493,1.42507,1.00,1.00
2015.07.24 08:34:14.810,1.42493,1.42509,1.00,1.00
2015.07.24 08:34:14.862,1.42493,1.42511,1.12,1.12
2015.07.24 08:34:15.378,1.42494,1.42511,1.12,1.12
2015.07.24 08:34:16.278,1.42494,1.42513,1.12,1.12
2015.07.24 08:34:16.805,1.42494,1.42516,1.87,1.75
2015.07.24 08:34:16.907,1.42494,1.42515,1.87,1.00
2015.07.24 08:34:17.984,1.42494,1.42515,1.87,1.50
2015.07.24 08:34:18.495,1.42494,1.42513,1.87,1.00
2015.07.24 08:34:19.003,1.42496,1.42515,1.00,1.50
2015.07.24 08:34:19.561,1.42496,1.42515,1.00,1.50
2015.07.24 08:34:20.870,1.42497,1.42517,1.00,1.75
2015.07.24 08:34:21.260,1.42501,1.4252,1.00,1.75
2015.07.24 08:34:21.414,1.42501,1.42521,1.00,1.50
2015.07.24 08:34:22.126,1.42501,1.42521,1.00,1.50
2015.07.24 08:34:24.919,1.42504,1.42521,1.00,1.37
2015.07.24 08:34:25.226,1.42508,1.42524,1.00,1.37
2015.07.24 08:34:25.531,1.42516,1.42534,1.12,1.00
2015.07.24 08:34:25.841,1.42516,1.42538,1.75,1.87
2015.07.24 08:34:26.423,1.42518,1.4254,1.50,1.75
2015.07.24 08:34:26.983,1.42516,1.42537,1.12,1.12
2015.07.24 08:34:27.525,1.42515,1.42537,1.50,1.50
2015.07.24 08:34:28.037,1.42517,1.42537,1.00,1.50
2015.07.24 08:34:28.544,1.42514,1.42537,4.12,1.50
2015.07.24 08:34:28.975,1.42518,1.42537,1.00,1.00
2015.07.24 08:34:29.443,1.42516,1.42537,1.12,1.00
2015.07.24 08:34:29.950,1.42517,1.42539,1.00,2.25
2015.07.24 08:34:30.452,1.42518,1.42539,1.00,1.50
2015.07.24 08:34:32.173,1.42518,1.42539,1.00,1.87
2015.07.24 08:34:35.382,1.42518,1.42538,1.00,1.50
2015.07.24 08:34:35.933,1.42518,1.42539,1.12,2.25
2015.07.24 08:34:36.389,1.42518,1.42538,1.00,1.37
2015.07.24 08:34:37.199,1.42519,1.42539,1.00,2.25
2015.07.24 08:34:37.484,1.42518,1.42539,1.12,2.25
2015.07.24 08:34:43.867,1.42518,1.42538,1.00,1.37
2015.07.24 08:34:44.586,1.42522,1.42539,1.12,1.50
2015.07.24 08:34:44.891,1.4253,1.42548,1.50,1.37
2015.07.24 08:34:45.195,1.4253,1.42549,2.62,1.00
2015.07.24 08:34:45.715,1.4253,1.42552,2.62,1.37
2015.07.24 08:34:46.226,1.42533,1.42552,1.00,1.75
2015.07.24 08:34:46.732,1.42531,1.4255,1.87,1.00
2015.07.24 08:34:47.736,1.42534,1.42555,1.00,1.12
2015.07.24 08:34:47.787,1.42531,1.42555,2.62,1.12
2015.07.24 08:34:49.789,1.42533,1.42552,1.00,1.50
2015.07.24 08:34:50.563,1.42531,1.42552,1.87,1.37
2015.07.24 08:34:52.145,1.42532,1.42553,1.00,1.50
2015.07.24 08:34:53.413,1.42537,1.42553,1.00,1.37
2015.07.24 08:34:54.528,1.42536,1.42553,1.00,1.37
2015.07.24 08:34:56.236,1.42536,1.42553,1.00,1.00
2015.07.24 08:34:56.950,1.42536,1.42553,1.00,1.37
2015.07.24 08:34:58.004,1.42532,1.42553,1.12,1.37
2015.07.24 08:34:58.055,1.42536,1.42553,1.00,1.37
2015.07.24 08:34:58.782,1.42534,1.42552,1.00,1.12
2015.07.24 08:34:58.884,1.42536,1.42553,1.00,1.37
2015.07.24 08:34:59.311,1.42539,1.42553,1.00,1.37
2015.07.24 08:34:59.515,1.42546,1.42561,1.00,1.00
2015.07.24 08:34:59.617,1.42549,1.42566,1.00,1.37
2015.07.24 08:34:59.668,1.42549,1.42566,1.00,1.00
2015.07.24 08:34:59.719,1.42549,1.42571,1.00,1.87
2015.07.24 08:34:59.771,1.42551,1.42571,1.00,1.12
2015.07.24 08:35:00.175,1.42554,1.42573,1.00,1.00
2015.07.24 08:35:00.705,1.42553,1.42574,1.12,1.50
2015.07.24 08:35:01.426,1.42551,1.42573,1.87,1.00
2015.07.24 08:35:01.731,1.42553,1.42574,1.12,1.87
2015.07.24 08:35:02.250,1.42541,1.42561,1.00,1.37
2015.07.24 08:35:02.867,1.4254,1.42561,1.50,1.37
2015.07.24 08:35:03.071,1.42542,1.42561,1.00,1.37
2015.07.24 08:35:03.123,1.4254,1.42561,1.12,1.37
2015.07.24 08:35:03.643,1.42541,1.42562,1.00,1.37
2015.07.24 08:35:04.201,1.42538,1.42561,2.25,1.37
2015.07.24 08:35:04.896,1.42538,1.42561,2.25,1.87
2015.07.24 08:35:05.110,1.42538,1.42561,1.87,1.87
2015.07.24 08:35:05.635,1.42538,1.42558,1.00,1.37
2015.07.24 08:35:05.787,1.42532,1.42551,1.00,1.12
2015.07.24 08:35:05.940,1.4253,1.42551,1.87,1.37
2015.07.24 08:35:06.246,1.42531,1.42551,1.60,1.00
2015.07.24 08:35:06.297,1.42531,1.42554,1.60,1.87
2015.07.24 08:35:06.400,1.42533,1.42553,1.00,1.12
2015.07.24 08:35:06.986,1.42532,1.42553,2.25,1.00
2015.07.24 08:35:07.140,1.42536,1.42554,1.00,1.00
2015.07.24 08:35:07.446,1.42536,1.42556,1.12,1.00
2015.07.24 08:35:07.601,1.42535,1.42557,1.00,1.50
2015.07.24 08:35:08.113,1.42534,1.42557,1.00,2.25
2015.07.24 08:35:08.697,1.42534,1.42557,1.12,1.87
2015.07.24 08:35:09.460,1.42533,1.42555,1.12,1.12
2015.07.24 08:35:10.333,1.42533,1.42555,1.12,1.37
2015.07.24 08:35:11.137,1.42533,1.42554,1.00,1.37
2015.07.24 08:35:12.537,1.42534,1.42557,1.37,1.37
2015.07.24 08:35:12.842,1.42537,1.42561,1.12,1.37
2015.07.24 08:35:12.893,1.42537,1.42561,1.00,1.50
2015.07.24 08:35:12.995,1.42539,1.42561,1.00,1.37
2015.07.24 08:35:13.502,1.42538,1.42562,1.37,1.37
2015.07.24 08:35:14.486,1.42537,1.42561,1.75,1.87
2015.07.24 08:35:15.554,1.42537,1.42558,1.12,1.50
2015.07.24 08:35:16.090,1.42538,1.42561,1.50,1.87
2015.07.24 08:35:16.395,1.42537,1.42561,1.87,3.37
2015.07.24 08:35:19.017,1.42537,1.42558,1.12,1.37
2015.07.24 08:35:19.119,1.42535,1.42557,1.12,1.37
2015.07.24 08:35:19.992,1.42532,1.42549,1.00,1.75
2015.07.24 08:35:20.044,1.42527,1.42549,1.12,1.75
2015.07.24 08:35:20.607,1.42527,1.42549,1.12,1.75
2015.07.24 08:35:26.258,1.42529,1.42551,1.00,2.25
2015.07.24 08:35:26.670,1.42527,1.42549,1.50,1.37
2015.07.24 08:35:28.199,1.42527,1.42549,1.12,1.37
2015.07.24 08:35:31.656,1.42527,1.4255,1.12,1.50
2015.07.24 08:35:35.189,1.42526,1.4255,2.25,1.50
2015.07.24 08:35:35.890,1.42527,1.4255,1.00,1.50
2015.07.24 08:35:36.392,1.42526,1.42547,1.50,1.37
2015.07.24 08:35:36.749,1.42527,1.42538,1.00,1.00
2015.07.24 08:35:36.851,1.42524,1.42541,1.50,1.12
2015.07.24 08:35:36.902,1.4252,1.42534,1.12,1.00
2015.07.24 08:35:36.954,1.42516,1.42532,1.37,1.00
2015.07.24 08:35:37.005,1.42515,1.4253,1.12,1.37
2015.07.24 08:35:37.056,1.42509,1.42531,1.37,1.87
2015.07.24 08:35:37.159,1.42508,1.42531,1.12,3.75
2015.07.24 08:35:37.693,1.42507,1.4253,1.50,1.50
2015.07.24 08:35:38.588,1.42507,1.4253,1.50,1.50
2015.07.24 08:35:38.843,1.4251,1.42531,1.50,1.37
2015.07.24 08:35:38.896,1.42511,1.42532,1.37,1.00
2015.07.24 08:35:40.188,1.4251,1.42533,1.87,1.12
2015.07.24 08:35:40.696,1.42509,1.42533,1.50,2.25
2015.07.24 08:35:40.747,1.42509,1.42533,1.50,2.62
2015.07.24 08:35:43.189,1.42509,1.42531,1.00,2.25
2015.07.24 08:35:44.119,1.42508,1.4253,2.25,1.50
2015.07.24 08:35:44.757,1.42509,1.4253,1.00,1.00
2015.07.24 08:35:46.005,1.42508,1.4253,3.00,1.00
2015.07.24 08:35:47.139,1.4251,1.42532,1.50,1.50
2015.07.24 08:35:49.047,1.42509,1.42531,1.50,1.37
2015.07.24 08:35:50.476,1.4251,1.42533,1.00,1.75
2015.07.24 08:35:51.594,1.42509,1.42532,1.50,1.37
2015.07.24 08:35:51.911,1.42508,1.42531,3.37,1.12
2015.07.24 08:35:52.066,1.42508,1.4253,1.37,1.00
2015.07.24 08:35:52.889,1.42508,1.42531,1.37,1.87
2015.07.24 08:35:53.202,1.42506,1.42529,1.12,1.87
2015.07.24 08:35:53.355,1.42506,1.42528,1.00,1.12
2015.07.24 08:35:53.661,1.42507,1.4253,1.37,1.37
2015.07.24 08:35:54.180,1.42506,1.42529,1.50,1.37
2015.07.24 08:35:54.681,1.42507,1.42531,1.50,3.00
2015.07.24 08:35:55.821,1.42509,1.42531,1.00,2.25
2015.07.24 08:35:56.329,1.42507,1.42529,2.62,1.37
2015.07.24 08:35:56.740,1.42504,1.42522,2.10,1.50
2015.07.24 08:35:56.893,1.42497,1.42517,1.00,1.00
2015.07.24 08:35:56.944,1.42494,1.42516,1.00,1.00
2015.07.24 08:35:58.129,1.42494,1.42516,1.12,1.50
2015.07.24 08:35:58.600,1.42494,1.42516,1.50,1.50
2015.07.24 08:35:58.803,1.42494,1.42516,3.00,1.00
2015.07.24 08:35:59.598,1.42504,1.42517,1.00,1.00
2015.07.24 08:35:59.649,1.42505,1.42527,1.50,1.12
2015.07.24 08:36:00.107,1.42505,1.42527,1.87,1.50
2015.07.24 08:36:00.311,1.42505,1.42527,2.62,1.50
2015.07.24 08:36:01.112,1.42507,1.42528,1.12,1.12
2015.07.24 08:36:01.623,1.4251,1.42528,1.00,1.12
2015.07.24 08:36:02.169,1.42508,1.42528,1.12,1.87
2015.07.24 08:36:02.221,1.42507,1.42528,1.00,1.87
2015.07.24 08:36:02.324,1.42507,1.42528,1.00,2.25
2015.07.24 08:36:02.579,1.42504,1.42525,1.37,1.37
2015.07.24 08:36:03.099,1.42502,1.42526,1.50,1.37
2015.07.24 08:36:03.412,1.42502,1.42525,3.00,1.00
2015.07.24 08:36:03.828,1.42507,1.42528,1.37,1.12
2015.07.24 08:36:04.132,1.42509,1.42533,1.50,1.50
2015.07.24 08:36:04.552,1.42507,1.42532,1.50,2.62
2015.07.24 08:36:06.544,1.42507,1.42525,1.00,1.60
2015.07.24 08:36:06.697,1.42503,1.42522,1.50,1.30
2015.07.24 08:36:07.397,1.42501,1.42524,2.25,1.87
2015.07.24 08:36:08.162,1.42503,1.42524,1.50,1.35
2015.07.24 08:36:08.366,1.42503,1.42525,1.12,1.87
2015.07.24 08:36:08.880,1.42504,1.42525,1.00,1.87
2015.07.24 08:36:09.381,1.42503,1.42525,1.00,2.25
2015.07.24 08:36:10.153,1.42502,1.42524,1.00,2.25
2015.07.24 08:36:10.462,1.42502,1.42524,1.00,2.25
2015.07.24 08:36:10.873,1.42499,1.42522,1.87,1.87
2015.07.24 08:36:10.976,1.42499,1.4252,1.12,1.37
2015.07.24 08:36:11.609,1.42498,1.4252,1.00,1.50
2015.07.24 08:36:12.132,1.42498,1.4252,1.00,1.37
2015.07.24 08:36:12.387,1.42498,1.42521,1.12,3.37
2015.07.24 08:36:12.489,1.425,1.42521,1.00,2.62
2015.07.24 08:36:13.005,1.42501,1.42524,1.00,2.25
2015.07.24 08:36:13.208,1.42501,1.42525,1.00,2.25
2015.07.24 08:36:13.817,1.42503,1.42526,1.00,2.25
2015.07.24 08:36:14.537,1.42502,1.42526,1.00,3.00
2015.07.24 08:36:14.842,1.42504,1.42526,1.00,1.87
2015.07.24 08:36:15.501,1.42504,1.42526,1.00,1.87
2015.07.24 08:36:16.265,1.42504,1.42526,1.00,1.37
2015.07.24 08:36:16.473,1.42499,1.42519,1.00,1.60
2015.07.24 08:36:16.524,1.42498,1.42519,4.50,1.60
2015.07.24 08:36:16.677,1.42498,1.4252,1.00,1.00
2015.07.24 08:36:17.205,1.42499,1.4252,1.00,1.00
2015.07.24 08:36:17.732,1.42499,1.4252,1.00,1.37
2015.07.24 08:36:18.243,1.42499,1.4252,1.12,1.75
2015.07.24 08:36:20.501,1.42498,1.4252,1.87,1.50
2015.07.24 08:36:24.625,1.42498,1.4252,1.87,1.12
2015.07.24 08:36:24.778,1.42503,1.42523,1.37,1.87
2015.07.24 08:36:25.136,1.42505,1.42524,1.37,1.50
2015.07.24 08:36:27.117,1.42506,1.42523,1.12,1.00
2015.07.24 08:36:27.423,1.42507,1.42527,2.62,1.00
2015.07.24 08:36:27.949,1.42509,1.42527,1.12,1.50
2015.07.24 08:36:28.330,1.4251,1.42527,1.37,1.00
2015.07.24 08:36:28.880,1.4251,1.42528,1.37,1.00
2015.07.24 08:36:30.278,1.4251,1.42527,1.37,1.00
2015.07.24 08:36:31.427,1.4251,1.42527,1.50,1.00
2015.07.24 08:36:31.934,1.4251,1.42527,1.50,1.00
2015.07.24 08:36:32.513,1.4251,1.42527,1.50,1.00
2015.07.24 08:36:33.482,1.4251,1.42527,1.50,1.00
2015.07.24 08:36:34.004,1.4251,1.42527,1.50,1.00
2015.07.24 08:36:34.886,1.4251,1.42527,1.50,1.00
2015.07.24 08:36:35.480,1.4251,1.4253,1.50,1.12
2015.07.24 08:36:37.109,1.42511,1.42531,1.37,1.00
2015.07.24 08:36:37.415,1.42519,1.4254,1.50,1.00
2015.07.24 08:36:37.742,1.42523,1.4254,1.00,1.00
2015.07.24 08:36:37.793,1.42523,1.42543,1.00,1.00
2015.07.24 08:36:38.294,1.42524,1.42542,1.12,1.00
2015.07.24 08:36:40.148,1.42524,1.42543,1.12,1.87
2015.07.24 08:36:41.147,1.42524,1.42543,1.37,1.00
2015.07.24 08:36:41.402,1.42525,1.42547,1.87,1.50
2015.07.24 08:36:41.453,1.42531,1.42548,1.00,1.12
2015.07.24 08:36:41.504,1.42531,1.4255,1.00,1.00
2015.07.24 08:36:42.030,1.42531,1.42551,1.00,1.00
2015.07.24 08:36:42.577,1.42532,1.42551,1.00,1.00
2015.07.24 08:36:42.929,1.42532,1.42551,1.00,1.75
2015.07.24 08:36:42.981,1.4253,1.42551,1.00,1.75
2015.07.24 08:36:43.638,1.42529,1.4255,1.00,1.75
2015.07.24 08:36:44.160,1.42528,1.4255,1.50,1.87
2015.07.24 08:36:44.668,1.42529,1.42549,1.12,1.00
2015.07.24 08:36:45.517,1.4253,1.42549,1.00,1.00
2015.07.24 08:36:46.060,1.42528,1.42549,1.50,1.00
2015.07.24 08:36:46.670,1.4253,1.42549,1.00,1.00
2015.07.24 08:36:48.101,1.4253,1.42547,1.00,1.37
2015.07.24 08:36:48.255,1.42523,1.42542,1.12,1.12
2015.07.24 08:36:48.307,1.42521,1.42542,1.00,1.00
2015.07.24 08:36:48.359,1.42518,1.4254,1.12,1.87
2015.07.24 08:36:48.411,1.42517,1.4254,1.50,2.25
2015.07.24 08:36:48.579,1.42517,1.4254,1.50,2.62
2015.07.24 08:36:49.784,1.42517,1.42539,1.87,1.12
2015.07.24 08:36:51.970,1.42515,1.42536,1.37,1.37
2015.07.24 08:36:52.494,1.42515,1.42537,1.50,1.37
2015.07.24 08:36:55.079,1.4251,1.42531,1.50,1.87
2015.07.24 08:36:55.130,1.42508,1.42531,3.37,1.37
2015.07.24 08:36:55.402,1.42511,1.42534,1.00,1.37
2015.07.24 08:36:56.420,1.42511,1.42534,1.75,1.12
2015.07.24 08:36:59.900,1.4251,1.42532,1.75,1.50
2015.07.24 08:37:00.427,1.4251,1.42531,2.25,1.12
2015.07.24 08:37:00.966,1.4251,1.42531,2.25,1.12
2015.07.24 08:37:01.588,1.4251,1.42532,2.25,1.12
2015.07.24 08:37:03.736,1.42512,1.42531,1.00,1.00
2015.07.24 08:37:06.757,1.42512,1.42532,1.00,1.12
2015.07.24 08:37:07.268,1.42512,1.42531,1.00,1.00
2015.07.24 08:37:08.014,1.42509,1.42532,2.25,1.12
2015.07.24 08:37:10.666,1.42509,1.42531,1.75,1.00
2015.07.24 08:37:11.570,1.42509,1.4253,1.75,1.00
2015.07.24 08:37:12.036,1.42509,1.4253,1.50,1.37
2015.07.24 08:37:12.292,1.42505,1.42525,1.50,1.37
2015.07.24 08:37:13.581,1.42504,1.42527,1.12,1.87
2015.07.24 08:37:15.255,1.42504,1.42527,1.37,1.87
2015.07.24 08:37:15.823,1.42504,1.42525,1.00,1.12
2015.07.24 08:37:16.354,1.42503,1.42526,1.50,1.37
2015.07.24 08:37:16.862,1.42503,1.42525,1.37,1.12
2015.07.24 08:37:19.324,1.4251,1.42527,1.37,1.37
2015.07.24 08:37:19.375,1.4251,1.42533,1.37,2.25
2015.07.24 08:37:19.915,1.42514,1.42536,1.37,3.37
2015.07.24 08:37:20.469,1.42515,1.42537,1.37,1.37
2015.07.24 08:37:21.129,1.42515,1.4254,1.87,2.62
2015.07.24 08:37:26.202,1.42515,1.42538,1.87,1.50
2015.07.24 08:37:28.105,1.42516,1.42539,1.50,2.25
2015.07.24 08:37:28.989,1.42516,1.42539,1.50,2.25
2015.07.24 08:37:30.619,1.42517,1.42539,1.37,1.87
2015.07.24 08:37:31.129,1.42517,1.4254,1.37,1.87
2015.07.24 08:37:31.449,1.42516,1.42539,1.50,1.87
2015.07.24 08:37:32.015,1.42516,1.42539,1.50,1.37
2015.07.24 08:37:36.532,1.42514,1.42535,1.87,1.12
2015.07.24 08:37:36.850,1.42509,1.42529,1.00,1.37
2015.07.24 08:37:37.361,1.42506,1.42529,3.37,1.12
2015.07.24 08:37:40.350,1.42507,1.42525,1.37,1.00
2015.07.24 08:37:40.554,1.42501,1.4252,1.00,1.00
2015.07.24 08:37:40.606,1.42496,1.42519,1.00,1.37
2015.07.24 08:37:40.928,1.42496,1.42516,1.00,1.12
2015.07.24 08:37:40.981,1.42494,1.42516,1.12,1.12
2015.07.24 08:37:41.490,1.42493,1.42516,1.12,1.87
2015.07.24 08:37:42.015,1.42492,1.42515,2.62,1.00
2015.07.24 08:37:42.544,1.42493,1.42516,2.62,1.37
2015.07.24 08:37:43.358,1.42493,1.42515,1.87,1.12
2015.07.24 08:37:43.869,1.42496,1.42518,1.12,3.00
2015.07.24 08:37:43.971,1.42495,1.42518,1.37,2.25
2015.07.24 08:37:44.479,1.42496,1.42521,2.62,2.25
2015.07.24 08:37:45.375,1.42497,1.42519,1.12,1.37
2015.07.24 08:37:47.433,1.42498,1.42519,1.00,1.37
2015.07.24 08:37:47.940,1.42497,1.42519,1.00,1.87
2015.07.24 08:37:48.706,1.42496,1.42518,1.12,1.50
2015.07.24 08:37:49.216,1.42497,1.42519,1.00,1.87
2015.07.24 08:37:49.739,1.42496,1.42519,1.12,2.62
2015.07.24 08:37:50.323,1.42497,1.42519,1.00,1.87
2015.07.24 08:37:50.843,1.42496,1.42518,1.12,1.37
2015.07.24 08:37:56.269,1.42496,1.42518,1.12,1.50
2015.07.24 08:37:57.125,1.42497,1.42518,1.00,1.37
2015.07.24 08:37:58.749,1.42499,1.42518,1.00,1.50
2015.07.24 08:37:59.169,1.42496,1.42518,1.87,1.50
2015.07.24 08:38:00.227,1.42497,1.42518,1.00,1.50
2015.07.24 08:38:01.069,1.42496,1.42518,1.00,1.75
2015.07.24 08:38:01.923,1.42496,1.42517,1.00,1.37
2015.07.24 08:38:04.105,1.42496,1.42518,1.00,3.75
2015.07.24 08:38:06.936,1.42496,1.42518,1.00,3.75
2015.07.24 08:38:08.548,1.42496,1.42518,1.50,3.37
2015.07.24 08:38:11.368,1.42496,1.42518,1.50,3.37
2015.07.24 08:38:11.471,1.42494,1.42516,1.50,1.12
2015.07.24 08:38:11.915,1.42494,1.42517,1.87,1.50
2015.07.24 08:38:16.733,1.42494,1.42516,1.12,1.37
2015.07.24 08:38:22.410,1.42495,1.42516,1.00,1.50
2015.07.24 08:38:30.018,1.42494,1.42517,1.12,1.37
2015.07.24 08:38:30.575,1.42494,1.42517,1.12,1.37
2015.07.24 08:38:34.073,1.42493,1.42516,2.25,1.50
2015.07.24 08:38:34.935,1.42493,1.42516,2.62,1.37
2015.07.24 08:38:35.780,1.42494,1.42517,1.50,1.37
2015.07.24 08:38:40.601,1.42494,1.42517,1.87,1.50
2015.07.24 08:38:41.160,1.42496,1.42518,1.00,3.45
2015.07.24 08:38:50.193,1.42496,1.42517,1.00,1.50
2015.07.24 08:38:50.708,1.42496,1.42517,1.12,1.50
2015.07.24 08:38:51.369,1.42496,1.42517,1.37,1.00
2015.07.24 08:38:51.915,1.42495,1.42516,1.50,1.00
2015.07.24 08:38:52.176,1.42498,1.42516,1.00,1.00
2015.07.24 08:38:52.684,1.42497,1.42516,1.00,1.00
2015.07.24 08:38:53.224,1.42496,1.42516,1.12,1.00
2015.07.24 08:38:53.377,1.42496,1.42518,1.12,1.87
2015.07.24 08:38:53.983,1.42496,1.42518,1.12,2.25
2015.07.24 08:38:55.379,1.42498,1.42517,1.00,1.00
2015.07.24 08:38:55.711,1.425,1.42522,1.12,2.62
2015.07.24 08:38:58.504,1.42502,1.42522,1.00,1.87
2015.07.24 08:38:59.003,1.42511,1.42528,1.87,1.00
2015.07.24 08:38:59.054,1.42511,1.42533,1.87,1.87
2015.07.24 08:38:59.591,1.42512,1.42533,1.00,1.37
2015.07.24 08:39:00.099,1.42511,1.42534,1.12,1.75
2015.07.24 08:39:00.652,1.42512,1.42534,1.00,1.75
2015.07.24 08:39:01.311,1.42511,1.42534,1.12,2.25
2015.07.24 08:39:02.464,1.42511,1.42533,1.00,1.37
2015.07.24 08:39:02.870,1.42511,1.42533,1.12,1.37
2015.07.24 08:39:03.733,1.42508,1.42525,1.12,1.37
2015.07.24 08:39:03.784,1.42504,1.42525,1.20,1.50
2015.07.24 08:39:03.836,1.42502,1.42523,1.00,1.37
2015.07.24 08:39:03.992,1.425,1.42523,1.12,1.75
2015.07.24 08:39:04.045,1.42506,1.42524,1.00,1.12
2015.07.24 08:39:04.097,1.42506,1.42526,1.00,1.12
2015.07.24 08:39:04.148,1.42509,1.4253,1.00,1.12
2015.07.24 08:39:04.504,1.42513,1.42535,1.00,3.37
2015.07.24 08:39:04.785,1.42513,1.42535,1.00,1.50
2015.07.24 08:39:05.777,1.42513,1.42535,1.37,1.37
2015.07.24 08:39:09.025,1.42513,1.42537,1.37,3.37
2015.07.24 08:39:09.646,1.42512,1.42535,1.50,1.37
2015.07.24 08:39:13.480,1.42513,1.42534,1.00,1.12
2015.07.24 08:39:16.823,1.42514,1.42533,1.12,1.00
2015.07.24 08:39:17.229,1.42517,1.42536,1.00,1.37
2015.07.24 08:39:20.028,1.42517,1.42537,1.00,1.87
2015.07.24 08:39:20.465,1.42517,1.42537,1.00,1.87
2015.07.24 08:39:20.871,1.42515,1.42537,1.12,1.87
2015.07.24 08:39:21.201,1.42517,1.42537,1.00,1.12
2015.07.24 08:39:21.959,1.42517,1.42537,1.00,1.12
2015.07.24 08:39:22.519,1.42519,1.4254,1.00,2.25
2015.07.24 08:39:22.570,1.42519,1.4254,1.50,1.50
2015.07.24 08:39:22.621,1.42525,1.42542,1.00,1.37
2015.07.24 08:39:22.673,1.42525,1.42544,1.12,1.37
2015.07.24 08:39:22.970,1.42527,1.42546,1.00,1.50
2015.07.24 08:39:23.072,1.42525,1.42546,1.00,1.50
2015.07.24 08:39:23.123,1.42525,1.42541,1.00,1.00
2015.07.24 08:39:23.174,1.42522,1.42541,1.00,1.00
2015.07.24 08:39:23.469,1.42519,1.42538,1.37,1.37
2015.07.24 08:39:23.522,1.42519,1.42542,1.12,1.12
2015.07.24 08:39:23.624,1.42519,1.42544,1.50,3.00
2015.07.24 08:39:23.726,1.42522,1.42544,1.00,3.00
2015.07.24 08:39:23.878,1.42519,1.42541,1.00,1.00
2015.07.24 08:39:24.317,1.42517,1.42539,1.12,1.00
2015.07.24 08:39:24.621,1.42514,1.42535,2.55,1.00
2015.07.24 08:39:24.824,1.42511,1.42535,3.52,1.12
2015.07.24 08:39:24.927,1.42511,1.42533,2.85,1.00
2015.07.24 08:39:25.787,1.42511,1.42533,3.22,1.00
2015.07.24 08:39:27.468,1.42511,1.42534,2.85,1.50
2015.07.24 08:39:27.773,1.42512,1.42535,1.75,1.75
2015.07.24 08:39:28.623,1.42517,1.42535,2.05,1.00
2015.07.24 08:39:28.674,1.42518,1.42539,1.37,1.50
2015.07.24 08:39:28.726,1.42517,1.42539,1.72,1.12
2015.07.24 08:39:29.235,1.42515,1.42538,3.22,1.00
2015.07.24 08:39:29.971,1.42515,1.42538,1.50,1.12
2015.07.24 08:39:30.022,1.42515,1.42537,1.12,1.75
2015.07.24 08:39:30.328,1.42513,1.42532,1.37,1.00
2015.07.24 08:39:30.431,1.42511,1.42532,2.25,1.00
2015.07.24 08:39:32.079,1.42511,1.42532,1.50,1.50
2015.07.24 08:39:33.095,1.4251,1.42532,1.12,1.50
2015.07.24 08:39:33.146,1.4251,1.42531,1.12,1.37
2015.07.24 08:39:33.248,1.42508,1.42529,2.25,1.12
2015.07.24 08:39:33.857,1.42507,1.42529,1.75,1.50
2015.07.24 08:39:34.499,1.42508,1.42529,1.37,1.37
2015.07.24 08:39:35.847,1.42507,1.42529,1.12,1.12
2015.07.24 08:39:36.847,1.42508,1.42531,1.50,2.25
2015.07.24 08:39:36.949,1.42507,1.42529,1.00,1.37
2015.07.24 08:39:38.349,1.42507,1.42529,1.00,1.50
2015.07.24 08:39:39.214,1.42508,1.4253,1.00,1.75
2015.07.24 08:39:39.771,1.42507,1.4253,1.50,2.25
2015.07.24 08:39:41.658,1.42507,1.4253,1.50,1.87
2015.07.24 08:39:42.376,1.42507,1.42529,1.50,1.00
2015.07.24 08:39:44.048,1.42508,1.42531,1.37,2.25
2015.07.24 08:39:44.355,1.42516,1.42536,1.00,1.00
2015.07.24 08:39:44.507,1.42516,1.42534,1.00,1.00
2015.07.24 08:39:44.609,1.42511,1.42533,1.20,1.00
2015.07.24 08:39:44.911,1.4251,1.42533,1.00,1.00
2015.07.24 08:39:45.419,1.42509,1.42532,1.50,1.50
2015.07.24 08:39:45.571,1.42509,1.42532,1.87,1.87
2015.07.24 08:39:46.115,1.42509,1.42532,1.50,1.87
2015.07.24 08:39:47.818,1.4251,1.42533,1.50,1.37
2015.07.24 08:39:48.193,1.42517,1.42535,1.00,1.37
2015.07.24 08:39:48.245,1.4252,1.42542,1.12,2.25
2015.07.24 08:39:48.400,1.4252,1.42534,1.00,1.00
2015.07.24 08:39:48.606,1.42506,1.42525,1.12,1.00
2015.07.24 08:39:48.709,1.42504,1.42522,2.25,1.00
2015.07.24 08:39:48.760,1.42504,1.42522,1.12,1.00
2015.07.24 08:39:49.297,1.425,1.42523,1.75,1.00
2015.07.24 08:39:49.806,1.42502,1.42524,1.12,1.12
2015.07.24 08:39:50.091,1.42502,1.42524,1.87,1.00
2015.07.24 08:39:50.143,1.42505,1.42526,1.37,1.12
2015.07.24 08:39:50.676,1.42505,1.42526,1.37,1.00
2015.07.24 08:39:51.184,1.42504,1.42526,1.75,1.00
2015.07.24 08:39:51.690,1.42504,1.42527,1.75,1.87
2015.07.24 08:39:53.143,1.42504,1.42527,1.75,1.87
2015.07.24 08:39:53.296,1.42502,1.42524,1.87,1.50
2015.07.24 08:39:53.810,1.42504,1.42524,1.12,1.50
2015.07.24 08:39:54.437,1.42504,1.42525,1.37,1.87
2015.07.24 08:39:54.539,1.42504,1.42525,1.37,1.50
2015.07.24 08:39:54.641,1.42505,1.42527,1.37,2.62
2015.07.24 08:39:54.895,1.42505,1.42525,1.37,1.00
2015.07.24 08:39:55.432,1.42505,1.42521,1.00,1.00
2015.07.24 08:39:55.940,1.42503,1.42521,1.50,1.00
2015.07.24 08:39:56.448,1.42503,1.4252,1.50,1.00
2015.07.24 08:39:56.982,1.42503,1.4252,1.00,1.00
2015.07.24 08:39:57.526,1.42503,1.42521,1.50,1.00
2015.07.24 08:39:57.832,1.42503,1.42526,1.50,1.87
2015.07.24 08:39:58.512,1.42504,1.42527,1.37,2.62
2015.07.24 08:39:58.937,1.42504,1.42527,1.50,1.50
2015.07.24 08:39:59.947,1.42504,1.42527,1.50,1.50
2015.07.24 08:40:00.928,1.42503,1.42525,1.75,1.12
2015.07.24 08:40:01.132,1.42502,1.42524,1.50,1.50
2015.07.24 08:40:01.234,1.42501,1.42521,1.75,1.00
2015.07.24 08:40:01.691,1.42501,1.42523,1.75,1.00
2015.07.24 08:40:02.243,1.42501,1.42522,1.75,1.00
2015.07.24 08:40:04.519,1.42501,1.42522,1.37,1.00
2015.07.24 08:40:05.730,1.42504,1.42527,1.50,1.50
2015.07.24 08:40:06.037,1.42508,1.42529,1.12,1.37
2015.07.24 08:40:06.344,1.425,1.42523,1.95,1.00
2015.07.24 08:40:06.927,1.42501,1.42524,1.50,1.87
2015.07.24 08:40:07.393,1.42501,1.42524,1.50,2.25
2015.07.24 08:40:07.996,1.42502,1.42524,1.12,1.75
2015.07.24 08:40:08.791,1.42502,1.42524,1.12,1.75
2015.07.24 08:40:09.176,1.42501,1.42523,1.50,1.37
2015.07.24 08:40:10.470,1.42501,1.42524,1.50,2.62
2015.07.24 08:40:14.274,1.42501,1.42524,1.87,1.75
2015.07.24 08:40:15.104,1.42502,1.42525,1.50,2.25
2015.07.24 08:40:15.607,1.42502,1.42525,1.50,2.25
2015.07.24 08:40:16.860,1.42501,1.42521,1.37,1.12
2015.07.24 08:40:18.377,1.42499,1.42521,1.87,1.37
2015.07.24 08:40:19.117,1.42499,1.42521,1.50,1.37
2015.07.24 08:40:19.835,1.42498,1.42518,1.00,1.37
2015.07.24 08:40:20.183,1.42494,1.42512,1.87,1.12
2015.07.24 08:40:20.387,1.42488,1.42507,1.12,1.00
2015.07.24 08:40:20.488,1.42488,1.42509,1.00,1.00
2015.07.24 08:40:20.996,1.42488,1.42509,1.50,1.00
2015.07.24 08:40:21.364,1.42486,1.4251,1.12,1.50
2015.07.24 08:40:22.968,1.42486,1.4251,1.50,1.12
2015.07.24 08:40:23.527,1.42487,1.42511,1.00,2.25
2015.07.24 08:40:26.139,1.42486,1.42511,2.62,2.25
2015.07.24 08:40:27.428,1.42487,1.42511,1.50,1.75
2015.07.24 08:40:28.144,1.42487,1.4251,1.00,1.12
2015.07.24 08:40:28.656,1.42486,1.42508,1.00,1.37
2015.07.24 08:40:30.068,1.42487,1.4251,1.00,2.62
2015.07.24 08:40:30.576,1.42486,1.42508,1.00,1.37
2015.07.24 08:40:31.263,1.42485,1.42507,1.87,1.37
2015.07.24 08:40:31.772,1.42485,1.42508,1.50,1.87
2015.07.24 08:40:32.556,1.42483,1.42505,1.87,1.75
2015.07.24 08:40:32.661,1.42476,1.42497,1.00,1.00
2015.07.24 08:40:33.169,1.42476,1.42498,1.00,1.00
2015.07.24 08:40:33.834,1.42476,1.42499,1.00,1.50
2015.07.24 08:40:33.888,1.42474,1.42499,3.00,2.25
2015.07.24 08:40:34.269,1.42474,1.42499,3.37,2.62
2015.07.24 08:40:35.505,1.42476,1.42498,1.37,1.50
2015.07.24 08:40:44.000,1.42475,1.42495,1.00,1.37
2015.07.24 08:40:44.535,1.42471,1.4249,1.20,1.50
2015.07.24 08:40:44.588,1.42463,1.42485,1.37,1.00
2015.07.24 08:40:45.551,1.42463,1.42484,1.37,1.00
2015.07.24 08:40:47.533,1.42464,1.42488,1.00,2.62
2015.07.24 08:40:48.067,1.42464,1.42486,1.00,1.87
2015.07.24 08:40:49.087,1.42464,1.42486,1.37,1.87
2015.07.24 08:40:49.721,1.42465,1.42486,1.37,1.37
2015.07.24 08:40:50.224,1.42466,1.42488,1.37,1.50
2015.07.24 08:40:50.539,1.42463,1.42486,1.12,1.50
2015.07.24 08:40:56.260,1.42463,1.42484,1.37,1.87
2015.07.24 08:40:57.514,1.42463,1.42482,1.37,1.00
2015.07.24 08:40:58.078,1.42463,1.42483,1.37,1.00
2015.07.24 08:40:59.180,1.42463,1.42483,1.12,1.00
2015.07.24 08:41:01.395,1.42463,1.42484,1.12,1.00
2015.07.24 08:41:01.952,1.42466,1.42485,1.37,1.00
2015.07.24 08:41:04.052,1.42467,1.42487,1.00,1.87
2015.07.24 08:41:05.347,1.42463,1.42487,3.00,1.87
2015.07.24 08:41:05.892,1.42463,1.42487,3.00,1.37
2015.07.24 08:41:06.450,1.42463,1.42487,3.00,1.37
2015.07.24 08:41:07.054,1.42463,1.42486,3.75,1.12
2015.07.24 08:41:07.309,1.42468,1.4249,1.12,2.62
2015.07.24 08:41:07.513,1.42467,1.4249,1.87,1.37
2015.07.24 08:41:07.820,1.42466,1.42489,1.87,1.00
2015.07.24 08:41:08.687,1.42467,1.4249,1.50,1.50
2015.07.24 08:41:09.218,1.42468,1.4249,1.50,1.37
2015.07.24 08:41:09.625,1.42466,1.42488,2.25,1.37
2015.07.24 08:41:09.727,1.42465,1.42487,1.00,1.37
2015.07.24 08:41:09.829,1.42464,1.42487,2.25,1.37
2015.07.24 08:41:12.313,1.42464,1.42489,1.75,1.87
2015.07.24 08:41:12.414,1.42468,1.4249,1.37,1.50
2015.07.24 08:41:12.516,1.42471,1.42492,1.37,1.50
2015.07.24 08:41:17.028,1.42471,1.42494,1.75,1.50
2015.07.24 08:41:17.233,1.42473,1.42496,1.37,2.25
2015.07.24 08:41:17.742,1.42475,1.42496,1.37,1.50
2015.07.24 08:41:19.447,1.42474,1.42496,1.00,1.37
2015.07.24 08:41:19.761,1.42472,1.42493,1.37,1.37
2015.07.24 08:41:20.025,1.42472,1.42493,1.00,1.37
2015.07.24 08:41:20.774,1.42472,1.42493,1.00,1.00
2015.07.24 08:41:21.282,1.42471,1.42493,1.87,1.12
2015.07.24 08:41:28.686,1.42472,1.42495,1.87,1.37
2015.07.24 08:41:29.211,1.42472,1.42495,1.50,2.25
2015.07.24 08:41:29.897,1.42472,1.42494,1.50,1.12
2015.07.24 08:41:30.884,1.42472,1.42494,1.50,1.12
2015.07.24 08:41:31.392,1.42473,1.42495,1.12,1.37
2015.07.24 08:41:32.339,1.42473,1.42495,1.50,1.37
2015.07.24 08:41:32.847,1.42474,1.42495,1.12,1.12
2015.07.24 08:41:33.872,1.42474,1.42495,1.37,1.37
2015.07.24 08:41:36.108,1.42474,1.42495,1.50,1.37
2015.07.24 08:41:36.657,1.42475,1.42495,1.00,1.37
2015.07.24 08:41:36.963,1.42475,1.42496,1.50,1.12
2015.07.24 08:41:37.843,1.42476,1.42496,1.37,1.00
2015.07.24 08:41:38.933,1.42476,1.42496,1.00,1.12
2015.07.24 08:41:39.849,1.42475,1.42496,1.87,1.12
2015.07.24 08:41:41.037,1.42475,1.42496,1.87,1.37
2015.07.24 08:41:41.837,1.42472,1.42496,1.75,1.50
2015.07.24 08:41:42.403,1.42472,1.42496,1.75,1.50
2015.07.24 08:41:43.058,1.42472,1.42495,1.75,1.37
2015.07.24 08:41:46.403,1.42477,1.42496,1.37,1.12
2015.07.24 08:41:46.505,1.42476,1.42499,1.50,1.00
2015.07.24 08:41:47.022,1.42479,1.425,1.37,1.50
2015.07.24 08:41:47.560,1.4248,1.425,1.37,1.12
2015.07.24 08:41:48.099,1.42481,1.42502,1.37,2.25
2015.07.24 08:41:48.406,1.42484,1.42504,1.37,1.00
2015.07.24 08:41:49.094,1.42484,1.42504,1.37,1.00
2015.07.24 08:41:49.621,1.42484,1.42505,1.50,1.12
2015.07.24 08:41:50.897,1.42484,1.42505,1.50,1.37
2015.07.24 08:41:51.404,1.42484,1.42503,1.00,1.12
2015.07.24 08:41:52.303,1.42483,1.42503,1.50,1.00
2015.07.24 08:41:52.683,1.42483,1.42499,1.37,1.00
2015.07.24 08:41:52.836,1.42477,1.42498,1.57,1.12
2015.07.24 08:41:53.417,1.42476,1.42498,1.75,1.00
2015.07.24 08:41:53.968,1.42475,1.42498,2.25,1.00
2015.07.24 08:41:54.469,1.42475,1.42498,3.37,1.37
2015.07.24 08:41:54.976,1.42476,1.42495,1.87,1.00
2015.07.24 08:41:55.639,1.42476,1.42496,1.87,1.00
2015.07.24 08:41:58.082,1.42476,1.42496,1.87,1.00
2015.07.24 08:41:58.594,1.42477,1.42495,1.87,1.00
2015.07.24 08:41:59.111,1.42477,1.42495,1.87,1.00
2015.07.24 08:41:59.685,1.42477,1.42495,1.50,1.00
2015.07.24 08:42:00.619,1.42477,1.42493,1.50,1.00
2015.07.24 08:42:00.925,1.42477,1.42491,1.00,1.00
2015.07.24 08:42:01.128,1.42476,1.42493,1.12,1.00
2015.07.24 08:42:01.281,1.42476,1.42493,1.37,1.00
2015.07.24 08:42:01.383,1.42475,1.42495,1.37,1.00
2015.07.24 08:42:01.924,1.42478,1.42495,1.37,1.00
2015.07.24 08:42:01.976,1.42476,1.42495,1.37,1.00
2015.07.24 08:42:02.613,1.42475,1.42495,1.12,1.00
2015.07.24 08:42:02.714,1.42475,1.42495,1.37,1.00
2015.07.24 08:42:03.076,1.42475,1.42493,1.37,1.00
2015.07.24 08:42:03.899,1.42475,1.42495,1.87,1.00
2015.07.24 08:42:04.204,1.42477,1.42497,1.12,1.00
2015.07.24 08:42:04.935,1.42479,1.42497,1.87,1.00
2015.07.24 08:42:06.329,1.4248,1.42497,1.00,1.00
2015.07.24 08:42:11.097,1.42479,1.42491,1.87,1.00
2015.07.24 08:42:11.300,1.42474,1.42486,1.00,1.00
2015.07.24 08:42:11.352,1.4247,1.42488,1.00,1.00
2015.07.24 08:42:11.403,1.4247,1.42485,1.00,1.00
2015.07.24 08:42:11.766,1.42466,1.42485,1.37,1.00
2015.07.24 08:42:12.323,1.42468,1.42487,1.00,1.00
2015.07.24 08:42:12.374,1.42468,1.42487,1.37,1.00
2015.07.24 08:42:13.162,1.42467,1.42487,1.50,1.00
2015.07.24 08:42:23.884,1.42466,1.42487,1.00,1.37
2015.07.24 08:42:24.402,1.42465,1.42486,1.50,1.12
2015.07.24 08:42:24.657,1.42465,1.42483,1.00,1.00
2015.07.24 08:42:24.709,1.42463,1.42483,1.12,1.12
2015.07.24 08:42:25.317,1.42461,1.42482,1.00,1.12
2015.07.24 08:42:26.097,1.42461,1.42482,1.37,1.12
2015.07.24 08:42:27.490,1.42461,1.42482,1.00,1.12
2015.07.24 08:42:28.061,1.42463,1.42484,1.00,1.75
2015.07.24 08:42:29.616,1.42462,1.42482,1.00,1.12
2015.07.24 08:42:30.022,1.4246,1.42482,1.50,1.12
2015.07.24 08:42:30.282,1.42462,1.42482,1.00,1.12
2015.07.24 08:42:30.823,1.42462,1.42482,1.00,1.37
2015.07.24 08:42:31.330,1.42463,1.42482,1.00,1.37
2015.07.24 08:42:31.954,1.42462,1.42482,1.00,1.37
2015.07.24 08:42:32.310,1.42462,1.42484,1.12,1.50
2015.07.24 08:42:32.827,1.42462,1.42484,1.37,1.00
2015.07.24 08:42:33.556,1.42462,1.42484,1.12,1.12
2015.07.24 08:42:34.255,1.42462,1.42483,1.12,1.00
2015.07.24 08:42:34.357,1.4246,1.42483,1.87,1.37
2015.07.24 08:42:35.335,1.4246,1.42483,1.50,1.50
2015.07.24 08:42:36.188,1.4246,1.42483,1.50,1.50
2015.07.24 08:42:36.692,1.4246,1.42481,1.37,1.00
2015.07.24 08:42:37.263,1.4246,1.42481,1.12,1.00
2015.07.24 08:42:37.779,1.42459,1.42481,2.25,1.00
2015.07.24 08:42:38.264,1.42459,1.42479,2.25,1.00
2015.07.24 08:42:39.952,1.42459,1.42479,1.50,1.00
2015.07.24 08:42:40.471,1.42459,1.42479,1.50,1.00
2015.07.24 08:42:40.884,1.42459,1.42476,1.00,1.00
2015.07.24 08:42:41.409,1.42458,1.4248,1.87,1.00
2015.07.24 08:42:41.917,1.4246,1.4248,1.37,1.00
2015.07.24 08:42:42.432,1.4246,1.42481,1.37,1.00
2015.07.24 08:42:43.119,1.4246,1.42481,1.12,1.12
2015.07.24 08:42:43.637,1.4246,1.4248,1.12,1.00
2015.07.24 08:42:43.942,1.4246,1.42473,1.12,1.00
2015.07.24 08:42:43.993,1.42461,1.42479,1.00,1.37
2015.07.24 08:42:44.046,1.42461,1.42474,1.00,1.00
2015.07.24 08:42:44.097,1.42455,1.42473,1.75,1.00
2015.07.24 08:42:44.462,1.42453,1.42472,1.00,1.37
2015.07.24 08:42:44.513,1.42448,1.4247,1.87,1.00
2015.07.24 08:42:45.906,1.42449,1.4247,1.12,1.00
2015.07.24 08:42:46.671,1.4245,1.4247,1.00,1.87
2015.07.24 08:42:47.291,1.42447,1.4247,1.50,1.87
2015.07.24 08:42:47.550,1.42447,1.42467,1.00,1.00
2015.07.24 08:42:47.806,1.42444,1.42467,1.50,1.87
2015.07.24 08:42:47.908,1.42444,1.42464,1.50,1.00
2015.07.24 08:42:47.960,1.42442,1.42463,1.75,1.87
2015.07.24 08:42:48.061,1.42441,1.42463,1.87,1.87
2015.07.24 08:42:48.164,1.42444,1.42464,1.00,1.12
2015.07.24 08:42:48.479,1.42446,1.42467,1.12,1.50
2015.07.24 08:42:48.988,1.42447,1.42467,1.00,1.00
2015.07.24 08:42:49.394,1.4245,1.42467,1.00,1.00
2015.07.24 08:42:49.723,1.4245,1.42467,1.37,1.00
2015.07.24 08:42:49.876,1.4245,1.42469,1.37,1.00
2015.07.24 08:42:50.383,1.4245,1.4247,1.75,1.00
2015.07.24 08:42:50.485,1.42451,1.42472,1.75,1.50
2015.07.24 08:42:51.225,1.42457,1.42476,1.50,1.00
2015.07.24 08:42:51.534,1.42454,1.42474,1.50,1.00
2015.07.24 08:42:51.689,1.42451,1.42474,1.87,1.50
2015.07.24 08:42:52.318,1.42451,1.42474,1.87,1.50
2015.07.24 08:42:52.853,1.42453,1.42474,1.75,1.00
2015.07.24 08:42:53.541,1.42454,1.42474,1.00,1.00
2015.07.24 08:42:57.100,1.42452,1.42474,1.75,1.00
2015.07.24 08:42:57.405,1.42459,1.42479,1.50,1.00
2015.07.24 08:42:57.912,1.42459,1.42479,1.37,1.00
2015.07.24 08:42:58.532,1.42459,1.42479,1.50,1.00
2015.07.24 08:42:59.416,1.42459,1.42479,1.12,1.00
2015.07.24 08:43:00.344,1.42458,1.42478,1.50,1.00
2015.07.24 08:43:00.887,1.42459,1.42479,1.12,1.00
2015.07.24 08:43:02.282,1.42458,1.42479,1.50,1.12
2015.07.24 08:43:03.554,1.42459,1.4248,1.00,1.00
2015.07.24 08:43:04.082,1.42459,1.42481,1.50,1.50
2015.07.24 08:43:04.692,1.42461,1.42481,1.00,1.50
2015.07.24 08:43:05.362,1.42462,1.42481,1.00,1.50
2015.07.24 08:43:06.295,1.42461,1.42482,1.12,1.50
2015.07.24 08:43:06.873,1.42461,1.42479,1.12,1.00
2015.07.24 08:43:06.924,1.4246,1.42483,1.37,3.00
2015.07.24 08:43:07.076,1.42462,1.42478,1.37,1.00
2015.07.24 08:43:07.128,1.42461,1.42478,1.00,1.00
2015.07.24 08:43:07.179,1.42461,1.42481,1.00,1.12
2015.07.24 08:43:07.281,1.4246,1.42478,1.00,1.00
2015.07.24 08:43:07.433,1.42458,1.4248,1.50,1.12
2015.07.24 08:43:07.535,1.42464,1.42481,1.00,1.50
2015.07.24 08:43:08.264,1.42464,1.42483,1.00,1.87
2015.07.24 08:43:09.701,1.4246,1.42483,1.37,1.87
2015.07.24 08:43:10.232,1.42461,1.42483,1.00,2.25
2015.07.24 08:43:10.911,1.4246,1.42483,1.75,2.25
2015.07.24 08:43:12.012,1.42461,1.42483,1.50,1.50
2015.07.24 08:43:12.165,1.42461,1.42483,1.87,1.00
2015.07.24 08:43:15.788,1.42461,1.42483,1.37,1.50
2015.07.24 08:43:19.558,1.42461,1.42483,1.87,1.00
2015.07.24 08:43:20.563,1.42461,1.42483,1.87,1.00
2015.07.24 08:43:20.868,1.42454,1.42477,1.50,1.12
2015.07.24 08:43:21.464,1.42452,1.42476,1.37,1.87
2015.07.24 08:43:21.971,1.42452,1.42474,1.50,1.00
2015.07.24 08:43:23.340,1.42453,1.42476,1.12,1.50
2015.07.24 08:43:23.645,1.42458,1.42478,1.37,1.00
2015.07.24 08:43:23.849,1.4246,1.42483,2.62,1.00
2015.07.24 08:43:27.075,1.42463,1.42483,1.00,1.50
2015.07.24 08:43:30.619,1.4246,1.42483,1.50,1.87
2015.07.24 08:43:31.012,1.42458,1.4248,1.12,2.25
2015.07.24 08:43:31.068,1.42455,1.42477,1.37,1.00
2015.07.24 08:43:31.599,1.42455,1.42478,1.00,1.50
2015.07.24 08:43:32.071,1.42455,1.42478,1.50,1.50
2015.07.24 08:43:32.607,1.42456,1.42478,1.50,1.00
2015.07.24 08:43:33.146,1.42457,1.42478,1.37,1.00
2015.07.24 08:43:33.862,1.42457,1.42478,1.00,1.37
2015.07.24 08:43:34.470,1.42457,1.42478,1.00,1.12
2015.07.24 08:43:34.775,1.42459,1.42478,1.75,1.00
2015.07.24 08:43:34.827,1.42461,1.42482,1.37,1.12
2015.07.24 08:43:34.878,1.42461,1.42484,1.50,1.87
2015.07.24 08:43:35.389,1.42464,1.42484,1.12,1.00
2015.07.24 08:43:36.000,1.42464,1.42486,1.12,1.50
2015.07.24 08:43:36.365,1.42462,1.42486,2.25,1.87
2015.07.24 08:43:36.822,1.42465,1.42488,1.37,1.12
2015.07.24 08:43:37.469,1.42465,1.42488,1.12,1.12
2015.07.24 08:43:39.793,1.42467,1.42489,1.12,1.50
2015.07.24 08:43:40.310,1.42468,1.42489,1.00,1.50
2015.07.24 08:43:41.755,1.42469,1.42491,1.00,1.37
2015.07.24 08:43:42.155,1.42469,1.42491,1.50,1.37
2015.07.24 08:43:42.513,1.42471,1.42491,1.50,1.12
2015.07.24 08:43:43.124,1.42471,1.42491,1.87,1.37
2015.07.24 08:43:43.531,1.42468,1.42492,2.62,1.37
2015.07.24 08:43:44.033,1.42468,1.42492,2.62,1.37
2015.07.24 08:43:45.250,1.4247,1.42493,1.87,1.37
2015.07.24 08:43:45.302,1.4247,1.42493,1.50,1.00
2015.07.24 08:43:46.065,1.4247,1.42493,2.25,1.12
2015.07.24 08:43:47.230,1.42477,1.42495,1.37,1.12
2015.07.24 08:43:47.282,1.42477,1.42497,1.37,1.12
2015.07.24 08:43:47.385,1.42479,1.42502,1.37,1.37
2015.07.24 08:43:47.487,1.4248,1.42503,1.75,1.00
2015.07.24 08:43:48.080,1.4248,1.42505,1.75,2.62
2015.07.24 08:43:48.620,1.42481,1.42505,1.00,2.62
2015.07.24 08:43:48.975,1.4248,1.42503,1.37,1.50
2015.07.24 08:43:49.128,1.42479,1.42503,1.00,1.87
2015.07.24 08:43:49.629,1.4248,1.42503,1.12,1.87
2015.07.24 08:43:50.173,1.42481,1.42503,1.00,1.37
2015.07.24 08:43:50.683,1.4248,1.42504,1.12,2.25
2015.07.24 08:43:51.280,1.4248,1.42503,2.25,1.00
2015.07.24 08:43:54.559,1.42494,1.42511,1.37,1.00
2015.07.24 08:43:54.612,1.42493,1.42511,1.50,1.00
2015.07.24 08:43:55.069,1.42489,1.42511,1.87,1.00
2015.07.24 08:43:55.323,1.42491,1.42511,1.50,1.00
2015.07.24 08:43:55.885,1.42492,1.42511,1.50,1.00
2015.07.24 08:43:56.395,1.42492,1.42511,1.50,1.00
2015.07.24 08:43:57.116,1.42491,1.42511,2.25,1.00
2015.07.24 08:43:58.316,1.42492,1.42511,1.00,1.00
2015.07.24 08:43:59.717,1.42491,1.42511,2.62,1.00
2015.07.24 08:44:00.296,1.42491,1.42511,1.00,1.12
2015.07.24 08:44:00.500,1.42489,1.4251,1.37,2.25
2015.07.24 08:44:00.603,1.42491,1.4251,1.00,1.87
2015.07.24 08:44:00.654,1.42488,1.4251,1.50,1.87
2015.07.24 08:44:01.161,1.4249,1.42509,1.12,1.00
2015.07.24 08:44:04.265,1.42497,1.4251,1.00,1.00
2015.07.24 08:44:04.633,1.42499,1.42511,1.00,1.00
2015.07.24 08:44:04.690,1.42499,1.42519,1.00,1.00
2015.07.24 08:44:04.843,1.42497,1.42521,1.00,2.62
2015.07.24 08:44:04.945,1.42499,1.4252,1.00,1.50
2015.07.24 08:44:05.250,1.425,1.42517,1.00,1.00
2015.07.24 08:44:05.789,1.42501,1.42522,1.00,1.00
2015.07.24 08:44:06.048,1.42503,1.42523,1.00,1.12
2015.07.24 08:44:06.724,1.42503,1.42522,1.50,1.00
2015.07.24 08:44:07.361,1.42504,1.42522,1.00,1.00
2015.07.24 08:44:07.898,1.42503,1.42522,1.00,1.00
2015.07.24 08:44:09.669,1.42502,1.42522,1.00,1.50
2015.07.24 08:44:09.974,1.42501,1.42519,1.50,1.00
2015.07.24 08:44:10.377,1.42496,1.42519,1.37,1.87
2015.07.24 08:44:10.428,1.42497,1.4252,1.12,1.87
2015.07.24 08:44:10.479,1.42495,1.42518,3.00,1.00
2015.07.24 08:44:10.581,1.42497,1.4252,1.12,1.87
2015.07.24 08:44:10.683,1.42499,1.42519,1.00,1.00
2015.07.24 08:44:10.987,1.42496,1.42519,1.50,1.00
2015.07.24 08:44:11.879,1.42499,1.4252,1.50,1.00
2015.07.24 08:44:12.044,1.42499,1.42522,1.50,1.50
2015.07.24 08:44:12.095,1.42499,1.42522,1.87,1.87
2015.07.24 08:44:13.305,1.42497,1.4252,2.62,1.87
2015.07.24 08:44:13.614,1.42499,1.42518,1.37,1.00
2015.07.24 08:44:13.715,1.425,1.42521,1.37,1.00
2015.07.24 08:44:14.251,1.42501,1.42522,1.12,1.12
2015.07.24 08:44:16.507,1.425,1.4252,1.50,1.00
2015.07.24 08:44:16.712,1.42496,1.42518,1.37,1.37
2015.07.24 08:44:17.017,1.42494,1.42516,1.87,1.37
2015.07.24 08:44:19.345,1.42497,1.42517,1.37,1.00
2015.07.24 08:44:19.706,1.42496,1.42519,1.37,3.37
2015.07.24 08:44:20.010,1.42501,1.42522,1.50,3.37
2015.07.24 08:44:20.700,1.42501,1.42522,1.50,1.87
2015.07.24 08:44:21.210,1.42501,1.42522,1.12,1.87
2015.07.24 08:44:24.195,1.425,1.42522,2.10,1.87
2015.07.24 08:44:25.320,1.42501,1.42521,1.00,1.12
2015.07.24 08:44:25.827,1.42501,1.42522,1.37,1.87
2015.07.24 08:44:26.350,1.425,1.4252,2.10,1.00
2015.07.24 08:44:26.899,1.425,1.4252,2.10,1.00
2015.07.24 08:44:27.427,1.425,1.42519,1.67,1.00
2015.07.24 08:44:27.782,1.425,1.42521,1.67,1.12
2015.07.24 08:44:28.302,1.42507,1.42521,1.00,1.00
2015.07.24 08:44:28.455,1.42511,1.42527,1.00,1.50
2015.07.24 08:44:28.558,1.42513,1.4253,1.00,1.00
2015.07.24 08:44:28.761,1.42513,1.42535,1.50,1.12
2015.07.24 08:44:28.812,1.42515,1.42535,1.00,1.12
2015.07.24 08:44:29.451,1.42517,1.42538,1.00,1.50
2015.07.24 08:44:29.502,1.42517,1.42539,1.00,1.37
2015.07.24 08:44:29.960,1.42515,1.42536,1.50,1.00
2015.07.24 08:44:30.266,1.42511,1.42531,1.00,1.00
2015.07.24 08:44:30.587,1.42509,1.42529,1.12,1.37
2015.07.24 08:44:30.641,1.42505,1.42526,1.12,1.00
2015.07.24 08:44:31.156,1.42505,1.42526,1.00,1.37
2015.07.24 08:44:33.541,1.42506,1.42526,1.00,1.50
2015.07.24 08:44:35.244,1.42505,1.42527,1.00,1.37
2015.07.24 08:44:35.346,1.42504,1.42524,1.87,1.37
2015.07.24 08:44:35.448,1.425,1.42522,1.87,1.37
2015.07.24 08:44:35.754,1.42499,1.42522,1.00,1.87
2015.07.24 08:44:35.958,1.425,1.42521,1.00,1.12
2015.07.24 08:44:36.523,1.42499,1.42522,1.12,2.25
2015.07.24 08:44:38.572,1.425,1.42521,1.00,1.12
2015.07.24 08:44:38.928,1.42498,1.42521,2.62,1.12
2015.07.24 08:44:40.091,1.42498,1.42519,1.37,1.00
2015.07.24 08:44:40.630,1.42498,1.42521,1.87,1.87
2015.07.24 08:44:40.682,1.42498,1.42519,1.00,1.37
2015.07.24 08:44:41.409,1.42497,1.42519,1.00,1.37
2015.07.24 08:44:41.938,1.42497,1.42517,1.00,1.12
2015.07.24 08:44:42.457,1.42496,1.42519,1.12,1.75
2015.07.24 08:44:45.156,1.42497,1.42518,1.50,1.00
2015.07.24 08:44:45.208,1.42496,1.42515,1.12,1.00
2015.07.24 08:44:45.259,1.42496,1.42515,1.37,1.12
2015.07.24 08:44:45.361,1.42494,1.42514,1.00,1.37
2015.07.24 08:44:46.249,1.42497,1.42514,1.00,1.37
2015.07.24 08:44:46.824,1.42499,1.42514,1.50,1.00
2015.07.24 08:44:46.875,1.42503,1.42526,1.50,1.50
2015.07.24 08:44:47.079,1.42504,1.42527,1.37,1.87
2015.07.24 08:44:47.385,1.42505,1.42526,1.00,1.37
2015.07.24 08:44:48.373,1.42505,1.42524,1.00,1.37
2015.07.24 08:44:48.678,1.42502,1.42519,1.87,1.37
2015.07.24 08:44:48.832,1.42496,1.42516,1.00,3.22
2015.07.24 08:44:48.884,1.42491,1.42515,2.62,1.97
2015.07.24 08:44:48.986,1.4249,1.42513,1.37,2.10
2015.07.24 08:44:49.088,1.42489,1.42512,2.25,1.12
2015.07.24 08:44:49.191,1.42487,1.4251,1.87,1.00
2015.07.24 08:44:49.945,1.42488,1.42511,1.12,1.00
2015.07.24 08:44:50.261,1.42487,1.42509,1.00,1.37
2015.07.24 08:44:50.567,1.42488,1.42511,1.37,1.75
2015.07.24 08:44:51.179,1.4249,1.42511,1.37,1.00
2015.07.24 08:44:51.332,1.42493,1.42516,1.75,1.87
2015.07.24 08:44:51.485,1.42494,1.42517,1.75,1.50
2015.07.24 08:44:51.995,1.42494,1.42517,2.25,1.12
2015.07.24 08:44:52.712,1.42496,1.42519,1.87,3.37
2015.07.24 08:44:52.814,1.42497,1.42519,1.50,1.00
2015.07.24 08:44:53.321,1.42498,1.42521,1.37,3.37
2015.07.24 08:44:53.854,1.42498,1.4252,1.12,1.37
2015.07.24 08:44:54.544,1.42497,1.4252,1.37,3.00
2015.07.24 08:44:54.747,1.42497,1.42519,1.12,1.87
2015.07.24 08:44:56.826,1.42496,1.42517,1.87,1.12
2015.07.24 08:44:57.844,1.42497,1.42518,1.50,1.37
2015.07.24 08:44:59.226,1.42496,1.42518,1.50,1.37
2015.07.24 08:44:59.328,1.42494,1.42517,2.25,1.37
2015.07.24 08:44:59.835,1.42494,1.42517,1.87,2.62
2015.07.24 08:45:00.351,1.42497,1.42517,1.00,1.87
2015.07.24 08:45:00.656,1.42498,1.4252,1.12,1.37
2015.07.24 08:45:01.163,1.42498,1.4252,1.37,1.37
2015.07.24 08:45:01.767,1.42497,1.42519,1.37,1.37
2015.07.24 08:45:01.920,1.42497,1.42519,1.00,1.37
2015.07.24 08:45:01.971,1.42496,1.42519,3.00,1.37
2015.07.24 08:45:02.478,1.42497,1.4252,1.50,2.25
2015.07.24 08:45:02.993,1.42497,1.4252,1.12,2.25
2015.07.24 08:45:03.555,1.42497,1.4252,1.50,2.25
2015.07.24 08:45:03.758,1.42497,1.4252,1.12,2.25
2015.07.24 08:45:03.859,1.42497,1.4252,2.25,2.25
2015.07.24 08:45:06.030,1.42498,1.4252,1.00,1.37
2015.07.24 08:45:09.986,1.42498,1.42518,1.00,1.37
2015.07.24 08:45:10.388,1.42497,1.42508,1.00,1.00
2015.07.24 08:45:10.440,1.42487,1.42508,1.00,1.00
2015.07.24 08:45:10.542,1.42485,1.42508,1.87,1.00
2015.07.24 08:45:10.847,1.42487,1.4251,1.00,2.25
2015.07.24 08:45:11.379,1.42485,1.42508,2.25,1.00
2015.07.24 08:45:12.032,1.42485,1.42508,2.25,1.00
2015.07.24 08:45:12.566,1.42485,1.42507,2.25,1.12
2015.07.24 08:45:13.524,1.42484,1.42505,2.25,1.00
2015.07.24 08:45:13.829,1.42484,1.42503,1.37,1.00
2015.07.24 08:45:14.134,1.42481,1.42502,1.12,1.00
2015.07.24 08:45:14.236,1.42483,1.42502,1.00,1.00
2015.07.24 08:45:15.114,1.42483,1.42502,1.37,1.00
2015.07.24 08:45:16.272,1.4248,1.42502,2.25,1.12
2015.07.24 08:45:16.578,1.4248,1.42502,2.25,1.37
2015.07.24 08:45:17.209,1.4248,1.42502,1.75,1.37
2015.07.24 08:45:17.801,1.42476,1.42494,1.75,1.12
2015.07.24 08:45:17.852,1.42475,1.42494,1.12,1.37
2015.07.24 08:45:17.954,1.42473,1.42494,1.00,1.37
2015.07.24 08:45:19.121,1.42473,1.42492,1.87,1.37
2015.07.24 08:45:20.953,1.42472,1.4249,1.37,1.37
2015.07.24 08:45:21.157,1.42472,1.4249,1.12,1.37
2015.07.24 08:45:21.670,1.42472,1.4249,1.12,1.00
2015.07.24 08:45:22.560,1.42472,1.42491,1.00,1.12
2015.07.24 08:45:23.496,1.42473,1.42491,1.00,1.00
2015.07.24 08:45:23.598,1.42475,1.42493,1.00,1.87
2015.07.24 08:45:24.044,1.42473,1.42493,1.00,1.87
2015.07.24 08:45:24.755,1.42473,1.42493,1.00,1.12
2015.07.24 08:45:25.576,1.42474,1.42493,1.00,1.12
2015.07.24 08:45:26.818,1.42474,1.42493,1.50,1.12
2015.07.24 08:45:28.060,1.42474,1.42491,1.00,1.12
2015.07.24 08:45:28.365,1.42472,1.42491,1.00,1.37
2015.07.24 08:45:28.876,1.42471,1.42491,1.00,1.37
2015.07.24 08:45:29.407,1.42471,1.42491,1.00,1.37
2015.07.24 08:45:29.712,1.42462,1.42481,1.00,1.00
2015.07.24 08:45:30.168,1.42459,1.42479,1.12,1.12
2015.07.24 08:45:30.574,1.42459,1.42479,1.37,1.00
2015.07.24 08:45:30.676,1.42459,1.42477,1.12,1.12
2015.07.24 08:45:30.879,1.42459,1.42479,1.12,1.12
2015.07.24 08:45:30.981,1.42463,1.42482,1.00,1.87
2015.07.24 08:45:31.628,1.42461,1.42481,1.00,1.00
2015.07.24 08:45:31.781,1.42459,1.42481,1.12,1.12
2015.07.24 08:45:32.035,1.42458,1.42478,1.50,1.00
2015.07.24 08:45:32.573,1.42459,1.42478,1.00,1.37
2015.07.24 08:45:33.121,1.42458,1.42478,1.00,1.37
2015.07.24 08:45:33.636,1.42459,1.42478,1.00,1.00
2015.07.24 08:45:34.146,1.42459,1.42478,1.50,1.37
2015.07.24 08:45:34.736,1.42459,1.42478,1.50,1.00
2015.07.24 08:45:35.266,1.42459,1.4248,1.00,1.50
2015.07.24 08:45:35.993,1.42459,1.42478,1.12,1.12
2015.07.24 08:45:36.647,1.4246,1.42478,1.12,1.00
2015.07.24 08:45:36.952,1.42462,1.4248,1.87,1.00
2015.07.24 08:45:37.155,1.42462,1.42483,1.87,1.00
2015.07.24 08:45:37.409,1.42462,1.42481,1.12,1.00
2015.07.24 08:45:38.195,1.42461,1.42481,1.00,1.00
2015.07.24 08:45:38.246,1.42459,1.4248,1.12,1.12
2015.07.24 08:45:38.911,1.4246,1.4248,1.00,1.12
2015.07.24 08:45:39.457,1.42459,1.4248,1.12,1.12
2015.07.24 08:45:41.765,1.42462,1.4248,1.00,1.00
2015.07.24 08:45:44.933,1.42462,1.42481,1.00,1.00
2015.07.24 08:45:45.238,1.42467,1.42482,1.00,1.00
2015.07.24 08:45:45.289,1.42462,1.42482,1.00,1.00
2015.07.24 08:45:45.543,1.42462,1.42484,1.50,1.00
2015.07.24 08:45:46.123,1.42461,1.42484,1.12,1.50
2015.07.24 08:45:46.327,1.42461,1.42484,1.50,1.87
2015.07.24 08:45:46.682,1.42464,1.42485,1.00,1.50
2015.07.24 08:45:47.595,1.42465,1.42485,1.00,1.37
2015.07.24 08:45:48.102,1.42466,1.42485,1.00,1.37
2015.07.24 08:45:49.121,1.42465,1.42485,1.00,1.37
2015.07.24 08:45:49.630,1.42465,1.42485,1.00,1.37
2015.07.24 08:45:50.795,1.42464,1.42484,1.12,1.37
2015.07.24 08:45:50.848,1.42464,1.42484,1.50,1.37
2015.07.24 08:45:51.157,1.42465,1.42485,1.00,1.50
2015.07.24 08:45:51.311,1.42462,1.42483,1.12,1.87
2015.07.24 08:45:51.669,1.42458,1.42478,1.00,1.00
2015.07.24 08:45:52.111,1.42456,1.42476,1.50,1.00
2015.07.24 08:45:52.618,1.42455,1.42475,1.37,1.00
2015.07.24 08:45:52.873,1.42454,1.42475,1.00,1.00
2015.07.24 08:45:52.924,1.42454,1.42473,1.00,1.00
2015.07.24 08:45:53.362,1.42456,1.42476,1.00,1.12
2015.07.24 08:45:53.413,1.42453,1.42475,1.00,1.12
2015.07.24 08:45:53.922,1.42453,1.42475,1.00,1.37
2015.07.24 08:45:54.176,1.42455,1.42476,1.00,1.50
2015.07.24 08:45:54.709,1.42452,1.42475,1.87,1.37
2015.07.24 08:45:54.760,1.42452,1.42475,1.87,1.37
2015.07.24 08:45:55.014,1.42454,1.42475,1.00,1.12
2015.07.24 08:45:55.532,1.42455,1.42475,1.00,1.00
2015.07.24 08:45:55.735,1.42453,1.42475,1.00,1.50
2015.07.24 08:45:56.490,1.42452,1.42471,1.37,1.00
2015.07.24 08:45:56.592,1.42451,1.42473,1.50,1.00
2015.07.24 08:45:59.611,1.42451,1.42471,1.37,1.12
2015.07.24 08:46:00.120,1.42448,1.4247,2.25,1.00
2015.07.24 08:46:00.223,1.42448,1.4247,1.87,1.37
2015.07.24 08:46:00.958,1.42448,1.42469,1.37,1.12
2015.07.24 08:46:01.481,1.42448,1.42469,1.00,1.37
2015.07.24 08:46:01.989,1.42448,1.4247,1.37,1.50
2015.07.24 08:46:03.841,1.42449,1.42469,1.00,1.12
2015.07.24 08:46:04.563,1.42448,1.4247,1.37,1.50
2015.07.24 08:46:05.094,1.42448,1.4247,1.00,1.50
2015.07.24 08:46:05.843,1.42449,1.42471,1.00,1.87
2015.07.24 08:46:08.088,1.42449,1.4247,1.00,1.12
2015.07.24 08:46:08.597,1.42448,1.42469,1.87,1.12
2015.07.24 08:46:08.649,1.42448,1.42465,1.50,1.00
2015.07.24 08:46:08.701,1.42446,1.42468,1.87,2.62
2015.07.24 08:46:08.752,1.42445,1.42464,1.50,1.87
2015.07.24 08:46:08.906,1.42443,1.42462,1.12,1.00
2015.07.24 08:46:09.008,1.4244,1.42462,1.87,1.50
2015.07.24 08:46:09.521,1.4244,1.4246,1.00,1.00
2015.07.24 08:46:09.775,1.42442,1.42462,1.37,1.12
2015.07.24 08:46:09.877,1.42442,1.42463,1.37,1.37
2015.07.24 08:46:10.284,1.42443,1.42466,1.87,1.87
2015.07.24 08:46:10.806,1.42443,1.42466,1.87,1.87
2015.07.24 08:46:10.857,1.42443,1.42466,1.87,1.50
2015.07.24 08:46:12.177,1.42445,1.42467,1.75,1.50
2015.07.24 08:46:12.381,1.42446,1.42468,1.50,1.12
2015.07.24 08:46:12.686,1.42448,1.4247,1.00,1.12
2015.07.24 08:46:14.383,1.42448,1.4247,1.12,1.12
2015.07.24 08:46:14.535,1.42445,1.42468,2.62,1.50
2015.07.24 08:46:15.202,1.42448,1.4247,1.00,1.37
2015.07.24 08:46:15.734,1.42447,1.4247,1.50,1.87
2015.07.24 08:46:16.297,1.42447,1.4247,1.50,1.87
2015.07.24 08:46:17.281,1.42447,1.4247,2.25,1.50
2015.07.24 08:46:17.387,1.42447,1.4247,1.87,1.50
2015.07.24 08:46:17.489,1.42448,1.42471,1.00,2.25
2015.07.24 08:46:18.754,1.42448,1.4247,1.50,1.00
2015.07.24 08:46:19.008,1.42447,1.42469,1.37,1.37
2015.07.24 08:46:19.668,1.42447,1.42469,1.87,1.37
2015.07.24 08:46:20.830,1.42446,1.42468,1.00,1.37
2015.07.24 08:46:21.729,1.42446,1.42469,1.00,1.87
2015.07.24 08:46:22.241,1.42445,1.42466,1.50,1.12
2015.07.24 08:46:23.213,1.42447,1.42469,1.00,1.50
2015.07.24 08:46:23.416,1.42447,1.42469,1.00,1.50
2015.07.24 08:46:23.759,1.42449,1.42471,1.00,2.62
2015.07.24 08:46:24.169,1.42447,1.42469,1.00,1.37
2015.07.24 08:46:24.676,1.42446,1.42468,1.37,1.00
2015.07.24 08:46:25.329,1.42441,1.42463,3.00,1.12
2015.07.24 08:46:25.532,1.42442,1.42463,1.00,1.75
2015.07.24 08:46:25.684,1.4244,1.4246,1.50,1.12
2015.07.24 08:46:26.091,1.42442,1.42463,1.50,1.12
2015.07.24 08:46:26.142,1.42442,1.42463,1.50,1.12
2015.07.24 08:46:26.497,1.42442,1.42465,1.50,1.87
2015.07.24 08:46:26.650,1.42442,1.42464,1.50,1.37
2015.07.24 08:46:27.198,1.42442,1.42463,1.00,1.37
2015.07.24 08:46:27.701,1.42441,1.42462,1.50,1.12
2015.07.24 08:46:28.752,1.42438,1.42459,1.00,1.87
2015.07.24 08:46:29.057,1.42436,1.42455,1.50,1.00
2015.07.24 08:46:29.312,1.4243,1.42452,1.50,1.50
2015.07.24 08:46:29.671,1.4243,1.42453,2.25,1.50
2015.07.24 08:46:30.301,1.4243,1.42452,2.25,1.12
2015.07.24 08:46:30.594,1.4243,1.42452,1.00,1.50
2015.07.24 08:46:30.645,1.42432,1.42451,1.00,1.12
2015.07.24 08:46:31.355,1.42432,1.42451,1.00,1.37
2015.07.24 08:46:34.353,1.42432,1.42451,1.00,1.12
2015.07.24 08:46:34.658,1.42432,1.42451,1.00,1.37
2015.07.24 08:46:37.633,1.42428,1.42449,1.12,1.50
2015.07.24 08:46:37.938,1.4243,1.42445,1.00,1.00
2015.07.24 08:46:37.990,1.42428,1.42445,1.00,1.00
2015.07.24 08:46:38.091,1.42426,1.42445,1.50,1.12
2015.07.24 08:46:38.600,1.42425,1.42445,1.00,1.37
2015.07.24 08:46:38.651,1.42427,1.42445,1.00,1.37
2015.07.24 08:46:39.189,1.42428,1.42447,1.50,1.50
2015.07.24 08:46:39.495,1.42431,1.4245,1.50,1.12
2015.07.24 08:46:40.382,1.42431,1.4245,1.50,1.12
2015.07.24 08:46:40.702,1.42433,1.4245,1.00,1.12
2015.07.24 08:46:41.736,1.42433,1.4245,1.00,1.37
2015.07.24 08:46:42.042,1.42436,1.42451,1.00,1.12
2015.07.24 08:46:42.093,1.42436,1.42454,1.00,1.50
2015.07.24 08:46:42.394,1.42435,1.42452,1.00,1.50
2015.07.24 08:46:42.497,1.42436,1.42454,1.00,1.87
2015.07.24 08:46:42.599,1.42436,1.42454,1.00,1.37
2015.07.24 08:46:42.701,1.42433,1.42453,1.00,1.50
2015.07.24 08:46:42.803,1.42429,1.42451,1.50,1.12
2015.07.24 08:46:42.854,1.42432,1.42451,1.00,1.12
2015.07.24 08:46:43.109,1.42428,1.42449,2.25,1.12
2015.07.24 08:46:43.160,1.42428,1.42449,1.00,2.47
2015.07.24 08:46:43.262,1.42426,1.42444,1.00,1.35
2015.07.24 08:46:43.627,1.42428,1.42447,1.00,2.25
2015.07.24 08:46:44.247,1.42427,1.42445,1.00,1.12
2015.07.24 08:46:44.553,1.42415,1.42431,1.00,1.37
2015.07.24 08:46:44.604,1.42412,1.42431,1.00,1.37
2015.07.24 08:46:45.113,1.42413,1.42431,1.00,1.50
2015.07.24 08:46:47.508,1.42412,1.4243,1.00,1.00
2015.07.24 08:46:47.712,1.4241,1.4243,1.00,1.00
2015.07.24 08:46:48.516,1.42412,1.4243,1.00,1.00
2015.07.24 08:46:48.618,1.4241,1.4243,1.50,1.00
2015.07.24 08:46:48.974,1.4241,1.42431,1.50,2.25
2015.07.24 08:46:49.885,1.42411,1.42431,1.00,2.25
2015.07.24 08:46:51.109,1.42414,1.42431,1.00,1.87
2015.07.24 08:46:51.608,1.42416,1.42432,1.00,2.25
2015.07.24 08:46:51.913,1.42418,1.42433,1.00,1.00
2015.07.24 08:46:51.965,1.42416,1.42433,1.00,1.00
2015.07.24 08:46:52.117,1.42418,1.42434,1.00,1.75
2015.07.24 08:46:52.836,1.42418,1.42434,1.00,1.37
2015.07.24 08:46:52.887,1.42418,1.42436,1.00,1.37
2015.07.24 08:46:53.192,1.42421,1.42436,1.00,1.37
2015.07.24 08:46:53.244,1.42422,1.42439,1.00,1.37
2015.07.24 08:46:53.447,1.42422,1.42444,1.00,1.50
2015.07.24 08:46:53.549,1.42422,1.42443,1.00,1.75
2015.07.24 08:46:54.092,1.42423,1.42443,1.00,1.75
2015.07.24 08:46:54.600,1.42422,1.42442,1.00,1.50
2015.07.24 08:46:55.108,1.42422,1.42442,1.37,1.50
2015.07.24 08:46:55.717,1.42415,1.4243,1.50,1.87
2015.07.24 08:46:55.770,1.42406,1.42427,1.00,1.00
2015.07.24 08:46:56.025,1.42403,1.42425,1.37,1.37
2015.07.24 08:46:56.559,1.42403,1.42423,1.37,1.00
2015.07.24 08:46:57.076,1.42403,1.42423,1.00,1.00
2015.07.24 08:46:57.861,1.42403,1.42423,1.00,1.87
2015.07.24 08:46:58.115,1.424,1.42423,1.50,1.87
2015.07.24 08:46:59.182,1.424,1.42423,1.12,2.25
2015.07.24 08:47:00.291,1.42401,1.42423,1.00,1.37
2015.07.24 08:47:00.834,1.424,1.42422,1.12,1.00
2015.07.24 08:47:01.629,1.424,1.42423,1.50,1.87
2015.07.24 08:47:02.138,1.424,1.42422,1.12,1.50
2015.07.24 08:47:02.443,1.42398,1.42421,1.00,2.25
2015.07.24 08:47:02.903,1.42395,1.42419,2.25,2.25
2015.07.24 08:47:02.954,1.42395,1.42419,1.87,2.62
2015.07.24 08:47:03.527,1.42395,1.42418,1.00,1.37
2015.07.24 08:47:04.052,1.42395,1.42418,1.00,1.37
2015.07.24 08:47:04.640,1.42395,1.42418,1.00,1.37
2015.07.24 08:47:05.165,1.42395,1.42416,1.00,1.12
2015.07.24 08:47:05.683,1.42395,1.42417,1.00,1.12
2015.07.24 08:47:06.152,1.42396,1.42417,1.00,1.37
2015.07.24 08:47:06.662,1.42395,1.42417,2.62,1.37
2015.07.24 08:47:06.988,1.42395,1.42418,2.62,1.00
2015.07.24 08:47:07.550,1.42397,1.4242,1.87,2.25
2015.07.24 08:47:07.652,1.42398,1.4242,1.50,1.87
2015.07.24 08:47:08.186,1.42399,1.42422,1.00,1.37
2015.07.24 08:47:10.139,1.42399,1.42422,1.50,1.37
2015.07.24 08:47:11.364,1.42399,1.42422,1.50,1.37
2015.07.24 08:47:12.368,1.42399,1.42422,1.12,1.50
2015.07.24 08:47:12.673,1.42399,1.42423,1.87,2.25
2015.07.24 08:47:13.181,1.42402,1.42422,1.37,1.00
2015.07.24 08:47:14.396,1.42402,1.42425,1.87,1.87
2015.07.24 08:47:14.701,1.42402,1.4242,1.75,1.37
2015.07.24 08:47:14.994,1.42399,1.4242,4.50,1.87
2015.07.24 08:47:15.046,1.42396,1.42418,1.12,1.50
2015.07.24 08:47:15.707,1.42396,1.42417,1.00,1.00
2015.07.24 08:47:16.178,1.42401,1.42421,1.00,1.12
2015.07.24 08:47:16.230,1.42401,1.42424,1.00,1.50
2015.07.24 08:47:17.043,1.42402,1.42424,1.00,1.50
2015.07.24 08:47:17.094,1.42402,1.42424,1.00,1.50
2015.07.24 08:47:17.314,1.42402,1.42421,1.50,1.00
2015.07.24 08:47:17.618,1.42407,1.42429,1.37,2.62
2015.07.24 08:47:17.669,1.42407,1.42429,1.37,2.25
2015.07.24 08:47:17.720,1.42405,1.42429,3.00,2.62
2015.07.24 08:47:18.228,1.42405,1.42426,1.00,1.50
2015.07.24 08:47:18.583,1.42403,1.42426,1.00,1.50
2015.07.24 08:47:18.900,1.42402,1.42424,2.25,1.00
2015.07.24 08:47:19.207,1.42407,1.42429,1.50,1.87
2015.07.24 08:47:20.562,1.42409,1.4243,1.12,1.37
2015.07.24 08:47:20.867,1.42415,1.42437,1.12,3.00
2015.07.24 08:47:21.993,1.42416,1.42437,1.12,1.37
2015.07.24 08:47:25.155,1.42415,1.42436,2.25,1.12
2015.07.24 08:47:26.591,1.42415,1.42436,2.25,1.00
2015.07.24 08:47:27.067,1.42423,1.42442,1.50,1.00
2015.07.24 08:47:27.118,1.42423,1.4244,1.00,1.00
2015.07.24 08:47:27.423,1.42421,1.42437,1.00,2.47
2015.07.24 08:47:27.475,1.42412,1.42431,1.37,1.00
2015.07.24 08:47:27.629,1.42409,1.4243,2.25,1.00
2015.07.24 08:47:27.681,1.4241,1.42428,1.12,1.00
2015.07.24 08:47:28.405,1.42412,1.42434,1.12,1.12
2015.07.24 08:47:29.116,1.42413,1.42434,1.00,1.37
2015.07.24 08:47:29.717,1.42411,1.42431,1.35,1.12
2015.07.24 08:47:29.871,1.42408,1.42429,1.00,1.12
2015.07.24 08:47:30.278,1.42409,1.4243,1.00,1.12
2015.07.24 08:47:30.789,1.42409,1.42432,1.12,1.75
2015.07.24 08:47:31.126,1.42409,1.42431,1.50,1.00
2015.07.24 08:47:31.629,1.42409,1.42431,1.12,1.87
2015.07.24 08:47:32.137,1.42409,1.42431,1.00,1.87
2015.07.24 08:47:32.646,1.42409,1.42431,1.87,1.37
2015.07.24 08:47:33.172,1.42409,1.4243,1.00,1.37
2015.07.24 08:47:34.191,1.42409,1.4243,1.50,1.12
2015.07.24 08:47:34.293,1.42409,1.42431,2.25,1.12
2015.07.24 08:47:34.496,1.42409,1.42431,2.25,1.37
2015.07.24 08:47:34.699,1.42409,1.42428,1.87,1.00
2015.07.24 08:47:35.404,1.42409,1.42429,1.12,1.00
2015.07.24 08:47:35.920,1.42409,1.42429,1.37,1.00
2015.07.24 08:47:36.943,1.42409,1.42428,1.12,1.00
2015.07.24 08:47:37.045,1.42409,1.4243,1.12,1.12
2015.07.24 08:47:37.553,1.42409,1.42432,2.62,1.37
2015.07.24 08:47:37.605,1.4241,1.42432,1.37,1.00
2015.07.24 08:47:38.588,1.42412,1.42431,1.00,1.00
2015.07.24 08:47:39.098,1.42409,1.42432,3.37,1.12
2015.07.24 08:47:39.761,1.42411,1.42432,1.00,1.00
2015.07.24 08:47:40.279,1.4241,1.42433,2.25,1.50
2015.07.24 08:47:42.738,1.42409,1.42432,2.62,1.37
2015.07.24 08:47:43.195,1.42409,1.42429,1.87,1.00
2015.07.24 08:47:43.718,1.42409,1.42428,1.87,1.00
2015.07.24 08:47:44.229,1.42409,1.42429,1.50,1.12
2015.07.24 08:47:44.990,1.42407,1.42428,1.75,1.12
2015.07.24 08:47:45.299,1.42407,1.42426,1.75,1.00
2015.07.24 08:47:45.806,1.42407,1.42425,1.37,1.00
2015.07.24 08:47:46.061,1.42407,1.42428,1.37,1.12
2015.07.24 08:47:46.757,1.42405,1.42419,1.50,1.12
2015.07.24 08:47:46.810,1.42397,1.42413,1.37,1.00
2015.07.24 08:47:46.963,1.42397,1.42416,1.37,1.00
2015.07.24 08:47:47.268,1.42397,1.42413,1.37,1.00
2015.07.24 08:47:47.471,1.42397,1.42416,1.37,1.00
2015.07.24 08:47:48.003,1.42397,1.42415,1.50,1.00
2015.07.24 08:47:48.512,1.42397,1.42416,1.50,1.00
2015.07.24 08:47:49.412,1.424,1.42416,1.00,1.00
2015.07.24 08:47:49.567,1.424,1.4242,1.12,1.12
2015.07.24 08:47:49.618,1.42403,1.4242,1.00,1.12
2015.07.24 08:47:50.196,1.42402,1.4242,1.00,1.00
2015.07.24 08:47:50.704,1.42403,1.4242,1.00,1.00
2015.07.24 08:47:51.213,1.42404,1.4242,1.00,1.00
2015.07.24 08:47:51.721,1.42405,1.42421,1.00,1.00
2015.07.24 08:47:52.264,1.42404,1.4242,1.00,1.00
2015.07.24 08:47:52.767,1.42404,1.42421,1.00,1.00
2015.07.24 08:47:55.283,1.42404,1.42421,1.37,1.00
2015.07.24 08:47:56.011,1.42404,1.42421,1.00,1.12
2015.07.24 08:47:56.535,1.42405,1.4242,1.00,1.00
2015.07.24 08:47:58.041,1.42405,1.42421,1.00,1.00
2015.07.24 08:47:58.143,1.42405,1.42423,1.00,1.12
2015.07.24 08:47:58.195,1.42407,1.42423,1.00,1.12
2015.07.24 08:47:58.501,1.42406,1.42421,1.00,1.00
2015.07.24 08:47:59.078,1.42405,1.42421,1.00,1.00
2015.07.24 08:48:01.242,1.42404,1.42421,1.12,1.00
2015.07.24 08:48:02.271,1.42405,1.42421,1.12,1.00
2015.07.24 08:48:02.474,1.4241,1.42429,1.12,1.12
2015.07.24 08:48:02.576,1.4241,1.4243,1.87,1.00
2015.07.24 08:48:03.113,1.42411,1.4243,1.00,1.00
2015.07.24 08:48:03.663,1.42412,1.4243,1.00,1.00
2015.07.24 08:48:05.424,1.42412,1.42433,1.12,1.50
2015.07.24 08:48:06.237,1.42412,1.42432,1.50,1.00
2015.07.24 08:48:06.913,1.42412,1.42433,1.87,1.37
2015.07.24 08:48:07.332,1.42412,1.42434,1.12,1.37
2015.07.24 08:48:07.998,1.42414,1.42434,1.50,1.37
2015.07.24 08:48:08.507,1.42415,1.42433,1.00,1.12
2015.07.24 08:48:09.030,1.42416,1.42434,1.00,1.50
2015.07.24 08:48:09.647,1.42415,1.42434,1.00,1.37
2015.07.24 08:48:10.155,1.42416,1.42433,1.50,1.37
2015.07.24 08:48:10.512,1.42413,1.42432,2.25,1.00
2015.07.24 08:48:11.376,1.42416,1.42432,1.00,1.00
2015.07.24 08:48:11.935,1.42415,1.42432,1.00,1.00
2015.07.24 08:48:12.444,1.42415,1.42432,1.00,1.50
2015.07.24 08:48:12.598,1.42413,1.42433,1.12,1.87
2015.07.24 08:48:14.156,1.42413,1.42431,1.00,1.37
2015.07.24 08:48:14.207,1.4241,1.42431,1.00,1.37
2015.07.24 08:48:15.193,1.42409,1.42429,1.72,1.37
2015.07.24 08:48:15.708,1.42409,1.42427,1.30,1.00
2015.07.24 08:48:16.216,1.42409,1.4243,1.72,1.87
2015.07.24 08:48:16.471,1.42409,1.4243,2.10,1.87
2015.07.24 08:48:16.880,1.42418,1.42431,1.37,1.00
2015.07.24 08:48:16.931,1.42418,1.42439,2.47,1.00
2015.07.24 08:48:16.982,1.42421,1.42442,1.00,2.25
2015.07.24 08:48:17.288,1.42421,1.42443,1.00,1.12
2015.07.24 08:48:17.685,1.42419,1.42441,1.00,1.37
2015.07.24 08:48:18.694,1.42418,1.42441,1.00,1.87
2015.07.24 08:48:19.207,1.42418,1.42441,1.37,1.87
2015.07.24 08:48:19.694,1.42423,1.42442,1.00,2.25
2015.07.24 08:48:19.745,1.42422,1.42443,1.75,1.00
2015.07.24 08:48:19.797,1.42422,1.42445,1.75,1.87
2015.07.24 08:48:19.949,1.42422,1.42445,1.37,2.25
2015.07.24 08:48:20.051,1.42421,1.42443,1.50,1.37
2015.07.24 08:48:20.154,1.42422,1.42445,1.37,2.62
2015.07.24 08:48:21.319,1.42422,1.42443,1.00,1.37
2015.07.24 08:48:21.522,1.42418,1.4244,1.37,1.12
2015.07.24 08:48:22.563,1.42417,1.4244,1.37,1.50
2015.07.24 08:48:22.622,1.42416,1.42437,2.25,1.00
2015.07.24 08:48:23.524,1.42417,1.42437,1.00,1.00
2015.07.24 08:48:24.044,1.42417,1.42436,1.50,1.00
2015.07.24 08:48:24.557,1.42418,1.42437,1.00,1.00
2015.07.24 08:48:25.325,1.4242,1.42437,1.00,1.00
2015.07.24 08:48:26.086,1.4242,1.42438,1.00,1.50
2015.07.24 08:48:26.845,1.42419,1.42437,1.12,1.00
2015.07.24 08:48:27.352,1.4242,1.42437,1.00,1.00
2015.07.24 08:48:27.859,1.42419,1.42437,1.00,1.00
2015.07.24 08:48:28.900,1.42422,1.42437,1.00,1.00
2015.07.24 08:48:29.003,1.4242,1.42441,2.62,1.00
2015.07.24 08:48:29.054,1.42421,1.42443,2.47,1.12
2015.07.24 08:48:29.207,1.42426,1.42445,1.00,1.12
2015.07.24 08:48:30.152,1.42423,1.42443,1.37,1.00
2015.07.24 08:48:30.204,1.42421,1.42443,1.12,1.00
2015.07.24 08:48:30.306,1.42419,1.42441,3.00,1.12
2015.07.24 08:48:30.611,1.4242,1.42439,1.12,1.12
2015.07.24 08:48:31.240,1.42422,1.42441,1.00,1.87
2015.07.24 08:48:31.293,1.42423,1.42445,1.50,1.50
2015.07.24 08:48:31.349,1.42425,1.42445,1.00,1.50
2015.07.24 08:48:31.656,1.42425,1.42445,1.50,1.50
2015.07.24 08:48:32.165,1.42424,1.42445,2.25,1.00
2015.07.24 08:48:32.646,1.42424,1.42445,1.87,1.00
2015.07.24 08:48:32.857,1.42424,1.42445,1.75,1.00
2015.07.24 08:48:33.368,1.42424,1.42445,1.75,1.00
2015.07.24 08:48:34.222,1.42423,1.4244,1.87,1.00
2015.07.24 08:48:34.376,1.42423,1.42442,1.37,1.00
2015.07.24 08:48:34.480,1.42421,1.42437,1.00,1.00
2015.07.24 08:48:34.824,1.42418,1.42437,1.00,1.00
2015.07.24 08:48:34.926,1.42418,1.42434,1.00,1.00
2015.07.24 08:48:34.977,1.42414,1.42434,1.00,1.00
2015.07.24 08:48:35.245,1.42417,1.42434,1.00,1.00
2015.07.24 08:48:35.347,1.42417,1.42437,1.12,1.00
2015.07.24 08:48:35.805,1.42421,1.42439,1.00,1.50
2015.07.24 08:48:36.009,1.42421,1.42443,1.00,1.37
2015.07.24 08:48:36.060,1.42423,1.42443,1.00,1.00
2015.07.24 08:48:36.443,1.42423,1.42443,1.87,1.00
2015.07.24 08:48:36.748,1.42418,1.42432,1.12,1.00
2015.07.24 08:48:36.952,1.42414,1.42428,1.00,1.00
2015.07.24 08:48:37.003,1.42411,1.42425,1.50,1.00
2015.07.24 08:48:37.309,1.42415,1.42431,1.12,1.37
2015.07.24 08:48:37.700,1.42412,1.42428,2.62,1.00
2015.07.24 08:48:38.359,1.42412,1.42428,2.25,1.00
2015.07.24 08:48:39.621,1.42412,1.42428,2.25,1.00
2015.07.24 08:48:40.129,1.42412,1.42429,3.00,1.00
2015.07.24 08:48:40.957,1.42413,1.42429,1.75,1.00
2015.07.24 08:48:41.366,1.42412,1.42429,1.87,1.00
2015.07.24 08:48:41.417,1.42412,1.42426,1.00,1.00
2015.07.24 08:48:41.774,1.42409,1.42426,1.72,1.00
2015.07.24 08:48:42.733,1.4241,1.42426,1.87,1.00
2015.07.24 08:48:43.019,1.42412,1.42428,1.37,1.00
2015.07.24 08:48:44.472,1.42412,1.42428,1.12,1.00
2015.07.24 08:48:45.769,1.42414,1.42431,1.37,1.00
2015.07.24 08:48:46.501,1.42415,1.4243,1.00,1.00
2015.07.24 08:48:46.808,1.4241,1.42429,1.87,1.00
2015.07.24 08:48:47.012,1.4241,1.42428,1.87,1.00
2015.07.24 08:48:47.470,1.42411,1.42428,1.37,1.00
2015.07.24 08:48:48.134,1.42411,1.4243,1.37,1.00
2015.07.24 08:48:48.439,1.4241,1.42428,1.37,1.00
2015.07.24 08:48:49.039,1.4241,1.42427,1.37,1.00
2015.07.24 08:48:49.795,1.4241,1.42428,1.37,1.00
2015.07.24 08:48:50.167,1.4241,1.4243,1.37,1.00
2015.07.24 08:48:50.320,1.4241,1.42428,1.37,1.00
2015.07.24 08:48:51.378,1.4241,1.42427,1.37,1.00
2015.07.24 08:48:51.957,1.4241,1.42428,1.37,1.00
2015.07.24 08:48:52.465,1.4241,1.42429,1.00,1.00
2015.07.24 08:48:52.770,1.4241,1.42429,1.37,1.00
2015.07.24 08:48:54.376,1.4241,1.42428,1.37,1.00
2015.07.24 08:48:55.235,1.4241,1.42429,2.62,1.00
2015.07.24 08:48:55.743,1.4241,1.42429,2.62,1.00
2015.07.24 08:48:58.466,1.4241,1.4243,1.87,1.00
2015.07.24 08:48:58.988,1.4241,1.42429,1.87,1.00
2015.07.24 08:48:59.626,1.4241,1.4243,2.62,1.00
2015.07.24 08:49:00.261,1.4241,1.42429,2.62,1.00
2015.07.24 08:49:00.612,1.42407,1.42428,3.00,1.37
2015.07.24 08:49:00.673,1.42403,1.42421,2.25,1.00
2015.07.24 08:49:00.978,1.42408,1.4242,1.00,1.00
2015.07.24 08:49:01.486,1.42407,1.4242,1.00,1.00
2015.07.24 08:49:01.903,1.4241,1.42418,1.00,1.00
2015.07.24 08:49:01.955,1.42407,1.4242,1.00,1.00
2015.07.24 08:49:02.008,1.42411,1.4242,1.00,1.00
2015.07.24 08:49:02.060,1.42411,1.42427,1.00,1.00
2015.07.24 08:49:02.574,1.42411,1.42428,1.37,1.00
2015.07.24 08:49:03.092,1.42414,1.42429,1.00,1.00
2015.07.24 08:49:03.626,1.42414,1.4243,1.00,1.00
2015.07.24 08:49:03.930,1.42414,1.42432,1.37,1.00
2015.07.24 08:49:04.496,1.42414,1.42434,1.37,1.37
2015.07.24 08:49:05.036,1.42416,1.42434,1.00,1.00
2015.07.24 08:49:05.547,1.42416,1.42433,1.00,1.00
2015.07.24 08:49:05.844,1.42416,1.4243,1.00,1.00
2015.07.24 08:49:06.353,1.42415,1.4243,1.00,1.00
2015.07.24 08:49:06.862,1.42415,1.42429,1.00,1.00
2015.07.24 08:49:07.400,1.42415,1.4243,1.12,1.00
2015.07.24 08:49:10.761,1.42415,1.42429,1.00,1.00
2015.07.24 08:49:11.120,1.42413,1.42429,1.12,1.00
2015.07.24 08:49:11.878,1.42413,1.42428,1.00,1.00
2015.07.24 08:49:12.399,1.42413,1.42429,1.00,1.12
2015.07.24 08:49:13.066,1.42413,1.42428,1.00,1.00
2015.07.24 08:49:14.071,1.42413,1.42429,1.00,1.12
2015.07.24 08:49:14.224,1.42411,1.42429,1.12,1.12
2015.07.24 08:49:14.276,1.42407,1.42428,1.50,2.62
2015.07.24 08:49:14.379,1.42404,1.4242,1.00,1.00
2015.07.24 08:49:14.430,1.42402,1.4242,1.35,1.00
2015.07.24 08:49:14.481,1.42402,1.42413,1.00,1.00
2015.07.24 08:49:14.583,1.42398,1.42413,1.00,1.00
2015.07.24 08:49:15.256,1.42398,1.42412,1.00,1.00
2015.07.24 08:49:15.307,1.42395,1.42412,1.12,1.00
2015.07.24 08:49:15.410,1.42397,1.42412,1.00,1.00
2015.07.24 08:49:15.512,1.42397,1.42415,1.00,1.00
2015.07.24 08:49:16.030,1.42397,1.42416,1.00,1.12
2015.07.24 08:49:16.532,1.42397,1.42415,1.00,1.00
2015.07.24 08:49:16.583,1.42397,1.42415,1.37,1.00
2015.07.24 08:49:16.888,1.42397,1.42413,1.87,1.00
2015.07.24 08:49:17.417,1.42396,1.42412,1.12,1.00
2015.07.24 08:49:18.054,1.424,1.42414,1.37,1.00
2015.07.24 08:49:18.561,1.42402,1.42413,1.00,1.00
2015.07.24 08:49:20.120,1.42402,1.42414,1.12,1.00
2015.07.24 08:49:20.425,1.42402,1.42416,1.12,1.12
2015.07.24 08:49:21.206,1.42402,1.42414,1.00,1.00
2015.07.24 08:49:21.562,1.42403,1.42416,1.00,1.00
2015.07.24 08:49:22.070,1.42403,1.42417,1.00,1.00
2015.07.24 08:49:23.744,1.42403,1.42418,1.00,1.00
2015.07.24 08:49:23.998,1.42405,1.42417,1.00,1.00
2015.07.24 08:49:24.517,1.42404,1.42418,1.00,1.00
2015.07.24 08:49:24.721,1.42404,1.4242,1.00,1.00
2015.07.24 08:49:25.077,1.42404,1.42418,1.00,1.00
2015.07.24 08:49:25.375,1.42404,1.4242,1.00,1.00
2015.07.24 08:49:25.952,1.42401,1.4242,1.37,1.00
2015.07.24 08:49:26.548,1.42402,1.42418,1.12,1.00
2015.07.24 08:49:26.599,1.42402,1.4242,1.12,1.00
2015.07.24 08:49:26.911,1.42402,1.42418,1.12,1.00
2015.07.24 08:49:27.418,1.42402,1.42419,1.12,1.00
2015.07.24 08:49:28.000,1.42402,1.4242,1.12,1.00
2015.07.24 08:49:28.305,1.42404,1.42419,1.00,1.00
2015.07.24 08:49:28.713,1.42402,1.42421,1.37,1.00
2015.07.24 08:49:29.382,1.42402,1.42419,1.12,1.00
2015.07.24 08:49:31.735,1.42402,1.42419,1.37,1.00
2015.07.24 08:49:32.242,1.42402,1.4242,1.37,1.00
2015.07.24 08:49:32.550,1.42402,1.42422,1.37,1.00
2015.07.24 08:49:33.436,1.42402,1.42422,1.12,1.37
2015.07.24 08:49:33.640,1.42399,1.42418,1.37,1.00
2015.07.24 08:49:34.835,1.42399,1.42419,1.37,1.00
2015.07.24 08:49:35.525,1.42399,1.42418,1.37,1.00
2015.07.24 08:49:36.270,1.42399,1.42419,1.37,1.00
2015.07.24 08:49:37.469,1.42399,1.4242,1.37,1.00
2015.07.24 08:49:41.518,1.42401,1.42422,1.37,1.50
2015.07.24 08:49:42.779,1.42401,1.42423,1.87,1.87
2015.07.24 08:49:43.311,1.42401,1.42422,1.87,1.00
2015.07.24 08:49:43.823,1.42401,1.42423,1.87,1.87
2015.07.24 08:49:44.955,1.42402,1.42423,1.12,1.00
2015.07.24 08:49:45.016,1.42407,1.42428,1.50,1.00
2015.07.24 08:49:45.220,1.42409,1.42428,1.00,1.00
2015.07.24 08:49:45.728,1.42409,1.42429,1.00,1.00
2015.07.24 08:49:45.779,1.42407,1.42429,2.25,1.00
2015.07.24 08:49:46.183,1.42411,1.42432,1.37,1.00
2015.07.24 08:49:46.487,1.42409,1.4243,2.25,1.37
2015.07.24 08:49:46.997,1.42409,1.42429,1.50,1.12
2015.07.24 08:49:47.434,1.42412,1.42432,1.00,1.12
2015.07.24 08:49:47.593,1.42414,1.42435,2.62,1.00
2015.07.24 08:49:47.796,1.42414,1.42436,2.25,1.00
2015.07.24 08:49:48.151,1.42417,1.42438,1.00,1.00
2015.07.24 08:49:48.507,1.42417,1.4244,1.50,1.75
2015.07.24 08:49:49.041,1.42417,1.4244,1.50,1.75
2015.07.24 08:49:50.651,1.42417,1.42436,1.12,1.12
2015.07.24 08:49:50.957,1.42415,1.42438,2.25,1.37
2015.07.24 08:49:51.008,1.42417,1.42439,1.00,1.37
2015.07.24 08:49:51.060,1.42417,1.42439,1.37,1.00
2015.07.24 08:49:51.163,1.42421,1.4244,1.00,1.00
2015.07.24 08:49:51.368,1.42424,1.42446,1.00,1.87
2015.07.24 08:49:51.734,1.42424,1.42446,2.62,1.00
2015.07.24 08:49:51.887,1.42426,1.42449,1.12,1.12
2015.07.24 08:49:51.939,1.42426,1.42449,1.50,1.37
2015.07.24 08:49:52.244,1.42421,1.42442,5.62,1.37
2015.07.24 08:49:52.544,1.42421,1.42442,1.12,1.37
2015.07.24 08:49:53.105,1.42421,1.42439,1.12,1.00
2015.07.24 08:49:53.409,1.42421,1.42442,1.37,1.37
2015.07.24 08:49:55.100,1.42421,1.42443,1.87,1.87
2015.07.24 08:49:55.616,1.42422,1.42443,1.37,1.00
2015.07.24 08:49:56.658,1.42422,1.42444,1.37,1.37
2015.07.24 08:49:56.760,1.42424,1.42445,1.37,1.12
2015.07.24 08:49:56.862,1.42425,1.42448,1.37,1.87
2015.07.24 08:49:57.935,1.42428,1.42449,1.37,1.87
2015.07.24 08:49:58.687,1.42428,1.42449,1.12,1.37
2015.07.24 08:49:59.371,1.42428,1.42449,1.12,1.12
2015.07.24 08:50:00.205,1.42429,1.42449,1.00,1.12
2015.07.24 08:50:00.873,1.42428,1.42449,1.12,1.12
2015.07.24 08:50:01.633,1.42427,1.4245,1.37,1.50
2015.07.24 08:50:01.938,1.42424,1.42447,1.87,2.25
2015.07.24 08:50:02.454,1.42423,1.42445,1.37,1.37
2015.07.24 08:50:03.790,1.42426,1.42446,1.72,1.00
2015.07.24 08:50:04.095,1.42428,1.4245,1.50,1.37
2015.07.24 08:50:04.608,1.42428,1.42451,1.50,1.50
2015.07.24 08:50:06.822,1.42427,1.42449,1.87,1.00
2015.07.24 08:50:07.370,1.42427,1.42448,1.87,1.00
2015.07.24 08:50:07.919,1.42427,1.42449,1.87,1.00
2015.07.24 08:50:13.563,1.42426,1.42447,2.25,1.00
2015.07.24 08:50:14.262,1.42426,1.42447,1.50,1.00
2015.07.24 08:50:14.549,1.42426,1.42445,1.50,1.12
2015.07.24 08:50:15.057,1.42422,1.42444,1.87,1.00
2015.07.24 08:50:15.800,1.42422,1.42444,1.87,1.37
2015.07.24 08:50:16.756,1.42422,1.42444,1.87,1.12
2015.07.24 08:50:17.449,1.42422,1.42445,1.87,1.87
2015.07.24 08:50:17.755,1.4242,1.42442,1.50,1.50
2015.07.24 08:50:18.062,1.42413,1.42434,1.87,1.50
2015.07.24 08:50:18.425,1.42411,1.42434,1.37,2.62
2015.07.24 08:50:18.477,1.42412,1.42434,1.00,1.12
2015.07.24 08:50:19.342,1.42412,1.42436,1.00,1.87
2015.07.24 08:50:19.863,1.42413,1.42434,1.12,1.87
2015.07.24 08:50:20.372,1.42412,1.42431,1.37,1.00
2015.07.24 08:50:21.320,1.42412,1.42433,1.37,1.50
2015.07.24 08:50:22.186,1.42412,1.42433,1.12,1.50
2015.07.24 08:50:24.575,1.42412,1.42434,1.37,1.12
2015.07.24 08:50:24.882,1.42415,1.42437,1.37,1.50
2015.07.24 08:50:24.985,1.42417,1.42438,1.37,1.50
2015.07.24 08:50:25.862,1.42417,1.42439,1.37,1.37
2015.07.24 08:50:26.372,1.42418,1.4244,1.37,1.75
2015.07.24 08:50:26.677,1.42417,1.42438,1.87,1.00
2015.07.24 08:50:27.228,1.42418,1.4244,1.37,1.75
2015.07.24 08:50:30.857,1.4242,1.42442,1.12,1.87
2015.07.24 08:50:31.376,1.42421,1.42443,1.00,1.50
2015.07.24 08:50:33.226,1.42421,1.42443,1.12,1.75
2015.07.24 08:50:34.624,1.4242,1.4244,1.12,1.12
2015.07.24 08:50:35.162,1.42421,1.4244,1.00,1.12
2015.07.24 08:50:37.737,1.42417,1.4244,1.50,1.37
2015.07.24 08:50:38.143,1.42417,1.4244,1.50,1.12
2015.07.24 08:50:38.704,1.4242,1.4244,1.00,1.12
2015.07.24 08:50:40.449,1.4242,1.42439,1.00,1.12
2015.07.24 08:50:40.951,1.42418,1.42439,1.37,1.50
2015.07.24 08:50:41.498,1.42417,1.42439,1.37,1.50
2015.07.24 08:50:41.702,1.4242,1.42439,1.00,1.00
2015.07.24 08:50:42.251,1.42421,1.42441,1.00,1.50
2015.07.24 08:50:42.885,1.42421,1.42441,1.00,1.50
2015.07.24 08:50:45.856,1.4242,1.42441,1.12,1.50
2015.07.24 08:50:46.168,1.4242,1.42439,1.00,1.12
2015.07.24 08:50:46.937,1.42419,1.42439,1.12,1.12
2015.07.24 08:50:49.022,1.42419,1.42439,1.00,1.37
2015.07.24 08:50:49.974,1.42419,1.42439,1.12,1.12
2015.07.24 08:50:50.391,1.42418,1.42437,1.00,1.00
2015.07.24 08:50:51.728,1.42417,1.42437,1.00,1.00
2015.07.24 08:50:54.591,1.42421,1.42439,1.00,1.37
2015.07.24 08:50:55.495,1.4242,1.42439,1.00,1.37
2015.07.24 08:50:55.996,1.42419,1.42438,1.00,1.37
2015.07.24 08:50:56.493,1.42421,1.42438,1.00,1.37
2015.07.24 08:50:57.000,1.42421,1.42438,1.00,1.37
2015.07.24 08:50:57.951,1.42421,1.42438,1.00,1.37
2015.07.24 08:50:58.155,1.42415,1.42438,1.50,1.37
2015.07.24 08:50:58.206,1.42415,1.42433,1.00,1.37
2015.07.24 08:50:58.360,1.42412,1.42432,1.00,1.12
2015.07.24 08:50:58.970,1.42411,1.42432,1.00,1.87
2015.07.24 08:50:59.250,1.42411,1.4243,1.00,1.75
2015.07.24 08:50:59.759,1.42411,1.42431,1.00,2.25
2015.07.24 08:51:00.225,1.42409,1.42431,1.00,2.62
2015.07.24 08:51:00.960,1.42407,1.42427,1.00,1.37
2015.07.24 08:51:01.468,1.42407,1.42428,1.00,1.87
2015.07.24 08:51:01.570,1.42407,1.42427,1.00,1.37
2015.07.24 08:51:03.215,1.42408,1.42427,1.00,1.37
2015.07.24 08:51:04.631,1.42411,1.42428,1.00,1.37
2015.07.24 08:51:05.243,1.42411,1.42428,1.00,1.12
2015.07.24 08:51:08.094,1.42411,1.42429,1.00,1.12
2015.07.24 08:51:09.280,1.42411,1.42429,1.00,1.37
2015.07.24 08:51:10.121,1.42409,1.42429,1.00,1.37
2015.07.24 08:51:11.377,1.42409,1.42427,1.00,1.00
2015.07.24 08:51:13.531,1.42409,1.42429,1.00,1.87
2015.07.24 08:51:13.684,1.42411,1.42429,1.00,1.87
2015.07.24 08:51:13.786,1.42411,1.4243,1.00,1.37
2015.07.24 08:51:14.091,1.42413,1.4243,1.00,1.37
2015.07.24 08:51:14.396,1.42411,1.42432,1.00,1.87
2015.07.24 08:51:14.907,1.42412,1.42432,1.00,1.87
2015.07.24 08:51:15.503,1.42413,1.42432,1.00,1.12
2015.07.24 08:51:16.051,1.42412,1.42432,1.00,1.12
2015.07.24 08:51:16.595,1.42412,1.42433,1.00,1.37
2015.07.24 08:51:16.696,1.42414,1.42433,1.00,1.37
2015.07.24 08:51:17.247,1.42415,1.42433,1.00,1.37
2015.07.24 08:51:18.064,1.42412,1.42434,1.00,1.37
2015.07.24 08:51:18.587,1.42416,1.42433,1.00,1.37
2015.07.24 08:51:18.638,1.42414,1.42435,1.00,2.25
2015.07.24 08:51:18.740,1.42412,1.42435,1.00,2.25
2015.07.24 08:51:19.118,1.42412,1.42433,1.00,1.37
2015.07.24 08:51:19.482,1.42414,1.42435,1.00,2.62
2015.07.24 08:51:20.069,1.42413,1.42432,1.00,1.37
2015.07.24 08:51:20.121,1.42411,1.42432,1.00,1.37
2015.07.24 08:51:20.225,1.42408,1.42427,1.50,1.37
2015.07.24 08:51:20.379,1.42403,1.42426,1.12,1.12
2015.07.24 08:51:20.430,1.42405,1.42426,1.00,1.12
2015.07.24 08:51:20.482,1.42403,1.42425,1.00,1.12
2015.07.24 08:51:21.682,1.42402,1.42424,1.00,1.87
2015.07.24 08:51:22.038,1.42402,1.42423,1.00,1.50
2015.07.24 08:51:26.757,1.42402,1.42423,1.00,1.87
2015.07.24 08:51:26.862,1.424,1.42423,1.00,1.87
2015.07.24 08:51:27.602,1.424,1.42422,1.00,1.00
2015.07.24 08:51:27.959,1.424,1.42423,1.12,1.87
2015.07.24 08:51:30.403,1.424,1.42423,1.00,2.25
2015.07.24 08:51:30.556,1.42398,1.42418,1.50,1.37
2015.07.24 08:51:31.147,1.42396,1.42417,1.00,1.37
2015.07.24 08:51:32.135,1.42397,1.4242,1.12,2.25
2015.07.24 08:51:32.187,1.42397,1.42419,1.37,1.00
2015.07.24 08:51:32.732,1.42397,1.42419,1.37,1.50
2015.07.24 08:51:33.390,1.42397,1.4242,1.37,1.37
2015.07.24 08:51:34.991,1.424,1.4242,1.00,1.37
2015.07.24 08:51:35.692,1.424,1.4242,1.00,1.00
2015.07.24 08:51:37.101,1.42399,1.42422,1.12,3.00
2015.07.24 08:51:37.407,1.42395,1.42417,1.37,1.50
2015.07.24 08:51:37.915,1.42395,1.42417,1.12,3.00
2015.07.24 08:51:42.603,1.42395,1.42417,1.12,1.50
2015.07.24 08:51:43.132,1.42396,1.42417,1.00,1.50
2015.07.24 08:51:45.423,1.42393,1.42416,1.87,1.12
2015.07.24 08:51:48.311,1.42393,1.42416,1.87,1.37
2015.07.24 08:51:49.114,1.42393,1.42417,1.87,1.50
2015.07.24 08:51:49.318,1.42393,1.42417,1.87,1.50
2015.07.24 08:51:51.846,1.42393,1.42416,1.37,1.37
2015.07.24 08:51:52.353,1.42392,1.42415,1.50,1.37
2015.07.24 08:52:00.695,1.42394,1.42416,1.37,1.50
2015.07.24 08:52:00.796,1.42396,1.42417,1.37,1.87
2015.07.24 08:52:01.515,1.42396,1.42418,1.37,1.37
2015.07.24 08:52:01.980,1.42397,1.42419,1.37,1.00
2015.07.24 08:52:05.008,1.42402,1.42423,1.37,1.50
2015.07.24 08:52:05.522,1.42402,1.42425,1.87,1.37
2015.07.24 08:52:07.522,1.42404,1.42425,1.12,1.37
2015.07.24 08:52:07.808,1.42404,1.42425,1.12,1.12
2015.07.24 08:52:08.432,1.42404,1.42425,1.12,1.37
2015.07.24 08:52:11.421,1.42402,1.42426,1.37,2.25
2015.07.24 08:52:11.726,1.42402,1.42423,1.00,1.50
2015.07.24 08:52:12.484,1.42407,1.42425,1.00,1.50
2015.07.24 08:52:12.535,1.42407,1.42427,1.00,1.50
2015.07.24 08:52:12.738,1.42407,1.42425,1.00,1.00
2015.07.24 08:52:13.252,1.42406,1.42425,1.00,1.00
2015.07.24 08:52:13.706,1.42404,1.42425,1.50,1.00
2015.07.24 08:52:14.385,1.42404,1.42425,1.00,1.37
2015.07.24 08:52:15.271,1.42404,1.42426,1.00,1.50
2015.07.24 08:52:15.847,1.42404,1.42424,1.50,1.00
2015.07.24 08:52:18.206,1.42404,1.42425,1.50,1.12
2015.07.24 08:52:19.703,1.42404,1.42424,1.87,1.00
2015.07.24 08:52:20.296,1.42404,1.42425,1.87,1.12
2015.07.24 08:52:21.643,1.42406,1.42427,1.00,1.87
2015.07.24 08:52:26.675,1.42406,1.42426,1.12,1.00
2015.07.24 08:52:28.573,1.42407,1.42426,1.00,1.00
2015.07.24 08:52:29.076,1.42411,1.42431,1.00,1.37
2015.07.24 08:52:29.128,1.42413,1.42434,1.12,2.62
2015.07.24 08:52:29.637,1.42414,1.42434,1.00,1.50
2015.07.24 08:52:34.435,1.42413,1.42433,1.12,1.00
2015.07.24 08:52:34.830,1.42413,1.42431,1.00,1.00
2015.07.24 08:52:34.932,1.42409,1.42429,1.35,1.12
2015.07.24 08:52:35.085,1.42406,1.42428,1.37,1.37
2015.07.24 08:52:35.595,1.42405,1.42428,2.25,1.37
2015.07.24 08:52:36.542,1.42406,1.42429,1.50,1.00
2015.07.24 08:52:36.644,1.42407,1.4243,1.37,1.87
2015.07.24 08:52:37.304,1.42405,1.4243,3.00,2.62
2015.07.24 08:52:37.355,1.42405,1.4243,2.25,2.25
2015.07.24 08:52:37.457,1.42405,1.4243,1.87,1.87
2015.07.24 08:52:38.020,1.42408,1.4243,1.00,1.12
2015.07.24 08:52:38.324,1.42413,1.42435,1.12,1.12
2015.07.24 08:52:38.771,1.42414,1.42434,1.00,1.37
2015.07.24 08:52:38.822,1.42412,1.42433,1.00,1.12
2015.07.24 08:52:39.329,1.42412,1.42436,1.50,2.25
2015.07.24 08:52:40.080,1.42412,1.42436,2.25,2.62
2015.07.24 08:52:40.338,1.42412,1.42436,2.25,2.62
2015.07.24 08:52:41.272,1.42414,1.42436,1.87,1.00
2015.07.24 08:52:42.108,1.42428,1.42439,1.00,1.00
2015.07.24 08:52:42.160,1.42428,1.42452,1.00,1.12
2015.07.24 08:52:42.695,1.42428,1.42451,1.00,1.00
2015.07.24 08:52:43.050,1.42429,1.42447,1.00,1.00
2015.07.24 08:52:43.377,1.42424,1.42447,1.87,1.87
2015.07.24 08:52:43.530,1.42426,1.42447,1.37,1.00
2015.07.24 08:52:43.734,1.42428,1.42451,1.00,2.25
2015.07.24 08:52:44.243,1.42428,1.42451,1.00,1.87
2015.07.24 08:52:44.751,1.42427,1.4245,3.00,1.12
2015.07.24 08:52:45.261,1.42427,1.4245,2.62,1.50
2015.07.24 08:52:46.137,1.42427,1.4245,3.37,1.50
2015.07.24 08:52:46.619,1.42427,1.42449,1.37,1.12
2015.07.24 08:52:47.168,1.42427,1.42449,1.87,1.00
2015.07.24 08:52:47.718,1.42427,1.4245,2.62,1.50
2015.07.24 08:52:50.208,1.42427,1.4245,1.87,1.50
2015.07.24 08:52:50.513,1.42427,1.4245,1.87,2.25
2015.07.24 08:52:50.615,1.42425,1.42445,1.37,1.37
2015.07.24 08:52:50.717,1.42424,1.42443,1.12,1.37
2015.07.24 08:52:51.342,1.42424,1.42442,1.00,1.12
2015.07.24 08:52:51.393,1.42422,1.42442,1.00,1.12
2015.07.24 08:52:53.440,1.42422,1.42442,1.37,1.75
2015.07.24 08:52:54.798,1.42422,1.42443,1.37,1.00
2015.07.24 08:52:54.850,1.42423,1.42445,1.00,2.25
2015.07.24 08:52:54.952,1.4242,1.4244,1.72,1.00
2015.07.24 08:52:55.257,1.42419,1.42442,1.00,2.62
2015.07.24 08:52:55.824,1.42418,1.42439,1.00,1.12
2015.07.24 08:53:01.106,1.42416,1.42439,2.62,1.87
2015.07.24 08:53:01.618,1.42416,1.42439,2.62,1.87
2015.07.24 08:53:01.670,1.42416,1.42438,1.00,1.50
2015.07.24 08:53:01.874,1.42414,1.42437,1.87,1.37
2015.07.24 08:53:01.976,1.42414,1.42437,1.50,1.87
2015.07.24 08:53:02.651,1.42413,1.42435,1.12,1.50
2015.07.24 08:53:03.601,1.42413,1.42435,1.87,1.50
2015.07.24 08:53:04.009,1.42417,1.42437,1.37,1.00
2015.07.24 08:53:04.548,1.42419,1.42441,1.12,1.75
2015.07.24 08:53:06.688,1.42418,1.4244,1.00,1.50
2015.07.24 08:53:06.993,1.42418,1.42436,1.00,1.00
2015.07.24 08:53:09.058,1.42417,1.42438,1.37,1.12
2015.07.24 08:53:13.103,1.42417,1.42441,1.12,1.87
2015.07.24 08:53:15.133,1.42417,1.42441,1.37,1.12
2015.07.24 08:53:16.612,1.42417,1.42442,1.87,2.62
2015.07.24 08:53:17.120,1.42418,1.42441,1.50,1.37
2015.07.24 08:53:18.833,1.42418,1.4244,1.00,1.37
2015.07.24 08:53:19.778,1.42415,1.42438,1.87,1.37
2015.07.24 08:53:20.355,1.42415,1.42437,1.37,1.37
2015.07.24 08:53:20.610,1.42407,1.4243,1.50,1.12
2015.07.24 08:53:21.121,1.42406,1.42429,1.87,1.00
2015.07.24 08:53:21.173,1.4241,1.42429,1.00,1.00
2015.07.24 08:53:21.530,1.42407,1.42432,2.25,2.62
2015.07.24 08:53:22.157,1.42408,1.42431,1.12,1.87
2015.07.24 08:53:22.208,1.42408,1.42431,1.12,1.87
2015.07.24 08:53:22.759,1.42409,1.42431,1.00,1.12
2015.07.24 08:53:24.445,1.42408,1.42431,1.87,1.50
2015.07.24 08:53:25.003,1.42409,1.42432,1.50,1.87
2015.07.24 08:53:25.371,1.42417,1.42434,1.00,1.75
2015.07.24 08:53:25.424,1.42417,1.42437,1.12,1.00
2015.07.24 08:53:25.832,1.42418,1.42441,1.12,1.87
2015.07.24 08:53:26.732,1.42418,1.42441,1.00,1.50
2015.07.24 08:53:27.234,1.42417,1.42439,2.25,1.37
2015.07.24 08:53:27.765,1.42417,1.42439,1.87,1.87
2015.07.24 08:53:28.392,1.42418,1.42439,1.00,1.37
2015.07.24 08:53:28.901,1.42417,1.42438,1.00,1.12
2015.07.24 08:53:29.410,1.42416,1.42439,1.87,2.62
2015.07.24 08:53:31.370,1.42416,1.42439,1.87,1.12
2015.07.24 08:53:31.843,1.4242,1.42442,1.50,1.37
2015.07.24 08:53:31.945,1.4242,1.42442,1.50,1.12
2015.07.24 08:53:32.459,1.42421,1.42442,1.87,1.00
2015.07.24 08:53:32.764,1.42421,1.42442,1.00,1.37
2015.07.24 08:53:33.274,1.42418,1.42441,2.62,1.37
2015.07.24 08:53:33.780,1.42421,1.42442,1.00,2.62
2015.07.24 08:53:33.832,1.42421,1.42442,1.00,2.62
2015.07.24 08:53:34.339,1.4242,1.42442,1.12,3.37
2015.07.24 08:53:36.289,1.4242,1.42442,1.87,2.25
2015.07.24 08:53:36.704,1.42422,1.42442,1.00,1.12
2015.07.24 08:53:37.029,1.42427,1.42442,1.37,1.12
2015.07.24 08:53:37.132,1.42427,1.42449,1.12,1.50
2015.07.24 08:53:37.749,1.42429,1.42451,1.87,2.62
2015.07.24 08:53:37.803,1.42434,1.42454,1.00,1.12
2015.07.24 08:53:38.570,1.42434,1.42454,1.37,1.50
2015.07.24 08:53:39.102,1.42434,1.42454,1.87,1.50
2015.07.24 08:53:39.613,1.42435,1.42455,1.12,1.37
2015.07.24 08:53:40.123,1.42435,1.42457,1.12,1.50
2015.07.24 08:53:41.491,1.42436,1.42457,1.00,1.50
2015.07.24 08:53:42.147,1.42435,1.42457,1.12,1.50
2015.07.24 08:53:43.075,1.42441,1.42457,1.00,1.12
2015.07.24 08:53:43.126,1.42438,1.42457,1.00,1.12
2015.07.24 08:53:43.177,1.42439,1.42457,1.37,1.12
2015.07.24 08:53:43.280,1.42442,1.42463,1.00,1.87
2015.07.24 08:53:43.331,1.42442,1.42464,1.00,2.62
2015.07.24 08:53:43.382,1.4244,1.42463,1.00,1.87
2015.07.24 08:53:43.819,1.4244,1.42463,1.00,3.37
2015.07.24 08:53:43.921,1.42438,1.42461,1.50,1.50
2015.07.24 08:53:44.226,1.4244,1.42462,1.50,1.12
2015.07.24 08:53:44.328,1.4244,1.42463,1.50,1.50
2015.07.24 08:53:44.379,1.42442,1.42463,1.00,1.00
2015.07.24 08:53:45.000,1.42443,1.42465,1.12,1.12
2015.07.24 08:53:46.665,1.42442,1.42465,1.00,2.62
2015.07.24 08:53:47.432,1.42441,1.42463,1.00,1.37
2015.07.24 08:53:50.717,1.4244,1.42463,1.50,1.87
2015.07.24 08:53:52.526,1.4244,1.42461,1.50,1.37
2015.07.24 08:53:54.479,1.42441,1.42461,1.00,1.37
2015.07.24 08:53:55.229,1.4244,1.42461,1.00,1.37
2015.07.24 08:53:55.889,1.4244,1.42459,1.50,1.00
2015.07.24 08:53:56.402,1.42438,1.42457,1.00,1.37
2015.07.24 08:53:56.454,1.42436,1.42455,1.00,1.12
2015.07.24 08:53:56.976,1.42435,1.42455,1.00,1.37
2015.07.24 08:53:57.646,1.42431,1.42449,1.12,1.00
2015.07.24 08:53:57.800,1.42428,1.42451,1.50,2.62
2015.07.24 08:53:57.902,1.4243,1.42451,1.00,1.87
2015.07.24 08:53:58.005,1.42428,1.42451,2.25,1.87
2015.07.24 08:53:58.107,1.4243,1.42451,1.00,1.37
2015.07.24 08:53:58.654,1.4243,1.42451,1.87,1.37
2015.07.24 08:53:59.443,1.42431,1.42453,1.00,3.00
2015.07.24 08:53:59.950,1.42431,1.42453,1.87,2.62
2015.07.24 08:54:00.524,1.42432,1.42454,1.00,2.25
2015.07.24 08:54:00.842,1.42434,1.42453,1.00,1.50
2015.07.24 08:54:01.350,1.42434,1.42455,1.12,1.37
2015.07.24 08:54:02.202,1.42434,1.42455,1.12,1.12
2015.07.24 08:54:02.875,1.42435,1.42456,1.12,1.50
2015.07.24 08:54:03.793,1.42436,1.42459,1.00,1.50
2015.07.24 08:54:04.108,1.42436,1.42455,1.00,1.37
2015.07.24 08:54:04.210,1.42434,1.42455,1.50,1.37
2015.07.24 08:54:04.465,1.42437,1.42457,1.00,1.37
2015.07.24 08:54:06.144,1.42435,1.42457,1.50,1.37
2015.07.24 08:54:07.305,1.42435,1.42454,1.00,1.12
2015.07.24 08:54:07.825,1.42435,1.42453,1.00,1.00
2015.07.24 08:54:10.884,1.42434,1.42453,1.50,1.00
2015.07.24 08:54:11.723,1.42436,1.42453,1.00,1.00
2015.07.24 08:54:12.089,1.42434,1.42451,1.50,1.00
2015.07.24 08:54:12.394,1.4243,1.42447,1.00,1.00
2015.07.24 08:54:13.087,1.42427,1.42444,1.00,1.00
2015.07.24 08:54:13.138,1.42427,1.42446,1.00,1.12
2015.07.24 08:54:13.497,1.42429,1.42446,1.00,1.00
2015.07.24 08:54:13.650,1.42427,1.42446,1.87,1.00
2015.07.24 08:54:13.955,1.42427,1.42444,1.12,1.00
2015.07.24 08:54:14.574,1.42426,1.42444,1.00,1.00
2015.07.24 08:54:15.003,1.42429,1.42443,1.00,1.00
2015.07.24 08:54:15.208,1.42425,1.42441,3.00,1.00
2015.07.24 08:54:15.741,1.42425,1.42441,1.12,1.00
2015.07.24 08:54:16.606,1.42424,1.42439,1.00,1.00
2015.07.24 08:54:17.332,1.42424,1.42441,1.50,1.00
2015.07.24 08:54:19.019,1.42426,1.42441,1.00,1.00
2015.07.24 08:54:19.228,1.42424,1.42441,1.50,1.00
2015.07.24 08:54:20.693,1.42424,1.42442,1.50,1.00
2015.07.24 08:54:20.744,1.42428,1.42443,1.00,1.00
2015.07.24 08:54:20.846,1.42429,1.42446,1.00,1.12
2015.07.24 08:54:21.839,1.42429,1.42448,1.00,1.00
2015.07.24 08:54:21.891,1.42429,1.42446,1.00,1.00
2015.07.24 08:54:22.399,1.4243,1.42446,1.00,1.00
2015.07.24 08:54:22.879,1.42435,1.42447,1.35,1.00
2015.07.24 08:54:22.932,1.42435,1.42451,2.47,1.50
2015.07.24 08:54:23.137,1.42438,1.42454,1.00,1.00
2015.07.24 08:54:23.650,1.42436,1.42454,1.50,1.12
2015.07.24 08:54:23.701,1.42436,1.42449,1.00,1.00
2015.07.24 08:54:23.804,1.42432,1.42449,1.00,1.00
2015.07.24 08:54:24.314,1.42431,1.42449,1.87,1.00
2015.07.24 08:54:25.049,1.42437,1.42449,1.00,1.00
2015.07.24 08:54:29.169,1.42437,1.42448,1.00,1.00
2015.07.24 08:54:30.105,1.42437,1.42449,1.00,1.00
2015.07.24 08:54:32.405,1.42437,1.42446,1.00,1.00
2015.07.24 08:54:32.457,1.42434,1.42446,1.00,1.00
2015.07.24 08:54:32.954,1.42434,1.42444,1.00,1.00
2015.07.24 08:54:36.340,1.4243,1.42444,1.00,1.00
2015.07.24 08:54:40.659,1.42428,1.42444,1.00,1.12
2015.07.24 08:54:42.355,1.42428,1.42444,1.00,1.87
2015.07.24 08:54:42.457,1.42428,1.42441,1.00,1.00
2015.07.24 08:54:44.392,1.42428,1.42443,1.00,1.12
2015.07.24 08:54:44.747,1.42428,1.42445,1.00,1.00
2015.07.24 08:54:45.267,1.42428,1.42448,1.12,2.25
2015.07.24 08:54:45.775,1.42428,1.42445,1.00,1.00
2015.07.24 08:54:46.482,1.42428,1.42445,1.00,1.50
2015.07.24 08:54:48.674,1.42428,1.42445,1.00,1.50
2015.07.24 08:54:57.631,1.42428,1.42446,1.00,1.87
2015.07.24 08:54:58.138,1.42428,1.42446,1.00,1.87
2015.07.24 08:54:58.733,1.42426,1.42446,1.50,1.87
2015.07.24 08:54:59.242,1.42426,1.42446,1.00,1.87
2015.07.24 08:55:11.601,1.42426,1.42445,1.00,1.37
2015.07.24 08:55:11.754,1.42426,1.42442,1.00,1.37
2015.07.24 08:55:12.214,1.42421,1.4244,1.00,1.00
2015.07.24 08:55:12.721,1.42421,1.42439,1.00,1.00
2015.07.24 08:55:13.129,1.42421,1.42438,1.00,1.50
2015.07.24 08:55:13.689,1.42421,1.42438,1.00,1.87
2015.07.24 08:55:17.387,1.42421,1.4244,1.00,1.50
2015.07.24 08:55:19.683,1.42421,1.4244,1.12,1.50
2015.07.24 08:55:19.734,1.42421,1.42438,1.50,1.00
2015.07.24 08:55:19.786,1.42421,1.42441,1.50,1.37
2015.07.24 08:55:20.429,1.42422,1.42441,1.12,1.12
2015.07.24 08:55:20.965,1.42421,1.42443,3.00,1.87
2015.07.24 08:55:22.087,1.42421,1.42441,2.62,1.00
2015.07.24 08:55:22.819,1.42421,1.42443,3.00,1.87
2015.07.24 08:55:23.513,1.42421,1.42443,3.00,1.87
2015.07.24 08:55:23.716,1.42423,1.42443,1.00,1.00
2015.07.24 08:55:24.253,1.42424,1.42443,1.00,1.00
2015.07.24 08:55:25.048,1.42423,1.42444,1.87,1.12
2015.07.24 08:55:25.353,1.42426,1.42446,1.00,1.87
2015.07.24 08:55:25.658,1.42426,1.42445,1.00,1.37
2015.07.24 08:55:25.709,1.42426,1.42446,1.00,1.87
2015.07.24 08:55:26.348,1.42426,1.42446,1.00,1.87
2015.07.24 08:55:27.035,1.42426,1.42446,1.87,1.12
2015.07.24 08:55:27.137,1.42428,1.42449,1.12,1.37
2015.07.24 08:55:27.441,1.42431,1.42449,1.00,1.37
2015.07.24 08:55:28.526,1.42431,1.42451,1.00,1.50
2015.07.24 08:55:28.831,1.42434,1.42452,1.00,1.12
2015.07.24 08:55:29.306,1.42437,1.42454,1.00,1.00
2015.07.24 08:55:33.759,1.42437,1.42456,1.00,1.50
2015.07.24 08:55:34.354,1.42437,1.42456,1.00,1.50
2015.07.24 08:55:37.146,1.42437,1.42453,1.00,1.00
2015.07.24 08:55:37.300,1.42434,1.42452,1.00,1.00
2015.07.24 08:55:37.402,1.42433,1.4245,1.50,1.00
2015.07.24 08:55:38.084,1.42434,1.4245,1.00,1.00
2015.07.24 08:55:38.135,1.42431,1.4245,1.00,1.00
2015.07.24 08:55:43.513,1.42431,1.42449,1.00,1.00
2015.07.24 08:55:46.603,1.42431,1.42448,1.00,1.12
2015.07.24 08:55:46.756,1.42429,1.42448,1.00,1.75
2015.07.24 08:55:47.266,1.42429,1.42444,1.00,1.00
2015.07.24 08:55:48.832,1.42429,1.42446,1.00,1.50
2015.07.24 08:55:57.145,1.42431,1.42449,1.00,1.00
2015.07.24 08:55:57.735,1.42432,1.42451,1.00,1.12
2015.07.24 08:55:58.587,1.42433,1.42456,1.00,3.00
2015.07.24 08:55:58.998,1.42437,1.42456,1.00,1.12
2015.07.24 08:55:59.254,1.42437,1.42456,1.00,1.00
2015.07.24 08:55:59.610,1.42439,1.42459,1.00,1.12
2015.07.24 08:56:00.591,1.42437,1.4246,1.87,1.75
2015.07.24 08:56:00.947,1.42437,1.4246,1.50,1.87
2015.07.24 08:56:07.480,1.4244,1.4246,1.00,2.62
2015.07.24 08:56:07.993,1.4244,1.42461,1.00,2.25
2015.07.24 08:56:10.489,1.4244,1.42461,1.00,1.87
2015.07.24 08:56:15.586,1.4244,1.42463,2.62,1.87
2015.07.24 08:56:16.582,1.4244,1.42459,2.62,1.00
2015.07.24 08:56:30.025,1.4244,1.42463,2.62,1.87
2015.07.24 08:56:30.534,1.42441,1.42461,1.00,1.00
2015.07.24 08:56:31.318,1.42442,1.42461,1.00,1.00
2015.07.24 08:56:32.368,1.42442,1.42465,1.00,2.25
2015.07.24 08:56:33.025,1.42442,1.42465,1.00,2.62
2015.07.24 08:56:33.654,1.42442,1.42465,1.87,2.25
2015.07.24 08:56:34.161,1.42443,1.42465,1.12,1.75
2015.07.24 08:56:34.825,1.42443,1.42465,1.12,1.50
2015.07.24 08:56:35.385,1.42443,1.42465,1.50,1.50
2015.07.24 08:56:36.800,1.42445,1.42466,1.00,3.00
2015.07.24 08:56:37.207,1.42442,1.42463,1.12,1.50
2015.07.24 08:56:38.468,1.42443,1.42463,1.37,1.00
2015.07.24 08:56:38.571,1.42446,1.42468,1.12,1.50
2015.07.24 08:56:39.080,1.42446,1.42468,1.50,1.50
2015.07.24 08:56:43.617,1.42446,1.42468,1.50,1.37
2015.07.24 08:56:57.215,1.42445,1.42465,1.00,1.75
2015.07.24 08:56:57.267,1.42439,1.4246,1.12,1.87
2015.07.24 08:56:57.323,1.42439,1.42458,1.00,1.37
2015.07.24 08:56:57.579,1.42436,1.42454,1.00,1.00
2015.07.24 08:56:58.915,1.42436,1.42456,1.00,1.75
2015.07.24 08:57:02.452,1.42436,1.42456,1.12,1.50
2015.07.24 08:57:02.980,1.42436,1.42456,1.37,1.00
2015.07.24 08:57:03.486,1.42436,1.42456,1.00,1.00
2015.07.24 08:57:06.796,1.42436,1.42458,1.00,1.50
2015.07.24 08:57:13.035,1.42437,1.4246,1.00,4.50
2015.07.24 08:57:13.086,1.42437,1.42457,1.12,1.00
2015.07.24 08:57:15.514,1.42437,1.4246,1.87,3.37
2015.07.24 08:57:16.022,1.42439,1.42461,1.12,1.50
2015.07.24 08:57:16.381,1.42443,1.42462,1.37,1.00
2015.07.24 08:57:16.448,1.42444,1.42466,1.87,2.25
2015.07.24 08:57:16.962,1.42446,1.42468,1.50,3.00
2015.07.24 08:57:17.677,1.42446,1.42466,1.50,1.00
2015.07.24 08:57:20.285,1.42448,1.4247,1.87,1.12
2015.07.24 08:57:20.801,1.42449,1.42469,3.37,1.00
2015.07.24 08:57:21.938,1.42449,1.42472,1.37,1.75
2015.07.24 08:57:22.446,1.42451,1.4247,1.00,1.00
2015.07.24 08:57:23.480,1.42449,1.4247,1.50,1.37
2015.07.24 08:57:23.828,1.42449,1.4247,2.25,1.37
2015.07.24 08:57:25.374,1.42449,1.42469,1.87,1.50
2015.07.24 08:57:25.527,1.42449,1.42469,1.12,1.50
2015.07.24 08:57:25.578,1.42449,1.42469,1.50,1.12
2015.07.24 08:57:25.883,1.42449,1.42469,1.87,1.50
2015.07.24 08:57:25.985,1.42449,1.42468,1.87,1.12
2015.07.24 08:57:26.346,1.42448,1.42458,1.12,1.00
2015.07.24 08:57:26.398,1.42439,1.42458,1.12,1.00
2015.07.24 08:57:26.451,1.42439,1.42462,1.12,2.25
2015.07.24 08:57:26.980,1.42439,1.4246,1.12,1.00
2015.07.24 08:57:27.587,1.42439,1.4246,2.62,1.12
2015.07.24 08:57:28.008,1.42455,1.42467,1.00,1.12
2015.07.24 08:57:28.582,1.42457,1.42469,1.00,1.00
2015.07.24 08:57:28.633,1.42457,1.42472,1.00,1.12
2015.07.24 08:57:28.684,1.42459,1.42472,1.00,1.12
2015.07.24 08:57:29.131,1.42466,1.42482,1.00,1.37
2015.07.24 08:57:29.182,1.42464,1.42482,1.00,1.00
2015.07.24 08:57:29.234,1.42464,1.42482,1.00,1.37
2015.07.24 08:57:29.286,1.42463,1.42482,1.00,1.00
2015.07.24 08:57:29.388,1.42464,1.42482,1.00,1.37
2015.07.24 08:57:29.896,1.42463,1.4248,1.00,1.12
2015.07.24 08:57:30.275,1.42459,1.42479,1.00,1.50
2015.07.24 08:57:30.580,1.4246,1.4248,1.00,1.87
2015.07.24 08:57:30.632,1.42459,1.42477,1.00,1.50
2015.07.24 08:57:30.937,1.42457,1.42476,1.00,1.75
2015.07.24 08:57:31.694,1.42459,1.42477,1.00,1.50
2015.07.24 08:57:31.747,1.42461,1.4248,1.00,1.37
2015.07.24 08:57:32.104,1.42462,1.4248,1.00,1.00
2015.07.24 08:57:32.411,1.42464,1.42483,1.00,1.37
2015.07.24 08:57:32.820,1.42466,1.42487,1.00,1.50
2015.07.24 08:57:33.237,1.42468,1.42487,1.12,1.50
2015.07.24 08:57:33.288,1.4247,1.42487,1.00,1.00
2015.07.24 08:57:33.441,1.4247,1.42489,1.00,1.00
2015.07.24 08:57:34.098,1.42471,1.42491,1.00,1.37
2015.07.24 08:57:34.618,1.4247,1.42491,1.00,1.37
2015.07.24 08:57:35.355,1.42469,1.42491,1.12,1.37
2015.07.24 08:57:35.457,1.42468,1.42488,1.00,1.37
2015.07.24 08:57:35.509,1.42466,1.42488,1.00,1.75
2015.07.24 08:57:35.789,1.42464,1.42488,3.00,1.87
2015.07.24 08:57:36.045,1.42464,1.42484,1.00,1.37
2015.07.24 08:57:36.562,1.42463,1.42485,1.50,1.75
2015.07.24 08:57:37.069,1.42464,1.42485,1.12,1.12
2015.07.24 08:57:37.780,1.42467,1.42488,1.00,2.25
2015.07.24 08:57:37.882,1.42468,1.42488,1.00,1.12
2015.07.24 08:57:37.984,1.4247,1.42489,1.50,1.12
2015.07.24 08:57:38.036,1.4247,1.42493,1.50,1.50
2015.07.24 08:57:38.394,1.42473,1.42495,1.00,1.12
2015.07.24 08:57:38.597,1.42473,1.42496,1.50,2.25
2015.07.24 08:57:39.281,1.42473,1.42495,2.25,1.12
2015.07.24 08:57:39.960,1.42474,1.42496,1.00,1.12
2015.07.24 08:57:40.941,1.42474,1.42496,1.00,1.12
2015.07.24 08:57:41.993,1.42474,1.42495,1.00,1.12
2015.07.24 08:57:42.753,1.42474,1.42494,1.00,1.00
2015.07.24 08:57:44.519,1.42474,1.42495,1.37,1.00
2015.07.24 08:57:45.055,1.42476,1.42499,1.12,1.87
2015.07.24 08:57:46.749,1.42476,1.42498,1.37,1.50
2015.07.24 08:57:47.519,1.42476,1.42498,1.37,1.50
2015.07.24 08:57:49.232,1.42476,1.42499,1.12,3.37
2015.07.24 08:57:49.987,1.42474,1.42497,1.87,1.37
2015.07.24 08:57:53.053,1.42474,1.42497,1.37,1.37
2015.07.24 08:57:53.560,1.42474,1.42497,1.37,1.37
2015.07.24 08:57:54.122,1.42474,1.42497,1.37,1.37
2015.07.24 08:57:54.863,1.42476,1.42498,1.37,1.50
2015.07.24 08:58:00.271,1.42476,1.42494,1.50,1.00
2015.07.24 08:58:00.664,1.42476,1.42493,1.00,1.87
2015.07.24 08:58:01.176,1.42475,1.42497,1.00,1.87
2015.07.24 08:58:01.683,1.42474,1.42495,1.12,1.37
2015.07.24 08:58:02.196,1.42474,1.42497,1.87,1.87
2015.07.24 08:58:03.805,1.42473,1.42495,1.12,1.37
2015.07.24 08:58:04.330,1.42473,1.42495,1.37,1.37
2015.07.24 08:58:06.525,1.42472,1.42488,2.25,1.04
2015.07.24 08:58:09.112,1.42472,1.42493,2.25,1.12
2015.07.24 08:58:11.375,1.42474,1.42495,1.37,1.00
2015.07.24 08:58:12.113,1.42475,1.42495,1.12,1.80
2015.07.24 08:58:13.728,1.42474,1.42494,1.12,1.68
2015.07.24 08:58:23.145,1.42473,1.42494,1.00,2.18
2015.07.24 08:58:28.494,1.42474,1.42494,1.00,1.29
2015.07.24 08:58:28.850,1.42475,1.42495,1.37,1.27
2015.07.24 08:58:29.456,1.42476,1.42497,3.37,1.12
2015.07.24 08:58:29.880,1.42477,1.42498,1.00,1.50
2015.07.24 08:58:30.134,1.42474,1.42496,1.12,1.37
2015.07.24 08:58:30.338,1.42476,1.42496,1.00,1.00
2015.07.24 08:58:30.863,1.42476,1.42498,1.50,1.50
2015.07.24 08:58:31.218,1.42476,1.42496,1.50,1.00
2015.07.24 08:58:31.749,1.42476,1.42496,1.12,1.37
2015.07.24 08:58:32.110,1.42474,1.42495,1.12,1.50
2015.07.24 08:58:32.827,1.42474,1.42494,1.37,1.12
2015.07.24 08:58:34.032,1.42472,1.42494,1.37,1.72
2015.07.24 08:58:34.336,1.42472,1.42491,1.00,1.50
2015.07.24 08:58:35.378,1.42471,1.42491,1.00,1.87
2015.07.24 08:58:36.127,1.42471,1.4249,1.12,1.12
2015.07.24 08:58:36.944,1.42471,1.42488,1.00,1.00
2015.07.24 08:58:36.996,1.42468,1.42488,1.37,1.87
2015.07.24 08:58:37.098,1.42465,1.42487,1.87,1.50
2015.07.24 08:58:37.151,1.42465,1.42485,1.87,1.12
2015.07.24 08:58:37.709,1.42465,1.42484,1.37,1.00
2015.07.24 08:58:38.231,1.42465,1.42484,1.00,1.37
2015.07.24 08:58:45.419,1.42463,1.42484,1.00,1.50
2015.07.24 08:58:45.471,1.42463,1.42484,1.00,1.50
2015.07.24 08:58:45.980,1.4246,1.42481,1.37,1.00
2015.07.24 08:58:46.390,1.4246,1.4248,1.12,1.37
2015.07.24 08:58:47.033,1.4246,1.42483,1.37,1.87
2015.07.24 08:58:47.660,1.4246,1.42482,1.37,1.00
2015.07.24 08:58:49.370,1.4246,1.42482,1.37,1.12
2015.07.24 08:58:49.675,1.4246,1.42477,1.00,1.12
2015.07.24 08:58:49.726,1.42458,1.42477,1.12,1.50
2015.07.24 08:58:49.778,1.42458,1.42477,1.00,1.50
2015.07.24 08:58:49.931,1.42455,1.42477,1.87,1.50
2015.07.24 08:58:53.203,1.42455,1.42476,1.12,1.12
2015.07.24 08:58:57.531,1.42456,1.42476,1.37,1.00
2015.07.24 08:58:58.269,1.42455,1.42476,1.87,1.00
2015.07.24 08:58:58.575,1.42455,1.42477,1.12,2.25
2015.07.24 08:59:00.318,1.42455,1.42476,1.12,1.87
2015.07.24 08:59:00.623,1.42455,1.42476,1.87,1.12
2015.07.24 08:59:01.391,1.42455,1.42476,1.87,1.12
2015.07.24 08:59:01.899,1.42455,1.42478,1.87,2.62
2015.07.24 08:59:02.432,1.42456,1.42476,1.12,1.00
2015.07.24 08:59:04.205,1.42455,1.42476,1.37,1.00
2015.07.24 08:59:06.574,1.42456,1.42478,1.37,1.12
2015.07.24 08:59:07.122,1.42456,1.42477,1.37,1.00
2015.07.24 08:59:11.426,1.42456,1.42477,1.50,1.00
2015.07.24 08:59:14.835,1.42456,1.42477,1.50,1.00
2015.07.24 08:59:15.579,1.42456,1.42477,1.50,1.50
2015.07.24 08:59:16.557,1.42456,1.42477,1.50,1.50
2015.07.24 08:59:17.198,1.42456,1.42476,1.12,1.37
2015.07.24 08:59:18.675,1.42456,1.42476,1.00,1.75
2015.07.24 08:59:18.981,1.42454,1.42476,1.12,1.75
2015.07.24 08:59:19.663,1.42453,1.42474,1.00,1.50
2015.07.24 08:59:20.172,1.42452,1.42471,1.12,1.00
2015.07.24 08:59:23.905,1.42452,1.42473,1.00,1.87
2015.07.24 08:59:24.008,1.42449,1.42471,1.12,1.12
2015.07.24 08:59:24.364,1.42447,1.42468,1.12,1.00
2015.07.24 08:59:24.673,1.42447,1.42467,1.12,1.37
2015.07.24 08:59:25.703,1.42447,1.42467,1.12,1.12
2015.07.24 08:59:26.009,1.42447,1.4247,1.87,3.00
2015.07.24 08:59:26.111,1.42448,1.42471,1.87,1.12
2015.07.24 08:59:26.651,1.42451,1.42472,1.37,1.37
2015.07.24 08:59:26.815,1.42451,1.42471,1.37,1.00
2015.07.24 08:59:27.362,1.42451,1.42472,1.12,1.37
2015.07.24 08:59:28.427,1.42451,1.42471,1.37,1.00
2015.07.24 08:59:28.929,1.42451,1.42474,1.87,2.62
2015.07.24 08:59:29.436,1.42451,1.42474,1.87,2.62
2015.07.24 08:59:30.018,1.42451,1.42474,1.87,2.62
2015.07.24 08:59:30.535,1.42451,1.42471,1.37,1.00
2015.07.24 08:59:31.044,1.42451,1.42471,1.50,1.00
2015.07.24 08:59:31.095,1.42451,1.42473,1.50,1.12
2015.07.24 08:59:32.484,1.42451,1.42473,1.50,1.12
2015.07.24 08:59:33.009,1.42451,1.42475,1.50,2.25
2015.07.24 08:59:33.622,1.42452,1.42474,1.37,1.00
2015.07.24 08:59:34.081,1.42451,1.42473,1.50,1.37
2015.07.24 08:59:37.598,1.42451,1.42473,1.50,1.50
2015.07.24 08:59:38.439,1.42451,1.42473,1.50,1.50
2015.07.24 08:59:38.959,1.42451,1.42473,1.12,1.50
2015.07.24 08:59:39.335,1.42453,1.42473,1.50,1.50
2015.07.24 08:59:39.779,1.42453,1.42474,1.00,1.12
2015.07.24 08:59:40.288,1.42454,1.42474,1.00,1.12
2015.07.24 08:59:41.358,1.42454,1.42474,1.00,1.75
2015.07.24 08:59:43.931,1.42454,1.42473,1.12,1.00
2015.07.24 08:59:45.050,1.42455,1.42477,1.00,2.25
2015.07.24 08:59:45.838,1.42456,1.42477,1.00,1.50
2015.07.24 08:59:46.347,1.42456,1.42477,1.00,1.50
2015.07.24 08:59:48.999,1.42455,1.42478,1.50,1.75
2015.07.24 08:59:50.644,1.42456,1.42479,1.00,1.75
2015.07.24 08:59:51.216,1.42456,1.42479,1.50,1.75
2015.07.24 08:59:54.918,1.42462,1.42478,1.00,1.37
2015.07.24 08:59:54.969,1.42458,1.4248,1.00,1.12
2015.07.24 08:59:55.020,1.4246,1.4248,1.00,1.12
2015.07.24 08:59:55.172,1.42458,1.4248,1.50,1.75
2015.07.24 08:59:56.178,1.4246,1.42481,1.00,1.75
2015.07.24 08:59:56.230,1.42458,1.42481,1.50,1.75
2015.07.24 08:59:57.294,1.42457,1.4248,1.87,1.50
2015.07.24 08:59:58.068,1.42459,1.42481,1.00,1.75
2015.07.24 08:59:58.443,1.42461,1.42483,1.00,2.25
2015.07.24 08:59:58.950,1.42459,1.42482,1.50,1.75
2015.07.24 08:59:59.458,1.42459,1.42479,1.37,1.00
