2015.07.09 02:00:00.266,1.40867,1.40888,1.50,1.12
2015.07.09 02:00:00.370,1.40867,1.40883,1.00,1.00
2015.07.09 02:00:00.421,1.40864,1.40883,1.00,1.00
2015.07.09 02:00:00.472,1.40862,1.40888,1.00,1.12
2015.07.09 02:00:00.574,1.40864,1.40888,1.12,1.50
2015.07.09 02:00:00.625,1.40861,1.40888,1.50,1.50
2015.07.09 02:00:00.726,1.40861,1.40885,1.00,1.00
2015.07.09 02:00:01.297,1.40861,1.40884,1.00,1.00
2015.07.09 02:00:01.819,1.40861,1.40883,1.00,1.00
2015.07.09 02:00:02.327,1.40862,1.40883,1.00,1.00
2015.07.09 02:00:02.850,1.40861,1.40882,1.00,1.00
2015.07.09 02:00:03.154,1.40859,1.4088,1.37,1.00
2015.07.09 02:00:03.358,1.40858,1.4088,1.00,1.00
2015.07.09 02:00:03.998,1.40856,1.40881,1.37,1.00
2015.07.09 02:00:04.522,1.40856,1.40881,1.00,1.12
2015.07.09 02:00:06.997,1.40855,1.40881,2.25,1.00
2015.07.09 02:00:07.517,1.40856,1.40881,1.00,1.00
2015.07.09 02:00:07.773,1.40856,1.40884,1.50,1.50
2015.07.09 02:00:08.314,1.40857,1.40884,1.37,1.00
2015.07.09 02:00:09.793,1.40858,1.40882,1.12,1.00
2015.07.09 02:00:09.895,1.40856,1.40882,1.50,1.00
2015.07.09 02:00:10.551,1.40855,1.40883,2.62,2.25
2015.07.09 02:00:10.863,1.40857,1.40883,4.12,1.50
2015.07.09 02:00:11.170,1.40867,1.40887,1.00,1.00
2015.07.09 02:00:11.686,1.40866,1.40886,1.12,1.00
2015.07.09 02:00:11.788,1.40866,1.40888,1.12,1.00
2015.07.09 02:00:12.175,1.40868,1.40887,1.00,1.00
2015.07.09 02:00:14.823,1.40867,1.40886,1.37,1.00
2015.07.09 02:00:15.229,1.40866,1.40886,2.62,1.00
2015.07.09 02:00:15.331,1.40867,1.40888,1.37,1.00
2015.07.09 02:00:16.092,1.40869,1.40889,1.00,1.00
2015.07.09 02:00:17.833,1.40869,1.4089,1.00,1.00
2015.07.09 02:00:20.487,1.40867,1.4089,2.25,1.00
2015.07.09 02:00:20.998,1.40867,1.40888,2.25,1.00
2015.07.09 02:00:21.369,1.40867,1.4089,2.25,1.00
2015.07.09 02:00:21.877,1.40867,1.40889,1.12,1.00
2015.07.09 02:00:21.978,1.40862,1.40885,1.50,1.12
2015.07.09 02:00:22.284,1.40862,1.4088,1.00,1.00
2015.07.09 02:00:22.343,1.40858,1.40879,1.00,1.00
2015.07.09 02:00:23.126,1.40858,1.40883,1.00,2.25
2015.07.09 02:00:23.490,1.40855,1.40883,2.62,1.50
2015.07.09 02:00:23.771,1.40856,1.40879,1.00,1.00
2015.07.09 02:00:24.280,1.40856,1.4088,1.00,1.00
2015.07.09 02:00:24.930,1.40856,1.40878,1.75,1.00
2015.07.09 02:00:25.134,1.40857,1.4088,3.00,1.00
2015.07.09 02:00:25.236,1.40857,1.40878,3.00,1.00
2015.07.09 02:00:26.303,1.40858,1.40878,1.00,1.00
2015.07.09 02:00:27.106,1.40857,1.40878,3.00,1.00
2015.07.09 02:00:27.208,1.40858,1.40881,1.50,1.00
2015.07.09 02:00:27.713,1.40857,1.40882,1.87,1.00
2015.07.09 02:00:27.866,1.40857,1.40878,1.37,1.00
2015.07.09 02:00:28.133,1.40857,1.40877,1.00,1.00
2015.07.09 02:00:28.864,1.40857,1.40878,1.00,1.00
2015.07.09 02:00:30.793,1.40857,1.40877,1.12,1.00
2015.07.09 02:00:30.845,1.40857,1.40879,1.12,1.00
2015.07.09 02:00:31.612,1.40857,1.40877,1.12,1.00
2015.07.09 02:00:32.277,1.40856,1.40877,1.87,1.00
2015.07.09 02:00:32.806,1.40856,1.40878,1.87,1.00
2015.07.09 02:00:33.933,1.40858,1.40878,1.00,1.00
2015.07.09 02:00:36.341,1.40858,1.40881,1.00,1.00
2015.07.09 02:00:37.017,1.40859,1.40881,1.00,1.00
2015.07.09 02:00:38.252,1.40859,1.40881,1.37,1.00
2015.07.09 02:00:38.405,1.40861,1.40883,1.00,1.00
2015.07.09 02:00:38.558,1.40864,1.40886,1.12,1.00
2015.07.09 02:00:39.045,1.40872,1.4089,1.00,1.00
2015.07.09 02:00:39.249,1.4087,1.4089,1.50,1.00
2015.07.09 02:00:39.654,1.4087,1.40887,1.12,1.00
2015.07.09 02:00:39.756,1.4087,1.40889,1.12,1.00
2015.07.09 02:00:39.979,1.4087,1.40891,1.12,1.00
2015.07.09 02:00:41.200,1.40869,1.40888,2.62,1.00
2015.07.09 02:00:41.875,1.40867,1.40887,1.75,1.00
2015.07.09 02:00:41.927,1.40865,1.40886,1.87,1.00
2015.07.09 02:00:43.109,1.40866,1.40885,1.12,1.00
2015.07.09 02:00:43.830,1.40866,1.40887,1.12,1.50
2015.07.09 02:00:44.044,1.40866,1.40883,1.12,1.00
2015.07.09 02:00:44.594,1.40866,1.40884,1.12,1.00
2015.07.09 02:00:45.101,1.40865,1.40883,1.37,1.00
2015.07.09 02:00:45.799,1.40863,1.40886,1.12,1.00
2015.07.09 02:00:45.850,1.40863,1.40886,1.00,1.00
2015.07.09 02:00:45.952,1.40865,1.40885,1.00,1.00
2015.07.09 02:00:46.105,1.40865,1.40887,1.00,1.00
2015.07.09 02:00:46.360,1.40865,1.40884,1.00,1.00
2015.07.09 02:00:46.864,1.40865,1.40885,1.00,1.00
2015.07.09 02:00:47.559,1.40866,1.40885,1.00,1.00
2015.07.09 02:00:48.188,1.40865,1.40885,1.00,1.00
2015.07.09 02:00:48.543,1.40865,1.40887,1.00,1.00
2015.07.09 02:00:49.062,1.40865,1.40888,1.00,1.00
2015.07.09 02:00:49.516,1.40864,1.40885,1.00,1.00
2015.07.09 02:00:50.051,1.40865,1.40886,1.00,1.00
2015.07.09 02:00:50.822,1.40863,1.4088,1.00,1.00
2015.07.09 02:00:50.975,1.40865,1.4089,1.00,1.50
2015.07.09 02:00:51.077,1.40868,1.40889,1.37,1.00
2015.07.09 02:00:51.280,1.4087,1.40892,1.12,1.00
2015.07.09 02:00:51.383,1.40868,1.40889,1.00,1.00
2015.07.09 02:00:51.586,1.40863,1.40889,1.50,1.00
2015.07.09 02:00:51.637,1.40863,1.40887,1.87,1.00
2015.07.09 02:00:52.050,1.40862,1.40885,1.50,1.00
2015.07.09 02:00:52.151,1.40862,1.40887,1.50,1.00
2015.07.09 02:00:52.682,1.40863,1.40888,1.87,1.00
2015.07.09 02:00:54.390,1.40863,1.40888,2.62,1.00
2015.07.09 02:00:54.573,1.40863,1.4089,2.62,1.50
2015.07.09 02:00:54.725,1.40865,1.40888,1.12,1.00
2015.07.09 02:00:55.124,1.40866,1.40886,1.12,1.00
2015.07.09 02:00:55.430,1.40868,1.40886,1.00,1.00
2015.07.09 02:00:55.582,1.40866,1.4089,1.87,1.00
2015.07.09 02:00:55.888,1.40866,1.40886,1.00,1.00
2015.07.09 02:00:55.990,1.40862,1.40886,2.25,1.12
2015.07.09 02:00:56.428,1.40861,1.40888,2.25,1.00
2015.07.09 02:00:56.631,1.4086,1.40886,2.25,1.00
2015.07.09 02:00:57.154,1.40859,1.40885,1.87,1.00
2015.07.09 02:00:57.677,1.40858,1.4088,1.12,1.00
2015.07.09 02:00:58.216,1.40858,1.40881,1.00,1.00
2015.07.09 02:00:58.771,1.40858,1.40881,2.25,1.00
2015.07.09 02:00:59.365,1.40858,1.40882,1.87,1.00
2015.07.09 02:00:59.914,1.40858,1.40883,2.62,1.50
2015.07.09 02:01:00.495,1.40862,1.40884,1.00,1.00
2015.07.09 02:01:00.749,1.40863,1.40887,1.37,1.00
2015.07.09 02:01:01.132,1.40867,1.40886,1.00,1.00
2015.07.09 02:01:02.082,1.40867,1.4089,1.50,1.00
2015.07.09 02:01:02.357,1.40867,1.40892,1.50,1.00
2015.07.09 02:01:02.408,1.40869,1.40892,1.00,1.00
2015.07.09 02:01:02.511,1.40869,1.40894,1.00,1.00
2015.07.09 02:01:02.664,1.40871,1.40894,1.00,1.50
2015.07.09 02:01:03.190,1.40871,1.40895,1.87,1.12
2015.07.09 02:01:03.833,1.40873,1.40895,1.00,1.00
2015.07.09 02:01:04.036,1.40873,1.40897,1.12,1.00
2015.07.09 02:01:04.410,1.40872,1.40895,1.87,1.00
2015.07.09 02:01:04.613,1.4087,1.40895,1.87,1.00
2015.07.09 02:01:04.715,1.40871,1.40892,1.00,1.00
2015.07.09 02:01:04.817,1.40871,1.40894,1.00,1.00
2015.07.09 02:01:05.071,1.40871,1.4089,1.00,1.00
2015.07.09 02:01:05.595,1.4087,1.40891,1.87,1.00
2015.07.09 02:01:06.157,1.4087,1.4089,1.87,1.00
2015.07.09 02:01:08.578,1.40874,1.4089,1.50,1.00
2015.07.09 02:01:08.679,1.40879,1.40902,1.00,2.25
2015.07.09 02:01:08.731,1.40882,1.40902,1.50,1.00
2015.07.09 02:01:08.832,1.40883,1.40907,1.00,1.00
2015.07.09 02:01:08.884,1.40885,1.40909,1.00,1.87
2015.07.09 02:01:08.985,1.40885,1.40914,3.37,1.75
2015.07.09 02:01:09.036,1.40889,1.40915,1.00,1.00
2015.07.09 02:01:09.568,1.40885,1.40914,3.00,1.75
2015.07.09 02:01:09.872,1.40883,1.40904,1.50,1.00
2015.07.09 02:01:09.974,1.40882,1.40904,1.12,1.00
2015.07.09 02:01:10.126,1.40882,1.40906,1.00,1.00
2015.07.09 02:01:10.853,1.4088,1.40904,1.87,1.00
2015.07.09 02:01:11.006,1.4088,1.40907,1.87,1.50
2015.07.09 02:01:11.209,1.40881,1.40903,1.87,1.00
2015.07.09 02:01:11.310,1.40881,1.40905,1.87,1.00
2015.07.09 02:01:11.412,1.40881,1.40902,1.87,1.00
2015.07.09 02:01:11.909,1.40881,1.40902,1.12,1.00
2015.07.09 02:01:12.678,1.40879,1.40902,1.00,1.50
2015.07.09 02:01:12.730,1.40879,1.40899,1.00,1.00
2015.07.09 02:01:12.781,1.40877,1.40899,1.00,1.00
2015.07.09 02:01:12.883,1.40877,1.40897,1.00,1.00
2015.07.09 02:01:13.200,1.40875,1.40897,1.00,1.00
2015.07.09 02:01:13.251,1.40873,1.40892,1.00,1.00
2015.07.09 02:01:13.353,1.40873,1.40895,1.00,1.00
2015.07.09 02:01:13.953,1.40874,1.40895,1.00,1.00
2015.07.09 02:01:14.055,1.40876,1.40895,1.00,1.00
2015.07.09 02:01:14.106,1.40877,1.40897,1.00,1.00
2015.07.09 02:01:14.414,1.40878,1.409,1.00,1.00
2015.07.09 02:01:14.667,1.40878,1.40902,1.00,1.12
2015.07.09 02:01:14.769,1.40876,1.40902,1.12,1.12
2015.07.09 02:01:15.131,1.40876,1.409,1.12,1.00
2015.07.09 02:01:15.663,1.40878,1.409,1.00,1.00
2015.07.09 02:01:16.620,1.40878,1.40901,1.00,1.00
2015.07.09 02:01:17.342,1.40876,1.409,1.37,1.00
2015.07.09 02:01:17.494,1.40874,1.40899,1.00,1.12
2015.07.09 02:01:17.764,1.40874,1.40895,1.00,1.00
2015.07.09 02:01:18.662,1.4087,1.40892,1.87,1.00
2015.07.09 02:01:19.411,1.4087,1.40892,1.37,1.00
2015.07.09 02:01:20.820,1.4087,1.40894,1.50,1.12
2015.07.09 02:01:22.418,1.4087,1.40894,1.37,1.12
2015.07.09 02:01:22.801,1.4087,1.40892,1.37,1.00
2015.07.09 02:01:22.852,1.4087,1.40892,1.12,1.00
2015.07.09 02:01:24.013,1.4087,1.40891,1.12,1.00
2015.07.09 02:01:24.317,1.4087,1.40889,1.12,1.87
2015.07.09 02:01:24.369,1.40867,1.40889,1.50,1.87
2015.07.09 02:01:24.420,1.40864,1.40888,1.00,1.00
2015.07.09 02:01:24.522,1.40861,1.40886,1.00,1.00
2015.07.09 02:01:24.624,1.4086,1.40883,1.00,1.00
2015.07.09 02:01:24.956,1.40857,1.40882,1.00,1.87
2015.07.09 02:01:25.109,1.40857,1.40878,1.00,1.00
2015.07.09 02:01:25.312,1.40855,1.40882,1.37,3.37
2015.07.09 02:01:25.843,1.40855,1.4088,1.37,1.00
2015.07.09 02:01:26.961,1.40855,1.40878,1.37,1.00
2015.07.09 02:01:27.553,1.40855,1.40881,1.37,1.12
2015.07.09 02:01:28.059,1.40855,1.40881,1.37,1.12
2015.07.09 02:01:32.620,1.40855,1.40877,1.37,1.00
2015.07.09 02:01:32.965,1.40855,1.4088,1.37,1.50
2015.07.09 02:01:33.017,1.40855,1.40877,1.37,1.00
2015.07.09 02:01:33.068,1.40855,1.40877,1.00,1.00
2015.07.09 02:01:33.379,1.40855,1.40879,1.12,1.12
2015.07.09 02:01:34.257,1.40855,1.40878,1.12,1.00
2015.07.09 02:01:34.802,1.40855,1.40878,1.37,1.00
2015.07.09 02:01:36.342,1.40855,1.40878,1.37,1.00
2015.07.09 02:01:37.868,1.40855,1.4088,1.37,1.87
2015.07.09 02:01:38.682,1.40857,1.40882,1.12,1.00
2015.07.09 02:01:39.120,1.40862,1.40883,1.37,1.00
2015.07.09 02:01:39.173,1.40862,1.40887,1.00,1.37
2015.07.09 02:01:39.275,1.40861,1.40884,1.00,1.87
2015.07.09 02:01:39.377,1.40858,1.40882,1.12,1.00
2015.07.09 02:01:39.631,1.40857,1.4088,1.37,1.00
2015.07.09 02:01:40.568,1.40857,1.40882,1.12,1.87
2015.07.09 02:01:40.696,1.40857,1.40882,1.12,1.12
2015.07.09 02:01:41.568,1.40857,1.40882,1.37,1.00
2015.07.09 02:01:41.874,1.40867,1.40889,1.37,1.00
2015.07.09 02:01:41.925,1.40867,1.40893,1.87,1.00
2015.07.09 02:01:42.705,1.40871,1.40894,1.00,1.00
2015.07.09 02:01:43.179,1.4087,1.40891,1.00,1.00
2015.07.09 02:01:44.043,1.4087,1.40892,1.00,1.00
2015.07.09 02:01:44.348,1.4087,1.40894,1.00,1.50
2015.07.09 02:01:44.855,1.40871,1.40895,1.12,1.00
2015.07.09 02:01:45.402,1.40872,1.40895,1.00,1.00
2015.07.09 02:01:45.457,1.40871,1.40893,1.50,1.00
2015.07.09 02:01:46.002,1.40871,1.40892,1.50,1.00
2015.07.09 02:01:46.679,1.40871,1.40891,1.50,1.00
2015.07.09 02:01:47.215,1.40871,1.40892,1.00,1.00
2015.07.09 02:01:48.434,1.4087,1.40891,1.37,1.00
2015.07.09 02:01:48.859,1.4087,1.40889,1.37,1.00
2015.07.09 02:01:50.324,1.4087,1.4089,1.37,1.00
2015.07.09 02:01:50.426,1.4087,1.40892,1.37,1.00
2015.07.09 02:01:50.782,1.40873,1.40891,1.00,1.00
2015.07.09 02:01:51.087,1.40877,1.40897,1.00,1.00
2015.07.09 02:01:51.452,1.40878,1.40897,1.37,1.00
2015.07.09 02:01:52.420,1.40878,1.40897,1.37,1.00
2015.07.09 02:01:52.907,1.40876,1.40897,1.00,1.00
2015.07.09 02:01:53.112,1.40873,1.40894,1.37,1.00
2015.07.09 02:01:53.214,1.40872,1.40894,1.00,1.00
2015.07.09 02:01:53.265,1.4087,1.40889,1.37,1.00
2015.07.09 02:01:53.367,1.40872,1.40894,1.00,1.00
2015.07.09 02:01:53.469,1.40873,1.40896,1.00,1.12
2015.07.09 02:01:54.011,1.40872,1.40897,1.87,1.00
2015.07.09 02:01:54.265,1.40872,1.40895,1.00,1.00
2015.07.09 02:01:54.572,1.40872,1.40898,1.00,1.50
2015.07.09 02:01:55.120,1.40872,1.40899,3.37,1.87
2015.07.09 02:01:55.274,1.40876,1.409,1.00,1.50
2015.07.09 02:01:55.376,1.40877,1.40903,1.00,1.87
2015.07.09 02:01:55.478,1.40877,1.40897,1.00,1.00
2015.07.09 02:01:55.733,1.40875,1.40897,1.00,1.00
2015.07.09 02:01:56.259,1.40874,1.40897,2.25,1.00
2015.07.09 02:01:56.880,1.40874,1.40899,2.25,1.00
2015.07.09 02:01:57.589,1.40875,1.40895,1.00,1.00
2015.07.09 02:01:57.794,1.40872,1.40899,1.00,1.37
2015.07.09 02:01:57.845,1.40873,1.40899,1.00,1.87
2015.07.09 02:01:57.896,1.40873,1.40897,1.00,1.00
2015.07.09 02:01:58.200,1.40869,1.40893,1.37,1.00
2015.07.09 02:01:58.353,1.40869,1.40896,1.37,1.87
2015.07.09 02:01:59.019,1.40869,1.40896,1.37,1.00
2015.07.09 02:01:59.280,1.40868,1.40892,1.87,1.00
2015.07.09 02:01:59.331,1.40868,1.40891,1.50,1.12
2015.07.09 02:01:59.433,1.40868,1.40887,1.00,1.00
2015.07.09 02:01:59.484,1.40866,1.40887,1.00,1.00
2015.07.09 02:01:59.789,1.40863,1.40884,1.50,1.00
2015.07.09 02:02:00.427,1.40863,1.40884,1.50,1.00
2015.07.09 02:02:02.297,1.40864,1.40887,1.12,1.00
2015.07.09 02:02:02.704,1.40865,1.40886,1.75,1.00
2015.07.09 02:02:02.755,1.40866,1.40888,1.37,1.00
2015.07.09 02:02:03.401,1.40866,1.40886,1.37,1.00
2015.07.09 02:02:03.909,1.40866,1.40885,1.37,1.00
2015.07.09 02:02:04.439,1.40865,1.40886,1.50,1.00
2015.07.09 02:02:04.600,1.40865,1.40883,1.00,1.00
2015.07.09 02:02:04.803,1.40865,1.40885,1.00,1.00
2015.07.09 02:02:05.349,1.40865,1.40886,1.00,1.00
2015.07.09 02:02:05.750,1.40865,1.40889,1.00,1.00
2015.07.09 02:02:05.903,1.40866,1.40891,1.00,1.00
2015.07.09 02:02:06.417,1.40866,1.40892,1.50,1.00
2015.07.09 02:02:08.062,1.4087,1.40892,1.00,1.00
2015.07.09 02:02:08.114,1.4087,1.40894,1.00,1.00
2015.07.09 02:02:08.165,1.40871,1.40894,1.12,1.00
2015.07.09 02:02:08.543,1.40875,1.40895,1.37,1.00
2015.07.09 02:02:08.595,1.40875,1.409,1.37,1.00
2015.07.09 02:02:08.798,1.40875,1.40898,1.37,1.00
2015.07.09 02:02:09.231,1.40875,1.40896,1.37,1.00
2015.07.09 02:02:09.872,1.40875,1.40897,1.37,1.00
2015.07.09 02:02:10.851,1.40876,1.40898,1.12,1.00
2015.07.09 02:02:11.270,1.40878,1.40903,1.00,1.00
2015.07.09 02:02:11.807,1.40877,1.40904,1.00,1.50
2015.07.09 02:02:12.263,1.40876,1.40902,1.87,1.00
2015.07.09 02:02:12.962,1.40878,1.40903,1.00,1.00
2015.07.09 02:02:13.266,1.40876,1.40903,1.87,1.00
2015.07.09 02:02:13.317,1.40876,1.40901,1.87,1.00
2015.07.09 02:02:13.935,1.40876,1.40901,2.62,1.00
2015.07.09 02:02:14.272,1.40876,1.40898,2.62,1.00
2015.07.09 02:02:14.820,1.40876,1.40897,2.25,1.00
2015.07.09 02:02:15.427,1.40876,1.40898,1.87,1.00
2015.07.09 02:02:15.632,1.40876,1.409,1.50,1.00
2015.07.09 02:02:15.853,1.40876,1.40898,1.50,1.00
2015.07.09 02:02:18.278,1.40873,1.40896,2.25,1.00
2015.07.09 02:02:19.132,1.40873,1.40899,1.87,1.50
2015.07.09 02:02:19.360,1.40873,1.40893,2.25,1.00
2015.07.09 02:02:20.069,1.40872,1.40893,1.37,1.00
2015.07.09 02:02:20.980,1.40872,1.40892,1.37,1.00
2015.07.09 02:02:22.896,1.40872,1.40891,1.37,1.00
2015.07.09 02:02:23.861,1.40872,1.40891,1.00,1.00
2015.07.09 02:02:27.543,1.4087,1.40891,1.87,1.00
2015.07.09 02:02:29.318,1.4087,1.40891,1.00,1.00
2015.07.09 02:02:30.531,1.40868,1.40891,4.12,1.00
2015.07.09 02:02:30.955,1.40868,1.40891,1.00,1.87
2015.07.09 02:02:31.108,1.40864,1.40888,1.00,1.12
2015.07.09 02:02:31.211,1.40862,1.40885,1.00,1.00
2015.07.09 02:02:31.521,1.40861,1.40881,1.87,1.00
2015.07.09 02:02:31.776,1.40862,1.40885,1.00,1.00
2015.07.09 02:02:32.287,1.40861,1.40884,1.87,1.00
2015.07.09 02:02:32.822,1.40861,1.40885,1.87,1.00
2015.07.09 02:02:33.370,1.40861,1.40884,1.50,1.00
2015.07.09 02:02:33.898,1.40861,1.40885,1.50,2.25
2015.07.09 02:02:38.327,1.40863,1.40886,1.00,1.00
2015.07.09 02:02:38.429,1.40861,1.40885,1.12,1.00
2015.07.09 02:02:39.695,1.4086,1.40885,1.12,1.00
2015.07.09 02:02:40.404,1.4086,1.40886,1.12,1.00
2015.07.09 02:02:41.030,1.4086,1.40885,1.12,1.00
2015.07.09 02:02:41.558,1.40861,1.40886,1.00,1.00
2015.07.09 02:02:42.150,1.40861,1.40885,1.00,1.00
2015.07.09 02:02:42.934,1.4086,1.40886,2.62,1.00
2015.07.09 02:02:55.015,1.40862,1.40886,1.00,1.00
2015.07.09 02:02:56.662,1.40861,1.40886,1.00,1.00
2015.07.09 02:02:57.170,1.4086,1.40886,2.25,1.50
2015.07.09 02:02:57.424,1.40862,1.40886,1.00,1.50
2015.07.09 02:02:58.759,1.40862,1.40887,1.00,1.00
2015.07.09 02:02:59.078,1.40862,1.40884,1.00,1.00
2015.07.09 02:02:59.649,1.4086,1.40885,1.87,1.00
2015.07.09 02:02:59.700,1.4086,1.40887,2.62,1.50
2015.07.09 02:03:01.284,1.40863,1.40887,1.00,1.50
2015.07.09 02:03:01.340,1.40861,1.40887,1.12,1.00
2015.07.09 02:03:01.703,1.4086,1.40885,2.62,1.00
2015.07.09 02:03:02.211,1.4086,1.40885,1.50,1.50
2015.07.09 02:03:02.739,1.40859,1.40885,1.50,1.50
2015.07.09 02:03:03.044,1.40856,1.40878,1.00,2.62
2015.07.09 02:03:03.095,1.40851,1.40878,1.00,3.37
2015.07.09 02:03:03.198,1.40849,1.40876,1.50,1.87
2015.07.09 02:03:04.078,1.40847,1.40874,1.12,1.50
2015.07.09 02:03:04.180,1.40847,1.40874,1.50,1.12
2015.07.09 02:03:04.949,1.40846,1.40871,1.12,1.00
2015.07.09 02:03:05.000,1.40844,1.40871,1.00,2.25
2015.07.09 02:03:05.101,1.40842,1.40868,1.00,1.50
2015.07.09 02:03:05.203,1.4084,1.40866,1.50,1.00
2015.07.09 02:03:05.305,1.4084,1.40864,1.00,1.00
2015.07.09 02:03:05.610,1.40842,1.40866,1.00,1.50
2015.07.09 02:03:06.080,1.40842,1.40864,1.00,1.00
2015.07.09 02:03:06.132,1.40838,1.40864,1.00,1.50
2015.07.09 02:03:06.387,1.40837,1.40862,1.00,1.00
2015.07.09 02:03:06.642,1.40829,1.40855,1.50,1.50
2015.07.09 02:03:06.744,1.40827,1.40852,1.00,1.00
2015.07.09 02:03:07.135,1.40827,1.4085,1.00,1.00
2015.07.09 02:03:07.440,1.4083,1.4085,1.50,1.00
2015.07.09 02:03:07.542,1.4083,1.40856,1.50,1.87
2015.07.09 02:03:08.579,1.4083,1.40855,1.50,1.00
2015.07.09 02:03:08.882,1.4083,1.40851,1.00,1.00
2015.07.09 02:03:09.034,1.40824,1.40851,1.50,1.00
2015.07.09 02:03:09.136,1.40824,1.40851,2.62,1.00
2015.07.09 02:03:09.554,1.40828,1.40851,1.50,1.00
2015.07.09 02:03:09.859,1.40837,1.4086,1.00,1.37
2015.07.09 02:03:10.114,1.40837,1.40864,1.87,1.00
2015.07.09 02:03:11.052,1.40837,1.40863,1.37,1.00
2015.07.09 02:03:11.154,1.40836,1.40862,1.37,1.00
2015.07.09 02:03:11.661,1.40836,1.40861,1.50,1.00
2015.07.09 02:03:12.071,1.40839,1.40861,1.00,1.00
2015.07.09 02:03:12.584,1.4084,1.40861,1.00,1.00
2015.07.09 02:03:13.310,1.40839,1.40861,1.00,1.00
2015.07.09 02:03:13.956,1.40837,1.40861,1.12,1.00
2015.07.09 02:03:14.601,1.40839,1.40862,1.00,1.00
2015.07.09 02:03:14.652,1.40837,1.40861,1.00,1.00
2015.07.09 02:03:15.446,1.40837,1.4086,1.00,1.00
2015.07.09 02:03:16.198,1.40837,1.40861,1.00,1.00
2015.07.09 02:03:17.169,1.40836,1.40861,1.00,1.50
2015.07.09 02:03:17.691,1.40837,1.40861,1.00,1.00
2015.07.09 02:03:18.197,1.40836,1.40861,1.00,1.00
2015.07.09 02:03:18.703,1.40837,1.40861,1.00,1.00
2015.07.09 02:03:19.691,1.40838,1.40861,1.00,1.00
2015.07.09 02:03:21.221,1.40836,1.40861,1.50,1.00
2015.07.09 02:03:21.446,1.40838,1.40861,1.00,1.00
2015.07.09 02:03:22.065,1.40841,1.40861,1.00,1.00
2015.07.09 02:03:22.262,1.40841,1.40863,1.00,1.87
2015.07.09 02:03:23.791,1.40844,1.40867,1.00,2.62
2015.07.09 02:03:23.843,1.40844,1.40867,1.00,1.87
2015.07.09 02:03:24.350,1.40845,1.40867,1.00,1.00
2015.07.09 02:03:26.894,1.40845,1.40869,1.00,1.00
2015.07.09 02:03:27.402,1.40846,1.4087,1.00,1.00
2015.07.09 02:03:28.200,1.40846,1.40869,1.00,1.00
2015.07.09 02:03:28.505,1.40844,1.40869,1.00,1.87
2015.07.09 02:03:28.708,1.40842,1.40863,1.00,1.00
2015.07.09 02:03:29.369,1.40843,1.40863,1.00,1.00
2015.07.09 02:03:29.942,1.40843,1.40864,1.00,1.50
2015.07.09 02:03:30.529,1.40842,1.40864,1.00,1.00
2015.07.09 02:03:38.388,1.40845,1.40864,1.00,1.00
2015.07.09 02:03:38.440,1.40845,1.40866,1.00,1.12
2015.07.09 02:03:38.952,1.40844,1.40866,1.00,1.00
2015.07.09 02:03:41.257,1.40844,1.40865,1.00,1.00
2015.07.09 02:03:41.410,1.40844,1.40862,1.00,1.00
2015.07.09 02:03:41.461,1.40842,1.40862,1.00,1.00
2015.07.09 02:03:41.967,1.40842,1.40861,1.00,1.00
2015.07.09 02:03:45.759,1.40842,1.40862,1.00,1.00
2015.07.09 02:03:46.303,1.40841,1.40862,1.00,1.00
2015.07.09 02:03:46.811,1.40841,1.40861,1.00,1.00
2015.07.09 02:03:47.226,1.40841,1.40863,1.00,1.12
2015.07.09 02:03:48.635,1.40841,1.40862,1.00,1.00
2015.07.09 02:03:50.167,1.40841,1.40861,1.00,1.00
2015.07.09 02:03:50.370,1.4084,1.40859,1.00,1.00
2015.07.09 02:03:53.026,1.40838,1.40859,1.00,1.50
2015.07.09 02:03:54.120,1.4084,1.40859,1.00,1.50
2015.07.09 02:03:54.647,1.4084,1.4086,1.00,1.50
2015.07.09 02:03:59.520,1.40842,1.4086,1.00,1.00
2015.07.09 02:03:59.621,1.40842,1.40863,1.00,1.00
2015.07.09 02:03:59.723,1.40845,1.40863,1.00,1.87
2015.07.09 02:04:00.193,1.40837,1.40859,1.00,1.00
2015.07.09 02:04:00.709,1.40836,1.40859,1.00,1.00
2015.07.09 02:04:00.923,1.40837,1.40857,1.00,1.75
2015.07.09 02:04:01.077,1.40831,1.40851,1.00,1.37
2015.07.09 02:04:01.180,1.40831,1.40854,1.00,1.37
2015.07.09 02:04:01.729,1.40832,1.40852,1.00,1.00
2015.07.09 02:04:02.033,1.40834,1.40852,1.00,1.00
2015.07.09 02:04:02.084,1.40834,1.40854,1.00,1.12
2015.07.09 02:04:02.237,1.40831,1.40855,1.00,1.87
2015.07.09 02:04:02.648,1.40833,1.40853,1.00,1.00
2015.07.09 02:04:02.800,1.40831,1.40853,1.00,1.00
2015.07.09 02:04:03.308,1.40832,1.40855,1.00,1.37
2015.07.09 02:04:03.881,1.40827,1.40853,1.50,1.50
2015.07.09 02:04:04.396,1.40827,1.40852,1.87,1.00
2015.07.09 02:04:04.746,1.40825,1.4085,1.37,1.00
2015.07.09 02:04:04.949,1.40821,1.40848,1.12,1.00
2015.07.09 02:04:05.000,1.40821,1.40846,1.00,1.37
2015.07.09 02:04:05.051,1.40819,1.40846,1.50,1.87
2015.07.09 02:04:06.102,1.40821,1.40845,1.37,1.00
2015.07.09 02:04:06.203,1.40821,1.40848,1.00,2.25
2015.07.09 02:04:06.305,1.40819,1.40846,2.62,1.37
2015.07.09 02:04:06.406,1.40823,1.40848,1.12,1.50
2015.07.09 02:04:06.981,1.40821,1.40849,2.62,1.12
2015.07.09 02:04:07.134,1.40821,1.40847,2.62,1.00
2015.07.09 02:04:07.766,1.40821,1.40847,2.62,1.00
2015.07.09 02:04:07.869,1.40821,1.40849,2.62,1.12
2015.07.09 02:04:08.782,1.40821,1.4085,3.37,3.37
2015.07.09 02:04:10.110,1.40821,1.40847,2.62,1.00
2015.07.09 02:04:10.908,1.40822,1.40845,1.00,1.00
2015.07.09 02:04:12.378,1.40822,1.40844,1.00,1.00
2015.07.09 02:04:13.794,1.40821,1.40844,1.50,1.00
2015.07.09 02:04:14.150,1.40823,1.40847,1.00,2.62
2015.07.09 02:04:14.252,1.40823,1.40849,1.12,1.50
2015.07.09 02:04:14.911,1.40823,1.40846,1.37,1.00
2015.07.09 02:04:15.229,1.40821,1.40844,1.00,1.00
2015.07.09 02:04:15.280,1.40819,1.40844,1.00,1.12
2015.07.09 02:04:15.483,1.40817,1.40842,1.50,1.00
2015.07.09 02:04:15.584,1.40817,1.40845,1.50,1.87
2015.07.09 02:04:15.636,1.40817,1.40842,1.00,1.50
2015.07.09 02:04:16.013,1.40815,1.40838,1.37,1.00
2015.07.09 02:04:16.064,1.40812,1.40837,1.00,1.75
2015.07.09 02:04:16.584,1.40812,1.40834,1.00,1.00
2015.07.09 02:04:17.005,1.4081,1.40834,1.00,1.00
2015.07.09 02:04:17.385,1.40807,1.40834,3.00,1.00
2015.07.09 02:04:17.926,1.40808,1.40834,1.00,1.00
2015.07.09 02:04:18.547,1.40807,1.40834,1.12,1.50
2015.07.09 02:04:19.078,1.40807,1.40833,1.12,1.00
2015.07.09 02:04:19.180,1.4081,1.40834,1.00,1.00
2015.07.09 02:04:19.698,1.40812,1.40835,1.87,1.00
2015.07.09 02:04:19.749,1.40808,1.40835,1.50,1.50
2015.07.09 02:04:19.905,1.40807,1.40834,1.50,1.00
2015.07.09 02:04:20.940,1.4081,1.40834,1.50,1.00
2015.07.09 02:04:20.991,1.40812,1.40838,1.50,1.87
2015.07.09 02:04:21.042,1.40812,1.4084,3.00,2.25
2015.07.09 02:04:21.548,1.40812,1.4084,4.50,1.50
2015.07.09 02:04:21.651,1.40812,1.4084,3.75,1.50
2015.07.09 02:04:25.232,1.40812,1.40839,3.00,1.00
2015.07.09 02:04:25.536,1.40812,1.40837,3.00,1.00
2015.07.09 02:04:26.475,1.40811,1.40832,1.50,1.00
2015.07.09 02:04:26.526,1.40811,1.40834,1.12,1.37
2015.07.09 02:04:27.033,1.40812,1.40834,1.00,1.37
2015.07.09 02:04:27.768,1.40813,1.40837,1.75,1.75
2015.07.09 02:04:27.820,1.40819,1.40843,1.50,1.00
2015.07.09 02:04:27.871,1.40819,1.40846,2.25,1.12
2015.07.09 02:04:28.379,1.40822,1.40845,1.00,1.00
2015.07.09 02:04:28.431,1.4082,1.40843,1.37,1.37
2015.07.09 02:04:28.482,1.40819,1.40844,2.47,1.50
2015.07.09 02:04:28.768,1.4082,1.40844,3.00,1.50
2015.07.09 02:04:28.820,1.40823,1.40848,1.00,1.50
2015.07.09 02:04:29.074,1.40825,1.40848,1.00,1.00
2015.07.09 02:04:29.378,1.40826,1.4085,1.37,1.00
2015.07.09 02:04:30.206,1.40824,1.4085,1.50,1.50
2015.07.09 02:04:31.114,1.40824,1.4085,1.50,1.50
2015.07.09 02:04:31.216,1.40824,1.4085,1.37,1.50
2015.07.09 02:04:31.828,1.40824,1.40849,1.37,1.00
2015.07.09 02:04:31.982,1.40824,1.40849,1.50,1.00
2015.07.09 02:04:32.405,1.40824,1.4085,1.87,1.00
2015.07.09 02:04:32.774,1.40824,1.4085,1.50,1.50
2015.07.09 02:04:32.825,1.40824,1.40848,1.50,1.00
2015.07.09 02:04:33.446,1.40824,1.40849,1.00,1.00
2015.07.09 02:04:34.076,1.40824,1.40849,1.37,1.00
2015.07.09 02:04:34.503,1.40824,1.40849,1.12,1.50
2015.07.09 02:04:35.406,1.40822,1.40847,2.25,1.00
2015.07.09 02:04:36.434,1.40822,1.40845,1.12,1.50
2015.07.09 02:04:36.981,1.40822,1.40845,1.37,1.00
2015.07.09 02:04:37.133,1.40822,1.40848,1.37,1.00
2015.07.09 02:04:37.555,1.40823,1.40849,1.50,1.00
2015.07.09 02:04:37.929,1.40824,1.40851,1.50,2.62
2015.07.09 02:04:38.132,1.40824,1.4085,2.25,1.00
2015.07.09 02:04:38.386,1.4083,1.40853,1.12,1.00
2015.07.09 02:04:38.904,1.4083,1.40853,1.87,1.00
2015.07.09 02:04:38.955,1.4083,1.40856,1.87,1.50
2015.07.09 02:04:39.316,1.4083,1.40856,1.87,1.50
2015.07.09 02:04:39.519,1.4083,1.40854,1.37,1.50
2015.07.09 02:04:39.620,1.40826,1.40853,2.25,1.00
2015.07.09 02:04:39.672,1.40825,1.40851,1.87,1.00
2015.07.09 02:04:40.007,1.40829,1.40851,1.37,1.00
2015.07.09 02:04:40.058,1.40829,1.40854,1.37,1.50
2015.07.09 02:04:40.109,1.40828,1.40854,1.87,2.25
2015.07.09 02:04:40.311,1.40827,1.40851,1.00,1.00
2015.07.09 02:04:40.616,1.40825,1.40846,1.00,1.00
2015.07.09 02:04:40.667,1.40822,1.40846,1.00,1.00
2015.07.09 02:04:41.157,1.4082,1.40846,1.12,1.00
2015.07.09 02:04:41.844,1.4082,1.40846,1.50,1.50
2015.07.09 02:04:41.946,1.4082,1.40846,1.50,1.50
2015.07.09 02:04:43.405,1.4082,1.40846,1.12,2.25
2015.07.09 02:04:44.076,1.4082,1.40844,1.12,1.00
2015.07.09 02:04:44.856,1.4082,1.40843,1.12,1.00
2015.07.09 02:04:45.662,1.4082,1.40841,1.12,1.00
2015.07.09 02:04:45.714,1.40817,1.40841,1.00,1.00
2015.07.09 02:04:45.816,1.40812,1.40837,1.00,1.00
2015.07.09 02:04:45.868,1.40812,1.40835,1.00,1.00
2015.07.09 02:04:46.174,1.40819,1.40837,1.00,1.00
2015.07.09 02:04:46.226,1.40819,1.40843,1.50,3.00
2015.07.09 02:04:46.277,1.40819,1.40845,1.50,1.50
2015.07.09 02:04:46.803,1.40819,1.40846,1.00,1.00
2015.07.09 02:04:47.006,1.40818,1.40843,1.87,1.50
2015.07.09 02:04:47.058,1.40818,1.40843,1.00,1.00
2015.07.09 02:04:47.673,1.40818,1.40844,1.00,1.12
2015.07.09 02:04:47.876,1.40828,1.40846,1.00,1.00
2015.07.09 02:04:47.927,1.40825,1.40846,1.00,1.00
2015.07.09 02:04:47.978,1.40825,1.40849,1.50,1.00
2015.07.09 02:04:48.081,1.40826,1.40853,1.87,1.00
2015.07.09 02:04:48.183,1.40826,1.40853,1.00,1.87
2015.07.09 02:04:48.386,1.40824,1.40852,1.00,1.50
2015.07.09 02:04:48.437,1.40824,1.40849,1.00,1.00
2015.07.09 02:04:48.768,1.40824,1.40845,1.00,1.37
2015.07.09 02:04:48.822,1.40822,1.40845,1.00,1.37
2015.07.09 02:04:49.025,1.40822,1.40846,1.00,1.00
2015.07.09 02:04:49.128,1.4082,1.40846,1.50,1.00
2015.07.09 02:04:49.282,1.40819,1.40843,1.00,1.37
2015.07.09 02:04:49.384,1.40817,1.40841,1.00,1.00
2015.07.09 02:04:49.486,1.40815,1.40838,1.00,1.00
2015.07.09 02:04:49.904,1.40813,1.40838,1.00,1.00
2015.07.09 02:04:50.182,1.4081,1.40837,1.00,1.00
2015.07.09 02:04:50.689,1.40811,1.40836,1.00,1.00
2015.07.09 02:04:51.271,1.40812,1.40839,1.87,1.50
2015.07.09 02:04:51.778,1.40814,1.40839,1.00,1.00
2015.07.09 02:04:52.995,1.40814,1.40839,1.50,1.50
2015.07.09 02:04:53.352,1.40813,1.4084,1.00,2.62
2015.07.09 02:04:53.723,1.40812,1.40839,4.87,1.12
2015.07.09 02:04:53.775,1.40813,1.40839,1.00,1.12
2015.07.09 02:04:54.329,1.40813,1.40837,1.00,1.00
2015.07.09 02:04:55.000,1.40813,1.40839,1.00,1.87
2015.07.09 02:04:56.967,1.40814,1.4084,1.37,1.37
2015.07.09 02:04:57.069,1.40815,1.40843,2.25,1.50
2015.07.09 02:04:57.120,1.40819,1.40843,1.00,1.00
2015.07.09 02:04:57.222,1.40819,1.40847,2.25,1.75
2015.07.09 02:04:57.582,1.40823,1.40848,1.00,1.12
2015.07.09 02:04:59.135,1.40823,1.40846,1.00,1.00
2015.07.09 02:04:59.440,1.40825,1.40846,1.00,1.00
2015.07.09 02:04:59.491,1.40825,1.40849,1.00,1.50
2015.07.09 02:04:59.542,1.40827,1.40849,1.00,1.00
2015.07.09 02:05:00.055,1.40831,1.40852,1.00,1.00
2015.07.09 02:05:00.570,1.40832,1.40851,1.00,1.00
2015.07.09 02:05:00.885,1.40832,1.40849,1.00,1.00
2015.07.09 02:05:01.196,1.40831,1.40851,1.50,1.00
2015.07.09 02:05:01.907,1.40831,1.40852,1.00,1.00
2015.07.09 02:05:02.421,1.40831,1.40854,1.00,1.12
2015.07.09 02:05:03.001,1.40832,1.40854,1.00,1.12
2015.07.09 02:05:03.628,1.40831,1.40854,1.00,1.12
2015.07.09 02:05:04.035,1.40832,1.40856,1.00,1.00
2015.07.09 02:05:04.536,1.4083,1.40857,1.50,1.87
2015.07.09 02:05:05.099,1.4083,1.40854,1.50,1.00
2015.07.09 02:05:05.661,1.40829,1.40853,1.87,1.00
2015.07.09 02:05:06.210,1.40829,1.40852,1.87,1.00
2015.07.09 02:05:06.861,1.40829,1.40852,1.87,1.00
2015.07.09 02:05:07.369,1.40829,1.40853,1.87,1.00
2015.07.09 02:05:07.917,1.40829,1.40852,1.50,1.00
2015.07.09 02:05:08.718,1.40829,1.40852,1.87,1.00
2015.07.09 02:05:09.024,1.40829,1.4085,1.87,1.00
2015.07.09 02:05:09.329,1.40829,1.40855,1.87,1.00
2015.07.09 02:05:09.431,1.40831,1.40857,1.50,1.50
2015.07.09 02:05:10.146,1.40831,1.40858,2.25,1.00
2015.07.09 02:05:10.639,1.40831,1.40856,2.25,1.00
2015.07.09 02:05:11.642,1.40831,1.40858,1.87,1.00
2015.07.09 02:05:13.058,1.40831,1.40859,1.87,1.12
2015.07.09 02:05:13.697,1.40832,1.40859,1.00,1.12
2015.07.09 02:05:15.385,1.40832,1.40857,1.00,1.00
2015.07.09 02:05:15.709,1.4083,1.40856,1.00,2.25
2015.07.09 02:05:15.760,1.40828,1.40855,1.00,3.00
2015.07.09 02:05:16.300,1.40827,1.40854,1.00,1.50
2015.07.09 02:05:18.269,1.40827,1.40854,1.00,1.12
2015.07.09 02:05:18.371,1.40827,1.40852,1.00,1.00
2015.07.09 02:05:18.921,1.40827,1.40853,1.00,1.75
2015.07.09 02:05:19.464,1.40825,1.40853,1.87,2.25
2015.07.09 02:05:20.011,1.40823,1.4085,1.00,1.50
2015.07.09 02:05:20.519,1.40824,1.4085,1.50,1.00
2015.07.09 02:05:21.199,1.40825,1.4085,1.00,1.00
2015.07.09 02:05:21.948,1.40824,1.4085,1.00,1.00
2015.07.09 02:05:23.378,1.40823,1.40845,1.37,1.00
2015.07.09 02:05:23.480,1.40821,1.40845,1.50,1.00
2015.07.09 02:05:23.632,1.40822,1.4085,1.87,1.87
2015.07.09 02:05:23.684,1.40827,1.40851,1.00,2.62
2015.07.09 02:05:24.044,1.40828,1.40854,1.00,1.00
2015.07.09 02:05:24.248,1.40832,1.40855,1.00,1.12
2015.07.09 02:05:24.506,1.40829,1.40855,1.00,1.12
2015.07.09 02:05:24.558,1.40828,1.40853,1.00,1.37
2015.07.09 02:05:24.863,1.40834,1.40857,1.00,2.62
2015.07.09 02:05:25.570,1.40833,1.40857,1.00,1.87
2015.07.09 02:05:26.909,1.40832,1.40857,1.00,1.87
2015.07.09 02:05:27.445,1.40833,1.40857,1.00,1.00
2015.07.09 02:05:27.669,1.40829,1.40856,1.50,1.50
2015.07.09 02:05:27.720,1.40829,1.40852,1.50,1.50
2015.07.09 02:05:28.086,1.40829,1.40849,1.00,1.00
2015.07.09 02:05:28.137,1.40824,1.40849,1.00,1.00
2015.07.09 02:05:29.496,1.40824,1.40848,1.00,1.00
2015.07.09 02:05:30.010,1.40824,1.40847,1.00,1.00
2015.07.09 02:05:30.061,1.40824,1.40849,1.00,1.50
2015.07.09 02:05:30.940,1.40824,1.40849,2.25,1.00
2015.07.09 02:05:31.194,1.40825,1.40852,1.12,2.62
2015.07.09 02:05:32.177,1.40825,1.40849,1.12,1.00
2015.07.09 02:05:33.539,1.40824,1.40849,1.00,1.87
2015.07.09 02:05:33.845,1.40824,1.40847,1.00,1.00
2015.07.09 02:05:34.353,1.40824,1.40846,1.00,1.00
2015.07.09 02:05:35.176,1.40824,1.40845,1.00,1.00
2015.07.09 02:05:35.380,1.40821,1.40845,1.00,1.00
2015.07.09 02:05:35.999,1.40821,1.40844,1.00,1.00
2015.07.09 02:05:36.865,1.40819,1.40845,1.60,2.25
2015.07.09 02:05:37.298,1.40821,1.40848,2.10,1.50
2015.07.09 02:05:37.805,1.40826,1.4085,1.00,1.37
2015.07.09 02:05:37.856,1.40826,1.40851,1.00,1.00
2015.07.09 02:05:38.561,1.40825,1.40851,1.12,1.87
2015.07.09 02:05:38.613,1.40827,1.40851,1.00,1.87
2015.07.09 02:05:39.091,1.40829,1.40851,1.00,1.37
2015.07.09 02:05:39.193,1.40831,1.40854,1.00,1.87
2015.07.09 02:05:39.598,1.40832,1.40857,1.00,1.12
2015.07.09 02:05:40.067,1.40833,1.40852,1.00,1.00
2015.07.09 02:05:40.118,1.4083,1.40853,1.87,1.12
2015.07.09 02:05:40.221,1.40827,1.40853,1.12,1.00
2015.07.09 02:05:40.576,1.40827,1.4085,1.00,1.00
2015.07.09 02:05:40.627,1.40825,1.4085,1.00,1.50
2015.07.09 02:05:40.729,1.40823,1.4085,1.87,2.62
2015.07.09 02:05:41.652,1.40823,1.4085,1.00,2.62
2015.07.09 02:05:41.855,1.40823,1.40847,1.00,1.00
2015.07.09 02:05:42.159,1.40824,1.4085,1.00,1.50
2015.07.09 02:05:42.802,1.40825,1.4085,1.00,1.50
2015.07.09 02:05:43.307,1.40824,1.4085,1.00,2.62
2015.07.09 02:05:44.110,1.40824,1.40848,1.00,1.00
2015.07.09 02:05:44.623,1.40823,1.40847,1.00,1.00
2015.07.09 02:05:44.776,1.40823,1.4085,1.00,2.25
2015.07.09 02:05:44.928,1.40824,1.40847,1.00,1.00
2015.07.09 02:05:45.233,1.4082,1.40843,1.50,1.00
2015.07.09 02:05:47.617,1.4082,1.40846,1.50,3.75
2015.07.09 02:05:49.210,1.40822,1.40845,1.00,1.12
2015.07.09 02:05:49.884,1.40823,1.40845,1.00,1.12
2015.07.09 02:05:50.189,1.40824,1.40848,1.00,1.12
2015.07.09 02:05:50.673,1.40827,1.40849,1.00,1.00
2015.07.09 02:05:50.724,1.40827,1.40851,1.00,1.00
2015.07.09 02:05:51.231,1.40828,1.40852,1.00,1.00
2015.07.09 02:05:51.688,1.40828,1.40854,1.00,1.12
2015.07.09 02:05:52.211,1.40829,1.40855,1.00,1.87
2015.07.09 02:05:52.718,1.4083,1.40855,1.00,1.00
2015.07.09 02:05:52.769,1.4083,1.40857,1.00,1.87
2015.07.09 02:05:53.713,1.40833,1.40857,1.12,1.00
2015.07.09 02:05:53.917,1.40835,1.4086,1.50,1.00
2015.07.09 02:05:53.968,1.40837,1.40862,1.00,1.37
2015.07.09 02:05:54.222,1.40833,1.40858,1.00,1.12
2015.07.09 02:05:54.274,1.40831,1.40855,1.37,1.00
2015.07.09 02:05:54.376,1.40831,1.40858,1.00,1.12
2015.07.09 02:05:54.902,1.40832,1.40856,1.00,1.00
2015.07.09 02:05:55.106,1.40832,1.40858,1.00,1.12
2015.07.09 02:05:55.618,1.40833,1.40857,1.00,1.00
2015.07.09 02:05:57.894,1.40836,1.4086,1.00,1.12
2015.07.09 02:06:00.992,1.40837,1.4086,1.00,1.00
2015.07.09 02:06:01.524,1.40837,1.40861,1.00,1.00
2015.07.09 02:06:01.626,1.40837,1.40863,1.12,1.00
2015.07.09 02:06:02.204,1.40838,1.40863,1.00,1.00
2015.07.09 02:06:02.255,1.40838,1.4086,1.00,1.00
2015.07.09 02:06:02.356,1.40838,1.40862,1.00,1.00
2015.07.09 02:06:02.887,1.40838,1.40863,1.00,1.50
2015.07.09 02:06:03.189,1.40836,1.40863,1.12,1.50
2015.07.09 02:06:03.736,1.40837,1.40862,1.00,1.00
2015.07.09 02:06:04.199,1.40833,1.4086,1.50,1.00
2015.07.09 02:06:04.301,1.40832,1.40859,1.00,1.37
2015.07.09 02:06:04.843,1.40832,1.40855,1.00,1.00
2015.07.09 02:06:07.052,1.40831,1.40855,1.50,1.00
2015.07.09 02:06:07.724,1.40832,1.40855,1.00,1.00
2015.07.09 02:06:08.456,1.40831,1.40855,1.50,1.00
2015.07.09 02:06:09.213,1.40832,1.40855,1.00,1.00
2015.07.09 02:06:09.315,1.40831,1.40857,1.00,1.00
2015.07.09 02:06:09.819,1.40831,1.40858,1.00,1.00
2015.07.09 02:06:10.326,1.40831,1.40857,1.00,1.00
2015.07.09 02:06:11.005,1.40831,1.40856,1.00,1.00
2015.07.09 02:06:11.552,1.40831,1.40855,1.00,1.00
2015.07.09 02:06:12.289,1.40831,1.40854,1.50,1.00
2015.07.09 02:06:12.758,1.40831,1.40852,1.00,1.00
2015.07.09 02:06:13.959,1.40828,1.40852,1.00,1.00
2015.07.09 02:06:14.314,1.40828,1.4085,1.00,1.00
2015.07.09 02:06:14.466,1.40825,1.40849,1.00,1.00
2015.07.09 02:06:14.823,1.40822,1.40848,1.00,1.12
2015.07.09 02:06:15.128,1.40819,1.40848,2.25,1.50
2015.07.09 02:06:15.490,1.40821,1.40848,1.00,1.00
2015.07.09 02:06:16.524,1.40821,1.40849,1.87,2.25
2015.07.09 02:06:16.829,1.40821,1.40847,1.00,1.00
2015.07.09 02:06:17.351,1.40821,1.40843,1.00,1.00
2015.07.09 02:06:17.403,1.40819,1.40843,1.00,1.00
2015.07.09 02:06:17.505,1.40818,1.40841,1.00,1.12
2015.07.09 02:06:17.708,1.40819,1.40844,1.00,1.12
2015.07.09 02:06:18.805,1.40818,1.40844,1.00,2.25
2015.07.09 02:06:18.856,1.40818,1.4084,1.00,1.00
2015.07.09 02:06:18.907,1.40813,1.4084,2.25,1.37
2015.07.09 02:06:19.010,1.4081,1.40838,2.25,1.37
2015.07.09 02:06:19.213,1.40812,1.40838,1.00,1.87
2015.07.09 02:06:19.614,1.40818,1.40838,1.00,1.12
2015.07.09 02:06:19.665,1.40818,1.40843,1.00,1.12
2015.07.09 02:06:20.577,1.40817,1.40843,1.00,1.12
2015.07.09 02:06:20.888,1.40819,1.40843,1.00,1.00
2015.07.09 02:06:21.194,1.40828,1.40843,1.00,1.00
2015.07.09 02:06:22.213,1.40825,1.40843,1.00,1.00
2015.07.09 02:06:22.264,1.40825,1.40846,1.00,1.12
2015.07.09 02:06:22.676,1.40827,1.40846,1.00,1.12
2015.07.09 02:06:22.981,1.40834,1.40854,1.00,1.00
2015.07.09 02:06:23.133,1.40834,1.40856,1.50,1.50
2015.07.09 02:06:23.507,1.40837,1.40856,1.00,1.00
2015.07.09 02:06:23.611,1.40837,1.4086,1.00,1.87
2015.07.09 02:06:24.119,1.40838,1.4086,1.00,1.87
2015.07.09 02:06:24.694,1.40837,1.4086,1.00,1.50
2015.07.09 02:06:26.243,1.40836,1.4086,1.00,1.00
2015.07.09 02:06:26.750,1.40837,1.4086,1.00,1.12
2015.07.09 02:06:27.376,1.40837,1.40859,1.00,1.12
2015.07.09 02:06:27.427,1.40835,1.40859,1.00,1.12
2015.07.09 02:06:29.695,1.40835,1.40858,1.00,1.00
2015.07.09 02:06:30.376,1.40831,1.40858,1.00,1.00
2015.07.09 02:06:30.783,1.4083,1.40857,1.00,1.50
2015.07.09 02:06:31.088,1.4083,1.40853,1.50,1.00
2015.07.09 02:06:31.342,1.4083,1.40856,1.00,2.62
2015.07.09 02:06:31.867,1.4083,1.40856,1.00,1.00
2015.07.09 02:06:32.411,1.4083,1.40857,1.00,2.25
2015.07.09 02:06:33.223,1.40831,1.40857,1.00,2.25
2015.07.09 02:06:33.667,1.40833,1.40857,1.00,2.25
2015.07.09 02:06:34.175,1.40832,1.40857,1.00,1.00
2015.07.09 02:06:34.708,1.40831,1.40857,1.50,1.00
2015.07.09 02:06:39.095,1.40834,1.40856,1.00,1.00
2015.07.09 02:06:39.518,1.40843,1.40858,1.00,1.00
2015.07.09 02:06:39.569,1.40843,1.40864,1.00,1.37
2015.07.09 02:06:39.621,1.40843,1.40865,1.00,1.00
2015.07.09 02:06:39.723,1.40841,1.40865,1.00,1.87
2015.07.09 02:06:39.825,1.40841,1.40865,1.00,1.00
2015.07.09 02:06:39.876,1.40838,1.40861,1.12,1.00
2015.07.09 02:06:40.131,1.4083,1.40856,1.50,1.00
2015.07.09 02:06:41.428,1.40831,1.40857,1.00,1.87
2015.07.09 02:06:41.479,1.40831,1.40853,1.00,1.00
2015.07.09 02:06:43.608,1.40833,1.40853,1.00,1.00
2015.07.09 02:06:44.118,1.40833,1.40852,1.00,1.00
2015.07.09 02:06:45.976,1.40833,1.40855,1.00,2.25
2015.07.09 02:06:46.281,1.40833,1.40853,1.00,1.00
2015.07.09 02:06:46.626,1.40838,1.40857,1.00,1.00
2015.07.09 02:06:46.728,1.40838,1.4086,1.00,1.00
2015.07.09 02:06:47.239,1.40839,1.4086,1.00,1.00
2015.07.09 02:06:47.636,1.40835,1.40859,1.00,1.00
2015.07.09 02:06:47.739,1.40833,1.40859,1.87,1.00
2015.07.09 02:06:48.245,1.40833,1.40858,1.12,1.00
2015.07.09 02:06:48.804,1.40831,1.40858,1.50,1.00
2015.07.09 02:06:48.855,1.40831,1.40856,1.50,1.00
2015.07.09 02:06:49.160,1.40828,1.4085,1.50,1.00
2015.07.09 02:06:49.834,1.40826,1.40849,1.37,1.00
2015.07.09 02:06:50.341,1.40826,1.40848,1.37,1.00
2015.07.09 02:06:50.645,1.4082,1.40847,1.87,2.25
2015.07.09 02:06:50.697,1.4082,1.40844,1.87,1.00
2015.07.09 02:06:51.292,1.4082,1.40841,1.00,1.00
2015.07.09 02:06:52.007,1.4082,1.4084,1.00,1.00
2015.07.09 02:06:52.741,1.40815,1.40837,1.00,1.00
2015.07.09 02:06:52.792,1.40812,1.40837,1.50,1.00
2015.07.09 02:06:53.253,1.40812,1.40834,1.12,1.00
2015.07.09 02:06:53.663,1.40812,1.40836,1.12,1.00
2015.07.09 02:06:54.327,1.40812,1.40834,1.00,1.00
2015.07.09 02:06:54.581,1.40812,1.40836,1.00,1.00
2015.07.09 02:06:54.784,1.40812,1.40832,1.00,1.00
2015.07.09 02:06:56.214,1.40812,1.40834,1.00,1.00
2015.07.09 02:06:58.054,1.40812,1.40836,1.00,1.00
2015.07.09 02:06:58.562,1.40812,1.40836,1.87,1.00
2015.07.09 02:07:01.427,1.40812,1.40836,1.12,1.00
2015.07.09 02:07:03.759,1.40812,1.40838,1.12,1.50
2015.07.09 02:07:04.275,1.40812,1.40837,1.00,1.00
2015.07.09 02:07:04.377,1.40812,1.40835,1.00,1.00
2015.07.09 02:07:05.114,1.40812,1.40836,1.00,1.00
2015.07.09 02:07:05.880,1.40812,1.40835,1.00,1.00
2015.07.09 02:07:06.865,1.40812,1.40834,1.00,1.00
2015.07.09 02:07:07.741,1.40808,1.40834,1.75,1.12
2015.07.09 02:07:08.466,1.40808,1.40834,1.75,1.12
2015.07.09 02:07:11.569,1.40807,1.40835,3.75,1.00
2015.07.09 02:07:12.723,1.40807,1.4083,3.00,1.00
2015.07.09 02:07:12.774,1.40807,1.4083,1.12,1.00
2015.07.09 02:07:13.105,1.408,1.40827,1.00,2.62
2015.07.09 02:07:14.892,1.408,1.40827,1.87,1.12
2015.07.09 02:07:15.986,1.408,1.40828,1.12,1.00
2015.07.09 02:07:16.978,1.40801,1.40828,1.00,1.00
2015.07.09 02:07:17.506,1.40801,1.40828,1.37,1.00
2015.07.09 02:07:19.224,1.40802,1.40828,1.87,1.00
2015.07.09 02:07:19.428,1.40802,1.4083,1.12,1.87
2015.07.09 02:07:19.480,1.40802,1.40827,1.12,1.00
2015.07.09 02:07:21.037,1.40802,1.40827,1.00,1.50
2015.07.09 02:07:21.292,1.40802,1.40829,1.00,1.37
2015.07.09 02:07:21.846,1.40803,1.40829,1.00,1.37
2015.07.09 02:07:22.090,1.40803,1.40829,1.50,1.37
2015.07.09 02:07:22.295,1.40806,1.40831,1.37,1.00
2015.07.09 02:07:22.498,1.40807,1.40834,1.50,1.37
2015.07.09 02:07:23.496,1.40807,1.40834,1.12,1.37
2015.07.09 02:07:23.829,1.4081,1.40834,1.00,1.37
2015.07.09 02:07:23.930,1.40808,1.40834,1.00,1.37
2015.07.09 02:07:25.060,1.40808,1.40832,1.00,1.00
2015.07.09 02:07:26.021,1.40808,1.40835,1.00,1.37
2015.07.09 02:07:29.245,1.40808,1.40835,1.37,1.37
2015.07.09 02:07:29.580,1.40811,1.40835,1.00,1.37
2015.07.09 02:07:29.969,1.40808,1.40835,1.37,1.37
2015.07.09 02:07:30.270,1.40807,1.40832,2.25,1.00
2015.07.09 02:07:30.423,1.40806,1.40832,2.25,1.00
2015.07.09 02:07:31.425,1.40806,1.40832,1.00,1.00
2015.07.09 02:07:34.175,1.40806,1.40832,1.37,1.00
2015.07.09 02:07:34.683,1.40807,1.40832,1.50,1.00
2015.07.09 02:07:35.101,1.40807,1.40832,1.50,1.00
2015.07.09 02:07:36.890,1.40806,1.40832,1.87,1.50
2015.07.09 02:07:37.483,1.40807,1.40832,1.12,1.50
2015.07.09 02:07:39.703,1.40807,1.40834,1.12,1.00
2015.07.09 02:07:40.995,1.40806,1.40834,3.75,1.00
2015.07.09 02:07:42.146,1.4081,1.40836,1.50,1.50
2015.07.09 02:07:42.914,1.40811,1.40838,1.12,1.12
2015.07.09 02:07:43.319,1.4081,1.40836,1.12,1.12
2015.07.09 02:07:43.667,1.40807,1.40834,1.00,1.12
2015.07.09 02:07:43.718,1.40809,1.40836,1.00,1.87
2015.07.09 02:07:43.973,1.40812,1.40836,1.00,1.87
2015.07.09 02:07:44.176,1.4081,1.40836,1.50,1.00
2015.07.09 02:07:44.943,1.40811,1.40836,2.62,1.00
2015.07.09 02:07:45.729,1.40811,1.40839,2.62,1.50
2015.07.09 02:07:46.499,1.40813,1.40839,1.00,1.50
2015.07.09 02:07:46.931,1.40813,1.40839,1.00,1.87
2015.07.09 02:07:47.335,1.40813,1.40839,1.00,1.00
2015.07.09 02:07:48.053,1.40813,1.40839,1.50,1.50
2015.07.09 02:07:48.602,1.40813,1.40838,1.00,1.37
2015.07.09 02:07:48.834,1.40814,1.40839,1.00,1.00
2015.07.09 02:07:50.543,1.40815,1.40839,1.00,1.00
2015.07.09 02:07:50.868,1.40814,1.40841,1.00,1.50
2015.07.09 02:07:52.464,1.40814,1.40841,1.00,2.25
2015.07.09 02:07:53.009,1.40813,1.40838,1.00,1.37
2015.07.09 02:07:53.411,1.40813,1.40841,1.00,1.50
2015.07.09 02:07:53.953,1.40814,1.40841,1.12,1.50
2015.07.09 02:07:54.544,1.40814,1.40841,1.87,1.00
2015.07.09 02:07:56.735,1.40814,1.40841,1.00,1.00
2015.07.09 02:08:00.276,1.40814,1.40841,1.37,1.00
2015.07.09 02:08:01.014,1.40816,1.40841,1.00,1.00
2015.07.09 02:08:01.069,1.40817,1.40844,1.00,1.50
2015.07.09 02:08:03.295,1.40816,1.40843,1.37,1.00
2015.07.09 02:08:04.459,1.40816,1.40843,2.25,1.00
2015.07.09 02:08:05.818,1.40816,1.40843,2.25,1.37
2015.07.09 02:08:06.324,1.40817,1.40843,1.00,1.37
2015.07.09 02:08:06.706,1.40817,1.40844,1.00,1.12
2015.07.09 02:08:10.526,1.40817,1.40843,1.50,1.00
2015.07.09 02:08:12.094,1.40817,1.40843,1.87,1.00
2015.07.09 02:08:12.195,1.40817,1.40841,1.00,1.00
2015.07.09 02:08:12.348,1.40815,1.40841,2.62,1.12
2015.07.09 02:08:12.664,1.40812,1.40839,1.87,1.50
2015.07.09 02:08:12.717,1.40812,1.4084,1.87,1.00
2015.07.09 02:08:12.869,1.40813,1.4084,1.87,1.00
2015.07.09 02:08:12.971,1.40812,1.4084,3.37,1.00
2015.07.09 02:08:13.073,1.40813,1.4084,1.87,1.00
2015.07.09 02:08:13.600,1.40813,1.4084,2.62,1.00
2015.07.09 02:08:13.981,1.40814,1.40842,1.50,1.12
2015.07.09 02:08:16.258,1.40816,1.40842,1.00,1.12
2015.07.09 02:08:16.764,1.40815,1.40842,1.00,1.12
2015.07.09 02:08:17.615,1.40817,1.40842,1.00,1.12
2015.07.09 02:08:18.582,1.40815,1.40842,1.37,1.12
2015.07.09 02:08:19.644,1.40815,1.40842,1.12,1.12
2015.07.09 02:08:20.600,1.40815,1.40842,1.37,1.12
2015.07.09 02:08:21.416,1.40817,1.40842,1.00,1.12
2015.07.09 02:08:25.711,1.40817,1.4084,1.50,1.00
2015.07.09 02:08:26.215,1.40816,1.4084,1.00,1.00
2015.07.09 02:08:28.050,1.40815,1.40838,1.87,1.00
2015.07.09 02:08:30.229,1.40815,1.40841,1.87,1.00
2015.07.09 02:08:31.458,1.40817,1.40842,1.00,1.00
2015.07.09 02:08:31.809,1.40818,1.40842,1.87,1.00
2015.07.09 02:08:31.864,1.40818,1.40845,1.87,2.25
2015.07.09 02:08:32.016,1.40821,1.40845,1.00,1.50
2015.07.09 02:08:32.170,1.40822,1.40848,1.00,1.00
2015.07.09 02:08:32.221,1.40823,1.40848,1.75,1.00
2015.07.09 02:08:33.038,1.40825,1.40848,1.37,1.00
2015.07.09 02:08:35.266,1.40824,1.40848,1.00,1.00
2015.07.09 02:08:37.264,1.40825,1.40848,1.00,1.00
2015.07.09 02:08:37.957,1.40827,1.40851,1.00,1.00
2015.07.09 02:08:38.535,1.40828,1.40851,1.00,1.00
2015.07.09 02:08:38.592,1.40825,1.4085,1.00,1.00
2015.07.09 02:08:38.897,1.40824,1.40847,1.50,1.00
2015.07.09 02:08:39.408,1.40823,1.40847,1.50,1.00
2015.07.09 02:08:43.460,1.40822,1.40847,1.50,1.00
2015.07.09 02:08:43.714,1.40824,1.4085,1.00,1.00
2015.07.09 02:08:44.225,1.40822,1.40848,1.50,1.00
2015.07.09 02:08:45.478,1.40822,1.40847,2.25,1.00
2015.07.09 02:08:46.200,1.40821,1.40844,1.00,1.00
2015.07.09 02:08:46.251,1.40819,1.40844,1.00,1.50
2015.07.09 02:08:46.302,1.40819,1.40841,1.00,1.00
2015.07.09 02:08:46.354,1.40817,1.40841,1.87,1.50
2015.07.09 02:08:49.857,1.40814,1.40841,1.00,1.50
2015.07.09 02:08:50.113,1.40814,1.40838,1.00,1.00
2015.07.09 02:08:50.644,1.40815,1.40838,1.00,1.00
2015.07.09 02:08:51.158,1.40814,1.40838,1.00,1.00
2015.07.09 02:08:52.913,1.40814,1.4083,1.50,1.00
2015.07.09 02:08:53.015,1.40811,1.4083,1.00,1.00
2015.07.09 02:08:53.067,1.40809,1.4083,1.12,1.00
2015.07.09 02:08:53.169,1.40807,1.4083,1.50,1.00
2015.07.09 02:08:53.730,1.40806,1.4083,1.00,1.00
2015.07.09 02:08:55.093,1.40805,1.40828,1.87,1.00
2015.07.09 02:08:55.499,1.40807,1.40828,1.00,1.00
2015.07.09 02:08:55.926,1.40807,1.4083,1.00,1.00
2015.07.09 02:08:55.977,1.40808,1.4083,1.12,1.00
2015.07.09 02:08:56.289,1.40813,1.40834,1.00,1.00
2015.07.09 02:08:56.340,1.40813,1.40836,1.87,1.50
2015.07.09 02:08:56.391,1.40813,1.40836,1.87,1.00
2015.07.09 02:08:57.977,1.40814,1.40839,1.37,1.00
2015.07.09 02:08:58.078,1.40813,1.40839,1.12,1.00
2015.07.09 02:08:58.297,1.40813,1.40836,1.12,1.00
2015.07.09 02:09:01.020,1.40811,1.40836,1.50,1.00
2015.07.09 02:09:01.663,1.40811,1.40833,1.00,1.00
2015.07.09 02:09:02.190,1.4081,1.40833,1.87,1.00
2015.07.09 02:09:03.973,1.4081,1.4083,1.12,1.00
2015.07.09 02:09:05.487,1.4081,1.40827,1.12,1.00
2015.07.09 02:09:12.828,1.40809,1.40826,1.37,1.00
2015.07.09 02:09:13.608,1.40809,1.40829,1.37,1.00
2015.07.09 02:09:14.115,1.40807,1.40829,1.87,1.00
2015.07.09 02:09:15.159,1.40807,1.40829,1.50,1.00
2015.07.09 02:09:15.666,1.40807,1.40829,1.37,1.00
2015.07.09 02:09:16.403,1.40807,1.40829,1.37,1.00
2015.07.09 02:09:17.672,1.40807,1.40829,1.12,1.00
2015.07.09 02:09:18.763,1.40807,1.40826,1.00,1.00
2015.07.09 02:09:18.814,1.40804,1.40826,2.25,1.00
2015.07.09 02:09:18.866,1.40804,1.40823,1.37,1.00
2015.07.09 02:09:19.119,1.40801,1.4082,1.50,1.00
2015.07.09 02:09:19.450,1.40799,1.4082,1.50,1.00
2015.07.09 02:09:19.506,1.40801,1.4082,1.00,1.00
2015.07.09 02:09:19.659,1.40801,1.40824,1.00,1.00
2015.07.09 02:09:20.065,1.40802,1.40827,1.50,1.00
2015.07.09 02:09:20.268,1.40802,1.40827,2.62,1.00
2015.07.09 02:09:20.686,1.40805,1.40827,1.87,1.00
2015.07.09 02:09:20.843,1.40807,1.4083,1.00,1.00
2015.07.09 02:09:21.138,1.40807,1.40826,1.00,1.00
2015.07.09 02:09:21.189,1.40805,1.40826,1.00,1.00
2015.07.09 02:09:21.998,1.40805,1.40824,1.00,1.00
2015.07.09 02:09:22.565,1.40803,1.40824,1.12,1.00
2015.07.09 02:09:22.667,1.40801,1.40824,2.25,1.00
2015.07.09 02:09:27.530,1.40801,1.40822,1.12,1.00
2015.07.09 02:09:28.122,1.40802,1.40822,1.00,1.00
2015.07.09 02:09:29.060,1.40801,1.40822,1.00,1.00
2015.07.09 02:09:30.363,1.408,1.40822,1.87,1.00
2015.07.09 02:09:31.025,1.408,1.40822,1.37,1.00
2015.07.09 02:09:31.596,1.408,1.40822,1.12,1.00
2015.07.09 02:09:34.122,1.40801,1.40822,1.00,1.00
2015.07.09 02:09:34.512,1.40801,1.40822,1.37,1.00
2015.07.09 02:09:34.564,1.40802,1.40825,1.37,1.00
2015.07.09 02:09:35.133,1.40804,1.40825,1.00,1.00
2015.07.09 02:09:40.151,1.40805,1.40825,1.00,1.00
2015.07.09 02:09:40.819,1.40804,1.40825,1.12,1.00
2015.07.09 02:09:40.870,1.40804,1.40828,1.12,1.00
2015.07.09 02:09:40.921,1.40806,1.40828,1.00,1.00
2015.07.09 02:09:41.441,1.40807,1.4083,1.00,1.37
2015.07.09 02:09:42.150,1.40806,1.4083,1.87,1.37
2015.07.09 02:09:43.132,1.40806,1.40827,1.87,1.00
2015.07.09 02:09:43.642,1.40805,1.40827,1.37,1.00
2015.07.09 02:09:43.845,1.40805,1.40827,1.00,1.00
2015.07.09 02:09:44.116,1.40804,1.40824,1.12,1.00
2015.07.09 02:09:48.844,1.40803,1.40824,1.12,1.00
2015.07.09 02:09:50.401,1.40803,1.40825,1.12,1.00
2015.07.09 02:09:51.854,1.40803,1.40825,1.87,1.00
2015.07.09 02:09:53.447,1.40804,1.40825,1.37,1.00
2015.07.09 02:09:53.499,1.40806,1.40828,1.00,1.00
2015.07.09 02:09:53.904,1.40807,1.40822,1.00,1.00
2015.07.09 02:09:53.955,1.40803,1.40822,1.87,1.00
2015.07.09 02:09:54.006,1.408,1.40822,1.00,1.00
2015.07.09 02:09:54.057,1.408,1.40819,1.00,1.00
2015.07.09 02:09:54.362,1.40797,1.40816,1.00,1.00
2015.07.09 02:09:55.293,1.40797,1.40819,1.00,1.00
2015.07.09 02:09:56.038,1.40797,1.40822,3.00,1.00
2015.07.09 02:09:56.551,1.40798,1.40822,2.25,1.00
2015.07.09 02:09:56.653,1.40798,1.40824,2.25,1.00
2015.07.09 02:09:57.166,1.40799,1.40824,1.87,1.00
2015.07.09 02:09:57.475,1.40802,1.40824,1.37,1.00
2015.07.09 02:09:58.354,1.40803,1.40827,1.00,1.00
2015.07.09 02:09:58.455,1.40803,1.40827,1.87,1.00
2015.07.09 02:10:00.176,1.40806,1.40827,1.00,1.00
2015.07.09 02:10:01.082,1.40805,1.40827,1.00,1.00
2015.07.09 02:10:01.589,1.40802,1.40827,3.37,1.00
2015.07.09 02:10:03.717,1.40802,1.40827,2.25,1.37
2015.07.09 02:10:04.022,1.40797,1.40814,1.37,1.00
2015.07.09 02:10:04.176,1.40795,1.40814,1.00,1.00
2015.07.09 02:10:04.396,1.40797,1.40814,1.00,1.00
2015.07.09 02:10:04.600,1.40792,1.40814,2.25,1.00
2015.07.09 02:10:04.651,1.40793,1.40811,1.00,1.00
2015.07.09 02:10:04.753,1.40791,1.40811,2.62,1.00
2015.07.09 02:10:05.458,1.40788,1.40815,1.75,1.00
2015.07.09 02:10:05.509,1.40789,1.40815,1.12,1.00
2015.07.09 02:10:06.496,1.40791,1.40818,2.25,1.00
2015.07.09 02:10:06.669,1.40792,1.40818,1.00,1.00
2015.07.09 02:10:07.924,1.40792,1.40818,2.25,1.00
2015.07.09 02:10:09.829,1.40792,1.40818,1.87,1.00
2015.07.09 02:10:10.339,1.40795,1.40818,1.37,1.00
2015.07.09 02:10:10.644,1.40795,1.4082,1.37,1.37
2015.07.09 02:10:11.023,1.40796,1.40821,1.37,1.00
2015.07.09 02:10:12.384,1.40796,1.40823,2.25,1.50
2015.07.09 02:10:13.459,1.40798,1.40823,1.75,1.00
2015.07.09 02:10:13.510,1.40799,1.40825,2.25,1.00
2015.07.09 02:10:13.890,1.40806,1.40831,1.37,1.00
2015.07.09 02:10:14.398,1.40809,1.40832,1.37,1.00
2015.07.09 02:10:15.168,1.4081,1.40834,1.00,1.87
2015.07.09 02:10:15.220,1.4081,1.40825,1.00,1.00
2015.07.09 02:10:15.271,1.4081,1.40829,1.00,1.00
2015.07.09 02:10:15.322,1.40805,1.40829,1.50,1.00
2015.07.09 02:10:15.929,1.40805,1.40828,1.12,1.00
2015.07.09 02:10:16.415,1.40807,1.40828,3.22,1.00
2015.07.09 02:10:16.466,1.4081,1.40833,1.50,1.00
2015.07.09 02:10:16.517,1.4081,1.40833,1.37,1.00
2015.07.09 02:10:16.619,1.4081,1.40833,1.00,1.50
2015.07.09 02:10:16.720,1.4081,1.40832,1.00,1.75
2015.07.09 02:10:16.822,1.40806,1.4083,1.72,1.87
2015.07.09 02:10:17.605,1.40806,1.40828,1.00,1.00
2015.07.09 02:10:19.007,1.40806,1.40827,1.00,1.00
2015.07.09 02:10:19.553,1.40806,1.40822,1.00,1.00
2015.07.09 02:10:19.604,1.40802,1.40822,1.50,1.00
2015.07.09 02:10:20.323,1.408,1.40822,1.00,1.00
2015.07.09 02:10:20.922,1.40798,1.40822,1.37,1.00
2015.07.09 02:10:21.496,1.40798,1.40822,1.00,1.00
2015.07.09 02:10:22.616,1.40798,1.4082,1.00,1.00
2015.07.09 02:10:22.986,1.40798,1.40822,1.50,1.00
2015.07.09 02:10:23.416,1.40798,1.40822,2.62,1.00
2015.07.09 02:10:23.722,1.40804,1.40824,1.00,1.00
2015.07.09 02:10:24.509,1.40804,1.40825,1.00,1.00
2015.07.09 02:10:24.914,1.40805,1.40832,1.12,2.62
2015.07.09 02:10:24.968,1.40805,1.40832,2.25,2.62
2015.07.09 02:10:25.277,1.40809,1.40833,1.12,1.00
2015.07.09 02:10:25.826,1.4081,1.40833,1.50,1.00
2015.07.09 02:10:25.877,1.40802,1.40826,1.00,1.00
2015.07.09 02:10:25.928,1.408,1.40826,1.00,1.50
2015.07.09 02:10:26.029,1.408,1.40824,1.00,1.00
2015.07.09 02:10:26.334,1.408,1.40827,3.00,1.00
2015.07.09 02:10:26.486,1.40806,1.40827,1.00,1.00
2015.07.09 02:10:26.537,1.40806,1.40834,1.87,1.12
2015.07.09 02:10:27.048,1.40811,1.40837,1.00,1.75
2015.07.09 02:10:27.100,1.40811,1.40837,1.12,1.00
2015.07.09 02:10:27.151,1.40814,1.40837,1.00,1.12
2015.07.09 02:10:27.684,1.40814,1.40837,1.00,1.87
2015.07.09 02:10:27.735,1.40812,1.40837,1.00,1.87
2015.07.09 02:10:28.938,1.40812,1.40838,1.00,1.00
2015.07.09 02:10:29.039,1.40812,1.4084,1.12,1.12
2015.07.09 02:10:29.141,1.40814,1.4084,1.00,1.12
2015.07.09 02:10:36.643,1.40816,1.4084,1.50,1.12
2015.07.09 02:10:36.795,1.40816,1.40843,3.37,1.00
2015.07.09 02:10:37.180,1.40819,1.40846,1.12,1.50
2015.07.09 02:10:37.232,1.40823,1.40848,1.00,1.00
2015.07.09 02:10:38.367,1.40821,1.40848,1.12,2.25
2015.07.09 02:10:38.865,1.40817,1.40843,1.00,1.87
2015.07.09 02:10:38.916,1.40813,1.40843,3.00,1.87
2015.07.09 02:10:38.968,1.40813,1.4084,3.00,1.00
2015.07.09 02:10:39.475,1.40813,1.40839,1.12,1.00
2015.07.09 02:10:42.661,1.40813,1.40838,1.00,1.00
2015.07.09 02:10:43.581,1.40813,1.40839,1.00,1.00
2015.07.09 02:10:44.334,1.40813,1.40838,1.00,1.00
2015.07.09 02:10:44.848,1.40813,1.40839,1.00,1.00
2015.07.09 02:10:45.477,1.40813,1.40838,1.00,1.00
2015.07.09 02:10:46.307,1.40813,1.40839,1.00,1.00
2015.07.09 02:10:46.860,1.40813,1.4084,1.00,1.00
2015.07.09 02:10:47.267,1.40816,1.40841,1.00,1.00
2015.07.09 02:10:47.571,1.40821,1.40845,1.87,1.00
2015.07.09 02:10:48.181,1.40822,1.40846,1.12,1.00
2015.07.09 02:10:48.669,1.40822,1.40844,1.00,1.50
2015.07.09 02:10:48.821,1.40822,1.40846,1.00,1.00
2015.07.09 02:10:49.227,1.40824,1.40847,1.00,1.00
2015.07.09 02:10:50.173,1.40825,1.40851,1.00,1.00
2015.07.09 02:10:51.312,1.40825,1.40849,1.00,1.00
2015.07.09 02:10:51.863,1.40824,1.40849,1.50,1.00
2015.07.09 02:10:54.023,1.40824,1.40849,2.10,1.00
2015.07.09 02:10:54.327,1.40831,1.40852,1.00,1.00
2015.07.09 02:10:54.531,1.40826,1.4085,1.00,1.00
2015.07.09 02:10:54.890,1.40826,1.40852,1.00,1.87
2015.07.09 02:10:57.350,1.40826,1.40852,2.62,1.00
2015.07.09 02:10:57.401,1.40828,1.40855,1.00,1.87
2015.07.09 02:10:57.907,1.40829,1.40855,1.00,1.87
2015.07.09 02:10:58.440,1.40828,1.40855,1.00,1.87
2015.07.09 02:10:58.945,1.40826,1.40855,3.75,2.62
2015.07.09 02:10:59.281,1.40826,1.40851,1.87,1.00
2015.07.09 02:11:02.611,1.40828,1.40852,1.00,1.37
2015.07.09 02:11:03.156,1.40832,1.40854,1.37,1.00
2015.07.09 02:11:03.685,1.40834,1.40855,1.87,1.00
2015.07.09 02:11:04.360,1.40834,1.40854,1.50,1.00
2015.07.09 02:11:04.462,1.40834,1.40859,1.00,1.50
2015.07.09 02:11:04.999,1.40832,1.40859,1.37,1.50
2015.07.09 02:11:05.618,1.40833,1.4086,1.00,1.50
2015.07.09 02:11:05.670,1.40832,1.40856,3.00,1.00
2015.07.09 02:11:06.219,1.40833,1.40852,1.37,1.00
2015.07.09 02:11:06.423,1.40826,1.40852,1.50,2.62
2015.07.09 02:11:06.764,1.4083,1.40852,1.87,2.62
2015.07.09 02:11:06.865,1.4083,1.40853,2.25,1.00
2015.07.09 02:11:06.916,1.4083,1.40855,2.25,1.00
2015.07.09 02:11:06.967,1.4083,1.40855,2.25,1.00
2015.07.09 02:11:07.069,1.40832,1.40857,1.12,1.00
2015.07.09 02:11:07.121,1.40832,1.40852,1.12,1.00
2015.07.09 02:11:07.428,1.40824,1.4084,1.00,1.00
2015.07.09 02:11:07.532,1.40819,1.40844,1.50,1.50
2015.07.09 02:11:07.843,1.40822,1.40847,1.00,1.00
2015.07.09 02:11:08.050,1.40822,1.40849,1.87,2.25
2015.07.09 02:11:08.355,1.40822,1.40847,1.12,1.00
2015.07.09 02:11:08.508,1.4082,1.40847,1.50,1.50
2015.07.09 02:11:08.559,1.4082,1.40842,1.50,1.00
2015.07.09 02:11:09.039,1.4082,1.40844,1.00,1.00
2015.07.09 02:11:09.243,1.40817,1.40844,1.87,1.00
2015.07.09 02:11:09.649,1.40819,1.40847,1.12,3.37
2015.07.09 02:11:09.751,1.40817,1.40846,2.85,1.00
2015.07.09 02:11:09.853,1.4082,1.40847,1.00,3.75
2015.07.09 02:11:10.242,1.40817,1.40843,1.72,1.12
2015.07.09 02:11:10.497,1.40817,1.40844,2.47,1.87
2015.07.09 02:11:10.752,1.40819,1.40846,2.85,1.00
2015.07.09 02:11:10.854,1.4082,1.40848,2.10,1.87
2015.07.09 02:11:11.380,1.4082,1.40847,2.62,1.50
2015.07.09 02:11:11.905,1.4082,1.40847,2.62,1.00
2015.07.09 02:11:12.512,1.40821,1.40847,1.75,1.00
2015.07.09 02:11:12.895,1.40823,1.40849,1.87,1.00
2015.07.09 02:11:13.149,1.40823,1.40849,1.00,1.50
2015.07.09 02:11:13.773,1.40823,1.40848,1.00,1.00
2015.07.09 02:11:14.061,1.4082,1.40841,2.85,1.00
2015.07.09 02:11:14.112,1.4082,1.40841,1.50,1.00
2015.07.09 02:11:14.264,1.4082,1.40843,1.00,1.00
2015.07.09 02:11:14.366,1.4082,1.40841,1.12,1.00
2015.07.09 02:11:14.468,1.4082,1.40844,1.12,1.00
2015.07.09 02:11:14.975,1.4082,1.40845,1.00,1.00
2015.07.09 02:11:15.397,1.40823,1.40848,1.00,1.87
2015.07.09 02:11:15.928,1.4082,1.40848,3.75,1.12
2015.07.09 02:11:16.578,1.40822,1.40845,1.00,1.12
2015.07.09 02:11:16.680,1.4082,1.40842,1.50,1.00
2015.07.09 02:11:16.731,1.40816,1.40838,1.37,1.00
2015.07.09 02:11:16.985,1.40814,1.40838,1.00,1.00
2015.07.09 02:11:17.036,1.40814,1.40835,1.00,1.00
2015.07.09 02:11:17.138,1.40814,1.40838,1.00,1.00
2015.07.09 02:11:18.160,1.40814,1.40837,1.12,1.00
2015.07.09 02:11:19.118,1.40813,1.40836,1.37,1.00
2015.07.09 02:11:19.169,1.40813,1.40834,1.12,1.00
2015.07.09 02:11:19.271,1.40806,1.40829,1.00,1.00
2015.07.09 02:11:19.627,1.40805,1.40827,1.50,1.00
2015.07.09 02:11:19.986,1.40805,1.40824,1.00,1.00
2015.07.09 02:11:20.324,1.40802,1.40824,1.00,1.00
2015.07.09 02:11:20.731,1.40804,1.40826,1.37,1.50
2015.07.09 02:11:20.834,1.40806,1.40829,1.12,1.00
2015.07.09 02:11:20.937,1.40807,1.40829,1.37,1.00
2015.07.09 02:11:20.989,1.40807,1.40831,1.37,1.12
2015.07.09 02:11:21.361,1.40808,1.40835,1.12,1.00
2015.07.09 02:11:21.616,1.40812,1.40835,1.00,1.00
2015.07.09 02:11:21.820,1.40816,1.4084,1.00,1.00
2015.07.09 02:11:21.871,1.40817,1.40843,1.00,1.00
2015.07.09 02:11:21.974,1.40819,1.40844,1.37,1.00
2015.07.09 02:11:22.523,1.40821,1.40845,1.50,1.00
2015.07.09 02:11:23.074,1.40821,1.40844,1.37,1.00
2015.07.09 02:11:23.494,1.40821,1.40848,1.37,1.50
2015.07.09 02:11:24.458,1.40821,1.40848,1.87,1.50
2015.07.09 02:11:25.016,1.40824,1.40848,1.00,1.00
2015.07.09 02:11:25.651,1.40826,1.40848,1.87,1.50
2015.07.09 02:11:25.854,1.40832,1.40854,1.12,1.00
2015.07.09 02:11:26.175,1.40833,1.40856,1.50,1.00
2015.07.09 02:11:26.232,1.40831,1.40858,1.87,1.00
2015.07.09 02:11:26.740,1.40833,1.40859,1.87,1.00
2015.07.09 02:11:26.944,1.40833,1.40862,1.87,1.50
2015.07.09 02:11:27.767,1.40833,1.40861,1.87,1.00
2015.07.09 02:11:28.370,1.40832,1.4086,3.75,1.50
2015.07.09 02:11:28.986,1.40832,1.40859,3.00,1.50
2015.07.09 02:11:29.635,1.40832,1.40859,3.00,1.50
2015.07.09 02:11:30.425,1.40832,1.40859,3.00,1.00
2015.07.09 02:11:30.956,1.40832,1.40858,3.00,1.00
2015.07.09 02:11:31.460,1.40832,1.4086,3.75,1.50
2015.07.09 02:11:31.800,1.40829,1.40848,1.00,1.00
2015.07.09 02:11:31.851,1.40827,1.4085,1.00,1.00
2015.07.09 02:11:31.953,1.40827,1.40848,1.00,1.00
2015.07.09 02:11:32.308,1.40824,1.40849,1.50,1.00
2015.07.09 02:11:32.817,1.40824,1.40847,1.50,1.00
2015.07.09 02:11:33.071,1.40824,1.40852,2.10,1.12
2015.07.09 02:11:33.578,1.40827,1.40852,1.87,1.00
2015.07.09 02:11:33.991,1.40827,1.40854,1.87,1.00
2015.07.09 02:11:34.473,1.40827,1.40852,1.87,1.00
2015.07.09 02:11:34.778,1.40827,1.40848,1.00,1.00
2015.07.09 02:11:34.829,1.40827,1.40852,1.37,1.87
2015.07.09 02:11:34.932,1.40826,1.40851,2.10,1.00
2015.07.09 02:11:35.305,1.40826,1.40853,2.85,1.00
2015.07.09 02:11:35.614,1.40829,1.40851,1.00,1.00
2015.07.09 02:11:35.665,1.40827,1.40851,1.00,1.50
2015.07.09 02:11:35.767,1.40833,1.40852,1.00,1.00
2015.07.09 02:11:35.970,1.40831,1.40853,1.00,1.00
2015.07.09 02:11:36.292,1.40833,1.40852,1.00,1.00
2015.07.09 02:11:36.495,1.40828,1.4085,1.12,1.00
2015.07.09 02:11:36.547,1.40828,1.40847,1.00,1.00
2015.07.09 02:11:36.853,1.40825,1.40843,1.00,2.62
2015.07.09 02:11:36.904,1.40821,1.40842,1.12,1.00
2015.07.09 02:11:36.955,1.40819,1.40842,1.00,1.00
2015.07.09 02:11:37.006,1.40819,1.4084,1.00,1.00
2015.07.09 02:11:37.372,1.40817,1.40831,1.00,1.00
2015.07.09 02:11:37.423,1.40807,1.40831,1.50,1.00
2015.07.09 02:11:37.933,1.40806,1.40831,2.62,1.00
2015.07.09 02:11:38.136,1.40805,1.40829,1.37,1.00
2015.07.09 02:11:38.237,1.40803,1.40827,1.12,1.00
2015.07.09 02:11:38.611,1.408,1.40821,1.87,1.00
2015.07.09 02:11:38.917,1.40795,1.40816,1.00,1.00
2015.07.09 02:11:39.711,1.40794,1.40815,1.50,1.00
2015.07.09 02:11:40.073,1.40798,1.40815,1.00,1.00
2015.07.09 02:11:40.681,1.408,1.40815,1.00,1.00
2015.07.09 02:11:40.732,1.408,1.40817,1.00,1.00
2015.07.09 02:11:41.049,1.408,1.40822,1.37,1.00
2015.07.09 02:11:41.100,1.40802,1.40824,1.00,1.50
2015.07.09 02:11:41.303,1.40799,1.40822,1.12,1.00
2015.07.09 02:11:41.405,1.40799,1.4082,1.00,1.00
2015.07.09 02:11:41.710,1.40794,1.40816,1.50,1.00
2015.07.09 02:11:42.197,1.40792,1.40815,1.12,1.00
2015.07.09 02:11:42.729,1.40793,1.40814,1.00,1.00
2015.07.09 02:11:43.042,1.40793,1.40816,1.00,1.00
2015.07.09 02:11:43.496,1.40793,1.40818,1.12,1.00
2015.07.09 02:11:44.005,1.40793,1.40819,1.12,1.00
2015.07.09 02:11:44.106,1.40796,1.40819,1.00,1.00
2015.07.09 02:11:44.853,1.40796,1.40818,1.00,1.00
2015.07.09 02:11:44.911,1.40796,1.4082,1.00,1.50
2015.07.09 02:11:45.143,1.40795,1.40818,1.00,1.00
2015.07.09 02:11:45.448,1.40804,1.40818,1.00,1.87
2015.07.09 02:11:45.600,1.40804,1.40822,1.00,2.62
2015.07.09 02:11:46.613,1.40801,1.40821,1.00,1.12
2015.07.09 02:11:46.917,1.40801,1.40818,1.00,1.00
2015.07.09 02:11:47.120,1.40798,1.40818,1.00,1.00
2015.07.09 02:11:47.640,1.40798,1.40817,1.00,1.00
2015.07.09 02:11:48.146,1.40796,1.40817,1.50,1.00
2015.07.09 02:11:48.566,1.40796,1.40819,1.87,1.50
2015.07.09 02:11:48.888,1.40799,1.4082,1.00,1.00
2015.07.09 02:11:48.990,1.40799,1.40824,1.37,1.50
2015.07.09 02:11:49.092,1.40802,1.40826,1.00,1.00
2015.07.09 02:11:49.549,1.40808,1.40829,1.00,1.00
2015.07.09 02:11:49.941,1.40802,1.40827,1.00,1.00
2015.07.09 02:11:50.449,1.40801,1.40828,1.00,1.12
2015.07.09 02:11:50.704,1.40801,1.40828,1.37,1.12
2015.07.09 02:11:51.242,1.40802,1.40829,1.37,1.00
2015.07.09 02:11:53.423,1.40805,1.40829,1.00,1.00
2015.07.09 02:11:53.524,1.40805,1.40831,1.00,3.00
2015.07.09 02:11:54.035,1.40807,1.40831,1.00,1.00
2015.07.09 02:11:56.001,1.40807,1.40831,1.37,1.00
2015.07.09 02:11:56.103,1.40809,1.40833,1.12,1.00
2015.07.09 02:11:56.205,1.40813,1.40834,1.12,1.00
2015.07.09 02:11:56.649,1.40816,1.4084,1.00,1.75
2015.07.09 02:11:56.707,1.40817,1.40841,1.00,1.00
2015.07.09 02:11:57.214,1.40816,1.40841,1.00,1.00
2015.07.09 02:11:57.858,1.40816,1.40842,1.50,1.12
2015.07.09 02:11:58.466,1.40816,1.40843,1.50,1.00
2015.07.09 02:11:59.079,1.40817,1.40843,1.00,1.00
2015.07.09 02:12:01.205,1.40816,1.40842,2.62,1.00
2015.07.09 02:12:01.708,1.40816,1.40841,2.25,1.00
2015.07.09 02:12:01.759,1.40819,1.40841,1.00,1.00
2015.07.09 02:12:01.861,1.40819,1.40844,1.37,1.00
2015.07.09 02:12:01.913,1.40819,1.40845,1.37,1.87
2015.07.09 02:12:02.319,1.40823,1.40849,1.87,1.00
2015.07.09 02:12:02.953,1.40825,1.40851,1.12,1.00
2015.07.09 02:12:03.491,1.40825,1.4085,1.12,1.00
2015.07.09 02:12:04.516,1.40825,1.40851,1.00,1.00
2015.07.09 02:12:05.027,1.40825,1.40852,1.00,1.00
2015.07.09 02:12:05.442,1.40825,1.40846,1.00,1.00
2015.07.09 02:12:05.747,1.40821,1.40839,1.00,1.00
2015.07.09 02:12:05.972,1.40816,1.40839,1.00,1.00
2015.07.09 02:12:06.277,1.40816,1.40837,1.00,1.00
2015.07.09 02:12:06.481,1.40814,1.40836,1.00,1.12
2015.07.09 02:12:07.276,1.40814,1.40835,1.00,1.00
2015.07.09 02:12:07.583,1.40814,1.40837,1.00,1.00
2015.07.09 02:12:08.236,1.40822,1.40844,1.87,1.00
2015.07.09 02:12:08.288,1.40824,1.40848,1.00,1.00
2015.07.09 02:12:08.339,1.40824,1.4085,1.00,1.87
2015.07.09 02:12:08.391,1.40826,1.4085,1.00,1.50
2015.07.09 02:12:08.695,1.40827,1.40853,1.00,1.00
2015.07.09 02:12:08.898,1.40827,1.40851,1.00,1.00
2015.07.09 02:12:10.094,1.40827,1.40854,1.00,3.00
2015.07.09 02:12:10.246,1.40827,1.40851,1.00,1.00
2015.07.09 02:12:10.771,1.40826,1.40851,1.00,1.00
2015.07.09 02:12:11.320,1.40826,1.4085,1.00,1.00
2015.07.09 02:12:12.295,1.40827,1.4085,1.37,1.00
2015.07.09 02:12:12.549,1.40829,1.40852,1.50,1.00
2015.07.09 02:12:12.651,1.40833,1.40855,1.00,1.12
2015.07.09 02:12:13.271,1.40833,1.40857,1.50,1.12
2015.07.09 02:12:13.425,1.40833,1.40859,1.50,1.00
2015.07.09 02:12:13.729,1.40833,1.40863,3.37,3.37
2015.07.09 02:12:13.780,1.40836,1.40863,1.00,2.62
2015.07.09 02:12:14.424,1.40836,1.40863,2.25,1.00
2015.07.09 02:12:14.729,1.4084,1.40866,2.25,1.00
2015.07.09 02:12:14.780,1.40843,1.40869,1.00,1.50
2015.07.09 02:12:14.831,1.40845,1.40867,1.00,1.00
2015.07.09 02:12:14.933,1.40845,1.40869,1.00,1.50
2015.07.09 02:12:15.085,1.40845,1.40871,1.87,1.00
2015.07.09 02:12:15.137,1.40846,1.40873,1.00,1.00
2015.07.09 02:12:15.541,1.40852,1.40872,1.00,1.00
2015.07.09 02:12:15.593,1.40852,1.40874,1.00,1.00
2015.07.09 02:12:15.745,1.40854,1.40872,1.00,1.00
2015.07.09 02:12:15.847,1.40852,1.40875,1.00,1.00
2015.07.09 02:12:16.050,1.40852,1.40877,1.00,1.12
2015.07.09 02:12:16.695,1.40858,1.40878,1.00,1.37
2015.07.09 02:12:16.746,1.40858,1.40882,1.00,1.50
2015.07.09 02:12:16.848,1.40858,1.40885,1.00,1.87
2015.07.09 02:12:17.001,1.40856,1.40881,1.37,1.00
2015.07.09 02:12:17.154,1.40853,1.40878,1.00,1.50
2015.07.09 02:12:17.205,1.40851,1.40878,1.87,1.50
2015.07.09 02:12:17.358,1.40851,1.40877,1.87,1.37
2015.07.09 02:12:17.882,1.4085,1.40876,1.00,1.37
2015.07.09 02:12:18.389,1.40849,1.40875,1.87,1.37
2015.07.09 02:12:19.032,1.40849,1.40873,1.50,1.00
2015.07.09 02:12:20.257,1.40849,1.40866,1.00,1.50
2015.07.09 02:12:20.315,1.40839,1.40861,1.00,1.00
2015.07.09 02:12:20.417,1.40836,1.4086,1.00,1.00
2015.07.09 02:12:20.925,1.40835,1.40859,1.12,1.00
2015.07.09 02:12:21.459,1.40836,1.40858,1.00,1.00
2015.07.09 02:12:21.765,1.40836,1.40855,1.00,1.00
2015.07.09 02:12:22.392,1.40837,1.40854,1.00,1.00
2015.07.09 02:12:22.443,1.40832,1.40851,1.00,1.00
2015.07.09 02:12:22.495,1.40829,1.40851,1.50,1.00
2015.07.09 02:12:22.597,1.40831,1.40851,1.00,1.00
2015.07.09 02:12:23.147,1.40832,1.40852,1.00,1.00
2015.07.09 02:12:23.640,1.40833,1.40855,1.00,1.00
2015.07.09 02:12:23.843,1.40833,1.40853,1.00,1.00
2015.07.09 02:12:23.946,1.40829,1.40853,1.50,1.00
2015.07.09 02:12:23.997,1.40829,1.4085,1.50,1.00
2015.07.09 02:12:24.301,1.40828,1.40848,1.00,1.00
2015.07.09 02:12:24.838,1.40828,1.40849,1.00,1.00
2015.07.09 02:12:25.362,1.40828,1.40848,1.00,1.00
2015.07.09 02:12:25.717,1.4083,1.40848,1.00,1.00
2015.07.09 02:12:26.197,1.4083,1.4085,1.00,1.00
2015.07.09 02:12:26.299,1.40832,1.4085,1.00,1.00
2015.07.09 02:12:26.502,1.40832,1.40853,1.00,1.37
2015.07.09 02:12:26.604,1.40832,1.40856,1.00,1.37
2015.07.09 02:12:26.707,1.40831,1.40852,1.00,1.00
2015.07.09 02:12:27.137,1.40829,1.40851,1.00,1.00
2015.07.09 02:12:27.290,1.4083,1.40853,1.00,1.00
2015.07.09 02:12:27.494,1.40829,1.40851,1.00,1.12
2015.07.09 02:12:27.697,1.40826,1.40851,2.25,1.12
2015.07.09 02:12:28.501,1.40826,1.40849,1.00,1.00
2015.07.09 02:12:29.224,1.40825,1.40849,1.50,1.00
2015.07.09 02:12:30.228,1.40825,1.4085,1.87,1.00
2015.07.09 02:12:31.608,1.40824,1.4085,1.12,1.00
2015.07.09 02:12:31.913,1.4082,1.40838,1.00,1.00
2015.07.09 02:12:31.964,1.40816,1.40838,1.00,1.00
2015.07.09 02:12:32.065,1.40813,1.40837,1.87,1.00
2015.07.09 02:12:32.574,1.40813,1.40838,1.87,1.00
2015.07.09 02:12:33.082,1.40815,1.40838,1.00,1.00
2015.07.09 02:12:33.828,1.40815,1.40837,1.00,1.00
2015.07.09 02:12:34.546,1.40815,1.40836,1.00,1.00
2015.07.09 02:12:34.750,1.40815,1.40834,1.00,1.00
2015.07.09 02:12:34.801,1.40813,1.40834,1.50,1.00
2015.07.09 02:12:35.392,1.40815,1.40834,1.00,1.00
2015.07.09 02:12:36.152,1.40813,1.40834,1.50,1.00
2015.07.09 02:12:36.494,1.40805,1.40826,1.50,1.00
2015.07.09 02:12:36.646,1.40805,1.40828,1.00,1.00
2015.07.09 02:12:36.748,1.40802,1.40825,1.50,1.50
2015.07.09 02:12:37.054,1.40803,1.40823,1.00,1.00
2015.07.09 02:12:37.936,1.40803,1.40824,1.50,1.00
2015.07.09 02:12:38.466,1.40803,1.40823,1.50,1.00
2015.07.09 02:12:38.999,1.40802,1.40823,1.00,1.00
2015.07.09 02:12:39.519,1.40801,1.40823,1.50,1.50
2015.07.09 02:12:40.802,1.40801,1.40824,1.50,1.00
2015.07.09 02:12:41.107,1.40809,1.40832,1.12,1.00
2015.07.09 02:12:41.209,1.40809,1.40834,1.12,1.12
2015.07.09 02:12:41.311,1.40813,1.40835,1.00,1.37
2015.07.09 02:12:42.177,1.40814,1.40835,1.00,1.37
2015.07.09 02:12:42.984,1.40814,1.40836,1.00,1.00
2015.07.09 02:12:43.511,1.40813,1.40836,1.00,1.00
2015.07.09 02:12:44.032,1.40814,1.40837,1.00,1.00
2015.07.09 02:12:44.185,1.40813,1.40833,1.00,1.00
2015.07.09 02:12:44.555,1.40813,1.40826,1.00,1.00
2015.07.09 02:12:44.610,1.40804,1.40826,1.00,1.00
2015.07.09 02:12:45.090,1.40804,1.40828,1.00,1.00
2015.07.09 02:12:45.192,1.40806,1.40827,1.00,1.00
2015.07.09 02:12:45.294,1.40806,1.40829,1.00,1.00
2015.07.09 02:12:45.345,1.40806,1.40824,1.00,1.00
2015.07.09 02:12:45.689,1.40801,1.40826,1.50,1.87
2015.07.09 02:12:46.198,1.40798,1.40823,1.37,1.00
2015.07.09 02:12:46.400,1.40797,1.40822,1.87,1.00
2015.07.09 02:12:46.882,1.40797,1.40817,1.00,1.00
2015.07.09 02:12:47.397,1.40797,1.40818,1.00,1.00
2015.07.09 02:12:50.327,1.40794,1.40818,1.87,1.50
2015.07.09 02:12:50.378,1.40791,1.40814,2.25,1.00
2015.07.09 02:12:50.531,1.40789,1.40814,1.12,1.00
2015.07.09 02:12:50.582,1.40789,1.40812,1.00,1.00
2015.07.09 02:12:51.110,1.40791,1.40813,1.50,1.00
2015.07.09 02:12:51.212,1.40791,1.40817,1.87,1.00
2015.07.09 02:12:51.314,1.40796,1.40818,1.00,2.25
2015.07.09 02:12:51.620,1.40798,1.40821,1.00,1.00
2015.07.09 02:12:51.671,1.40798,1.40823,1.00,1.00
2015.07.09 02:12:53.072,1.40801,1.40826,1.00,1.87
2015.07.09 02:12:53.599,1.40799,1.40826,1.50,2.62
2015.07.09 02:12:54.734,1.408,1.40826,1.00,1.87
2015.07.09 02:12:54.908,1.40802,1.40826,1.00,1.87
2015.07.09 02:12:55.478,1.40802,1.40826,1.00,1.00
2015.07.09 02:12:56.191,1.40801,1.40827,1.87,1.00
2015.07.09 02:12:57.442,1.40801,1.40828,2.62,1.00
2015.07.09 02:12:57.849,1.40801,1.40826,1.87,1.00
2015.07.09 02:12:58.307,1.40802,1.40828,1.12,1.12
2015.07.09 02:12:58.684,1.40804,1.40826,1.00,1.00
2015.07.09 02:12:58.948,1.40802,1.40826,3.00,1.00
2015.07.09 02:12:59.178,1.40805,1.40825,1.00,1.00
2015.07.09 02:13:00.027,1.40805,1.40826,1.00,1.00
2015.07.09 02:13:00.555,1.40805,1.40827,1.00,1.00
2015.07.09 02:13:00.859,1.40808,1.4083,1.00,1.50
2015.07.09 02:13:00.910,1.40808,1.40832,1.00,1.00
2015.07.09 02:13:01.254,1.40809,1.4083,1.00,1.00
2015.07.09 02:13:01.407,1.40809,1.40835,1.50,1.12
2015.07.09 02:13:01.712,1.40812,1.40835,1.00,1.12
2015.07.09 02:13:01.814,1.40812,1.40837,1.00,1.00
2015.07.09 02:13:02.410,1.40813,1.40838,1.37,1.00
2015.07.09 02:13:02.719,1.4082,1.40844,1.37,1.50
2015.07.09 02:13:02.872,1.40822,1.40847,1.37,1.00
2015.07.09 02:13:02.975,1.40822,1.40846,1.87,1.37
2015.07.09 02:13:03.077,1.40822,1.40847,1.87,1.00
2015.07.09 02:13:03.472,1.40821,1.40841,1.87,1.00
2015.07.09 02:13:03.524,1.40815,1.40841,1.00,1.87
2015.07.09 02:13:04.069,1.40815,1.4084,1.00,1.00
2015.07.09 02:13:04.850,1.40815,1.40839,1.00,1.00
2015.07.09 02:13:05.375,1.40815,1.4084,1.00,1.00
2015.07.09 02:13:05.645,1.40815,1.40838,1.00,1.00
2015.07.09 02:13:05.797,1.40812,1.40836,1.00,1.00
2015.07.09 02:13:06.338,1.40812,1.40834,1.00,1.00
2015.07.09 02:13:06.490,1.40809,1.40834,3.00,1.00
2015.07.09 02:13:07.032,1.40809,1.40835,2.25,1.00
2015.07.09 02:13:07.362,1.40811,1.40835,1.00,1.00
2015.07.09 02:13:07.822,1.40814,1.40836,1.00,1.50
2015.07.09 02:13:08.330,1.40814,1.40835,1.00,1.00
2015.07.09 02:13:08.786,1.40811,1.40835,1.12,1.00
2015.07.09 02:13:09.600,1.40811,1.40836,1.12,1.12
2015.07.09 02:13:10.027,1.40811,1.40834,1.00,1.50
2015.07.09 02:13:10.497,1.4081,1.40832,1.00,1.37
2015.07.09 02:13:10.652,1.40808,1.40832,1.00,1.37
2015.07.09 02:13:11.394,1.40807,1.40832,1.00,1.87
2015.07.09 02:13:11.446,1.40807,1.40831,1.00,1.12
2015.07.09 02:13:11.599,1.40805,1.40828,1.00,1.50
2015.07.09 02:13:11.805,1.40805,1.4083,1.00,1.50
2015.07.09 02:13:11.906,1.40806,1.40829,1.00,1.37
2015.07.09 02:13:12.009,1.40806,1.40831,1.37,1.50
2015.07.09 02:13:12.162,1.40807,1.4083,1.00,1.50
2015.07.09 02:13:12.539,1.40803,1.40824,1.00,1.00
2015.07.09 02:13:12.590,1.40798,1.40823,1.87,1.37
2015.07.09 02:13:13.259,1.40797,1.40823,1.00,1.37
2015.07.09 02:13:14.919,1.40797,1.40818,1.00,1.00
2015.07.09 02:13:15.462,1.40797,1.40817,1.00,1.00
2015.07.09 02:13:15.615,1.40795,1.40816,1.12,1.00
2015.07.09 02:13:15.920,1.40795,1.40818,1.12,1.00
2015.07.09 02:13:16.575,1.40795,1.40817,1.12,1.00
2015.07.09 02:13:17.128,1.40797,1.40817,1.00,1.00
2015.07.09 02:13:17.384,1.40799,1.40821,1.12,1.00
2015.07.09 02:13:17.435,1.40799,1.40823,1.12,1.00
2015.07.09 02:13:17.810,1.40799,1.40817,1.12,1.00
2015.07.09 02:13:17.863,1.40795,1.40818,3.00,1.00
2015.07.09 02:13:18.015,1.40794,1.40818,1.12,1.00
2015.07.09 02:13:18.431,1.40792,1.40816,2.25,1.00
2015.07.09 02:13:19.060,1.40793,1.40816,1.00,1.00
2015.07.09 02:13:19.586,1.40793,1.40817,1.00,1.00
2015.07.09 02:13:20.177,1.40793,1.40818,1.00,1.00
2015.07.09 02:13:21.294,1.40793,1.40817,1.00,1.00
2015.07.09 02:13:22.839,1.40797,1.40817,1.00,1.00
2015.07.09 02:13:23.144,1.408,1.40824,1.37,1.00
2015.07.09 02:13:23.194,1.408,1.40824,1.37,1.00
2015.07.09 02:13:23.498,1.40802,1.40824,1.75,1.00
2015.07.09 02:13:23.549,1.40803,1.40828,1.75,1.00
2015.07.09 02:13:24.056,1.40805,1.40829,1.00,1.12
2015.07.09 02:13:25.003,1.40803,1.4083,2.25,1.00
2015.07.09 02:13:25.536,1.40803,1.40831,2.25,1.50
2015.07.09 02:13:25.918,1.40806,1.40828,1.37,1.00
2015.07.09 02:13:26.485,1.40808,1.40828,1.00,1.00
2015.07.09 02:13:26.688,1.40808,1.40832,1.00,1.00
2015.07.09 02:13:26.790,1.4081,1.40832,1.00,1.00
2015.07.09 02:13:27.197,1.40807,1.40831,1.87,1.00
2015.07.09 02:13:27.777,1.40807,1.4083,1.12,1.00
2015.07.09 02:13:28.345,1.40807,1.40829,3.00,1.00
2015.07.09 02:13:29.857,1.40808,1.40829,1.87,1.00
2015.07.09 02:13:33.287,1.40808,1.4083,2.25,1.00
2015.07.09 02:13:33.831,1.40808,1.4083,2.62,1.00
2015.07.09 02:13:34.135,1.40805,1.40824,1.12,1.00
2015.07.09 02:13:34.439,1.408,1.40823,2.62,1.00
2015.07.09 02:13:34.490,1.408,1.4082,2.62,1.00
2015.07.09 02:13:34.991,1.408,1.40819,1.87,1.00
2015.07.09 02:13:35.587,1.40799,1.40819,1.00,1.00
2015.07.09 02:13:35.689,1.40796,1.40819,1.00,1.00
2015.07.09 02:13:36.536,1.40796,1.40819,1.37,1.00
2015.07.09 02:13:37.070,1.40798,1.40819,1.87,1.00
2015.07.09 02:13:37.122,1.40798,1.40821,1.87,1.00
2015.07.09 02:13:37.173,1.408,1.40821,1.37,1.00
2015.07.09 02:13:37.579,1.408,1.40823,1.50,1.00
2015.07.09 02:13:37.681,1.40801,1.40822,1.00,1.00
2015.07.09 02:13:37.994,1.40801,1.40818,1.00,1.00
2015.07.09 02:13:38.098,1.40798,1.40817,1.00,1.00
2015.07.09 02:13:38.619,1.40797,1.40817,1.50,1.00
2015.07.09 02:13:39.126,1.40798,1.40816,1.00,1.00
2015.07.09 02:13:39.179,1.40796,1.40816,1.50,1.00
2015.07.09 02:13:39.546,1.40796,1.40816,1.87,1.00
2015.07.09 02:13:39.649,1.40802,1.40821,1.87,1.00
2015.07.09 02:13:39.802,1.40799,1.40821,1.00,1.50
2015.07.09 02:13:39.854,1.40798,1.40819,2.25,1.00
2015.07.09 02:13:40.158,1.40803,1.40826,1.50,1.00
2015.07.09 02:13:40.209,1.40805,1.40826,1.00,1.00
2015.07.09 02:13:40.730,1.40805,1.40827,1.00,1.00
2015.07.09 02:13:41.393,1.40805,1.40828,1.00,1.00
2015.07.09 02:13:41.953,1.40804,1.40827,1.00,1.00
2015.07.09 02:13:42.308,1.40804,1.40825,1.00,1.00
2015.07.09 02:13:42.825,1.40803,1.40826,1.00,1.12
2015.07.09 02:13:43.243,1.40805,1.40827,1.00,1.37
2015.07.09 02:13:43.699,1.40803,1.40827,1.00,1.37
2015.07.09 02:13:43.953,1.40806,1.40827,1.00,1.37
2015.07.09 02:13:44.283,1.40808,1.40827,1.00,1.37
2015.07.09 02:13:44.706,1.40808,1.40828,1.00,1.00
2015.07.09 02:13:45.239,1.40809,1.40828,1.00,1.00
2015.07.09 02:13:45.392,1.40807,1.40828,1.00,1.00
2015.07.09 02:13:46.075,1.40808,1.40829,1.00,1.00
2015.07.09 02:13:46.583,1.40806,1.4083,1.00,2.62
2015.07.09 02:13:46.684,1.40809,1.4083,1.00,2.62
2015.07.09 02:13:47.187,1.4081,1.4083,1.00,2.62
2015.07.09 02:13:47.688,1.40809,1.4083,1.00,1.87
2015.07.09 02:13:48.320,1.4081,1.4083,1.00,1.87
2015.07.09 02:13:48.934,1.40809,1.4083,1.00,1.87
2015.07.09 02:13:50.078,1.40811,1.4083,1.00,1.87
2015.07.09 02:13:50.874,1.40808,1.4083,1.50,1.87
2015.07.09 02:13:52.012,1.40808,1.40829,1.00,1.00
2015.07.09 02:13:53.081,1.40807,1.40829,1.00,1.00
2015.07.09 02:13:53.183,1.40809,1.40833,1.00,1.12
2015.07.09 02:13:53.518,1.40811,1.40836,1.50,1.00
2015.07.09 02:13:53.620,1.40811,1.40835,1.00,1.00
2015.07.09 02:13:54.393,1.40811,1.40834,1.00,1.00
2015.07.09 02:13:54.905,1.40811,1.40835,1.00,1.00
2015.07.09 02:13:55.412,1.40812,1.40834,1.00,1.50
2015.07.09 02:13:56.598,1.4081,1.40834,1.00,1.50
2015.07.09 02:13:56.649,1.4081,1.40831,1.00,1.00
2015.07.09 02:13:56.700,1.40807,1.40831,2.10,1.00
2015.07.09 02:13:57.106,1.40809,1.40831,1.00,1.00
2015.07.09 02:13:57.157,1.40809,1.40836,1.00,1.00
2015.07.09 02:13:57.411,1.40809,1.40834,1.12,1.00
2015.07.09 02:13:57.822,1.40805,1.40834,1.00,2.62
2015.07.09 02:13:58.027,1.408,1.40827,3.00,1.00
2015.07.09 02:13:58.078,1.40803,1.40827,1.37,1.12
2015.07.09 02:13:58.180,1.40803,1.40826,1.00,1.00
2015.07.09 02:13:58.231,1.40805,1.40826,1.00,1.00
2015.07.09 02:13:58.282,1.40805,1.40829,1.00,1.00
2015.07.09 02:13:58.485,1.40805,1.40831,1.37,1.00
2015.07.09 02:13:59.165,1.40805,1.40833,1.37,1.37
2015.07.09 02:14:00.012,1.40805,1.40833,2.25,1.87
2015.07.09 02:14:00.617,1.40806,1.40833,1.37,1.87
2015.07.09 02:14:00.871,1.40808,1.40834,1.00,1.00
2015.07.09 02:14:01.378,1.40808,1.40833,1.12,1.12
2015.07.09 02:14:02.030,1.40808,1.40832,1.12,1.00
2015.07.09 02:14:02.081,1.40808,1.40834,1.12,1.00
2015.07.09 02:14:02.186,1.4081,1.40834,1.00,1.00
2015.07.09 02:14:02.693,1.40809,1.40834,1.00,1.12
2015.07.09 02:14:03.409,1.4081,1.40833,1.50,1.00
2015.07.09 02:14:03.716,1.40823,1.40843,1.37,1.00
2015.07.09 02:14:03.767,1.40824,1.40846,1.00,1.00
2015.07.09 02:14:03.869,1.40824,1.40848,1.00,1.00
2015.07.09 02:14:04.446,1.40824,1.40849,1.00,1.00
2015.07.09 02:14:04.955,1.40823,1.40848,2.25,1.00
2015.07.09 02:14:05.640,1.40823,1.40848,2.25,1.00
2015.07.09 02:14:06.351,1.40823,1.40848,2.62,1.00
2015.07.09 02:14:07.076,1.40824,1.40847,1.00,1.00
2015.07.09 02:14:07.280,1.40823,1.40845,1.87,1.00
2015.07.09 02:14:07.799,1.40823,1.40845,1.12,1.00
2015.07.09 02:14:08.117,1.40823,1.40847,1.87,1.00
2015.07.09 02:14:08.999,1.40825,1.40847,1.00,1.00
2015.07.09 02:14:09.329,1.40823,1.40847,1.87,1.00
2015.07.09 02:14:09.582,1.40825,1.40847,1.00,1.00
2015.07.09 02:14:12.662,1.40823,1.40847,1.00,1.00
2015.07.09 02:14:13.319,1.40823,1.40848,1.50,1.00
2015.07.09 02:14:13.728,1.40825,1.40848,1.00,1.00
2015.07.09 02:14:14.105,1.40825,1.40845,1.00,1.00
2015.07.09 02:14:14.409,1.40823,1.40845,1.00,1.00
2015.07.09 02:14:14.989,1.40822,1.40845,1.50,1.00
2015.07.09 02:14:15.583,1.40822,1.40846,1.87,1.00
2015.07.09 02:14:15.947,1.40822,1.40844,1.00,1.00
2015.07.09 02:14:16.358,1.40816,1.40841,1.87,1.50
2015.07.09 02:14:16.460,1.40815,1.40842,2.62,1.00
2015.07.09 02:14:16.714,1.40815,1.4084,1.50,1.00
2015.07.09 02:14:17.020,1.40813,1.40838,1.00,1.00
2015.07.09 02:14:17.523,1.40812,1.40836,1.00,1.00
2015.07.09 02:14:20.106,1.40812,1.40835,1.12,1.00
2015.07.09 02:14:20.757,1.40812,1.40836,1.12,1.00
2015.07.09 02:14:21.186,1.40812,1.40834,1.00,1.12
2015.07.09 02:14:21.237,1.40809,1.40834,1.00,1.87
2015.07.09 02:14:21.288,1.40808,1.40834,1.00,3.00
2015.07.09 02:14:21.593,1.40805,1.40828,1.37,1.12
2015.07.09 02:14:22.029,1.40806,1.4083,1.12,1.12
2015.07.09 02:14:22.131,1.40804,1.4083,1.00,2.62
2015.07.09 02:14:22.233,1.40802,1.40827,2.25,1.00
2015.07.09 02:14:22.537,1.408,1.40825,1.00,1.00
2015.07.09 02:14:22.589,1.408,1.40827,1.00,1.00
2015.07.09 02:14:22.640,1.40805,1.40827,1.00,1.00
2015.07.09 02:14:22.792,1.40805,1.40832,1.12,1.50
2015.07.09 02:14:23.162,1.40808,1.40832,1.00,1.00
2015.07.09 02:14:23.518,1.40808,1.40835,1.00,1.12
2015.07.09 02:14:23.620,1.4081,1.40835,1.00,1.12
2015.07.09 02:14:24.504,1.40812,1.40835,1.50,1.12
2015.07.09 02:14:24.757,1.40812,1.40839,1.00,1.12
2015.07.09 02:14:24.910,1.40811,1.40837,1.12,1.00
2015.07.09 02:14:25.214,1.40808,1.40832,1.00,1.37
2015.07.09 02:14:25.265,1.40806,1.40832,1.00,1.37
2015.07.09 02:14:25.318,1.40804,1.40832,2.25,1.87
2015.07.09 02:14:25.731,1.40809,1.40832,1.00,1.37
2015.07.09 02:14:25.839,1.40809,1.40833,1.87,1.00
2015.07.09 02:14:25.890,1.4081,1.40833,1.37,1.00
2015.07.09 02:14:25.942,1.4081,1.40836,1.87,1.00
2015.07.09 02:14:26.414,1.40811,1.40833,1.00,1.37
2015.07.09 02:14:26.946,1.40811,1.40833,1.00,1.50
2015.07.09 02:14:27.412,1.4081,1.40831,1.00,1.00
2015.07.09 02:14:27.716,1.40812,1.40832,1.00,1.00
2015.07.09 02:14:28.144,1.4081,1.40831,1.00,1.00
2015.07.09 02:14:28.349,1.40813,1.40832,1.00,1.00
2015.07.09 02:14:28.704,1.4081,1.40831,1.50,1.00
2015.07.09 02:14:29.646,1.40809,1.40831,1.35,1.50
2015.07.09 02:14:29.985,1.40807,1.40831,1.00,1.00
2015.07.09 02:14:30.594,1.40807,1.4083,1.00,1.00
2015.07.09 02:14:32.337,1.40806,1.40829,1.00,1.37
2015.07.09 02:14:32.932,1.40805,1.40828,1.00,1.00
2015.07.09 02:14:33.274,1.40805,1.4083,1.00,1.50
2015.07.09 02:14:33.797,1.40805,1.40827,1.00,1.00
2015.07.09 02:14:34.051,1.40803,1.40826,1.00,1.00
2015.07.09 02:14:34.102,1.40803,1.40824,1.00,1.00
2015.07.09 02:14:34.620,1.40802,1.40824,1.00,1.00
2015.07.09 02:14:35.202,1.408,1.40826,2.25,1.50
2015.07.09 02:14:35.304,1.408,1.40826,2.25,2.25
2015.07.09 02:14:36.001,1.408,1.40824,3.00,1.37
2015.07.09 02:14:36.762,1.40803,1.40824,1.00,1.37
2015.07.09 02:14:37.527,1.40804,1.40829,1.00,6.37
2015.07.09 02:14:37.578,1.40804,1.40829,1.00,1.87
2015.07.09 02:14:38.097,1.40806,1.40829,1.00,1.87
2015.07.09 02:14:38.604,1.40807,1.40829,1.00,1.87
2015.07.09 02:14:39.177,1.40809,1.40829,1.00,1.87
2015.07.09 02:14:39.482,1.40811,1.4083,1.00,1.00
2015.07.09 02:14:39.533,1.40811,1.40833,1.00,1.37
2015.07.09 02:14:40.185,1.40812,1.40834,1.00,1.37
2015.07.09 02:14:40.491,1.4081,1.40834,1.00,1.50
2015.07.09 02:14:41.897,1.40809,1.40834,1.00,1.50
2015.07.09 02:14:42.332,1.40809,1.40831,1.00,1.00
2015.07.09 02:14:42.839,1.4081,1.40831,1.00,1.00
2015.07.09 02:14:43.374,1.40809,1.40831,1.00,1.00
2015.07.09 02:14:43.678,1.40811,1.40831,1.00,1.00
2015.07.09 02:14:43.780,1.40808,1.40831,1.00,1.87
2015.07.09 02:14:43.933,1.40808,1.40828,1.00,1.12
2015.07.09 02:14:43.984,1.40806,1.40828,1.00,1.12
2015.07.09 02:14:44.036,1.40804,1.40828,1.00,1.12
2015.07.09 02:14:44.494,1.40804,1.40828,1.00,1.87
2015.07.09 02:14:45.215,1.40807,1.40829,1.00,1.87
2015.07.09 02:14:45.317,1.40807,1.40829,1.00,1.00
2015.07.09 02:14:45.884,1.40808,1.40829,1.00,1.00
2015.07.09 02:14:46.036,1.40809,1.40834,1.00,2.25
2015.07.09 02:14:46.087,1.40813,1.40836,1.00,1.87
2015.07.09 02:14:46.139,1.40813,1.40836,1.00,1.12
2015.07.09 02:14:46.190,1.40813,1.40836,1.00,1.37
2015.07.09 02:14:46.292,1.40811,1.40836,1.00,1.87
2015.07.09 02:14:46.495,1.40811,1.40834,1.50,1.37
2015.07.09 02:14:46.596,1.40808,1.40834,1.00,2.62
2015.07.09 02:14:46.979,1.40808,1.40829,1.50,1.00
2015.07.09 02:14:47.134,1.40806,1.40829,1.00,1.00
2015.07.09 02:14:50.366,1.40806,1.40828,1.00,1.00
2015.07.09 02:14:50.526,1.40803,1.40828,1.00,1.00
2015.07.09 02:14:50.629,1.40803,1.40826,1.00,1.00
2015.07.09 02:14:51.394,1.40802,1.40826,1.50,1.50
2015.07.09 02:14:51.941,1.40803,1.40826,1.00,1.50
2015.07.09 02:14:55.899,1.40802,1.40826,1.00,1.50
2015.07.09 02:14:58.608,1.40803,1.40826,1.00,1.50
2015.07.09 02:14:59.534,1.40803,1.40827,1.00,1.00
2015.07.09 02:15:00.628,1.40814,1.40827,1.00,1.50
2015.07.09 02:15:00.933,1.40814,1.40825,1.00,1.12
2015.07.09 02:15:01.238,1.40821,1.4083,1.00,1.00
2015.07.09 02:15:01.289,1.40819,1.40831,1.00,1.00
2015.07.09 02:15:01.391,1.40817,1.40835,1.50,1.37
2015.07.09 02:15:01.927,1.40817,1.40832,1.50,1.00
2015.07.09 02:15:02.434,1.40817,1.40834,1.00,1.37
2015.07.09 02:15:06.468,1.40817,1.40836,1.00,1.50
2015.07.09 02:15:06.570,1.40817,1.40835,1.00,1.37
2015.07.09 02:15:06.672,1.40813,1.40831,1.00,1.00
2015.07.09 02:15:06.875,1.40807,1.4083,1.00,1.00
2015.07.09 02:15:06.977,1.40808,1.40828,1.00,1.00
2015.07.09 02:15:07.534,1.40809,1.40828,1.00,1.00
2015.07.09 02:15:07.873,1.40812,1.40828,1.00,1.00
2015.07.09 02:15:09.288,1.40812,1.40827,1.00,1.00
2015.07.09 02:15:09.644,1.40809,1.40827,1.00,1.50
2015.07.09 02:15:10.332,1.40806,1.40827,1.00,2.62
2015.07.09 02:15:10.600,1.40806,1.40822,1.00,1.00
2015.07.09 02:15:10.656,1.40796,1.40819,1.00,1.00
2015.07.09 02:15:10.757,1.40798,1.40819,1.00,1.12
2015.07.09 02:15:11.264,1.40797,1.4082,1.00,1.00
2015.07.09 02:15:11.799,1.40797,1.40821,1.00,1.12
2015.07.09 02:15:12.857,1.40798,1.40821,1.00,1.12
2015.07.09 02:15:13.370,1.40801,1.40818,1.00,1.00
2015.07.09 02:15:13.473,1.408,1.40822,1.00,1.00
2015.07.09 02:15:13.747,1.40803,1.40826,1.00,1.00
2015.07.09 02:15:14.153,1.40806,1.40828,1.00,1.37
2015.07.09 02:15:14.459,1.40806,1.40829,1.50,2.62
2015.07.09 02:15:14.561,1.40809,1.40829,1.00,1.50
2015.07.09 02:15:15.043,1.40813,1.40835,1.00,1.00
2015.07.09 02:15:15.096,1.40813,1.40838,1.00,2.25
2015.07.09 02:15:15.401,1.40816,1.40838,1.00,2.25
2015.07.09 02:15:16.568,1.40815,1.40838,1.00,1.50
2015.07.09 02:15:16.720,1.40815,1.40841,1.00,1.12
2015.07.09 02:15:17.271,1.40816,1.40841,1.00,1.12
2015.07.09 02:15:17.837,1.40817,1.40841,1.00,1.12
2015.07.09 02:15:18.342,1.40816,1.40841,1.00,1.00
2015.07.09 02:15:18.660,1.40815,1.40837,1.50,1.00
2015.07.09 02:15:18.813,1.40812,1.40835,1.00,1.50
2015.07.09 02:15:19.131,1.40808,1.40834,1.00,1.50
2015.07.09 02:15:19.640,1.40807,1.40833,1.00,1.87
2015.07.09 02:15:20.426,1.40809,1.40833,1.00,1.12
2015.07.09 02:15:20.910,1.40807,1.40833,1.00,1.12
2015.07.09 02:15:21.581,1.40806,1.40833,1.00,1.87
2015.07.09 02:15:21.735,1.40806,1.4083,1.12,1.00
2015.07.09 02:15:23.184,1.40806,1.40833,1.00,1.87
2015.07.09 02:15:25.173,1.40805,1.40833,1.12,1.87
2015.07.09 02:15:25.694,1.40806,1.40833,1.12,1.87
2015.07.09 02:15:26.195,1.40806,1.40833,1.37,1.12
2015.07.09 02:15:28.108,1.40808,1.40834,1.00,1.37
2015.07.09 02:15:28.566,1.40808,1.40834,1.00,2.25
2015.07.09 02:15:28.871,1.40804,1.40822,1.00,1.00
2015.07.09 02:15:28.922,1.408,1.40821,1.00,1.00
2015.07.09 02:15:31.137,1.40802,1.40822,1.00,1.50
2015.07.09 02:15:31.645,1.40801,1.40822,1.00,1.00
2015.07.09 02:15:33.664,1.40803,1.40822,1.00,1.00
2015.07.09 02:15:33.715,1.40803,1.40824,1.00,1.00
2015.07.09 02:15:34.241,1.40802,1.40825,1.00,1.87
2015.07.09 02:15:36.526,1.40802,1.40828,1.00,1.87
2015.07.09 02:15:36.628,1.40802,1.40828,1.00,1.12
2015.07.09 02:15:41.341,1.40803,1.40828,1.00,1.12
2015.07.09 02:15:41.544,1.40806,1.4083,1.00,1.00
2015.07.09 02:15:41.888,1.40806,1.40833,1.00,1.12
2015.07.09 02:15:42.396,1.40807,1.40833,1.00,1.12
2015.07.09 02:15:42.942,1.40807,1.40832,1.00,1.00
2015.07.09 02:15:43.643,1.40806,1.40832,1.00,1.00
2015.07.09 02:15:43.694,1.40804,1.40828,1.00,1.00
2015.07.09 02:15:43.746,1.40801,1.40829,1.00,3.00
2015.07.09 02:15:43.797,1.40801,1.40827,1.00,1.12
2015.07.09 02:15:43.899,1.40799,1.40826,2.25,1.37
2015.07.09 02:15:44.000,1.40799,1.40822,1.00,1.00
2015.07.09 02:15:44.507,1.40798,1.40824,1.00,1.87
2015.07.09 02:15:46.896,1.40798,1.40822,1.00,1.00
2015.07.09 02:15:50.965,1.40798,1.40823,1.00,1.12
2015.07.09 02:15:54.942,1.40798,1.40824,1.00,1.75
2015.07.09 02:15:55.196,1.40796,1.40822,2.62,1.00
2015.07.09 02:15:56.695,1.40796,1.40824,3.00,2.25
2015.07.09 02:15:57.865,1.40796,1.40824,1.87,1.50
2015.07.09 02:15:58.674,1.40796,1.40824,1.00,2.62
2015.07.09 02:15:58.978,1.40795,1.4082,1.37,1.37
2015.07.09 02:15:59.029,1.40792,1.4082,1.60,1.87
2015.07.09 02:15:59.080,1.40792,1.4082,1.60,2.25
2015.07.09 02:15:59.991,1.40791,1.40819,3.22,1.75
2015.07.09 02:16:01.069,1.40795,1.40819,1.00,1.75
2015.07.09 02:16:01.120,1.40794,1.40819,1.00,1.37
2015.07.09 02:16:01.597,1.40796,1.40819,1.00,1.12
2015.07.09 02:16:01.699,1.40793,1.40819,1.35,1.87
2015.07.09 02:16:02.207,1.40791,1.40818,2.10,1.12
2015.07.09 02:16:03.625,1.40793,1.40817,1.30,1.00
2015.07.09 02:16:09.046,1.40791,1.40817,1.50,1.00
2015.07.09 02:16:09.548,1.40791,1.40818,1.00,1.87
2015.07.09 02:16:10.377,1.40791,1.40815,1.00,1.00
2015.07.09 02:16:10.902,1.4079,1.40817,1.12,2.25
2015.07.09 02:16:15.318,1.4079,1.40817,1.00,2.25
2015.07.09 02:16:16.722,1.4079,1.40817,1.50,2.25
2015.07.09 02:16:22.956,1.4079,1.40815,1.50,1.00
2015.07.09 02:16:23.626,1.4079,1.40814,1.12,1.00
2015.07.09 02:16:27.860,1.4079,1.40815,1.12,1.00
2015.07.09 02:16:28.264,1.40786,1.40808,1.50,1.37
2015.07.09 02:16:28.315,1.40781,1.40807,1.00,1.37
2015.07.09 02:16:28.822,1.40782,1.40807,1.00,1.37
2015.07.09 02:16:29.651,1.40782,1.40807,1.00,1.75
2015.07.09 02:16:34.110,1.40782,1.40805,1.00,1.37
2015.07.09 02:16:34.472,1.40782,1.40805,1.00,1.12
2015.07.09 02:16:36.116,1.40782,1.40805,1.00,1.37
2015.07.09 02:16:36.667,1.40783,1.40805,1.00,1.37
2015.07.09 02:16:37.321,1.40781,1.40805,1.50,1.37
2015.07.09 02:16:38.859,1.4078,1.40805,1.12,1.37
2015.07.09 02:16:39.281,1.40781,1.40807,1.50,1.50
2015.07.09 02:16:39.332,1.40783,1.40807,1.00,1.50
2015.07.09 02:16:40.054,1.40782,1.40809,2.25,1.00
2015.07.09 02:16:40.747,1.40783,1.40809,1.00,1.00
2015.07.09 02:16:41.152,1.40786,1.40809,1.00,1.00
2015.07.09 02:16:41.203,1.40786,1.40812,1.00,1.37
2015.07.09 02:16:41.305,1.40789,1.40814,1.00,1.00
2015.07.09 02:16:41.656,1.40789,1.40815,1.00,1.87
2015.07.09 02:16:41.707,1.40789,1.40815,1.00,1.37
2015.07.09 02:16:45.114,1.40788,1.40815,1.00,1.87
2015.07.09 02:16:45.267,1.40786,1.40812,1.12,1.00
2015.07.09 02:16:50.536,1.40786,1.40813,1.00,1.75
2015.07.09 02:16:53.730,1.40785,1.40813,1.87,1.75
2015.07.09 02:16:54.596,1.40785,1.40813,1.50,1.75
2015.07.09 02:16:55.638,1.40785,1.40811,1.50,1.12
2015.07.09 02:16:55.740,1.40785,1.40809,1.00,1.00
2015.07.09 02:16:56.062,1.40783,1.40811,1.50,1.37
2015.07.09 02:16:57.365,1.40783,1.40808,1.00,1.37
2015.07.09 02:16:57.627,1.4078,1.40808,1.00,1.87
2015.07.09 02:16:57.678,1.4078,1.40806,1.00,1.50
2015.07.09 02:16:57.830,1.40777,1.40804,2.85,1.50
2015.07.09 02:16:59.767,1.40777,1.40802,1.35,1.37
2015.07.09 02:17:11.110,1.4078,1.40801,1.35,1.00
2015.07.09 02:17:11.450,1.40783,1.40806,1.37,1.00
2015.07.09 02:17:11.964,1.40783,1.40807,1.37,1.12
2015.07.09 02:17:12.624,1.40783,1.4081,1.87,1.75
2015.07.09 02:17:12.676,1.40783,1.4081,1.87,1.00
2015.07.09 02:17:12.777,1.40785,1.40813,1.00,1.87
2015.07.09 02:17:13.031,1.40787,1.40813,1.00,1.00
2015.07.09 02:17:13.336,1.40789,1.40815,1.37,1.00
2015.07.09 02:17:17.191,1.40788,1.40815,1.00,1.50
2015.07.09 02:17:17.293,1.40786,1.40814,1.00,1.00
2015.07.09 02:17:17.801,1.40787,1.40815,1.00,1.00
2015.07.09 02:17:18.088,1.40791,1.40818,1.00,1.50
2015.07.09 02:17:18.394,1.40794,1.40818,1.00,1.00
2015.07.09 02:17:18.496,1.40794,1.40821,1.00,1.00
2015.07.09 02:17:18.902,1.40796,1.40821,1.00,1.00
2015.07.09 02:17:19.435,1.40797,1.40821,1.00,1.00
2015.07.09 02:17:19.891,1.40799,1.40821,1.37,1.00
2015.07.09 02:17:21.122,1.40799,1.40827,1.87,1.50
2015.07.09 02:17:21.324,1.40801,1.40828,1.12,1.00
2015.07.09 02:17:21.477,1.40805,1.40831,1.00,3.00
2015.07.09 02:17:21.781,1.40806,1.4083,1.75,1.00
2015.07.09 02:17:22.740,1.40808,1.40832,1.37,2.25
2015.07.09 02:17:28.005,1.40808,1.40833,1.37,1.00
2015.07.09 02:17:28.521,1.40808,1.40835,1.00,4.50
2015.07.09 02:17:28.775,1.40806,1.40834,1.50,1.12
2015.07.09 02:17:29.079,1.40808,1.40833,1.00,1.00
2015.07.09 02:17:29.612,1.40808,1.40835,1.00,4.50
2015.07.09 02:17:30.591,1.40808,1.40835,1.00,4.50
2015.07.09 02:17:31.185,1.40809,1.40835,1.00,4.50
2015.07.09 02:17:31.701,1.40809,1.40835,1.00,3.75
2015.07.09 02:17:32.056,1.40807,1.40835,1.00,3.75
2015.07.09 02:17:32.906,1.40806,1.40833,1.50,1.12
2015.07.09 02:17:33.110,1.40807,1.40833,1.75,1.12
2015.07.09 02:17:33.616,1.40809,1.40833,1.37,1.12
2015.07.09 02:17:34.029,1.40806,1.40833,1.00,1.37
2015.07.09 02:17:34.131,1.40809,1.40834,1.00,1.87
2015.07.09 02:17:34.638,1.40808,1.40833,1.00,1.37
2015.07.09 02:17:34.689,1.40806,1.40833,1.50,1.37
2015.07.09 02:17:34.740,1.40807,1.40835,1.37,1.87
2015.07.09 02:17:35.011,1.40806,1.40834,1.50,1.87
2015.07.09 02:17:35.113,1.40803,1.40831,1.87,1.00
2015.07.09 02:17:35.628,1.40804,1.40832,1.12,3.00
2015.07.09 02:17:36.230,1.40805,1.40832,1.87,2.25
2015.07.09 02:17:36.548,1.40805,1.40829,1.87,1.00
2015.07.09 02:17:39.235,1.40805,1.40832,1.00,4.50
2015.07.09 02:17:39.842,1.40803,1.40832,1.87,4.50
2015.07.09 02:17:40.922,1.40803,1.40831,1.87,2.25
2015.07.09 02:17:41.421,1.40806,1.40832,1.00,1.87
2015.07.09 02:17:41.472,1.40806,1.40832,1.00,1.50
2015.07.09 02:17:41.625,1.40809,1.40832,1.87,1.00
2015.07.09 02:17:41.955,1.40814,1.40839,1.00,1.00
2015.07.09 02:17:42.057,1.40816,1.4084,1.00,1.12
2015.07.09 02:17:43.874,1.40816,1.4084,1.00,1.87
2015.07.09 02:17:45.078,1.40816,1.4084,1.00,1.00
2015.07.09 02:17:45.908,1.40815,1.4084,1.00,1.00
2015.07.09 02:17:46.427,1.40811,1.4084,1.12,1.87
2015.07.09 02:17:46.972,1.40811,1.4084,1.12,3.75
2015.07.09 02:17:49.239,1.40811,1.40833,1.12,1.00
2015.07.09 02:17:49.571,1.40801,1.4083,1.87,1.12
2015.07.09 02:17:49.978,1.40805,1.4083,1.00,1.00
2015.07.09 02:17:51.224,1.40805,1.40831,1.50,1.00
2015.07.09 02:17:51.338,1.40805,1.40833,1.50,1.87
2015.07.09 02:17:52.659,1.40808,1.40833,1.87,1.00
2015.07.09 02:17:52.913,1.40811,1.40838,1.00,2.25
2015.07.09 02:17:52.964,1.40812,1.40839,1.37,1.00
2015.07.09 02:17:53.509,1.40813,1.4084,1.37,1.00
2015.07.09 02:17:53.814,1.40816,1.40843,1.00,1.50
2015.07.09 02:17:54.131,1.40817,1.40843,1.12,1.37
2015.07.09 02:17:54.682,1.40817,1.40843,1.12,1.00
2015.07.09 02:18:01.107,1.40817,1.40843,1.12,1.00
2015.07.09 02:18:03.966,1.40818,1.40843,1.00,1.00
2015.07.09 02:18:04.364,1.40818,1.40846,1.00,1.87
2015.07.09 02:18:06.170,1.40817,1.40846,1.50,1.87
2015.07.09 02:18:06.678,1.40817,1.40846,1.87,1.87
2015.07.09 02:18:11.497,1.40819,1.40846,1.00,1.00
2015.07.09 02:18:11.699,1.40823,1.4085,1.00,2.25
2015.07.09 02:18:12.070,1.40826,1.4085,1.37,1.50
2015.07.09 02:18:12.122,1.40828,1.40856,1.87,1.87
2015.07.09 02:18:12.629,1.40829,1.40856,1.12,1.00
2015.07.09 02:18:15.768,1.40831,1.40856,1.00,1.00
2015.07.09 02:18:16.300,1.4083,1.40858,1.12,1.50
2015.07.09 02:18:16.842,1.4083,1.40858,1.12,1.12
2015.07.09 02:18:20.267,1.40829,1.40856,1.37,1.00
2015.07.09 02:18:21.698,1.40829,1.40855,1.37,1.00
2015.07.09 02:18:21.903,1.40828,1.40855,2.25,1.37
2015.07.09 02:18:22.443,1.40829,1.40855,1.00,1.37
2015.07.09 02:18:26.145,1.40828,1.40853,1.50,1.00
2015.07.09 02:18:26.919,1.40828,1.40853,1.50,1.37
2015.07.09 02:18:27.224,1.40828,1.40854,1.50,1.87
2015.07.09 02:18:28.459,1.40827,1.40854,1.00,1.12
2015.07.09 02:18:28.974,1.40826,1.40854,1.87,1.12
2015.07.09 02:18:32.575,1.40826,1.40855,2.62,1.37
2015.07.09 02:18:33.141,1.40828,1.40856,1.12,4.12
2015.07.09 02:18:35.734,1.40829,1.40856,1.00,3.37
2015.07.09 02:18:36.248,1.40829,1.40856,1.87,2.62
2015.07.09 02:18:39.327,1.40829,1.40857,3.00,1.37
2015.07.09 02:18:49.138,1.40832,1.40857,1.00,1.37
2015.07.09 02:18:49.663,1.40832,1.40856,1.87,1.37
2015.07.09 02:18:52.324,1.40831,1.40856,1.87,1.37
2015.07.09 02:18:52.863,1.40831,1.40856,1.12,1.37
2015.07.09 02:18:53.723,1.40837,1.40856,1.00,1.00
2015.07.09 02:18:54.272,1.40834,1.40856,1.12,1.00
2015.07.09 02:18:54.433,1.40833,1.40856,1.37,1.00
2015.07.09 02:18:54.940,1.40832,1.40856,2.25,1.00
2015.07.09 02:18:55.820,1.40832,1.40856,1.12,1.00
2015.07.09 02:18:57.294,1.40831,1.40856,1.12,1.00
2015.07.09 02:18:58.265,1.40831,1.40855,1.12,1.12
2015.07.09 02:18:59.035,1.40831,1.40854,1.00,1.12
2015.07.09 02:18:59.547,1.40831,1.40853,1.00,1.00
2015.07.09 02:19:00.055,1.4083,1.40855,1.00,1.37
2015.07.09 02:19:00.639,1.40829,1.40855,2.25,1.87
2015.07.09 02:19:01.163,1.40829,1.40855,1.00,1.12
2015.07.09 02:19:01.930,1.40831,1.40857,1.00,1.87
2015.07.09 02:19:02.032,1.40833,1.40857,1.00,1.37
2015.07.09 02:19:02.338,1.40831,1.40857,1.50,1.37
2015.07.09 02:19:05.266,1.4083,1.40858,1.00,2.25
2015.07.09 02:19:05.774,1.4083,1.40858,1.00,4.87
2015.07.09 02:19:10.796,1.40832,1.40856,1.12,1.00
2015.07.09 02:19:11.154,1.40837,1.4086,1.00,1.50
2015.07.09 02:19:12.261,1.40837,1.40863,1.00,3.00
2015.07.09 02:19:12.363,1.40834,1.40862,1.00,1.12
2015.07.09 02:19:12.699,1.40837,1.40861,1.00,1.37
2015.07.09 02:19:13.115,1.40837,1.40854,1.00,1.00
2015.07.09 02:19:13.166,1.40834,1.40854,1.00,1.00
2015.07.09 02:19:13.268,1.40829,1.40857,1.50,1.50
2015.07.09 02:19:13.371,1.40832,1.40857,1.00,1.00
2015.07.09 02:19:13.837,1.40835,1.40856,1.00,1.00
2015.07.09 02:19:14.145,1.40836,1.40853,1.00,1.00
2015.07.09 02:19:14.449,1.40838,1.40854,1.00,1.00
2015.07.09 02:19:14.846,1.40838,1.40864,1.50,1.12
2015.07.09 02:19:15.177,1.40841,1.40866,1.87,1.00
2015.07.09 02:19:15.485,1.40844,1.40869,1.87,1.00
2015.07.09 02:19:16.046,1.40846,1.40869,1.00,1.00
2015.07.09 02:19:17.045,1.40846,1.4087,1.00,1.50
2015.07.09 02:19:17.802,1.40846,1.40869,1.00,1.37
2015.07.09 02:19:17.904,1.40842,1.40867,1.00,1.00
2015.07.09 02:19:18.300,1.40842,1.40865,1.50,1.00
2015.07.09 02:19:18.351,1.40842,1.40867,1.50,1.12
2015.07.09 02:19:18.402,1.40844,1.40867,1.87,1.12
2015.07.09 02:19:18.726,1.40847,1.40867,1.00,1.00
2015.07.09 02:19:19.131,1.40844,1.40868,1.87,1.00
2015.07.09 02:19:20.834,1.40846,1.40868,1.00,1.00
2015.07.09 02:19:23.567,1.40846,1.4087,1.00,1.50
2015.07.09 02:19:24.105,1.40846,1.40869,1.00,1.00
2015.07.09 02:19:25.259,1.40844,1.40869,1.50,1.00
2015.07.09 02:19:27.154,1.40844,1.4087,1.50,1.50
2015.07.09 02:19:30.473,1.40845,1.40874,1.50,2.25
2015.07.09 02:19:30.977,1.40846,1.40874,1.00,1.87
2015.07.09 02:19:31.236,1.40846,1.40874,1.87,1.00
2015.07.09 02:19:31.388,1.40851,1.40878,1.00,1.50
2015.07.09 02:19:31.490,1.40853,1.40878,1.00,1.12
2015.07.09 02:19:31.592,1.40853,1.40881,1.00,1.87
2015.07.09 02:19:31.934,1.40854,1.40881,1.75,1.50
2015.07.09 02:19:32.441,1.40857,1.40881,1.37,1.00
2015.07.09 02:19:42.359,1.40859,1.40881,1.00,1.00
2015.07.09 02:19:42.562,1.4086,1.40884,1.37,1.00
2015.07.09 02:19:44.094,1.40861,1.40881,1.12,1.00
2015.07.09 02:19:44.616,1.40862,1.40882,1.00,1.00
2015.07.09 02:19:45.108,1.40862,1.40885,1.00,1.50
2015.07.09 02:19:45.533,1.40862,1.40883,1.00,1.00
2015.07.09 02:19:46.039,1.4086,1.40883,1.87,1.00
2015.07.09 02:19:46.981,1.40861,1.40886,1.12,1.50
2015.07.09 02:19:47.083,1.40861,1.40884,1.12,1.00
2015.07.09 02:19:48.178,1.40858,1.40879,1.50,1.00
2015.07.09 02:19:48.566,1.40859,1.40879,1.37,1.00
2015.07.09 02:19:48.870,1.40859,1.40882,1.87,1.00
2015.07.09 02:19:48.972,1.40859,1.40884,1.87,1.00
2015.07.09 02:19:49.385,1.40859,1.40886,1.37,1.00
2015.07.09 02:19:49.486,1.40859,1.40884,1.37,1.00
2015.07.09 02:19:49.993,1.40859,1.40883,1.37,1.00
2015.07.09 02:19:50.956,1.40859,1.40882,1.37,1.00
2015.07.09 02:19:51.907,1.40859,1.40881,1.37,1.00
2015.07.09 02:19:51.958,1.40858,1.40881,1.00,1.00
2015.07.09 02:19:53.917,1.40858,1.40882,1.50,1.00
2015.07.09 02:19:54.965,1.40859,1.40882,1.00,1.00
2015.07.09 02:19:55.508,1.4086,1.40882,1.00,1.00
2015.07.09 02:19:56.413,1.4086,1.40884,1.00,1.00
2015.07.09 02:19:57.821,1.40857,1.40884,1.50,2.25
2015.07.09 02:19:57.872,1.40857,1.4088,3.00,1.00
2015.07.09 02:19:58.381,1.40859,1.40881,1.12,1.00
2015.07.09 02:19:58.911,1.4086,1.40881,1.00,1.00
2015.07.09 02:19:59.276,1.40863,1.40881,1.00,1.00
2015.07.09 02:20:00.175,1.40863,1.40883,1.00,1.00
2015.07.09 02:20:00.226,1.4086,1.40883,1.37,1.00
2015.07.09 02:20:00.277,1.4086,1.40881,1.37,1.00
2015.07.09 02:20:00.582,1.4086,1.40877,1.37,1.00
2015.07.09 02:20:02.404,1.4086,1.40878,1.37,1.00
2015.07.09 02:20:02.712,1.40857,1.40876,1.37,1.00
2015.07.09 02:20:03.169,1.40856,1.40879,1.12,1.00
2015.07.09 02:20:03.221,1.40855,1.40879,2.62,1.00
2015.07.09 02:20:03.553,1.40853,1.40877,1.00,1.00
2015.07.09 02:20:03.706,1.40851,1.40872,1.00,1.00
2015.07.09 02:20:03.910,1.40857,1.40879,1.00,1.00
2015.07.09 02:20:03.961,1.4086,1.40879,1.50,1.00
2015.07.09 02:20:04.012,1.4086,1.40883,1.87,1.00
2015.07.09 02:20:04.063,1.4086,1.40885,1.87,1.00
2015.07.09 02:20:04.114,1.4086,1.40888,1.87,1.00
2015.07.09 02:20:04.165,1.40865,1.40888,1.00,1.00
2015.07.09 02:20:04.739,1.40863,1.40888,1.37,1.50
2015.07.09 02:20:05.399,1.40861,1.40888,1.00,1.00
2015.07.09 02:20:06.288,1.40861,1.40888,1.87,1.00
2015.07.09 02:20:09.898,1.40868,1.40886,1.12,1.00
2015.07.09 02:20:09.950,1.40863,1.40885,1.00,1.37
2015.07.09 02:20:10.154,1.40858,1.40883,1.37,1.00
2015.07.09 02:20:10.256,1.40857,1.40884,3.00,1.50
2015.07.09 02:20:10.460,1.40854,1.40882,1.00,1.00
2015.07.09 02:20:10.987,1.40854,1.40881,1.00,1.87
2015.07.09 02:20:11.191,1.40851,1.4088,1.87,1.87
2015.07.09 02:20:11.553,1.40853,1.40879,1.00,1.37
2015.07.09 02:20:11.655,1.40851,1.40879,1.00,2.25
2015.07.09 02:20:12.171,1.4085,1.40876,1.50,1.00
2015.07.09 02:20:12.426,1.40852,1.40876,1.00,1.00
2015.07.09 02:20:12.579,1.40852,1.40881,2.62,2.25
2015.07.09 02:20:12.630,1.40855,1.40881,1.00,1.50
2015.07.09 02:20:13.137,1.40855,1.40881,2.62,1.00
2015.07.09 02:20:13.937,1.40855,1.40878,2.62,1.00
2015.07.09 02:20:15.884,1.40855,1.4088,2.62,1.00
2015.07.09 02:20:20.549,1.40855,1.40878,1.87,1.00
2015.07.09 02:20:22.813,1.40855,1.4088,1.87,1.00
2015.07.09 02:20:24.383,1.40856,1.40881,1.12,1.00
2015.07.09 02:20:24.585,1.40856,1.40878,1.12,1.00
2015.07.09 02:20:26.005,1.40856,1.40881,1.00,1.87
2015.07.09 02:20:28.359,1.40856,1.40878,1.00,1.00
2015.07.09 02:20:29.702,1.40854,1.40878,1.50,1.00
2015.07.09 02:20:29.855,1.40852,1.40877,3.00,1.37
2015.07.09 02:20:30.008,1.40849,1.40875,2.25,1.37
2015.07.09 02:20:30.211,1.40849,1.40872,1.50,1.00
2015.07.09 02:20:30.667,1.40846,1.40871,3.75,1.00
2015.07.09 02:20:31.211,1.40846,1.40871,3.37,1.00
2015.07.09 02:20:31.747,1.40846,1.4087,3.37,1.00
2015.07.09 02:20:32.886,1.40846,1.40869,1.87,1.00
2015.07.09 02:20:33.343,1.40846,1.40868,1.00,1.50
2015.07.09 02:20:33.445,1.4084,1.40863,1.00,1.00
2015.07.09 02:20:33.496,1.40837,1.40862,1.00,1.00
2015.07.09 02:20:34.014,1.40839,1.40862,1.50,1.00
2015.07.09 02:20:34.378,1.40839,1.40864,3.37,1.00
2015.07.09 02:20:35.302,1.40839,1.40863,1.87,1.00
2015.07.09 02:20:35.815,1.40839,1.40863,1.50,1.00
2015.07.09 02:20:37.139,1.40839,1.40862,1.00,1.00
2015.07.09 02:20:37.291,1.40836,1.40862,1.00,1.87
2015.07.09 02:20:37.495,1.40834,1.40859,2.25,1.00
2015.07.09 02:20:37.698,1.40836,1.40862,1.00,1.00
2015.07.09 02:20:37.800,1.40836,1.40859,1.00,1.00
2015.07.09 02:20:38.209,1.40836,1.40861,1.00,1.00
2015.07.09 02:20:38.363,1.40836,1.4086,1.00,1.50
2015.07.09 02:20:38.669,1.40834,1.40856,1.00,1.12
2015.07.09 02:20:38.974,1.40838,1.40859,1.00,1.00
2015.07.09 02:20:39.564,1.40838,1.40863,1.00,1.00
2015.07.09 02:20:39.767,1.40839,1.40859,1.00,1.00
2015.07.09 02:20:39.818,1.40837,1.40859,1.00,1.00
2015.07.09 02:20:39.869,1.40837,1.40861,1.00,1.00
2015.07.09 02:20:40.022,1.40835,1.40861,1.12,1.12
2015.07.09 02:20:40.225,1.40835,1.40858,1.12,1.00
2015.07.09 02:20:40.733,1.40836,1.40858,1.00,1.00
2015.07.09 02:20:42.309,1.40836,1.4086,1.00,1.00
2015.07.09 02:20:45.587,1.40837,1.4086,1.37,1.00
2015.07.09 02:20:45.958,1.40841,1.40865,1.00,1.50
2015.07.09 02:20:46.466,1.4084,1.40864,1.37,1.00
2015.07.09 02:20:47.186,1.4084,1.40864,1.12,1.00
2015.07.09 02:20:48.678,1.4084,1.40864,1.50,1.00
2015.07.09 02:20:49.138,1.40837,1.40866,3.00,2.62
2015.07.09 02:20:49.241,1.40838,1.40866,1.37,1.87
2015.07.09 02:20:49.545,1.40841,1.40864,1.00,1.00
2015.07.09 02:20:50.088,1.40841,1.40865,1.00,1.00
2015.07.09 02:20:50.447,1.40841,1.40867,1.00,1.50
2015.07.09 02:20:50.802,1.40841,1.40865,1.12,1.00
2015.07.09 02:20:52.074,1.40841,1.40863,1.12,1.00
2015.07.09 02:20:52.195,1.40841,1.40865,1.12,1.00
2015.07.09 02:20:52.555,1.40841,1.40867,2.62,1.12
2015.07.09 02:20:52.606,1.40843,1.40867,1.00,1.00
2015.07.09 02:20:54.182,1.40843,1.40865,1.00,1.00
2015.07.09 02:20:54.766,1.40842,1.40865,1.50,1.00
2015.07.09 02:20:55.874,1.40842,1.40864,1.50,1.00
2015.07.09 02:20:56.526,1.40842,1.40865,1.50,1.00
2015.07.09 02:21:02.632,1.40843,1.40865,1.37,1.00
2015.07.09 02:21:06.267,1.40843,1.40867,1.87,1.00
2015.07.09 02:21:07.272,1.40845,1.40867,1.00,1.00
2015.07.09 02:21:07.799,1.40845,1.40868,1.00,1.00
2015.07.09 02:21:08.346,1.40845,1.40867,1.00,1.00
2015.07.09 02:21:09.923,1.40845,1.40868,1.00,1.00
2015.07.09 02:21:10.511,1.40843,1.40867,1.37,1.00
2015.07.09 02:21:10.882,1.40843,1.40865,1.37,1.00
2015.07.09 02:21:14.295,1.40843,1.40866,1.87,1.00
2015.07.09 02:21:17.509,1.40843,1.40867,1.37,1.00
2015.07.09 02:21:18.360,1.40844,1.40866,1.50,1.00
2015.07.09 02:21:18.674,1.40847,1.40865,1.00,1.00
2015.07.09 02:21:19.216,1.40847,1.40864,1.00,1.00
2015.07.09 02:21:22.102,1.40846,1.40866,1.37,1.00
2015.07.09 02:21:23.403,1.40846,1.40864,1.37,1.00
2015.07.09 02:21:23.917,1.40843,1.40865,3.00,1.00
2015.07.09 02:21:23.968,1.40843,1.40863,2.62,1.00
2015.07.09 02:21:24.332,1.40843,1.40867,2.62,1.00
2015.07.09 02:21:24.636,1.40843,1.40864,2.62,1.00
2015.07.09 02:21:25.634,1.40846,1.40866,1.12,1.00
2015.07.09 02:21:25.837,1.40848,1.4087,1.87,1.00
2015.07.09 02:21:26.091,1.40849,1.40876,1.87,1.12
2015.07.09 02:21:26.142,1.40853,1.40877,1.00,1.00
2015.07.09 02:21:26.345,1.40855,1.4088,1.50,1.00
2015.07.09 02:21:26.396,1.40855,1.40883,2.25,1.50
2015.07.09 02:21:26.689,1.40857,1.40883,1.87,1.50
2015.07.09 02:21:28.359,1.40858,1.40885,2.62,1.00
2015.07.09 02:21:28.896,1.40858,1.40884,3.00,1.00
2015.07.09 02:21:29.633,1.40858,1.40879,1.12,1.00
2015.07.09 02:21:30.457,1.40856,1.40879,1.00,1.00
2015.07.09 02:21:31.193,1.40856,1.40877,1.00,1.00
2015.07.09 02:21:31.723,1.40856,1.40876,1.00,1.00
2015.07.09 02:21:31.875,1.40853,1.40877,1.12,1.00
2015.07.09 02:21:32.231,1.40853,1.40874,1.00,1.00
2015.07.09 02:21:32.873,1.40853,1.40875,1.00,1.00
2015.07.09 02:21:33.374,1.40854,1.40875,1.00,1.00
2015.07.09 02:21:33.898,1.40852,1.40874,1.12,1.00
2015.07.09 02:21:34.237,1.40852,1.40871,1.12,1.00
2015.07.09 02:21:34.296,1.40845,1.40869,1.50,1.00
2015.07.09 02:21:34.448,1.40843,1.40869,1.12,1.50
2015.07.09 02:21:34.550,1.40841,1.40866,3.75,1.00
2015.07.09 02:21:35.860,1.40841,1.40866,1.00,1.00
2015.07.09 02:21:35.911,1.40841,1.40865,1.00,1.37
2015.07.09 02:21:35.962,1.40838,1.40863,2.25,1.00
2015.07.09 02:21:36.115,1.40842,1.40864,1.00,1.12
2015.07.09 02:21:36.318,1.40842,1.40868,1.75,1.00
2015.07.09 02:21:36.724,1.40843,1.40865,1.50,1.00
2015.07.09 02:21:37.749,1.40842,1.40865,1.00,1.00
2015.07.09 02:21:39.396,1.40842,1.40864,1.12,1.00
2015.07.09 02:21:40.005,1.40842,1.40863,1.12,1.00
2015.07.09 02:21:41.582,1.40841,1.40864,1.37,1.00
2015.07.09 02:21:41.685,1.40841,1.40861,1.00,1.00
2015.07.09 02:21:41.737,1.40837,1.4086,1.12,1.00
2015.07.09 02:21:42.059,1.40834,1.40857,1.12,1.50
2015.07.09 02:21:42.162,1.40831,1.40857,1.50,1.87
2015.07.09 02:21:42.213,1.40831,1.40854,1.00,1.00
2015.07.09 02:21:42.725,1.40831,1.40853,1.00,1.00
2015.07.09 02:21:45.888,1.40829,1.40853,1.00,1.50
2015.07.09 02:21:46.765,1.40829,1.40853,1.37,1.50
2015.07.09 02:21:49.670,1.40829,1.40853,1.12,1.50
2015.07.09 02:21:50.698,1.40829,1.40853,1.37,1.50
2015.07.09 02:21:51.828,1.40829,1.40852,1.37,1.00
2015.07.09 02:21:52.674,1.40829,1.40852,1.37,1.00
2015.07.09 02:21:54.327,1.40832,1.40857,1.00,1.12
2015.07.09 02:21:54.834,1.40832,1.40857,1.37,1.12
2015.07.09 02:21:55.900,1.40832,1.40857,1.87,1.12
2015.07.09 02:21:57.780,1.40832,1.40857,1.87,1.12
2015.07.09 02:21:59.910,1.40831,1.40853,1.00,1.00
2015.07.09 02:22:00.012,1.40825,1.4085,4.87,1.37
2015.07.09 02:22:00.064,1.40825,1.40852,4.12,1.50
2015.07.09 02:22:00.571,1.40826,1.40852,1.00,1.00
2015.07.09 02:22:01.096,1.40825,1.40851,4.87,1.00
2015.07.09 02:22:02.424,1.40829,1.40855,1.12,1.75
2015.07.09 02:22:02.475,1.40829,1.40856,1.50,1.00
2015.07.09 02:22:02.577,1.40831,1.40859,1.37,2.62
2015.07.09 02:22:05.117,1.40832,1.40859,1.50,1.00
2015.07.09 02:22:05.710,1.40832,1.4086,2.62,1.00
2015.07.09 02:22:09.762,1.40833,1.40859,1.50,1.00
2015.07.09 02:22:10.092,1.40832,1.40857,1.87,1.12
2015.07.09 02:22:10.598,1.40832,1.40857,1.12,1.12
2015.07.09 02:22:11.409,1.40832,1.40857,1.37,1.12
2015.07.09 02:22:12.902,1.40831,1.40857,1.37,1.50
2015.07.09 02:22:13.322,1.40833,1.40857,3.37,1.00
2015.07.09 02:22:13.475,1.40836,1.4086,1.00,1.00
2015.07.09 02:22:13.679,1.40834,1.4086,1.12,1.00
2015.07.09 02:22:14.170,1.40834,1.40858,1.12,1.00
2015.07.09 02:22:14.688,1.40834,1.40857,1.12,1.00
2015.07.09 02:22:14.992,1.40832,1.40853,2.25,1.00
2015.07.09 02:22:15.534,1.40832,1.40854,1.00,1.00
2015.07.09 02:22:19.098,1.40832,1.40855,1.00,1.00
2015.07.09 02:22:19.900,1.40832,1.40853,1.00,1.00
2015.07.09 02:22:24.203,1.40832,1.40852,1.00,1.50
2015.07.09 02:22:24.254,1.40828,1.40852,3.00,1.50
2015.07.09 02:22:24.356,1.40828,1.4085,1.50,1.00
2015.07.09 02:22:25.117,1.40828,1.40851,1.00,1.12
2015.07.09 02:22:25.586,1.40826,1.40853,1.87,1.50
2015.07.09 02:22:25.991,1.40826,1.4085,1.50,1.75
2015.07.09 02:22:26.042,1.40825,1.4085,1.00,1.75
2015.07.09 02:22:26.144,1.40821,1.40845,1.00,1.37
2015.07.09 02:22:26.762,1.4082,1.40843,1.00,2.25
2015.07.09 02:22:26.965,1.40818,1.40843,1.00,2.25
2015.07.09 02:22:32.310,1.40818,1.40843,1.37,1.50
2015.07.09 02:22:34.367,1.40818,1.40843,1.37,1.37
2015.07.09 02:22:35.471,1.40818,1.40843,1.37,1.12
2015.07.09 02:22:36.550,1.40818,1.40845,1.37,1.37
2015.07.09 02:22:37.371,1.40819,1.40845,1.37,1.37
2015.07.09 02:22:37.726,1.40821,1.40846,1.00,1.12
2015.07.09 02:22:38.499,1.40821,1.40847,1.87,1.00
2015.07.09 02:22:39.006,1.40821,1.4085,3.00,2.25
2015.07.09 02:22:40.211,1.40821,1.40848,1.87,1.50
2015.07.09 02:22:40.757,1.40821,1.40848,1.87,1.50
2015.07.09 02:22:41.528,1.40821,1.40847,1.87,1.12
2015.07.09 02:22:42.482,1.40821,1.40847,1.87,1.12
2015.07.09 02:22:43.533,1.40821,1.40847,1.87,1.12
2015.07.09 02:22:44.484,1.40821,1.40847,1.87,1.12
2015.07.09 02:22:45.160,1.40821,1.40846,1.87,1.00
2015.07.09 02:22:45.703,1.40821,1.40846,1.87,1.37
2015.07.09 02:22:47.021,1.40821,1.40844,1.00,1.00
2015.07.09 02:22:49.311,1.4082,1.40844,1.12,1.12
2015.07.09 02:22:51.406,1.4082,1.40844,1.00,1.37
2015.07.09 02:22:51.559,1.40818,1.40842,1.37,1.00
2015.07.09 02:22:51.888,1.40817,1.40842,1.50,1.00
2015.07.09 02:22:52.409,1.40817,1.40844,1.00,1.87
2015.07.09 02:22:53.676,1.40817,1.40838,1.00,1.37
2015.07.09 02:22:53.728,1.40815,1.40838,1.12,1.87
2015.07.09 02:22:53.779,1.40814,1.40837,1.00,1.87
2015.07.09 02:22:53.933,1.40809,1.40835,1.00,2.25
2015.07.09 02:22:54.441,1.40809,1.40832,1.00,1.37
2015.07.09 02:22:55.418,1.40809,1.4083,1.00,1.12
2015.07.09 02:22:55.570,1.40806,1.4083,1.50,1.12
2015.07.09 02:22:56.152,1.40806,1.4083,1.00,1.37
2015.07.09 02:22:58.677,1.40806,1.40831,1.00,1.37
2015.07.09 02:23:00.137,1.40804,1.40831,2.62,1.37
2015.07.09 02:23:01.010,1.40804,1.40831,2.62,1.37
2015.07.09 02:23:01.874,1.40804,1.40832,3.37,1.37
2015.07.09 02:23:02.718,1.40804,1.40833,3.75,2.25
2015.07.09 02:23:03.326,1.40804,1.4083,3.75,1.00
2015.07.09 02:23:03.832,1.40804,1.40829,3.75,1.00
2015.07.09 02:23:06.577,1.40805,1.40831,1.12,1.12
2015.07.09 02:23:10.200,1.40805,1.40831,1.37,1.12
2015.07.09 02:23:12.954,1.40805,1.40831,1.87,1.12
2015.07.09 02:23:13.948,1.40805,1.40831,1.87,1.00
2015.07.09 02:23:14.454,1.40807,1.40833,1.12,1.87
2015.07.09 02:23:14.967,1.40807,1.40832,1.00,1.00
2015.07.09 02:23:15.120,1.40807,1.4083,1.00,1.00
2015.07.09 02:23:15.650,1.40805,1.4083,1.37,1.50
2015.07.09 02:23:16.186,1.40804,1.4083,4.12,1.50
2015.07.09 02:23:16.642,1.40804,1.40828,1.12,1.00
2015.07.09 02:23:18.859,1.40805,1.40828,1.00,1.00
2015.07.09 02:23:19.163,1.40803,1.40828,1.00,1.00
2015.07.09 02:23:19.266,1.40803,1.40828,1.37,1.00
2015.07.09 02:23:19.986,1.40803,1.4083,1.50,2.25
2015.07.09 02:23:20.037,1.40803,1.4083,1.50,1.00
2015.07.09 02:23:20.190,1.40805,1.4083,1.12,1.00
2015.07.09 02:23:21.221,1.40805,1.40834,1.50,2.62
2015.07.09 02:23:21.908,1.40805,1.4083,1.50,1.00
2015.07.09 02:23:23.018,1.40805,1.40831,1.12,1.50
2015.07.09 02:23:26.587,1.40805,1.4083,1.00,1.00
2015.07.09 02:23:31.703,1.40807,1.4083,1.00,1.00
2015.07.09 02:23:32.168,1.4081,1.40832,1.00,1.00
2015.07.09 02:23:32.223,1.4081,1.40835,1.87,1.12
2015.07.09 02:23:32.887,1.4081,1.40836,2.25,1.87
2015.07.09 02:23:33.891,1.4081,1.40836,2.25,1.87
2015.07.09 02:23:37.890,1.4081,1.40836,2.25,1.37
2015.07.09 02:23:44.402,1.40812,1.40839,2.62,1.00
2015.07.09 02:23:44.911,1.40812,1.40839,1.12,1.00
2015.07.09 02:23:50.096,1.40815,1.40839,1.00,1.00
2015.07.09 02:23:50.248,1.40816,1.40841,1.00,1.00
2015.07.09 02:23:50.464,1.40817,1.40841,1.50,1.00
2015.07.09 02:23:50.821,1.40817,1.40845,1.50,1.12
2015.07.09 02:23:58.641,1.40819,1.40848,1.00,2.25
2015.07.09 02:23:58.693,1.4082,1.40848,1.00,1.50
2015.07.09 02:23:59.211,1.4082,1.40848,1.00,2.62
2015.07.09 02:23:59.599,1.40819,1.40844,1.00,1.37
2015.07.09 02:23:59.939,1.40813,1.40839,1.00,2.62
2015.07.09 02:23:59.990,1.4081,1.40838,1.12,1.37
2015.07.09 02:24:00.210,1.40814,1.40838,1.00,1.37
2015.07.09 02:24:00.261,1.40814,1.4084,1.00,1.50
2015.07.09 02:24:00.413,1.40817,1.4084,1.00,1.00
2015.07.09 02:24:00.566,1.40817,1.40843,1.87,1.00
2015.07.09 02:24:01.129,1.40817,1.40846,1.87,2.25
2015.07.09 02:24:03.979,1.40817,1.40846,2.25,1.87
2015.07.09 02:24:07.437,1.40818,1.40846,1.00,1.75
2015.07.09 02:24:07.489,1.40816,1.40842,1.12,1.50
2015.07.09 02:24:07.540,1.40816,1.40842,1.00,1.87
2015.07.09 02:24:07.591,1.40813,1.4084,1.12,1.37
2015.07.09 02:24:07.990,1.40811,1.40837,1.50,1.00
2015.07.09 02:24:08.600,1.40811,1.40839,1.50,1.50
2015.07.09 02:24:08.701,1.40811,1.4084,2.25,1.87
2015.07.09 02:24:09.717,1.40811,1.40839,1.87,1.00
2015.07.09 02:24:10.833,1.40811,1.40839,1.50,1.37
2015.07.09 02:24:11.140,1.40809,1.40837,2.25,1.87
2015.07.09 02:24:11.242,1.40809,1.40836,1.00,1.12
2015.07.09 02:24:13.447,1.40811,1.40836,1.00,1.12
2015.07.09 02:24:13.600,1.40811,1.40837,1.50,1.00
2015.07.09 02:24:13.952,1.40817,1.40837,1.00,1.50
2015.07.09 02:24:14.725,1.40816,1.40837,1.00,1.50
2015.07.09 02:24:15.812,1.40818,1.40838,1.00,1.37
2015.07.09 02:24:16.319,1.40817,1.40838,1.00,1.37
2015.07.09 02:24:19.178,1.40817,1.40842,1.00,1.37
2015.07.09 02:24:19.593,1.40817,1.40839,1.00,1.00
2015.07.09 02:24:20.123,1.40816,1.40839,1.00,1.00
2015.07.09 02:24:22.479,1.40817,1.40839,1.00,1.00
2015.07.09 02:24:23.600,1.40816,1.40839,1.50,1.00
2015.07.09 02:24:25.089,1.40816,1.40837,1.50,1.37
2015.07.09 02:24:25.682,1.40819,1.40837,1.00,1.37
2015.07.09 02:24:28.616,1.40818,1.40837,1.00,1.37
2015.07.09 02:24:30.656,1.40817,1.40837,1.00,1.37
2015.07.09 02:24:31.025,1.40815,1.40832,1.00,1.00
2015.07.09 02:24:31.330,1.40808,1.40827,1.00,1.37
2015.07.09 02:24:31.381,1.40808,1.40823,1.00,1.37
2015.07.09 02:24:31.432,1.40804,1.40823,1.00,1.37
2015.07.09 02:24:31.635,1.40802,1.40821,1.00,1.00
2015.07.09 02:24:32.040,1.40799,1.40821,1.00,1.00
2015.07.09 02:24:34.846,1.40797,1.40821,1.00,1.00
2015.07.09 02:24:35.640,1.408,1.40821,1.00,1.00
2015.07.09 02:24:36.198,1.40803,1.40827,1.87,1.00
2015.07.09 02:24:36.250,1.40806,1.4083,1.00,1.00
2015.07.09 02:24:36.352,1.40804,1.4083,1.00,1.00
2015.07.09 02:24:37.938,1.40804,1.40829,1.00,1.00
2015.07.09 02:24:41.145,1.40801,1.40829,2.25,1.00
2015.07.09 02:24:41.196,1.40801,1.40826,2.25,1.00
2015.07.09 02:24:41.497,1.40798,1.40823,1.50,1.12
2015.07.09 02:24:41.548,1.40795,1.40823,2.25,1.12
2015.07.09 02:24:42.129,1.40795,1.40823,2.25,1.12
2015.07.09 02:24:42.180,1.40798,1.40823,1.00,1.12
2015.07.09 02:24:45.134,1.40805,1.40825,1.00,1.00
2015.07.09 02:24:45.387,1.4081,1.40832,1.00,1.00
2015.07.09 02:24:45.438,1.40813,1.40834,1.00,1.00
2015.07.09 02:24:45.591,1.40813,1.40839,1.12,1.12
2015.07.09 02:24:45.964,1.40814,1.40841,1.87,2.25
2015.07.09 02:24:46.117,1.40821,1.40848,1.50,1.00
2015.07.09 02:24:46.422,1.40827,1.40848,1.00,1.00
2015.07.09 02:24:46.625,1.4083,1.40857,1.50,2.25
2015.07.09 02:24:47.131,1.40831,1.40857,1.00,1.00
2015.07.09 02:24:48.201,1.40832,1.40857,1.00,1.00
2015.07.09 02:24:49.625,1.40832,1.40856,1.00,1.00
2015.07.09 02:24:50.131,1.40832,1.40857,1.00,1.50
2015.07.09 02:24:50.611,1.40832,1.40853,1.00,1.00
2015.07.09 02:24:51.053,1.40823,1.40848,1.75,1.00
2015.07.09 02:24:51.105,1.4082,1.40847,1.00,1.50
2015.07.09 02:24:51.206,1.40818,1.40845,1.50,1.37
2015.07.09 02:24:58.959,1.40822,1.40847,1.37,1.75
2015.07.09 02:24:59.010,1.40823,1.40847,1.12,1.00
2015.07.09 02:25:00.986,1.40823,1.4085,1.12,1.00
2015.07.09 02:25:01.571,1.40826,1.4085,1.00,1.00
2015.07.09 02:25:02.215,1.40826,1.40852,1.00,1.87
2015.07.09 02:25:05.067,1.40826,1.40852,1.50,1.12
2015.07.09 02:25:10.431,1.40825,1.40852,1.12,1.87
2015.07.09 02:25:10.952,1.40824,1.40849,1.37,1.00
2015.07.09 02:25:11.861,1.40824,1.40849,1.37,1.37
2015.07.09 02:25:17.352,1.40824,1.40848,1.37,1.37
2015.07.09 02:25:17.656,1.40818,1.40842,1.37,1.12
2015.07.09 02:25:17.758,1.40817,1.40842,1.00,2.25
2015.07.09 02:25:18.069,1.40814,1.40839,1.12,1.37
2015.07.09 02:25:18.273,1.40814,1.40839,1.12,1.00
2015.07.09 02:25:19.674,1.40814,1.4084,1.12,1.12
2015.07.09 02:25:20.218,1.40814,1.40839,1.12,1.00
2015.07.09 02:25:22.291,1.40817,1.40839,1.00,1.00
2015.07.09 02:25:22.665,1.40821,1.40844,1.37,1.00
2015.07.09 02:25:22.716,1.40821,1.40849,1.37,1.12
2015.07.09 02:25:24.490,1.40821,1.40849,1.37,1.37
2015.07.09 02:25:24.592,1.4082,1.40849,1.00,2.25
2015.07.09 02:25:25.422,1.4082,1.40849,1.00,1.87
2015.07.09 02:25:25.625,1.40822,1.40849,1.00,1.50
2015.07.09 02:25:27.138,1.40822,1.40849,1.75,1.12
2015.07.09 02:25:27.554,1.4082,1.40845,1.50,1.75
2015.07.09 02:25:27.858,1.40819,1.40844,1.50,1.00
2015.07.09 02:25:28.061,1.4082,1.40847,1.75,1.50
2015.07.09 02:25:28.585,1.40822,1.40848,1.00,1.00
2015.07.09 02:25:30.062,1.40822,1.40847,1.00,1.00
2015.07.09 02:25:30.396,1.40819,1.40846,1.87,1.37
2015.07.09 02:25:33.935,1.40821,1.40845,1.00,1.12
2015.07.09 02:25:34.519,1.40823,1.40846,1.00,1.37
2015.07.09 02:25:35.227,1.40824,1.40846,1.00,2.25
2015.07.09 02:25:35.278,1.4082,1.40846,1.12,3.00
2015.07.09 02:25:35.840,1.4082,1.40845,1.12,1.50
2015.07.09 02:25:35.941,1.40819,1.40845,1.50,1.50
2015.07.09 02:25:40.280,1.40819,1.40845,1.00,1.87
2015.07.09 02:25:40.800,1.40817,1.40845,1.37,2.62
2015.07.09 02:25:46.080,1.40816,1.40842,1.00,1.37
2015.07.09 02:25:46.824,1.40819,1.40844,1.37,1.50
2015.07.09 02:25:47.129,1.40816,1.40841,1.00,1.37
2015.07.09 02:25:47.231,1.40813,1.40841,1.37,1.37
2015.07.09 02:25:47.549,1.40811,1.40839,1.12,1.50
2015.07.09 02:25:47.600,1.4081,1.40839,1.87,1.50
2015.07.09 02:25:48.219,1.4081,1.40836,1.37,1.50
2015.07.09 02:25:48.422,1.40806,1.40833,1.00,1.87
2015.07.09 02:25:48.896,1.40803,1.40832,1.87,2.62
2015.07.09 02:26:03.577,1.40803,1.4083,1.00,2.25
2015.07.09 02:26:09.016,1.40803,1.4083,1.00,1.50
2015.07.09 02:26:09.218,1.40803,1.40828,1.00,1.37
2015.07.09 02:26:09.539,1.40801,1.40828,1.12,1.37
2015.07.09 02:26:09.742,1.40802,1.40828,1.00,1.12
2015.07.09 02:26:11.068,1.40802,1.40828,1.00,1.37
2015.07.09 02:26:11.612,1.40801,1.40828,1.12,1.37
2015.07.09 02:26:12.060,1.40801,1.40828,1.12,1.12
2015.07.09 02:26:12.936,1.40801,1.40828,1.12,1.37
2015.07.09 02:26:13.533,1.40801,1.40828,1.12,1.00
2015.07.09 02:26:13.736,1.40801,1.40828,1.12,1.37
2015.07.09 02:26:14.161,1.40801,1.40829,2.25,1.87
2015.07.09 02:26:16.727,1.40794,1.40821,1.87,1.50
2015.07.09 02:26:16.834,1.40791,1.40819,1.12,1.50
2015.07.09 02:26:17.342,1.40791,1.40818,1.00,1.37
2015.07.09 02:26:18.170,1.40793,1.40818,1.00,1.00
2015.07.09 02:26:18.271,1.40794,1.4082,1.37,1.00
2015.07.09 02:26:18.896,1.40794,1.40823,1.37,1.50
2015.07.09 02:26:21.564,1.40796,1.40823,1.00,1.50
2015.07.09 02:26:22.084,1.40797,1.40824,1.00,1.50
2015.07.09 02:26:22.186,1.40796,1.40824,1.00,2.25
2015.07.09 02:26:22.441,1.40793,1.40821,1.00,1.37
2015.07.09 02:26:22.797,1.40792,1.40818,1.00,1.37
2015.07.09 02:26:23.456,1.40792,1.40818,1.00,1.37
2015.07.09 02:26:25.386,1.40792,1.40818,1.00,1.37
2015.07.09 02:26:26.363,1.40792,1.40818,1.00,1.37
2015.07.09 02:26:26.895,1.40792,1.40819,1.12,1.12
2015.07.09 02:26:27.301,1.40792,1.40819,1.12,1.37
2015.07.09 02:26:27.808,1.40792,1.40816,1.00,1.00
2015.07.09 02:26:29.857,1.40792,1.40817,1.00,1.12
2015.07.09 02:26:31.289,1.40792,1.40818,1.00,1.50
2015.07.09 02:26:35.922,1.40792,1.40818,1.00,1.37
2015.07.09 02:26:36.991,1.40792,1.40818,1.00,1.87
2015.07.09 02:26:37.498,1.40792,1.4082,1.12,2.62
2015.07.09 02:26:38.025,1.40792,1.4082,1.12,2.62
2015.07.09 02:26:38.495,1.40792,1.4082,1.12,2.25
2015.07.09 02:26:39.002,1.40792,1.40815,1.00,1.12
2015.07.09 02:26:40.731,1.40792,1.40816,1.00,1.12
2015.07.09 02:26:44.260,1.40792,1.40818,1.50,1.00
2015.07.09 02:26:44.362,1.40794,1.40818,1.00,1.00
2015.07.09 02:26:44.667,1.40801,1.40825,1.00,1.00
2015.07.09 02:26:45.007,1.40807,1.40831,1.00,1.50
2015.07.09 02:26:45.160,1.4081,1.40836,1.00,1.50
2015.07.09 02:26:45.262,1.40806,1.40835,2.25,1.12
2015.07.09 02:26:45.472,1.40806,1.40833,1.87,1.50
2015.07.09 02:26:45.776,1.40806,1.40828,1.37,1.00
2015.07.09 02:26:46.527,1.40803,1.40825,1.50,1.00
2015.07.09 02:26:50.377,1.40803,1.40826,1.50,1.00
2015.07.09 02:26:50.493,1.40803,1.40828,1.50,1.00
2015.07.09 02:26:51.032,1.40803,1.40827,1.50,1.12
2015.07.09 02:26:51.955,1.40803,1.40824,1.00,1.00
2015.07.09 02:26:52.006,1.40801,1.40824,1.12,1.00
2015.07.09 02:26:52.362,1.40801,1.40826,1.87,1.12
2015.07.09 02:26:52.717,1.40801,1.40823,1.37,1.00
2015.07.09 02:26:54.567,1.40801,1.40827,1.37,1.87
2015.07.09 02:26:57.618,1.40799,1.40827,2.25,1.00
2015.07.09 02:26:58.194,1.40799,1.40827,2.25,1.00
2015.07.09 02:26:59.160,1.40799,1.40827,1.87,1.37
2015.07.09 02:26:59.708,1.40799,1.40827,1.50,1.37
2015.07.09 02:27:00.936,1.40798,1.40827,3.37,1.37
2015.07.09 02:27:01.478,1.40799,1.40827,1.12,1.87
2015.07.09 02:27:01.676,1.40799,1.40827,1.12,1.87
2015.07.09 02:27:02.253,1.40798,1.40825,1.12,1.37
2015.07.09 02:27:02.782,1.40798,1.40825,1.50,1.12
2015.07.09 02:27:03.343,1.40798,1.40825,1.50,1.12
2015.07.09 02:27:06.395,1.40799,1.40826,1.12,1.37
2015.07.09 02:27:06.699,1.40799,1.40822,1.12,1.00
2015.07.09 02:27:10.033,1.40799,1.40823,1.00,1.75
2015.07.09 02:27:10.440,1.40795,1.40823,1.00,2.25
2015.07.09 02:27:10.592,1.40794,1.4082,1.12,1.37
2015.07.09 02:27:10.908,1.40794,1.40817,1.12,1.00
2015.07.09 02:27:11.621,1.40794,1.40817,1.50,1.00
2015.07.09 02:27:11.672,1.40794,1.40821,1.37,1.75
2015.07.09 02:27:12.212,1.40795,1.40821,1.12,1.50
2015.07.09 02:27:15.608,1.40797,1.40821,1.00,1.37
2015.07.09 02:27:16.115,1.40798,1.40821,1.00,1.75
2015.07.09 02:27:16.809,1.40795,1.4082,1.37,1.50
2015.07.09 02:27:17.738,1.40795,1.4082,1.00,1.50
2015.07.09 02:27:18.254,1.40795,1.4082,1.00,1.50
2015.07.09 02:27:18.746,1.40794,1.40814,1.00,1.75
2015.07.09 02:27:18.798,1.40792,1.40814,1.00,1.75
2015.07.09 02:27:18.850,1.40788,1.40814,1.00,1.75
2015.07.09 02:27:19.002,1.40786,1.40813,1.00,1.37
2015.07.09 02:27:20.439,1.40787,1.40811,1.00,1.50
2015.07.09 02:27:20.943,1.40785,1.40812,1.00,1.87
2015.07.09 02:27:22.306,1.40785,1.40811,1.00,1.50
2015.07.09 02:27:23.169,1.40784,1.4081,1.12,1.12
2015.07.09 02:27:23.480,1.40787,1.40811,1.12,1.87
2015.07.09 02:27:23.531,1.40788,1.40815,1.00,2.25
2015.07.09 02:27:23.633,1.40791,1.40815,1.00,2.62
2015.07.09 02:27:23.785,1.40791,1.40815,1.00,1.50
2015.07.09 02:27:23.837,1.40787,1.40815,1.50,1.00
2015.07.09 02:27:24.193,1.40788,1.40815,1.37,1.00
2015.07.09 02:27:24.296,1.40787,1.40815,1.50,1.00
2015.07.09 02:27:24.671,1.40788,1.40817,3.00,1.87
2015.07.09 02:27:25.177,1.40789,1.40817,1.00,1.87
2015.07.09 02:27:26.205,1.40789,1.40813,1.00,1.00
2015.07.09 02:27:26.713,1.40788,1.40813,1.00,1.00
2015.07.09 02:27:28.170,1.40788,1.40816,1.00,2.25
2015.07.09 02:27:30.751,1.40789,1.40817,1.00,1.37
2015.07.09 02:27:31.629,1.40789,1.40817,1.00,1.37
2015.07.09 02:27:32.695,1.40789,1.40817,1.37,1.37
2015.07.09 02:27:34.916,1.40789,1.40817,1.37,1.37
2015.07.09 02:27:35.805,1.4079,1.40817,1.00,1.00
2015.07.09 02:27:36.540,1.40791,1.4082,1.50,3.75
2015.07.09 02:27:36.844,1.40793,1.4082,1.00,2.62
2015.07.09 02:27:42.848,1.40794,1.4082,1.00,1.37
2015.07.09 02:27:42.950,1.40794,1.4082,1.00,1.00
2015.07.09 02:27:43.338,1.40797,1.40821,1.00,1.37
2015.07.09 02:27:43.440,1.40797,1.40822,1.00,1.00
2015.07.09 02:27:43.594,1.40797,1.40824,1.12,1.00
2015.07.09 02:27:43.645,1.40797,1.40823,1.12,1.37
2015.07.09 02:27:43.950,1.40797,1.40821,1.00,1.87
2015.07.09 02:27:44.305,1.40794,1.4082,1.87,1.50
2015.07.09 02:27:44.653,1.40794,1.40818,1.00,1.00
2015.07.09 02:27:47.133,1.40794,1.40818,1.00,1.87
2015.07.09 02:27:48.290,1.40796,1.40818,1.00,1.87
2015.07.09 02:27:48.493,1.40794,1.40818,1.00,1.87
2015.07.09 02:27:50.399,1.40792,1.40818,1.00,1.87
2015.07.09 02:27:50.925,1.40792,1.40818,1.00,2.25
2015.07.09 02:27:51.775,1.40792,1.40818,1.00,1.37
2015.07.09 02:27:52.117,1.40797,1.40818,1.00,1.37
2015.07.09 02:27:52.218,1.40797,1.40821,1.00,1.50
2015.07.09 02:27:52.320,1.40797,1.40824,1.75,1.50
2015.07.09 02:27:52.422,1.40799,1.40826,1.37,1.50
2015.07.09 02:27:52.625,1.40802,1.40826,1.00,1.50
2015.07.09 02:27:52.676,1.40802,1.40828,1.00,1.00
2015.07.09 02:27:52.996,1.40804,1.40829,1.50,1.00
2015.07.09 02:27:53.301,1.40805,1.40829,1.87,1.00
2015.07.09 02:27:54.427,1.40805,1.40832,1.87,1.37
2015.07.09 02:27:55.190,1.40805,1.40833,1.87,1.37
2015.07.09 02:27:55.701,1.40805,1.40832,1.00,1.12
2015.07.09 02:27:56.999,1.40805,1.40831,1.00,1.50
2015.07.09 02:27:58.626,1.40805,1.40828,1.00,1.00
2015.07.09 02:27:59.152,1.40805,1.4083,1.00,1.37
2015.07.09 02:28:01.815,1.40805,1.40826,1.00,1.00
2015.07.09 02:28:04.330,1.40805,1.40825,1.00,1.00
2015.07.09 02:28:04.947,1.40805,1.40826,1.00,1.00
2015.07.09 02:28:05.478,1.40805,1.40825,1.00,1.00
2015.07.09 02:28:05.816,1.40805,1.40823,1.00,1.37
2015.07.09 02:28:06.020,1.40795,1.40818,1.00,1.37
2015.07.09 02:28:06.122,1.40792,1.40816,1.50,1.37
2015.07.09 02:28:06.172,1.40792,1.40812,1.50,1.00
2015.07.09 02:28:06.274,1.4079,1.40812,2.25,1.00
2015.07.09 02:28:06.820,1.40791,1.40812,1.00,1.00
2015.07.09 02:28:06.871,1.40791,1.40816,1.00,1.50
2015.07.09 02:28:06.922,1.4079,1.40814,1.00,1.00
2015.07.09 02:28:07.227,1.40789,1.40812,1.97,1.00
2015.07.09 02:28:07.394,1.40791,1.40816,1.35,1.50
2015.07.09 02:28:07.496,1.40791,1.40812,1.35,1.00
2015.07.09 02:28:08.198,1.40791,1.40814,1.50,1.00
2015.07.09 02:28:09.054,1.40791,1.40814,1.50,1.00
2015.07.09 02:28:09.908,1.40791,1.40816,1.50,1.00
2015.07.09 02:28:10.418,1.40791,1.40816,1.50,1.00
2015.07.09 02:28:10.547,1.40791,1.40816,1.50,1.00
2015.07.09 02:28:10.852,1.40798,1.40824,2.47,1.87
2015.07.09 02:28:11.362,1.408,1.40826,2.10,1.87
2015.07.09 02:28:11.885,1.408,1.40826,2.10,1.87
2015.07.09 02:28:12.451,1.408,1.40826,2.10,1.87
2015.07.09 02:28:13.117,1.408,1.40825,2.10,1.00
2015.07.09 02:28:14.090,1.408,1.40825,2.10,1.00
2015.07.09 02:28:15.090,1.408,1.40825,2.10,1.00
2015.07.09 02:28:16.080,1.408,1.40825,1.35,1.00
2015.07.09 02:28:17.070,1.408,1.40825,1.67,1.00
2015.07.09 02:28:18.078,1.40799,1.40825,2.85,1.50
2015.07.09 02:28:21.217,1.40799,1.40825,2.85,1.50
2015.07.09 02:28:23.380,1.408,1.40824,1.50,1.37
2015.07.09 02:28:23.829,1.40798,1.40818,1.00,1.37
2015.07.09 02:28:23.880,1.40792,1.40818,1.50,1.37
2015.07.09 02:28:24.185,1.40795,1.40818,1.00,1.00
2015.07.09 02:28:24.440,1.40795,1.40821,3.37,1.00
2015.07.09 02:28:24.542,1.40797,1.40821,1.37,1.00
2015.07.09 02:28:25.191,1.40797,1.40821,1.12,1.00
2015.07.09 02:28:25.444,1.40795,1.40821,1.00,1.00
2015.07.09 02:28:25.698,1.40795,1.4082,1.00,1.37
2015.07.09 02:28:26.485,1.40794,1.40819,1.87,1.12
2015.07.09 02:28:27.310,1.40794,1.40819,1.50,1.37
2015.07.09 02:28:28.110,1.40794,1.4082,1.00,1.50
2015.07.09 02:28:28.485,1.40798,1.40822,1.35,1.12
2015.07.09 02:28:29.317,1.40799,1.40822,1.00,1.12
2015.07.09 02:28:30.366,1.40799,1.4082,1.00,1.00
2015.07.09 02:28:30.869,1.408,1.40821,1.00,1.37
2015.07.09 02:28:30.919,1.40796,1.40821,1.50,1.12
2015.07.09 02:28:31.224,1.40796,1.40819,1.00,1.37
2015.07.09 02:28:31.275,1.40793,1.40819,1.37,1.37
2015.07.09 02:28:31.670,1.40792,1.40818,1.00,1.50
2015.07.09 02:28:33.147,1.40792,1.40819,1.00,3.00
2015.07.09 02:28:33.608,1.40794,1.40817,1.00,1.00
2015.07.09 02:28:33.659,1.40794,1.40819,1.00,1.87
2015.07.09 02:28:34.179,1.40793,1.40819,1.12,1.87
2015.07.09 02:28:36.929,1.40793,1.40819,1.12,1.87
2015.07.09 02:28:38.160,1.40793,1.40819,1.00,1.37
2015.07.09 02:28:38.317,1.40793,1.4082,1.12,1.50
2015.07.09 02:28:38.368,1.40793,1.40818,1.00,1.37
2015.07.09 02:28:38.622,1.40791,1.40815,1.12,1.87
2015.07.09 02:28:38.825,1.40789,1.40815,1.87,3.00
2015.07.09 02:28:39.416,1.40789,1.40813,1.00,1.12
2015.07.09 02:28:40.246,1.40789,1.40813,1.00,1.37
2015.07.09 02:28:40.804,1.40789,1.40811,1.00,1.00
2015.07.09 02:28:41.323,1.40789,1.40813,1.00,1.37
2015.07.09 02:28:49.872,1.40788,1.40813,1.00,1.37
2015.07.09 02:28:49.974,1.40788,1.40813,1.00,1.37
2015.07.09 02:28:50.128,1.40783,1.40805,1.00,1.00
2015.07.09 02:28:50.180,1.40783,1.40806,1.00,1.12
2015.07.09 02:28:50.282,1.40784,1.40807,1.00,1.50
2015.07.09 02:28:50.383,1.40783,1.40809,1.00,1.12
2015.07.09 02:28:50.435,1.40781,1.40809,2.25,1.87
2015.07.09 02:28:50.486,1.40785,1.40809,1.00,1.87
2015.07.09 02:28:50.904,1.4079,1.40815,1.00,1.87
2015.07.09 02:28:51.453,1.40789,1.40815,1.50,1.87
2015.07.09 02:28:52.179,1.4079,1.40815,1.00,1.50
2015.07.09 02:28:53.473,1.40789,1.40814,1.87,1.00
2015.07.09 02:28:54.017,1.4079,1.40814,1.00,1.00
2015.07.09 02:28:55.387,1.4079,1.40815,1.12,1.75
2015.07.09 02:28:57.350,1.40789,1.40815,1.12,1.75
2015.07.09 02:29:00.027,1.40788,1.40811,1.87,1.00
2015.07.09 02:29:00.285,1.40788,1.40814,1.87,1.50
2015.07.09 02:29:01.641,1.40788,1.40814,1.87,1.50
2015.07.09 02:29:02.672,1.40788,1.40814,1.37,1.50
2015.07.09 02:29:03.525,1.40788,1.40814,1.37,1.50
2015.07.09 02:29:04.175,1.40788,1.40811,1.37,1.00
2015.07.09 02:29:04.594,1.40788,1.40809,1.37,1.00
2015.07.09 02:29:04.797,1.40782,1.40804,1.50,1.37
2015.07.09 02:29:04.848,1.40779,1.40804,1.87,1.37
2015.07.09 02:29:04.899,1.40778,1.40801,3.00,1.00
2015.07.09 02:29:05.425,1.40778,1.40801,1.50,1.00
2015.07.09 02:29:06.201,1.40778,1.40804,1.00,1.87
2015.07.09 02:29:07.008,1.40778,1.40804,1.37,1.37
2015.07.09 02:29:07.605,1.40778,1.40805,1.12,1.50
2015.07.09 02:29:11.268,1.40778,1.40804,1.12,1.00
2015.07.09 02:29:11.319,1.40778,1.40801,1.12,1.00
2015.07.09 02:29:11.689,1.40778,1.40804,1.12,1.00
2015.07.09 02:29:12.607,1.40778,1.40804,1.37,1.00
2015.07.09 02:29:13.574,1.40778,1.40804,1.37,1.00
2015.07.09 02:29:14.575,1.40778,1.40804,1.37,1.00
2015.07.09 02:29:15.669,1.40779,1.40805,1.12,1.00
2015.07.09 02:29:16.298,1.40779,1.40806,1.12,3.75
2015.07.09 02:29:18.970,1.40779,1.40805,1.87,1.00
2015.07.09 02:29:19.583,1.40779,1.40805,1.37,1.00
2015.07.09 02:29:20.294,1.4078,1.40806,1.50,2.62
2015.07.09 02:29:25.668,1.4078,1.40805,1.50,1.00
2015.07.09 02:29:30.878,1.40782,1.40805,1.00,1.00
2015.07.09 02:29:31.030,1.40782,1.40805,1.60,1.00
2015.07.09 02:29:31.183,1.40782,1.40808,1.60,1.50
2015.07.09 02:29:32.515,1.40782,1.40808,3.00,1.50
2015.07.09 02:29:33.032,1.4078,1.40807,1.00,3.37
2015.07.09 02:29:33.654,1.40779,1.40807,1.12,3.37
2015.07.09 02:29:34.172,1.40778,1.40806,3.75,1.00
2015.07.09 02:29:34.825,1.40778,1.40806,3.75,1.00
2015.07.09 02:29:36.835,1.40778,1.40806,3.75,1.00
2015.07.09 02:29:37.846,1.40778,1.40806,3.75,1.00
2015.07.09 02:29:38.391,1.4078,1.40806,1.00,1.00
2015.07.09 02:29:38.947,1.40778,1.40806,3.00,1.00
2015.07.09 02:29:40.180,1.40778,1.40807,3.75,3.75
2015.07.09 02:29:40.618,1.40783,1.40807,1.60,3.00
2015.07.09 02:29:40.720,1.40783,1.40809,2.10,1.00
2015.07.09 02:29:40.873,1.40786,1.40812,1.00,1.50
2015.07.09 02:29:41.026,1.40787,1.40814,1.87,1.87
2015.07.09 02:29:41.537,1.40788,1.40814,2.25,1.12
2015.07.09 02:29:41.975,1.40787,1.40813,1.12,1.37
2015.07.09 02:29:42.280,1.40784,1.40808,1.00,1.37
2015.07.09 02:29:42.331,1.40781,1.40808,1.12,1.37
2015.07.09 02:29:42.893,1.40781,1.40807,1.12,1.37
2015.07.09 02:29:44.674,1.4078,1.40807,2.25,1.37
2015.07.09 02:29:50.429,1.40781,1.40808,1.50,2.25
2015.07.09 02:29:51.937,1.40781,1.40808,1.50,2.25
2015.07.09 02:29:54.342,1.40782,1.40808,1.00,1.50
2015.07.09 02:30:00.554,1.40781,1.40807,2.62,1.00
2015.07.09 02:30:01.856,1.40781,1.40807,2.62,1.00
2015.07.09 02:30:06.049,1.40781,1.40806,3.37,1.00
2015.07.09 02:30:06.810,1.40781,1.40806,3.37,1.00
2015.07.09 02:30:06.911,1.40781,1.40806,3.37,1.00
2015.07.09 02:30:07.438,1.40782,1.40806,1.00,1.00
2015.07.09 02:30:08.917,1.40781,1.40806,3.00,1.00
2015.07.09 02:30:11.896,1.40781,1.40806,3.37,1.00
2015.07.09 02:30:12.288,1.40781,1.40808,3.75,1.87
2015.07.09 02:30:18.234,1.40781,1.40808,3.00,1.87
2015.07.09 02:30:18.285,1.40781,1.40806,1.87,1.00
2015.07.09 02:30:25.159,1.40782,1.40806,1.50,1.00
2015.07.09 02:30:25.464,1.40787,1.40811,1.50,1.00
2015.07.09 02:30:25.770,1.4079,1.40815,1.50,1.00
2015.07.09 02:30:26.323,1.40798,1.40815,1.12,1.00
2015.07.09 02:30:26.425,1.40807,1.40829,1.00,1.00
2015.07.09 02:30:26.577,1.4081,1.40829,1.00,1.00
2015.07.09 02:30:26.628,1.40809,1.40834,1.87,1.00
2015.07.09 02:30:26.680,1.40814,1.40836,1.00,2.25
2015.07.09 02:30:26.782,1.40812,1.40836,1.00,1.50
2015.07.09 02:30:26.986,1.40813,1.40838,1.00,1.00
2015.07.09 02:30:27.189,1.40811,1.40836,1.50,1.00
2015.07.09 02:30:27.756,1.40811,1.40836,1.00,1.00
2015.07.09 02:30:28.700,1.40809,1.40836,3.00,1.00
2015.07.09 02:30:30.204,1.4081,1.40836,1.00,1.00
2015.07.09 02:30:30.611,1.4081,1.40838,1.50,2.62
2015.07.09 02:30:30.662,1.40813,1.40838,1.37,1.50
2015.07.09 02:30:30.967,1.40813,1.40836,1.37,1.37
2015.07.09 02:30:31.353,1.40806,1.40832,1.12,1.00
2015.07.09 02:30:31.463,1.40808,1.40834,1.00,2.25
2015.07.09 02:30:32.015,1.40808,1.40834,1.00,1.12
2015.07.09 02:30:35.276,1.40811,1.40835,1.00,1.37
2015.07.09 02:30:35.378,1.40811,1.40836,1.00,1.00
2015.07.09 02:30:35.480,1.40813,1.40836,1.00,1.00
2015.07.09 02:30:35.898,1.40813,1.40841,1.00,3.75
2015.07.09 02:30:36.383,1.40811,1.40839,3.00,1.12
2015.07.09 02:30:36.932,1.40811,1.40839,3.00,1.37
2015.07.09 02:30:37.459,1.40812,1.40839,1.00,1.37
2015.07.09 02:30:38.082,1.40811,1.40839,3.37,1.37
2015.07.09 02:30:39.360,1.40811,1.40839,3.37,1.37
2015.07.09 02:30:43.349,1.40811,1.40836,1.87,1.00
2015.07.09 02:30:43.400,1.40806,1.40831,1.50,1.12
2015.07.09 02:30:43.453,1.40806,1.40829,1.50,1.00
2015.07.09 02:30:43.605,1.40803,1.40829,1.00,1.00
2015.07.09 02:30:44.681,1.40803,1.40829,1.00,1.50
2015.07.09 02:30:53.863,1.40803,1.40827,1.00,1.00
2015.07.09 02:31:01.771,1.40807,1.40827,1.00,1.12
2015.07.09 02:31:01.822,1.40805,1.40827,1.50,1.00
2015.07.09 02:31:01.874,1.4081,1.40832,1.00,1.75
2015.07.09 02:31:01.925,1.4081,1.40832,1.12,1.00
2015.07.09 02:31:01.976,1.40813,1.40832,1.00,1.00
2015.07.09 02:31:02.550,1.40819,1.40839,1.00,1.00
2015.07.09 02:31:02.603,1.40819,1.40845,1.00,1.87
2015.07.09 02:31:03.111,1.40818,1.40845,1.00,1.87
2015.07.09 02:31:03.630,1.40819,1.40845,1.00,1.87
2015.07.09 02:31:03.990,1.40818,1.40843,1.00,1.00
2015.07.09 02:31:05.422,1.40818,1.40843,1.00,1.50
2015.07.09 02:31:05.808,1.40818,1.40831,1.00,1.75
2015.07.09 02:31:05.859,1.40806,1.40827,1.00,1.00
2015.07.09 02:31:05.910,1.40804,1.40827,1.50,1.00
2015.07.09 02:31:07.097,1.40801,1.40824,1.50,1.00
2015.07.09 02:31:07.402,1.40801,1.40824,1.00,1.37
2015.07.09 02:31:07.908,1.40802,1.40824,1.00,1.37
2015.07.09 02:31:08.701,1.40801,1.40824,1.12,1.37
2015.07.09 02:31:09.450,1.408,1.40821,2.62,1.37
2015.07.09 02:31:10.495,1.40801,1.40824,1.00,1.37
2015.07.09 02:31:11.095,1.40801,1.40826,1.12,1.50
2015.07.09 02:31:11.926,1.40801,1.40826,1.37,1.50
2015.07.09 02:31:12.433,1.408,1.40824,1.37,1.37
2015.07.09 02:31:13.236,1.408,1.40824,1.00,1.37
2015.07.09 02:31:14.415,1.40801,1.40825,1.00,1.50
2015.07.09 02:31:14.680,1.40801,1.40825,1.00,1.37
2015.07.09 02:31:14.782,1.40801,1.40825,1.00,1.00
2015.07.09 02:31:15.290,1.408,1.40824,1.12,1.00
2015.07.09 02:31:16.473,1.40801,1.40824,1.00,1.12
2015.07.09 02:31:16.988,1.408,1.40824,1.00,1.00
2015.07.09 02:31:18.417,1.408,1.40824,1.50,1.00
2015.07.09 02:31:25.192,1.40802,1.40824,1.00,1.00
2015.07.09 02:31:25.741,1.40801,1.40824,1.00,1.00
2015.07.09 02:31:26.243,1.40802,1.40824,1.00,1.00
2015.07.09 02:31:26.588,1.40802,1.40827,1.00,1.00
2015.07.09 02:31:26.690,1.40802,1.40825,1.00,1.00
2015.07.09 02:31:27.191,1.40801,1.40825,1.00,1.12
2015.07.09 02:31:27.601,1.40803,1.40827,1.00,1.50
2015.07.09 02:31:28.108,1.40807,1.40827,1.00,1.12
2015.07.09 02:31:28.548,1.4081,1.4083,1.00,1.12
2015.07.09 02:31:28.756,1.40812,1.40835,1.00,1.00
2015.07.09 02:31:30.085,1.40812,1.40838,1.50,1.37
2015.07.09 02:31:30.610,1.40813,1.40838,1.00,1.37
2015.07.09 02:31:31.110,1.40815,1.4084,1.00,3.00
2015.07.09 02:31:35.629,1.40813,1.40834,1.00,1.00
2015.07.09 02:31:35.782,1.40802,1.40827,2.25,1.12
2015.07.09 02:31:35.985,1.40799,1.40826,1.50,1.00
2015.07.09 02:31:39.289,1.40799,1.40825,1.00,1.00
2015.07.09 02:31:39.340,1.40799,1.40823,1.00,1.00
2015.07.09 02:31:39.645,1.40793,1.40817,1.00,1.50
2015.07.09 02:31:40.545,1.40789,1.40816,1.00,1.50
2015.07.09 02:31:41.093,1.40789,1.40816,1.00,1.50
2015.07.09 02:31:41.686,1.4079,1.40816,1.00,1.50
2015.07.09 02:31:42.278,1.4079,1.40816,1.00,1.50
2015.07.09 02:31:43.004,1.40789,1.40816,1.00,1.50
2015.07.09 02:31:44.098,1.40789,1.40816,1.00,1.50
2015.07.09 02:31:45.068,1.4079,1.40816,1.00,1.50
2015.07.09 02:31:45.119,1.4079,1.40816,1.00,1.50
2015.07.09 02:31:48.405,1.40789,1.40816,1.00,1.50
2015.07.09 02:31:48.920,1.4079,1.40816,1.50,1.00
2015.07.09 02:31:49.558,1.40789,1.40816,1.00,1.50
2015.07.09 02:31:50.219,1.40789,1.40816,1.00,1.50
2015.07.09 02:31:53.207,1.40789,1.40816,1.00,1.87
2015.07.09 02:31:54.837,1.40789,1.40816,1.00,1.87
2015.07.09 02:31:55.544,1.40789,1.40816,1.50,1.87
2015.07.09 02:31:56.689,1.40789,1.40816,1.00,1.87
2015.07.09 02:31:57.716,1.40789,1.40816,1.00,3.37
2015.07.09 02:31:58.122,1.40787,1.40813,1.12,1.75
2015.07.09 02:31:59.128,1.40789,1.40813,1.00,1.37
2015.07.09 02:31:59.231,1.40793,1.40817,1.00,1.12
2015.07.09 02:31:59.282,1.40797,1.40818,1.00,1.87
2015.07.09 02:31:59.435,1.40798,1.40823,1.00,1.87
2015.07.09 02:31:59.638,1.40799,1.40826,1.00,1.12
2015.07.09 02:32:00.312,1.408,1.40826,1.00,1.12
2015.07.09 02:32:00.856,1.408,1.40827,1.87,1.00
2015.07.09 02:32:01.160,1.40802,1.40827,1.00,1.00
2015.07.09 02:32:01.930,1.40804,1.40827,1.00,1.00
2015.07.09 02:32:02.032,1.40802,1.40827,1.00,1.00
2015.07.09 02:32:02.665,1.40804,1.40827,1.00,1.00
2015.07.09 02:32:03.286,1.40802,1.40827,1.00,1.00
2015.07.09 02:32:04.202,1.408,1.40827,1.50,1.00
2015.07.09 02:32:05.162,1.408,1.40827,1.00,1.87
2015.07.09 02:32:05.673,1.40799,1.40826,1.00,1.37
2015.07.09 02:32:06.181,1.408,1.40826,1.00,1.37
2015.07.09 02:32:06.784,1.40803,1.40827,1.00,1.37
2015.07.09 02:32:07.195,1.40803,1.4083,1.50,2.62
2015.07.09 02:32:07.729,1.40803,1.40829,1.50,1.00
2015.07.09 02:32:08.783,1.40803,1.4083,1.00,3.00
2015.07.09 02:32:12.381,1.40803,1.40829,1.00,1.50
2015.07.09 02:32:12.980,1.40803,1.40829,1.12,1.75
2015.07.09 02:32:13.876,1.40801,1.40829,1.00,1.75
2015.07.09 02:32:14.400,1.40801,1.40829,1.00,1.75
2015.07.09 02:32:15.430,1.40801,1.40829,1.00,3.37
2015.07.09 02:32:15.532,1.40801,1.40827,1.00,1.87
2015.07.09 02:32:16.401,1.40801,1.40827,1.12,1.37
2015.07.09 02:32:16.726,1.40801,1.4082,1.00,1.37
2015.07.09 02:32:16.777,1.40794,1.40817,1.00,1.00
2015.07.09 02:32:18.946,1.40794,1.40819,1.00,1.12
2015.07.09 02:32:27.016,1.40801,1.4082,2.10,1.50
2015.07.09 02:32:27.068,1.40804,1.40822,1.60,1.37
2015.07.09 02:32:27.372,1.40805,1.40827,1.00,1.12
2015.07.09 02:32:27.423,1.40803,1.40824,1.12,1.00
2015.07.09 02:32:27.474,1.40799,1.40824,2.25,1.12
2015.07.09 02:32:27.525,1.40797,1.40824,1.00,1.12
2015.07.09 02:32:27.678,1.40795,1.40824,1.50,1.87
2015.07.09 02:32:27.982,1.40795,1.40822,1.00,1.37
2015.07.09 02:32:28.506,1.40794,1.40821,1.00,1.87
2015.07.09 02:32:29.013,1.40794,1.40821,1.00,2.25
2015.07.09 02:32:29.327,1.40794,1.40821,1.00,2.25
2015.07.09 02:32:29.378,1.40794,1.40821,1.00,2.25
2015.07.09 02:32:30.092,1.40794,1.40821,1.00,2.25
2015.07.09 02:32:30.727,1.40794,1.40821,1.00,2.62
2015.07.09 02:32:37.842,1.40794,1.40821,1.00,2.25
2015.07.09 02:32:38.363,1.40794,1.40821,1.00,2.25
2015.07.09 02:32:39.848,1.40792,1.40821,1.87,3.00
2015.07.09 02:32:40.694,1.40792,1.40821,1.87,3.00
2015.07.09 02:32:40.897,1.40792,1.40821,1.87,3.00
2015.07.09 02:32:41.369,1.40792,1.40821,1.87,3.00
2015.07.09 02:32:41.798,1.40792,1.40821,1.87,3.00
2015.07.09 02:32:42.262,1.40794,1.40821,1.00,3.00
2015.07.09 02:32:43.244,1.40796,1.40821,1.00,2.25
2015.07.09 02:32:43.399,1.40797,1.40821,1.50,1.00
2015.07.09 02:32:43.713,1.40804,1.40827,1.00,1.37
2015.07.09 02:32:44.241,1.40804,1.40827,1.00,1.12
2015.07.09 02:32:44.745,1.40804,1.40828,1.00,1.00
2015.07.09 02:32:45.908,1.40804,1.40829,1.00,1.12
2015.07.09 02:32:47.464,1.40803,1.40829,1.00,1.50
2015.07.09 02:32:50.541,1.40804,1.40832,1.00,2.25
2015.07.09 02:32:51.293,1.40802,1.40831,3.00,1.37
2015.07.09 02:32:52.834,1.40803,1.40832,1.00,3.00
2015.07.09 02:32:53.174,1.40803,1.40832,1.00,2.62
2015.07.09 02:32:53.994,1.40804,1.40832,1.00,3.00
2015.07.09 02:32:55.269,1.40804,1.40831,1.00,1.00
2015.07.09 02:32:55.901,1.40804,1.40829,1.00,1.00
2015.07.09 02:32:56.053,1.40804,1.40831,1.00,1.00
2015.07.09 02:32:56.600,1.40804,1.4083,1.00,1.00
2015.07.09 02:32:57.113,1.40804,1.40831,1.00,1.12
2015.07.09 02:32:57.650,1.40804,1.4083,1.00,1.00
2015.07.09 02:32:58.056,1.40802,1.40829,1.12,1.00
2015.07.09 02:32:58.580,1.40802,1.40828,1.12,1.00
2015.07.09 02:33:06.631,1.40802,1.4083,1.12,1.37
2015.07.09 02:33:07.200,1.40802,1.40828,1.12,1.00
2015.07.09 02:33:07.857,1.40802,1.40831,1.12,3.75
2015.07.09 02:33:08.415,1.40802,1.40829,1.12,1.00
2015.07.09 02:33:09.705,1.40802,1.4083,1.12,1.50
2015.07.09 02:33:11.760,1.40802,1.40829,1.12,1.00
2015.07.09 02:33:12.275,1.40802,1.40828,1.12,1.00
2015.07.09 02:33:12.781,1.40802,1.40829,1.12,1.00
2015.07.09 02:33:13.395,1.40802,1.4083,1.12,1.00
2015.07.09 02:33:13.928,1.40804,1.40831,1.00,2.25
2015.07.09 02:33:14.521,1.40803,1.40831,1.00,1.87
2015.07.09 02:33:15.072,1.40803,1.40831,1.00,2.25
2015.07.09 02:33:15.582,1.40803,1.40831,1.00,1.87
2015.07.09 02:33:16.106,1.40803,1.40831,1.00,2.25
2015.07.09 02:33:16.911,1.40803,1.40831,1.00,1.50
2015.07.09 02:33:20.009,1.40803,1.40831,1.00,1.37
2015.07.09 02:33:20.374,1.40803,1.40832,1.00,4.12
2015.07.09 02:33:20.429,1.40802,1.40832,2.62,3.37
2015.07.09 02:33:24.182,1.40802,1.40831,1.12,3.00
2015.07.09 02:33:24.733,1.40802,1.40831,1.87,1.87
2015.07.09 02:33:25.374,1.40802,1.40831,1.12,2.25
2015.07.09 02:33:26.020,1.40802,1.40831,1.87,1.87
2015.07.09 02:33:27.048,1.40802,1.40831,1.12,3.00
2015.07.09 02:33:27.578,1.40802,1.40831,1.12,1.87
2015.07.09 02:33:28.211,1.40802,1.40831,1.12,2.25
2015.07.09 02:33:28.732,1.40802,1.40831,1.12,1.87
2015.07.09 02:33:29.861,1.40802,1.40831,1.12,2.25
2015.07.09 02:33:30.455,1.40802,1.40831,1.12,1.87
2015.07.09 02:33:35.198,1.40802,1.40831,1.12,3.00
2015.07.09 02:33:35.736,1.40802,1.40831,1.12,2.62
2015.07.09 02:33:37.808,1.40802,1.40831,1.12,3.00
2015.07.09 02:33:39.101,1.40802,1.40831,1.12,2.62
2015.07.09 02:33:39.715,1.40803,1.40831,1.00,1.87
2015.07.09 02:33:40.624,1.40802,1.4083,1.12,1.00
2015.07.09 02:33:41.902,1.40803,1.40831,1.00,2.25
2015.07.09 02:33:42.697,1.40802,1.40831,2.25,1.87
2015.07.09 02:33:43.417,1.40803,1.40831,1.00,2.62
2015.07.09 02:33:43.929,1.40802,1.40831,1.12,2.62
2015.07.09 02:33:44.433,1.40803,1.40831,1.00,3.00
2015.07.09 02:33:45.248,1.40802,1.40831,1.12,3.00
2015.07.09 02:33:45.775,1.40802,1.4083,1.12,1.00
2015.07.09 02:33:46.283,1.40802,1.40831,1.87,2.25
2015.07.09 02:33:49.226,1.40802,1.4083,1.12,1.00
2015.07.09 02:33:50.238,1.40802,1.40831,1.12,2.25
2015.07.09 02:33:51.010,1.40802,1.40831,1.12,1.37
2015.07.09 02:33:51.548,1.40812,1.4084,1.37,1.87
2015.07.09 02:33:51.599,1.40811,1.4084,1.12,3.00
2015.07.09 02:33:51.702,1.40813,1.4084,1.12,1.00
2015.07.09 02:33:52.107,1.40817,1.4084,1.00,1.00
2015.07.09 02:33:52.365,1.40816,1.40843,1.00,1.87
2015.07.09 02:33:53.467,1.40816,1.40843,1.37,1.87
2015.07.09 02:33:53.969,1.40816,1.40843,1.12,1.00
2015.07.09 02:33:57.504,1.40817,1.40843,1.00,1.00
2015.07.09 02:33:58.398,1.40815,1.40843,1.50,1.00
2015.07.09 02:34:01.027,1.40813,1.40841,1.75,1.37
2015.07.09 02:34:01.078,1.40813,1.40841,1.00,1.87
2015.07.09 02:34:01.130,1.40813,1.40837,1.00,1.00
2015.07.09 02:34:01.433,1.40812,1.40833,1.00,1.37
2015.07.09 02:34:01.485,1.4081,1.40832,1.00,1.12
2015.07.09 02:34:07.526,1.4081,1.40833,1.00,1.50
2015.07.09 02:34:08.160,1.4081,1.40834,1.00,1.12
2015.07.09 02:34:10.841,1.4081,1.40833,1.00,1.00
2015.07.09 02:34:11.526,1.4081,1.40831,1.00,1.37
2015.07.09 02:34:11.627,1.40811,1.40835,1.00,1.12
2015.07.09 02:34:11.678,1.40811,1.40833,1.00,1.00
2015.07.09 02:34:11.729,1.4081,1.40835,1.50,1.87
2015.07.09 02:34:11.882,1.40808,1.40835,1.00,1.12
2015.07.09 02:34:11.933,1.40808,1.40835,1.37,1.00
2015.07.09 02:34:12.458,1.40809,1.40837,1.37,1.87
2015.07.09 02:34:12.864,1.40809,1.40837,1.87,1.37
2015.07.09 02:34:13.872,1.40809,1.40837,1.87,1.37
2015.07.09 02:34:17.883,1.40809,1.40837,1.37,1.87
2015.07.09 02:34:18.396,1.40809,1.40837,1.12,2.25
2015.07.09 02:34:19.863,1.40809,1.40837,1.12,3.00
2015.07.09 02:34:20.934,1.40809,1.40837,1.87,1.50
2015.07.09 02:34:25.165,1.40809,1.40837,1.12,3.75
2015.07.09 02:34:27.874,1.40808,1.40836,2.62,1.37
2015.07.09 02:34:28.388,1.40811,1.40836,1.00,1.37
2015.07.09 02:34:34.210,1.40811,1.40833,1.00,1.87
2015.07.09 02:34:35.025,1.40811,1.40833,1.00,3.00
2015.07.09 02:34:36.566,1.40811,1.40828,1.00,1.75
2015.07.09 02:34:36.667,1.40807,1.40825,1.00,1.50
2015.07.09 02:34:36.718,1.40807,1.40825,1.00,1.50
2015.07.09 02:34:37.009,1.40804,1.40822,1.00,1.37
2015.07.09 02:34:37.067,1.40801,1.40821,1.00,1.37
2015.07.09 02:34:37.118,1.40798,1.40821,1.00,1.87
2015.07.09 02:34:37.936,1.40798,1.40821,1.00,1.87
2015.07.09 02:34:38.940,1.40798,1.40821,1.00,1.37
2015.07.09 02:34:39.220,1.40798,1.40821,1.00,1.37
2015.07.09 02:34:40.224,1.40798,1.40824,1.00,1.87
2015.07.09 02:34:41.504,1.40798,1.40826,1.00,1.87
2015.07.09 02:34:42.655,1.40798,1.40824,1.00,1.37
2015.07.09 02:34:43.865,1.40798,1.40823,1.50,2.62
2015.07.09 02:34:44.170,1.40801,1.40824,1.00,1.37
2015.07.09 02:34:44.641,1.40804,1.40825,1.00,1.37
2015.07.09 02:34:44.743,1.40803,1.40826,1.00,1.37
2015.07.09 02:34:44.794,1.40803,1.40826,1.75,1.37
2015.07.09 02:34:44.845,1.40805,1.40826,1.37,1.00
2015.07.09 02:34:44.897,1.40808,1.40827,1.12,1.00
2015.07.09 02:34:44.948,1.40808,1.40833,1.12,1.37
2015.07.09 02:34:44.999,1.40813,1.40835,1.00,1.37
2015.07.09 02:34:45.050,1.40813,1.40835,1.00,1.37
2015.07.09 02:34:45.105,1.40811,1.40836,1.50,1.87
2015.07.09 02:34:45.156,1.40811,1.40837,2.25,1.37
2015.07.09 02:34:45.208,1.40814,1.40837,1.00,1.37
2015.07.09 02:34:45.360,1.40815,1.40837,1.00,1.12
2015.07.09 02:34:46.278,1.40815,1.40838,1.00,1.37
2015.07.09 02:34:47.315,1.40815,1.40838,1.00,1.37
2015.07.09 02:34:48.317,1.40815,1.40838,1.00,1.37
2015.07.09 02:34:50.018,1.40815,1.40837,1.50,1.37
2015.07.09 02:34:50.520,1.40816,1.40837,1.37,1.37
2015.07.09 02:34:51.140,1.40818,1.40837,1.00,1.37
2015.07.09 02:34:51.679,1.40817,1.40837,1.37,1.12
2015.07.09 02:34:56.067,1.40816,1.40837,1.00,1.12
2015.07.09 02:34:56.917,1.40815,1.40837,2.25,1.12
2015.07.09 02:34:57.424,1.40816,1.40837,1.00,1.12
2015.07.09 02:35:06.476,1.40817,1.40837,1.00,1.00
2015.07.09 02:35:06.679,1.40817,1.40842,1.00,2.62
2015.07.09 02:35:07.453,1.40817,1.40844,1.00,2.62
2015.07.09 02:35:08.638,1.40817,1.40844,1.00,2.62
2015.07.09 02:35:09.574,1.40816,1.40844,1.00,2.62
2015.07.09 02:35:10.491,1.40816,1.40844,1.00,2.62
2015.07.09 02:35:15.616,1.40817,1.40844,1.00,1.87
2015.07.09 02:35:17.284,1.40817,1.40844,1.75,1.87
2015.07.09 02:35:17.336,1.40829,1.40853,2.25,1.37
2015.07.09 02:35:17.589,1.40831,1.40853,1.00,1.37
2015.07.09 02:35:18.180,1.4083,1.40853,1.00,1.37
2015.07.09 02:35:18.542,1.40827,1.40853,1.87,1.37
2015.07.09 02:35:19.288,1.40827,1.40853,1.87,1.37
2015.07.09 02:35:23.304,1.40827,1.40853,1.37,1.37
2015.07.09 02:35:24.306,1.40827,1.40853,1.37,1.37
2015.07.09 02:35:30.489,1.40827,1.40853,1.37,1.37
2015.07.09 02:35:38.500,1.40827,1.40857,1.87,4.12
2015.07.09 02:35:40.601,1.40827,1.40853,1.37,1.87
2015.07.09 02:35:40.652,1.40826,1.4085,1.00,1.75
2015.07.09 02:35:40.703,1.40824,1.40846,1.00,1.00
2015.07.09 02:35:40.754,1.40822,1.40846,1.00,1.37
2015.07.09 02:35:41.062,1.40822,1.40846,1.00,1.50
2015.07.09 02:35:41.164,1.40819,1.40846,1.00,1.50
2015.07.09 02:35:41.736,1.40818,1.40846,1.00,2.25
2015.07.09 02:35:42.508,1.40818,1.40846,1.00,2.25
2015.07.09 02:35:43.026,1.40817,1.40846,2.25,3.00
2015.07.09 02:35:44.537,1.40817,1.40844,1.50,1.37
2015.07.09 02:35:55.944,1.40817,1.40844,1.12,1.37
2015.07.09 02:35:59.977,1.40817,1.40844,1.12,1.37
2015.07.09 02:36:00.947,1.40817,1.40844,1.12,1.37
2015.07.09 02:36:03.333,1.40817,1.40834,1.12,1.00
2015.07.09 02:36:03.384,1.40816,1.4084,1.00,1.37
2015.07.09 02:36:03.435,1.40814,1.4084,1.00,1.37
2015.07.09 02:36:03.486,1.40814,1.4084,1.00,1.37
2015.07.09 02:36:03.587,1.40814,1.4084,1.00,1.37
2015.07.09 02:36:03.740,1.40814,1.40835,1.00,1.00
2015.07.09 02:36:04.451,1.40812,1.40835,1.50,1.00
2015.07.09 02:36:10.917,1.40812,1.40834,1.00,1.00
2015.07.09 02:36:17.583,1.40812,1.40834,1.00,1.37
2015.07.09 02:36:18.584,1.40812,1.40834,1.00,1.00
2015.07.09 02:36:19.481,1.40812,1.40833,1.00,1.00
2015.07.09 02:36:21.551,1.40811,1.40833,1.50,1.00
2015.07.09 02:36:22.118,1.40812,1.40833,1.00,1.00
2015.07.09 02:36:26.319,1.40812,1.40834,1.50,1.12
2015.07.09 02:36:26.684,1.40813,1.40834,1.12,1.12
2015.07.09 02:36:27.298,1.40814,1.40837,1.87,1.37
2015.07.09 02:36:27.351,1.40817,1.4084,1.37,1.37
2015.07.09 02:36:27.727,1.40821,1.4084,1.12,1.00
2015.07.09 02:36:28.031,1.40815,1.40836,1.00,1.37
2015.07.09 02:36:28.082,1.4081,1.40836,1.50,1.37
2015.07.09 02:36:28.133,1.4081,1.40836,1.50,1.37
2015.07.09 02:36:28.970,1.4081,1.40836,1.50,1.37
2015.07.09 02:36:29.504,1.4081,1.40836,1.50,1.37
2015.07.09 02:36:29.923,1.4081,1.40836,1.00,1.37
2015.07.09 02:36:30.947,1.4081,1.40835,1.00,1.75
2015.07.09 02:36:31.950,1.4081,1.40835,1.00,1.75
2015.07.09 02:36:32.717,1.40808,1.40835,1.00,1.75
2015.07.09 02:36:33.236,1.40808,1.40835,1.00,1.75
2015.07.09 02:36:34.200,1.40807,1.40835,2.25,1.75
2015.07.09 02:36:36.142,1.40807,1.40835,1.00,2.25
2015.07.09 02:36:37.965,1.40807,1.40834,1.00,1.50
2015.07.09 02:36:38.960,1.40807,1.40834,1.00,1.50
2015.07.09 02:36:39.499,1.40808,1.40834,1.00,1.50
2015.07.09 02:36:40.061,1.40807,1.40834,1.50,1.50
2015.07.09 02:36:41.737,1.40807,1.40832,1.00,1.50
2015.07.09 02:36:41.839,1.40806,1.40832,1.12,2.25
2015.07.09 02:36:41.940,1.40804,1.40831,1.50,1.37
2015.07.09 02:36:42.205,1.40805,1.40832,1.00,1.50
2015.07.09 02:36:42.408,1.40808,1.40833,1.00,1.50
2015.07.09 02:36:42.662,1.40806,1.40833,1.50,1.37
2015.07.09 02:36:45.011,1.40807,1.40833,1.00,1.37
2015.07.09 02:36:45.550,1.40806,1.40833,1.50,1.37
2015.07.09 02:36:48.132,1.40806,1.40833,1.50,1.37
2015.07.09 02:36:48.432,1.40808,1.40833,1.00,1.37
2015.07.09 02:36:48.873,1.40806,1.40833,1.00,1.87
2015.07.09 02:36:49.076,1.40807,1.40833,1.37,1.87
2015.07.09 02:36:49.582,1.40807,1.40834,1.50,1.37
2015.07.09 02:36:50.168,1.40807,1.40834,1.00,1.37
2015.07.09 02:36:51.037,1.40807,1.40834,1.00,1.37
2015.07.09 02:36:52.071,1.40807,1.40831,1.00,1.37
2015.07.09 02:36:52.578,1.40805,1.40831,1.50,1.37
2015.07.09 02:36:53.185,1.40805,1.40831,1.50,1.37
2015.07.09 02:36:54.179,1.40805,1.40831,1.00,2.25
2015.07.09 02:36:56.146,1.40805,1.40831,1.50,1.37
2015.07.09 02:36:58.622,1.40802,1.40831,3.75,1.37
2015.07.09 02:36:58.673,1.40805,1.40831,1.00,1.37
2015.07.09 02:36:59.556,1.40805,1.40831,1.00,1.87
2015.07.09 02:37:00.063,1.40802,1.40828,1.87,1.37
2015.07.09 02:37:00.777,1.40802,1.40828,2.62,1.37
2015.07.09 02:37:01.811,1.40802,1.40828,2.62,1.37
2015.07.09 02:37:02.874,1.40802,1.40831,2.62,1.50
2015.07.09 02:37:04.326,1.40804,1.40831,1.12,1.37
2015.07.09 02:37:04.377,1.40806,1.40832,1.00,1.50
2015.07.09 02:37:04.479,1.40806,1.40832,1.00,1.50
2015.07.09 02:37:04.530,1.40804,1.40832,1.12,1.50
2015.07.09 02:37:04.631,1.40806,1.40832,1.00,1.50
2015.07.09 02:37:04.948,1.40806,1.40832,1.37,1.37
2015.07.09 02:37:05.317,1.40806,1.40832,1.87,1.37
2015.07.09 02:37:05.520,1.40809,1.40832,1.00,1.37
2015.07.09 02:37:05.825,1.40814,1.40839,1.87,1.37
2015.07.09 02:37:06.433,1.40817,1.40841,1.00,1.37
2015.07.09 02:37:07.130,1.40816,1.40842,1.00,1.37
2015.07.09 02:37:07.499,1.40818,1.40842,1.37,1.37
2015.07.09 02:37:15.107,1.40821,1.40847,1.00,2.25
2015.07.09 02:37:15.631,1.40821,1.40847,1.00,2.25
2015.07.09 02:37:16.676,1.40819,1.40847,2.25,2.25
2015.07.09 02:37:16.829,1.40819,1.40847,1.87,1.87
2015.07.09 02:37:17.033,1.40823,1.40847,1.00,1.87
2015.07.09 02:37:17.135,1.40823,1.40847,1.00,1.87
2015.07.09 02:37:17.677,1.40822,1.40849,1.00,2.25
2015.07.09 02:37:18.499,1.40822,1.40849,1.00,1.50
2015.07.09 02:37:18.706,1.40822,1.40849,1.00,1.50
2015.07.09 02:37:21.124,1.40825,1.40849,1.37,1.50
2015.07.09 02:37:21.708,1.40825,1.4085,1.37,1.75
2015.07.09 02:37:22.875,1.40825,1.40851,1.37,2.25
2015.07.09 02:37:23.712,1.40825,1.40851,1.37,2.25
2015.07.09 02:37:27.724,1.40825,1.40851,1.37,1.87
2015.07.09 02:37:28.951,1.40825,1.40851,1.37,1.37
2015.07.09 02:37:29.255,1.40822,1.4085,1.37,1.37
2015.07.09 02:37:29.458,1.40821,1.40849,2.25,1.37
2015.07.09 02:37:29.784,1.40821,1.40849,1.50,1.50
2015.07.09 02:37:31.680,1.40821,1.40848,1.50,1.75
2015.07.09 02:37:33.430,1.40821,1.40849,2.25,1.75
2015.07.09 02:37:34.064,1.40822,1.40849,1.37,1.75
2015.07.09 02:37:34.682,1.40822,1.40849,1.37,1.50
2015.07.09 02:37:35.655,1.40822,1.40849,1.37,1.50
2015.07.09 02:37:36.637,1.40822,1.40849,1.37,1.50
2015.07.09 02:37:37.676,1.40822,1.4085,1.37,1.75
2015.07.09 02:37:40.705,1.40822,1.4085,1.37,1.37
2015.07.09 02:37:41.663,1.40822,1.4085,1.37,1.37
2015.07.09 02:37:43.803,1.40822,1.40851,1.87,2.25
2015.07.09 02:37:44.685,1.40822,1.40851,1.87,2.25
2015.07.09 02:37:45.799,1.40825,1.40851,1.00,1.87
2015.07.09 02:37:45.901,1.40827,1.40851,1.00,1.12
2015.07.09 02:37:46.407,1.40827,1.40854,1.87,1.37
2015.07.09 02:37:46.813,1.40826,1.40854,1.50,1.50
2015.07.09 02:37:47.167,1.40827,1.40854,1.00,1.50
2015.07.09 02:37:55.817,1.40827,1.40854,1.50,1.50
2015.07.09 02:37:56.174,1.40829,1.40854,1.37,1.37
2015.07.09 02:37:57.084,1.40829,1.40854,1.37,1.12
2015.07.09 02:37:57.797,1.40829,1.40854,1.00,1.12
2015.07.09 02:37:58.134,1.4083,1.40854,1.37,1.12
2015.07.09 02:37:58.236,1.40835,1.40858,1.00,1.00
2015.07.09 02:37:58.338,1.40836,1.40862,1.00,1.00
2015.07.09 02:37:58.593,1.40835,1.40862,1.12,1.50
2015.07.09 02:37:58.898,1.40832,1.4086,2.25,1.75
2015.07.09 02:37:59.658,1.40832,1.40858,1.12,1.37
2015.07.09 02:38:00.461,1.40832,1.40861,1.12,1.87
2015.07.09 02:38:01.414,1.40832,1.40861,1.12,1.87
2015.07.09 02:38:02.372,1.40833,1.40861,1.00,1.37
2015.07.09 02:38:05.820,1.40833,1.40861,1.00,1.37
2015.07.09 02:38:06.184,1.40834,1.40861,1.37,1.12
2015.07.09 02:38:06.241,1.40838,1.40867,1.87,1.87
2015.07.09 02:38:08.046,1.4084,1.40867,1.00,1.37
2015.07.09 02:38:08.402,1.40842,1.40867,1.12,1.37
2015.07.09 02:38:08.863,1.40841,1.40867,1.12,1.12
2015.07.09 02:38:09.394,1.40842,1.40867,1.00,1.12
2015.07.09 02:38:09.496,1.4084,1.40867,1.00,1.12
2015.07.09 02:38:10.054,1.4084,1.40867,1.00,1.37
2015.07.09 02:38:10.967,1.40839,1.40867,1.50,1.37
2015.07.09 02:38:11.119,1.40842,1.40869,1.00,1.37
2015.07.09 02:38:11.170,1.40842,1.40869,1.00,1.00
2015.07.09 02:38:12.875,1.40848,1.40871,1.00,1.00
2015.07.09 02:38:13.078,1.40851,1.40877,1.50,1.00
2015.07.09 02:38:13.180,1.40854,1.4088,1.37,1.12
2015.07.09 02:38:24.029,1.40856,1.4088,1.00,1.00
2015.07.09 02:38:24.080,1.40856,1.40882,1.00,1.12
2015.07.09 02:38:29.407,1.40858,1.40882,1.12,1.00
2015.07.09 02:38:31.645,1.40858,1.40884,1.12,1.12
2015.07.09 02:38:32.301,1.40857,1.40884,1.00,1.50
2015.07.09 02:38:32.949,1.40855,1.40884,2.62,1.87
2015.07.09 02:38:33.000,1.40855,1.40884,2.25,1.87
2015.07.09 02:38:34.067,1.40857,1.40885,1.00,2.25
2015.07.09 02:38:34.887,1.40857,1.40884,1.00,1.00
2015.07.09 02:38:36.735,1.40855,1.40884,3.00,1.00
2015.07.09 02:38:41.279,1.40855,1.40885,3.00,3.00
2015.07.09 02:38:42.813,1.40857,1.40885,1.00,3.00
2015.07.09 02:38:42.864,1.40858,1.40885,1.12,1.87
2015.07.09 02:38:42.967,1.40858,1.40885,1.00,1.87
2015.07.09 02:38:43.935,1.40858,1.40884,1.00,1.37
2015.07.09 02:38:44.973,1.40858,1.40884,1.00,1.12
2015.07.09 02:38:47.027,1.40858,1.40884,1.00,1.37
2015.07.09 02:38:48.149,1.40858,1.40882,1.00,1.00
2015.07.09 02:38:49.027,1.40855,1.40882,3.37,1.00
2015.07.09 02:38:50.054,1.40855,1.40881,3.37,1.00
2015.07.09 02:38:52.508,1.40855,1.40876,1.00,1.00
2015.07.09 02:38:52.561,1.40852,1.40876,1.00,2.25
2015.07.09 02:38:52.764,1.40849,1.40875,1.00,1.75
2015.07.09 02:38:52.866,1.40846,1.40873,2.62,1.12
2015.07.09 02:38:53.399,1.40846,1.40875,1.87,1.50
2015.07.09 02:38:54.163,1.40846,1.40874,1.00,1.50
2015.07.09 02:38:55.061,1.40846,1.40873,1.87,1.00
2015.07.09 02:38:55.605,1.40846,1.40875,1.87,1.87
2015.07.09 02:38:57.709,1.40846,1.40872,1.87,1.00
2015.07.09 02:38:58.115,1.40846,1.40874,1.87,1.12
2015.07.09 02:38:58.341,1.40846,1.40872,1.87,1.00
2015.07.09 02:38:58.867,1.40846,1.40872,1.00,1.00
2015.07.09 02:38:59.399,1.40846,1.40872,1.87,1.00
2015.07.09 02:38:59.654,1.40846,1.40874,1.37,1.87
2015.07.09 02:38:59.909,1.40846,1.40872,1.37,1.00
2015.07.09 02:39:00.411,1.40844,1.40872,2.25,1.00
2015.07.09 02:39:00.476,1.40844,1.40872,1.50,1.00
2015.07.09 02:39:05.991,1.40847,1.40873,1.00,1.00
2015.07.09 02:39:06.585,1.40847,1.40874,1.00,1.00
2015.07.09 02:39:07.546,1.40851,1.40876,1.00,1.50
2015.07.09 02:39:07.648,1.40852,1.4088,1.75,1.00
2015.07.09 02:39:18.796,1.40853,1.4088,1.37,1.87
2015.07.09 02:39:19.088,1.40852,1.4088,1.00,3.37
2015.07.09 02:39:23.876,1.40852,1.4088,1.00,2.62
2015.07.09 02:39:27.103,1.4085,1.40876,2.25,1.12
2015.07.09 02:39:28.048,1.4085,1.40876,2.25,1.12
2015.07.09 02:39:30.785,1.4085,1.40877,2.25,1.75
2015.07.09 02:39:34.799,1.4085,1.40877,2.25,1.75
2015.07.09 02:39:37.795,1.4085,1.40877,2.25,1.75
2015.07.09 02:39:39.768,1.4086,1.40877,1.00,1.12
2015.07.09 02:39:39.820,1.40855,1.40878,1.00,1.12
2015.07.09 02:39:39.871,1.40859,1.4088,1.12,1.00
2015.07.09 02:39:39.922,1.40859,1.40886,1.12,1.87
2015.07.09 02:39:40.075,1.40861,1.40886,1.00,1.37
2015.07.09 02:39:40.382,1.40859,1.40881,1.37,1.12
2015.07.09 02:39:40.434,1.40855,1.4088,1.00,1.12
2015.07.09 02:39:40.536,1.40853,1.4088,1.00,1.87
2015.07.09 02:39:40.638,1.40852,1.4088,1.50,1.75
2015.07.09 02:39:40.941,1.40852,1.4088,1.50,1.75
2015.07.09 02:39:41.423,1.40852,1.40879,1.00,1.75
2015.07.09 02:39:42.730,1.40852,1.40879,1.00,1.75
2015.07.09 02:39:43.842,1.40852,1.40881,3.00,3.75
2015.07.09 02:39:44.956,1.40852,1.4088,2.25,1.50
2015.07.09 02:39:45.362,1.40854,1.40874,1.00,1.12
2015.07.09 02:39:45.464,1.40847,1.40871,1.00,1.37
2015.07.09 02:39:45.566,1.40847,1.40871,1.00,1.75
2015.07.09 02:39:45.617,1.40842,1.40868,1.00,1.87
2015.07.09 02:39:45.721,1.4084,1.40868,2.25,2.25
2015.07.09 02:39:46.424,1.4084,1.40866,1.00,1.12
2015.07.09 02:39:46.984,1.40841,1.40866,1.12,1.75
2015.07.09 02:39:47.035,1.40843,1.40867,1.00,1.12
2015.07.09 02:39:47.340,1.40844,1.40869,1.00,1.37
2015.07.09 02:39:47.705,1.40848,1.40874,2.62,1.37
2015.07.09 02:39:48.153,1.40851,1.40878,1.50,1.87
2015.07.09 02:39:49.053,1.40851,1.40864,1.12,1.00
2015.07.09 02:39:49.206,1.40844,1.40862,1.37,1.00
2015.07.09 02:39:49.257,1.40839,1.40861,1.75,1.37
2015.07.09 02:39:49.308,1.40834,1.40858,1.00,1.00
2015.07.09 02:39:49.360,1.40834,1.40858,1.00,1.37
2015.07.09 02:39:49.513,1.40832,1.40858,1.00,1.87
2015.07.09 02:39:49.564,1.4083,1.40858,1.00,1.87
2015.07.09 02:39:50.116,1.40829,1.40856,1.12,1.37
2015.07.09 02:39:50.423,1.40834,1.40858,1.00,2.25
2015.07.09 02:39:50.476,1.40834,1.40858,1.00,1.87
2015.07.09 02:39:50.578,1.40835,1.40858,1.12,1.37
2015.07.09 02:39:50.630,1.40838,1.4086,1.00,1.37
2015.07.09 02:39:50.731,1.40838,1.4086,1.00,1.37
2015.07.09 02:39:51.213,1.40834,1.40862,1.50,1.62
2015.07.09 02:39:51.725,1.40833,1.4086,1.50,1.37
2015.07.09 02:39:52.324,1.40831,1.40856,1.00,1.12
2015.07.09 02:39:52.642,1.40831,1.40856,1.00,1.37
2015.07.09 02:39:52.693,1.40829,1.40856,1.12,1.37
2015.07.09 02:39:53.200,1.40829,1.40856,1.00,1.37
2015.07.09 02:39:53.734,1.4083,1.40856,1.00,1.37
2015.07.09 02:39:59.015,1.4083,1.40857,1.00,2.25
2015.07.09 02:39:59.799,1.40831,1.40856,1.37,1.37
2015.07.09 02:39:59.900,1.4083,1.40857,1.50,1.37
2015.07.09 02:40:00.622,1.4083,1.40857,1.50,1.37
2015.07.09 02:40:01.259,1.4083,1.40857,1.00,1.37
2015.07.09 02:40:05.887,1.4083,1.40856,1.12,1.87
2015.07.09 02:40:07.286,1.4083,1.40856,1.00,1.37
2015.07.09 02:40:07.822,1.40829,1.40856,1.12,1.37
2015.07.09 02:40:09.563,1.40829,1.40856,1.12,1.37
2015.07.09 02:40:09.874,1.40824,1.40848,2.25,1.50
2015.07.09 02:40:09.927,1.40824,1.40848,1.00,1.50
2015.07.09 02:40:10.029,1.40826,1.40848,1.00,1.37
2015.07.09 02:40:10.788,1.40826,1.40848,1.00,1.37
2015.07.09 02:40:10.991,1.40828,1.40852,1.00,1.37
2015.07.09 02:40:11.201,1.40828,1.40852,1.00,1.37
2015.07.09 02:40:11.731,1.40829,1.40855,1.00,1.87
2015.07.09 02:40:12.363,1.40827,1.40851,1.00,1.87
2015.07.09 02:40:12.414,1.40824,1.40851,1.00,1.87
2015.07.09 02:40:12.720,1.40823,1.4085,1.12,1.37
2015.07.09 02:40:13.911,1.40822,1.40844,2.62,1.37
2015.07.09 02:40:14.165,1.40819,1.40844,2.25,1.37
2015.07.09 02:40:14.317,1.40818,1.40844,1.12,1.37
2015.07.09 02:40:15.304,1.40817,1.40844,1.87,1.37
2015.07.09 02:40:18.937,1.40817,1.40839,1.87,1.37
2015.07.09 02:40:19.039,1.40815,1.40839,1.00,1.37
2015.07.09 02:40:19.935,1.40815,1.40839,1.00,1.37
2015.07.09 02:40:20.935,1.40815,1.40839,1.50,1.00
2015.07.09 02:40:22.739,1.40815,1.40839,2.25,1.00
2015.07.09 02:40:22.791,1.40822,1.40844,1.00,1.50
2015.07.09 02:40:23.400,1.4082,1.40845,1.12,1.37
2015.07.09 02:40:23.760,1.40817,1.40843,1.00,1.37
2015.07.09 02:40:24.204,1.40817,1.40838,1.00,1.12
2015.07.09 02:40:24.711,1.40815,1.40838,3.37,1.12
2015.07.09 02:40:25.015,1.40805,1.40827,1.12,1.00
2015.07.09 02:40:25.464,1.40803,1.40827,1.00,1.00
2015.07.09 02:40:25.887,1.40803,1.40827,1.00,1.37
2015.07.09 02:40:26.541,1.40803,1.40827,1.00,1.37
2015.07.09 02:40:26.969,1.40803,1.40818,1.00,1.00
2015.07.09 02:40:27.020,1.40801,1.40818,1.50,1.00
2015.07.09 02:40:27.174,1.40798,1.40818,1.00,1.00
2015.07.09 02:40:27.326,1.40796,1.40818,1.50,1.00
2015.07.09 02:40:29.127,1.40795,1.40818,1.00,1.00
2015.07.09 02:40:29.664,1.40796,1.40818,1.00,1.00
2015.07.09 02:40:31.234,1.40794,1.40815,1.00,1.00
2015.07.09 02:40:31.285,1.40794,1.40818,1.00,1.12
2015.07.09 02:40:31.336,1.40792,1.40818,1.00,1.12
2015.07.09 02:40:31.489,1.40795,1.40818,1.00,1.00
2015.07.09 02:40:32.036,1.40794,1.40818,1.50,1.00
2015.07.09 02:40:32.670,1.40793,1.40818,1.50,1.00
2015.07.09 02:40:33.025,1.40793,1.40816,1.00,1.00
2015.07.09 02:40:33.127,1.40791,1.40816,2.62,1.00
2015.07.09 02:40:36.703,1.40791,1.4081,1.87,1.00
2015.07.09 02:40:37.261,1.40784,1.40803,1.50,1.00
2015.07.09 02:40:37.312,1.40784,1.40807,1.50,1.00
2015.07.09 02:40:37.515,1.40784,1.40803,1.00,1.00
2015.07.09 02:40:37.617,1.40781,1.40803,1.87,1.00
2015.07.09 02:40:37.921,1.40781,1.40801,1.00,1.00
2015.07.09 02:40:38.124,1.40779,1.40801,1.00,1.00
2015.07.09 02:40:38.175,1.40777,1.40801,1.87,1.00
2015.07.09 02:40:38.552,1.40779,1.40801,1.00,1.00
2015.07.09 02:40:39.384,1.40785,1.40804,1.00,1.37
2015.07.09 02:40:39.486,1.40786,1.40807,1.00,1.12
2015.07.09 02:40:39.537,1.40786,1.40809,1.50,1.12
2015.07.09 02:40:39.588,1.40786,1.40809,1.00,1.00
2015.07.09 02:40:40.268,1.4079,1.40812,1.00,1.00
2015.07.09 02:40:40.727,1.4079,1.40814,1.00,1.00
2015.07.09 02:40:41.238,1.40791,1.40814,1.00,1.00
2015.07.09 02:40:43.261,1.40792,1.40814,1.00,1.00
2015.07.09 02:40:47.221,1.40792,1.40815,1.00,1.00
2015.07.09 02:40:49.516,1.40791,1.40815,1.00,1.00
2015.07.09 02:40:50.106,1.40792,1.40815,1.00,1.00
2015.07.09 02:40:52.479,1.40793,1.40815,1.00,1.00
2015.07.09 02:40:53.155,1.40792,1.40815,1.12,1.00
2015.07.09 02:40:53.359,1.40793,1.40817,1.00,1.00
2015.07.09 02:40:54.056,1.40795,1.40817,1.00,1.00
2015.07.09 02:40:59.124,1.40795,1.40819,1.00,1.00
2015.07.09 02:41:04.313,1.40796,1.40819,1.00,1.00
2015.07.09 02:41:07.614,1.40796,1.40818,1.00,1.00
2015.07.09 02:41:12.497,1.40799,1.40818,1.00,1.00
2015.07.09 02:41:12.720,1.40797,1.40818,1.00,1.00
2015.07.09 02:41:12.939,1.40797,1.4082,1.00,1.00
2015.07.09 02:41:15.651,1.40797,1.40815,1.00,1.00
2015.07.09 02:41:22.936,1.40796,1.40815,1.00,1.00
2015.07.09 02:41:30.976,1.40796,1.40816,1.00,1.00
2015.07.09 02:41:31.230,1.40794,1.40816,1.00,1.00
2015.07.09 02:41:35.479,1.40796,1.40816,1.00,1.00
2015.07.09 02:41:37.783,1.40796,1.40818,1.00,1.00
2015.07.09 02:41:39.736,1.40794,1.40818,1.50,1.00
2015.07.09 02:41:40.185,1.40796,1.40818,1.00,1.00
2015.07.09 02:41:41.983,1.40794,1.40818,1.50,1.00
2015.07.09 02:41:42.967,1.40798,1.40823,1.12,1.00
2015.07.09 02:41:43.018,1.40798,1.40825,1.50,1.00
2015.07.09 02:41:43.525,1.40801,1.40825,1.50,1.00
2015.07.09 02:41:46.162,1.40801,1.40823,1.00,2.25
2015.07.09 02:41:46.213,1.40799,1.4082,1.00,1.00
2015.07.09 02:41:46.416,1.40796,1.4082,1.00,1.12
2015.07.09 02:41:49.928,1.40794,1.40817,1.50,1.00
2015.07.09 02:41:50.448,1.40795,1.40817,1.00,1.00
2015.07.09 02:41:51.493,1.40796,1.40817,1.00,1.00
2015.07.09 02:41:51.549,1.40797,1.4082,1.00,2.62
2015.07.09 02:41:52.108,1.40798,1.4082,1.00,2.62
2015.07.09 02:41:52.413,1.40802,1.4082,1.00,1.50
2015.07.09 02:41:52.464,1.40802,1.40822,1.00,1.00
2015.07.09 02:41:52.567,1.40803,1.40824,1.00,1.00
2015.07.09 02:41:52.896,1.40801,1.40824,1.00,1.00
2015.07.09 02:41:53.414,1.40802,1.40824,1.00,1.00
2015.07.09 02:41:53.988,1.40801,1.40824,1.00,1.00
2015.07.09 02:41:56.108,1.40801,1.40824,1.00,1.37
2015.07.09 02:41:56.871,1.40801,1.40824,1.00,1.00
2015.07.09 02:41:57.131,1.40803,1.40824,1.00,1.00
2015.07.09 02:42:00.889,1.40802,1.40824,1.00,1.00
2015.07.09 02:42:01.555,1.40803,1.40824,1.00,1.00
2015.07.09 02:42:02.165,1.40801,1.40823,1.00,1.00
2015.07.09 02:42:04.648,1.40802,1.40823,1.00,1.00
2015.07.09 02:42:07.159,1.40802,1.40824,1.00,1.50
2015.07.09 02:42:07.261,1.40805,1.40824,1.00,1.50
2015.07.09 02:42:10.154,1.40802,1.40824,1.00,1.12
2015.07.09 02:42:10.881,1.40804,1.40824,1.00,1.12
2015.07.09 02:42:10.982,1.40804,1.40827,1.00,2.25
2015.07.09 02:42:11.488,1.40805,1.40827,1.00,2.25
2015.07.09 02:42:12.221,1.40804,1.40827,1.00,2.62
2015.07.09 02:42:14.964,1.40805,1.40827,1.00,2.25
2015.07.09 02:42:15.501,1.40804,1.40827,1.00,2.25
2015.07.09 02:42:16.171,1.40805,1.40827,1.00,2.25
2015.07.09 02:42:20.479,1.40804,1.40827,1.00,2.25
2015.07.09 02:42:21.830,1.40804,1.40825,1.00,1.00
2015.07.09 02:42:22.245,1.40802,1.40825,1.50,1.87
2015.07.09 02:42:25.110,1.40802,1.40825,1.50,1.00
2015.07.09 02:42:27.361,1.40802,1.40824,1.00,1.00
2015.07.09 02:42:31.022,1.40802,1.40814,1.00,1.00
2015.07.09 02:42:31.175,1.40795,1.40814,1.75,1.00
2015.07.09 02:42:31.226,1.40795,1.40814,1.00,1.00
2015.07.09 02:42:31.277,1.40795,1.40817,1.00,1.12
2015.07.09 02:42:31.378,1.40797,1.40816,1.00,1.00
2015.07.09 02:42:31.824,1.40794,1.40817,1.00,1.12
2015.07.09 02:42:32.802,1.40791,1.40817,1.00,1.12
2015.07.09 02:42:32.904,1.40793,1.40818,1.00,1.87
2015.07.09 02:42:33.219,1.40798,1.40818,1.00,1.00
2015.07.09 02:42:33.726,1.40798,1.40819,1.00,1.00
2015.07.09 02:42:34.030,1.40806,1.40824,1.00,1.50
2015.07.09 02:42:34.080,1.40799,1.40824,1.12,1.50
2015.07.09 02:42:34.233,1.40802,1.40824,1.00,1.00
2015.07.09 02:42:34.499,1.408,1.40824,1.50,1.00
2015.07.09 02:42:34.550,1.40802,1.40827,1.00,1.37
2015.07.09 02:42:34.602,1.408,1.40827,1.00,1.37
2015.07.09 02:42:36.189,1.408,1.40823,1.00,1.00
2015.07.09 02:42:37.530,1.40799,1.4082,1.00,1.00
2015.07.09 02:42:38.144,1.40797,1.4082,1.00,1.00
2015.07.09 02:42:38.655,1.40796,1.4082,1.50,1.00
2015.07.09 02:42:39.263,1.40795,1.4082,1.00,1.00
2015.07.09 02:42:39.938,1.40794,1.4082,1.00,1.00
2015.07.09 02:42:40.407,1.40794,1.40817,1.00,1.00
2015.07.09 02:42:40.813,1.40794,1.40814,1.00,1.00
2015.07.09 02:42:41.250,1.40792,1.40814,1.00,1.00
2015.07.09 02:42:41.402,1.40792,1.40817,1.00,1.87
2015.07.09 02:42:41.504,1.40794,1.40817,1.00,1.37
2015.07.09 02:42:41.605,1.40796,1.4082,1.00,1.12
2015.07.09 02:42:41.758,1.40798,1.4082,1.00,1.12
2015.07.09 02:42:42.518,1.40796,1.4082,1.00,1.12
2015.07.09 02:42:43.027,1.40797,1.4082,1.00,1.12
2015.07.09 02:42:44.406,1.40798,1.4082,1.00,1.12
2015.07.09 02:42:44.457,1.40798,1.40817,1.00,1.00
2015.07.09 02:42:44.761,1.40794,1.40813,1.00,1.00
2015.07.09 02:42:44.863,1.40792,1.40813,1.00,1.12
2015.07.09 02:42:45.307,1.40789,1.40813,1.00,1.12
2015.07.09 02:42:45.820,1.4079,1.40813,1.50,1.12
2015.07.09 02:42:46.189,1.40792,1.40813,1.00,1.12
2015.07.09 02:42:47.657,1.40792,1.40808,1.00,1.00
2015.07.09 02:42:47.860,1.40786,1.40805,1.00,1.00
2015.07.09 02:42:51.602,1.40786,1.40807,1.00,1.00
2015.07.09 02:42:59.051,1.40786,1.40809,1.00,1.50
2015.07.09 02:43:10.149,1.40786,1.4081,1.00,1.12
2015.07.09 02:43:10.431,1.40786,1.40808,1.00,1.00
2015.07.09 02:43:13.955,1.40786,1.40811,1.00,2.25
2015.07.09 02:43:21.349,1.40786,1.40811,1.00,2.25
2015.07.09 02:43:22.883,1.40786,1.40811,1.00,1.50
2015.07.09 02:43:22.934,1.40789,1.40813,1.00,1.50
2015.07.09 02:43:22.985,1.40789,1.40816,1.00,2.62
2015.07.09 02:43:23.037,1.40792,1.40816,1.00,1.12
2015.07.09 02:43:23.190,1.40793,1.40819,1.00,1.87
2015.07.09 02:43:25.282,1.40794,1.40819,1.00,1.87
2015.07.09 02:43:25.912,1.40793,1.40819,1.50,1.87
2015.07.09 02:43:33.210,1.40793,1.40815,1.00,1.37
2015.07.09 02:43:33.313,1.40789,1.40813,1.37,1.12
2015.07.09 02:43:33.415,1.40786,1.4081,1.87,1.12
2015.07.09 02:43:33.466,1.40786,1.4081,1.00,1.87
2015.07.09 02:43:33.822,1.40782,1.40807,1.50,1.00
2015.07.09 02:43:34.365,1.40781,1.40807,1.00,1.00
2015.07.09 02:43:35.911,1.40782,1.40807,1.00,1.00
2015.07.09 02:43:36.427,1.40781,1.40807,1.00,1.00
2015.07.09 02:43:37.141,1.40782,1.40807,1.00,1.00
2015.07.09 02:43:37.680,1.40783,1.40807,1.00,1.00
2015.07.09 02:43:39.207,1.40782,1.40807,1.00,1.00
2015.07.09 02:43:39.742,1.40781,1.40807,1.00,1.00
2015.07.09 02:43:40.291,1.40782,1.40807,1.00,1.00
2015.07.09 02:43:40.903,1.40781,1.40807,1.00,1.00
2015.07.09 02:43:47.383,1.40783,1.40807,1.00,1.00
2015.07.09 02:43:47.583,1.40781,1.40807,1.00,1.00
2015.07.09 02:43:49.407,1.40783,1.40807,1.00,1.00
2015.07.09 02:43:52.015,1.40782,1.40807,1.50,1.00
2015.07.09 02:44:01.580,1.40783,1.40808,1.00,1.87
2015.07.09 02:44:07.095,1.40785,1.40808,1.00,1.87
2015.07.09 02:44:07.513,1.40793,1.40813,1.00,1.00
2015.07.09 02:44:07.565,1.40795,1.40819,1.00,1.12
2015.07.09 02:44:08.086,1.40796,1.40819,1.00,1.12
2015.07.09 02:44:08.888,1.40797,1.40819,1.00,1.00
2015.07.09 02:44:08.939,1.40798,1.40821,1.00,1.00
2015.07.09 02:44:09.805,1.408,1.40821,1.00,1.00
2015.07.09 02:44:16.408,1.40797,1.40821,1.00,1.00
2015.07.09 02:44:18.388,1.40796,1.40821,1.00,1.00
2015.07.09 02:44:18.801,1.40797,1.40824,1.50,1.00
2015.07.09 02:44:18.852,1.40801,1.40824,1.00,1.00
2015.07.09 02:44:19.198,1.40803,1.40824,1.00,1.00
2015.07.09 02:44:19.403,1.40803,1.40827,1.00,1.87
2015.07.09 02:44:20.143,1.40804,1.40827,1.00,1.87
2015.07.09 02:44:20.797,1.40804,1.40827,1.00,1.12
2015.07.09 02:44:21.498,1.40805,1.40827,1.00,1.12
2015.07.09 02:44:24.833,1.40805,1.40827,1.00,2.25
2015.07.09 02:44:24.885,1.40801,1.40827,1.50,2.25
2015.07.09 02:44:24.936,1.40801,1.40825,1.50,1.37
2015.07.09 02:44:25.388,1.40796,1.4082,1.50,1.37
2015.07.09 02:44:29.211,1.40795,1.4082,1.50,1.37
2015.07.09 02:44:29.766,1.40795,1.40818,1.50,1.00
2015.07.09 02:44:29.867,1.40795,1.40814,1.00,1.12
2015.07.09 02:44:29.969,1.40789,1.40811,1.00,1.00
2015.07.09 02:44:30.071,1.40787,1.40811,1.50,1.12
2015.07.09 02:44:30.224,1.40785,1.4081,1.00,1.37
2015.07.09 02:44:30.633,1.40783,1.40806,1.00,1.00
2015.07.09 02:44:36.359,1.40783,1.4081,1.00,2.25
2015.07.09 02:44:36.709,1.40783,1.40808,1.00,1.00
2015.07.09 02:44:37.210,1.40783,1.40807,1.00,1.00
2015.07.09 02:44:38.841,1.40782,1.40807,1.00,1.00
2015.07.09 02:44:39.371,1.40783,1.40807,1.00,1.00
2015.07.09 02:44:39.876,1.40784,1.40807,1.00,1.00
2015.07.09 02:44:39.977,1.40785,1.4081,1.00,2.25
2015.07.09 02:44:42.246,1.40787,1.4081,1.00,1.50
2015.07.09 02:44:43.572,1.40788,1.4081,1.00,1.50
2015.07.09 02:44:50.089,1.40787,1.4081,1.00,1.50
2015.07.09 02:44:52.468,1.40788,1.4081,1.00,1.50
2015.07.09 02:44:52.992,1.40788,1.4081,1.00,1.00
2015.07.09 02:44:59.114,1.4079,1.4081,1.50,1.00
2015.07.09 02:44:59.317,1.40801,1.40823,1.00,1.12
2015.07.09 02:44:59.850,1.40802,1.40823,1.00,1.00
2015.07.09 02:45:00.618,1.40804,1.40823,1.00,1.00
2015.07.09 02:45:00.669,1.40804,1.40827,1.00,1.00
2015.07.09 02:45:04.587,1.40807,1.40827,1.00,1.00
2015.07.09 02:45:04.638,1.40807,1.40829,1.00,1.00
2015.07.09 02:45:04.689,1.40811,1.40829,1.00,1.00
2015.07.09 02:45:05.452,1.4081,1.40829,1.00,1.00
2015.07.09 02:45:05.553,1.40807,1.40829,1.00,1.00
2015.07.09 02:45:05.706,1.40805,1.40829,1.00,1.00
2015.07.09 02:45:07.345,1.40806,1.40829,1.00,1.00
2015.07.09 02:45:07.801,1.40804,1.40829,1.00,1.12
2015.07.09 02:45:08.055,1.40804,1.40828,1.00,1.12
2015.07.09 02:45:08.106,1.40801,1.40827,1.00,1.37
2015.07.09 02:45:08.208,1.40804,1.40827,1.00,1.37
2015.07.09 02:45:08.665,1.40804,1.40829,1.00,1.12
2015.07.09 02:45:09.046,1.40803,1.40826,1.00,3.75
2015.07.09 02:45:09.198,1.40804,1.40827,1.00,1.37
2015.07.09 02:45:09.300,1.40801,1.40825,1.00,1.00
2015.07.09 02:45:09.882,1.40803,1.40825,1.00,1.00
2015.07.09 02:45:10.176,1.40804,1.40828,1.00,1.50
2015.07.09 02:45:10.387,1.40805,1.40831,1.12,1.00
2015.07.09 02:45:10.540,1.40809,1.40831,1.00,1.00
2015.07.09 02:45:10.947,1.40811,1.40831,1.00,1.00
2015.07.09 02:45:11.049,1.40811,1.40835,1.00,1.87
2015.07.09 02:45:13.178,1.4081,1.40835,1.00,1.50
2015.07.09 02:45:14.036,1.4081,1.40833,1.00,1.00
2015.07.09 02:45:14.584,1.40809,1.40833,1.00,1.00
2015.07.09 02:45:16.672,1.4081,1.40833,1.00,1.00
2015.07.09 02:45:21.833,1.4081,1.40835,1.00,1.00
2015.07.09 02:45:22.381,1.40811,1.40835,1.00,1.00
2015.07.09 02:45:22.635,1.40812,1.40833,1.00,1.00
2015.07.09 02:45:22.890,1.40803,1.40827,1.00,1.37
2015.07.09 02:45:23.205,1.40798,1.40822,1.50,1.00
2015.07.09 02:45:23.738,1.40798,1.40821,1.00,1.00
2015.07.09 02:45:26.002,1.40798,1.40818,1.00,1.37
2015.07.09 02:45:26.104,1.40796,1.40818,1.00,1.37
2015.07.09 02:45:26.651,1.40799,1.40818,1.00,1.37
2015.07.09 02:45:26.702,1.40801,1.40822,1.00,1.00
2015.07.09 02:45:26.804,1.40804,1.40826,1.00,1.87
2015.07.09 02:45:27.211,1.40805,1.40829,1.00,1.50
2015.07.09 02:45:27.997,1.40805,1.40829,3.75,1.00
2015.07.09 02:45:28.303,1.40816,1.40836,1.00,1.00
2015.07.09 02:45:29.155,1.40816,1.40839,1.00,2.62
2015.07.09 02:45:29.516,1.40816,1.40839,1.00,2.62
2015.07.09 02:45:29.568,1.40812,1.40835,1.00,1.00
2015.07.09 02:45:29.619,1.40812,1.40836,1.00,1.87
2015.07.09 02:45:29.671,1.4081,1.40833,1.50,1.12
2015.07.09 02:45:29.824,1.40807,1.40833,1.00,1.87
2015.07.09 02:45:30.332,1.40808,1.4083,1.00,1.00
2015.07.09 02:45:33.966,1.40809,1.40832,1.00,1.50
2015.07.09 02:45:35.020,1.40809,1.40834,1.00,1.50
2015.07.09 02:45:35.071,1.40811,1.40834,1.00,1.50
2015.07.09 02:45:35.471,1.40815,1.40836,1.00,1.00
2015.07.09 02:45:35.775,1.40817,1.40836,1.00,1.00
2015.07.09 02:45:36.869,1.40817,1.40839,1.00,1.00
2015.07.09 02:45:37.274,1.40816,1.40838,1.00,1.37
2015.07.09 02:45:46.973,1.40816,1.40838,1.00,1.00
2015.07.09 02:45:49.771,1.40817,1.40838,1.00,1.00
2015.07.09 02:45:55.437,1.40817,1.40841,1.00,1.87
2015.07.09 02:46:00.813,1.40816,1.4084,1.00,1.00
2015.07.09 02:46:01.797,1.40814,1.4084,1.00,1.00
2015.07.09 02:46:01.949,1.40814,1.40839,1.50,1.37
2015.07.09 02:46:02.450,1.40816,1.40839,1.00,1.37
2015.07.09 02:46:03.008,1.40816,1.40839,1.00,1.00
2015.07.09 02:46:03.553,1.40815,1.40839,1.00,1.00
2015.07.09 02:46:03.872,1.40817,1.40839,1.00,1.00
2015.07.09 02:46:14.001,1.40817,1.40841,1.00,1.87
2015.07.09 02:46:25.047,1.40817,1.4084,1.00,1.00
2015.07.09 02:46:28.420,1.40817,1.40834,1.00,1.00
2015.07.09 02:46:28.790,1.40809,1.40834,1.00,1.87
2015.07.09 02:46:29.332,1.40808,1.40834,1.00,1.87
2015.07.09 02:46:30.445,1.40813,1.40834,1.00,1.37
2015.07.09 02:46:30.497,1.40815,1.40837,1.00,1.00
2015.07.09 02:46:30.700,1.40817,1.40837,1.00,1.00
2015.07.09 02:46:30.852,1.40817,1.4084,1.00,1.00
2015.07.09 02:46:41.368,1.40815,1.4084,1.00,1.00
2015.07.09 02:46:42.901,1.40817,1.4084,1.00,1.00
2015.07.09 02:46:43.372,1.40815,1.4084,1.00,1.00
2015.07.09 02:46:44.341,1.40815,1.40841,1.00,1.50
2015.07.09 02:46:45.453,1.40815,1.40842,1.00,1.87
2015.07.09 02:46:58.209,1.40817,1.40842,1.00,1.12
2015.07.09 02:46:58.749,1.40818,1.40842,1.00,1.00
2015.07.09 02:47:01.093,1.40819,1.40842,1.00,1.00
2015.07.09 02:47:01.723,1.40822,1.40842,1.00,1.00
2015.07.09 02:47:01.774,1.40822,1.40845,1.00,1.00
2015.07.09 02:47:02.269,1.40819,1.40845,1.12,1.00
2015.07.09 02:47:02.731,1.40821,1.40845,1.00,1.12
2015.07.09 02:47:05.681,1.40822,1.40845,1.00,1.12
2015.07.09 02:47:07.697,1.4082,1.40845,1.00,1.00
2015.07.09 02:47:09.678,1.40824,1.40845,1.00,1.00
2015.07.09 02:47:09.729,1.40824,1.40849,1.00,1.50
2015.07.09 02:47:10.132,1.40828,1.40853,1.00,1.50
2015.07.09 02:47:10.388,1.40829,1.40855,1.00,1.00
2015.07.09 02:47:10.439,1.40831,1.40855,1.00,1.00
2015.07.09 02:47:10.949,1.40832,1.40855,1.00,1.00
2015.07.09 02:47:11.461,1.40833,1.40855,1.00,1.00
2015.07.09 02:47:11.972,1.40834,1.40855,1.00,1.00
2015.07.09 02:47:13.186,1.40833,1.40855,1.00,1.00
2015.07.09 02:47:24.403,1.40834,1.40855,1.00,1.00
2015.07.09 02:47:24.457,1.40834,1.40858,1.00,1.87
2015.07.09 02:47:26.187,1.40833,1.40858,1.00,1.87
2015.07.09 02:47:26.738,1.40834,1.40858,1.00,1.87
2015.07.09 02:47:27.783,1.40834,1.40859,1.00,1.87
2015.07.09 02:47:28.248,1.40836,1.40859,1.00,1.50
2015.07.09 02:47:28.470,1.40834,1.40859,1.00,1.50
2015.07.09 02:47:28.977,1.40835,1.40859,1.00,1.50
2015.07.09 02:47:29.250,1.40837,1.40859,1.00,1.50
2015.07.09 02:47:30.440,1.40835,1.40859,1.00,1.00
2015.07.09 02:47:38.465,1.40838,1.40861,1.00,1.12
2015.07.09 02:47:38.567,1.40836,1.40861,1.50,1.50
2015.07.09 02:47:39.070,1.40835,1.40861,1.00,1.87
2015.07.09 02:47:40.351,1.40835,1.40859,1.00,1.00
2015.07.09 02:47:40.453,1.40836,1.40861,1.12,1.50
2015.07.09 02:47:40.555,1.40838,1.40861,1.00,1.00
2015.07.09 02:47:40.860,1.40842,1.40864,1.00,1.00
2015.07.09 02:47:41.313,1.40842,1.40866,1.00,1.00
2015.07.09 02:47:41.843,1.40843,1.40866,1.00,1.00
2015.07.09 02:47:43.038,1.40843,1.40867,1.00,1.50
2015.07.09 02:47:43.913,1.40843,1.40869,1.00,1.87
2015.07.09 02:47:44.743,1.40843,1.40869,1.00,1.87
2015.07.09 02:47:45.251,1.40843,1.40869,1.00,1.87
2015.07.09 02:47:45.799,1.40843,1.40869,1.00,3.00
2015.07.09 02:47:47.253,1.40841,1.40863,1.50,1.00
2015.07.09 02:47:47.596,1.40841,1.40861,1.00,1.00
2015.07.09 02:47:47.648,1.40834,1.4086,1.00,1.00
2015.07.09 02:47:47.700,1.40839,1.4086,1.00,1.00
2015.07.09 02:47:47.903,1.40842,1.40865,1.12,1.00
2015.07.09 02:47:47.955,1.40847,1.40865,1.00,1.00
2015.07.09 02:47:48.006,1.40847,1.40867,1.00,1.00
2015.07.09 02:47:48.675,1.40846,1.40867,1.12,1.00
2015.07.09 02:47:48.727,1.40848,1.40867,1.00,1.00
2015.07.09 02:47:49.387,1.40848,1.40871,1.00,1.50
2015.07.09 02:47:51.962,1.40849,1.40871,1.00,1.50
2015.07.09 02:47:54.417,1.40846,1.40866,1.00,1.00
2015.07.09 02:47:54.519,1.40844,1.40866,1.00,1.00
2015.07.09 02:47:54.620,1.40843,1.40862,1.00,1.00
2015.07.09 02:47:54.992,1.40841,1.40862,1.00,1.00
2015.07.09 02:47:55.094,1.40838,1.40862,2.25,1.00
2015.07.09 02:47:55.196,1.4084,1.40862,1.00,1.00
2015.07.09 02:47:55.917,1.4084,1.40865,1.00,2.25
2015.07.09 02:47:59.781,1.4084,1.40864,1.00,1.00
2015.07.09 02:48:00.127,1.40842,1.40864,1.00,1.00
2015.07.09 02:48:07.110,1.40842,1.40865,1.00,1.00
2015.07.09 02:48:09.186,1.40843,1.40865,1.00,1.00
2015.07.09 02:48:11.156,1.40844,1.40865,1.00,1.00
2015.07.09 02:48:11.643,1.40844,1.40868,1.00,2.62
2015.07.09 02:48:12.361,1.40844,1.40868,1.00,1.87
2015.07.09 02:48:24.998,1.40844,1.40867,1.00,1.00
2015.07.09 02:48:31.566,1.40844,1.40863,1.00,1.00
2015.07.09 02:48:31.720,1.40835,1.40858,1.50,1.00
2015.07.09 02:48:32.477,1.40832,1.40858,1.50,1.00
2015.07.09 02:48:35.345,1.40834,1.40858,1.00,1.00
2015.07.09 02:48:35.650,1.40836,1.40858,1.00,1.00
2015.07.09 02:48:37.299,1.4084,1.40859,1.00,1.00
2015.07.09 02:48:37.402,1.4084,1.40861,1.00,1.00
2015.07.09 02:48:37.504,1.40841,1.40863,1.00,1.00
2015.07.09 02:48:38.117,1.40842,1.40864,1.00,1.00
2015.07.09 02:48:38.421,1.40844,1.40865,1.00,1.12
2015.07.09 02:48:43.361,1.40844,1.40867,1.00,1.00
2015.07.09 02:48:43.678,1.40846,1.40867,1.00,1.00
2015.07.09 02:48:45.043,1.40847,1.4087,1.00,1.50
2015.07.09 02:48:49.335,1.40848,1.4087,1.00,1.50
2015.07.09 02:48:57.169,1.40848,1.40872,1.00,1.12
2015.07.09 02:48:58.432,1.4085,1.40876,1.00,3.37
2015.07.09 02:48:58.483,1.4085,1.40876,1.00,3.00
2015.07.09 02:48:58.800,1.40855,1.40879,1.00,2.25
2015.07.09 02:48:59.316,1.40854,1.40879,1.00,2.25
2015.07.09 02:48:59.773,1.40858,1.40879,1.00,2.25
2015.07.09 02:49:00.314,1.40859,1.40878,1.00,1.00
2015.07.09 02:49:00.828,1.40859,1.40879,1.00,1.00
2015.07.09 02:49:11.388,1.40859,1.4088,1.00,1.00
2015.07.09 02:49:11.642,1.40852,1.40875,1.12,1.00
2015.07.09 02:49:12.058,1.4085,1.40874,1.00,1.00
2015.07.09 02:49:12.565,1.40851,1.40875,1.00,1.00
2015.07.09 02:49:14.360,1.40851,1.40874,1.00,1.00
2015.07.09 02:49:14.722,1.40853,1.40867,1.00,1.00
2015.07.09 02:49:15.139,1.40848,1.40867,1.12,1.00
2015.07.09 02:49:15.646,1.40848,1.40871,1.00,1.00
2015.07.09 02:49:16.336,1.40849,1.40871,1.00,1.00
2015.07.09 02:49:16.886,1.40848,1.40871,1.00,1.00
2015.07.09 02:49:17.435,1.40849,1.40871,1.00,1.00
2015.07.09 02:49:18.137,1.40849,1.40872,1.00,1.00
2015.07.09 02:49:20.110,1.40848,1.40872,1.00,1.00
2015.07.09 02:49:20.449,1.40848,1.40875,1.87,2.62
2015.07.09 02:49:20.551,1.40853,1.40875,1.00,1.50
2015.07.09 02:49:20.653,1.40853,1.40877,1.12,1.00
2015.07.09 02:49:20.858,1.40852,1.40874,1.00,1.00
2015.07.09 02:49:21.570,1.40851,1.40874,1.00,1.00
2015.07.09 02:49:23.143,1.40851,1.40875,1.00,1.00
2015.07.09 02:49:24.575,1.40851,1.40872,1.00,1.00
2015.07.09 02:49:24.851,1.40849,1.40872,1.12,1.00
2015.07.09 02:49:26.620,1.40851,1.40872,1.00,1.00
2015.07.09 02:49:27.702,1.40851,1.40875,1.00,1.87
2015.07.09 02:49:30.459,1.40851,1.40872,1.00,1.00
2015.07.09 02:49:31.595,1.40849,1.40872,1.12,1.00
2015.07.09 02:49:31.904,1.40851,1.40872,1.00,1.00
2015.07.09 02:49:32.108,1.40848,1.40872,1.87,1.00
2015.07.09 02:49:32.313,1.40851,1.40872,1.00,1.00
2015.07.09 02:49:40.124,1.40851,1.4087,1.00,1.00
2015.07.09 02:49:40.926,1.40851,1.40873,1.00,1.00
2015.07.09 02:49:41.028,1.40853,1.40873,1.00,1.00
2015.07.09 02:49:41.546,1.40854,1.40873,1.00,1.00
2015.07.09 02:49:43.963,1.40854,1.40875,1.00,1.00
2015.07.09 02:49:44.966,1.40855,1.40875,1.00,1.00
2015.07.09 02:49:45.276,1.40857,1.40875,1.00,1.00
2015.07.09 02:49:46.196,1.40855,1.40875,1.00,1.00
2015.07.09 02:49:46.400,1.40857,1.40875,1.00,1.00
2015.07.09 02:49:46.957,1.40854,1.40875,1.00,1.50
2015.07.09 02:49:47.343,1.40854,1.40871,1.00,1.00
2015.07.09 02:49:47.854,1.40853,1.40871,1.00,1.00
2015.07.09 02:49:49.050,1.40851,1.40871,1.00,1.00
2015.07.09 02:49:54.478,1.40851,1.40873,1.00,1.00
2015.07.09 02:49:55.253,1.4085,1.40873,1.00,1.00
2015.07.09 02:49:55.836,1.40849,1.40873,1.12,1.00
2015.07.09 02:49:59.603,1.4085,1.40873,1.00,1.00
2015.07.09 02:50:00.957,1.40851,1.40873,1.00,1.00
2015.07.09 02:50:01.714,1.40852,1.40873,1.00,1.00
2015.07.09 02:50:02.231,1.40853,1.40873,1.00,1.50
2015.07.09 02:50:02.840,1.40856,1.40874,1.00,1.00
2015.07.09 02:50:03.044,1.40856,1.40876,1.00,1.50
2015.07.09 02:50:03.999,1.40857,1.40876,1.00,1.50
2015.07.09 02:50:05.063,1.40857,1.40875,1.00,1.00
2015.07.09 02:50:05.164,1.40858,1.40878,1.00,1.50
2015.07.09 02:50:05.970,1.40858,1.40877,1.00,1.00
2015.07.09 02:50:06.351,1.40861,1.40879,1.00,1.00
2015.07.09 02:50:06.554,1.40858,1.40881,1.00,2.62
2015.07.09 02:50:06.605,1.40858,1.40879,1.00,1.00
2015.07.09 02:50:08.001,1.40856,1.4088,1.00,1.87
2015.07.09 02:50:08.619,1.40855,1.40879,1.00,1.12
2015.07.09 02:50:17.849,1.40855,1.40879,1.00,1.50
2015.07.09 02:50:18.495,1.40855,1.4088,1.00,3.00
2015.07.09 02:50:18.546,1.40858,1.4088,1.00,1.50
2015.07.09 02:50:18.699,1.40861,1.40885,1.00,1.00
2015.07.09 02:50:18.751,1.40864,1.40886,1.00,1.00
2015.07.09 02:50:18.853,1.40864,1.40889,1.00,1.50
2015.07.09 02:50:18.954,1.4087,1.40889,1.00,1.00
2015.07.09 02:50:19.330,1.40874,1.40889,1.00,1.00
2015.07.09 02:50:19.382,1.40874,1.40895,1.00,1.00
2015.07.09 02:50:21.459,1.40874,1.40894,1.00,1.00
2015.07.09 02:50:21.510,1.40872,1.40894,1.00,1.00
2015.07.09 02:50:23.706,1.40872,1.40893,1.00,1.00
2015.07.09 02:50:28.425,1.40872,1.40891,1.00,1.00
2015.07.09 02:50:31.109,1.40872,1.40892,1.00,1.00
2015.07.09 02:50:33.593,1.40872,1.40893,1.00,1.00
2015.07.09 02:50:35.297,1.4087,1.40893,1.00,1.00
2015.07.09 02:50:36.112,1.40869,1.40893,1.00,1.50
2015.07.09 02:50:36.662,1.40869,1.40891,1.00,1.00
2015.07.09 02:50:37.310,1.40868,1.40891,1.00,1.00
2015.07.09 02:50:37.615,1.40872,1.40893,1.00,1.00
2015.07.09 02:50:37.919,1.40871,1.40891,1.50,1.00
2015.07.09 02:50:38.021,1.40868,1.40891,1.87,1.00
2015.07.09 02:50:38.122,1.40868,1.40886,1.00,1.00
2015.07.09 02:50:38.646,1.40867,1.40886,1.00,1.00
2015.07.09 02:50:39.404,1.40866,1.40886,1.00,1.00
2015.07.09 02:50:44.441,1.40866,1.40888,1.00,1.00
2015.07.09 02:51:01.353,1.4087,1.4089,1.00,1.00
2015.07.09 02:51:05.870,1.40868,1.4089,1.00,1.00
2015.07.09 02:51:07.035,1.4087,1.4089,1.00,1.50
2015.07.09 02:51:07.394,1.40868,1.4089,1.00,1.50
2015.07.09 02:51:07.925,1.40867,1.4089,1.00,1.50
2015.07.09 02:51:08.487,1.40868,1.4089,1.00,1.50
2015.07.09 02:51:17.861,1.40868,1.40891,1.00,2.25
2015.07.09 02:51:21.894,1.4087,1.40891,1.00,1.12
2015.07.09 02:51:22.240,1.40875,1.40895,1.00,1.00
2015.07.09 02:51:22.342,1.40875,1.40897,1.00,1.00
2015.07.09 02:51:22.393,1.40875,1.40887,1.00,1.00
2015.07.09 02:51:22.444,1.40869,1.40887,2.25,1.00
2015.07.09 02:51:22.495,1.40868,1.40887,1.75,1.00
2015.07.09 02:51:22.648,1.40863,1.40887,1.00,1.00
2015.07.09 02:51:23.003,1.40866,1.40887,1.00,1.00
2015.07.09 02:51:30.063,1.40866,1.40888,1.00,1.00
2015.07.09 02:51:31.474,1.40866,1.4089,1.00,2.25
2015.07.09 02:51:31.677,1.40868,1.40891,1.00,1.37
2015.07.09 02:51:32.096,1.40875,1.40897,1.00,1.50
2015.07.09 02:51:42.845,1.40875,1.40896,1.00,1.00
2015.07.09 02:51:43.360,1.40874,1.40896,1.00,1.87
2015.07.09 02:51:43.909,1.40873,1.40896,1.00,1.87
2015.07.09 02:51:45.765,1.40871,1.40896,1.12,2.25
2015.07.09 02:51:49.519,1.4087,1.40895,1.12,1.12
2015.07.09 02:51:50.251,1.40869,1.40895,1.00,1.50
2015.07.09 02:51:50.669,1.40869,1.40893,1.00,1.00
2015.07.09 02:51:51.173,1.40868,1.40892,1.50,1.00
2015.07.09 02:51:51.478,1.40861,1.40884,1.00,1.87
2015.07.09 02:51:51.782,1.40859,1.40881,1.00,1.00
2015.07.09 02:51:54.330,1.40856,1.40881,1.12,1.50
2015.07.09 02:52:01.759,1.40856,1.40882,1.00,1.87
2015.07.09 02:52:09.652,1.40856,1.40881,1.00,1.00
2015.07.09 02:52:19.826,1.40856,1.40883,1.50,2.25
2015.07.09 02:52:20.065,1.40858,1.40883,1.00,2.25
2015.07.09 02:52:21.410,1.4086,1.40883,1.00,1.50
2015.07.09 02:52:21.862,1.40861,1.40885,1.00,1.12
2015.07.09 02:52:21.964,1.40866,1.40885,1.00,1.00
2015.07.09 02:52:22.311,1.40867,1.40889,1.00,1.00
2015.07.09 02:52:22.363,1.40867,1.40891,1.00,1.00
2015.07.09 02:52:22.515,1.40869,1.40891,1.00,1.00
2015.07.09 02:52:23.022,1.40869,1.40892,1.00,1.12
2015.07.09 02:52:27.894,1.40868,1.40892,1.00,1.12
2015.07.09 02:52:28.404,1.40863,1.40888,1.00,1.37
2015.07.09 02:52:28.930,1.40862,1.40885,1.00,1.12
2015.07.09 02:52:29.436,1.40862,1.40884,1.00,1.00
2015.07.09 02:52:33.744,1.40862,1.40886,1.50,3.37
2015.07.09 02:52:34.312,1.40862,1.40886,1.00,2.62
2015.07.09 02:52:36.637,1.40862,1.40886,1.00,1.87
2015.07.09 02:52:38.935,1.40862,1.40885,1.00,1.00
2015.07.09 02:52:43.875,1.4086,1.40885,1.00,1.00
2015.07.09 02:52:45.686,1.40861,1.40885,1.00,1.12
2015.07.09 02:52:48.256,1.4086,1.40885,1.00,1.00
2015.07.09 02:52:48.359,1.40865,1.40887,1.00,1.37
2015.07.09 02:52:48.462,1.40866,1.40888,1.00,1.00
2015.07.09 02:52:49.239,1.40865,1.40888,1.00,1.37
2015.07.09 02:52:54.111,1.40865,1.40886,1.00,1.37
2015.07.09 02:52:54.162,1.40862,1.40886,1.00,1.37
2015.07.09 02:52:54.732,1.40863,1.40886,1.00,1.37
2015.07.09 02:52:55.464,1.40863,1.40886,1.00,1.50
2015.07.09 02:52:55.515,1.40865,1.40887,1.00,1.37
2015.07.09 02:52:55.837,1.40868,1.40889,1.00,1.87
2015.07.09 02:52:56.216,1.40868,1.40889,1.00,1.12
2015.07.09 02:52:56.522,1.40869,1.40891,1.00,1.50
2015.07.09 02:52:56.900,1.40871,1.40891,1.00,1.00
2015.07.09 02:53:02.980,1.4087,1.40891,1.00,1.00
2015.07.09 02:53:03.183,1.40868,1.40891,1.00,1.12
2015.07.09 02:53:03.912,1.40869,1.40891,1.00,1.12
2015.07.09 02:53:04.637,1.40868,1.40891,1.00,1.87
2015.07.09 02:53:05.043,1.40865,1.4089,1.00,1.12
2015.07.09 02:53:05.546,1.40865,1.4089,1.00,1.75
2015.07.09 02:53:06.122,1.40864,1.40889,1.00,1.87
2015.07.09 02:53:06.276,1.40862,1.40887,1.50,1.00
2015.07.09 02:53:06.874,1.40862,1.40885,1.00,1.00
2015.07.09 02:53:07.181,1.40859,1.40885,1.00,1.00
2015.07.09 02:53:08.561,1.40858,1.40885,1.50,1.00
2015.07.09 02:53:09.098,1.40856,1.40884,3.00,1.50
2015.07.09 02:53:13.125,1.40856,1.40884,3.00,1.50
2015.07.09 02:53:20.506,1.40857,1.40884,1.00,1.87
2015.07.09 02:53:22.076,1.40857,1.40884,1.00,1.87
2015.07.09 02:53:24.078,1.40857,1.40884,1.00,1.87
2015.07.09 02:53:26.901,1.40857,1.40884,1.00,3.00
2015.07.09 02:53:28.118,1.40857,1.40881,1.00,1.00
2015.07.09 02:53:28.423,1.40852,1.40877,1.37,1.00
2015.07.09 02:53:28.780,1.40854,1.40877,1.37,1.00
2015.07.09 02:53:28.881,1.40855,1.4088,1.12,1.87
2015.07.09 02:53:29.382,1.40855,1.4088,1.12,1.00
2015.07.09 02:53:30.269,1.40856,1.4088,1.00,1.00
2015.07.09 02:53:31.571,1.40855,1.4088,1.12,1.00
2015.07.09 02:53:32.072,1.40856,1.4088,1.00,1.00
2015.07.09 02:53:33.444,1.40855,1.4088,1.12,1.00
2015.07.09 02:53:34.323,1.40855,1.4088,1.87,1.50
2015.07.09 02:53:34.374,1.40857,1.40879,1.00,1.37
2015.07.09 02:53:34.476,1.40856,1.4088,1.00,2.25
2015.07.09 02:53:35.595,1.40856,1.4088,1.50,1.00
2015.07.09 02:53:35.646,1.40861,1.40883,1.12,1.12
2015.07.09 02:53:36.059,1.40864,1.40883,1.00,1.00
2015.07.09 02:53:36.539,1.40862,1.40883,1.00,1.00
2015.07.09 02:53:37.743,1.40861,1.40883,1.00,1.00
2015.07.09 02:53:39.267,1.4086,1.40883,1.00,1.00
2015.07.09 02:53:39.368,1.40858,1.40883,1.00,1.00
2015.07.09 02:53:43.771,1.40858,1.40883,1.12,1.75
2015.07.09 02:53:44.172,1.40859,1.40883,1.00,1.12
2015.07.09 02:53:45.092,1.40859,1.40882,1.00,1.00
2015.07.09 02:53:51.241,1.40861,1.40882,1.00,1.00
2015.07.09 02:53:51.349,1.40859,1.40883,1.50,1.00
2015.07.09 02:53:56.221,1.40861,1.40883,1.00,1.00
2015.07.09 02:54:01.033,1.40859,1.40883,1.00,1.00
2015.07.09 02:54:04.683,1.40861,1.40883,1.00,1.00
2015.07.09 02:54:05.916,1.40859,1.40883,1.00,1.12
2015.07.09 02:54:09.632,1.40861,1.40883,1.00,1.00
2015.07.09 02:54:11.199,1.4086,1.40883,1.00,1.00
2015.07.09 02:54:11.951,1.40858,1.40883,1.12,1.00
2015.07.09 02:54:12.154,1.4086,1.40883,1.00,1.00
2015.07.09 02:54:17.215,1.40858,1.40883,1.00,1.00
2015.07.09 02:54:18.010,1.40859,1.40883,1.00,1.50
2015.07.09 02:54:18.774,1.40858,1.40883,1.00,1.50
2015.07.09 02:54:24.254,1.4086,1.40883,1.00,1.00
2015.07.09 02:54:24.559,1.40861,1.40886,1.37,1.00
2015.07.09 02:54:25.123,1.4087,1.4089,1.00,1.00
2015.07.09 02:54:25.683,1.4087,1.40895,1.00,1.87
2015.07.09 02:54:25.734,1.4087,1.40896,1.00,1.00
2015.07.09 02:54:25.785,1.40872,1.40896,1.00,1.00
2015.07.09 02:54:26.261,1.40874,1.40896,1.00,1.00
2015.07.09 02:54:27.791,1.40874,1.40897,1.00,1.00
2015.07.09 02:54:28.298,1.40875,1.40897,1.00,1.00
2015.07.09 02:54:30.731,1.40874,1.40897,1.00,1.00
2015.07.09 02:54:32.492,1.40874,1.40891,1.00,1.00
2015.07.09 02:54:32.594,1.40874,1.40894,1.00,1.00
2015.07.09 02:54:32.645,1.40871,1.40894,1.00,1.50
2015.07.09 02:54:32.747,1.40871,1.40891,1.00,1.37
2015.07.09 02:54:33.051,1.40869,1.40891,1.00,1.37
2015.07.09 02:54:41.021,1.40869,1.40888,1.00,1.00
2015.07.09 02:54:41.225,1.40864,1.40885,1.50,1.00
2015.07.09 02:54:42.913,1.40864,1.40887,1.00,1.37
2015.07.09 02:54:43.692,1.40864,1.40885,1.00,1.00
2015.07.09 02:54:44.354,1.40864,1.40885,1.37,1.00
2015.07.09 02:54:44.506,1.40869,1.40892,1.00,1.37
2015.07.09 02:54:45.624,1.40867,1.40892,1.00,1.37
2015.07.09 02:54:45.725,1.40866,1.40889,1.00,1.00
2015.07.09 02:54:46.097,1.4086,1.40885,2.25,1.00
2015.07.09 02:54:46.149,1.4086,1.40885,1.00,1.00
2015.07.09 02:54:48.150,1.40861,1.40885,1.00,1.00
2015.07.09 02:54:48.657,1.40862,1.40886,1.00,2.62
2015.07.09 02:54:50.279,1.40862,1.40886,1.87,1.50
2015.07.09 02:54:50.382,1.40863,1.40888,1.37,1.00
2015.07.09 02:54:50.434,1.40869,1.4089,1.00,1.00
2015.07.09 02:54:50.984,1.40869,1.40892,1.00,1.37
2015.07.09 02:54:51.847,1.40866,1.40892,1.50,1.37
2015.07.09 02:54:51.899,1.40866,1.40892,1.50,1.37
2015.07.09 02:54:52.443,1.40866,1.40889,1.12,1.00
2015.07.09 02:54:52.647,1.40864,1.40889,1.50,1.00
2015.07.09 02:54:52.850,1.40864,1.40885,1.50,1.00
2015.07.09 02:54:53.004,1.40862,1.40885,1.00,1.00
2015.07.09 02:54:53.156,1.40859,1.40885,3.00,1.50
2015.07.09 02:54:53.539,1.40861,1.40886,1.37,1.37
2015.07.09 02:54:53.643,1.40865,1.40891,1.37,2.62
2015.07.09 02:54:55.163,1.40867,1.40891,1.00,2.62
2015.07.09 02:54:59.702,1.40867,1.40891,1.37,2.62
2015.07.09 02:55:00.734,1.40867,1.40891,1.00,2.62
2015.07.09 02:55:05.138,1.40867,1.40889,1.00,1.00
2015.07.09 02:55:11.806,1.40868,1.40889,1.00,1.00
2015.07.09 02:55:19.670,1.40868,1.40893,1.00,1.12
2015.07.09 02:55:23.028,1.40867,1.40893,1.75,1.12
2015.07.09 02:55:43.857,1.40867,1.40893,1.50,1.12
2015.07.09 02:55:44.905,1.40867,1.40893,1.50,1.12
2015.07.09 02:55:46.905,1.40867,1.40893,1.50,1.12
2015.07.09 02:55:47.863,1.40868,1.40893,1.37,1.12
2015.07.09 02:55:48.863,1.40868,1.40893,1.12,1.12
2015.07.09 02:55:49.864,1.40868,1.40893,1.37,1.12
2015.07.09 02:55:54.027,1.40868,1.40893,1.00,1.12
2015.07.09 02:55:58.886,1.40868,1.40894,1.37,2.62
2015.07.09 02:55:59.476,1.40869,1.40894,1.00,1.87
2015.07.09 02:55:59.730,1.40873,1.40894,1.00,1.00
2015.07.09 02:55:59.832,1.40873,1.40896,1.87,1.00
2015.07.09 02:56:00.348,1.40873,1.40897,1.87,1.00
2015.07.09 02:56:01.816,1.4087,1.40897,2.25,1.00
2015.07.09 02:56:02.980,1.4087,1.40897,2.62,1.00
2015.07.09 02:56:06.679,1.4087,1.40896,2.25,1.00
2015.07.09 02:56:06.781,1.4087,1.40896,2.25,1.75
2015.07.09 02:56:07.299,1.40869,1.40895,1.00,1.37
2015.07.09 02:56:09.648,1.40868,1.40895,1.00,1.37
2015.07.09 02:56:10.155,1.40867,1.40895,1.87,1.37
2015.07.09 02:56:13.551,1.40867,1.40894,1.50,1.87
2015.07.09 02:56:22.494,1.40868,1.40894,1.50,1.87
2015.07.09 02:56:26.659,1.40868,1.40894,1.12,1.87
2015.07.09 02:56:33.278,1.40868,1.40893,1.00,1.00
2015.07.09 02:56:33.790,1.40867,1.40893,1.12,1.50
2015.07.09 02:56:34.389,1.40868,1.40893,1.00,1.00
2015.07.09 02:56:34.945,1.40867,1.40893,1.87,1.50
2015.07.09 02:56:38.382,1.40867,1.40893,2.25,1.50
2015.07.09 02:56:40.397,1.40867,1.40893,2.25,1.50
2015.07.09 02:56:41.390,1.40867,1.40893,2.25,1.50
2015.07.09 02:56:58.237,1.40868,1.40893,1.50,1.00
2015.07.09 02:56:59.407,1.40868,1.40893,1.75,1.00
2015.07.09 02:57:05.247,1.40868,1.40892,1.50,1.00
2015.07.09 02:57:06.329,1.40868,1.40892,1.50,1.00
2015.07.09 02:57:12.570,1.40868,1.40892,1.50,1.00
2015.07.09 02:57:13.568,1.40868,1.40892,1.12,1.00
2015.07.09 02:57:15.565,1.40868,1.40893,1.12,1.00
2015.07.09 02:57:16.531,1.40868,1.40893,1.50,1.00
2015.07.09 02:57:24.607,1.40867,1.40893,2.25,1.50
2015.07.09 02:57:32.805,1.40868,1.40892,1.00,1.00
2015.07.09 02:57:37.837,1.40867,1.40892,1.12,1.00
2015.07.09 02:57:43.597,1.40868,1.40892,1.00,1.00
2015.07.09 02:57:44.273,1.40867,1.40892,1.12,1.00
2015.07.09 02:57:46.293,1.40867,1.40891,1.12,1.00
2015.07.09 02:57:49.877,1.40867,1.40891,1.50,1.00
2015.07.09 02:57:51.685,1.40867,1.40892,1.50,1.00
2015.07.09 02:57:52.191,1.40867,1.40893,1.50,1.00
2015.07.09 02:57:52.989,1.40867,1.40893,1.50,1.00
2015.07.09 02:57:56.561,1.40868,1.40893,1.00,1.00
2015.07.09 02:57:58.007,1.40868,1.40893,1.87,1.00
2015.07.09 02:58:09.034,1.40868,1.40893,1.37,1.00
2015.07.09 02:58:10.182,1.40868,1.40893,1.37,1.00
2015.07.09 02:58:11.136,1.40868,1.40893,1.37,1.00
2015.07.09 02:58:12.138,1.40868,1.40893,1.37,1.00
2015.07.09 02:58:15.169,1.40868,1.40893,1.12,1.00
2015.07.09 02:58:18.248,1.40868,1.40893,1.37,1.00
2015.07.09 02:58:21.066,1.40867,1.40892,2.25,1.00
2015.07.09 02:58:22.160,1.40867,1.40892,2.25,1.00
2015.07.09 02:58:23.161,1.40867,1.40892,2.25,1.00
2015.07.09 02:58:31.207,1.40867,1.4089,1.37,1.00
2015.07.09 02:58:38.966,1.40867,1.40891,1.87,1.00
2015.07.09 02:58:43.058,1.40867,1.40892,1.87,1.00
2015.07.09 02:58:48.188,1.40867,1.40891,1.87,1.00
2015.07.09 02:58:50.931,1.40867,1.4089,1.37,1.50
2015.07.09 02:58:52.571,1.40868,1.40885,1.00,1.00
2015.07.09 02:58:52.623,1.40868,1.40888,1.00,1.50
2015.07.09 02:58:52.726,1.40864,1.40888,1.00,1.00
2015.07.09 02:58:52.930,1.40865,1.4089,1.00,1.00
2015.07.09 02:58:52.981,1.40866,1.40893,1.00,3.00
2015.07.09 02:58:53.134,1.40868,1.40893,1.00,3.00
2015.07.09 02:58:53.704,1.40867,1.40893,2.25,3.00
2015.07.09 02:58:53.756,1.40867,1.40894,2.62,1.00
2015.07.09 02:58:53.958,1.40865,1.40888,1.37,1.00
2015.07.09 02:58:54.161,1.40864,1.40888,1.87,1.00
2015.07.09 02:58:55.309,1.40864,1.40889,1.50,1.12
2015.07.09 02:58:55.715,1.40867,1.4089,1.00,1.37
2015.07.09 02:58:56.097,1.40867,1.40891,1.00,1.00
2015.07.09 02:58:56.612,1.40866,1.40891,1.12,1.00
2015.07.09 02:59:01.894,1.40866,1.40891,1.50,1.00
2015.07.09 02:59:02.648,1.40866,1.40892,1.50,1.12
2015.07.09 02:59:03.184,1.40866,1.40892,1.50,1.12
2015.07.09 02:59:07.327,1.40866,1.40886,1.50,1.00
2015.07.09 02:59:07.378,1.40866,1.40886,1.12,1.00
2015.07.09 02:59:07.531,1.40863,1.40886,1.00,1.37
2015.07.09 02:59:07.951,1.40858,1.40883,1.00,1.37
2015.07.09 02:59:08.459,1.40858,1.40883,1.00,1.00
2015.07.09 02:59:12.467,1.40859,1.40883,1.00,1.12
2015.07.09 02:59:13.021,1.40858,1.40883,1.00,1.12
2015.07.09 02:59:15.692,1.40858,1.40883,1.87,1.12
2015.07.09 02:59:15.743,1.40866,1.4089,1.00,1.00
2015.07.09 02:59:15.946,1.40865,1.40887,1.50,1.00
2015.07.09 02:59:16.201,1.40861,1.40884,1.00,1.00
2015.07.09 02:59:16.893,1.4086,1.40884,1.12,1.00
2015.07.09 02:59:27.217,1.4086,1.40884,1.00,1.37
2015.07.09 02:59:27.816,1.4086,1.4088,1.00,1.12
2015.07.09 02:59:28.243,1.40856,1.4088,1.37,1.12
2015.07.09 02:59:36.277,1.40856,1.40883,1.87,1.37
2015.07.09 02:59:36.328,1.40857,1.40883,1.50,1.00
2015.07.09 02:59:36.379,1.40858,1.40886,1.50,1.87
2015.07.09 02:59:36.430,1.40862,1.40886,1.37,1.37
2015.07.09 02:59:36.481,1.40862,1.40888,1.87,1.87
2015.07.09 02:59:36.583,1.40863,1.4089,2.25,1.00
2015.07.09 02:59:38.348,1.40864,1.40891,1.12,1.12
2015.07.09 02:59:40.615,1.40864,1.40891,1.50,1.12
2015.07.09 02:59:44.619,1.40864,1.40891,1.50,1.12
2015.07.09 02:59:54.669,1.40866,1.40891,1.87,1.00
2015.07.09 02:59:58.879,1.40866,1.40893,1.87,1.50
2015.07.09 02:59:59.675,1.40866,1.40893,2.62,1.50
