2015.06.30 09:00:00.186,1.38138,1.38159,1.00,1.00
2015.06.30 09:00:00.237,1.38138,1.38166,1.00,1.00
2015.06.30 09:00:00.340,1.3814,1.38174,1.00,1.00
2015.06.30 09:00:00.391,1.38141,1.38178,1.00,1.00
2015.06.30 09:00:01.431,1.38131,1.38169,1.00,1.00
2015.06.30 09:00:01.482,1.3813,1.38166,1.00,1.00
2015.06.30 09:00:01.533,1.38126,1.38166,1.00,1.00
2015.06.30 09:00:01.685,1.38126,1.38169,1.50,1.50
2015.06.30 09:00:01.940,1.3813,1.38169,1.00,1.50
2015.06.30 09:00:02.248,1.38126,1.38159,1.00,1.00
2015.06.30 09:00:02.300,1.38122,1.38159,1.00,1.00
2015.06.30 09:00:02.832,1.3814,1.38175,1.00,1.00
2015.06.30 09:00:02.883,1.3814,1.3818,1.00,1.00
2015.06.30 09:00:02.985,1.38137,1.38176,1.00,1.00
2015.06.30 09:00:03.341,1.38146,1.38176,1.00,1.00
2015.06.30 09:00:03.493,1.38141,1.3818,1.00,1.00
2015.06.30 09:00:03.595,1.38138,1.38179,1.00,1.00
2015.06.30 09:00:03.646,1.38141,1.38179,1.00,1.00
2015.06.30 09:00:04.226,1.38142,1.38177,1.00,1.00
2015.06.30 09:00:04.278,1.38137,1.38176,1.00,1.00
2015.06.30 09:00:04.430,1.38137,1.38172,1.00,1.00
2015.06.30 09:00:04.584,1.38127,1.38165,1.00,1.00
2015.06.30 09:00:04.635,1.38127,1.38162,1.00,1.00
2015.06.30 09:00:04.686,1.38123,1.38162,1.00,1.00
2015.06.30 09:00:04.788,1.38122,1.3816,1.00,1.00
2015.06.30 09:00:05.654,1.38124,1.3816,1.12,1.50
2015.06.30 09:00:05.711,1.38124,1.38163,1.50,1.00
2015.06.30 09:00:05.863,1.38126,1.38163,1.00,1.00
2015.06.30 09:00:05.914,1.38126,1.38167,1.50,1.50
2015.06.30 09:00:05.966,1.3813,1.38165,1.00,1.00
2015.06.30 09:00:06.017,1.38131,1.38168,1.00,1.00
2015.06.30 09:00:06.069,1.38133,1.38168,1.00,1.00
2015.06.30 09:00:06.120,1.38136,1.38172,1.00,1.00
2015.06.30 09:00:06.375,1.38137,1.38175,1.00,1.00
2015.06.30 09:00:06.426,1.38143,1.38175,1.00,1.00
2015.06.30 09:00:06.954,1.3815,1.38175,1.00,1.00
2015.06.30 09:00:07.006,1.38157,1.38192,1.00,1.37
2015.06.30 09:00:07.773,1.38157,1.38192,1.00,1.12
2015.06.30 09:00:08.363,1.38153,1.38189,1.37,1.00
2015.06.30 09:00:08.415,1.38153,1.38189,1.12,1.12
2015.06.30 09:00:08.619,1.38159,1.38189,1.00,1.50
2015.06.30 09:00:08.721,1.3816,1.38191,1.12,1.00
2015.06.30 09:00:08.926,1.38164,1.38197,1.00,1.00
2015.06.30 09:00:10.311,1.38164,1.38197,1.37,1.50
2015.06.30 09:00:10.922,1.38162,1.38196,1.87,1.37
2015.06.30 09:00:11.688,1.38162,1.38194,1.37,1.37
2015.06.30 09:00:12.386,1.38165,1.38194,1.37,1.00
2015.06.30 09:00:13.208,1.38165,1.38194,1.00,1.37
2015.06.30 09:00:13.261,1.38163,1.38194,1.37,1.50
2015.06.30 09:00:14.029,1.38162,1.38193,1.87,1.50
2015.06.30 09:00:15.565,1.38162,1.38187,1.37,1.00
2015.06.30 09:00:15.616,1.38162,1.38192,1.37,1.87
2015.06.30 09:00:15.718,1.38163,1.38191,1.37,1.12
2015.06.30 09:00:16.330,1.38164,1.38189,1.00,1.37
2015.06.30 09:00:16.635,1.38164,1.38183,1.12,1.00
2015.06.30 09:00:17.428,1.38161,1.38183,1.37,1.00
2015.06.30 09:00:17.529,1.38162,1.38187,1.37,1.12
2015.06.30 09:00:18.111,1.38162,1.38184,1.00,1.37
2015.06.30 09:00:18.415,1.38162,1.38184,1.00,1.50
2015.06.30 09:00:18.719,1.38161,1.38184,1.00,1.37
2015.06.30 09:00:18.922,1.38161,1.38186,1.00,1.87
2015.06.30 09:00:19.567,1.38174,1.3819,1.00,1.37
2015.06.30 09:00:19.618,1.38172,1.38197,1.37,1.50
2015.06.30 09:00:19.720,1.38172,1.38197,1.12,1.87
2015.06.30 09:00:20.277,1.38171,1.38192,1.37,1.00
2015.06.30 09:00:20.909,1.38165,1.38187,1.37,1.00
2015.06.30 09:00:21.523,1.38162,1.38187,1.87,1.12
2015.06.30 09:00:23.045,1.38159,1.38182,1.12,1.00
2015.06.30 09:00:23.351,1.38161,1.38185,1.00,1.37
2015.06.30 09:00:23.909,1.38161,1.38186,1.00,1.87
2015.06.30 09:00:24.719,1.38162,1.38177,1.00,1.37
2015.06.30 09:00:24.770,1.38155,1.38177,1.00,1.37
2015.06.30 09:00:24.821,1.38155,1.38173,1.00,1.00
2015.06.30 09:00:25.024,1.38148,1.38168,1.57,1.00
2015.06.30 09:00:25.126,1.38147,1.38168,1.12,1.00
2015.06.30 09:00:25.482,1.3815,1.38168,1.00,1.00
2015.06.30 09:00:26.079,1.38147,1.38161,1.12,1.00
2015.06.30 09:00:26.131,1.38138,1.38158,1.00,1.37
2015.06.30 09:00:26.283,1.38138,1.3815,1.00,1.00
2015.06.30 09:00:26.334,1.38135,1.38154,1.00,1.00
2015.06.30 09:00:26.537,1.38132,1.38154,1.12,1.00
2015.06.30 09:00:26.639,1.38132,1.38154,1.00,1.37
2015.06.30 09:00:26.944,1.38134,1.38151,1.00,1.00
2015.06.30 09:00:27.443,1.38134,1.38151,1.00,1.37
2015.06.30 09:00:27.499,1.38125,1.38148,1.00,1.12
2015.06.30 09:00:28.059,1.38125,1.38145,1.00,1.00
2015.06.30 09:00:28.162,1.38119,1.38141,1.50,1.00
2015.06.30 09:00:28.264,1.3812,1.38141,1.00,1.37
2015.06.30 09:00:28.811,1.38115,1.38139,1.12,1.00
2015.06.30 09:00:28.863,1.38115,1.38139,1.00,1.50
2015.06.30 09:00:29.412,1.38114,1.38138,1.00,1.37
2015.06.30 09:00:29.718,1.38114,1.38138,1.00,1.37
2015.06.30 09:00:30.304,1.38121,1.38141,1.00,1.00
2015.06.30 09:00:30.790,1.38123,1.38145,1.00,1.12
2015.06.30 09:00:30.842,1.38123,1.38148,1.87,1.12
2015.06.30 09:00:30.943,1.38128,1.38151,1.00,1.20
2015.06.30 09:00:31.095,1.38124,1.38151,1.12,1.87
2015.06.30 09:00:31.674,1.38127,1.38153,1.00,1.37
2015.06.30 09:00:31.726,1.38124,1.38149,1.87,1.00
2015.06.30 09:00:31.828,1.38124,1.38151,1.87,1.50
2015.06.30 09:00:32.335,1.38124,1.38151,1.87,1.50
2015.06.30 09:00:32.386,1.38125,1.38149,1.12,1.00
2015.06.30 09:00:33.217,1.38126,1.38152,1.00,2.25
2015.06.30 09:00:33.623,1.38124,1.38152,1.00,1.37
2015.06.30 09:00:34.132,1.38125,1.38149,1.00,1.00
2015.06.30 09:00:34.721,1.38131,1.38157,1.00,2.25
2015.06.30 09:00:35.026,1.38128,1.38152,1.50,1.37
2015.06.30 09:00:35.382,1.38131,1.38156,1.00,1.87
2015.06.30 09:00:36.673,1.38131,1.38145,1.00,1.00
2015.06.30 09:00:36.726,1.3812,1.38144,1.50,1.37
2015.06.30 09:00:37.031,1.38118,1.38142,1.00,1.37
2015.06.30 09:00:37.082,1.38119,1.38139,1.00,1.00
2015.06.30 09:00:37.235,1.38122,1.38147,1.00,1.87
2015.06.30 09:00:37.287,1.38121,1.38143,2.62,1.00
2015.06.30 09:00:37.837,1.38119,1.38142,1.00,1.12
2015.06.30 09:00:37.890,1.38117,1.38138,1.00,1.12
2015.06.30 09:00:38.043,1.38112,1.38136,1.50,1.37
2015.06.30 09:00:38.094,1.38112,1.38136,1.50,1.37
2015.06.30 09:00:38.299,1.38109,1.38135,2.25,2.62
2015.06.30 09:00:38.452,1.38111,1.38135,1.87,1.50
2015.06.30 09:00:38.504,1.38111,1.38131,1.87,1.00
2015.06.30 09:00:39.001,1.38111,1.38131,1.50,1.37
2015.06.30 09:00:39.167,1.38106,1.38123,1.00,1.00
2015.06.30 09:00:39.219,1.38106,1.38125,1.00,1.00
2015.06.30 09:00:39.475,1.38105,1.38127,1.00,1.00
2015.06.30 09:00:39.577,1.38107,1.38127,1.00,1.00
2015.06.30 09:00:40.272,1.38116,1.38128,1.12,1.00
2015.06.30 09:00:40.325,1.38115,1.38138,1.37,1.00
2015.06.30 09:00:40.428,1.38114,1.38133,1.37,1.00
2015.06.30 09:00:40.480,1.38114,1.38133,1.00,1.00
2015.06.30 09:00:40.531,1.38114,1.38135,1.00,1.00
2015.06.30 09:00:40.583,1.38113,1.38133,1.00,1.00
2015.06.30 09:00:40.638,1.3811,1.38133,1.00,1.00
2015.06.30 09:00:40.893,1.38107,1.3813,1.37,1.00
2015.06.30 09:00:41.486,1.38105,1.38124,1.00,1.75
2015.06.30 09:00:41.537,1.38076,1.38095,1.00,1.00
2015.06.30 09:00:41.639,1.38074,1.38095,1.00,1.00
2015.06.30 09:00:41.741,1.38074,1.38098,1.50,1.12
2015.06.30 09:00:41.894,1.38076,1.38096,1.00,1.00
2015.06.30 09:00:42.631,1.38087,1.38103,1.00,1.00
2015.06.30 09:00:42.682,1.38087,1.38107,1.37,1.00
2015.06.30 09:00:42.835,1.38089,1.38112,1.12,1.50
2015.06.30 09:00:42.886,1.38091,1.38112,1.00,1.50
2015.06.30 09:00:43.039,1.38091,1.38114,1.00,1.00
2015.06.30 09:00:43.090,1.38094,1.38115,1.37,1.00
2015.06.30 09:00:43.141,1.38094,1.38117,1.37,1.00
2015.06.30 09:00:43.781,1.38101,1.38121,1.00,1.00
2015.06.30 09:00:43.832,1.38102,1.38126,1.00,1.00
2015.06.30 09:00:44.189,1.38104,1.38128,1.37,1.50
2015.06.30 09:00:44.988,1.38105,1.38127,1.00,1.87
2015.06.30 09:00:45.039,1.38102,1.38126,1.50,1.00
2015.06.30 09:00:45.502,1.38115,1.38128,1.00,1.00
2015.06.30 09:00:45.554,1.38115,1.38132,1.00,1.00
2015.06.30 09:00:45.657,1.38112,1.38135,1.00,1.50
2015.06.30 09:00:45.709,1.38112,1.38135,1.37,1.00
2015.06.30 09:00:46.277,1.38115,1.38132,1.12,1.00
2015.06.30 09:00:46.480,1.38109,1.38128,2.25,1.00
2015.06.30 09:00:46.835,1.38111,1.38128,1.00,1.00
2015.06.30 09:00:46.936,1.38111,1.38131,1.00,1.00
2015.06.30 09:00:47.089,1.38109,1.38131,1.00,1.12
2015.06.30 09:00:47.570,1.38109,1.38128,1.00,1.00
2015.06.30 09:00:47.630,1.38107,1.38129,1.87,1.00
2015.06.30 09:00:47.681,1.38107,1.38131,1.87,1.12
2015.06.30 09:00:47.732,1.38107,1.38127,1.87,1.00
2015.06.30 09:00:48.391,1.38104,1.38126,1.37,1.00
2015.06.30 09:00:48.911,1.38102,1.38124,1.00,1.37
2015.06.30 09:00:48.962,1.38099,1.3812,1.50,1.00
2015.06.30 09:00:49.215,1.38098,1.3812,1.00,1.37
2015.06.30 09:00:49.469,1.38096,1.38119,1.00,1.37
2015.06.30 09:00:50.978,1.38109,1.38122,1.12,1.00
2015.06.30 09:00:51.060,1.3811,1.38131,1.00,1.00
2015.06.30 09:00:51.314,1.38108,1.38129,1.50,1.00
2015.06.30 09:00:51.623,1.38108,1.38131,1.87,1.00
2015.06.30 09:00:52.288,1.38113,1.38131,1.37,1.00
2015.06.30 09:00:52.340,1.38115,1.38139,1.12,1.50
2015.06.30 09:00:52.861,1.38118,1.38139,1.00,1.50
2015.06.30 09:00:52.963,1.38118,1.38142,1.12,1.00
2015.06.30 09:00:53.014,1.3812,1.38142,1.00,1.00
2015.06.30 09:00:53.708,1.38126,1.38145,1.00,1.00
2015.06.30 09:00:53.761,1.38128,1.3815,1.00,1.00
2015.06.30 09:00:53.813,1.3813,1.38151,1.50,1.50
2015.06.30 09:00:54.120,1.38133,1.38154,2.62,1.00
2015.06.30 09:00:54.172,1.38133,1.38157,1.87,1.87
2015.06.30 09:00:54.223,1.38136,1.38157,1.00,1.12
2015.06.30 09:00:54.375,1.38132,1.38155,1.37,1.00
2015.06.30 09:00:54.902,1.38131,1.38152,1.00,1.00
2015.06.30 09:00:54.953,1.38129,1.38153,1.87,1.12
2015.06.30 09:00:55.106,1.38131,1.38155,1.00,2.62
2015.06.30 09:00:55.208,1.38132,1.38155,1.00,1.00
2015.06.30 09:00:55.310,1.38137,1.38156,1.00,1.12
2015.06.30 09:00:55.514,1.38141,1.38164,1.87,2.25
2015.06.30 09:00:56.126,1.38142,1.38164,1.12,1.00
2015.06.30 09:00:56.329,1.38138,1.38163,2.25,1.12
2015.06.30 09:00:56.380,1.38138,1.3816,1.50,1.00
2015.06.30 09:00:56.685,1.38136,1.38157,1.00,1.00
2015.06.30 09:00:56.736,1.38133,1.38157,1.50,1.00
2015.06.30 09:00:56.787,1.38136,1.38157,1.00,1.00
2015.06.30 09:00:57.473,1.38139,1.38162,1.00,1.00
2015.06.30 09:00:58.094,1.38139,1.38162,1.00,1.50
2015.06.30 09:00:58.146,1.38138,1.38159,1.00,1.00
2015.06.30 09:00:58.989,1.38138,1.38156,1.00,1.50
2015.06.30 09:00:59.098,1.38139,1.38158,1.00,1.00
2015.06.30 09:00:59.149,1.38139,1.38162,1.50,1.00
2015.06.30 09:00:59.455,1.38142,1.38164,1.00,1.00
2015.06.30 09:01:00.598,1.38142,1.38162,1.00,1.00
2015.06.30 09:01:00.853,1.3814,1.38162,1.00,1.00
2015.06.30 09:01:04.004,1.38142,1.38162,1.00,1.00
2015.06.30 09:01:04.220,1.3814,1.38162,1.00,1.50
2015.06.30 09:01:04.323,1.38143,1.38157,1.00,1.00
2015.06.30 09:01:04.425,1.38136,1.38156,1.00,1.00
2015.06.30 09:01:05.567,1.38142,1.38161,1.50,1.00
2015.06.30 09:01:05.618,1.38143,1.38166,1.00,1.00
2015.06.30 09:01:05.720,1.38143,1.38164,1.00,1.00
2015.06.30 09:01:06.027,1.3814,1.3816,1.00,1.00
2015.06.30 09:01:06.861,1.3814,1.38159,1.00,1.00
2015.06.30 09:01:07.167,1.3814,1.38161,1.00,3.00
2015.06.30 09:01:07.273,1.3814,1.38158,1.00,1.00
2015.06.30 09:01:07.591,1.3814,1.38161,1.00,2.62
2015.06.30 09:01:07.642,1.38143,1.38161,1.00,1.87
2015.06.30 09:01:08.246,1.38151,1.38162,1.00,1.00
2015.06.30 09:01:08.299,1.38151,1.38172,1.00,2.25
2015.06.30 09:01:08.858,1.38151,1.38173,1.50,2.25
2015.06.30 09:01:09.146,1.38151,1.38171,1.00,1.12
2015.06.30 09:01:09.914,1.38148,1.38172,1.50,1.87
2015.06.30 09:01:09.965,1.38148,1.38172,1.50,2.62
2015.06.30 09:01:10.269,1.38145,1.38163,1.00,1.37
2015.06.30 09:01:11.078,1.38145,1.38163,1.00,1.00
2015.06.30 09:01:11.348,1.38148,1.38167,1.00,2.25
2015.06.30 09:01:11.500,1.38148,1.3817,1.00,1.87
2015.06.30 09:01:12.535,1.38152,1.3817,1.00,1.00
2015.06.30 09:01:12.586,1.38149,1.3817,1.00,1.00
2015.06.30 09:01:12.637,1.38155,1.38173,1.00,3.00
2015.06.30 09:01:12.790,1.38156,1.38179,1.00,1.00
2015.06.30 09:01:12.993,1.38157,1.38179,1.37,1.00
2015.06.30 09:01:13.232,1.38158,1.38182,1.87,1.00
2015.06.30 09:01:14.953,1.38158,1.38182,1.50,1.37
2015.06.30 09:01:15.605,1.38158,1.38175,1.00,1.00
2015.06.30 09:01:15.665,1.38151,1.38175,1.87,1.50
2015.06.30 09:01:16.226,1.38153,1.38175,1.00,1.00
2015.06.30 09:01:16.378,1.38154,1.38178,1.00,1.87
2015.06.30 09:01:16.480,1.38156,1.38179,1.50,1.12
2015.06.30 09:01:17.109,1.38156,1.38179,1.87,1.00
2015.06.30 09:01:17.160,1.38158,1.38182,1.50,1.00
2015.06.30 09:01:17.684,1.38158,1.38178,1.00,1.00
2015.06.30 09:01:17.786,1.38158,1.38182,1.00,3.00
2015.06.30 09:01:17.887,1.38156,1.38179,1.87,1.00
2015.06.30 09:01:19.157,1.38156,1.38181,1.87,1.50
2015.06.30 09:01:19.665,1.38158,1.38182,1.00,2.62
2015.06.30 09:01:20.715,1.38158,1.3818,1.87,1.00
2015.06.30 09:01:21.198,1.3816,1.3818,1.00,1.00
2015.06.30 09:01:21.249,1.3816,1.38182,1.00,1.00
2015.06.30 09:01:21.505,1.38162,1.38183,1.00,1.00
2015.06.30 09:01:22.170,1.38164,1.38183,1.00,1.00
2015.06.30 09:01:22.271,1.38162,1.38183,1.50,1.00
2015.06.30 09:01:22.323,1.38162,1.38185,1.50,1.00
2015.06.30 09:01:22.424,1.38162,1.38183,1.50,1.00
2015.06.30 09:01:22.984,1.38162,1.38183,1.00,1.50
2015.06.30 09:01:24.718,1.38162,1.38183,1.50,1.00
2015.06.30 09:01:25.251,1.38163,1.38185,1.00,1.00
2015.06.30 09:01:25.353,1.38165,1.38185,1.00,1.00
2015.06.30 09:01:25.771,1.38168,1.38187,1.00,1.12
2015.06.30 09:01:26.290,1.38168,1.38186,1.00,1.00
2015.06.30 09:01:26.816,1.38168,1.38185,1.00,1.00
2015.06.30 09:01:27.888,1.38166,1.38185,1.00,1.00
2015.06.30 09:01:28.521,1.38165,1.38185,1.50,1.00
2015.06.30 09:01:29.489,1.38165,1.38187,1.50,1.37
2015.06.30 09:01:30.256,1.38165,1.38188,1.00,1.50
2015.06.30 09:01:31.392,1.38169,1.38188,1.00,1.50
2015.06.30 09:01:32.510,1.38184,1.38192,1.37,1.00
2015.06.30 09:01:32.565,1.38186,1.38209,1.00,1.12
2015.06.30 09:01:33.050,1.38188,1.3821,1.00,1.00
2015.06.30 09:01:33.688,1.3819,1.38213,1.50,1.12
2015.06.30 09:01:34.155,1.38189,1.38209,1.00,1.00
2015.06.30 09:01:34.461,1.38191,1.38208,1.00,1.00
2015.06.30 09:01:34.513,1.38191,1.38211,1.00,1.50
2015.06.30 09:01:35.104,1.38191,1.38212,1.00,1.12
2015.06.30 09:01:35.410,1.38191,1.38211,1.00,1.37
2015.06.30 09:01:35.665,1.38189,1.38209,1.00,1.00
2015.06.30 09:01:35.717,1.38187,1.38209,1.00,1.00
2015.06.30 09:01:35.920,1.38186,1.38207,1.00,1.12
2015.06.30 09:01:36.497,1.38184,1.38207,1.00,1.12
2015.06.30 09:01:36.599,1.38186,1.38207,1.00,1.12
2015.06.30 09:01:37.057,1.38184,1.38207,1.00,1.12
2015.06.30 09:01:37.468,1.38193,1.38207,1.00,1.12
2015.06.30 09:01:38.036,1.38193,1.38213,1.00,1.50
2015.06.30 09:01:39.027,1.38193,1.38217,1.50,1.75
2015.06.30 09:01:39.564,1.38197,1.38217,1.00,1.37
2015.06.30 09:01:39.622,1.38199,1.38223,1.00,1.37
2015.06.30 09:01:39.674,1.38197,1.38223,1.50,1.37
2015.06.30 09:01:39.725,1.38202,1.38223,1.00,1.37
2015.06.30 09:01:39.777,1.382,1.38224,1.00,1.37
2015.06.30 09:01:39.880,1.38198,1.38224,1.00,1.37
2015.06.30 09:01:40.033,1.38196,1.38224,1.50,1.37
2015.06.30 09:01:40.289,1.38198,1.38223,1.00,1.37
2015.06.30 09:01:41.051,1.38199,1.38223,1.00,1.37
2015.06.30 09:01:41.380,1.38201,1.38225,1.00,1.75
2015.06.30 09:01:41.533,1.38197,1.38222,1.00,1.37
2015.06.30 09:01:41.736,1.38195,1.38221,1.87,1.37
2015.06.30 09:01:42.383,1.38192,1.38215,1.50,1.00
2015.06.30 09:01:42.695,1.38197,1.38222,1.00,2.25
2015.06.30 09:01:42.999,1.38199,1.38222,1.00,1.75
2015.06.30 09:01:43.682,1.38199,1.38222,1.00,1.50
2015.06.30 09:01:44.239,1.38199,1.38222,1.00,1.12
2015.06.30 09:01:44.743,1.38199,1.38222,1.00,1.37
2015.06.30 09:01:46.726,1.382,1.38224,1.00,1.37
2015.06.30 09:01:46.778,1.382,1.38224,1.00,1.12
2015.06.30 09:01:46.930,1.38203,1.38226,1.00,3.00
2015.06.30 09:01:48.462,1.38202,1.38224,1.00,1.12
2015.06.30 09:01:49.086,1.38204,1.38223,1.00,1.37
2015.06.30 09:01:49.137,1.38194,1.3822,2.25,1.37
2015.06.30 09:01:49.188,1.38194,1.3822,1.37,1.37
2015.06.30 09:01:49.341,1.38193,1.38217,1.50,1.37
2015.06.30 09:01:49.444,1.38198,1.38221,1.00,2.62
2015.06.30 09:01:49.495,1.38198,1.38217,1.00,1.00
2015.06.30 09:01:49.801,1.38202,1.38218,1.00,1.00
2015.06.30 09:01:49.853,1.38202,1.38222,1.00,1.37
2015.06.30 09:01:50.392,1.38201,1.38222,1.00,1.00
2015.06.30 09:01:51.206,1.382,1.38222,1.00,1.37
2015.06.30 09:01:51.847,1.38203,1.38222,1.00,1.00
2015.06.30 09:01:51.950,1.38204,1.38225,1.50,1.37
2015.06.30 09:01:52.001,1.38206,1.38225,1.00,1.00
2015.06.30 09:01:52.154,1.38208,1.38228,1.12,1.00
2015.06.30 09:01:52.306,1.38211,1.38228,1.00,1.00
2015.06.30 09:01:52.408,1.38209,1.38228,1.00,1.00
2015.06.30 09:01:53.249,1.38211,1.38228,1.00,1.00
2015.06.30 09:01:53.555,1.38219,1.38234,1.00,1.00
2015.06.30 09:01:53.885,1.38219,1.38237,1.00,1.37
2015.06.30 09:01:53.989,1.38222,1.38236,1.00,1.12
2015.06.30 09:01:54.522,1.38226,1.38244,1.00,1.37
2015.06.30 09:01:54.626,1.38224,1.38243,1.00,1.37
2015.06.30 09:01:54.677,1.38224,1.38243,1.00,1.00
2015.06.30 09:01:54.829,1.38224,1.38245,1.00,1.50
2015.06.30 09:01:54.881,1.38227,1.38245,1.00,1.50
2015.06.30 09:01:55.185,1.38231,1.38246,1.00,1.50
2015.06.30 09:01:55.763,1.38235,1.38249,1.00,1.00
2015.06.30 09:01:55.819,1.38235,1.38256,1.00,1.00
2015.06.30 09:01:55.971,1.38235,1.38258,1.50,1.00
2015.06.30 09:01:56.281,1.38236,1.38258,1.37,1.00
2015.06.30 09:01:57.038,1.38236,1.38256,1.00,1.00
2015.06.30 09:01:57.089,1.38234,1.38258,2.25,1.50
2015.06.30 09:01:57.191,1.38236,1.38257,1.00,1.00
2015.06.30 09:01:57.495,1.38238,1.38251,2.62,1.00
2015.06.30 09:01:57.596,1.38239,1.38254,1.87,1.00
2015.06.30 09:01:57.900,1.38239,1.38251,1.00,1.00
2015.06.30 09:01:59.116,1.38233,1.38253,1.12,1.00
2015.06.30 09:01:59.167,1.38236,1.38254,1.00,1.00
2015.06.30 09:01:59.218,1.38236,1.38257,1.50,1.00
2015.06.30 09:01:59.270,1.38241,1.38259,1.00,1.50
2015.06.30 09:01:59.373,1.38245,1.38264,1.00,1.00
2015.06.30 09:01:59.424,1.38245,1.38264,1.37,1.00
2015.06.30 09:01:59.576,1.38256,1.38277,1.00,1.00
2015.06.30 09:01:59.627,1.38256,1.38275,1.00,1.00
2015.06.30 09:02:00.157,1.38259,1.38275,1.00,1.00
2015.06.30 09:02:00.209,1.3826,1.38284,1.37,2.17
2015.06.30 09:02:00.260,1.38261,1.38284,1.37,1.50
2015.06.30 09:02:00.311,1.38261,1.38284,1.00,1.50
2015.06.30 09:02:00.514,1.38261,1.38282,1.00,1.00
2015.06.30 09:02:00.768,1.3825,1.38274,1.50,2.17
2015.06.30 09:02:00.820,1.3825,1.38271,1.00,1.00
2015.06.30 09:02:01.355,1.38247,1.38264,1.37,1.00
2015.06.30 09:02:01.663,1.3824,1.38257,1.00,1.00
2015.06.30 09:02:01.714,1.38238,1.38257,1.50,1.00
2015.06.30 09:02:02.018,1.3824,1.38258,1.00,1.50
2015.06.30 09:02:02.566,1.38249,1.38259,1.37,1.00
2015.06.30 09:02:02.618,1.38249,1.38274,1.87,1.00
2015.06.30 09:02:02.720,1.38249,1.38274,1.87,1.00
2015.06.30 09:02:04.031,1.38249,1.38274,1.12,1.50
2015.06.30 09:02:04.185,1.38248,1.38271,1.37,1.00
2015.06.30 09:02:04.338,1.38246,1.3827,1.12,1.00
2015.06.30 09:02:04.389,1.38245,1.38267,1.87,1.00
2015.06.30 09:02:05.501,1.38249,1.38267,1.00,1.00
2015.06.30 09:02:05.806,1.3825,1.38262,1.00,1.00
2015.06.30 09:02:05.958,1.38244,1.38267,1.00,1.00
2015.06.30 09:02:06.111,1.38244,1.38264,1.00,1.00
2015.06.30 09:02:06.665,1.38251,1.38273,1.00,1.00
2015.06.30 09:02:06.970,1.38252,1.3827,1.00,1.00
2015.06.30 09:02:07.495,1.38253,1.38275,2.25,1.00
2015.06.30 09:02:07.546,1.38256,1.38275,1.37,1.00
2015.06.30 09:02:08.177,1.38258,1.38278,1.00,1.00
2015.06.30 09:02:08.279,1.38261,1.38278,1.00,1.00
2015.06.30 09:02:08.532,1.38257,1.38275,1.00,1.00
2015.06.30 09:02:08.837,1.38254,1.38275,1.00,1.00
2015.06.30 09:02:09.470,1.38254,1.38274,1.00,1.00
2015.06.30 09:02:09.521,1.38257,1.38276,1.00,1.00
2015.06.30 09:02:09.623,1.38257,1.38279,1.00,1.00
2015.06.30 09:02:09.826,1.38255,1.38277,1.00,1.00
2015.06.30 09:02:10.181,1.38253,1.38276,1.50,1.50
2015.06.30 09:02:10.762,1.38252,1.38271,1.12,1.00
2015.06.30 09:02:10.915,1.38252,1.38273,1.00,1.00
2015.06.30 09:02:11.067,1.38251,1.38268,1.00,1.00
2015.06.30 09:02:11.118,1.38248,1.38268,1.50,1.00
2015.06.30 09:02:12.631,1.38248,1.38265,1.00,1.00
2015.06.30 09:02:12.682,1.38242,1.38265,1.00,1.50
2015.06.30 09:02:12.835,1.38244,1.38262,1.00,1.00
2015.06.30 09:02:13.091,1.38244,1.38266,1.00,1.50
2015.06.30 09:02:13.865,1.38246,1.38267,1.00,1.50
2015.06.30 09:02:14.374,1.38247,1.38267,1.00,1.50
2015.06.30 09:02:14.679,1.38249,1.38263,1.00,1.00
2015.06.30 09:02:15.164,1.38251,1.38266,1.00,1.00
2015.06.30 09:02:15.216,1.38251,1.3827,1.00,1.00
2015.06.30 09:02:15.522,1.38252,1.38272,1.00,1.00
2015.06.30 09:02:15.776,1.38254,1.38272,1.00,1.00
2015.06.30 09:02:16.485,1.38252,1.38272,1.50,1.00
2015.06.30 09:02:16.537,1.38257,1.38272,1.00,1.00
2015.06.30 09:02:16.741,1.38262,1.38279,1.00,1.00
2015.06.30 09:02:16.843,1.38262,1.38282,1.00,1.50
2015.06.30 09:02:17.717,1.38261,1.38279,1.00,1.00
2015.06.30 09:02:17.870,1.38267,1.38288,1.00,1.00
2015.06.30 09:02:18.023,1.38267,1.38286,1.00,1.00
2015.06.30 09:02:19.020,1.38267,1.38289,1.00,1.50
2015.06.30 09:02:19.528,1.38268,1.38289,1.00,1.12
2015.06.30 09:02:20.528,1.38269,1.38289,1.00,1.12
2015.06.30 09:02:20.630,1.38271,1.38289,1.50,1.12
2015.06.30 09:02:20.975,1.38275,1.38294,1.00,1.00
2015.06.30 09:02:21.076,1.38277,1.38294,1.00,1.00
2015.06.30 09:02:21.874,1.38274,1.3829,1.00,1.12
2015.06.30 09:02:21.926,1.3827,1.3829,1.00,1.12
2015.06.30 09:02:22.079,1.38269,1.38288,1.00,1.00
2015.06.30 09:02:22.231,1.38268,1.3829,1.00,1.12
2015.06.30 09:02:23.127,1.38271,1.3829,1.00,1.00
2015.06.30 09:02:23.381,1.38269,1.3829,1.00,1.00
2015.06.30 09:02:24.156,1.38272,1.38294,1.00,1.12
2015.06.30 09:02:24.719,1.38271,1.38293,1.00,1.00
2015.06.30 09:02:25.374,1.38269,1.38292,2.25,1.00
2015.06.30 09:02:25.679,1.38271,1.38294,1.00,1.37
2015.06.30 09:02:26.887,1.38273,1.38296,2.25,1.12
2015.06.30 09:02:27.449,1.38273,1.38295,1.00,1.00
2015.06.30 09:02:28.347,1.38273,1.38294,1.00,1.00
2015.06.30 09:02:28.854,1.3827,1.38293,1.00,1.00
2015.06.30 09:02:29.925,1.38272,1.38296,1.87,1.87
2015.06.30 09:02:30.230,1.38271,1.38293,1.00,1.00
2015.06.30 09:02:30.535,1.3827,1.38293,1.00,2.25
2015.06.30 09:02:30.739,1.38267,1.3829,1.00,1.00
2015.06.30 09:02:31.262,1.38266,1.3829,1.00,1.87
2015.06.30 09:02:31.415,1.38265,1.38286,1.00,1.00
2015.06.30 09:02:32.660,1.38266,1.38286,1.00,1.00
2015.06.30 09:02:32.777,1.38268,1.38291,1.00,1.00
2015.06.30 09:02:32.828,1.3827,1.38291,1.00,1.00
2015.06.30 09:02:33.082,1.38273,1.38295,1.00,1.50
2015.06.30 09:02:34.086,1.38275,1.38295,1.00,1.50
2015.06.30 09:02:34.708,1.38274,1.38295,1.00,1.50
2015.06.30 09:02:35.217,1.38275,1.38295,1.00,1.50
2015.06.30 09:02:35.852,1.38274,1.38295,1.00,1.50
2015.06.30 09:02:36.173,1.38301,1.38317,1.00,1.00
2015.06.30 09:02:36.275,1.383,1.3832,1.00,1.00
2015.06.30 09:02:36.479,1.38298,1.3832,1.00,1.00
2015.06.30 09:02:37.066,1.38309,1.38325,1.00,1.00
2015.06.30 09:02:37.117,1.38306,1.38329,1.00,1.00
2015.06.30 09:02:37.320,1.38308,1.38329,1.00,1.00
2015.06.30 09:02:37.371,1.38308,1.38332,1.00,2.25
2015.06.30 09:02:37.778,1.38311,1.38333,1.00,1.00
2015.06.30 09:02:37.829,1.38311,1.38335,1.50,1.50
2015.06.30 09:02:37.880,1.38311,1.38333,1.50,1.00
2015.06.30 09:02:38.355,1.3832,1.38336,1.00,1.00
2015.06.30 09:02:38.406,1.3832,1.38343,1.00,1.87
2015.06.30 09:02:38.459,1.38318,1.38338,1.00,1.00
2015.06.30 09:02:38.662,1.38314,1.38336,1.00,1.00
2015.06.30 09:02:38.865,1.38312,1.38336,1.00,1.00
2015.06.30 09:02:39.069,1.38315,1.38336,1.00,1.00
2015.06.30 09:02:40.555,1.38311,1.38333,1.87,1.00
2015.06.30 09:02:40.861,1.3831,1.38331,1.00,1.00
2015.06.30 09:02:41.512,1.38304,1.38326,1.50,1.00
2015.06.30 09:02:42.019,1.38305,1.38326,1.00,1.00
2015.06.30 09:02:42.376,1.38309,1.38327,1.00,1.00
2015.06.30 09:02:42.427,1.38309,1.38331,1.00,1.00
2015.06.30 09:02:42.964,1.38307,1.38329,1.50,1.00
2015.06.30 09:02:43.470,1.38306,1.38329,1.37,1.50
2015.06.30 09:02:43.724,1.38304,1.38326,1.12,1.00
2015.06.30 09:02:43.979,1.38303,1.38323,1.00,1.00
2015.06.30 09:02:44.520,1.38299,1.38319,2.25,1.00
2015.06.30 09:02:45.081,1.38302,1.38319,1.00,1.00
2015.06.30 09:02:45.335,1.383,1.38319,1.12,1.00
2015.06.30 09:02:45.386,1.383,1.38322,1.12,1.00
2015.06.30 09:02:45.488,1.38303,1.38325,1.00,2.25
2015.06.30 09:02:45.995,1.383,1.38323,1.50,1.00
2015.06.30 09:02:46.452,1.383,1.38316,1.50,1.00
2015.06.30 09:02:46.757,1.38293,1.3831,1.00,1.00
2015.06.30 09:02:47.328,1.38292,1.3831,1.00,1.00
2015.06.30 09:02:47.643,1.38289,1.38309,1.37,1.00
2015.06.30 09:02:48.156,1.38285,1.38307,1.87,1.00
2015.06.30 09:02:48.667,1.38288,1.38307,1.00,1.00
2015.06.30 09:02:48.769,1.38294,1.38306,1.00,1.00
2015.06.30 09:02:48.820,1.38294,1.38308,1.00,1.00
2015.06.30 09:02:48.872,1.38297,1.38311,1.00,1.00
2015.06.30 09:02:49.076,1.38293,1.38309,1.00,1.00
2015.06.30 09:02:49.228,1.3829,1.38309,1.37,1.00
2015.06.30 09:02:49.330,1.3829,1.38306,1.00,1.00
2015.06.30 09:02:49.872,1.38289,1.38306,1.00,1.00
2015.06.30 09:02:49.974,1.38287,1.38305,1.00,1.00
2015.06.30 09:02:50.025,1.38287,1.38307,1.00,1.00
2015.06.30 09:02:50.179,1.38284,1.38307,1.00,1.00
2015.06.30 09:02:50.382,1.38284,1.38303,1.00,1.00
2015.06.30 09:02:51.127,1.38281,1.38296,1.00,1.00
2015.06.30 09:02:51.179,1.38272,1.38295,1.00,1.00
2015.06.30 09:02:51.282,1.38274,1.38295,1.00,1.00
2015.06.30 09:02:51.384,1.38271,1.38294,1.50,1.00
2015.06.30 09:02:51.588,1.38271,1.38294,1.37,1.00
2015.06.30 09:02:51.792,1.38273,1.38296,1.12,1.00
2015.06.30 09:02:53.204,1.38273,1.38294,1.00,1.00
2015.06.30 09:02:53.712,1.38274,1.38294,1.00,1.00
2015.06.30 09:02:54.694,1.38272,1.38294,1.00,1.00
2015.06.30 09:02:55.253,1.38271,1.38294,1.12,1.12
2015.06.30 09:02:55.305,1.38271,1.38292,1.12,1.00
2015.06.30 09:02:55.953,1.3827,1.38292,1.12,1.00
2015.06.30 09:02:56.206,1.38272,1.38295,1.00,1.12
2015.06.30 09:02:57.396,1.38271,1.38295,1.87,1.87
2015.06.30 09:02:57.906,1.38272,1.38295,1.00,1.12
2015.06.30 09:02:58.748,1.38271,1.38295,1.87,1.00
2015.06.30 09:03:00.424,1.3827,1.38293,1.37,1.50
2015.06.30 09:03:00.476,1.38269,1.38293,1.00,1.87
2015.06.30 09:03:00.630,1.38268,1.38291,1.12,1.00
2015.06.30 09:03:01.180,1.38268,1.38292,1.12,1.00
2015.06.30 09:03:01.967,1.38262,1.3828,1.00,1.37
2015.06.30 09:03:02.019,1.3826,1.3828,1.00,1.37
2015.06.30 09:03:02.122,1.38259,1.3828,1.00,1.00
2015.06.30 09:03:02.328,1.38259,1.38276,1.00,1.00
2015.06.30 09:03:02.430,1.38255,1.38274,1.12,1.00
2015.06.30 09:03:02.483,1.38251,1.38274,1.00,1.12
2015.06.30 09:03:02.534,1.38251,1.38272,1.00,1.00
2015.06.30 09:03:02.687,1.38252,1.38274,1.00,1.00
2015.06.30 09:03:03.185,1.38255,1.38276,1.37,1.00
2015.06.30 09:03:03.491,1.3826,1.38282,1.00,1.00
2015.06.30 09:03:03.542,1.3826,1.38276,1.00,1.00
2015.06.30 09:03:03.643,1.38256,1.38273,1.00,1.50
2015.06.30 09:03:03.694,1.3825,1.38273,1.50,1.50
2015.06.30 09:03:03.746,1.3825,1.3827,1.00,1.00
2015.06.30 09:03:04.453,1.38249,1.38264,1.00,1.00
2015.06.30 09:03:04.555,1.38249,1.38266,1.12,1.00
2015.06.30 09:03:04.606,1.38251,1.3827,1.00,1.00
2015.06.30 09:03:04.708,1.38252,1.38274,1.00,1.12
2015.06.30 09:03:04.860,1.38255,1.38274,1.00,1.12
2015.06.30 09:03:05.063,1.38253,1.38274,1.00,1.12
2015.06.30 09:03:06.441,1.38256,1.3828,1.87,1.00
2015.06.30 09:03:06.493,1.38256,1.38277,1.00,1.00
2015.06.30 09:03:06.596,1.38251,1.38274,1.00,1.00
2015.06.30 09:03:06.952,1.38249,1.38273,1.50,1.00
2015.06.30 09:03:07.720,1.38246,1.38269,1.87,1.00
2015.06.30 09:03:08.129,1.38249,1.3827,1.00,1.00
2015.06.30 09:03:08.332,1.38253,1.38278,1.00,1.00
2015.06.30 09:03:08.485,1.38258,1.38278,1.00,1.00
2015.06.30 09:03:09.011,1.38261,1.38278,1.12,1.00
2015.06.30 09:03:09.063,1.38261,1.38283,1.12,1.00
2015.06.30 09:03:09.570,1.38261,1.38284,1.12,2.25
2015.06.30 09:03:09.672,1.38259,1.38284,1.00,2.62
2015.06.30 09:03:10.355,1.38258,1.38283,1.12,1.12
2015.06.30 09:03:11.193,1.38258,1.38283,1.00,1.37
2015.06.30 09:03:12.219,1.38259,1.38282,1.00,1.00
2015.06.30 09:03:13.040,1.38259,1.3828,1.00,1.00
2015.06.30 09:03:13.091,1.38257,1.3828,1.12,1.00
2015.06.30 09:03:14.367,1.38257,1.38276,1.00,1.00
2015.06.30 09:03:14.520,1.38251,1.38274,1.00,1.37
2015.06.30 09:03:14.724,1.38248,1.38271,1.00,1.00
2015.06.30 09:03:14.826,1.38247,1.38271,1.50,1.87
2015.06.30 09:03:15.407,1.38247,1.38269,1.50,1.00
2015.06.30 09:03:15.912,1.38247,1.38268,1.00,1.00
2015.06.30 09:03:16.373,1.38247,1.38265,1.00,1.50
2015.06.30 09:03:16.424,1.38242,1.38265,1.00,1.87
2015.06.30 09:03:16.981,1.38247,1.38265,1.00,1.37
2015.06.30 09:03:17.033,1.38249,1.38269,1.00,1.00
2015.06.30 09:03:17.540,1.3825,1.3827,1.00,1.00
2015.06.30 09:03:18.431,1.38252,1.3827,1.00,1.00
2015.06.30 09:03:18.556,1.38249,1.3827,1.00,1.00
2015.06.30 09:03:19.115,1.3825,1.3827,1.00,1.00
2015.06.30 09:03:20.477,1.38256,1.3827,1.00,1.00
2015.06.30 09:03:20.535,1.38256,1.38277,1.00,1.37
2015.06.30 09:03:20.637,1.38256,1.38274,1.00,1.37
2015.06.30 09:03:20.891,1.3825,1.38269,1.00,1.00
2015.06.30 09:03:21.703,1.38247,1.38266,1.00,1.12
2015.06.30 09:03:22.010,1.38249,1.38266,1.00,1.87
2015.06.30 09:03:22.545,1.3825,1.38266,1.00,1.87
2015.06.30 09:03:23.233,1.38248,1.38268,1.00,1.75
2015.06.30 09:03:23.404,1.3825,1.38268,1.00,1.75
2015.06.30 09:03:23.760,1.38247,1.38268,1.00,1.37
2015.06.30 09:03:24.254,1.38247,1.38268,1.00,2.25
2015.06.30 09:03:24.833,1.3825,1.38267,1.00,1.00
2015.06.30 09:03:24.986,1.3825,1.38269,1.00,1.00
2015.06.30 09:03:25.490,1.38251,1.38269,1.00,1.00
2015.06.30 09:03:25.707,1.38256,1.38269,1.00,1.00
2015.06.30 09:03:26.224,1.38263,1.38279,1.00,1.00
2015.06.30 09:03:26.275,1.38263,1.38284,1.00,1.50
2015.06.30 09:03:26.480,1.38265,1.38284,1.00,1.50
2015.06.30 09:03:26.795,1.38265,1.38281,1.00,1.00
2015.06.30 09:03:26.847,1.3826,1.38281,1.00,1.00
2015.06.30 09:03:26.899,1.3826,1.38278,1.00,1.00
2015.06.30 09:03:27.052,1.38255,1.38275,1.00,1.12
2015.06.30 09:03:27.590,1.38251,1.38273,1.00,1.37
2015.06.30 09:03:27.895,1.38251,1.3827,1.00,1.00
2015.06.30 09:03:28.416,1.38252,1.3827,1.00,1.00
2015.06.30 09:03:28.569,1.3825,1.38273,1.00,1.37
2015.06.30 09:03:29.152,1.38244,1.38264,1.00,1.00
2015.06.30 09:03:29.354,1.38242,1.38263,1.00,1.00
2015.06.30 09:03:30.584,1.38246,1.38266,1.37,1.50
2015.06.30 09:03:30.636,1.38251,1.3827,1.12,1.00
2015.06.30 09:03:31.177,1.3825,1.3827,1.00,1.00
2015.06.30 09:03:31.916,1.38249,1.3827,1.12,1.50
2015.06.30 09:03:32.422,1.3825,1.3827,1.00,1.50
2015.06.30 09:03:32.576,1.38254,1.3827,1.00,1.50
2015.06.30 09:03:32.678,1.38257,1.38274,1.12,1.00
2015.06.30 09:03:32.780,1.38258,1.38278,1.00,1.00
2015.06.30 09:03:34.048,1.38254,1.38274,1.00,1.00
2015.06.30 09:03:34.404,1.3826,1.38275,1.00,1.00
2015.06.30 09:03:35.169,1.38259,1.38273,1.00,1.00
2015.06.30 09:03:35.323,1.38259,1.38275,1.50,1.00
2015.06.30 09:03:35.782,1.38259,1.38278,1.50,1.00
2015.06.30 09:03:36.086,1.38255,1.38275,2.25,1.00
2015.06.30 09:03:36.602,1.38255,1.38274,1.00,1.50
2015.06.30 09:03:36.653,1.38251,1.38274,1.00,1.50
2015.06.30 09:03:37.101,1.38251,1.3827,1.50,1.00
2015.06.30 09:03:37.409,1.38251,1.38272,1.00,1.12
2015.06.30 09:03:37.460,1.38251,1.3827,1.00,1.00
2015.06.30 09:03:37.511,1.38249,1.3827,1.00,1.00
2015.06.30 09:03:38.102,1.38251,1.38274,1.00,1.50
2015.06.30 09:03:38.205,1.38248,1.38272,2.25,1.00
2015.06.30 09:03:38.307,1.38248,1.38269,1.50,1.00
2015.06.30 09:03:38.510,1.38244,1.38269,1.00,2.25
2015.06.30 09:03:39.401,1.38244,1.38268,1.00,1.00
2015.06.30 09:03:39.797,1.38243,1.38266,1.00,1.00
2015.06.30 09:03:40.102,1.3825,1.38266,1.00,1.00
2015.06.30 09:03:40.848,1.3825,1.38267,1.00,1.00
2015.06.30 09:03:40.899,1.3825,1.38273,1.00,2.25
2015.06.30 09:03:41.001,1.38254,1.38273,1.00,1.50
2015.06.30 09:03:41.103,1.38252,1.38273,1.12,1.50
2015.06.30 09:03:41.460,1.38253,1.38268,1.00,1.00
2015.06.30 09:03:41.511,1.38251,1.38268,1.50,1.00
2015.06.30 09:03:42.317,1.38249,1.38269,1.00,1.00
2015.06.30 09:03:42.773,1.38248,1.38266,1.00,1.00
2015.06.30 09:03:43.027,1.38242,1.38262,1.50,1.00
2015.06.30 09:03:43.130,1.38239,1.38262,2.62,1.50
2015.06.30 09:03:43.181,1.38242,1.38262,1.00,1.50
2015.06.30 09:03:43.684,1.38242,1.3826,1.50,1.00
2015.06.30 09:03:44.098,1.38244,1.38263,1.00,1.00
2015.06.30 09:03:44.149,1.38242,1.38263,3.37,1.00
2015.06.30 09:03:44.302,1.38244,1.38265,1.00,1.00
2015.06.30 09:03:45.243,1.38243,1.38265,1.00,1.00
2015.06.30 09:03:45.750,1.38243,1.38264,1.00,1.00
2015.06.30 09:03:46.105,1.38242,1.38264,1.00,1.37
2015.06.30 09:03:47.291,1.38237,1.38257,1.00,1.00
2015.06.30 09:03:47.979,1.3824,1.38257,1.00,1.00
2015.06.30 09:03:48.712,1.3824,1.38258,1.50,1.00
2015.06.30 09:03:48.818,1.3824,1.3826,1.50,1.00
2015.06.30 09:03:49.329,1.38241,1.3826,1.00,1.00
2015.06.30 09:03:49.532,1.38244,1.3826,1.00,1.00
2015.06.30 09:03:50.568,1.38242,1.38257,1.00,1.00
2015.06.30 09:03:50.974,1.38239,1.38256,1.50,1.00
2015.06.30 09:03:51.127,1.38239,1.38253,1.00,1.00
2015.06.30 09:03:51.586,1.38238,1.38256,1.00,1.00
2015.06.30 09:03:52.132,1.38239,1.38256,1.00,1.00
2015.06.30 09:03:52.596,1.38239,1.38259,1.87,1.00
2015.06.30 09:03:52.698,1.38242,1.38258,1.00,1.00
2015.06.30 09:03:53.522,1.38232,1.38248,1.00,1.00
2015.06.30 09:03:53.979,1.3823,1.38248,1.00,1.00
2015.06.30 09:03:55.225,1.3823,1.38249,1.00,1.00
2015.06.30 09:03:55.277,1.38233,1.38249,1.00,1.00
2015.06.30 09:03:55.884,1.38233,1.38251,1.00,1.00
2015.06.30 09:03:56.766,1.38234,1.38251,1.50,1.50
2015.06.30 09:03:56.870,1.38234,1.38253,1.50,1.00
2015.06.30 09:03:57.023,1.38236,1.38252,1.00,1.00
2015.06.30 09:03:57.327,1.38243,1.38254,1.00,1.50
2015.06.30 09:03:57.429,1.38241,1.38257,1.00,1.00
2015.06.30 09:03:58.028,1.38239,1.38253,1.00,1.12
2015.06.30 09:03:58.085,1.38237,1.38253,1.00,1.12
2015.06.30 09:03:58.390,1.38237,1.38251,1.00,1.00
2015.06.30 09:03:58.797,1.38243,1.38252,1.00,1.00
2015.06.30 09:04:00.082,1.38247,1.38263,1.00,1.50
2015.06.30 09:04:00.133,1.38244,1.38263,1.50,1.00
2015.06.30 09:04:00.184,1.38244,1.3826,1.50,1.00
2015.06.30 09:04:00.693,1.38244,1.38259,1.00,1.00
2015.06.30 09:04:01.927,1.38244,1.38258,1.00,1.00
2015.06.30 09:04:02.334,1.38241,1.38258,1.00,1.00
2015.06.30 09:04:02.847,1.38241,1.38259,1.00,1.00
2015.06.30 09:04:03.388,1.38242,1.38259,1.00,1.00
2015.06.30 09:04:03.439,1.38244,1.38259,1.00,1.00
2015.06.30 09:04:03.744,1.38247,1.38259,1.00,1.00
2015.06.30 09:04:03.795,1.38247,1.38261,1.00,1.00
2015.06.30 09:04:06.243,1.38246,1.38261,1.00,1.00
2015.06.30 09:04:06.777,1.38245,1.38261,1.00,1.00
2015.06.30 09:04:06.931,1.38242,1.38261,1.00,1.00
2015.06.30 09:04:07.195,1.38241,1.38255,1.00,1.00
2015.06.30 09:04:07.248,1.38238,1.38255,1.00,1.00
2015.06.30 09:04:07.299,1.38232,1.38252,1.00,1.12
2015.06.30 09:04:07.984,1.38231,1.38252,1.00,1.95
2015.06.30 09:04:08.339,1.38233,1.38252,1.00,1.12
2015.06.30 09:04:08.441,1.38227,1.3825,1.87,1.00
2015.06.30 09:04:08.543,1.38225,1.38246,1.00,1.12
2015.06.30 09:04:09.249,1.3822,1.38241,1.50,1.37
2015.06.30 09:04:10.019,1.38221,1.3824,1.00,1.00
2015.06.30 09:04:10.697,1.38221,1.38239,1.50,1.00
2015.06.30 09:04:10.853,1.38217,1.38236,1.00,1.00
2015.06.30 09:04:11.006,1.38213,1.38235,1.50,1.37
2015.06.30 09:04:11.108,1.38213,1.38235,1.50,1.50
2015.06.30 09:04:11.412,1.38211,1.38228,1.50,1.00
2015.06.30 09:04:12.526,1.3821,1.38228,1.50,1.00
2015.06.30 09:04:12.577,1.3821,1.38231,1.50,1.00
2015.06.30 09:04:12.940,1.38212,1.38232,1.00,1.00
2015.06.30 09:04:13.295,1.38212,1.38232,1.00,1.37
2015.06.30 09:04:13.346,1.3821,1.38232,1.50,1.87
2015.06.30 09:04:13.917,1.3821,1.38229,1.50,1.00
2015.06.30 09:04:14.288,1.38208,1.38232,1.00,3.75
2015.06.30 09:04:14.460,1.38208,1.38227,1.00,1.00
2015.06.30 09:04:15.593,1.38198,1.38215,1.00,1.37
2015.06.30 09:04:15.754,1.38194,1.38217,1.00,2.62
2015.06.30 09:04:16.060,1.38193,1.3821,1.00,1.00
2015.06.30 09:04:16.162,1.38189,1.3821,1.00,1.00
2015.06.30 09:04:16.755,1.38195,1.38213,1.00,1.00
2015.06.30 09:04:16.807,1.38195,1.38216,1.87,1.00
2015.06.30 09:04:16.909,1.38198,1.38216,1.87,1.00
2015.06.30 09:04:17.215,1.38199,1.38209,1.00,1.37
2015.06.30 09:04:17.268,1.38185,1.38208,1.50,1.37
2015.06.30 09:04:17.319,1.38186,1.3821,1.12,1.50
2015.06.30 09:04:17.371,1.38188,1.3821,1.00,1.50
2015.06.30 09:04:17.423,1.38186,1.3821,1.87,1.50
2015.06.30 09:04:17.962,1.38189,1.38211,1.00,1.20
2015.06.30 09:04:18.273,1.38187,1.38209,1.00,1.00
2015.06.30 09:04:18.681,1.38187,1.38207,1.00,1.00
2015.06.30 09:04:19.513,1.38187,1.38207,1.00,1.37
2015.06.30 09:04:19.568,1.38182,1.38204,1.50,1.12
2015.06.30 09:04:19.822,1.38183,1.38207,2.25,1.00
2015.06.30 09:04:19.875,1.38186,1.38208,1.00,1.00
2015.06.30 09:04:20.385,1.38186,1.38209,1.50,1.00
2015.06.30 09:04:20.989,1.38188,1.38211,1.00,1.37
2015.06.30 09:04:23.124,1.38188,1.38212,1.50,1.87
2015.06.30 09:04:23.828,1.38193,1.38213,1.00,1.00
2015.06.30 09:04:23.879,1.38191,1.38213,1.00,1.00
2015.06.30 09:04:24.658,1.38193,1.38214,1.00,1.37
2015.06.30 09:04:25.892,1.38193,1.38216,1.00,1.87
2015.06.30 09:04:26.593,1.38192,1.38215,1.00,1.37
2015.06.30 09:04:26.898,1.38191,1.38213,1.00,1.37
2015.06.30 09:04:27.462,1.38189,1.38212,1.00,1.12
2015.06.30 09:04:27.896,1.38189,1.3821,1.00,1.00
2015.06.30 09:04:28.437,1.38189,1.38209,1.00,1.00
2015.06.30 09:04:29.069,1.38189,1.38212,1.00,1.12
2015.06.30 09:04:29.120,1.38189,1.38209,1.00,1.00
2015.06.30 09:04:29.425,1.38186,1.38208,1.00,1.12
2015.06.30 09:04:29.527,1.38186,1.38207,1.00,1.37
2015.06.30 09:04:30.535,1.38193,1.38205,1.00,1.00
2015.06.30 09:04:30.586,1.38193,1.38214,1.00,1.87
2015.06.30 09:04:30.841,1.38193,1.38215,1.37,1.12
2015.06.30 09:04:31.358,1.38195,1.38216,1.00,1.37
2015.06.30 09:04:31.899,1.38195,1.38216,1.00,1.12
2015.06.30 09:04:32.401,1.38193,1.38215,1.00,1.00
2015.06.30 09:04:33.004,1.38193,1.38213,1.00,1.00
2015.06.30 09:04:33.491,1.38193,1.38206,1.00,1.00
2015.06.30 09:04:33.542,1.38184,1.38206,1.50,1.37
2015.06.30 09:04:35.227,1.38184,1.38208,2.25,1.87
2015.06.30 09:04:36.335,1.38186,1.38207,1.00,1.37
2015.06.30 09:04:36.864,1.38193,1.38207,1.00,1.00
2015.06.30 09:04:36.916,1.38194,1.38213,1.00,1.00
2015.06.30 09:04:39.250,1.38194,1.38212,1.00,1.00
2015.06.30 09:04:39.309,1.38184,1.38206,1.00,1.75
2015.06.30 09:04:39.667,1.38185,1.38206,1.00,1.12
2015.06.30 09:04:39.771,1.38187,1.38209,1.00,1.37
2015.06.30 09:04:39.925,1.38193,1.38213,1.00,1.50
2015.06.30 09:04:40.566,1.38193,1.38215,1.00,1.00
2015.06.30 09:04:41.148,1.38193,1.38216,1.50,1.50
2015.06.30 09:04:43.341,1.38192,1.38215,1.50,1.37
2015.06.30 09:04:43.864,1.38189,1.38205,1.37,1.00
2015.06.30 09:04:43.916,1.38183,1.38205,1.00,1.87
2015.06.30 09:04:44.018,1.38181,1.38203,1.00,1.50
2015.06.30 09:04:45.288,1.3818,1.38201,1.00,1.37
2015.06.30 09:04:45.340,1.38175,1.38198,1.50,1.00
2015.06.30 09:04:45.441,1.38179,1.38199,1.00,1.37
2015.06.30 09:04:45.696,1.38179,1.38203,1.50,3.37
2015.06.30 09:04:46.565,1.3818,1.38203,1.00,1.87
2015.06.30 09:04:46.667,1.38182,1.38203,1.00,1.50
2015.06.30 09:04:47.042,1.38184,1.38206,1.00,1.37
2015.06.30 09:04:47.671,1.38184,1.38206,1.00,1.50
2015.06.30 09:04:48.683,1.38185,1.38206,1.00,1.12
2015.06.30 09:04:48.886,1.3819,1.38213,1.50,1.10
2015.06.30 09:04:49.669,1.38192,1.38214,1.12,1.00
2015.06.30 09:04:49.883,1.3819,1.38214,2.25,1.12
2015.06.30 09:04:50.086,1.3819,1.38214,1.50,2.25
2015.06.30 09:04:50.188,1.38188,1.38211,1.00,1.50
2015.06.30 09:04:50.391,1.38187,1.3821,1.00,1.50
2015.06.30 09:04:51.405,1.38187,1.38209,1.00,1.50
2015.06.30 09:04:51.711,1.38192,1.3821,1.00,1.00
2015.06.30 09:04:51.762,1.38194,1.38213,1.00,1.00
2015.06.30 09:04:51.864,1.38197,1.38218,1.00,1.12
2015.06.30 09:04:51.915,1.38197,1.38216,1.00,1.00
2015.06.30 09:04:53.155,1.38198,1.3822,1.00,1.37
2015.06.30 09:04:53.579,1.38198,1.38222,1.87,2.62
2015.06.30 09:04:53.680,1.382,1.38222,1.00,1.87
2015.06.30 09:04:54.525,1.38198,1.38218,1.00,1.12
2015.06.30 09:04:54.578,1.38196,1.38218,2.25,1.12
2015.06.30 09:04:55.188,1.38196,1.38218,2.25,1.37
2015.06.30 09:04:55.442,1.38198,1.3822,1.00,1.37
2015.06.30 09:04:55.965,1.38201,1.38223,1.00,2.25
2015.06.30 09:04:56.715,1.38201,1.38223,1.00,2.25
2015.06.30 09:04:57.003,1.38199,1.38219,1.00,1.12
2015.06.30 09:04:57.552,1.38201,1.38223,1.00,1.50
2015.06.30 09:04:58.070,1.38201,1.38225,1.00,1.50
2015.06.30 09:04:58.375,1.38192,1.38216,1.00,1.50
2015.06.30 09:04:58.426,1.38192,1.38216,1.00,2.25
2015.06.30 09:04:58.997,1.38193,1.38215,1.00,1.50
2015.06.30 09:04:59.276,1.38197,1.38216,1.00,1.75
2015.06.30 09:04:59.327,1.38197,1.38216,1.00,1.00
2015.06.30 09:04:59.378,1.38199,1.38218,1.00,1.00
2015.06.30 09:04:59.683,1.38204,1.38226,1.00,2.25
2015.06.30 09:05:00.231,1.38207,1.38226,1.00,1.37
2015.06.30 09:05:00.333,1.38209,1.38226,1.00,1.00
2015.06.30 09:05:00.385,1.38209,1.38229,1.00,1.10
2015.06.30 09:05:00.436,1.38209,1.38231,1.00,1.50
2015.06.30 09:05:00.487,1.38213,1.38233,1.00,1.50
2015.06.30 09:05:01.910,1.38213,1.38233,1.00,1.50
2015.06.30 09:05:02.423,1.38212,1.38233,1.50,1.50
2015.06.30 09:05:03.433,1.38212,1.38233,1.00,1.75
2015.06.30 09:05:03.628,1.38213,1.38233,1.00,1.50
2015.06.30 09:05:03.831,1.38215,1.38236,1.00,1.75
2015.06.30 09:05:04.856,1.38217,1.38237,1.00,1.37
2015.06.30 09:05:04.958,1.38218,1.38239,1.00,1.10
2015.06.30 09:05:05.010,1.38223,1.38241,1.00,1.37
2015.06.30 09:05:05.152,1.38224,1.38244,1.50,1.00
2015.06.30 09:05:05.254,1.38229,1.38244,1.37,1.00
2015.06.30 09:05:05.305,1.3823,1.38247,1.37,1.00
2015.06.30 09:05:05.356,1.38234,1.38247,1.50,1.00
2015.06.30 09:05:05.408,1.38236,1.38254,1.00,1.00
2015.06.30 09:05:05.459,1.3824,1.38256,1.00,1.00
2015.06.30 09:05:05.510,1.3824,1.38258,1.00,1.50
2015.06.30 09:05:06.619,1.38239,1.38259,1.37,1.50
2015.06.30 09:05:06.671,1.38238,1.38254,1.00,1.00
2015.06.30 09:05:06.823,1.38237,1.38257,1.00,1.12
2015.06.30 09:05:06.874,1.38233,1.38257,1.12,1.12
2015.06.30 09:05:07.428,1.38233,1.38257,1.00,1.37
2015.06.30 09:05:08.320,1.38232,1.38255,2.62,1.00
2015.06.30 09:05:08.524,1.38234,1.38257,1.00,1.37
2015.06.30 09:05:08.883,1.38236,1.38258,1.00,1.37
2015.06.30 09:05:08.935,1.38236,1.38259,1.12,1.50
2015.06.30 09:05:09.459,1.38239,1.38261,1.00,1.37
2015.06.30 09:05:09.561,1.3824,1.38262,1.00,1.00
2015.06.30 09:05:09.663,1.38242,1.38265,1.00,1.37
2015.06.30 09:05:09.816,1.38238,1.38262,1.37,1.50
2015.06.30 09:05:09.969,1.38237,1.3826,1.50,1.00
2015.06.30 09:05:10.861,1.38237,1.38259,1.00,1.00
2015.06.30 09:05:11.642,1.38237,1.3826,1.50,1.00
2015.06.30 09:05:12.629,1.38237,1.38259,1.00,1.00
2015.06.30 09:05:13.616,1.38234,1.38253,1.37,1.00
2015.06.30 09:05:13.826,1.38231,1.38254,1.87,1.37
2015.06.30 09:05:14.363,1.38233,1.38255,1.00,1.37
2015.06.30 09:05:14.465,1.38237,1.38255,1.00,1.00
2015.06.30 09:05:14.617,1.38238,1.38261,1.37,1.00
2015.06.30 09:05:14.718,1.38241,1.38264,1.00,1.00
2015.06.30 09:05:15.672,1.38241,1.38264,1.00,1.00
2015.06.30 09:05:16.027,1.38241,1.38264,1.00,1.12
2015.06.30 09:05:16.382,1.38241,1.38264,1.00,2.49
2015.06.30 09:05:16.535,1.38233,1.38258,1.12,2.25
2015.06.30 09:05:17.173,1.38231,1.38248,1.00,1.50
2015.06.30 09:05:17.224,1.38222,1.38248,2.25,1.50
2015.06.30 09:05:17.529,1.38221,1.38245,1.50,1.50
2015.06.30 09:05:17.834,1.38224,1.38245,1.00,1.00
2015.06.30 09:05:17.935,1.38226,1.38248,1.12,1.00
2015.06.30 09:05:18.037,1.38226,1.3825,1.87,1.00
2015.06.30 09:05:19.260,1.38238,1.38252,1.00,1.00
2015.06.30 09:05:19.321,1.38238,1.38257,1.00,1.00
2015.06.30 09:05:20.007,1.38238,1.38258,1.00,1.00
2015.06.30 09:05:21.109,1.38238,1.38259,1.00,1.00
2015.06.30 09:05:21.464,1.38238,1.38261,1.50,1.00
2015.06.30 09:05:21.515,1.38242,1.38263,1.00,1.50
2015.06.30 09:05:22.443,1.38242,1.38264,1.00,1.50
2015.06.30 09:05:22.823,1.38242,1.38257,1.00,1.00
2015.06.30 09:05:23.052,1.38242,1.38261,1.00,1.00
2015.06.30 09:05:23.205,1.3824,1.38261,1.00,1.00
2015.06.30 09:05:24.085,1.38242,1.38261,1.00,1.00
2015.06.30 09:05:24.136,1.3824,1.3826,1.00,1.00
2015.06.30 09:05:24.187,1.3824,1.38264,1.10,1.87
2015.06.30 09:05:24.390,1.38242,1.38264,1.00,1.37
2015.06.30 09:05:24.897,1.3824,1.38264,1.00,1.87
2015.06.30 09:05:24.948,1.38236,1.38259,2.62,1.00
2015.06.30 09:05:25.457,1.38241,1.38264,1.00,1.37
2015.06.30 09:05:25.610,1.38243,1.38264,1.00,1.00
2015.06.30 09:05:26.131,1.38244,1.38264,1.00,1.00
2015.06.30 09:05:26.939,1.38243,1.38266,1.00,1.87
2015.06.30 09:05:27.447,1.38242,1.38262,1.00,1.00
2015.06.30 09:05:28.154,1.38249,1.38271,1.00,2.25
2015.06.30 09:05:28.917,1.38249,1.38274,1.50,2.25
2015.06.30 09:05:29.613,1.3825,1.38274,1.00,1.37
2015.06.30 09:05:29.918,1.3825,1.38274,1.00,2.25
2015.06.30 09:05:31.816,1.38249,1.3827,1.00,1.00
2015.06.30 09:05:32.758,1.38248,1.3827,1.00,1.00
2015.06.30 09:05:32.859,1.38246,1.3827,1.95,1.50
2015.06.30 09:05:39.289,1.38251,1.3827,1.00,1.50
2015.06.30 09:05:39.595,1.38259,1.3828,1.00,1.00
2015.06.30 09:05:39.950,1.38259,1.38282,1.00,1.00
2015.06.30 09:05:40.551,1.3826,1.38283,1.00,1.50
2015.06.30 09:05:40.935,1.38258,1.38281,1.50,1.00
2015.06.30 09:05:41.450,1.38258,1.3828,1.00,1.00
2015.06.30 09:05:42.164,1.38258,1.38281,1.50,1.00
2015.06.30 09:05:42.920,1.38259,1.38282,1.00,1.50
2015.06.30 09:05:44.521,1.38256,1.38268,1.00,1.12
2015.06.30 09:05:44.572,1.38242,1.38264,1.10,1.00
2015.06.30 09:05:44.775,1.3824,1.38264,1.50,1.50
2015.06.30 09:05:45.292,1.38241,1.38264,1.00,1.00
2015.06.30 09:05:45.878,1.38241,1.38265,1.87,1.50
2015.06.30 09:05:45.930,1.38245,1.38267,1.00,1.00
2015.06.30 09:05:46.235,1.38245,1.38265,1.00,1.00
2015.06.30 09:05:46.773,1.38245,1.38266,1.00,1.00
2015.06.30 09:05:47.293,1.38245,1.38267,1.00,1.12
2015.06.30 09:05:47.803,1.38245,1.38266,1.00,1.00
2015.06.30 09:05:48.061,1.38241,1.38264,1.00,2.25
2015.06.30 09:05:48.164,1.38242,1.38261,1.00,1.00
2015.06.30 09:05:48.216,1.3824,1.38261,1.00,1.00
2015.06.30 09:05:48.318,1.38241,1.38263,1.00,1.00
2015.06.30 09:05:48.801,1.38247,1.38264,1.00,1.00
2015.06.30 09:05:48.853,1.38251,1.38271,1.00,1.50
2015.06.30 09:05:49.361,1.38251,1.38272,1.00,1.00
2015.06.30 09:05:50.272,1.38251,1.38271,1.00,1.00
2015.06.30 09:05:50.475,1.38248,1.3827,1.00,1.00
2015.06.30 09:05:50.888,1.38248,1.38268,1.00,1.00
2015.06.30 09:05:51.532,1.38248,1.38258,1.00,1.00
2015.06.30 09:05:51.584,1.3824,1.38258,1.00,1.00
2015.06.30 09:05:52.211,1.3824,1.38257,1.00,1.00
2015.06.30 09:05:52.948,1.3824,1.38259,1.00,1.00
2015.06.30 09:05:53.687,1.3824,1.38261,1.00,1.00
2015.06.30 09:05:54.544,1.3824,1.38262,1.00,1.00
2015.06.30 09:05:54.596,1.38243,1.38262,1.00,1.00
2015.06.30 09:05:54.800,1.38244,1.38265,1.37,1.00
2015.06.30 09:05:54.851,1.38244,1.38267,1.37,1.50
2015.06.30 09:05:54.902,1.38249,1.38269,1.00,1.00
2015.06.30 09:05:55.206,1.38252,1.38271,1.00,1.50
2015.06.30 09:05:56.377,1.38249,1.38271,1.50,1.00
2015.06.30 09:05:58.015,1.38249,1.3827,1.00,1.00
2015.06.30 09:05:58.076,1.38249,1.38268,1.12,1.00
2015.06.30 09:05:58.330,1.38247,1.38267,1.12,1.00
2015.06.30 09:05:58.584,1.38247,1.38265,1.00,1.00
2015.06.30 09:05:59.462,1.38248,1.38266,1.00,1.00
2015.06.30 09:05:59.717,1.38242,1.38264,1.00,1.87
2015.06.30 09:05:59.821,1.3824,1.38264,1.00,2.62
2015.06.30 09:05:59.932,1.3824,1.38261,1.00,1.00
2015.06.30 09:06:00.342,1.3824,1.38258,1.00,1.00
2015.06.30 09:06:00.918,1.38239,1.38258,1.50,1.00
2015.06.30 09:06:01.692,1.3824,1.38258,1.00,1.00
2015.06.30 09:06:03.203,1.3824,1.38257,1.00,1.00
2015.06.30 09:06:03.431,1.38241,1.38259,1.00,1.00
2015.06.30 09:06:04.345,1.38241,1.3826,1.00,1.00
2015.06.30 09:06:05.850,1.38241,1.38259,1.00,1.00
2015.06.30 09:06:06.368,1.3824,1.38259,1.00,1.00
2015.06.30 09:06:06.875,1.3824,1.38258,1.00,1.00
2015.06.30 09:06:07.379,1.3824,1.38259,1.00,1.00
2015.06.30 09:06:07.915,1.3824,1.3826,1.00,1.00
2015.06.30 09:06:07.972,1.3824,1.38258,1.00,1.00
2015.06.30 09:06:08.379,1.3824,1.38256,1.00,1.00
2015.06.30 09:06:09.302,1.38239,1.38257,1.00,1.00
2015.06.30 09:06:09.624,1.38243,1.38259,1.00,1.00
2015.06.30 09:06:10.328,1.38243,1.38258,1.00,1.00
2015.06.30 09:06:11.548,1.38239,1.38257,1.00,1.50
2015.06.30 09:06:11.600,1.38229,1.38251,1.00,1.00
2015.06.30 09:06:11.702,1.38227,1.38251,1.00,1.00
2015.06.30 09:06:12.203,1.38227,1.38252,1.00,3.00
2015.06.30 09:06:13.126,1.38227,1.38251,1.00,1.00
2015.06.30 09:06:13.653,1.38228,1.38251,1.00,1.00
2015.06.30 09:06:14.570,1.38227,1.38251,1.00,1.00
2015.06.30 09:06:16.181,1.38228,1.38251,1.00,1.00
2015.06.30 09:06:16.694,1.38228,1.38252,1.00,1.50
2015.06.30 09:06:17.776,1.38231,1.38252,1.00,1.50
2015.06.30 09:06:19.650,1.38238,1.38262,1.50,2.70
2015.06.30 09:06:19.853,1.38238,1.3826,1.00,1.00
2015.06.30 09:06:21.216,1.38238,1.38259,1.00,1.00
2015.06.30 09:06:21.369,1.38232,1.38254,1.10,1.12
2015.06.30 09:06:21.471,1.3823,1.38253,1.00,1.87
2015.06.30 09:06:21.573,1.3823,1.3825,1.00,1.00
2015.06.30 09:06:21.625,1.38228,1.3825,1.00,1.00
2015.06.30 09:06:22.325,1.3823,1.3825,1.00,1.00
2015.06.30 09:06:23.144,1.38231,1.3825,1.00,1.12
2015.06.30 09:06:24.361,1.38231,1.38253,1.00,1.12
2015.06.30 09:06:24.427,1.38233,1.38255,1.00,1.50
2015.06.30 09:06:24.733,1.38239,1.38255,1.00,1.00
2015.06.30 09:06:24.784,1.38239,1.38261,1.00,1.87
2015.06.30 09:06:24.937,1.38242,1.38261,1.00,1.00
2015.06.30 09:06:24.988,1.38242,1.38265,1.12,1.50
2015.06.30 09:06:25.519,1.38246,1.38265,1.12,1.00
2015.06.30 09:06:25.773,1.38244,1.38267,1.12,1.00
2015.06.30 09:06:25.824,1.38249,1.38268,1.00,1.00
2015.06.30 09:06:27.232,1.38247,1.38268,1.00,1.00
2015.06.30 09:06:27.283,1.38247,1.38266,1.00,1.12
2015.06.30 09:06:27.334,1.38243,1.38266,1.50,2.25
2015.06.30 09:06:27.386,1.38243,1.38262,1.00,1.00
2015.06.30 09:06:27.438,1.3824,1.38262,1.00,1.00
2015.06.30 09:06:27.984,1.38239,1.3826,1.00,1.00
2015.06.30 09:06:28.491,1.3824,1.38261,1.00,1.00
2015.06.30 09:06:28.795,1.38244,1.38265,1.00,1.37
2015.06.30 09:06:28.846,1.38244,1.38265,1.00,1.37
2015.06.30 09:06:29.423,1.38244,1.3826,1.00,1.00
2015.06.30 09:06:29.475,1.38235,1.38255,1.00,1.00
2015.06.30 09:06:29.678,1.38232,1.38254,1.12,1.00
2015.06.30 09:06:29.779,1.38232,1.38248,1.12,1.00
2015.06.30 09:06:29.881,1.38229,1.38248,1.00,1.00
2015.06.30 09:06:30.084,1.38227,1.38247,1.00,1.00
2015.06.30 09:06:30.805,1.38226,1.38247,1.50,1.00
2015.06.30 09:06:30.958,1.38223,1.38247,2.25,1.00
2015.06.30 09:06:31.212,1.38223,1.38245,1.00,1.00
2015.06.30 09:06:31.530,1.38221,1.38244,1.00,1.00
2015.06.30 09:06:31.581,1.38223,1.38244,1.50,1.00
2015.06.30 09:06:32.207,1.38223,1.38245,1.50,1.00
2015.06.30 09:06:34.601,1.38223,1.38241,1.50,1.00
2015.06.30 09:06:34.703,1.38218,1.38241,3.00,1.12
2015.06.30 09:06:34.806,1.3822,1.38243,1.00,1.37
2015.06.30 09:06:35.414,1.38222,1.38245,1.00,2.62
2015.06.30 09:06:35.719,1.38219,1.38241,1.00,1.12
2015.06.30 09:06:35.923,1.38219,1.3824,1.00,1.37
2015.06.30 09:06:36.126,1.38212,1.38238,3.75,1.87
2015.06.30 09:06:36.697,1.38222,1.38238,1.00,1.37
2015.06.30 09:06:36.751,1.38222,1.38242,1.00,1.37
2015.06.30 09:06:36.802,1.38218,1.3824,1.00,1.00
2015.06.30 09:06:37.005,1.38221,1.38244,1.00,1.37
2015.06.30 09:06:37.056,1.38221,1.38244,1.12,1.00
2015.06.30 09:06:37.259,1.38223,1.38244,1.00,1.00
2015.06.30 09:06:38.589,1.38228,1.38248,1.50,1.00
2015.06.30 09:06:38.640,1.38228,1.38251,1.50,1.00
2015.06.30 09:06:38.921,1.38228,1.38247,1.12,1.00
2015.06.30 09:06:39.228,1.3822,1.38239,1.00,1.12
2015.06.30 09:06:39.748,1.38218,1.3824,1.00,2.62
2015.06.30 09:06:40.053,1.3822,1.3824,1.00,1.12
2015.06.30 09:06:40.576,1.38219,1.38242,1.00,1.37
2015.06.30 09:06:41.153,1.38218,1.38242,1.50,1.37
2015.06.30 09:06:41.204,1.38216,1.3824,1.87,1.87
2015.06.30 09:06:41.374,1.38216,1.3824,1.50,1.87
2015.06.30 09:06:41.732,1.38216,1.3824,2.62,1.80
2015.06.30 09:06:42.718,1.38217,1.3824,1.37,1.12
2015.06.30 09:06:44.540,1.38216,1.38237,1.50,1.00
2015.06.30 09:06:44.643,1.38215,1.38236,1.12,1.12
2015.06.30 09:06:44.745,1.38212,1.38235,1.37,1.37
2015.06.30 09:06:45.054,1.38215,1.38236,1.00,1.12
2015.06.30 09:06:45.105,1.38212,1.38236,1.87,1.87
2015.06.30 09:06:45.258,1.38214,1.38237,1.00,1.37
2015.06.30 09:06:45.895,1.38214,1.38233,1.00,1.00
2015.06.30 09:06:45.997,1.38212,1.38235,1.50,1.00
2015.06.30 09:06:46.258,1.38212,1.38235,2.25,1.00
2015.06.30 09:06:46.614,1.38212,1.38232,3.00,1.00
2015.06.30 09:06:46.969,1.38214,1.38234,1.37,1.00
2015.06.30 09:06:47.562,1.3821,1.38233,4.12,1.00
2015.06.30 09:06:47.867,1.38209,1.38232,1.12,1.50
2015.06.30 09:06:47.918,1.38209,1.3823,1.12,1.00
2015.06.30 09:06:48.882,1.38207,1.38229,1.37,1.00
2015.06.30 09:06:49.186,1.38208,1.38229,1.37,1.37
2015.06.30 09:06:49.491,1.38208,1.38229,1.37,1.00
2015.06.30 09:06:50.233,1.3821,1.38233,1.50,1.87
2015.06.30 09:06:50.539,1.38211,1.38235,3.00,2.62
2015.06.30 09:06:51.056,1.38214,1.38235,1.37,1.87
2015.06.30 09:06:52.811,1.38213,1.38235,1.37,1.87
2015.06.30 09:06:54.239,1.38213,1.38235,1.50,1.87
2015.06.30 09:06:54.362,1.38213,1.38235,1.37,1.87
2015.06.30 09:06:56.507,1.38213,1.38235,1.37,1.87
2015.06.30 09:06:57.954,1.38215,1.38239,1.37,3.37
2015.06.30 09:06:58.259,1.38217,1.38241,1.37,1.87
2015.06.30 09:06:58.680,1.38217,1.38241,3.00,1.87
2015.06.30 09:06:59.632,1.38214,1.38236,1.50,1.37
2015.06.30 09:07:00.315,1.38214,1.38237,2.25,1.87
2015.06.30 09:07:00.994,1.38214,1.38236,1.50,1.87
2015.06.30 09:07:01.101,1.38213,1.38236,1.87,1.00
2015.06.30 09:07:01.203,1.38213,1.38236,1.50,1.00
2015.06.30 09:07:01.711,1.38212,1.38235,1.50,1.00
2015.06.30 09:07:01.813,1.38212,1.38233,1.50,1.00
2015.06.30 09:07:02.390,1.38211,1.38231,1.37,1.12
2015.06.30 09:07:02.905,1.38209,1.3823,1.37,1.00
2015.06.30 09:07:04.536,1.38209,1.3823,1.75,1.12
2015.06.30 09:07:06.037,1.38209,1.38231,1.75,1.37
2015.06.30 09:07:06.920,1.38209,1.38231,1.75,1.37
2015.06.30 09:07:07.553,1.38218,1.38239,1.12,1.00
2015.06.30 09:07:07.705,1.38217,1.38241,3.00,1.50
2015.06.30 09:07:08.219,1.3822,1.38243,2.25,1.00
2015.06.30 09:07:08.857,1.38221,1.38244,1.75,1.87
2015.06.30 09:07:09.115,1.3822,1.38243,2.62,1.00
2015.06.30 09:07:09.319,1.3822,1.38242,1.75,1.37
2015.06.30 09:07:10.552,1.38228,1.38244,1.37,1.00
2015.06.30 09:07:10.604,1.3823,1.38253,1.75,1.00
2015.06.30 09:07:10.959,1.38232,1.38254,1.12,1.00
2015.06.30 09:07:11.163,1.38233,1.38256,1.75,1.87
2015.06.30 09:07:11.863,1.38242,1.38256,1.00,1.12
2015.06.30 09:07:11.915,1.3824,1.38263,1.50,1.37
2015.06.30 09:07:12.431,1.3824,1.38265,1.50,1.87
2015.06.30 09:07:13.403,1.38241,1.38264,1.00,1.37
2015.06.30 09:07:13.456,1.38242,1.38265,1.75,1.37
2015.06.30 09:07:13.659,1.38247,1.38268,1.37,1.37
2015.06.30 09:07:13.711,1.3825,1.38269,1.12,1.00
2015.06.30 09:07:13.762,1.38251,1.38269,1.50,1.00
2015.06.30 09:07:13.813,1.38253,1.38273,1.87,1.00
2015.06.30 09:07:13.865,1.38253,1.38273,1.87,1.00
2015.06.30 09:07:13.916,1.38254,1.38278,2.25,1.50
2015.06.30 09:07:14.709,1.38254,1.38278,1.87,1.87
2015.06.30 09:07:15.066,1.38254,1.38277,1.37,1.37
2015.06.30 09:07:15.548,1.38254,1.38277,1.37,1.37
2015.06.30 09:07:16.179,1.38251,1.38273,1.37,1.37
2015.06.30 09:07:16.230,1.38251,1.38274,1.87,1.00
2015.06.30 09:07:16.282,1.38253,1.38274,1.37,1.00
2015.06.30 09:07:16.434,1.38254,1.38276,1.37,1.12
2015.06.30 09:07:16.587,1.38257,1.3828,1.37,2.62
2015.06.30 09:07:18.224,1.38268,1.38285,1.00,1.37
2015.06.30 09:07:18.275,1.38268,1.38289,1.00,1.12
2015.06.30 09:07:18.326,1.38268,1.38289,1.00,1.37
2015.06.30 09:07:18.760,1.38269,1.38292,1.12,1.87
2015.06.30 09:07:19.484,1.38269,1.3829,1.12,1.00
2015.06.30 09:07:19.636,1.38272,1.38288,1.00,1.00
2015.06.30 09:07:19.842,1.3828,1.38301,1.00,1.00
2015.06.30 09:07:19.945,1.38278,1.383,1.00,1.00
2015.06.30 09:07:20.098,1.38275,1.38299,1.50,1.00
2015.06.30 09:07:20.200,1.38275,1.38295,1.00,1.00
2015.06.30 09:07:20.731,1.38272,1.38295,1.87,1.37
2015.06.30 09:07:21.036,1.38276,1.38299,1.00,1.87
2015.06.30 09:07:21.087,1.38279,1.38299,1.00,1.12
2015.06.30 09:07:21.138,1.38279,1.38303,1.87,1.10
2015.06.30 09:07:21.291,1.38282,1.38305,1.00,1.87
2015.06.30 09:07:22.058,1.38282,1.38305,1.00,1.37
2015.06.30 09:07:22.566,1.38283,1.38306,1.00,2.25
2015.06.30 09:07:23.463,1.38282,1.38305,1.12,1.37
2015.06.30 09:07:23.768,1.38286,1.38304,1.00,1.37
2015.06.30 09:07:24.075,1.38279,1.38301,1.50,1.37
2015.06.30 09:07:24.798,1.38277,1.38299,1.50,1.37
2015.06.30 09:07:24.849,1.38277,1.38299,1.50,1.37
2015.06.30 09:07:25.154,1.38275,1.38298,1.00,1.37
2015.06.30 09:07:25.560,1.38274,1.38296,1.12,1.37
2015.06.30 09:07:26.692,1.38276,1.38299,1.00,2.25
2015.06.30 09:07:26.794,1.38282,1.383,1.00,1.50
2015.06.30 09:07:26.845,1.38282,1.38304,1.00,1.00
2015.06.30 09:07:26.896,1.38285,1.38305,1.00,1.12
2015.06.30 09:07:28.399,1.38285,1.38308,1.00,1.50
2015.06.30 09:07:28.994,1.38286,1.38309,1.00,1.37
2015.06.30 09:07:29.104,1.38287,1.3831,1.00,1.50
2015.06.30 09:07:29.611,1.38288,1.3831,1.00,1.50
2015.06.30 09:07:30.440,1.38287,1.3831,1.00,1.50
2015.06.30 09:07:30.491,1.38293,1.3831,1.00,1.50
2015.06.30 09:07:30.746,1.38308,1.38329,1.00,1.37
2015.06.30 09:07:30.797,1.38308,1.38329,1.00,1.37
2015.06.30 09:07:30.898,1.38309,1.3833,1.00,1.00
2015.06.30 09:07:30.949,1.38311,1.38334,1.00,1.87
2015.06.30 09:07:32.185,1.3831,1.38333,1.50,1.37
2015.06.30 09:07:32.491,1.38304,1.38327,1.50,1.37
2015.06.30 09:07:32.797,1.38304,1.38327,1.50,1.87
2015.06.30 09:07:33.297,1.383,1.38319,1.00,1.12
2015.06.30 09:07:33.353,1.38298,1.38319,1.00,1.12
2015.06.30 09:07:33.405,1.38296,1.38319,1.00,1.12
2015.06.30 09:07:33.456,1.38296,1.38316,1.00,1.00
2015.06.30 09:07:33.610,1.38294,1.38317,1.50,1.37
2015.06.30 09:07:33.714,1.38296,1.38316,1.00,1.37
2015.06.30 09:07:33.918,1.38296,1.38317,1.00,1.00
2015.06.30 09:07:34.509,1.38299,1.38319,2.25,1.00
2015.06.30 09:07:34.560,1.3831,1.38331,1.00,1.12
2015.06.30 09:07:34.612,1.38315,1.38331,1.00,1.00
2015.06.30 09:07:34.663,1.38315,1.38337,1.00,1.12
2015.06.30 09:07:34.819,1.38317,1.38339,1.37,1.00
2015.06.30 09:07:34.871,1.38317,1.38341,1.87,1.50
2015.06.30 09:07:34.973,1.38321,1.38344,1.00,1.87
2015.06.30 09:07:35.679,1.38317,1.38341,1.00,2.25
2015.06.30 09:07:35.734,1.38317,1.38336,1.00,1.37
2015.06.30 09:07:35.785,1.38315,1.38336,1.00,1.37
2015.06.30 09:07:35.887,1.38315,1.38336,1.00,1.37
2015.06.30 09:07:36.133,1.38316,1.38335,1.00,1.00
2015.06.30 09:07:36.184,1.38317,1.38338,1.00,1.00
2015.06.30 09:07:36.287,1.38317,1.38337,1.00,1.37
2015.06.30 09:07:36.934,1.38308,1.38325,1.10,1.12
2015.06.30 09:07:36.985,1.38304,1.38325,1.00,1.12
2015.06.30 09:07:37.144,1.38306,1.38325,1.50,1.12
2015.06.30 09:07:38.154,1.38298,1.38319,1.00,1.37
2015.06.30 09:07:38.263,1.38296,1.38319,1.00,1.87
2015.06.30 09:07:38.314,1.38293,1.38319,2.25,2.62
2015.06.30 09:07:38.619,1.38316,1.38322,1.00,1.00
2015.06.30 09:07:38.721,1.38315,1.38331,1.12,1.00
2015.06.30 09:07:38.773,1.38315,1.38335,1.12,1.00
2015.06.30 09:07:38.824,1.38313,1.38326,1.00,1.00
2015.06.30 09:07:39.338,1.38305,1.38325,1.87,1.00
2015.06.30 09:07:39.998,1.38303,1.38325,1.00,1.12
2015.06.30 09:07:40.050,1.38301,1.38326,1.87,1.87
2015.06.30 09:07:40.203,1.38301,1.38324,1.50,1.87
2015.06.30 09:07:40.722,1.383,1.3832,1.00,1.00
2015.06.30 09:07:41.234,1.38298,1.3832,1.37,1.00
2015.06.30 09:07:41.286,1.38297,1.3832,1.00,1.87
2015.06.30 09:07:41.439,1.38297,1.38317,1.00,1.00
2015.06.30 09:07:42.088,1.38293,1.38317,1.87,1.50
2015.06.30 09:07:42.139,1.38293,1.38316,1.00,1.00
2015.06.30 09:07:42.664,1.38293,1.38317,2.25,1.87
2015.06.30 09:07:42.975,1.38295,1.38317,1.00,1.12
2015.06.30 09:07:43.026,1.38295,1.38319,1.50,1.00
2015.06.30 09:07:43.638,1.38294,1.38319,1.50,1.00
2015.06.30 09:07:43.893,1.38294,1.38317,1.50,1.00
2015.06.30 09:07:44.200,1.38291,1.38309,1.00,1.37
2015.06.30 09:07:44.352,1.38287,1.3831,1.00,1.37
2015.06.30 09:07:44.946,1.38286,1.38299,1.00,1.00
2015.06.30 09:07:45.199,1.3829,1.38305,1.00,1.00
2015.06.30 09:07:45.301,1.38292,1.38305,1.00,1.00
2015.06.30 09:07:45.631,1.38289,1.383,1.00,1.00
2015.06.30 09:07:45.682,1.38289,1.38302,1.00,1.00
2015.06.30 09:07:45.734,1.38292,1.38302,1.00,1.00
2015.06.30 09:07:46.879,1.38288,1.38306,1.00,1.00
2015.06.30 09:07:46.930,1.38286,1.38303,1.00,1.00
2015.06.30 09:07:46.981,1.38283,1.38303,1.50,1.00
2015.06.30 09:07:47.491,1.38284,1.38303,1.00,1.00
2015.06.30 09:07:47.679,1.38284,1.383,1.00,1.00
2015.06.30 09:07:47.730,1.38282,1.383,1.00,1.00
2015.06.30 09:07:47.781,1.3828,1.383,1.00,1.00
2015.06.30 09:07:48.346,1.38281,1.383,1.00,1.00
2015.06.30 09:07:48.752,1.3828,1.38303,1.50,1.12
2015.06.30 09:07:49.056,1.3828,1.38302,1.00,1.75
2015.06.30 09:07:49.810,1.38279,1.38303,1.00,2.62
2015.06.30 09:07:49.861,1.38281,1.38303,1.00,1.00
2015.06.30 09:07:50.435,1.38281,1.38304,1.00,1.00
2015.06.30 09:07:51.508,1.38279,1.383,1.00,1.12
2015.06.30 09:07:52.083,1.38279,1.38302,1.00,1.00
2015.06.30 09:07:52.594,1.38278,1.38302,1.00,1.00
2015.06.30 09:07:53.254,1.38284,1.38296,1.00,1.00
2015.06.30 09:07:53.305,1.38284,1.38303,1.00,1.12
2015.06.30 09:07:54.059,1.38283,1.38305,1.00,1.37
2015.06.30 09:07:54.212,1.38283,1.38305,1.00,1.00
2015.06.30 09:07:54.916,1.38292,1.38315,1.00,2.25
2015.06.30 09:07:54.967,1.38291,1.3831,1.12,1.00
2015.06.30 09:07:55.171,1.38289,1.3831,1.00,1.12
2015.06.30 09:07:55.222,1.3829,1.38313,1.00,1.50
2015.06.30 09:07:55.273,1.38297,1.38313,1.00,1.00
2015.06.30 09:07:55.375,1.38303,1.38322,1.00,1.00
2015.06.30 09:07:55.427,1.38306,1.38323,1.00,1.10
2015.06.30 09:07:55.478,1.38306,1.38327,1.00,1.00
2015.06.30 09:07:55.986,1.38306,1.38327,1.37,1.00
2015.06.30 09:07:56.037,1.3831,1.3833,1.00,1.00
2015.06.30 09:07:56.090,1.38308,1.3833,1.50,1.00
2015.06.30 09:07:56.192,1.38307,1.3833,1.00,1.87
2015.06.30 09:07:56.496,1.38309,1.38327,1.00,1.00
2015.06.30 09:07:57.206,1.38306,1.38327,1.00,1.37
2015.06.30 09:07:57.738,1.38307,1.38327,1.00,1.37
2015.06.30 09:07:59.124,1.38306,1.38325,1.00,1.00
2015.06.30 09:07:59.175,1.38302,1.38321,1.00,1.00
2015.06.30 09:07:59.545,1.38302,1.38325,1.00,1.37
2015.06.30 09:07:59.951,1.38304,1.38326,1.00,1.00
2015.06.30 09:08:00.429,1.38303,1.3832,1.00,1.50
2015.06.30 09:08:00.490,1.38298,1.3832,1.00,1.87
2015.06.30 09:08:00.592,1.38296,1.3832,2.25,1.87
2015.06.30 09:08:00.698,1.38301,1.3832,1.00,1.00
2015.06.30 09:08:00.749,1.38301,1.38324,1.00,1.37
2015.06.30 09:08:00.902,1.38302,1.38324,1.00,1.87
2015.06.30 09:08:01.055,1.38297,1.3832,1.37,1.37
2015.06.30 09:08:01.572,1.38301,1.38321,1.00,1.00
2015.06.30 09:08:01.623,1.383,1.38324,1.00,1.87
2015.06.30 09:08:01.675,1.383,1.38322,1.00,1.00
2015.06.30 09:08:01.983,1.38298,1.38321,1.00,1.87
2015.06.30 09:08:02.392,1.38301,1.38322,1.00,1.87
2015.06.30 09:08:02.951,1.38299,1.38322,1.50,1.87
2015.06.30 09:08:03.104,1.38297,1.38319,1.00,1.37
2015.06.30 09:08:03.155,1.38295,1.38319,1.50,1.87
2015.06.30 09:08:03.309,1.383,1.38317,1.00,1.00
2015.06.30 09:08:03.361,1.38301,1.3832,1.00,1.50
2015.06.30 09:08:03.464,1.38303,1.3832,1.00,1.50
2015.06.30 09:08:03.566,1.38303,1.38324,1.00,1.12
2015.06.30 09:08:04.315,1.38301,1.38324,1.00,1.12
2015.06.30 09:08:04.620,1.38301,1.38323,1.00,1.75
2015.06.30 09:08:04.773,1.38298,1.38321,1.00,1.37
2015.06.30 09:08:05.613,1.38298,1.38319,1.00,1.37
2015.06.30 09:08:05.664,1.38296,1.38319,1.00,1.37
2015.06.30 09:08:06.124,1.38295,1.38317,1.00,1.50
2015.06.30 09:08:06.736,1.38286,1.38308,1.00,1.37
2015.06.30 09:08:06.838,1.38287,1.38309,1.00,1.12
2015.06.30 09:08:08.105,1.38288,1.38309,1.00,1.00
2015.06.30 09:08:08.413,1.38285,1.38309,1.00,1.50
2015.06.30 09:08:08.464,1.38286,1.38305,1.00,1.00
2015.06.30 09:08:08.869,1.38286,1.38308,1.00,1.00
2015.06.30 09:08:09.443,1.38291,1.38308,1.00,1.00
2015.06.30 09:08:09.501,1.38297,1.38315,1.00,1.00
2015.06.30 09:08:10.010,1.38298,1.38315,1.00,1.00
2015.06.30 09:08:10.722,1.38297,1.38315,1.00,1.37
2015.06.30 09:08:10.774,1.3829,1.38312,1.00,1.37
2015.06.30 09:08:10.827,1.38287,1.3831,1.50,1.37
2015.06.30 09:08:11.132,1.38291,1.38309,1.00,1.00
2015.06.30 09:08:11.437,1.38295,1.38313,1.00,1.00
2015.06.30 09:08:12.559,1.38298,1.38316,1.12,1.00
2015.06.30 09:08:12.814,1.38297,1.38319,1.00,1.00
2015.06.30 09:08:12.966,1.38297,1.38316,1.00,1.00
2015.06.30 09:08:13.272,1.383,1.38319,1.00,1.00
2015.06.30 09:08:13.799,1.38301,1.38319,1.00,1.00
2015.06.30 09:08:14.104,1.38304,1.38326,1.00,1.12
2015.06.30 09:08:14.358,1.38301,1.38323,1.00,1.37
2015.06.30 09:08:14.999,1.38305,1.38323,1.00,1.00
2015.06.30 09:08:15.101,1.38305,1.38326,1.00,1.12
2015.06.30 09:08:15.677,1.38304,1.38326,1.00,1.12
2015.06.30 09:08:16.249,1.38305,1.38326,1.00,1.12
2015.06.30 09:08:16.782,1.38304,1.38327,1.50,1.37
2015.06.30 09:08:16.884,1.38302,1.38324,1.00,1.12
2015.06.30 09:08:17.089,1.38302,1.38322,1.00,1.37
2015.06.30 09:08:17.636,1.38299,1.38322,1.00,1.87
2015.06.30 09:08:17.687,1.38301,1.38322,1.00,1.37
2015.06.30 09:08:17.891,1.38303,1.38325,1.00,1.87
2015.06.30 09:08:18.347,1.38305,1.38325,1.00,1.87
2015.06.30 09:08:18.948,1.3831,1.38327,1.00,1.12
2015.06.30 09:08:19.254,1.38315,1.38329,1.00,1.00
2015.06.30 09:08:19.406,1.38317,1.38335,1.00,1.50
2015.06.30 09:08:19.458,1.38319,1.38335,1.00,1.00
2015.06.30 09:08:19.509,1.38319,1.38338,1.00,1.00
2015.06.30 09:08:19.612,1.38319,1.3834,1.00,1.00
2015.06.30 09:08:20.144,1.38331,1.3834,1.00,1.00
2015.06.30 09:08:20.195,1.38332,1.38351,1.00,1.50
2015.06.30 09:08:20.297,1.38332,1.38353,1.00,1.87
2015.06.30 09:08:20.602,1.38332,1.3835,1.00,1.00
2015.06.30 09:08:20.653,1.38329,1.3835,1.12,1.00
2015.06.30 09:08:21.494,1.38324,1.38344,1.12,1.00
2015.06.30 09:08:21.799,1.38322,1.38341,1.00,1.00
2015.06.30 09:08:22.106,1.38323,1.38344,1.00,1.00
2015.06.30 09:08:22.947,1.38325,1.38346,1.00,1.12
2015.06.30 09:08:23.617,1.38326,1.38346,1.00,1.12
2015.06.30 09:08:24.307,1.38334,1.38347,1.00,1.37
2015.06.30 09:08:24.359,1.38334,1.38357,1.00,1.87
2015.06.30 09:08:24.410,1.38336,1.38357,1.00,1.00
2015.06.30 09:08:24.961,1.38337,1.38357,1.00,1.00
2015.06.30 09:08:26.283,1.38354,1.38358,1.00,1.00
2015.06.30 09:08:26.335,1.38355,1.38376,1.00,1.50
2015.06.30 09:08:26.387,1.3836,1.38376,1.00,1.50
2015.06.30 09:08:26.692,1.38369,1.38382,1.12,1.00
2015.06.30 09:08:26.794,1.38369,1.38386,1.12,1.00
2015.06.30 09:08:27.288,1.38369,1.38389,1.00,1.12
2015.06.30 09:08:27.340,1.38366,1.38389,1.50,1.12
2015.06.30 09:08:27.546,1.38369,1.3839,1.00,1.00
2015.06.30 09:08:27.599,1.38369,1.38393,1.00,1.00
2015.06.30 09:08:27.650,1.38373,1.38393,1.00,1.00
2015.06.30 09:08:28.434,1.38397,1.38404,1.00,1.00
2015.06.30 09:08:28.492,1.38393,1.38416,1.50,1.00
2015.06.30 09:08:28.594,1.38392,1.38414,1.00,1.37
2015.06.30 09:08:28.899,1.38374,1.38395,1.50,1.50
2015.06.30 09:08:29.504,1.38366,1.38382,1.00,1.00
2015.06.30 09:08:29.607,1.38367,1.38386,1.00,1.50
2015.06.30 09:08:29.658,1.38365,1.38386,1.00,1.50
2015.06.30 09:08:29.760,1.38369,1.38386,1.00,1.87
2015.06.30 09:08:29.914,1.38364,1.38386,1.00,1.87
2015.06.30 09:08:30.016,1.38361,1.38382,1.00,1.00
2015.06.30 09:08:30.119,1.38357,1.38382,1.00,1.87
2015.06.30 09:08:30.650,1.38355,1.38376,1.00,1.37
2015.06.30 09:08:30.702,1.38356,1.38376,1.00,1.00
2015.06.30 09:08:30.854,1.38354,1.38376,1.00,1.00
2015.06.30 09:08:31.209,1.38357,1.38378,1.00,1.37
2015.06.30 09:08:31.415,1.38355,1.38376,1.00,1.00
2015.06.30 09:08:31.896,1.38354,1.38373,1.87,1.00
2015.06.30 09:08:32.223,1.38367,1.38389,1.37,1.50
2015.06.30 09:08:32.376,1.38367,1.38386,1.37,1.00
2015.06.30 09:08:32.428,1.38364,1.38383,1.00,1.00
2015.06.30 09:08:32.531,1.3836,1.3838,1.87,1.00
2015.06.30 09:08:33.050,1.3836,1.38368,1.12,1.37
2015.06.30 09:08:33.102,1.38344,1.38367,1.00,1.37
2015.06.30 09:08:33.153,1.38343,1.38364,1.00,1.00
2015.06.30 09:08:33.305,1.38341,1.38364,1.50,1.12
2015.06.30 09:08:33.508,1.38339,1.38363,1.00,1.00
2015.06.30 09:08:33.661,1.38343,1.38363,1.00,1.00
2015.06.30 09:08:34.224,1.38343,1.38367,1.00,1.87
2015.06.30 09:08:34.529,1.38345,1.38365,1.00,1.00
2015.06.30 09:08:34.834,1.38343,1.3836,1.00,1.00
2015.06.30 09:08:35.417,1.38343,1.38351,1.00,1.37
2015.06.30 09:08:35.471,1.38327,1.3835,1.00,1.37
2015.06.30 09:08:35.827,1.38329,1.38353,1.50,1.87
2015.06.30 09:08:35.880,1.38329,1.38349,1.50,1.00
2015.06.30 09:08:36.133,1.38325,1.38348,1.12,1.00
2015.06.30 09:08:36.184,1.38332,1.38349,1.00,1.00
2015.06.30 09:08:36.706,1.38333,1.38355,1.00,1.37
2015.06.30 09:08:37.161,1.38331,1.38351,1.00,1.00
2015.06.30 09:08:37.263,1.38328,1.38351,1.00,1.00
2015.06.30 09:08:37.364,1.38328,1.38351,1.00,1.37
2015.06.30 09:08:37.880,1.38326,1.38344,1.00,1.37
2015.06.30 09:08:37.931,1.38322,1.38344,1.00,1.37
2015.06.30 09:08:38.337,1.38319,1.38343,1.50,1.37
2015.06.30 09:08:38.439,1.38319,1.38343,1.87,1.00
2015.06.30 09:08:38.490,1.38321,1.38344,1.00,1.12
2015.06.30 09:08:39.046,1.38331,1.38346,1.00,1.00
2015.06.30 09:08:39.252,1.38331,1.3835,1.00,1.87
2015.06.30 09:08:39.303,1.38328,1.38348,1.00,1.12
2015.06.30 09:08:39.354,1.38328,1.38348,1.00,2.62
2015.06.30 09:08:39.405,1.38323,1.38348,1.10,2.62
2015.06.30 09:08:39.457,1.38322,1.38339,1.87,1.00
2015.06.30 09:08:40.819,1.38345,1.3836,1.87,1.00
2015.06.30 09:08:40.871,1.38355,1.3837,1.00,1.50
2015.06.30 09:08:40.923,1.38358,1.3837,1.00,1.00
2015.06.30 09:08:40.974,1.38358,1.38372,1.00,1.00
2015.06.30 09:08:41.076,1.3836,1.38378,1.00,1.00
2015.06.30 09:08:41.178,1.38358,1.3838,1.50,1.00
2015.06.30 09:08:41.229,1.3836,1.38381,1.00,1.00
2015.06.30 09:08:41.860,1.38365,1.38381,1.00,1.00
2015.06.30 09:08:42.063,1.38379,1.38398,1.00,3.00
2015.06.30 09:08:42.114,1.38377,1.38398,1.50,1.00
2015.06.30 09:08:42.419,1.38377,1.38395,1.12,1.00
2015.06.30 09:08:43.120,1.38377,1.38394,1.00,1.00
2015.06.30 09:08:43.172,1.3838,1.38399,1.00,1.00
2015.06.30 09:08:43.679,1.38379,1.38399,1.00,1.00
2015.06.30 09:08:44.426,1.3838,1.38399,1.00,1.00
2015.06.30 09:08:44.537,1.38382,1.384,1.00,1.00
2015.06.30 09:08:45.099,1.38381,1.384,1.00,1.00
2015.06.30 09:08:45.643,1.38381,1.38398,1.00,1.00
2015.06.30 09:08:45.954,1.38376,1.38397,1.37,1.50
2015.06.30 09:08:46.005,1.38375,1.38384,1.10,1.00
2015.06.30 09:08:46.107,1.38372,1.38381,1.00,1.00
2015.06.30 09:08:46.260,1.38372,1.38379,1.00,1.00
2015.06.30 09:08:46.864,1.3837,1.38376,1.00,1.00
2015.06.30 09:08:47.373,1.38369,1.38375,1.00,1.00
2015.06.30 09:08:47.474,1.3837,1.38377,1.00,1.00
2015.06.30 09:08:47.576,1.38367,1.38374,1.00,1.00
2015.06.30 09:08:48.595,1.38365,1.38373,1.00,1.00
2015.06.30 09:08:50.101,1.38368,1.38376,1.00,1.00
2015.06.30 09:08:50.506,1.38368,1.38374,1.00,1.00
2015.06.30 09:08:50.557,1.38363,1.38373,1.12,1.00
2015.06.30 09:08:50.608,1.38362,1.3837,1.57,1.00
2015.06.30 09:08:51.175,1.38357,1.38364,1.00,1.00
2015.06.30 09:08:51.378,1.38357,1.38368,1.00,1.00
2015.06.30 09:08:51.429,1.38361,1.38368,1.00,1.00
2015.06.30 09:08:51.531,1.38363,1.38371,1.00,1.00
2015.06.30 09:08:51.785,1.38363,1.38375,1.00,1.00
2015.06.30 09:08:51.836,1.38363,1.38378,1.00,1.00
2015.06.30 09:08:52.353,1.38364,1.38375,1.00,1.00
2015.06.30 09:08:52.404,1.38368,1.38381,1.00,1.00
2015.06.30 09:08:52.455,1.38371,1.38381,1.00,1.00
2015.06.30 09:08:52.506,1.38371,1.38384,1.00,1.00
2015.06.30 09:08:52.557,1.38374,1.38384,1.00,1.00
2015.06.30 09:08:52.760,1.38375,1.38386,1.00,1.00
2015.06.30 09:08:52.811,1.38375,1.38389,1.00,1.00
2015.06.30 09:08:52.863,1.38377,1.38389,1.00,1.00
2015.06.30 09:08:52.914,1.38377,1.38392,1.00,1.00
2015.06.30 09:08:52.965,1.38381,1.38392,1.00,1.00
2015.06.30 09:08:54.182,1.38382,1.38392,1.00,1.00
2015.06.30 09:08:54.240,1.38379,1.38392,1.00,1.00
2015.06.30 09:08:54.520,1.38379,1.38395,1.00,1.50
2015.06.30 09:08:54.622,1.38383,1.38395,1.00,1.00
2015.06.30 09:08:54.673,1.38383,1.38399,1.00,1.00
2015.06.30 09:08:55.386,1.38383,1.38402,1.00,1.00
2015.06.30 09:08:55.742,1.38383,1.38399,1.00,1.00
2015.06.30 09:08:56.048,1.38385,1.38403,1.00,1.87
2015.06.30 09:08:56.782,1.38385,1.38406,1.50,1.12
2015.06.30 09:08:56.834,1.38388,1.38406,1.00,1.12
2015.06.30 09:08:57.038,1.38378,1.38399,2.32,1.00
2015.06.30 09:08:57.343,1.38376,1.38398,1.12,1.00
2015.06.30 09:08:57.833,1.38378,1.38398,1.00,1.00
2015.06.30 09:08:58.240,1.38375,1.38398,1.12,1.00
2015.06.30 09:08:58.596,1.38373,1.38397,2.25,1.12
2015.06.30 09:08:59.213,1.38374,1.38396,1.50,1.00
2015.06.30 09:08:59.620,1.38374,1.38391,1.00,1.00
2015.06.30 09:08:59.824,1.38365,1.38387,1.00,1.37
2015.06.30 09:08:59.977,1.38368,1.38392,1.00,2.25
2015.06.30 09:09:00.545,1.38374,1.38392,1.00,1.50
2015.06.30 09:09:00.596,1.38374,1.38397,1.00,1.37
2015.06.30 09:09:00.902,1.38377,1.38395,1.00,1.00
2015.06.30 09:09:01.208,1.38382,1.38403,1.00,1.00
2015.06.30 09:09:01.259,1.38386,1.38403,1.00,1.00
2015.06.30 09:09:01.780,1.38384,1.38405,1.00,1.00
2015.06.30 09:09:02.038,1.38383,1.38405,1.00,1.37
2015.06.30 09:09:02.089,1.3838,1.38403,1.00,1.87
2015.06.30 09:09:02.191,1.3838,1.384,1.00,1.00
2015.06.30 09:09:02.446,1.38378,1.384,1.00,1.12
2015.06.30 09:09:02.497,1.38378,1.38398,1.00,1.00
2015.06.30 09:09:03.234,1.38377,1.38398,1.00,1.50
2015.06.30 09:09:03.570,1.38376,1.38395,1.00,1.00
2015.06.30 09:09:05.016,1.38376,1.38389,1.00,1.00
2015.06.30 09:09:05.068,1.38371,1.38389,1.00,1.00
2015.06.30 09:09:05.322,1.38371,1.38393,1.00,1.00
2015.06.30 09:09:05.424,1.38374,1.38395,1.00,1.12
2015.06.30 09:09:06.017,1.38377,1.38397,1.00,1.87
2015.06.30 09:09:06.074,1.38377,1.38398,1.00,1.37
2015.06.30 09:09:06.581,1.38376,1.38398,1.00,1.37
2015.06.30 09:09:08.066,1.38376,1.38398,1.00,1.00
2015.06.30 09:09:08.117,1.38385,1.38401,1.00,1.00
2015.06.30 09:09:08.651,1.38385,1.38396,1.00,1.00
2015.06.30 09:09:08.956,1.38387,1.38396,1.00,1.00
2015.06.30 09:09:09.495,1.38388,1.38396,1.00,1.00
2015.06.30 09:09:09.547,1.38395,1.38409,1.00,1.00
2015.06.30 09:09:09.699,1.38393,1.38409,1.00,1.00
2015.06.30 09:09:10.055,1.38391,1.38409,1.00,1.00
2015.06.30 09:09:10.309,1.38391,1.38406,1.00,1.00
2015.06.30 09:09:10.877,1.38383,1.38393,1.00,1.00
2015.06.30 09:09:10.930,1.38374,1.38393,1.00,1.00
2015.06.30 09:09:11.133,1.38374,1.38396,1.00,1.00
2015.06.30 09:09:11.666,1.38375,1.38396,1.00,1.00
2015.06.30 09:09:12.249,1.38375,1.38393,1.00,1.00
2015.06.30 09:09:12.667,1.38373,1.38393,1.00,1.00
2015.06.30 09:09:15.221,1.3837,1.38388,1.00,1.00
2015.06.30 09:09:15.324,1.38367,1.38386,1.00,1.00
2015.06.30 09:09:15.375,1.38363,1.38386,1.00,1.12
2015.06.30 09:09:15.528,1.38366,1.38389,1.00,1.37
2015.06.30 09:09:15.579,1.38366,1.3839,1.00,1.87
2015.06.30 09:09:15.889,1.38373,1.38393,1.00,1.75
2015.06.30 09:09:16.079,1.38374,1.38395,1.00,1.37
2015.06.30 09:09:16.730,1.38378,1.38395,1.00,1.37
2015.06.30 09:09:16.783,1.38378,1.38401,1.50,1.00
2015.06.30 09:09:17.088,1.38378,1.38401,1.50,1.37
2015.06.30 09:09:17.240,1.38376,1.384,2.25,1.87
2015.06.30 09:09:17.392,1.38379,1.384,1.00,1.37
2015.06.30 09:09:18.110,1.38377,1.38399,1.00,1.87
2015.06.30 09:09:19.414,1.38379,1.38399,1.00,1.00
2015.06.30 09:09:19.466,1.38374,1.38398,1.50,1.87
2015.06.30 09:09:19.517,1.38374,1.38397,1.00,1.37
2015.06.30 09:09:19.821,1.38379,1.38399,1.00,1.00
2015.06.30 09:09:20.125,1.38377,1.38397,1.00,1.87
2015.06.30 09:09:21.359,1.38377,1.38392,1.00,1.50
2015.06.30 09:09:21.411,1.38371,1.38392,1.00,2.62
2015.06.30 09:09:21.619,1.3837,1.38392,1.00,1.87
2015.06.30 09:09:22.158,1.3837,1.38388,1.00,1.00
2015.06.30 09:09:22.695,1.38363,1.38384,1.00,1.50
2015.06.30 09:09:22.900,1.3836,1.3838,1.00,1.00
2015.06.30 09:09:23.157,1.3836,1.38382,1.00,1.00
2015.06.30 09:09:23.259,1.38362,1.38382,1.00,1.00
2015.06.30 09:09:23.462,1.38357,1.38378,1.00,1.00
2015.06.30 09:09:23.954,1.38363,1.3838,1.00,1.00
2015.06.30 09:09:24.006,1.38363,1.38383,1.00,1.00
2015.06.30 09:09:24.110,1.38365,1.38383,1.00,1.00
2015.06.30 09:09:24.421,1.38362,1.38381,1.00,1.00
2015.06.30 09:09:24.778,1.38363,1.38383,1.00,1.00
2015.06.30 09:09:25.357,1.38365,1.38383,1.00,1.00
2015.06.30 09:09:25.833,1.38365,1.38385,1.00,1.00
2015.06.30 09:09:25.986,1.38368,1.38388,1.00,1.37
2015.06.30 09:09:26.712,1.38378,1.38397,1.00,1.00
2015.06.30 09:09:27.521,1.38375,1.38395,1.00,1.00
2015.06.30 09:09:28.190,1.38375,1.38394,1.00,1.00
2015.06.30 09:09:28.241,1.38377,1.38394,1.00,1.00
2015.06.30 09:09:29.135,1.38376,1.38398,1.00,1.37
2015.06.30 09:09:29.892,1.3837,1.38394,1.50,1.00
2015.06.30 09:09:30.411,1.38371,1.38394,1.12,1.00
2015.06.30 09:09:30.514,1.38373,1.38396,1.00,1.00
2015.06.30 09:09:31.100,1.38373,1.38395,1.00,1.00
2015.06.30 09:09:31.963,1.38371,1.38395,1.50,1.00
2015.06.30 09:09:32.558,1.38371,1.38391,1.00,1.12
2015.06.30 09:09:32.609,1.38368,1.3839,1.00,1.00
2015.06.30 09:09:32.812,1.38371,1.3839,1.00,1.00
2015.06.30 09:09:33.016,1.38373,1.38394,1.00,1.00
2015.06.30 09:09:34.566,1.3837,1.38391,1.00,1.50
2015.06.30 09:09:34.620,1.38367,1.3839,1.00,1.00
2015.06.30 09:09:36.335,1.3837,1.3839,1.12,1.00
2015.06.30 09:09:36.488,1.38371,1.38395,1.00,1.50
2015.06.30 09:09:37.259,1.38371,1.38394,1.00,1.37
2015.06.30 09:09:37.412,1.38369,1.38392,1.50,1.00
2015.06.30 09:09:37.463,1.38369,1.38394,1.50,1.87
2015.06.30 09:09:37.905,1.38372,1.38394,1.00,1.00
2015.06.30 09:09:38.607,1.38373,1.38397,1.50,1.50
2015.06.30 09:09:38.760,1.38373,1.38397,1.50,1.37
2015.06.30 09:09:39.269,1.38373,1.38395,1.00,1.00
2015.06.30 09:09:40.033,1.38372,1.38396,1.50,1.00
2015.06.30 09:09:40.356,1.38372,1.38394,1.50,1.00
2015.06.30 09:09:40.960,1.38374,1.38394,1.00,1.00
2015.06.30 09:09:41.478,1.38376,1.38397,2.25,1.00
2015.06.30 09:09:41.529,1.38377,1.384,1.00,1.37
2015.06.30 09:09:42.528,1.38378,1.38399,1.00,1.00
2015.06.30 09:09:43.061,1.38373,1.38394,1.50,1.00
2015.06.30 09:09:43.164,1.38371,1.38394,1.50,1.00
2015.06.30 09:09:43.368,1.38373,1.38394,1.00,1.00
2015.06.30 09:09:43.673,1.38375,1.38396,1.00,1.50
2015.06.30 09:09:44.271,1.38377,1.38399,1.00,1.87
2015.06.30 09:09:44.789,1.38376,1.38399,1.00,1.12
2015.06.30 09:09:45.782,1.3838,1.384,1.00,1.50
2015.06.30 09:09:46.298,1.38381,1.384,1.00,1.50
2015.06.30 09:09:46.669,1.38382,1.38402,1.00,1.50
2015.06.30 09:09:47.921,1.3839,1.38411,1.50,1.00
2015.06.30 09:09:48.225,1.3839,1.38411,1.00,1.37
2015.06.30 09:09:48.328,1.38387,1.38411,1.50,1.00
2015.06.30 09:09:48.634,1.38386,1.38407,1.00,1.00
2015.06.30 09:09:49.158,1.38382,1.38407,2.25,1.00
2015.06.30 09:09:49.262,1.38384,1.38407,1.00,1.00
2015.06.30 09:09:49.618,1.38384,1.38404,1.50,1.00
2015.06.30 09:09:50.390,1.38386,1.38404,1.00,1.00
2015.06.30 09:09:50.491,1.38384,1.38404,1.00,1.00
2015.06.30 09:09:50.815,1.38386,1.38404,1.00,1.00
2015.06.30 09:09:51.120,1.38389,1.38405,1.00,1.00
2015.06.30 09:09:51.171,1.38389,1.38407,1.00,1.00
2015.06.30 09:09:51.695,1.38386,1.38407,1.50,1.00
2015.06.30 09:09:51.747,1.38393,1.38407,1.00,1.00
2015.06.30 09:09:51.900,1.38393,1.38411,1.00,1.50
2015.06.30 09:09:51.952,1.38388,1.38411,1.87,1.50
2015.06.30 09:09:52.054,1.38391,1.38411,1.00,1.50
2015.06.30 09:09:52.359,1.38398,1.38414,1.00,1.00
2015.06.30 09:09:52.410,1.38398,1.38418,1.00,1.00
2015.06.30 09:09:52.948,1.38397,1.38418,1.50,1.50
2015.06.30 09:09:53.377,1.384,1.38418,1.00,1.00
2015.06.30 09:09:53.479,1.384,1.38421,1.00,1.00
2015.06.30 09:09:53.530,1.384,1.38423,1.00,1.50
2015.06.30 09:09:53.632,1.38403,1.38423,1.00,1.50
2015.06.30 09:09:54.198,1.38402,1.38423,1.00,1.00
2015.06.30 09:09:54.402,1.384,1.38422,1.00,1.00
2015.06.30 09:09:54.453,1.384,1.3842,1.00,1.00
2015.06.30 09:09:54.770,1.38399,1.38418,1.00,1.00
2015.06.30 09:09:55.492,1.38397,1.38419,1.00,1.00
2015.06.30 09:09:55.852,1.38397,1.38417,1.00,1.00
2015.06.30 09:09:56.199,1.38397,1.38419,1.00,1.00
2015.06.30 09:09:56.301,1.38397,1.38417,1.00,1.00
2015.06.30 09:09:56.454,1.38395,1.38416,1.00,1.00
2015.06.30 09:09:56.506,1.38391,1.38416,1.50,1.00
2015.06.30 09:09:57.000,1.38397,1.38416,1.00,1.50
2015.06.30 09:09:57.052,1.38397,1.3842,1.00,2.25
2015.06.30 09:09:57.599,1.38397,1.38416,1.00,1.00
2015.06.30 09:09:58.439,1.38396,1.38416,1.00,1.00
2015.06.30 09:09:58.755,1.38394,1.38413,1.00,1.00
2015.06.30 09:09:59.262,1.38393,1.38413,1.00,1.00
2015.06.30 09:09:59.889,1.38397,1.38415,1.00,1.00
2015.06.30 09:10:00.417,1.38398,1.38416,1.00,1.00
2015.06.30 09:10:01.856,1.38401,1.38416,1.00,1.00
2015.06.30 09:10:01.908,1.38401,1.38419,1.00,1.00
2015.06.30 09:10:02.213,1.38403,1.3842,1.00,1.00
2015.06.30 09:10:02.315,1.38402,1.38423,1.00,1.00
2015.06.30 09:10:03.046,1.38399,1.3842,1.00,1.50
2015.06.30 09:10:03.302,1.38396,1.38419,1.00,1.00
2015.06.30 09:10:03.353,1.38396,1.38417,1.00,1.00
2015.06.30 09:10:03.405,1.38394,1.38417,1.00,1.00
2015.06.30 09:10:03.661,1.38393,1.38412,1.00,1.00
2015.06.30 09:10:04.316,1.38388,1.38412,1.50,1.00
2015.06.30 09:10:04.842,1.38387,1.3841,1.50,1.00
2015.06.30 09:10:05.147,1.38389,1.3841,1.00,1.50
2015.06.30 09:10:05.777,1.38393,1.38411,1.00,1.50
2015.06.30 09:10:06.299,1.3839,1.38411,1.00,1.50
2015.06.30 09:10:07.002,1.3839,1.38413,1.00,1.50
2015.06.30 09:10:07.516,1.38389,1.38413,1.50,1.50
2015.06.30 09:10:07.825,1.38391,1.38413,1.00,1.50
2015.06.30 09:10:08.784,1.38392,1.38413,1.00,1.00
2015.06.30 09:10:09.091,1.38409,1.38414,1.00,1.00
2015.06.30 09:10:09.142,1.38413,1.38421,1.00,1.00
2015.06.30 09:10:09.245,1.38417,1.38422,1.00,1.00
2015.06.30 09:10:09.729,1.38422,1.38427,1.00,1.00
2015.06.30 09:10:09.783,1.38424,1.3844,1.00,1.75
2015.06.30 09:10:09.935,1.38423,1.38441,1.50,1.00
2015.06.30 09:10:10.139,1.38421,1.38441,1.00,1.00
2015.06.30 09:10:10.241,1.3842,1.38443,1.00,1.00
2015.06.30 09:10:10.344,1.38424,1.38444,1.00,1.50
2015.06.30 09:10:10.940,1.38423,1.38446,1.00,1.50
2015.06.30 09:10:11.448,1.38424,1.38445,1.00,1.00
2015.06.30 09:10:11.550,1.38424,1.38447,1.00,1.50
2015.06.30 09:10:11.652,1.38427,1.38448,1.00,1.00
2015.06.30 09:10:12.202,1.38459,1.38464,1.00,5.25
2015.06.30 09:10:12.274,1.38459,1.38473,1.00,1.00
2015.06.30 09:10:12.325,1.38458,1.38478,1.00,1.00
2015.06.30 09:10:12.376,1.38461,1.38479,1.00,1.00
2015.06.30 09:10:12.478,1.38461,1.38481,1.00,1.00
2015.06.30 09:10:12.529,1.38461,1.38483,1.00,1.00
2015.06.30 09:10:12.580,1.38465,1.38484,1.50,1.00
2015.06.30 09:10:12.631,1.38465,1.3849,1.50,2.25
2015.06.30 09:10:12.682,1.38465,1.38487,1.00,1.00
2015.06.30 09:10:13.225,1.38459,1.38472,1.00,1.00
2015.06.30 09:10:13.276,1.3845,1.38472,1.00,2.25
2015.06.30 09:10:13.377,1.38448,1.38469,1.00,1.00
2015.06.30 09:10:13.479,1.38444,1.38466,1.00,1.00
2015.06.30 09:10:13.530,1.38443,1.38463,1.00,1.50
2015.06.30 09:10:14.974,1.38457,1.38478,1.00,1.87
2015.06.30 09:10:15.030,1.38453,1.38474,1.00,1.50
2015.06.30 09:10:15.132,1.38448,1.38471,1.00,1.00
2015.06.30 09:10:15.183,1.38447,1.38469,1.00,1.00
2015.06.30 09:10:15.234,1.38445,1.38469,2.25,1.00
2015.06.30 09:10:15.438,1.38445,1.38465,1.00,1.00
2015.06.30 09:10:16.066,1.3844,1.38464,1.00,1.00
2015.06.30 09:10:16.118,1.38442,1.38465,1.00,1.50
2015.06.30 09:10:16.321,1.38444,1.38469,1.50,1.00
2015.06.30 09:10:16.879,1.38444,1.38467,1.00,1.00
2015.06.30 09:10:17.469,1.38447,1.38467,1.00,1.00
2015.06.30 09:10:17.684,1.38447,1.38469,1.12,1.00
2015.06.30 09:10:17.735,1.38449,1.38471,1.00,1.00
2015.06.30 09:10:17.837,1.38448,1.38475,2.25,2.25
2015.06.30 09:10:17.989,1.38448,1.38473,2.25,1.00
2015.06.30 09:10:18.767,1.38452,1.38472,1.00,1.00
2015.06.30 09:10:18.819,1.38452,1.38475,1.00,1.00
2015.06.30 09:10:19.023,1.3845,1.38474,1.50,1.00
2015.06.30 09:10:19.535,1.3845,1.38473,2.10,1.00
2015.06.30 09:10:20.106,1.38454,1.38475,1.00,1.00
2015.06.30 09:10:20.158,1.38454,1.38479,1.00,1.00
2015.06.30 09:10:20.210,1.38453,1.38476,1.50,1.00
2015.06.30 09:10:20.525,1.38452,1.38474,1.00,1.00
2015.06.30 09:10:21.498,1.38449,1.38469,1.00,1.00
2015.06.30 09:10:21.753,1.38458,1.3848,1.00,1.00
2015.06.30 09:10:21.805,1.38459,1.38473,1.00,1.00
2015.06.30 09:10:21.958,1.38451,1.38468,1.00,1.00
2015.06.30 09:10:22.060,1.38454,1.38468,1.00,1.00
2015.06.30 09:10:22.738,1.38457,1.3848,1.00,2.25
2015.06.30 09:10:22.789,1.38457,1.3848,1.00,1.50
2015.06.30 09:10:23.043,1.38455,1.3848,1.00,1.50
2015.06.30 09:10:23.272,1.38454,1.38478,2.25,1.00
2015.06.30 09:10:23.577,1.38451,1.38478,1.50,3.00
2015.06.30 09:10:24.262,1.38456,1.38475,1.00,1.50
2015.06.30 09:10:24.566,1.38454,1.38473,1.00,1.00
2015.06.30 09:10:25.100,1.38454,1.38472,1.00,1.00
2015.06.30 09:10:25.727,1.38448,1.3847,1.00,1.00
2015.06.30 09:10:25.780,1.38448,1.38461,1.00,1.00
2015.06.30 09:10:25.932,1.38448,1.38467,1.00,1.00
2015.06.30 09:10:25.983,1.38451,1.38467,1.00,1.00
2015.06.30 09:10:26.288,1.38436,1.38452,1.00,1.00
2015.06.30 09:10:26.339,1.38434,1.38452,1.12,1.00
2015.06.30 09:10:26.961,1.38433,1.38452,1.50,1.00
2015.06.30 09:10:27.417,1.38434,1.38455,1.00,1.00
2015.06.30 09:10:27.722,1.38433,1.38452,1.00,1.00
2015.06.30 09:10:29.042,1.38432,1.38453,1.37,1.00
2015.06.30 09:10:29.093,1.38438,1.3846,1.00,1.00
2015.06.30 09:10:29.347,1.38443,1.38459,1.00,1.00
2015.06.30 09:10:29.449,1.38444,1.38461,1.00,1.00
2015.06.30 09:10:29.501,1.38446,1.38462,1.00,1.00
2015.06.30 09:10:29.655,1.38442,1.38463,1.00,1.00
2015.06.30 09:10:29.706,1.38442,1.38465,1.00,1.00
2015.06.30 09:10:29.757,1.3844,1.38464,1.00,1.00
2015.06.30 09:10:29.808,1.38439,1.38462,2.25,1.00
2015.06.30 09:10:30.289,1.38439,1.38457,2.25,1.00
2015.06.30 09:10:30.340,1.38436,1.38457,1.00,1.00
2015.06.30 09:10:30.392,1.38433,1.38457,1.50,1.00
2015.06.30 09:10:30.899,1.38434,1.38457,1.00,1.00
2015.06.30 09:10:31.826,1.38432,1.38455,1.00,1.00
2015.06.30 09:10:32.131,1.38434,1.38456,1.00,1.00
2015.06.30 09:10:32.487,1.38439,1.38457,1.00,1.50
2015.06.30 09:10:33.187,1.38438,1.38457,1.00,1.00
2015.06.30 09:10:33.496,1.38427,1.38445,1.50,1.00
2015.06.30 09:10:33.801,1.38423,1.38443,1.50,1.00
2015.06.30 09:10:34.004,1.38425,1.38443,1.00,1.00
2015.06.30 09:10:34.480,1.38425,1.3843,1.00,1.00
2015.06.30 09:10:34.532,1.38409,1.38423,1.00,1.00
2015.06.30 09:10:34.583,1.38404,1.38423,1.00,1.00
2015.06.30 09:10:34.685,1.38403,1.38426,1.50,1.00
2015.06.30 09:10:34.838,1.38409,1.38426,1.00,1.00
2015.06.30 09:10:35.143,1.38406,1.38423,1.00,1.00
2015.06.30 09:10:35.194,1.38406,1.38426,1.00,1.00
2015.06.30 09:10:35.772,1.38403,1.3842,1.00,1.00
2015.06.30 09:10:35.874,1.384,1.3842,1.00,1.50
2015.06.30 09:10:35.926,1.384,1.38416,1.00,1.00
2015.06.30 09:10:36.029,1.38397,1.38417,1.00,1.00
2015.06.30 09:10:36.132,1.38397,1.38415,1.00,1.00
2015.06.30 09:10:36.285,1.38394,1.38415,1.50,1.00
2015.06.30 09:10:36.936,1.38397,1.3842,1.50,1.00
2015.06.30 09:10:37.381,1.38393,1.38416,1.00,1.00
2015.06.30 09:10:37.685,1.38392,1.38411,1.00,1.00
2015.06.30 09:10:37.787,1.38384,1.38404,1.12,1.00
2015.06.30 09:10:37.838,1.3839,1.38405,1.00,1.50
2015.06.30 09:10:38.386,1.38384,1.38405,1.00,1.50
2015.06.30 09:10:38.439,1.38386,1.38405,1.00,1.50
2015.06.30 09:10:38.844,1.38388,1.38406,1.00,1.00
2015.06.30 09:10:38.946,1.38384,1.38406,1.00,1.00
2015.06.30 09:10:39.724,1.38385,1.38406,1.00,1.00
2015.06.30 09:10:40.130,1.38383,1.38406,1.00,1.00
2015.06.30 09:10:40.181,1.38383,1.38402,1.00,1.00
2015.06.30 09:10:40.284,1.3838,1.38402,1.50,1.00
2015.06.30 09:10:40.335,1.3838,1.38395,1.50,1.00
2015.06.30 09:10:40.488,1.38377,1.38395,1.50,1.00
2015.06.30 09:10:41.143,1.38383,1.38408,2.25,1.50
2015.06.30 09:10:41.194,1.38384,1.38408,1.37,1.50
2015.06.30 09:10:41.398,1.38387,1.38413,1.50,3.00
2015.06.30 09:10:41.601,1.38388,1.38411,1.00,1.00
2015.06.30 09:10:41.906,1.38387,1.38409,1.50,1.00
2015.06.30 09:10:43.088,1.38385,1.38405,1.00,1.00
2015.06.30 09:10:43.140,1.38385,1.38409,1.00,1.50
2015.06.30 09:10:43.495,1.38385,1.38407,1.00,1.00
2015.06.30 09:10:44.510,1.38385,1.38406,1.00,1.00
2015.06.30 09:10:44.713,1.38385,1.38409,1.00,1.50
2015.06.30 09:10:45.170,1.38388,1.3841,1.00,1.00
2015.06.30 09:10:45.928,1.38388,1.38411,1.00,1.00
2015.06.30 09:10:46.597,1.38388,1.3841,1.00,1.00
2015.06.30 09:10:47.391,1.38393,1.38412,1.00,1.00
2015.06.30 09:10:47.493,1.38393,1.38415,1.00,1.50
2015.06.30 09:10:47.696,1.38399,1.38417,1.00,1.00
2015.06.30 09:10:47.799,1.38393,1.38414,1.00,1.00
2015.06.30 09:10:48.103,1.3839,1.3841,1.00,1.00
2015.06.30 09:10:48.645,1.38393,1.38411,1.00,1.00
2015.06.30 09:10:48.697,1.38391,1.38413,1.00,1.00
2015.06.30 09:10:48.748,1.38391,1.38411,1.00,1.00
2015.06.30 09:10:48.902,1.38389,1.3841,1.00,1.00
2015.06.30 09:10:49.156,1.38387,1.3841,1.00,1.50
2015.06.30 09:10:49.953,1.38386,1.38409,1.00,1.00
2015.06.30 09:10:50.954,1.38386,1.3841,1.00,1.50
2015.06.30 09:10:51.852,1.38386,1.38411,1.50,1.50
2015.06.30 09:10:52.005,1.38388,1.38411,1.00,1.00
2015.06.30 09:10:52.310,1.38405,1.38426,1.00,1.00
2015.06.30 09:10:52.513,1.3841,1.38433,1.00,1.50
2015.06.30 09:10:53.050,1.38411,1.38433,1.00,1.00
2015.06.30 09:10:53.304,1.38411,1.38431,1.00,1.00
2015.06.30 09:10:53.933,1.38411,1.38433,1.00,1.00
2015.06.30 09:10:54.535,1.38411,1.38436,1.00,2.25
2015.06.30 09:10:54.840,1.38411,1.38434,1.00,1.00
2015.06.30 09:10:55.144,1.38409,1.38429,1.00,1.00
2015.06.30 09:10:55.195,1.3841,1.38434,1.00,2.25
2015.06.30 09:10:55.297,1.38409,1.38432,1.00,1.00
2015.06.30 09:10:56.548,1.3841,1.38434,1.00,2.62
2015.06.30 09:10:56.853,1.3841,1.38431,1.00,1.00
2015.06.30 09:10:57.363,1.3841,1.38434,1.00,2.25
2015.06.30 09:10:58.074,1.3841,1.38434,1.50,1.37
2015.06.30 09:10:58.585,1.38409,1.38429,1.00,1.00
2015.06.30 09:10:59.373,1.38407,1.38428,1.00,1.00
2015.06.30 09:10:59.578,1.38408,1.38432,1.50,1.12
2015.06.30 09:10:59.732,1.3841,1.38432,1.00,1.12
2015.06.30 09:11:00.037,1.3841,1.38431,1.00,1.37
2015.06.30 09:11:00.293,1.38406,1.38427,1.00,1.37
2015.06.30 09:11:00.844,1.38405,1.38428,1.12,1.37
2015.06.30 09:11:01.430,1.38406,1.38428,1.00,1.00
2015.06.30 09:11:02.311,1.38406,1.3843,1.00,2.62
2015.06.30 09:11:02.623,1.38404,1.38427,1.87,1.00
2015.06.30 09:11:03.243,1.38404,1.38427,1.87,1.00
2015.06.30 09:11:03.498,1.38399,1.38423,1.12,2.62
2015.06.30 09:11:04.193,1.38396,1.3842,2.62,1.00
2015.06.30 09:11:04.447,1.38395,1.38419,1.87,1.00
2015.06.30 09:11:04.498,1.38395,1.38417,1.12,1.00
2015.06.30 09:11:04.650,1.38395,1.38419,1.87,1.00
2015.06.30 09:11:05.585,1.38395,1.38418,1.37,1.50
2015.06.30 09:11:06.099,1.38392,1.38415,1.87,1.00
2015.06.30 09:11:06.353,1.3839,1.38414,1.50,1.37
2015.06.30 09:11:06.556,1.38395,1.38414,1.60,1.12
2015.06.30 09:11:07.088,1.38403,1.38414,1.00,1.00
2015.06.30 09:11:07.139,1.38403,1.38428,1.50,1.87
2015.06.30 09:11:07.495,1.38404,1.38428,1.00,1.87
2015.06.30 09:11:07.905,1.38407,1.38428,1.00,1.00
2015.06.30 09:11:08.552,1.38404,1.38428,2.25,1.00
2015.06.30 09:11:08.938,1.38404,1.38425,1.37,1.00
2015.06.30 09:11:09.241,1.38395,1.38415,1.00,1.00
2015.06.30 09:11:09.293,1.38392,1.38415,1.87,1.00
2015.06.30 09:11:10.798,1.38391,1.38411,1.00,1.12
2015.06.30 09:11:11.103,1.38387,1.38397,1.00,1.00
2015.06.30 09:11:11.509,1.38385,1.38397,1.00,1.00
2015.06.30 09:11:11.713,1.38385,1.38401,1.00,1.00
2015.06.30 09:11:12.246,1.38385,1.38401,1.00,1.37
2015.06.30 09:11:12.300,1.38378,1.38395,1.00,1.00
2015.06.30 09:11:12.622,1.38378,1.38399,1.00,1.12
2015.06.30 09:11:12.723,1.38379,1.38401,1.00,1.00
2015.06.30 09:11:12.825,1.38381,1.38401,1.00,1.00
2015.06.30 09:11:12.978,1.38379,1.384,1.00,1.00
2015.06.30 09:11:13.557,1.3838,1.384,1.50,1.00
2015.06.30 09:11:13.608,1.3838,1.38397,1.50,1.00
2015.06.30 09:11:13.710,1.3838,1.384,1.50,1.00
2015.06.30 09:11:13.761,1.38378,1.384,1.50,1.00
2015.06.30 09:11:14.283,1.38379,1.384,1.00,1.00
2015.06.30 09:11:14.976,1.38379,1.38403,1.00,1.50
2015.06.30 09:11:15.492,1.3838,1.38403,1.00,1.50
2015.06.30 09:11:15.849,1.38382,1.38401,1.00,1.00
2015.06.30 09:11:16.388,1.38383,1.38407,1.00,1.50
2015.06.30 09:11:16.439,1.38385,1.38408,1.00,2.25
2015.06.30 09:11:16.846,1.38387,1.38411,1.00,2.62
2015.06.30 09:11:16.999,1.38387,1.38411,1.00,1.87
2015.06.30 09:11:17.779,1.38381,1.38405,1.50,1.37
2015.06.30 09:11:18.714,1.38381,1.38405,1.00,1.87
2015.06.30 09:11:19.658,1.38378,1.38403,1.87,1.12
2015.06.30 09:11:19.709,1.38378,1.38403,1.87,1.00
2015.06.30 09:11:19.811,1.38379,1.38403,1.00,1.00
2015.06.30 09:11:20.115,1.38382,1.38403,1.00,1.00
2015.06.30 09:11:20.166,1.38382,1.38406,1.00,1.50
2015.06.30 09:11:20.896,1.38383,1.38407,1.00,3.00
2015.06.30 09:11:21.172,1.38381,1.38405,1.50,1.00
2015.06.30 09:11:21.527,1.38381,1.38403,1.00,1.00
2015.06.30 09:11:22.522,1.38382,1.38405,1.37,1.87
2015.06.30 09:11:22.628,1.38381,1.38405,1.50,1.12
2015.06.30 09:11:22.831,1.38383,1.38405,1.00,1.12
2015.06.30 09:11:22.983,1.38384,1.38407,1.12,1.00
2015.06.30 09:11:23.339,1.38386,1.38407,1.00,1.00
2015.06.30 09:11:24.606,1.38419,1.38434,1.00,1.00
2015.06.30 09:11:24.657,1.38419,1.38441,1.00,1.50
2015.06.30 09:11:24.810,1.38422,1.38444,1.00,1.00
2015.06.30 09:11:25.013,1.38429,1.38454,1.50,1.50
2015.06.30 09:11:25.627,1.38443,1.38454,1.00,1.00
2015.06.30 09:11:25.680,1.3844,1.38463,1.00,1.00
2015.06.30 09:11:25.833,1.3844,1.38462,1.00,1.37
2015.06.30 09:11:25.884,1.38437,1.38462,1.00,1.87
2015.06.30 09:11:26.037,1.38437,1.38462,1.50,1.00
2015.06.30 09:11:26.088,1.38439,1.38463,1.00,1.00
2015.06.30 09:11:26.821,1.38454,1.38467,1.00,1.50
2015.06.30 09:11:26.873,1.38454,1.38479,1.50,1.87
2015.06.30 09:11:27.127,1.38454,1.38471,1.00,1.37
2015.06.30 09:11:27.178,1.38448,1.38471,1.00,1.37
2015.06.30 09:11:27.229,1.38448,1.38472,1.00,1.00
2015.06.30 09:11:27.331,1.38448,1.38472,1.00,1.37
2015.06.30 09:11:27.433,1.38448,1.38472,1.12,1.12
2015.06.30 09:11:28.033,1.3845,1.38472,1.00,1.37
2015.06.30 09:11:28.135,1.38449,1.38474,1.00,1.37
2015.06.30 09:11:28.339,1.38449,1.3847,1.00,1.00
2015.06.30 09:11:28.391,1.38446,1.38469,1.00,1.00
2015.06.30 09:11:28.442,1.38446,1.38469,1.50,1.87
2015.06.30 09:11:28.595,1.38443,1.38465,1.00,1.50
2015.06.30 09:11:28.647,1.38443,1.38465,1.00,1.87
2015.06.30 09:11:28.698,1.3844,1.38465,1.00,1.87
2015.06.30 09:11:29.287,1.38436,1.38459,1.00,1.87
2015.06.30 09:11:29.794,1.38432,1.38454,1.00,1.00
2015.06.30 09:11:30.415,1.38426,1.38446,1.00,1.00
2015.06.30 09:11:30.467,1.38422,1.38446,1.37,1.00
2015.06.30 09:11:30.619,1.38425,1.3845,1.12,1.00
2015.06.30 09:11:30.823,1.38425,1.38445,1.00,1.00
2015.06.30 09:11:30.925,1.38417,1.3844,1.12,1.00
2015.06.30 09:11:31.544,1.38419,1.3844,1.00,1.37
2015.06.30 09:11:31.597,1.38413,1.38437,1.00,1.37
2015.06.30 09:11:31.649,1.38413,1.38439,1.00,1.00
2015.06.30 09:11:31.700,1.38415,1.3844,1.50,1.12
2015.06.30 09:11:32.004,1.38423,1.38449,1.00,1.37
2015.06.30 09:11:32.737,1.38425,1.38449,1.37,1.00
2015.06.30 09:11:32.788,1.38436,1.3846,1.50,1.12
2015.06.30 09:11:33.194,1.38438,1.38462,1.00,1.37
2015.06.30 09:11:34.106,1.38438,1.38464,1.00,1.37
2015.06.30 09:11:34.309,1.38434,1.3846,1.37,1.00
2015.06.30 09:11:34.614,1.38436,1.38457,1.00,1.50
2015.06.30 09:11:34.919,1.3844,1.3846,1.00,1.37
2015.06.30 09:11:35.486,1.38443,1.38462,1.00,1.12
2015.06.30 09:11:36.889,1.38426,1.38444,1.00,1.50
2015.06.30 09:11:36.941,1.38426,1.38448,1.50,1.00
2015.06.30 09:11:37.042,1.38423,1.38447,1.00,1.00
2015.06.30 09:11:37.194,1.38427,1.38447,1.00,1.37
2015.06.30 09:11:37.498,1.3843,1.3845,1.00,1.00
2015.06.30 09:11:38.660,1.38436,1.38452,1.50,1.00
2015.06.30 09:11:38.711,1.38439,1.38462,1.00,1.00
2015.06.30 09:11:39.220,1.38442,1.38466,1.00,1.37
2015.06.30 09:11:39.971,1.38442,1.38466,1.00,1.37
2015.06.30 09:11:40.233,1.38446,1.38466,1.00,1.37
2015.06.30 09:11:40.284,1.38446,1.38466,1.00,1.00
2015.06.30 09:11:40.335,1.38446,1.38469,1.50,1.00
2015.06.30 09:11:40.386,1.38446,1.38469,1.87,1.00
2015.06.30 09:11:40.437,1.3845,1.38475,1.00,1.37
2015.06.30 09:11:41.264,1.38446,1.38469,1.37,1.00
2015.06.30 09:11:41.315,1.38443,1.38469,1.12,1.37
2015.06.30 09:11:42.180,1.38444,1.38469,1.37,1.00
2015.06.30 09:11:42.774,1.3845,1.38476,1.12,1.37
2015.06.30 09:11:43.291,1.38447,1.38474,2.62,1.50
2015.06.30 09:11:43.393,1.38447,1.38474,1.50,1.87
2015.06.30 09:11:43.444,1.38445,1.38471,1.00,1.00
2015.06.30 09:11:43.495,1.38445,1.3847,1.00,1.37
2015.06.30 09:11:43.547,1.38443,1.38467,1.00,1.12
2015.06.30 09:11:44.135,1.38443,1.38451,1.00,1.00
2015.06.30 09:11:44.253,1.38419,1.38441,1.50,1.00
2015.06.30 09:11:44.304,1.38419,1.38441,1.00,1.00
2015.06.30 09:11:44.355,1.3842,1.38445,1.50,1.12
2015.06.30 09:11:44.407,1.38423,1.38445,1.37,1.00
2015.06.30 09:11:44.661,1.38424,1.38448,1.12,1.50
2015.06.30 09:11:45.354,1.38425,1.38448,1.12,1.50
2015.06.30 09:11:45.457,1.38425,1.3845,1.12,1.00
2015.06.30 09:11:45.609,1.38425,1.3845,1.00,1.37
2015.06.30 09:11:45.711,1.38425,1.3845,1.12,1.00
2015.06.30 09:11:45.915,1.3843,1.3845,1.00,1.00
2015.06.30 09:11:46.532,1.38428,1.38449,1.00,1.00
2015.06.30 09:11:46.817,1.38428,1.38444,1.00,1.00
2015.06.30 09:11:46.868,1.38423,1.38449,1.00,1.50
2015.06.30 09:11:47.905,1.38423,1.38449,1.00,1.37
2015.06.30 09:11:47.956,1.38421,1.38446,1.00,1.00
2015.06.30 09:11:48.059,1.38425,1.38446,1.00,1.50
2015.06.30 09:11:48.161,1.38425,1.38449,1.00,1.00
2015.06.30 09:11:48.263,1.38428,1.3845,1.00,1.00
2015.06.30 09:11:48.618,1.38428,1.38452,1.00,1.00
2015.06.30 09:11:49.218,1.38428,1.38452,1.00,1.37
2015.06.30 09:11:49.271,1.38423,1.38449,3.00,1.87
2015.06.30 09:11:49.373,1.38432,1.38449,1.00,1.87
2015.06.30 09:11:49.576,1.38435,1.3846,1.87,1.12
2015.06.30 09:11:49.627,1.38443,1.3846,1.50,1.12
2015.06.30 09:11:49.729,1.38443,1.38464,2.25,1.00
2015.06.30 09:11:49.780,1.38446,1.38469,1.00,1.00
2015.06.30 09:11:49.831,1.38444,1.38469,1.00,1.00
2015.06.30 09:11:49.882,1.38444,1.38466,1.00,1.00
2015.06.30 09:11:50.478,1.38448,1.38472,1.00,1.37
2015.06.30 09:11:50.937,1.38448,1.38472,1.00,1.37
2015.06.30 09:11:52.478,1.38448,1.38473,1.00,1.87
2015.06.30 09:11:52.529,1.38451,1.38473,1.00,1.00
2015.06.30 09:11:52.834,1.38461,1.38484,1.00,1.37
2015.06.30 09:11:53.987,1.38459,1.38484,1.00,1.37
2015.06.30 09:11:54.089,1.38456,1.38481,1.00,1.37
2015.06.30 09:11:54.447,1.38456,1.38481,1.00,1.37
2015.06.30 09:11:55.660,1.38456,1.38481,1.00,1.37
2015.06.30 09:11:57.041,1.38466,1.38481,1.00,1.50
2015.06.30 09:11:57.245,1.38477,1.3849,1.00,1.87
2015.06.30 09:11:57.499,1.38477,1.38487,1.00,1.00
2015.06.30 09:11:57.703,1.38474,1.38487,1.00,1.12
2015.06.30 09:11:58.240,1.38474,1.38487,1.00,1.37
2015.06.30 09:11:58.294,1.38462,1.38483,1.00,1.12
2015.06.30 09:11:58.396,1.38458,1.38483,1.87,1.12
2015.06.30 09:11:58.812,1.38458,1.3848,1.12,1.00
2015.06.30 09:12:00.051,1.38456,1.3848,1.00,1.00
2015.06.30 09:12:00.204,1.38456,1.38478,1.00,1.00
2015.06.30 09:12:00.518,1.38458,1.38482,1.00,1.87
2015.06.30 09:12:00.671,1.38456,1.38482,1.00,1.50
2015.06.30 09:12:01.307,1.38455,1.38479,1.37,1.00
2015.06.30 09:12:01.412,1.38455,1.38483,2.62,1.87
2015.06.30 09:12:01.924,1.38455,1.38483,1.87,1.87
2015.06.30 09:12:02.905,1.38455,1.38468,1.87,1.00
2015.06.30 09:12:02.956,1.38455,1.38467,1.50,1.00
2015.06.30 09:12:03.058,1.38455,1.38465,1.50,1.00
2015.06.30 09:12:03.210,1.38452,1.38467,1.00,1.00
2015.06.30 09:12:03.261,1.38456,1.38476,1.00,1.00
2015.06.30 09:12:03.312,1.38457,1.38474,1.00,1.00
2015.06.30 09:12:04.076,1.38459,1.38476,1.12,1.00
2015.06.30 09:12:04.344,1.38458,1.38478,2.25,1.00
2015.06.30 09:12:04.396,1.38458,1.38476,1.87,1.00
2015.06.30 09:12:04.548,1.38458,1.38476,1.50,1.00
2015.06.30 09:12:04.650,1.3846,1.38479,1.00,1.00
2015.06.30 09:12:05.965,1.38458,1.38479,1.00,1.37
2015.06.30 09:12:06.275,1.3845,1.38463,2.62,1.00
2015.06.30 09:12:07.273,1.38453,1.38463,1.87,1.00
2015.06.30 09:12:07.325,1.38453,1.3847,1.87,1.00
2015.06.30 09:12:07.478,1.38453,1.3847,1.12,1.00
2015.06.30 09:12:07.937,1.38451,1.3847,1.50,1.00
2015.06.30 09:12:08.631,1.38452,1.3847,1.12,1.00
2015.06.30 09:12:08.942,1.38451,1.38468,2.62,1.00
2015.06.30 09:12:08.993,1.38451,1.38472,2.62,1.00
2015.06.30 09:12:09.095,1.38451,1.38472,1.87,1.00
2015.06.30 09:12:09.247,1.38459,1.3848,1.37,1.50
2015.06.30 09:12:09.350,1.3846,1.3848,1.87,1.00
2015.06.30 09:12:09.935,1.38458,1.38482,1.37,1.00
2015.06.30 09:12:09.986,1.38458,1.38477,1.37,1.00
2015.06.30 09:12:10.595,1.3846,1.38481,1.12,1.00
2015.06.30 09:12:10.697,1.3846,1.38477,1.00,1.00
2015.06.30 09:12:11.233,1.38454,1.38473,1.00,1.00
2015.06.30 09:12:11.944,1.38454,1.38471,1.00,1.00
2015.06.30 09:12:12.625,1.38451,1.38471,1.00,1.00
2015.06.30 09:12:12.676,1.38447,1.38471,1.12,1.00
2015.06.30 09:12:12.931,1.38447,1.38468,1.12,1.00
2015.06.30 09:12:13.338,1.38445,1.38468,1.50,1.00
2015.06.30 09:12:13.389,1.38445,1.38465,1.50,1.00
2015.06.30 09:12:14.185,1.38445,1.38466,1.00,1.00
2015.06.30 09:12:14.490,1.38453,1.38471,1.00,1.00
2015.06.30 09:12:14.643,1.3845,1.38471,1.00,1.00
2015.06.30 09:12:14.998,1.3845,1.38468,1.00,1.00
2015.06.30 09:12:15.537,1.38452,1.38468,1.00,1.00
2015.06.30 09:12:15.588,1.38452,1.38474,1.50,1.00
2015.06.30 09:12:16.961,1.38444,1.38464,1.00,1.00
2015.06.30 09:12:17.014,1.38442,1.38464,1.12,1.00
2015.06.30 09:12:17.166,1.38442,1.38461,1.00,1.00
2015.06.30 09:12:17.824,1.38442,1.38459,1.00,1.00
2015.06.30 09:12:19.122,1.38439,1.38455,1.00,1.00
2015.06.30 09:12:19.174,1.38439,1.38462,1.00,1.12
2015.06.30 09:12:19.482,1.38439,1.38459,1.00,1.00
2015.06.30 09:12:19.687,1.38435,1.38459,3.00,1.00
2015.06.30 09:12:20.538,1.38443,1.38462,1.00,1.37
2015.06.30 09:12:20.593,1.38444,1.38465,1.00,1.00
2015.06.30 09:12:21.121,1.38443,1.38467,1.00,1.75
2015.06.30 09:12:21.990,1.38442,1.38465,1.00,1.50
2015.06.30 09:12:22.498,1.38443,1.38465,1.00,1.37
2015.06.30 09:12:23.597,1.38444,1.38465,1.00,1.00
2015.06.30 09:12:24.408,1.38442,1.38464,1.87,1.00
2015.06.30 09:12:25.049,1.3845,1.3847,1.50,1.37
2015.06.30 09:12:25.101,1.3845,1.3847,1.50,1.00
2015.06.30 09:12:25.305,1.38451,1.38473,1.00,1.12
2015.06.30 09:12:26.249,1.38451,1.38475,1.00,1.00
2015.06.30 09:12:26.576,1.38451,1.38475,1.00,1.37
2015.06.30 09:12:27.126,1.38454,1.38475,1.00,1.50
2015.06.30 09:12:27.814,1.3846,1.38475,1.37,1.37
2015.06.30 09:12:27.967,1.38482,1.38496,1.00,1.00
2015.06.30 09:12:28.068,1.38482,1.38501,1.00,1.37
2015.06.30 09:12:28.918,1.38482,1.38501,1.12,1.00
2015.06.30 09:12:28.970,1.38493,1.38504,1.00,1.00
2015.06.30 09:12:29.021,1.38493,1.38507,1.00,1.00
2015.06.30 09:12:29.123,1.3849,1.38512,1.00,1.00
2015.06.30 09:12:29.175,1.38493,1.3851,1.00,1.00
2015.06.30 09:12:29.480,1.38499,1.38518,1.00,1.37
2015.06.30 09:12:30.068,1.38503,1.38519,1.00,1.00
2015.06.30 09:12:30.119,1.38499,1.3852,1.00,1.50
2015.06.30 09:12:30.170,1.38493,1.38514,1.37,1.00
2015.06.30 09:12:30.425,1.38496,1.38519,1.50,1.37
2015.06.30 09:12:30.476,1.38495,1.38513,1.00,1.37
2015.06.30 09:12:30.527,1.38491,1.38513,1.00,1.37
2015.06.30 09:12:31.726,1.38488,1.38512,1.00,1.37
2015.06.30 09:12:31.833,1.38484,1.38509,1.00,1.00
2015.06.30 09:12:31.884,1.38486,1.38509,1.00,1.00
2015.06.30 09:12:32.391,1.38487,1.38509,1.00,1.00
2015.06.30 09:12:32.919,1.38485,1.38507,1.00,1.87
2015.06.30 09:12:32.986,1.38481,1.38507,1.00,1.87
2015.06.30 09:12:33.088,1.38484,1.38507,1.00,1.37
2015.06.30 09:12:33.241,1.38481,1.38507,1.00,1.87
2015.06.30 09:12:33.445,1.38478,1.38503,1.12,1.12
2015.06.30 09:12:33.598,1.3848,1.38505,1.00,2.62
2015.06.30 09:12:34.226,1.38481,1.38505,1.00,1.87
2015.06.30 09:12:34.741,1.3848,1.38505,1.50,1.37
2015.06.30 09:12:35.700,1.38487,1.38509,1.00,1.12
2015.06.30 09:12:36.223,1.38488,1.38513,1.12,1.37
2015.06.30 09:12:36.325,1.3849,1.38513,1.00,1.37
2015.06.30 09:12:37.002,1.3848,1.38505,1.37,1.00
2015.06.30 09:12:37.104,1.38481,1.38506,1.00,1.37
2015.06.30 09:12:37.205,1.38481,1.38506,1.12,1.37
2015.06.30 09:12:37.714,1.38481,1.38506,1.00,1.37
2015.06.30 09:12:38.433,1.3848,1.38506,1.00,1.87
2015.06.30 09:12:38.941,1.3848,1.38506,1.00,2.62
2015.06.30 09:12:40.238,1.3848,1.38506,1.87,1.87
2015.06.30 09:12:40.998,1.38481,1.38506,1.12,1.87
2015.06.30 09:12:41.793,1.3848,1.38506,1.87,1.87
2015.06.30 09:12:42.098,1.3848,1.38506,1.87,1.87
2015.06.30 09:12:43.023,1.3848,1.38506,1.87,1.87
2015.06.30 09:12:43.328,1.38469,1.38482,1.00,1.00
2015.06.30 09:12:43.531,1.38469,1.38484,1.87,1.00
2015.06.30 09:12:43.582,1.38474,1.38481,1.00,1.00
2015.06.30 09:12:43.633,1.38474,1.38484,1.00,1.00
2015.06.30 09:12:43.684,1.38474,1.38482,1.00,1.00
2015.06.30 09:12:43.786,1.38472,1.38482,1.12,1.00
2015.06.30 09:12:44.995,1.38468,1.38477,1.87,1.00
2015.06.30 09:12:45.050,1.38456,1.38471,1.00,1.00
2015.06.30 09:12:45.204,1.38454,1.38471,1.00,1.00
2015.06.30 09:12:45.357,1.38453,1.38469,1.12,1.00
2015.06.30 09:12:45.663,1.3845,1.38465,1.00,1.00
2015.06.30 09:12:46.263,1.38449,1.38463,1.00,1.00
2015.06.30 09:12:46.315,1.38445,1.3846,1.12,1.00
2015.06.30 09:12:46.823,1.38444,1.3846,1.00,1.00
2015.06.30 09:12:47.673,1.38444,1.3846,1.50,1.00
2015.06.30 09:12:47.877,1.3845,1.38466,1.00,1.00
2015.06.30 09:12:48.030,1.38448,1.38472,1.50,1.00
2015.06.30 09:12:48.081,1.38452,1.38474,1.35,2.25
2015.06.30 09:12:48.830,1.38458,1.38474,1.12,1.00
2015.06.30 09:12:48.882,1.38456,1.38477,1.87,1.00
2015.06.30 09:12:48.984,1.38457,1.38479,1.37,1.50
2015.06.30 09:12:49.239,1.38458,1.38472,1.00,1.00
2015.06.30 09:12:49.391,1.3845,1.3847,1.00,1.00
2015.06.30 09:12:49.594,1.38448,1.38471,1.00,1.00
2015.06.30 09:12:50.398,1.38448,1.38471,1.37,1.00
2015.06.30 09:12:50.449,1.38448,1.38469,1.37,1.00
2015.06.30 09:12:50.806,1.38449,1.38462,1.00,1.00
2015.06.30 09:12:50.858,1.38449,1.38464,1.00,1.00
2015.06.30 09:12:51.453,1.38443,1.38465,1.50,1.00
2015.06.30 09:12:51.504,1.38448,1.38465,1.00,1.00
2015.06.30 09:12:51.555,1.38448,1.38469,1.00,1.00
2015.06.30 09:12:51.708,1.38445,1.38468,1.12,1.00
2015.06.30 09:12:51.912,1.38449,1.38469,1.50,1.50
2015.06.30 09:12:52.678,1.38449,1.38472,1.12,1.50
2015.06.30 09:12:53.033,1.38449,1.38469,1.12,1.00
2015.06.30 09:12:53.085,1.38449,1.38472,1.00,1.37
2015.06.30 09:12:54.042,1.3845,1.38472,1.00,1.00
2015.06.30 09:12:55.860,1.38449,1.38472,1.00,1.12
2015.06.30 09:12:56.063,1.38449,1.38472,1.00,1.37
2015.06.30 09:12:56.115,1.38447,1.38469,1.00,1.12
2015.06.30 09:12:56.166,1.38445,1.38466,1.00,1.00
2015.06.30 09:12:56.955,1.38443,1.38466,1.12,1.12
2015.06.30 09:12:57.108,1.38445,1.38466,1.12,1.00
2015.06.30 09:12:57.260,1.38445,1.3847,1.37,1.87
2015.06.30 09:12:57.311,1.38448,1.3847,1.00,1.12
2015.06.30 09:12:59.127,1.38448,1.38472,1.37,1.12
2015.06.30 09:12:59.642,1.38448,1.38472,1.00,1.12
2015.06.30 09:13:00.601,1.38447,1.38471,1.00,1.37
2015.06.30 09:13:00.704,1.38444,1.38469,1.00,1.50
2015.06.30 09:13:01.061,1.38444,1.38466,1.00,1.00
2015.06.30 09:13:01.367,1.38441,1.38464,1.00,1.12
2015.06.30 09:13:01.963,1.38444,1.38466,1.00,1.00
2015.06.30 09:13:02.028,1.38441,1.38466,1.87,1.00
2015.06.30 09:13:02.181,1.38441,1.38464,1.37,1.00
2015.06.30 09:13:02.486,1.38439,1.38464,1.00,1.87
2015.06.30 09:13:02.690,1.38438,1.38452,1.12,1.00
2015.06.30 09:13:02.843,1.38437,1.38455,1.50,1.00
2015.06.30 09:13:03.415,1.38436,1.38455,1.00,1.00
2015.06.30 09:13:03.518,1.38439,1.38455,1.00,1.00
2015.06.30 09:13:03.569,1.38443,1.3846,1.00,1.00
2015.06.30 09:13:03.671,1.38447,1.38466,1.50,1.00
2015.06.30 09:13:03.773,1.38447,1.38468,1.50,1.00
2015.06.30 09:13:03.825,1.38449,1.38468,1.00,1.00
2015.06.30 09:13:03.978,1.38447,1.38468,1.12,1.00
2015.06.30 09:13:04.029,1.3845,1.38468,1.00,1.00
2015.06.30 09:13:04.748,1.3845,1.38472,1.00,1.00
2015.06.30 09:13:05.205,1.38452,1.38473,1.00,1.50
2015.06.30 09:13:05.512,1.38457,1.38478,1.00,1.00
2015.06.30 09:13:06.000,1.38457,1.3847,1.00,1.00
2015.06.30 09:13:06.061,1.38451,1.3847,1.00,1.50
2015.06.30 09:13:06.264,1.38447,1.3847,1.12,1.50
2015.06.30 09:13:07.561,1.38447,1.3847,1.37,1.50
2015.06.30 09:13:08.329,1.38447,1.3847,1.37,1.50
2015.06.30 09:13:08.431,1.38447,1.3847,1.00,1.50
2015.06.30 09:13:09.117,1.38445,1.3847,2.25,1.50
2015.06.30 09:13:09.923,1.38445,1.3847,2.25,1.00
2015.06.30 09:13:10.865,1.38445,1.38462,1.37,1.00
2015.06.30 09:13:10.921,1.38441,1.38462,1.00,1.00
2015.06.30 09:13:11.379,1.38437,1.38458,1.37,1.00
2015.06.30 09:13:11.684,1.38437,1.38456,1.50,1.00
2015.06.30 09:13:12.800,1.38437,1.38456,1.12,1.00
2015.06.30 09:13:13.359,1.38436,1.38456,1.50,1.00
2015.06.30 09:13:14.717,1.38434,1.38456,1.00,1.00
2015.06.30 09:13:15.306,1.38433,1.38456,3.00,1.00
2015.06.30 09:13:16.608,1.38436,1.38457,1.12,1.00
2015.06.30 09:13:16.912,1.38436,1.3845,1.12,1.00
2015.06.30 09:13:17.898,1.38438,1.38453,1.00,1.00
2015.06.30 09:13:18.203,1.38439,1.38456,1.12,1.00
2015.06.30 09:13:18.254,1.38438,1.38456,1.37,1.00
2015.06.30 09:13:18.768,1.38439,1.38453,1.00,1.00
2015.06.30 09:13:19.579,1.38437,1.38453,1.37,1.00
2015.06.30 09:13:20.000,1.38443,1.3846,1.00,1.00
2015.06.30 09:13:20.051,1.38443,1.38464,1.37,1.00
2015.06.30 09:13:20.102,1.38446,1.3846,1.00,1.00
2015.06.30 09:13:20.204,1.38444,1.3846,1.00,1.00
2015.06.30 09:13:20.810,1.38447,1.38462,1.00,1.00
2015.06.30 09:13:20.862,1.38445,1.38462,1.00,1.00
2015.06.30 09:13:21.167,1.38445,1.38459,1.00,1.00
2015.06.30 09:13:21.320,1.38442,1.38459,1.00,1.00
2015.06.30 09:13:21.422,1.38444,1.38459,1.00,1.00
2015.06.30 09:13:21.524,1.38442,1.38459,1.00,1.00
2015.06.30 09:13:21.626,1.38444,1.38459,1.00,1.00
2015.06.30 09:13:22.120,1.38442,1.38459,1.00,1.00
2015.06.30 09:13:22.840,1.38439,1.38459,1.00,1.00
2015.06.30 09:13:22.891,1.38439,1.38459,1.37,1.00
2015.06.30 09:13:23.144,1.3844,1.38462,1.37,1.00
2015.06.30 09:13:23.730,1.38438,1.38454,1.50,1.00
2015.06.30 09:13:23.781,1.38435,1.38454,1.00,1.00
2015.06.30 09:13:23.832,1.38433,1.38454,1.00,1.00
2015.06.30 09:13:23.985,1.38435,1.38454,1.00,1.00
2015.06.30 09:13:24.087,1.38433,1.38454,1.00,1.00
2015.06.30 09:13:24.341,1.38433,1.38457,1.50,1.00
2015.06.30 09:13:24.392,1.38436,1.38457,1.00,1.00
2015.06.30 09:13:25.735,1.38434,1.38459,1.00,1.50
2015.06.30 09:13:26.040,1.38437,1.38459,1.00,1.12
2015.06.30 09:13:26.435,1.38437,1.38453,1.00,1.00
2015.06.30 09:13:27.074,1.38429,1.38447,1.87,1.00
2015.06.30 09:13:27.176,1.38429,1.3845,1.12,1.00
2015.06.30 09:13:27.480,1.38429,1.38447,1.12,1.00
2015.06.30 09:13:30.053,1.38428,1.38447,1.50,1.00
2015.06.30 09:13:30.619,1.38428,1.38452,1.50,1.00
2015.06.30 09:13:30.670,1.38436,1.38452,1.00,1.00
2015.06.30 09:13:30.774,1.38432,1.38453,1.12,1.00
2015.06.30 09:13:30.826,1.38432,1.38457,1.12,1.50
2015.06.30 09:13:30.877,1.38434,1.38457,1.00,1.50
2015.06.30 09:13:31.433,1.38438,1.38462,1.00,1.50
2015.06.30 09:13:31.534,1.38436,1.38461,1.00,1.00
2015.06.30 09:13:32.066,1.38437,1.38461,1.00,1.00
2015.06.30 09:13:32.117,1.38436,1.38461,1.00,1.37
2015.06.30 09:13:33.552,1.38435,1.38461,1.87,1.37
2015.06.30 09:13:34.071,1.38436,1.38461,1.12,1.37
2015.06.30 09:13:34.591,1.38436,1.38461,1.12,1.37
2015.06.30 09:13:35.107,1.38436,1.38461,1.37,1.00
2015.06.30 09:13:35.643,1.38438,1.38461,1.00,1.00
2015.06.30 09:13:36.262,1.38437,1.38461,1.37,1.00
2015.06.30 09:13:36.569,1.38437,1.38461,1.00,1.50
2015.06.30 09:13:36.620,1.38435,1.3846,1.00,1.37
2015.06.30 09:13:36.671,1.38435,1.3846,1.00,1.75
2015.06.30 09:13:36.773,1.38433,1.38457,1.00,1.50
2015.06.30 09:13:37.770,1.38433,1.38457,1.00,1.50
2015.06.30 09:13:40.134,1.38422,1.38442,1.00,1.00
2015.06.30 09:13:40.337,1.3842,1.38442,1.12,1.00
2015.06.30 09:13:41.428,1.3842,1.3844,1.87,1.00
2015.06.30 09:13:41.479,1.38418,1.3844,1.00,1.50
2015.06.30 09:13:42.734,1.38421,1.38444,1.00,1.37
2015.06.30 09:13:43.369,1.38425,1.38445,1.00,1.37
2015.06.30 09:13:43.420,1.38425,1.38445,1.00,1.00
2015.06.30 09:13:43.522,1.38428,1.38448,1.00,1.37
2015.06.30 09:13:43.573,1.38428,1.38448,1.00,1.00
2015.06.30 09:13:44.294,1.38428,1.38453,1.00,1.00
2015.06.30 09:13:44.396,1.38428,1.38449,1.00,1.12
2015.06.30 09:13:44.706,1.38425,1.38449,1.00,1.12
2015.06.30 09:13:44.984,1.38427,1.3845,1.00,1.00
2015.06.30 09:13:45.086,1.38427,1.38453,1.50,1.87
2015.06.30 09:13:45.976,1.38426,1.3845,1.50,1.00
2015.06.30 09:13:46.281,1.38428,1.3845,1.00,1.37
2015.06.30 09:13:47.221,1.38427,1.3845,1.12,1.00
2015.06.30 09:13:48.136,1.38428,1.3845,1.00,1.00
2015.06.30 09:13:49.082,1.3844,1.38464,1.37,1.37
2015.06.30 09:13:49.134,1.3844,1.38464,1.37,1.00
2015.06.30 09:13:49.286,1.38439,1.38459,1.00,1.00
2015.06.30 09:13:49.388,1.38436,1.38457,1.00,1.00
2015.06.30 09:13:49.439,1.38433,1.38457,1.00,1.12
2015.06.30 09:13:49.693,1.38431,1.38456,1.00,1.37
2015.06.30 09:13:50.343,1.38427,1.3845,1.12,1.00
2015.06.30 09:13:50.597,1.38421,1.38446,1.12,1.50
2015.06.30 09:13:51.799,1.3842,1.38446,2.62,1.50
2015.06.30 09:13:52.614,1.3842,1.38446,2.62,1.87
2015.06.30 09:13:54.234,1.38421,1.38445,1.12,1.50
2015.06.30 09:13:54.784,1.38421,1.38445,1.12,1.12
2015.06.30 09:13:55.125,1.38421,1.38445,1.00,1.37
2015.06.30 09:13:55.330,1.38421,1.38446,1.37,1.87
2015.06.30 09:13:55.910,1.38424,1.38449,1.37,1.50
2015.06.30 09:13:56.063,1.38428,1.38452,1.12,2.62
2015.06.30 09:13:56.115,1.38429,1.38452,1.37,1.50
2015.06.30 09:13:56.319,1.3843,1.38455,1.87,1.00
2015.06.30 09:13:57.308,1.3843,1.38455,2.62,1.00
2015.06.30 09:13:57.629,1.38437,1.3846,1.37,1.00
2015.06.30 09:13:57.681,1.3844,1.38463,1.12,1.12
2015.06.30 09:13:57.936,1.3844,1.38465,2.62,1.00
2015.06.30 09:13:57.988,1.38442,1.38468,1.00,2.25
2015.06.30 09:13:58.039,1.38442,1.38468,1.37,1.50
2015.06.30 09:13:58.628,1.38441,1.38457,1.00,1.37
2015.06.30 09:13:58.688,1.38434,1.38457,1.00,1.87
2015.06.30 09:13:58.739,1.38432,1.38455,1.00,1.37
2015.06.30 09:13:58.791,1.38429,1.3845,1.00,1.00
2015.06.30 09:13:58.842,1.38426,1.3845,1.50,1.00
2015.06.30 09:13:59.198,1.38425,1.38448,1.12,1.00
2015.06.30 09:13:59.955,1.38422,1.38448,2.62,1.50
2015.06.30 09:14:00.007,1.38422,1.38445,1.37,1.00
2015.06.30 09:14:00.159,1.3842,1.38443,1.00,1.00
2015.06.30 09:14:00.211,1.38417,1.38441,1.00,1.00
2015.06.30 09:14:00.363,1.38415,1.3844,1.12,1.00
2015.06.30 09:14:00.465,1.38415,1.3844,1.00,1.37
2015.06.30 09:14:00.618,1.38415,1.3844,1.50,1.00
2015.06.30 09:14:00.720,1.38418,1.3844,1.00,1.00
2015.06.30 09:14:01.278,1.38413,1.38435,1.00,1.00
2015.06.30 09:14:01.796,1.38412,1.38435,1.12,1.00
2015.06.30 09:14:02.157,1.3841,1.38433,1.00,1.00
2015.06.30 09:14:02.942,1.38409,1.38433,1.50,1.00
2015.06.30 09:14:03.247,1.38409,1.3843,1.12,1.00
2015.06.30 09:14:03.558,1.3841,1.3843,1.37,1.00
2015.06.30 09:14:03.609,1.38411,1.38434,1.37,1.00
2015.06.30 09:14:03.712,1.38414,1.38434,1.00,1.00
2015.06.30 09:14:03.916,1.38415,1.38439,1.37,1.50
2015.06.30 09:14:04.451,1.38415,1.38435,1.00,1.00
2015.06.30 09:14:04.969,1.38413,1.38435,1.50,1.00
2015.06.30 09:14:05.271,1.38417,1.38435,1.00,1.00
2015.06.30 09:14:05.323,1.38419,1.38438,1.00,1.00
2015.06.30 09:14:05.425,1.38421,1.38444,1.00,1.00
2015.06.30 09:14:05.948,1.38423,1.38444,1.12,1.00
2015.06.30 09:14:06.308,1.38424,1.38447,1.00,1.00
2015.06.30 09:14:08.127,1.38422,1.38447,1.50,1.12
2015.06.30 09:14:08.510,1.38421,1.38445,1.37,1.00
2015.06.30 09:14:08.815,1.38426,1.3844,1.00,1.00
2015.06.30 09:14:09.018,1.38417,1.38436,1.00,1.00
2015.06.30 09:14:09.588,1.38417,1.38435,1.00,1.12
2015.06.30 09:14:09.640,1.38409,1.38433,1.00,1.00
2015.06.30 09:14:10.697,1.38409,1.38431,1.00,1.00
2015.06.30 09:14:11.376,1.38409,1.38427,1.00,1.00
2015.06.30 09:14:11.427,1.38405,1.38427,1.12,1.00
2015.06.30 09:14:12.159,1.38405,1.38427,1.37,1.00
2015.06.30 09:14:15.065,1.38405,1.38427,1.12,1.00
2015.06.30 09:14:15.592,1.38402,1.38426,1.37,1.12
2015.06.30 09:14:15.694,1.38399,1.38425,1.12,1.75
2015.06.30 09:14:16.383,1.38395,1.38421,1.12,2.62
2015.06.30 09:14:16.893,1.38394,1.3842,1.37,1.50
2015.06.30 09:14:17.298,1.38393,1.38419,3.37,1.50
2015.06.30 09:14:18.097,1.38393,1.38415,1.50,1.37
2015.06.30 09:14:18.149,1.38389,1.38412,1.00,1.00
2015.06.30 09:14:18.200,1.38388,1.38412,1.00,1.37
2015.06.30 09:14:18.555,1.3839,1.38411,1.00,1.00
2015.06.30 09:14:18.708,1.3839,1.38414,1.00,1.37
2015.06.30 09:14:19.391,1.38391,1.38413,1.00,1.37
2015.06.30 09:14:19.444,1.38388,1.38412,1.87,1.12
2015.06.30 09:14:19.951,1.38389,1.38412,1.00,1.12
2015.06.30 09:14:20.267,1.38388,1.3841,1.12,1.00
2015.06.30 09:14:21.542,1.38395,1.38411,1.12,1.00
2015.06.30 09:14:21.593,1.38395,1.38417,1.12,1.00
2015.06.30 09:14:21.695,1.38395,1.38417,1.37,1.00
2015.06.30 09:14:21.747,1.38397,1.38421,1.12,1.00
2015.06.30 09:14:21.899,1.38398,1.38421,1.37,1.00
2015.06.30 09:14:22.052,1.38403,1.38427,1.00,1.87
2015.06.30 09:14:22.730,1.38402,1.38427,1.00,2.62
2015.06.30 09:14:22.934,1.38404,1.38427,1.00,1.00
2015.06.30 09:14:23.450,1.38403,1.38427,1.00,1.00
2015.06.30 09:14:23.756,1.38418,1.38427,1.00,1.00
2015.06.30 09:14:24.322,1.38414,1.38428,1.37,1.00
2015.06.30 09:14:24.380,1.38415,1.38437,1.37,1.00
2015.06.30 09:14:24.991,1.38416,1.3844,1.37,1.00
2015.06.30 09:14:25.622,1.38415,1.3844,1.37,1.00
2015.06.30 09:14:26.160,1.38416,1.38441,1.12,2.25
2015.06.30 09:14:26.669,1.38417,1.38441,1.00,2.25
2015.06.30 09:14:27.172,1.38435,1.38441,1.00,1.00
2015.06.30 09:14:27.224,1.38438,1.38457,1.00,1.00
2015.06.30 09:14:27.327,1.38436,1.38457,1.00,1.00
2015.06.30 09:14:27.378,1.38434,1.3846,2.25,2.25
2015.06.30 09:14:27.480,1.38434,1.38456,1.00,1.50
2015.06.30 09:14:27.531,1.38431,1.38456,1.00,1.50
2015.06.30 09:14:27.582,1.38429,1.38454,3.00,1.00
2015.06.30 09:14:27.887,1.3843,1.38451,1.00,1.00
2015.06.30 09:14:28.790,1.38429,1.38451,1.00,1.00
2015.06.30 09:14:29.265,1.38428,1.38449,1.00,1.00
2015.06.30 09:14:29.318,1.38423,1.38447,1.00,1.00
2015.06.30 09:14:29.420,1.38421,1.38446,2.25,1.87
2015.06.30 09:14:29.980,1.38421,1.38441,1.00,1.37
2015.06.30 09:14:30.031,1.38416,1.38441,1.87,1.37
2015.06.30 09:14:30.082,1.38414,1.38438,2.25,1.00
2015.06.30 09:14:30.937,1.38414,1.38438,1.12,1.00
2015.06.30 09:14:31.569,1.38413,1.38438,1.00,1.37
2015.06.30 09:14:31.822,1.38416,1.38438,1.00,1.12
2015.06.30 09:14:31.924,1.38417,1.38442,1.50,1.87
2015.06.30 09:14:31.975,1.38425,1.38442,1.00,1.12
2015.06.30 09:14:32.077,1.38425,1.38445,1.00,1.00
2015.06.30 09:14:32.179,1.38424,1.38448,1.00,1.37
2015.06.30 09:14:32.779,1.38426,1.38449,1.00,1.00
2015.06.30 09:14:33.084,1.38429,1.38451,1.00,1.12
2015.06.30 09:14:33.388,1.38424,1.38449,1.12,1.37
2015.06.30 09:14:34.837,1.38424,1.38447,1.00,1.87
2015.06.30 09:14:35.324,1.38428,1.38447,1.00,1.87
2015.06.30 09:14:35.376,1.38423,1.38447,1.12,1.87
2015.06.30 09:14:35.478,1.38428,1.38447,1.00,1.00
2015.06.30 09:14:35.529,1.38428,1.38454,1.50,1.87
2015.06.30 09:14:35.581,1.3843,1.38447,1.00,1.00
2015.06.30 09:14:36.090,1.3843,1.38453,1.00,1.12
2015.06.30 09:14:36.465,1.38427,1.38453,1.87,1.12
2015.06.30 09:14:36.567,1.38427,1.38451,1.87,1.00
2015.06.30 09:14:36.821,1.38418,1.38444,1.50,1.12
2015.06.30 09:14:37.356,1.38421,1.38447,1.00,2.25
2015.06.30 09:14:37.661,1.38425,1.3845,1.00,1.00
2015.06.30 09:14:38.770,1.3843,1.3845,1.00,1.00
2015.06.30 09:14:38.923,1.3843,1.38454,1.00,1.00
2015.06.30 09:14:39.405,1.38431,1.38451,1.00,1.00
2015.06.30 09:14:40.092,1.38429,1.38451,1.00,1.00
2015.06.30 09:14:40.634,1.38428,1.38451,1.12,1.00
2015.06.30 09:14:41.167,1.38431,1.38451,1.50,1.00
2015.06.30 09:14:41.218,1.38431,1.38455,1.50,1.87
2015.06.30 09:14:41.858,1.3843,1.38453,1.00,1.12
2015.06.30 09:14:47.795,1.38432,1.38453,1.00,1.12
2015.06.30 09:14:48.346,1.38429,1.38453,1.05,1.12
2015.06.30 09:14:48.701,1.38428,1.38451,1.05,1.00
2015.06.30 09:14:49.920,1.38423,1.38438,1.00,1.00
2015.06.30 09:14:49.972,1.38417,1.38438,1.12,1.00
2015.06.30 09:14:50.125,1.38414,1.38438,1.00,1.00
2015.06.30 09:14:50.450,1.38412,1.38438,1.50,1.87
2015.06.30 09:14:51.163,1.38413,1.38431,1.00,1.00
2015.06.30 09:14:51.221,1.38409,1.38431,1.00,1.00
2015.06.30 09:14:52.707,1.38408,1.38431,1.00,1.00
2015.06.30 09:14:54.556,1.38413,1.38437,1.00,1.87
2015.06.30 09:14:54.607,1.38411,1.38437,1.50,1.87
2015.06.30 09:14:54.976,1.38413,1.38434,1.00,1.00
2015.06.30 09:14:55.763,1.38429,1.3845,1.00,1.00
2015.06.30 09:14:55.865,1.3843,1.38452,1.00,1.00
2015.06.30 09:14:56.273,1.38427,1.38451,1.00,1.00
2015.06.30 09:14:56.325,1.38427,1.38448,1.00,1.00
2015.06.30 09:14:56.941,1.38427,1.3845,1.00,1.00
2015.06.30 09:14:56.992,1.38429,1.3845,1.50,1.00
2015.06.30 09:14:57.145,1.38424,1.38448,2.25,1.00
2015.06.30 09:14:57.247,1.38424,1.38445,1.00,1.00
2015.06.30 09:14:57.707,1.38428,1.38442,1.00,1.00
2015.06.30 09:14:57.760,1.38429,1.38449,1.00,1.00
2015.06.30 09:14:57.862,1.38429,1.38451,1.00,1.00
2015.06.30 09:14:58.413,1.3843,1.38449,1.00,1.00
2015.06.30 09:14:58.464,1.38428,1.38449,1.00,1.00
2015.06.30 09:14:58.997,1.38427,1.38449,1.50,1.00
2015.06.30 09:15:00.373,1.3843,1.38449,1.00,1.00
2015.06.30 09:15:00.678,1.38442,1.38452,1.00,1.00
2015.06.30 09:15:00.729,1.38442,1.38459,1.00,1.00
2015.06.30 09:15:01.254,1.38445,1.38464,1.50,1.00
2015.06.30 09:15:01.307,1.38448,1.38465,1.00,1.00
2015.06.30 09:15:01.359,1.38449,1.38469,1.00,1.00
2015.06.30 09:15:01.410,1.38449,1.38466,1.00,1.00
2015.06.30 09:15:01.664,1.38449,1.38472,1.00,1.87
2015.06.30 09:15:01.766,1.38449,1.38469,1.00,1.12
2015.06.30 09:15:03.292,1.38449,1.38457,1.00,1.37
2015.06.30 09:15:03.346,1.38432,1.38457,1.50,1.37
2015.06.30 09:15:03.499,1.38431,1.38453,1.12,1.00
2015.06.30 09:15:03.805,1.38428,1.38453,1.00,1.12
2015.06.30 09:15:03.857,1.38427,1.38452,1.00,1.37
2015.06.30 09:15:04.496,1.38431,1.38451,1.00,1.00
2015.06.30 09:15:04.749,1.38437,1.38458,1.00,1.12
2015.06.30 09:15:04.952,1.38435,1.38461,1.50,1.87
2015.06.30 09:15:05.004,1.38436,1.38458,1.00,1.37
2015.06.30 09:15:05.840,1.38437,1.38458,1.00,1.00
2015.06.30 09:15:06.115,1.38439,1.38461,1.00,1.00
2015.06.30 09:15:06.633,1.38439,1.38463,1.00,1.37
2015.06.30 09:15:07.300,1.38439,1.38463,1.00,1.37
2015.06.30 09:15:07.352,1.38438,1.38462,1.00,1.75
2015.06.30 09:15:07.556,1.38436,1.3846,1.00,1.37
2015.06.30 09:15:07.736,1.38436,1.3846,1.00,1.00
2015.06.30 09:15:08.199,1.38439,1.38461,1.00,1.00
2015.06.30 09:15:08.780,1.3844,1.38462,1.00,1.00
2015.06.30 09:15:09.666,1.38446,1.38462,1.00,1.00
2015.06.30 09:15:09.768,1.38449,1.38466,1.00,1.00
2015.06.30 09:15:09.819,1.38451,1.38468,1.00,1.00
2015.06.30 09:15:09.871,1.38451,1.3847,1.00,1.00
2015.06.30 09:15:10.394,1.38452,1.38475,1.00,1.12
2015.06.30 09:15:12.510,1.38452,1.38475,1.87,1.00
2015.06.30 09:15:12.663,1.38455,1.38475,1.00,1.00
2015.06.30 09:15:13.335,1.38458,1.3848,1.12,1.50
2015.06.30 09:15:13.899,1.38457,1.3848,1.00,1.87
2015.06.30 09:15:14.052,1.38454,1.3848,1.37,3.37
2015.06.30 09:15:14.103,1.38454,1.3848,1.00,3.75
2015.06.30 09:15:14.671,1.38455,1.38473,1.00,1.00
2015.06.30 09:15:14.874,1.38455,1.38476,1.00,1.00
2015.06.30 09:15:15.384,1.38456,1.38476,1.00,1.00
2015.06.30 09:15:16.635,1.38464,1.38477,1.00,1.00
2015.06.30 09:15:16.738,1.38464,1.38479,1.00,1.00
2015.06.30 09:15:16.789,1.38464,1.38482,1.00,1.00
2015.06.30 09:15:16.890,1.38464,1.38485,1.00,1.00
2015.06.30 09:15:16.993,1.38464,1.38487,1.00,1.00
2015.06.30 09:15:17.877,1.38465,1.38487,1.00,1.00
2015.06.30 09:15:18.132,1.38463,1.38485,1.00,1.00
2015.06.30 09:15:18.285,1.3846,1.38485,1.37,1.50
2015.06.30 09:15:18.438,1.3846,1.38482,1.00,1.00
2015.06.30 09:15:21.234,1.3847,1.38487,1.00,1.00
2015.06.30 09:15:21.540,1.38468,1.38487,1.00,1.00
2015.06.30 09:15:22.858,1.3847,1.38487,1.00,1.00
2015.06.30 09:15:23.011,1.3847,1.38491,1.00,1.37
2015.06.30 09:15:24.138,1.38467,1.38491,1.00,1.37
2015.06.30 09:15:25.000,1.38467,1.38491,1.12,1.12
2015.06.30 09:15:25.356,1.38464,1.38482,1.00,1.00
2015.06.30 09:15:25.407,1.38462,1.38482,1.00,1.00
2015.06.30 09:15:25.458,1.38465,1.38482,1.00,1.00
2015.06.30 09:15:25.596,1.38465,1.38484,1.00,1.00
2015.06.30 09:15:25.648,1.3847,1.38484,1.00,1.00
2015.06.30 09:15:25.699,1.3847,1.3849,1.00,1.12
2015.06.30 09:15:26.315,1.38467,1.3849,1.00,1.12
2015.06.30 09:15:26.368,1.38469,1.38491,1.00,1.37
2015.06.30 09:15:26.419,1.38466,1.38491,1.12,1.37
2015.06.30 09:15:26.470,1.38466,1.38488,1.12,1.00
2015.06.30 09:15:26.673,1.38463,1.38486,1.00,1.50
2015.06.30 09:15:26.725,1.38461,1.38486,1.00,1.87
2015.06.30 09:15:26.777,1.3846,1.38482,1.12,1.00
2015.06.30 09:15:27.781,1.38459,1.38479,1.00,1.00
2015.06.30 09:15:27.984,1.38453,1.38475,1.00,1.00
2015.06.30 09:15:28.086,1.38452,1.38471,1.00,1.00
2015.06.30 09:15:28.138,1.38449,1.38471,1.00,1.00
2015.06.30 09:15:28.340,1.38447,1.38471,1.00,1.00
2015.06.30 09:15:28.392,1.38447,1.38469,1.00,1.00
2015.06.30 09:15:29.666,1.38467,1.38475,1.00,1.00
2015.06.30 09:15:29.720,1.38465,1.3849,1.00,1.50
2015.06.30 09:15:30.193,1.38469,1.38491,1.00,1.12
2015.06.30 09:15:31.090,1.38469,1.38492,1.00,1.00
2015.06.30 09:15:31.345,1.38475,1.38499,1.00,1.00
2015.06.30 09:15:31.802,1.38477,1.38499,1.00,1.00
2015.06.30 09:15:32.510,1.38476,1.38499,1.00,1.00
2015.06.30 09:15:32.823,1.3848,1.38499,1.00,1.00
2015.06.30 09:15:32.926,1.3848,1.38502,1.00,1.00
2015.06.30 09:15:33.333,1.3848,1.38504,1.00,1.12
2015.06.30 09:15:34.084,1.38481,1.38504,1.00,1.12
2015.06.30 09:15:34.593,1.3848,1.38501,1.00,1.00
2015.06.30 09:15:34.746,1.38477,1.38501,1.87,1.50
2015.06.30 09:15:35.518,1.38482,1.38502,1.00,1.00
2015.06.30 09:15:35.723,1.38487,1.38508,1.00,1.00
2015.06.30 09:15:35.774,1.38487,1.3851,1.00,1.00
2015.06.30 09:15:35.876,1.38485,1.38508,1.50,1.00
2015.06.30 09:15:36.182,1.38487,1.38509,1.37,1.00
2015.06.30 09:15:36.233,1.38488,1.38511,1.12,1.00
2015.06.30 09:15:36.802,1.38492,1.38511,1.00,1.00
2015.06.30 09:15:36.854,1.38492,1.38516,1.00,1.37
2015.06.30 09:15:37.659,1.3849,1.38515,2.25,1.50
2015.06.30 09:15:38.229,1.38491,1.38513,1.00,1.50
2015.06.30 09:15:38.431,1.38488,1.38513,2.25,1.87
2015.06.30 09:15:38.533,1.38487,1.38508,1.00,1.00
2015.06.30 09:15:38.585,1.38485,1.38508,1.50,1.12
2015.06.30 09:15:38.687,1.38481,1.38507,2.62,1.12
2015.06.30 09:15:38.788,1.38481,1.38504,1.37,1.00
2015.06.30 09:15:39.469,1.3848,1.38504,1.87,1.00
2015.06.30 09:15:39.942,1.38486,1.38504,1.00,1.00
2015.06.30 09:15:40.145,1.38488,1.38511,1.00,1.12
2015.06.30 09:15:40.818,1.38484,1.38507,1.00,1.12
2015.06.30 09:15:41.442,1.38482,1.38507,1.37,1.12
2015.06.30 09:15:43.067,1.38482,1.38507,1.37,1.00
2015.06.30 09:15:43.372,1.38482,1.38503,1.00,1.00
2015.06.30 09:15:43.575,1.38478,1.38501,1.00,1.37
2015.06.30 09:15:43.677,1.38475,1.385,1.00,1.37
2015.06.30 09:15:44.346,1.38471,1.38495,1.37,1.00
2015.06.30 09:15:45.139,1.38476,1.38495,1.00,1.00
2015.06.30 09:15:45.773,1.38481,1.38502,1.00,1.12
2015.06.30 09:15:47.303,1.38478,1.38499,1.00,1.00
2015.06.30 09:15:47.354,1.38475,1.38498,1.00,1.00
2015.06.30 09:15:47.406,1.38473,1.38498,1.50,1.00
2015.06.30 09:15:47.457,1.38477,1.38496,1.00,1.00
2015.06.30 09:15:47.609,1.38478,1.385,1.00,1.00
2015.06.30 09:15:47.660,1.3848,1.385,1.00,1.00
2015.06.30 09:15:48.546,1.38481,1.38503,1.00,1.12
2015.06.30 09:15:49.061,1.38482,1.38503,1.00,1.00
2015.06.30 09:15:49.114,1.38484,1.38503,1.00,1.00
2015.06.30 09:15:49.217,1.38481,1.38506,1.87,1.00
2015.06.30 09:15:49.370,1.38481,1.38502,1.00,1.00
2015.06.30 09:15:49.915,1.38478,1.38502,1.12,1.00
2015.06.30 09:15:50.434,1.38477,1.38502,1.50,1.87
2015.06.30 09:15:50.967,1.38476,1.385,1.00,1.37
2015.06.30 09:15:51.545,1.38475,1.385,1.00,1.87
2015.06.30 09:15:52.112,1.38475,1.38497,1.00,1.00
2015.06.30 09:15:52.518,1.38476,1.38489,1.00,1.00
2015.06.30 09:15:53.059,1.3847,1.38489,1.00,1.00
2015.06.30 09:15:53.110,1.38467,1.38478,1.00,1.00
2015.06.30 09:15:53.161,1.38464,1.38478,1.00,1.00
2015.06.30 09:15:53.212,1.38462,1.38478,1.00,1.00
2015.06.30 09:15:53.365,1.3846,1.38478,1.00,1.00
2015.06.30 09:15:54.361,1.3847,1.38478,1.87,1.00
2015.06.30 09:15:54.412,1.3847,1.38489,1.87,1.00
2015.06.30 09:15:54.514,1.38471,1.38484,1.00,1.00
2015.06.30 09:15:54.565,1.3847,1.38487,1.00,1.00
2015.06.30 09:15:54.667,1.38468,1.38486,1.00,1.00
2015.06.30 09:15:54.718,1.38467,1.38489,1.00,1.00
2015.06.30 09:15:54.870,1.38467,1.38486,1.00,1.00
2015.06.30 09:15:56.323,1.3847,1.38489,1.00,1.00
2015.06.30 09:15:56.637,1.38472,1.38489,1.00,1.00
2015.06.30 09:15:56.688,1.38473,1.38492,1.00,1.00
2015.06.30 09:15:56.790,1.38475,1.38492,1.00,1.00
2015.06.30 09:15:56.943,1.38477,1.38496,1.00,1.00
2015.06.30 09:15:57.045,1.3848,1.38496,1.00,1.00
2015.06.30 09:15:57.594,1.38481,1.38496,1.00,1.00
2015.06.30 09:15:57.650,1.38478,1.38496,1.00,1.00
2015.06.30 09:15:59.223,1.38478,1.38499,1.87,1.00
2015.06.30 09:15:59.274,1.38478,1.38499,1.87,1.00
2015.06.30 09:15:59.325,1.3848,1.38502,1.37,1.00
2015.06.30 09:15:59.427,1.38483,1.38502,1.00,1.00
2015.06.30 09:15:59.731,1.38484,1.38499,1.00,1.00
2015.06.30 09:15:59.783,1.38481,1.38499,1.12,1.00
2015.06.30 09:16:00.744,1.3848,1.38499,1.87,1.00
2015.06.30 09:16:01.100,1.38477,1.38495,1.12,1.00
2015.06.30 09:16:01.203,1.38475,1.38495,1.00,1.00
2015.06.30 09:16:01.255,1.38475,1.3849,1.00,1.00
2015.06.30 09:16:01.306,1.38472,1.3849,2.25,1.00
2015.06.30 09:16:01.966,1.38472,1.3849,1.00,1.00
2015.06.30 09:16:02.018,1.38466,1.38488,1.12,1.00
2015.06.30 09:16:02.071,1.38465,1.38484,1.87,1.00
2015.06.30 09:16:02.377,1.38465,1.38482,1.00,1.00
2015.06.30 09:16:02.429,1.38463,1.38482,1.00,1.00
2015.06.30 09:16:03.334,1.38465,1.38482,1.00,1.00
2015.06.30 09:16:03.519,1.38463,1.38482,1.00,1.00
2015.06.30 09:16:03.621,1.38463,1.38479,1.00,1.00
2015.06.30 09:16:03.824,1.3846,1.38479,1.50,1.00
2015.06.30 09:16:03.927,1.38462,1.38479,1.50,1.00
2015.06.30 09:16:06.253,1.38462,1.38484,1.50,1.00
2015.06.30 09:16:06.355,1.38465,1.38484,1.00,1.00
2015.06.30 09:16:06.863,1.38467,1.38484,1.00,1.00
2015.06.30 09:16:06.914,1.38468,1.38487,1.00,1.00
2015.06.30 09:16:07.133,1.38465,1.38487,1.50,1.00
2015.06.30 09:16:07.185,1.38466,1.38491,1.12,1.50
2015.06.30 09:16:07.236,1.38469,1.38491,1.00,1.00
2015.06.30 09:16:07.540,1.38475,1.38495,1.87,1.00
2015.06.30 09:16:08.126,1.38476,1.38492,1.37,1.00
2015.06.30 09:16:08.178,1.38473,1.38495,1.37,1.00
2015.06.30 09:16:08.742,1.38478,1.38495,1.00,1.00
2015.06.30 09:16:08.845,1.38481,1.38498,1.00,1.00
2015.06.30 09:16:10.161,1.38494,1.38499,1.00,1.00
2015.06.30 09:16:10.212,1.38494,1.38517,1.00,1.37
2015.06.30 09:16:10.754,1.38492,1.38517,1.00,1.87
2015.06.30 09:16:11.574,1.38494,1.38517,1.00,1.37
2015.06.30 09:16:12.013,1.38494,1.38512,1.00,1.12
2015.06.30 09:16:12.166,1.38489,1.3851,1.00,1.37
2015.06.30 09:16:12.268,1.38486,1.38508,1.00,1.00
2015.06.30 09:16:13.029,1.38489,1.38512,1.00,1.37
2015.06.30 09:16:13.080,1.3849,1.38513,1.00,1.12
2015.06.30 09:16:13.589,1.3849,1.38515,1.50,2.25
2015.06.30 09:16:13.995,1.38493,1.38515,1.00,1.12
2015.06.30 09:16:14.519,1.38492,1.38509,1.00,1.12
2015.06.30 09:16:14.581,1.38485,1.38509,1.00,1.87
2015.06.30 09:16:14.785,1.3848,1.38505,1.87,1.50
2015.06.30 09:16:15.517,1.3848,1.38505,1.50,1.87
2015.06.30 09:16:16.060,1.38477,1.38502,1.37,1.50
2015.06.30 09:16:16.426,1.38481,1.38505,1.37,1.50
2015.06.30 09:16:16.955,1.38486,1.38508,1.00,1.37
2015.06.30 09:16:17.006,1.38486,1.38511,1.50,1.50
2015.06.30 09:16:17.707,1.38492,1.38511,1.00,1.00
2015.06.30 09:16:17.772,1.38492,1.38516,1.00,1.37
2015.06.30 09:16:18.206,1.3849,1.38514,1.00,1.37
2015.06.30 09:16:18.308,1.38487,1.38511,1.12,1.12
2015.06.30 09:16:18.410,1.38486,1.38508,1.00,1.37
2015.06.30 09:16:18.512,1.38483,1.38508,1.12,1.87
2015.06.30 09:16:19.103,1.38489,1.38513,1.50,1.37
2015.06.30 09:16:19.410,1.38491,1.38513,1.00,1.37
2015.06.30 09:16:19.816,1.38494,1.38514,1.00,1.37
2015.06.30 09:16:20.418,1.38494,1.38513,1.00,1.00
2015.06.30 09:16:20.927,1.38494,1.38514,1.00,1.00
2015.06.30 09:16:21.519,1.38494,1.38515,1.00,1.12
2015.06.30 09:16:22.122,1.38489,1.38509,1.50,1.12
2015.06.30 09:16:22.224,1.38484,1.38507,1.50,1.37
2015.06.30 09:16:22.326,1.38486,1.38509,1.00,1.87
2015.06.30 09:16:22.428,1.38486,1.38508,1.00,1.00
2015.06.30 09:16:22.530,1.38485,1.38505,2.25,1.00
2015.06.30 09:16:24.050,1.38485,1.38507,1.50,1.12
2015.06.30 09:16:24.102,1.38484,1.38498,1.87,1.00
2015.06.30 09:16:24.154,1.38486,1.38501,1.00,1.00
2015.06.30 09:16:24.206,1.38478,1.38497,1.00,1.00
2015.06.30 09:16:24.310,1.38476,1.38497,1.00,1.00
2015.06.30 09:16:24.616,1.38476,1.385,1.50,2.25
2015.06.30 09:16:25.195,1.38475,1.385,1.75,1.50
2015.06.30 09:16:25.246,1.38475,1.385,1.75,1.50
2015.06.30 09:16:25.399,1.38479,1.385,1.00,1.50
2015.06.30 09:16:25.450,1.38479,1.38503,1.00,2.62
2015.06.30 09:16:25.603,1.38479,1.38501,1.37,1.00
2015.06.30 09:16:26.009,1.38479,1.38501,1.50,1.00
2015.06.30 09:16:27.024,1.38479,1.38502,1.12,1.00
2015.06.30 09:16:27.385,1.38477,1.38502,2.25,1.87
2015.06.30 09:16:27.436,1.38477,1.385,1.00,1.00
2015.06.30 09:16:27.974,1.38477,1.38498,1.00,1.00
2015.06.30 09:16:28.076,1.38472,1.38494,1.00,1.87
2015.06.30 09:16:28.127,1.38469,1.38491,1.00,1.00
2015.06.30 09:16:28.280,1.38466,1.3849,1.00,1.00
2015.06.30 09:16:28.436,1.38464,1.38489,1.00,1.87
2015.06.30 09:16:29.454,1.38464,1.38489,1.87,1.50
2015.06.30 09:16:29.759,1.38469,1.38492,1.00,1.37
2015.06.30 09:16:30.064,1.38473,1.38494,1.00,1.00
2015.06.30 09:16:30.685,1.38474,1.38495,1.00,1.00
2015.06.30 09:16:30.736,1.38474,1.38497,1.00,1.12
2015.06.30 09:16:30.940,1.38474,1.38499,1.50,1.12
2015.06.30 09:16:30.992,1.38477,1.38499,1.00,1.12
2015.06.30 09:16:31.297,1.38482,1.38495,1.00,1.00
2015.06.30 09:16:32.174,1.38482,1.38498,1.00,1.00
2015.06.30 09:16:32.985,1.38482,1.385,1.00,1.00
2015.06.30 09:16:33.036,1.38482,1.385,1.37,1.00
2015.06.30 09:16:33.138,1.38483,1.38503,1.87,1.00
2015.06.30 09:16:33.976,1.38478,1.38495,1.00,1.00
2015.06.30 09:16:34.027,1.38478,1.38499,1.00,1.00
2015.06.30 09:16:34.533,1.38473,1.38499,1.87,2.25
2015.06.30 09:16:34.888,1.38473,1.38496,1.87,1.00
2015.06.30 09:16:35.522,1.38473,1.3849,1.50,1.00
2015.06.30 09:16:35.582,1.38472,1.38493,1.00,1.50
2015.06.30 09:16:35.634,1.38469,1.38493,1.00,1.87
2015.06.30 09:16:35.736,1.38472,1.38493,1.00,1.00
2015.06.30 09:16:36.094,1.38473,1.38496,1.00,2.25
2015.06.30 09:16:36.248,1.38475,1.38496,1.00,1.00
2015.06.30 09:16:36.841,1.38474,1.38499,1.00,2.25
2015.06.30 09:16:37.659,1.38473,1.38496,1.50,1.00
2015.06.30 09:16:38.906,1.38473,1.38489,1.00,1.50
2015.06.30 09:16:38.957,1.38464,1.38488,1.00,1.00
2015.06.30 09:16:39.060,1.38468,1.38488,1.50,1.00
2015.06.30 09:16:39.213,1.3847,1.38494,1.00,1.50
2015.06.30 09:16:39.416,1.38468,1.38493,1.50,1.50
2015.06.30 09:16:41.797,1.3847,1.38493,1.12,1.50
2015.06.30 09:16:42.255,1.38468,1.38483,1.87,1.00
2015.06.30 09:16:42.306,1.38468,1.38483,1.00,1.00
2015.06.30 09:16:42.409,1.38461,1.38483,1.12,1.00
2015.06.30 09:16:43.363,1.38459,1.38483,2.25,1.12
2015.06.30 09:16:43.719,1.38458,1.38481,1.12,1.00
2015.06.30 09:16:44.730,1.38457,1.3848,1.12,1.00
2015.06.30 09:16:45.193,1.38456,1.38478,1.87,1.12
2015.06.30 09:16:45.498,1.38454,1.38478,1.12,1.87
2015.06.30 09:16:45.600,1.38454,1.38475,1.12,1.00
2015.06.30 09:16:46.177,1.38453,1.38475,1.87,1.00
2015.06.30 09:16:46.228,1.38462,1.38478,1.37,1.00
2015.06.30 09:16:46.771,1.3846,1.38478,1.12,1.00
2015.06.30 09:16:47.126,1.3846,1.38474,1.12,1.00
2015.06.30 09:16:47.698,1.38457,1.38474,1.87,1.00
2015.06.30 09:16:47.750,1.38452,1.38472,1.50,1.00
2015.06.30 09:16:48.426,1.38451,1.38472,1.00,1.50
2015.06.30 09:16:49.240,1.38452,1.38472,1.00,1.00
2015.06.30 09:16:50.391,1.38452,1.38474,1.00,1.50
2015.06.30 09:16:50.492,1.38452,1.38474,1.50,1.50
2015.06.30 09:16:51.034,1.38454,1.38476,1.87,1.00
2015.06.30 09:16:51.085,1.38457,1.38478,1.50,2.25
2015.06.30 09:16:51.594,1.38458,1.38478,1.12,1.50
2015.06.30 09:16:53.381,1.38454,1.38474,1.00,1.00
2015.06.30 09:16:53.483,1.38451,1.38474,1.00,1.50
2015.06.30 09:16:53.585,1.38452,1.38472,1.00,1.00
2015.06.30 09:16:53.790,1.3845,1.38472,1.00,1.00
2015.06.30 09:16:54.314,1.38449,1.38472,1.00,1.00
2015.06.30 09:16:54.934,1.38442,1.38465,1.87,1.00
2015.06.30 09:16:55.239,1.38439,1.38464,2.25,1.87
2015.06.30 09:16:55.696,1.38439,1.38461,1.87,1.00
2015.06.30 09:16:56.528,1.38439,1.38461,1.00,1.00
2015.06.30 09:16:57.036,1.38438,1.38461,1.12,1.00
2015.06.30 09:16:58.558,1.38437,1.38459,1.12,1.00
2015.06.30 09:16:59.299,1.38438,1.38459,1.00,1.00
2015.06.30 09:16:59.844,1.38439,1.38462,1.00,1.00
2015.06.30 09:17:00.531,1.38438,1.38462,1.12,1.12
2015.06.30 09:17:00.838,1.38443,1.38462,1.00,1.00
2015.06.30 09:17:01.437,1.38446,1.38469,1.50,1.00
2015.06.30 09:17:01.488,1.38447,1.38471,1.00,1.50
2015.06.30 09:17:02.033,1.38448,1.3847,1.00,1.00
2015.06.30 09:17:02.185,1.38446,1.3847,1.00,1.00
2015.06.30 09:17:02.924,1.38445,1.3847,1.87,1.00
2015.06.30 09:17:05.894,1.38445,1.38468,1.00,1.00
2015.06.30 09:17:07.257,1.38446,1.38468,1.12,1.00
2015.06.30 09:17:07.308,1.38444,1.38467,1.00,1.00
2015.06.30 09:17:07.410,1.38446,1.38467,1.00,1.00
2015.06.30 09:17:07.614,1.38446,1.3847,1.12,1.50
2015.06.30 09:17:07.666,1.38446,1.3847,1.37,1.50
2015.06.30 09:17:07.972,1.38445,1.38452,1.00,1.00
2015.06.30 09:17:08.024,1.38429,1.3845,1.12,1.00
2015.06.30 09:17:08.075,1.38426,1.3845,1.87,1.50
2015.06.30 09:17:08.575,1.38426,1.38446,1.37,1.00
2015.06.30 09:17:08.685,1.38422,1.38442,1.00,1.00
2015.06.30 09:17:08.990,1.38417,1.3844,1.87,1.00
2015.06.30 09:17:09.041,1.38417,1.38438,1.87,1.00
2015.06.30 09:17:09.092,1.38417,1.38438,1.00,1.00
2015.06.30 09:17:09.195,1.38417,1.38437,1.37,1.00
2015.06.30 09:17:09.247,1.38419,1.38439,1.12,1.00
2015.06.30 09:17:09.821,1.38421,1.38444,1.00,1.12
2015.06.30 09:17:10.482,1.38421,1.38446,1.12,1.87
2015.06.30 09:17:11.885,1.38422,1.38446,1.00,1.50
2015.06.30 09:17:12.997,1.38422,1.38438,1.00,1.50
2015.06.30 09:17:13.049,1.38413,1.38434,1.12,1.00
2015.06.30 09:17:13.202,1.3841,1.38431,1.37,1.00
2015.06.30 09:17:13.407,1.38409,1.38434,1.37,2.25
2015.06.30 09:17:13.510,1.38416,1.38439,1.00,1.37
2015.06.30 09:17:14.305,1.3841,1.38433,1.37,1.00
2015.06.30 09:17:14.406,1.3841,1.38433,1.12,1.00
2015.06.30 09:17:14.458,1.3841,1.38429,1.12,1.00
2015.06.30 09:17:14.509,1.38406,1.38429,1.12,1.00
2015.06.30 09:17:14.715,1.38403,1.38427,1.37,1.50
2015.06.30 09:17:14.995,1.38407,1.38432,1.37,1.50
2015.06.30 09:17:16.111,1.38408,1.38432,1.37,1.00
2015.06.30 09:17:17.465,1.38408,1.38431,1.37,1.00
2015.06.30 09:17:18.266,1.38406,1.3843,1.37,1.00
2015.06.30 09:17:19.122,1.38406,1.38431,1.87,1.37
2015.06.30 09:17:19.427,1.38406,1.38429,1.37,1.37
2015.06.30 09:17:19.630,1.38406,1.38429,1.00,1.37
2015.06.30 09:17:19.783,1.38406,1.38425,1.00,1.00
2015.06.30 09:17:19.836,1.38403,1.38425,1.00,1.00
2015.06.30 09:17:21.221,1.38403,1.38426,1.00,1.00
2015.06.30 09:17:21.323,1.384,1.38425,1.37,1.12
2015.06.30 09:17:21.425,1.38403,1.38425,1.00,1.12
2015.06.30 09:17:21.956,1.38403,1.38424,1.00,1.00
2015.06.30 09:17:23.133,1.38403,1.38424,1.00,1.75
2015.06.30 09:17:23.235,1.38398,1.38423,1.12,1.75
2015.06.30 09:17:23.743,1.38398,1.38422,1.12,1.50
2015.06.30 09:17:24.638,1.38402,1.38424,2.62,1.00
2015.06.30 09:17:24.942,1.38407,1.38427,1.00,1.00
2015.06.30 09:17:25.452,1.38407,1.38427,1.87,1.00
2015.06.30 09:17:26.295,1.38407,1.3843,1.87,1.12
2015.06.30 09:17:26.833,1.38409,1.3843,1.12,1.12
2015.06.30 09:17:26.884,1.38409,1.38432,1.12,1.00
2015.06.30 09:17:26.935,1.38409,1.38432,1.37,1.00
2015.06.30 09:17:27.037,1.3841,1.38434,1.37,1.12
2015.06.30 09:17:27.757,1.38412,1.38434,1.00,1.00
2015.06.30 09:17:28.353,1.38411,1.38434,1.37,1.00
2015.06.30 09:17:28.404,1.3841,1.38431,1.12,1.00
2015.06.30 09:17:28.708,1.38407,1.38428,1.12,1.12
2015.06.30 09:17:29.799,1.38408,1.38428,1.00,1.00
2015.06.30 09:17:29.850,1.38408,1.38431,1.00,1.12
2015.06.30 09:17:29.901,1.3841,1.38431,1.00,1.12
2015.06.30 09:17:30.004,1.38411,1.38433,1.00,1.50
2015.06.30 09:17:30.157,1.38411,1.38436,1.37,1.87
2015.06.30 09:17:30.886,1.38406,1.38426,1.00,1.00
2015.06.30 09:17:30.937,1.38406,1.38428,1.00,1.00
2015.06.30 09:17:31.039,1.38405,1.38428,1.37,1.00
2015.06.30 09:17:31.140,1.38406,1.38431,1.37,1.00
2015.06.30 09:17:31.650,1.38406,1.3843,1.37,1.00
2015.06.30 09:17:32.385,1.38406,1.38431,1.87,1.00
2015.06.30 09:17:33.012,1.38406,1.3843,1.37,1.00
2015.06.30 09:17:33.553,1.38406,1.38431,3.00,1.00
2015.06.30 09:17:34.897,1.38403,1.38421,1.00,1.00
2015.06.30 09:17:34.948,1.384,1.38421,1.00,1.00
2015.06.30 09:17:34.999,1.384,1.38423,1.00,1.00
2015.06.30 09:17:35.050,1.38398,1.3842,1.00,1.00
2015.06.30 09:17:35.254,1.38401,1.38426,1.50,1.12
2015.06.30 09:17:35.356,1.38413,1.38425,1.00,1.00
2015.06.30 09:17:35.922,1.38406,1.38427,1.50,1.00
2015.06.30 09:17:35.973,1.38411,1.38432,1.00,1.00
2015.06.30 09:17:36.125,1.38412,1.38434,1.50,1.00
2015.06.30 09:17:36.177,1.38413,1.38437,1.12,1.00
2015.06.30 09:17:36.278,1.38411,1.38436,3.00,1.00
2015.06.30 09:17:36.583,1.38411,1.38434,1.50,1.00
2015.06.30 09:17:37.148,1.38409,1.38434,1.12,1.50
2015.06.30 09:17:37.602,1.38409,1.38431,1.00,1.00
2015.06.30 09:17:38.059,1.38414,1.38431,1.00,1.00
2015.06.30 09:17:38.566,1.38417,1.38438,1.12,1.00
2015.06.30 09:17:38.621,1.38417,1.38442,1.87,1.50
2015.06.30 09:17:39.153,1.38419,1.38442,1.37,1.00
2015.06.30 09:17:39.306,1.38421,1.38446,2.25,1.12
2015.06.30 09:17:39.938,1.38425,1.38446,1.00,1.37
2015.06.30 09:17:39.994,1.38418,1.38443,1.37,1.50
2015.06.30 09:17:40.148,1.38417,1.3844,1.87,1.00
2015.06.30 09:17:41.363,1.38413,1.38437,1.37,1.00
2015.06.30 09:17:41.869,1.38412,1.38436,1.37,1.00
2015.06.30 09:17:42.225,1.38412,1.38433,1.37,1.12
2015.06.30 09:17:42.561,1.38412,1.38435,1.37,1.00
2015.06.30 09:17:43.034,1.38412,1.38433,1.37,1.00
2015.06.30 09:17:43.338,1.38412,1.38435,1.12,1.12
2015.06.30 09:17:43.875,1.38412,1.38435,1.12,1.37
2015.06.30 09:17:44.778,1.3841,1.38433,1.37,1.00
2015.06.30 09:17:45.428,1.38409,1.3843,1.87,1.00
2015.06.30 09:17:45.479,1.38409,1.3843,1.00,1.00
2015.06.30 09:17:45.530,1.38406,1.38423,1.00,1.00
2015.06.30 09:17:45.683,1.38398,1.38421,1.00,1.37
2015.06.30 09:17:46.213,1.38397,1.38411,1.00,1.00
2015.06.30 09:17:46.264,1.38389,1.38411,1.37,1.00
2015.06.30 09:17:46.417,1.38387,1.38409,1.87,1.00
2015.06.30 09:17:46.569,1.38388,1.3841,1.00,1.00
2015.06.30 09:17:46.621,1.38388,1.38408,1.00,1.00
2015.06.30 09:17:47.127,1.38384,1.38408,2.47,1.00
2015.06.30 09:17:48.270,1.38384,1.38408,2.47,1.00
2015.06.30 09:17:48.895,1.38386,1.38409,1.37,1.00
2015.06.30 09:17:49.200,1.38384,1.38407,2.62,1.00
2015.06.30 09:17:49.755,1.38384,1.38408,3.37,1.00
2015.06.30 09:17:50.110,1.38386,1.3841,1.37,1.00
2015.06.30 09:17:51.159,1.38385,1.38409,1.37,1.50
2015.06.30 09:17:51.572,1.38385,1.38407,1.37,1.00
2015.06.30 09:17:51.826,1.38385,1.38409,1.37,1.00
2015.06.30 09:17:52.790,1.38385,1.3841,1.87,1.12
2015.06.30 09:17:52.842,1.38388,1.38411,1.00,1.00
2015.06.30 09:17:53.146,1.3839,1.38412,1.12,1.12
2015.06.30 09:17:53.720,1.3839,1.38416,1.12,1.87
2015.06.30 09:17:53.822,1.3839,1.38412,1.12,1.00
2015.06.30 09:17:54.538,1.38388,1.38411,1.37,1.00
2015.06.30 09:17:54.855,1.38388,1.38409,1.00,1.00
2015.06.30 09:17:55.376,1.38385,1.38409,1.37,1.50
2015.06.30 09:17:55.723,1.38385,1.38409,1.12,1.87
2015.06.30 09:17:56.748,1.38387,1.38409,1.00,1.12
2015.06.30 09:17:56.900,1.38386,1.38411,1.12,1.50
2015.06.30 09:17:57.002,1.3839,1.38412,1.00,1.00
2015.06.30 09:17:57.798,1.38382,1.38403,1.00,1.12
2015.06.30 09:17:57.900,1.3838,1.38403,1.00,1.12
2015.06.30 09:17:58.154,1.38377,1.38402,1.37,1.50
2015.06.30 09:17:59.243,1.38378,1.38402,1.12,1.00
2015.06.30 09:17:59.295,1.38387,1.38411,2.25,1.37
2015.06.30 09:17:59.447,1.38387,1.38411,1.87,1.00
2015.06.30 09:17:59.903,1.38387,1.384,1.87,1.00
2015.06.30 09:18:01.313,1.38389,1.38403,1.12,1.00
2015.06.30 09:18:01.859,1.38389,1.38405,1.12,1.00
2015.06.30 09:18:02.363,1.3839,1.38405,1.12,1.00
2015.06.30 09:18:02.942,1.38393,1.38411,1.37,1.00
2015.06.30 09:18:03.366,1.38394,1.38413,1.12,1.00
2015.06.30 09:18:03.418,1.38394,1.38413,1.37,1.00
2015.06.30 09:18:03.571,1.38395,1.38416,1.37,1.00
2015.06.30 09:18:04.531,1.38395,1.38416,1.37,1.00
2015.06.30 09:18:04.921,1.38394,1.38411,3.00,1.00
2015.06.30 09:18:05.023,1.38394,1.38411,1.00,1.00
2015.06.30 09:18:05.124,1.3839,1.38411,1.87,1.00
2015.06.30 09:18:05.227,1.38389,1.38408,1.00,1.00
2015.06.30 09:18:05.885,1.38388,1.38405,1.00,1.00
2015.06.30 09:18:05.937,1.38382,1.38405,3.00,1.00
2015.06.30 09:18:06.140,1.38381,1.38398,1.50,1.00
2015.06.30 09:18:06.242,1.3838,1.38398,1.00,1.00
2015.06.30 09:18:06.344,1.38376,1.38398,2.25,1.00
2015.06.30 09:18:07.837,1.38375,1.38394,1.87,1.00
2015.06.30 09:18:08.041,1.38373,1.38394,1.50,1.00
2015.06.30 09:18:08.093,1.38373,1.38392,1.50,1.00
2015.06.30 09:18:08.761,1.38371,1.38389,1.37,1.00
2015.06.30 09:18:08.965,1.38368,1.38389,1.12,1.00
2015.06.30 09:18:09.117,1.38368,1.38386,1.00,1.00
2015.06.30 09:18:09.168,1.38364,1.38386,1.00,1.00
2015.06.30 09:18:09.523,1.38362,1.38384,1.87,1.00
2015.06.30 09:18:10.132,1.38362,1.38376,1.87,1.00
2015.06.30 09:18:11.438,1.3836,1.38376,1.37,1.00
2015.06.30 09:18:13.490,1.38359,1.38376,2.25,1.00
2015.06.30 09:18:13.541,1.38359,1.38379,3.00,1.00
2015.06.30 09:18:13.643,1.3836,1.38379,1.00,1.00
2015.06.30 09:18:14.174,1.38359,1.38379,1.00,1.00
2015.06.30 09:18:14.276,1.38359,1.38382,1.12,1.12
2015.06.30 09:18:14.891,1.38359,1.38383,1.87,1.12
2015.06.30 09:18:15.652,1.38357,1.38381,1.00,1.37
2015.06.30 09:18:16.402,1.38354,1.38373,1.00,1.00
2015.06.30 09:18:16.454,1.38351,1.38373,1.50,1.00
2015.06.30 09:18:16.657,1.38351,1.38374,2.25,1.00
2015.06.30 09:18:17.166,1.38355,1.3838,1.37,1.50
2015.06.30 09:18:17.746,1.38361,1.38382,1.12,1.00
2015.06.30 09:18:18.102,1.38361,1.3838,1.00,1.00
2015.06.30 09:18:18.256,1.38361,1.38382,1.00,1.00
2015.06.30 09:18:19.140,1.38352,1.38376,1.75,1.50
2015.06.30 09:18:19.242,1.38351,1.38374,1.75,1.00
2015.06.30 09:18:19.749,1.38353,1.38373,1.00,1.00
2015.06.30 09:18:20.503,1.38352,1.38373,1.50,1.00
2015.06.30 09:18:20.605,1.38355,1.38375,1.00,1.00
2015.06.30 09:18:20.656,1.38355,1.38378,1.37,1.50
2015.06.30 09:18:20.707,1.38355,1.38378,1.75,1.00
2015.06.30 09:18:20.758,1.38359,1.38381,1.37,1.50
2015.06.30 09:18:21.294,1.38359,1.38382,1.37,1.00
2015.06.30 09:18:21.396,1.38359,1.38379,1.37,1.00
2015.06.30 09:18:21.993,1.38357,1.38378,1.00,1.00
2015.06.30 09:18:22.044,1.38358,1.38381,1.00,2.62
2015.06.30 09:18:22.773,1.38359,1.38381,1.12,1.00
2015.06.30 09:18:23.098,1.38359,1.38379,1.12,1.00
2015.06.30 09:18:23.617,1.38357,1.38373,1.37,1.00
2015.06.30 09:18:23.668,1.38349,1.38373,2.25,1.87
2015.06.30 09:18:24.176,1.38349,1.38372,1.12,1.00
2015.06.30 09:18:24.480,1.38352,1.38372,1.00,1.00
2015.06.30 09:18:25.065,1.38352,1.38369,1.00,1.00
2015.06.30 09:18:25.217,1.3835,1.3837,1.00,1.00
2015.06.30 09:18:25.928,1.3835,1.38369,1.00,1.00
2015.06.30 09:18:27.141,1.3835,1.3837,1.00,1.00
2015.06.30 09:18:27.648,1.3835,1.38369,1.00,1.00
2015.06.30 09:18:28.549,1.38348,1.38369,1.00,1.00
2015.06.30 09:18:29.078,1.38347,1.3837,1.37,1.00
2015.06.30 09:18:29.587,1.38347,1.38369,1.37,1.00
2015.06.30 09:18:30.382,1.38347,1.3837,1.37,1.00
2015.06.30 09:18:30.971,1.38347,1.3837,1.37,1.00
2015.06.30 09:18:31.489,1.38347,1.3837,1.50,1.00
2015.06.30 09:18:32.038,1.3835,1.3837,1.00,1.00
2015.06.30 09:18:32.089,1.38353,1.38376,1.00,1.00
2015.06.30 09:18:32.191,1.38353,1.38374,1.00,1.00
2015.06.30 09:18:32.293,1.38351,1.38373,1.00,1.00
2015.06.30 09:18:32.344,1.38351,1.38366,1.50,1.00
2015.06.30 09:18:32.952,1.38351,1.38363,1.00,1.00
2015.06.30 09:18:33.499,1.3835,1.38363,1.00,1.00
2015.06.30 09:18:33.651,1.3835,1.38367,1.00,1.00
2015.06.30 09:18:33.959,1.38351,1.38372,1.00,1.00
2015.06.30 09:18:34.010,1.38354,1.3837,1.00,1.00
2015.06.30 09:18:34.254,1.38358,1.38376,1.00,1.50
2015.06.30 09:18:34.305,1.3836,1.38379,1.00,1.00
2015.06.30 09:18:34.356,1.3836,1.38377,1.00,1.00
2015.06.30 09:18:34.508,1.3836,1.38379,1.00,1.50
2015.06.30 09:18:35.054,1.38358,1.38374,1.00,1.00
2015.06.30 09:18:35.105,1.38356,1.38374,1.00,1.00
2015.06.30 09:18:35.207,1.38353,1.38373,1.50,1.50
2015.06.30 09:18:35.309,1.3835,1.3837,1.50,1.00
2015.06.30 09:18:35.613,1.38353,1.38369,1.00,1.00
2015.06.30 09:18:35.715,1.38353,1.38372,1.00,1.00
2015.06.30 09:18:36.311,1.38352,1.38373,1.00,1.50
2015.06.30 09:18:36.364,1.38352,1.3837,1.00,1.00
2015.06.30 09:18:36.516,1.38347,1.38366,1.00,1.00
2015.06.30 09:18:36.669,1.38349,1.3837,1.00,1.00
2015.06.30 09:18:36.872,1.38347,1.3837,1.00,1.00
2015.06.30 09:18:38.193,1.38349,1.3837,1.00,1.50
2015.06.30 09:18:39.942,1.3834,1.3836,1.00,1.00
2015.06.30 09:18:40.247,1.38344,1.38365,1.00,1.00
2015.06.30 09:18:40.755,1.38344,1.38364,1.00,1.00
2015.06.30 09:18:41.274,1.38344,1.38366,1.00,1.00
2015.06.30 09:18:41.791,1.38347,1.38366,1.00,1.00
2015.06.30 09:18:43.017,1.38349,1.38367,1.00,1.00
2015.06.30 09:18:43.560,1.38349,1.38368,1.00,1.00
2015.06.30 09:18:43.763,1.38347,1.38368,1.00,1.00
2015.06.30 09:18:44.668,1.38347,1.38367,1.00,1.00
2015.06.30 09:18:45.506,1.38347,1.38365,1.00,1.00
2015.06.30 09:18:45.760,1.38347,1.38367,1.00,1.00
2015.06.30 09:18:46.285,1.38347,1.38369,1.00,1.50
2015.06.30 09:18:47.481,1.38347,1.38367,1.00,1.00
2015.06.30 09:18:48.917,1.38347,1.38368,1.00,1.00
2015.06.30 09:18:50.035,1.38347,1.38369,1.00,1.00
2015.06.30 09:18:50.644,1.38347,1.38365,1.00,1.00
2015.06.30 09:18:50.746,1.38344,1.38363,1.00,1.00
2015.06.30 09:18:50.797,1.38344,1.38366,1.00,1.00
2015.06.30 09:18:51.526,1.38348,1.38367,1.00,1.00
2015.06.30 09:18:51.578,1.38351,1.38373,1.00,2.25
2015.06.30 09:18:51.680,1.38348,1.38371,1.50,1.00
2015.06.30 09:18:51.731,1.38355,1.38371,1.00,1.00
2015.06.30 09:18:51.833,1.38351,1.38372,1.00,1.00
2015.06.30 09:18:51.884,1.38351,1.38374,1.00,1.00
2015.06.30 09:18:51.969,1.38354,1.38374,1.00,1.00
2015.06.30 09:18:52.021,1.38355,1.38377,1.00,1.00
2015.06.30 09:18:53.539,1.38355,1.38379,1.00,1.00
2015.06.30 09:18:53.947,1.38357,1.38379,1.00,1.00
2015.06.30 09:18:55.257,1.38355,1.38379,1.00,1.00
2015.06.30 09:18:55.765,1.38355,1.3838,1.00,1.00
2015.06.30 09:18:56.930,1.38355,1.38379,1.50,1.00
2015.06.30 09:18:57.032,1.38357,1.38379,1.00,1.00
2015.06.30 09:18:57.286,1.38361,1.38384,1.00,1.00
2015.06.30 09:18:57.953,1.3836,1.38384,1.00,1.50
2015.06.30 09:18:58.473,1.38359,1.38383,1.00,1.50
2015.06.30 09:18:58.986,1.38358,1.38383,1.50,1.50
2015.06.30 09:19:00.130,1.3836,1.38383,1.00,1.00
2015.06.30 09:19:00.752,1.38362,1.38382,1.00,1.00
2015.06.30 09:19:01.229,1.38363,1.38386,1.00,1.00
2015.06.30 09:19:01.332,1.38363,1.38384,1.00,1.00
2015.06.30 09:19:01.687,1.38363,1.38387,1.00,1.50
2015.06.30 09:19:02.036,1.38363,1.38385,1.00,1.00
2015.06.30 09:19:02.738,1.38362,1.38385,1.00,1.50
2015.06.30 09:19:02.789,1.3836,1.38385,2.62,1.50
2015.06.30 09:19:02.841,1.38362,1.38385,1.00,1.00
2015.06.30 09:19:03.145,1.38357,1.38369,1.00,1.00
2015.06.30 09:19:03.196,1.38351,1.38369,1.00,1.00
2015.06.30 09:19:03.297,1.38349,1.38368,1.00,1.00
2015.06.30 09:19:03.400,1.38344,1.38369,1.50,2.25
2015.06.30 09:19:03.880,1.38344,1.38362,1.50,1.00
2015.06.30 09:19:03.983,1.38346,1.38369,1.50,1.00
2015.06.30 09:19:04.135,1.38346,1.38366,1.00,1.00
2015.06.30 09:19:04.289,1.38344,1.38367,1.00,1.00
2015.06.30 09:19:04.340,1.38341,1.38364,2.25,1.00
2015.06.30 09:19:05.637,1.38341,1.38353,1.00,1.50
2015.06.30 09:19:05.688,1.38329,1.38353,1.00,1.50
2015.06.30 09:19:05.995,1.38338,1.38353,1.00,1.00
2015.06.30 09:19:06.046,1.38338,1.38356,1.00,1.00
2015.06.30 09:19:06.097,1.3834,1.38356,1.37,1.00
2015.06.30 09:19:06.149,1.3834,1.38361,1.37,1.50
2015.06.30 09:19:06.200,1.38343,1.38361,1.00,1.00
2015.06.30 09:19:06.251,1.38343,1.38365,1.50,1.00
2015.06.30 09:19:06.793,1.38342,1.38363,1.50,1.00
2015.06.30 09:19:06.844,1.38343,1.38365,1.00,1.00
2015.06.30 09:19:07.047,1.38345,1.38366,1.00,1.00
2015.06.30 09:19:07.352,1.38345,1.38364,1.00,1.00
2015.06.30 09:19:07.454,1.38345,1.38367,1.00,1.00
2015.06.30 09:19:08.142,1.3834,1.38358,1.00,1.00
2015.06.30 09:19:08.193,1.38338,1.38358,1.00,1.00
2015.06.30 09:19:08.346,1.38336,1.38359,1.00,1.00
2015.06.30 09:19:08.651,1.38334,1.38358,1.00,1.00
2015.06.30 09:19:08.753,1.38333,1.38352,1.00,1.00
2015.06.30 09:19:09.515,1.38332,1.38353,1.00,1.00
2015.06.30 09:19:09.566,1.38331,1.38355,1.00,1.00
2015.06.30 09:19:10.179,1.38329,1.38347,1.00,1.00
2015.06.30 09:19:10.281,1.38326,1.38347,1.00,1.00
2015.06.30 09:19:10.907,1.38324,1.38348,1.00,1.50
2015.06.30 09:19:10.959,1.3833,1.38353,1.00,1.00
2015.06.30 09:19:11.164,1.38332,1.38356,1.00,1.00
2015.06.30 09:19:11.570,1.38334,1.38357,1.00,1.00
2015.06.30 09:19:12.838,1.38334,1.38354,1.00,1.00
2015.06.30 09:19:12.891,1.38331,1.38354,1.00,1.00
2015.06.30 09:19:12.942,1.38331,1.38351,1.00,1.00
2015.06.30 09:19:13.045,1.38331,1.38353,1.00,1.00
2015.06.30 09:19:13.466,1.38331,1.38356,1.87,1.87
2015.06.30 09:19:14.027,1.38334,1.38356,1.00,1.50
2015.06.30 09:19:14.542,1.38335,1.38356,1.00,1.00
2015.06.30 09:19:14.696,1.38336,1.3836,1.50,1.00
2015.06.30 09:19:14.798,1.38338,1.38361,1.00,1.00
2015.06.30 09:19:15.595,1.38341,1.38362,1.00,1.00
2015.06.30 09:19:16.459,1.38341,1.38363,1.12,1.00
2015.06.30 09:19:16.787,1.38341,1.3836,1.00,1.00
2015.06.30 09:19:17.336,1.3834,1.3836,1.00,1.00
2015.06.30 09:19:17.642,1.38333,1.38352,1.00,1.00
2015.06.30 09:19:19.528,1.38328,1.38348,1.00,1.00
2015.06.30 09:19:20.069,1.38328,1.38347,1.00,1.00
2015.06.30 09:19:20.907,1.38328,1.38348,1.00,1.00
2015.06.30 09:19:21.427,1.38328,1.38346,1.00,1.00
2015.06.30 09:19:21.529,1.38326,1.38346,1.00,1.00
2015.06.30 09:19:22.329,1.3833,1.3835,1.00,1.00
2015.06.30 09:19:22.837,1.38331,1.3835,1.00,1.00
2015.06.30 09:19:22.939,1.38331,1.38352,1.00,1.00
2015.06.30 09:19:23.880,1.38331,1.38354,1.00,1.00
2015.06.30 09:19:24.366,1.38331,1.38352,1.00,1.00
2015.06.30 09:19:25.998,1.38331,1.38353,1.00,1.00
2015.06.30 09:19:26.669,1.38331,1.38352,1.00,1.00
2015.06.30 09:19:27.590,1.38328,1.38348,1.00,1.00
2015.06.30 09:19:27.692,1.38328,1.38351,1.00,1.00
2015.06.30 09:19:27.794,1.38331,1.38351,1.00,1.00
2015.06.30 09:19:27.946,1.38328,1.38351,1.50,1.00
2015.06.30 09:19:27.997,1.38331,1.38352,1.00,1.00
2015.06.30 09:19:29.964,1.38331,1.38353,1.00,1.00
2015.06.30 09:19:30.268,1.38333,1.38353,1.00,1.00
2015.06.30 09:19:30.949,1.38333,1.38352,1.00,1.00
2015.06.30 09:19:31.475,1.38333,1.38353,1.00,1.00
2015.06.30 09:19:32.025,1.38333,1.38354,1.00,1.00
2015.06.30 09:19:33.194,1.38333,1.38352,1.00,1.00
2015.06.30 09:19:35.825,1.38332,1.38352,1.00,1.00
2015.06.30 09:19:36.386,1.3833,1.3834,1.00,1.00
2015.06.30 09:19:36.437,1.38319,1.3834,1.12,1.00
2015.06.30 09:19:36.489,1.38323,1.38342,1.00,1.00
2015.06.30 09:19:36.641,1.38327,1.38347,1.12,1.00
2015.06.30 09:19:36.743,1.38328,1.38352,1.00,1.00
2015.06.30 09:19:36.795,1.3833,1.38353,1.50,1.00
2015.06.30 09:19:39.748,1.38328,1.38352,1.12,1.00
2015.06.30 09:19:39.901,1.3833,1.38353,1.00,1.00
2015.06.30 09:19:41.111,1.38333,1.38356,1.00,1.37
2015.06.30 09:19:41.162,1.38334,1.38359,1.00,3.00
2015.06.30 09:19:41.214,1.38337,1.38358,1.00,1.00
2015.06.30 09:19:41.316,1.38339,1.38361,1.00,1.00
2015.06.30 09:19:41.419,1.38342,1.38362,1.00,1.00
2015.06.30 09:19:41.775,1.38342,1.38359,1.00,1.00
2015.06.30 09:19:41.878,1.38337,1.38358,1.00,1.00
2015.06.30 09:19:42.397,1.38337,1.38357,1.00,1.00
2015.06.30 09:19:42.468,1.38333,1.38352,2.25,1.00
2015.06.30 09:19:43.009,1.38333,1.38353,2.25,1.00
2015.06.30 09:19:43.834,1.38331,1.38353,1.00,1.50
2015.06.30 09:19:44.341,1.38332,1.38353,1.00,1.00
2015.06.30 09:19:49.693,1.38336,1.38353,1.37,1.50
2015.06.30 09:19:49.744,1.38341,1.38362,1.00,1.00
2015.06.30 09:19:49.897,1.38339,1.38362,1.50,1.00
2015.06.30 09:19:50.000,1.38339,1.38359,1.00,1.00
2015.06.30 09:19:50.365,1.3834,1.38361,1.50,1.00
2015.06.30 09:19:50.416,1.38343,1.38363,1.00,1.00
2015.06.30 09:19:51.072,1.38343,1.38362,1.00,1.00
2015.06.30 09:19:51.379,1.3834,1.38358,1.00,1.00
2015.06.30 09:19:51.685,1.38335,1.38349,1.00,1.00
2015.06.30 09:19:51.787,1.38335,1.38351,1.00,1.50
2015.06.30 09:19:51.839,1.38332,1.38351,1.00,1.50
2015.06.30 09:19:52.378,1.3833,1.38351,1.00,1.00
2015.06.30 09:19:52.897,1.3833,1.3835,1.00,1.00
2015.06.30 09:19:53.101,1.38331,1.38352,1.00,1.00
2015.06.30 09:19:53.454,1.38334,1.38352,1.00,1.00
2015.06.30 09:19:53.967,1.38334,1.38354,1.00,1.00
2015.06.30 09:19:54.069,1.38335,1.38356,1.00,1.00
2015.06.30 09:19:54.222,1.38336,1.38358,1.00,1.50
2015.06.30 09:19:55.808,1.38337,1.38358,1.00,1.50
2015.06.30 09:19:57.554,1.38337,1.38359,1.00,1.00
2015.06.30 09:19:57.736,1.38337,1.38356,1.00,1.00
2015.06.30 09:19:58.040,1.38339,1.38359,1.50,1.00
2015.06.30 09:19:58.193,1.38337,1.38358,1.00,1.50
2015.06.30 09:19:58.345,1.38335,1.38358,1.00,1.50
2015.06.30 09:19:59.560,1.38336,1.38356,1.00,1.00
2015.06.30 09:20:00.376,1.38333,1.38356,1.00,1.00
2015.06.30 09:20:01.255,1.38336,1.38356,1.00,2.25
2015.06.30 09:20:02.041,1.38336,1.38355,1.00,1.00
2015.06.30 09:20:02.843,1.38339,1.38355,1.00,1.00
2015.06.30 09:20:03.148,1.38344,1.38365,1.00,2.25
2015.06.30 09:20:03.250,1.38346,1.38366,1.00,1.37
2015.06.30 09:20:03.352,1.38346,1.38366,1.00,2.25
2015.06.30 09:20:04.140,1.38347,1.3837,1.00,1.00
2015.06.30 09:20:04.293,1.3835,1.3837,1.00,1.00
2015.06.30 09:20:04.344,1.3835,1.38373,1.00,1.50
2015.06.30 09:20:04.549,1.38349,1.3837,1.00,1.00
2015.06.30 09:20:04.855,1.38348,1.38372,1.00,1.00
2015.06.30 09:20:05.547,1.38348,1.38368,1.00,1.00
2015.06.30 09:20:05.854,1.3835,1.38368,1.00,1.00
2015.06.30 09:20:06.165,1.3835,1.38371,1.00,1.00
2015.06.30 09:20:06.318,1.3835,1.38373,1.00,1.00
2015.06.30 09:20:06.419,1.38352,1.38371,1.00,1.00
2015.06.30 09:20:06.995,1.38352,1.38372,1.00,1.00
2015.06.30 09:20:07.508,1.38351,1.38373,1.00,1.00
2015.06.30 09:20:09.003,1.38351,1.38372,1.00,1.00
2015.06.30 09:20:09.534,1.38351,1.38373,1.00,2.62
2015.06.30 09:20:09.585,1.38348,1.38369,1.12,1.00
2015.06.30 09:20:09.636,1.38346,1.38369,1.50,1.00
2015.06.30 09:20:09.839,1.38346,1.38366,1.00,1.00
2015.06.30 09:20:10.605,1.38349,1.38366,1.00,1.00
2015.06.30 09:20:10.712,1.38347,1.38367,1.50,1.00
2015.06.30 09:20:10.763,1.38344,1.38367,2.62,1.00
2015.06.30 09:20:11.118,1.38349,1.38367,1.37,1.00
2015.06.30 09:20:11.169,1.38349,1.3837,1.37,1.00
2015.06.30 09:20:11.958,1.3835,1.38371,1.12,1.00
2015.06.30 09:20:14.654,1.3835,1.3837,1.12,1.00
2015.06.30 09:20:14.860,1.3835,1.38372,1.12,1.00
2015.06.30 09:20:15.013,1.3835,1.38372,1.37,1.00
2015.06.30 09:20:15.320,1.38358,1.38378,1.00,1.00
2015.06.30 09:20:16.011,1.38357,1.38378,1.00,1.00
2015.06.30 09:20:16.113,1.38355,1.38377,1.87,1.00
2015.06.30 09:20:16.519,1.38354,1.38374,1.87,1.00
2015.06.30 09:20:17.558,1.38354,1.38374,1.87,1.00
2015.06.30 09:20:18.092,1.38351,1.38375,1.87,1.87
2015.06.30 09:20:18.143,1.38351,1.38374,1.00,1.37
2015.06.30 09:20:18.245,1.38347,1.3837,1.87,1.00
2015.06.30 09:20:18.296,1.38347,1.38367,1.87,1.00
2015.06.30 09:20:19.054,1.38351,1.38367,1.87,1.00
2015.06.30 09:20:19.105,1.38351,1.38373,1.87,1.00
2015.06.30 09:20:19.532,1.38353,1.38373,1.37,1.00
2015.06.30 09:20:19.634,1.38356,1.38376,1.00,1.00
2015.06.30 09:20:20.570,1.38356,1.38375,1.00,1.00
2015.06.30 09:20:21.049,1.38356,1.38377,1.00,1.00
2015.06.30 09:20:21.253,1.38354,1.38374,1.87,1.00
2015.06.30 09:20:21.798,1.38354,1.38373,1.37,1.00
2015.06.30 09:20:22.340,1.38354,1.38374,1.00,1.00
2015.06.30 09:20:22.882,1.38354,1.38377,1.50,1.37
2015.06.30 09:20:23.418,1.38354,1.38377,1.50,1.12
2015.06.30 09:20:24.460,1.38354,1.38376,1.00,1.00
2015.06.30 09:20:25.109,1.38354,1.38376,1.37,1.00
2015.06.30 09:20:26.050,1.38354,1.38376,1.87,1.00
2015.06.30 09:20:26.577,1.38354,1.38377,1.87,1.00
2015.06.30 09:20:27.112,1.38354,1.38377,1.87,1.00
2015.06.30 09:20:28.432,1.38356,1.3838,1.37,1.12
2015.06.30 09:20:28.953,1.38359,1.3838,1.37,1.00
2015.06.30 09:20:29.258,1.38388,1.38401,1.00,1.00
2015.06.30 09:20:29.770,1.38388,1.38408,1.37,1.00
2015.06.30 09:20:29.923,1.38387,1.38405,1.37,1.00
2015.06.30 09:20:30.396,1.38388,1.38407,1.37,1.00
2015.06.30 09:20:30.724,1.38388,1.38404,1.37,1.00
2015.06.30 09:20:31.292,1.38388,1.38408,1.00,1.00
2015.06.30 09:20:31.344,1.38383,1.38408,1.37,1.50
2015.06.30 09:20:31.497,1.38383,1.38401,1.37,1.00
2015.06.30 09:20:31.599,1.38383,1.38403,1.37,1.00
2015.06.30 09:20:31.701,1.38383,1.38406,1.50,1.00
2015.06.30 09:20:32.218,1.38384,1.38407,1.37,1.00
2015.06.30 09:20:32.371,1.38387,1.38407,1.00,1.00
2015.06.30 09:20:32.930,1.38387,1.38407,1.37,1.00
2015.06.30 09:20:33.455,1.38386,1.38408,2.25,1.00
2015.06.30 09:20:33.659,1.38386,1.38408,1.00,1.00
2015.06.30 09:20:33.891,1.38385,1.38406,1.12,1.00
2015.06.30 09:20:34.634,1.38385,1.38404,1.12,1.00
2015.06.30 09:20:35.061,1.38385,1.38402,1.12,1.00
2015.06.30 09:20:35.202,1.38385,1.38404,1.12,1.00
2015.06.30 09:20:35.663,1.38388,1.3841,1.12,1.50
2015.06.30 09:20:35.815,1.38391,1.3841,1.00,1.50
2015.06.30 09:20:36.431,1.38389,1.3841,1.00,1.50
2015.06.30 09:20:36.932,1.38389,1.3841,1.37,1.50
2015.06.30 09:20:37.135,1.38387,1.38409,1.87,1.00
2015.06.30 09:20:37.625,1.38387,1.38406,1.00,1.00
2015.06.30 09:20:38.227,1.38386,1.38406,1.12,1.00
2015.06.30 09:20:38.330,1.38386,1.38408,1.00,1.00
2015.06.30 09:20:38.536,1.38389,1.38408,1.00,1.00
2015.06.30 09:20:39.029,1.38387,1.38408,1.00,1.50
2015.06.30 09:20:42.500,1.38383,1.38407,1.00,1.87
2015.06.30 09:20:42.551,1.38383,1.38407,1.12,1.87
2015.06.30 09:20:42.891,1.38382,1.38403,1.00,1.00
2015.06.30 09:20:43.094,1.38379,1.38403,2.62,1.87
2015.06.30 09:20:43.145,1.38381,1.38402,1.00,1.00
2015.06.30 09:20:43.247,1.38381,1.38404,1.37,1.00
2015.06.30 09:20:43.848,1.38389,1.38404,1.00,1.00
2015.06.30 09:20:43.900,1.38398,1.38422,1.00,1.00
2015.06.30 09:20:44.205,1.38398,1.38423,2.62,1.00
2015.06.30 09:20:44.509,1.38402,1.38424,1.00,1.00
2015.06.30 09:20:44.966,1.38403,1.38426,1.50,1.00
2015.06.30 09:20:45.554,1.38404,1.38427,1.00,1.50
2015.06.30 09:20:47.522,1.38403,1.38426,1.00,1.00
2015.06.30 09:20:48.030,1.38404,1.38426,1.50,1.00
2015.06.30 09:20:48.959,1.38403,1.38428,1.50,1.37
2015.06.30 09:20:49.010,1.38404,1.38429,1.00,1.87
2015.06.30 09:20:49.112,1.38404,1.38426,1.00,1.00
2015.06.30 09:20:49.214,1.38402,1.38426,1.00,1.00
2015.06.30 09:20:50.716,1.38402,1.38424,1.00,1.00
2015.06.30 09:20:51.220,1.38401,1.38424,1.00,1.00
2015.06.30 09:20:52.574,1.38391,1.38416,2.25,1.87
2015.06.30 09:20:52.880,1.38385,1.38407,1.00,1.00
2015.06.30 09:20:52.982,1.38382,1.38406,1.50,1.12
2015.06.30 09:20:53.826,1.38382,1.38404,1.50,1.00
2015.06.30 09:20:56.111,1.38388,1.3841,1.00,1.00
2015.06.30 09:20:56.570,1.3839,1.3841,1.00,1.00
2015.06.30 09:20:56.723,1.3839,1.38413,1.00,1.37
2015.06.30 09:20:56.824,1.38388,1.38413,1.87,1.37
2015.06.30 09:20:57.566,1.38388,1.38413,1.50,1.12
2015.06.30 09:20:58.026,1.3839,1.38413,1.00,1.12
2015.06.30 09:20:58.940,1.38397,1.3842,1.00,1.87
2015.06.30 09:20:58.991,1.38395,1.38418,1.50,1.37
2015.06.30 09:20:59.043,1.38395,1.38413,1.00,1.00
2015.06.30 09:20:59.246,1.38395,1.38416,1.00,1.87
2015.06.30 09:20:59.399,1.38392,1.38416,1.00,1.87
2015.06.30 09:20:59.450,1.38389,1.38411,1.50,1.00
2015.06.30 09:20:59.757,1.38391,1.38407,1.00,1.00
2015.06.30 09:21:00.334,1.38384,1.38403,1.00,1.00
2015.06.30 09:21:01.837,1.3838,1.38384,1.00,1.00
2015.06.30 09:21:01.888,1.38367,1.38384,1.00,1.00
2015.06.30 09:21:01.990,1.38364,1.38385,1.12,1.00
2015.06.30 09:21:02.245,1.38363,1.38381,1.00,1.00
2015.06.30 09:21:02.297,1.3836,1.38381,1.00,1.00
2015.06.30 09:21:02.348,1.38359,1.38378,1.00,1.00
2015.06.30 09:21:03.087,1.38353,1.38376,1.87,1.00
2015.06.30 09:21:03.734,1.38354,1.38376,1.00,1.00
2015.06.30 09:21:04.154,1.38353,1.38372,1.37,1.00
2015.06.30 09:21:04.843,1.38361,1.38372,1.75,1.00
2015.06.30 09:21:04.897,1.38354,1.38374,1.00,1.12
2015.06.30 09:21:04.948,1.38358,1.38377,1.00,1.50
2015.06.30 09:21:05.202,1.3836,1.38382,1.37,1.00
2015.06.30 09:21:05.254,1.3836,1.38382,1.12,1.00
2015.06.30 09:21:05.356,1.3836,1.38385,1.12,1.87
2015.06.30 09:21:06.202,1.38359,1.38381,1.00,1.00
2015.06.30 09:21:06.708,1.38358,1.3838,1.00,1.00
2015.06.30 09:21:07.049,1.3836,1.3838,1.00,1.00
2015.06.30 09:21:07.783,1.3836,1.38381,1.00,1.00
2015.06.30 09:21:08.357,1.38358,1.38384,1.87,1.87
2015.06.30 09:21:08.661,1.38362,1.38384,1.00,1.00
2015.06.30 09:21:09.970,1.38368,1.38387,1.75,1.50
2015.06.30 09:21:10.022,1.38373,1.38391,1.12,1.00
2015.06.30 09:21:10.073,1.38373,1.38394,1.37,1.00
2015.06.30 09:21:10.177,1.38375,1.38399,1.37,1.50
2015.06.30 09:21:10.484,1.38374,1.38399,1.00,2.62
2015.06.30 09:21:10.587,1.38375,1.38399,1.00,1.87
2015.06.30 09:21:11.244,1.38377,1.38394,1.00,1.00
2015.06.30 09:21:11.296,1.3837,1.38394,1.00,1.12
2015.06.30 09:21:11.347,1.3837,1.38389,1.00,1.00
2015.06.30 09:21:11.398,1.38368,1.38388,1.00,1.00
2015.06.30 09:21:11.702,1.38367,1.38386,1.00,1.00
2015.06.30 09:21:11.906,1.38365,1.38386,1.00,1.00
2015.06.30 09:21:12.814,1.38363,1.38386,1.50,1.00
2015.06.30 09:21:12.865,1.38363,1.38382,1.12,1.00
2015.06.30 09:21:13.372,1.38362,1.38382,1.37,1.00
2015.06.30 09:21:13.710,1.38362,1.38382,1.75,1.00
2015.06.30 09:21:13.862,1.38367,1.38386,1.35,1.00
2015.06.30 09:21:14.346,1.38371,1.38388,1.37,1.12
2015.06.30 09:21:14.398,1.38371,1.38388,1.50,1.00
2015.06.30 09:21:14.499,1.38371,1.38392,2.25,1.00
2015.06.30 09:21:14.703,1.38372,1.38397,1.50,1.87
2015.06.30 09:21:14.855,1.38372,1.38393,1.87,1.00
2015.06.30 09:21:15.267,1.38374,1.38393,1.00,1.50
2015.06.30 09:21:15.420,1.3837,1.38392,1.00,1.00
2015.06.30 09:21:15.929,1.38372,1.38391,1.00,1.00
2015.06.30 09:21:16.031,1.3837,1.3839,1.12,1.50
2015.06.30 09:21:16.133,1.38367,1.3839,1.37,1.50
2015.06.30 09:21:16.286,1.38369,1.38388,1.00,1.00
2015.06.30 09:21:16.388,1.3837,1.38394,1.12,1.00
2015.06.30 09:21:16.439,1.38372,1.38395,1.00,1.12
2015.06.30 09:21:17.120,1.38368,1.38392,2.62,1.87
2015.06.30 09:21:17.643,1.38366,1.38391,1.87,1.00
2015.06.30 09:21:17.694,1.38367,1.38392,1.50,1.87
2015.06.30 09:21:18.474,1.38367,1.3839,1.87,1.50
2015.06.30 09:21:18.800,1.38367,1.3839,2.25,1.50
2015.06.30 09:21:19.591,1.38367,1.3839,2.25,1.50
2015.06.30 09:21:20.166,1.38368,1.3839,1.87,1.50
2015.06.30 09:21:20.321,1.38372,1.38392,1.50,1.00
2015.06.30 09:21:20.424,1.38372,1.38394,1.50,1.00
2015.06.30 09:21:20.475,1.38372,1.38397,3.00,1.00
2015.06.30 09:21:21.238,1.38372,1.38396,1.50,1.00
2015.06.30 09:21:21.571,1.38372,1.38393,1.37,1.00
2015.06.30 09:21:21.623,1.38369,1.38391,1.00,1.00
2015.06.30 09:21:21.674,1.38369,1.38388,1.00,1.00
2015.06.30 09:21:21.725,1.38365,1.38388,1.87,1.00
2015.06.30 09:21:21.878,1.38365,1.38388,1.00,1.37
2015.06.30 09:21:22.088,1.38363,1.38384,1.87,1.00
2015.06.30 09:21:23.411,1.38361,1.3838,2.25,1.00
2015.06.30 09:21:23.462,1.38355,1.3838,1.87,1.00
2015.06.30 09:21:23.983,1.38355,1.38379,1.12,1.00
2015.06.30 09:21:24.986,1.38355,1.3838,1.50,1.12
2015.06.30 09:21:26.559,1.38354,1.38375,1.00,1.00
2015.06.30 09:21:26.763,1.38352,1.38375,1.12,1.00
2015.06.30 09:21:27.593,1.38351,1.38375,1.12,1.00
2015.06.30 09:21:28.266,1.38351,1.38373,1.12,1.00
2015.06.30 09:21:28.616,1.38348,1.38373,1.37,1.00
2015.06.30 09:21:28.819,1.38347,1.38373,2.25,1.37
2015.06.30 09:21:29.124,1.38344,1.38367,1.50,1.12
2015.06.30 09:21:29.868,1.38343,1.38367,1.00,1.12
2015.06.30 09:21:30.306,1.38343,1.38367,1.00,1.37
2015.06.30 09:21:30.812,1.38342,1.38364,1.50,1.00
2015.06.30 09:21:32.644,1.38341,1.38364,1.00,1.12
2015.06.30 09:21:33.562,1.38341,1.38364,1.00,1.37
2015.06.30 09:21:34.542,1.38341,1.38364,1.12,1.12
2015.06.30 09:21:36.314,1.38339,1.38355,1.00,1.00
2015.06.30 09:21:36.416,1.38334,1.38356,1.00,1.12
2015.06.30 09:21:36.619,1.38332,1.38357,1.00,1.87
2015.06.30 09:21:37.780,1.38333,1.38357,1.87,1.00
2015.06.30 09:21:37.986,1.38332,1.38355,1.12,1.00
2015.06.30 09:21:39.175,1.38332,1.38355,1.37,1.00
2015.06.30 09:21:39.486,1.38336,1.38356,1.00,1.00
2015.06.30 09:21:39.537,1.38334,1.38358,1.00,1.12
2015.06.30 09:21:39.639,1.38334,1.38356,1.00,1.00
2015.06.30 09:21:39.944,1.38336,1.38356,1.00,1.00
2015.06.30 09:21:40.096,1.38334,1.38356,1.00,1.00
2015.06.30 09:21:40.971,1.3833,1.3835,1.37,1.00
2015.06.30 09:21:41.023,1.3833,1.38353,1.37,1.00
2015.06.30 09:21:41.074,1.3833,1.38355,1.37,1.50
2015.06.30 09:21:41.496,1.38334,1.38355,1.00,1.50
2015.06.30 09:21:41.648,1.38334,1.38357,1.00,1.50
2015.06.30 09:21:42.529,1.38334,1.38356,1.00,1.00
2015.06.30 09:21:42.583,1.38332,1.38356,1.12,1.00
2015.06.30 09:21:42.634,1.3833,1.38355,2.25,1.12
2015.06.30 09:21:44.036,1.38327,1.38351,1.50,1.00
2015.06.30 09:21:44.138,1.38327,1.38349,1.50,1.00
2015.06.30 09:21:44.341,1.38327,1.38351,1.50,1.12
2015.06.30 09:21:44.864,1.38326,1.3835,1.50,1.50
2015.06.30 09:21:45.763,1.38327,1.38351,1.50,1.00
2015.06.30 09:21:46.118,1.38327,1.38349,1.50,1.00
2015.06.30 09:21:46.638,1.38327,1.38348,1.12,1.00
2015.06.30 09:21:48.670,1.38322,1.38346,1.50,1.00
2015.06.30 09:21:49.211,1.38321,1.38342,2.62,1.00
2015.06.30 09:21:49.469,1.38325,1.38349,1.87,1.00
2015.06.30 09:21:49.875,1.38333,1.3835,1.00,1.00
2015.06.30 09:21:51.151,1.38325,1.38339,1.00,1.00
2015.06.30 09:21:51.610,1.38323,1.38338,1.00,1.00
2015.06.30 09:21:52.789,1.38323,1.38337,1.00,1.00
2015.06.30 09:21:53.328,1.38323,1.38338,1.00,1.00
2015.06.30 09:21:53.789,1.38323,1.38341,1.00,1.12
2015.06.30 09:21:53.942,1.38328,1.38341,1.00,1.12
2015.06.30 09:21:54.044,1.38328,1.38344,1.00,1.87
2015.06.30 09:21:54.549,1.38328,1.38346,1.12,1.00
2015.06.30 09:21:54.703,1.3833,1.38348,1.00,1.00
2015.06.30 09:21:56.005,1.3833,1.38349,1.00,1.00
2015.06.30 09:21:56.158,1.38328,1.38349,1.12,1.00
2015.06.30 09:21:56.363,1.38328,1.38347,1.00,1.00
2015.06.30 09:21:57.806,1.38328,1.38348,1.37,1.00
2015.06.30 09:21:59.964,1.38328,1.38347,1.37,1.00
2015.06.30 09:22:00.472,1.38328,1.38348,1.37,1.00
2015.06.30 09:22:01.296,1.38328,1.38349,2.25,1.00
2015.06.30 09:22:01.803,1.38328,1.38348,1.87,1.00
2015.06.30 09:22:02.322,1.38328,1.38349,1.87,1.00
2015.06.30 09:22:05.822,1.38328,1.3835,2.25,1.00
2015.06.30 09:22:07.443,1.38328,1.38352,2.25,1.12
2015.06.30 09:22:07.955,1.38328,1.38351,2.25,1.00
2015.06.30 09:22:08.483,1.38328,1.38351,2.25,1.00
2015.06.30 09:22:09.220,1.38326,1.38349,1.87,1.00
2015.06.30 09:22:09.424,1.38328,1.38351,1.75,1.50
2015.06.30 09:22:09.679,1.3833,1.38353,1.37,1.12
2015.06.30 09:22:11.984,1.3833,1.38354,1.37,1.50
2015.06.30 09:22:12.605,1.38336,1.38353,1.00,1.87
2015.06.30 09:22:12.656,1.3833,1.38348,1.00,1.50
2015.06.30 09:22:13.179,1.3833,1.38345,1.00,1.00
2015.06.30 09:22:13.640,1.3833,1.38347,1.00,1.12
2015.06.30 09:22:13.691,1.38328,1.38347,1.00,1.12
2015.06.30 09:22:13.742,1.38328,1.38345,1.00,1.00
2015.06.30 09:22:14.812,1.38328,1.38344,1.12,1.00
2015.06.30 09:22:15.328,1.38328,1.38345,1.12,1.12
2015.06.30 09:22:15.975,1.38335,1.38355,1.00,1.37
2015.06.30 09:22:16.026,1.38334,1.38356,1.37,1.37
2015.06.30 09:22:16.229,1.38334,1.38356,1.37,1.00
2015.06.30 09:22:16.735,1.38338,1.38359,1.37,1.37
2015.06.30 09:22:17.380,1.38341,1.38361,1.37,1.87
2015.06.30 09:22:17.446,1.38339,1.38363,1.50,1.37
2015.06.30 09:22:17.960,1.38339,1.38361,1.37,1.00
2015.06.30 09:22:18.214,1.38339,1.38361,1.37,1.00
2015.06.30 09:22:19.573,1.38336,1.38358,2.25,1.37
2015.06.30 09:22:19.625,1.38336,1.38358,1.87,1.37
2015.06.30 09:22:20.144,1.38336,1.38358,2.25,1.37
2015.06.30 09:22:21.112,1.38341,1.38362,1.37,1.12
2015.06.30 09:22:21.619,1.38341,1.38363,1.37,1.87
2015.06.30 09:22:22.143,1.38341,1.38362,1.37,1.00
2015.06.30 09:22:22.856,1.38341,1.38363,1.37,1.12
2015.06.30 09:22:23.078,1.38344,1.38364,1.37,1.87
2015.06.30 09:22:24.473,1.38344,1.38362,1.37,1.00
2015.06.30 09:22:24.789,1.38341,1.38356,1.50,1.00
2015.06.30 09:22:25.093,1.38341,1.38358,1.37,1.50
2015.06.30 09:22:26.089,1.38333,1.38349,1.00,1.00
2015.06.30 09:22:26.343,1.38334,1.38353,1.00,1.00
2015.06.30 09:22:26.395,1.38331,1.38351,1.00,1.00
2015.06.30 09:22:26.908,1.38331,1.3835,1.37,1.00
2015.06.30 09:22:27.061,1.38331,1.38348,1.00,1.00
2015.06.30 09:22:28.771,1.38336,1.38348,1.00,1.00
2015.06.30 09:22:28.822,1.38336,1.3835,1.00,1.50
2015.06.30 09:22:28.974,1.3834,1.3835,1.00,1.00
2015.06.30 09:22:29.026,1.3834,1.38353,1.37,1.50
2015.06.30 09:22:29.077,1.38338,1.38353,1.00,1.50
2015.06.30 09:22:29.128,1.38335,1.38353,1.50,1.00
2015.06.30 09:22:29.641,1.38338,1.38355,1.87,1.00
2015.06.30 09:22:29.946,1.38353,1.38371,1.00,2.25
2015.06.30 09:22:29.997,1.3835,1.3837,1.37,1.00
2015.06.30 09:22:30.098,1.38348,1.38369,1.00,1.00
2015.06.30 09:22:30.200,1.38348,1.38367,1.00,1.00
2015.06.30 09:22:30.403,1.38344,1.38366,1.37,1.00
2015.06.30 09:22:30.924,1.38344,1.38363,1.00,1.37
2015.06.30 09:22:31.383,1.38342,1.38366,1.00,1.37
2015.06.30 09:22:31.484,1.38342,1.38362,1.00,1.87
2015.06.30 09:22:31.790,1.38342,1.38359,1.37,1.00
2015.06.30 09:22:31.841,1.38341,1.38359,1.00,1.00
2015.06.30 09:22:31.943,1.38337,1.38358,1.50,1.00
2015.06.30 09:22:33.114,1.38334,1.38353,1.00,1.00
2015.06.30 09:22:33.492,1.38331,1.38353,1.37,1.00
2015.06.30 09:22:33.849,1.38331,1.38353,1.37,1.00
2015.06.30 09:22:34.583,1.38334,1.38352,1.12,1.50
2015.06.30 09:22:35.119,1.38334,1.38353,1.12,1.50
2015.06.30 09:22:35.627,1.38334,1.38352,1.12,1.00
2015.06.30 09:22:36.410,1.38334,1.38351,1.00,1.00
2015.06.30 09:22:36.816,1.3833,1.38348,1.37,1.00
2015.06.30 09:22:36.868,1.3833,1.38348,1.00,1.12
2015.06.30 09:22:36.919,1.38327,1.38346,1.12,1.00
2015.06.30 09:22:37.174,1.3833,1.38345,1.00,1.00
2015.06.30 09:22:37.227,1.38326,1.38345,1.00,1.00
2015.06.30 09:22:37.745,1.38323,1.38344,1.00,1.00
2015.06.30 09:22:37.963,1.38323,1.38342,1.00,1.00
2015.06.30 09:22:38.624,1.38321,1.38342,1.12,1.00
2015.06.30 09:22:39.297,1.38321,1.38341,1.12,1.00
2015.06.30 09:22:42.610,1.38317,1.3833,1.50,1.00
2015.06.30 09:22:42.661,1.38311,1.3833,1.12,1.00
2015.06.30 09:22:42.921,1.38311,1.38333,1.12,1.00
2015.06.30 09:22:43.023,1.38311,1.3833,1.12,1.00
2015.06.30 09:22:43.429,1.38311,1.38331,2.25,1.00
2015.06.30 09:22:44.098,1.38311,1.38331,1.87,1.00
2015.06.30 09:22:46.695,1.38318,1.38339,1.37,1.00
2015.06.30 09:22:48.664,1.38317,1.38339,1.75,1.00
2015.06.30 09:22:48.817,1.38322,1.38345,2.25,1.50
2015.06.30 09:22:48.869,1.38323,1.38345,1.12,1.00
2015.06.30 09:22:49.021,1.38325,1.38347,1.75,1.00
2015.06.30 09:22:49.237,1.38325,1.38347,1.37,1.00
2015.06.30 09:22:50.070,1.38326,1.38345,1.37,1.00
2015.06.30 09:22:50.122,1.38322,1.38346,1.75,1.50
2015.06.30 09:22:50.457,1.38322,1.38346,1.87,1.50
2015.06.30 09:22:50.914,1.38322,1.38344,1.75,1.00
2015.06.30 09:22:50.965,1.38322,1.38344,1.37,1.00
2015.06.30 09:22:51.753,1.38322,1.38343,1.37,1.00
2015.06.30 09:22:52.267,1.38321,1.38343,1.50,1.00
2015.06.30 09:22:53.067,1.3832,1.38343,2.25,1.00
2015.06.30 09:22:53.569,1.38319,1.38337,1.00,1.50
2015.06.30 09:22:53.844,1.38314,1.38337,1.00,1.50
2015.06.30 09:22:54.474,1.38314,1.38337,1.37,1.87
2015.06.30 09:22:54.781,1.38314,1.38337,1.37,1.87
2015.06.30 09:22:55.476,1.38317,1.3834,1.37,1.37
2015.06.30 09:22:55.983,1.38317,1.3834,1.37,1.37
2015.06.30 09:22:56.491,1.38317,1.3834,1.37,1.00
2015.06.30 09:22:57.271,1.38329,1.38354,1.50,1.87
2015.06.30 09:22:57.524,1.38335,1.38354,1.00,1.87
2015.06.30 09:22:58.365,1.38342,1.38354,1.00,1.87
2015.06.30 09:22:58.887,1.38341,1.38359,1.00,1.00
2015.06.30 09:22:59.141,1.38346,1.38359,1.00,1.00
2015.06.30 09:22:59.243,1.38342,1.38359,1.00,1.00
2015.06.30 09:22:59.446,1.38339,1.38359,1.12,1.00
2015.06.30 09:22:59.498,1.38339,1.38357,1.37,1.00
2015.06.30 09:22:59.803,1.38339,1.38355,1.37,1.00
2015.06.30 09:23:01.018,1.38339,1.38354,1.00,1.00
2015.06.30 09:23:01.549,1.38339,1.38355,1.00,1.00
2015.06.30 09:23:02.825,1.38339,1.38356,1.00,1.00
2015.06.30 09:23:02.927,1.38339,1.38358,1.12,1.50
2015.06.30 09:23:03.196,1.38344,1.38358,1.00,1.50
2015.06.30 09:23:03.348,1.38344,1.38361,1.12,1.00
2015.06.30 09:23:03.400,1.38347,1.38361,1.00,1.00
2015.06.30 09:23:03.451,1.38347,1.38363,1.00,1.00
2015.06.30 09:23:04.008,1.38347,1.38365,1.37,1.00
2015.06.30 09:23:04.516,1.38347,1.38365,1.12,1.00
2015.06.30 09:23:08.186,1.38345,1.38363,1.00,1.87
2015.06.30 09:23:08.440,1.38341,1.38363,1.00,1.87
2015.06.30 09:23:08.542,1.3834,1.38358,1.00,1.00
2015.06.30 09:23:08.847,1.3834,1.38356,1.00,1.00
2015.06.30 09:23:09.538,1.38337,1.38356,1.00,1.00
2015.06.30 09:23:09.590,1.3834,1.38356,1.00,1.00
2015.06.30 09:23:09.641,1.3834,1.38358,1.00,1.50
2015.06.30 09:23:09.693,1.38346,1.38358,1.00,1.50
2015.06.30 09:23:09.795,1.38346,1.38361,1.12,1.00
2015.06.30 09:23:09.846,1.38346,1.38364,1.12,1.50
2015.06.30 09:23:09.948,1.38346,1.38366,1.12,1.87
2015.06.30 09:23:11.955,1.38346,1.38367,1.00,1.50
2015.06.30 09:23:12.906,1.38349,1.38367,1.37,1.50
2015.06.30 09:23:13.413,1.38349,1.3837,1.37,1.37
2015.06.30 09:23:13.668,1.38351,1.3837,1.12,1.00
2015.06.30 09:23:15.109,1.38348,1.3837,1.37,1.00
2015.06.30 09:23:15.619,1.38349,1.38372,1.37,2.62
2015.06.30 09:23:16.166,1.38349,1.38372,1.37,2.62
2015.06.30 09:23:16.646,1.38363,1.38372,1.00,2.62
2015.06.30 09:23:17.417,1.38368,1.38372,1.00,1.00
2015.06.30 09:23:17.520,1.38358,1.38372,1.00,1.00
2015.06.30 09:23:17.572,1.38359,1.38375,1.00,1.00
2015.06.30 09:23:17.623,1.38371,1.38375,1.00,1.00
2015.06.30 09:23:17.675,1.38367,1.38376,1.00,1.00
2015.06.30 09:23:17.726,1.38367,1.3838,1.00,1.00
2015.06.30 09:23:18.618,1.38364,1.38378,1.00,1.37
2015.06.30 09:23:18.669,1.38361,1.38378,1.00,1.37
2015.06.30 09:23:19.887,1.38357,1.38375,1.00,1.00
2015.06.30 09:23:20.413,1.38357,1.38373,1.00,1.00
2015.06.30 09:23:20.873,1.38358,1.38375,1.00,1.12
2015.06.30 09:23:20.928,1.38361,1.38375,1.00,1.12
2015.06.30 09:23:21.335,1.38358,1.38377,1.37,1.37
2015.06.30 09:23:21.890,1.38363,1.38379,1.00,1.12
2015.06.30 09:23:22.354,1.38363,1.38376,1.00,1.00
2015.06.30 09:23:22.709,1.38357,1.38376,1.37,1.50
2015.06.30 09:23:22.811,1.38354,1.38372,1.87,1.00
2015.06.30 09:23:23.654,1.38354,1.38373,1.12,1.12
2015.06.30 09:23:23.958,1.38354,1.3837,1.00,1.00
2015.06.30 09:23:24.161,1.38354,1.38372,1.00,1.00
2015.06.30 09:23:24.712,1.38358,1.38371,1.00,1.00
2015.06.30 09:23:24.764,1.38356,1.38373,1.00,1.50
2015.06.30 09:23:25.280,1.38358,1.38373,1.00,1.00
2015.06.30 09:23:25.343,1.38365,1.38381,1.00,1.12
2015.06.30 09:23:26.160,1.38362,1.38382,1.00,1.37
2015.06.30 09:23:26.741,1.38362,1.38379,1.00,1.12
2015.06.30 09:23:26.792,1.38359,1.38379,1.00,1.12
2015.06.30 09:23:27.561,1.3837,1.38379,1.00,1.12
2015.06.30 09:23:27.612,1.38368,1.38379,1.00,1.00
2015.06.30 09:23:27.663,1.38368,1.38383,1.00,1.00
2015.06.30 09:23:27.816,1.38369,1.38387,1.00,1.00
2015.06.30 09:23:29.018,1.38369,1.38384,1.00,1.00
2015.06.30 09:23:29.622,1.38365,1.38384,1.87,1.00
2015.06.30 09:23:29.723,1.38364,1.38383,1.00,1.00
2015.06.30 09:23:29.775,1.38364,1.38378,1.00,1.00
2015.06.30 09:23:29.927,1.38361,1.38379,1.00,1.00
2015.06.30 09:23:29.978,1.38361,1.38376,1.00,1.00
2015.06.30 09:23:30.492,1.38361,1.38378,1.00,1.00
2015.06.30 09:23:30.858,1.38361,1.38375,1.00,1.00
2015.06.30 09:23:31.061,1.38361,1.38378,1.00,1.12
2015.06.30 09:23:31.214,1.38361,1.3838,1.00,1.00
2015.06.30 09:23:32.041,1.38361,1.38381,1.37,1.00
2015.06.30 09:23:34.109,1.38364,1.38382,1.00,1.00
2015.06.30 09:23:34.726,1.38364,1.38381,1.00,1.00
2015.06.30 09:23:36.149,1.38364,1.38383,1.12,1.00
2015.06.30 09:23:36.584,1.38364,1.38381,1.12,1.00
2015.06.30 09:23:37.003,1.38372,1.38382,1.00,1.00
2015.06.30 09:23:37.156,1.38372,1.38386,1.00,1.00
2015.06.30 09:23:37.258,1.38372,1.3839,1.00,1.00
2015.06.30 09:23:37.835,1.38372,1.38392,1.12,1.00
2015.06.30 09:23:38.347,1.38372,1.3839,1.00,1.00
2015.06.30 09:23:39.386,1.38367,1.38375,1.00,1.00
2015.06.30 09:23:39.437,1.38356,1.38374,1.37,1.00
2015.06.30 09:23:39.962,1.38356,1.38373,1.37,1.00
2015.06.30 09:23:41.684,1.38356,1.38367,1.00,1.00
2015.06.30 09:23:41.740,1.38348,1.38367,1.37,1.00
2015.06.30 09:23:41.791,1.38354,1.38369,1.00,1.12
2015.06.30 09:23:41.893,1.38354,1.38373,1.00,1.50
2015.06.30 09:23:42.197,1.38352,1.38373,1.50,1.00
2015.06.30 09:23:42.350,1.38352,1.3837,1.00,1.00
2015.06.30 09:23:43.663,1.38352,1.38373,1.37,1.00
2015.06.30 09:23:44.576,1.38352,1.38374,1.37,1.00
2015.06.30 09:23:44.832,1.38363,1.38374,1.00,1.00
2015.06.30 09:23:47.877,1.38363,1.38375,1.00,1.00
2015.06.30 09:23:48.385,1.38363,1.38377,1.00,3.37
2015.06.30 09:23:48.437,1.38366,1.38377,1.00,1.50
2015.06.30 09:23:48.853,1.38362,1.38377,1.00,1.00
2015.06.30 09:23:49.158,1.38365,1.38377,1.00,1.50
2015.06.30 09:23:49.260,1.38365,1.38379,1.00,1.00
2015.06.30 09:23:49.947,1.38369,1.3838,1.00,1.00
2015.06.30 09:23:50.049,1.38369,1.38383,1.00,1.00
2015.06.30 09:23:50.405,1.38372,1.38385,1.00,1.00
2015.06.30 09:23:50.557,1.38372,1.38387,1.00,1.87
2015.06.30 09:23:51.499,1.38372,1.38385,1.00,1.50
2015.06.30 09:23:52.691,1.38372,1.38386,1.00,1.12
2015.06.30 09:23:53.280,1.38372,1.38388,1.00,1.87
2015.06.30 09:23:54.264,1.38372,1.38388,1.00,1.00
2015.06.30 09:23:55.827,1.38372,1.38384,1.00,1.00
2015.06.30 09:23:56.359,1.38372,1.38383,1.00,1.00
2015.06.30 09:23:58.378,1.38372,1.38384,1.00,1.00
2015.06.30 09:24:01.694,1.38371,1.38384,1.00,1.00
2015.06.30 09:24:03.832,1.38367,1.38384,1.12,1.00
2015.06.30 09:24:03.984,1.38365,1.38384,1.00,1.00
2015.06.30 09:24:04.035,1.38363,1.38383,1.87,1.00
2015.06.30 09:24:04.086,1.38359,1.38376,1.12,1.37
2015.06.30 09:24:04.189,1.38356,1.38374,1.00,1.00
2015.06.30 09:24:04.825,1.38352,1.38368,1.00,1.50
2015.06.30 09:24:05.129,1.38357,1.38368,1.00,1.00
2015.06.30 09:24:05.180,1.3836,1.38372,1.00,1.00
2015.06.30 09:24:05.231,1.38363,1.38373,1.00,1.00
2015.06.30 09:24:05.283,1.38363,1.38376,1.00,1.00
2015.06.30 09:24:05.334,1.38363,1.38379,1.00,1.00
2015.06.30 09:24:06.879,1.3836,1.38379,1.37,1.00
2015.06.30 09:24:08.255,1.3836,1.38379,1.12,1.00
2015.06.30 09:24:09.155,1.38361,1.38379,1.00,1.00
2015.06.30 09:24:09.207,1.38363,1.38379,1.00,1.00
2015.06.30 09:24:09.360,1.38363,1.38382,1.00,1.87
2015.06.30 09:24:09.908,1.38363,1.38382,1.12,1.00
2015.06.30 09:24:09.961,1.38369,1.38382,1.00,1.00
2015.06.30 09:24:10.063,1.38369,1.38388,1.00,1.50
2015.06.30 09:24:10.281,1.38369,1.38386,1.00,1.00
2015.06.30 09:24:11.269,1.38369,1.38382,1.00,1.00
2015.06.30 09:24:11.836,1.38362,1.38382,3.00,1.00
2015.06.30 09:24:11.939,1.38362,1.38376,1.50,1.00
2015.06.30 09:24:12.345,1.38358,1.38376,1.50,1.00
2015.06.30 09:24:12.397,1.38358,1.38374,1.50,1.00
2015.06.30 09:24:13.024,1.38358,1.38373,1.50,1.00
2015.06.30 09:24:13.390,1.38361,1.38373,1.00,1.00
2015.06.30 09:24:13.594,1.38361,1.38375,1.00,1.00
2015.06.30 09:24:13.696,1.38361,1.38378,1.00,1.00
2015.06.30 09:24:14.548,1.38361,1.38377,1.00,1.00
2015.06.30 09:24:16.497,1.38364,1.38378,1.12,1.00
2015.06.30 09:24:16.549,1.38364,1.38381,1.37,1.00
2015.06.30 09:24:17.145,1.38364,1.38382,1.37,1.00
2015.06.30 09:24:18.680,1.38364,1.38382,1.00,1.00
2015.06.30 09:24:18.782,1.38362,1.38381,1.00,1.00
2015.06.30 09:24:19.036,1.38362,1.3838,1.00,1.37
2015.06.30 09:24:19.819,1.38362,1.38378,1.00,1.00
2015.06.30 09:24:19.877,1.38359,1.38377,1.00,1.00
2015.06.30 09:24:20.493,1.38359,1.38379,1.00,1.12
2015.06.30 09:24:20.656,1.38359,1.38377,1.00,1.00
2015.06.30 09:24:20.965,1.38359,1.38373,1.00,1.00
2015.06.30 09:24:22.137,1.38359,1.38375,1.00,1.00
2015.06.30 09:24:22.392,1.38359,1.38377,1.37,1.00
2015.06.30 09:24:22.494,1.38362,1.38377,1.00,1.00
2015.06.30 09:24:23.153,1.38362,1.38378,1.00,1.00
2015.06.30 09:24:23.756,1.38364,1.38379,1.00,1.00
2015.06.30 09:24:24.062,1.38364,1.38379,1.37,1.00
2015.06.30 09:24:24.445,1.38364,1.38382,1.37,1.00
2015.06.30 09:24:25.508,1.38364,1.38383,1.50,1.00
2015.06.30 09:24:25.663,1.38367,1.3838,1.12,1.00
2015.06.30 09:24:26.120,1.38367,1.38385,1.12,1.00
2015.06.30 09:24:26.426,1.38365,1.38387,1.37,1.50
2015.06.30 09:24:27.169,1.38365,1.38387,1.87,1.00
2015.06.30 09:24:29.294,1.38365,1.38389,2.25,1.87
2015.06.30 09:24:31.659,1.38367,1.3839,1.37,1.12
2015.06.30 09:24:32.534,1.38367,1.3839,1.37,1.12
2015.06.30 09:24:32.636,1.38366,1.38384,1.00,1.00
2015.06.30 09:24:32.687,1.38362,1.38383,1.37,1.00
2015.06.30 09:24:32.738,1.38362,1.38378,1.37,1.00
2015.06.30 09:24:33.286,1.38362,1.38379,1.00,1.00
2015.06.30 09:24:33.613,1.38362,1.38376,1.00,1.00
2015.06.30 09:24:34.151,1.38362,1.38374,1.00,1.00
2015.06.30 09:24:34.665,1.38362,1.38375,1.00,1.00
2015.06.30 09:24:34.827,1.38358,1.38375,1.50,1.00
2015.06.30 09:24:34.879,1.38361,1.38375,1.00,1.00
2015.06.30 09:24:34.931,1.38364,1.3838,1.00,1.50
2015.06.30 09:24:34.982,1.38364,1.38384,1.00,1.12
2015.06.30 09:24:35.033,1.38364,1.38387,1.37,1.00
2015.06.30 09:24:36.268,1.38367,1.38388,1.00,1.00
2015.06.30 09:24:38.353,1.38371,1.38391,1.37,2.25
2015.06.30 09:24:38.455,1.38371,1.38393,1.37,1.50
2015.06.30 09:24:38.658,1.38371,1.38393,1.87,1.00
2015.06.30 09:24:39.175,1.38371,1.38391,1.87,1.00
2015.06.30 09:24:39.775,1.38372,1.3839,1.37,1.00
2015.06.30 09:24:40.680,1.38371,1.38389,1.87,1.00
2015.06.30 09:24:40.883,1.38371,1.38391,1.87,1.00
2015.06.30 09:24:41.086,1.38371,1.38388,1.87,1.00
2015.06.30 09:24:42.134,1.38368,1.38388,1.37,1.00
2015.06.30 09:24:42.186,1.38367,1.38389,1.37,2.62
2015.06.30 09:24:42.238,1.38367,1.38385,1.00,1.00
2015.06.30 09:24:42.340,1.38365,1.38385,1.00,1.00
2015.06.30 09:24:43.486,1.38362,1.38385,1.37,1.37
2015.06.30 09:24:44.030,1.38362,1.38385,1.37,1.37
2015.06.30 09:24:44.577,1.38362,1.38383,1.37,1.00
2015.06.30 09:24:45.173,1.38362,1.38385,1.37,2.62
2015.06.30 09:24:45.877,1.38362,1.38384,1.37,1.00
2015.06.30 09:24:46.707,1.38362,1.38385,1.37,2.62
2015.06.30 09:24:46.979,1.38362,1.38383,1.37,1.00
2015.06.30 09:24:47.278,1.38362,1.38385,1.37,1.87
2015.06.30 09:24:48.456,1.38362,1.38385,1.37,1.12
2015.06.30 09:24:48.736,1.38369,1.38385,1.00,1.12
2015.06.30 09:24:48.888,1.38369,1.3839,1.37,1.00
2015.06.30 09:24:49.395,1.38369,1.38389,1.37,1.00
2015.06.30 09:24:50.614,1.38369,1.38392,1.37,2.62
2015.06.30 09:24:51.136,1.38369,1.38394,1.87,1.37
2015.06.30 09:24:52.072,1.38361,1.38383,1.37,1.00
2015.06.30 09:24:52.551,1.38367,1.38383,1.00,1.37
2015.06.30 09:24:52.704,1.38369,1.38385,1.00,1.00
2015.06.30 09:24:53.378,1.38366,1.3839,1.37,1.50
2015.06.30 09:24:53.858,1.38366,1.3839,1.87,2.62
2015.06.30 09:24:53.909,1.38366,1.3839,2.25,2.62
2015.06.30 09:24:54.215,1.38363,1.38386,1.87,1.00
2015.06.30 09:24:54.844,1.38363,1.38386,2.62,1.00
2015.06.30 09:24:54.896,1.38364,1.38388,1.37,1.72
2015.06.30 09:24:55.001,1.38364,1.38388,2.25,1.72
2015.06.30 09:24:55.102,1.38364,1.38386,1.87,1.87
2015.06.30 09:24:55.204,1.38364,1.38386,1.37,1.37
2015.06.30 09:24:55.408,1.38359,1.38383,1.50,1.37
2015.06.30 09:24:56.151,1.38363,1.38386,1.00,2.25
2015.06.30 09:24:56.457,1.38365,1.38386,1.00,1.37
2015.06.30 09:24:56.812,1.38361,1.38386,2.25,1.12
2015.06.30 09:24:57.465,1.38361,1.38386,1.75,2.25
2015.06.30 09:24:57.516,1.38359,1.38383,1.87,1.37
2015.06.30 09:24:58.423,1.38359,1.38383,1.37,1.37
2015.06.30 09:24:59.328,1.38361,1.38383,1.12,1.37
2015.06.30 09:24:59.834,1.38364,1.38385,1.37,1.00
2015.06.30 09:25:00.410,1.38369,1.38389,1.00,1.00
2015.06.30 09:25:00.468,1.38369,1.38394,1.00,3.37
2015.06.30 09:25:00.519,1.38369,1.38394,1.37,3.00
2015.06.30 09:25:00.824,1.38373,1.38398,2.85,1.00
2015.06.30 09:25:00.926,1.38373,1.38398,1.00,1.87
2015.06.30 09:25:01.027,1.38371,1.38394,1.87,1.00
2015.06.30 09:25:01.614,1.38371,1.38391,1.37,1.00
2015.06.30 09:25:01.869,1.38369,1.38394,1.87,1.00
2015.06.30 09:25:02.123,1.38374,1.38397,1.37,1.12
2015.06.30 09:25:03.646,1.38374,1.38397,1.37,1.00
2015.06.30 09:25:04.157,1.38375,1.38397,1.37,1.00
2015.06.30 09:25:04.209,1.38375,1.38396,1.12,1.00
2015.06.30 09:25:04.311,1.38371,1.38393,1.37,1.00
2015.06.30 09:25:04.991,1.38367,1.38393,3.00,1.12
2015.06.30 09:25:05.504,1.38368,1.38393,1.12,1.12
2015.06.30 09:25:05.557,1.3837,1.38395,1.00,1.87
2015.06.30 09:25:05.760,1.38368,1.38393,1.00,1.37
2015.06.30 09:25:06.441,1.38368,1.38393,1.75,1.37
2015.06.30 09:25:06.818,1.38371,1.38396,1.75,1.37
2015.06.30 09:25:06.869,1.38372,1.38396,1.75,1.00
2015.06.30 09:25:06.920,1.38372,1.38396,1.37,1.00
2015.06.30 09:25:06.971,1.38372,1.38396,2.25,1.00
2015.06.30 09:25:07.022,1.38374,1.38398,1.37,1.00
2015.06.30 09:25:07.124,1.38377,1.38398,1.00,1.00
2015.06.30 09:25:07.226,1.38372,1.38397,1.50,1.37
2015.06.30 09:25:07.882,1.38372,1.38397,1.75,1.00
2015.06.30 09:25:08.086,1.38377,1.38401,1.00,1.87
2015.06.30 09:25:08.543,1.38377,1.38401,1.37,1.87
2015.06.30 09:25:09.356,1.38377,1.38401,1.75,1.50
2015.06.30 09:25:09.873,1.38376,1.384,1.75,1.00
2015.06.30 09:25:10.382,1.38379,1.38402,1.37,1.37
2015.06.30 09:25:10.854,1.38377,1.38396,1.37,1.00
2015.06.30 09:25:10.905,1.38369,1.38394,1.37,1.37
2015.06.30 09:25:12.743,1.3837,1.38394,1.00,1.12
2015.06.30 09:25:13.047,1.38371,1.38394,1.37,1.12
2015.06.30 09:25:13.654,1.3837,1.38396,1.50,2.62
2015.06.30 09:25:14.254,1.3837,1.38394,1.37,1.37
2015.06.30 09:25:14.846,1.3837,1.38394,1.37,1.37
2015.06.30 09:25:15.851,1.3837,1.38394,1.37,1.37
2015.06.30 09:25:16.441,1.3837,1.38394,1.37,1.87
2015.06.30 09:25:18.164,1.38373,1.38396,1.37,1.87
2015.06.30 09:25:18.370,1.38374,1.38396,1.37,1.87
2015.06.30 09:25:18.473,1.38374,1.38396,1.00,1.37
2015.06.30 09:25:18.576,1.38372,1.38391,1.00,1.00
2015.06.30 09:25:19.422,1.38368,1.38386,1.00,1.37
2015.06.30 09:25:19.474,1.38362,1.38378,1.00,1.00
2015.06.30 09:25:19.730,1.3836,1.3838,1.00,1.37
2015.06.30 09:25:20.240,1.38359,1.38381,1.00,2.62
2015.06.30 09:25:20.291,1.38357,1.38381,1.00,2.62
2015.06.30 09:25:20.879,1.38357,1.38381,1.37,1.87
2015.06.30 09:25:21.387,1.38357,1.38381,1.37,1.87
2015.06.30 09:25:21.590,1.38357,1.3838,1.00,1.37
2015.06.30 09:25:21.641,1.38354,1.38376,1.50,1.00
2015.06.30 09:25:22.258,1.3835,1.38372,1.12,1.37
2015.06.30 09:25:22.564,1.38354,1.38372,1.00,1.87
2015.06.30 09:25:22.973,1.38357,1.38372,1.00,1.37
2015.06.30 09:25:23.652,1.38363,1.38373,1.00,1.00
2015.06.30 09:25:23.704,1.38363,1.38381,1.00,1.00
2015.06.30 09:25:24.370,1.38363,1.38381,1.00,1.37
2015.06.30 09:25:24.898,1.38363,1.38379,1.00,1.00
2015.06.30 09:25:25.407,1.38363,1.38381,1.00,1.87
2015.06.30 09:25:25.661,1.38367,1.38381,1.00,1.37
2015.06.30 09:25:26.469,1.3837,1.38392,1.00,1.37
2015.06.30 09:25:26.520,1.38374,1.38396,1.00,1.87
2015.06.30 09:25:26.672,1.38372,1.38393,1.00,1.37
2015.06.30 09:25:26.724,1.3837,1.38393,1.00,1.50
2015.06.30 09:25:26.826,1.38369,1.38388,1.00,1.00
2015.06.30 09:25:27.131,1.38357,1.38374,1.00,1.87
2015.06.30 09:25:27.724,1.38372,1.38383,1.50,1.00
2015.06.30 09:25:27.775,1.38372,1.38393,1.50,1.37
2015.06.30 09:25:27.826,1.38375,1.38393,1.00,1.37
2015.06.30 09:25:28.284,1.38375,1.38395,1.00,1.12
2015.06.30 09:25:28.959,1.38376,1.38395,1.00,1.12
2015.06.30 09:25:29.011,1.3838,1.38401,1.00,1.37
2015.06.30 09:25:29.521,1.3838,1.38398,1.00,1.00
2015.06.30 09:25:30.974,1.38379,1.38396,1.00,1.00
2015.06.30 09:25:31.330,1.38381,1.38396,1.00,1.00
2015.06.30 09:25:31.872,1.3838,1.38396,1.00,1.00
2015.06.30 09:25:32.406,1.38381,1.38396,1.00,1.00
2015.06.30 09:25:33.232,1.38378,1.38396,1.00,1.00
2015.06.30 09:25:33.334,1.38375,1.38396,1.12,1.37
2015.06.30 09:25:33.837,1.38376,1.38393,1.12,1.00
2015.06.30 09:25:33.888,1.38381,1.38395,1.00,1.37
2015.06.30 09:25:34.396,1.38381,1.38395,1.00,1.00
2015.06.30 09:25:35.282,1.3838,1.38396,1.37,1.00
2015.06.30 09:25:35.337,1.38381,1.38399,1.87,1.00
2015.06.30 09:25:35.644,1.38381,1.38402,1.87,1.00
2015.06.30 09:25:35.747,1.38388,1.38396,1.00,1.00
2015.06.30 09:25:35.849,1.38388,1.38403,1.00,1.00
2015.06.30 09:25:35.901,1.38388,1.38405,1.00,1.12
2015.06.30 09:25:36.719,1.38387,1.38405,1.37,1.00
2015.06.30 09:25:36.872,1.3839,1.38407,1.37,1.00
2015.06.30 09:25:36.923,1.3839,1.38407,1.00,1.00
2015.06.30 09:25:37.075,1.38386,1.38407,1.12,1.00
2015.06.30 09:25:37.862,1.38386,1.38405,1.12,1.00
2015.06.30 09:25:38.389,1.38386,1.38407,1.12,1.00
2015.06.30 09:25:38.440,1.38386,1.38407,1.37,1.00
2015.06.30 09:25:39.472,1.38386,1.38406,1.37,1.00
2015.06.30 09:25:40.234,1.38387,1.38406,1.00,1.00
2015.06.30 09:25:41.376,1.38386,1.38406,1.50,1.00
2015.06.30 09:25:41.901,1.38387,1.38409,1.00,1.50
2015.06.30 09:25:42.474,1.38387,1.38407,1.00,1.00
2015.06.30 09:25:43.270,1.38387,1.38399,1.00,1.12
2015.06.30 09:25:43.327,1.38378,1.38402,1.00,1.37
2015.06.30 09:25:43.430,1.38381,1.38402,1.00,1.87
2015.06.30 09:25:43.737,1.3839,1.38405,1.00,1.00
2015.06.30 09:25:43.839,1.3839,1.38412,1.00,1.37
2015.06.30 09:25:43.891,1.38394,1.38411,1.00,1.37
2015.06.30 09:25:45.165,1.38391,1.38411,1.00,1.00
2015.06.30 09:25:45.520,1.38392,1.38413,1.00,1.00
2015.06.30 09:25:45.879,1.38394,1.38413,1.00,1.00
2015.06.30 09:25:46.441,1.38399,1.38414,1.37,1.00
2015.06.30 09:25:46.493,1.38406,1.38424,1.00,1.00
2015.06.30 09:25:46.647,1.38406,1.38427,1.00,1.00
2015.06.30 09:25:46.851,1.38408,1.38427,1.00,1.00
2015.06.30 09:25:47.156,1.3841,1.38427,1.00,1.00
2015.06.30 09:25:47.761,1.3841,1.38416,1.00,1.00
2015.06.30 09:25:47.813,1.38394,1.38415,1.00,1.00
2015.06.30 09:25:47.966,1.38396,1.38414,1.00,1.00
2015.06.30 09:25:48.271,1.38406,1.38422,1.00,1.00
2015.06.30 09:25:48.322,1.38406,1.38425,1.00,1.37
2015.06.30 09:25:48.964,1.38405,1.38425,1.00,1.00
2015.06.30 09:25:49.015,1.38409,1.38425,1.00,1.00
2015.06.30 09:25:49.067,1.3841,1.38431,1.37,1.00
2015.06.30 09:25:49.168,1.38416,1.38434,1.00,1.00
2015.06.30 09:25:49.220,1.38416,1.38437,1.00,1.12
2015.06.30 09:25:49.373,1.38419,1.38437,1.00,1.00
2015.06.30 09:25:49.628,1.38419,1.3844,1.00,1.12
2015.06.30 09:25:50.222,1.38414,1.3844,1.87,1.12
2015.06.30 09:25:50.376,1.38414,1.3844,1.87,1.12
2015.06.30 09:25:51.986,1.38414,1.38436,1.75,1.00
2015.06.30 09:25:52.088,1.38414,1.38436,1.00,1.50
2015.06.30 09:25:52.140,1.38414,1.38433,1.00,1.00
2015.06.30 09:25:52.242,1.38407,1.3843,1.00,1.00
2015.06.30 09:25:52.345,1.38404,1.38428,1.00,1.37
2015.06.30 09:25:52.447,1.38402,1.38428,1.00,1.37
2015.06.30 09:25:53.503,1.38402,1.38428,1.00,1.37
2015.06.30 09:25:54.746,1.38409,1.38434,1.00,2.25
2015.06.30 09:25:55.256,1.38411,1.38437,1.00,2.62
2015.06.30 09:25:55.357,1.38408,1.38432,1.00,1.00
2015.06.30 09:25:55.509,1.3841,1.38432,1.00,1.00
2015.06.30 09:25:55.560,1.38411,1.38436,1.00,1.00
2015.06.30 09:25:56.919,1.38413,1.38436,1.37,1.00
2015.06.30 09:25:57.543,1.38422,1.38444,1.00,1.37
2015.06.30 09:25:57.594,1.38422,1.38444,1.00,1.37
2015.06.30 09:25:57.746,1.3842,1.38445,1.00,1.37
2015.06.30 09:25:57.949,1.38417,1.38443,1.00,1.37
2015.06.30 09:25:59.504,1.38418,1.3844,1.00,1.37
2015.06.30 09:25:59.656,1.38421,1.38445,1.00,1.12
2015.06.30 09:25:59.707,1.38419,1.38445,1.50,1.12
2015.06.30 09:25:59.809,1.38421,1.38445,1.00,1.12
2015.06.30 09:26:00.266,1.38424,1.38449,1.37,1.12
2015.06.30 09:26:00.802,1.38424,1.38447,1.37,1.00
2015.06.30 09:26:00.854,1.38422,1.38446,1.12,1.12
2015.06.30 09:26:01.362,1.38419,1.38441,1.37,1.00
2015.06.30 09:26:01.413,1.38419,1.38441,1.00,1.00
2015.06.30 09:26:01.515,1.3842,1.38441,1.00,1.37
2015.06.30 09:26:02.241,1.38415,1.38435,1.00,1.00
2015.06.30 09:26:02.547,1.38416,1.38438,1.00,1.37
2015.06.30 09:26:03.334,1.38414,1.38438,2.47,1.37
2015.06.30 09:26:03.840,1.38414,1.38436,1.72,1.00
2015.06.30 09:26:03.994,1.38413,1.38435,1.00,1.00
2015.06.30 09:26:04.147,1.38412,1.38433,1.00,1.00
2015.06.30 09:26:04.452,1.38415,1.38438,1.00,1.87
2015.06.30 09:26:05.269,1.3841,1.38435,1.87,1.37
2015.06.30 09:26:05.373,1.3841,1.38432,1.00,1.00
2015.06.30 09:26:05.577,1.38409,1.38435,2.47,1.37
2015.06.30 09:26:05.730,1.3841,1.38435,1.72,1.00
2015.06.30 09:26:06.035,1.38414,1.38435,1.00,1.00
2015.06.30 09:26:06.708,1.38413,1.38435,1.00,1.00
2015.06.30 09:26:07.333,1.38414,1.38435,1.37,1.00
2015.06.30 09:26:07.385,1.38416,1.38439,1.00,1.12
2015.06.30 09:26:07.437,1.38418,1.38439,1.00,1.12
2015.06.30 09:26:08.312,1.38419,1.38439,1.37,1.00
2015.06.30 09:26:08.365,1.38419,1.38442,1.87,1.00
2015.06.30 09:26:08.416,1.38422,1.38442,1.37,1.00
2015.06.30 09:26:08.467,1.38425,1.38445,1.00,1.00
2015.06.30 09:26:08.671,1.38426,1.38449,1.12,1.00
2015.06.30 09:26:08.773,1.38426,1.38447,1.12,1.00
2015.06.30 09:26:09.077,1.38429,1.38447,1.00,1.00
2015.06.30 09:26:09.573,1.38424,1.38447,2.25,1.00
2015.06.30 09:26:09.931,1.38424,1.38444,1.50,1.00
2015.06.30 09:26:10.337,1.38425,1.38442,1.00,1.00
2015.06.30 09:26:11.040,1.38419,1.38436,2.25,1.00
2015.06.30 09:26:11.192,1.38417,1.38433,1.50,1.00
2015.06.30 09:26:11.345,1.38416,1.38436,1.00,1.00
2015.06.30 09:26:11.599,1.38418,1.38438,1.00,1.00
2015.06.30 09:26:12.963,1.38419,1.38439,1.37,1.00
2015.06.30 09:26:13.014,1.38419,1.38439,1.87,1.00
2015.06.30 09:26:13.167,1.38419,1.38436,1.00,1.00
2015.06.30 09:26:13.472,1.38418,1.38439,1.12,1.00
2015.06.30 09:26:14.627,1.38418,1.38433,1.12,1.00
2015.06.30 09:26:14.729,1.38416,1.38433,1.00,1.00
2015.06.30 09:26:15.135,1.38411,1.38433,2.25,1.00
2015.06.30 09:26:15.725,1.38416,1.38438,2.25,1.00
2015.06.30 09:26:15.879,1.38418,1.38441,1.00,1.00
2015.06.30 09:26:16.133,1.38417,1.38438,1.00,1.00
2015.06.30 09:26:16.935,1.38414,1.38436,1.00,1.50
2015.06.30 09:26:16.987,1.38412,1.38436,1.12,1.50
2015.06.30 09:26:17.648,1.38411,1.38428,1.50,1.00
2015.06.30 09:26:17.750,1.38411,1.38433,1.50,1.00
2015.06.30 09:26:18.288,1.38404,1.38423,1.12,1.00
2015.06.30 09:26:18.352,1.38397,1.38421,2.25,1.37
2015.06.30 09:26:18.455,1.38399,1.38419,1.00,1.00
2015.06.30 09:26:18.557,1.38397,1.38422,1.50,1.37
2015.06.30 09:26:19.065,1.38398,1.38422,1.00,1.37
2015.06.30 09:26:19.688,1.38399,1.38422,1.00,1.12
2015.06.30 09:26:20.206,1.384,1.38422,1.00,1.12
2015.06.30 09:26:20.577,1.38414,1.38423,1.00,1.37
2015.06.30 09:26:20.955,1.38419,1.38426,1.00,1.50
2015.06.30 09:26:21.467,1.38419,1.3843,1.00,2.25
2015.06.30 09:26:21.671,1.38416,1.3843,1.00,2.62
2015.06.30 09:26:21.772,1.38421,1.3843,1.00,1.87
2015.06.30 09:26:22.026,1.38421,1.38432,1.00,1.50
2015.06.30 09:26:22.078,1.38423,1.38432,1.00,1.00
2015.06.30 09:26:22.230,1.38423,1.38435,1.00,1.00
2015.06.30 09:26:23.334,1.38417,1.38435,1.00,1.00
2015.06.30 09:26:23.385,1.38413,1.38435,1.00,1.00
2015.06.30 09:26:23.488,1.38413,1.38432,1.00,1.00
2015.06.30 09:26:24.209,1.38388,1.38409,1.87,1.00
2015.06.30 09:26:24.361,1.38387,1.38409,1.00,1.00
2015.06.30 09:26:24.615,1.38382,1.38404,1.37,1.00
2015.06.30 09:26:24.666,1.38382,1.38404,1.00,1.12
2015.06.30 09:26:24.717,1.38387,1.38404,1.00,1.12
2015.06.30 09:26:24.819,1.38388,1.38406,1.00,1.00
2015.06.30 09:26:26.000,1.38384,1.38408,1.00,1.00
2015.06.30 09:26:26.507,1.38384,1.38409,1.50,1.00
2015.06.30 09:26:27.511,1.38388,1.3841,1.00,1.00
2015.06.30 09:26:28.020,1.38388,1.38411,1.00,1.00
2015.06.30 09:26:28.122,1.38385,1.38409,1.87,1.00
2015.06.30 09:26:29.043,1.38385,1.38408,1.50,1.00
2015.06.30 09:26:29.298,1.38388,1.38409,1.00,1.00
2015.06.30 09:26:29.552,1.38388,1.38412,1.00,1.12
2015.06.30 09:26:29.924,1.38391,1.38412,1.00,1.00
2015.06.30 09:26:30.027,1.38393,1.38417,1.12,1.50
2015.06.30 09:26:30.550,1.38392,1.38414,1.00,1.00
2015.06.30 09:26:30.652,1.38394,1.38417,1.12,1.00
2015.06.30 09:26:30.804,1.38397,1.38417,1.00,1.00
2015.06.30 09:26:31.007,1.38397,1.38419,1.00,1.00
2015.06.30 09:26:32.026,1.38397,1.3842,1.00,1.12
2015.06.30 09:26:32.841,1.38397,1.38422,1.00,1.37
2015.06.30 09:26:34.126,1.38397,1.3842,1.00,1.00
2015.06.30 09:26:34.178,1.38399,1.38422,1.00,1.37
2015.06.30 09:26:34.485,1.38406,1.38429,1.37,1.00
2015.06.30 09:26:34.638,1.38411,1.38432,1.00,1.00
2015.06.30 09:26:34.740,1.38408,1.38431,1.37,1.00
2015.06.30 09:26:34.842,1.38408,1.38429,1.37,1.00
2015.06.30 09:26:35.485,1.38408,1.38429,1.00,1.00
2015.06.30 09:26:35.587,1.38408,1.38432,1.00,1.37
2015.06.30 09:26:35.740,1.38411,1.38432,1.00,1.00
2015.06.30 09:26:36.969,1.38411,1.38433,1.00,1.00
2015.06.30 09:26:37.517,1.38411,1.38432,1.00,1.00
2015.06.30 09:26:39.427,1.38403,1.38425,1.00,1.37
2015.06.30 09:26:39.478,1.38401,1.38423,1.00,1.00
2015.06.30 09:26:39.833,1.38412,1.38422,1.00,1.00
2015.06.30 09:26:39.884,1.38413,1.38424,1.00,1.00
2015.06.30 09:26:39.935,1.38413,1.38428,2.25,1.00
2015.06.30 09:26:39.986,1.38413,1.38438,3.37,1.75
2015.06.30 09:26:40.037,1.38417,1.3844,1.00,1.00
2015.06.30 09:26:40.089,1.38417,1.3844,1.75,1.00
2015.06.30 09:26:40.614,1.38424,1.38449,1.50,2.62
2015.06.30 09:26:41.234,1.38423,1.38449,1.12,1.37
2015.06.30 09:26:41.386,1.38423,1.38447,1.00,1.50
2015.06.30 09:26:41.904,1.38423,1.38447,1.00,1.50
2015.06.30 09:26:41.956,1.38418,1.38442,1.00,1.00
2015.06.30 09:26:42.089,1.38418,1.3844,1.00,1.00
2015.06.30 09:26:42.343,1.38416,1.38439,1.00,1.00
2015.06.30 09:26:42.446,1.38416,1.38434,1.00,1.00
2015.06.30 09:26:42.548,1.38411,1.38434,1.00,1.00
2015.06.30 09:26:43.125,1.38413,1.38437,1.00,1.00
2015.06.30 09:26:43.329,1.38413,1.38435,1.00,1.00
2015.06.30 09:26:44.638,1.38411,1.38425,2.25,1.00
2015.06.30 09:26:44.690,1.38405,1.38423,1.00,1.00
2015.06.30 09:26:44.742,1.38403,1.38425,1.00,1.00
2015.06.30 09:26:44.844,1.38404,1.38427,1.50,1.00
2015.06.30 09:26:44.896,1.38415,1.38427,1.00,1.00
2015.06.30 09:26:45.202,1.38426,1.38436,1.00,1.00
2015.06.30 09:26:45.684,1.38423,1.38436,1.00,1.00
2015.06.30 09:26:45.735,1.38432,1.38452,1.00,1.00
2015.06.30 09:26:45.837,1.3843,1.38455,2.25,1.50
2015.06.30 09:26:45.940,1.3843,1.38453,1.50,1.00
2015.06.30 09:26:46.245,1.38424,1.38448,2.62,1.37
2015.06.30 09:26:46.838,1.38422,1.38443,1.00,1.00
2015.06.30 09:26:47.143,1.38421,1.38443,1.37,1.00
2015.06.30 09:26:48.282,1.38423,1.38447,1.37,1.50
2015.06.30 09:26:48.334,1.38423,1.38445,1.37,1.00
2015.06.30 09:26:48.638,1.38426,1.38445,1.00,1.00
2015.06.30 09:26:48.943,1.38424,1.38447,1.12,1.00
2015.06.30 09:26:50.208,1.38424,1.38447,1.37,1.00
2015.06.30 09:26:50.461,1.38426,1.3845,1.12,1.12
2015.06.30 09:26:50.715,1.38425,1.3845,1.50,1.87
2015.06.30 09:26:51.257,1.38422,1.38444,1.37,1.50
2015.06.30 09:26:51.319,1.38421,1.38444,1.00,1.87
2015.06.30 09:26:51.624,1.38422,1.38447,1.37,1.50
2015.06.30 09:26:53.125,1.38424,1.38449,1.50,1.87
2015.06.30 09:26:53.192,1.38424,1.38449,1.37,2.25
2015.06.30 09:26:54.442,1.38425,1.38449,1.00,1.12
2015.06.30 09:26:54.960,1.38424,1.38449,1.12,1.12
2015.06.30 09:26:55.959,1.38424,1.38449,1.12,1.37
2015.06.30 09:26:56.467,1.38424,1.38449,1.37,1.12
2015.06.30 09:26:57.474,1.38425,1.38448,1.12,1.00
2015.06.30 09:26:57.779,1.38423,1.38446,1.37,1.00
2015.06.30 09:26:58.086,1.38429,1.38449,1.00,1.12
2015.06.30 09:26:58.290,1.38426,1.38452,1.00,1.37
2015.06.30 09:26:58.884,1.38424,1.38448,1.87,1.00
2015.06.30 09:27:00.356,1.38425,1.38445,1.00,1.75
2015.06.30 09:27:00.407,1.38419,1.3844,1.00,1.37
2015.06.30 09:27:00.458,1.38415,1.3844,2.25,1.37
2015.06.30 09:27:00.785,1.38421,1.38437,1.00,1.00
2015.06.30 09:27:00.887,1.38422,1.38446,1.00,1.37
2015.06.30 09:27:00.989,1.38422,1.38446,1.87,1.00
2015.06.30 09:27:01.855,1.38426,1.3845,1.50,1.37
2015.06.30 09:27:02.216,1.38424,1.38448,1.00,1.37
2015.06.30 09:27:02.733,1.38423,1.38446,1.12,1.00
2015.06.30 09:27:03.406,1.38423,1.38445,1.00,1.00
2015.06.30 09:27:03.559,1.38423,1.38448,1.00,1.87
2015.06.30 09:27:03.610,1.38421,1.38444,1.12,1.00
2015.06.30 09:27:04.140,1.38422,1.38444,1.00,1.00
2015.06.30 09:27:04.719,1.38428,1.38444,1.00,1.00
2015.06.30 09:27:04.770,1.38428,1.38453,1.00,1.50
2015.06.30 09:27:05.276,1.38427,1.38452,1.87,1.00
2015.06.30 09:27:05.378,1.38428,1.38453,1.00,2.25
2015.06.30 09:27:06.643,1.38428,1.38451,1.00,1.87
2015.06.30 09:27:06.695,1.3843,1.38454,1.12,1.00
2015.06.30 09:27:07.305,1.38431,1.38456,1.00,1.00
2015.06.30 09:27:07.918,1.38433,1.38457,1.00,1.12
2015.06.30 09:27:08.454,1.38432,1.38457,1.00,1.12
2015.06.30 09:27:09.711,1.38432,1.38457,1.37,1.12
2015.06.30 09:27:11.077,1.38432,1.38457,1.37,1.00
2015.06.30 09:27:11.587,1.38432,1.38457,1.00,1.00
2015.06.30 09:27:11.691,1.38432,1.38457,1.87,1.00
2015.06.30 09:27:11.794,1.38435,1.38459,1.00,1.87
2015.06.30 09:27:12.352,1.38434,1.38454,1.00,1.50
2015.06.30 09:27:12.404,1.38434,1.38458,1.00,1.87
2015.06.30 09:27:12.609,1.38434,1.38458,1.12,1.37
2015.06.30 09:27:12.713,1.38432,1.38455,1.00,1.12
2015.06.30 09:27:12.815,1.38429,1.38454,3.00,1.00
2015.06.30 09:27:13.610,1.38431,1.38453,1.00,1.00
2015.06.30 09:27:13.712,1.38432,1.38455,1.00,1.00
2015.06.30 09:27:13.813,1.38434,1.38459,1.00,1.87
2015.06.30 09:27:14.398,1.38434,1.38459,1.00,1.50
2015.06.30 09:27:15.082,1.38437,1.38459,1.00,1.00
2015.06.30 09:27:15.551,1.3844,1.38459,1.00,1.00
2015.06.30 09:27:15.602,1.3844,1.38462,1.00,1.12
2015.06.30 09:27:16.138,1.3844,1.38463,1.50,1.00
2015.06.30 09:27:17.456,1.38441,1.38463,1.00,1.00
2015.06.30 09:27:18.122,1.38456,1.38467,2.25,1.00
2015.06.30 09:27:18.173,1.38456,1.3848,2.25,1.12
2015.06.30 09:27:18.528,1.38459,1.38483,1.00,2.25
2015.06.30 09:27:20.001,1.38459,1.38484,1.50,1.12
2015.06.30 09:27:20.317,1.38456,1.38477,2.25,1.00
2015.06.30 09:27:20.469,1.38454,1.38478,1.00,1.37
2015.06.30 09:27:20.520,1.38453,1.38473,1.00,1.00
2015.06.30 09:27:20.572,1.38451,1.38473,1.00,1.00
2015.06.30 09:27:20.624,1.38449,1.38473,1.00,1.00
2015.06.30 09:27:21.198,1.3845,1.38473,1.00,1.00
2015.06.30 09:27:21.249,1.3845,1.38476,1.87,1.50
2015.06.30 09:27:21.484,1.38452,1.38476,1.00,1.00
2015.06.30 09:27:21.841,1.3845,1.38473,1.00,1.00
2015.06.30 09:27:21.994,1.38447,1.38471,1.87,1.00
2015.06.30 09:27:22.562,1.38451,1.38474,1.00,1.37
2015.06.30 09:27:22.613,1.38455,1.38479,1.00,1.12
2015.06.30 09:27:23.138,1.38455,1.38479,1.37,1.00
2015.06.30 09:27:23.890,1.38467,1.38484,1.12,1.00
2015.06.30 09:27:23.941,1.38465,1.3849,1.87,1.87
2015.06.30 09:27:24.510,1.38465,1.3849,1.50,2.25
2015.06.30 09:27:24.561,1.38465,1.38488,1.00,1.50
2015.06.30 09:27:24.612,1.38462,1.38487,2.25,1.75
2015.06.30 09:27:25.229,1.38459,1.38483,1.37,1.00
2015.06.30 09:27:26.640,1.38461,1.38485,1.12,1.12
2015.06.30 09:27:26.922,1.38461,1.38485,1.00,1.37
2015.06.30 09:27:27.023,1.38459,1.38484,1.50,1.50
2015.06.30 09:27:28.372,1.38459,1.38483,1.87,1.12
2015.06.30 09:27:28.727,1.3846,1.38486,1.50,1.87
2015.06.30 09:27:28.830,1.3846,1.38486,1.50,1.87
2015.06.30 09:27:29.136,1.38455,1.3848,1.50,1.75
2015.06.30 09:27:29.753,1.38453,1.38477,1.00,1.37
2015.06.30 09:27:30.261,1.38453,1.38477,1.00,1.00
2015.06.30 09:27:30.413,1.38451,1.38477,1.00,1.00
2015.06.30 09:27:30.464,1.38449,1.38474,1.50,1.00
2015.06.30 09:27:30.995,1.38453,1.38479,1.00,1.37
2015.06.30 09:27:31.147,1.38457,1.38481,1.00,1.00
2015.06.30 09:27:33.240,1.3845,1.38474,1.50,1.37
2015.06.30 09:27:33.345,1.38446,1.3847,1.00,1.12
2015.06.30 09:27:33.955,1.38445,1.3847,2.25,1.00
2015.06.30 09:27:34.592,1.38446,1.3847,1.00,1.00
2015.06.30 09:27:35.111,1.38447,1.3847,1.00,1.00
2015.06.30 09:27:35.459,1.38448,1.38473,1.00,1.50
2015.06.30 09:27:36.229,1.38447,1.38471,1.00,1.87
2015.06.30 09:27:36.280,1.38445,1.38471,1.87,2.62
2015.06.30 09:27:36.445,1.38447,1.38471,1.00,1.87
2015.06.30 09:27:37.007,1.38445,1.38471,1.87,2.62
2015.06.30 09:27:37.989,1.38445,1.38469,1.50,1.00
2015.06.30 09:27:38.537,1.38445,1.38471,1.12,2.62
2015.06.30 09:27:38.905,1.38447,1.38471,1.00,1.87
2015.06.30 09:27:39.121,1.38445,1.38471,1.12,2.62
2015.06.30 09:27:39.864,1.38445,1.38471,1.12,2.62
2015.06.30 09:27:40.115,1.38445,1.38469,1.12,1.00
2015.06.30 09:27:40.216,1.38448,1.38473,1.87,1.12
2015.06.30 09:27:40.538,1.3845,1.38474,1.50,1.00
2015.06.30 09:27:41.272,1.38453,1.38477,2.25,1.00
2015.06.30 09:27:41.324,1.38451,1.38475,1.00,1.50
2015.06.30 09:27:41.883,1.38452,1.38475,1.37,1.00
2015.06.30 09:27:41.985,1.38455,1.38478,1.12,1.50
2015.06.30 09:27:42.290,1.38455,1.38476,1.00,1.00
2015.06.30 09:27:42.808,1.38449,1.38473,1.87,1.00
2015.06.30 09:27:42.860,1.38449,1.38473,1.50,1.00
2015.06.30 09:27:43.079,1.38449,1.38472,1.12,1.37
2015.06.30 09:27:43.180,1.38447,1.38471,1.12,1.12
2015.06.30 09:27:43.231,1.38447,1.38468,1.12,1.00
2015.06.30 09:27:43.485,1.38444,1.38467,1.12,1.00
2015.06.30 09:27:44.216,1.38443,1.38466,1.00,1.00
2015.06.30 09:27:44.419,1.38446,1.38468,1.00,1.37
2015.06.30 09:27:44.521,1.38443,1.38467,1.00,1.12
2015.06.30 09:27:44.825,1.38441,1.38465,1.50,1.00
2015.06.30 09:27:46.134,1.38453,1.3847,1.00,1.00
2015.06.30 09:27:46.186,1.38453,1.38475,1.00,1.12
2015.06.30 09:27:46.764,1.38455,1.38476,1.00,1.37
2015.06.30 09:27:47.588,1.38456,1.38478,1.00,1.87
2015.06.30 09:27:47.647,1.38455,1.38479,1.00,1.37
2015.06.30 09:27:47.901,1.38455,1.38475,1.00,1.00
2015.06.30 09:27:48.004,1.38453,1.38475,1.00,1.00
2015.06.30 09:27:48.310,1.38449,1.38473,1.37,1.00
2015.06.30 09:27:48.362,1.38448,1.38473,1.87,1.87
2015.06.30 09:27:48.963,1.38448,1.38471,1.37,1.00
2015.06.30 09:27:49.473,1.38448,1.38471,1.12,1.00
2015.06.30 09:27:50.378,1.38448,1.38466,1.00,1.50
2015.06.30 09:27:50.432,1.38444,1.38466,1.37,1.50
2015.06.30 09:27:51.165,1.38443,1.38464,1.37,1.12
2015.06.30 09:27:51.717,1.38442,1.38461,1.00,1.00
2015.06.30 09:27:51.769,1.38438,1.38458,1.12,1.00
2015.06.30 09:27:51.820,1.38435,1.38458,1.00,1.12
2015.06.30 09:27:51.872,1.38435,1.38454,1.00,1.00
2015.06.30 09:27:51.974,1.38431,1.38454,1.00,1.00
2015.06.30 09:27:52.479,1.38431,1.38455,1.00,1.00
2015.06.30 09:27:52.633,1.38433,1.38456,1.00,1.00
2015.06.30 09:27:53.236,1.38434,1.3846,1.00,2.25
2015.06.30 09:27:53.434,1.38434,1.38457,1.00,1.00
2015.06.30 09:27:53.876,1.38432,1.38452,1.00,1.00
2015.06.30 09:27:53.978,1.3843,1.38455,1.50,1.50
2015.06.30 09:27:54.029,1.3843,1.38453,1.00,1.00
2015.06.30 09:27:54.661,1.38434,1.38455,1.37,1.00
2015.06.30 09:27:54.714,1.38437,1.3846,1.00,1.50
2015.06.30 09:27:55.080,1.38439,1.3846,1.00,1.50
2015.06.30 09:27:56.151,1.38438,1.3846,1.12,1.50
2015.06.30 09:27:56.456,1.38444,1.38464,1.00,1.50
2015.06.30 09:27:56.507,1.38444,1.38466,1.00,1.00
2015.06.30 09:27:56.659,1.38447,1.38466,1.00,1.00
2015.06.30 09:28:00.443,1.38447,1.38467,1.00,1.00
2015.06.30 09:28:00.927,1.38445,1.38467,1.00,1.00
2015.06.30 09:28:01.434,1.38444,1.38464,1.00,1.00
2015.06.30 09:28:02.247,1.38447,1.38464,1.00,1.00
2015.06.30 09:28:02.967,1.38454,1.38472,1.00,1.00
2015.06.30 09:28:03.019,1.38454,1.38476,1.00,1.37
2015.06.30 09:28:03.223,1.38451,1.38473,1.00,1.37
2015.06.30 09:28:03.274,1.38448,1.38471,2.25,1.00
2015.06.30 09:28:03.478,1.38448,1.38469,1.00,1.00
2015.06.30 09:28:03.990,1.38445,1.38469,1.50,1.00
2015.06.30 09:28:04.576,1.38448,1.38469,1.00,1.00
2015.06.30 09:28:04.728,1.38449,1.38472,1.00,1.12
2015.06.30 09:28:06.198,1.3845,1.38472,1.00,1.00
2015.06.30 09:28:06.402,1.38452,1.38472,1.00,1.00
2015.06.30 09:28:06.504,1.3845,1.38472,1.50,1.00
2015.06.30 09:28:06.758,1.3845,1.38475,1.50,2.62
2015.06.30 09:28:07.653,1.3845,1.38474,1.00,1.50
2015.06.30 09:28:08.179,1.38451,1.38474,1.00,1.12
2015.06.30 09:28:08.281,1.38453,1.38475,1.00,1.37
2015.06.30 09:28:08.787,1.38454,1.38475,1.00,1.37
2015.06.30 09:28:09.426,1.38454,1.38475,1.00,1.00
2015.06.30 09:28:09.731,1.38458,1.38477,1.00,1.00
2015.06.30 09:28:09.985,1.38459,1.3848,1.00,1.00
2015.06.30 09:28:10.817,1.3846,1.38484,1.00,1.87
2015.06.30 09:28:11.815,1.38466,1.38484,1.00,1.87
2015.06.30 09:28:11.866,1.38466,1.38484,1.00,1.00
2015.06.30 09:28:13.020,1.38482,1.38486,1.00,1.00
2015.06.30 09:28:13.071,1.38482,1.38504,1.00,1.37
2015.06.30 09:28:13.123,1.38478,1.38504,2.62,1.87
2015.06.30 09:28:13.276,1.38477,1.38499,1.00,1.12
2015.06.30 09:28:13.327,1.38474,1.38499,3.00,1.12
2015.06.30 09:28:13.380,1.38474,1.38499,1.87,1.37
2015.06.30 09:28:13.532,1.38471,1.38498,2.25,2.62
2015.06.30 09:28:14.248,1.3848,1.38498,1.00,2.25
2015.06.30 09:28:14.452,1.38483,1.38507,1.00,1.87
2015.06.30 09:28:14.706,1.38489,1.38507,1.00,1.87
2015.06.30 09:28:14.757,1.38489,1.38507,1.00,1.50
2015.06.30 09:28:14.860,1.38489,1.38509,1.00,1.00
2015.06.30 09:28:14.911,1.38486,1.3851,1.50,1.00
2015.06.30 09:28:15.471,1.38484,1.38506,1.12,1.00
2015.06.30 09:28:15.626,1.38486,1.3851,1.00,1.00
2015.06.30 09:28:15.881,1.38484,1.38507,1.00,2.62
2015.06.30 09:28:15.932,1.38481,1.38507,1.00,3.37
2015.06.30 09:28:16.786,1.3848,1.385,1.00,1.37
2015.06.30 09:28:16.844,1.38476,1.385,1.00,1.37
2015.06.30 09:28:17.148,1.38475,1.38498,1.00,1.37
2015.06.30 09:28:17.351,1.38475,1.38498,1.00,1.12
2015.06.30 09:28:17.656,1.38472,1.38498,1.00,1.87
2015.06.30 09:28:18.194,1.38468,1.38494,1.37,1.50
2015.06.30 09:28:18.703,1.38469,1.38494,1.12,1.87
2015.06.30 09:28:19.743,1.38469,1.38494,1.12,1.87
2015.06.30 09:28:20.274,1.3847,1.38494,1.00,1.87
2015.06.30 09:28:20.853,1.3847,1.38494,1.00,1.50
2015.06.30 09:28:20.904,1.3847,1.3849,1.00,1.00
2015.06.30 09:28:21.427,1.38465,1.38488,1.37,1.00
2015.06.30 09:28:21.479,1.38464,1.38488,1.37,1.00
2015.06.30 09:28:22.163,1.38463,1.38488,1.87,1.00
2015.06.30 09:28:23.173,1.38462,1.38488,1.50,1.00
2015.06.30 09:28:23.274,1.38462,1.38488,1.00,3.00
2015.06.30 09:28:23.376,1.38458,1.38483,1.00,1.00
2015.06.30 09:28:23.528,1.38457,1.3848,1.12,1.00
2015.06.30 09:28:24.206,1.38455,1.3848,1.00,1.00
2015.06.30 09:28:24.411,1.38458,1.38476,1.00,1.00
2015.06.30 09:28:24.564,1.38458,1.38482,1.00,1.37
2015.06.30 09:28:24.615,1.38459,1.38483,1.00,1.00
2015.06.30 09:28:24.717,1.38461,1.38483,1.00,1.00
2015.06.30 09:28:25.965,1.38461,1.38484,1.12,1.50
2015.06.30 09:28:26.272,1.3847,1.3849,1.00,1.00
2015.06.30 09:28:26.323,1.38466,1.38491,1.12,1.50
2015.06.30 09:28:26.527,1.38464,1.38488,1.37,1.00
2015.06.30 09:28:27.169,1.38461,1.38486,1.37,1.00
2015.06.30 09:28:27.426,1.38462,1.38486,1.00,1.00
2015.06.30 09:28:27.887,1.38462,1.38486,1.37,1.00
2015.06.30 09:28:28.519,1.38463,1.38482,1.37,1.00
2015.06.30 09:28:28.570,1.38463,1.38482,1.12,1.00
2015.06.30 09:28:28.621,1.38467,1.38482,1.00,1.00
2015.06.30 09:28:28.673,1.38467,1.38487,1.00,1.00
2015.06.30 09:28:28.724,1.38468,1.38487,1.37,1.00
2015.06.30 09:28:28.775,1.38468,1.3849,1.37,1.00
2015.06.30 09:28:30.032,1.3847,1.3849,1.00,1.00
2015.06.30 09:28:30.753,1.38471,1.3849,1.00,1.00
2015.06.30 09:28:31.489,1.38472,1.3849,1.00,1.00
2015.06.30 09:28:33.984,1.38472,1.38492,1.12,1.00
2015.06.30 09:28:34.643,1.38471,1.38492,1.00,1.00
2015.06.30 09:28:35.134,1.38471,1.38486,1.00,1.87
2015.06.30 09:28:35.185,1.38462,1.38486,1.00,2.62
2015.06.30 09:28:35.337,1.38464,1.38482,1.00,1.00
2015.06.30 09:28:35.489,1.38465,1.38488,1.00,1.87
2015.06.30 09:28:35.794,1.38465,1.38485,1.00,1.00
2015.06.30 09:28:36.337,1.38469,1.38488,1.00,1.00
2015.06.30 09:28:36.388,1.38469,1.38491,1.00,1.12
2015.06.30 09:28:36.439,1.38466,1.38488,1.00,1.37
2015.06.30 09:28:36.490,1.38462,1.38487,1.50,1.37
2015.06.30 09:28:36.541,1.3847,1.38487,1.00,1.12
2015.06.30 09:28:36.694,1.38468,1.3849,1.00,1.87
2015.06.30 09:28:36.745,1.38468,1.3849,1.00,1.87
2015.06.30 09:28:37.500,1.38464,1.38488,1.00,1.37
2015.06.30 09:28:37.856,1.38462,1.38488,1.12,1.37
2015.06.30 09:28:39.476,1.38461,1.38485,1.72,1.00
2015.06.30 09:28:39.629,1.38462,1.38472,1.12,1.00
2015.06.30 09:28:40.036,1.38461,1.38468,2.47,1.00
2015.06.30 09:28:40.239,1.3846,1.38466,1.00,1.00
2015.06.30 09:28:40.778,1.38456,1.38463,1.00,1.00
2015.06.30 09:28:40.830,1.38453,1.38463,4.12,1.00
2015.06.30 09:28:41.084,1.38453,1.3846,1.50,1.00
2015.06.30 09:28:41.135,1.38453,1.38464,1.50,1.00
2015.06.30 09:28:41.289,1.38454,1.38464,1.37,1.00
2015.06.30 09:28:41.977,1.38454,1.3846,1.00,1.00
2015.06.30 09:28:42.028,1.3845,1.38459,1.12,1.00
2015.06.30 09:28:42.080,1.38448,1.38457,1.37,1.00
2015.06.30 09:28:42.537,1.38448,1.38456,1.00,1.00
2015.06.30 09:28:42.639,1.38445,1.38455,1.87,1.00
2015.06.30 09:28:42.690,1.38445,1.38458,1.12,1.00
2015.06.30 09:28:43.792,1.38445,1.38461,2.25,1.00
2015.06.30 09:28:43.843,1.38445,1.38461,2.25,1.00
2015.06.30 09:28:44.573,1.38445,1.38458,1.00,1.00
2015.06.30 09:28:44.630,1.38443,1.38456,1.00,1.00
2015.06.30 09:28:44.786,1.38427,1.38442,1.50,1.00
2015.06.30 09:28:44.837,1.38427,1.38439,1.50,1.00
2015.06.30 09:28:45.092,1.38423,1.38436,1.00,1.00
2015.06.30 09:28:45.697,1.38413,1.3843,1.87,1.00
2015.06.30 09:28:45.749,1.38403,1.38425,1.50,1.00
2015.06.30 09:28:45.850,1.38403,1.38428,1.50,1.12
2015.06.30 09:28:45.901,1.38403,1.38425,1.50,1.00
2015.06.30 09:28:46.105,1.38398,1.38421,1.00,1.12
2015.06.30 09:28:46.206,1.38402,1.38422,1.00,1.00
2015.06.30 09:28:46.308,1.38403,1.38424,1.00,1.00
2015.06.30 09:28:46.808,1.38423,1.38434,1.00,1.00
2015.06.30 09:28:46.859,1.38423,1.3844,1.87,1.00
2015.06.30 09:28:46.911,1.38423,1.3845,1.87,1.50
2015.06.30 09:28:47.165,1.38425,1.3845,1.00,1.50
2015.06.30 09:28:47.217,1.38429,1.38456,1.50,1.00
2015.06.30 09:28:47.320,1.3843,1.38449,1.00,1.00
2015.06.30 09:28:47.422,1.38432,1.38458,1.00,1.37
2015.06.30 09:28:47.953,1.38434,1.3846,2.25,1.50
2015.06.30 09:28:48.011,1.38424,1.38448,1.37,1.00
2015.06.30 09:28:48.062,1.38423,1.38448,1.00,1.37
2015.06.30 09:28:48.377,1.3842,1.38446,1.12,1.37
2015.06.30 09:28:48.686,1.38423,1.38448,1.00,1.37
2015.06.30 09:28:49.401,1.38422,1.38444,1.00,1.87
2015.06.30 09:28:49.452,1.38419,1.38444,1.00,1.87
2015.06.30 09:28:49.503,1.38418,1.38442,1.50,1.00
2015.06.30 09:28:49.807,1.38415,1.38439,1.12,1.00
2015.06.30 09:28:50.689,1.38416,1.38439,1.37,1.00
2015.06.30 09:28:50.892,1.38423,1.38444,1.00,1.00
2015.06.30 09:28:50.943,1.38423,1.38447,1.50,1.37
2015.06.30 09:28:51.096,1.38423,1.38447,1.00,1.50
2015.06.30 09:28:51.147,1.38419,1.38445,1.12,1.37
2015.06.30 09:28:52.178,1.38423,1.38443,1.00,1.50
2015.06.30 09:28:52.229,1.3842,1.38443,1.12,1.00
2015.06.30 09:28:52.332,1.38423,1.38443,1.00,1.50
2015.06.30 09:28:53.871,1.38418,1.38441,1.37,1.00
2015.06.30 09:28:53.978,1.38417,1.38441,1.50,1.37
2015.06.30 09:28:54.029,1.38417,1.38438,1.50,1.00
2015.06.30 09:28:54.181,1.38415,1.38438,1.00,1.37
2015.06.30 09:28:54.386,1.38413,1.38438,3.37,1.37
2015.06.30 09:28:55.230,1.38413,1.38427,1.00,1.00
2015.06.30 09:28:55.281,1.38404,1.38427,1.50,1.00
2015.06.30 09:28:55.485,1.38405,1.38431,1.12,1.50
2015.06.30 09:28:55.692,1.38408,1.38431,1.37,1.00
2015.06.30 09:28:55.747,1.3841,1.38436,1.87,1.37
2015.06.30 09:28:56.488,1.38412,1.38439,1.50,2.25
2015.06.30 09:28:57.204,1.38412,1.38439,1.87,2.25
2015.06.30 09:28:57.984,1.38412,1.38432,1.00,1.37
2015.06.30 09:28:58.341,1.38407,1.38432,1.00,1.50
2015.06.30 09:28:58.703,1.38408,1.38432,1.37,1.00
2015.06.30 09:28:58.855,1.38409,1.38434,1.37,1.12
2015.06.30 09:28:59.332,1.38414,1.38436,1.00,1.37
2015.06.30 09:28:59.384,1.38414,1.38439,1.87,1.37
2015.06.30 09:28:59.840,1.3842,1.38439,1.00,1.37
2015.06.30 09:29:00.703,1.38417,1.38439,1.00,1.37
2015.06.30 09:29:00.964,1.3842,1.38439,1.00,1.37
2015.06.30 09:29:01.016,1.3842,1.38439,1.00,1.37
2015.06.30 09:29:01.070,1.38423,1.38439,1.00,1.37
2015.06.30 09:29:01.121,1.38423,1.38441,1.00,1.50
2015.06.30 09:29:01.173,1.38427,1.38442,1.00,1.87
2015.06.30 09:29:01.224,1.38427,1.38443,1.00,1.00
2015.06.30 09:29:01.275,1.38427,1.38445,1.00,1.00
2015.06.30 09:29:01.377,1.38427,1.38448,1.00,1.50
2015.06.30 09:29:01.529,1.38425,1.38447,1.00,1.37
2015.06.30 09:29:02.022,1.38424,1.38445,1.50,1.37
2015.06.30 09:29:02.073,1.38413,1.38435,1.50,1.00
2015.06.30 09:29:02.613,1.38413,1.38435,1.00,1.37
2015.06.30 09:29:02.765,1.3841,1.38435,2.62,1.87
2015.06.30 09:29:02.967,1.3841,1.3843,1.00,1.00
2015.06.30 09:29:03.461,1.38404,1.38424,1.50,1.00
2015.06.30 09:29:03.772,1.38404,1.38422,1.00,1.37
2015.06.30 09:29:03.924,1.38404,1.38422,1.00,1.00
2015.06.30 09:29:04.721,1.38399,1.38423,1.37,1.00
2015.06.30 09:29:04.824,1.384,1.38426,1.37,1.12
2015.06.30 09:29:04.978,1.38401,1.38423,1.12,1.00
2015.06.30 09:29:05.182,1.38399,1.38423,1.12,1.12
2015.06.30 09:29:05.233,1.384,1.38425,1.37,1.00
2015.06.30 09:29:05.946,1.384,1.3842,1.00,1.00
2015.06.30 09:29:05.997,1.38394,1.38416,1.00,1.00
2015.06.30 09:29:06.149,1.38391,1.38416,2.25,1.37
2015.06.30 09:29:06.352,1.38395,1.38416,1.35,1.00
2015.06.30 09:29:06.403,1.38395,1.38418,2.85,1.50
2015.06.30 09:29:06.454,1.38397,1.38418,1.37,1.00
2015.06.30 09:29:06.505,1.384,1.38422,1.00,1.20
2015.06.30 09:29:07.694,1.38398,1.38413,1.00,1.00
2015.06.30 09:29:07.747,1.38391,1.38412,1.37,1.00
2015.06.30 09:29:08.154,1.38396,1.38413,1.00,1.00
2015.06.30 09:29:08.206,1.38396,1.38419,1.00,1.50
2015.06.30 09:29:08.257,1.38397,1.38419,1.37,1.00
2015.06.30 09:29:08.308,1.384,1.38422,1.00,1.87
2015.06.30 09:29:08.800,1.38405,1.38422,1.50,1.50
2015.06.30 09:29:08.852,1.38407,1.38427,1.00,1.37
2015.06.30 09:29:08.954,1.38405,1.38427,1.00,1.00
2015.06.30 09:29:09.107,1.38404,1.3843,1.50,3.00
2015.06.30 09:29:09.159,1.38404,1.38428,1.00,1.00
2015.06.30 09:29:09.260,1.38405,1.3843,1.00,2.62
2015.06.30 09:29:09.312,1.38405,1.38428,1.00,1.00
2015.06.30 09:29:09.993,1.38405,1.38427,1.00,1.00
2015.06.30 09:29:10.248,1.38401,1.38426,1.00,1.12
2015.06.30 09:29:10.350,1.384,1.38424,1.00,1.00
2015.06.30 09:29:10.452,1.38395,1.38421,1.50,1.87
2015.06.30 09:29:10.503,1.38395,1.38418,1.50,1.00
2015.06.30 09:29:10.554,1.38393,1.38417,1.50,1.00
2015.06.30 09:29:10.655,1.3839,1.38416,2.10,1.50
2015.06.30 09:29:11.190,1.38389,1.38406,1.60,1.00
2015.06.30 09:29:11.249,1.38383,1.38407,1.00,1.00
2015.06.30 09:29:11.758,1.38384,1.38408,1.00,1.00
2015.06.30 09:29:12.441,1.38388,1.38409,1.50,1.00
2015.06.30 09:29:12.594,1.38384,1.38406,1.00,1.00
2015.06.30 09:29:12.645,1.38381,1.38406,1.00,1.00
2015.06.30 09:29:12.848,1.38383,1.38407,1.00,1.00
2015.06.30 09:29:12.899,1.38384,1.38409,1.50,1.00
2015.06.30 09:29:13.001,1.38386,1.38409,1.00,1.00
2015.06.30 09:29:13.102,1.38384,1.38409,1.50,1.50
2015.06.30 09:29:13.661,1.38382,1.38402,1.00,1.00
2015.06.30 09:29:13.723,1.38379,1.38402,1.00,1.00
2015.06.30 09:29:13.980,1.38376,1.38401,1.50,1.00
2015.06.30 09:29:14.082,1.38375,1.38399,1.00,1.50
2015.06.30 09:29:14.387,1.38372,1.38397,1.50,2.25
2015.06.30 09:29:14.950,1.38371,1.38397,1.00,1.50
2015.06.30 09:29:15.356,1.38373,1.38397,1.00,1.00
2015.06.30 09:29:15.560,1.38376,1.38401,2.25,1.00
2015.06.30 09:29:15.765,1.3838,1.38402,1.00,1.50
2015.06.30 09:29:16.321,1.38391,1.38402,1.00,1.00
2015.06.30 09:29:16.543,1.3838,1.38404,2.25,1.50
2015.06.30 09:29:16.594,1.38377,1.38398,1.00,1.00
2015.06.30 09:29:16.747,1.38376,1.38401,2.25,1.00
2015.06.30 09:29:17.269,1.38377,1.38402,1.00,1.50
2015.06.30 09:29:17.819,1.38387,1.38402,1.00,1.00
2015.06.30 09:29:18.072,1.38385,1.38402,1.50,1.00
2015.06.30 09:29:18.123,1.38387,1.38402,1.00,1.00
2015.06.30 09:29:18.326,1.38384,1.38402,1.00,1.00
2015.06.30 09:29:18.377,1.38382,1.38402,1.00,1.00
2015.06.30 09:29:19.243,1.38382,1.38405,1.00,1.00
2015.06.30 09:29:19.749,1.38381,1.38406,1.50,1.50
2015.06.30 09:29:19.954,1.38381,1.38404,1.00,1.00
2015.06.30 09:29:20.610,1.3838,1.38404,1.50,1.00
2015.06.30 09:29:20.927,1.3838,1.38401,1.50,1.00
2015.06.30 09:29:21.431,1.3838,1.38402,1.50,1.00
2015.06.30 09:29:22.704,1.3838,1.38401,1.00,1.00
2015.06.30 09:29:23.009,1.38377,1.38395,1.00,1.00
2015.06.30 09:29:23.061,1.38373,1.38395,1.00,1.00
2015.06.30 09:29:23.264,1.38373,1.38392,1.00,1.00
2015.06.30 09:29:23.864,1.3837,1.38395,1.00,1.00
2015.06.30 09:29:23.973,1.38372,1.38395,1.00,1.00
2015.06.30 09:29:24.074,1.38373,1.38398,1.00,1.00
2015.06.30 09:29:24.125,1.38375,1.38399,1.00,2.25
2015.06.30 09:29:24.430,1.38378,1.38399,1.00,1.00
2015.06.30 09:29:24.734,1.38378,1.38401,1.00,1.00
2015.06.30 09:29:25.260,1.38379,1.38404,1.00,1.00
2015.06.30 09:29:25.515,1.38381,1.38405,1.00,1.00
2015.06.30 09:29:25.616,1.38381,1.38407,1.00,1.00
2015.06.30 09:29:25.820,1.38381,1.38406,1.00,1.87
2015.06.30 09:29:25.973,1.38379,1.38404,1.00,1.37
2015.06.30 09:29:26.680,1.38379,1.38402,1.00,1.00
2015.06.30 09:29:26.738,1.38376,1.38397,1.00,1.00
2015.06.30 09:29:26.890,1.38376,1.384,1.00,1.00
2015.06.30 09:29:27.195,1.38376,1.38397,1.00,1.00
2015.06.30 09:29:28.339,1.38376,1.384,1.00,1.00
2015.06.30 09:29:28.543,1.38376,1.38397,1.00,1.00
2015.06.30 09:29:29.054,1.38376,1.38395,1.00,1.00
2015.06.30 09:29:29.156,1.38374,1.38395,1.00,1.00
2015.06.30 09:29:29.411,1.38374,1.38398,1.50,1.00
2015.06.30 09:29:30.463,1.38375,1.38398,1.00,1.00
2015.06.30 09:29:30.616,1.38375,1.384,1.50,1.00
2015.06.30 09:29:30.667,1.38375,1.384,1.87,1.00
2015.06.30 09:29:30.770,1.3838,1.38404,1.00,2.25
2015.06.30 09:29:30.923,1.38382,1.38405,1.00,1.00
2015.06.30 09:29:30.975,1.38382,1.38407,1.00,1.50
2015.06.30 09:29:31.503,1.38382,1.38406,1.00,1.00
2015.06.30 09:29:32.009,1.38383,1.38406,1.00,1.00
2015.06.30 09:29:32.161,1.38383,1.38408,1.50,1.87
2015.06.30 09:29:32.415,1.38385,1.38408,1.00,1.00
2015.06.30 09:29:32.466,1.38385,1.38411,1.00,2.62
2015.06.30 09:29:32.517,1.38387,1.38411,1.00,1.87
2015.06.30 09:29:33.046,1.38387,1.38411,1.50,1.00
2015.06.30 09:29:33.098,1.38382,1.38408,1.50,1.12
2015.06.30 09:29:33.149,1.38382,1.38403,1.00,1.00
2015.06.30 09:29:33.200,1.3838,1.38403,1.00,1.00
2015.06.30 09:29:33.251,1.38378,1.38403,1.00,1.00
2015.06.30 09:29:33.403,1.38377,1.38401,1.00,1.00
2015.06.30 09:29:33.454,1.38375,1.38401,1.50,1.00
2015.06.30 09:29:34.550,1.38376,1.38401,1.00,2.25
2015.06.30 09:29:37.750,1.38378,1.38401,1.00,1.00
2015.06.30 09:29:38.425,1.38378,1.3839,1.00,1.00
2015.06.30 09:29:38.820,1.38378,1.38392,1.00,1.00
2015.06.30 09:29:39.429,1.38378,1.38398,1.00,1.00
2015.06.30 09:29:40.903,1.38378,1.38399,1.00,1.00
2015.06.30 09:29:41.777,1.38378,1.38401,1.00,1.50
2015.06.30 09:29:41.879,1.38375,1.384,2.25,1.00
2015.06.30 09:29:42.430,1.38376,1.38399,1.00,1.50
2015.06.30 09:29:43.367,1.38376,1.384,1.00,1.00
2015.06.30 09:29:44.695,1.38376,1.38399,1.00,1.00
2015.06.30 09:29:45.381,1.38375,1.38399,1.87,1.00
2015.06.30 09:29:45.740,1.38378,1.38399,1.00,1.00
2015.06.30 09:29:45.994,1.38378,1.38401,1.00,1.00
2015.06.30 09:29:46.470,1.38378,1.38403,1.50,2.25
2015.06.30 09:29:47.054,1.38384,1.38404,1.30,1.00
2015.06.30 09:29:47.105,1.38384,1.38407,1.30,2.25
2015.06.30 09:29:47.157,1.38386,1.38407,1.12,1.50
2015.06.30 09:29:47.258,1.38389,1.38411,1.00,1.50
2015.06.30 09:29:47.777,1.38389,1.38412,1.00,1.00
2015.06.30 09:29:47.828,1.38392,1.38412,1.50,1.00
2015.06.30 09:29:47.880,1.38393,1.38416,1.72,1.00
2015.06.30 09:29:47.931,1.38401,1.38417,1.00,1.00
2015.06.30 09:29:48.428,1.38403,1.38417,1.00,1.00
2015.06.30 09:29:48.480,1.38403,1.38425,1.00,1.00
2015.06.30 09:29:49.029,1.38403,1.38426,1.00,1.50
2015.06.30 09:29:50.769,1.38403,1.38423,1.12,1.00
2015.06.30 09:29:51.049,1.38403,1.38425,1.12,1.00
2015.06.30 09:29:52.369,1.38399,1.38417,1.12,1.00
2015.06.30 09:29:52.420,1.38394,1.38417,1.12,1.00
2015.06.30 09:29:52.979,1.38394,1.38416,1.12,1.00
2015.06.30 09:29:53.521,1.38394,1.38417,1.12,1.00
2015.06.30 09:29:54.674,1.38395,1.38417,1.00,1.00
2015.06.30 09:29:54.827,1.38398,1.3842,1.00,1.00
2015.06.30 09:29:54.878,1.38399,1.38422,1.00,1.00
2015.06.30 09:29:54.980,1.38401,1.38423,1.00,1.00
2015.06.30 09:29:55.133,1.38401,1.38426,1.50,1.12
2015.06.30 09:29:55.844,1.38402,1.38427,1.50,1.87
2015.06.30 09:29:56.149,1.38402,1.38424,1.00,1.00
2015.06.30 09:29:56.681,1.38401,1.38424,1.87,1.00
2015.06.30 09:29:57.274,1.38401,1.38425,2.62,1.00
2015.06.30 09:29:57.528,1.38405,1.3843,2.62,1.87
2015.06.30 09:29:57.580,1.38405,1.3843,1.87,1.50
2015.06.30 09:29:57.922,1.38405,1.38428,1.00,1.00
2015.06.30 09:29:58.738,1.38404,1.38428,1.00,1.50
2015.06.30 09:29:58.790,1.38404,1.38427,1.00,1.37
2015.06.30 09:29:59.094,1.38402,1.38422,1.00,1.50
2015.06.30 09:29:59.145,1.384,1.38422,1.00,1.50
2015.06.30 09:29:59.298,1.38399,1.38422,1.00,1.87
2015.06.30 09:29:59.400,1.38395,1.38417,1.50,1.00
2015.06.30 09:29:59.552,1.38398,1.38419,1.00,1.00
2015.06.30 09:30:00.065,1.384,1.3842,2.25,1.00
2015.06.30 09:30:00.117,1.38401,1.38425,1.00,1.00
2015.06.30 09:30:00.624,1.38402,1.38426,1.00,1.12
2015.06.30 09:30:00.727,1.38402,1.38424,1.00,1.37
2015.06.30 09:30:00.779,1.384,1.38421,1.00,1.87
2015.06.30 09:30:01.306,1.38396,1.38419,1.00,1.00
2015.06.30 09:30:01.580,1.38394,1.38419,1.50,2.25
2015.06.30 09:30:01.631,1.38392,1.38417,2.25,1.00
2015.06.30 09:30:01.733,1.38393,1.38419,1.00,3.75
2015.06.30 09:30:01.834,1.38393,1.38419,1.00,4.12
2015.06.30 09:30:02.161,1.38392,1.38415,2.25,1.00
2015.06.30 09:30:03.382,1.38392,1.38417,2.25,1.50
2015.06.30 09:30:03.433,1.38392,1.38415,2.25,1.00
2015.06.30 09:30:03.738,1.38392,1.38412,1.00,1.00
2015.06.30 09:30:03.842,1.38388,1.38412,1.00,1.00
2015.06.30 09:30:03.944,1.38389,1.38414,1.00,1.00
2015.06.30 09:30:04.754,1.38391,1.38414,1.00,1.00
2015.06.30 09:30:04.957,1.38389,1.38414,1.87,1.00
2015.06.30 09:30:05.400,1.38391,1.38415,1.50,1.00
2015.06.30 09:30:05.503,1.38391,1.38417,1.50,1.00
2015.06.30 09:30:06.478,1.38391,1.38417,1.50,1.50
2015.06.30 09:30:10.199,1.38392,1.38417,1.00,2.25
2015.06.30 09:30:11.123,1.38392,1.38415,1.00,1.00
2015.06.30 09:30:12.161,1.38391,1.38415,1.50,1.50
2015.06.30 09:30:12.725,1.38392,1.38415,1.00,1.50
2015.06.30 09:30:13.351,1.38393,1.38415,1.00,1.50
2015.06.30 09:30:14.486,1.38392,1.38412,1.00,1.00
2015.06.30 09:30:14.638,1.38392,1.38415,1.50,1.00
2015.06.30 09:30:14.689,1.38394,1.38415,1.00,1.00
2015.06.30 09:30:15.525,1.38399,1.38415,1.50,1.00
2015.06.30 09:30:15.832,1.38401,1.38415,1.00,1.00
2015.06.30 09:30:15.933,1.38401,1.38427,1.50,1.00
2015.06.30 09:30:15.984,1.38404,1.38427,1.00,1.00
2015.06.30 09:30:16.137,1.38405,1.3843,1.00,2.17
2015.06.30 09:30:17.571,1.38405,1.38428,1.00,1.00
2015.06.30 09:30:17.877,1.38402,1.38426,1.12,1.00
2015.06.30 09:30:18.030,1.38402,1.38424,1.00,1.50
2015.06.30 09:30:18.083,1.38399,1.38424,3.75,2.25
2015.06.30 09:30:18.595,1.38399,1.38424,2.62,2.25
2015.06.30 09:30:21.269,1.384,1.38424,1.00,1.00
2015.06.30 09:30:21.422,1.38401,1.38426,1.50,1.50
2015.06.30 09:30:21.964,1.38401,1.38425,1.50,1.00
2015.06.30 09:30:22.778,1.38401,1.38424,1.00,1.00
2015.06.30 09:30:22.829,1.38395,1.38418,1.50,1.00
2015.06.30 09:30:23.488,1.38395,1.38419,1.50,1.00
2015.06.30 09:30:24.294,1.38404,1.38421,1.00,1.00
2015.06.30 09:30:24.807,1.38404,1.38422,1.00,1.00
2015.06.30 09:30:25.487,1.38403,1.38422,1.00,1.00
2015.06.30 09:30:26.371,1.38403,1.38423,1.00,1.00
2015.06.30 09:30:26.884,1.38403,1.38422,1.00,1.00
2015.06.30 09:30:27.491,1.38402,1.38422,1.00,1.00
2015.06.30 09:30:28.254,1.38404,1.38424,1.00,1.00
2015.06.30 09:30:28.355,1.38404,1.38427,1.00,1.50
2015.06.30 09:30:29.668,1.38407,1.38427,1.00,1.50
2015.06.30 09:30:30.216,1.38407,1.38429,1.00,1.00
2015.06.30 09:30:31.801,1.38405,1.38428,1.87,1.00
2015.06.30 09:30:32.126,1.38409,1.38429,1.00,1.50
2015.06.30 09:30:32.329,1.38412,1.38434,1.37,1.50
2015.06.30 09:30:32.532,1.38412,1.38434,1.87,1.00
2015.06.30 09:30:33.157,1.38412,1.38433,1.37,1.00
2015.06.30 09:30:33.209,1.38412,1.38433,1.00,1.00
2015.06.30 09:30:33.847,1.38413,1.38435,1.00,1.00
2015.06.30 09:30:34.785,1.38414,1.38435,1.00,1.00
2015.06.30 09:30:34.838,1.38415,1.38439,1.00,2.25
2015.06.30 09:30:35.604,1.38414,1.38439,1.00,3.00
2015.06.30 09:30:36.538,1.38411,1.38429,1.00,1.00
2015.06.30 09:30:36.595,1.38408,1.38429,1.00,1.00
2015.06.30 09:30:36.749,1.38405,1.38429,1.00,1.00
2015.06.30 09:30:37.365,1.38406,1.38429,1.00,1.00
2015.06.30 09:30:37.957,1.38407,1.38429,1.12,1.00
2015.06.30 09:30:39.558,1.38407,1.38431,1.12,1.00
2015.06.30 09:30:40.016,1.3841,1.38431,1.37,1.00
2015.06.30 09:30:40.219,1.38413,1.38435,1.00,1.50
2015.06.30 09:30:40.270,1.38413,1.38438,1.00,1.12
2015.06.30 09:30:40.372,1.38415,1.38438,1.00,1.12
2015.06.30 09:30:41.011,1.38415,1.38438,1.00,1.37
2015.06.30 09:30:41.588,1.38414,1.38435,1.00,1.00
2015.06.30 09:30:41.690,1.3841,1.38434,1.50,1.87
2015.06.30 09:30:41.742,1.3841,1.38434,1.50,1.37
2015.06.30 09:30:41.843,1.3841,1.38433,1.50,1.00
2015.06.30 09:30:41.996,1.38412,1.38433,1.00,1.00
2015.06.30 09:30:42.519,1.38414,1.38434,1.00,1.00
2015.06.30 09:30:42.573,1.38414,1.38438,1.00,1.00
2015.06.30 09:30:43.109,1.38415,1.38438,1.00,1.12
2015.06.30 09:30:43.553,1.38417,1.38438,1.00,1.12
2015.06.30 09:30:45.409,1.38415,1.38438,1.12,1.00
2015.06.30 09:30:45.512,1.38417,1.3844,1.00,1.00
2015.06.30 09:30:46.851,1.38419,1.3844,1.00,1.00
2015.06.30 09:30:47.359,1.38418,1.3844,1.00,1.00
2015.06.30 09:30:48.108,1.38416,1.38439,1.00,1.00
2015.06.30 09:30:48.625,1.38416,1.38438,1.00,1.00
2015.06.30 09:30:49.032,1.38418,1.38438,1.00,1.00
2015.06.30 09:30:49.726,1.38419,1.3844,1.12,1.00
2015.06.30 09:30:50.187,1.38418,1.38442,1.37,1.00
2015.06.30 09:30:50.238,1.3842,1.3844,1.00,1.00
2015.06.30 09:30:50.340,1.38418,1.3844,1.50,1.50
2015.06.30 09:30:50.391,1.38417,1.38435,1.00,1.00
2015.06.30 09:30:50.493,1.38415,1.38435,1.00,1.00
2015.06.30 09:30:50.545,1.38415,1.38432,1.00,1.00
2015.06.30 09:30:50.646,1.38407,1.3843,1.50,1.87
2015.06.30 09:30:51.186,1.38405,1.38425,1.00,1.00
2015.06.30 09:30:51.592,1.38402,1.38425,1.00,1.00
2015.06.30 09:30:52.141,1.38399,1.38423,1.87,1.00
2015.06.30 09:30:52.192,1.38399,1.38423,1.00,1.00
2015.06.30 09:30:52.751,1.38399,1.38424,1.87,1.50
2015.06.30 09:30:53.268,1.38401,1.38424,1.00,1.00
2015.06.30 09:30:53.795,1.384,1.38424,1.12,1.00
2015.06.30 09:30:55.205,1.384,1.38424,1.37,1.00
2015.06.30 09:30:55.611,1.38404,1.38425,1.00,1.00
2015.06.30 09:30:56.193,1.38402,1.38427,1.50,1.00
2015.06.30 09:30:58.403,1.38402,1.38425,1.00,1.00
2015.06.30 09:30:58.608,1.38402,1.38428,1.00,1.50
2015.06.30 09:30:58.659,1.38402,1.38426,1.00,1.00
2015.06.30 09:30:58.964,1.38398,1.38419,1.00,1.87
2015.06.30 09:30:59.015,1.38394,1.38419,1.87,1.87
2015.06.30 09:30:59.638,1.38394,1.38419,1.50,1.37
2015.06.30 09:30:59.690,1.38394,1.38416,1.00,1.00
2015.06.30 09:31:00.193,1.38395,1.38416,1.00,1.00
2015.06.30 09:31:00.480,1.38393,1.38416,1.00,1.00
2015.06.30 09:31:01.240,1.38392,1.38416,1.00,1.37
2015.06.30 09:31:01.445,1.38394,1.38416,1.00,1.37
2015.06.30 09:31:01.650,1.38392,1.38416,1.00,1.00
2015.06.30 09:31:02.167,1.38391,1.38416,1.00,1.00
2015.06.30 09:31:02.802,1.3839,1.38416,1.00,1.12
2015.06.30 09:31:02.853,1.38389,1.38412,1.50,1.00
2015.06.30 09:31:03.519,1.38391,1.38412,1.00,1.00
2015.06.30 09:31:03.823,1.38393,1.38412,1.00,1.00
2015.06.30 09:31:03.976,1.38395,1.38415,1.00,1.12
2015.06.30 09:31:04.580,1.38396,1.38415,1.00,1.00
2015.06.30 09:31:05.199,1.38396,1.38417,1.00,1.00
2015.06.30 09:31:05.691,1.38399,1.38417,1.00,1.00
2015.06.30 09:31:05.843,1.38398,1.38422,1.00,1.37
2015.06.30 09:31:06.435,1.38396,1.38414,1.00,1.00
2015.06.30 09:31:06.487,1.38393,1.38414,1.50,1.00
2015.06.30 09:31:06.640,1.38395,1.38417,1.00,1.00
2015.06.30 09:31:06.843,1.38392,1.38413,2.25,1.00
2015.06.30 09:31:07.047,1.38389,1.38413,1.87,1.50
2015.06.30 09:31:07.640,1.38388,1.38409,1.00,1.00
2015.06.30 09:31:07.696,1.38384,1.38409,1.00,1.50
2015.06.30 09:31:08.103,1.38383,1.38406,1.00,1.00
2015.06.30 09:31:08.357,1.38372,1.38396,1.00,1.00
2015.06.30 09:31:08.946,1.38377,1.38399,1.00,1.00
2015.06.30 09:31:09.050,1.38377,1.38402,1.00,1.00
2015.06.30 09:31:09.152,1.38379,1.38402,1.00,1.00
2015.06.30 09:31:09.662,1.3838,1.38402,1.00,1.00
2015.06.30 09:31:10.870,1.38379,1.38402,1.00,1.00
2015.06.30 09:31:10.922,1.38379,1.38404,1.50,1.00
2015.06.30 09:31:13.759,1.3838,1.38404,1.00,1.00
2015.06.30 09:31:14.407,1.38379,1.38404,2.25,1.00
2015.06.30 09:31:14.561,1.38376,1.38401,1.50,1.37
2015.06.30 09:31:14.663,1.38374,1.38398,1.50,1.00
2015.06.30 09:31:14.766,1.38373,1.38396,1.00,1.00
2015.06.30 09:31:15.071,1.38371,1.38396,1.87,1.12
2015.06.30 09:31:15.173,1.38371,1.38393,1.87,1.00
2015.06.30 09:31:16.353,1.38371,1.38394,2.62,1.00
2015.06.30 09:31:16.404,1.38371,1.38396,1.87,1.00
2015.06.30 09:31:17.260,1.38372,1.38397,1.12,1.00
2015.06.30 09:31:17.362,1.38374,1.38397,1.00,1.00
2015.06.30 09:31:17.667,1.38379,1.38401,1.00,1.00
2015.06.30 09:31:17.871,1.38379,1.38404,1.00,1.50
2015.06.30 09:31:18.662,1.38379,1.38404,1.87,1.50
2015.06.30 09:31:19.211,1.38379,1.38404,1.50,1.50
2015.06.30 09:31:22.705,1.3838,1.38404,1.00,1.50
2015.06.30 09:31:22.807,1.38382,1.38404,1.00,1.50
2015.06.30 09:31:22.909,1.38382,1.38407,1.87,1.00
2015.06.30 09:31:22.960,1.38384,1.38407,1.37,1.00
2015.06.30 09:31:23.112,1.38387,1.38412,1.37,1.00
2015.06.30 09:31:23.265,1.3839,1.38414,1.00,1.12
2015.06.30 09:31:24.372,1.38393,1.38416,1.00,1.00
2015.06.30 09:31:24.883,1.38393,1.38417,1.00,1.50
2015.06.30 09:31:25.391,1.38393,1.38418,1.00,1.87
2015.06.30 09:31:25.939,1.38392,1.38416,1.00,1.12
2015.06.30 09:31:26.452,1.38392,1.38417,1.00,2.25
2015.06.30 09:31:27.424,1.38394,1.38417,1.00,1.00
2015.06.30 09:31:27.746,1.38394,1.38414,1.00,1.00
2015.06.30 09:31:27.798,1.38392,1.38414,1.00,1.00
2015.06.30 09:31:28.551,1.38392,1.38413,1.00,1.00
2015.06.30 09:31:29.077,1.38392,1.38407,1.00,1.00
2015.06.30 09:31:29.128,1.38388,1.38409,1.12,1.00
2015.06.30 09:31:29.281,1.3839,1.38413,1.00,1.00
2015.06.30 09:31:29.492,1.38391,1.38415,1.00,1.50
2015.06.30 09:31:30.494,1.3839,1.38412,1.00,1.50
2015.06.30 09:31:30.545,1.38387,1.38412,2.25,1.50
2015.06.30 09:31:31.269,1.38387,1.3841,1.50,1.00
2015.06.30 09:31:32.091,1.38381,1.38403,1.00,1.00
2015.06.30 09:31:32.145,1.38378,1.38402,2.25,1.00
2015.06.30 09:31:32.199,1.38378,1.384,1.00,1.00
2015.06.30 09:31:32.717,1.38377,1.38401,1.00,1.50
2015.06.30 09:31:34.093,1.38378,1.38401,1.00,1.00
2015.06.30 09:31:34.397,1.3838,1.38402,1.50,1.00
2015.06.30 09:31:34.905,1.3838,1.38403,1.50,1.00
2015.06.30 09:31:38.210,1.38379,1.38403,1.12,1.87
2015.06.30 09:31:38.754,1.38378,1.38402,1.37,1.00
2015.06.30 09:31:39.416,1.38376,1.38393,1.00,1.00
2015.06.30 09:31:39.827,1.38376,1.38397,1.00,1.75
2015.06.30 09:31:39.929,1.38376,1.38393,1.00,1.00
2015.06.30 09:31:40.082,1.38371,1.38393,2.25,1.00
2015.06.30 09:31:40.133,1.38371,1.38396,2.25,2.25
2015.06.30 09:31:40.184,1.38374,1.38396,1.00,1.50
2015.06.30 09:31:40.716,1.38377,1.38397,1.12,1.00
2015.06.30 09:31:40.768,1.38379,1.38402,1.00,1.87
2015.06.30 09:31:41.023,1.38383,1.38405,1.00,1.37
2015.06.30 09:31:41.125,1.38383,1.38406,1.12,1.00
2015.06.30 09:31:41.227,1.38386,1.38406,1.00,1.00
2015.06.30 09:31:41.279,1.38386,1.38408,1.00,1.00
2015.06.30 09:31:41.330,1.38389,1.38408,1.00,1.00
2015.06.30 09:31:41.381,1.38389,1.38412,1.00,1.12
2015.06.30 09:31:42.025,1.38392,1.38412,1.00,1.00
2015.06.30 09:31:42.229,1.38392,1.38415,1.50,1.87
2015.06.30 09:31:42.433,1.38391,1.38399,1.50,1.00
2015.06.30 09:31:43.281,1.38387,1.38393,1.00,1.00
2015.06.30 09:31:43.333,1.38383,1.38391,1.12,1.00
2015.06.30 09:31:43.587,1.38381,1.38389,3.00,1.00
2015.06.30 09:31:44.782,1.38381,1.3839,1.50,1.00
2015.06.30 09:31:45.659,1.38382,1.38389,1.50,1.00
2015.06.30 09:31:46.396,1.38381,1.38387,1.00,1.00
2015.06.30 09:31:46.455,1.38379,1.38387,1.87,1.00
2015.06.30 09:31:46.556,1.38381,1.38387,1.00,1.00
2015.06.30 09:31:47.345,1.3838,1.38387,1.00,1.00
2015.06.30 09:31:48.531,1.38379,1.38387,1.12,1.00
2015.06.30 09:31:48.835,1.38379,1.38385,1.00,1.00
2015.06.30 09:31:50.685,1.38379,1.38387,1.00,1.00
2015.06.30 09:31:50.787,1.38379,1.38395,1.12,1.00
2015.06.30 09:31:50.838,1.38382,1.38395,1.37,1.00
2015.06.30 09:31:51.945,1.38379,1.38395,4.35,1.00
2015.06.30 09:31:51.996,1.38379,1.38389,3.75,1.00
2015.06.30 09:31:52.302,1.38381,1.38393,1.75,1.00
2015.06.30 09:31:52.353,1.38383,1.38393,1.75,1.00
2015.06.30 09:31:52.404,1.38383,1.38396,1.75,1.00
2015.06.30 09:31:52.709,1.38386,1.38398,1.75,1.00
2015.06.30 09:31:53.264,1.38388,1.38398,1.50,1.00
2015.06.30 09:31:53.368,1.38388,1.38402,1.87,1.00
2015.06.30 09:31:53.470,1.38391,1.38402,1.37,1.00
2015.06.30 09:31:53.572,1.38396,1.38405,1.00,1.00
2015.06.30 09:31:54.651,1.38408,1.38421,1.37,1.00
2015.06.30 09:31:54.956,1.38412,1.38426,2.47,1.00
2015.06.30 09:31:55.058,1.38419,1.38429,1.00,1.00
2015.06.30 09:31:55.364,1.38422,1.38432,1.00,1.00
2015.06.30 09:31:55.925,1.38422,1.38434,1.72,1.00
2015.06.30 09:31:55.977,1.38422,1.38434,1.72,1.00
2015.06.30 09:31:57.227,1.38422,1.38431,2.10,1.00
2015.06.30 09:31:57.280,1.38422,1.38429,1.12,1.00
2015.06.30 09:31:57.382,1.38417,1.38427,1.00,1.00
2015.06.30 09:31:57.585,1.38419,1.38427,1.12,1.00
2015.06.30 09:31:57.636,1.38419,1.3843,1.12,1.00
2015.06.30 09:31:57.789,1.3842,1.3843,1.37,1.00
2015.06.30 09:31:58.589,1.3842,1.3843,1.00,1.00
2015.06.30 09:31:58.644,1.38417,1.38429,1.00,1.00
2015.06.30 09:31:58.695,1.38419,1.38429,1.00,1.00
2015.06.30 09:31:59.101,1.38423,1.38433,1.00,1.00
2015.06.30 09:31:59.406,1.38425,1.38433,1.00,1.00
2015.06.30 09:32:00.319,1.38421,1.38433,1.37,1.00
2015.06.30 09:32:00.370,1.38421,1.38433,1.00,1.00
2015.06.30 09:32:00.473,1.38423,1.38433,1.37,1.00
2015.06.30 09:32:00.575,1.38423,1.38433,1.00,1.00
2015.06.30 09:32:00.628,1.38421,1.38434,1.00,1.00
2015.06.30 09:32:00.679,1.38421,1.38431,1.37,1.00
2015.06.30 09:32:00.781,1.38418,1.38431,1.50,1.00
2015.06.30 09:32:01.465,1.38418,1.38426,1.00,1.00
2015.06.30 09:32:01.576,1.38413,1.38421,1.00,1.00
2015.06.30 09:32:01.628,1.38413,1.38424,1.00,1.00
2015.06.30 09:32:01.882,1.38413,1.38421,1.00,1.00
2015.06.30 09:32:02.085,1.38413,1.38424,1.00,1.00
2015.06.30 09:32:02.745,1.38409,1.38425,1.00,1.00
2015.06.30 09:32:02.799,1.3841,1.38421,1.12,1.00
2015.06.30 09:32:03.104,1.38407,1.38424,2.62,1.00
2015.06.30 09:32:03.205,1.3841,1.38427,1.37,1.00
2015.06.30 09:32:03.509,1.38413,1.38434,1.50,1.00
2015.06.30 09:32:04.007,1.38431,1.38437,1.37,1.00
2015.06.30 09:32:04.059,1.38431,1.38448,1.87,1.00
2015.06.30 09:32:04.110,1.38431,1.38448,1.87,1.00
2015.06.30 09:32:04.315,1.38431,1.38446,1.37,1.00
2015.06.30 09:32:04.670,1.38433,1.38449,1.00,1.00
2015.06.30 09:32:05.905,1.38449,1.38464,1.12,1.50
2015.06.30 09:32:06.210,1.38447,1.38459,1.00,1.00
2015.06.30 09:32:06.515,1.38434,1.3845,3.00,1.00
2015.06.30 09:32:07.068,1.38436,1.3845,1.12,1.00
2015.06.30 09:32:07.373,1.3844,1.38453,1.00,1.00
2015.06.30 09:32:07.528,1.3844,1.38456,1.00,1.00
2015.06.30 09:32:08.890,1.38441,1.38459,1.12,1.00
2015.06.30 09:32:08.993,1.38444,1.38459,1.00,1.00
2015.06.30 09:32:09.045,1.38444,1.38463,1.00,1.00
2015.06.30 09:32:09.096,1.38444,1.38463,1.37,1.00
2015.06.30 09:32:09.786,1.38439,1.38455,1.00,1.00
2015.06.30 09:32:10.040,1.38435,1.38452,1.00,1.00
2015.06.30 09:32:11.109,1.38436,1.38452,1.00,1.00
2015.06.30 09:32:11.210,1.38436,1.38455,1.00,1.00
2015.06.30 09:32:11.312,1.38439,1.38455,1.37,1.00
2015.06.30 09:32:11.363,1.38439,1.38458,1.37,1.00
2015.06.30 09:32:11.415,1.38441,1.38461,1.37,1.00
2015.06.30 09:32:12.488,1.38444,1.38461,1.00,1.00
2015.06.30 09:32:12.796,1.38444,1.38455,1.00,1.00
2015.06.30 09:32:12.899,1.3844,1.38455,1.00,1.00
2015.06.30 09:32:13.104,1.3844,1.38452,1.00,1.00
2015.06.30 09:32:13.937,1.38438,1.3845,1.00,1.00
2015.06.30 09:32:13.998,1.38438,1.38453,1.00,1.00
2015.06.30 09:32:14.468,1.38438,1.38456,1.00,1.00
2015.06.30 09:32:14.772,1.38438,1.38454,1.00,1.00
2015.06.30 09:32:15.414,1.38431,1.38454,2.25,1.00
2015.06.30 09:32:15.466,1.38431,1.3845,1.12,1.00
2015.06.30 09:32:15.776,1.38426,1.38441,1.00,1.00
2015.06.30 09:32:15.878,1.38426,1.38445,1.00,1.00
2015.06.30 09:32:17.114,1.38423,1.38445,1.87,1.00
2015.06.30 09:32:18.194,1.38429,1.38445,1.00,1.00
2015.06.30 09:32:20.530,1.38424,1.38441,1.00,1.00
2015.06.30 09:32:21.063,1.38425,1.38441,1.00,1.00
2015.06.30 09:32:21.449,1.38427,1.38441,1.00,1.00
2015.06.30 09:32:23.325,1.38418,1.38441,1.75,1.00
2015.06.30 09:32:23.932,1.38426,1.38441,1.00,1.00
2015.06.30 09:32:24.507,1.38427,1.38441,1.00,1.00
2015.06.30 09:32:24.970,1.38427,1.38433,1.00,1.00
2015.06.30 09:32:25.072,1.38421,1.38433,1.00,1.00
2015.06.30 09:32:25.631,1.38421,1.3843,1.00,1.00
2015.06.30 09:32:25.733,1.38419,1.3843,1.00,1.00
2015.06.30 09:32:25.986,1.38418,1.38427,1.00,1.00
2015.06.30 09:32:26.038,1.38418,1.38431,1.00,1.00
2015.06.30 09:32:26.917,1.38421,1.38439,1.87,1.00
2015.06.30 09:32:26.969,1.38427,1.38444,1.00,1.00
2015.06.30 09:32:27.020,1.38427,1.38446,1.00,1.00
2015.06.30 09:32:27.173,1.38427,1.38451,1.12,1.50
2015.06.30 09:32:27.797,1.38432,1.38452,1.00,1.87
2015.06.30 09:32:28.332,1.38434,1.38454,1.37,1.00
2015.06.30 09:32:28.383,1.38435,1.38456,1.37,1.00
2015.06.30 09:32:28.536,1.38434,1.38456,1.00,1.00
2015.06.30 09:32:28.637,1.38437,1.38456,1.00,1.00
2015.06.30 09:32:29.043,1.38438,1.38456,1.00,1.37
2015.06.30 09:32:29.681,1.38438,1.38453,1.00,1.37
2015.06.30 09:32:29.987,1.38435,1.38449,1.00,1.00
2015.06.30 09:32:30.500,1.38434,1.38451,1.00,1.00
2015.06.30 09:32:31.057,1.38441,1.38454,1.00,1.00
2015.06.30 09:32:31.159,1.38435,1.38453,1.00,1.00
2015.06.30 09:32:31.312,1.38435,1.38455,1.00,1.12
2015.06.30 09:32:31.465,1.38435,1.38458,1.37,1.50
2015.06.30 09:32:33.033,1.38439,1.38458,1.00,1.00
2015.06.30 09:32:33.193,1.38439,1.38461,1.00,1.87
2015.06.30 09:32:33.712,1.38439,1.38461,1.00,1.87
2015.06.30 09:32:33.763,1.38438,1.38458,1.00,1.00
2015.06.30 09:32:34.415,1.38437,1.38458,1.87,1.12
2015.06.30 09:32:34.722,1.38437,1.38453,1.00,1.37
2015.06.30 09:32:34.774,1.38431,1.38453,1.00,1.37
2015.06.30 09:32:35.769,1.38429,1.38452,1.00,1.37
2015.06.30 09:32:36.284,1.38429,1.38449,1.37,1.00
2015.06.30 09:32:36.539,1.38426,1.3845,1.50,1.37
2015.06.30 09:32:37.117,1.38426,1.38441,1.50,1.37
2015.06.30 09:32:37.427,1.38426,1.38437,1.00,1.00
2015.06.30 09:32:37.632,1.38415,1.38435,1.00,1.00
2015.06.30 09:32:39.982,1.38413,1.38435,1.00,1.12
2015.06.30 09:32:40.338,1.38413,1.38433,1.00,1.00
2015.06.30 09:32:40.643,1.38413,1.3843,1.00,1.00
2015.06.30 09:32:41.322,1.38402,1.38429,1.50,1.87
2015.06.30 09:32:41.373,1.38403,1.38427,1.00,1.37
2015.06.30 09:32:41.678,1.38401,1.38424,1.00,1.37
2015.06.30 09:32:42.034,1.38398,1.38423,1.00,1.37
2015.06.30 09:32:42.787,1.38398,1.38423,1.00,1.87
2015.06.30 09:32:43.293,1.38398,1.3842,1.00,1.75
2015.06.30 09:32:43.395,1.38396,1.38416,1.00,1.37
2015.06.30 09:32:43.446,1.38394,1.38414,1.00,1.12
2015.06.30 09:32:44.041,1.38393,1.38413,1.00,1.00
2015.06.30 09:32:44.552,1.38392,1.38417,1.00,1.87
2015.06.30 09:32:44.704,1.3839,1.38415,1.00,2.62
2015.06.30 09:32:45.949,1.38386,1.38412,3.00,1.37
2015.06.30 09:32:46.515,1.38386,1.38413,2.62,3.00
2015.06.30 09:32:46.668,1.3839,1.38413,1.00,2.62
2015.06.30 09:32:46.820,1.3839,1.38413,1.00,2.62
2015.06.30 09:32:47.510,1.38391,1.38413,1.00,2.62
2015.06.30 09:32:47.612,1.38391,1.38413,1.00,3.00
2015.06.30 09:32:48.071,1.38393,1.38412,1.00,1.37
2015.06.30 09:32:48.173,1.38391,1.38412,1.00,1.37
2015.06.30 09:32:48.761,1.38391,1.3841,1.00,1.00
2015.06.30 09:32:48.813,1.38391,1.38408,1.00,1.37
2015.06.30 09:32:49.068,1.38378,1.38403,2.25,1.00
2015.06.30 09:32:49.221,1.38383,1.38406,1.00,1.37
2015.06.30 09:32:50.138,1.38384,1.38406,1.00,1.37
2015.06.30 09:32:50.521,1.38385,1.38406,1.00,1.12
2015.06.30 09:32:50.827,1.38385,1.38406,1.50,1.00
2015.06.30 09:32:50.930,1.38385,1.38408,3.75,1.00
2015.06.30 09:32:51.612,1.38391,1.38407,1.00,1.00
2015.06.30 09:32:52.142,1.3839,1.38407,1.00,1.00
2015.06.30 09:32:53.003,1.38389,1.38408,1.00,1.37
2015.06.30 09:32:53.366,1.38391,1.38409,1.00,1.37
2015.06.30 09:32:53.976,1.38391,1.38408,1.00,1.00
2015.06.30 09:32:54.558,1.38391,1.38406,1.00,1.00
2015.06.30 09:32:54.917,1.38388,1.38407,1.00,1.00
2015.06.30 09:32:55.170,1.38388,1.38405,1.00,1.00
2015.06.30 09:32:55.221,1.38386,1.38405,1.00,1.00
2015.06.30 09:32:55.971,1.38383,1.38405,1.50,1.00
2015.06.30 09:32:56.479,1.38382,1.38408,3.37,1.37
2015.06.30 09:32:57.515,1.38382,1.38408,2.25,1.37
2015.06.30 09:32:57.850,1.38387,1.38409,1.00,2.25
2015.06.30 09:32:58.397,1.38386,1.38409,1.00,2.25
2015.06.30 09:32:58.848,1.38386,1.38409,1.00,1.87
2015.06.30 09:32:59.926,1.38392,1.38409,1.00,1.50
2015.06.30 09:32:59.977,1.38393,1.38413,1.00,1.37
2015.06.30 09:33:00.271,1.38393,1.38411,1.00,1.37
2015.06.30 09:33:00.576,1.3839,1.38394,1.00,1.00
2015.06.30 09:33:00.627,1.38382,1.38394,1.00,1.00
2015.06.30 09:33:00.730,1.38382,1.3839,1.00,1.00
2015.06.30 09:33:01.328,1.38382,1.38387,1.00,1.00
2015.06.30 09:33:01.586,1.38382,1.3839,1.00,1.00
2015.06.30 09:33:02.750,1.38376,1.3839,1.00,1.00
2015.06.30 09:33:02.802,1.38376,1.38387,1.00,1.00
2015.06.30 09:33:03.109,1.38382,1.38387,1.00,1.00
2015.06.30 09:33:04.099,1.38375,1.38387,1.00,1.00
2015.06.30 09:33:05.600,1.38377,1.38387,1.00,1.00
2015.06.30 09:33:06.123,1.38376,1.38387,1.00,1.00
2015.06.30 09:33:07.187,1.38376,1.3839,1.00,1.00
2015.06.30 09:33:07.773,1.38376,1.38384,1.00,1.00
2015.06.30 09:33:08.026,1.38378,1.38387,1.00,1.00
2015.06.30 09:33:08.330,1.38378,1.38389,1.00,1.00
2015.06.30 09:33:08.861,1.3838,1.38389,1.00,1.00
2015.06.30 09:33:08.913,1.3839,1.38405,1.12,1.00
2015.06.30 09:33:08.964,1.38391,1.38399,1.00,1.00
2015.06.30 09:33:09.320,1.38391,1.38396,1.00,1.00
2015.06.30 09:33:09.422,1.38388,1.38396,1.00,1.00
2015.06.30 09:33:09.473,1.38388,1.38399,1.00,1.00
2015.06.30 09:33:10.204,1.38389,1.38399,1.87,1.00
2015.06.30 09:33:10.255,1.38392,1.38404,1.87,1.00
2015.06.30 09:33:10.848,1.38395,1.38404,1.00,1.00
2015.06.30 09:33:11.473,1.38394,1.38404,1.00,1.00
2015.06.30 09:33:11.801,1.38394,1.38406,1.00,1.00
2015.06.30 09:33:13.827,1.38392,1.38406,1.37,1.00
2015.06.30 09:33:13.878,1.38392,1.38404,1.37,1.00
2015.06.30 09:33:14.133,1.38382,1.38396,1.00,1.00
2015.06.30 09:33:15.520,1.38382,1.38396,1.37,1.00
2015.06.30 09:33:16.816,1.38387,1.38396,1.00,1.00
2015.06.30 09:33:16.867,1.38387,1.38399,1.00,1.00
2015.06.30 09:33:16.970,1.38387,1.38401,1.37,1.00
2015.06.30 09:33:17.073,1.38387,1.38404,1.37,1.00
2015.06.30 09:33:17.276,1.3839,1.38404,1.00,1.00
2015.06.30 09:33:18.978,1.38393,1.38404,1.00,1.00
2015.06.30 09:33:20.540,1.38393,1.38407,1.00,1.00
2015.06.30 09:33:20.964,1.38393,1.38404,1.00,1.00
2015.06.30 09:33:21.695,1.38384,1.38401,1.50,1.00
2015.06.30 09:33:22.557,1.38384,1.38405,1.00,1.00
2015.06.30 09:33:23.328,1.38383,1.38405,1.00,1.00
2015.06.30 09:33:23.835,1.38382,1.38405,1.00,1.37
2015.06.30 09:33:26.082,1.3838,1.38405,1.12,1.87
2015.06.30 09:33:27.473,1.3839,1.38406,1.37,1.00
2015.06.30 09:33:27.975,1.38392,1.38406,1.00,1.00
2015.06.30 09:33:28.805,1.38387,1.38405,1.87,1.00
2015.06.30 09:33:28.908,1.3839,1.38405,1.00,1.00
2015.06.30 09:33:28.960,1.3839,1.38408,1.00,1.00
2015.06.30 09:33:29.165,1.3839,1.38411,1.87,1.00
2015.06.30 09:33:29.371,1.38395,1.38411,1.00,1.00
2015.06.30 09:33:30.108,1.38395,1.38416,1.00,1.00
2015.06.30 09:33:30.362,1.38395,1.38419,1.50,1.00
2015.06.30 09:33:30.515,1.38398,1.3842,1.00,1.00
2015.06.30 09:33:30.820,1.38391,1.38417,2.47,1.37
2015.06.30 09:33:31.365,1.38391,1.38417,1.87,1.37
2015.06.30 09:33:31.738,1.38391,1.38413,1.50,1.00
2015.06.30 09:33:32.244,1.38389,1.38413,1.37,1.00
2015.06.30 09:33:32.869,1.38389,1.38409,1.00,1.37
2015.06.30 09:33:33.931,1.38389,1.38409,1.00,1.00
2015.06.30 09:33:35.222,1.38388,1.38409,1.00,2.25
2015.06.30 09:33:35.628,1.38385,1.3841,1.50,1.75
2015.06.30 09:33:37.401,1.38385,1.3841,1.50,1.75
2015.06.30 09:33:40.673,1.38385,1.3841,1.87,1.75
2015.06.30 09:33:41.190,1.38386,1.38409,1.00,1.00
2015.06.30 09:33:42.681,1.38385,1.38409,1.12,1.00
2015.06.30 09:33:42.733,1.38389,1.3841,1.00,1.50
2015.06.30 09:33:43.040,1.38388,1.38409,1.00,1.50
2015.06.30 09:33:43.548,1.38389,1.38409,1.00,1.87
2015.06.30 09:33:43.599,1.38388,1.38409,1.35,1.50
2015.06.30 09:33:43.650,1.38403,1.3841,1.00,1.50
2015.06.30 09:33:44.213,1.3841,1.38416,1.00,1.00
2015.06.30 09:33:44.924,1.38409,1.38416,1.00,2.25
2015.06.30 09:33:45.950,1.38409,1.38416,1.00,3.00
2015.06.30 09:33:46.906,1.38408,1.38416,1.00,3.00
2015.06.30 09:33:47.416,1.38407,1.38416,1.00,3.00
2015.06.30 09:33:48.250,1.38407,1.38416,1.00,3.00
2015.06.30 09:33:48.768,1.38406,1.38413,1.00,1.50
2015.06.30 09:33:49.869,1.38406,1.38412,1.00,1.50
2015.06.30 09:33:50.613,1.38406,1.38412,1.00,1.50
2015.06.30 09:33:51.461,1.38405,1.38412,1.00,1.75
2015.06.30 09:33:51.517,1.38403,1.38413,1.00,1.00
2015.06.30 09:33:51.621,1.38405,1.38413,1.00,1.87
2015.06.30 09:33:51.774,1.3841,1.38419,1.00,1.12
2015.06.30 09:33:52.078,1.38413,1.38419,1.00,1.00
2015.06.30 09:33:52.180,1.38413,1.38421,1.00,1.12
2015.06.30 09:33:52.232,1.38405,1.38421,1.00,1.12
2015.06.30 09:33:52.776,1.38412,1.38422,1.00,1.00
2015.06.30 09:33:53.087,1.38421,1.3843,1.00,1.37
2015.06.30 09:33:53.392,1.38417,1.3843,1.00,1.37
2015.06.30 09:33:53.444,1.3842,1.3843,1.00,1.50
2015.06.30 09:33:54.090,1.3842,1.38427,1.00,1.50
2015.06.30 09:33:54.654,1.38406,1.38427,1.00,1.37
2015.06.30 09:33:54.705,1.38419,1.38427,1.00,1.00
2015.06.30 09:33:54.756,1.38406,1.38427,1.50,1.00
2015.06.30 09:33:54.807,1.38421,1.38427,1.00,1.00
2015.06.30 09:33:55.961,1.38433,1.3844,1.00,1.37
2015.06.30 09:33:56.012,1.38432,1.3844,1.00,1.37
2015.06.30 09:33:57.216,1.38433,1.3844,1.00,1.00
2015.06.30 09:33:57.268,1.38443,1.3845,1.00,1.37
2015.06.30 09:33:57.319,1.38443,1.3845,1.00,1.00
2015.06.30 09:33:57.522,1.38445,1.38451,1.00,1.87
2015.06.30 09:33:57.776,1.38449,1.38455,1.00,1.00
2015.06.30 09:33:58.441,1.38449,1.38456,1.00,1.00
2015.06.30 09:33:58.492,1.38452,1.38459,1.00,1.00
2015.06.30 09:33:58.958,1.38455,1.38459,1.00,1.00
2015.06.30 09:33:59.679,1.38461,1.38466,1.00,1.00
2015.06.30 09:33:59.732,1.38466,1.38472,1.00,1.00
2015.06.30 09:34:00.261,1.38464,1.38472,1.00,1.00
2015.06.30 09:34:00.413,1.38455,1.38472,1.00,1.37
2015.06.30 09:34:00.996,1.3845,1.38457,1.00,1.00
2015.06.30 09:34:01.301,1.3845,1.3846,1.00,1.37
2015.06.30 09:34:01.657,1.38452,1.3846,1.00,1.37
2015.06.30 09:34:02.444,1.38452,1.3846,1.00,1.12
2015.06.30 09:34:02.501,1.3845,1.3846,1.00,1.12
2015.06.30 09:34:03.029,1.3845,1.3846,1.00,1.37
2015.06.30 09:34:04.279,1.3845,1.38462,1.00,1.37
2015.06.30 09:34:04.799,1.3845,1.3846,1.00,1.00
2015.06.30 09:34:05.205,1.38444,1.3846,1.00,1.37
2015.06.30 09:34:05.796,1.38442,1.38457,1.00,1.37
2015.06.30 09:34:05.847,1.38444,1.38457,1.00,1.00
2015.06.30 09:34:06.105,1.38438,1.38457,1.50,1.00
2015.06.30 09:34:07.294,1.38438,1.38455,1.00,1.00
2015.06.30 09:34:09.773,1.38437,1.38455,1.00,1.00
2015.06.30 09:34:09.927,1.38438,1.38459,1.00,1.37
2015.06.30 09:34:09.979,1.38443,1.38459,1.00,1.37
2015.06.30 09:34:10.486,1.38442,1.38459,1.00,1.00
2015.06.30 09:34:10.639,1.3844,1.38459,1.00,1.00
2015.06.30 09:34:11.142,1.38443,1.38459,1.00,1.00
2015.06.30 09:34:11.295,1.38446,1.38465,1.00,1.37
2015.06.30 09:34:11.805,1.38445,1.38464,1.00,1.37
2015.06.30 09:34:11.857,1.38444,1.38464,1.00,1.87
2015.06.30 09:34:11.959,1.38442,1.38462,1.00,1.37
2015.06.30 09:34:12.646,1.38443,1.38459,1.00,1.00
2015.06.30 09:34:13.154,1.38442,1.38459,1.00,1.37
2015.06.30 09:34:13.357,1.3844,1.38459,1.00,1.37
2015.06.30 09:34:13.460,1.38438,1.38459,1.00,1.37
2015.06.30 09:34:13.715,1.38433,1.38453,1.00,1.37
2015.06.30 09:34:14.204,1.3843,1.3845,1.00,1.37
2015.06.30 09:34:14.510,1.38435,1.38455,1.00,2.25
2015.06.30 09:34:14.561,1.38434,1.38455,1.00,1.50
2015.06.30 09:34:15.120,1.38435,1.38457,1.00,1.37
2015.06.30 09:34:15.672,1.38435,1.38457,1.00,1.12
2015.06.30 09:34:18.525,1.38438,1.38457,1.00,1.12
2015.06.30 09:34:18.627,1.38436,1.38457,1.00,1.12
2015.06.30 09:34:19.366,1.38435,1.38459,1.12,1.00
2015.06.30 09:34:19.989,1.38436,1.38459,1.00,1.12
2015.06.30 09:34:20.091,1.38439,1.38459,1.00,1.12
2015.06.30 09:34:20.294,1.38435,1.38459,1.00,1.50
2015.06.30 09:34:20.346,1.38435,1.38455,1.00,1.12
2015.06.30 09:34:20.902,1.38437,1.38454,1.00,1.00
2015.06.30 09:34:20.967,1.38435,1.38454,1.00,1.00
2015.06.30 09:34:21.858,1.38434,1.38454,1.00,1.00
2015.06.30 09:34:21.961,1.38429,1.38453,1.00,1.50
2015.06.30 09:34:23.074,1.38429,1.38449,1.00,1.50
2015.06.30 09:34:23.128,1.38423,1.38447,1.87,1.00
2015.06.30 09:34:23.375,1.38428,1.38447,1.00,1.12
2015.06.30 09:34:23.730,1.38421,1.38446,2.62,1.50
2015.06.30 09:34:23.781,1.38421,1.38445,2.25,1.50
2015.06.30 09:34:23.832,1.38419,1.38444,1.50,1.87
2015.06.30 09:34:24.511,1.38419,1.38443,1.50,1.00
2015.06.30 09:34:24.829,1.38419,1.3844,1.00,1.50
2015.06.30 09:34:24.880,1.38416,1.3844,1.00,2.62
2015.06.30 09:34:24.931,1.38412,1.38438,2.25,1.12
2015.06.30 09:34:25.390,1.38414,1.38438,1.37,1.12
2015.06.30 09:34:25.958,1.38415,1.3844,1.50,1.50
2015.06.30 09:34:26.119,1.38416,1.38439,1.37,1.00
2015.06.30 09:34:26.272,1.38413,1.38437,1.00,1.00
2015.06.30 09:34:26.323,1.38413,1.38437,1.37,1.00
2015.06.30 09:34:26.425,1.38414,1.38439,3.00,1.00
2015.06.30 09:34:27.416,1.38416,1.38439,1.37,1.00
2015.06.30 09:34:27.467,1.38418,1.38442,1.12,1.00
2015.06.30 09:34:28.046,1.38418,1.38442,2.25,1.00
2015.06.30 09:34:28.249,1.38422,1.38448,1.37,1.12
2015.06.30 09:34:28.764,1.38425,1.3845,1.00,2.62
2015.06.30 09:34:30.333,1.38429,1.38447,1.75,1.00
2015.06.30 09:34:30.387,1.38429,1.38452,1.75,1.50
2015.06.30 09:34:30.438,1.38429,1.38452,1.75,1.50
2015.06.30 09:34:30.829,1.38431,1.38454,1.37,1.87
2015.06.30 09:34:31.975,1.38431,1.38454,1.00,1.87
2015.06.30 09:34:32.342,1.38429,1.38454,1.50,2.62
2015.06.30 09:34:32.495,1.38429,1.38451,1.00,1.37
2015.06.30 09:34:32.698,1.38425,1.38449,1.50,1.00
2015.06.30 09:34:33.418,1.38427,1.38449,1.12,1.00
2015.06.30 09:34:33.950,1.38427,1.38449,1.37,1.00
2015.06.30 09:34:34.451,1.38427,1.38449,1.00,1.00
2015.06.30 09:34:35.153,1.38427,1.3845,1.12,1.12
2015.06.30 09:34:35.661,1.38427,1.38449,1.12,1.00
2015.06.30 09:34:37.119,1.38427,1.38448,1.00,1.00
2015.06.30 09:34:37.325,1.38423,1.38445,1.87,1.00
2015.06.30 09:34:37.477,1.38415,1.38438,3.75,1.00
2015.06.30 09:34:37.781,1.38415,1.38435,3.75,1.00
2015.06.30 09:34:38.583,1.38415,1.38438,1.37,1.12
2015.06.30 09:34:38.634,1.38413,1.38438,1.50,1.12
2015.06.30 09:34:38.685,1.38412,1.38435,1.87,1.12
2015.06.30 09:34:39.193,1.38412,1.38435,1.87,1.12
2015.06.30 09:34:39.499,1.38412,1.38433,1.87,1.00
2015.06.30 09:34:40.036,1.3841,1.38432,2.25,1.00
2015.06.30 09:34:40.343,1.38414,1.38436,1.00,1.37
2015.06.30 09:34:40.681,1.38416,1.38436,1.00,1.37
2015.06.30 09:34:41.588,1.38414,1.38436,1.00,1.87
2015.06.30 09:34:48.017,1.38414,1.38433,1.00,1.00
2015.06.30 09:34:48.170,1.38414,1.38431,1.00,1.00
2015.06.30 09:34:48.919,1.38424,1.38432,1.00,1.00
2015.06.30 09:34:48.972,1.38424,1.38444,1.00,1.37
2015.06.30 09:34:49.327,1.38424,1.38444,1.00,1.12
2015.06.30 09:34:49.833,1.38424,1.38445,1.50,1.00
2015.06.30 09:34:51.069,1.38425,1.38441,1.00,1.12
2015.06.30 09:34:51.120,1.38418,1.38441,1.12,1.12
2015.06.30 09:34:51.633,1.3842,1.38441,1.00,1.00
2015.06.30 09:34:51.937,1.38422,1.38444,2.25,1.00
2015.06.30 09:34:52.039,1.38426,1.38447,1.00,1.00
2015.06.30 09:34:52.536,1.38425,1.38449,1.87,1.00
2015.06.30 09:34:52.588,1.38428,1.3845,1.00,1.12
2015.06.30 09:34:53.147,1.38428,1.3845,1.12,1.37
2015.06.30 09:34:53.891,1.38429,1.3845,1.87,1.37
2015.06.30 09:34:53.944,1.38424,1.38447,1.00,1.37
2015.06.30 09:34:54.047,1.38422,1.38447,1.00,1.87
2015.06.30 09:34:54.150,1.38422,1.38443,1.00,1.00
2015.06.30 09:34:54.658,1.38422,1.38445,1.00,1.12
2015.06.30 09:34:55.305,1.38428,1.38448,1.00,1.00
2015.06.30 09:34:55.407,1.38426,1.3845,1.00,1.87
2015.06.30 09:34:55.815,1.38424,1.38449,2.62,1.37
2015.06.30 09:34:55.918,1.38426,1.38449,1.00,1.37
2015.06.30 09:34:56.766,1.38427,1.38451,1.00,1.87
2015.06.30 09:34:57.717,1.38428,1.38451,1.00,1.37
2015.06.30 09:34:58.256,1.38429,1.38451,1.00,1.37
2015.06.30 09:34:58.308,1.38426,1.38451,1.87,1.37
2015.06.30 09:34:58.976,1.38426,1.38452,1.37,1.37
2015.06.30 09:34:59.483,1.38429,1.38454,1.12,3.37
2015.06.30 09:34:59.636,1.38429,1.38454,1.87,3.37
2015.06.30 09:35:00.671,1.38429,1.38454,1.87,2.62
2015.06.30 09:35:00.925,1.38426,1.38452,1.50,2.62
2015.06.30 09:35:02.363,1.38426,1.38452,1.00,2.62
2015.06.30 09:35:02.566,1.38424,1.38449,3.37,1.37
2015.06.30 09:35:03.478,1.38424,1.38449,3.00,1.37
2015.06.30 09:35:04.817,1.38424,1.38449,3.00,1.12
2015.06.30 09:35:04.875,1.38427,1.38449,1.00,1.87
2015.06.30 09:35:05.851,1.38427,1.38447,1.00,1.00
2015.06.30 09:35:06.004,1.38425,1.38447,1.00,1.00
2015.06.30 09:35:06.667,1.38426,1.38447,1.00,1.00
2015.06.30 09:35:09.764,1.38426,1.38449,1.00,1.12
2015.06.30 09:35:09.917,1.38428,1.38449,1.00,1.12
2015.06.30 09:35:10.427,1.38427,1.38452,1.00,1.75
2015.06.30 09:35:10.783,1.38435,1.38452,1.00,1.50
2015.06.30 09:35:10.987,1.38435,1.38456,1.00,1.50
2015.06.30 09:35:12.037,1.38435,1.38459,1.87,1.50
2015.06.30 09:35:12.240,1.38437,1.38461,1.00,2.25
2015.06.30 09:35:12.596,1.3844,1.38461,1.00,1.50
2015.06.30 09:35:12.901,1.38442,1.38461,1.00,1.12
2015.06.30 09:35:13.562,1.3844,1.38461,1.00,1.12
2015.06.30 09:35:14.078,1.3844,1.38461,1.00,1.50
2015.06.30 09:35:14.129,1.38442,1.38461,1.00,1.50
2015.06.30 09:35:14.646,1.38441,1.38461,1.00,1.50
2015.06.30 09:35:15.267,1.3844,1.38461,1.00,1.50
2015.06.30 09:35:15.572,1.38437,1.3846,1.00,1.87
2015.06.30 09:35:15.673,1.38431,1.38452,1.50,1.37
2015.06.30 09:35:15.775,1.38427,1.38452,1.87,1.37
2015.06.30 09:35:15.826,1.38427,1.38452,1.50,1.37
2015.06.30 09:35:15.877,1.3843,1.38452,1.00,1.37
2015.06.30 09:35:17.206,1.38432,1.38449,1.00,1.00
2015.06.30 09:35:17.313,1.3843,1.38449,1.00,1.00
2015.06.30 09:35:17.519,1.38427,1.38448,1.00,1.00
2015.06.30 09:35:17.570,1.38427,1.38448,1.00,1.37
2015.06.30 09:35:17.621,1.38424,1.38448,1.00,1.37
2015.06.30 09:35:17.672,1.38421,1.38442,1.00,1.37
2015.06.30 09:35:19.916,1.38422,1.38445,1.00,2.25
2015.06.30 09:35:20.478,1.38421,1.38445,1.00,2.25
2015.06.30 09:35:21.429,1.38421,1.38445,1.00,2.25
2015.06.30 09:35:22.017,1.38419,1.38444,1.50,1.75
2015.06.30 09:35:23.067,1.38421,1.38441,1.50,1.12
2015.06.30 09:35:23.271,1.38414,1.38437,2.62,1.00
2015.06.30 09:35:23.322,1.38414,1.38438,2.25,1.37
2015.06.30 09:35:23.677,1.38412,1.38436,1.00,1.87
2015.06.30 09:35:24.369,1.38411,1.38433,1.87,1.00
2015.06.30 09:35:24.859,1.38411,1.38435,1.00,1.37
2015.06.30 09:35:25.882,1.3841,1.38435,1.50,1.37
2015.06.30 09:35:26.186,1.3841,1.38435,1.50,1.37
2015.06.30 09:35:27.233,1.3841,1.38435,1.87,1.37
2015.06.30 09:35:27.285,1.38415,1.38438,1.00,2.25
2015.06.30 09:35:28.584,1.38418,1.38438,1.00,1.37
2015.06.30 09:35:28.842,1.3842,1.38441,1.00,1.12
2015.06.30 09:35:28.995,1.38424,1.38444,1.00,1.50
2015.06.30 09:35:30.644,1.38425,1.38445,1.00,1.37
2015.06.30 09:35:31.176,1.38425,1.38447,1.00,2.25
2015.06.30 09:35:31.544,1.38429,1.38447,1.00,1.87
2015.06.30 09:35:32.083,1.38435,1.38459,1.00,2.25
2015.06.30 09:35:32.236,1.38435,1.38459,1.00,1.50
2015.06.30 09:35:32.540,1.38437,1.38459,1.00,1.50
2015.06.30 09:35:33.426,1.38437,1.3846,1.00,1.37
2015.06.30 09:35:33.481,1.38435,1.38461,1.00,3.00
2015.06.30 09:35:33.634,1.38435,1.38453,1.00,1.00
2015.06.30 09:35:33.940,1.38426,1.38449,1.00,1.75
2015.06.30 09:35:34.043,1.38424,1.38449,2.25,2.25
2015.06.30 09:35:34.767,1.38431,1.38449,1.00,1.00
2015.06.30 09:35:34.818,1.38431,1.38457,1.50,1.75
2015.06.30 09:35:35.631,1.38431,1.38457,1.00,1.75
2015.06.30 09:35:36.390,1.38435,1.38458,1.50,1.75
2015.06.30 09:35:37.049,1.38435,1.38459,1.00,1.87
2015.06.30 09:35:38.331,1.38448,1.38459,1.00,1.87
2015.06.30 09:35:38.636,1.38451,1.38459,1.00,1.50
2015.06.30 09:35:39.437,1.38459,1.38468,1.00,1.00
2015.06.30 09:35:39.493,1.38454,1.38472,1.00,1.37
2015.06.30 09:35:39.544,1.38454,1.38471,1.00,1.37
2015.06.30 09:35:39.849,1.38454,1.38464,1.00,1.00
2015.06.30 09:35:40.154,1.3846,1.38465,1.00,1.50
2015.06.30 09:35:40.727,1.38461,1.3847,1.00,1.00
2015.06.30 09:35:40.779,1.38464,1.3847,1.00,1.00
2015.06.30 09:35:45.302,1.38463,1.3847,1.00,1.00
2015.06.30 09:35:47.930,1.3846,1.38473,1.00,1.37
2015.06.30 09:35:47.981,1.38463,1.38473,1.00,1.37
2015.06.30 09:35:48.237,1.38468,1.38477,1.00,1.00
2015.06.30 09:35:48.440,1.38468,1.38481,1.00,1.37
2015.06.30 09:35:49.446,1.38468,1.38481,1.00,1.12
2015.06.30 09:35:50.088,1.38465,1.38481,1.00,1.12
2015.06.30 09:35:50.900,1.38465,1.38481,1.00,1.37
2015.06.30 09:35:51.052,1.38465,1.38481,1.00,1.37
2015.06.30 09:35:51.103,1.38462,1.38481,1.00,1.37
2015.06.30 09:35:51.206,1.3846,1.3848,1.00,1.37
2015.06.30 09:35:51.257,1.3846,1.38478,1.00,1.37
2015.06.30 09:35:52.000,1.3846,1.38476,1.00,1.00
2015.06.30 09:35:52.103,1.38462,1.38479,1.00,1.87
2015.06.30 09:35:54.395,1.38462,1.38479,1.00,1.00
2015.06.30 09:35:55.058,1.38462,1.38482,1.00,1.37
2015.06.30 09:35:55.110,1.38465,1.38484,1.00,1.87
2015.06.30 09:35:55.363,1.38465,1.38486,1.00,2.62
2015.06.30 09:35:55.847,1.38471,1.38486,1.00,1.87
2015.06.30 09:35:55.898,1.38471,1.38486,1.00,1.00
2015.06.30 09:35:56.545,1.38466,1.3848,1.00,1.00
2015.06.30 09:35:56.596,1.38462,1.3848,1.50,1.00
2015.06.30 09:35:56.698,1.38462,1.3848,1.00,1.87
2015.06.30 09:35:56.850,1.38458,1.3848,1.00,2.62
2015.06.30 09:35:56.901,1.38461,1.3848,1.00,1.87
2015.06.30 09:35:57.003,1.38458,1.3848,1.00,1.87
2015.06.30 09:35:58.619,1.38458,1.38479,1.00,1.50
2015.06.30 09:35:58.670,1.38456,1.38479,1.00,1.50
2015.06.30 09:35:58.874,1.38454,1.38478,1.12,1.00
2015.06.30 09:35:59.027,1.38454,1.38477,1.00,1.75
2015.06.30 09:35:59.435,1.38457,1.38475,1.00,1.12
2015.06.30 09:36:00.021,1.38459,1.38479,1.50,1.37
2015.06.30 09:36:00.072,1.38463,1.38485,1.00,1.37
2015.06.30 09:36:00.377,1.38463,1.38487,1.12,1.87
2015.06.30 09:36:01.894,1.38466,1.38487,1.00,1.00
2015.06.30 09:36:02.199,1.38472,1.38489,1.00,1.00
2015.06.30 09:36:02.301,1.38474,1.38493,1.00,1.00
2015.06.30 09:36:02.851,1.38474,1.38495,1.00,1.37
2015.06.30 09:36:02.902,1.38474,1.38498,1.00,3.37
2015.06.30 09:36:02.953,1.38472,1.38498,1.00,3.37
2015.06.30 09:36:03.413,1.38471,1.38496,1.50,1.37
2015.06.30 09:36:04.126,1.38472,1.38492,1.12,1.00
2015.06.30 09:36:04.181,1.38474,1.385,1.50,1.87
2015.06.30 09:36:04.796,1.38472,1.38497,1.12,1.50
2015.06.30 09:36:04.848,1.38472,1.38497,1.00,2.62
2015.06.30 09:36:04.900,1.38468,1.38494,1.50,1.87
2015.06.30 09:36:05.453,1.38468,1.3849,1.00,1.00
2015.06.30 09:36:05.508,1.38462,1.38487,1.00,1.37
2015.06.30 09:36:05.660,1.38462,1.38484,1.00,1.00
2015.06.30 09:36:05.762,1.38456,1.38484,2.62,1.87
2015.06.30 09:36:05.814,1.38456,1.38484,2.62,1.87
2015.06.30 09:36:06.120,1.38462,1.38486,1.00,1.37
2015.06.30 09:36:06.450,1.38465,1.38486,1.00,1.12
2015.06.30 09:36:10.661,1.38462,1.38486,1.12,1.12
2015.06.30 09:36:11.523,1.38462,1.38486,1.00,1.37
2015.06.30 09:36:13.829,1.38461,1.38486,1.87,1.37
2015.06.30 09:36:15.916,1.38462,1.38488,1.50,1.50
2015.06.30 09:36:17.844,1.38462,1.38488,1.87,1.50
2015.06.30 09:36:20.608,1.38462,1.38488,1.87,1.50
2015.06.30 09:36:23.057,1.38462,1.38488,1.87,1.12
2015.06.30 09:36:24.045,1.3846,1.38485,1.87,1.00
2015.06.30 09:36:24.433,1.38463,1.38487,1.00,1.12
2015.06.30 09:36:25.124,1.38463,1.38486,1.00,1.00
2015.06.30 09:36:26.768,1.38461,1.38486,1.37,1.12
2015.06.30 09:36:27.174,1.38481,1.38488,1.00,1.00
2015.06.30 09:36:27.225,1.38479,1.38491,1.00,1.87
2015.06.30 09:36:27.276,1.38479,1.38491,1.00,1.00
2015.06.30 09:36:27.765,1.38484,1.38496,1.12,1.00
2015.06.30 09:36:27.816,1.38499,1.38517,1.00,1.00
2015.06.30 09:36:27.918,1.38491,1.38516,1.37,1.00
2015.06.30 09:36:27.969,1.3849,1.38516,1.12,1.50
2015.06.30 09:36:28.121,1.38488,1.38513,1.87,1.00
2015.06.30 09:36:28.427,1.38483,1.38504,1.00,1.00
2015.06.30 09:36:29.023,1.38479,1.38504,1.50,1.00
2015.06.30 09:36:29.228,1.38483,1.38507,1.00,1.87
2015.06.30 09:36:29.633,1.38484,1.38503,1.00,1.00
2015.06.30 09:36:29.836,1.3848,1.38501,1.12,1.00
2015.06.30 09:36:30.506,1.3848,1.38503,1.00,1.00
2015.06.30 09:36:31.476,1.38482,1.38503,1.00,1.00
2015.06.30 09:36:32.144,1.38482,1.38505,1.00,1.87
2015.06.30 09:36:33.817,1.38482,1.38507,1.12,1.12
2015.06.30 09:36:34.367,1.38483,1.38507,1.00,1.12
2015.06.30 09:36:35.767,1.38482,1.38507,1.00,1.00
2015.06.30 09:36:37.244,1.38482,1.38504,1.00,1.00
2015.06.30 09:36:37.848,1.38481,1.385,1.00,1.00
2015.06.30 09:36:38.102,1.38475,1.385,1.37,1.50
2015.06.30 09:36:38.848,1.38475,1.385,1.12,1.50
2015.06.30 09:36:38.950,1.38474,1.38497,1.00,1.37
2015.06.30 09:36:39.621,1.38469,1.38491,1.00,1.00
2015.06.30 09:36:40.054,1.38469,1.38491,1.37,1.00
2015.06.30 09:36:40.257,1.38473,1.38495,1.00,1.12
2015.06.30 09:36:41.789,1.38476,1.38496,1.00,1.00
2015.06.30 09:36:41.847,1.38476,1.38498,1.12,1.00
2015.06.30 09:36:43.624,1.38475,1.38498,1.00,1.00
2015.06.30 09:36:44.335,1.38476,1.38498,1.00,1.00
2015.06.30 09:36:46.406,1.38478,1.38498,1.00,1.00
2015.06.30 09:36:47.859,1.38478,1.38499,1.00,1.00
2015.06.30 09:36:48.164,1.38478,1.385,1.37,1.00
2015.06.30 09:36:49.201,1.38478,1.385,1.00,1.00
2015.06.30 09:36:49.962,1.38478,1.38501,1.00,1.00
2015.06.30 09:36:50.117,1.38478,1.38503,1.00,1.50
2015.06.30 09:36:50.721,1.38478,1.38503,1.37,1.50
2015.06.30 09:36:51.227,1.3848,1.38503,1.00,1.50
2015.06.30 09:36:52.249,1.38477,1.38499,1.12,1.00
2015.06.30 09:36:54.980,1.38476,1.38499,1.50,1.00
2015.06.30 09:36:55.510,1.38477,1.38499,1.00,1.00
2015.06.30 09:36:56.320,1.38476,1.38499,1.50,1.00
2015.06.30 09:36:56.841,1.38476,1.38502,3.00,1.37
2015.06.30 09:36:57.477,1.38477,1.38502,1.00,1.37
2015.06.30 09:36:58.386,1.3848,1.38502,1.00,1.37
2015.06.30 09:36:58.691,1.38487,1.3851,1.00,1.12
2015.06.30 09:36:58.996,1.38491,1.3851,1.00,1.12
2015.06.30 09:36:59.613,1.38491,1.38513,1.00,1.00
2015.06.30 09:36:59.668,1.38492,1.38515,1.00,1.00
2015.06.30 09:36:59.821,1.38493,1.38515,1.37,1.00
2015.06.30 09:37:00.636,1.385,1.38515,1.00,1.00
2015.06.30 09:37:01.206,1.38499,1.3852,1.00,1.00
2015.06.30 09:37:01.308,1.38501,1.3852,1.00,1.00
2015.06.30 09:37:02.270,1.38502,1.3852,1.00,1.00
2015.06.30 09:37:02.911,1.385,1.3852,1.00,1.00
2015.06.30 09:37:03.478,1.38498,1.3852,1.37,1.00
2015.06.30 09:37:03.580,1.38498,1.38517,1.00,1.00
2015.06.30 09:37:03.631,1.38495,1.38517,1.00,1.00
2015.06.30 09:37:04.390,1.38501,1.3852,1.00,1.00
2015.06.30 09:37:04.932,1.385,1.3852,1.00,1.00
2015.06.30 09:37:05.310,1.38497,1.3852,1.50,1.00
2015.06.30 09:37:06.696,1.38496,1.38519,1.37,2.25
2015.06.30 09:37:06.747,1.38496,1.38519,1.00,2.62
2015.06.30 09:37:06.849,1.38492,1.38514,1.00,1.12
2015.06.30 09:37:06.900,1.3849,1.38514,1.12,1.12
2015.06.30 09:37:08.031,1.38499,1.38518,1.12,1.37
2015.06.30 09:37:08.082,1.38499,1.38523,1.87,1.12
2015.06.30 09:37:08.237,1.38503,1.38523,1.00,1.12
2015.06.30 09:37:08.549,1.38512,1.38528,1.00,1.00
2015.06.30 09:37:08.600,1.38512,1.38532,1.00,1.37
2015.06.30 09:37:08.651,1.38514,1.38533,1.00,1.00
2015.06.30 09:37:09.242,1.38514,1.38525,1.00,1.00
2015.06.30 09:37:09.293,1.3851,1.38528,1.00,1.37
2015.06.30 09:37:09.344,1.38508,1.38528,1.00,1.37
2015.06.30 09:37:09.548,1.38506,1.38528,1.00,1.37
2015.06.30 09:37:10.057,1.38505,1.38525,1.00,1.37
2015.06.30 09:37:12.495,1.38501,1.38525,1.50,1.87
2015.06.30 09:37:12.547,1.38501,1.38522,1.00,1.37
2015.06.30 09:37:12.648,1.38495,1.38516,1.00,1.00
2015.06.30 09:37:12.852,1.38495,1.38515,1.00,1.37
2015.06.30 09:37:13.158,1.38491,1.38514,1.00,1.12
2015.06.30 09:37:14.052,1.38497,1.38514,1.00,1.12
2015.06.30 09:37:14.153,1.38497,1.38521,1.00,3.07
2015.06.30 09:37:14.357,1.38498,1.38521,1.00,1.50
2015.06.30 09:37:14.611,1.38495,1.38521,1.50,1.50
2015.06.30 09:37:15.340,1.38497,1.38523,1.00,1.37
2015.06.30 09:37:15.442,1.38497,1.38521,1.00,1.37
2015.06.30 09:37:15.544,1.38495,1.38517,1.00,1.00
2015.06.30 09:37:15.829,1.38492,1.38514,1.00,1.00
2015.06.30 09:37:17.135,1.38493,1.38514,1.00,1.00
2015.06.30 09:37:18.740,1.38497,1.38514,1.00,1.00
2015.06.30 09:37:18.842,1.38495,1.38518,1.00,1.37
2015.06.30 09:37:18.893,1.38495,1.38518,1.50,1.00
2015.06.30 09:37:18.944,1.38495,1.38516,1.00,1.00
2015.06.30 09:37:18.995,1.38492,1.38516,1.50,1.37
2015.06.30 09:37:19.097,1.38489,1.38513,1.12,1.12
2015.06.30 09:37:19.148,1.38489,1.38513,1.00,1.37
2015.06.30 09:37:19.452,1.38485,1.38505,1.00,1.00
2015.06.30 09:37:19.974,1.38489,1.38512,1.00,1.37
2015.06.30 09:37:20.025,1.38491,1.38512,1.00,1.37
2015.06.30 09:37:20.127,1.38491,1.38514,1.87,1.00
2015.06.30 09:37:20.603,1.38497,1.38514,1.00,1.00
2015.06.30 09:37:20.654,1.38497,1.38517,1.37,1.00
2015.06.30 09:37:20.757,1.38501,1.38517,1.00,1.00
2015.06.30 09:37:20.808,1.38501,1.38522,1.00,1.10
2015.06.30 09:37:22.260,1.38499,1.38522,1.37,1.00
2015.06.30 09:37:22.412,1.38497,1.38522,1.12,1.37
2015.06.30 09:37:22.565,1.38497,1.38518,1.12,1.00
2015.06.30 09:37:23.308,1.38497,1.3852,1.37,1.00
2015.06.30 09:37:23.363,1.38496,1.38519,1.00,1.00
2015.06.30 09:37:24.123,1.38496,1.38519,1.37,1.00
2015.06.30 09:37:24.226,1.38496,1.38519,1.00,1.00
2015.06.30 09:37:24.911,1.38496,1.38519,1.50,1.00
2015.06.30 09:37:25.412,1.38496,1.38519,1.12,1.00
2015.06.30 09:37:26.733,1.38495,1.38519,1.75,1.00
2015.06.30 09:37:31.858,1.38494,1.38516,1.50,1.00
2015.06.30 09:37:32.373,1.38494,1.38516,1.12,1.00
2015.06.30 09:37:33.206,1.3849,1.38516,1.50,1.50
2015.06.30 09:37:33.308,1.3849,1.38516,2.25,1.87
2015.06.30 09:37:33.963,1.385,1.38521,1.00,2.62
2015.06.30 09:37:34.019,1.385,1.38524,1.00,1.37
2015.06.30 09:37:35.941,1.385,1.38524,1.12,1.12
2015.06.30 09:37:36.467,1.385,1.38524,1.00,1.37
2015.06.30 09:37:36.976,1.38501,1.38524,1.00,1.37
2015.06.30 09:37:37.862,1.38502,1.38524,1.00,1.37
2015.06.30 09:37:38.015,1.38502,1.38523,1.00,2.25
2015.06.30 09:37:38.066,1.38499,1.38523,1.00,2.25
2015.06.30 09:37:38.218,1.38497,1.38521,1.50,2.25
2015.06.30 09:37:38.371,1.38492,1.38516,1.50,1.12
2015.06.30 09:37:38.574,1.38493,1.38514,1.00,1.00
2015.06.30 09:37:39.109,1.3849,1.38514,1.00,1.00
2015.06.30 09:37:39.364,1.38488,1.38511,1.37,1.00
2015.06.30 09:37:39.880,1.38488,1.38511,1.87,1.00
2015.06.30 09:37:40.624,1.3849,1.38511,1.00,1.00
2015.06.30 09:37:42.344,1.3849,1.38514,1.50,1.37
2015.06.30 09:37:43.235,1.38493,1.38514,1.00,1.37
2015.06.30 09:37:44.234,1.38491,1.38514,1.00,1.00
2015.06.30 09:37:44.285,1.38492,1.38517,1.50,1.87
2015.06.30 09:37:45.675,1.38491,1.38516,1.00,1.87
2015.06.30 09:37:47.374,1.38497,1.3852,1.00,1.37
2015.06.30 09:37:47.982,1.38496,1.38519,1.00,1.12
2015.06.30 09:37:48.295,1.38494,1.38519,1.50,1.12
2015.06.30 09:37:49.480,1.38498,1.38519,1.37,1.00
2015.06.30 09:37:49.531,1.38502,1.38525,1.50,1.00
2015.06.30 09:37:49.937,1.385,1.38522,1.00,1.00
2015.06.30 09:37:50.192,1.38493,1.38519,1.37,1.00
2015.06.30 09:37:50.243,1.38493,1.38519,1.12,1.12
2015.06.30 09:37:50.768,1.38492,1.38517,1.37,1.50
2015.06.30 09:37:51.073,1.38498,1.3852,1.00,1.37
2015.06.30 09:37:51.378,1.385,1.3852,1.00,1.00
2015.06.30 09:37:51.631,1.38502,1.38523,1.50,1.00
2015.06.30 09:37:51.682,1.38502,1.38525,1.50,1.00
2015.06.30 09:37:52.174,1.38502,1.38527,1.50,2.25
2015.06.30 09:37:52.895,1.38502,1.38524,1.00,1.00
2015.06.30 09:37:53.815,1.38502,1.38527,1.50,1.50
2015.06.30 09:37:53.868,1.38507,1.38525,1.00,1.00
2015.06.30 09:37:54.376,1.38506,1.38525,1.00,1.00
2015.06.30 09:37:54.655,1.38504,1.38525,1.12,1.00
2015.06.30 09:37:56.993,1.38508,1.38525,1.00,1.12
2015.06.30 09:37:57.351,1.38509,1.3853,1.00,1.50
2015.06.30 09:37:57.453,1.38513,1.38526,1.00,1.00
2015.06.30 09:37:57.556,1.3851,1.38526,1.00,1.00
2015.06.30 09:37:57.759,1.38508,1.38526,1.00,1.00
2015.06.30 09:37:58.617,1.38509,1.38526,1.00,1.00
2015.06.30 09:37:59.124,1.38508,1.38526,1.00,1.12
2015.06.30 09:37:59.883,1.38514,1.38533,1.00,1.00
2015.06.30 09:38:00.389,1.38513,1.38533,1.00,1.00
2015.06.30 09:38:00.490,1.3851,1.38533,1.00,1.00
2015.06.30 09:38:00.643,1.38514,1.38533,1.00,1.00
2015.06.30 09:38:02.033,1.38516,1.38533,1.00,1.00
2015.06.30 09:38:02.287,1.38514,1.38533,1.00,1.00
2015.06.30 09:38:02.338,1.38514,1.3853,1.00,1.00
2015.06.30 09:38:02.541,1.38517,1.38536,1.00,1.00
2015.06.30 09:38:02.695,1.38521,1.38536,1.00,1.00
2015.06.30 09:38:02.746,1.38521,1.38538,1.00,1.50
2015.06.30 09:38:02.898,1.38522,1.38532,1.00,1.00
2015.06.30 09:38:02.950,1.38515,1.38532,1.00,1.00
2015.06.30 09:38:03.526,1.38514,1.38537,1.87,1.12
2015.06.30 09:38:03.578,1.38513,1.3853,1.75,1.00
2015.06.30 09:38:03.731,1.38509,1.38529,1.50,1.00
2015.06.30 09:38:03.834,1.38513,1.38529,1.00,1.00
2015.06.30 09:38:03.937,1.38508,1.38528,1.00,1.00
2015.06.30 09:38:03.988,1.38508,1.38525,1.00,1.00
2015.06.30 09:38:04.141,1.38506,1.38525,1.00,1.00
2015.06.30 09:38:04.860,1.38509,1.38525,1.00,1.00
2015.06.30 09:38:05.905,1.38507,1.38525,1.00,1.00
2015.06.30 09:38:06.520,1.3851,1.38525,1.00,1.00
2015.06.30 09:38:06.826,1.3851,1.38522,1.00,1.00
2015.06.30 09:38:06.978,1.3851,1.38525,1.00,1.87
2015.06.30 09:38:07.233,1.38507,1.38525,1.00,1.12
2015.06.30 09:38:08.022,1.38505,1.38525,1.00,1.12
2015.06.30 09:38:08.377,1.38505,1.38527,1.12,1.00
2015.06.30 09:38:08.428,1.38511,1.38528,1.00,1.50
2015.06.30 09:38:08.734,1.38511,1.38528,1.00,1.37
2015.06.30 09:38:09.382,1.38512,1.38528,1.00,1.00
2015.06.30 09:38:09.841,1.38516,1.38531,1.00,1.37
2015.06.30 09:38:09.892,1.38516,1.38531,1.00,1.00
2015.06.30 09:38:10.197,1.38516,1.38533,1.00,2.25
2015.06.30 09:38:10.299,1.38518,1.38533,1.00,1.00
2015.06.30 09:38:11.049,1.38512,1.38532,1.00,1.00
2015.06.30 09:38:11.151,1.38512,1.38536,1.00,3.37
2015.06.30 09:38:11.202,1.38517,1.38536,1.00,3.37
2015.06.30 09:38:12.078,1.38517,1.38536,1.00,1.37
2015.06.30 09:38:13.166,1.38517,1.38536,1.00,1.12
2015.06.30 09:38:14.267,1.38517,1.38536,1.00,1.37
2015.06.30 09:38:18.882,1.38515,1.38536,1.00,1.87
2015.06.30 09:38:19.476,1.38515,1.38535,1.00,1.37
2015.06.30 09:38:21.163,1.38514,1.38535,1.00,1.37
2015.06.30 09:38:21.672,1.38514,1.38535,1.00,1.12
2015.06.30 09:38:22.463,1.38512,1.38536,1.00,1.37
2015.06.30 09:38:23.083,1.38512,1.38536,1.37,1.00
2015.06.30 09:38:23.185,1.38515,1.38533,1.00,1.50
2015.06.30 09:38:23.287,1.38511,1.38533,1.50,1.87
2015.06.30 09:38:23.491,1.38508,1.38533,1.00,1.87
2015.06.30 09:38:23.739,1.38508,1.38531,1.00,1.00
2015.06.30 09:38:24.310,1.38506,1.3853,1.75,1.00
2015.06.30 09:38:24.463,1.3851,1.38534,1.00,1.00
2015.06.30 09:38:24.514,1.3851,1.38534,2.25,1.00
2015.06.30 09:38:24.565,1.38512,1.38537,1.37,1.00
2015.06.30 09:38:26.639,1.38512,1.38537,2.25,1.00
2015.06.30 09:38:28.233,1.38516,1.38537,1.37,1.00
2015.06.30 09:38:28.284,1.38518,1.38541,1.12,1.50
2015.06.30 09:38:28.335,1.38522,1.38541,1.00,1.00
2015.06.30 09:38:29.571,1.38525,1.38541,1.37,1.00
2015.06.30 09:38:29.623,1.38525,1.3855,2.62,1.00
2015.06.30 09:38:30.199,1.38527,1.38553,1.87,1.87
2015.06.30 09:38:30.948,1.38537,1.38549,1.00,1.12
2015.06.30 09:38:30.999,1.38527,1.38549,1.50,1.87
2015.06.30 09:38:31.051,1.3853,1.38549,1.00,1.87
2015.06.30 09:38:31.152,1.38527,1.38547,1.50,1.00
2015.06.30 09:38:31.695,1.38527,1.38546,1.00,1.00
2015.06.30 09:38:32.650,1.38524,1.38546,2.25,1.12
2015.06.30 09:38:34.104,1.38525,1.38547,1.00,1.37
2015.06.30 09:38:34.155,1.38528,1.38549,1.00,1.87
2015.06.30 09:38:34.655,1.38525,1.38545,1.00,1.00
2015.06.30 09:38:34.706,1.38523,1.38543,1.50,1.00
2015.06.30 09:38:34.808,1.38519,1.3854,1.50,1.00
2015.06.30 09:38:34.859,1.38519,1.38536,1.00,1.00
2015.06.30 09:38:34.911,1.38515,1.38535,1.00,1.00
2015.06.30 09:38:35.514,1.38513,1.38535,1.00,1.37
2015.06.30 09:38:35.566,1.38511,1.38535,1.00,1.37
2015.06.30 09:38:36.075,1.38512,1.38535,1.00,1.37
2015.06.30 09:38:36.583,1.38512,1.38535,1.12,1.00
2015.06.30 09:38:37.731,1.38513,1.38535,1.00,1.00
2015.06.30 09:38:37.782,1.38513,1.38535,1.87,1.00
2015.06.30 09:38:37.834,1.38513,1.38538,2.25,1.87
2015.06.30 09:38:38.782,1.38513,1.38538,1.00,2.25
2015.06.30 09:38:39.340,1.38514,1.38538,1.00,1.87
2015.06.30 09:38:39.656,1.38516,1.38538,1.00,1.37
2015.06.30 09:38:39.758,1.38518,1.38538,1.12,1.00
2015.06.30 09:38:39.859,1.38519,1.38542,1.00,1.12
2015.06.30 09:38:40.386,1.3852,1.38544,1.00,1.37
2015.06.30 09:38:40.437,1.38522,1.38544,1.00,1.37
2015.06.30 09:38:41.047,1.38522,1.38544,1.00,1.00
2015.06.30 09:38:42.292,1.38519,1.38544,2.25,1.00
2015.06.30 09:38:42.343,1.38519,1.38544,1.50,1.75
2015.06.30 09:38:42.648,1.38515,1.38539,1.00,1.50
2015.06.30 09:38:42.851,1.38513,1.38537,1.87,1.12
2015.06.30 09:38:44.307,1.38513,1.38537,1.00,1.37
2015.06.30 09:38:44.861,1.38513,1.38537,1.00,1.50
2015.06.30 09:38:45.514,1.38515,1.38537,1.00,1.50
2015.06.30 09:38:45.566,1.38516,1.38537,1.00,1.00
2015.06.30 09:38:46.092,1.38518,1.38537,1.00,1.00
2015.06.30 09:38:46.143,1.38525,1.38549,1.12,1.37
2015.06.30 09:38:46.397,1.38527,1.38551,1.00,1.37
2015.06.30 09:38:46.913,1.38528,1.38551,1.00,1.37
2015.06.30 09:38:47.688,1.38536,1.38557,1.00,1.00
2015.06.30 09:38:48.226,1.38536,1.38561,1.00,2.25
2015.06.30 09:38:51.278,1.38536,1.38559,1.00,1.00
2015.06.30 09:38:51.964,1.38536,1.38561,1.00,2.25
2015.06.30 09:38:53.685,1.38536,1.38561,1.00,1.75
2015.06.30 09:38:56.692,1.38536,1.38561,1.00,1.50
2015.06.30 09:39:00.300,1.3854,1.38564,1.00,1.50
2015.06.30 09:39:00.855,1.38546,1.38566,1.50,2.25
2015.06.30 09:39:00.912,1.38548,1.38571,1.00,1.37
2015.06.30 09:39:01.684,1.38546,1.38571,2.62,1.87
2015.06.30 09:39:02.707,1.38546,1.38571,2.25,1.37
2015.06.30 09:39:04.415,1.38548,1.38571,1.00,1.37
2015.06.30 09:39:04.922,1.38549,1.38574,1.00,1.87
2015.06.30 09:39:05.471,1.3855,1.38574,1.00,2.25
2015.06.30 09:39:06.102,1.38548,1.38574,1.50,2.25
2015.06.30 09:39:07.096,1.38548,1.38574,1.50,2.25
2015.06.30 09:39:07.300,1.38548,1.38561,1.00,1.00
2015.06.30 09:39:07.352,1.38548,1.38565,1.00,1.00
2015.06.30 09:39:07.403,1.38547,1.38557,1.00,1.00
2015.06.30 09:39:07.454,1.38537,1.38557,1.87,1.00
2015.06.30 09:39:07.950,1.38541,1.38555,1.00,1.00
2015.06.30 09:39:08.001,1.38531,1.38555,1.50,1.37
2015.06.30 09:39:08.609,1.38532,1.38556,1.00,1.87
2015.06.30 09:39:08.913,1.38533,1.3855,1.00,1.00
2015.06.30 09:39:09.604,1.38531,1.38538,1.00,1.00
2015.06.30 09:39:09.657,1.38525,1.38538,1.00,1.00
2015.06.30 09:39:09.810,1.38525,1.38541,1.00,1.50
2015.06.30 09:39:09.912,1.38525,1.38538,1.00,1.00
2015.06.30 09:39:10.444,1.38525,1.38543,1.00,1.50
2015.06.30 09:39:10.495,1.38525,1.38541,1.00,1.00
2015.06.30 09:39:11.100,1.38525,1.38539,1.00,1.00
2015.06.30 09:39:11.151,1.38519,1.38536,1.00,1.00
2015.06.30 09:39:11.355,1.38514,1.38536,1.00,1.00
2015.06.30 09:39:12.063,1.38514,1.38539,1.00,1.50
2015.06.30 09:39:13.398,1.38511,1.38526,1.37,1.37
2015.06.30 09:39:13.450,1.38502,1.38525,1.50,1.12
2015.06.30 09:39:13.552,1.38506,1.38527,1.00,1.87
2015.06.30 09:39:13.858,1.3851,1.38531,1.00,1.37
2015.06.30 09:39:14.812,1.38511,1.3853,1.00,1.12
2015.06.30 09:39:15.766,1.38509,1.3853,1.50,1.00
2015.06.30 09:39:15.868,1.38509,1.38526,1.00,1.00
2015.06.30 09:39:16.525,1.38504,1.38521,1.50,1.00
2015.06.30 09:39:16.729,1.38503,1.38523,1.00,1.00
2015.06.30 09:39:16.780,1.38505,1.38524,1.00,1.00
2015.06.30 09:39:17.085,1.38508,1.38526,1.00,1.00
2015.06.30 09:39:17.187,1.38505,1.38526,1.00,1.00
2015.06.30 09:39:18.065,1.38504,1.38527,1.00,1.87
2015.06.30 09:39:18.169,1.38504,1.38525,1.00,1.00
2015.06.30 09:39:18.425,1.38502,1.38524,1.00,1.00
2015.06.30 09:39:18.476,1.385,1.38524,1.12,1.50
2015.06.30 09:39:18.528,1.385,1.38522,1.12,1.00
2015.06.30 09:39:19.041,1.38502,1.38522,1.00,1.00
2015.06.30 09:39:19.767,1.38497,1.3852,1.00,1.37
2015.06.30 09:39:19.818,1.38495,1.38518,1.50,1.37
2015.06.30 09:39:20.072,1.38495,1.38514,1.50,1.00
2015.06.30 09:39:23.693,1.38493,1.38514,1.12,1.00
2015.06.30 09:39:24.223,1.38494,1.38514,1.00,1.50
2015.06.30 09:39:24.425,1.38494,1.38511,1.00,1.00
2015.06.30 09:39:24.476,1.38492,1.38511,1.12,1.00
2015.06.30 09:39:24.780,1.38489,1.38508,1.87,1.00
2015.06.30 09:39:25.474,1.38488,1.38504,1.00,1.00
2015.06.30 09:39:26.101,1.38486,1.38504,1.00,1.00
2015.06.30 09:39:28.117,1.38485,1.38504,1.00,1.00
2015.06.30 09:39:28.321,1.38484,1.38501,1.00,1.00
2015.06.30 09:39:28.626,1.38482,1.38499,1.00,1.00
2015.06.30 09:39:28.778,1.38482,1.38501,1.00,1.00
2015.06.30 09:39:29.333,1.38484,1.38501,1.00,1.00
2015.06.30 09:39:29.385,1.38484,1.38505,1.00,1.37
2015.06.30 09:39:29.488,1.38485,1.38507,1.00,1.00
2015.06.30 09:39:29.539,1.38487,1.38509,1.00,2.25
2015.06.30 09:39:29.846,1.38492,1.38509,1.00,1.00
2015.06.30 09:39:30.781,1.38491,1.38509,1.50,1.00
2015.06.30 09:39:31.313,1.38492,1.38509,1.00,1.00
2015.06.30 09:39:31.847,1.38494,1.38509,1.00,1.00
2015.06.30 09:39:32.401,1.3849,1.38508,1.12,1.00
2015.06.30 09:39:32.452,1.3849,1.38505,1.00,1.00
2015.06.30 09:39:32.969,1.38489,1.38505,1.00,1.00
2015.06.30 09:39:33.173,1.38489,1.38508,1.00,1.00
2015.06.30 09:39:33.905,1.3849,1.38508,1.00,1.00
2015.06.30 09:39:34.429,1.3849,1.38504,1.00,1.00
2015.06.30 09:39:34.482,1.38486,1.38504,1.00,1.37
2015.06.30 09:39:34.585,1.38483,1.38504,1.50,1.12
2015.06.30 09:39:34.688,1.38484,1.38504,1.00,1.75
2015.06.30 09:39:35.407,1.38486,1.38502,1.00,1.12
2015.06.30 09:39:35.459,1.38486,1.38505,1.50,1.12
2015.06.30 09:39:35.899,1.38488,1.38505,1.00,1.00
2015.06.30 09:39:36.880,1.38487,1.38505,1.00,1.00
2015.06.30 09:39:39.016,1.38487,1.38508,1.50,1.75
2015.06.30 09:39:39.343,1.38491,1.38508,1.00,1.75
2015.06.30 09:39:39.394,1.38488,1.38508,1.00,1.75
2015.06.30 09:39:39.647,1.38486,1.38507,1.50,1.50
2015.06.30 09:39:40.896,1.38486,1.38505,1.00,1.00
2015.06.30 09:39:41.048,1.38484,1.38505,2.25,1.00
2015.06.30 09:39:41.565,1.38484,1.38505,1.50,1.37
2015.06.30 09:39:41.617,1.38484,1.38501,1.50,1.00
2015.06.30 09:39:42.285,1.38484,1.38498,1.50,1.00
2015.06.30 09:39:42.336,1.38485,1.38501,1.00,1.00
2015.06.30 09:39:42.489,1.38486,1.38503,1.00,1.00
2015.06.30 09:39:42.643,1.38489,1.38505,1.00,1.00
2015.06.30 09:39:42.948,1.38489,1.38502,1.00,1.00
2015.06.30 09:39:43.050,1.38484,1.385,1.00,1.00
2015.06.30 09:39:43.101,1.38484,1.38502,1.00,1.00
2015.06.30 09:39:43.768,1.38487,1.38502,1.00,1.00
2015.06.30 09:39:43.921,1.38485,1.38502,1.00,1.00
2015.06.30 09:39:44.378,1.38488,1.38507,1.00,1.50
2015.06.30 09:39:44.531,1.3849,1.38506,1.00,1.00
2015.06.30 09:39:45.136,1.3849,1.38505,1.00,1.12
2015.06.30 09:39:45.188,1.38484,1.38504,1.50,1.00
2015.06.30 09:39:45.342,1.3848,1.38504,1.00,1.00
2015.06.30 09:39:45.393,1.38483,1.38503,1.00,1.00
2015.06.30 09:39:45.699,1.38491,1.38506,1.00,1.00
2015.06.30 09:39:45.909,1.38491,1.38509,1.00,1.00
2015.06.30 09:39:46.559,1.38496,1.38512,1.00,1.12
2015.06.30 09:39:46.611,1.38496,1.38514,1.00,1.12
2015.06.30 09:39:46.765,1.38498,1.38518,1.00,1.37
2015.06.30 09:39:46.817,1.38498,1.38518,1.00,1.00
2015.06.30 09:39:46.919,1.38502,1.38518,1.00,1.00
2015.06.30 09:39:47.021,1.38503,1.38522,1.00,1.87
2015.06.30 09:39:47.326,1.38505,1.38522,1.00,1.87
2015.06.30 09:39:48.222,1.38503,1.38522,1.00,1.00
2015.06.30 09:39:50.468,1.38503,1.38519,1.00,1.00
2015.06.30 09:39:50.805,1.38502,1.38517,1.00,1.00
2015.06.30 09:39:51.358,1.38501,1.38519,1.00,1.00
2015.06.30 09:39:51.562,1.38501,1.38514,1.00,1.00
2015.06.30 09:39:51.613,1.38501,1.38517,1.00,1.50
2015.06.30 09:39:51.664,1.38498,1.38517,1.00,1.50
2015.06.30 09:39:51.765,1.38498,1.38515,1.00,1.00
2015.06.30 09:39:52.081,1.38498,1.38513,1.00,1.00
2015.06.30 09:39:52.252,1.38498,1.38516,1.00,1.50
2015.06.30 09:39:52.800,1.38497,1.38516,1.50,2.25
2015.06.30 09:39:52.952,1.38499,1.38516,1.00,1.50
2015.06.30 09:39:53.265,1.38497,1.38516,1.50,1.50
2015.06.30 09:39:53.518,1.38499,1.38516,1.00,1.00
2015.06.30 09:39:54.726,1.38512,1.38516,1.00,1.00
2015.06.30 09:39:54.777,1.3852,1.38535,1.00,1.12
2015.06.30 09:39:55.134,1.38517,1.38535,1.00,1.12
2015.06.30 09:39:56.079,1.38516,1.38535,1.00,1.00
2015.06.30 09:39:57.564,1.38515,1.38535,1.00,1.00
2015.06.30 09:39:58.152,1.38512,1.38535,1.00,1.87
2015.06.30 09:39:58.254,1.38512,1.3853,1.00,1.00
2015.06.30 09:39:59.129,1.38511,1.38529,1.12,1.00
2015.06.30 09:39:59.484,1.38509,1.38529,1.50,1.50
2015.06.30 09:39:59.846,1.38509,1.38529,1.37,1.00
2015.06.30 09:39:59.897,1.3851,1.38531,1.37,1.00
2015.06.30 09:40:00.549,1.38514,1.38531,1.37,1.00
2015.06.30 09:40:00.600,1.38517,1.38535,1.00,1.00
2015.06.30 09:40:00.754,1.3852,1.38538,1.00,1.00
2015.06.30 09:40:02.315,1.38519,1.38538,1.00,1.00
2015.06.30 09:40:03.882,1.38515,1.38525,1.00,1.00
2015.06.30 09:40:03.933,1.38511,1.38525,1.00,1.00
2015.06.30 09:40:03.984,1.38507,1.38525,1.37,1.00
2015.06.30 09:40:04.086,1.38506,1.38526,1.50,1.00
2015.06.30 09:40:04.594,1.38505,1.38525,1.00,1.00
2015.06.30 09:40:05.695,1.38505,1.38525,1.37,1.00
2015.06.30 09:40:07.105,1.38504,1.38525,1.87,1.00
2015.06.30 09:40:07.320,1.38501,1.3852,2.25,1.00
2015.06.30 09:40:07.625,1.38497,1.38511,1.00,1.00
2015.06.30 09:40:07.676,1.38494,1.38511,1.37,1.00
2015.06.30 09:40:09.055,1.38495,1.38515,1.12,1.00
2015.06.30 09:40:09.109,1.38497,1.38517,1.00,1.00
2015.06.30 09:40:09.314,1.38494,1.38515,1.50,1.00
2015.06.30 09:40:09.573,1.38494,1.38511,1.50,1.00
2015.06.30 09:40:10.360,1.38498,1.38515,1.00,1.00
2015.06.30 09:40:10.464,1.38496,1.38515,1.00,1.00
2015.06.30 09:40:11.017,1.38496,1.38517,1.00,1.37
2015.06.30 09:40:11.546,1.38496,1.38517,1.37,1.12
2015.06.30 09:40:12.075,1.38504,1.38523,1.00,1.00
2015.06.30 09:40:12.343,1.38502,1.38523,1.00,1.00
2015.06.30 09:40:15.982,1.38502,1.38524,1.00,1.00
2015.06.30 09:40:16.516,1.38501,1.38522,1.00,1.00
2015.06.30 09:40:16.618,1.38498,1.38521,1.37,1.00
2015.06.30 09:40:16.719,1.38498,1.3852,1.37,1.37
2015.06.30 09:40:17.249,1.38496,1.38518,1.00,1.00
2015.06.30 09:40:17.705,1.38496,1.38514,1.00,1.00
2015.06.30 09:40:17.858,1.38493,1.38513,1.12,1.00
2015.06.30 09:40:18.866,1.38497,1.38521,1.37,2.62
2015.06.30 09:40:18.917,1.38497,1.38521,2.25,1.00
2015.06.30 09:40:19.457,1.38498,1.38522,1.12,1.12
2015.06.30 09:40:20.638,1.38498,1.38521,1.50,1.00
2015.06.30 09:40:20.843,1.385,1.38523,1.50,1.00
2015.06.30 09:40:20.996,1.38502,1.38525,1.12,1.00
2015.06.30 09:40:21.047,1.38503,1.38527,1.37,1.87
2015.06.30 09:40:21.149,1.38505,1.38528,1.50,1.00
2015.06.30 09:40:21.662,1.38505,1.38529,1.50,1.12
2015.06.30 09:40:22.782,1.38507,1.38529,1.00,1.12
2015.06.30 09:40:23.344,1.38508,1.3853,1.00,1.37
2015.06.30 09:40:23.447,1.3851,1.38533,1.00,1.87
2015.06.30 09:40:23.819,1.3851,1.38535,2.62,1.50
2015.06.30 09:40:24.941,1.38513,1.38535,1.00,1.00
2015.06.30 09:40:25.246,1.38509,1.38528,1.00,1.00
2015.06.30 09:40:25.349,1.38507,1.38528,1.50,1.00
2015.06.30 09:40:25.400,1.38507,1.38525,1.00,1.00
2015.06.30 09:40:26.040,1.38513,1.38533,1.00,1.00
2015.06.30 09:40:26.092,1.38517,1.38536,1.00,1.12
2015.06.30 09:40:26.295,1.38518,1.38538,1.00,1.12
2015.06.30 09:40:26.817,1.38517,1.38538,1.00,1.12
2015.06.30 09:40:27.443,1.38515,1.38538,1.12,1.12
2015.06.30 09:40:27.723,1.38515,1.38538,1.12,1.37
2015.06.30 09:40:28.028,1.3851,1.3853,1.00,1.37
2015.06.30 09:40:28.283,1.38507,1.38527,1.00,1.00
2015.06.30 09:40:28.335,1.38507,1.38527,1.00,1.37
2015.06.30 09:40:28.386,1.38502,1.38524,1.00,1.00
2015.06.30 09:40:28.437,1.38502,1.38521,1.00,1.00
2015.06.30 09:40:28.489,1.38499,1.38521,1.12,1.50
2015.06.30 09:40:28.541,1.385,1.38521,1.00,1.37
2015.06.30 09:40:29.048,1.385,1.38521,1.00,1.00
2015.06.30 09:40:29.102,1.38501,1.38525,1.50,1.37
2015.06.30 09:40:29.458,1.38503,1.38525,1.00,2.62
2015.06.30 09:40:29.775,1.38503,1.38523,1.00,1.37
2015.06.30 09:40:30.101,1.38504,1.38523,1.00,1.12
2015.06.30 09:40:30.739,1.38506,1.38526,1.00,1.37
2015.06.30 09:40:31.048,1.38506,1.38526,1.00,1.37
2015.06.30 09:40:31.303,1.38505,1.38521,1.00,1.00
2015.06.30 09:40:31.455,1.38497,1.38516,1.50,1.00
2015.06.30 09:40:31.557,1.38497,1.38515,1.00,1.37
2015.06.30 09:40:32.044,1.38491,1.38509,1.00,1.37
2015.06.30 09:40:32.095,1.38488,1.38509,1.00,1.37
2015.06.30 09:40:32.247,1.38491,1.38509,1.00,1.87
2015.06.30 09:40:32.911,1.38488,1.38507,1.00,1.37
2015.06.30 09:40:33.549,1.38488,1.385,1.00,1.00
2015.06.30 09:40:33.600,1.38486,1.385,1.00,1.50
2015.06.30 09:40:33.651,1.38484,1.385,1.00,1.50
2015.06.30 09:40:34.114,1.38476,1.385,1.00,1.50
2015.06.30 09:40:35.710,1.38474,1.38499,1.50,1.37
2015.06.30 09:40:36.068,1.38471,1.38495,2.25,1.12
2015.06.30 09:40:36.577,1.3847,1.38491,2.62,1.00
2015.06.30 09:40:37.119,1.3847,1.38491,1.50,1.37
2015.06.30 09:40:37.323,1.38467,1.38491,1.00,1.37
2015.06.30 09:40:37.526,1.38469,1.38492,1.00,1.37
2015.06.30 09:40:37.881,1.38469,1.38495,1.00,2.62
2015.06.30 09:40:37.983,1.38469,1.38493,1.00,1.37
2015.06.30 09:40:38.034,1.38469,1.38493,1.37,1.37
2015.06.30 09:40:38.676,1.38471,1.38496,2.25,1.00
2015.06.30 09:40:38.727,1.38473,1.38497,1.00,1.50
2015.06.30 09:40:39.032,1.38476,1.38497,1.00,1.00
2015.06.30 09:40:39.557,1.38476,1.38498,1.00,1.00
2015.06.30 09:40:42.940,1.38476,1.385,1.00,1.37
2015.06.30 09:40:43.447,1.38476,1.385,2.25,1.12
2015.06.30 09:40:43.802,1.38476,1.38497,2.25,1.00
2015.06.30 09:40:44.495,1.38476,1.385,2.25,1.00
2015.06.30 09:40:44.754,1.38476,1.38498,1.87,1.00
2015.06.30 09:40:45.059,1.38473,1.38495,1.00,1.37
2015.06.30 09:40:45.110,1.38471,1.38495,1.12,1.37
2015.06.30 09:40:45.657,1.3847,1.38495,3.75,1.37
2015.06.30 09:40:48.026,1.3847,1.38495,3.00,1.37
2015.06.30 09:40:50.488,1.3847,1.38495,3.00,1.12
2015.06.30 09:40:51.656,1.38471,1.38495,1.37,1.37
2015.06.30 09:40:52.444,1.3847,1.38495,1.12,1.87
2015.06.30 09:40:52.546,1.38472,1.38493,1.00,2.62
2015.06.30 09:40:52.749,1.3847,1.38492,1.12,1.00
2015.06.30 09:40:52.800,1.3847,1.3849,1.12,1.00
2015.06.30 09:40:53.661,1.38468,1.3849,1.50,1.00
2015.06.30 09:40:54.220,1.38466,1.38491,2.25,1.50
2015.06.30 09:40:54.627,1.38466,1.38491,1.87,2.62
2015.06.30 09:40:55.326,1.38466,1.38489,1.87,1.00
2015.06.30 09:40:55.991,1.38466,1.3849,1.87,1.00
2015.06.30 09:40:58.057,1.38466,1.38488,1.87,1.00
2015.06.30 09:40:58.588,1.38465,1.38487,2.25,1.50
2015.06.30 09:41:01.716,1.38465,1.38486,1.50,1.00
2015.06.30 09:41:02.679,1.38465,1.38486,1.50,1.00
2015.06.30 09:41:05.119,1.38465,1.38485,1.50,1.00
2015.06.30 09:41:05.375,1.38461,1.3848,1.00,1.00
2015.06.30 09:41:05.477,1.38457,1.38477,1.00,1.00
2015.06.30 09:41:05.680,1.38457,1.38475,1.00,1.00
2015.06.30 09:41:06.507,1.38455,1.38475,1.50,1.00
2015.06.30 09:41:06.659,1.38452,1.38474,1.87,1.00
2015.06.30 09:41:06.761,1.38449,1.38473,1.87,1.12
2015.06.30 09:41:06.812,1.38447,1.3847,1.87,1.00
2015.06.30 09:41:07.118,1.3845,1.38472,1.00,1.50
2015.06.30 09:41:07.423,1.3845,1.38469,1.00,1.00
2015.06.30 09:41:07.997,1.38447,1.38469,1.00,1.00
2015.06.30 09:41:08.753,1.38447,1.38468,1.00,1.00
2015.06.30 09:41:10.034,1.38447,1.38469,1.00,1.12
2015.06.30 09:41:11.457,1.38447,1.38466,1.00,1.00
2015.06.30 09:41:11.514,1.38441,1.38464,2.62,1.00
2015.06.30 09:41:13.131,1.38442,1.38464,1.37,1.50
2015.06.30 09:41:13.638,1.38446,1.38465,1.50,1.00
2015.06.30 09:41:13.841,1.38448,1.38472,1.37,2.25
2015.06.30 09:41:13.943,1.38449,1.38472,1.37,1.50
2015.06.30 09:41:14.553,1.38449,1.38468,1.12,1.00
2015.06.30 09:41:14.656,1.38441,1.38463,1.37,1.00
2015.06.30 09:41:14.859,1.38441,1.38461,1.12,1.00
2015.06.30 09:41:15.370,1.3844,1.38462,1.87,1.00
2015.06.30 09:41:16.122,1.38441,1.38462,1.37,1.50
2015.06.30 09:41:18.383,1.38441,1.38461,1.87,1.12
2015.06.30 09:41:18.435,1.38439,1.38459,1.00,1.12
2015.06.30 09:41:18.951,1.38436,1.38458,1.37,1.87
2015.06.30 09:41:20.075,1.38436,1.38459,3.00,1.00
2015.06.30 09:41:20.228,1.38439,1.38461,1.37,1.87
2015.06.30 09:41:20.535,1.38439,1.38459,1.87,1.00
2015.06.30 09:41:20.893,1.38436,1.38456,1.87,1.00
2015.06.30 09:41:20.944,1.38436,1.38456,1.87,1.00
2015.06.30 09:41:21.499,1.38436,1.38452,1.37,1.00
2015.06.30 09:41:21.551,1.38433,1.38451,1.37,1.00
2015.06.30 09:41:22.068,1.3843,1.3845,1.00,1.50
2015.06.30 09:41:22.119,1.3843,1.38446,1.00,1.00
2015.06.30 09:41:22.273,1.38426,1.38446,1.12,1.50
2015.06.30 09:41:22.375,1.38428,1.38446,1.00,1.00
2015.06.30 09:41:22.908,1.38426,1.38446,1.87,1.00
2015.06.30 09:41:24.708,1.38424,1.38443,1.00,1.00
2015.06.30 09:41:24.962,1.38427,1.38444,1.00,1.00
2015.06.30 09:41:25.166,1.38425,1.38445,1.00,1.00
2015.06.30 09:41:25.493,1.38424,1.38443,1.50,1.00
2015.06.30 09:41:26.028,1.38424,1.38443,2.62,1.00
2015.06.30 09:41:26.180,1.38423,1.38442,1.12,1.00
2015.06.30 09:41:26.232,1.38421,1.3844,1.87,1.00
2015.06.30 09:41:26.283,1.38421,1.3844,1.87,1.00
2015.06.30 09:41:27.752,1.38421,1.38441,1.12,1.00
2015.06.30 09:41:28.338,1.3842,1.38438,1.37,1.00
2015.06.30 09:41:28.390,1.38418,1.38438,2.62,1.50
2015.06.30 09:41:28.441,1.38418,1.38435,1.12,1.00
2015.06.30 09:41:28.492,1.38415,1.38435,1.00,1.00
2015.06.30 09:41:29.379,1.38419,1.38434,1.37,1.00
2015.06.30 09:41:29.430,1.3842,1.38442,1.12,1.00
2015.06.30 09:41:29.948,1.3842,1.38443,1.87,1.00
2015.06.30 09:41:29.998,1.38421,1.38441,1.50,1.00
2015.06.30 09:41:31.515,1.3842,1.38441,1.50,1.12
2015.06.30 09:41:31.566,1.38418,1.3844,1.00,1.00
2015.06.30 09:41:33.418,1.38418,1.38441,1.00,1.50
2015.06.30 09:41:33.926,1.38419,1.38443,1.00,1.37
2015.06.30 09:41:34.652,1.38419,1.38443,1.37,1.00
2015.06.30 09:41:34.703,1.38419,1.38434,1.00,1.50
2015.06.30 09:41:34.856,1.38417,1.38433,1.00,1.00
2015.06.30 09:41:34.908,1.38411,1.38433,1.00,1.37
2015.06.30 09:41:34.959,1.38411,1.38428,1.00,1.00
2015.06.30 09:41:35.114,1.38407,1.38428,1.87,1.00
2015.06.30 09:41:35.166,1.38407,1.38426,1.12,1.00
2015.06.30 09:41:35.473,1.38407,1.38428,2.62,1.00
2015.06.30 09:41:36.077,1.38407,1.38425,1.50,1.00
2015.06.30 09:41:36.281,1.38406,1.38429,1.87,1.00
2015.06.30 09:41:37.041,1.38407,1.38429,1.00,1.00
2015.06.30 09:41:37.678,1.38409,1.38429,1.00,1.00
2015.06.30 09:41:38.212,1.38409,1.38428,1.00,1.00
2015.06.30 09:41:38.769,1.38408,1.38428,1.12,1.00
2015.06.30 09:41:40.549,1.38409,1.38428,1.00,1.00
2015.06.30 09:41:40.651,1.3841,1.38431,1.00,1.00
2015.06.30 09:41:41.359,1.3841,1.3843,1.12,1.00
2015.06.30 09:41:41.821,1.3841,1.38431,1.37,1.00
2015.06.30 09:41:43.002,1.38409,1.38431,2.25,1.00
2015.06.30 09:41:45.488,1.38409,1.38431,1.50,1.00
2015.06.30 09:41:45.742,1.38411,1.38433,1.00,1.50
2015.06.30 09:41:46.047,1.38414,1.38437,1.75,1.00
2015.06.30 09:41:46.149,1.38415,1.38439,1.37,1.50
2015.06.30 09:41:46.404,1.38414,1.38436,1.50,1.00
2015.06.30 09:41:48.020,1.38413,1.38436,2.25,1.00
2015.06.30 09:41:48.814,1.38413,1.38435,1.50,1.00
2015.06.30 09:41:49.394,1.38413,1.38435,1.50,1.00
2015.06.30 09:41:50.951,1.38413,1.3843,1.37,1.00
2015.06.30 09:41:51.002,1.38408,1.3843,1.00,1.00
2015.06.30 09:41:51.753,1.38407,1.3843,2.25,1.00
2015.06.30 09:41:52.639,1.38408,1.3843,1.00,1.00
2015.06.30 09:41:53.683,1.38407,1.3843,1.37,1.37
2015.06.30 09:41:54.452,1.38403,1.38419,1.00,1.00
2015.06.30 09:41:54.503,1.38397,1.38418,1.87,1.00
2015.06.30 09:41:54.656,1.38396,1.38418,1.87,1.50
2015.06.30 09:41:54.860,1.38396,1.38416,1.12,1.00
2015.06.30 09:41:55.366,1.38396,1.38417,1.12,1.00
2015.06.30 09:41:55.895,1.38398,1.3842,1.00,1.87
2015.06.30 09:41:56.099,1.38398,1.38418,1.00,1.00
2015.06.30 09:41:56.406,1.38398,1.38414,1.00,1.00
2015.06.30 09:41:56.661,1.3839,1.38411,1.00,1.50
2015.06.30 09:41:57.839,1.38393,1.3841,1.00,1.00
2015.06.30 09:41:58.148,1.38394,1.38412,1.00,1.00
2015.06.30 09:41:58.352,1.38394,1.38414,1.37,1.00
2015.06.30 09:42:00.157,1.38393,1.38414,1.87,1.00
2015.06.30 09:42:00.751,1.38393,1.38412,1.12,1.00
2015.06.30 09:42:02.367,1.3839,1.3841,1.37,1.00
2015.06.30 09:42:02.674,1.38391,1.38413,1.75,1.00
2015.06.30 09:42:05.100,1.38391,1.38414,1.37,1.50
2015.06.30 09:42:05.202,1.384,1.38414,1.00,1.50
2015.06.30 09:42:05.731,1.38417,1.38434,1.00,1.00
2015.06.30 09:42:05.832,1.38417,1.38439,1.37,1.00
2015.06.30 09:42:05.985,1.3842,1.38439,1.00,1.00
2015.06.30 09:42:06.036,1.3842,1.38442,1.00,1.87
2015.06.30 09:42:06.087,1.38418,1.38442,1.12,1.87
2015.06.30 09:42:06.290,1.38418,1.3844,1.12,1.00
2015.06.30 09:42:06.969,1.38429,1.38439,1.00,1.00
2015.06.30 09:42:07.020,1.38429,1.38448,1.12,1.00
2015.06.30 09:42:07.224,1.38431,1.38449,1.00,1.00
2015.06.30 09:42:07.630,1.3843,1.38451,1.00,1.00
2015.06.30 09:42:07.833,1.3843,1.38449,1.00,1.00
2015.06.30 09:42:08.463,1.38427,1.38446,1.00,1.00
2015.06.30 09:42:08.722,1.38426,1.38448,1.12,1.00
2015.06.30 09:42:08.929,1.38426,1.38441,1.12,1.00
2015.06.30 09:42:08.981,1.38422,1.38441,2.25,1.00
2015.06.30 09:42:09.083,1.38422,1.38443,1.50,1.00
2015.06.30 09:42:09.134,1.38418,1.38443,2.25,1.00
2015.06.30 09:42:09.337,1.38419,1.38439,1.00,1.50
2015.06.30 09:42:10.549,1.38416,1.38441,1.12,1.00
2015.06.30 09:42:11.062,1.38416,1.38441,1.37,1.00
2015.06.30 09:42:11.215,1.38419,1.38445,1.00,3.00
2015.06.30 09:42:12.018,1.38419,1.38445,1.12,2.25
2015.06.30 09:42:12.546,1.3842,1.38445,1.37,1.12
2015.06.30 09:42:13.999,1.38419,1.38444,1.50,1.00
2015.06.30 09:42:14.304,1.38417,1.38442,1.37,1.50
2015.06.30 09:42:14.610,1.38416,1.38437,1.87,1.00
2015.06.30 09:42:15.446,1.38416,1.38437,1.12,1.00
2015.06.30 09:42:17.805,1.38416,1.38439,1.50,1.50
2015.06.30 09:42:18.705,1.38416,1.38438,2.25,1.00
2015.06.30 09:42:18.882,1.38416,1.38438,2.25,1.00
2015.06.30 09:42:19.189,1.38416,1.38438,1.50,1.00
2015.06.30 09:42:19.291,1.38416,1.38442,1.50,2.25
2015.06.30 09:42:19.545,1.38425,1.38442,1.00,1.00
2015.06.30 09:42:19.646,1.38425,1.38446,1.87,1.00
2015.06.30 09:42:20.189,1.38428,1.3845,1.37,1.00
2015.06.30 09:42:20.692,1.38427,1.38451,1.87,1.00
2015.06.30 09:42:21.234,1.38427,1.38451,2.62,1.00
2015.06.30 09:42:21.847,1.38423,1.38447,3.00,1.00
2015.06.30 09:42:21.898,1.38423,1.38447,2.25,1.12
2015.06.30 09:42:21.949,1.38423,1.38445,1.12,1.00
2015.06.30 09:42:24.097,1.3842,1.38436,1.50,1.00
2015.06.30 09:42:24.150,1.38413,1.38436,1.87,1.00
2015.06.30 09:42:24.660,1.38414,1.38437,1.00,1.00
2015.06.30 09:42:25.715,1.38414,1.38437,2.25,1.00
2015.06.30 09:42:26.433,1.38414,1.38439,3.00,1.50
2015.06.30 09:42:26.637,1.38419,1.3844,1.00,1.00
2015.06.30 09:42:27.182,1.38419,1.38445,1.00,1.12
2015.06.30 09:42:27.692,1.38419,1.38445,1.87,1.00
2015.06.30 09:42:28.628,1.38419,1.38445,1.00,1.00
2015.06.30 09:42:30.964,1.38421,1.38445,1.00,1.00
2015.06.30 09:42:31.509,1.38424,1.38445,1.00,1.00
2015.06.30 09:42:31.661,1.38424,1.38449,1.00,2.62
2015.06.30 09:42:32.383,1.38433,1.38455,1.00,1.50
2015.06.30 09:42:32.694,1.38436,1.38454,1.00,1.00
2015.06.30 09:42:32.847,1.38433,1.38456,1.50,1.00
2015.06.30 09:42:32.999,1.3843,1.38456,1.50,1.00
2015.06.30 09:42:33.202,1.3843,1.38454,1.00,1.50
2015.06.30 09:42:33.438,1.38425,1.38451,1.50,1.87
2015.06.30 09:42:33.489,1.38425,1.3845,1.00,1.87
2015.06.30 09:42:34.115,1.38422,1.38443,1.00,1.00
2015.06.30 09:42:34.878,1.38422,1.38445,1.00,1.00
2015.06.30 09:42:35.622,1.38432,1.38445,1.87,1.00
2015.06.30 09:42:35.679,1.38434,1.38456,1.00,1.00
2015.06.30 09:42:37.799,1.38434,1.38454,1.12,1.00
2015.06.30 09:42:40.756,1.38433,1.38454,1.00,1.00
2015.06.30 09:42:41.551,1.38433,1.38456,1.12,1.50
2015.06.30 09:42:42.081,1.38433,1.38456,1.50,1.50
2015.06.30 09:42:45.829,1.38434,1.38456,1.50,1.00
2015.06.30 09:42:48.360,1.38433,1.38456,1.37,1.00
2015.06.30 09:42:48.613,1.38432,1.38456,1.12,1.00
2015.06.30 09:42:48.815,1.38431,1.38452,1.12,1.00
2015.06.30 09:42:49.372,1.38435,1.38454,1.00,1.00
2015.06.30 09:42:49.424,1.38435,1.38458,1.00,1.00
2015.06.30 09:42:49.475,1.38437,1.38458,1.37,1.00
2015.06.30 09:42:49.527,1.38437,1.3846,1.50,1.00
2015.06.30 09:42:49.629,1.38439,1.38462,1.37,1.00
2015.06.30 09:42:50.085,1.38439,1.38459,1.00,1.00
2015.06.30 09:42:50.136,1.38436,1.38459,1.87,1.00
2015.06.30 09:42:51.487,1.38436,1.3846,1.87,1.00
2015.06.30 09:42:51.539,1.38436,1.38457,1.50,1.00
2015.06.30 09:42:51.742,1.38434,1.38457,1.87,1.00
2015.06.30 09:42:52.903,1.38431,1.38455,2.25,1.00
2015.06.30 09:42:53.055,1.38431,1.38455,1.87,1.00
2015.06.30 09:42:53.208,1.38434,1.38455,1.00,1.00
2015.06.30 09:42:54.377,1.38434,1.38457,1.00,2.62
2015.06.30 09:42:55.468,1.38434,1.38456,1.00,1.37
2015.06.30 09:42:56.477,1.38434,1.38455,1.00,1.37
2015.06.30 09:42:57.820,1.38432,1.38455,1.00,1.37
2015.06.30 09:42:59.191,1.38434,1.38456,1.00,2.62
2015.06.30 09:42:59.692,1.38434,1.38456,1.75,1.50
2015.06.30 09:42:59.743,1.38437,1.3846,1.37,1.00
2015.06.30 09:43:00.335,1.38435,1.38457,2.25,1.00
2015.06.30 09:43:00.386,1.38435,1.38457,1.87,1.00
2015.06.30 09:43:01.148,1.38435,1.38458,1.00,1.87
2015.06.30 09:43:01.656,1.38437,1.38458,1.00,1.00
2015.06.30 09:43:02.197,1.38434,1.38458,3.00,1.00
2015.06.30 09:43:03.150,1.38437,1.38458,1.00,1.00
2015.06.30 09:43:03.656,1.38437,1.38459,1.00,1.00
2015.06.30 09:43:05.195,1.38437,1.3846,1.37,1.00
2015.06.30 09:43:07.580,1.38437,1.38459,1.37,1.00
2015.06.30 09:43:08.483,1.38436,1.38458,1.50,1.00
2015.06.30 09:43:09.567,1.38436,1.38458,1.50,1.00
2015.06.30 09:43:10.602,1.38436,1.38458,1.00,1.00
2015.06.30 09:43:10.856,1.38436,1.38456,1.00,1.00
2015.06.30 09:43:11.059,1.38436,1.38461,1.75,1.00
2015.06.30 09:43:11.987,1.38436,1.3846,1.75,1.00
2015.06.30 09:43:12.502,1.38437,1.3846,1.00,1.00
2015.06.30 09:43:12.603,1.38436,1.3846,1.12,1.37
2015.06.30 09:43:12.958,1.38436,1.38456,1.00,1.00
2015.06.30 09:43:13.719,1.38434,1.38457,3.00,1.00
2015.06.30 09:43:14.584,1.38434,1.38458,3.00,1.12
2015.06.30 09:43:15.538,1.38434,1.38458,2.62,1.37
2015.06.30 09:43:16.193,1.38434,1.38458,3.00,1.12
2015.06.30 09:43:17.590,1.38434,1.38458,2.62,1.12
2015.06.30 09:43:18.101,1.38434,1.38458,1.50,1.37
2015.06.30 09:43:19.716,1.38435,1.38456,1.00,1.37
2015.06.30 09:43:19.767,1.38433,1.38456,1.00,1.37
2015.06.30 09:43:21.469,1.3843,1.38456,2.25,1.37
2015.06.30 09:43:23.674,1.38428,1.38453,2.25,1.00
2015.06.30 09:43:24.031,1.38428,1.3845,1.12,1.37
2015.06.30 09:43:24.184,1.38421,1.38447,1.00,1.00
2015.06.30 09:43:24.337,1.38421,1.38444,1.00,1.37
2015.06.30 09:43:24.938,1.38419,1.38441,1.50,1.00
2015.06.30 09:43:25.090,1.38419,1.38443,1.00,1.12
2015.06.30 09:43:25.600,1.38419,1.38443,1.37,1.37
2015.06.30 09:43:26.451,1.38419,1.38443,1.12,1.37
2015.06.30 09:43:26.952,1.38419,1.38443,1.12,1.37
2015.06.30 09:43:27.003,1.38416,1.38441,1.37,1.37
2015.06.30 09:43:28.323,1.38416,1.3844,1.00,1.12
2015.06.30 09:43:29.110,1.38416,1.3844,1.00,1.37
2015.06.30 09:43:29.414,1.38418,1.38442,1.00,1.37
2015.06.30 09:43:30.162,1.38422,1.38447,1.00,4.12
2015.06.30 09:43:31.638,1.38422,1.38447,1.12,2.62
2015.06.30 09:43:34.067,1.38422,1.38447,1.00,2.62
2015.06.30 09:43:34.119,1.38419,1.38443,1.50,1.12
2015.06.30 09:43:35.058,1.38419,1.38443,1.37,1.37
2015.06.30 09:43:35.420,1.38418,1.38443,1.12,1.37
2015.06.30 09:43:37.602,1.38417,1.38442,1.12,1.87
2015.06.30 09:43:37.704,1.38419,1.38445,1.00,1.87
2015.06.30 09:43:38.315,1.38417,1.38442,1.50,1.12
2015.06.30 09:43:39.211,1.38429,1.3845,1.00,1.00
2015.06.30 09:43:39.574,1.38433,1.38454,1.00,1.50
2015.06.30 09:43:39.626,1.38434,1.38456,1.50,1.00
2015.06.30 09:43:39.677,1.38434,1.38459,1.50,1.00
2015.06.30 09:43:39.729,1.38434,1.38459,1.87,1.00
2015.06.30 09:43:39.832,1.38438,1.38462,1.00,1.12
2015.06.30 09:43:40.476,1.38437,1.38461,1.00,1.00
2015.06.30 09:43:41.360,1.38435,1.38461,1.75,1.00
2015.06.30 09:43:41.513,1.38438,1.38463,1.12,1.50
2015.06.30 09:43:42.102,1.38435,1.38461,1.75,1.00
2015.06.30 09:43:42.407,1.38442,1.38463,1.50,1.00
2015.06.30 09:43:42.509,1.38442,1.38467,1.87,1.00
2015.06.30 09:43:43.464,1.38444,1.3847,1.87,1.37
2015.06.30 09:43:43.516,1.38439,1.38465,1.75,1.00
2015.06.30 09:43:44.262,1.38439,1.38465,1.75,1.00
2015.06.30 09:43:45.002,1.38437,1.38458,1.37,1.00
2015.06.30 09:43:45.155,1.38437,1.38461,1.37,1.00
2015.06.30 09:43:45.206,1.38437,1.38461,1.00,1.00
2015.06.30 09:43:45.360,1.38436,1.38461,1.00,1.37
2015.06.30 09:43:45.664,1.38434,1.38456,1.00,1.00
2015.06.30 09:43:46.972,1.38433,1.38456,1.50,1.00
2015.06.30 09:43:47.023,1.38434,1.38459,3.00,1.00
2015.06.30 09:43:48.036,1.38441,1.38459,1.00,1.12
2015.06.30 09:43:48.553,1.38441,1.38464,1.37,1.12
2015.06.30 09:43:48.605,1.38442,1.38466,1.37,1.00
2015.06.30 09:43:49.495,1.38441,1.38466,2.25,1.12
2015.06.30 09:43:50.067,1.38441,1.38465,1.50,1.00
2015.06.30 09:43:50.579,1.3844,1.38465,3.00,1.37
2015.06.30 09:43:51.237,1.3844,1.38463,1.12,1.00
2015.06.30 09:43:51.781,1.3844,1.38463,1.00,1.37
2015.06.30 09:43:51.832,1.38438,1.3846,1.50,1.00
2015.06.30 09:43:52.152,1.38437,1.38457,1.00,1.00
2015.06.30 09:43:52.253,1.38433,1.38454,1.50,1.00
2015.06.30 09:43:52.356,1.38433,1.38456,1.00,1.12
2015.06.30 09:43:52.458,1.3843,1.38453,1.50,1.00
2015.06.30 09:43:52.712,1.3843,1.38454,1.12,1.37
2015.06.30 09:43:57.029,1.3843,1.38453,1.37,1.12
2015.06.30 09:43:57.199,1.38433,1.38454,1.12,1.00
2015.06.30 09:43:57.453,1.38434,1.3846,2.25,1.00
2015.06.30 09:43:57.555,1.38442,1.3846,1.00,1.00
2015.06.30 09:43:57.759,1.38445,1.38467,1.12,1.00
2015.06.30 09:43:58.256,1.38449,1.38467,1.00,1.00
2015.06.30 09:43:58.308,1.3845,1.38472,1.37,1.00
2015.06.30 09:43:58.359,1.3845,1.38476,1.87,1.50
2015.06.30 09:43:58.511,1.3845,1.38473,1.37,1.00
2015.06.30 09:43:58.613,1.3845,1.38475,1.37,1.00
2015.06.30 09:43:59.075,1.3845,1.38472,1.37,1.00
2015.06.30 09:43:59.278,1.38449,1.38472,1.00,1.00
2015.06.30 09:44:00.444,1.38453,1.38473,1.87,1.00
2015.06.30 09:44:00.602,1.38453,1.38475,1.30,1.00
2015.06.30 09:44:00.705,1.38452,1.38473,1.50,1.00
2015.06.30 09:44:01.219,1.38449,1.38474,3.00,1.50
2015.06.30 09:44:01.990,1.38449,1.38474,3.00,2.62
2015.06.30 09:44:02.751,1.3845,1.38474,2.25,1.87
2015.06.30 09:44:02.956,1.38452,1.38476,1.37,1.00
2015.06.30 09:44:03.979,1.38452,1.38476,2.25,1.00
2015.06.30 09:44:04.269,1.38452,1.38474,1.50,1.00
2015.06.30 09:44:05.177,1.38454,1.38475,1.75,1.00
2015.06.30 09:44:05.229,1.38454,1.38479,2.25,2.25
2015.06.30 09:44:07.318,1.38455,1.38479,1.12,1.12
2015.06.30 09:44:07.419,1.38457,1.38479,1.00,1.12
2015.06.30 09:44:15.100,1.38454,1.38479,2.25,1.87
2015.06.30 09:44:15.202,1.38454,1.38479,2.25,1.50
2015.06.30 09:44:16.152,1.38454,1.38478,1.87,1.00
2015.06.30 09:44:16.730,1.38454,1.38478,1.87,1.12
2015.06.30 09:44:18.123,1.38454,1.38476,1.12,1.00
2015.06.30 09:44:18.695,1.38451,1.38468,1.75,1.50
2015.06.30 09:44:18.747,1.38444,1.38468,1.00,1.87
2015.06.30 09:44:19.065,1.38446,1.38468,1.00,1.00
2015.06.30 09:44:19.116,1.38446,1.38471,1.50,1.12
2015.06.30 09:44:19.630,1.38447,1.38471,1.12,1.12
2015.06.30 09:44:20.811,1.38446,1.38471,3.00,1.37
2015.06.30 09:44:22.282,1.38446,1.38469,2.25,1.00
2015.06.30 09:44:23.059,1.38444,1.38469,2.25,1.00
2015.06.30 09:44:23.575,1.38445,1.38469,1.00,1.00
2015.06.30 09:44:26.347,1.38444,1.38469,1.75,1.00
2015.06.30 09:44:26.450,1.38444,1.38469,2.25,1.00
2015.06.30 09:44:26.654,1.38448,1.38473,1.75,1.50
2015.06.30 09:44:28.717,1.38443,1.38465,1.00,1.00
2015.06.30 09:44:28.768,1.38439,1.38465,1.50,1.00
2015.06.30 09:44:28.921,1.38438,1.38462,2.25,1.00
2015.06.30 09:44:29.651,1.38437,1.38462,1.75,1.00
2015.06.30 09:44:30.635,1.38437,1.38462,1.75,1.00
2015.06.30 09:44:31.003,1.3844,1.38463,1.37,1.00
2015.06.30 09:44:31.156,1.3844,1.38466,1.75,1.00
2015.06.30 09:44:34.437,1.3844,1.38463,1.00,1.37
2015.06.30 09:44:34.488,1.38438,1.38463,1.12,2.62
2015.06.30 09:44:34.896,1.38438,1.38459,1.50,1.00
2015.06.30 09:44:35.149,1.38434,1.38459,1.00,2.62
2015.06.30 09:44:35.971,1.38434,1.38453,1.00,1.12
2015.06.30 09:44:36.174,1.38431,1.38453,1.50,1.12
2015.06.30 09:44:36.674,1.38432,1.38456,1.00,1.50
2015.06.30 09:44:36.725,1.38433,1.38456,3.00,1.00
2015.06.30 09:44:37.293,1.38445,1.38466,1.00,1.12
2015.06.30 09:44:38.079,1.38445,1.38466,1.00,1.37
2015.06.30 09:44:38.753,1.38442,1.38466,1.87,1.87
2015.06.30 09:44:38.855,1.38443,1.38466,1.75,1.00
2015.06.30 09:44:39.387,1.38446,1.38467,1.12,1.00
2015.06.30 09:44:40.951,1.38448,1.38469,1.12,1.12
2015.06.30 09:44:41.460,1.38448,1.3847,1.12,1.12
2015.06.30 09:44:41.804,1.3845,1.38472,1.00,1.50
2015.06.30 09:44:42.316,1.3845,1.38473,1.50,1.87
2015.06.30 09:44:42.658,1.38453,1.38475,1.00,2.62
2015.06.30 09:44:43.263,1.38452,1.38475,1.00,2.62
2015.06.30 09:44:45.074,1.38452,1.38475,1.00,2.62
2015.06.30 09:44:45.861,1.38452,1.38475,1.87,1.87
2015.06.30 09:44:46.167,1.38446,1.38467,1.12,1.00
2015.06.30 09:44:46.624,1.38446,1.38467,1.37,1.00
2015.06.30 09:44:46.675,1.38446,1.38471,1.37,1.50
2015.06.30 09:44:46.777,1.3845,1.38471,1.00,1.00
2015.06.30 09:44:46.829,1.3845,1.38473,1.00,2.25
2015.06.30 09:44:47.349,1.3845,1.38471,1.37,1.00
2015.06.30 09:44:47.858,1.3845,1.38471,1.00,1.00
2015.06.30 09:44:48.139,1.38447,1.38472,1.50,1.12
2015.06.30 09:44:50.070,1.38447,1.38472,1.00,1.37
2015.06.30 09:44:51.558,1.38447,1.38469,1.00,1.00
2015.06.30 09:44:52.495,1.38447,1.38471,1.37,1.37
2015.06.30 09:44:52.800,1.38447,1.38468,1.37,1.00
2015.06.30 09:44:55.091,1.38447,1.38468,1.75,1.00
2015.06.30 09:44:55.143,1.38449,1.38472,1.37,1.50
2015.06.30 09:44:55.897,1.38449,1.38472,1.00,1.50
2015.06.30 09:44:56.864,1.38449,1.38471,1.00,1.00
2015.06.30 09:44:56.915,1.38449,1.38469,1.00,1.00
2015.06.30 09:44:57.320,1.38446,1.38469,1.12,1.50
2015.06.30 09:44:57.574,1.38449,1.38471,1.00,1.12
2015.06.30 09:44:58.080,1.38449,1.38472,1.00,1.12
2015.06.30 09:44:58.631,1.38449,1.38471,1.00,1.00
2015.06.30 09:44:58.682,1.38446,1.38471,1.00,1.00
2015.06.30 09:44:59.216,1.38446,1.38472,1.00,1.87
2015.06.30 09:45:00.118,1.38446,1.38472,1.00,1.87
2015.06.30 09:45:00.870,1.38449,1.38472,1.00,1.12
2015.06.30 09:45:01.580,1.38451,1.38472,1.00,1.00
2015.06.30 09:45:01.923,1.38451,1.38475,1.00,1.12
2015.06.30 09:45:05.559,1.38451,1.38475,1.00,1.37
2015.06.30 09:45:05.813,1.38448,1.38474,1.00,1.37
2015.06.30 09:45:06.659,1.38448,1.38474,1.00,1.50
2015.06.30 09:45:06.943,1.38448,1.38474,1.00,2.25
2015.06.30 09:45:07.096,1.38451,1.38475,1.00,1.50
2015.06.30 09:45:07.451,1.38451,1.38475,1.50,1.87
2015.06.30 09:45:08.929,1.38451,1.38474,1.00,1.12
2015.06.30 09:45:09.031,1.38451,1.38472,1.00,1.00
2015.06.30 09:45:09.337,1.38447,1.3847,1.00,1.12
2015.06.30 09:45:09.438,1.38447,1.38468,1.00,1.00
2015.06.30 09:45:10.346,1.38447,1.38467,1.00,1.00
2015.06.30 09:45:11.192,1.38446,1.38467,1.00,1.00
2015.06.30 09:45:11.518,1.38444,1.38464,1.12,1.00
2015.06.30 09:45:11.569,1.38444,1.38467,1.12,1.50
2015.06.30 09:45:13.025,1.38444,1.38468,1.50,1.50
2015.06.30 09:45:13.225,1.38444,1.38466,1.12,1.00
2015.06.30 09:45:13.946,1.38444,1.38464,1.00,1.00
2015.06.30 09:45:14.048,1.38441,1.38465,2.25,1.00
2015.06.30 09:45:14.202,1.38445,1.38467,1.00,1.12
2015.06.30 09:45:14.304,1.38445,1.38469,1.37,1.00
2015.06.30 09:45:14.508,1.38446,1.38471,1.37,1.00
2015.06.30 09:45:14.559,1.38446,1.38473,1.87,1.87
2015.06.30 09:45:14.762,1.3845,1.38475,1.37,1.87
2015.06.30 09:45:15.453,1.3845,1.38475,1.00,1.87
2015.06.30 09:45:17.384,1.3845,1.38473,1.00,1.50
2015.06.30 09:45:17.639,1.38447,1.38471,1.37,1.00
2015.06.30 09:45:18.095,1.38447,1.38473,2.25,1.87
2015.06.30 09:45:18.399,1.3845,1.38472,1.75,1.00
2015.06.30 09:45:19.105,1.38443,1.38467,1.00,1.12
2015.06.30 09:45:19.852,1.38443,1.38466,1.00,1.00
2015.06.30 09:45:19.903,1.38443,1.38463,1.12,1.00
2015.06.30 09:45:20.005,1.38443,1.38465,1.12,1.00
2015.06.30 09:45:20.746,1.38443,1.38467,1.50,1.12
2015.06.30 09:45:21.256,1.38443,1.38467,1.75,1.00
2015.06.30 09:45:23.575,1.38443,1.38467,1.50,1.00
2015.06.30 09:45:23.930,1.38446,1.38467,1.37,1.00
2015.06.30 09:45:24.576,1.38446,1.38469,1.37,1.37
2015.06.30 09:45:25.100,1.38446,1.38469,1.75,1.00
2015.06.30 09:45:25.405,1.38451,1.38471,1.50,1.00
2015.06.30 09:45:25.457,1.38454,1.38476,1.00,1.00
2015.06.30 09:45:25.561,1.38455,1.38478,1.00,1.00
2015.06.30 09:45:26.106,1.3846,1.38478,1.37,1.00
2015.06.30 09:45:26.158,1.38462,1.38486,1.37,1.00
2015.06.30 09:45:26.209,1.38463,1.38488,1.87,1.50
2015.06.30 09:45:26.564,1.38466,1.38489,1.00,1.87
2015.06.30 09:45:27.111,1.38466,1.38488,1.37,1.00
2015.06.30 09:45:27.699,1.38466,1.38489,1.00,1.87
2015.06.30 09:45:28.109,1.38463,1.38486,3.00,1.00
2015.06.30 09:45:28.261,1.38463,1.38486,1.00,1.37
2015.06.30 09:45:28.414,1.38463,1.38481,1.00,1.00
2015.06.30 09:45:28.465,1.38461,1.38481,1.00,1.00
2015.06.30 09:45:28.567,1.38457,1.38481,1.87,1.00
2015.06.30 09:45:29.195,1.38457,1.38478,1.37,1.00
2015.06.30 09:45:29.973,1.38457,1.38478,1.00,1.00
2015.06.30 09:45:30.316,1.38457,1.38481,2.25,1.00
2015.06.30 09:45:30.417,1.3846,1.38483,3.00,1.00
2015.06.30 09:45:30.965,1.38463,1.38485,1.00,1.00
2015.06.30 09:45:31.477,1.38463,1.38484,1.00,1.00
2015.06.30 09:45:32.179,1.3846,1.38484,2.25,1.12
2015.06.30 09:45:32.691,1.38458,1.38482,1.50,1.37
2015.06.30 09:45:33.369,1.38458,1.3848,1.50,1.00
2015.06.30 09:45:35.901,1.3846,1.38484,2.25,1.50
2015.06.30 09:45:37.077,1.38466,1.38489,1.50,1.00
2015.06.30 09:45:37.599,1.38466,1.38489,1.37,1.00
2015.06.30 09:45:38.655,1.38466,1.38488,1.00,1.12
2015.06.30 09:45:38.756,1.38466,1.38486,1.00,1.00
2015.06.30 09:45:38.808,1.38462,1.38486,1.37,1.00
2015.06.30 09:45:38.961,1.38462,1.38483,1.37,1.00
2015.06.30 09:45:39.215,1.38462,1.38483,1.00,1.00
2015.06.30 09:45:40.332,1.3846,1.38483,1.00,1.12
2015.06.30 09:45:40.739,1.3846,1.38479,1.00,1.00
2015.06.30 09:45:41.996,1.38449,1.38471,1.00,1.00
2015.06.30 09:45:42.506,1.38448,1.38471,1.12,1.00
2015.06.30 09:45:43.385,1.38449,1.38471,1.00,1.50
2015.06.30 09:45:44.221,1.38449,1.38471,1.37,1.50
2015.06.30 09:45:45.658,1.38447,1.38469,1.12,1.00
2015.06.30 09:45:46.165,1.38446,1.38469,1.00,1.00
2015.06.30 09:45:46.318,1.38447,1.3847,1.37,1.00
2015.06.30 09:45:46.907,1.38457,1.38478,1.37,1.50
2015.06.30 09:45:47.413,1.38457,1.38479,1.37,1.50
2015.06.30 09:45:47.988,1.38457,1.38479,1.12,1.50
2015.06.30 09:45:48.814,1.38457,1.38479,1.37,1.50
2015.06.30 09:45:51.234,1.38457,1.38479,1.00,1.00
2015.06.30 09:45:51.766,1.38457,1.38478,1.00,1.00
2015.06.30 09:45:52.300,1.38455,1.38478,3.00,1.00
2015.06.30 09:45:53.025,1.38455,1.38478,1.12,1.00
2015.06.30 09:45:53.837,1.38453,1.38475,1.87,1.00
2015.06.30 09:45:53.939,1.38452,1.38475,1.37,1.50
2015.06.30 09:45:53.990,1.3845,1.38466,1.87,1.00
2015.06.30 09:45:54.041,1.3845,1.38469,1.00,1.00
2015.06.30 09:45:54.555,1.38446,1.38464,1.12,1.00
2015.06.30 09:45:54.606,1.38447,1.38469,1.00,1.00
2015.06.30 09:45:54.708,1.38447,1.38471,1.00,1.00
2015.06.30 09:45:54.809,1.38444,1.3847,1.00,1.50
2015.06.30 09:45:54.861,1.38444,1.3847,1.37,1.00
2015.06.30 09:45:55.165,1.3845,1.38471,1.12,1.00
2015.06.30 09:45:55.681,1.3845,1.38472,1.12,1.50
2015.06.30 09:45:56.378,1.3845,1.38472,1.37,1.50
2015.06.30 09:45:57.139,1.38451,1.38475,1.50,2.62
2015.06.30 09:45:57.393,1.38451,1.38475,1.50,1.50
2015.06.30 09:45:57.977,1.38454,1.38475,1.00,1.50
2015.06.30 09:46:01.073,1.38452,1.38474,1.12,1.00
2015.06.30 09:46:02.080,1.3845,1.3847,1.00,1.00
2015.06.30 09:46:02.234,1.38447,1.3847,1.50,1.50
2015.06.30 09:46:02.438,1.38447,1.38468,1.12,1.00
2015.06.30 09:46:03.600,1.38447,1.3847,1.00,1.12
2015.06.30 09:46:04.132,1.38447,1.38469,1.00,1.00
2015.06.30 09:46:04.639,1.38447,1.38469,1.87,1.00
2015.06.30 09:46:05.932,1.38456,1.38477,1.00,1.00
2015.06.30 09:46:08.121,1.38456,1.38478,1.00,1.00
2015.06.30 09:46:08.374,1.38458,1.38479,1.00,1.00
2015.06.30 09:46:08.577,1.38458,1.38482,1.12,1.50
2015.06.30 09:46:08.680,1.38458,1.38482,1.37,1.50
2015.06.30 09:46:09.316,1.38462,1.38481,1.00,1.00
2015.06.30 09:46:09.855,1.38463,1.38481,1.00,1.00
2015.06.30 09:46:09.906,1.38463,1.38486,1.75,1.00
2015.06.30 09:46:10.008,1.38463,1.38485,1.37,1.00
2015.06.30 09:46:10.059,1.38466,1.38485,1.00,1.00
2015.06.30 09:46:10.313,1.38466,1.38487,1.00,1.50
2015.06.30 09:46:10.858,1.38468,1.38487,1.00,1.50
2015.06.30 09:46:12.581,1.38468,1.38489,1.00,1.00
2015.06.30 09:46:12.733,1.38468,1.38486,1.00,1.00
2015.06.30 09:46:13.168,1.38466,1.38486,1.00,1.00
2015.06.30 09:46:14.449,1.38466,1.38484,1.00,1.00
2015.06.30 09:46:15.148,1.38466,1.38481,1.00,1.00
2015.06.30 09:46:15.250,1.38463,1.38481,1.00,1.00
2015.06.30 09:46:15.453,1.38462,1.38478,1.00,1.00
2015.06.30 09:46:15.555,1.38459,1.38478,1.00,1.00
2015.06.30 09:46:16.230,1.38459,1.38481,1.00,1.00
2015.06.30 09:46:16.534,1.38459,1.38483,1.12,1.00
2015.06.30 09:46:16.585,1.38461,1.38483,1.00,1.00
2015.06.30 09:46:18.069,1.38461,1.38486,1.12,1.87
2015.06.30 09:46:18.272,1.38464,1.38486,1.00,2.62
2015.06.30 09:46:19.809,1.38465,1.38486,1.00,1.12
2015.06.30 09:46:19.914,1.38465,1.38488,1.50,1.00
2015.06.30 09:46:20.479,1.38464,1.38489,3.00,1.12
2015.06.30 09:46:21.537,1.38465,1.38488,1.50,1.00
2015.06.30 09:46:22.053,1.38465,1.38489,1.50,1.12
2015.06.30 09:46:22.952,1.38465,1.38488,1.50,1.00
2015.06.30 09:46:23.472,1.38464,1.38487,1.87,1.00
2015.06.30 09:46:23.856,1.38464,1.38485,1.87,1.00
2015.06.30 09:46:23.958,1.38464,1.38487,1.00,1.50
2015.06.30 09:46:24.111,1.38464,1.38485,1.00,1.00
2015.06.30 09:46:24.606,1.38464,1.38481,1.00,1.00
2015.06.30 09:46:24.658,1.38459,1.38481,1.50,1.00
2015.06.30 09:46:24.862,1.3846,1.38483,1.00,1.12
2015.06.30 09:46:25.066,1.38462,1.38484,1.37,1.00
2015.06.30 09:46:25.169,1.38462,1.38486,1.37,1.00
2015.06.30 09:46:26.117,1.38462,1.38486,2.25,1.00
2015.06.30 09:46:26.719,1.38463,1.38484,1.00,1.00
2015.06.30 09:46:27.222,1.3846,1.38483,2.25,1.00
2015.06.30 09:46:27.924,1.38462,1.38484,1.37,1.00
2015.06.30 09:46:27.975,1.38466,1.38488,1.00,1.00
2015.06.30 09:46:28.380,1.38465,1.38486,1.87,1.00
2015.06.30 09:46:28.921,1.38465,1.38487,1.37,1.00
2015.06.30 09:46:29.574,1.38465,1.38487,2.25,1.00
2015.06.30 09:46:29.902,1.38466,1.38484,1.00,1.00
2015.06.30 09:46:30.207,1.38464,1.38486,1.37,1.00
2015.06.30 09:46:30.258,1.38464,1.38488,1.37,1.50
2015.06.30 09:46:31.147,1.38465,1.38488,1.37,1.00
2015.06.30 09:46:31.350,1.38465,1.38486,1.87,1.00
2015.06.30 09:46:31.452,1.38465,1.38489,1.87,1.00
2015.06.30 09:46:31.958,1.38467,1.38489,1.00,1.00
2015.06.30 09:46:33.395,1.38465,1.38489,1.50,1.50
2015.06.30 09:46:33.516,1.38465,1.38487,1.50,1.00
2015.06.30 09:46:34.059,1.38467,1.38487,1.00,1.00
2015.06.30 09:46:37.154,1.38467,1.38486,1.00,1.00
2015.06.30 09:46:37.205,1.38465,1.38486,1.00,1.00
2015.06.30 09:46:37.256,1.38465,1.38483,1.00,1.50
2015.06.30 09:46:37.409,1.38462,1.38485,1.00,2.25
2015.06.30 09:46:37.460,1.38462,1.38485,1.75,1.50
2015.06.30 09:46:37.613,1.38466,1.38488,1.12,1.00
2015.06.30 09:46:37.664,1.3847,1.38488,1.37,1.00
2015.06.30 09:46:37.716,1.3847,1.38492,1.37,1.50
2015.06.30 09:46:37.818,1.38471,1.38495,1.37,1.50
2015.06.30 09:46:37.869,1.38471,1.38495,1.00,1.50
2015.06.30 09:46:38.386,1.38469,1.3849,1.00,1.00
2015.06.30 09:46:38.437,1.38465,1.3849,1.00,1.50
2015.06.30 09:46:38.606,1.38462,1.38487,1.50,1.00
2015.06.30 09:46:39.118,1.38462,1.38487,1.12,1.50
2015.06.30 09:46:40.013,1.38464,1.38487,1.00,1.50
2015.06.30 09:46:40.068,1.38461,1.38487,2.25,1.50
2015.06.30 09:46:40.571,1.38461,1.38483,2.25,1.00
2015.06.30 09:46:40.886,1.38461,1.3848,1.00,1.00
2015.06.30 09:46:41.481,1.38461,1.38472,1.00,1.00
2015.06.30 09:46:41.533,1.38454,1.38472,1.00,1.00
2015.06.30 09:46:41.584,1.38454,1.38475,1.00,1.00
2015.06.30 09:46:41.685,1.38454,1.38478,1.00,1.50
2015.06.30 09:46:41.888,1.38454,1.3848,1.00,2.25
2015.06.30 09:46:41.939,1.38457,1.3848,1.00,1.50
2015.06.30 09:46:43.006,1.38453,1.38476,1.00,1.00
2015.06.30 09:46:43.312,1.38453,1.38473,1.00,1.00
2015.06.30 09:46:43.846,1.38453,1.38472,1.00,1.00
2015.06.30 09:46:43.998,1.38453,1.38474,1.00,1.12
2015.06.30 09:46:44.582,1.38453,1.38476,1.12,1.50
2015.06.30 09:46:44.735,1.38457,1.38477,1.00,1.87
2015.06.30 09:46:45.091,1.38457,1.38479,1.00,1.00
2015.06.30 09:46:45.602,1.38457,1.3848,1.00,1.12
2015.06.30 09:46:46.831,1.3846,1.3848,1.50,1.12
2015.06.30 09:46:46.883,1.3846,1.38484,1.50,1.87
2015.06.30 09:46:47.087,1.3846,1.38484,1.87,1.50
2015.06.30 09:46:48.583,1.38465,1.38484,1.00,1.00
2015.06.30 09:46:48.634,1.38465,1.38487,1.00,1.00
2015.06.30 09:46:49.181,1.38465,1.38488,2.25,1.00
2015.06.30 09:46:52.584,1.38465,1.38488,1.87,1.00
2015.06.30 09:46:58.149,1.38465,1.38485,1.87,1.00
2015.06.30 09:46:58.353,1.38461,1.38482,1.50,1.12
2015.06.30 09:46:58.455,1.38458,1.38481,1.12,1.00
2015.06.30 09:46:58.507,1.3846,1.38481,1.00,1.00
2015.06.30 09:46:59.138,1.38458,1.38481,1.12,1.00
2015.06.30 09:47:00.248,1.38457,1.38481,1.87,1.37
2015.06.30 09:47:00.917,1.38457,1.38478,1.50,1.00
2015.06.30 09:47:01.869,1.38457,1.3848,2.25,1.00
2015.06.30 09:47:01.922,1.38461,1.38482,1.00,1.00
2015.06.30 09:47:02.024,1.38461,1.38484,3.00,1.00
2015.06.30 09:47:02.126,1.38463,1.38486,1.50,1.50
2015.06.30 09:47:02.278,1.38466,1.38486,1.00,1.00
2015.06.30 09:47:02.583,1.38466,1.38481,1.50,1.00
2015.06.30 09:47:02.685,1.38462,1.38483,1.00,1.50
2015.06.30 09:47:03.266,1.38461,1.38482,1.00,1.00
2015.06.30 09:47:03.419,1.38461,1.38483,1.37,1.00
2015.06.30 09:47:03.471,1.38461,1.38485,1.37,1.50
2015.06.30 09:47:03.574,1.38467,1.38485,1.00,1.00
2015.06.30 09:47:03.933,1.38466,1.38487,1.00,1.00
2015.06.30 09:47:05.544,1.38466,1.38486,1.12,1.00
2015.06.30 09:47:07.638,1.38467,1.38486,1.00,1.00
2015.06.30 09:47:08.477,1.38468,1.38487,1.00,1.00
2015.06.30 09:47:09.154,1.38467,1.38487,1.00,1.00
2015.06.30 09:47:10.087,1.38466,1.38487,1.12,1.00
2015.06.30 09:47:10.607,1.38463,1.38487,1.87,1.50
2015.06.30 09:47:11.889,1.38467,1.38488,1.12,1.00
2015.06.30 09:47:12.564,1.38467,1.38488,1.37,1.00
2015.06.30 09:47:13.089,1.38466,1.38489,1.37,2.25
2015.06.30 09:47:14.517,1.38469,1.38489,1.00,2.25
2015.06.30 09:47:16.627,1.38467,1.38489,1.50,2.25
2015.06.30 09:47:16.982,1.38466,1.38487,1.50,1.00
2015.06.30 09:47:17.288,1.38466,1.38483,1.00,1.50
2015.06.30 09:47:17.785,1.38463,1.38483,1.00,1.00
2015.06.30 09:47:17.836,1.38476,1.38493,1.00,1.00
2015.06.30 09:47:17.887,1.38476,1.38495,1.00,1.00
2015.06.30 09:47:17.989,1.38476,1.38497,1.00,1.00
2015.06.30 09:47:18.395,1.38476,1.385,2.25,1.37
2015.06.30 09:47:19.285,1.38479,1.38501,1.00,1.87
2015.06.30 09:47:19.396,1.38477,1.38501,1.00,1.87
2015.06.30 09:47:19.904,1.38477,1.38501,1.50,1.50
2015.06.30 09:47:20.411,1.38477,1.38499,1.50,1.00
2015.06.30 09:47:21.001,1.38477,1.38501,1.50,1.87
2015.06.30 09:47:21.052,1.38477,1.38498,1.50,1.00
2015.06.30 09:47:22.074,1.38477,1.38499,1.12,1.00
2015.06.30 09:47:22.906,1.38476,1.38497,1.50,1.00
2015.06.30 09:47:23.480,1.38476,1.38496,1.50,1.00
2015.06.30 09:47:24.066,1.38476,1.38496,1.12,1.00
2015.06.30 09:47:25.487,1.3848,1.38496,1.00,1.00
2015.06.30 09:47:25.538,1.38477,1.38496,1.35,1.00
2015.06.30 09:47:25.590,1.38477,1.38501,3.60,2.25
2015.06.30 09:47:25.692,1.3848,1.38503,1.75,1.00
2015.06.30 09:47:25.895,1.38483,1.38505,1.00,1.50
2015.06.30 09:47:26.421,1.3848,1.38501,2.25,1.00
2015.06.30 09:47:26.951,1.3848,1.38502,2.25,1.50
2015.06.30 09:47:27.257,1.38477,1.38498,1.87,1.00
2015.06.30 09:47:28.599,1.38482,1.385,1.00,1.00
2015.06.30 09:47:28.651,1.38481,1.38503,1.87,1.00
2015.06.30 09:47:28.854,1.38481,1.38506,1.87,2.25
2015.06.30 09:47:28.957,1.38481,1.38504,1.12,1.00
2015.06.30 09:47:31.074,1.38481,1.38505,1.87,1.00
2015.06.30 09:47:31.675,1.38481,1.38506,1.87,1.87
2015.06.30 09:47:32.529,1.38481,1.38506,2.25,1.50
2015.06.30 09:47:33.804,1.38483,1.38505,1.00,1.00
2015.06.30 09:47:36.692,1.38481,1.38506,2.25,1.50
2015.06.30 09:47:37.234,1.38482,1.38506,1.00,1.12
2015.06.30 09:47:37.975,1.38481,1.38506,2.25,1.87
2015.06.30 09:47:39.013,1.38482,1.38506,1.00,1.87
2015.06.30 09:47:39.759,1.38484,1.38507,1.12,1.37
2015.06.30 09:47:40.267,1.38484,1.38507,2.25,1.00
2015.06.30 09:47:40.429,1.38485,1.38509,2.25,1.00
2015.06.30 09:47:40.632,1.38486,1.38511,1.87,1.00
2015.06.30 09:47:42.032,1.38486,1.3851,1.37,1.00
2015.06.30 09:47:42.723,1.38489,1.38511,1.00,1.00
2015.06.30 09:47:43.249,1.38489,1.38513,1.00,1.37
2015.06.30 09:47:43.784,1.38493,1.38514,1.00,1.50
2015.06.30 09:47:44.091,1.385,1.38517,1.00,1.00
2015.06.30 09:47:44.397,1.38502,1.38519,1.00,1.37
2015.06.30 09:47:45.320,1.38502,1.38521,1.00,1.37
2015.06.30 09:47:45.421,1.38502,1.38521,1.00,1.00
2015.06.30 09:47:45.574,1.38502,1.38523,1.00,1.12
2015.06.30 09:47:45.627,1.38506,1.38523,1.00,1.00
2015.06.30 09:47:45.678,1.38506,1.38528,1.00,1.12
2015.06.30 09:47:45.729,1.38509,1.38528,1.00,1.00
2015.06.30 09:47:46.620,1.38508,1.38529,1.00,1.12
2015.06.30 09:47:47.207,1.38508,1.38527,1.00,1.00
2015.06.30 09:47:47.447,1.38508,1.38531,1.00,1.12
2015.06.30 09:47:47.600,1.3851,1.38531,1.00,1.12
2015.06.30 09:47:48.208,1.38512,1.38531,1.00,1.00
2015.06.30 09:47:48.523,1.38516,1.38532,1.00,1.00
2015.06.30 09:47:48.856,1.38518,1.38532,1.00,1.00
2015.06.30 09:47:49.008,1.38518,1.38535,1.00,1.12
2015.06.30 09:47:49.424,1.38518,1.38537,1.00,1.00
2015.06.30 09:47:49.935,1.38523,1.3854,1.00,1.00
2015.06.30 09:47:49.986,1.3852,1.3854,1.00,1.00
2015.06.30 09:47:50.465,1.38523,1.3854,1.00,1.00
2015.06.30 09:47:50.771,1.3852,1.3854,1.00,1.50
2015.06.30 09:47:51.367,1.38523,1.3854,1.00,1.50
2015.06.30 09:47:51.519,1.3852,1.3854,1.00,1.50
2015.06.30 09:47:51.755,1.38523,1.3854,1.00,1.50
2015.06.30 09:47:52.270,1.38522,1.3854,1.00,1.50
2015.06.30 09:47:52.321,1.38519,1.3854,1.00,1.00
2015.06.30 09:47:52.423,1.38523,1.38541,1.00,1.00
2015.06.30 09:47:53.106,1.38519,1.3854,1.00,1.00
2015.06.30 09:47:53.410,1.38522,1.38541,1.00,1.00
2015.06.30 09:47:53.512,1.38519,1.38541,1.00,1.00
2015.06.30 09:47:53.935,1.38523,1.38541,1.00,1.12
2015.06.30 09:47:55.330,1.38522,1.38541,1.00,1.12
2015.06.30 09:47:55.668,1.38526,1.38543,1.00,1.87
2015.06.30 09:47:57.500,1.38524,1.38543,1.00,1.00
2015.06.30 09:47:57.603,1.38519,1.38543,1.50,1.00
2015.06.30 09:47:57.757,1.38519,1.38539,1.00,1.00
2015.06.30 09:47:58.552,1.38517,1.38535,1.00,1.12
2015.06.30 09:47:58.603,1.38513,1.38534,1.00,1.00
2015.06.30 09:47:58.705,1.38511,1.38534,1.87,1.00
2015.06.30 09:47:58.908,1.38511,1.38532,1.12,1.00
2015.06.30 09:48:00.123,1.38508,1.38531,1.50,1.00
2015.06.30 09:48:00.379,1.38511,1.38533,1.00,1.37
2015.06.30 09:48:00.887,1.38511,1.38534,1.00,2.62
2015.06.30 09:48:01.662,1.38511,1.38532,1.00,1.00
2015.06.30 09:48:02.563,1.38509,1.38532,1.50,1.87
2015.06.30 09:48:03.526,1.38509,1.3853,1.50,1.00
2015.06.30 09:48:04.272,1.38508,1.3853,1.50,1.87
2015.06.30 09:48:04.576,1.38511,1.3853,1.50,1.00
2015.06.30 09:48:05.121,1.3851,1.38531,1.50,1.00
2015.06.30 09:48:05.630,1.38511,1.38532,1.00,1.00
2015.06.30 09:48:05.832,1.38511,1.38536,1.00,3.37
2015.06.30 09:48:05.934,1.3851,1.3853,1.50,1.00
2015.06.30 09:48:06.578,1.38511,1.38529,1.00,1.00
2015.06.30 09:48:06.629,1.38511,1.38532,1.37,1.00
2015.06.30 09:48:07.146,1.38511,1.38533,1.37,1.00
2015.06.30 09:48:07.666,1.38511,1.38533,1.50,1.00
2015.06.30 09:48:08.980,1.38509,1.38529,1.00,1.00
2015.06.30 09:48:09.086,1.38507,1.3853,2.62,1.12
2015.06.30 09:48:09.340,1.38505,1.38528,1.37,1.50
2015.06.30 09:48:09.645,1.38505,1.38525,1.37,1.00
2015.06.30 09:48:10.361,1.38505,1.38524,1.00,1.00
2015.06.30 09:48:10.914,1.38504,1.38524,1.12,1.00
2015.06.30 09:48:11.452,1.38503,1.38525,1.67,1.00
2015.06.30 09:48:12.109,1.38504,1.38525,1.12,1.00
2015.06.30 09:48:13.050,1.38504,1.38525,1.87,1.00
2015.06.30 09:48:14.010,1.38504,1.38527,1.87,1.00
2015.06.30 09:48:14.529,1.38504,1.38528,1.87,1.00
2015.06.30 09:48:16.266,1.38504,1.38526,1.87,1.00
2015.06.30 09:48:16.854,1.38508,1.38526,1.00,1.00
2015.06.30 09:48:16.906,1.38508,1.38529,1.00,1.87
2015.06.30 09:48:19.146,1.38506,1.38529,1.00,1.87
2015.06.30 09:48:23.420,1.38508,1.38529,1.00,1.00
2015.06.30 09:48:23.725,1.38511,1.38532,1.50,1.00
2015.06.30 09:48:23.776,1.38512,1.38535,1.12,1.00
2015.06.30 09:48:23.878,1.38515,1.38535,1.00,1.00
2015.06.30 09:48:24.986,1.38514,1.38535,1.50,1.00
2015.06.30 09:48:25.516,1.38516,1.38536,1.00,1.00
2015.06.30 09:48:25.721,1.38516,1.38538,1.00,1.50
2015.06.30 09:48:26.381,1.38515,1.38538,1.00,1.50
2015.06.30 09:48:26.980,1.38515,1.38538,1.37,1.50
2015.06.30 09:48:28.948,1.38515,1.38539,2.62,2.25
2015.06.30 09:48:29.499,1.38517,1.38539,1.00,3.00
2015.06.30 09:48:30.165,1.38517,1.38539,1.37,3.00
2015.06.30 09:48:30.325,1.38517,1.38541,1.37,1.50
2015.06.30 09:48:30.376,1.38521,1.38541,1.00,1.50
2015.06.30 09:48:30.683,1.38524,1.3854,1.00,1.00
2015.06.30 09:48:30.840,1.3852,1.3854,1.00,1.00
2015.06.30 09:48:30.943,1.3852,1.38537,1.00,1.00
2015.06.30 09:48:31.095,1.3852,1.3854,1.00,1.00
2015.06.30 09:48:31.642,1.38524,1.38544,1.00,1.00
2015.06.30 09:48:31.693,1.38524,1.38548,1.00,1.87
2015.06.30 09:48:33.164,1.38523,1.38543,1.00,2.25
2015.06.30 09:48:33.218,1.38518,1.38542,1.50,2.25
2015.06.30 09:48:34.826,1.38523,1.38546,1.00,1.00
2015.06.30 09:48:35.333,1.38523,1.38546,1.00,1.37
2015.06.30 09:48:36.127,1.38523,1.38544,1.50,1.00
2015.06.30 09:48:36.181,1.38524,1.38548,1.00,1.37
2015.06.30 09:48:36.694,1.38523,1.38548,1.87,1.37
2015.06.30 09:48:38.269,1.38523,1.38548,1.50,1.87
2015.06.30 09:48:40.309,1.38523,1.38548,1.87,1.12
2015.06.30 09:48:43.755,1.38523,1.38548,3.00,1.37
2015.06.30 09:48:44.531,1.38523,1.38548,3.00,1.12
2015.06.30 09:48:45.883,1.38523,1.38548,3.00,1.00
2015.06.30 09:48:48.293,1.38523,1.38547,2.62,1.00
2015.06.30 09:48:48.344,1.38523,1.38544,1.50,1.00
2015.06.30 09:48:48.598,1.38521,1.38545,1.12,1.12
2015.06.30 09:48:48.851,1.38516,1.38542,1.12,1.37
2015.06.30 09:48:49.683,1.38519,1.38544,1.00,1.87
2015.06.30 09:48:50.341,1.38519,1.38544,1.37,1.87
2015.06.30 09:48:53.841,1.38519,1.38542,1.37,1.00
2015.06.30 09:48:54.413,1.38519,1.38541,1.37,1.00
2015.06.30 09:48:58.752,1.38519,1.38542,1.37,1.00
2015.06.30 09:48:59.351,1.38519,1.38541,1.37,1.00
2015.06.30 09:48:59.990,1.38518,1.38541,1.87,1.50
2015.06.30 09:49:00.300,1.38519,1.38538,1.00,1.00
2015.06.30 09:49:00.454,1.38514,1.38538,1.00,2.62
2015.06.30 09:49:01.386,1.38515,1.38538,1.00,1.87
2015.06.30 09:49:01.814,1.38513,1.38533,1.50,1.00
2015.06.30 09:49:02.068,1.38503,1.38525,1.37,1.00
2015.06.30 09:49:02.120,1.38504,1.38522,1.00,1.00
2015.06.30 09:49:02.222,1.38504,1.38525,1.00,1.00
2015.06.30 09:49:02.980,1.38504,1.3852,1.00,1.00
2015.06.30 09:49:03.031,1.38504,1.38524,1.00,1.00
2015.06.30 09:49:03.082,1.38497,1.38522,2.62,1.37
2015.06.30 09:49:03.386,1.385,1.38525,1.00,1.87
2015.06.30 09:49:03.490,1.38502,1.38526,1.00,1.87
2015.06.30 09:49:04.660,1.38502,1.38526,1.00,1.87
2015.06.30 09:49:05.561,1.38502,1.38524,1.00,1.37
2015.06.30 09:49:06.283,1.38502,1.38527,2.62,1.37
2015.06.30 09:49:07.086,1.38502,1.38526,1.50,1.37
2015.06.30 09:49:08.006,1.38506,1.38529,1.00,1.37
2015.06.30 09:49:09.645,1.38503,1.38529,1.87,2.25
2015.06.30 09:49:09.697,1.38503,1.38529,1.50,2.25
2015.06.30 09:49:10.002,1.38503,1.38523,1.00,1.00
2015.06.30 09:49:11.180,1.38503,1.38523,1.00,1.37
2015.06.30 09:49:12.419,1.38504,1.38524,1.00,1.37
2015.06.30 09:49:13.184,1.38503,1.38524,1.00,1.37
2015.06.30 09:49:17.959,1.38503,1.38523,1.00,1.12
2015.06.30 09:49:21.072,1.38503,1.38524,1.00,1.37
2015.06.30 09:49:23.510,1.38504,1.38523,1.00,1.37
2015.06.30 09:49:24.998,1.38512,1.38529,1.00,1.00
2015.06.30 09:49:25.152,1.38512,1.38532,1.00,1.37
2015.06.30 09:49:25.760,1.38513,1.38532,1.00,1.37
2015.06.30 09:49:26.562,1.38512,1.38531,1.00,1.00
2015.06.30 09:49:27.649,1.38512,1.3853,1.00,2.25
2015.06.30 09:49:27.700,1.38509,1.38529,1.00,1.37
2015.06.30 09:49:28.325,1.38509,1.38529,1.00,1.50
2015.06.30 09:49:28.832,1.3851,1.38532,1.00,1.37
2015.06.30 09:49:29.035,1.3851,1.38534,1.00,1.37
2015.06.30 09:49:29.238,1.38512,1.38534,1.00,1.37
2015.06.30 09:49:30.010,1.38512,1.38534,1.00,1.37
2015.06.30 09:49:30.061,1.3851,1.38534,1.00,1.87
2015.06.30 09:49:30.587,1.38509,1.38534,1.12,1.87
2015.06.30 09:49:31.580,1.3851,1.38534,1.12,1.37
2015.06.30 09:49:32.414,1.38509,1.38534,1.12,1.87
2015.06.30 09:49:32.515,1.38509,1.3853,1.12,1.00
2015.06.30 09:49:32.617,1.38509,1.38534,1.12,1.87
2015.06.30 09:49:32.921,1.38509,1.3853,1.00,1.00
2015.06.30 09:49:33.023,1.38509,1.38534,1.00,3.00
2015.06.30 09:49:34.232,1.38508,1.38529,1.50,1.00
2015.06.30 09:49:34.639,1.3851,1.38529,1.00,1.00
2015.06.30 09:49:34.955,1.38515,1.3853,1.00,1.00
2015.06.30 09:49:35.057,1.38515,1.38532,1.00,1.00
2015.06.30 09:49:36.307,1.38512,1.38532,1.00,1.12
2015.06.30 09:49:37.623,1.38512,1.3853,1.00,1.00
2015.06.30 09:49:38.163,1.38511,1.3853,1.00,1.00
2015.06.30 09:49:38.671,1.38511,1.38531,1.00,1.00
2015.06.30 09:49:39.495,1.3851,1.38531,1.50,1.00
2015.06.30 09:49:40.020,1.3851,1.3853,1.50,1.00
2015.06.30 09:49:40.567,1.38509,1.38529,1.00,1.00
2015.06.30 09:49:40.670,1.38507,1.3853,1.87,1.50
2015.06.30 09:49:40.968,1.38506,1.38528,2.62,1.00
2015.06.30 09:49:41.070,1.38506,1.3853,2.62,1.00
2015.06.30 09:49:41.222,1.38509,1.38531,1.50,1.87
2015.06.30 09:49:41.962,1.38509,1.3853,1.00,1.12
2015.06.30 09:49:42.114,1.38507,1.3853,1.00,1.12
2015.06.30 09:49:42.215,1.38509,1.3853,1.00,1.12
2015.06.30 09:49:42.768,1.3851,1.3853,1.00,1.12
2015.06.30 09:49:43.642,1.38509,1.38531,1.00,1.00
2015.06.30 09:49:45.788,1.38509,1.38533,1.00,1.37
2015.06.30 09:49:46.193,1.38511,1.38533,1.00,1.37
2015.06.30 09:49:46.346,1.38511,1.38536,1.00,2.25
2015.06.30 09:49:46.397,1.38513,1.38536,1.00,1.50
2015.06.30 09:49:46.701,1.38516,1.38538,1.00,1.37
2015.06.30 09:49:47.942,1.38518,1.3854,1.00,1.00
2015.06.30 09:49:48.145,1.38523,1.38542,1.00,1.37
2015.06.30 09:49:48.297,1.38521,1.38543,1.00,1.37
2015.06.30 09:49:48.501,1.38523,1.38542,1.00,1.37
2015.06.30 09:49:48.603,1.38521,1.38542,1.00,1.37
2015.06.30 09:49:48.705,1.38523,1.38542,1.00,1.37
2015.06.30 09:49:48.914,1.38519,1.38543,1.87,1.12
2015.06.30 09:49:49.480,1.3852,1.38541,1.00,1.00
2015.06.30 09:49:50.142,1.38517,1.38541,3.00,1.00
2015.06.30 09:49:51.045,1.38517,1.38544,3.00,2.25
2015.06.30 09:49:51.553,1.38517,1.38543,3.75,1.12
2015.06.30 09:49:52.162,1.3852,1.38543,1.37,1.12
2015.06.30 09:49:53.240,1.3852,1.38544,1.50,1.87
2015.06.30 09:49:53.761,1.3852,1.38543,1.50,1.00
2015.06.30 09:49:54.856,1.38525,1.38544,1.00,1.00
2015.06.30 09:49:55.149,1.38527,1.38551,1.12,1.87
2015.06.30 09:49:55.665,1.38527,1.38551,1.37,1.87
2015.06.30 09:49:56.171,1.38527,1.38551,1.12,1.87
2015.06.30 09:49:56.865,1.38527,1.38548,1.00,2.62
2015.06.30 09:49:58.421,1.38527,1.38548,1.00,1.87
2015.06.30 09:49:59.043,1.38526,1.38548,1.00,1.87
2015.06.30 09:50:03.812,1.38522,1.38547,1.12,1.37
2015.06.30 09:50:04.220,1.38524,1.38546,1.00,1.37
2015.06.30 09:50:04.910,1.38522,1.38545,1.00,1.12
2015.06.30 09:50:04.961,1.38522,1.38545,1.00,1.37
2015.06.30 09:50:06.070,1.38522,1.38544,1.00,1.37
2015.06.30 09:50:08.407,1.38517,1.38537,1.00,1.00
2015.06.30 09:50:08.616,1.38518,1.38542,1.00,1.87
2015.06.30 09:50:08.718,1.38516,1.38542,1.12,1.87
2015.06.30 09:50:09.873,1.38515,1.38541,1.87,1.12
2015.06.30 09:50:10.687,1.38516,1.38541,1.00,1.37
2015.06.30 09:50:10.738,1.38515,1.38541,2.25,1.37
2015.06.30 09:50:11.704,1.38515,1.38542,2.25,2.62
2015.06.30 09:50:12.795,1.38515,1.38542,2.25,2.62
2015.06.30 09:50:14.857,1.38515,1.38538,2.25,1.00
2015.06.30 09:50:15.666,1.38514,1.38538,3.75,1.00
2015.06.30 09:50:15.970,1.38514,1.38537,3.00,1.00
2015.06.30 09:50:16.072,1.38514,1.3854,3.00,1.87
2015.06.30 09:50:16.224,1.38521,1.3854,1.00,1.00
2015.06.30 09:50:17.776,1.38521,1.38542,1.00,1.37
2015.06.30 09:50:18.315,1.38522,1.38541,1.00,1.00
2015.06.30 09:50:19.601,1.38522,1.38543,1.00,1.37
2015.06.30 09:50:22.573,1.38521,1.38543,1.00,1.37
2015.06.30 09:50:22.725,1.38519,1.38541,1.00,1.00
2015.06.30 09:50:22.776,1.38518,1.38539,1.12,1.00
2015.06.30 09:50:23.312,1.38518,1.38541,1.50,1.00
2015.06.30 09:50:23.997,1.38518,1.38539,1.00,1.37
2015.06.30 09:50:24.099,1.38514,1.38539,1.00,1.37
2015.06.30 09:50:24.150,1.38512,1.38537,3.00,1.37
2015.06.30 09:50:24.201,1.38512,1.38537,1.87,1.87
2015.06.30 09:50:24.483,1.38512,1.38537,1.87,1.87
2015.06.30 09:50:24.544,1.38513,1.38536,1.50,1.37
2015.06.30 09:50:25.494,1.38513,1.38536,1.87,1.87
2015.06.30 09:50:25.545,1.38514,1.38538,1.50,1.87
2015.06.30 09:50:25.596,1.38514,1.38538,1.12,1.87
2015.06.30 09:50:25.698,1.38514,1.38538,1.00,1.37
2015.06.30 09:50:25.851,1.38512,1.38536,1.87,1.12
2015.06.30 09:50:26.757,1.38513,1.38536,1.00,1.12
2015.06.30 09:50:26.897,1.38513,1.38536,1.00,1.37
2015.06.30 09:50:29.034,1.38513,1.38536,1.00,1.37
2015.06.30 09:50:29.287,1.38511,1.38536,1.87,3.00
2015.06.30 09:50:29.440,1.38511,1.38534,1.00,1.37
2015.06.30 09:50:29.956,1.3851,1.38533,1.00,1.37
2015.06.30 09:50:31.320,1.38508,1.38531,1.00,1.00
2015.06.30 09:50:33.234,1.38507,1.38531,2.25,1.12
2015.06.30 09:50:33.488,1.38511,1.38531,1.00,1.12
2015.06.30 09:50:33.641,1.38508,1.38531,2.62,1.12
2015.06.30 09:50:36.391,1.38506,1.38521,3.00,1.00
2015.06.30 09:50:36.926,1.38506,1.38518,1.37,1.37
2015.06.30 09:50:36.979,1.38493,1.38514,1.00,1.00
2015.06.30 09:50:37.132,1.38495,1.38514,1.00,1.00
2015.06.30 09:50:37.234,1.38491,1.38514,1.12,1.00
2015.06.30 09:50:37.539,1.38493,1.38514,1.00,1.00
2015.06.30 09:50:37.939,1.38493,1.38517,1.37,1.37
2015.06.30 09:50:38.143,1.38495,1.38517,1.37,1.37
2015.06.30 09:50:38.976,1.38495,1.38517,1.00,1.37
2015.06.30 09:50:39.443,1.38492,1.38517,1.50,1.37
2015.06.30 09:50:42.399,1.38492,1.38517,1.00,1.37
2015.06.30 09:50:43.405,1.38491,1.38516,2.25,1.12
2015.06.30 09:50:43.624,1.38491,1.38516,1.87,1.37
2015.06.30 09:50:44.625,1.38491,1.38516,1.87,1.37
2015.06.30 09:50:46.137,1.38491,1.38516,1.37,1.37
2015.06.30 09:50:46.647,1.3849,1.38513,1.37,1.12
2015.06.30 09:50:47.263,1.38488,1.38511,2.25,1.00
2015.06.30 09:50:47.787,1.38488,1.38508,1.50,1.00
2015.06.30 09:50:54.794,1.38486,1.38509,1.87,1.00
2015.06.30 09:50:55.098,1.38487,1.38511,1.87,1.87
2015.06.30 09:50:56.085,1.38487,1.38511,1.75,1.50
2015.06.30 09:50:56.440,1.38493,1.38515,1.37,1.37
2015.06.30 09:50:56.491,1.38493,1.38515,1.37,1.00
2015.06.30 09:50:56.543,1.38493,1.38518,1.37,1.00
2015.06.30 09:50:56.594,1.38498,1.38518,1.00,1.00
2015.06.30 09:50:56.695,1.38493,1.38518,1.87,1.00
2015.06.30 09:50:57.320,1.38491,1.38513,1.87,1.00
2015.06.30 09:50:57.375,1.38488,1.3851,1.00,1.00
2015.06.30 09:50:57.580,1.38488,1.38508,1.00,1.00
2015.06.30 09:50:57.732,1.38485,1.38508,1.50,1.00
2015.06.30 09:50:58.036,1.38487,1.38505,1.00,1.00
2015.06.30 09:50:58.138,1.38485,1.38505,1.50,1.00
2015.06.30 09:50:58.340,1.38485,1.38505,1.50,1.00
2015.06.30 09:50:59.607,1.38484,1.38505,1.75,1.00
2015.06.30 09:50:59.659,1.38483,1.38506,1.00,1.00
2015.06.30 09:50:59.811,1.38483,1.38503,1.00,1.00
2015.06.30 09:50:59.863,1.38481,1.38503,1.87,1.00
2015.06.30 09:50:59.965,1.38481,1.385,1.12,1.00
2015.06.30 09:51:00.321,1.38483,1.385,1.00,1.00
2015.06.30 09:51:00.474,1.38488,1.38506,1.00,1.12
2015.06.30 09:51:01.047,1.38488,1.38507,1.00,1.75
2015.06.30 09:51:01.504,1.38492,1.38507,1.00,1.37
2015.06.30 09:51:01.809,1.38499,1.38513,1.00,1.00
2015.06.30 09:51:01.861,1.38499,1.38517,1.00,1.00
2015.06.30 09:51:02.501,1.38495,1.38516,1.00,1.00
2015.06.30 09:51:02.609,1.38498,1.38516,1.00,1.50
2015.06.30 09:51:04.075,1.385,1.38516,1.00,1.00
2015.06.30 09:51:04.177,1.38498,1.38519,1.50,1.37
2015.06.30 09:51:04.228,1.38501,1.38519,1.00,1.37
2015.06.30 09:51:04.280,1.38501,1.38519,1.00,1.00
2015.06.30 09:51:04.381,1.38501,1.38522,1.00,1.50
2015.06.30 09:51:05.739,1.38501,1.38519,1.00,1.00
2015.06.30 09:51:06.865,1.38498,1.38519,1.00,1.00
2015.06.30 09:51:07.589,1.38497,1.38519,1.12,1.00
2015.06.30 09:51:08.605,1.38496,1.38519,1.00,1.50
2015.06.30 09:51:09.138,1.38497,1.38519,1.00,1.50
2015.06.30 09:51:09.667,1.38497,1.38519,1.00,1.50
2015.06.30 09:51:10.174,1.38497,1.38519,1.00,1.00
2015.06.30 09:51:11.019,1.38495,1.38519,1.12,1.12
2015.06.30 09:51:11.792,1.38495,1.38519,1.00,1.37
2015.06.30 09:51:13.363,1.38493,1.38515,3.00,1.00
2015.06.30 09:51:13.884,1.38493,1.38515,3.00,1.00
2015.06.30 09:51:15.086,1.38497,1.38515,1.12,1.00
2015.06.30 09:51:15.137,1.38497,1.38521,1.87,1.00
2015.06.30 09:51:16.404,1.38497,1.38522,1.37,1.00
2015.06.30 09:51:17.488,1.38497,1.38522,1.00,1.00
2015.06.30 09:51:18.954,1.38497,1.38523,1.50,2.25
2015.06.30 09:51:19.706,1.38497,1.38523,1.37,3.00
2015.06.30 09:51:20.255,1.38497,1.38522,1.00,1.75
2015.06.30 09:51:23.350,1.38497,1.38521,1.00,1.75
2015.06.30 09:51:23.851,1.38495,1.3852,1.37,2.25
2015.06.30 09:51:24.200,1.38495,1.3852,1.00,2.25
2015.06.30 09:51:26.442,1.38495,1.38519,1.00,1.75
2015.06.30 09:51:31.326,1.38494,1.38517,1.00,2.25
2015.06.30 09:51:31.880,1.38491,1.38514,1.12,1.12
2015.06.30 09:51:32.461,1.38489,1.38513,1.50,1.00
2015.06.30 09:51:32.925,1.38488,1.38509,1.87,1.00
2015.06.30 09:51:33.568,1.38484,1.38506,1.87,1.00
2015.06.30 09:51:33.620,1.38484,1.38509,1.87,1.00
2015.06.30 09:51:34.564,1.38484,1.38509,1.87,1.12
2015.06.30 09:51:35.650,1.38484,1.38509,1.87,1.37
2015.06.30 09:51:37.632,1.38484,1.38509,1.87,1.12
2015.06.30 09:51:38.727,1.38484,1.38509,1.87,1.00
2015.06.30 09:51:40.956,1.38485,1.38509,1.12,1.12
2015.06.30 09:51:45.038,1.38486,1.38509,1.12,1.00
2015.06.30 09:51:45.140,1.38488,1.38509,1.37,1.00
2015.06.30 09:51:45.242,1.38489,1.38511,1.00,1.00
2015.06.30 09:51:45.749,1.38488,1.38512,1.37,1.00
2015.06.30 09:51:46.271,1.38487,1.38509,1.00,1.00
2015.06.30 09:51:46.796,1.38484,1.38509,1.50,1.00
2015.06.30 09:51:47.545,1.38484,1.38509,1.12,1.37
2015.06.30 09:51:49.793,1.38484,1.3851,2.25,2.62
2015.06.30 09:51:50.073,1.38484,1.38507,1.50,1.00
2015.06.30 09:51:50.175,1.38482,1.38507,2.25,1.87
2015.06.30 09:51:54.377,1.38482,1.38507,2.25,3.00
2015.06.30 09:51:56.157,1.38484,1.38508,1.00,2.25
2015.06.30 09:51:56.721,1.38484,1.38508,1.37,1.87
2015.06.30 09:51:57.567,1.38484,1.38508,1.12,2.25
2015.06.30 09:51:59.472,1.38483,1.38506,2.25,1.00
2015.06.30 09:52:00.082,1.38483,1.38506,1.50,1.00
2015.06.30 09:52:00.842,1.38482,1.38505,1.50,1.00
2015.06.30 09:52:01.349,1.38482,1.38504,1.37,1.50
2015.06.30 09:52:01.961,1.38481,1.38505,2.25,1.50
2015.06.30 09:52:03.075,1.38481,1.38505,2.25,1.50
2015.06.30 09:52:03.684,1.38481,1.38506,2.25,1.87
2015.06.30 09:52:04.199,1.38484,1.38508,1.12,1.37
2015.06.30 09:52:04.706,1.38484,1.38508,1.37,1.00
2015.06.30 09:52:05.402,1.38484,1.38508,1.12,1.00
2015.06.30 09:52:07.926,1.38484,1.38508,1.12,1.37
2015.06.30 09:52:08.460,1.38484,1.38506,1.12,1.00
2015.06.30 09:52:10.882,1.38484,1.38508,1.12,1.37
2015.06.30 09:52:11.707,1.38484,1.38508,1.50,1.12
2015.06.30 09:52:12.226,1.38484,1.38508,1.50,1.00
2015.06.30 09:52:12.386,1.38485,1.38506,1.12,1.00
2015.06.30 09:52:12.894,1.38485,1.38505,1.12,1.00
2015.06.30 09:52:13.471,1.38483,1.38504,1.12,1.00
2015.06.30 09:52:13.522,1.38481,1.38503,1.00,1.00
2015.06.30 09:52:13.954,1.38483,1.38503,1.00,1.00
2015.06.30 09:52:14.699,1.38484,1.38503,1.00,1.00
2015.06.30 09:52:14.801,1.38484,1.38505,1.00,1.00
2015.06.30 09:52:15.334,1.38485,1.38507,1.12,1.12
2015.06.30 09:52:16.003,1.38486,1.38507,1.00,1.00
2015.06.30 09:52:16.982,1.38486,1.38508,1.00,1.00
2015.06.30 09:52:17.665,1.38486,1.3851,1.00,3.00
2015.06.30 09:52:17.827,1.38486,1.3851,1.75,1.50
2015.06.30 09:52:18.032,1.38491,1.38515,1.12,3.00
2015.06.30 09:52:18.691,1.38491,1.38514,1.37,1.00
2015.06.30 09:52:19.047,1.38492,1.38511,1.37,1.00
2015.06.30 09:52:19.511,1.38492,1.38511,1.87,1.00
2015.06.30 09:52:19.562,1.38495,1.38514,1.00,1.00
2015.06.30 09:52:19.665,1.38493,1.38515,1.00,1.87
2015.06.30 09:52:20.782,1.38493,1.38508,1.00,1.00
2015.06.30 09:52:20.840,1.38484,1.38508,1.00,1.87
2015.06.30 09:52:21.146,1.38486,1.38509,1.00,1.37
2015.06.30 09:52:21.350,1.38479,1.38504,2.25,1.00
2015.06.30 09:52:21.402,1.38484,1.38504,1.00,1.37
2015.06.30 09:52:21.504,1.38485,1.38507,1.00,2.25
2015.06.30 09:52:22.139,1.38485,1.38508,1.00,1.00
2015.06.30 09:52:22.650,1.38485,1.38507,1.00,1.00
2015.06.30 09:52:23.108,1.38485,1.38509,1.12,3.00
2015.06.30 09:52:23.210,1.38483,1.38508,1.87,1.37
2015.06.30 09:52:23.736,1.38483,1.38506,1.00,1.12
2015.06.30 09:52:24.245,1.38484,1.38507,1.00,1.37
2015.06.30 09:52:24.918,1.38484,1.38507,1.00,1.12
2015.06.30 09:52:26.071,1.38484,1.38509,1.12,1.50
2015.06.30 09:52:26.426,1.38483,1.3851,2.25,1.12
2015.06.30 09:52:26.732,1.38491,1.38513,1.12,1.12
2015.06.30 09:52:27.292,1.38491,1.38515,1.12,1.12
2015.06.30 09:52:28.013,1.38491,1.38515,1.50,1.00
2015.06.30 09:52:28.608,1.38491,1.38515,1.37,1.37
2015.06.30 09:52:29.436,1.38491,1.38515,1.37,1.37
2015.06.30 09:52:29.964,1.38491,1.38515,1.00,1.75
2015.06.30 09:52:30.822,1.3849,1.38513,1.12,1.50
2015.06.30 09:52:31.431,1.3849,1.38514,1.87,1.50
2015.06.30 09:52:32.532,1.3849,1.38514,1.87,1.12
2015.06.30 09:52:33.536,1.3849,1.38514,1.87,1.50
2015.06.30 09:52:35.096,1.38491,1.38514,1.00,1.50
2015.06.30 09:52:35.199,1.38491,1.38514,1.00,1.50
2015.06.30 09:52:35.301,1.3849,1.38513,1.12,1.37
2015.06.30 09:52:35.656,1.3849,1.38514,1.87,1.00
2015.06.30 09:52:36.631,1.3849,1.38515,2.25,2.25
2015.06.30 09:52:36.733,1.3849,1.38513,1.37,1.00
2015.06.30 09:52:36.835,1.3849,1.38515,1.37,2.25
2015.06.30 09:52:37.347,1.38492,1.38515,1.00,1.37
2015.06.30 09:52:38.338,1.38493,1.38514,1.00,1.00
2015.06.30 09:52:39.110,1.38492,1.38515,1.00,1.50
2015.06.30 09:52:40.033,1.38492,1.38515,1.87,1.12
2015.06.30 09:52:41.941,1.38494,1.38518,1.87,1.87
2015.06.30 09:52:41.994,1.38495,1.38518,1.00,1.12
2015.06.30 09:52:42.045,1.38499,1.3852,1.00,1.87
2015.06.30 09:52:42.096,1.38499,1.3852,1.00,1.00
2015.06.30 09:52:42.449,1.38499,1.38522,1.00,1.87
2015.06.30 09:52:42.502,1.38504,1.38524,1.00,1.75
2015.06.30 09:52:42.553,1.38504,1.38525,1.00,1.50
2015.06.30 09:52:42.655,1.38508,1.38525,1.00,1.50
2015.06.30 09:52:42.758,1.38506,1.38525,1.00,1.00
2015.06.30 09:52:43.414,1.38505,1.38525,1.50,1.50
2015.06.30 09:52:43.465,1.38507,1.38525,1.00,1.00
2015.06.30 09:52:44.294,1.38508,1.38525,1.00,1.00
2015.06.30 09:52:44.395,1.38508,1.38528,1.00,1.50
2015.06.30 09:52:45.120,1.38507,1.38528,1.00,1.50
2015.06.30 09:52:45.221,1.38509,1.38528,1.00,1.00
2015.06.30 09:52:45.576,1.38509,1.3853,1.00,1.00
2015.06.30 09:52:45.779,1.38509,1.38532,1.00,1.12
2015.06.30 09:52:45.830,1.38513,1.38532,1.00,1.12
2015.06.30 09:52:46.513,1.38517,1.38535,1.00,1.50
2015.06.30 09:52:46.567,1.38531,1.38554,1.00,2.25
2015.06.30 09:52:46.973,1.38533,1.38555,1.00,1.00
2015.06.30 09:52:48.424,1.38543,1.38556,1.12,1.00
2015.06.30 09:52:48.475,1.38551,1.38568,1.00,1.37
2015.06.30 09:52:48.982,1.38551,1.38568,1.00,1.12
2015.06.30 09:52:49.681,1.38553,1.38568,1.00,1.00
2015.06.30 09:52:49.732,1.38553,1.38571,1.00,1.00
2015.06.30 09:52:49.834,1.38555,1.38572,1.00,1.00
2015.06.30 09:52:50.240,1.38557,1.38572,1.00,1.00
2015.06.30 09:52:50.392,1.38558,1.38575,1.00,1.00
2015.06.30 09:52:50.893,1.38562,1.38579,1.00,1.50
2015.06.30 09:52:51.198,1.38555,1.38571,1.00,1.37
2015.06.30 09:52:51.250,1.38553,1.38573,1.00,1.37
2015.06.30 09:52:52.217,1.38554,1.3857,1.00,1.12
2015.06.30 09:52:52.739,1.38555,1.38573,1.00,1.87
2015.06.30 09:52:53.607,1.38554,1.38572,1.00,1.87
2015.06.30 09:52:53.711,1.38554,1.3857,1.00,1.37
2015.06.30 09:52:54.016,1.38538,1.38562,1.00,1.00
2015.06.30 09:52:54.067,1.38538,1.3856,1.50,1.00
2015.06.30 09:52:54.802,1.38537,1.38558,1.00,1.37
2015.06.30 09:52:55.731,1.38538,1.3856,1.00,3.37
2015.06.30 09:52:56.494,1.3854,1.3856,1.00,1.87
2015.06.30 09:52:56.708,1.38538,1.38559,1.50,1.37
2015.06.30 09:52:56.760,1.38538,1.38559,1.00,1.50
2015.06.30 09:52:57.266,1.38537,1.38556,1.00,1.37
2015.06.30 09:52:58.021,1.38533,1.38556,1.00,1.37
2015.06.30 09:52:58.073,1.38535,1.38553,1.00,1.12
2015.06.30 09:52:58.175,1.3853,1.38554,1.87,2.25
2015.06.30 09:52:58.277,1.38532,1.38553,1.00,1.12
2015.06.30 09:52:58.531,1.3853,1.38553,1.50,1.00
2015.06.30 09:52:58.735,1.38532,1.38554,1.00,1.00
2015.06.30 09:52:59.515,1.38532,1.38554,1.00,1.37
2015.06.30 09:52:59.617,1.3853,1.38553,1.00,1.12
2015.06.30 09:53:00.123,1.38529,1.38552,1.00,1.00
2015.06.30 09:53:00.889,1.3853,1.38553,1.00,1.12
2015.06.30 09:53:00.944,1.38538,1.38554,1.00,1.87
2015.06.30 09:53:00.995,1.38535,1.38554,1.50,1.37
2015.06.30 09:53:01.047,1.38542,1.38557,1.00,1.75
2015.06.30 09:53:01.149,1.38542,1.38561,1.00,1.37
2015.06.30 09:53:01.671,1.38541,1.38561,1.00,1.37
2015.06.30 09:53:03.092,1.38547,1.38562,1.00,2.62
2015.06.30 09:53:03.143,1.38547,1.38562,1.00,2.25
2015.06.30 09:53:03.245,1.38547,1.38566,1.00,1.50
2015.06.30 09:53:03.347,1.38554,1.38566,1.00,1.00
2015.06.30 09:53:03.450,1.38554,1.38571,1.00,1.12
2015.06.30 09:53:03.501,1.38557,1.38571,1.00,1.12
2015.06.30 09:53:03.552,1.38557,1.38576,1.00,2.25
2015.06.30 09:53:03.654,1.3856,1.38577,1.00,1.00
2015.06.30 09:53:04.167,1.3856,1.38572,1.00,1.00
2015.06.30 09:53:04.219,1.38556,1.38572,1.50,1.00
2015.06.30 09:53:04.423,1.38558,1.38572,1.00,1.00
2015.06.30 09:53:04.784,1.38556,1.38571,1.50,1.00
2015.06.30 09:53:04.987,1.38558,1.38571,1.00,1.00
2015.06.30 09:53:05.567,1.38559,1.38578,1.00,1.00
2015.06.30 09:53:05.923,1.38558,1.38574,1.00,1.00
2015.06.30 09:53:07.157,1.38558,1.38578,1.50,1.12
2015.06.30 09:53:07.722,1.38559,1.38578,1.00,1.12
2015.06.30 09:53:08.281,1.38558,1.38579,1.50,1.37
2015.06.30 09:53:08.888,1.38559,1.38579,1.00,1.37
2015.06.30 09:53:09.041,1.38559,1.3858,1.00,1.00
2015.06.30 09:53:09.193,1.38562,1.3858,1.00,1.00
2015.06.30 09:53:09.346,1.38563,1.38583,1.00,1.00
2015.06.30 09:53:09.397,1.38568,1.38583,1.00,1.00
2015.06.30 09:53:09.449,1.38568,1.38586,1.00,1.00
2015.06.30 09:53:09.500,1.38566,1.38588,1.00,2.62
2015.06.30 09:53:09.552,1.38565,1.38587,1.00,1.37
2015.06.30 09:53:09.603,1.38562,1.38587,1.50,1.87
2015.06.30 09:53:10.200,1.38568,1.38587,1.00,1.00
2015.06.30 09:53:10.587,1.38571,1.38591,1.00,1.37
2015.06.30 09:53:11.137,1.38571,1.38591,1.00,1.37
2015.06.30 09:53:11.717,1.38572,1.38591,1.00,1.37
2015.06.30 09:53:11.769,1.38573,1.38594,1.50,1.37
2015.06.30 09:53:11.820,1.38578,1.38597,1.00,2.25
2015.06.30 09:53:11.870,1.38578,1.38597,1.00,1.00
2015.06.30 09:53:11.921,1.38582,1.38597,1.00,1.00
2015.06.30 09:53:11.973,1.38582,1.38602,1.00,1.37
2015.06.30 09:53:12.074,1.38582,1.38606,1.00,1.50
2015.06.30 09:53:12.126,1.38591,1.38606,1.00,1.50
2015.06.30 09:53:12.934,1.386,1.38606,1.00,1.00
2015.06.30 09:53:12.985,1.386,1.38611,1.00,1.00
2015.06.30 09:53:14.358,1.386,1.38614,1.00,1.00
2015.06.30 09:53:15.122,1.38601,1.38614,1.00,1.00
2015.06.30 09:53:15.402,1.38601,1.38617,1.00,1.00
2015.06.30 09:53:16.555,1.3861,1.38617,1.00,1.00
2015.06.30 09:53:16.607,1.38599,1.38616,1.00,1.00
2015.06.30 09:53:16.760,1.38603,1.38622,1.00,1.50
2015.06.30 09:53:16.862,1.38606,1.38622,1.00,1.00
2015.06.30 09:53:17.167,1.38611,1.38621,1.00,1.00
2015.06.30 09:53:17.885,1.38611,1.38624,1.00,1.00
2015.06.30 09:53:17.988,1.38616,1.38624,1.00,1.00
2015.06.30 09:53:18.089,1.38614,1.38624,1.00,1.00
2015.06.30 09:53:18.191,1.3861,1.38624,1.35,1.00
2015.06.30 09:53:18.242,1.3861,1.38616,1.00,1.00
2015.06.30 09:53:18.293,1.38609,1.38617,1.50,1.00
2015.06.30 09:53:18.345,1.38607,1.38622,1.00,1.00
2015.06.30 09:53:18.397,1.38604,1.38622,1.72,1.00
2015.06.30 09:53:18.448,1.38607,1.38622,1.00,1.00
2015.06.30 09:53:19.095,1.38611,1.38622,1.00,1.00
2015.06.30 09:53:19.149,1.38611,1.38629,1.00,1.37
2015.06.30 09:53:19.901,1.38611,1.38629,1.00,1.12
2015.06.30 09:53:20.894,1.38611,1.38632,1.00,2.25
2015.06.30 09:53:21.149,1.38616,1.38632,1.00,2.25
2015.06.30 09:53:21.456,1.38614,1.38632,1.00,1.37
2015.06.30 09:53:21.507,1.38615,1.38632,1.00,1.37
2015.06.30 09:53:22.204,1.38618,1.38633,1.00,1.00
2015.06.30 09:53:22.256,1.38618,1.38639,1.00,1.87
2015.06.30 09:53:22.409,1.38616,1.38639,1.00,1.87
2015.06.30 09:53:22.664,1.38616,1.38634,1.00,1.00
2015.06.30 09:53:23.538,1.38616,1.38638,1.00,1.37
2015.06.30 09:53:23.589,1.38619,1.38638,1.00,1.87
2015.06.30 09:53:25.162,1.38619,1.38639,1.00,1.50
2015.06.30 09:53:25.871,1.38618,1.38639,1.00,1.50
2015.06.30 09:53:26.024,1.38618,1.38637,1.00,1.00
2015.06.30 09:53:26.721,1.38618,1.38634,1.00,1.37
2015.06.30 09:53:27.227,1.38615,1.38635,1.00,1.50
2015.06.30 09:53:27.380,1.38615,1.38633,1.00,1.37
2015.06.30 09:53:27.431,1.38613,1.38633,1.00,1.37
2015.06.30 09:53:28.358,1.38612,1.38631,1.00,1.00
2015.06.30 09:53:28.865,1.38608,1.38632,1.50,1.75
2015.06.30 09:53:29.377,1.38609,1.38632,1.00,1.75
2015.06.30 09:53:30.740,1.38608,1.38632,1.50,1.50
2015.06.30 09:53:30.994,1.38607,1.38624,1.00,1.00
2015.06.30 09:53:32.236,1.38607,1.38623,1.00,1.00
2015.06.30 09:53:33.040,1.38605,1.38623,1.00,1.00
2015.06.30 09:53:33.872,1.38603,1.38621,1.00,1.00
2015.06.30 09:53:34.369,1.38601,1.38618,1.00,1.00
2015.06.30 09:53:34.828,1.38601,1.38614,1.00,1.00
2015.06.30 09:53:35.584,1.38601,1.38616,1.00,1.00
2015.06.30 09:53:35.788,1.38599,1.38613,1.50,1.00
2015.06.30 09:53:36.885,1.38596,1.38613,1.00,1.00
2015.06.30 09:53:37.413,1.38595,1.38613,1.00,1.00
2015.06.30 09:53:37.464,1.38594,1.3861,1.12,1.00
2015.06.30 09:53:37.899,1.3859,1.3861,1.37,1.00
2015.06.30 09:53:38.009,1.3859,1.38607,1.37,1.00
2015.06.30 09:53:38.701,1.38588,1.38602,1.00,1.00
2015.06.30 09:53:38.752,1.38586,1.38609,1.37,1.00
2015.06.30 09:53:38.803,1.38586,1.38605,1.37,1.00
2015.06.30 09:53:39.108,1.38583,1.38599,1.00,1.00
2015.06.30 09:53:40.113,1.38582,1.38599,1.12,1.00
2015.06.30 09:53:40.423,1.38577,1.38596,1.37,1.00
2015.06.30 09:53:40.727,1.38577,1.38594,1.37,1.00
2015.06.30 09:53:41.827,1.38577,1.38594,1.37,1.00
2015.06.30 09:53:43.989,1.38577,1.38594,1.87,1.00
2015.06.30 09:53:44.640,1.38577,1.38594,1.00,1.00
2015.06.30 09:53:44.995,1.38579,1.38594,1.00,1.00
2015.06.30 09:53:45.047,1.38579,1.38597,1.12,1.00
2015.06.30 09:53:45.954,1.38576,1.38597,2.25,1.00
2015.06.30 09:53:47.802,1.38576,1.38594,1.87,1.00
2015.06.30 09:53:48.794,1.38575,1.38594,1.12,1.00
2015.06.30 09:53:49.305,1.38576,1.38594,1.00,1.00
2015.06.30 09:53:49.460,1.38576,1.38598,1.00,1.12
2015.06.30 09:53:49.767,1.38576,1.386,1.87,1.00
2015.06.30 09:53:50.389,1.38584,1.386,1.37,1.00
2015.06.30 09:53:50.441,1.38586,1.38605,1.12,1.00
2015.06.30 09:53:50.543,1.38586,1.38602,1.00,1.00
2015.06.30 09:53:50.800,1.38582,1.38602,1.12,1.00
2015.06.30 09:53:52.044,1.38581,1.38602,1.00,1.00
2015.06.30 09:53:52.197,1.38577,1.38603,1.87,1.50
2015.06.30 09:53:52.298,1.38577,1.38602,1.87,1.75
2015.06.30 09:53:52.704,1.38574,1.386,1.12,3.00
2015.06.30 09:53:53.840,1.38575,1.38598,1.12,1.00
2015.06.30 09:53:54.347,1.38575,1.38598,1.12,1.87
2015.06.30 09:53:55.417,1.38576,1.38598,1.00,1.87
2015.06.30 09:53:55.925,1.38577,1.38598,1.00,1.87
2015.06.30 09:53:56.447,1.38577,1.38597,1.00,1.00
2015.06.30 09:53:57.714,1.38576,1.38593,1.00,1.00
2015.06.30 09:53:57.765,1.38573,1.38593,1.00,1.00
2015.06.30 09:53:58.199,1.38576,1.38593,1.00,1.00
2015.06.30 09:53:58.658,1.38575,1.38593,1.00,2.25
2015.06.30 09:53:59.281,1.38575,1.38585,1.00,1.00
2015.06.30 09:53:59.332,1.38565,1.38582,1.00,1.12
2015.06.30 09:53:59.535,1.38563,1.38582,1.00,1.87
2015.06.30 09:53:59.754,1.38563,1.38577,1.00,1.00
2015.06.30 09:54:00.600,1.38559,1.38571,1.00,1.00
2015.06.30 09:54:00.659,1.38557,1.38571,1.00,1.00
2015.06.30 09:54:00.762,1.38559,1.38571,1.00,1.00
2015.06.30 09:54:02.657,1.38559,1.38579,1.00,1.00
2015.06.30 09:54:02.964,1.38557,1.38578,1.87,1.00
2015.06.30 09:54:03.016,1.38557,1.38576,1.87,1.00
2015.06.30 09:54:03.169,1.38556,1.38579,1.50,1.50
2015.06.30 09:54:03.714,1.38568,1.3858,1.00,1.00
2015.06.30 09:54:03.766,1.38574,1.38588,1.00,1.00
2015.06.30 09:54:04.021,1.38574,1.3859,1.00,1.50
2015.06.30 09:54:05.547,1.38574,1.38591,1.00,1.00
2015.06.30 09:54:05.960,1.38574,1.38593,1.00,2.62
2015.06.30 09:54:06.183,1.38571,1.38588,1.00,1.00
2015.06.30 09:54:06.235,1.38571,1.38592,1.00,1.00
2015.06.30 09:54:06.797,1.38563,1.38583,2.25,1.00
2015.06.30 09:54:07.454,1.38563,1.38584,1.50,1.50
2015.06.30 09:54:08.678,1.38563,1.38585,1.00,1.00
2015.06.30 09:54:08.982,1.38566,1.3858,1.00,1.00
2015.06.30 09:54:09.033,1.38557,1.38579,1.00,1.00
2015.06.30 09:54:09.135,1.38556,1.38579,1.50,1.37
2015.06.30 09:54:09.818,1.38557,1.38578,1.60,1.37
2015.06.30 09:54:10.021,1.38564,1.38585,1.00,1.00
2015.06.30 09:54:10.275,1.38565,1.38587,1.00,1.00
2015.06.30 09:54:10.326,1.38567,1.38587,1.00,1.00
2015.06.30 09:54:10.428,1.38569,1.3859,1.00,1.87
2015.06.30 09:54:10.479,1.38565,1.3859,1.50,1.87
2015.06.30 09:54:10.581,1.38567,1.38588,1.00,1.00
2015.06.30 09:54:11.752,1.38564,1.38582,1.00,1.00
2015.06.30 09:54:11.804,1.38559,1.38582,1.00,1.50
2015.06.30 09:54:12.159,1.38559,1.38581,1.12,1.87
2015.06.30 09:54:12.261,1.38555,1.38579,1.87,1.37
2015.06.30 09:54:12.464,1.3856,1.38578,1.00,1.50
2015.06.30 09:54:13.110,1.3856,1.3858,1.00,1.50
2015.06.30 09:54:14.478,1.38559,1.3858,1.35,1.12
2015.06.30 09:54:15.008,1.38559,1.38579,1.35,1.50
2015.06.30 09:54:15.314,1.38561,1.38579,1.00,1.12
2015.06.30 09:54:15.823,1.38561,1.38578,1.00,1.12
2015.06.30 09:54:16.516,1.38564,1.38575,1.00,1.87
2015.06.30 09:54:16.567,1.38554,1.38575,1.00,1.87
2015.06.30 09:54:18.957,1.38555,1.38573,1.00,1.12
2015.06.30 09:54:19.955,1.38555,1.38572,1.00,1.12
2015.06.30 09:54:20.464,1.38554,1.38572,1.50,1.12
2015.06.30 09:54:21.042,1.38552,1.38572,1.50,2.25
2015.06.30 09:54:21.600,1.38554,1.38572,1.00,1.12
2015.06.30 09:54:21.651,1.38558,1.38579,1.12,1.50
2015.06.30 09:54:21.854,1.38557,1.38582,1.37,1.87
2015.06.30 09:54:23.034,1.38556,1.38582,1.37,1.00
2015.06.30 09:54:23.472,1.38559,1.3858,1.12,1.00
2015.06.30 09:54:23.826,1.38559,1.38582,1.37,1.50
2015.06.30 09:54:23.927,1.38562,1.38582,1.00,1.00
2015.06.30 09:54:25.231,1.38562,1.38583,1.12,1.00
2015.06.30 09:54:27.173,1.38566,1.38583,1.00,1.00
2015.06.30 09:54:27.276,1.38566,1.38587,1.00,1.50
2015.06.30 09:54:27.429,1.38571,1.38587,1.00,1.00
2015.06.30 09:54:27.480,1.38571,1.38591,1.00,1.00
2015.06.30 09:54:27.633,1.38573,1.38593,1.12,1.00
2015.06.30 09:54:28.323,1.38576,1.38596,1.00,1.00
2015.06.30 09:54:28.845,1.38576,1.38596,1.00,1.50
2015.06.30 09:54:33.133,1.38578,1.38596,1.00,1.37
2015.06.30 09:54:33.492,1.38576,1.38596,1.00,1.37
2015.06.30 09:54:34.558,1.38574,1.38595,1.50,1.37
2015.06.30 09:54:34.863,1.3857,1.38592,1.50,2.62
2015.06.30 09:54:35.703,1.38568,1.38591,1.37,1.00
2015.06.30 09:54:35.805,1.38568,1.38592,1.37,2.25
2015.06.30 09:54:36.315,1.38568,1.38591,1.00,1.50
2015.06.30 09:54:37.588,1.38568,1.3859,1.00,1.50
2015.06.30 09:54:38.096,1.38567,1.38586,1.00,1.37
2015.06.30 09:54:38.198,1.38564,1.38586,1.00,1.87
2015.06.30 09:54:39.395,1.38563,1.38584,1.00,1.50
2015.06.30 09:54:39.449,1.38561,1.38583,1.50,1.37
2015.06.30 09:54:39.965,1.38561,1.38583,1.00,1.12
2015.06.30 09:54:40.428,1.38561,1.38579,1.00,1.00
2015.06.30 09:54:41.027,1.38559,1.38579,1.00,1.37
2015.06.30 09:54:41.483,1.38559,1.38579,1.00,1.00
2015.06.30 09:54:41.788,1.38561,1.3858,1.00,1.00
2015.06.30 09:54:42.623,1.38561,1.38582,1.00,1.00
2015.06.30 09:54:42.675,1.38564,1.38582,1.00,1.00
2015.06.30 09:54:42.727,1.38564,1.38586,1.00,3.00
2015.06.30 09:54:43.406,1.38564,1.38584,1.00,1.00
2015.06.30 09:54:47.609,1.38564,1.38583,1.00,1.00
2015.06.30 09:54:49.843,1.38564,1.38585,1.50,1.00
2015.06.30 09:54:49.995,1.38564,1.38583,1.00,1.00
2015.06.30 09:54:50.645,1.38557,1.38579,1.50,1.12
2015.06.30 09:54:51.192,1.38557,1.38578,1.50,1.00
2015.06.30 09:54:51.496,1.38557,1.38578,1.87,1.00
2015.06.30 09:54:52.099,1.38565,1.38583,1.00,1.12
2015.06.30 09:54:52.150,1.38565,1.38587,1.00,1.37
2015.06.30 09:54:52.808,1.38565,1.38586,1.00,1.37
2015.06.30 09:54:54.251,1.3856,1.38581,1.00,1.37
2015.06.30 09:54:54.899,1.3856,1.38582,1.00,1.00
2015.06.30 09:54:55.001,1.38564,1.38584,1.00,1.87
2015.06.30 09:54:55.807,1.3856,1.38585,1.00,1.87
2015.06.30 09:54:55.864,1.3856,1.38581,1.00,1.00
2015.06.30 09:54:56.168,1.3856,1.38579,1.00,1.00
2015.06.30 09:54:56.678,1.3856,1.38581,1.00,1.50
2015.06.30 09:54:56.729,1.3856,1.38581,1.00,1.37
2015.06.30 09:54:57.407,1.38566,1.38581,1.00,1.50
2015.06.30 09:54:57.511,1.38564,1.38582,1.00,1.50
2015.06.30 09:54:58.018,1.3856,1.3858,1.00,1.00
2015.06.30 09:54:58.221,1.3856,1.38577,1.00,1.00
2015.06.30 09:54:58.852,1.38557,1.3858,1.12,1.00
2015.06.30 09:54:58.903,1.38557,1.38567,1.12,1.00
2015.06.30 09:54:59.208,1.38559,1.38567,1.00,1.00
2015.06.30 09:54:59.310,1.38555,1.38567,1.00,1.00
2015.06.30 09:54:59.412,1.38556,1.38571,1.87,1.00
2015.06.30 09:54:59.565,1.38557,1.38569,1.00,1.00
2015.06.30 09:55:00.315,1.3856,1.38569,1.00,1.00
2015.06.30 09:55:00.837,1.3856,1.38568,1.00,1.00
2015.06.30 09:55:04.239,1.38555,1.38565,1.00,1.00
2015.06.30 09:55:06.008,1.38552,1.38565,1.50,1.00
2015.06.30 09:55:09.173,1.38552,1.38564,1.50,1.00
2015.06.30 09:55:09.225,1.38552,1.3856,1.00,1.00
2015.06.30 09:55:09.276,1.38552,1.38564,1.00,1.50
2015.06.30 09:55:09.328,1.3855,1.38561,1.00,1.00
2015.06.30 09:55:09.430,1.38546,1.38561,1.00,1.00
2015.06.30 09:55:09.533,1.38543,1.38561,1.00,1.00
2015.06.30 09:55:10.160,1.38539,1.38561,1.87,1.00
2015.06.30 09:55:10.744,1.38539,1.38561,1.87,1.00
2015.06.30 09:55:10.998,1.38539,1.38561,1.50,1.50
2015.06.30 09:55:11.049,1.38541,1.38558,1.00,1.00
2015.06.30 09:55:11.302,1.38541,1.38561,1.00,1.00
2015.06.30 09:55:11.847,1.38545,1.38565,1.00,1.00
2015.06.30 09:55:12.101,1.38545,1.38568,1.00,1.87
2015.06.30 09:55:12.767,1.38545,1.38569,1.12,1.12
2015.06.30 09:55:12.871,1.38551,1.38571,1.50,2.25
2015.06.30 09:55:13.840,1.3855,1.38573,1.50,1.37
2015.06.30 09:55:13.891,1.3855,1.38574,1.50,1.87
2015.06.30 09:55:13.942,1.38552,1.38574,1.60,1.37
2015.06.30 09:55:13.994,1.38556,1.38578,1.00,3.00
2015.06.30 09:55:14.146,1.38559,1.38578,1.00,1.00
2015.06.30 09:55:14.298,1.38559,1.3858,1.00,1.50
2015.06.30 09:55:14.451,1.38561,1.3858,1.00,1.00
2015.06.30 09:55:15.082,1.3856,1.3858,1.00,1.00
2015.06.30 09:55:15.946,1.38561,1.38581,1.00,1.50
2015.06.30 09:55:15.997,1.38559,1.38581,1.50,1.50
2015.06.30 09:55:19.027,1.38561,1.38581,1.00,1.12
2015.06.30 09:55:19.542,1.3856,1.38581,1.00,1.37
2015.06.30 09:55:19.846,1.38558,1.38578,1.00,1.00
2015.06.30 09:55:19.897,1.38556,1.38578,1.87,1.00
2015.06.30 09:55:20.151,1.38559,1.38578,1.00,1.00
2015.06.30 09:55:20.252,1.38556,1.38578,1.87,1.00
2015.06.30 09:55:20.861,1.38557,1.38578,1.00,1.00
2015.06.30 09:55:22.011,1.38556,1.38576,1.12,1.00
2015.06.30 09:55:23.329,1.38555,1.38573,1.00,1.50
2015.06.30 09:55:23.394,1.38551,1.38573,1.00,2.25
2015.06.30 09:55:24.272,1.38551,1.38573,1.00,1.87
2015.06.30 09:55:26.244,1.38551,1.38572,1.00,1.00
2015.06.30 09:55:26.396,1.38549,1.3857,1.50,1.00
2015.06.30 09:55:27.560,1.38549,1.38568,1.00,1.00
2015.06.30 09:55:27.865,1.38545,1.38564,1.00,1.00
2015.06.30 09:55:27.916,1.38542,1.38564,1.12,1.12
2015.06.30 09:55:28.575,1.38545,1.38569,1.12,1.12
2015.06.30 09:55:29.088,1.38545,1.38569,1.12,1.50
2015.06.30 09:55:30.434,1.38545,1.3857,2.62,1.50
2015.06.30 09:55:30.487,1.38547,1.3857,1.00,1.50
2015.06.30 09:55:31.029,1.38546,1.38571,1.12,1.87
2015.06.30 09:55:32.153,1.38547,1.38571,2.62,1.87
2015.06.30 09:55:32.458,1.3855,1.38573,1.00,1.87
2015.06.30 09:55:33.301,1.3855,1.38573,1.00,1.87
2015.06.30 09:55:33.843,1.38549,1.38572,1.00,1.37
2015.06.30 09:55:34.426,1.38549,1.38573,1.00,2.62
2015.06.30 09:55:34.941,1.3855,1.38573,1.12,1.37
2015.06.30 09:55:36.191,1.38554,1.38575,1.50,1.00
2015.06.30 09:55:36.245,1.38554,1.38579,3.00,1.37
2015.06.30 09:55:36.500,1.38557,1.38579,1.00,1.37
2015.06.30 09:55:36.805,1.38557,1.38581,1.50,1.00
2015.06.30 09:55:38.426,1.38557,1.38579,1.37,1.00
2015.06.30 09:55:38.528,1.38557,1.38581,1.37,1.00
2015.06.30 09:55:38.731,1.38557,1.38579,1.37,1.00
2015.06.30 09:55:38.834,1.38557,1.38581,1.12,1.87
2015.06.30 09:55:39.467,1.38555,1.38579,1.87,1.87
2015.06.30 09:55:39.772,1.38555,1.3858,1.00,2.62
2015.06.30 09:55:40.077,1.38554,1.38577,1.00,3.00
2015.06.30 09:55:40.178,1.38552,1.38576,1.50,1.75
2015.06.30 09:55:41.022,1.38552,1.38576,1.50,1.75
2015.06.30 09:55:43.104,1.38552,1.38576,1.50,1.37
2015.06.30 09:55:44.254,1.38554,1.38577,1.00,1.37
2015.06.30 09:55:45.012,1.38551,1.38575,1.50,1.50
2015.06.30 09:55:46.324,1.38555,1.38575,1.00,1.37
2015.06.30 09:55:46.916,1.38556,1.38578,1.00,1.00
2015.06.30 09:55:47.271,1.38559,1.38578,1.50,1.37
2015.06.30 09:55:47.425,1.38564,1.38585,1.50,1.00
2015.06.30 09:55:47.527,1.38568,1.38589,1.00,1.12
2015.06.30 09:55:47.730,1.38569,1.38591,1.00,1.00
2015.06.30 09:55:48.298,1.38569,1.38591,1.00,1.37
2015.06.30 09:55:48.400,1.38566,1.38592,2.25,1.87
2015.06.30 09:55:48.451,1.38566,1.38592,2.25,1.87
2015.06.30 09:55:48.552,1.38568,1.38591,1.00,1.37
2015.06.30 09:55:49.112,1.38569,1.38591,1.00,1.37
2015.06.30 09:55:50.510,1.3857,1.38592,1.00,1.37
2015.06.30 09:55:51.522,1.3857,1.38592,1.00,1.37
2015.06.30 09:55:52.254,1.38573,1.38595,1.00,1.87
2015.06.30 09:55:52.929,1.38573,1.38595,1.00,1.12
2015.06.30 09:55:53.769,1.38579,1.38599,1.00,1.50
2015.06.30 09:55:53.826,1.38578,1.38602,1.00,1.87
2015.06.30 09:55:54.336,1.38577,1.386,1.00,1.87
2015.06.30 09:55:55.241,1.38577,1.386,1.00,1.37
2015.06.30 09:55:55.802,1.38575,1.38599,1.00,2.25
2015.06.30 09:55:56.107,1.38575,1.38596,1.00,1.00
2015.06.30 09:55:58.096,1.38576,1.38599,1.00,1.87
2015.06.30 09:55:58.147,1.38576,1.38599,1.87,1.50
2015.06.30 09:55:58.199,1.3858,1.386,1.00,1.00
2015.06.30 09:55:58.911,1.38579,1.386,1.50,1.00
2015.06.30 09:55:59.216,1.38579,1.38595,1.00,1.00
2015.06.30 09:55:59.368,1.38576,1.38598,1.00,1.37
2015.06.30 09:55:59.419,1.38574,1.38598,1.00,1.87
2015.06.30 09:55:59.825,1.38574,1.38594,1.00,1.00
2015.06.30 09:56:00.366,1.38573,1.38595,1.00,1.37
2015.06.30 09:56:00.417,1.38571,1.38593,1.00,1.00
2015.06.30 09:56:05.390,1.38572,1.38593,1.00,1.12
2015.06.30 09:56:05.596,1.38569,1.38593,1.12,1.12
2015.06.30 09:56:06.483,1.38566,1.38591,1.50,1.75
2015.06.30 09:56:06.788,1.38568,1.38588,1.00,1.00
2015.06.30 09:56:06.839,1.38568,1.3859,1.00,1.12
2015.06.30 09:56:07.347,1.38569,1.38592,1.00,1.87
2015.06.30 09:56:08.147,1.38569,1.38591,1.00,1.00
2015.06.30 09:56:08.466,1.38567,1.38591,1.12,1.00
2015.06.30 09:56:09.333,1.38568,1.38591,1.00,1.00
2015.06.30 09:56:10.075,1.38568,1.38592,1.00,1.75
2015.06.30 09:56:10.127,1.38571,1.38592,1.00,1.75
2015.06.30 09:56:12.124,1.38571,1.38592,1.00,1.50
2015.06.30 09:56:13.482,1.38571,1.38592,1.00,1.12
2015.06.30 09:56:15.511,1.38571,1.38592,1.00,1.37
2015.06.30 09:56:16.058,1.38572,1.38595,1.00,3.00
2015.06.30 09:56:16.413,1.38572,1.38594,1.00,1.00
2015.06.30 09:56:17.541,1.38574,1.38598,1.37,1.00
2015.06.30 09:56:17.592,1.38575,1.386,1.37,1.50
2015.06.30 09:56:17.847,1.38575,1.386,1.12,3.00
2015.06.30 09:56:17.949,1.38575,1.38597,1.12,1.00
2015.06.30 09:56:18.457,1.38575,1.38597,1.00,1.37
2015.06.30 09:56:19.012,1.38575,1.38597,1.00,1.00
2015.06.30 09:56:19.216,1.38577,1.38601,1.00,1.00
2015.06.30 09:56:19.267,1.38579,1.38601,1.00,1.00
2015.06.30 09:56:20.828,1.38576,1.38601,1.12,1.50
2015.06.30 09:56:20.980,1.38579,1.38601,1.00,1.00
2015.06.30 09:56:21.234,1.38577,1.38601,1.50,1.37
2015.06.30 09:56:21.744,1.38578,1.38601,1.12,1.00
2015.06.30 09:56:22.435,1.38578,1.38601,1.37,1.12
2015.06.30 09:56:22.639,1.3858,1.38604,1.12,1.50
2015.06.30 09:56:23.147,1.3858,1.38604,1.87,1.12
2015.06.30 09:56:24.024,1.3858,1.38601,1.87,1.50
2015.06.30 09:56:24.718,1.3858,1.38603,2.62,1.00
2015.06.30 09:56:24.821,1.3858,1.386,2.62,1.00
2015.06.30 09:56:25.572,1.38578,1.38598,1.00,1.00
2015.06.30 09:56:25.877,1.38576,1.38595,1.00,1.00
2015.06.30 09:56:26.400,1.38576,1.38596,1.00,1.00
2015.06.30 09:56:27.321,1.38576,1.38597,1.12,1.00
2015.06.30 09:56:27.626,1.3858,1.38599,1.00,1.00
2015.06.30 09:56:27.981,1.3858,1.38593,1.00,1.00
2015.06.30 09:56:28.133,1.38577,1.38593,1.50,1.00
2015.06.30 09:56:28.337,1.38575,1.38593,1.00,1.00
2015.06.30 09:56:28.846,1.38576,1.38593,1.00,1.00
2015.06.30 09:56:29.100,1.38573,1.38593,1.50,1.00
2015.06.30 09:56:32.273,1.38571,1.38582,1.37,1.00
2015.06.30 09:56:32.375,1.3857,1.38582,1.00,1.00
2015.06.30 09:56:32.426,1.38569,1.38578,1.00,1.00
2015.06.30 09:56:32.931,1.38558,1.38578,1.75,1.00
2015.06.30 09:56:32.982,1.38558,1.38578,1.37,1.00
2015.06.30 09:56:33.498,1.38558,1.38578,1.37,1.00
2015.06.30 09:56:34.102,1.38558,1.38578,1.12,1.00
2015.06.30 09:56:35.169,1.38556,1.38578,1.37,1.00
2015.06.30 09:56:37.011,1.38553,1.38578,1.75,1.87
2015.06.30 09:56:38.525,1.38555,1.38578,1.12,1.00
2015.06.30 09:56:39.032,1.38553,1.38578,1.50,1.00
2015.06.30 09:56:39.620,1.38553,1.38577,1.50,1.00
2015.06.30 09:56:40.340,1.38553,1.38577,1.50,1.00
2015.06.30 09:56:44.463,1.38553,1.38577,1.00,1.37
2015.06.30 09:56:44.975,1.38553,1.38577,1.50,1.37
2015.06.30 09:56:45.077,1.38553,1.38573,1.00,1.00
2015.06.30 09:56:45.179,1.38546,1.38572,2.25,1.00
2015.06.30 09:56:45.484,1.38551,1.38576,1.00,3.00
2015.06.30 09:56:46.091,1.38551,1.38576,1.12,1.87
2015.06.30 09:56:46.702,1.38554,1.38576,1.00,1.12
2015.06.30 09:56:47.044,1.38556,1.38577,1.00,1.00
2015.06.30 09:56:47.610,1.38556,1.38578,1.50,1.00
2015.06.30 09:56:48.122,1.38556,1.38577,1.50,1.00
2015.06.30 09:56:49.264,1.38554,1.38577,1.12,1.12
2015.06.30 09:56:49.317,1.38556,1.38577,1.00,1.12
2015.06.30 09:56:49.893,1.38554,1.38577,1.87,1.00
2015.06.30 09:56:51.184,1.38558,1.3858,1.50,1.00
2015.06.30 09:56:51.750,1.38558,1.38582,1.50,1.00
2015.06.30 09:56:52.264,1.38558,1.38582,1.50,1.00
2015.06.30 09:56:54.196,1.38558,1.38582,1.50,1.00
2015.06.30 09:56:54.811,1.38561,1.38582,1.00,1.00
2015.06.30 09:56:55.758,1.38561,1.38585,1.00,1.37
2015.06.30 09:56:56.464,1.38564,1.38588,1.12,1.75
2015.06.30 09:56:57.010,1.38564,1.38588,1.12,1.12
2015.06.30 09:56:57.518,1.38561,1.38587,3.00,1.00
2015.06.30 09:56:59.078,1.38563,1.38587,1.00,1.12
2015.06.30 09:56:59.890,1.38562,1.38587,1.12,1.00
2015.06.30 09:57:00.528,1.38563,1.38587,1.00,1.00
2015.06.30 09:57:01.499,1.38563,1.38587,1.50,1.00
2015.06.30 09:57:01.601,1.38565,1.38587,1.37,1.00
2015.06.30 09:57:02.184,1.38567,1.38593,2.25,1.87
2015.06.30 09:57:02.676,1.38567,1.3859,2.25,1.00
2015.06.30 09:57:02.980,1.38571,1.38589,1.00,1.00
2015.06.30 09:57:03.032,1.38571,1.38593,1.35,1.12
2015.06.30 09:57:03.133,1.38574,1.38593,1.00,1.00
2015.06.30 09:57:03.627,1.38574,1.38598,1.37,1.10
2015.06.30 09:57:04.171,1.38574,1.38597,1.37,1.00
2015.06.30 09:57:04.323,1.38576,1.38599,1.37,1.12
2015.06.30 09:57:05.995,1.38585,1.38603,1.00,1.00
2015.06.30 09:57:06.047,1.38587,1.38608,1.37,1.12
2015.06.30 09:57:06.149,1.38587,1.38612,1.37,1.12
2015.06.30 09:57:06.201,1.3859,1.38612,1.00,1.12
2015.06.30 09:57:06.735,1.38592,1.38615,1.00,1.00
2015.06.30 09:57:06.989,1.38594,1.38615,1.00,1.00
2015.06.30 09:57:07.143,1.38595,1.38618,1.00,1.00
2015.06.30 09:57:07.742,1.38593,1.38612,1.50,1.37
2015.06.30 09:57:07.843,1.38587,1.38608,1.00,1.00
2015.06.30 09:57:07.895,1.38585,1.38608,1.50,1.00
2015.06.30 09:57:08.098,1.38589,1.38608,1.00,1.00
2015.06.30 09:57:08.251,1.38589,1.38611,1.00,1.87
2015.06.30 09:57:09.067,1.38586,1.38611,1.00,2.25
2015.06.30 09:57:09.118,1.38588,1.38611,1.00,2.25
2015.06.30 09:57:09.655,1.38588,1.38611,1.00,2.25
2015.06.30 09:57:09.984,1.38593,1.38614,1.00,1.00
2015.06.30 09:57:11.128,1.38599,1.3862,1.00,1.00
2015.06.30 09:57:11.433,1.38598,1.38617,1.00,1.37
2015.06.30 09:57:11.536,1.38594,1.38615,1.37,1.50
2015.06.30 09:57:12.375,1.386,1.38619,1.00,1.12
2015.06.30 09:57:12.579,1.386,1.38622,1.00,1.87
2015.06.30 09:57:12.681,1.38601,1.38619,1.00,1.00
2015.06.30 09:57:12.732,1.38601,1.38621,1.00,1.00
2015.06.30 09:57:14.020,1.38602,1.38621,1.00,1.00
2015.06.30 09:57:14.273,1.386,1.38619,1.00,1.00
2015.06.30 09:57:14.579,1.38605,1.38622,1.00,1.50
2015.06.30 09:57:14.681,1.38603,1.38622,1.00,1.00
2015.06.30 09:57:15.541,1.38597,1.38614,1.37,1.00
2015.06.30 09:57:15.592,1.38594,1.38614,1.00,1.00
2015.06.30 09:57:15.694,1.38592,1.38614,1.12,1.00
2015.06.30 09:57:16.261,1.38594,1.38614,1.00,1.00
2015.06.30 09:57:17.042,1.38593,1.38614,1.00,1.00
2015.06.30 09:57:19.560,1.38593,1.38614,1.37,1.00
2015.06.30 09:57:19.865,1.38601,1.38622,1.00,1.37
2015.06.30 09:57:20.776,1.38601,1.38622,1.00,1.37
2015.06.30 09:57:21.651,1.38599,1.38624,1.50,2.62
2015.06.30 09:57:22.144,1.38599,1.38624,1.87,2.25
2015.06.30 09:57:22.698,1.38599,1.38622,1.12,1.00
2015.06.30 09:57:23.097,1.38596,1.38622,1.50,1.50
2015.06.30 09:57:23.200,1.38596,1.38619,1.00,1.50
2015.06.30 09:57:24.524,1.3859,1.38612,1.00,1.12
2015.06.30 09:57:24.576,1.38588,1.38611,1.12,1.00
2015.06.30 09:57:27.899,1.38588,1.38611,1.00,1.37
2015.06.30 09:57:28.699,1.38585,1.38607,1.00,1.00
2015.06.30 09:57:29.208,1.38586,1.38607,1.00,1.00
2015.06.30 09:57:30.112,1.38586,1.38609,1.87,1.37
2015.06.30 09:57:30.416,1.38589,1.38612,1.00,1.12
2015.06.30 09:57:30.619,1.38591,1.38612,2.10,1.12
2015.06.30 09:57:30.721,1.38597,1.38617,1.60,1.00
2015.06.30 09:57:30.823,1.38598,1.3862,2.10,1.10
2015.06.30 09:57:30.925,1.38598,1.38622,1.72,1.12
2015.06.30 09:57:30.976,1.386,1.38622,1.00,1.12
2015.06.30 09:57:31.254,1.38594,1.38617,1.12,1.50
2015.06.30 09:57:31.769,1.38594,1.38618,1.87,1.00
2015.06.30 09:57:31.877,1.38596,1.38622,2.62,1.50
2015.06.30 09:57:32.486,1.38598,1.38619,1.37,1.00
2015.06.30 09:57:33.394,1.38596,1.3862,1.87,1.00
2015.06.30 09:57:33.597,1.38594,1.38618,1.37,1.00
2015.06.30 09:57:33.699,1.38594,1.38618,1.12,1.12
2015.06.30 09:57:35.589,1.38593,1.38618,3.00,1.00
2015.06.30 09:57:37.473,1.38604,1.3862,1.00,1.00
2015.06.30 09:57:37.525,1.38604,1.38626,1.12,1.00
2015.06.30 09:57:37.728,1.38604,1.38626,1.37,1.00
2015.06.30 09:57:38.329,1.38604,1.38626,1.12,1.00
2015.06.30 09:57:41.066,1.38608,1.3863,1.00,1.75
2015.06.30 09:57:41.219,1.38604,1.38627,1.50,1.00
2015.06.30 09:57:41.473,1.38604,1.38624,1.50,1.00
2015.06.30 09:57:42.067,1.38606,1.38624,1.00,1.00
2015.06.30 09:57:42.750,1.38611,1.38631,1.00,1.50
2015.06.30 09:57:42.909,1.3861,1.38631,1.00,1.37
2015.06.30 09:57:43.011,1.3861,1.38631,1.00,1.00
2015.06.30 09:57:43.521,1.38611,1.38631,1.50,1.00
2015.06.30 09:57:43.674,1.38611,1.38633,1.50,1.12
2015.06.30 09:57:44.393,1.3861,1.38633,1.12,1.00
2015.06.30 09:57:44.626,1.3861,1.38633,1.00,1.37
2015.06.30 09:57:45.134,1.38609,1.38633,1.00,1.37
2015.06.30 09:57:45.802,1.38613,1.38637,1.00,2.25
2015.06.30 09:57:45.854,1.38613,1.38637,1.00,2.25
2015.06.30 09:57:47.308,1.38613,1.38639,1.12,2.25
2015.06.30 09:57:47.409,1.38615,1.38639,1.00,2.25
2015.06.30 09:57:47.511,1.38616,1.38639,1.00,1.00
2015.06.30 09:57:48.431,1.38616,1.3864,1.00,1.75
2015.06.30 09:57:49.005,1.38615,1.38639,1.50,1.75
2015.06.30 09:57:51.410,1.38615,1.38639,1.50,1.75
2015.06.30 09:57:54.452,1.38615,1.38635,1.50,1.00
2015.06.30 09:57:56.057,1.38613,1.38635,1.00,1.00
2015.06.30 09:57:59.447,1.38613,1.38635,1.12,1.37
2015.06.30 09:58:01.360,1.38613,1.3863,1.00,1.00
2015.06.30 09:58:01.564,1.38607,1.3863,1.00,1.50
2015.06.30 09:58:01.768,1.38603,1.38628,1.12,1.75
2015.06.30 09:58:01.870,1.38603,1.38626,1.00,1.37
2015.06.30 09:58:02.432,1.38602,1.38624,1.00,1.12
2015.06.30 09:58:02.586,1.38602,1.38626,1.37,1.00
2015.06.30 09:58:02.637,1.38605,1.38626,1.00,1.00
2015.06.30 09:58:03.144,1.38605,1.3863,1.00,3.37
2015.06.30 09:58:04.567,1.38623,1.38629,1.37,1.00
2015.06.30 09:58:04.619,1.38623,1.38649,1.87,1.00
2015.06.30 09:58:04.722,1.38623,1.38647,1.37,1.00
2015.06.30 09:58:04.977,1.3862,1.38646,1.37,1.00
2015.06.30 09:58:05.793,1.3862,1.38646,1.12,1.37
2015.06.30 09:58:06.103,1.38617,1.38642,1.37,1.00
2015.06.30 09:58:06.459,1.38619,1.38644,1.37,1.12
2015.06.30 09:58:06.562,1.38619,1.38643,1.00,1.37
2015.06.30 09:58:06.664,1.38616,1.38641,1.37,1.87
2015.06.30 09:58:07.300,1.38618,1.38644,1.00,1.87
2015.06.30 09:58:07.815,1.38618,1.38644,1.12,1.87
2015.06.30 09:58:10.977,1.38618,1.38644,1.00,1.75
2015.06.30 09:58:11.674,1.38615,1.38641,1.50,1.50
2015.06.30 09:58:12.965,1.38615,1.38641,1.50,1.50
2015.06.30 09:58:13.270,1.3863,1.38652,1.00,2.25
2015.06.30 09:58:13.474,1.38628,1.38651,1.00,1.00
2015.06.30 09:58:16.406,1.38634,1.3866,1.00,1.00
2015.06.30 09:58:16.510,1.38635,1.3866,1.37,1.00
2015.06.30 09:58:16.612,1.38637,1.38662,1.37,1.00
2015.06.30 09:58:18.364,1.38639,1.38663,1.12,1.00
2015.06.30 09:58:18.417,1.38639,1.38665,1.12,1.00
2015.06.30 09:58:18.468,1.38639,1.38663,1.12,1.00
2015.06.30 09:58:18.780,1.38648,1.38671,1.00,1.00
2015.06.30 09:58:18.933,1.3865,1.38676,1.00,1.00
2015.06.30 09:58:19.600,1.38647,1.38673,1.12,1.50
2015.06.30 09:58:19.905,1.38649,1.38672,1.12,1.00
2015.06.30 09:58:20.008,1.3865,1.38676,1.00,1.12
2015.06.30 09:58:20.262,1.38652,1.38676,1.00,1.12
2015.06.30 09:58:20.960,1.38659,1.38679,1.00,1.00
2015.06.30 09:58:21.021,1.38659,1.38684,1.37,1.87
2015.06.30 09:58:21.072,1.38659,1.38682,1.37,1.00
2015.06.30 09:58:21.123,1.38655,1.38681,1.37,1.37
2015.06.30 09:58:22.346,1.38655,1.38677,1.37,1.00
2015.06.30 09:58:22.404,1.3865,1.38675,1.37,1.87
2015.06.30 09:58:22.612,1.38665,1.38676,1.00,1.00
2015.06.30 09:58:22.664,1.38654,1.38676,1.00,1.00
2015.06.30 09:58:22.715,1.38661,1.38676,1.00,1.00
2015.06.30 09:58:22.818,1.38664,1.38686,1.50,1.00
2015.06.30 09:58:22.869,1.38679,1.38686,1.00,1.00
2015.06.30 09:58:22.920,1.38679,1.38696,1.00,1.50
2015.06.30 09:58:23.073,1.38674,1.38695,1.12,1.00
2015.06.30 09:58:23.639,1.38665,1.38684,1.12,1.00
2015.06.30 09:58:23.842,1.3866,1.38683,3.00,1.00
2015.06.30 09:58:24.250,1.38661,1.38683,1.37,1.00
2015.06.30 09:58:25.096,1.3866,1.38683,2.25,1.00
2015.06.30 09:58:25.662,1.38663,1.38684,1.00,1.00
2015.06.30 09:58:26.302,1.38662,1.38684,1.00,1.00
2015.06.30 09:58:27.089,1.3866,1.38684,2.25,1.00
2015.06.30 09:58:28.946,1.38662,1.38683,1.00,1.00
2015.06.30 09:58:30.632,1.38658,1.38681,1.00,1.37
2015.06.30 09:58:31.139,1.38656,1.38676,1.37,1.00
2015.06.30 09:58:31.241,1.38656,1.38679,1.87,1.00
2015.06.30 09:58:32.645,1.38659,1.38679,1.00,1.00
2015.06.30 09:58:32.798,1.38659,1.38679,1.37,1.00
2015.06.30 09:58:33.793,1.38659,1.38679,1.75,1.00
2015.06.30 09:58:34.684,1.38659,1.38679,1.75,1.00
2015.06.30 09:58:34.988,1.3866,1.38679,1.00,1.00
2015.06.30 09:58:35.494,1.38659,1.38679,1.75,1.00
2015.06.30 09:58:36.234,1.38657,1.38679,1.75,1.00
2015.06.30 09:58:36.643,1.38658,1.38678,1.12,1.00
2015.06.30 09:58:36.694,1.38656,1.38671,1.37,1.00
2015.06.30 09:58:36.746,1.38656,1.38671,1.00,1.00
2015.06.30 09:58:36.898,1.38656,1.38674,1.00,1.00
2015.06.30 09:58:37.460,1.38656,1.38676,1.00,1.00
2015.06.30 09:58:37.917,1.38653,1.38675,1.00,1.12
2015.06.30 09:58:37.968,1.38653,1.38672,1.00,1.00
2015.06.30 09:58:38.121,1.3865,1.38672,1.37,1.00
2015.06.30 09:58:38.224,1.38649,1.3867,1.50,1.00
2015.06.30 09:58:38.377,1.38647,1.38672,3.00,1.50
2015.06.30 09:58:38.928,1.38647,1.3867,1.87,1.00
2015.06.30 09:58:39.439,1.38645,1.38671,1.37,1.00
2015.06.30 09:58:39.840,1.38638,1.38658,1.87,1.00
2015.06.30 09:58:40.558,1.38638,1.38658,1.87,1.00
2015.06.30 09:58:40.761,1.38638,1.3866,1.87,1.00
2015.06.30 09:58:41.371,1.38636,1.3866,1.37,1.00
2015.06.30 09:58:42.619,1.38636,1.38659,1.37,1.00
2015.06.30 09:58:42.670,1.38636,1.38659,1.37,1.00
2015.06.30 09:58:42.721,1.38636,1.38657,1.37,1.00
2015.06.30 09:58:43.423,1.3864,1.38657,1.00,1.00
2015.06.30 09:58:43.474,1.3864,1.38662,1.12,1.00
2015.06.30 09:58:43.633,1.3864,1.38665,1.12,1.50
2015.06.30 09:58:43.735,1.38642,1.38668,1.37,1.50
2015.06.30 09:58:44.039,1.38651,1.38673,1.00,1.00
2015.06.30 09:58:45.447,1.38645,1.38666,1.00,1.00
2015.06.30 09:58:45.753,1.38642,1.38663,1.00,1.00
2015.06.30 09:58:47.507,1.38642,1.38666,1.00,1.37
2015.06.30 09:58:47.761,1.38642,1.38668,1.37,1.12
2015.06.30 09:58:47.862,1.38646,1.38671,1.37,1.00
2015.06.30 09:58:48.453,1.38647,1.3867,1.12,1.00
2015.06.30 09:58:48.555,1.38645,1.3867,1.12,1.87
2015.06.30 09:58:50.071,1.3865,1.38671,1.00,1.37
2015.06.30 09:58:50.123,1.38646,1.38673,1.87,1.75
2015.06.30 09:58:50.460,1.38646,1.38674,3.00,1.87
2015.06.30 09:58:50.765,1.38651,1.38676,1.12,1.37
2015.06.30 09:58:51.462,1.38653,1.38673,1.00,1.00
2015.06.30 09:58:51.567,1.38647,1.38673,1.87,1.50
2015.06.30 09:58:51.772,1.38647,1.38673,1.12,2.25
2015.06.30 09:58:52.078,1.38647,1.38671,1.12,1.50
2015.06.30 09:58:52.866,1.3865,1.38671,1.37,1.00
2015.06.30 09:58:52.922,1.3865,1.38677,1.37,1.87
2015.06.30 09:58:53.979,1.38653,1.38678,1.00,3.75
2015.06.30 09:58:54.081,1.38651,1.38676,1.00,2.25
2015.06.30 09:58:54.566,1.3865,1.38671,1.00,1.37
2015.06.30 09:58:54.617,1.38646,1.38671,1.12,1.37
2015.06.30 09:58:54.921,1.38646,1.38668,1.00,1.12
2015.06.30 09:58:55.073,1.38643,1.38668,2.62,1.12
2015.06.30 09:58:55.175,1.38643,1.38664,1.87,1.00
2015.06.30 09:58:56.077,1.38647,1.38671,1.12,1.12
2015.06.30 09:58:56.128,1.38649,1.38671,1.00,1.12
2015.06.30 09:58:56.634,1.3865,1.38671,1.00,1.12
2015.06.30 09:58:57.145,1.3865,1.38673,1.00,1.37
2015.06.30 09:58:58.689,1.38645,1.3867,1.00,1.50
2015.06.30 09:59:00.078,1.38637,1.38658,1.37,1.87
2015.06.30 09:59:00.129,1.38632,1.38656,1.00,1.37
2015.06.30 09:59:00.383,1.3863,1.38655,1.00,1.37
2015.06.30 09:59:01.366,1.38627,1.3865,1.12,1.00
2015.06.30 09:59:01.519,1.38621,1.38647,1.50,1.12
2015.06.30 09:59:01.575,1.38625,1.38648,1.00,1.37
2015.06.30 09:59:01.678,1.3862,1.38645,1.50,1.12
2015.06.30 09:59:02.085,1.38616,1.38642,2.62,1.00
2015.06.30 09:59:02.821,1.38616,1.38642,1.37,1.37
2015.06.30 09:59:03.430,1.38616,1.38642,1.37,1.75
2015.06.30 09:59:04.268,1.38614,1.3864,1.37,1.87
2015.06.30 09:59:04.616,1.38618,1.3864,1.12,1.87
2015.06.30 09:59:04.718,1.3862,1.38646,1.00,1.50
2015.06.30 09:59:04.770,1.3862,1.38643,1.00,1.00
2015.06.30 09:59:05.075,1.38616,1.3864,1.87,1.12
2015.06.30 09:59:05.660,1.38619,1.38637,1.00,1.00
2015.06.30 09:59:05.812,1.38625,1.3865,1.50,1.50
2015.06.30 09:59:05.863,1.38625,1.38652,1.50,1.50
2015.06.30 09:59:06.173,1.38628,1.38653,1.00,1.00
2015.06.30 09:59:06.276,1.38629,1.38655,1.00,1.00
2015.06.30 09:59:06.480,1.38631,1.38655,1.00,1.50
2015.06.30 09:59:07.016,1.38632,1.38657,1.00,1.50
2015.06.30 09:59:08.337,1.38632,1.38655,1.00,1.00
2015.06.30 09:59:08.874,1.38628,1.38649,1.00,1.00
2015.06.30 09:59:08.925,1.38623,1.38649,1.00,1.00
2015.06.30 09:59:09.179,1.38625,1.38649,1.00,1.00
2015.06.30 09:59:09.230,1.38626,1.38651,1.00,1.50
2015.06.30 09:59:09.740,1.38627,1.38651,1.00,1.50
2015.06.30 09:59:10.261,1.38629,1.38652,1.00,1.00
2015.06.30 09:59:10.565,1.38628,1.3865,1.50,1.12
2015.06.30 09:59:10.768,1.38626,1.3865,1.00,1.12
2015.06.30 09:59:12.309,1.38626,1.38647,1.00,1.00
2015.06.30 09:59:12.462,1.38622,1.38647,1.50,1.00
2015.06.30 09:59:13.827,1.38631,1.38651,1.00,1.00
2015.06.30 09:59:13.879,1.38631,1.38654,1.00,1.00
2015.06.30 09:59:14.617,1.38631,1.38652,1.00,1.00
2015.06.30 09:59:15.834,1.38631,1.38644,1.00,1.00
2015.06.30 09:59:15.987,1.38628,1.38644,1.00,1.12
2015.06.30 09:59:16.038,1.38627,1.38642,1.00,1.00
2015.06.30 09:59:16.090,1.38623,1.38642,1.00,1.00
2015.06.30 09:59:16.191,1.38621,1.38641,1.00,1.00
2015.06.30 09:59:16.293,1.38621,1.38641,1.00,1.37
2015.06.30 09:59:16.880,1.38618,1.3864,1.00,1.00
2015.06.30 09:59:17.615,1.38618,1.3864,1.00,1.37
2015.06.30 09:59:17.718,1.38618,1.38644,1.00,1.12
2015.06.30 09:59:17.871,1.38622,1.38643,1.00,1.37
2015.06.30 09:59:18.368,1.38619,1.38642,1.00,1.87
2015.06.30 09:59:18.419,1.38615,1.38642,1.50,2.62
2015.06.30 09:59:18.580,1.38619,1.38642,1.00,2.25
2015.06.30 09:59:18.683,1.38625,1.38651,1.00,1.37
2015.06.30 09:59:18.737,1.38625,1.38651,1.00,1.00
2015.06.30 09:59:18.789,1.38631,1.38654,1.00,1.50
2015.06.30 09:59:18.890,1.38627,1.38651,1.00,1.00
2015.06.30 09:59:18.942,1.38627,1.38653,1.00,3.00
2015.06.30 09:59:19.532,1.38627,1.38653,1.87,1.50
2015.06.30 09:59:19.584,1.38633,1.38655,1.00,1.00
2015.06.30 09:59:19.635,1.38634,1.38657,1.00,1.00
2015.06.30 09:59:19.788,1.38638,1.38659,1.00,1.00
2015.06.30 09:59:19.940,1.38638,1.38661,1.00,1.00
2015.06.30 09:59:20.143,1.38637,1.38651,1.00,1.00
2015.06.30 09:59:20.847,1.38634,1.38639,1.00,1.00
2015.06.30 09:59:20.909,1.38619,1.38639,1.50,1.00
2015.06.30 09:59:20.960,1.38619,1.38641,1.00,1.50
2015.06.30 09:59:21.012,1.38617,1.38641,1.00,1.50
2015.06.30 09:59:21.063,1.38617,1.38639,1.00,1.00
2015.06.30 09:59:21.216,1.38614,1.38637,1.00,1.50
2015.06.30 09:59:21.717,1.38613,1.38637,1.00,1.00
2015.06.30 09:59:22.304,1.38622,1.38641,1.00,1.00
2015.06.30 09:59:22.405,1.38626,1.38648,1.00,1.00
2015.06.30 09:59:22.608,1.38626,1.3865,1.00,1.87
2015.06.30 09:59:23.121,1.38627,1.3865,1.00,1.87
2015.06.30 09:59:24.768,1.38628,1.3865,1.00,1.87
2015.06.30 09:59:26.161,1.3863,1.3865,1.00,1.00
2015.06.30 09:59:26.314,1.3863,1.38656,1.00,1.87
2015.06.30 09:59:26.365,1.38636,1.38656,1.00,2.62
2015.06.30 09:59:26.416,1.38634,1.38656,1.00,1.00
2015.06.30 09:59:26.518,1.38631,1.38655,1.00,1.50
2015.06.30 09:59:26.620,1.38631,1.38652,1.00,1.00
2015.06.30 09:59:26.722,1.38627,1.38652,1.87,1.00
2015.06.30 09:59:27.829,1.38625,1.38648,1.00,1.00
2015.06.30 09:59:31.459,1.38624,1.38648,1.00,1.50
2015.06.30 09:59:31.776,1.38624,1.38646,1.00,1.00
2015.06.30 09:59:32.279,1.38623,1.38646,1.00,1.00
2015.06.30 09:59:33.300,1.38621,1.38645,1.00,1.00
2015.06.30 09:59:34.438,1.38621,1.38643,1.12,1.00
2015.06.30 09:59:34.607,1.38623,1.38646,1.00,1.00
2015.06.30 09:59:35.122,1.38621,1.38646,1.00,1.12
2015.06.30 09:59:35.518,1.3862,1.38644,1.00,1.00
2015.06.30 09:59:36.062,1.38618,1.38644,1.50,1.00
2015.06.30 09:59:37.715,1.38618,1.38641,1.87,1.00
2015.06.30 09:59:39.617,1.38617,1.38641,1.37,1.50
2015.06.30 09:59:40.118,1.38617,1.38641,1.12,1.50
2015.06.30 09:59:40.438,1.38618,1.38644,1.12,1.00
2015.06.30 09:59:41.875,1.38618,1.38644,1.87,1.00
2015.06.30 09:59:41.934,1.38616,1.38641,2.62,1.00
2015.06.30 09:59:42.758,1.38616,1.38641,3.37,1.00
2015.06.30 09:59:43.862,1.38616,1.38641,2.62,1.00
2015.06.30 09:59:44.530,1.38616,1.38641,2.25,1.00
2015.06.30 09:59:45.924,1.38616,1.38641,1.50,1.37
2015.06.30 09:59:47.667,1.38617,1.38641,1.00,1.37
2015.06.30 09:59:47.819,1.38616,1.38641,2.62,1.00
2015.06.30 09:59:47.870,1.38616,1.38641,1.50,1.00
2015.06.30 09:59:47.921,1.38616,1.38641,1.50,1.37
2015.06.30 09:59:48.596,1.38619,1.38644,1.00,1.87
2015.06.30 09:59:48.647,1.38617,1.38642,1.00,1.37
2015.06.30 09:59:48.851,1.38614,1.3864,1.87,1.37
2015.06.30 09:59:49.188,1.38614,1.38638,1.00,1.37
2015.06.30 09:59:49.730,1.38611,1.38636,1.37,1.00
2015.06.30 09:59:50.288,1.3861,1.38636,1.37,1.12
2015.06.30 09:59:51.075,1.38615,1.38639,1.00,1.87
2015.06.30 09:59:51.127,1.38615,1.38639,1.00,1.50
2015.06.30 09:59:51.694,1.3862,1.38645,1.12,1.12
2015.06.30 09:59:52.491,1.3862,1.38646,1.37,1.12
2015.06.30 09:59:53.430,1.3862,1.38643,1.00,1.00
2015.06.30 09:59:53.734,1.38615,1.38638,1.00,1.37
2015.06.30 09:59:53.785,1.38613,1.38638,1.00,1.87
2015.06.30 09:59:53.989,1.3861,1.38636,1.37,1.87
2015.06.30 09:59:54.142,1.3861,1.38633,1.00,1.12
2015.06.30 09:59:55.340,1.38608,1.38632,1.37,1.00
2015.06.30 09:59:55.501,1.3861,1.38637,1.37,1.87
2015.06.30 09:59:55.808,1.3861,1.38637,1.37,1.00
2015.06.30 09:59:56.353,1.3861,1.38638,1.37,1.00
2015.06.30 09:59:56.968,1.38613,1.38633,1.00,1.00
2015.06.30 09:59:57.023,1.38609,1.38633,1.00,1.87
2015.06.30 09:59:57.075,1.38612,1.38633,1.00,1.12
2015.06.30 09:59:57.330,1.38613,1.38637,1.00,1.12
2015.06.30 09:59:57.693,1.38611,1.38638,1.12,1.37
2015.06.30 09:59:58.367,1.38611,1.38635,1.12,1.00
2015.06.30 09:59:58.672,1.38611,1.38636,1.87,1.00
2015.06.30 09:59:58.989,1.38617,1.38636,1.00,1.00
2015.06.30 09:59:59.295,1.38624,1.38643,1.00,1.00
2015.06.30 09:59:59.840,1.38624,1.38642,1.00,1.00
2015.06.30 09:59:59.942,1.3862,1.38643,1.37,1.00
