2013.08.09 19:00:00.532,1.37095,1.37116,1.88,2.44
2013.08.09 19:00:01.523,1.37098,1.37115,1.13,1.50
2013.08.09 19:00:01.641,1.37098,1.37117,1.88,1.32
2013.08.09 19:00:02.381,1.37098,1.37117,1.50,1.32
2013.08.09 19:00:02.741,1.37101,1.37117,1.50,1.13
2013.08.09 19:00:02.802,1.37103,1.37119,1.50,1.50
2013.08.09 19:00:03.342,1.37103,1.37124,1.50,1.69
2013.08.09 19:00:03.701,1.37103,1.37123,1.50,1.69
2013.08.09 19:00:04.542,1.37105,1.37126,1.50,1.69
2013.08.09 19:00:05.100,1.37105,1.37126,1.50,1.69
2013.08.09 19:00:05.401,1.371,1.37118,4.50,1.13
2013.08.09 19:00:05.461,1.371,1.37119,4.50,1.13
2013.08.09 19:00:05.520,1.37099,1.37118,2.25,1.50
2013.08.09 19:00:06.094,1.37098,1.37118,1.50,1.13
2013.08.09 19:00:06.680,1.37097,1.37117,1.50,1.69
2013.08.09 19:00:06.801,1.37094,1.37112,1.28,2.25
2013.08.09 19:00:06.920,1.3709,1.37107,1.88,1.50
2013.08.09 19:00:07.461,1.37091,1.37112,3.00,1.50
2013.08.09 19:00:07.521,1.37092,1.37114,1.50,3.00
2013.08.09 19:00:07.581,1.37092,1.37114,1.50,2.25
2013.08.09 19:00:07.821,1.37092,1.37112,1.50,1.50
2013.08.09 19:00:08.360,1.37093,1.37115,2.25,2.44
2013.08.09 19:00:08.481,1.37092,1.37116,3.19,2.44
2013.08.09 19:00:08.540,1.37093,1.37116,5.63,2.44
2013.08.09 19:00:08.721,1.37093,1.37116,1.88,2.44
2013.08.09 19:00:08.782,1.37093,1.37114,1.13,1.50
2013.08.09 19:00:09.810,1.37092,1.37114,1.32,1.50
2013.08.09 19:00:11.601,1.37092,1.37114,2.07,1.50
2013.08.09 19:00:11.995,1.37096,1.37118,1.50,1.32
2013.08.09 19:00:12.150,1.37095,1.37116,1.50,1.69
2013.08.09 19:00:13.654,1.37094,1.37116,1.50,1.69
2013.08.09 19:00:13.721,1.37094,1.37116,3.38,1.69
2013.08.09 19:00:14.250,1.37096,1.37118,1.50,2.82
2013.08.09 19:00:14.563,1.37097,1.37118,1.50,2.07
2013.08.09 19:00:15.480,1.37098,1.37119,2.44,1.13
2013.08.09 19:00:15.781,1.37102,1.37125,2.44,3.19
2013.08.09 19:00:16.331,1.37108,1.37127,1.13,1.69
2013.08.09 19:00:16.391,1.37108,1.37128,1.32,2.25
2013.08.09 19:00:16.451,1.3711,1.3713,1.50,2.44
2013.08.09 19:00:16.690,1.37109,1.37129,1.88,1.50
2013.08.09 19:00:17.231,1.37107,1.37129,2.44,3.00
2013.08.09 19:00:18.953,1.37107,1.37127,2.44,1.13
2013.08.09 19:00:19.381,1.37104,1.37127,2.44,2.82
2013.08.09 19:00:20.171,1.37104,1.37127,2.44,2.82
2013.08.09 19:00:20.231,1.37104,1.37126,1.69,1.69
2013.08.09 19:00:20.593,1.37103,1.37124,1.69,1.50
2013.08.09 19:00:20.654,1.371,1.37123,2.44,1.50
2013.08.09 19:00:20.931,1.371,1.37124,3.19,1.50
2013.08.09 19:00:21.234,1.37103,1.37127,2.44,1.69
2013.08.09 19:00:22.162,1.37105,1.37127,1.50,1.69
2013.08.09 19:00:22.463,1.37113,1.37135,1.50,1.69
2013.08.09 19:00:22.820,1.37114,1.37135,1.50,2.44
2013.08.09 19:00:22.954,1.37113,1.37134,1.50,1.69
2013.08.09 19:00:24.361,1.37114,1.37137,1.50,2.44
2013.08.09 19:00:24.541,1.37117,1.37137,1.50,6.19
2013.08.09 19:00:24.841,1.37114,1.37137,1.50,6.19
2013.08.09 19:00:26.496,1.37115,1.37135,1.50,1.50
2013.08.09 19:00:26.931,1.37111,1.37135,2.44,2.44
2013.08.09 19:00:27.421,1.37113,1.37135,1.69,1.69
2013.08.09 19:00:27.901,1.37117,1.37137,1.50,4.69
2013.08.09 19:00:28.381,1.37116,1.37138,1.50,6.94
2013.08.09 19:00:28.661,1.37116,1.37138,1.50,6.19
2013.08.09 19:00:30.190,1.37116,1.37138,1.50,6.19
2013.08.09 19:00:30.700,1.37116,1.37138,1.50,6.19
2013.08.09 19:00:31.244,1.37116,1.37138,1.50,6.19
2013.08.09 19:00:31.421,1.37117,1.37138,1.50,5.44
2013.08.09 19:00:32.156,1.37115,1.37137,2.25,6.19
2013.08.09 19:00:32.445,1.37115,1.37137,3.00,6.19
2013.08.09 19:00:32.571,1.37117,1.37137,1.50,5.44
2013.08.09 19:00:33.911,1.37114,1.37137,5.44,6.94
2013.08.09 19:00:34.231,1.37114,1.37136,4.69,1.50
2013.08.09 19:00:34.292,1.37113,1.37134,1.69,1.50
2013.08.09 19:00:34.410,1.37115,1.37134,1.50,1.50
2013.08.09 19:00:35.070,1.37113,1.37134,2.44,1.50
2013.08.09 19:00:35.616,1.37114,1.37134,1.69,1.50
2013.08.09 19:00:36.127,1.37111,1.37134,1.69,2.25
2013.08.09 19:00:36.666,1.37111,1.37134,1.69,2.44
2013.08.09 19:00:37.220,1.37109,1.37133,4.32,3.75
2013.08.09 19:00:37.281,1.37109,1.37128,2.07,1.50
2013.08.09 19:00:37.693,1.37109,1.37131,1.69,1.50
2013.08.09 19:00:38.351,1.37109,1.37133,2.44,1.50
2013.08.09 19:00:38.411,1.37109,1.37134,2.44,2.44
2013.08.09 19:00:38.651,1.3711,1.37134,3.94,1.69
2013.08.09 19:00:38.831,1.3711,1.37134,3.19,1.69
2013.08.09 19:00:39.417,1.3711,1.37132,2.44,2.44
2013.08.09 19:00:40.118,1.3711,1.37132,3.04,1.69
2013.08.09 19:00:40.423,1.37118,1.37137,1.50,4.88
2013.08.09 19:00:41.372,1.37119,1.37137,1.50,5.25
2013.08.09 19:00:41.731,1.37137,1.37148,1.13,1.13
2013.08.09 19:00:41.790,1.37137,1.37152,1.13,1.20
2013.08.09 19:00:41.851,1.37137,1.37156,1.88,1.58
2013.08.09 19:00:41.911,1.37137,1.37158,2.63,1.50
2013.08.09 19:00:42.091,1.37137,1.3716,1.13,2.44
2013.08.09 19:00:42.211,1.37141,1.3716,1.50,1.69
2013.08.09 19:00:42.571,1.37141,1.37157,1.50,1.50
2013.08.09 19:00:49.781,1.37136,1.37154,1.13,1.50
2013.08.09 19:00:49.841,1.37134,1.37154,1.13,1.88
2013.08.09 19:00:49.961,1.37133,1.37154,1.13,4.32
2013.08.09 19:00:50.024,1.37132,1.37153,1.50,1.69
2013.08.09 19:00:50.211,1.37127,1.3715,3.57,1.50
2013.08.09 19:00:50.270,1.37127,1.3715,2.07,2.25
2013.08.09 19:00:50.451,1.37127,1.3715,2.82,1.50
2013.08.09 19:00:50.810,1.37127,1.37149,2.44,1.50
2013.08.09 19:00:51.191,1.37127,1.37149,1.69,2.25
2013.08.09 19:00:51.712,1.37126,1.37147,1.13,1.69
2013.08.09 19:01:01.731,1.37127,1.37148,1.13,1.69
2013.08.09 19:01:01.854,1.37128,1.3715,2.44,1.50
2013.08.09 19:01:01.922,1.37128,1.37149,2.44,2.25
2013.08.09 19:01:02.103,1.37127,1.3715,2.07,2.25
2013.08.09 19:01:02.221,1.37127,1.3715,2.07,2.25
2013.08.09 19:01:02.641,1.37128,1.3715,1.69,2.25
2013.08.09 19:01:02.926,1.37127,1.37147,1.13,1.32
2013.08.09 19:01:02.993,1.37123,1.37145,1.88,1.50
2013.08.09 19:01:03.053,1.37122,1.37144,2.44,1.50
2013.08.09 19:01:03.579,1.37121,1.37143,1.69,1.50
2013.08.09 19:01:05.162,1.37121,1.37144,2.44,1.50
2013.08.09 19:01:08.171,1.37121,1.37144,2.44,1.50
2013.08.09 19:01:10.243,1.37121,1.37144,2.44,1.69
2013.08.09 19:01:11.581,1.37122,1.37143,1.69,1.69
2013.08.09 19:01:11.654,1.37109,1.37131,1.50,1.88
2013.08.09 19:01:11.727,1.37109,1.37131,1.50,1.13
2013.08.09 19:01:11.796,1.37106,1.37129,1.50,2.44
2013.08.09 19:01:11.923,1.37107,1.37131,2.25,1.69
2013.08.09 19:01:11.992,1.37107,1.37132,2.44,1.69
2013.08.09 19:01:12.052,1.37109,1.37132,1.50,1.69
2013.08.09 19:01:12.352,1.37109,1.37131,1.50,1.69
2013.08.09 19:01:12.871,1.3711,1.37134,1.50,2.82
2013.08.09 19:01:13.194,1.3711,1.37134,1.50,3.57
2013.08.09 19:01:13.710,1.37109,1.37132,3.19,1.50
2013.08.09 19:01:16.394,1.37109,1.37132,2.44,1.50
2013.08.09 19:01:23.221,1.37109,1.37132,2.44,1.69
2013.08.09 19:01:25.461,1.37109,1.37132,2.44,1.69
2013.08.09 19:01:30.271,1.37109,1.37132,2.44,1.69
2013.08.09 19:01:31.391,1.37109,1.37133,2.44,2.44
2013.08.09 19:01:31.510,1.3711,1.37133,2.63,1.69
2013.08.09 19:01:32.060,1.37112,1.37134,2.25,1.69
2013.08.09 19:01:33.194,1.37113,1.37137,1.50,1.69
2013.08.09 19:01:40.811,1.37115,1.37139,1.50,3.57
2013.08.09 19:01:40.991,1.37115,1.37139,2.25,3.57
2013.08.09 19:01:41.350,1.37115,1.37137,2.25,1.50
2013.08.09 19:01:43.160,1.37115,1.37136,1.50,1.69
2013.08.09 19:01:45.524,1.37114,1.37137,1.69,2.44
2013.08.09 19:01:45.652,1.37115,1.37137,2.25,2.29
2013.08.09 19:01:45.713,1.37115,1.37135,1.50,1.69
2013.08.09 19:01:45.893,1.37112,1.37133,3.00,1.69
2013.08.09 19:01:46.192,1.37112,1.37135,2.25,2.25
2013.08.09 19:01:46.311,1.37114,1.37137,1.50,1.69
2013.08.09 19:01:46.492,1.37117,1.37138,1.50,1.69
2013.08.09 19:01:47.793,1.37117,1.3714,1.69,1.69
2013.08.09 19:01:49.152,1.37117,1.37134,1.69,1.47
2013.08.09 19:01:49.453,1.37108,1.37125,2.25,1.88
2013.08.09 19:01:49.572,1.37103,1.37121,1.69,1.50
2013.08.09 19:01:49.871,1.37098,1.37121,2.44,2.25
2013.08.09 19:01:51.691,1.37098,1.37121,2.44,2.25
2013.08.09 19:01:51.873,1.371,1.37121,1.50,2.25
2013.08.09 19:01:52.171,1.37105,1.37126,1.69,1.69
2013.08.09 19:01:52.668,1.37104,1.37126,1.69,2.44
2013.08.09 19:01:54.321,1.37102,1.37125,1.69,2.25
2013.08.09 19:01:54.853,1.37102,1.37126,2.44,2.44
2013.08.09 19:01:56.761,1.37104,1.37126,2.25,1.69
2013.08.09 19:01:57.301,1.37102,1.37124,1.50,1.69
2013.08.09 19:01:58.253,1.37102,1.37124,1.69,1.50
2013.08.09 19:01:58.314,1.37105,1.37128,2.25,1.69
2013.08.09 19:01:58.851,1.37106,1.37129,3.19,1.88
2013.08.09 19:01:59.361,1.37105,1.37128,3.19,1.50
2013.08.09 19:01:59.950,1.37108,1.37129,1.50,1.69
2013.08.09 19:02:02.191,1.37108,1.37129,2.25,1.69
2013.08.09 19:02:02.252,1.37108,1.37131,3.75,1.69
2013.08.09 19:02:02.373,1.37113,1.37136,2.25,3.57
2013.08.09 19:02:06.421,1.37115,1.37136,1.50,1.32
2013.08.09 19:02:09.212,1.37115,1.37136,1.50,2.44
2013.08.09 19:02:09.331,1.37112,1.37131,1.69,1.50
2013.08.09 19:02:10.133,1.37109,1.3713,1.69,1.50
2013.08.09 19:02:10.252,1.3711,1.37131,1.50,1.50
2013.08.09 19:02:10.311,1.37107,1.37131,2.25,2.63
2013.08.09 19:02:10.491,1.37107,1.37129,1.50,1.13
2013.08.09 19:02:15.810,1.37106,1.37128,1.50,1.69
2013.08.09 19:02:16.141,1.37105,1.37127,1.69,1.69
2013.08.09 19:02:16.740,1.37104,1.37126,1.69,1.69
2013.08.09 19:02:17.280,1.37104,1.37126,1.69,1.69
2013.08.09 19:02:18.922,1.37104,1.37126,1.50,1.69
2013.08.09 19:02:20.072,1.37104,1.37126,1.50,1.69
2013.08.09 19:02:22.530,1.37104,1.37126,1.50,1.69
2013.08.09 19:02:26.241,1.37104,1.37126,1.50,1.69
2013.08.09 19:02:30.291,1.37105,1.37128,1.50,2.07
2013.08.09 19:02:36.501,1.37105,1.37128,1.50,1.32
2013.08.09 19:02:38.022,1.37105,1.37128,1.50,2.82
2013.08.09 19:02:38.201,1.37103,1.37124,1.50,1.69
2013.08.09 19:02:39.893,1.37102,1.37124,1.50,2.82
2013.08.09 19:02:41.651,1.37103,1.37124,1.50,2.82
2013.08.09 19:02:41.725,1.37103,1.37124,1.50,1.32
2013.08.09 19:02:42.901,1.37104,1.37127,1.50,1.32
2013.08.09 19:02:50.261,1.37103,1.37124,1.69,2.25
2013.08.09 19:02:53.380,1.37102,1.37126,2.44,2.07
2013.08.09 19:02:54.710,1.37102,1.37124,1.69,1.69
2013.08.09 19:02:56.111,1.37102,1.37125,2.25,1.69
2013.08.09 19:02:56.291,1.37105,1.37127,1.69,2.07
2013.08.09 19:02:57.421,1.37106,1.37129,2.25,2.44
2013.08.09 19:03:00.213,1.37106,1.37129,2.25,2.44
2013.08.09 19:03:00.331,1.37106,1.37128,1.50,2.44
2013.08.09 19:03:00.451,1.37104,1.37127,2.25,2.25
2013.08.09 19:03:00.572,1.37103,1.37127,1.69,1.50
2013.08.09 19:03:00.691,1.37104,1.37128,1.50,4.69
2013.08.09 19:03:01.130,1.37103,1.37126,2.44,1.50
2013.08.09 19:03:01.972,1.37103,1.37126,2.25,1.69
2013.08.09 19:03:02.412,1.37104,1.37126,1.50,1.69
2013.08.09 19:03:02.951,1.37105,1.37127,1.50,1.32
2013.08.09 19:03:03.191,1.37103,1.37127,1.50,3.57
2013.08.09 19:03:03.311,1.37101,1.37123,1.69,1.50
2013.08.09 19:03:04.650,1.37101,1.37123,1.69,1.50
2013.08.09 19:03:04.952,1.37103,1.37125,1.50,1.69
2013.08.09 19:03:05.011,1.37103,1.37125,1.50,2.44
2013.08.09 19:03:05.910,1.37103,1.37126,1.50,1.69
2013.08.09 19:03:06.855,1.37103,1.37126,2.25,2.44
2013.08.09 19:03:07.681,1.37104,1.37126,1.50,1.69
2013.08.09 19:03:08.201,1.37103,1.37126,2.25,1.69
2013.08.09 19:03:09.411,1.37104,1.37126,1.50,2.44
2013.08.09 19:03:09.531,1.37105,1.37128,2.44,2.25
2013.08.09 19:03:09.590,1.37105,1.37128,1.69,1.50
2013.08.09 19:03:10.500,1.37106,1.37128,1.69,1.50
2013.08.09 19:03:10.931,1.37107,1.37129,1.50,2.44
2013.08.09 19:03:15.700,1.37108,1.37129,1.50,1.69
2013.08.09 19:03:15.840,1.37108,1.37129,1.69,1.69
2013.08.09 19:03:17.215,1.3711,1.37129,1.50,1.69
2013.08.09 19:03:17.764,1.3711,1.37129,1.50,1.69
2013.08.09 19:03:17.890,1.3711,1.37129,1.50,1.69
2013.08.09 19:03:18.401,1.37114,1.37129,1.50,1.69
2013.08.09 19:03:20.991,1.37108,1.37129,1.69,1.69
2013.08.09 19:03:21.532,1.37108,1.37132,1.69,2.44
2013.08.09 19:03:22.094,1.37111,1.37133,1.50,1.32
2013.08.09 19:03:23.243,1.37111,1.37133,1.50,1.32
2013.08.09 19:03:24.371,1.37111,1.37132,1.50,1.69
2013.08.09 19:03:24.491,1.37108,1.37129,3.38,1.50
2013.08.09 19:03:24.551,1.37109,1.37131,1.50,2.29
2013.08.09 19:03:24.731,1.37108,1.37129,1.50,1.50
2013.08.09 19:03:24.851,1.37108,1.37131,3.00,2.29
2013.08.09 19:03:31.973,1.37108,1.37131,2.44,2.29
2013.08.09 19:03:34.473,1.37108,1.37131,2.44,2.29
2013.08.09 19:03:39.491,1.37111,1.37134,1.50,3.04
2013.08.09 19:03:41.031,1.37111,1.37134,1.69,3.04
2013.08.09 19:03:42.211,1.37111,1.37134,2.44,2.29
2013.08.09 19:03:42.331,1.37111,1.37135,2.44,2.07
2013.08.09 19:03:46.172,1.37111,1.37133,2.44,2.25
2013.08.09 19:03:46.231,1.37111,1.37131,2.25,2.07
2013.08.09 19:03:46.473,1.37109,1.37128,1.50,1.69
2013.08.09 19:03:46.984,1.37108,1.37128,1.50,1.69
2013.08.09 19:03:47.172,1.37105,1.37128,1.50,3.19
2013.08.09 19:03:47.691,1.37103,1.37127,2.82,1.69
2013.08.09 19:03:47.871,1.37105,1.37128,1.50,3.19
2013.08.09 19:03:48.532,1.37105,1.37127,1.50,1.69
2013.08.09 19:03:48.652,1.37103,1.37125,1.13,1.69
2013.08.09 19:03:50.627,1.37102,1.37125,1.69,1.69
2013.08.09 19:03:52.333,1.37102,1.37125,1.50,1.69
2013.08.09 19:03:53.943,1.37102,1.37125,1.69,1.69
2013.08.09 19:03:54.491,1.37102,1.37125,1.69,1.69
2013.08.09 19:03:59.600,1.37103,1.37128,2.44,3.57
2013.08.09 19:04:01.935,1.37107,1.37128,1.13,2.82
2013.08.09 19:04:02.242,1.37111,1.37129,1.13,1.69
2013.08.09 19:04:02.421,1.37108,1.37128,1.13,1.50
2013.08.09 19:04:02.481,1.37106,1.37128,2.44,1.50
2013.08.09 19:04:02.721,1.3711,1.37129,1.50,1.88
2013.08.09 19:04:02.842,1.37107,1.37129,2.25,1.13
2013.08.09 19:04:02.902,1.37108,1.3713,2.25,1.88
2013.08.09 19:04:03.442,1.37111,1.37134,1.32,3.57
2013.08.09 19:04:03.501,1.37111,1.37134,1.32,1.50
2013.08.09 19:04:03.561,1.3711,1.37134,3.57,2.25
2013.08.09 19:04:04.012,1.37114,1.37134,1.69,1.50
2013.08.09 19:04:04.251,1.37112,1.37134,1.69,1.50
2013.08.09 19:04:04.976,1.37115,1.37138,1.50,3.19
2013.08.09 19:04:07.011,1.37115,1.37137,2.44,1.69
2013.08.09 19:04:08.141,1.37115,1.37137,2.44,1.69
2013.08.09 19:04:08.693,1.37114,1.37138,1.69,1.69
2013.08.09 19:04:09.992,1.37114,1.37138,1.50,1.69
2013.08.09 19:04:13.361,1.37114,1.37136,2.44,1.50
2013.08.09 19:04:13.662,1.37118,1.37131,1.50,1.50
2013.08.09 19:04:13.724,1.37118,1.3714,1.50,1.69
2013.08.09 19:04:15.752,1.37118,1.3714,1.50,1.69
2013.08.09 19:04:16.471,1.37118,1.37141,1.50,1.69
2013.08.09 19:04:17.051,1.37119,1.37141,1.50,1.69
2013.08.09 19:04:17.190,1.37122,1.37142,1.50,1.69
2013.08.09 19:04:18.781,1.37123,1.37143,1.50,1.69
2013.08.09 19:04:19.683,1.37123,1.37144,1.50,1.13
2013.08.09 19:04:19.753,1.37126,1.37147,1.50,1.32
2013.08.09 19:04:20.058,1.37127,1.3715,1.50,2.07
2013.08.09 19:04:20.692,1.37127,1.3715,1.50,2.44
2013.08.09 19:04:23.011,1.37127,1.37151,3.00,1.69
2013.08.09 19:04:24.493,1.3713,1.3715,1.50,1.69
2013.08.09 19:04:26.181,1.37128,1.3715,1.50,1.69
2013.08.09 19:04:27.354,1.37128,1.3715,2.25,1.69
2013.08.09 19:04:27.422,1.37128,1.37151,2.25,2.44
2013.08.09 19:04:27.941,1.37128,1.3715,2.25,1.69
2013.08.09 19:04:28.497,1.37128,1.37149,2.25,1.32
2013.08.09 19:04:29.104,1.37128,1.37148,2.25,1.32
2013.08.09 19:04:29.662,1.37125,1.37144,1.50,1.69
2013.08.09 19:04:29.722,1.37124,1.37136,1.50,1.13
2013.08.09 19:04:29.847,1.37119,1.37136,1.50,1.32
2013.08.09 19:04:30.151,1.37116,1.37136,1.50,1.32
2013.08.09 19:04:30.212,1.37117,1.37136,1.50,1.32
2013.08.09 19:04:30.551,1.37117,1.37135,2.25,1.13
2013.08.09 19:04:31.031,1.37116,1.37135,1.50,1.13
2013.08.09 19:04:31.681,1.37117,1.37139,1.50,2.44
2013.08.09 19:04:32.203,1.37117,1.37139,1.50,1.32
2013.08.09 19:04:33.033,1.37117,1.37139,1.50,1.32
2013.08.09 19:04:36.162,1.37117,1.37139,1.50,1.32
2013.08.09 19:04:37.371,1.37117,1.37139,1.50,1.32
2013.08.09 19:04:38.008,1.37117,1.37139,1.50,1.32
2013.08.09 19:04:40.102,1.37117,1.37139,1.50,1.32
2013.08.09 19:04:41.021,1.37117,1.37139,1.50,1.32
2013.08.09 19:04:42.081,1.37118,1.37141,2.44,2.44
2013.08.09 19:04:42.794,1.37119,1.37141,2.07,2.07
2013.08.09 19:04:42.863,1.37121,1.37141,1.69,1.88
2013.08.09 19:04:43.102,1.37123,1.37145,2.44,1.50
2013.08.09 19:04:46.144,1.37123,1.37145,1.69,1.50
2013.08.09 19:04:46.272,1.3712,1.37144,2.25,2.82
2013.08.09 19:04:46.331,1.3712,1.37144,2.25,3.57
2013.08.09 19:04:46.451,1.37119,1.37142,1.88,1.50
2013.08.09 19:04:47.072,1.37119,1.37141,1.13,1.50
2013.08.09 19:04:56.282,1.37119,1.37142,1.13,1.69
2013.08.09 19:04:56.621,1.37119,1.37142,2.07,1.69
2013.08.09 19:04:57.172,1.37123,1.37145,2.25,1.69
2013.08.09 19:05:00.602,1.37123,1.37145,2.44,1.69
2013.08.09 19:05:01.451,1.37123,1.37145,1.69,1.69
2013.08.09 19:05:01.701,1.37125,1.37145,1.13,1.50
2013.08.09 19:05:01.821,1.37124,1.37145,1.50,1.50
2013.08.09 19:05:02.122,1.37125,1.37144,1.50,1.50
2013.08.09 19:05:02.241,1.37124,1.37145,1.50,1.50
2013.08.09 19:05:02.302,1.37127,1.37147,1.50,1.69
2013.08.09 19:05:02.481,1.37126,1.37147,1.50,2.07
2013.08.09 19:05:02.601,1.37122,1.37145,1.69,1.50
2013.08.09 19:05:04.821,1.37122,1.37146,1.50,1.69
2013.08.09 19:05:07.581,1.37122,1.37147,1.69,1.69
2013.08.09 19:05:13.051,1.37122,1.37147,1.69,2.44
2013.08.09 19:05:15.001,1.37125,1.37148,1.50,1.69
2013.08.09 19:05:15.577,1.37122,1.37146,2.44,1.69
2013.08.09 19:05:17.481,1.37126,1.37149,2.25,2.82
2013.08.09 19:05:17.661,1.37127,1.3715,1.50,2.44
2013.08.09 19:05:17.962,1.37129,1.37151,2.25,2.07
2013.08.09 19:05:18.081,1.37129,1.37151,2.25,1.13
2013.08.09 19:05:25.319,1.37128,1.3715,1.69,1.50
2013.08.09 19:05:25.871,1.37128,1.3715,2.44,1.50
2013.08.09 19:05:26.372,1.37127,1.37151,1.69,2.82
2013.08.09 19:05:26.492,1.3713,1.37151,1.50,2.07
2013.08.09 19:05:32.600,1.37129,1.37151,1.50,2.07
2013.08.09 19:05:33.301,1.37129,1.37151,1.50,2.07
2013.08.09 19:05:35.862,1.37129,1.37151,1.50,2.07
2013.08.09 19:05:37.724,1.37129,1.37151,1.50,2.07
2013.08.09 19:05:38.356,1.37127,1.37147,2.44,1.50
2013.08.09 19:05:40.081,1.37128,1.37147,1.50,2.25
2013.08.09 19:05:40.652,1.37129,1.37147,1.50,2.25
2013.08.09 19:05:42.981,1.37129,1.37143,1.50,1.50
2013.08.09 19:05:43.892,1.37127,1.37143,1.69,1.50
2013.08.09 19:05:44.131,1.37119,1.37142,2.82,2.25
2013.08.09 19:05:44.702,1.3712,1.37142,1.69,2.25
2013.08.09 19:05:45.387,1.37122,1.37143,1.50,3.00
2013.08.09 19:05:45.982,1.37121,1.37144,1.32,2.82
2013.08.09 19:05:46.716,1.37121,1.37144,1.13,1.69
2013.08.09 19:05:47.841,1.37121,1.37133,1.13,1.50
2013.08.09 19:05:48.351,1.37121,1.37138,1.13,1.50
2013.08.09 19:05:48.862,1.37121,1.37137,1.13,2.25
2013.08.09 19:05:54.987,1.3712,1.37137,2.25,2.25
2013.08.09 19:05:56.482,1.37121,1.37137,1.69,2.25
2013.08.09 19:05:56.842,1.37132,1.37144,1.50,1.13
2013.08.09 19:05:56.902,1.37133,1.37146,2.25,1.50
2013.08.09 19:05:56.962,1.37133,1.37149,1.88,1.50
2013.08.09 19:05:57.021,1.37133,1.37153,1.88,2.44
2013.08.09 19:05:57.081,1.37133,1.37154,1.13,2.44
2013.08.09 19:05:57.261,1.37131,1.37152,1.50,1.32
2013.08.09 19:05:57.321,1.37128,1.37151,1.50,1.13
2013.08.09 19:05:57.381,1.37128,1.37152,1.88,2.44
2013.08.09 19:05:57.741,1.37135,1.37155,1.50,1.50
2013.08.09 19:05:58.101,1.37136,1.37154,1.50,1.50
2013.08.09 19:05:58.221,1.37136,1.37156,1.50,1.50
2013.08.09 19:05:58.392,1.37133,1.37156,3.00,3.00
2013.08.09 19:05:58.891,1.37133,1.37151,1.13,1.13
2013.08.09 19:05:59.071,1.3713,1.37151,1.69,1.88
2013.08.09 19:05:59.623,1.37128,1.3715,1.69,1.50
2013.08.09 19:06:00.311,1.37128,1.3715,1.50,1.50
2013.08.09 19:06:00.621,1.37126,1.3715,3.19,1.50
2013.08.09 19:06:02.411,1.37126,1.37148,1.69,1.69
2013.08.09 19:06:03.284,1.37125,1.37148,2.25,1.69
2013.08.09 19:06:03.711,1.37133,1.37149,1.13,1.69
2013.08.09 19:06:03.831,1.37133,1.37152,2.25,1.88
2013.08.09 19:06:03.951,1.37133,1.37154,1.50,2.44
2013.08.09 19:06:04.131,1.37129,1.37152,1.50,1.13
2013.08.09 19:06:04.191,1.37127,1.37145,1.88,1.13
2013.08.09 19:06:04.431,1.37128,1.37151,1.50,2.44
2013.08.09 19:06:04.731,1.37127,1.3715,1.50,1.69
2013.08.09 19:06:05.151,1.37126,1.3715,1.88,1.69
2013.08.09 19:06:05.838,1.37134,1.37152,1.50,1.69
2013.08.09 19:06:05.913,1.37134,1.37153,1.50,1.50
2013.08.09 19:06:06.223,1.37131,1.37152,1.69,1.50
2013.08.09 19:06:06.281,1.37129,1.37151,1.69,1.50
2013.08.09 19:06:06.582,1.37134,1.37152,1.88,1.50
2013.08.09 19:06:07.131,1.37134,1.37153,1.88,1.50
2013.08.09 19:06:09.153,1.37134,1.37153,1.88,1.50
2013.08.09 19:06:09.632,1.37134,1.37153,1.50,1.50
2013.08.09 19:06:11.431,1.37133,1.37153,1.32,1.50
2013.08.09 19:06:11.611,1.37132,1.3715,1.50,1.50
2013.08.09 19:06:11.934,1.37132,1.37148,1.50,1.50
2013.08.09 19:06:12.391,1.37127,1.37148,1.69,1.50
2013.08.09 19:06:15.362,1.37126,1.37148,1.32,1.50
2013.08.09 19:06:15.601,1.37133,1.37152,1.50,1.50
2013.08.09 19:06:16.931,1.37133,1.37152,1.88,1.50
2013.08.09 19:06:17.411,1.37127,1.37151,1.69,2.44
2013.08.09 19:06:22.991,1.37129,1.37152,1.50,2.44
2013.08.09 19:06:23.358,1.37129,1.37152,1.50,1.69
2013.08.09 19:06:24.901,1.37129,1.3715,1.69,1.69
2013.08.09 19:06:25.141,1.37127,1.37148,1.69,1.50
2013.08.09 19:06:25.648,1.37126,1.37147,2.07,1.50
2013.08.09 19:06:25.981,1.37126,1.37143,2.07,1.50
2013.08.09 19:06:28.901,1.37126,1.37146,2.07,1.50
2013.08.09 19:06:33.561,1.37126,1.37148,2.63,1.69
2013.08.09 19:06:36.944,1.37133,1.37148,1.13,1.50
2013.08.09 19:06:37.011,1.37133,1.37152,1.13,1.50
2013.08.09 19:06:39.922,1.37133,1.37152,1.50,1.50
2013.08.09 19:06:40.042,1.37132,1.37152,1.13,1.69
2013.08.09 19:06:40.592,1.37132,1.3715,1.13,1.69
2013.08.09 19:06:46.951,1.37132,1.37148,1.13,1.50
2013.08.09 19:06:52.712,1.37129,1.37148,1.50,1.50
2013.08.09 19:06:53.452,1.37128,1.37148,1.50,1.50
2013.08.09 19:06:53.632,1.37128,1.37146,1.50,1.50
2013.08.09 19:06:56.442,1.37126,1.37147,1.32,1.50
2013.08.09 19:06:56.961,1.37126,1.37148,2.07,1.50
2013.08.09 19:06:57.631,1.37128,1.37149,1.50,1.50
2013.08.09 19:06:58.141,1.37129,1.37151,1.50,2.44
2013.08.09 19:06:58.731,1.37129,1.3715,1.50,2.29
2013.08.09 19:06:58.852,1.37128,1.37149,1.50,1.88
2013.08.09 19:06:59.217,1.37126,1.37143,1.32,1.50
2013.08.09 19:07:07.442,1.37122,1.37143,1.88,2.25
2013.08.09 19:07:07.623,1.37123,1.37145,2.25,1.32
2013.08.09 19:07:09.412,1.37123,1.37145,1.50,1.32
2013.08.09 19:07:09.711,1.37123,1.37146,2.44,2.07
2013.08.09 19:07:10.942,1.37121,1.37145,2.44,2.63
2013.08.09 19:07:11.002,1.37121,1.37144,2.25,1.69
2013.08.09 19:07:11.362,1.37122,1.37144,1.50,2.44
2013.08.09 19:07:12.471,1.37122,1.37145,3.00,2.07
2013.08.09 19:07:12.921,1.37122,1.37145,2.25,2.82
2013.08.09 19:07:13.161,1.37122,1.37145,2.25,2.07
2013.08.09 19:07:15.232,1.3712,1.37139,1.13,1.69
2013.08.09 19:07:15.351,1.37116,1.37137,1.50,1.50
2013.08.09 19:07:15.471,1.37113,1.37137,2.63,3.00
2013.08.09 19:07:17.211,1.37113,1.37135,1.88,1.50
2013.08.09 19:07:19.051,1.37113,1.37135,2.07,1.50
2013.08.09 19:07:19.231,1.37116,1.37138,1.50,1.69
2013.08.09 19:07:19.592,1.37123,1.37143,1.13,1.69
2013.08.09 19:07:19.651,1.37123,1.37144,1.13,1.69
2013.08.09 19:07:25.561,1.37123,1.37145,1.50,1.69
2013.08.09 19:07:26.961,1.37123,1.37146,2.25,1.50
2013.08.09 19:07:27.773,1.37125,1.37147,1.50,1.69
2013.08.09 19:07:28.191,1.37127,1.37149,1.50,2.07
2013.08.09 19:07:28.372,1.37127,1.3715,2.44,1.69
2013.08.09 19:07:28.553,1.37129,1.3715,1.50,1.69
2013.08.09 19:07:28.791,1.37129,1.37152,1.50,2.82
2013.08.09 19:07:29.982,1.37131,1.37152,1.50,1.32
2013.08.09 19:07:30.501,1.37131,1.37152,1.50,1.32
2013.08.09 19:07:32.021,1.37128,1.37152,2.44,2.07
2013.08.09 19:07:33.653,1.3713,1.37153,1.50,1.32
2013.08.09 19:07:36.063,1.3713,1.37153,1.50,1.32
2013.08.09 19:07:40.178,1.3713,1.37153,1.50,1.13
2013.08.09 19:07:40.766,1.3713,1.37153,1.50,1.32
2013.08.09 19:07:42.503,1.37132,1.37155,1.50,3.19
2013.08.09 19:07:42.625,1.37133,1.37155,1.88,1.69
2013.08.09 19:07:43.052,1.37137,1.37157,1.13,1.50
2013.08.09 19:07:43.551,1.37137,1.37156,1.13,1.50
2013.08.09 19:07:44.073,1.37137,1.37157,1.13,1.69
2013.08.09 19:07:44.601,1.37137,1.37156,1.13,1.50
2013.08.09 19:07:45.391,1.37137,1.37159,1.13,2.44
2013.08.09 19:07:45.862,1.37137,1.37157,1.13,1.50
2013.08.09 19:07:46.352,1.37137,1.37154,1.13,1.50
2013.08.09 19:07:46.591,1.3714,1.37159,1.13,1.69
2013.08.09 19:07:49.661,1.37138,1.37159,1.13,1.50
2013.08.09 19:07:49.781,1.37137,1.37159,1.32,2.25
2013.08.09 19:07:49.842,1.37137,1.37159,1.32,3.75
2013.08.09 19:07:51.851,1.37137,1.37157,1.13,1.69
2013.08.09 19:07:52.272,1.37137,1.37157,1.13,1.69
2013.08.09 19:07:52.451,1.37137,1.37158,1.32,1.69
2013.08.09 19:07:52.992,1.37137,1.37158,1.32,1.69
2013.08.09 19:07:53.652,1.37137,1.37158,1.13,2.44
2013.08.09 19:07:53.791,1.37137,1.37155,1.13,1.50
2013.08.09 19:07:53.851,1.37137,1.37156,1.13,1.50
2013.08.09 19:07:56.891,1.37137,1.37156,1.13,1.50
2013.08.09 19:07:59.174,1.37139,1.37156,1.13,1.50
2013.08.09 19:07:59.303,1.37139,1.37155,1.13,1.13
2013.08.09 19:08:03.173,1.37136,1.37155,1.50,1.69
2013.08.09 19:08:07.830,1.37141,1.37155,1.50,1.50
2013.08.09 19:08:08.371,1.37142,1.37159,1.13,1.69
2013.08.09 19:08:09.213,1.37142,1.37161,1.13,1.69
2013.08.09 19:08:13.241,1.37141,1.37161,1.13,3.19
2013.08.09 19:08:13.934,1.37135,1.37159,1.69,2.44
2013.08.09 19:08:14.861,1.37137,1.37159,1.69,2.44
2013.08.09 19:08:15.198,1.37137,1.37159,1.50,1.69
2013.08.09 19:08:18.751,1.37141,1.3716,1.13,2.25
2013.08.09 19:08:18.811,1.37141,1.3716,1.13,1.50
2013.08.09 19:08:19.477,1.37141,1.37162,1.13,3.19
2013.08.09 19:08:24.673,1.37142,1.37162,1.50,2.25
2013.08.09 19:08:24.853,1.37148,1.37165,1.13,1.69
2013.08.09 19:08:25.383,1.37148,1.37168,1.13,3.19
2013.08.09 19:08:25.561,1.37141,1.37161,1.32,1.50
2013.08.09 19:08:32.641,1.37142,1.37164,2.07,1.69
2013.08.09 19:08:33.353,1.37142,1.37165,2.25,1.69
2013.08.09 19:08:35.741,1.37142,1.37163,1.13,1.50
2013.08.09 19:08:35.802,1.37142,1.37165,1.88,1.69
2013.08.09 19:08:36.901,1.37142,1.37163,1.13,1.50
2013.08.09 19:08:38.101,1.37144,1.37165,1.50,1.69
2013.08.09 19:08:38.162,1.37144,1.37165,1.50,1.69
2013.08.09 19:08:38.281,1.37145,1.37166,2.25,1.50
2013.08.09 19:08:38.403,1.37149,1.37168,1.13,1.13
2013.08.09 19:08:38.521,1.3715,1.37171,1.50,1.13
2013.08.09 19:08:38.642,1.37154,1.37173,1.13,2.44
2013.08.09 19:08:39.242,1.37154,1.37174,2.25,2.82
2013.08.09 19:08:39.932,1.37154,1.37174,1.50,2.82
2013.08.09 19:08:40.570,1.37153,1.37173,1.13,2.44
2013.08.09 19:08:44.581,1.37153,1.37173,1.13,3.19
2013.08.09 19:08:48.452,1.37153,1.37173,1.13,1.69
2013.08.09 19:08:49.883,1.37154,1.37173,1.13,2.82
2013.08.09 19:08:50.124,1.37152,1.37171,1.13,1.69
2013.08.09 19:08:50.553,1.37151,1.37172,1.50,2.07
2013.08.09 19:08:50.912,1.37148,1.37172,2.44,2.82
2013.08.09 19:08:51.402,1.3715,1.37166,1.50,1.50
2013.08.09 19:08:51.521,1.3715,1.37168,1.88,1.69
2013.08.09 19:08:52.123,1.37153,1.37172,1.13,1.50
2013.08.09 19:08:52.183,1.37154,1.37172,1.13,1.50
2013.08.09 19:08:52.362,1.37154,1.37177,1.32,1.50
2013.08.09 19:08:52.482,1.3716,1.37177,1.50,1.50
2013.08.09 19:08:52.602,1.37162,1.37181,1.13,1.69
2013.08.09 19:08:53.457,1.37159,1.37181,1.50,3.19
2013.08.09 19:08:53.701,1.37156,1.37178,1.69,2.25
2013.08.09 19:08:54.003,1.37155,1.37177,2.07,1.50
2013.08.09 19:08:54.065,1.37155,1.37177,1.13,1.69
2013.08.09 19:08:54.759,1.37155,1.37174,1.13,2.63
2013.08.09 19:08:54.825,1.37151,1.37173,3.57,1.50
2013.08.09 19:08:55.853,1.37154,1.37174,1.13,2.82
2013.08.09 19:08:56.211,1.37157,1.37174,1.13,1.69
2013.08.09 19:08:57.639,1.37159,1.37177,1.50,1.32
2013.08.09 19:08:57.992,1.37156,1.37177,1.50,1.32
2013.08.09 19:08:58.051,1.37154,1.37175,1.13,1.50
2013.08.09 19:08:58.643,1.37154,1.37175,1.13,1.50
2013.08.09 19:08:58.943,1.37155,1.37177,1.69,1.32
2013.08.09 19:08:59.542,1.37159,1.37178,1.50,1.32
2013.08.09 19:08:59.783,1.3716,1.37179,2.25,1.32
2013.08.09 19:08:59.842,1.3716,1.37181,2.25,3.00
2013.08.09 19:09:00.382,1.37159,1.37181,1.50,1.69
2013.08.09 19:09:03.881,1.37157,1.37179,2.44,1.88
2013.08.09 19:09:05.402,1.37157,1.37179,1.50,2.07
2013.08.09 19:09:05.781,1.37158,1.37179,2.63,2.07
2013.08.09 19:09:06.083,1.37167,1.37187,1.69,1.50
2013.08.09 19:09:06.202,1.37167,1.37189,1.69,1.69
2013.08.09 19:09:06.382,1.37169,1.37191,1.50,2.25
2013.08.09 19:09:06.561,1.37167,1.37189,2.44,2.07
2013.08.09 19:09:06.684,1.37176,1.3719,1.13,1.50
2013.08.09 19:09:06.811,1.37176,1.37194,1.50,1.88
2013.08.09 19:09:08.872,1.37176,1.3719,1.50,1.50
2013.08.09 19:09:08.934,1.3717,1.37189,2.44,1.13
2013.08.09 19:09:09.052,1.37168,1.37189,1.50,1.32
2013.08.09 19:09:09.232,1.37165,1.37189,1.69,3.57
2013.08.09 19:09:09.292,1.37164,1.37189,1.69,5.07
2013.08.09 19:09:10.731,1.37163,1.37186,2.82,1.50
2013.08.09 19:09:15.214,1.37163,1.37186,1.32,1.69
2013.08.09 19:09:23.462,1.37162,1.37186,2.82,1.69
2013.08.09 19:09:26.052,1.37162,1.37186,2.82,1.69
2013.08.09 19:09:27.892,1.37162,1.37186,1.88,2.07
2013.08.09 19:09:28.202,1.37162,1.37182,1.13,1.50
2013.08.09 19:09:33.091,1.37162,1.37182,1.13,1.50
2013.08.09 19:09:33.912,1.37162,1.37182,1.13,1.50
2013.08.09 19:09:35.064,1.37162,1.37182,1.13,1.50
2013.08.09 19:09:36.102,1.37161,1.37178,1.32,1.50
2013.08.09 19:09:36.651,1.37154,1.37177,1.32,1.50
2013.08.09 19:09:36.961,1.37154,1.37173,1.32,1.50
2013.08.09 19:09:38.151,1.37155,1.37175,1.13,2.25
2013.08.09 19:09:38.331,1.37168,1.37186,1.88,1.35
2013.08.09 19:09:38.781,1.37169,1.3719,1.13,1.50
2013.08.09 19:09:39.676,1.37168,1.37189,1.50,1.35
2013.08.09 19:09:39.801,1.37166,1.37187,1.32,2.25
2013.08.09 19:09:43.201,1.37167,1.37187,1.13,1.50
2013.08.09 19:09:47.811,1.37166,1.37185,1.88,1.50
2013.08.09 19:09:47.932,1.37166,1.37187,1.88,1.69
2013.08.09 19:09:48.971,1.37166,1.37186,1.88,1.69
2013.08.09 19:09:53.701,1.37166,1.37186,1.50,1.69
2013.08.09 19:09:54.221,1.37166,1.37187,1.50,1.69
2013.08.09 19:10:00.163,1.37165,1.37187,1.50,2.07
2013.08.09 19:10:00.732,1.37165,1.37187,1.50,2.07
2013.08.09 19:10:13.424,1.37165,1.37186,1.69,1.69
2013.08.09 19:10:13.603,1.37171,1.3719,2.25,2.25
2013.08.09 19:10:13.662,1.37171,1.3719,2.25,2.25
2013.08.09 19:10:13.723,1.37171,1.37192,2.25,1.69
2013.08.09 19:10:14.323,1.37172,1.37192,1.50,1.69
2013.08.09 19:10:14.443,1.37172,1.37192,1.50,1.69
2013.08.09 19:10:14.623,1.37172,1.3719,1.50,2.07
2013.08.09 19:10:14.803,1.37168,1.37188,1.50,1.32
2013.08.09 19:10:15.222,1.3717,1.37189,1.50,3.60
2013.08.09 19:10:15.402,1.37168,1.37192,1.69,2.44
2013.08.09 19:10:15.843,1.37172,1.37192,1.13,2.07
2013.08.09 19:10:15.902,1.37172,1.37192,1.13,1.32
2013.08.09 19:10:15.962,1.37175,1.37192,1.88,1.32
2013.08.09 19:10:17.822,1.37175,1.37197,1.88,2.82
2013.08.09 19:10:18.732,1.37175,1.37196,1.88,1.69
2013.08.09 19:10:20.562,1.37175,1.37196,1.13,1.69
2013.08.09 19:10:20.761,1.37175,1.37196,1.88,1.69
2013.08.09 19:10:22.601,1.37175,1.37196,1.88,1.69
2013.08.09 19:10:22.781,1.37175,1.37197,2.63,1.69
2013.08.09 19:10:24.561,1.37176,1.37197,1.50,1.32
2013.08.09 19:10:25.344,1.37176,1.37197,1.50,1.32
2013.08.09 19:10:26.022,1.37177,1.37197,2.25,1.69
2013.08.09 19:10:26.202,1.37175,1.37196,1.88,2.85
2013.08.09 19:10:26.322,1.37175,1.37195,1.13,1.88
2013.08.09 19:10:26.841,1.37172,1.37193,1.32,1.13
2013.08.09 19:10:27.362,1.37172,1.37193,1.32,1.13
2013.08.09 19:10:27.723,1.37175,1.37192,1.13,1.13
2013.08.09 19:10:27.901,1.37176,1.37195,1.50,1.88
2013.08.09 19:10:28.571,1.37176,1.37194,1.50,1.88
2013.08.09 19:10:29.553,1.37178,1.37196,2.44,1.50
2013.08.09 19:10:29.672,1.37179,1.37196,1.88,1.50
2013.08.09 19:10:29.732,1.37179,1.372,1.88,1.32
2013.08.09 19:10:32.682,1.3718,1.37202,2.44,3.00
2013.08.09 19:10:34.931,1.37179,1.37201,2.44,1.50
2013.08.09 19:10:35.712,1.3718,1.37202,2.44,2.25
2013.08.09 19:10:36.084,1.3718,1.37199,1.69,1.50
2013.08.09 19:10:39.232,1.3718,1.37202,1.69,3.19
2013.08.09 19:10:41.441,1.37179,1.37202,3.19,3.19
2013.08.09 19:10:42.441,1.37178,1.37199,2.82,1.50
2013.08.09 19:10:43.282,1.37179,1.37202,2.44,2.44
2013.08.09 19:10:45.332,1.37179,1.37202,1.69,2.44
2013.08.09 19:10:48.183,1.3718,1.37202,1.50,1.69
2013.08.09 19:10:48.692,1.37179,1.372,1.50,1.50
2013.08.09 19:11:08.891,1.37178,1.37201,1.88,1.50
2013.08.09 19:11:20.755,1.3718,1.37199,1.13,1.13
2013.08.09 19:11:21.063,1.37176,1.37195,1.13,1.69
2013.08.09 19:11:21.122,1.37176,1.37194,1.13,1.50
2013.08.09 19:11:41.092,1.37173,1.37194,1.50,1.69
2013.08.09 19:11:42.991,1.37173,1.37194,2.25,1.69
2013.08.09 19:11:43.292,1.37174,1.37194,1.50,1.50
2013.08.09 19:11:43.832,1.37174,1.37194,1.13,1.50
2013.08.09 19:11:44.538,1.37173,1.37194,2.25,1.69
2013.08.09 19:11:51.802,1.37173,1.37194,1.88,1.69
2013.08.09 19:11:53.192,1.37175,1.37195,1.50,1.69
2013.08.09 19:12:13.432,1.37176,1.37196,1.69,2.10
2013.08.09 19:12:19.429,1.37176,1.37196,1.50,2.67
2013.08.09 19:12:33.793,1.37176,1.37197,1.50,2.07
2013.08.09 19:12:37.094,1.37177,1.37196,1.50,1.32
2013.08.09 19:12:46.932,1.37174,1.37195,2.63,1.69
2013.08.09 19:12:47.173,1.37175,1.37194,1.88,1.54
2013.08.09 19:12:51.093,1.37176,1.37196,1.50,1.69
2013.08.09 19:12:51.153,1.37177,1.37196,1.13,1.69
2013.08.09 19:12:52.943,1.37178,1.37198,1.50,2.07
2013.08.09 19:12:53.003,1.37176,1.37197,1.88,1.32
2013.08.09 19:12:56.622,1.37175,1.3719,2.25,1.50
2013.08.09 19:12:56.803,1.37166,1.37186,2.25,1.73
2013.08.09 19:12:56.862,1.37166,1.37186,1.50,1.35
2013.08.09 19:12:56.925,1.37167,1.37186,1.50,1.73
2013.08.09 19:12:57.042,1.37167,1.37186,1.50,2.10
2013.08.09 19:12:57.222,1.37167,1.37188,1.50,1.50
2013.08.09 19:12:57.462,1.37169,1.37191,2.25,2.07
2013.08.09 19:12:58.008,1.37169,1.37191,1.50,1.32
2013.08.09 19:12:59.254,1.37169,1.37191,1.50,1.32
2013.08.09 19:12:59.850,1.37172,1.37193,1.50,1.32
2013.08.09 19:13:03.153,1.37171,1.37191,2.44,1.13
2013.08.09 19:13:06.832,1.37169,1.3719,1.50,1.54
2013.08.09 19:13:07.591,1.37169,1.37191,2.25,1.17
2013.08.09 19:13:08.312,1.37169,1.3719,1.50,2.29
2013.08.09 19:13:08.373,1.37168,1.3719,1.50,2.29
2013.08.09 19:13:12.833,1.37167,1.37189,1.50,1.69
2013.08.09 19:13:12.953,1.37168,1.37189,1.50,2.44
2013.08.09 19:13:13.598,1.37166,1.37186,1.50,2.44
2013.08.09 19:13:14.143,1.37167,1.37186,1.50,1.69
2013.08.09 19:13:14.323,1.37162,1.37184,1.50,1.69
2013.08.09 19:13:14.864,1.37164,1.37187,1.50,1.69
2013.08.09 19:13:15.462,1.37161,1.37184,2.25,1.69
2013.08.09 19:13:15.522,1.3716,1.37183,2.25,1.69
2013.08.09 19:13:20.212,1.37159,1.37181,1.88,1.50
2013.08.09 19:13:22.662,1.37159,1.37181,2.63,1.69
2013.08.09 19:13:24.172,1.37159,1.37181,2.63,1.69
2013.08.09 19:13:30.233,1.37163,1.37181,1.50,1.69
2013.08.09 19:13:30.536,1.37166,1.37184,1.50,1.69
2013.08.09 19:13:30.603,1.37166,1.37184,1.50,1.69
2013.08.09 19:13:35.272,1.37166,1.37187,1.50,2.07
2013.08.09 19:13:40.882,1.37167,1.37187,1.50,2.07
2013.08.09 19:13:41.062,1.37172,1.37187,2.25,1.50
2013.08.09 19:13:41.123,1.37172,1.3719,2.25,1.50
2013.08.09 19:13:41.182,1.37174,1.37195,2.44,2.07
2013.08.09 19:13:41.556,1.37174,1.37196,2.44,1.69
2013.08.09 19:13:42.102,1.37176,1.37196,1.50,1.69
2013.08.09 19:13:42.634,1.37176,1.37196,1.50,1.69
2013.08.09 19:13:42.932,1.37173,1.37196,2.44,2.44
2013.08.09 19:13:43.436,1.37174,1.37195,2.25,2.82
2013.08.09 19:13:49.812,1.37176,1.37195,1.50,1.69
2013.08.09 19:13:49.962,1.37177,1.37196,1.50,2.44
2013.08.09 19:13:53.450,1.37177,1.37196,1.50,1.69
2013.08.09 19:14:00.477,1.37176,1.37195,2.25,1.35
2013.08.09 19:14:00.723,1.37176,1.37193,1.50,1.50
2013.08.09 19:14:01.424,1.37177,1.37194,1.50,2.29
2013.08.09 19:14:02.312,1.37178,1.37193,1.50,1.69
2013.08.09 19:14:06.092,1.3718,1.37197,1.50,2.82
2013.08.09 19:14:09.492,1.37181,1.37197,1.50,2.63
2013.08.09 19:14:11.193,1.37179,1.37197,1.88,2.63
2013.08.09 19:14:11.373,1.37176,1.37193,1.69,1.50
2013.08.09 19:14:12.056,1.37176,1.37193,1.69,2.25
2013.08.09 19:14:19.606,1.3718,1.37194,1.50,1.88
2013.08.09 19:14:19.733,1.37181,1.37194,1.50,1.13
2013.08.09 19:14:34.982,1.37179,1.37197,1.50,3.94
2013.08.09 19:14:38.543,1.37178,1.37196,1.88,1.69
2013.08.09 19:14:38.843,1.37178,1.37194,1.13,1.69
2013.08.09 19:14:47.966,1.37176,1.37193,1.50,2.44
2013.08.09 19:14:49.332,1.37176,1.37193,1.50,2.44
2013.08.09 19:14:52.041,1.37176,1.37193,1.50,3.19
2013.08.09 19:14:53.496,1.37176,1.37193,1.50,3.94
2013.08.09 19:14:55.322,1.37174,1.37191,1.50,1.69
2013.08.09 19:14:58.662,1.37174,1.37191,1.50,1.69
2013.08.09 19:14:59.766,1.3717,1.37191,2.25,1.69
2013.08.09 19:15:05.194,1.37172,1.37191,2.25,2.07
2013.08.09 19:15:09.055,1.37172,1.37191,2.25,2.07
2013.08.09 19:15:20.971,1.37172,1.37191,2.25,2.07
2013.08.09 19:15:21.552,1.37172,1.37191,2.25,2.82
2013.08.09 19:15:21.612,1.37172,1.3719,2.25,1.88
2013.08.09 19:15:21.672,1.37172,1.37191,2.25,3.57
2013.08.09 19:15:21.792,1.37172,1.37191,1.50,3.57
2013.08.09 19:15:21.912,1.37169,1.3719,1.50,1.50
2013.08.09 19:15:22.033,1.3717,1.37191,1.50,2.07
2013.08.09 19:15:22.673,1.37172,1.37191,1.50,1.13
2013.08.09 19:15:29.282,1.37169,1.37191,2.44,1.13
2013.08.09 19:15:30.682,1.37169,1.37191,2.44,2.07
2013.08.09 19:15:31.692,1.3717,1.37191,1.69,2.07
2013.08.09 19:15:31.993,1.3717,1.3719,2.25,2.07
2013.08.09 19:15:32.603,1.37173,1.37188,1.50,2.82
2013.08.09 19:15:32.794,1.37167,1.37188,1.50,2.82
2013.08.09 19:15:33.042,1.37164,1.37188,2.25,3.19
2013.08.09 19:15:33.583,1.37164,1.37186,1.50,1.69
2013.08.09 19:15:35.799,1.37164,1.37186,1.50,1.50
2013.08.09 19:15:35.863,1.37164,1.37187,1.50,2.44
2013.08.09 19:15:36.423,1.37166,1.37188,1.50,2.07
2013.08.09 19:15:37.392,1.37163,1.37187,1.69,1.88
2013.08.09 19:15:37.692,1.37168,1.37188,1.50,1.69
2013.08.09 19:15:38.053,1.37171,1.37193,1.13,1.69
2013.08.09 19:15:39.543,1.37174,1.37195,1.50,2.44
2013.08.09 19:15:40.052,1.37175,1.37196,2.25,1.69
2013.08.09 19:15:41.112,1.37177,1.37196,1.50,1.69
2013.08.09 19:15:41.472,1.37179,1.372,2.25,1.69
2013.08.09 19:15:41.533,1.37179,1.37201,2.25,1.32
2013.08.09 19:15:42.091,1.37179,1.37201,2.25,1.32
2013.08.09 19:15:42.612,1.3718,1.37202,1.50,2.07
2013.08.09 19:15:43.762,1.37183,1.37206,3.00,4.69
2013.08.09 19:15:48.263,1.37183,1.37204,1.50,2.44
2013.08.09 19:15:50.162,1.37179,1.37202,3.19,1.88
2013.08.09 19:15:50.878,1.37179,1.37202,2.44,2.07
2013.08.09 19:15:52.644,1.37182,1.37203,1.50,1.69
2013.08.09 19:15:53.192,1.37182,1.37203,1.50,1.32
2013.08.09 19:15:53.493,1.3718,1.37199,1.50,1.32
2013.08.09 19:15:53.553,1.37175,1.37193,1.88,1.13
2013.08.09 19:15:53.733,1.37171,1.37192,1.88,1.13
2013.08.09 19:15:53.792,1.37169,1.3719,1.50,1.50
2013.08.09 19:15:54.152,1.37167,1.37187,1.50,1.50
2013.08.09 19:15:54.825,1.37164,1.37187,1.32,2.25
2013.08.09 19:15:56.143,1.37164,1.37187,1.88,2.44
2013.08.09 19:15:56.202,1.37164,1.37187,2.82,1.50
2013.08.09 19:15:56.746,1.37167,1.37189,1.50,1.69
2013.08.09 19:16:00.672,1.37168,1.3719,2.25,1.69
2013.08.09 19:16:00.973,1.37171,1.37194,1.50,1.32
2013.08.09 19:16:01.032,1.37171,1.37195,2.44,2.07
2013.08.09 19:16:01.679,1.37173,1.37196,1.50,2.07
2013.08.09 19:16:03.833,1.37173,1.37197,2.25,2.07
2013.08.09 19:16:04.373,1.37175,1.37198,2.25,2.82
2013.08.09 19:16:04.432,1.37175,1.37198,2.25,2.07
2013.08.09 19:16:05.232,1.37174,1.37196,1.50,2.07
2013.08.09 19:16:05.292,1.37172,1.37196,2.44,2.07
2013.08.09 19:16:05.352,1.37172,1.37194,1.69,1.32
2013.08.09 19:16:05.887,1.37169,1.3719,2.44,1.50
2013.08.09 19:16:09.682,1.37169,1.3719,2.25,1.69
2013.08.09 19:16:10.267,1.37167,1.37188,2.44,1.50
2013.08.09 19:16:10.873,1.37168,1.37189,1.50,1.69
2013.08.09 19:16:11.742,1.37167,1.37189,1.69,2.25
2013.08.09 19:16:12.792,1.37168,1.37189,1.50,1.50
2013.08.09 19:16:13.722,1.37167,1.37189,2.44,2.25
2013.08.09 19:16:15.072,1.37167,1.37189,3.19,2.25
2013.08.09 19:16:15.902,1.37167,1.37189,1.69,1.50
2013.08.09 19:16:18.918,1.37167,1.37188,1.69,1.50
2013.08.09 19:16:20.223,1.37167,1.37188,1.50,1.50
2013.08.09 19:16:26.662,1.37167,1.3719,2.25,2.44
2013.08.09 19:16:26.782,1.37171,1.3719,1.50,1.69
2013.08.09 19:16:27.283,1.37171,1.37192,1.50,1.32
2013.08.09 19:16:27.343,1.37173,1.37194,1.50,1.32
2013.08.09 19:16:28.614,1.37173,1.37196,3.00,1.32
2013.08.09 19:16:38.453,1.37171,1.37192,3.00,1.32
2013.08.09 19:16:38.574,1.37171,1.37191,2.25,1.69
2013.08.09 19:16:38.635,1.37169,1.3719,1.50,2.44
2013.08.09 19:16:38.954,1.37166,1.3719,1.50,3.19
2013.08.09 19:16:42.333,1.37166,1.37189,1.50,1.69
2013.08.09 19:16:42.454,1.37164,1.37185,1.50,1.69
2013.08.09 19:16:42.873,1.37163,1.37183,1.69,1.50
2013.08.09 19:16:42.932,1.37163,1.37185,1.69,1.69
2013.08.09 19:16:43.174,1.37166,1.37189,2.25,1.69
2013.08.09 19:16:43.551,1.37166,1.3719,2.25,3.19
2013.08.09 19:16:44.332,1.37165,1.37189,1.69,2.44
2013.08.09 19:16:45.745,1.37164,1.37188,1.69,1.69
2013.08.09 19:16:46.298,1.37164,1.37188,2.44,1.69
2013.08.09 19:16:50.203,1.37166,1.37189,1.50,1.69
2013.08.09 19:16:50.522,1.37166,1.37189,1.50,2.44
2013.08.09 19:16:52.912,1.37166,1.37189,1.50,1.69
2013.08.09 19:17:11.283,1.37166,1.37188,2.44,1.88
2013.08.09 19:17:19.476,1.37165,1.37188,2.25,2.07
2013.08.09 19:17:35.744,1.37165,1.37187,3.19,2.25
2013.08.09 19:17:36.042,1.37159,1.37179,1.50,1.13
2013.08.09 19:17:36.102,1.37157,1.37177,2.07,1.50
2013.08.09 19:18:00.733,1.37158,1.3718,2.25,1.69
2013.08.09 19:18:00.912,1.37157,1.37177,1.50,1.50
2013.08.09 19:18:05.902,1.37158,1.3718,1.50,1.69
2013.08.09 19:18:07.914,1.37157,1.3717,1.50,1.13
2013.08.09 19:18:08.094,1.37154,1.37169,1.50,2.25
2013.08.09 19:18:08.153,1.37146,1.37169,1.69,2.25
2013.08.09 19:18:08.332,1.37144,1.37166,1.69,1.69
2013.08.09 19:18:09.622,1.37143,1.37165,2.44,1.50
2013.08.09 19:18:11.662,1.37143,1.37166,3.19,4.69
2013.08.09 19:18:12.478,1.37143,1.37166,3.19,6.19
2013.08.09 19:18:15.482,1.37143,1.37164,1.69,1.50
2013.08.09 19:18:16.962,1.37143,1.37165,2.44,1.50
2013.08.09 19:18:17.519,1.37146,1.37166,1.50,2.44
2013.08.09 19:18:19.442,1.37146,1.37166,1.50,3.94
2013.08.09 19:18:19.562,1.37143,1.37166,3.19,3.94
2013.08.09 19:18:20.516,1.37143,1.37165,1.69,2.44
2013.08.09 19:18:22.442,1.37143,1.37163,1.69,1.47
2013.08.09 19:18:22.563,1.3714,1.37161,4.32,2.22
2013.08.09 19:18:22.622,1.3714,1.3716,2.63,1.32
2013.08.09 19:18:22.922,1.3714,1.3716,1.69,1.88
2013.08.09 19:18:23.462,1.37139,1.37163,1.69,2.44
2013.08.09 19:18:23.524,1.37139,1.37163,1.69,1.69
2013.08.09 19:18:24.033,1.37139,1.37163,2.44,1.50
2013.08.09 19:18:24.503,1.37139,1.37163,2.82,2.25
2013.08.09 19:18:25.198,1.37139,1.37161,2.07,1.50
2013.08.09 19:18:25.642,1.37139,1.37162,2.07,1.50
2013.08.09 19:18:28.452,1.37139,1.37162,2.07,3.00
2013.08.09 19:18:28.574,1.37138,1.37159,2.44,2.63
2013.08.09 19:18:39.782,1.37136,1.37158,1.69,1.69
2013.08.09 19:18:40.432,1.37135,1.37157,1.69,1.69
2013.08.09 19:18:41.494,1.37134,1.37155,1.88,1.50
2013.08.09 19:18:41.674,1.37134,1.37155,1.50,3.19
2013.08.09 19:18:42.033,1.37135,1.37151,1.50,1.50
2013.08.09 19:18:42.272,1.37135,1.37153,1.50,1.50
2013.08.09 19:18:42.948,1.37135,1.37156,2.25,1.69
2013.08.09 19:18:43.383,1.37135,1.37154,1.50,1.69
2013.08.09 19:18:43.563,1.37126,1.37147,1.50,4.17
2013.08.09 19:18:43.633,1.37125,1.37147,2.25,4.17
2013.08.09 19:18:43.697,1.37128,1.37147,1.50,1.92
2013.08.09 19:18:44.323,1.37128,1.3715,1.50,2.44
2013.08.09 19:18:44.812,1.37128,1.3715,1.50,1.69
2013.08.09 19:18:53.663,1.37126,1.3715,2.44,1.69
2013.08.09 19:18:53.902,1.37128,1.37149,1.50,1.50
2013.08.09 19:19:01.458,1.37128,1.3715,1.50,1.69
2013.08.09 19:19:06.405,1.37126,1.37147,2.07,2.63
2013.08.09 19:19:06.962,1.37126,1.37145,1.13,1.88
2013.08.09 19:19:07.023,1.37126,1.37145,1.13,2.63
2013.08.09 19:19:09.313,1.37126,1.37143,1.13,2.25
2013.08.09 19:19:16.344,1.37121,1.37142,2.25,3.19
2013.08.09 19:19:16.464,1.3712,1.37139,1.13,1.69
2013.08.09 19:19:16.643,1.3712,1.37141,1.13,2.25
2013.08.09 19:19:18.413,1.37119,1.37138,1.50,1.13
2013.08.09 19:19:18.892,1.37118,1.37137,1.50,1.50
2013.08.09 19:19:18.952,1.37115,1.37138,2.25,1.32
2013.08.09 19:19:19.462,1.37115,1.37138,2.25,1.32
2013.08.09 19:19:20.188,1.37118,1.37138,1.13,1.69
2013.08.09 19:19:20.492,1.37121,1.3714,1.50,2.25
2013.08.09 19:19:25.514,1.37126,1.3714,1.50,1.50
2013.08.09 19:19:25.695,1.37126,1.37142,1.50,1.50
2013.08.09 19:19:25.943,1.37126,1.37149,2.25,1.69
2013.08.09 19:19:26.484,1.37127,1.37149,1.69,1.50
2013.08.09 19:19:31.304,1.37129,1.37151,2.44,2.44
2013.08.09 19:19:33.932,1.37127,1.37149,2.44,1.50
2013.08.09 19:19:34.852,1.37129,1.3715,2.44,1.69
2013.08.09 19:19:35.469,1.37127,1.37149,1.69,1.50
2013.08.09 19:19:35.593,1.37127,1.37149,1.50,1.69
2013.08.09 19:19:38.513,1.37125,1.37147,2.82,2.44
2013.08.09 19:19:38.573,1.37125,1.37146,1.32,1.88
2013.08.09 19:19:38.634,1.37124,1.37142,3.19,1.50
2013.08.09 19:19:38.812,1.37123,1.37142,1.32,2.25
2013.08.09 19:19:39.955,1.37123,1.37143,1.32,1.50
2013.08.09 19:19:40.627,1.37123,1.37143,1.13,1.69
2013.08.09 19:19:41.153,1.37123,1.37142,1.13,2.44
2013.08.09 19:19:42.027,1.37123,1.37142,1.13,3.19
2013.08.09 19:19:55.323,1.37121,1.37142,1.50,2.44
2013.08.09 19:19:56.064,1.37121,1.37138,1.50,1.13
2013.08.09 19:19:56.303,1.37114,1.37133,2.25,1.50
2013.08.09 19:19:56.363,1.37111,1.37134,1.50,1.50
2013.08.09 19:19:56.423,1.37113,1.37135,2.25,1.69
2013.08.09 19:19:56.483,1.37114,1.37136,1.50,2.07
2013.08.09 19:19:56.603,1.37114,1.37135,1.69,1.50
2013.08.09 19:19:57.044,1.37116,1.37136,1.50,1.88
2013.08.09 19:19:57.583,1.37115,1.37136,1.50,1.88
2013.08.09 19:19:57.943,1.37126,1.37147,1.50,3.38
2013.08.09 19:19:58.063,1.37127,1.3715,2.25,2.07
2013.08.09 19:19:59.973,1.3713,1.37152,1.50,1.32
2013.08.09 19:20:01.663,1.3713,1.3715,1.50,1.32
2013.08.09 19:20:01.843,1.37128,1.37148,1.50,2.25
2013.08.09 19:20:02.204,1.37128,1.37148,2.25,1.50
2013.08.09 19:20:02.792,1.37128,1.3715,2.25,1.32
2013.08.09 19:20:06.942,1.37132,1.37151,1.13,1.69
2013.08.09 19:20:07.612,1.37135,1.37154,1.50,1.50
2013.08.09 19:20:23.221,1.37136,1.37154,1.50,1.69
2013.08.09 19:20:23.783,1.37136,1.37154,1.50,1.69
2013.08.09 19:20:26.196,1.37136,1.37154,1.50,1.69
2013.08.09 19:20:26.383,1.37136,1.37156,1.50,1.69
2013.08.09 19:20:26.623,1.37136,1.37156,1.50,1.69
2013.08.09 19:20:31.354,1.37136,1.37156,1.50,2.44
2013.08.09 19:20:52.374,1.37134,1.37156,2.44,1.69
2013.08.09 19:20:53.754,1.37134,1.37156,2.44,3.19
2013.08.09 19:20:55.254,1.37134,1.37156,2.44,1.69
2013.08.09 19:20:55.974,1.37134,1.37152,1.69,1.84
2013.08.09 19:20:56.033,1.37132,1.37146,2.44,1.47
2013.08.09 19:20:56.153,1.37127,1.37148,1.69,2.25
2013.08.09 19:20:56.214,1.37127,1.37148,1.69,3.00
2013.08.09 19:20:56.393,1.37128,1.37149,1.69,1.88
2013.08.09 19:20:56.957,1.37128,1.37151,1.69,1.69
2013.08.09 19:21:10.110,1.37128,1.37149,1.50,1.32
2013.08.09 19:21:10.793,1.37127,1.37147,1.50,1.32
2013.08.09 19:21:10.913,1.37127,1.37147,1.50,2.07
2013.08.09 19:21:11.153,1.37123,1.37144,2.25,1.50
2013.08.09 19:21:13.864,1.37122,1.37144,2.25,2.07
2013.08.09 19:21:19.213,1.37123,1.37144,1.50,1.50
2013.08.09 19:21:25.458,1.37123,1.37144,1.88,1.50
2013.08.09 19:21:35.513,1.37122,1.37144,3.94,2.07
2013.08.09 19:21:35.756,1.37124,1.37146,2.25,1.32
2013.08.09 19:21:36.466,1.37125,1.37146,1.50,1.32
2013.08.09 19:21:41.182,1.37124,1.37145,1.50,1.13
2013.08.09 19:21:47.884,1.37127,1.37146,1.50,1.69
2013.08.09 19:21:48.244,1.37129,1.37149,1.69,1.50
2013.08.09 19:21:48.542,1.37133,1.37151,1.50,2.44
2013.08.09 19:21:49.084,1.37133,1.37152,1.50,1.69
2013.08.09 19:21:51.436,1.37131,1.37151,1.50,1.13
2013.08.09 19:21:51.744,1.37127,1.3715,3.00,2.82
2013.08.09 19:21:51.935,1.37127,1.37147,1.50,1.88
2013.08.09 19:21:52.063,1.37126,1.37145,1.69,1.32
2013.08.09 19:21:52.583,1.37124,1.37143,2.44,1.88
2013.08.09 19:21:55.615,1.37123,1.37145,1.69,1.50
2013.08.09 19:21:55.686,1.37124,1.37146,1.69,1.13
2013.08.09 19:21:55.813,1.37122,1.37144,3.19,1.50
2013.08.09 19:21:56.795,1.37124,1.37144,2.44,1.50
2013.08.09 19:21:57.104,1.37127,1.37147,1.69,1.13
2013.08.09 19:21:59.563,1.37125,1.37146,2.44,1.13
2013.08.09 19:22:00.103,1.37128,1.3715,1.69,1.69
2013.08.09 19:22:00.894,1.37128,1.37151,2.44,1.69
2013.08.09 19:22:00.955,1.37129,1.37152,1.50,2.44
2013.08.09 19:22:02.223,1.37132,1.37153,1.50,1.69
2013.08.09 19:22:03.373,1.37131,1.37153,2.44,1.50
2013.08.09 19:22:04.093,1.37131,1.37152,1.69,1.50
2013.08.09 19:22:04.615,1.37132,1.37152,1.69,1.50
2013.08.09 19:22:08.344,1.37131,1.37152,2.44,1.50
2013.08.09 19:22:09.554,1.37131,1.37153,3.19,1.50
2013.08.09 19:22:10.163,1.37132,1.37155,2.44,2.44
2013.08.09 19:22:12.872,1.37132,1.37155,3.19,1.88
2013.08.09 19:22:12.933,1.3714,1.37155,1.13,1.50
2013.08.09 19:22:13.053,1.37141,1.37161,1.50,1.50
2013.08.09 19:22:13.352,1.37142,1.37165,1.69,1.50
2013.08.09 19:22:14.523,1.37142,1.37165,1.69,1.88
2013.08.09 19:22:15.063,1.37142,1.37165,1.69,1.88
2013.08.09 19:22:16.922,1.37141,1.37164,1.69,2.25
2013.08.09 19:22:17.886,1.37141,1.37164,2.44,1.50
2013.08.09 19:22:18.126,1.37143,1.37165,2.44,1.69
2013.08.09 19:22:18.663,1.37147,1.37168,1.50,1.69
2013.08.09 19:22:21.174,1.37143,1.37165,1.69,2.44
2013.08.09 19:22:25.496,1.37143,1.37164,1.69,1.32
2013.08.09 19:22:25.588,1.37143,1.37164,1.69,1.69
2013.08.09 19:22:26.687,1.37143,1.37164,1.69,1.69
2013.08.09 19:22:26.754,1.37144,1.37164,1.69,1.13
2013.08.09 19:22:27.426,1.37152,1.37168,1.50,1.32
2013.08.09 19:22:27.784,1.37158,1.37175,2.25,1.32
2013.08.09 19:22:29.079,1.37158,1.3718,2.44,2.63
2013.08.09 19:22:30.914,1.37159,1.3718,1.13,2.65
2013.08.09 19:22:32.354,1.37161,1.3718,1.35,2.25
2013.08.09 19:22:32.654,1.37164,1.37182,1.35,1.50
2013.08.09 19:22:32.714,1.37165,1.37182,1.35,1.50
2013.08.09 19:22:32.955,1.37165,1.37182,1.69,1.50
2013.08.09 19:22:33.074,1.37165,1.37183,1.69,1.13
2013.08.09 19:22:35.603,1.37163,1.37185,2.44,1.88
2013.08.09 19:22:35.723,1.37163,1.37183,1.50,6.75
2013.08.09 19:22:36.024,1.37153,1.3717,1.50,1.13
2013.08.09 19:22:36.084,1.37149,1.3717,1.50,2.25
2013.08.09 19:22:36.203,1.37148,1.3717,2.25,2.25
2013.08.09 19:22:36.324,1.37146,1.37169,1.69,1.50
2013.08.09 19:22:36.443,1.37146,1.37169,1.69,1.50
2013.08.09 19:22:37.246,1.37145,1.37168,3.19,1.13
2013.08.09 19:22:37.693,1.37146,1.37169,2.82,2.63
2013.08.09 19:22:38.199,1.3715,1.3717,2.25,1.13
2013.08.09 19:22:40.433,1.37151,1.37171,1.50,1.13
2013.08.09 19:22:41.118,1.37154,1.37174,1.50,1.69
2013.08.09 19:22:53.163,1.37154,1.37174,1.50,2.82
2013.08.09 19:22:53.908,1.37154,1.37174,1.50,1.50
2013.08.09 19:23:03.064,1.37154,1.37174,1.50,1.69
2013.08.09 19:23:04.703,1.37152,1.37174,1.50,1.69
2013.08.09 19:23:09.623,1.37152,1.37172,1.69,1.13
2013.08.09 19:23:11.933,1.37149,1.3717,3.19,1.50
2013.08.09 19:23:12.294,1.37145,1.37158,1.50,1.50
2013.08.09 19:23:12.355,1.37142,1.37158,2.25,1.50
2013.08.09 19:23:12.413,1.37142,1.37158,1.50,3.00
2013.08.09 19:23:12.473,1.37138,1.37158,1.50,2.25
2013.08.09 19:23:12.893,1.37135,1.37156,2.25,2.44
2013.08.09 19:23:13.074,1.37132,1.37153,1.13,1.69
2013.08.09 19:23:13.193,1.37132,1.37153,1.13,1.69
2013.08.09 19:23:13.313,1.37131,1.3715,1.32,1.50
2013.08.09 19:23:17.923,1.37133,1.37151,1.50,1.13
2013.08.09 19:23:18.044,1.37134,1.37156,1.50,1.69
2013.08.09 19:23:18.163,1.37133,1.37156,2.63,2.44
2013.08.09 19:23:18.573,1.37132,1.37155,1.13,1.69
2013.08.09 19:23:20.614,1.37132,1.37154,1.13,1.69
2013.08.09 19:23:33.474,1.37138,1.37153,1.50,1.13
2013.08.09 19:23:33.653,1.37138,1.37157,1.50,2.63
2013.08.09 19:23:39.087,1.37136,1.37157,2.25,1.32
2013.08.09 19:23:43.813,1.37136,1.37157,2.25,1.32
2013.08.09 19:23:43.873,1.37136,1.37159,2.25,1.69
2013.08.09 19:23:45.484,1.37138,1.3716,1.50,1.69
2013.08.09 19:23:47.303,1.37138,1.3716,1.50,2.07
2013.08.09 19:23:48.174,1.37136,1.37155,1.69,1.13
2013.08.09 19:23:48.294,1.37134,1.37155,1.50,1.32
2013.08.09 19:23:48.413,1.37132,1.37155,1.88,2.07
2013.08.09 19:23:51.358,1.37131,1.37154,1.13,2.07
2013.08.09 19:23:51.483,1.37129,1.37151,1.69,1.13
2013.08.09 19:23:52.463,1.3713,1.37151,1.50,2.07
2013.08.09 19:23:53.926,1.37132,1.37153,1.50,1.32
2013.08.09 19:23:55.825,1.37132,1.37154,1.50,2.07
2013.08.09 19:23:59.393,1.37133,1.37154,1.13,1.69
2013.08.09 19:23:59.453,1.37135,1.37156,1.50,2.25
2013.08.09 19:23:59.634,1.37137,1.37158,1.69,1.69
2013.08.09 19:24:00.184,1.37137,1.3716,1.69,2.07
2013.08.09 19:24:02.025,1.37137,1.3716,1.50,2.07
2013.08.09 19:24:04.083,1.37135,1.37158,2.44,1.69
2013.08.09 19:24:07.854,1.37135,1.37158,2.25,1.69
2013.08.09 19:24:16.473,1.37135,1.37158,2.44,2.44
2013.08.09 19:24:20.384,1.37135,1.37158,2.44,1.50
2013.08.09 19:24:20.746,1.37138,1.37158,1.50,1.50
2013.08.09 19:24:21.027,1.37138,1.37158,1.88,1.50
2013.08.09 19:24:21.414,1.37138,1.37161,2.63,1.32
2013.08.09 19:24:25.264,1.37138,1.37162,2.82,1.69
2013.08.09 19:24:31.063,1.37138,1.37162,2.07,3.19
2013.08.09 19:24:40.683,1.37138,1.37162,2.07,1.69
2013.08.09 19:24:42.573,1.37138,1.37161,1.32,1.50
2013.08.09 19:24:52.563,1.37139,1.37161,1.13,1.50
2013.08.09 19:24:52.864,1.37144,1.37166,1.50,2.07
2013.08.09 19:24:53.223,1.37146,1.37167,1.50,1.69
2013.08.09 19:24:53.584,1.37147,1.37167,1.50,1.69
2013.08.09 19:24:53.704,1.37147,1.37168,1.50,2.07
2013.08.09 19:24:55.584,1.37149,1.3717,1.50,1.50
2013.08.09 19:24:56.195,1.3715,1.37172,2.25,1.32
2013.08.09 19:24:56.963,1.37148,1.37171,1.69,1.32
2013.08.09 19:25:03.066,1.37148,1.37171,2.44,1.32
2013.08.09 19:25:03.184,1.37149,1.37171,1.69,1.13
2013.08.09 19:25:04.283,1.3715,1.37171,2.29,1.13
2013.08.09 19:25:05.106,1.37152,1.37173,1.32,1.50
2013.08.09 19:25:13.815,1.37151,1.37173,2.44,1.50
2013.08.09 19:25:14.383,1.37151,1.37171,2.44,1.50
2013.08.09 19:25:19.333,1.37153,1.37175,1.32,2.07
2013.08.09 19:25:28.363,1.37153,1.37173,1.32,1.50
2013.08.09 19:25:30.144,1.37153,1.37173,1.50,1.50
2013.08.09 19:25:30.727,1.37162,1.37181,1.13,1.50
2013.08.09 19:25:31.142,1.37162,1.37181,1.13,1.50
2013.08.09 19:25:34.803,1.37162,1.3718,1.13,1.50
2013.08.09 19:25:41.874,1.3716,1.37179,1.32,1.50
2013.08.09 19:25:41.934,1.3716,1.37178,1.32,1.13
2013.08.09 19:25:42.055,1.37159,1.37176,1.13,1.13
2013.08.09 19:25:42.355,1.37153,1.37174,1.32,1.50
2013.08.09 19:25:42.474,1.37153,1.37174,1.32,1.50
2013.08.09 19:25:42.594,1.37153,1.37175,1.32,1.50
2013.08.09 19:25:42.853,1.37153,1.37172,1.32,1.50
2013.08.09 19:25:43.368,1.37153,1.37172,1.69,1.50
2013.08.09 19:25:46.054,1.37151,1.37174,3.19,1.50
2013.08.09 19:25:50.836,1.37151,1.37174,3.19,1.50
2013.08.09 19:25:50.967,1.37161,1.37174,1.13,1.50
2013.08.09 19:25:51.273,1.37161,1.37179,1.13,1.50
2013.08.09 19:25:51.807,1.37161,1.37179,1.13,1.50
2013.08.09 19:25:52.233,1.37161,1.37179,1.13,1.50
2013.08.09 19:26:00.504,1.37161,1.37178,1.13,1.13
2013.08.09 19:26:00.564,1.37159,1.37176,1.13,1.13
2013.08.09 19:26:00.863,1.37159,1.37174,1.13,1.50
2013.08.09 19:26:00.924,1.37156,1.37174,1.50,1.50
2013.08.09 19:26:01.106,1.37155,1.37174,1.13,1.50
2013.08.09 19:26:07.235,1.37155,1.37174,1.32,1.50
2013.08.09 19:26:07.746,1.37152,1.37174,1.69,1.50
2013.08.09 19:26:10.804,1.37157,1.37174,1.13,1.50
2013.08.09 19:26:11.106,1.3716,1.37174,2.07,1.50
2013.08.09 19:26:11.476,1.3716,1.37181,2.07,1.69
2013.08.09 19:26:11.877,1.3716,1.37182,2.07,1.69
2013.08.09 19:26:13.335,1.37161,1.37182,1.32,1.50
2013.08.09 19:26:14.529,1.3716,1.3718,2.44,1.50
2013.08.09 19:26:20.035,1.3716,1.37183,2.44,1.50
2013.08.09 19:26:24.134,1.3716,1.37182,2.44,1.50
2013.08.09 19:26:28.437,1.37164,1.37182,1.50,2.25
2013.08.09 19:26:28.685,1.3717,1.3718,1.13,1.50
2013.08.09 19:26:28.865,1.37157,1.37178,1.13,1.50
2013.08.09 19:26:28.925,1.3716,1.37178,2.25,1.50
2013.08.09 19:26:29.045,1.37156,1.37173,1.13,1.50
2013.08.09 19:26:29.584,1.37157,1.37176,2.25,1.69
2013.08.09 19:26:29.824,1.37151,1.37168,2.44,1.50
2013.08.09 19:26:30.074,1.37152,1.37172,1.50,1.50
2013.08.09 19:26:30.735,1.37153,1.37175,1.50,1.69
2013.08.09 19:26:35.425,1.37153,1.37175,1.69,1.50
2013.08.09 19:26:35.544,1.37155,1.37178,2.44,1.50
2013.08.09 19:26:43.334,1.37156,1.37178,1.50,2.44
2013.08.09 19:26:49.573,1.37156,1.37178,2.25,1.69
2013.08.09 19:27:02.736,1.37156,1.37178,1.50,1.69
2013.08.09 19:27:02.914,1.37153,1.37173,2.44,1.13
2013.08.09 19:27:04.504,1.37151,1.37173,2.44,1.88
2013.08.09 19:27:05.665,1.37151,1.37173,1.69,1.13
2013.08.09 19:27:05.735,1.37151,1.37173,1.50,1.32
2013.08.09 19:27:06.095,1.37147,1.3717,1.69,1.69
2013.08.09 19:27:06.656,1.37146,1.37169,1.69,1.50
2013.08.09 19:27:06.844,1.37146,1.37167,1.69,1.50
2013.08.09 19:27:31.873,1.37147,1.37169,1.50,2.82
2013.08.09 19:27:34.524,1.37147,1.37168,1.50,1.69
2013.08.09 19:27:34.884,1.37142,1.37157,1.50,1.13
2013.08.09 19:27:35.844,1.37142,1.37157,1.50,1.13
2013.08.09 19:27:39.173,1.37142,1.37157,1.50,1.13
2013.08.09 19:27:49.654,1.37142,1.37157,2.25,1.13
2013.08.09 19:27:50.258,1.37142,1.37159,2.25,2.44
2013.08.09 19:27:50.686,1.37147,1.37161,1.50,3.19
2013.08.09 19:27:50.756,1.37147,1.37163,1.50,1.69
2013.08.09 19:27:50.873,1.37147,1.37164,1.50,1.69
2013.08.09 19:27:51.145,1.37151,1.37164,1.13,1.69
2013.08.09 19:27:51.324,1.37151,1.37167,1.13,1.50
2013.08.09 19:27:51.445,1.37153,1.37167,1.50,1.50
2013.08.09 19:27:51.565,1.37153,1.37172,1.69,1.50
2013.08.09 19:27:52.447,1.37153,1.37176,3.19,1.50
2013.08.09 19:27:52.514,1.37154,1.37177,1.69,1.69
2013.08.09 19:27:55.097,1.37154,1.37177,1.50,1.69
2013.08.09 19:28:00.614,1.37159,1.37175,1.13,1.69
2013.08.09 19:28:00.975,1.37165,1.37178,1.88,1.50
2013.08.09 19:28:01.274,1.37165,1.37183,1.50,1.50
2013.08.09 19:28:01.718,1.37165,1.37187,1.50,1.69
2013.08.09 19:28:01.786,1.37165,1.37187,1.50,1.69
2013.08.09 19:28:02.330,1.37165,1.37186,1.50,1.69
2013.08.09 19:28:04.044,1.37165,1.37185,1.50,2.44
2013.08.09 19:28:04.105,1.37165,1.37182,1.50,2.07
2013.08.09 19:28:04.224,1.37162,1.3718,1.88,1.50
2013.08.09 19:28:05.055,1.37162,1.37177,1.13,1.50
2013.08.09 19:28:05.175,1.37162,1.37175,1.13,1.50
2013.08.09 19:28:06.084,1.3716,1.37175,1.13,1.50
2013.08.09 19:28:07.674,1.37162,1.37176,1.13,1.69
2013.08.09 19:28:08.424,1.37162,1.37178,1.13,1.50
2013.08.09 19:28:08.544,1.37162,1.37178,1.13,1.50
2013.08.09 19:28:08.785,1.3716,1.37175,1.13,1.50
2013.08.09 19:28:10.865,1.37162,1.37175,1.13,1.50
2013.08.09 19:28:10.984,1.37162,1.37179,1.13,1.69
2013.08.09 19:28:11.164,1.37162,1.37179,1.13,1.50
2013.08.09 19:28:11.645,1.37162,1.37177,1.13,1.50
2013.08.09 19:28:13.545,1.37162,1.37177,1.13,1.50
2013.08.09 19:28:13.795,1.37162,1.3718,1.13,1.69
2013.08.09 19:28:14.036,1.37161,1.37179,1.13,1.32
2013.08.09 19:28:14.155,1.37161,1.37177,1.13,1.50
2013.08.09 19:28:14.733,1.37161,1.37176,1.13,1.69
2013.08.09 19:28:15.785,1.37158,1.37173,1.13,1.50
2013.08.09 19:28:16.880,1.37156,1.37173,1.13,1.50
2013.08.09 19:28:26.387,1.37153,1.37176,2.07,1.50
2013.08.09 19:28:26.455,1.37154,1.37176,2.44,1.13
2013.08.09 19:28:26.575,1.37155,1.37176,1.88,1.88
2013.08.09 19:28:26.636,1.37154,1.37177,2.25,1.88
2013.08.09 19:28:27.055,1.37158,1.37181,2.25,1.69
2013.08.09 19:28:27.234,1.37159,1.37183,1.50,1.32
2013.08.09 19:28:27.594,1.37162,1.37184,2.25,2.44
2013.08.09 19:28:27.654,1.37162,1.37185,2.44,1.69
2013.08.09 19:28:28.163,1.37165,1.37187,1.50,3.19
2013.08.09 19:28:34.485,1.37166,1.37186,1.13,1.50
2013.08.09 19:28:35.049,1.37168,1.37189,1.50,1.69
2013.08.09 19:28:54.804,1.37168,1.3719,1.50,1.69
2013.08.09 19:29:01.164,1.37167,1.37189,1.50,2.44
2013.08.09 19:29:01.284,1.37166,1.37181,1.13,1.13
2013.08.09 19:29:01.901,1.37159,1.37179,1.50,2.63
2013.08.09 19:29:01.972,1.37154,1.37175,2.44,1.50
2013.08.09 19:29:03.044,1.37159,1.3718,1.50,1.88
2013.08.09 19:29:03.103,1.3716,1.37183,1.50,2.44
2013.08.09 19:29:03.663,1.37159,1.37182,1.50,2.44
2013.08.09 19:29:04.126,1.37157,1.3718,1.69,1.50
2013.08.09 19:29:04.864,1.37159,1.37181,1.50,2.07
2013.08.09 19:29:05.044,1.37159,1.37181,1.50,2.82
2013.08.09 19:29:07.566,1.3716,1.37183,1.50,1.69
2013.08.09 19:29:07.624,1.3716,1.37184,2.25,3.57
2013.08.09 19:29:07.684,1.37161,1.37184,1.50,2.82
2013.08.09 19:29:09.135,1.37165,1.37186,1.50,2.07
2013.08.09 19:29:10.185,1.37165,1.37186,1.50,1.32
2013.08.09 19:29:16.484,1.37162,1.37184,1.50,2.07
2013.08.09 19:29:16.844,1.37159,1.37179,2.07,1.50
2013.08.09 19:29:17.145,1.37159,1.37178,2.07,1.50
2013.08.09 19:29:17.504,1.37159,1.37177,2.82,1.50
2013.08.09 19:29:17.684,1.37159,1.37181,2.82,1.50
2013.08.09 19:29:17.924,1.37159,1.37181,2.07,1.50
2013.08.09 19:29:18.045,1.37159,1.37181,1.32,1.50
2013.08.09 19:29:18.104,1.3716,1.37183,1.50,2.44
2013.08.09 19:29:18.166,1.37161,1.37184,1.50,1.69
2013.08.09 19:29:18.974,1.37161,1.37184,1.50,2.44
2013.08.09 19:29:20.175,1.37161,1.37184,1.50,1.69
2013.08.09 19:29:20.697,1.37161,1.37184,2.25,1.69
2013.08.09 19:29:21.385,1.37163,1.37186,1.50,1.69
2013.08.09 19:29:22.228,1.37163,1.37186,1.50,1.69
2013.08.09 19:29:23.684,1.37163,1.37186,1.50,1.69
2013.08.09 19:29:28.014,1.37163,1.37186,1.50,2.44
2013.08.09 19:29:28.606,1.37164,1.37186,1.50,1.69
2013.08.09 19:29:31.005,1.37164,1.37188,1.50,2.44
2013.08.09 19:29:31.632,1.37165,1.37189,1.50,3.19
2013.08.09 19:29:32.135,1.37164,1.37186,1.50,1.69
2013.08.09 19:29:36.968,1.37164,1.37188,1.50,1.69
2013.08.09 19:29:37.527,1.37168,1.37188,1.50,1.69
2013.08.09 19:29:38.167,1.37165,1.37188,2.44,2.44
2013.08.09 19:29:38.965,1.37165,1.37188,2.25,2.44
2013.08.09 19:29:39.986,1.37165,1.37187,1.50,2.44
2013.08.09 19:29:44.344,1.37164,1.37187,2.25,3.19
2013.08.09 19:29:50.214,1.37164,1.37187,1.50,1.69
2013.08.09 19:29:53.794,1.37164,1.37188,1.50,3.19
2013.08.09 19:29:55.228,1.37164,1.37188,1.50,3.19
2013.08.09 19:30:04.854,1.37162,1.37185,1.50,2.44
2013.08.09 19:30:05.541,1.37161,1.37183,1.13,1.69
2013.08.09 19:30:07.454,1.3716,1.37183,2.44,1.69
2013.08.09 19:30:08.784,1.3716,1.37183,2.44,1.50
2013.08.09 19:30:11.783,1.3716,1.37183,2.44,2.44
2013.08.09 19:30:12.396,1.37161,1.37184,1.69,2.44
2013.08.09 19:30:13.089,1.37161,1.37183,1.69,2.44
2013.08.09 19:30:14.135,1.37161,1.37185,2.44,2.07
2013.08.09 19:30:14.814,1.37162,1.37185,1.69,1.69
2013.08.09 19:30:15.484,1.37164,1.37187,1.50,1.69
2013.08.09 19:30:15.545,1.37166,1.37188,1.50,4.17
2013.08.09 19:30:16.330,1.37163,1.37186,2.25,1.69
2013.08.09 19:30:16.984,1.37165,1.37186,1.50,2.25
2013.08.09 19:30:17.344,1.37171,1.37191,2.25,1.32
2013.08.09 19:30:17.404,1.37171,1.37192,1.50,2.44
2013.08.09 19:30:17.464,1.37174,1.37194,1.50,1.69
2013.08.09 19:30:17.584,1.37172,1.37194,1.50,1.69
2013.08.09 19:30:18.122,1.37173,1.37194,1.50,1.69
2013.08.09 19:30:19.124,1.37173,1.37196,1.50,1.69
2013.08.09 19:30:19.665,1.37175,1.37197,1.50,3.19
2013.08.09 19:30:21.214,1.37175,1.37198,2.44,2.63
2013.08.09 19:30:21.814,1.37176,1.37199,1.50,3.57
2013.08.09 19:30:21.994,1.37175,1.37198,1.69,2.44
2013.08.09 19:30:23.264,1.37175,1.37197,1.50,2.44
2013.08.09 19:30:26.624,1.37175,1.37198,1.50,3.19
2013.08.09 19:30:27.725,1.37175,1.37198,2.44,2.25
2013.08.09 19:30:28.490,1.37175,1.37198,2.44,2.25
2013.08.09 19:30:29.220,1.37175,1.37198,2.44,2.25
2013.08.09 19:30:29.740,1.37175,1.37198,2.44,2.25
2013.08.09 19:30:31.330,1.37175,1.37198,2.44,2.44
2013.08.09 19:30:32.089,1.37175,1.37198,2.44,2.44
2013.08.09 19:30:32.634,1.37175,1.37198,2.44,2.44
2013.08.09 19:30:33.553,1.37175,1.37198,2.44,2.44
2013.08.09 19:30:33.839,1.37175,1.37198,2.25,2.44
2013.08.09 19:30:34.986,1.37175,1.37198,2.44,2.25
2013.08.09 19:30:38.164,1.37175,1.37198,2.44,1.69
2013.08.09 19:30:43.763,1.37175,1.37199,2.44,2.44
2013.08.09 19:30:49.549,1.37175,1.37199,2.44,2.44
2013.08.09 19:30:50.074,1.37175,1.37199,2.44,2.44
2013.08.09 19:30:51.184,1.37175,1.37199,2.44,2.44
2013.08.09 19:30:52.664,1.37175,1.37199,2.44,2.44
2013.08.09 19:30:53.194,1.37175,1.37199,1.69,2.44
2013.08.09 19:30:58.237,1.37175,1.37199,1.69,2.44
2013.08.09 19:30:59.674,1.37175,1.37199,1.69,2.44
2013.08.09 19:31:01.549,1.37175,1.37199,1.69,2.44
2013.08.09 19:31:02.185,1.37175,1.37199,2.44,2.44
2013.08.09 19:31:03.024,1.37174,1.37198,1.69,1.50
2013.08.09 19:31:06.574,1.37174,1.37198,2.44,1.69
2013.08.09 19:31:10.694,1.37175,1.37198,1.69,1.50
2013.08.09 19:31:16.274,1.37174,1.37198,1.69,2.44
2013.08.09 19:31:18.965,1.37174,1.37198,1.69,1.50
2013.08.09 19:31:19.087,1.37179,1.37202,1.50,2.07
2013.08.09 19:31:19.764,1.37178,1.37201,1.50,1.32
2013.08.09 19:31:20.538,1.37178,1.37201,1.50,2.07
2013.08.09 19:31:21.081,1.37178,1.37201,1.50,2.07
2013.08.09 19:31:21.844,1.37178,1.37201,1.50,2.07
2013.08.09 19:31:22.785,1.37179,1.37201,1.50,2.07
2013.08.09 19:31:23.429,1.37179,1.37201,1.69,1.32
2013.08.09 19:31:27.834,1.3718,1.37201,1.50,2.82
2013.08.09 19:31:29.254,1.3718,1.37201,1.50,2.82
2013.08.09 19:31:33.823,1.37178,1.37201,2.44,3.19
2013.08.09 19:31:41.345,1.37178,1.37201,2.44,2.44
2013.08.09 19:31:43.404,1.3718,1.37201,1.50,2.44
2013.08.09 19:31:43.950,1.37179,1.37201,1.69,1.69
2013.08.09 19:31:45.324,1.37183,1.37202,1.50,1.69
2013.08.09 19:31:45.684,1.37193,1.37215,1.50,1.69
2013.08.09 19:31:46.045,1.37191,1.3721,1.50,1.50
2013.08.09 19:31:46.345,1.37191,1.37207,1.50,1.50
2013.08.09 19:31:46.464,1.37184,1.37203,1.50,1.13
2013.08.09 19:31:46.645,1.37189,1.37207,1.50,1.88
2013.08.09 19:31:47.125,1.37187,1.37206,2.25,1.13
2013.08.09 19:31:47.184,1.37189,1.37206,2.25,1.13
2013.08.09 19:31:47.484,1.37192,1.37211,2.25,1.69
2013.08.09 19:31:47.664,1.37186,1.37207,1.69,1.46
2013.08.09 19:31:47.784,1.37185,1.37206,3.19,1.13
2013.08.09 19:31:47.845,1.37188,1.37206,1.69,1.13
2013.08.09 19:31:47.905,1.37186,1.37207,2.44,1.88
2013.08.09 19:31:48.144,1.37188,1.37209,1.69,3.94
2013.08.09 19:31:48.204,1.37189,1.37209,1.50,3.19
2013.08.09 19:31:48.994,1.37192,1.37211,1.50,1.50
2013.08.09 19:31:49.544,1.37192,1.37212,2.25,1.50
2013.08.09 19:31:50.085,1.37193,1.37214,2.25,1.50
2013.08.09 19:31:53.224,1.37193,1.37214,1.50,3.00
2013.08.09 19:32:03.769,1.37193,1.37213,1.88,1.50
2013.08.09 19:32:04.076,1.37198,1.37214,1.32,1.50
2013.08.09 19:32:04.134,1.37199,1.37214,1.32,1.50
2013.08.09 19:32:04.643,1.37199,1.37214,1.32,1.50
2013.08.09 19:32:04.723,1.37201,1.37218,1.13,1.50
2013.08.09 19:32:05.245,1.37199,1.37218,1.88,1.50
2013.08.09 19:32:05.784,1.37201,1.3722,1.13,1.69
2013.08.09 19:32:09.265,1.37201,1.37221,1.13,1.50
2013.08.09 19:32:10.105,1.37201,1.37221,1.32,1.50
2013.08.09 19:32:10.625,1.37201,1.37221,1.32,2.25
2013.08.09 19:32:11.924,1.37198,1.37221,3.19,3.00
2013.08.09 19:32:12.534,1.37199,1.3722,1.69,2.25
2013.08.09 19:32:13.154,1.37199,1.3722,1.50,1.69
2013.08.09 19:32:14.144,1.37202,1.37225,1.50,2.07
2013.08.09 19:32:14.806,1.37202,1.37224,1.50,1.69
2013.08.09 19:32:18.225,1.37199,1.37223,2.44,2.44
2013.08.09 19:32:21.624,1.37199,1.37223,2.44,2.44
2013.08.09 19:32:22.155,1.37199,1.37223,2.44,3.19
2013.08.09 19:32:23.634,1.37199,1.37222,2.44,1.69
2013.08.09 19:32:24.474,1.37199,1.37222,2.44,1.69
2013.08.09 19:32:25.209,1.37199,1.37222,2.44,1.69
2013.08.09 19:32:30.898,1.37199,1.37223,2.25,3.19
2013.08.09 19:32:34.375,1.37199,1.37219,1.50,1.69
2013.08.09 19:32:34.734,1.37199,1.37221,2.25,1.69
2013.08.09 19:32:35.282,1.37201,1.37223,1.50,1.69
2013.08.09 19:32:37.475,1.372,1.37221,1.50,1.69
2013.08.09 19:32:37.980,1.372,1.37221,1.50,1.69
2013.08.09 19:32:44.136,1.37201,1.37223,1.50,1.69
2013.08.09 19:32:45.864,1.37201,1.37223,1.50,1.69
2013.08.09 19:32:53.464,1.37201,1.37223,1.50,1.69
2013.08.09 19:32:56.945,1.372,1.37221,1.69,1.69
2013.08.09 19:33:07.186,1.37199,1.37221,1.69,2.85
2013.08.09 19:33:07.366,1.37196,1.37218,1.13,2.25
2013.08.09 19:33:12.278,1.37196,1.37215,1.13,1.69
2013.08.09 19:33:12.405,1.37192,1.37215,1.50,2.07
2013.08.09 19:33:12.464,1.37192,1.37214,1.50,1.69
2013.08.09 19:33:12.765,1.37188,1.37209,1.50,1.50
2013.08.09 19:33:12.885,1.37189,1.37211,1.50,1.69
2013.08.09 19:33:13.185,1.3719,1.37214,1.50,3.04
2013.08.09 19:33:16.981,1.37194,1.37215,1.50,2.82
2013.08.09 19:33:17.296,1.37192,1.37215,1.50,2.82
2013.08.09 19:33:17.634,1.37193,1.37215,1.50,2.07
2013.08.09 19:33:21.966,1.37193,1.37215,1.50,2.07
2013.08.09 19:33:30.915,1.37193,1.37215,1.50,1.69
2013.08.09 19:33:37.046,1.37193,1.37215,1.50,1.69
2013.08.09 19:33:40.826,1.37195,1.37215,1.50,1.69
2013.08.09 19:33:52.465,1.37195,1.37214,1.50,2.07
2013.08.09 19:33:52.646,1.37192,1.37213,1.50,1.50
2013.08.09 19:33:53.114,1.37192,1.37214,1.50,2.07
2013.08.09 19:33:53.680,1.37194,1.37214,1.50,1.32
2013.08.09 19:33:54.338,1.37194,1.37214,1.50,1.32
2013.08.09 19:33:57.729,1.37191,1.37214,1.69,1.69
2013.08.09 19:34:00.451,1.3719,1.37213,1.69,3.19
2013.08.09 19:34:04.544,1.37191,1.37213,2.25,2.44
2013.08.09 19:34:04.604,1.37192,1.37214,2.07,1.50
2013.08.09 19:34:04.665,1.37195,1.37216,1.50,2.25
2013.08.09 19:34:04.845,1.37196,1.37215,1.50,1.32
2013.08.09 19:34:05.146,1.37199,1.37215,1.50,1.32
2013.08.09 19:34:05.264,1.37199,1.37216,1.50,1.32
2013.08.09 19:34:05.387,1.37195,1.37216,1.50,1.32
2013.08.09 19:34:06.175,1.37196,1.37216,1.50,1.32
2013.08.09 19:34:06.621,1.37196,1.37216,2.25,1.32
2013.08.09 19:34:06.875,1.37196,1.37216,1.13,1.32
2013.08.09 19:34:07.474,1.37203,1.37225,1.50,1.54
2013.08.09 19:34:09.125,1.37202,1.37225,1.50,3.04
2013.08.09 19:34:11.145,1.37201,1.37225,2.25,2.29
2013.08.09 19:34:11.684,1.37197,1.3722,2.44,2.25
2013.08.09 19:34:30.368,1.37197,1.37219,1.69,1.50
2013.08.09 19:34:30.508,1.37197,1.37219,1.50,1.69
2013.08.09 19:34:30.570,1.37196,1.37217,1.32,2.25
2013.08.09 19:34:30.814,1.37201,1.37219,1.50,1.69
2013.08.09 19:34:31.054,1.37196,1.37217,2.82,1.35
2013.08.09 19:34:31.426,1.37196,1.37217,2.07,1.35
2013.08.09 19:34:31.606,1.37196,1.37217,1.32,1.73
2013.08.09 19:34:32.145,1.37196,1.37217,1.13,1.92
2013.08.09 19:34:32.538,1.37191,1.37213,2.07,1.13
2013.08.09 19:34:33.176,1.37193,1.37215,1.69,1.13
2013.08.09 19:34:33.806,1.37195,1.37214,1.50,1.13
2013.08.09 19:34:34.425,1.37194,1.37214,3.94,1.13
2013.08.09 19:34:35.054,1.37196,1.37214,1.50,1.13
2013.08.09 19:34:35.186,1.37195,1.37214,1.50,1.13
2013.08.09 19:34:35.805,1.37194,1.37214,3.75,1.13
2013.08.09 19:34:36.405,1.37195,1.37216,2.25,2.07
2013.08.09 19:34:37.108,1.37197,1.37215,1.50,1.13
2013.08.09 19:34:39.304,1.37199,1.37215,1.50,1.13
2013.08.09 19:34:39.665,1.37203,1.37224,3.00,1.50
2013.08.09 19:34:40.025,1.37204,1.37224,1.50,1.50
2013.08.09 19:34:40.404,1.37204,1.37221,1.50,2.25
2013.08.09 19:34:43.912,1.37205,1.37221,1.50,2.25
2013.08.09 19:34:48.547,1.37206,1.37221,1.69,2.25
2013.08.09 19:35:00.665,1.37206,1.37221,2.44,2.25
2013.08.09 19:35:00.725,1.37208,1.37226,1.13,2.25
2013.08.09 19:35:00.905,1.37208,1.37229,2.25,1.69
2013.08.09 19:35:01.525,1.37209,1.3723,1.50,5.07
2013.08.09 19:35:02.161,1.37212,1.37231,1.50,4.32
2013.08.09 19:35:02.773,1.37212,1.37231,1.50,4.13
2013.08.09 19:35:03.795,1.37212,1.37231,1.50,4.13
2013.08.09 19:35:03.856,1.37212,1.37231,2.44,4.13
2013.08.09 19:35:04.215,1.37223,1.37246,1.50,2.44
2013.08.09 19:35:05.875,1.37223,1.37246,1.50,3.19
2013.08.09 19:35:06.385,1.3722,1.37243,1.69,1.69
2013.08.09 19:35:06.805,1.37219,1.37239,3.57,1.13
2013.08.09 19:35:07.225,1.37219,1.37234,3.38,2.63
2013.08.09 19:35:07.754,1.37216,1.37231,1.32,1.50
2013.08.09 19:35:08.465,1.37209,1.37231,2.07,1.50
2013.08.09 19:35:09.359,1.3721,1.37231,1.69,1.50
2013.08.09 19:35:09.485,1.37213,1.37234,1.50,1.69
2013.08.09 19:35:09.724,1.37215,1.37236,1.50,2.07
2013.08.09 19:35:10.084,1.37219,1.3724,1.50,2.07
2013.08.09 19:35:10.385,1.37219,1.37236,1.50,1.50
2013.08.09 19:35:10.504,1.37212,1.37235,3.19,1.88
2013.08.09 19:35:10.625,1.37215,1.37236,3.75,2.07
2013.08.09 19:35:10.685,1.37217,1.37237,1.50,1.88
2013.08.09 19:35:11.056,1.37219,1.37241,1.50,1.32
2013.08.09 19:35:11.595,1.37218,1.3724,1.50,1.13
2013.08.09 19:35:11.774,1.37215,1.37238,2.44,1.13
2013.08.09 19:35:12.985,1.37212,1.37236,1.69,2.07
2013.08.09 19:35:13.104,1.37212,1.37235,1.69,1.50
2013.08.09 19:35:13.927,1.3721,1.37234,1.69,2.44
2013.08.09 19:35:15.515,1.3721,1.37233,1.69,2.25
2013.08.09 19:35:18.065,1.37212,1.37235,1.69,2.44
2013.08.09 19:35:20.590,1.37214,1.37235,1.13,1.69
2013.08.09 19:35:20.668,1.37216,1.37239,2.63,1.69
2013.08.09 19:35:20.801,1.37218,1.3724,1.50,1.50
2013.08.09 19:35:20.868,1.37218,1.37241,3.75,1.69
2013.08.09 19:35:20.936,1.37222,1.37245,1.50,4.50
2013.08.09 19:35:21.525,1.37222,1.37244,1.50,1.32
2013.08.09 19:35:21.886,1.37222,1.37245,1.50,3.57
2013.08.09 19:35:22.684,1.37222,1.37244,1.50,1.32
2013.08.09 19:35:23.234,1.37222,1.37244,1.50,1.69
2013.08.09 19:35:25.255,1.37219,1.37243,1.69,2.25
2013.08.09 19:35:25.816,1.37219,1.37244,1.69,2.25
2013.08.09 19:35:26.454,1.3722,1.37242,1.69,1.50
2013.08.09 19:35:29.835,1.3722,1.37242,1.50,1.50
2013.08.09 19:35:31.246,1.3722,1.37242,1.88,1.50
2013.08.09 19:35:31.604,1.37227,1.37246,1.50,1.13
2013.08.09 19:35:31.665,1.37226,1.37249,1.50,3.42
2013.08.09 19:35:31.845,1.37224,1.37247,2.44,2.25
2013.08.09 19:35:31.904,1.37221,1.37244,2.07,1.50
2013.08.09 19:35:32.265,1.37225,1.37245,1.88,1.50
2013.08.09 19:35:32.575,1.37225,1.37246,1.50,1.13
2013.08.09 19:35:33.175,1.37225,1.37246,1.50,1.13
2013.08.09 19:35:33.234,1.37221,1.37244,2.82,1.50
2013.08.09 19:35:33.295,1.37221,1.37244,1.13,2.25
2013.08.09 19:35:33.594,1.37221,1.37245,2.25,1.50
2013.08.09 19:35:34.204,1.37223,1.37246,1.50,3.57
2013.08.09 19:35:34.326,1.37221,1.37245,1.50,1.50
2013.08.09 19:35:34.676,1.37223,1.37246,1.50,2.82
2013.08.09 19:35:35.395,1.37225,1.37248,1.50,3.57
2013.08.09 19:35:35.897,1.37223,1.37248,3.19,2.63
2013.08.09 19:35:35.955,1.37229,1.37249,1.50,2.07
2013.08.09 19:35:36.496,1.37227,1.37248,1.50,1.13
2013.08.09 19:35:36.736,1.37224,1.37247,1.50,1.69
2013.08.09 19:35:39.689,1.37224,1.37247,1.50,1.69
2013.08.09 19:35:40.805,1.37224,1.37247,1.50,2.44
2013.08.09 19:35:41.354,1.37222,1.37245,1.50,1.69
2013.08.09 19:35:44.905,1.37222,1.37245,1.50,1.69
2013.08.09 19:35:48.014,1.37222,1.37245,1.50,1.69
2013.08.09 19:35:48.447,1.37222,1.37245,1.50,2.44
2013.08.09 19:35:48.846,1.37218,1.37241,2.07,1.50
2013.08.09 19:35:49.394,1.37218,1.37241,1.88,1.50
2013.08.09 19:35:50.335,1.3722,1.37242,1.50,1.69
2013.08.09 19:35:50.455,1.37222,1.37244,1.50,1.69
2013.08.09 19:35:51.109,1.37222,1.37244,1.50,1.69
2013.08.09 19:35:52.604,1.3722,1.37244,2.25,1.69
2013.08.09 19:35:55.444,1.3722,1.37244,2.25,2.44
2013.08.09 19:35:56.445,1.37218,1.37242,1.50,1.69
2013.08.09 19:35:56.625,1.37217,1.3724,1.50,1.50
2013.08.09 19:35:56.744,1.3722,1.3724,1.13,1.50
2013.08.09 19:35:57.044,1.37223,1.37246,2.25,2.07
2013.08.09 19:35:57.165,1.37225,1.37246,1.50,1.32
2013.08.09 19:35:57.810,1.37223,1.37246,2.25,2.07
2013.08.09 19:35:58.115,1.37224,1.37246,1.69,1.32
2013.08.09 19:35:59.234,1.37222,1.37246,2.44,2.07
2013.08.09 19:35:59.359,1.37222,1.37243,1.50,1.69
2013.08.09 19:35:59.425,1.37221,1.37243,2.25,2.63
2013.08.09 19:35:59.485,1.37221,1.37242,2.25,2.44
2013.08.09 19:35:59.825,1.37217,1.37239,1.69,1.69
2013.08.09 19:36:05.625,1.37216,1.37239,2.63,1.69
2013.08.09 19:36:06.005,1.37216,1.37239,2.63,1.69
2013.08.09 19:36:06.586,1.37217,1.37241,1.50,2.82
2013.08.09 19:36:07.414,1.37217,1.3724,1.50,1.69
2013.08.09 19:36:08.006,1.37216,1.37237,2.82,1.50
2013.08.09 19:36:08.244,1.37217,1.3724,2.25,1.69
2013.08.09 19:36:10.995,1.37217,1.3724,2.44,1.69
2013.08.09 19:36:11.117,1.37217,1.3724,1.69,1.69
2013.08.09 19:36:11.178,1.37216,1.37237,2.07,1.50
2013.08.09 19:36:11.247,1.37216,1.37237,1.32,1.50
2013.08.09 19:36:11.545,1.37214,1.37238,1.69,3.42
2013.08.09 19:36:11.666,1.37216,1.37238,1.69,1.92
2013.08.09 19:36:12.224,1.37216,1.3724,2.44,1.69
2013.08.09 19:36:15.125,1.37217,1.37236,1.69,1.50
2013.08.09 19:36:15.184,1.37217,1.3724,2.44,2.25
2013.08.09 19:36:16.194,1.37216,1.37239,1.69,1.50
2013.08.09 19:36:17.415,1.37229,1.37239,1.13,1.50
2013.08.09 19:36:17.655,1.37226,1.37239,1.13,1.50
2013.08.09 19:36:17.775,1.37226,1.37245,1.13,2.44
2013.08.09 19:36:17.834,1.37224,1.37247,1.50,2.63
2013.08.09 19:36:18.134,1.37223,1.37244,1.13,1.69
2013.08.09 19:36:19.425,1.37223,1.37241,1.13,1.50
2013.08.09 19:36:19.984,1.37225,1.37245,1.50,1.69
2013.08.09 19:36:21.075,1.37225,1.37246,1.50,1.69
2013.08.09 19:36:21.414,1.37225,1.37246,1.50,1.69
2013.08.09 19:36:21.895,1.37223,1.37244,1.13,1.69
2013.08.09 19:36:22.077,1.37219,1.37241,2.44,2.07
2013.08.09 19:36:22.137,1.37217,1.3724,1.69,1.50
2013.08.09 19:36:22.194,1.37216,1.37238,1.69,2.44
2013.08.09 19:36:22.376,1.37213,1.37236,1.69,1.50
2013.08.09 19:36:23.000,1.37213,1.37235,1.69,1.50
2013.08.09 19:36:23.485,1.37212,1.37234,1.50,1.69
2013.08.09 19:36:23.605,1.37211,1.37233,1.88,1.69
2013.08.09 19:36:26.224,1.37211,1.37233,1.88,2.25
2013.08.09 19:36:27.836,1.37211,1.37233,1.88,1.69
2013.08.09 19:36:28.376,1.37211,1.37233,2.07,1.69
2013.08.09 19:36:31.745,1.3721,1.37231,1.50,1.13
2013.08.09 19:36:31.875,1.37207,1.37229,1.50,1.50
2013.08.09 19:36:32.188,1.37207,1.37231,1.50,2.25
2013.08.09 19:36:32.305,1.37207,1.37231,2.44,1.32
2013.08.09 19:36:32.856,1.37216,1.37234,1.50,1.69
2013.08.09 19:36:33.992,1.37216,1.37234,1.50,1.69
2013.08.09 19:36:34.705,1.37216,1.37234,1.50,1.69
2013.08.09 19:36:35.705,1.37214,1.37234,1.13,1.69
2013.08.09 19:36:35.765,1.37212,1.37234,2.07,1.69
2013.08.09 19:36:36.065,1.37212,1.37231,2.07,1.50
2013.08.09 19:36:37.815,1.37212,1.37234,1.32,1.69
2013.08.09 19:36:38.116,1.37214,1.37235,1.13,1.69
2013.08.09 19:36:39.015,1.37214,1.37235,1.13,1.69
2013.08.09 19:36:48.408,1.37211,1.37231,2.44,1.13
2013.08.09 19:36:48.596,1.37207,1.37228,1.50,2.63
2013.08.09 19:36:48.654,1.37206,1.37228,1.39,3.38
2013.08.09 19:36:48.775,1.37206,1.37228,1.39,3.75
2013.08.09 19:36:48.834,1.37206,1.37227,1.39,1.50
2013.08.09 19:36:49.075,1.37207,1.37228,2.25,1.50
2013.08.09 19:36:49.195,1.37208,1.37231,1.50,2.07
2013.08.09 19:36:49.749,1.3721,1.37232,2.25,1.32
2013.08.09 19:36:50.421,1.3721,1.37233,3.00,2.07
2013.08.09 19:36:51.217,1.3721,1.37231,1.50,1.32
2013.08.09 19:36:51.406,1.3721,1.37229,1.50,1.69
2013.08.09 19:36:51.587,1.3721,1.3723,1.50,2.44
2013.08.09 19:36:51.706,1.37206,1.3723,2.25,3.19
2013.08.09 19:36:52.270,1.37209,1.37229,1.69,1.50
2013.08.09 19:36:52.635,1.3721,1.37226,2.25,1.50
2013.08.09 19:36:53.203,1.3721,1.3723,2.25,1.50
2013.08.09 19:36:53.445,1.3721,1.37231,3.00,1.88
2013.08.09 19:36:54.199,1.37214,1.37237,1.50,3.19
2013.08.09 19:36:56.505,1.37214,1.37237,2.25,2.82
2013.08.09 19:36:56.625,1.37216,1.37237,1.50,1.69
2013.08.09 19:36:56.745,1.37217,1.37239,1.50,3.00
2013.08.09 19:36:57.463,1.37218,1.37239,2.25,1.50
2013.08.09 19:36:58.004,1.37218,1.37241,2.44,3.75
2013.08.09 19:36:58.564,1.37218,1.37242,2.44,2.44
2013.08.09 19:36:58.805,1.37221,1.37244,1.50,4.32
2013.08.09 19:36:58.926,1.37224,1.37244,1.69,1.13
2013.08.09 19:36:59.454,1.37224,1.37247,2.44,2.07
2013.08.09 19:37:00.295,1.37222,1.37244,1.69,1.13
2013.08.09 19:37:00.415,1.3722,1.37243,3.19,1.50
2013.08.09 19:37:00.955,1.37222,1.37245,1.69,1.88
2013.08.09 19:37:01.195,1.37222,1.37244,1.69,1.13
2013.08.09 19:37:01.566,1.37219,1.37244,1.50,2.07
2013.08.09 19:37:01.628,1.37223,1.37244,1.50,1.32
2013.08.09 19:37:01.925,1.37222,1.37244,1.69,1.13
2013.08.09 19:37:02.486,1.37226,1.37247,1.50,1.13
2013.08.09 19:37:07.166,1.37225,1.37243,1.50,1.50
2013.08.09 19:37:07.236,1.37224,1.37243,1.50,3.00
2013.08.09 19:37:07.963,1.37217,1.37239,1.69,1.50
2013.08.09 19:37:08.032,1.37221,1.37243,1.50,1.50
2013.08.09 19:37:08.275,1.37216,1.37239,2.44,1.50
2013.08.09 19:37:08.626,1.37215,1.37235,3.75,1.50
2013.08.09 19:37:10.155,1.37216,1.37234,2.44,1.50
2013.08.09 19:37:10.214,1.37216,1.37237,2.44,1.50
2013.08.09 19:37:15.155,1.37218,1.37237,1.32,1.50
2013.08.09 19:37:15.335,1.37218,1.37236,1.32,1.50
2013.08.09 19:37:15.456,1.37212,1.37234,2.44,1.50
2013.08.09 19:37:16.345,1.3721,1.37234,2.44,1.50
2013.08.09 19:37:16.645,1.3721,1.37233,2.44,1.50
2013.08.09 19:37:17.115,1.3721,1.37233,1.69,1.50
2013.08.09 19:37:17.355,1.37215,1.37237,2.25,1.50
2013.08.09 19:37:20.314,1.37215,1.37237,2.44,1.50
2013.08.09 19:37:20.846,1.37215,1.37237,2.07,1.50
2013.08.09 19:37:28.075,1.37215,1.37238,2.07,1.50
2013.08.09 19:37:35.596,1.37215,1.37237,2.44,1.50
2013.08.09 19:37:35.655,1.37215,1.37237,1.50,1.50
2013.08.09 19:37:35.715,1.37215,1.37234,1.13,1.13
2013.08.09 19:37:35.894,1.37213,1.37233,1.88,1.50
2013.08.09 19:37:36.435,1.37209,1.3723,1.32,1.50
2013.08.09 19:37:36.855,1.37212,1.37233,1.50,2.25
2013.08.09 19:37:38.016,1.37213,1.37234,1.69,1.13
2013.08.09 19:37:43.948,1.37212,1.37234,1.32,1.50
2013.08.09 19:37:44.017,1.3721,1.37232,2.82,1.88
2013.08.09 19:37:44.735,1.37211,1.37232,2.07,2.07
2013.08.09 19:37:45.438,1.37209,1.3723,1.69,1.50
2013.08.09 19:37:45.934,1.37211,1.37232,1.69,2.07
2013.08.09 19:37:46.441,1.37214,1.37236,2.25,2.07
2013.08.09 19:37:46.626,1.3721,1.37231,1.50,1.69
2013.08.09 19:37:47.175,1.37206,1.3723,1.50,2.82
2013.08.09 19:37:47.517,1.37207,1.3723,1.50,2.44
2013.08.09 19:37:47.635,1.37211,1.37233,1.50,1.32
2013.08.09 19:38:00.274,1.37214,1.37237,1.50,1.69
2013.08.09 19:38:00.697,1.37214,1.37238,3.75,1.32
2013.08.09 19:38:03.416,1.37221,1.37239,1.50,1.32
2013.08.09 19:38:03.954,1.37225,1.37245,1.50,2.07
2013.08.09 19:38:04.525,1.37227,1.37249,1.50,2.07
2013.08.09 19:38:05.204,1.37227,1.37249,1.50,1.32
2013.08.09 19:38:06.176,1.37227,1.3725,1.50,1.32
2013.08.09 19:38:11.838,1.37227,1.3725,1.50,2.07
2013.08.09 19:38:13.125,1.37227,1.37249,1.50,2.07
2013.08.09 19:38:13.664,1.3722,1.37242,1.32,1.69
2013.08.09 19:38:14.012,1.3722,1.37239,1.32,1.50
2013.08.09 19:38:24.895,1.3722,1.37239,1.13,1.50
2013.08.09 19:38:27.438,1.3722,1.37239,1.13,1.50
2013.08.09 19:38:27.565,1.3722,1.37239,1.50,1.50
2013.08.09 19:38:27.745,1.3722,1.37242,2.63,1.69
2013.08.09 19:38:27.805,1.37225,1.37244,1.50,1.69
2013.08.09 19:38:28.165,1.3722,1.37242,1.13,1.69
2013.08.09 19:38:30.295,1.37219,1.37242,1.88,3.19
2013.08.09 19:38:31.725,1.3722,1.37242,2.63,3.19
2013.08.09 19:38:32.084,1.37221,1.37244,2.44,3.19
2013.08.09 19:38:32.145,1.37221,1.37244,2.44,2.44
2013.08.09 19:38:33.678,1.37222,1.37246,3.00,1.69
2013.08.09 19:38:34.099,1.37223,1.37247,1.69,1.69
2013.08.09 19:38:36.825,1.37222,1.37245,1.69,1.69
2013.08.09 19:38:39.305,1.37222,1.37245,1.69,2.25
2013.08.09 19:38:39.605,1.3722,1.37242,1.32,1.50
2013.08.09 19:38:40.167,1.3722,1.3724,1.32,1.50
2013.08.09 19:38:44.645,1.3722,1.3724,1.13,2.25
2013.08.09 19:38:44.707,1.37218,1.37239,1.32,2.25
2013.08.09 19:38:44.826,1.37218,1.37236,1.32,1.50
2013.08.09 19:38:45.186,1.37211,1.37232,1.13,1.50
2013.08.09 19:38:45.704,1.37211,1.37234,1.50,1.69
2013.08.09 19:38:45.787,1.37214,1.37236,1.50,1.69
2013.08.09 19:38:46.295,1.37213,1.37236,3.00,1.69
2013.08.09 19:38:47.295,1.37214,1.37237,2.25,1.32
2013.08.09 19:38:48.125,1.37213,1.37237,2.25,2.07
2013.08.09 19:38:49.340,1.37213,1.37236,2.25,1.32
2013.08.09 19:38:49.935,1.37213,1.37236,2.25,1.32
2013.08.09 19:38:51.365,1.37214,1.37236,1.50,1.32
2013.08.09 19:38:51.966,1.37214,1.37237,1.50,2.07
2013.08.09 19:38:52.605,1.37214,1.37237,1.50,3.57
2013.08.09 19:38:56.405,1.37212,1.37233,1.69,1.69
2013.08.09 19:38:57.078,1.37212,1.37232,1.69,1.50
2013.08.09 19:38:57.806,1.37211,1.37232,1.69,1.50
2013.08.09 19:38:58.165,1.37216,1.37235,1.69,1.50
2013.08.09 19:38:58.285,1.37216,1.37238,1.69,1.50
2013.08.09 19:39:01.468,1.37217,1.37238,2.44,1.50
2013.08.09 19:39:04.746,1.37218,1.37238,1.32,1.50
2013.08.09 19:39:07.628,1.37218,1.37238,1.32,1.50
2013.08.09 19:39:07.866,1.37218,1.37236,1.32,1.50
2013.08.09 19:39:08.045,1.37218,1.37238,1.32,1.50
2013.08.09 19:39:08.205,1.37218,1.37238,1.32,1.50
2013.08.09 19:39:08.625,1.37218,1.37238,1.32,1.50
2013.08.09 19:39:09.169,1.37218,1.3724,2.07,1.69
2013.08.09 19:39:09.686,1.37218,1.37238,1.32,1.50
2013.08.09 19:39:09.865,1.37219,1.37242,1.50,1.69
2013.08.09 19:39:10.407,1.37218,1.37239,2.07,1.13
2013.08.09 19:39:10.467,1.37215,1.37238,1.69,1.13
2013.08.09 19:39:10.655,1.37213,1.37234,3.19,1.50
2013.08.09 19:39:11.275,1.37212,1.37235,3.19,1.88
2013.08.09 19:39:11.638,1.37214,1.37236,1.69,1.13
2013.08.09 19:39:14.024,1.37213,1.37236,2.44,1.32
2013.08.09 19:39:15.375,1.37213,1.37236,2.25,1.32
2013.08.09 19:39:17.436,1.37213,1.37236,2.44,1.32
2013.08.09 19:39:20.245,1.37213,1.37236,1.69,1.13
2013.08.09 19:39:22.200,1.37215,1.37237,1.69,1.88
2013.08.09 19:39:22.715,1.37213,1.37236,2.44,1.88
2013.08.09 19:39:25.705,1.37213,1.37231,1.50,1.13
2013.08.09 19:39:25.886,1.3721,1.3723,1.50,1.13
2013.08.09 19:39:25.945,1.37207,1.37229,4.32,1.50
2013.08.09 19:39:26.185,1.3721,1.37233,2.44,1.88
2013.08.09 19:39:34.177,1.37214,1.37236,1.50,2.44
2013.08.09 19:39:35.779,1.37213,1.37236,3.19,1.88
2013.08.09 19:39:37.735,1.37213,1.37236,3.19,1.88
2013.08.09 19:39:39.079,1.37211,1.37231,1.69,1.13
2013.08.09 19:39:39.148,1.3721,1.37227,1.50,1.13
2013.08.09 19:39:39.396,1.37208,1.37227,1.50,1.32
2013.08.09 19:39:39.756,1.37204,1.37227,1.50,1.32
2013.08.09 19:39:40.129,1.37203,1.37226,1.69,1.32
2013.08.09 19:39:40.685,1.37203,1.37225,3.19,1.13
2013.08.09 19:39:49.115,1.37204,1.37227,1.69,2.07
2013.08.09 19:40:01.915,1.37204,1.37227,1.69,2.07
2013.08.09 19:40:05.965,1.37205,1.37227,1.50,1.32
2013.08.09 19:40:06.026,1.37206,1.37227,1.50,1.32
2013.08.09 19:40:06.565,1.37206,1.37228,1.50,2.07
2013.08.09 19:40:06.866,1.37201,1.37225,2.44,3.00
2013.08.09 19:40:06.925,1.37202,1.37225,1.69,2.25
2013.08.09 19:40:07.045,1.37203,1.37227,1.69,3.00
2013.08.09 19:40:07.227,1.37206,1.37227,1.50,1.50
2013.08.09 19:40:08.396,1.37206,1.37228,1.50,2.44
2013.08.09 19:40:10.192,1.37206,1.37227,1.50,1.32
2013.08.09 19:40:14.977,1.37206,1.37225,1.50,1.32
2013.08.09 19:40:15.096,1.37201,1.37223,1.69,1.50
2013.08.09 19:40:15.438,1.37202,1.37224,1.69,1.50
2013.08.09 19:40:15.556,1.37203,1.37226,1.69,1.69
2013.08.09 19:40:23.254,1.37203,1.37225,1.69,1.32
2013.08.09 19:40:25.825,1.37203,1.37226,2.44,2.07
2013.08.09 19:40:34.605,1.37203,1.37225,1.69,1.13
2013.08.09 19:40:35.328,1.37203,1.37225,1.69,1.13
2013.08.09 19:40:36.556,1.37203,1.37225,1.50,1.32
2013.08.09 19:40:38.039,1.37203,1.37225,1.69,1.32
2013.08.09 19:40:38.956,1.37204,1.37226,1.50,2.07
2013.08.09 19:40:39.136,1.37204,1.37228,2.44,3.57
2013.08.09 19:40:41.045,1.37207,1.37229,1.50,1.69
2013.08.09 19:40:42.206,1.37205,1.37228,2.25,2.44
2013.08.09 19:40:44.846,1.37205,1.37228,2.25,2.07
2013.08.09 19:40:45.358,1.37205,1.37228,2.44,2.07
2013.08.09 19:40:46.936,1.37205,1.37228,2.44,2.07
2013.08.09 19:40:48.331,1.37207,1.3723,2.07,1.32
2013.08.09 19:40:48.865,1.37211,1.37234,1.69,2.82
2013.08.09 19:40:49.326,1.37211,1.37234,1.69,3.19
2013.08.09 19:40:49.605,1.37209,1.37232,1.69,1.69
2013.08.09 19:40:49.906,1.37207,1.37228,1.50,3.19
2013.08.09 19:40:49.966,1.37207,1.37228,1.50,3.19
2013.08.09 19:40:50.087,1.37207,1.37228,1.50,5.44
2013.08.09 19:40:50.627,1.37204,1.37224,1.32,1.50
2013.08.09 19:40:52.075,1.37204,1.37226,1.32,1.50
2013.08.09 19:40:56.855,1.37205,1.37227,1.50,1.50
2013.08.09 19:41:07.815,1.37206,1.37227,1.69,1.50
2013.08.09 19:41:10.226,1.37205,1.37227,1.69,1.50
2013.08.09 19:41:10.665,1.37204,1.37229,2.07,1.50
2013.08.09 19:41:11.568,1.37204,1.37228,1.88,2.44
2013.08.09 19:41:11.637,1.37204,1.37224,1.13,1.50
2013.08.09 19:41:11.996,1.372,1.37223,1.32,1.69
2013.08.09 19:41:13.043,1.372,1.37221,1.32,1.50
2013.08.09 19:41:13.585,1.372,1.37222,1.13,3.19
2013.08.09 19:41:23.975,1.372,1.37221,1.13,3.94
2013.08.09 19:41:24.406,1.37197,1.37221,2.44,2.44
2013.08.09 19:41:26.185,1.37197,1.37221,2.44,2.44
2013.08.09 19:41:26.305,1.37197,1.37221,1.69,2.44
2013.08.09 19:41:46.615,1.37196,1.3722,2.82,1.50
2013.08.09 19:41:47.965,1.37197,1.37221,1.69,2.44
2013.08.09 19:41:48.086,1.37198,1.37221,1.69,1.69
2013.08.09 19:41:48.625,1.37201,1.37223,1.69,2.25
2013.08.09 19:41:49.146,1.37199,1.37221,1.69,1.50
2013.08.09 19:41:49.265,1.37199,1.37219,1.69,1.50
2013.08.09 19:41:49.696,1.37201,1.37223,1.69,1.50
2013.08.09 19:41:50.925,1.37202,1.37226,1.69,2.07
2013.08.09 19:41:52.795,1.37201,1.37224,1.69,1.69
2013.08.09 19:41:56.135,1.37202,1.37225,2.44,1.69
2013.08.09 19:41:56.786,1.37202,1.37225,1.50,3.19
2013.08.09 19:41:56.966,1.37201,1.37223,1.69,2.25
2013.08.09 19:41:57.325,1.37197,1.37219,2.44,1.50
2013.08.09 19:41:57.536,1.37199,1.37222,1.69,2.25
2013.08.09 19:42:01.798,1.37199,1.37222,1.69,2.44
2013.08.09 19:42:02.976,1.37196,1.37221,1.32,2.44
2013.08.09 19:42:03.527,1.37198,1.3722,1.69,2.25
2013.08.09 19:42:04.417,1.37196,1.3722,2.82,2.25
2013.08.09 19:42:04.535,1.37199,1.3722,1.50,2.25
2013.08.09 19:42:04.895,1.37202,1.37224,2.25,3.57
2013.08.09 19:42:05.435,1.37197,1.3722,1.50,2.25
2013.08.09 19:42:05.555,1.37198,1.37221,1.50,2.07
2013.08.09 19:42:06.092,1.37201,1.37221,1.50,1.32
2013.08.09 19:42:06.837,1.37201,1.37224,1.50,2.44
2013.08.09 19:42:06.955,1.37201,1.37224,3.00,1.69
2013.08.09 19:42:07.315,1.37206,1.37229,2.25,2.44
2013.08.09 19:42:07.915,1.37206,1.37229,2.25,3.19
2013.08.09 19:42:08.462,1.37204,1.37227,1.69,1.69
2013.08.09 19:42:11.217,1.37206,1.37228,2.25,1.69
2013.08.09 19:42:11.635,1.37209,1.37229,1.50,2.44
2013.08.09 19:42:12.176,1.37209,1.37229,1.50,2.44
2013.08.09 19:42:14.985,1.37207,1.37229,2.25,1.69
2013.08.09 19:42:16.118,1.37209,1.3723,1.50,2.44
2013.08.09 19:42:16.432,1.37207,1.3723,1.50,1.69
2013.08.09 19:42:16.886,1.37209,1.3723,1.50,1.69
2013.08.09 19:42:17.439,1.37207,1.3723,1.50,1.69
2013.08.09 19:42:20.486,1.37207,1.3723,1.50,2.44
2013.08.09 19:42:22.595,1.37207,1.3723,1.50,2.07
2013.08.09 19:42:24.116,1.37207,1.3723,1.50,2.82
2013.08.09 19:42:26.187,1.37207,1.3723,1.50,2.82
2013.08.09 19:42:29.196,1.37207,1.3723,2.44,2.07
2013.08.09 19:42:29.556,1.37216,1.37236,1.50,2.07
2013.08.09 19:42:29.676,1.37216,1.37236,1.50,2.07
2013.08.09 19:42:31.365,1.37217,1.37236,1.50,1.69
2013.08.09 19:42:31.426,1.37215,1.37238,1.50,1.50
2013.08.09 19:42:31.546,1.37215,1.37239,1.50,1.88
2013.08.09 19:42:32.065,1.37217,1.37239,1.50,1.13
2013.08.09 19:42:35.345,1.37217,1.37239,1.50,1.13
2013.08.09 19:42:36.306,1.37218,1.37239,1.50,1.13
2013.08.09 19:42:36.910,1.37219,1.37241,1.50,1.32
2013.08.09 19:42:37.276,1.37216,1.37238,2.25,1.88
2013.08.09 19:42:37.455,1.37217,1.37238,1.50,1.88
2013.08.09 19:42:37.576,1.37217,1.37239,1.50,1.88
2013.08.09 19:42:38.240,1.37217,1.37241,2.25,2.07
2013.08.09 19:42:38.757,1.37217,1.37241,2.25,2.07
2013.08.09 19:42:41.242,1.37217,1.37241,2.25,2.07
2013.08.09 19:42:43.125,1.37217,1.37241,2.25,2.07
2013.08.09 19:42:43.912,1.37217,1.37241,2.25,2.07
2013.08.09 19:42:45.418,1.37217,1.37241,2.44,2.07
2013.08.09 19:42:46.976,1.37217,1.37241,2.44,2.07
2013.08.09 19:42:47.095,1.37217,1.37241,2.44,1.32
2013.08.09 19:42:47.919,1.37219,1.37243,1.50,2.07
2013.08.09 19:42:48.937,1.37219,1.37239,1.50,1.13
2013.08.09 19:42:49.055,1.37216,1.37236,1.50,1.50
2013.08.09 19:42:49.296,1.37218,1.37241,1.50,1.32
2013.08.09 19:43:09.345,1.37218,1.37242,1.50,2.07
2013.08.09 19:43:13.416,1.37217,1.37238,2.44,1.32
2013.08.09 19:43:13.476,1.37216,1.37238,1.69,1.32
2013.08.09 19:43:13.544,1.37216,1.37238,1.69,1.69
2013.08.09 19:43:14.107,1.37214,1.37236,2.82,1.13
2013.08.09 19:43:14.622,1.37214,1.37231,2.82,1.13
2013.08.09 19:43:15.438,1.37214,1.37233,1.13,1.32
2013.08.09 19:43:15.499,1.37216,1.37237,1.13,3.19
2013.08.09 19:43:15.686,1.3722,1.37242,1.50,2.44
2013.08.09 19:43:16.283,1.3722,1.37242,1.50,1.69
2013.08.09 19:43:17.145,1.37219,1.37242,1.50,2.44
2013.08.09 19:43:17.445,1.37217,1.3724,2.25,1.32
2013.08.09 19:43:18.097,1.37217,1.3724,2.25,1.32
2013.08.09 19:43:18.905,1.37217,1.3724,2.44,1.13
2013.08.09 19:43:19.215,1.37217,1.37241,3.19,1.32
2013.08.09 19:43:19.706,1.37219,1.37241,1.50,1.32
2013.08.09 19:43:20.111,1.37221,1.37239,1.50,1.13
2013.08.09 19:43:20.176,1.37218,1.37239,1.50,1.13
2013.08.09 19:43:20.495,1.37218,1.37241,2.25,2.82
2013.08.09 19:43:21.126,1.37218,1.37241,2.25,2.07
2013.08.09 19:43:23.555,1.3722,1.37243,1.50,1.69
2013.08.09 19:43:24.625,1.37221,1.37243,1.50,1.32
2013.08.09 19:43:24.927,1.37225,1.37246,2.25,1.32
2013.08.09 19:43:24.987,1.37225,1.37248,2.25,2.82
2013.08.09 19:43:25.047,1.37225,1.37248,2.44,2.07
2013.08.09 19:43:25.105,1.37229,1.37248,1.50,1.32
2013.08.09 19:43:25.466,1.37229,1.37252,2.25,3.00
2013.08.09 19:43:25.585,1.37232,1.37253,2.25,1.13
2013.08.09 19:43:25.765,1.37234,1.37257,1.50,1.69
2013.08.09 19:43:25.886,1.37235,1.37258,1.50,1.32
2013.08.09 19:43:26.066,1.37236,1.37259,1.50,1.69
2013.08.09 19:43:26.653,1.37238,1.37259,1.50,1.69
2013.08.09 19:43:28.245,1.37234,1.37257,1.69,1.69
2013.08.09 19:43:28.936,1.37233,1.37255,2.07,1.69
2013.08.09 19:43:30.315,1.37235,1.37259,1.50,3.94
2013.08.09 19:43:30.618,1.37234,1.37258,1.69,1.69
2013.08.09 19:43:30.977,1.37233,1.37252,1.13,1.50
2013.08.09 19:43:31.456,1.37233,1.37255,1.13,1.69
2013.08.09 19:43:35.397,1.37232,1.37255,2.82,1.50
2013.08.09 19:43:35.956,1.37232,1.37255,2.82,1.69
2013.08.09 19:43:37.792,1.37232,1.37255,2.82,1.69
2013.08.09 19:43:38.418,1.37233,1.37256,1.13,1.69
2013.08.09 19:43:38.737,1.37231,1.37251,2.44,1.13
2013.08.09 19:43:38.796,1.37229,1.37251,3.19,1.13
2013.08.09 19:43:38.976,1.37231,1.37251,1.69,1.13
2013.08.09 19:43:39.095,1.37231,1.37252,1.69,1.13
2013.08.09 19:43:47.350,1.3723,1.37252,1.69,2.07
2013.08.09 19:43:49.155,1.3723,1.37252,2.82,1.50
2013.08.09 19:43:49.456,1.37231,1.37254,4.69,1.69
2013.08.09 19:43:49.815,1.37235,1.37257,1.69,1.50
2013.08.09 19:43:50.356,1.37235,1.37256,1.69,1.50
2013.08.09 19:43:51.406,1.37242,1.37256,1.13,1.50
2013.08.09 19:43:51.586,1.37244,1.37263,1.88,1.50
2013.08.09 19:43:51.956,1.37244,1.37262,1.13,1.50
2013.08.09 19:43:52.015,1.37244,1.3726,1.13,1.50
2013.08.09 19:43:52.479,1.37242,1.37257,1.32,1.50
2013.08.09 19:44:02.146,1.37242,1.37261,1.13,2.44
2013.08.09 19:44:02.446,1.37247,1.37266,1.13,1.32
2013.08.09 19:44:02.627,1.37247,1.37268,1.13,5.44
2013.08.09 19:44:03.405,1.37246,1.37264,1.50,1.13
2013.08.09 19:44:03.645,1.37243,1.37262,1.50,1.88
2013.08.09 19:44:03.706,1.37238,1.37256,1.69,1.50
2013.08.09 19:44:04.765,1.37238,1.3726,1.69,1.50
2013.08.09 19:44:05.745,1.37238,1.37261,2.44,1.50
2013.08.09 19:44:06.285,1.37243,1.37266,2.25,2.07
2013.08.09 19:44:07.185,1.37243,1.37264,1.69,1.32
2013.08.09 19:44:07.365,1.37246,1.37267,1.50,1.32
2013.08.09 19:44:07.925,1.37246,1.37267,2.25,1.32
2013.08.09 19:44:08.796,1.37244,1.37267,2.25,2.82
2013.08.09 19:44:09.256,1.37246,1.37267,2.44,1.32
2013.08.09 19:44:10.136,1.37248,1.37267,1.50,1.13
2013.08.09 19:44:11.385,1.37249,1.37268,2.25,4.69
2013.08.09 19:44:11.506,1.37255,1.37273,1.50,1.13
2013.08.09 19:44:11.866,1.37259,1.37274,1.50,4.13
2013.08.09 19:44:12.170,1.37262,1.37284,1.50,2.44
2013.08.09 19:44:12.576,1.37264,1.37277,1.50,4.13
2013.08.09 19:44:13.367,1.3726,1.37284,1.50,3.19
2013.08.09 19:44:14.806,1.37261,1.37284,1.50,2.44
2013.08.09 19:44:14.866,1.37261,1.37284,2.25,1.69
2013.08.09 19:44:14.926,1.37261,1.37285,2.44,1.50
2013.08.09 19:44:15.226,1.3726,1.37279,3.94,3.75
2013.08.09 19:44:16.047,1.37262,1.37278,1.69,3.75
2013.08.09 19:44:16.406,1.37261,1.37275,1.69,3.75
2013.08.09 19:44:16.647,1.37261,1.37284,1.69,1.88
2013.08.09 19:44:18.426,1.3726,1.37282,3.19,1.50
2013.08.09 19:44:18.486,1.3726,1.37281,3.19,1.13
2013.08.09 19:44:18.787,1.37253,1.37268,3.19,3.75
2013.08.09 19:44:19.951,1.37253,1.37268,1.69,3.75
2013.08.09 19:44:22.515,1.37253,1.37269,1.69,3.75
2013.08.09 19:44:23.606,1.37253,1.37268,1.69,3.75
2013.08.09 19:44:25.076,1.37252,1.37268,1.69,3.75
2013.08.09 19:44:25.195,1.37255,1.37276,1.69,2.25
2013.08.09 19:44:25.316,1.37255,1.37269,2.44,3.75
2013.08.09 19:44:26.225,1.37256,1.37268,1.69,3.75
2013.08.09 19:44:26.408,1.37255,1.37268,1.69,3.75
2013.08.09 19:44:27.049,1.37253,1.37269,1.69,3.75
2013.08.09 19:44:27.885,1.37251,1.37269,2.44,3.75
2013.08.09 19:44:36.976,1.37251,1.37268,2.44,3.75
2013.08.09 19:44:37.905,1.37251,1.37269,2.44,3.75
2013.08.09 19:44:38.696,1.37262,1.37273,1.13,1.50
2013.08.09 19:44:38.756,1.37262,1.37276,1.13,2.25
2013.08.09 19:44:38.816,1.37262,1.37278,1.13,1.13
2013.08.09 19:44:38.938,1.3726,1.37281,1.13,1.69
2013.08.09 19:44:39.236,1.3726,1.3728,1.13,1.69
2013.08.09 19:44:39.476,1.37254,1.37276,1.69,1.50
2013.08.09 19:44:40.027,1.37251,1.37275,1.69,1.50
2013.08.09 19:44:49.175,1.37254,1.37277,1.69,2.44
2013.08.09 19:44:51.876,1.37254,1.37277,1.69,1.69
2013.08.09 19:44:52.177,1.37258,1.37276,1.69,1.50
2013.08.09 19:44:52.477,1.37258,1.37281,3.19,1.88
2013.08.09 19:44:56.417,1.37261,1.37285,1.69,3.94
2013.08.09 19:44:58.826,1.3726,1.37281,1.69,1.13
2013.08.09 19:44:59.366,1.37255,1.37275,1.69,1.50
2013.08.09 19:45:00.366,1.37255,1.37275,1.69,1.50
2013.08.09 19:45:01.058,1.37255,1.37277,1.69,2.25
2013.08.09 19:45:01.176,1.37255,1.37277,1.69,2.25
2013.08.09 19:45:01.237,1.37254,1.37277,1.69,2.25
2013.08.09 19:45:01.356,1.37251,1.37274,1.32,1.50
2013.08.09 19:45:04.107,1.3725,1.37274,3.57,1.69
2013.08.09 19:45:07.387,1.3725,1.37274,2.07,2.44
2013.08.09 19:45:07.506,1.3725,1.37271,1.50,1.13
2013.08.09 19:45:07.805,1.37251,1.37273,1.50,1.32
2013.08.09 19:45:09.336,1.37252,1.37275,2.25,1.32
2013.08.09 19:45:09.456,1.37254,1.37278,1.69,2.44
2013.08.09 19:45:10.345,1.37254,1.37279,3.19,1.69
2013.08.09 19:45:10.465,1.37258,1.37282,1.50,1.69
2013.08.09 19:45:11.405,1.37259,1.37283,1.50,2.44
2013.08.09 19:45:12.485,1.37259,1.37281,1.50,1.69
2013.08.09 19:45:12.546,1.37258,1.37277,1.50,1.50
2013.08.09 19:45:12.725,1.37258,1.37279,2.25,1.69
2013.08.09 19:45:12.905,1.37259,1.37282,1.50,2.44
2013.08.09 19:45:13.267,1.37262,1.37285,1.50,1.32
2013.08.09 19:45:13.657,1.37266,1.37287,1.88,1.50
2013.08.09 19:45:13.716,1.37267,1.37287,1.13,1.50
2013.08.09 19:45:14.236,1.37267,1.3729,1.88,1.69
2013.08.09 19:45:14.537,1.37274,1.37296,1.50,3.19
2013.08.09 19:45:14.656,1.37273,1.37297,3.00,1.13
2013.08.09 19:45:15.196,1.37273,1.37297,3.19,1.32
2013.08.09 19:45:15.376,1.37273,1.37298,4.69,2.82
2013.08.09 19:45:15.976,1.37275,1.37297,3.00,2.07
2013.08.09 19:45:16.396,1.37279,1.37301,1.13,1.69
2013.08.09 19:45:16.456,1.3728,1.37301,1.13,1.69
2013.08.09 19:45:17.658,1.37278,1.37301,1.32,1.50
2013.08.09 19:45:18.505,1.37278,1.37301,2.07,1.69
2013.08.09 19:45:21.082,1.37278,1.373,1.13,1.69
2013.08.09 19:45:21.586,1.37278,1.373,1.13,1.69
2013.08.09 19:45:23.426,1.37273,1.37296,2.44,2.25
2013.08.09 19:45:23.486,1.37273,1.37297,3.19,1.88
2013.08.09 19:45:23.545,1.37273,1.37297,2.25,2.07
2013.08.09 19:45:24.046,1.37272,1.37295,3.00,2.25
2013.08.09 19:45:24.555,1.37272,1.37295,2.25,2.25
2013.08.09 19:45:24.616,1.37273,1.37295,1.50,1.69
2013.08.09 19:45:24.960,1.37276,1.37297,1.50,1.32
2013.08.09 19:45:25.207,1.37276,1.373,1.50,2.82
2013.08.09 19:45:25.327,1.37277,1.373,1.50,2.07
2013.08.09 19:45:26.377,1.37283,1.373,1.50,1.69
2013.08.09 19:45:26.436,1.37283,1.37304,2.25,2.82
2013.08.09 19:45:26.615,1.37283,1.37303,2.25,1.50
2013.08.09 19:45:26.680,1.37283,1.37303,2.25,1.50
2013.08.09 19:45:26.876,1.37283,1.37306,1.50,3.19
2013.08.09 19:45:27.526,1.37281,1.37305,1.69,2.44
2013.08.09 19:45:29.905,1.37283,1.37305,1.50,1.69
2013.08.09 19:45:31.908,1.37282,1.37304,1.69,1.50
2013.08.09 19:45:32.086,1.37278,1.37303,2.07,3.19
2013.08.09 19:45:32.328,1.37278,1.37301,1.32,2.44
2013.08.09 19:45:33.235,1.37278,1.37301,1.13,2.44
2013.08.09 19:45:33.536,1.37278,1.37301,1.88,1.69
2013.08.09 19:45:34.145,1.37281,1.37303,1.50,2.44
2013.08.09 19:45:36.465,1.3728,1.373,1.50,1.50
2013.08.09 19:45:36.646,1.37278,1.37299,1.32,1.50
2013.08.09 19:45:36.975,1.37281,1.37296,1.92,1.50
2013.08.09 19:45:37.095,1.37283,1.37302,1.50,1.50
2013.08.09 19:45:37.216,1.37281,1.37302,1.32,2.25
2013.08.09 19:45:37.336,1.37279,1.37299,1.69,1.50
2013.08.09 19:45:37.875,1.37279,1.37299,1.69,1.50
2013.08.09 19:45:38.775,1.37278,1.37299,1.32,1.50
2013.08.09 19:45:38.850,1.37279,1.37302,2.44,1.69
2013.08.09 19:45:39.786,1.37278,1.37301,2.07,1.50
2013.08.09 19:45:43.084,1.37278,1.373,1.32,1.50
2013.08.09 19:45:43.386,1.37278,1.37296,1.13,2.25
2013.08.09 19:45:43.745,1.37278,1.37291,1.13,1.50
2013.08.09 19:45:43.985,1.37278,1.37295,1.13,1.50
2013.08.09 19:45:44.108,1.37278,1.37295,1.13,1.50
2013.08.09 19:45:48.705,1.37278,1.37294,1.13,1.50
2013.08.09 19:45:48.826,1.37278,1.37292,1.13,1.50
2013.08.09 19:45:51.896,1.37277,1.37292,1.13,1.50
2013.08.09 19:46:02.026,1.37274,1.37294,1.13,1.50
2013.08.09 19:46:02.707,1.37274,1.37296,1.13,1.50
2013.08.09 19:46:02.948,1.37277,1.373,1.69,1.69
2013.08.09 19:46:04.945,1.37276,1.37299,1.69,1.50
2013.08.09 19:46:05.425,1.37275,1.37296,1.69,2.25
2013.08.09 19:46:05.546,1.37274,1.37294,1.13,1.32
2013.08.09 19:46:05.666,1.37274,1.37281,1.13,1.50
2013.08.09 19:46:05.727,1.3727,1.37277,1.13,1.50
2013.08.09 19:46:05.906,1.37266,1.37286,1.50,1.50
2013.08.09 19:46:06.086,1.37263,1.37286,2.44,3.75
2013.08.09 19:46:06.596,1.37263,1.37285,2.25,1.50
2013.08.09 19:46:06.956,1.37262,1.37285,1.50,2.44
2013.08.09 19:46:08.146,1.37265,1.37286,1.50,2.44
2013.08.09 19:46:08.266,1.37265,1.37286,1.50,1.69
2013.08.09 19:46:08.626,1.37267,1.37288,1.88,1.69
2013.08.09 19:46:08.926,1.37269,1.37287,1.13,1.50
2013.08.09 19:46:09.106,1.37267,1.37289,1.32,3.75
2013.08.09 19:46:09.625,1.37267,1.3729,3.19,1.69
2013.08.09 19:46:10.146,1.37269,1.37292,2.25,1.69
2013.08.09 19:46:10.875,1.3727,1.37293,1.13,1.69
2013.08.09 19:46:11.626,1.37272,1.37294,1.50,1.69
2013.08.09 19:46:12.966,1.37276,1.37296,1.50,1.69
2013.08.09 19:46:13.205,1.37276,1.37297,1.50,1.69
2013.08.09 19:46:13.626,1.37277,1.37298,1.50,1.69
2013.08.09 19:46:14.356,1.37279,1.37299,1.69,1.50
2013.08.09 19:46:14.416,1.37279,1.37301,2.44,2.07
2013.08.09 19:46:14.536,1.37279,1.37302,2.44,2.44
2013.08.09 19:46:16.459,1.37282,1.37303,1.50,1.88
2013.08.09 19:46:17.245,1.37279,1.37302,1.69,1.88
2013.08.09 19:46:17.605,1.37278,1.37302,2.44,1.88
2013.08.09 19:46:19.696,1.37277,1.37299,2.44,1.50
2013.08.09 19:46:20.115,1.37278,1.373,1.69,1.50
2013.08.09 19:46:23.166,1.37278,1.373,1.69,2.25
2013.08.09 19:46:23.285,1.37274,1.37297,2.44,1.13
2013.08.09 19:46:25.178,1.37274,1.37298,1.50,2.07
2013.08.09 19:46:30.192,1.37274,1.37298,1.50,2.07
2013.08.09 19:46:33.236,1.37277,1.37299,1.69,2.25
2013.08.09 19:46:33.356,1.37278,1.37301,2.07,2.63
2013.08.09 19:46:33.846,1.37284,1.37305,1.69,1.32
2013.08.09 19:46:34.627,1.37284,1.37301,1.50,1.32
2013.08.09 19:46:35.336,1.3728,1.37298,1.50,1.13
2013.08.09 19:46:35.939,1.3728,1.37298,1.50,1.13
2013.08.09 19:46:37.830,1.3728,1.37298,1.50,1.13
2013.08.09 19:46:38.457,1.3728,1.37298,1.50,1.13
2013.08.09 19:46:39.676,1.37279,1.37298,1.50,1.13
2013.08.09 19:46:39.796,1.37279,1.37298,1.50,1.13
2013.08.09 19:46:40.474,1.37275,1.37297,1.69,1.50
2013.08.09 19:46:41.886,1.37275,1.37297,1.69,1.88
2013.08.09 19:46:42.150,1.3728,1.37301,1.50,3.94
2013.08.09 19:46:42.839,1.3728,1.37299,1.50,1.32
2013.08.09 19:46:43.627,1.37278,1.37299,2.07,1.32
2013.08.09 19:46:43.866,1.37276,1.37299,1.50,1.32
2013.08.09 19:46:44.167,1.37275,1.37297,1.69,1.32
2013.08.09 19:46:46.936,1.37276,1.37296,1.35,1.69
2013.08.09 19:46:46.996,1.37278,1.37297,1.50,1.50
2013.08.09 19:46:47.056,1.37282,1.373,1.50,1.13
2013.08.09 19:46:47.296,1.37284,1.373,1.50,1.13
2013.08.09 19:46:47.415,1.37282,1.373,1.13,1.13
2013.08.09 19:46:47.536,1.3728,1.37298,1.69,1.13
2013.08.09 19:46:47.596,1.37275,1.37298,2.44,1.88
2013.08.09 19:46:47.955,1.37274,1.37295,1.69,1.50
2013.08.09 19:46:50.146,1.37273,1.37295,1.54,1.50
2013.08.09 19:46:50.508,1.37274,1.37295,1.69,1.50
2013.08.09 19:46:50.696,1.37278,1.37299,1.50,1.32
2013.08.09 19:46:51.246,1.37273,1.37297,2.07,1.69
2013.08.09 19:46:51.306,1.37273,1.37296,1.32,1.50
2013.08.09 19:46:52.376,1.37274,1.37296,1.69,1.50
2013.08.09 19:47:02.546,1.37279,1.373,1.50,2.82
2013.08.09 19:47:02.607,1.37279,1.373,1.50,2.07
2013.08.09 19:47:03.025,1.37282,1.37301,2.25,1.69
2013.08.09 19:47:03.766,1.37282,1.37302,2.25,1.32
2013.08.09 19:47:04.417,1.37281,1.37302,2.25,1.32
2013.08.09 19:47:04.656,1.37287,1.37304,1.13,1.69
2013.08.09 19:47:04.717,1.3729,1.37306,1.50,1.32
2013.08.09 19:47:04.836,1.3729,1.3731,2.25,1.69
2013.08.09 19:47:04.956,1.3729,1.37309,1.50,1.69
2013.08.09 19:47:05.317,1.37287,1.3731,1.50,2.82
2013.08.09 19:47:06.237,1.37288,1.37307,1.50,1.69
2013.08.09 19:47:06.546,1.3729,1.37307,1.50,1.69
2013.08.09 19:47:06.856,1.37293,1.37307,1.50,1.69
2013.08.09 19:47:07.466,1.37294,1.37312,1.50,1.32
2013.08.09 19:47:07.646,1.37293,1.37313,1.50,1.32
2013.08.09 19:47:09.595,1.37294,1.37315,1.50,2.07
2013.08.09 19:47:09.896,1.37294,1.37315,1.50,1.32
2013.08.09 19:47:11.306,1.37301,1.37317,1.50,1.69
2013.08.09 19:47:11.367,1.37301,1.37319,2.25,2.07
2013.08.09 19:47:11.666,1.37303,1.37325,3.00,2.07
2013.08.09 19:47:11.907,1.37302,1.37323,1.50,3.00
2013.08.09 19:47:12.086,1.37297,1.3732,1.50,1.50
2013.08.09 19:47:12.266,1.37295,1.37319,1.69,1.50
2013.08.09 19:47:12.806,1.37294,1.37317,1.32,1.69
2013.08.09 19:47:14.068,1.373,1.3732,1.50,1.69
2013.08.09 19:47:14.196,1.373,1.37322,1.50,1.69
2013.08.09 19:47:15.806,1.37297,1.37321,1.50,2.44
2013.08.09 19:47:19.206,1.37297,1.37321,1.50,1.69
2013.08.09 19:47:19.396,1.37299,1.37321,1.69,1.50
2013.08.09 19:47:19.646,1.37302,1.37324,1.50,1.32
2013.08.09 19:47:20.007,1.37305,1.37327,1.50,1.32
2013.08.09 19:47:20.366,1.37304,1.37327,1.50,2.07
2013.08.09 19:47:22.887,1.37304,1.37327,1.69,1.32
2013.08.09 19:47:26.446,1.37302,1.37325,2.44,1.50
2013.08.09 19:47:26.567,1.37301,1.37325,2.44,1.50
2013.08.09 19:47:26.806,1.37302,1.37325,1.69,2.44
2013.08.09 19:47:27.656,1.37302,1.37325,1.50,1.69
2013.08.09 19:47:28.270,1.373,1.37324,1.69,1.69
2013.08.09 19:47:28.837,1.37299,1.37323,1.69,1.50
2013.08.09 19:47:29.195,1.37298,1.37322,2.07,1.50
2013.08.09 19:47:29.496,1.37298,1.37321,1.32,1.50
2013.08.09 19:47:29.856,1.37298,1.3732,1.32,1.50
2013.08.09 19:47:30.156,1.37301,1.37324,1.50,2.44
2013.08.09 19:47:30.836,1.37298,1.37322,2.82,1.50
2013.08.09 19:47:32.677,1.37298,1.3732,2.07,1.50
2013.08.09 19:47:32.916,1.37298,1.37319,1.32,1.50
2013.08.09 19:47:33.518,1.37298,1.37318,1.32,1.50
2013.08.09 19:47:34.597,1.37298,1.37318,1.13,1.50
2013.08.09 19:47:43.106,1.37295,1.37318,1.32,1.50
2013.08.09 19:47:49.727,1.37296,1.37318,1.69,1.50
2013.08.09 19:48:02.746,1.37295,1.37317,2.07,2.25
2013.08.09 19:48:06.596,1.37295,1.37315,1.32,1.50
2013.08.09 19:48:07.126,1.37295,1.37316,1.32,1.50
2013.08.09 19:48:16.658,1.37295,1.37315,2.07,1.50
2013.08.09 19:48:17.016,1.37286,1.37304,1.50,1.50
2013.08.09 19:48:17.266,1.37282,1.37301,1.32,1.50
2013.08.09 19:48:19.036,1.37282,1.37301,1.32,1.50
2013.08.09 19:48:21.666,1.37282,1.37301,1.32,1.50
2013.08.09 19:48:22.232,1.37282,1.373,1.13,1.50
2013.08.09 19:48:22.866,1.37279,1.373,1.69,1.50
2013.08.09 19:48:26.166,1.37279,1.37298,1.69,1.13
2013.08.09 19:48:26.286,1.37277,1.37294,1.50,1.13
2013.08.09 19:48:26.406,1.37272,1.37291,1.69,1.50
2013.08.09 19:48:26.466,1.37271,1.37291,1.13,1.50
2013.08.09 19:48:26.647,1.37273,1.37294,1.50,1.50
2013.08.09 19:48:26.947,1.37276,1.373,3.00,3.19
2013.08.09 19:48:27.607,1.37276,1.373,2.25,3.19
2013.08.09 19:48:28.086,1.3728,1.373,1.50,1.69
2013.08.09 19:48:28.276,1.3728,1.37302,1.50,1.69
2013.08.09 19:48:28.857,1.3728,1.37302,2.44,1.50
2013.08.09 19:48:29.377,1.3728,1.37303,2.44,1.13
2013.08.09 19:48:29.756,1.37282,1.37303,1.50,1.13
2013.08.09 19:48:30.116,1.37288,1.37311,1.50,2.07
2013.08.09 19:48:30.176,1.37288,1.37312,3.00,1.50
2013.08.09 19:48:30.236,1.3729,1.37313,1.50,1.13
2013.08.09 19:48:30.596,1.37297,1.37315,1.50,1.13
2013.08.09 19:48:31.156,1.37297,1.37315,1.50,1.13
2013.08.09 19:48:32.206,1.37297,1.37312,1.50,1.88
2013.08.09 19:48:32.266,1.37293,1.37309,2.25,1.50
2013.08.09 19:48:32.446,1.37291,1.37313,1.69,1.50
2013.08.09 19:48:33.106,1.37288,1.37312,3.94,1.50
2013.08.09 19:48:36.346,1.3729,1.37314,2.44,3.75
2013.08.09 19:48:37.486,1.37289,1.37311,2.44,1.50
2013.08.09 19:48:37.656,1.37289,1.37311,1.69,1.50
2013.08.09 19:48:41.657,1.37289,1.37311,1.69,1.50
2013.08.09 19:48:41.958,1.37291,1.37311,1.69,1.50
2013.08.09 19:48:42.146,1.37291,1.37313,1.69,1.50
2013.08.09 19:48:42.685,1.37293,1.37315,1.69,2.25
2013.08.09 19:48:45.476,1.37293,1.37315,1.50,2.44
2013.08.09 19:48:47.836,1.37293,1.37314,1.50,1.69
2013.08.09 19:48:49.791,1.37291,1.37313,1.32,1.69
2013.08.09 19:48:52.617,1.37291,1.37313,1.32,1.50
2013.08.09 19:48:52.736,1.37291,1.37313,1.32,1.50
2013.08.09 19:48:53.725,1.37293,1.37316,2.25,2.44
2013.08.09 19:48:54.356,1.37293,1.37316,2.25,2.44
2013.08.09 19:48:55.087,1.37292,1.37315,1.69,1.69
2013.08.09 19:48:55.326,1.37292,1.37315,1.50,2.44
2013.08.09 19:49:02.750,1.37291,1.37312,1.13,1.69
2013.08.09 19:49:03.509,1.37291,1.37312,1.13,1.69
2013.08.09 19:49:04.159,1.37291,1.37312,1.32,1.50
2013.08.09 19:49:25.715,1.37291,1.37313,1.32,1.50
2013.08.09 19:49:36.083,1.37291,1.37308,1.50,1.32
2013.08.09 19:49:36.210,1.37286,1.37309,1.50,2.07
2013.08.09 19:49:47.393,1.37284,1.37307,2.44,2.07
2013.08.09 19:49:48.760,1.37284,1.37307,2.44,1.88
2013.08.09 19:49:52.026,1.37282,1.37307,2.44,1.88
2013.08.09 19:49:52.540,1.37285,1.37307,1.69,1.32
2013.08.09 19:49:54.277,1.37288,1.37309,1.13,1.32
2013.08.09 19:49:54.636,1.37294,1.37315,1.50,1.69
2013.08.09 19:49:54.756,1.37296,1.37317,1.50,1.13
2013.08.09 19:49:55.088,1.37296,1.37317,1.50,1.13
2013.08.09 19:49:55.208,1.37297,1.3732,1.50,1.69
2013.08.09 19:49:56.556,1.37297,1.3732,1.69,1.69
2013.08.09 19:49:59.765,1.37297,1.3732,1.69,1.69
2013.08.09 19:50:00.468,1.37297,1.3732,1.69,1.69
2013.08.09 19:50:01.606,1.37297,1.3732,1.69,1.69
2013.08.09 19:50:02.307,1.37297,1.37319,1.69,1.50
2013.08.09 19:50:03.000,1.37296,1.37319,1.69,2.25
2013.08.09 19:50:09.109,1.37296,1.37319,1.69,2.25
2013.08.09 19:50:09.896,1.37295,1.37317,2.07,2.25
2013.08.09 19:50:10.563,1.37295,1.37317,1.32,2.25
2013.08.09 19:50:10.744,1.37295,1.37316,1.32,1.50
2013.08.09 19:50:11.404,1.37295,1.37317,1.88,2.44
2013.08.09 19:50:12.338,1.37297,1.37319,1.13,2.25
2013.08.09 19:50:12.398,1.37297,1.37319,4.13,1.50
2013.08.09 19:50:12.936,1.37299,1.37321,1.50,1.32
2013.08.09 19:50:13.387,1.37299,1.37318,1.50,1.13
2013.08.09 19:50:13.746,1.37293,1.3731,1.50,1.13
2013.08.09 19:50:13.869,1.3729,1.3731,1.50,1.13
2013.08.09 19:50:13.990,1.37285,1.37308,3.19,1.69
2013.08.09 19:50:21.128,1.37285,1.37309,1.69,1.69
2013.08.09 19:50:25.386,1.37285,1.37309,1.69,1.69
2013.08.09 19:50:32.171,1.37287,1.37311,1.88,1.69
2013.08.09 19:50:38.716,1.37287,1.37311,1.88,1.69
2013.08.09 19:50:45.416,1.37287,1.3731,1.13,2.44
2013.08.09 19:50:47.356,1.37287,1.3731,1.13,3.19
2013.08.09 19:50:48.377,1.37288,1.37309,1.50,1.69
2013.08.09 19:50:54.028,1.37287,1.37308,1.50,1.50
2013.08.09 19:50:54.793,1.37285,1.37309,1.50,1.50
2013.08.09 19:50:56.736,1.37285,1.37309,1.50,1.69
2013.08.09 19:50:57.326,1.37283,1.37309,2.44,2.44
2013.08.09 19:50:57.456,1.37285,1.37309,1.50,1.69
2013.08.09 19:50:57.760,1.37287,1.3731,1.50,2.82
2013.08.09 19:50:58.130,1.37289,1.3731,1.50,1.32
2013.08.09 19:50:58.437,1.37293,1.3731,1.50,1.32
2013.08.09 19:50:58.497,1.37291,1.37312,1.50,1.32
2013.08.09 19:50:58.616,1.3729,1.37312,1.50,1.32
2013.08.09 19:50:58.857,1.3729,1.37313,3.00,2.07
2013.08.09 19:50:59.158,1.37298,1.37313,1.50,1.32
2013.08.09 19:50:59.698,1.37296,1.37316,1.50,1.32
2013.08.09 19:51:01.357,1.37296,1.37317,2.25,1.32
2013.08.09 19:51:01.477,1.37299,1.3732,1.50,2.07
2013.08.09 19:51:01.657,1.37299,1.37322,2.25,1.69
2013.08.09 19:51:02.186,1.37301,1.37323,2.25,2.44
2013.08.09 19:51:02.778,1.37301,1.37323,2.25,1.69
2013.08.09 19:51:03.136,1.37302,1.37324,1.50,1.69
2013.08.09 19:51:03.977,1.37302,1.37324,1.50,1.69
2013.08.09 19:51:04.966,1.37302,1.37326,2.25,2.07
2013.08.09 19:51:05.318,1.37302,1.37326,2.25,2.07
2013.08.09 19:51:07.417,1.37302,1.37326,2.25,2.07
2013.08.09 19:51:08.035,1.37302,1.37324,1.50,1.69
2013.08.09 19:51:12.131,1.373,1.37327,1.69,2.07
2013.08.09 19:51:12.647,1.37298,1.37327,1.32,2.07
2013.08.09 19:51:23.837,1.37299,1.37326,2.07,2.07
2013.08.09 19:51:28.657,1.37299,1.37326,2.07,2.44
2013.08.09 19:51:28.776,1.37299,1.37327,2.44,2.07
2013.08.09 19:51:29.136,1.37299,1.37327,1.69,2.07
2013.08.09 19:51:30.798,1.37299,1.37327,2.07,2.82
2013.08.09 19:51:35.617,1.37298,1.37325,1.32,2.44
2013.08.09 19:51:35.677,1.37296,1.37318,2.10,1.13
2013.08.09 19:51:35.857,1.37295,1.37321,1.32,2.25
2013.08.09 19:51:35.917,1.37295,1.37321,1.13,2.44
2013.08.09 19:51:35.977,1.37295,1.37322,2.48,2.44
2013.08.09 19:51:36.216,1.37295,1.37318,1.88,1.69
2013.08.09 19:51:36.336,1.37295,1.37317,1.13,1.69
2013.08.09 19:51:37.278,1.37295,1.3732,1.32,1.32
2013.08.09 19:51:38.406,1.37295,1.3732,1.32,1.32
2013.08.09 19:51:38.957,1.37299,1.37322,3.19,1.50
2013.08.09 19:51:39.017,1.37299,1.37324,3.00,1.50
2013.08.09 19:51:39.377,1.37302,1.37325,1.50,1.88
2013.08.09 19:51:39.916,1.37302,1.37329,2.25,2.82
2013.08.09 19:51:40.817,1.37305,1.37329,1.50,2.07
2013.08.09 19:51:41.917,1.37305,1.37329,2.44,1.13
2013.08.09 19:51:42.276,1.37305,1.37327,1.69,1.13
2013.08.09 19:51:42.457,1.37305,1.37327,1.69,1.13
2013.08.09 19:51:42.517,1.37305,1.37329,1.69,1.13
2013.08.09 19:51:43.524,1.37306,1.3733,1.69,1.88
2013.08.09 19:51:43.587,1.37306,1.3733,1.69,1.50
2013.08.09 19:51:45.984,1.37306,1.3733,1.69,1.50
2013.08.09 19:51:46.837,1.37306,1.3733,1.69,1.50
2013.08.09 19:51:48.250,1.37305,1.3733,2.44,1.50
2013.08.09 19:51:48.897,1.37307,1.37331,1.69,1.50
2013.08.09 19:51:50.564,1.37307,1.37331,1.69,1.50
2013.08.09 19:51:51.307,1.37307,1.37331,1.69,1.50
2013.08.09 19:51:52.107,1.37307,1.37331,1.69,1.50
2013.08.09 19:51:52.642,1.37307,1.37331,1.69,1.50
2013.08.09 19:51:55.896,1.37307,1.37331,1.69,1.50
2013.08.09 19:51:57.427,1.37304,1.37329,1.32,1.50
2013.08.09 19:51:57.487,1.37304,1.37326,1.32,1.50
2013.08.09 19:51:57.727,1.37305,1.37331,1.69,3.19
2013.08.09 19:51:58.326,1.37305,1.37331,1.69,2.07
2013.08.09 19:51:58.796,1.37308,1.37331,1.69,1.88
2013.08.09 19:51:59.999,1.37308,1.37331,1.69,2.63
2013.08.09 19:52:00.616,1.37308,1.37329,1.69,1.50
2013.08.09 19:52:01.228,1.37304,1.3733,1.32,3.19
2013.08.09 19:52:07.206,1.37304,1.37329,1.13,2.44
2013.08.09 19:52:09.528,1.37304,1.37329,1.13,2.44
2013.08.09 19:52:10.656,1.37304,1.37331,1.13,2.82
2013.08.09 19:52:15.232,1.37304,1.3733,1.32,2.44
2013.08.09 19:52:18.688,1.37304,1.3733,1.32,1.69
2013.08.09 19:52:20.867,1.37304,1.37328,1.32,1.32
2013.08.09 19:52:21.396,1.37304,1.37328,1.32,1.32
2013.08.09 19:52:31.299,1.37304,1.3733,1.13,3.19
2013.08.09 19:52:33.007,1.37304,1.3733,1.13,3.19
2013.08.09 19:52:36.765,1.37304,1.3733,1.13,1.69
2013.08.09 19:52:42.657,1.37313,1.37331,1.50,1.13
2013.08.09 19:52:42.907,1.37313,1.37338,1.50,2.44
2013.08.09 19:52:43.459,1.37317,1.37338,1.92,1.88
2013.08.09 19:52:43.646,1.37317,1.37338,1.92,1.50
2013.08.09 19:52:43.706,1.37318,1.37344,1.35,2.07
2013.08.09 19:52:43.766,1.37316,1.37345,2.10,2.44
2013.08.09 19:52:44.188,1.37317,1.37342,1.13,1.69
2013.08.09 19:52:44.247,1.37316,1.37341,1.32,1.50
2013.08.09 19:52:44.427,1.37316,1.37342,1.32,1.69
2013.08.09 19:52:44.957,1.37317,1.37345,1.54,1.32
2013.08.09 19:52:48.707,1.37317,1.37345,1.92,2.07
2013.08.09 19:52:59.717,1.37317,1.37343,1.54,1.32
2013.08.09 19:53:00.228,1.37317,1.37342,1.54,1.69
2013.08.09 19:53:02.077,1.37317,1.37344,1.92,2.07
2013.08.09 19:53:02.398,1.37315,1.37344,1.99,1.69
2013.08.09 19:53:02.696,1.37314,1.37344,2.07,1.69
2013.08.09 19:53:04.336,1.37316,1.37345,3.94,2.07
2013.08.09 19:53:05.506,1.37316,1.37345,3.19,1.32
2013.08.09 19:53:05.627,1.3732,1.37348,1.69,2.44
2013.08.09 19:53:05.747,1.37325,1.37348,1.32,1.69
2013.08.09 19:53:06.272,1.37325,1.37352,1.32,2.82
2013.08.09 19:53:13.077,1.37325,1.37351,1.32,2.82
2013.08.09 19:53:14.277,1.37325,1.37349,1.13,1.69
2013.08.09 19:53:14.457,1.37323,1.37346,1.13,2.25
2013.08.09 19:53:14.517,1.37323,1.37345,1.13,1.69
2013.08.09 19:53:14.897,1.37323,1.37347,1.13,3.19
2013.08.09 19:53:15.137,1.37325,1.37347,1.13,1.32
2013.08.09 19:53:15.662,1.37325,1.3735,1.13,1.69
2013.08.09 19:53:15.979,1.37322,1.37348,2.07,1.32
2013.08.09 19:53:16.039,1.37322,1.37347,1.32,2.25
2013.08.09 19:53:16.610,1.37322,1.37345,1.32,1.50
2013.08.09 19:53:17.657,1.37322,1.37346,1.32,1.88
2013.08.09 19:53:18.206,1.37322,1.37346,1.32,1.13
2013.08.09 19:53:18.507,1.37322,1.37346,1.13,2.44
2013.08.09 19:53:23.816,1.3732,1.37346,1.39,2.07
2013.08.09 19:53:25.789,1.3732,1.37346,1.32,2.44
2013.08.09 19:53:29.608,1.3732,1.37346,1.32,2.44
2013.08.09 19:53:30.126,1.3732,1.37346,1.32,1.32
2013.08.09 19:53:34.040,1.3732,1.37344,1.32,1.69
2013.08.09 19:53:34.407,1.3732,1.37344,1.32,1.69
2013.08.09 19:53:35.139,1.3732,1.37344,1.32,2.44
2013.08.09 19:53:35.821,1.3732,1.37344,1.32,2.44
2013.08.09 19:53:38.278,1.3732,1.37344,1.13,3.94
2013.08.09 19:53:39.787,1.37316,1.37343,2.07,3.94
2013.08.09 19:53:44.317,1.37317,1.37344,1.69,3.19
2013.08.09 19:53:45.335,1.37317,1.37344,1.69,1.69
2013.08.09 19:53:46.598,1.37316,1.37344,1.32,2.44
2013.08.09 19:53:48.066,1.37316,1.37344,1.32,2.07
2013.08.09 19:53:50.206,1.37316,1.37344,2.07,2.07
2013.08.09 19:53:54.328,1.37319,1.37345,1.69,1.32
2013.08.09 19:53:55.637,1.37321,1.37346,3.94,1.32
2013.08.09 19:53:55.997,1.37326,1.3735,3.75,1.32
2013.08.09 19:53:56.057,1.37326,1.37353,5.44,1.88
2013.08.09 19:53:56.119,1.37326,1.37353,6.19,1.13
2013.08.09 19:53:56.187,1.37332,1.37353,1.13,1.50
2013.08.09 19:53:56.247,1.37332,1.37353,1.32,1.88
2013.08.09 19:53:56.366,1.37329,1.37353,2.07,2.63
2013.08.09 19:53:56.939,1.37329,1.37351,1.13,3.19
2013.08.09 19:53:57.176,1.37329,1.37353,1.69,2.07
2013.08.09 19:53:58.107,1.37332,1.37354,1.50,1.69
2013.08.09 19:54:01.177,1.37327,1.3735,3.94,1.13
2013.08.09 19:54:01.296,1.3732,1.37349,2.07,1.50
2013.08.09 19:54:01.838,1.3732,1.37347,3.19,1.50
2013.08.09 19:54:01.896,1.3732,1.37347,2.44,1.50
2013.08.09 19:54:03.009,1.3732,1.37347,1.32,1.69
2013.08.09 19:54:03.077,1.3732,1.37347,1.32,2.25
2013.08.09 19:54:04.277,1.3732,1.37345,1.69,1.32
2013.08.09 19:54:04.628,1.3732,1.37342,1.32,1.50
2013.08.09 19:54:06.093,1.3732,1.37342,1.32,1.69
2013.08.09 19:54:08.877,1.3732,1.37344,1.32,2.07
2013.08.09 19:54:09.117,1.37322,1.37344,1.50,1.32
2013.08.09 19:54:10.027,1.37322,1.37342,1.50,1.69
2013.08.09 19:54:10.567,1.3732,1.37342,1.13,1.69
2013.08.09 19:54:11.437,1.3732,1.37342,1.13,1.69
2013.08.09 19:54:13.736,1.3732,1.37342,1.13,1.69
2013.08.09 19:54:19.258,1.37315,1.37342,2.07,1.69
2013.08.09 19:54:24.274,1.37315,1.37342,3.94,1.32
2013.08.09 19:54:24.881,1.37315,1.37341,3.94,1.32
2013.08.09 19:54:33.056,1.37316,1.37343,1.69,2.07
2013.08.09 19:54:40.796,1.37315,1.37343,3.19,2.07
2013.08.09 19:54:42.286,1.37315,1.37343,3.19,3.57
2013.08.09 19:54:42.467,1.37314,1.3734,3.19,2.44
2013.08.09 19:54:43.427,1.37312,1.37339,1.69,1.69
2013.08.09 19:54:43.984,1.37313,1.37338,3.19,3.19
2013.08.09 19:54:44.629,1.37313,1.37339,3.94,1.69
2013.08.09 19:54:44.868,1.37314,1.3734,1.69,1.69
2013.08.09 19:54:48.768,1.37314,1.3734,1.69,1.69
2013.08.09 19:54:49.306,1.37315,1.37342,3.19,1.50
2013.08.09 19:54:49.426,1.37315,1.37343,3.19,1.69
2013.08.09 19:54:50.497,1.37317,1.37345,1.69,1.69
2013.08.09 19:54:55.217,1.37321,1.37345,3.75,1.50
2013.08.09 19:54:55.337,1.37327,1.37346,1.50,1.13
2013.08.09 19:54:55.577,1.37328,1.37353,2.25,1.69
2013.08.09 19:54:57.107,1.37327,1.37355,1.13,3.38
2013.08.09 19:54:57.167,1.37327,1.37355,1.13,2.63
2013.08.09 19:54:58.396,1.3733,1.37355,1.50,1.88
2013.08.09 19:54:58.936,1.37337,1.37356,1.69,1.50
2013.08.09 19:54:59.716,1.3734,1.37355,1.69,1.50
2013.08.09 19:55:00.699,1.3734,1.37361,3.19,1.13
2013.08.09 19:55:00.827,1.3734,1.37363,3.19,2.25
2013.08.09 19:55:01.128,1.37339,1.37363,2.82,3.00
2013.08.09 19:55:01.187,1.37338,1.37354,4.88,1.50
2013.08.09 19:55:01.367,1.37335,1.37354,1.50,1.50
2013.08.09 19:55:01.727,1.37339,1.37358,1.69,1.13
2013.08.09 19:55:01.906,1.37339,1.37363,1.69,2.93
2013.08.09 19:55:02.207,1.37342,1.37362,1.69,2.48
2013.08.09 19:55:04.196,1.37344,1.37363,1.69,2.48
2013.08.09 19:55:04.756,1.37344,1.37363,1.69,2.48
2013.08.09 19:55:06.117,1.37344,1.37362,1.69,1.05
2013.08.09 19:55:08.627,1.3734,1.37362,1.32,1.13
2013.08.09 19:55:08.688,1.37339,1.37362,1.13,2.63
2013.08.09 19:55:08.926,1.37333,1.37358,2.07,1.13
2013.08.09 19:55:09.466,1.37333,1.37359,2.82,1.13
2013.08.09 19:55:13.418,1.3734,1.37357,3.00,1.50
2013.08.09 19:55:13.777,1.3735,1.37362,1.13,1.58
2013.08.09 19:55:13.837,1.37349,1.37376,1.50,2.07
2013.08.09 19:55:14.137,1.3735,1.37376,1.50,1.69
2013.08.09 19:55:14.197,1.37351,1.37377,1.69,2.82
2013.08.09 19:55:14.557,1.37349,1.37376,1.69,1.32
2013.08.09 19:55:15.097,1.37348,1.37373,1.69,1.32
2013.08.09 19:55:15.934,1.37348,1.37373,1.69,1.32
2013.08.09 19:55:16.227,1.37347,1.37373,1.69,1.32
2013.08.09 19:55:17.746,1.37345,1.37373,2.07,1.32
2013.08.09 19:55:17.807,1.37345,1.37373,2.07,1.32
2013.08.09 19:55:18.405,1.37345,1.37373,2.07,1.32
2013.08.09 19:55:19.012,1.37345,1.37373,2.07,1.32
2013.08.09 19:55:21.399,1.37345,1.37373,2.07,1.32
2013.08.09 19:55:21.932,1.37345,1.37372,2.82,1.32
2013.08.09 19:55:22.501,1.37345,1.37372,2.82,1.32
2013.08.09 19:55:23.068,1.37345,1.37372,2.82,1.32
2013.08.09 19:55:23.457,1.37345,1.3737,1.69,1.13
2013.08.09 19:55:23.577,1.37343,1.37369,4.69,2.44
2013.08.09 19:55:23.697,1.37345,1.3737,1.69,1.32
2013.08.09 19:55:25.296,1.37345,1.37372,1.69,1.32
2013.08.09 19:55:26.626,1.37345,1.37372,1.69,1.32
2013.08.09 19:55:27.170,1.37345,1.37373,1.69,1.69
2013.08.09 19:55:27.357,1.37347,1.37373,1.69,1.69
2013.08.09 19:55:27.417,1.37347,1.37374,1.69,1.32
2013.08.09 19:55:33.049,1.37348,1.37376,1.69,1.32
2013.08.09 19:55:33.655,1.37348,1.37375,1.69,1.32
2013.08.09 19:55:34.877,1.37348,1.37373,1.69,1.88
2013.08.09 19:55:35.236,1.37349,1.37373,1.69,1.50
2013.08.09 19:55:35.357,1.37349,1.37374,1.69,1.32
2013.08.09 19:55:35.955,1.37347,1.37374,1.69,1.32
2013.08.09 19:55:36.746,1.37347,1.37374,1.69,1.32
2013.08.09 19:55:37.457,1.37346,1.37374,1.69,1.32
2013.08.09 19:55:37.961,1.37346,1.37373,1.69,1.32
2013.08.09 19:55:38.624,1.37346,1.37373,1.69,1.32
2013.08.09 19:55:41.226,1.37345,1.37373,2.44,1.32
2013.08.09 19:55:45.967,1.37347,1.37373,1.69,1.32
2013.08.09 19:55:48.629,1.37347,1.37375,1.69,1.32
2013.08.09 19:55:48.867,1.37347,1.37375,1.69,1.69
2013.08.09 19:55:54.359,1.3735,1.37379,1.69,1.69
2013.08.09 19:56:03.036,1.3735,1.37379,1.69,1.69
2013.08.09 19:56:03.279,1.37353,1.37379,1.69,1.69
2013.08.09 19:56:03.946,1.37353,1.37375,1.69,1.13
2013.08.09 19:56:04.187,1.37345,1.3737,2.07,2.25
2013.08.09 19:56:04.367,1.37341,1.3737,1.69,2.25
2013.08.09 19:56:04.428,1.3734,1.3737,1.69,1.50
2013.08.09 19:56:04.787,1.3734,1.37368,3.19,1.69
2013.08.09 19:56:05.147,1.37347,1.37368,2.25,1.69
2013.08.09 19:56:05.407,1.37347,1.37371,3.19,1.32
2013.08.09 19:56:05.648,1.37347,1.37373,3.19,1.69
2013.08.09 19:56:05.947,1.37347,1.37373,1.69,1.69
2013.08.09 19:56:06.307,1.37348,1.37378,3.57,1.69
2013.08.09 19:56:08.147,1.37349,1.37378,1.69,1.69
2013.08.09 19:56:08.448,1.37345,1.37374,2.44,3.19
2013.08.09 19:56:08.507,1.37345,1.37371,1.69,1.69
2013.08.09 19:56:10.307,1.37342,1.37369,1.69,1.50
2013.08.09 19:56:11.367,1.37341,1.3737,3.57,2.44
2013.08.09 19:56:14.357,1.37341,1.37371,3.19,1.69
2013.08.09 19:56:15.230,1.37346,1.3737,1.13,1.13
2013.08.09 19:56:15.538,1.37349,1.37373,3.38,1.13
2013.08.09 19:56:15.658,1.37349,1.37375,3.38,1.32
2013.08.09 19:56:15.718,1.37352,1.37378,1.50,2.07
2013.08.09 19:56:17.396,1.37354,1.3738,1.69,1.32
2013.08.09 19:56:20.867,1.37352,1.37379,1.69,1.13
2013.08.09 19:56:21.398,1.37352,1.37379,1.69,1.13
2013.08.09 19:56:21.957,1.37355,1.37378,1.69,1.13
2013.08.09 19:56:22.898,1.37352,1.3738,2.07,1.50
2013.08.09 19:56:35.416,1.37352,1.3738,1.69,1.69
2013.08.09 19:56:38.141,1.37352,1.37379,3.19,2.44
2013.08.09 19:56:38.328,1.3735,1.37378,2.44,1.32
2013.08.09 19:56:40.757,1.3735,1.37379,1.69,2.82
2013.08.09 19:56:42.859,1.37348,1.37378,1.69,2.82
2013.08.09 19:56:44.462,1.37347,1.37376,3.94,1.69
2013.08.09 19:56:46.078,1.37348,1.37373,1.69,1.32
2013.08.09 19:56:46.197,1.37347,1.37372,1.50,1.13
2013.08.09 19:56:46.557,1.37345,1.37375,2.82,2.07
2013.08.09 19:56:46.817,1.37346,1.37374,2.07,1.32
2013.08.09 19:56:51.339,1.37346,1.37374,2.44,1.32
2013.08.09 19:56:51.972,1.37349,1.37376,1.69,1.69
2013.08.09 19:56:52.527,1.37349,1.37377,1.69,1.32
2013.08.09 19:56:52.828,1.37352,1.3738,3.94,1.32
2013.08.09 19:56:55.180,1.37355,1.3738,1.69,1.32
2013.08.09 19:56:55.710,1.37357,1.37383,1.69,1.13
2013.08.09 19:56:56.177,1.37357,1.37383,1.69,1.13
2013.08.09 19:56:57.178,1.37357,1.37384,1.69,2.63
2013.08.09 19:56:57.753,1.37355,1.3738,2.44,1.13
2013.08.09 19:56:58.289,1.37355,1.3738,2.44,1.13
2013.08.09 19:56:59.598,1.37354,1.3738,1.69,1.13
2013.08.09 19:57:00.423,1.37354,1.3738,1.69,1.13
2013.08.09 19:57:00.672,1.37365,1.37387,3.00,2.44
2013.08.09 19:57:00.917,1.37365,1.37386,3.00,1.32
2013.08.09 19:57:01.638,1.37365,1.37387,3.00,1.32
2013.08.09 19:57:01.820,1.37365,1.37385,3.00,1.13
2013.08.09 19:57:02.188,1.37361,1.37385,3.75,1.32
2013.08.09 19:57:03.207,1.37359,1.37384,1.69,1.32
2013.08.09 19:57:03.327,1.37358,1.3738,1.50,1.13
2013.08.09 19:57:05.368,1.37353,1.37381,1.69,2.44
2013.08.09 19:57:06.098,1.37352,1.37379,4.32,1.32
2013.08.09 19:57:07.388,1.37352,1.37379,2.07,1.13
2013.08.09 19:57:09.076,1.37352,1.37382,1.69,1.69
2013.08.09 19:57:10.407,1.37352,1.3738,3.94,1.32
2013.08.09 19:57:12.117,1.37352,1.3738,2.44,1.32
2013.08.09 19:57:14.102,1.37352,1.3738,3.94,1.32
2013.08.09 19:57:14.408,1.37353,1.3738,2.44,1.32
2013.08.09 19:57:14.588,1.37355,1.37385,1.69,2.44
2013.08.09 19:57:15.128,1.37355,1.37384,1.69,1.88
2013.08.09 19:57:15.741,1.37353,1.37382,4.69,1.13
2013.08.09 19:57:16.348,1.37353,1.37382,2.44,1.13
2013.08.09 19:57:17.192,1.37353,1.37382,2.44,1.13
2013.08.09 19:57:17.763,1.37352,1.37381,2.44,1.69
2013.08.09 19:57:19.167,1.37352,1.3738,2.82,2.07
2013.08.09 19:57:19.717,1.3735,1.37374,2.25,1.69
2013.08.09 19:57:19.897,1.37348,1.37373,1.50,2.07
2013.08.09 19:57:20.481,1.37343,1.37373,1.69,2.07
2013.08.09 19:57:21.257,1.37343,1.37372,1.69,2.07
2013.08.09 19:57:21.593,1.37342,1.37371,1.69,2.82
2013.08.09 19:57:23.737,1.37341,1.37369,1.32,1.32
2013.08.09 19:57:23.917,1.37339,1.37367,3.94,1.69
2013.08.09 19:57:24.456,1.3734,1.37367,3.19,1.32
2013.08.09 19:57:25.244,1.37338,1.37368,3.19,1.32
2013.08.09 19:57:25.637,1.37338,1.37366,3.19,1.69
2013.08.09 19:57:25.757,1.37338,1.37366,2.44,1.69
2013.08.09 19:57:26.298,1.37338,1.37364,1.69,1.32
2013.08.09 19:57:26.857,1.37337,1.37364,1.32,1.32
2013.08.09 19:57:27.416,1.37337,1.37364,1.32,1.32
2013.08.09 19:57:29.419,1.37337,1.37358,1.32,1.13
2013.08.09 19:57:29.728,1.37328,1.37357,3.19,1.88
2013.08.09 19:57:32.658,1.37327,1.37357,2.44,2.44
2013.08.09 19:57:37.537,1.37327,1.37355,2.82,1.32
2013.08.09 19:57:37.657,1.37327,1.37352,2.07,1.69
2013.08.09 19:57:37.968,1.37323,1.37347,2.25,1.50
2013.08.09 19:57:38.028,1.37321,1.37346,1.50,1.13
2013.08.09 19:57:38.507,1.37317,1.37347,1.32,2.44
2013.08.09 19:57:39.107,1.37318,1.37347,1.69,2.07
2013.08.09 19:57:39.667,1.37316,1.37345,1.69,2.07
2013.08.09 19:57:40.186,1.37319,1.37345,1.69,1.32
2013.08.09 19:57:40.717,1.37319,1.37347,1.69,3.19
2013.08.09 19:57:43.917,1.37322,1.37347,1.50,2.44
2013.08.09 19:57:44.097,1.37322,1.37349,1.69,1.32
2013.08.09 19:57:44.698,1.37324,1.3735,1.50,1.69
2013.08.09 19:57:44.757,1.37329,1.3735,1.50,1.50
2013.08.09 19:57:44.937,1.37333,1.37356,3.00,1.32
2013.08.09 19:57:45.057,1.37334,1.37361,3.19,1.32
2013.08.09 19:57:45.297,1.37335,1.37363,2.44,1.13
2013.08.09 19:57:45.419,1.37336,1.37363,1.32,1.13
2013.08.09 19:57:45.597,1.3734,1.37369,1.69,1.69
2013.08.09 19:57:46.577,1.37339,1.37368,1.69,1.69
2013.08.09 19:57:48.583,1.37339,1.37368,1.69,1.32
2013.08.09 19:57:49.846,1.37336,1.37364,1.69,1.32
2013.08.09 19:57:52.901,1.37334,1.37363,2.82,1.32
2013.08.09 19:57:53.148,1.37331,1.37358,2.44,1.69
2013.08.09 19:57:53.697,1.37331,1.37358,1.69,1.32
2013.08.09 19:57:54.397,1.37329,1.37358,2.44,1.69
2013.08.09 19:57:56.862,1.37329,1.37358,1.69,2.44
2013.08.09 19:57:59.357,1.37328,1.37357,1.69,1.69
2013.08.09 19:57:59.980,1.37327,1.37354,1.69,1.69
2013.08.09 19:58:00.051,1.37327,1.37354,1.69,1.69
2013.08.09 19:58:00.359,1.37327,1.37357,2.44,3.00
2013.08.09 19:58:00.482,1.37329,1.37357,1.69,1.69
2013.08.09 19:58:01.539,1.37328,1.37355,1.69,1.32
2013.08.09 19:58:02.539,1.37327,1.37355,1.69,1.32
2013.08.09 19:58:04.312,1.37326,1.37354,1.69,1.32
2013.08.09 19:58:04.387,1.37324,1.37353,1.69,3.19
2013.08.09 19:58:06.387,1.37324,1.37351,1.69,1.69
2013.08.09 19:58:12.650,1.37323,1.37352,1.69,2.44
2013.08.09 19:58:12.719,1.37323,1.37354,1.69,3.75
2013.08.09 19:58:13.317,1.37326,1.37353,1.50,2.07
2013.08.09 19:58:14.438,1.37322,1.37351,1.69,1.69
2013.08.09 19:58:21.281,1.37329,1.37356,1.69,2.89
2013.08.09 19:58:21.350,1.37329,1.37356,1.69,1.32
2013.08.09 19:58:21.478,1.37332,1.37357,1.69,1.69
2013.08.09 19:58:22.017,1.37332,1.37362,2.44,3.57
2013.08.09 19:58:23.170,1.3733,1.3736,1.69,2.82
2013.08.09 19:58:24.091,1.37329,1.37355,2.44,1.13
2013.08.09 19:58:24.337,1.37329,1.37358,1.69,2.07
2013.08.09 19:58:24.397,1.37328,1.37357,3.19,1.69
2013.08.09 19:58:24.991,1.37336,1.37363,1.50,3.57
2013.08.09 19:58:25.118,1.37339,1.37364,1.69,1.84
2013.08.09 19:58:25.417,1.37338,1.37368,1.69,1.69
2013.08.09 19:58:25.897,1.37338,1.37368,1.69,2.07
2013.08.09 19:58:27.608,1.37337,1.37366,3.19,1.69
2013.08.09 19:58:28.207,1.37337,1.37366,1.69,3.94
2013.08.09 19:58:28.718,1.37337,1.37364,1.69,3.19
2013.08.09 19:58:28.908,1.37337,1.37365,1.13,1.69
2013.08.09 19:58:29.030,1.37337,1.37366,2.82,2.25
2013.08.09 19:58:29.338,1.37348,1.37375,1.50,1.32
2013.08.09 19:58:29.897,1.37346,1.37377,1.69,2.44
2013.08.09 19:58:31.498,1.37345,1.37376,1.69,1.69
2013.08.09 19:58:32.899,1.37348,1.37376,1.69,1.69
2013.08.09 19:58:34.403,1.37348,1.37377,1.69,1.69
2013.08.09 19:58:34.939,1.37346,1.37374,1.69,1.69
2013.08.09 19:58:35.697,1.3735,1.37375,1.69,2.44
2013.08.09 19:58:36.968,1.37348,1.37373,2.44,1.69
2013.08.09 19:58:39.069,1.37345,1.37374,2.44,2.44
2013.08.09 19:58:39.248,1.37341,1.37366,1.32,2.44
2013.08.09 19:58:39.551,1.37337,1.37367,1.32,3.94
2013.08.09 19:58:39.858,1.37343,1.37359,1.50,1.50
2013.08.09 19:58:40.038,1.37346,1.37372,1.69,1.32
2013.08.09 19:58:40.519,1.37343,1.3737,1.69,2.44
2013.08.09 19:58:40.839,1.37343,1.37367,1.50,1.32
2013.08.09 19:58:41.388,1.37339,1.37366,1.69,1.69
2013.08.09 19:58:41.937,1.37342,1.37369,1.50,2.82
2013.08.09 19:58:42.298,1.37344,1.37371,1.50,2.44
2013.08.09 19:58:42.598,1.37346,1.37372,1.50,1.32
2013.08.09 19:58:42.657,1.37342,1.37371,2.44,1.69
2013.08.09 19:58:42.777,1.37342,1.37369,3.57,1.32
2013.08.09 19:58:43.317,1.37342,1.3737,2.44,1.32
2013.08.09 19:58:43.378,1.37343,1.3737,1.50,1.32
2013.08.09 19:58:44.359,1.37343,1.37369,1.69,1.69
2013.08.09 19:58:46.747,1.37341,1.37368,1.32,1.32
2013.08.09 19:58:46.807,1.37341,1.37367,1.32,1.69
2013.08.09 19:58:47.370,1.37341,1.37367,1.32,1.69
2013.08.09 19:58:49.476,1.37341,1.37366,1.13,1.32
2013.08.09 19:58:52.757,1.37341,1.37367,1.13,2.82
2013.08.09 19:58:53.580,1.37341,1.37367,1.13,1.69
2013.08.09 19:58:53.649,1.37341,1.37368,1.32,1.32
2013.08.09 19:58:54.296,1.37341,1.37368,1.32,1.69
2013.08.09 19:58:56.737,1.37341,1.37368,1.50,2.82
2013.08.09 19:58:56.858,1.37344,1.37368,1.50,1.32
2013.08.09 19:58:56.977,1.37347,1.37375,1.69,1.69
2013.08.09 19:58:57.158,1.37343,1.37371,2.44,1.69
2013.08.09 19:58:57.698,1.37343,1.37369,1.69,1.32
2013.08.09 19:58:58.498,1.37344,1.37373,1.69,2.82
2013.08.09 19:59:00.404,1.37346,1.37374,1.69,2.44
2013.08.09 19:59:01.457,1.37348,1.37376,1.69,1.69
2013.08.09 19:59:02.989,1.37351,1.37378,2.67,1.69
2013.08.09 19:59:03.108,1.37353,1.37379,1.50,1.69
2013.08.09 19:59:03.977,1.37357,1.3738,1.32,1.69
2013.08.09 19:59:04.098,1.37359,1.37382,1.50,2.07
2013.08.09 19:59:04.158,1.37367,1.37384,1.50,1.32
2013.08.09 19:59:04.217,1.37367,1.3739,1.50,2.82
2013.08.09 19:59:04.337,1.37368,1.37393,1.50,1.69
2013.08.09 19:59:04.798,1.37368,1.37394,1.69,2.07
2013.08.09 19:59:04.922,1.37368,1.37395,1.50,2.07
2013.08.09 19:59:06.670,1.3737,1.37399,1.50,1.69
2013.08.09 19:59:07.697,1.37371,1.374,1.69,3.19
2013.08.09 19:59:09.434,1.37371,1.37398,1.69,1.69
2013.08.09 19:59:12.428,1.37371,1.37399,1.69,3.75
2013.08.09 19:59:12.969,1.3737,1.37396,1.69,2.07
2013.08.09 19:59:13.030,1.37367,1.37394,1.69,1.32
2013.08.09 19:59:13.100,1.37367,1.37387,1.69,2.25
2013.08.09 19:59:14.147,1.37365,1.37386,1.69,2.25
2013.08.09 19:59:14.683,1.37362,1.37387,1.69,2.44
2013.08.09 19:59:15.218,1.37362,1.37386,1.69,2.25
2013.08.09 19:59:15.878,1.37362,1.37387,1.69,3.19
2013.08.09 19:59:16.714,1.3736,1.37387,2.44,3.19
2013.08.09 19:59:17.777,1.3736,1.37387,2.44,3.19
2013.08.09 19:59:22.681,1.37363,1.37386,1.69,2.44
2013.08.09 19:59:22.748,1.37368,1.3739,1.50,1.32
2013.08.09 19:59:22.810,1.37368,1.37392,1.50,1.32
2013.08.09 19:59:22.877,1.37368,1.37392,1.50,1.32
2013.08.09 19:59:23.069,1.37363,1.37387,1.69,2.25
2013.08.09 19:59:25.326,1.37363,1.37386,2.44,2.25
2013.08.09 19:59:30.088,1.3736,1.37386,2.44,2.44
2013.08.09 19:59:30.618,1.3736,1.37387,2.44,3.19
2013.08.09 19:59:32.647,1.3736,1.37386,1.69,2.44
2013.08.09 19:59:33.766,1.3736,1.37386,2.44,2.44
2013.08.09 19:59:35.408,1.37359,1.37387,1.69,3.19
2013.08.09 19:59:35.738,1.37359,1.37387,1.69,3.19
2013.08.09 19:59:38.608,1.37361,1.37387,1.69,4.32
2013.08.09 19:59:38.789,1.37358,1.37385,1.32,1.69
2013.08.09 19:59:39.998,1.37355,1.37382,1.69,1.69
2013.08.09 19:59:40.418,1.37351,1.37379,1.69,1.69
2013.08.09 19:59:44.948,1.37348,1.37375,2.82,1.69
2013.08.09 19:59:45.688,1.37348,1.37374,2.82,1.50
2013.08.09 19:59:47.201,1.37348,1.37374,2.82,1.88
2013.08.09 19:59:49.240,1.37348,1.37374,2.07,2.07
