2013.08.28 10:00:00.457,1.40463,1.40482,1.13,2.44
2013.08.28 10:00:00.577,1.40466,1.40484,1.69,1.50
2013.08.28 10:00:00.637,1.40468,1.40489,1.50,1.69
2013.08.28 10:00:00.997,1.40472,1.40494,2.25,2.82
2013.08.28 10:00:02.019,1.40472,1.40491,2.25,1.32
2013.08.28 10:00:02.731,1.40472,1.40491,2.25,1.32
2013.08.28 10:00:03.411,1.40472,1.40491,2.25,1.32
2013.08.28 10:00:04.507,1.40472,1.40491,1.50,1.32
2013.08.28 10:00:05.227,1.40471,1.40491,1.13,1.32
2013.08.28 10:00:05.970,1.4047,1.40491,1.32,2.07
2013.08.28 10:00:06.300,1.40472,1.40492,1.13,1.32
2013.08.28 10:00:07.216,1.40471,1.40491,1.69,1.32
2013.08.28 10:00:08.028,1.40472,1.40491,1.69,1.32
2013.08.28 10:00:08.545,1.40472,1.40491,1.69,1.32
2013.08.28 10:00:08.607,1.40472,1.40491,1.69,1.32
2013.08.28 10:00:09.019,1.40472,1.40491,1.69,1.32
2013.08.28 10:00:11.527,1.40469,1.40487,1.32,1.50
2013.08.28 10:00:11.587,1.40467,1.40486,1.13,1.50
2013.08.28 10:00:12.127,1.40465,1.40485,1.13,1.69
2013.08.28 10:00:12.517,1.40465,1.40485,1.13,1.69
2013.08.28 10:00:12.578,1.40465,1.40487,1.50,4.32
2013.08.28 10:00:12.699,1.40463,1.40486,2.63,1.69
2013.08.28 10:00:13.177,1.40462,1.40483,1.69,1.69
2013.08.28 10:00:13.418,1.40458,1.40478,1.32,2.25
2013.08.28 10:00:13.477,1.40454,1.40475,2.82,1.50
2013.08.28 10:00:13.837,1.40454,1.40471,2.07,1.50
2013.08.28 10:00:14.077,1.40454,1.40473,2.44,1.50
2013.08.28 10:00:14.196,1.40454,1.40473,2.44,1.50
2013.08.28 10:00:14.706,1.40454,1.40472,2.07,1.50
2013.08.28 10:00:15.227,1.40454,1.40472,1.13,1.69
2013.08.28 10:00:16.676,1.4045,1.40472,2.07,2.44
2013.08.28 10:00:17.217,1.40451,1.40469,1.13,1.69
2013.08.28 10:00:17.938,1.40451,1.4047,1.13,1.69
2013.08.28 10:00:18.657,1.40451,1.40467,1.13,1.50
2013.08.28 10:00:18.777,1.40451,1.40469,1.13,1.69
2013.08.28 10:00:18.837,1.40451,1.40469,1.13,3.19
2013.08.28 10:00:19.154,1.40447,1.40468,1.69,3.57
2013.08.28 10:00:19.218,1.40447,1.40467,1.69,1.69
2013.08.28 10:00:20.035,1.40447,1.40466,1.69,1.69
2013.08.28 10:00:20.828,1.40444,1.40465,1.32,2.44
2013.08.28 10:00:20.887,1.40443,1.40464,1.69,1.50
2013.08.28 10:00:20.947,1.40443,1.40461,1.69,1.50
2013.08.28 10:00:21.367,1.40443,1.40463,1.69,1.50
2013.08.28 10:00:23.157,1.40444,1.40462,1.32,1.13
2013.08.28 10:00:23.218,1.40441,1.4046,1.69,1.50
2013.08.28 10:00:23.576,1.40437,1.40456,1.50,1.69
2013.08.28 10:00:28.587,1.40437,1.40456,1.69,1.50
2013.08.28 10:00:31.194,1.40442,1.40457,1.13,1.69
2013.08.28 10:00:32.906,1.40442,1.40459,1.13,1.69
2013.08.28 10:00:34.606,1.40442,1.40458,1.13,2.44
2013.08.28 10:00:35.280,1.4044,1.40458,1.13,1.69
2013.08.28 10:00:35.996,1.40439,1.40458,1.69,2.44
2013.08.28 10:00:38.419,1.40437,1.40458,2.07,1.69
2013.08.28 10:00:38.717,1.40437,1.40457,1.32,3.94
2013.08.28 10:00:40.498,1.40437,1.40456,1.32,3.00
2013.08.28 10:00:41.314,1.40437,1.40456,1.13,1.69
2013.08.28 10:00:42.138,1.40439,1.40456,1.13,1.69
2013.08.28 10:00:42.257,1.40437,1.40458,2.07,2.07
2013.08.28 10:00:42.498,1.40437,1.40456,1.32,2.63
2013.08.28 10:00:50.176,1.40437,1.40455,1.13,1.50
2013.08.28 10:00:51.134,1.40437,1.40455,1.13,1.50
2013.08.28 10:00:53.960,1.40437,1.40455,1.29,1.50
2013.08.28 10:00:54.146,1.40437,1.40459,1.29,3.94
2013.08.28 10:00:55.337,1.40437,1.40459,1.29,2.44
2013.08.28 10:00:55.757,1.40438,1.4046,1.67,3.19
2013.08.28 10:00:59.037,1.40438,1.40459,1.10,1.69
2013.08.28 10:00:59.217,1.40437,1.40458,1.32,2.85
2013.08.28 10:00:59.639,1.40432,1.40453,2.07,1.50
2013.08.28 10:00:59.700,1.40432,1.40453,1.69,2.63
2013.08.28 10:00:59.937,1.40427,1.40447,2.07,1.50
2013.08.28 10:00:59.998,1.40427,1.40447,2.07,1.50
2013.08.28 10:01:00.117,1.40428,1.40451,2.44,2.44
2013.08.28 10:01:00.177,1.4043,1.40451,1.69,1.69
2013.08.28 10:01:00.718,1.40432,1.40453,1.50,2.07
2013.08.28 10:01:01.239,1.40432,1.40452,1.50,1.69
2013.08.28 10:01:01.797,1.40432,1.40452,1.50,1.69
2013.08.28 10:01:04.066,1.4043,1.40452,1.69,3.19
2013.08.28 10:01:04.650,1.40427,1.40449,2.82,1.50
2013.08.28 10:01:08.997,1.40427,1.40451,2.07,3.19
2013.08.28 10:01:09.147,1.40427,1.40451,2.07,2.44
2013.08.28 10:01:09.686,1.4043,1.40453,1.67,2.82
2013.08.28 10:01:10.396,1.4043,1.40453,1.85,2.07
2013.08.28 10:01:12.686,1.40431,1.40453,1.70,2.07
2013.08.28 10:01:13.227,1.40431,1.40452,1.69,1.69
2013.08.28 10:01:14.199,1.40431,1.40453,2.44,1.13
2013.08.28 10:01:14.637,1.40431,1.40452,1.69,1.13
2013.08.28 10:01:14.817,1.40426,1.40447,2.44,2.25
2013.08.28 10:01:15.298,1.40424,1.40444,1.13,3.19
2013.08.28 10:01:20.147,1.40424,1.40445,1.13,2.44
2013.08.28 10:01:20.208,1.40424,1.40445,1.32,1.69
2013.08.28 10:01:21.503,1.40424,1.40445,1.13,3.19
2013.08.28 10:01:23.098,1.40423,1.40445,1.13,3.94
2013.08.28 10:01:30.127,1.40421,1.40442,2.44,2.25
2013.08.28 10:01:30.488,1.4042,1.4044,1.69,1.50
2013.08.28 10:01:30.547,1.40419,1.4044,3.19,2.10
2013.08.28 10:01:30.668,1.40419,1.4044,1.50,1.69
2013.08.28 10:01:30.919,1.40417,1.4044,3.57,1.69
2013.08.28 10:01:30.989,1.40422,1.40441,1.69,2.25
2013.08.28 10:01:31.108,1.40424,1.40443,2.44,1.13
2013.08.28 10:01:31.228,1.40424,1.40446,3.94,1.13
2013.08.28 10:01:31.769,1.40428,1.40448,2.25,1.32
2013.08.28 10:01:31.829,1.40428,1.40449,3.38,2.07
2013.08.28 10:01:31.888,1.40431,1.40449,1.13,1.32
2013.08.28 10:01:32.008,1.40431,1.40452,2.07,1.50
2013.08.28 10:01:32.068,1.40432,1.40453,1.69,1.69
2013.08.28 10:01:32.576,1.40434,1.40456,2.44,2.82
2013.08.28 10:01:36.197,1.40432,1.40454,1.69,1.32
2013.08.28 10:01:36.738,1.40431,1.40454,1.69,2.82
2013.08.28 10:01:37.098,1.40432,1.40454,1.69,2.07
2013.08.28 10:01:37.157,1.40434,1.40454,1.50,1.32
2013.08.28 10:01:37.457,1.40432,1.40454,2.44,2.82
2013.08.28 10:01:41.332,1.40432,1.40454,2.44,3.57
2013.08.28 10:01:41.866,1.4043,1.40453,1.69,1.69
2013.08.28 10:01:46.107,1.40429,1.40452,1.69,1.69
2013.08.28 10:01:46.287,1.40428,1.40448,1.88,1.69
2013.08.28 10:01:46.788,1.40426,1.40446,1.32,2.44
2013.08.28 10:01:46.991,1.40425,1.40446,1.32,2.44
2013.08.28 10:01:48.388,1.40424,1.40446,1.32,2.29
2013.08.28 10:01:53.810,1.40426,1.40446,1.50,1.92
2013.08.28 10:01:54.287,1.40426,1.40446,1.50,1.32
2013.08.28 10:01:56.467,1.40426,1.40447,1.69,2.44
2013.08.28 10:02:03.139,1.40426,1.40447,1.69,1.69
2013.08.28 10:02:08.072,1.40426,1.40447,1.50,3.19
2013.08.28 10:02:09.949,1.40425,1.40443,1.69,1.35
2013.08.28 10:02:10.308,1.40424,1.4044,1.13,1.73
2013.08.28 10:02:10.870,1.40421,1.40439,1.32,1.13
2013.08.28 10:02:13.458,1.40419,1.4044,1.32,1.54
2013.08.28 10:02:13.879,1.40416,1.40437,2.07,1.69
2013.08.28 10:02:14.000,1.40414,1.40437,2.82,2.44
2013.08.28 10:02:15.867,1.40415,1.40437,1.69,3.57
2013.08.28 10:02:16.652,1.40418,1.40439,1.50,2.44
2013.08.28 10:02:18.257,1.40418,1.4044,1.50,2.07
2013.08.28 10:02:18.318,1.40418,1.4044,1.50,2.07
2013.08.28 10:02:18.566,1.40418,1.4044,1.69,1.13
2013.08.28 10:02:19.076,1.40417,1.40439,1.69,1.50
2013.08.28 10:02:22.223,1.40417,1.40439,1.69,2.25
2013.08.28 10:02:22.768,1.40417,1.40438,2.07,1.50
2013.08.28 10:02:24.979,1.40417,1.40438,2.07,1.50
2013.08.28 10:02:25.808,1.40422,1.40438,1.50,2.25
2013.08.28 10:02:26.168,1.40428,1.40446,2.07,2.25
2013.08.28 10:02:26.228,1.40428,1.40446,1.13,1.50
2013.08.28 10:02:26.287,1.40428,1.40449,1.88,1.69
2013.08.28 10:02:26.407,1.40428,1.40446,1.13,1.50
2013.08.28 10:02:27.003,1.40425,1.40444,1.32,1.50
2013.08.28 10:02:28.347,1.40425,1.40443,1.13,1.35
2013.08.28 10:02:28.649,1.40422,1.40441,1.32,1.50
2013.08.28 10:02:28.831,1.40419,1.4044,2.07,1.69
2013.08.28 10:02:28.899,1.40419,1.4044,1.69,2.44
2013.08.28 10:02:29.211,1.40417,1.40439,1.69,1.69
2013.08.28 10:02:31.007,1.40425,1.40439,1.13,1.50
2013.08.28 10:02:31.187,1.40428,1.40443,1.13,1.69
2013.08.28 10:02:31.368,1.40428,1.40445,1.13,2.25
2013.08.28 10:02:31.907,1.40428,1.40448,1.13,1.69
2013.08.28 10:02:32.448,1.40428,1.40445,1.13,2.25
2013.08.28 10:02:36.227,1.40428,1.40445,1.13,2.44
2013.08.28 10:02:37.137,1.40428,1.40445,1.13,2.44
2013.08.28 10:02:38.617,1.40428,1.40446,1.13,2.44
2013.08.28 10:02:41.011,1.40428,1.40446,1.13,2.44
2013.08.28 10:02:41.557,1.40423,1.40443,1.69,2.25
2013.08.28 10:02:42.167,1.40424,1.40443,1.13,1.50
2013.08.28 10:02:43.707,1.40424,1.40442,1.13,2.25
2013.08.28 10:02:44.221,1.40424,1.40442,1.13,2.25
2013.08.28 10:02:46.186,1.40422,1.40442,1.69,2.25
2013.08.28 10:02:51.317,1.40424,1.40442,1.13,1.50
2013.08.28 10:02:56.061,1.40424,1.40443,1.13,2.44
2013.08.28 10:02:56.190,1.40425,1.40445,1.13,1.69
2013.08.28 10:02:56.377,1.40423,1.40447,2.44,2.44
2013.08.28 10:02:57.000,1.40422,1.40445,3.19,1.69
2013.08.28 10:02:57.888,1.40421,1.40442,1.69,2.25
2013.08.28 10:02:58.007,1.40419,1.40439,2.63,2.44
2013.08.28 10:02:58.127,1.40418,1.40439,1.69,2.44
2013.08.28 10:02:59.497,1.40419,1.40439,1.50,2.44
2013.08.28 10:03:01.013,1.40422,1.4044,1.13,1.32
2013.08.28 10:03:01.553,1.4042,1.40442,1.69,1.69
2013.08.28 10:03:02.127,1.40425,1.40442,1.13,2.44
2013.08.28 10:03:02.428,1.40424,1.40445,2.44,1.13
2013.08.28 10:03:02.617,1.40425,1.40446,2.44,1.13
2013.08.28 10:03:03.007,1.40425,1.40443,1.50,1.13
2013.08.28 10:03:03.188,1.40423,1.40443,3.57,1.13
2013.08.28 10:03:03.861,1.40424,1.40443,1.50,1.50
2013.08.28 10:03:04.048,1.4042,1.40441,1.69,1.50
2013.08.28 10:03:05.208,1.40419,1.4044,1.69,1.50
2013.08.28 10:03:06.107,1.40419,1.40441,1.69,1.69
2013.08.28 10:03:08.257,1.4042,1.40441,1.69,1.50
2013.08.28 10:03:11.147,1.40419,1.40441,1.69,1.50
2013.08.28 10:03:11.267,1.40419,1.40441,1.69,1.50
2013.08.28 10:03:11.386,1.4042,1.40442,1.69,2.25
2013.08.28 10:03:19.778,1.4042,1.40442,1.69,2.44
2013.08.28 10:03:21.297,1.4042,1.40442,1.69,2.44
2013.08.28 10:03:29.417,1.4042,1.4044,1.69,1.50
2013.08.28 10:03:30.978,1.4042,1.40442,2.44,3.19
2013.08.28 10:03:31.395,1.40418,1.40442,1.32,3.19
2013.08.28 10:03:35.028,1.40417,1.40441,2.82,1.69
2013.08.28 10:03:38.918,1.40417,1.40442,2.82,3.19
2013.08.28 10:03:39.438,1.40419,1.40443,2.44,3.57
2013.08.28 10:03:41.336,1.40419,1.40442,1.69,1.69
2013.08.28 10:03:41.517,1.40418,1.4044,3.19,1.50
2013.08.28 10:03:42.053,1.40419,1.4044,1.69,1.50
2013.08.28 10:03:42.297,1.40418,1.40439,1.50,2.44
2013.08.28 10:03:42.417,1.40415,1.40437,1.32,1.50
2013.08.28 10:03:42.970,1.40416,1.40437,2.07,1.50
2013.08.28 10:03:43.219,1.40414,1.40436,1.32,2.85
2013.08.28 10:03:43.279,1.40413,1.40433,1.32,1.50
2013.08.28 10:03:44.132,1.40411,1.4043,1.32,2.29
2013.08.28 10:03:45.578,1.40408,1.40429,1.69,1.50
2013.08.28 10:03:45.636,1.40408,1.40427,1.32,1.13
2013.08.28 10:03:45.768,1.40405,1.40427,3.57,1.32
2013.08.28 10:03:46.416,1.40404,1.40426,3.19,1.69
2013.08.28 10:03:46.967,1.40404,1.40425,1.69,1.50
2013.08.28 10:03:47.387,1.40403,1.40425,1.69,1.50
2013.08.28 10:03:47.987,1.40403,1.40424,1.69,1.13
2013.08.28 10:03:48.108,1.404,1.40421,3.19,1.50
2013.08.28 10:03:50.290,1.404,1.40423,3.19,3.19
2013.08.28 10:03:52.069,1.40399,1.40422,2.82,2.07
2013.08.28 10:03:52.247,1.40398,1.40419,1.88,1.32
2013.08.28 10:03:56.629,1.40398,1.40418,1.32,2.07
2013.08.28 10:03:57.204,1.404,1.40421,1.50,1.69
2013.08.28 10:03:57.907,1.40399,1.4042,1.32,1.69
2013.08.28 10:03:58.609,1.40399,1.4042,2.07,1.69
2013.08.28 10:03:59.048,1.40399,1.4042,2.07,1.69
2013.08.28 10:04:02.891,1.40398,1.4042,1.88,1.69
2013.08.28 10:04:03.652,1.40396,1.40418,1.32,1.69
2013.08.28 10:04:15.898,1.40395,1.40418,1.69,2.44
2013.08.28 10:04:30.357,1.40395,1.40418,1.69,2.82
2013.08.28 10:04:33.038,1.40394,1.40418,2.44,1.32
2013.08.28 10:04:36.753,1.40395,1.40418,1.69,1.32
2013.08.28 10:04:43.887,1.40396,1.40418,2.44,1.69
2013.08.28 10:04:44.697,1.40398,1.40419,1.69,2.07
2013.08.28 10:04:45.647,1.40399,1.40419,1.13,1.32
2013.08.28 10:04:45.707,1.40399,1.40419,1.69,1.13
2013.08.28 10:04:45.893,1.40409,1.40425,1.13,1.69
2013.08.28 10:04:45.957,1.40409,1.40428,1.32,1.17
2013.08.28 10:04:46.137,1.40411,1.40434,2.44,1.69
2013.08.28 10:04:46.436,1.40411,1.40434,2.44,2.44
2013.08.28 10:04:53.939,1.40411,1.4043,1.69,1.50
2013.08.28 10:04:56.136,1.40409,1.40431,2.82,1.84
2013.08.28 10:04:56.729,1.40409,1.40429,1.32,1.84
2013.08.28 10:04:57.089,1.40406,1.40426,2.82,2.44
2013.08.28 10:04:57.671,1.40406,1.40426,1.32,3.19
2013.08.28 10:05:01.337,1.40406,1.40426,1.32,1.69
2013.08.28 10:05:01.578,1.40404,1.40427,1.69,3.19
2013.08.28 10:05:05.117,1.40406,1.40428,3.00,1.69
2013.08.28 10:05:09.717,1.40406,1.40428,2.25,1.69
2013.08.28 10:05:10.748,1.40408,1.40429,2.44,1.32
2013.08.28 10:05:11.124,1.40411,1.40429,1.50,1.32
2013.08.28 10:05:11.698,1.4041,1.40429,2.25,1.32
2013.08.28 10:05:12.832,1.4041,1.40429,2.44,1.13
2013.08.28 10:05:15.458,1.4041,1.40433,2.82,1.69
2013.08.28 10:05:15.639,1.40416,1.40434,1.69,1.88
2013.08.28 10:05:15.758,1.40418,1.40435,1.69,1.50
2013.08.28 10:05:16.001,1.40416,1.40436,1.69,1.50
2013.08.28 10:05:16.248,1.40417,1.40437,1.69,1.69
2013.08.28 10:05:16.368,1.40419,1.40439,2.44,1.50
2013.08.28 10:05:16.677,1.40419,1.40441,3.19,1.50
2013.08.28 10:05:19.487,1.4042,1.40442,2.44,2.07
2013.08.28 10:05:22.398,1.40419,1.40441,2.44,1.50
2013.08.28 10:05:26.101,1.40419,1.40441,2.44,2.25
2013.08.28 10:05:31.229,1.40419,1.4044,2.44,2.25
2013.08.28 10:05:32.207,1.40419,1.40439,1.69,3.00
2013.08.28 10:05:33.959,1.40417,1.40438,1.69,3.19
2013.08.28 10:05:35.248,1.40414,1.40431,1.32,2.25
2013.08.28 10:05:35.427,1.40414,1.40431,1.32,2.25
2013.08.28 10:05:36.797,1.40412,1.40431,1.32,2.25
2013.08.28 10:05:40.497,1.40412,1.40431,1.32,1.50
2013.08.28 10:05:45.327,1.40413,1.40433,1.32,3.23
2013.08.28 10:05:49.927,1.40416,1.40433,1.69,3.60
2013.08.28 10:05:49.989,1.40416,1.40433,2.82,2.85
2013.08.28 10:05:51.058,1.40416,1.40436,1.69,1.13
2013.08.28 10:05:53.748,1.40419,1.40438,1.69,1.13
2013.08.28 10:05:56.177,1.40418,1.40438,1.69,1.50
2013.08.28 10:06:01.396,1.40419,1.40439,1.69,2.25
2013.08.28 10:06:02.577,1.40419,1.40439,2.44,1.50
2013.08.28 10:06:03.117,1.40419,1.40439,2.44,1.88
2013.08.28 10:06:03.692,1.40419,1.40439,2.44,1.50
2013.08.28 10:06:05.457,1.40419,1.40439,1.69,1.50
2013.08.28 10:06:06.167,1.40419,1.4044,1.69,1.50
2013.08.28 10:06:10.187,1.40419,1.40441,3.19,2.07
2013.08.28 10:06:11.347,1.40419,1.40441,2.44,2.07
2013.08.28 10:06:11.407,1.40419,1.4044,2.44,1.50
2013.08.28 10:06:12.573,1.40419,1.4044,1.69,1.50
2013.08.28 10:06:13.888,1.40419,1.4044,1.69,1.50
2013.08.28 10:06:15.097,1.40417,1.40438,2.44,1.50
2013.08.28 10:06:20.027,1.40417,1.40438,1.69,1.50
2013.08.28 10:06:20.208,1.40416,1.40438,1.69,1.50
2013.08.28 10:06:20.952,1.40417,1.40436,1.69,1.50
2013.08.28 10:06:21.609,1.40418,1.40436,1.69,1.50
2013.08.28 10:06:23.438,1.40418,1.40436,1.69,1.50
2013.08.28 10:06:24.008,1.40418,1.40438,1.69,1.50
2013.08.28 10:06:24.128,1.40421,1.40437,1.69,1.50
2013.08.28 10:06:24.488,1.40429,1.4044,1.69,1.50
2013.08.28 10:06:24.788,1.40429,1.40445,1.69,1.50
2013.08.28 10:06:25.129,1.40429,1.40448,1.69,1.50
2013.08.28 10:06:25.691,1.40428,1.40448,1.69,1.50
2013.08.28 10:06:26.098,1.40426,1.40445,1.69,1.50
2013.08.28 10:06:26.409,1.40429,1.40445,1.69,1.50
2013.08.28 10:06:26.528,1.40429,1.40448,1.69,1.50
2013.08.28 10:06:26.710,1.40429,1.40448,1.69,2.25
2013.08.28 10:06:26.889,1.40425,1.40445,2.44,1.50
2013.08.28 10:06:26.961,1.40425,1.40445,2.44,1.50
2013.08.28 10:06:27.211,1.40425,1.40445,1.69,2.25
2013.08.28 10:06:27.758,1.40425,1.40446,1.32,1.50
2013.08.28 10:06:30.237,1.40425,1.40443,1.69,1.50
2013.08.28 10:06:30.689,1.40425,1.40443,2.44,1.50
2013.08.28 10:06:32.141,1.40425,1.40443,1.32,1.50
2013.08.28 10:06:32.629,1.40426,1.40442,1.69,1.50
2013.08.28 10:06:33.180,1.40425,1.40445,1.32,1.50
2013.08.28 10:06:35.367,1.40425,1.40448,1.32,2.44
2013.08.28 10:06:35.427,1.40424,1.40446,2.82,1.50
2013.08.28 10:06:37.648,1.40424,1.40445,1.32,2.25
2013.08.28 10:06:38.069,1.40424,1.4044,1.69,1.13
2013.08.28 10:06:38.251,1.40418,1.40437,3.94,1.50
2013.08.28 10:06:38.740,1.40414,1.40435,2.44,1.50
2013.08.28 10:06:39.478,1.40416,1.40435,2.44,1.50
2013.08.28 10:06:39.539,1.40416,1.40438,3.19,1.69
2013.08.28 10:06:39.601,1.40418,1.40439,1.69,1.50
2013.08.28 10:06:40.147,1.40419,1.4044,2.44,2.25
2013.08.28 10:06:40.817,1.4042,1.4044,2.44,2.25
2013.08.28 10:06:41.121,1.40421,1.4044,2.44,1.50
2013.08.28 10:06:41.326,1.40417,1.40438,2.44,2.25
2013.08.28 10:06:41.448,1.40415,1.40438,2.44,2.25
2013.08.28 10:06:42.803,1.40416,1.40439,2.44,2.44
2013.08.28 10:06:44.179,1.40415,1.40438,2.44,2.25
2013.08.28 10:06:45.327,1.40413,1.40435,1.69,2.25
2013.08.28 10:06:47.047,1.40413,1.40433,1.69,1.50
2013.08.28 10:06:47.558,1.40412,1.40434,2.82,1.50
2013.08.28 10:06:48.216,1.40412,1.40434,2.82,1.50
2013.08.28 10:06:48.758,1.40414,1.40434,1.69,1.50
2013.08.28 10:06:49.316,1.40414,1.40435,1.69,1.50
2013.08.28 10:06:51.474,1.40415,1.40436,1.69,2.44
2013.08.28 10:06:53.717,1.40415,1.40436,1.69,2.25
2013.08.28 10:06:56.747,1.40414,1.40436,2.44,2.25
2013.08.28 10:06:57.047,1.40415,1.40436,3.19,1.50
2013.08.28 10:06:57.528,1.40415,1.40436,3.19,1.50
2013.08.28 10:07:00.187,1.40415,1.40437,3.19,1.13
2013.08.28 10:07:04.688,1.40419,1.40439,1.69,1.88
2013.08.28 10:07:04.808,1.4042,1.40439,1.69,1.13
2013.08.28 10:07:05.808,1.40423,1.40443,1.69,1.50
2013.08.28 10:07:08.340,1.40423,1.40442,1.69,1.50
2013.08.28 10:07:08.460,1.40423,1.40444,2.44,1.50
2013.08.28 10:07:09.521,1.40426,1.40443,1.69,1.50
2013.08.28 10:07:09.588,1.40424,1.40445,1.69,3.00
2013.08.28 10:07:10.068,1.40423,1.40443,1.69,1.50
2013.08.28 10:07:11.038,1.40423,1.40443,2.44,1.50
2013.08.28 10:07:11.442,1.40423,1.40442,1.69,2.25
2013.08.28 10:07:13.399,1.4042,1.40441,1.32,1.50
2013.08.28 10:07:13.877,1.40421,1.40442,1.32,3.00
2013.08.28 10:07:16.467,1.40421,1.40442,1.32,1.50
2013.08.28 10:07:16.537,1.40419,1.4044,2.07,1.50
2013.08.28 10:07:16.848,1.40421,1.4044,1.32,2.25
2013.08.28 10:07:20.399,1.40419,1.40438,1.69,1.13
2013.08.28 10:07:20.459,1.40415,1.40436,2.07,1.13
2013.08.28 10:07:20.518,1.40414,1.40436,1.69,1.88
2013.08.28 10:07:20.637,1.40411,1.40434,2.44,1.50
2013.08.28 10:07:20.940,1.40414,1.40435,2.44,1.50
2013.08.28 10:07:20.998,1.40415,1.40437,1.69,2.63
2013.08.28 10:07:21.192,1.4042,1.40437,1.69,1.13
2013.08.28 10:07:21.259,1.4042,1.40437,1.69,1.13
2013.08.28 10:07:21.797,1.40421,1.40438,2.44,1.13
2013.08.28 10:07:21.858,1.40422,1.40438,1.50,1.13
2013.08.28 10:07:22.398,1.40425,1.40444,1.69,1.69
2013.08.28 10:07:22.948,1.40427,1.40444,1.50,1.69
2013.08.28 10:07:23.477,1.40428,1.40446,1.50,1.13
2013.08.28 10:07:23.539,1.40431,1.40447,1.50,1.13
2013.08.28 10:07:24.082,1.40429,1.40445,1.50,1.50
2013.08.28 10:07:24.207,1.40426,1.40446,1.69,1.13
2013.08.28 10:07:24.587,1.40428,1.40446,1.50,1.13
2013.08.28 10:07:25.250,1.40429,1.40446,1.69,1.13
2013.08.28 10:07:25.607,1.40425,1.40444,2.44,1.50
2013.08.28 10:07:25.789,1.40425,1.40446,3.19,1.13
2013.08.28 10:07:26.213,1.40429,1.40445,1.69,1.50
2013.08.28 10:07:26.399,1.40419,1.40441,1.69,1.69
2013.08.28 10:07:26.519,1.4042,1.40442,1.69,1.50
2013.08.28 10:07:27.069,1.40418,1.40441,2.07,1.50
2013.08.28 10:07:27.311,1.4042,1.40443,1.69,2.44
2013.08.28 10:07:28.549,1.40419,1.40443,2.44,2.44
2013.08.28 10:07:28.738,1.4042,1.40443,1.69,2.25
2013.08.28 10:07:29.098,1.40418,1.40442,3.57,2.44
2013.08.28 10:07:29.219,1.40418,1.40441,2.07,1.69
2013.08.28 10:07:30.023,1.40415,1.40439,6.19,1.69
2013.08.28 10:07:30.333,1.40419,1.40442,1.69,2.07
2013.08.28 10:07:31.510,1.40418,1.40441,1.32,1.69
2013.08.28 10:07:32.399,1.40415,1.40436,4.32,1.13
2013.08.28 10:07:32.952,1.40413,1.40435,1.69,1.13
2013.08.28 10:07:33.499,1.40412,1.40435,2.44,1.88
2013.08.28 10:07:33.559,1.40412,1.40435,1.69,2.82
2013.08.28 10:07:34.691,1.40411,1.40434,5.44,1.69
2013.08.28 10:07:34.987,1.40413,1.40435,1.69,2.07
2013.08.28 10:07:35.930,1.40409,1.40433,3.57,2.44
2013.08.28 10:07:36.357,1.40409,1.40433,2.82,2.44
2013.08.28 10:07:36.898,1.40412,1.40434,1.69,1.69
2013.08.28 10:07:37.199,1.40414,1.40437,1.69,1.32
2013.08.28 10:07:37.918,1.40414,1.40435,1.69,1.50
2013.08.28 10:07:38.037,1.40413,1.40435,1.32,2.82
2013.08.28 10:07:38.097,1.40413,1.40435,1.32,2.82
2013.08.28 10:07:38.457,1.40412,1.40434,1.69,1.69
2013.08.28 10:07:38.697,1.40414,1.40435,1.50,2.07
2013.08.28 10:07:38.881,1.40412,1.40434,1.69,2.44
2013.08.28 10:07:41.484,1.4041,1.40433,1.69,1.69
2013.08.28 10:07:42.518,1.40409,1.40432,2.07,1.69
2013.08.28 10:07:43.187,1.40409,1.40432,2.07,1.50
2013.08.28 10:07:47.257,1.40409,1.40432,1.32,2.44
2013.08.28 10:07:48.478,1.40409,1.40431,1.32,2.07
2013.08.28 10:07:49.033,1.4041,1.40431,1.32,2.07
2013.08.28 10:07:49.161,1.40406,1.4043,2.44,1.69
2013.08.28 10:07:49.697,1.40406,1.40429,2.44,1.69
2013.08.28 10:07:51.529,1.40405,1.40429,1.69,1.69
2013.08.28 10:07:53.257,1.40405,1.4043,2.44,1.69
2013.08.28 10:07:54.028,1.40404,1.40427,1.69,1.69
2013.08.28 10:07:54.997,1.40404,1.40427,1.69,1.69
2013.08.28 10:07:55.928,1.40405,1.40428,2.44,1.69
2013.08.28 10:07:56.487,1.40403,1.40426,2.82,1.50
2013.08.28 10:07:59.269,1.40405,1.40429,1.69,2.44
2013.08.28 10:08:00.427,1.40409,1.4043,1.50,1.69
2013.08.28 10:08:01.179,1.40409,1.40431,1.50,1.32
2013.08.28 10:08:01.632,1.40409,1.40431,1.50,1.32
2013.08.28 10:08:02.193,1.40406,1.40429,1.69,1.69
2013.08.28 10:08:03.602,1.40408,1.40429,1.69,1.69
2013.08.28 10:08:03.669,1.40408,1.40431,3.94,1.32
2013.08.28 10:08:04.028,1.40406,1.40424,1.50,1.69
2013.08.28 10:08:04.087,1.404,1.4042,1.32,1.69
2013.08.28 10:08:05.428,1.40398,1.40419,2.07,1.13
2013.08.28 10:08:05.947,1.40398,1.40419,1.69,1.32
2013.08.28 10:08:06.458,1.40399,1.40419,1.69,1.32
2013.08.28 10:08:07.167,1.404,1.40419,2.44,1.13
2013.08.28 10:08:09.848,1.40402,1.40419,1.69,1.13
2013.08.28 10:08:10.872,1.40402,1.40419,1.69,1.13
2013.08.28 10:08:11.119,1.40398,1.40418,2.44,1.88
2013.08.28 10:08:11.958,1.40398,1.40418,1.69,1.50
2013.08.28 10:08:12.198,1.40399,1.40419,2.44,1.13
2013.08.28 10:08:12.558,1.40401,1.40419,1.50,1.13
2013.08.28 10:08:14.337,1.40398,1.40419,1.69,1.32
2013.08.28 10:08:14.939,1.40399,1.4042,1.50,1.32
2013.08.28 10:08:15.118,1.40401,1.4042,1.69,1.13
2013.08.28 10:08:16.357,1.404,1.40419,1.69,1.13
2013.08.28 10:08:16.753,1.40395,1.40415,1.69,1.50
2013.08.28 10:08:16.822,1.40394,1.40415,1.69,1.69
2013.08.28 10:08:16.888,1.40394,1.40415,1.69,2.44
2013.08.28 10:08:17.408,1.40394,1.40415,1.69,2.44
2013.08.28 10:08:17.947,1.40393,1.40414,2.82,1.50
2013.08.28 10:08:18.428,1.40393,1.40416,2.82,1.50
2013.08.28 10:08:18.987,1.40393,1.40415,3.19,2.25
2013.08.28 10:08:19.529,1.40393,1.40415,2.44,1.50
2013.08.28 10:08:19.901,1.40393,1.40417,2.44,2.44
2013.08.28 10:08:21.390,1.40393,1.40417,1.69,2.44
2013.08.28 10:08:21.508,1.40393,1.40417,1.32,2.44
2013.08.28 10:08:23.567,1.40393,1.40413,1.32,1.50
2013.08.28 10:08:28.268,1.40392,1.40416,2.82,2.44
2013.08.28 10:08:30.447,1.40393,1.40416,1.88,1.69
2013.08.28 10:08:33.267,1.40394,1.40416,1.50,1.69
2013.08.28 10:08:38.197,1.40394,1.40417,1.69,2.07
2013.08.28 10:08:41.297,1.40392,1.40415,1.69,1.69
2013.08.28 10:08:41.608,1.40391,1.40415,1.69,1.69
2013.08.28 10:08:44.138,1.40391,1.40411,1.69,1.13
2013.08.28 10:08:49.348,1.40391,1.40411,1.69,1.13
2013.08.28 10:08:49.648,1.40393,1.40412,1.50,1.32
2013.08.28 10:08:51.278,1.40393,1.40412,1.50,1.32
2013.08.28 10:08:51.819,1.40395,1.40412,1.50,1.32
2013.08.28 10:08:52.530,1.40398,1.40417,1.13,1.32
2013.08.28 10:08:52.780,1.40404,1.40424,1.13,3.00
2013.08.28 10:08:52.840,1.40403,1.40424,2.07,2.63
2013.08.28 10:08:52.898,1.40406,1.40424,1.69,1.13
2013.08.28 10:08:53.317,1.40408,1.40424,1.50,1.13
2013.08.28 10:08:53.858,1.40406,1.40424,1.69,1.13
2013.08.28 10:08:55.641,1.40406,1.40424,1.69,1.13
2013.08.28 10:08:55.889,1.40404,1.40424,1.69,1.32
2013.08.28 10:08:58.417,1.40405,1.40424,1.50,1.32
2013.08.28 10:09:00.457,1.40405,1.40424,1.50,1.32
2013.08.28 10:09:00.637,1.40402,1.40424,1.69,1.32
2013.08.28 10:09:01.567,1.40402,1.40424,1.69,2.07
2013.08.28 10:09:03.279,1.404,1.40421,1.50,1.69
2013.08.28 10:09:03.460,1.40398,1.40417,1.13,1.69
2013.08.28 10:09:12.018,1.40399,1.40417,1.69,1.50
2013.08.28 10:09:13.500,1.40399,1.40417,1.50,1.69
2013.08.28 10:09:22.437,1.40396,1.40417,1.50,1.69
2013.08.28 10:09:25.358,1.40394,1.40416,2.44,1.50
2013.08.28 10:09:30.158,1.40394,1.40418,1.69,1.69
2013.08.28 10:09:35.768,1.40394,1.40415,1.69,1.32
2013.08.28 10:09:35.889,1.40391,1.40414,2.07,1.69
2013.08.28 10:09:38.858,1.40392,1.40414,2.82,1.69
2013.08.28 10:09:39.592,1.40394,1.40417,1.69,1.69
2013.08.28 10:09:40.198,1.40394,1.40417,2.44,1.69
2013.08.28 10:09:41.499,1.40394,1.40417,1.69,3.19
2013.08.28 10:09:46.067,1.40393,1.40416,2.44,2.44
2013.08.28 10:09:47.498,1.40393,1.40416,2.44,3.19
2013.08.28 10:09:48.248,1.40391,1.40413,2.07,1.69
2013.08.28 10:09:48.788,1.40391,1.40412,1.32,2.25
2013.08.28 10:09:50.449,1.40388,1.40411,1.32,2.82
2013.08.28 10:09:50.991,1.40388,1.40408,1.32,1.50
2013.08.28 10:09:51.423,1.40391,1.40414,1.13,3.19
2013.08.28 10:09:51.732,1.4039,1.40414,1.32,3.19
2013.08.28 10:09:52.161,1.40386,1.40407,1.69,1.50
2013.08.28 10:09:52.221,1.40385,1.40407,2.44,1.50
2013.08.28 10:09:52.768,1.40384,1.40405,1.69,1.50
2013.08.28 10:09:53.069,1.40385,1.40408,1.69,1.69
2013.08.28 10:09:54.238,1.40384,1.40409,2.44,2.44
2013.08.28 10:09:55.428,1.40384,1.40408,3.42,1.69
2013.08.28 10:09:56.479,1.40384,1.40406,1.69,1.50
2013.08.28 10:09:56.789,1.40384,1.40404,1.69,1.50
2013.08.28 10:09:56.910,1.40379,1.40399,1.32,1.50
2013.08.28 10:09:56.981,1.40376,1.40398,2.29,2.25
2013.08.28 10:09:57.220,1.40372,1.40396,1.69,3.19
2013.08.28 10:09:57.280,1.40373,1.40396,1.50,3.57
2013.08.28 10:09:57.581,1.40383,1.40396,2.25,1.88
2013.08.28 10:09:57.941,1.40386,1.40403,1.50,1.69
2013.08.28 10:09:58.190,1.40388,1.404,1.50,1.13
2013.08.28 10:09:58.369,1.40388,1.40401,1.50,1.13
2013.08.28 10:09:58.548,1.40389,1.40403,1.50,1.43
2013.08.28 10:09:58.669,1.4039,1.40405,1.50,1.32
2013.08.28 10:09:58.908,1.40386,1.40406,1.50,1.54
2013.08.28 10:09:59.980,1.40385,1.40406,1.50,1.24
2013.08.28 10:10:01.552,1.40385,1.40406,1.50,2.74
2013.08.28 10:10:02.419,1.40387,1.40406,1.50,1.99
2013.08.28 10:10:02.478,1.40387,1.40406,1.69,1.05
2013.08.28 10:10:02.598,1.40389,1.4041,1.50,3.57
2013.08.28 10:10:02.778,1.4039,1.4041,2.25,2.07
2013.08.28 10:10:03.611,1.40388,1.4041,2.44,2.07
2013.08.28 10:10:04.647,1.40386,1.40409,2.44,2.74
2013.08.28 10:10:04.949,1.40384,1.40406,1.69,2.74
2013.08.28 10:10:05.479,1.40385,1.40407,1.69,1.69
2013.08.28 10:10:05.840,1.40389,1.40409,1.50,1.24
2013.08.28 10:10:06.568,1.40386,1.40408,1.69,1.69
2013.08.28 10:10:07.889,1.40386,1.40406,1.69,1.50
2013.08.28 10:10:08.248,1.40383,1.40402,1.69,2.25
2013.08.28 10:10:08.428,1.40383,1.40402,1.69,1.50
2013.08.28 10:10:09.034,1.40383,1.40402,1.69,1.50
2013.08.28 10:10:10.098,1.40383,1.40401,1.69,1.50
2013.08.28 10:10:10.339,1.40383,1.40404,1.69,1.50
2013.08.28 10:10:10.400,1.40383,1.40403,1.69,1.50
2013.08.28 10:10:11.375,1.40382,1.404,1.32,1.50
2013.08.28 10:10:11.650,1.40382,1.404,1.32,1.50
2013.08.28 10:10:12.298,1.40382,1.40401,1.32,1.69
2013.08.28 10:10:13.128,1.40382,1.40403,1.32,1.69
2013.08.28 10:10:13.978,1.40379,1.40401,2.44,1.69
2013.08.28 10:10:15.368,1.40381,1.404,1.69,1.50
2013.08.28 10:10:16.528,1.40379,1.404,1.32,1.50
2013.08.28 10:10:16.999,1.40379,1.40402,1.32,1.69
2013.08.28 10:10:18.668,1.40379,1.40402,1.32,1.69
2013.08.28 10:10:19.540,1.40379,1.40402,1.32,1.69
2013.08.28 10:10:19.720,1.40379,1.40399,1.32,1.50
2013.08.28 10:10:20.100,1.40379,1.40398,1.32,1.50
2013.08.28 10:10:20.218,1.40379,1.40401,1.32,1.69
2013.08.28 10:10:20.339,1.40379,1.40399,1.32,1.50
2013.08.28 10:10:20.638,1.40379,1.40401,1.32,1.69
2013.08.28 10:10:21.189,1.40379,1.40401,2.82,1.69
2013.08.28 10:10:21.984,1.40379,1.40401,2.07,2.44
2013.08.28 10:10:26.570,1.4038,1.40399,1.69,1.50
2013.08.28 10:10:27.578,1.4038,1.40403,2.44,1.69
2013.08.28 10:10:27.998,1.4038,1.40399,1.69,1.50
2013.08.28 10:10:28.630,1.40379,1.40397,1.32,1.50
2013.08.28 10:10:28.988,1.40378,1.40396,1.32,1.50
2013.08.28 10:10:29.168,1.40378,1.40396,1.32,2.25
2013.08.28 10:10:29.230,1.40378,1.40396,1.32,2.25
2013.08.28 10:10:29.980,1.40378,1.40394,1.32,1.50
2013.08.28 10:10:30.101,1.40378,1.40396,1.32,1.50
2013.08.28 10:10:30.410,1.40378,1.40401,1.32,1.69
2013.08.28 10:10:31.740,1.40384,1.40402,1.13,1.69
2013.08.28 10:10:31.929,1.40384,1.40404,1.32,1.32
2013.08.28 10:10:32.480,1.40383,1.40404,1.32,1.32
2013.08.28 10:10:32.948,1.40387,1.40408,1.13,1.69
2013.08.28 10:10:33.067,1.40387,1.40406,1.13,1.50
2013.08.28 10:10:34.281,1.40386,1.40406,1.32,1.50
2013.08.28 10:10:34.401,1.40387,1.40404,1.32,1.50
2013.08.28 10:10:34.578,1.40387,1.40407,1.32,1.69
2013.08.28 10:10:35.249,1.40387,1.40407,1.32,1.69
2013.08.28 10:10:35.608,1.40388,1.40409,1.32,2.44
2013.08.28 10:10:36.495,1.40388,1.40407,1.32,1.50
2013.08.28 10:10:37.000,1.40387,1.40406,1.32,1.50
2013.08.28 10:10:37.349,1.40387,1.40406,1.32,1.50
2013.08.28 10:10:46.138,1.40387,1.40408,1.32,1.50
2013.08.28 10:10:47.979,1.40386,1.40408,2.07,1.69
2013.08.28 10:10:49.698,1.40387,1.40408,1.32,1.50
2013.08.28 10:10:49.818,1.40387,1.4041,3.57,1.69
2013.08.28 10:10:50.509,1.40388,1.4041,1.69,1.69
2013.08.28 10:10:50.580,1.40388,1.40408,1.69,1.50
2013.08.28 10:10:52.998,1.40389,1.4041,1.69,1.50
2013.08.28 10:10:53.238,1.40388,1.40408,1.69,1.50
2013.08.28 10:10:53.871,1.40388,1.40409,1.69,2.25
2013.08.28 10:10:57.819,1.40388,1.4041,1.69,1.69
2013.08.28 10:10:59.317,1.40388,1.4041,1.69,1.69
2013.08.28 10:11:01.188,1.40388,1.4041,1.69,1.69
2013.08.28 10:11:01.588,1.40386,1.40405,1.69,1.50
2013.08.28 10:11:03.158,1.40386,1.40408,2.44,1.50
2013.08.28 10:11:03.768,1.40386,1.40409,1.69,1.50
2013.08.28 10:11:04.564,1.40388,1.40409,1.32,1.50
2013.08.28 10:11:04.689,1.40388,1.40409,1.69,1.50
2013.08.28 10:11:05.078,1.40388,1.40408,1.32,1.50
2013.08.28 10:11:05.664,1.40388,1.40406,1.32,1.50
2013.08.28 10:11:08.781,1.40387,1.40406,1.32,1.50
2013.08.28 10:11:11.768,1.40385,1.40406,1.69,1.50
2013.08.28 10:11:12.497,1.40385,1.40406,1.32,1.50
2013.08.28 10:11:12.797,1.40385,1.40406,1.32,1.50
2013.08.28 10:11:13.349,1.40384,1.40403,2.82,1.50
2013.08.28 10:11:16.379,1.40384,1.40403,2.82,3.00
2013.08.28 10:11:16.439,1.40384,1.40399,1.13,1.50
2013.08.28 10:11:16.498,1.4038,1.40399,1.32,1.50
2013.08.28 10:11:18.947,1.40379,1.40399,1.32,1.50
2013.08.28 10:11:19.908,1.40379,1.40399,1.32,1.50
2013.08.28 10:11:20.480,1.40379,1.40399,1.13,2.44
2013.08.28 10:11:21.088,1.40379,1.40399,1.13,2.44
2013.08.28 10:11:22.298,1.40379,1.40399,1.13,2.44
2013.08.28 10:11:24.719,1.40379,1.40397,1.13,1.50
2013.08.28 10:11:25.522,1.40379,1.40397,1.13,1.50
2013.08.28 10:11:28.898,1.40377,1.40396,1.50,1.50
2013.08.28 10:11:29.078,1.40377,1.40395,1.13,1.50
2013.08.28 10:11:29.438,1.40375,1.40393,1.32,2.25
2013.08.28 10:11:30.737,1.40376,1.40395,1.69,1.50
2013.08.28 10:11:33.616,1.40376,1.40395,1.50,1.69
2013.08.28 10:11:36.303,1.40376,1.40394,1.13,1.69
2013.08.28 10:11:36.549,1.40376,1.40395,1.32,1.69
2013.08.28 10:11:37.071,1.40375,1.40397,1.32,1.50
2013.08.28 10:11:37.437,1.40374,1.40394,1.32,1.50
2013.08.28 10:11:38.439,1.40373,1.40394,1.32,1.69
2013.08.28 10:11:40.829,1.40372,1.40394,1.32,2.44
2013.08.28 10:11:40.889,1.40372,1.40394,1.69,3.94
2013.08.28 10:11:41.129,1.40371,1.40392,1.69,1.50
2013.08.28 10:11:42.578,1.40371,1.40389,1.69,1.50
2013.08.28 10:11:43.098,1.4037,1.40389,2.07,2.25
2013.08.28 10:11:43.458,1.40368,1.40385,2.44,1.50
2013.08.28 10:11:44.508,1.40368,1.40385,2.44,1.50
2013.08.28 10:11:48.757,1.40368,1.40385,1.50,1.50
2013.08.28 10:11:50.778,1.40368,1.40385,1.13,1.50
2013.08.28 10:11:54.908,1.40368,1.40385,1.13,1.50
2013.08.28 10:12:04.597,1.40368,1.40384,1.13,1.50
2013.08.28 10:12:05.208,1.40367,1.40385,1.13,3.19
2013.08.28 10:12:06.578,1.40366,1.40382,1.13,1.69
2013.08.28 10:12:08.130,1.40366,1.40378,1.13,1.35
2013.08.28 10:12:08.204,1.40358,1.40374,1.69,1.35
2013.08.28 10:12:08.270,1.40358,1.40374,1.50,2.29
2013.08.28 10:12:08.690,1.40352,1.40374,1.69,1.92
2013.08.28 10:12:08.760,1.40352,1.40375,2.44,3.42
2013.08.28 10:12:08.939,1.40355,1.40375,2.25,1.17
2013.08.28 10:12:09.478,1.40357,1.40378,1.50,2.82
2013.08.28 10:12:13.411,1.40357,1.40377,1.69,1.13
2013.08.28 10:12:13.798,1.40355,1.40378,1.69,1.32
2013.08.28 10:12:16.328,1.40355,1.40377,1.69,1.32
2013.08.28 10:12:16.510,1.40353,1.40374,2.07,1.50
2013.08.28 10:12:16.570,1.40353,1.40374,1.69,2.44
2013.08.28 10:12:16.928,1.40362,1.40375,1.13,1.50
2013.08.28 10:12:17.169,1.40362,1.40381,1.13,2.44
2013.08.28 10:12:18.441,1.40362,1.40383,1.32,2.44
2013.08.28 10:12:19.385,1.40362,1.40383,1.32,2.25
2013.08.28 10:12:23.778,1.40362,1.40385,1.32,2.44
2013.08.28 10:12:23.968,1.40361,1.40385,1.69,2.44
2013.08.28 10:12:24.788,1.40362,1.40384,1.69,2.44
2013.08.28 10:12:26.616,1.40362,1.40384,2.44,2.44
2013.08.28 10:12:30.729,1.40362,1.40384,2.44,1.69
2013.08.28 10:12:34.280,1.40362,1.40384,1.69,1.69
2013.08.28 10:12:36.388,1.40362,1.40381,1.43,1.50
2013.08.28 10:12:37.768,1.40362,1.40381,1.43,2.25
2013.08.28 10:12:38.308,1.40362,1.40381,1.32,1.50
2013.08.28 10:12:38.979,1.40362,1.40381,2.07,1.50
2013.08.28 10:12:39.538,1.40362,1.40381,2.07,1.50
2013.08.28 10:12:41.428,1.40362,1.40384,2.07,1.50
2013.08.28 10:12:43.638,1.40362,1.40382,1.32,1.50
2013.08.28 10:12:43.818,1.40359,1.40379,2.07,1.50
2013.08.28 10:12:49.749,1.40361,1.40379,1.69,1.50
2013.08.28 10:12:53.048,1.40358,1.40379,1.69,1.50
2013.08.28 10:12:53.860,1.40357,1.40377,3.19,1.50
2013.08.28 10:13:02.627,1.40357,1.40379,2.44,1.50
2013.08.28 10:13:05.207,1.40359,1.4038,1.69,2.25
2013.08.28 10:13:07.228,1.4036,1.40381,1.69,1.88
2013.08.28 10:13:07.878,1.4036,1.40379,1.69,1.50
2013.08.28 10:13:08.538,1.4036,1.40379,1.69,1.50
2013.08.28 10:13:08.838,1.40358,1.40378,2.44,1.50
2013.08.28 10:13:11.860,1.40358,1.4038,2.44,2.25
2013.08.28 10:13:16.448,1.40358,1.4038,2.44,2.44
2013.08.28 10:13:18.567,1.40358,1.4038,1.69,3.19
2013.08.28 10:13:19.157,1.40358,1.4038,1.69,2.44
2013.08.28 10:13:24.857,1.40362,1.40383,1.13,2.44
2013.08.28 10:13:28.778,1.40362,1.40382,1.92,1.69
2013.08.28 10:13:29.582,1.40362,1.40383,1.92,1.69
2013.08.28 10:13:34.913,1.40362,1.40384,1.92,1.69
2013.08.28 10:13:35.368,1.40363,1.40385,2.07,1.69
2013.08.28 10:13:35.928,1.40366,1.40383,1.35,1.50
2013.08.28 10:13:38.019,1.40363,1.40383,2.10,2.44
2013.08.28 10:13:38.079,1.4036,1.40381,1.88,2.25
2013.08.28 10:13:38.140,1.4036,1.40379,1.88,1.69
2013.08.28 10:13:38.789,1.40359,1.40375,1.13,1.69
2013.08.28 10:13:39.998,1.40354,1.40374,1.54,1.50
2013.08.28 10:13:46.129,1.40354,1.40374,1.54,2.44
2013.08.28 10:13:49.483,1.40356,1.40375,1.35,2.44
2013.08.28 10:13:49.670,1.40357,1.40378,2.29,1.69
2013.08.28 10:13:49.730,1.40358,1.40379,1.50,1.69
2013.08.28 10:13:49.789,1.40358,1.40379,2.44,1.50
2013.08.28 10:13:50.363,1.40358,1.40381,3.19,2.44
2013.08.28 10:13:52.150,1.40357,1.40376,1.92,2.25
2013.08.28 10:13:52.210,1.40359,1.40376,1.13,2.25
2013.08.28 10:13:52.748,1.40361,1.40378,1.13,1.50
2013.08.28 10:13:52.941,1.40361,1.40381,1.13,1.88
2013.08.28 10:13:55.740,1.40361,1.4038,1.13,1.13
2013.08.28 10:13:58.021,1.40361,1.40381,1.13,2.07
2013.08.28 10:13:59.728,1.40361,1.40381,1.13,1.69
2013.08.28 10:14:03.992,1.40357,1.40379,2.82,1.50
2013.08.28 10:14:04.058,1.40361,1.4038,1.13,2.44
2013.08.28 10:14:04.119,1.40361,1.40378,1.13,1.50
2013.08.28 10:14:04.239,1.40361,1.4038,1.13,1.69
2013.08.28 10:14:04.839,1.40361,1.40382,1.13,2.44
2013.08.28 10:14:05.019,1.40361,1.4038,1.32,1.50
2013.08.28 10:14:06.553,1.4036,1.40379,1.32,1.50
2013.08.28 10:14:07.124,1.4036,1.40378,1.13,1.50
2013.08.28 10:14:08.468,1.40357,1.40378,1.69,1.50
2013.08.28 10:14:09.008,1.40356,1.40375,1.32,1.50
2013.08.28 10:14:09.708,1.40356,1.40375,1.32,1.50
2013.08.28 10:14:10.008,1.40356,1.40376,1.32,2.25
2013.08.28 10:14:10.188,1.40356,1.40375,1.32,1.69
2013.08.28 10:14:10.548,1.40356,1.40375,2.82,1.50
2013.08.28 10:14:10.728,1.40356,1.40378,2.82,2.44
2013.08.28 10:14:11.699,1.4036,1.40378,1.50,1.69
2013.08.28 10:14:12.243,1.4036,1.40381,2.25,1.69
2013.08.28 10:14:16.008,1.40359,1.40379,2.25,1.69
2013.08.28 10:14:16.368,1.40356,1.40378,1.32,1.50
2013.08.28 10:14:19.348,1.40358,1.40379,2.44,1.69
2013.08.28 10:14:19.951,1.40357,1.40379,1.69,2.44
2013.08.28 10:14:21.333,1.40357,1.40379,1.69,1.69
2013.08.28 10:14:21.878,1.40359,1.40382,2.44,3.57
2013.08.28 10:14:22.438,1.40359,1.40382,1.69,4.69
2013.08.28 10:14:22.569,1.40359,1.40382,2.44,4.69
2013.08.28 10:14:28.000,1.40359,1.40379,1.69,1.50
2013.08.28 10:14:28.298,1.40359,1.40381,1.69,1.69
2013.08.28 10:14:34.038,1.40357,1.4038,3.19,2.44
2013.08.28 10:14:37.847,1.40357,1.4038,2.44,3.19
2013.08.28 10:14:39.038,1.40358,1.4038,1.69,2.07
2013.08.28 10:14:43.510,1.40357,1.40377,1.50,1.69
2013.08.28 10:14:43.813,1.40355,1.40373,3.00,1.69
2013.08.28 10:14:43.879,1.40355,1.40373,3.00,1.69
2013.08.28 10:14:44.591,1.40354,1.40373,1.88,1.69
2013.08.28 10:14:54.531,1.40354,1.40373,1.50,1.69
2013.08.28 10:15:01.138,1.4036,1.40375,1.50,1.69
2013.08.28 10:15:01.258,1.40361,1.40379,1.69,1.88
2013.08.28 10:15:01.378,1.40364,1.40381,1.50,1.13
2013.08.28 10:15:01.738,1.40367,1.40381,1.50,1.13
2013.08.28 10:15:01.798,1.40364,1.40381,1.50,1.13
2013.08.28 10:15:01.859,1.40366,1.40381,1.50,1.13
2013.08.28 10:15:02.981,1.40367,1.40381,1.50,1.32
2013.08.28 10:15:08.728,1.40367,1.40382,1.50,1.69
2013.08.28 10:15:09.788,1.40365,1.40382,1.50,1.69
2013.08.28 10:15:11.928,1.40367,1.40384,1.50,2.07
2013.08.28 10:15:12.051,1.40369,1.40384,2.25,1.13
2013.08.28 10:15:12.118,1.4037,1.40384,2.25,1.13
2013.08.28 10:15:12.238,1.40372,1.40391,1.50,1.69
2013.08.28 10:15:12.359,1.40372,1.40395,1.69,3.57
2013.08.28 10:15:13.467,1.40378,1.40395,1.50,2.07
2013.08.28 10:15:14.299,1.40381,1.40395,1.50,2.07
2013.08.28 10:15:15.458,1.40381,1.40395,1.50,1.32
2013.08.28 10:15:16.681,1.40377,1.40395,2.25,1.32
2013.08.28 10:15:16.799,1.4038,1.40395,1.50,1.32
2013.08.28 10:15:22.719,1.4038,1.40399,2.25,2.07
2013.08.28 10:15:23.028,1.40382,1.40399,1.50,1.13
2013.08.28 10:15:23.209,1.40381,1.40399,1.50,2.07
2013.08.28 10:15:24.739,1.40377,1.40397,1.50,1.32
2013.08.28 10:15:24.859,1.40377,1.40397,2.25,1.32
2013.08.28 10:15:26.029,1.40375,1.40395,3.19,1.13
2013.08.28 10:15:26.557,1.40378,1.40395,1.50,1.32
2013.08.28 10:15:27.154,1.40378,1.40399,2.25,1.69
2013.08.28 10:15:27.665,1.4038,1.404,2.25,2.07
2013.08.28 10:15:29.080,1.40379,1.40398,1.50,1.69
2013.08.28 10:15:29.632,1.40379,1.40397,1.50,1.69
2013.08.28 10:15:39.239,1.40379,1.40398,1.50,1.69
2013.08.28 10:15:45.623,1.40375,1.40394,1.69,1.88
2013.08.28 10:15:47.228,1.40375,1.40394,1.50,2.07
2013.08.28 10:15:48.099,1.40375,1.40394,1.50,2.07
2013.08.28 10:15:50.118,1.40374,1.40393,1.50,2.07
2013.08.28 10:15:53.050,1.40374,1.40393,1.50,1.32
2013.08.28 10:15:53.349,1.40374,1.40396,1.50,1.69
2013.08.28 10:15:55.590,1.40377,1.40397,1.50,2.44
2013.08.28 10:15:56.939,1.40377,1.40398,1.50,2.44
2013.08.28 10:15:57.058,1.40377,1.40398,1.50,2.07
2013.08.28 10:15:57.298,1.40378,1.40398,1.50,2.07
2013.08.28 10:15:57.779,1.40379,1.40398,1.50,1.32
2013.08.28 10:15:59.480,1.40379,1.40398,1.50,1.32
2013.08.28 10:15:59.538,1.40377,1.40395,1.50,2.44
2013.08.28 10:15:59.599,1.40375,1.40395,2.25,3.19
2013.08.28 10:15:59.659,1.40375,1.40394,1.50,2.07
2013.08.28 10:15:59.719,1.40372,1.40392,1.50,1.69
2013.08.28 10:15:59.780,1.40371,1.4039,1.50,1.69
2013.08.28 10:15:59.839,1.40367,1.40388,2.44,1.69
2013.08.28 10:15:59.959,1.40367,1.40387,2.07,1.32
2013.08.28 10:16:00.320,1.40364,1.40386,1.69,2.82
2013.08.28 10:16:00.725,1.40364,1.40383,1.69,1.50
2013.08.28 10:16:00.798,1.40362,1.40385,1.69,1.69
2013.08.28 10:16:00.929,1.40363,1.40385,1.69,1.69
2013.08.28 10:16:01.462,1.40363,1.40383,1.69,1.69
2013.08.28 10:16:02.020,1.40363,1.40386,1.69,3.94
2013.08.28 10:16:02.079,1.40363,1.40386,1.69,3.94
2013.08.28 10:16:02.382,1.40361,1.40382,2.44,2.07
2013.08.28 10:16:02.689,1.4036,1.40381,2.07,1.13
2013.08.28 10:16:03.119,1.40361,1.40384,2.44,2.44
2013.08.28 10:16:03.659,1.40362,1.40384,2.44,2.44
2013.08.28 10:16:11.188,1.40364,1.40385,2.25,1.69
2013.08.28 10:16:12.668,1.40364,1.40385,2.25,1.69
2013.08.28 10:16:14.069,1.40362,1.40383,1.50,1.69
2013.08.28 10:16:14.189,1.40361,1.40382,1.69,1.32
2013.08.28 10:16:14.849,1.4036,1.4038,2.07,1.69
2013.08.28 10:16:18.308,1.40358,1.40381,1.69,2.07
2013.08.28 10:16:19.999,1.4036,1.40381,1.69,1.32
2013.08.28 10:16:20.359,1.40357,1.40378,3.19,1.50
2013.08.28 10:16:21.219,1.40357,1.40377,1.69,1.50
2013.08.28 10:16:21.823,1.40357,1.40377,3.00,1.69
2013.08.28 10:16:22.427,1.40357,1.40377,1.50,1.69
2013.08.28 10:16:22.969,1.40358,1.40377,1.50,1.69
2013.08.28 10:16:23.316,1.4036,1.40377,1.50,1.69
2013.08.28 10:16:23.908,1.4036,1.40377,1.50,1.69
2013.08.28 10:16:24.089,1.40359,1.40379,1.50,1.69
2013.08.28 10:16:25.468,1.40356,1.40377,2.82,1.69
2013.08.28 10:16:25.589,1.40354,1.40372,1.69,1.88
2013.08.28 10:16:26.099,1.40352,1.40372,2.44,2.07
2013.08.28 10:16:26.162,1.40352,1.40372,1.69,2.07
2013.08.28 10:16:26.918,1.40352,1.40372,1.50,2.07
2013.08.28 10:16:27.448,1.40352,1.40372,1.50,2.07
2013.08.28 10:16:28.205,1.40352,1.40372,1.50,2.07
2013.08.28 10:16:28.862,1.40352,1.40372,1.50,2.07
2013.08.28 10:16:29.934,1.40352,1.40372,1.50,2.07
2013.08.28 10:16:30.498,1.40352,1.40372,2.25,2.07
2013.08.28 10:16:31.151,1.40353,1.40369,1.50,1.13
2013.08.28 10:16:31.775,1.40354,1.40371,2.25,1.13
2013.08.28 10:16:33.919,1.40353,1.40371,1.50,1.13
2013.08.28 10:16:34.499,1.40353,1.40371,1.50,1.13
2013.08.28 10:16:35.131,1.40354,1.40375,1.50,1.69
2013.08.28 10:16:37.099,1.40356,1.40375,1.50,1.69
2013.08.28 10:16:41.929,1.40355,1.40375,2.25,1.32
2013.08.28 10:16:45.178,1.40354,1.40375,1.69,1.32
2013.08.28 10:16:46.148,1.40352,1.40375,1.69,2.07
2013.08.28 10:16:46.269,1.40351,1.40373,2.44,1.50
2013.08.28 10:16:46.391,1.40351,1.40373,1.69,1.69
2013.08.28 10:16:46.926,1.40351,1.40373,1.69,1.69
2013.08.28 10:16:47.950,1.40351,1.40373,1.69,1.69
2013.08.28 10:16:49.938,1.40351,1.40374,1.69,2.44
2013.08.28 10:16:53.020,1.40351,1.40373,1.69,1.69
2013.08.28 10:16:53.678,1.40352,1.40373,1.69,1.69
2013.08.28 10:16:54.668,1.40352,1.40373,1.69,1.69
2013.08.28 10:16:56.310,1.40351,1.40372,3.19,1.69
2013.08.28 10:16:56.608,1.40349,1.4037,2.44,1.50
2013.08.28 10:16:57.279,1.40349,1.40369,1.69,1.13
2013.08.28 10:16:58.853,1.4035,1.40369,1.50,2.07
2013.08.28 10:16:59.369,1.4035,1.40368,1.50,1.32
2013.08.28 10:16:59.738,1.40349,1.40368,1.50,1.32
2013.08.28 10:16:59.798,1.40347,1.40368,1.69,1.32
2013.08.28 10:17:01.598,1.40345,1.40367,2.44,3.19
2013.08.28 10:17:01.898,1.40343,1.40363,1.50,1.69
2013.08.28 10:17:02.199,1.40338,1.40355,1.50,1.32
2013.08.28 10:17:02.258,1.40336,1.40355,1.50,1.32
2013.08.28 10:17:02.818,1.40336,1.40355,2.25,1.32
2013.08.28 10:17:03.634,1.40338,1.40356,1.50,1.32
2013.08.28 10:17:05.993,1.40337,1.40355,1.50,1.13
2013.08.28 10:17:06.061,1.40336,1.40355,1.50,1.32
2013.08.28 10:17:06.128,1.40334,1.40353,1.50,1.69
2013.08.28 10:17:06.249,1.40333,1.40355,2.25,2.82
2013.08.28 10:17:06.430,1.40334,1.40355,1.50,1.32
2013.08.28 10:17:06.851,1.40336,1.40355,1.69,1.32
2013.08.28 10:17:09.282,1.40336,1.40355,1.50,1.32
2013.08.28 10:17:09.411,1.40337,1.40355,2.25,1.32
2013.08.28 10:17:09.739,1.40339,1.40355,1.50,1.32
2013.08.28 10:17:10.042,1.40337,1.40355,1.50,1.32
2013.08.28 10:17:12.288,1.40336,1.40355,2.25,1.32
2013.08.28 10:17:14.278,1.40336,1.40355,2.25,1.32
2013.08.28 10:17:14.579,1.40333,1.40354,1.50,1.69
2013.08.28 10:17:14.699,1.40336,1.40354,1.50,1.69
2013.08.28 10:17:15.942,1.40336,1.40352,1.50,1.50
2013.08.28 10:17:17.094,1.40336,1.40352,1.50,1.50
2013.08.28 10:17:17.649,1.40336,1.40353,1.50,1.69
2013.08.28 10:17:17.950,1.40339,1.40353,1.50,1.50
2013.08.28 10:17:19.000,1.40338,1.40354,1.50,1.69
2013.08.28 10:17:19.735,1.40338,1.40354,1.50,1.69
2013.08.28 10:17:26.178,1.40336,1.40352,1.50,1.69
2013.08.28 10:17:26.359,1.40336,1.40352,1.50,1.69
2013.08.28 10:17:26.598,1.40332,1.40346,1.50,1.50
2013.08.28 10:17:26.719,1.4033,1.40341,1.50,1.50
2013.08.28 10:17:26.839,1.40327,1.40342,1.50,1.50
2013.08.28 10:17:30.189,1.40326,1.40342,1.50,1.50
2013.08.28 10:17:30.873,1.40325,1.40341,1.50,1.50
2013.08.28 10:17:31.388,1.40325,1.40342,1.50,1.50
2013.08.28 10:17:32.108,1.40325,1.4034,1.50,1.50
2013.08.28 10:17:32.858,1.40324,1.4034,1.50,1.50
2013.08.28 10:17:33.318,1.40325,1.4034,1.50,1.50
2013.08.28 10:17:33.930,1.40327,1.40341,1.50,1.50
2013.08.28 10:17:34.369,1.40327,1.40344,1.50,1.50
2013.08.28 10:17:35.698,1.40331,1.40345,1.50,1.50
2013.08.28 10:17:36.285,1.4033,1.40345,1.50,1.50
2013.08.28 10:17:36.600,1.40331,1.40345,1.50,1.50
2013.08.28 10:17:37.289,1.40334,1.40345,1.50,1.13
2013.08.28 10:17:37.856,1.40336,1.40345,1.50,1.13
2013.08.28 10:17:37.921,1.40337,1.40354,1.50,2.07
2013.08.28 10:17:38.169,1.40337,1.40351,1.50,1.50
2013.08.28 10:17:38.348,1.40334,1.4035,1.50,1.50
2013.08.28 10:17:40.869,1.40334,1.4035,1.50,1.50
2013.08.28 10:17:41.192,1.40336,1.40354,1.50,2.44
2013.08.28 10:17:41.262,1.40337,1.40354,1.13,2.25
2013.08.28 10:17:41.570,1.40338,1.40354,1.13,1.50
2013.08.28 10:17:41.689,1.40337,1.40355,1.13,1.32
2013.08.28 10:17:41.868,1.40337,1.40354,1.13,1.50
2013.08.28 10:17:42.921,1.40331,1.4035,1.32,1.50
2013.08.28 10:17:43.478,1.40332,1.4035,1.69,1.50
2013.08.28 10:17:44.569,1.40334,1.40355,2.25,1.32
2013.08.28 10:17:44.749,1.40334,1.40356,2.44,1.50
2013.08.28 10:17:44.868,1.40335,1.40356,1.69,1.50
2013.08.28 10:17:45.228,1.40333,1.40353,1.69,1.50
2013.08.28 10:17:45.818,1.40333,1.40353,1.69,1.50
2013.08.28 10:17:46.668,1.40333,1.40353,1.69,1.50
2013.08.28 10:17:52.249,1.40333,1.40353,2.44,1.50
2013.08.28 10:17:54.709,1.40335,1.40353,1.50,1.69
2013.08.28 10:17:54.770,1.40333,1.40353,1.69,1.69
2013.08.28 10:17:55.413,1.40332,1.40353,1.69,1.69
2013.08.28 10:17:56.578,1.40332,1.40353,1.69,1.50
2013.08.28 10:18:05.259,1.40332,1.40353,1.69,1.69
2013.08.28 10:18:05.886,1.40331,1.40353,2.44,1.69
2013.08.28 10:18:09.019,1.40331,1.40352,2.44,1.69
2013.08.28 10:18:11.788,1.40331,1.40354,2.44,2.82
2013.08.28 10:18:12.898,1.40331,1.40353,2.44,2.44
2013.08.28 10:18:16.129,1.40332,1.40354,1.50,2.07
2013.08.28 10:18:16.998,1.40332,1.40354,1.88,2.82
2013.08.28 10:18:17.303,1.40338,1.40356,1.50,1.88
2013.08.28 10:18:17.550,1.4034,1.4036,2.44,2.25
2013.08.28 10:18:17.669,1.4034,1.40363,2.44,3.19
2013.08.28 10:18:17.791,1.40339,1.40359,2.82,1.69
2013.08.28 10:18:18.150,1.40341,1.40351,1.50,1.92
2013.08.28 10:18:18.570,1.40342,1.40351,1.50,1.92
2013.08.28 10:18:18.989,1.40339,1.40351,1.50,1.92
2013.08.28 10:18:19.148,1.40339,1.4035,1.50,1.02
2013.08.28 10:18:19.209,1.40329,1.4035,1.69,1.02
2013.08.28 10:18:19.448,1.40329,1.4035,1.69,1.02
2013.08.28 10:18:19.628,1.4033,1.4035,1.69,1.02
2013.08.28 10:18:20.158,1.40329,1.40349,1.69,1.02
2013.08.28 10:18:20.458,1.40331,1.40349,1.50,1.02
2013.08.28 10:18:20.959,1.40332,1.40349,1.50,1.02
2013.08.28 10:18:22.598,1.40332,1.40352,1.50,1.47
2013.08.28 10:18:22.719,1.40334,1.40355,1.69,2.07
2013.08.28 10:18:22.779,1.40336,1.40355,1.50,1.32
2013.08.28 10:18:23.138,1.40336,1.40351,1.50,1.28
2013.08.28 10:18:23.259,1.40336,1.40351,1.50,1.28
2013.08.28 10:18:23.319,1.40332,1.40351,1.69,1.28
2013.08.28 10:18:24.888,1.40338,1.40351,1.50,1.13
2013.08.28 10:18:25.189,1.4034,1.40351,1.50,1.13
2013.08.28 10:18:25.368,1.40336,1.40351,3.19,1.13
2013.08.28 10:18:25.428,1.40336,1.40351,2.44,1.13
2013.08.28 10:18:25.488,1.40337,1.40354,1.50,1.13
2013.08.28 10:18:25.608,1.40339,1.40358,1.13,1.32
2013.08.28 10:18:25.668,1.40341,1.40361,1.69,1.69
2013.08.28 10:18:26.208,1.40342,1.40363,2.25,1.69
2013.08.28 10:18:29.349,1.40342,1.40365,2.25,2.82
2013.08.28 10:18:33.093,1.40343,1.40365,1.50,1.32
2013.08.28 10:18:33.280,1.40347,1.40367,1.69,1.32
2013.08.28 10:18:33.819,1.40348,1.40366,1.50,2.07
2013.08.28 10:18:34.179,1.4035,1.40365,1.50,1.32
2013.08.28 10:18:34.239,1.40346,1.40365,1.50,1.32
2013.08.28 10:18:34.779,1.40348,1.40364,1.50,1.69
2013.08.28 10:18:34.899,1.40344,1.40362,1.13,1.69
2013.08.28 10:18:34.960,1.40343,1.40362,1.50,2.44
2013.08.28 10:18:35.780,1.40343,1.40362,1.50,2.44
2013.08.28 10:18:39.089,1.40346,1.40359,1.50,1.69
2013.08.28 10:18:39.748,1.40346,1.40363,1.50,2.44
2013.08.28 10:18:40.178,1.40343,1.40362,1.50,1.69
2013.08.28 10:18:40.598,1.40343,1.40361,1.50,1.69
2013.08.28 10:18:42.120,1.40343,1.4036,2.25,1.32
2013.08.28 10:18:42.239,1.40342,1.40358,2.25,1.69
2013.08.28 10:18:42.360,1.40338,1.40356,2.10,1.50
2013.08.28 10:18:42.419,1.4034,1.40358,1.50,1.69
2013.08.28 10:18:42.659,1.40343,1.40362,2.25,1.32
2013.08.28 10:18:42.959,1.40348,1.40365,1.88,2.07
2013.08.28 10:18:43.019,1.40348,1.40368,2.07,1.50
2013.08.28 10:18:43.079,1.40353,1.40369,1.50,1.50
2013.08.28 10:18:43.198,1.40353,1.40369,1.50,1.50
2013.08.28 10:18:43.378,1.40353,1.40368,1.50,1.50
2013.08.28 10:18:43.558,1.40353,1.40369,1.50,1.50
2013.08.28 10:18:43.799,1.40353,1.40372,1.50,1.69
2013.08.28 10:18:44.350,1.40353,1.40373,1.50,1.69
2013.08.28 10:18:44.858,1.40353,1.40373,1.50,1.69
2013.08.28 10:18:45.591,1.40355,1.40373,1.50,1.69
2013.08.28 10:18:45.667,1.40349,1.40371,3.00,1.69
2013.08.28 10:18:46.279,1.4035,1.40369,1.50,1.69
2013.08.28 10:18:46.789,1.40348,1.40365,1.88,1.69
2013.08.28 10:18:46.849,1.40348,1.40365,1.88,1.69
2013.08.28 10:18:47.391,1.40345,1.40365,1.50,1.69
2013.08.28 10:18:47.709,1.40347,1.40365,1.50,1.69
2013.08.28 10:18:48.048,1.40349,1.40366,1.50,1.32
2013.08.28 10:18:51.759,1.40349,1.40368,1.50,2.07
2013.08.28 10:18:52.298,1.40351,1.40368,1.50,2.07
2013.08.28 10:18:53.479,1.40351,1.40368,2.25,1.32
2013.08.28 10:18:54.339,1.40351,1.4037,2.25,1.32
2013.08.28 10:18:54.398,1.40351,1.40368,1.50,1.13
2013.08.28 10:18:54.640,1.40349,1.40368,1.50,1.13
2013.08.28 10:18:57.868,1.40349,1.40368,1.50,1.13
2013.08.28 10:18:58.431,1.40349,1.40368,1.50,1.13
2013.08.28 10:19:01.830,1.40351,1.40368,1.50,1.32
2013.08.28 10:19:02.011,1.40352,1.40373,2.25,2.07
2013.08.28 10:19:02.070,1.40354,1.40375,2.25,1.32
2013.08.28 10:19:02.369,1.40357,1.40374,1.50,1.69
2013.08.28 10:19:02.732,1.40357,1.4037,1.50,1.50
2013.08.28 10:19:02.860,1.4035,1.40367,1.32,1.50
2013.08.28 10:19:03.098,1.4035,1.40371,1.32,2.25
2013.08.28 10:19:03.610,1.4035,1.40372,1.32,1.50
2013.08.28 10:19:03.669,1.4035,1.40374,2.82,2.44
2013.08.28 10:19:04.259,1.4035,1.40374,3.94,2.44
2013.08.28 10:19:04.941,1.40354,1.40376,1.50,2.07
2013.08.28 10:19:09.390,1.40357,1.40376,1.13,1.32
2013.08.28 10:19:09.450,1.40358,1.40378,1.13,2.07
2013.08.28 10:19:09.963,1.40359,1.40381,2.44,1.32
2013.08.28 10:19:10.779,1.40359,1.40381,2.44,1.32
2013.08.28 10:19:11.200,1.40358,1.40376,1.69,1.13
2013.08.28 10:19:11.321,1.40359,1.40378,2.44,1.13
2013.08.28 10:19:11.393,1.40363,1.40382,1.13,1.69
2013.08.28 10:19:11.699,1.40363,1.40382,1.13,1.69
2013.08.28 10:19:11.759,1.40363,1.40382,1.88,1.69
2013.08.28 10:19:12.002,1.40363,1.40381,1.88,1.69
2013.08.28 10:19:12.558,1.40361,1.40378,1.32,1.50
2013.08.28 10:19:13.198,1.40361,1.40378,1.32,1.50
2013.08.28 10:19:13.748,1.40361,1.40379,1.13,1.69
2013.08.28 10:19:13.989,1.40362,1.4038,1.13,1.50
2013.08.28 10:19:14.052,1.40364,1.40381,1.13,1.50
2013.08.28 10:19:14.478,1.40365,1.40387,1.32,1.50
2013.08.28 10:19:15.500,1.40363,1.40387,3.57,3.00
2013.08.28 10:19:16.176,1.40363,1.40387,3.57,3.00
2013.08.28 10:19:16.854,1.40363,1.40387,3.57,3.00
2013.08.28 10:19:18.978,1.40363,1.40387,3.57,3.00
2013.08.28 10:19:19.869,1.40363,1.40387,3.57,3.00
2013.08.28 10:19:20.109,1.40363,1.40386,3.57,2.10
2013.08.28 10:19:20.688,1.40363,1.40384,2.82,2.25
2013.08.28 10:19:21.223,1.40364,1.40385,2.44,1.50
2013.08.28 10:19:23.446,1.40364,1.40386,2.44,2.29
2013.08.28 10:19:23.818,1.40364,1.40386,2.82,1.69
2013.08.28 10:19:25.819,1.40364,1.40387,2.82,3.00
2013.08.28 10:19:26.494,1.40364,1.40385,2.44,1.35
2013.08.28 10:19:31.158,1.40364,1.40386,2.44,1.50
2013.08.28 10:19:32.137,1.40364,1.40386,3.19,1.50
2013.08.28 10:19:34.969,1.40364,1.40385,1.69,2.25
2013.08.28 10:19:36.289,1.40367,1.40386,2.25,1.50
2013.08.28 10:19:36.351,1.40368,1.40386,1.50,1.50
2013.08.28 10:19:36.410,1.40367,1.40385,1.50,1.69
2013.08.28 10:19:36.648,1.40363,1.40385,1.88,2.44
2013.08.28 10:19:36.710,1.40364,1.40384,1.69,1.69
2013.08.28 10:19:36.890,1.40365,1.40386,1.69,2.44
2013.08.28 10:19:38.168,1.40365,1.40384,2.44,1.69
2013.08.28 10:19:38.228,1.40365,1.40384,1.69,1.69
2013.08.28 10:19:38.591,1.40364,1.40384,1.69,1.69
2013.08.28 10:19:38.779,1.40362,1.40382,1.32,1.50
2013.08.28 10:19:39.288,1.4036,1.40381,1.32,1.50
2013.08.28 10:19:39.589,1.40363,1.40385,2.07,1.50
2013.08.28 10:19:39.710,1.40365,1.40385,2.44,1.50
2013.08.28 10:19:40.409,1.40367,1.40387,1.69,1.50
2013.08.28 10:19:40.469,1.40367,1.40389,2.44,2.07
2013.08.28 10:19:40.591,1.40366,1.40388,1.69,1.69
2013.08.28 10:19:40.709,1.40367,1.40385,1.69,1.50
2013.08.28 10:19:41.248,1.40366,1.40385,1.69,1.50
2013.08.28 10:19:41.837,1.40366,1.40386,1.69,1.50
2013.08.28 10:19:43.499,1.40366,1.40385,1.69,1.50
2013.08.28 10:19:44.098,1.40366,1.40385,1.69,1.50
2013.08.28 10:19:44.578,1.40365,1.40385,2.82,1.50
2013.08.28 10:19:44.929,1.40365,1.40385,2.82,1.50
2013.08.28 10:19:45.108,1.40365,1.40385,2.82,1.50
2013.08.28 10:19:45.808,1.40365,1.40384,2.07,1.50
2013.08.28 10:19:45.931,1.40365,1.40384,2.07,1.50
2013.08.28 10:19:46.478,1.40365,1.40384,2.07,1.50
2013.08.28 10:19:47.060,1.40365,1.40384,2.07,1.50
2013.08.28 10:19:47.631,1.40365,1.40384,2.07,1.50
2013.08.28 10:19:48.026,1.40365,1.40384,1.13,1.69
2013.08.28 10:19:48.569,1.40361,1.40381,1.69,1.50
2013.08.28 10:19:48.809,1.4036,1.4038,2.25,1.69
2013.08.28 10:19:49.277,1.4036,1.40379,1.13,1.69
2013.08.28 10:19:49.796,1.4036,1.40379,1.13,1.69
2013.08.28 10:19:50.474,1.4036,1.40379,1.13,1.69
2013.08.28 10:19:51.259,1.4036,1.40379,1.32,1.50
2013.08.28 10:19:52.901,1.40362,1.40379,1.50,1.50
2013.08.28 10:19:54.040,1.40362,1.40382,1.50,2.44
2013.08.28 10:19:57.288,1.40362,1.40382,1.50,1.69
2013.08.28 10:19:58.080,1.40362,1.40382,1.13,1.69
2013.08.28 10:20:00.400,1.4036,1.40383,5.44,1.69
2013.08.28 10:20:00.578,1.40362,1.40382,1.50,1.69
2013.08.28 10:20:03.894,1.40362,1.40384,1.69,1.69
2013.08.28 10:20:04.018,1.40363,1.40384,1.32,1.69
2013.08.28 10:20:04.138,1.40366,1.40386,1.32,1.50
2013.08.28 10:20:04.198,1.40367,1.40386,1.50,1.50
2013.08.28 10:20:04.769,1.40367,1.40386,1.50,1.50
2013.08.28 10:20:05.228,1.40365,1.40386,2.07,1.50
2013.08.28 10:20:05.810,1.40363,1.40384,2.44,1.50
2013.08.28 10:20:07.310,1.40363,1.40384,2.44,1.50
2013.08.28 10:20:07.873,1.40363,1.40384,2.44,1.50
2013.08.28 10:20:08.001,1.40363,1.40384,2.29,1.50
2013.08.28 10:20:08.359,1.40359,1.40381,1.54,3.19
2013.08.28 10:20:08.419,1.40359,1.40381,2.52,2.44
2013.08.28 10:20:08.869,1.40361,1.40382,1.35,2.44
2013.08.28 10:20:09.409,1.40361,1.40382,2.10,1.69
2013.08.28 10:20:11.088,1.40362,1.40383,1.84,1.69
2013.08.28 10:20:12.558,1.40362,1.40383,1.84,1.69
2013.08.28 10:20:13.400,1.40362,1.40383,1.84,1.69
2013.08.28 10:20:14.208,1.40362,1.40383,1.84,1.69
2013.08.28 10:20:14.749,1.40362,1.40383,1.84,1.69
2013.08.28 10:20:15.269,1.40362,1.40383,1.65,1.69
2013.08.28 10:20:15.890,1.40362,1.40383,1.65,1.69
2013.08.28 10:20:16.409,1.40362,1.40383,1.84,1.50
2013.08.28 10:20:16.528,1.40363,1.40384,1.69,1.50
2013.08.28 10:20:16.769,1.40368,1.40387,1.50,2.07
2013.08.28 10:20:17.818,1.40368,1.40387,1.50,2.07
2013.08.28 10:20:18.377,1.40368,1.40387,1.69,1.13
2013.08.28 10:20:19.120,1.40368,1.40387,1.69,1.88
2013.08.28 10:20:19.683,1.40368,1.40387,1.69,1.88
2013.08.28 10:20:21.654,1.40367,1.40387,1.84,1.88
2013.08.28 10:20:22.838,1.40367,1.40387,1.84,1.88
2013.08.28 10:20:23.789,1.40367,1.40387,1.84,1.88
2013.08.28 10:20:23.849,1.40367,1.40387,1.84,1.88
2013.08.28 10:20:24.423,1.40365,1.40387,1.09,2.82
2013.08.28 10:20:24.929,1.40366,1.40387,1.09,2.82
2013.08.28 10:20:27.029,1.40367,1.40387,2.40,1.88
2013.08.28 10:20:28.412,1.40367,1.40387,2.40,1.88
2013.08.28 10:20:29.238,1.40367,1.40387,2.40,1.88
2013.08.28 10:20:30.151,1.40367,1.40386,2.03,1.50
2013.08.28 10:20:30.688,1.40363,1.40382,1.32,1.50
2013.08.28 10:20:31.679,1.40363,1.40382,1.13,3.19
2013.08.28 10:20:33.409,1.40361,1.40379,1.80,3.00
2013.08.28 10:20:33.948,1.40361,1.4038,1.84,1.69
2013.08.28 10:20:34.488,1.40362,1.40381,1.28,1.69
2013.08.28 10:20:35.911,1.40363,1.40382,1.28,1.69
2013.08.28 10:20:36.533,1.40363,1.40382,1.20,1.69
2013.08.28 10:20:37.198,1.40362,1.40382,1.20,1.69
2013.08.28 10:20:37.765,1.40362,1.40382,1.28,1.69
2013.08.28 10:20:40.261,1.40361,1.4038,1.69,1.69
2013.08.28 10:20:40.689,1.40366,1.40386,1.32,1.50
2013.08.28 10:20:40.809,1.40367,1.40389,2.25,2.44
2013.08.28 10:20:40.868,1.4037,1.40388,1.50,1.69
2013.08.28 10:20:42.868,1.40368,1.4039,1.69,1.69
2013.08.28 10:20:45.479,1.40367,1.40387,1.69,1.50
2013.08.28 10:20:46.160,1.40369,1.40389,1.69,1.69
2013.08.28 10:20:50.308,1.4037,1.40389,1.50,1.69
2013.08.28 10:20:50.489,1.40371,1.40393,1.69,1.69
2013.08.28 10:20:50.608,1.40371,1.40393,1.69,1.69
2013.08.28 10:20:50.669,1.40372,1.40393,1.50,1.69
2013.08.28 10:20:50.788,1.40372,1.40393,1.50,1.69
2013.08.28 10:20:51.539,1.40372,1.40392,1.50,1.69
2013.08.28 10:20:51.659,1.40369,1.40392,1.69,2.44
2013.08.28 10:20:55.918,1.40369,1.40391,1.69,1.69
2013.08.28 10:20:57.609,1.40367,1.40388,1.69,2.25
2013.08.28 10:20:57.730,1.40366,1.40387,2.07,1.69
2013.08.28 10:20:58.089,1.40367,1.40389,1.69,1.69
2013.08.28 10:20:58.650,1.40369,1.40388,1.50,1.69
2013.08.28 10:21:02.374,1.40369,1.40388,1.69,1.69
2013.08.28 10:21:03.171,1.40365,1.40388,2.07,1.69
2013.08.28 10:21:03.755,1.40365,1.40387,2.82,1.69
2013.08.28 10:21:04.329,1.40366,1.40387,2.82,1.69
2013.08.28 10:21:06.268,1.40368,1.40387,1.50,1.69
2013.08.28 10:21:06.902,1.40367,1.40387,1.50,1.69
2013.08.28 10:21:13.860,1.40367,1.40388,1.69,1.69
2013.08.28 10:21:17.177,1.40366,1.40388,1.69,1.69
2013.08.28 10:21:20.029,1.40364,1.40387,1.88,2.44
2013.08.28 10:21:27.159,1.40364,1.40385,2.07,1.69
2013.08.28 10:21:27.774,1.40364,1.40385,2.07,1.69
2013.08.28 10:21:29.239,1.40364,1.40385,2.07,1.69
2013.08.28 10:21:29.807,1.40364,1.40385,2.07,1.69
2013.08.28 10:21:30.299,1.40364,1.40385,2.07,1.69
2013.08.28 10:21:31.259,1.40361,1.40383,2.07,2.25
2013.08.28 10:21:31.436,1.40361,1.40383,2.07,1.50
2013.08.28 10:21:31.737,1.40361,1.40383,1.32,1.69
2013.08.28 10:21:32.040,1.4036,1.40382,2.07,1.50
2013.08.28 10:21:32.399,1.40359,1.40379,1.32,2.25
2013.08.28 10:21:32.759,1.40357,1.40375,1.32,1.50
2013.08.28 10:21:33.839,1.40354,1.40375,1.69,2.25
2013.08.28 10:21:33.959,1.40352,1.40374,1.69,1.50
2013.08.28 10:21:34.929,1.40352,1.40375,1.69,2.44
2013.08.28 10:21:35.058,1.40353,1.40375,1.69,1.69
2013.08.28 10:21:38.288,1.40354,1.40375,1.69,1.50
2013.08.28 10:21:40.649,1.40357,1.40376,1.69,1.69
2013.08.28 10:21:40.769,1.40361,1.4038,1.69,1.32
2013.08.28 10:21:40.948,1.40365,1.40383,1.13,2.07
2013.08.28 10:21:41.009,1.40365,1.40385,2.07,1.50
2013.08.28 10:21:41.572,1.40365,1.40385,1.32,1.50
2013.08.28 10:21:41.881,1.40364,1.40385,1.32,1.50
2013.08.28 10:21:42.359,1.40367,1.40391,1.69,3.19
2013.08.28 10:21:42.898,1.40369,1.40391,1.50,2.44
2013.08.28 10:21:43.490,1.4037,1.40391,1.50,1.69
2013.08.28 10:21:43.610,1.4037,1.40391,1.50,1.69
2013.08.28 10:21:44.389,1.4037,1.40391,1.50,3.19
2013.08.28 10:21:44.510,1.40369,1.40391,1.50,3.94
2013.08.28 10:21:44.570,1.40366,1.40388,2.07,1.69
2013.08.28 10:21:45.109,1.40366,1.40387,1.32,1.50
2013.08.28 10:21:45.288,1.40367,1.40389,1.69,3.19
2013.08.28 10:21:48.260,1.40366,1.40388,2.07,1.69
2013.08.28 10:21:48.438,1.40366,1.40387,1.13,1.69
2013.08.28 10:21:49.438,1.40366,1.40387,1.88,2.44
2013.08.28 10:21:50.278,1.40366,1.40388,1.88,2.82
2013.08.28 10:21:51.098,1.40367,1.40386,1.05,1.69
2013.08.28 10:21:51.659,1.40368,1.40389,1.05,2.44
2013.08.28 10:21:52.331,1.40367,1.40388,1.24,2.44
2013.08.28 10:21:55.585,1.40366,1.40387,1.13,3.19
2013.08.28 10:21:55.891,1.40362,1.40383,1.13,2.44
2013.08.28 10:21:55.953,1.40359,1.40383,2.44,3.19
2013.08.28 10:21:56.620,1.40361,1.40382,1.69,1.50
2013.08.28 10:21:57.039,1.40363,1.40385,1.69,2.82
2013.08.28 10:21:57.590,1.40363,1.40385,2.44,1.32
2013.08.28 10:22:02.588,1.40365,1.40387,1.69,2.82
2013.08.28 10:22:03.128,1.40367,1.40387,1.50,1.32
2013.08.28 10:22:07.159,1.40365,1.40385,2.44,1.88
2013.08.28 10:22:07.279,1.40364,1.40385,1.69,2.07
2013.08.28 10:22:07.770,1.40361,1.40383,1.50,1.69
2013.08.28 10:22:10.568,1.4036,1.40381,1.50,1.69
2013.08.28 10:22:11.100,1.4036,1.40379,1.50,1.13
2013.08.28 10:22:11.458,1.40358,1.40376,1.50,1.13
2013.08.28 10:22:20.849,1.40359,1.40378,1.50,1.32
2013.08.28 10:22:21.389,1.40361,1.40379,2.25,1.13
2013.08.28 10:22:21.919,1.40363,1.40379,1.50,1.13
2013.08.28 10:22:23.420,1.4036,1.40376,1.50,1.13
2013.08.28 10:22:23.699,1.4036,1.4038,1.50,1.32
2013.08.28 10:22:23.759,1.4036,1.4038,1.50,1.32
2013.08.28 10:22:26.825,1.40363,1.40382,1.50,2.82
2013.08.28 10:22:28.278,1.40363,1.40383,1.50,1.32
2013.08.28 10:22:33.048,1.40363,1.40381,1.50,1.69
2013.08.28 10:22:41.043,1.40363,1.40382,1.50,1.69
2013.08.28 10:22:42.889,1.40363,1.40382,1.50,1.69
2013.08.28 10:22:43.009,1.40357,1.40373,1.88,1.88
2013.08.28 10:22:43.129,1.40355,1.40372,1.50,1.69
2013.08.28 10:22:43.530,1.40353,1.40368,1.69,1.35
2013.08.28 10:22:43.607,1.40347,1.40367,1.50,2.44
2013.08.28 10:22:45.108,1.40345,1.40367,1.50,3.19
2013.08.28 10:22:50.210,1.40348,1.40366,1.13,1.50
2013.08.28 10:22:50.270,1.40348,1.40367,1.88,1.69
2013.08.28 10:22:50.390,1.40348,1.40368,1.50,1.54
2013.08.28 10:22:52.998,1.40347,1.40366,1.69,1.54
2013.08.28 10:22:53.538,1.40345,1.40364,2.25,1.54
2013.08.28 10:22:53.600,1.40345,1.40364,1.50,1.54
2013.08.28 10:22:57.129,1.40344,1.40364,2.82,2.85
2013.08.28 10:22:57.310,1.40346,1.40367,1.32,1.50
2013.08.28 10:22:59.243,1.4035,1.40368,1.13,1.50
2013.08.28 10:22:59.773,1.40351,1.4037,1.13,2.44
2013.08.28 10:23:01.546,1.40351,1.4037,1.13,1.69
2013.08.28 10:23:02.099,1.40351,1.40369,1.13,1.69
2013.08.28 10:23:02.459,1.40339,1.40355,3.38,1.54
2013.08.28 10:23:02.519,1.40339,1.40355,1.50,1.54
2013.08.28 10:23:02.579,1.40339,1.40355,1.50,1.54
2013.08.28 10:23:02.879,1.40332,1.40355,1.69,1.54
2013.08.28 10:23:03.058,1.40331,1.40353,2.44,1.17
2013.08.28 10:23:07.490,1.4033,1.40352,2.44,1.50
2013.08.28 10:23:13.499,1.4033,1.40352,2.44,1.69
2013.08.28 10:23:20.459,1.40332,1.40353,1.50,1.69
2013.08.28 10:23:22.399,1.40334,1.40353,1.50,1.73
2013.08.28 10:23:22.458,1.40333,1.40353,1.69,1.73
2013.08.28 10:23:26.860,1.40333,1.40353,1.69,1.73
2013.08.28 10:23:34.284,1.40333,1.40352,1.50,1.13
2013.08.28 10:23:39.162,1.40333,1.40354,1.69,1.69
2013.08.28 10:23:39.230,1.40333,1.40355,3.19,1.32
2013.08.28 10:23:39.589,1.40338,1.40357,2.44,1.13
2013.08.28 10:23:40.282,1.40338,1.40357,2.44,1.13
2013.08.28 10:23:40.399,1.40339,1.4036,1.69,1.69
2013.08.28 10:23:41.128,1.4034,1.4036,1.50,1.69
2013.08.28 10:23:43.890,1.4034,1.40361,2.25,1.32
2013.08.28 10:23:44.250,1.40342,1.40365,2.44,2.44
2013.08.28 10:23:45.509,1.40344,1.40366,1.69,1.69
2013.08.28 10:23:45.569,1.40344,1.40367,2.25,1.69
2013.08.28 10:23:45.629,1.40345,1.40369,2.25,2.82
2013.08.28 10:23:45.999,1.40347,1.4037,1.69,1.69
2013.08.28 10:23:47.739,1.40347,1.40367,2.44,1.32
2013.08.28 10:23:52.110,1.40347,1.40367,1.69,2.07
2013.08.28 10:23:52.665,1.4035,1.40367,1.50,1.32
2013.08.28 10:23:53.231,1.40347,1.40367,1.69,1.32
2013.08.28 10:23:56.549,1.40346,1.40367,1.69,1.13
2013.08.28 10:23:59.652,1.40346,1.40368,1.69,1.69
2013.08.28 10:24:00.510,1.40346,1.40368,1.69,1.69
2013.08.28 10:24:01.920,1.40345,1.40368,1.69,1.69
2013.08.28 10:24:03.519,1.40346,1.40369,2.44,1.69
2013.08.28 10:24:07.119,1.40346,1.40369,1.50,2.82
2013.08.28 10:24:08.887,1.40345,1.40369,2.44,3.57
2013.08.28 10:24:09.434,1.40345,1.40368,2.44,1.69
2013.08.28 10:24:13.779,1.40345,1.40369,2.44,3.57
2013.08.28 10:24:16.275,1.40345,1.40368,1.69,1.69
2013.08.28 10:24:25.710,1.40345,1.40369,2.44,3.57
2013.08.28 10:24:25.832,1.40345,1.40369,3.19,3.57
2013.08.28 10:24:26.334,1.40345,1.40369,2.44,3.57
2013.08.28 10:24:29.110,1.40346,1.40368,1.69,1.24
2013.08.28 10:24:33.418,1.40343,1.40366,2.44,2.07
2013.08.28 10:24:33.899,1.40342,1.40364,2.44,1.69
2013.08.28 10:24:34.078,1.40342,1.40364,1.69,1.69
2013.08.28 10:24:34.532,1.40342,1.40364,1.69,1.99
2013.08.28 10:24:35.738,1.40342,1.40364,1.69,1.99
2013.08.28 10:24:38.490,1.40342,1.40364,1.69,1.69
2013.08.28 10:24:38.552,1.40343,1.40365,1.50,1.24
2013.08.28 10:24:38.619,1.40342,1.40365,1.69,2.74
2013.08.28 10:24:44.678,1.40342,1.40363,1.69,1.69
2013.08.28 10:24:45.572,1.4034,1.40362,2.63,1.69
2013.08.28 10:24:45.750,1.4034,1.40362,1.13,2.44
2013.08.28 10:24:46.969,1.40337,1.40359,1.32,2.44
2013.08.28 10:24:48.249,1.40337,1.40359,2.07,2.44
2013.08.28 10:24:48.991,1.40337,1.40359,1.69,2.44
2013.08.28 10:24:49.681,1.40338,1.40362,1.69,1.32
2013.08.28 10:24:50.419,1.40336,1.40359,1.69,1.50
2013.08.28 10:24:51.159,1.40338,1.40361,1.69,2.44
2013.08.28 10:24:56.649,1.40339,1.40361,1.69,2.82
2013.08.28 10:24:57.763,1.4034,1.40361,1.69,1.32
2013.08.28 10:24:59.749,1.40342,1.40361,1.69,1.13
2013.08.28 10:25:00.289,1.40342,1.40361,1.69,1.13
2013.08.28 10:25:01.960,1.40342,1.40361,1.69,1.13
2013.08.28 10:25:04.610,1.40342,1.40365,2.44,2.07
2013.08.28 10:25:04.732,1.40352,1.40367,1.13,1.13
2013.08.28 10:25:04.790,1.40352,1.40371,1.13,3.00
2013.08.28 10:25:04.850,1.40353,1.40371,1.50,1.69
2013.08.28 10:25:04.971,1.40353,1.40374,1.50,2.44
2013.08.28 10:25:05.209,1.40352,1.40373,1.13,1.69
2013.08.28 10:25:08.168,1.40352,1.40373,1.13,1.32
2013.08.28 10:25:08.228,1.40352,1.40373,2.07,1.32
2013.08.28 10:25:09.494,1.40355,1.40374,1.35,1.32
2013.08.28 10:25:09.679,1.40355,1.40375,1.73,1.69
2013.08.28 10:25:09.799,1.40355,1.40377,2.67,1.69
2013.08.28 10:25:14.812,1.4036,1.40379,1.50,1.32
2013.08.28 10:25:14.870,1.40361,1.4038,1.69,1.13
2013.08.28 10:25:15.409,1.40363,1.40385,2.44,3.19
2013.08.28 10:25:16.370,1.40364,1.40386,1.69,2.44
2013.08.28 10:25:17.491,1.40365,1.40386,1.69,1.69
2013.08.28 10:25:19.079,1.40366,1.40386,1.69,1.32
2013.08.28 10:25:19.139,1.40367,1.40388,1.50,1.69
2013.08.28 10:25:19.259,1.40367,1.4039,1.69,1.69
2013.08.28 10:25:20.533,1.40371,1.40391,1.88,1.69
2013.08.28 10:25:21.009,1.4037,1.40391,2.29,1.50
2013.08.28 10:25:21.991,1.40371,1.40392,1.69,2.44
2013.08.28 10:25:22.229,1.40373,1.40393,1.73,1.69
2013.08.28 10:25:22.349,1.40373,1.40394,2.67,1.32
2013.08.28 10:25:22.865,1.40373,1.40394,3.04,2.07
2013.08.28 10:25:23.169,1.40361,1.40379,1.50,1.69
2013.08.28 10:25:23.409,1.40356,1.40377,1.69,1.50
2013.08.28 10:25:24.319,1.40357,1.40377,1.69,1.50
2013.08.28 10:25:24.820,1.40357,1.40378,1.69,1.50
2013.08.28 10:25:25.310,1.40359,1.4038,1.54,1.13
2013.08.28 10:25:31.909,1.40362,1.40383,1.50,2.07
2013.08.28 10:25:32.329,1.40359,1.4038,1.69,1.88
2013.08.28 10:25:33.631,1.40364,1.4038,1.50,1.88
2013.08.28 10:25:33.990,1.40365,1.40384,1.69,1.50
2013.08.28 10:25:34.050,1.40366,1.40384,1.69,1.50
2013.08.28 10:25:34.531,1.40367,1.40386,1.69,1.69
2013.08.28 10:25:35.063,1.40367,1.40387,1.69,1.69
2013.08.28 10:25:40.009,1.40366,1.40388,2.25,2.44
2013.08.28 10:25:40.949,1.40366,1.40388,2.25,2.44
2013.08.28 10:25:42.080,1.40367,1.40388,1.50,1.69
2013.08.28 10:25:42.889,1.40366,1.40388,2.25,1.69
2013.08.28 10:25:43.191,1.40362,1.40378,2.44,1.13
2013.08.28 10:25:43.371,1.40359,1.40379,2.25,2.07
2013.08.28 10:25:43.909,1.40357,1.40377,1.50,1.32
2013.08.28 10:25:44.476,1.40355,1.40377,2.44,1.32
2013.08.28 10:25:44.989,1.40355,1.40376,1.69,1.13
2013.08.28 10:25:45.539,1.40355,1.40377,2.44,1.50
2013.08.28 10:25:48.539,1.40356,1.40379,3.19,1.32
2013.08.28 10:25:56.369,1.40357,1.40379,1.69,2.07
2013.08.28 10:25:59.794,1.40356,1.40379,3.19,2.07
2013.08.28 10:26:05.671,1.40356,1.40379,1.69,2.82
2013.08.28 10:26:06.339,1.40356,1.40377,1.69,1.69
2013.08.28 10:26:06.460,1.40353,1.40375,2.07,2.44
2013.08.28 10:26:06.979,1.40352,1.40373,1.32,1.69
2013.08.28 10:26:14.789,1.40353,1.40375,1.32,2.44
2013.08.28 10:26:15.149,1.40354,1.40376,1.69,1.69
2013.08.28 10:26:15.659,1.40354,1.40376,1.69,1.69
2013.08.28 10:26:16.199,1.40354,1.40377,1.50,2.07
2013.08.28 10:26:18.054,1.40355,1.40377,1.50,2.07
2013.08.28 10:26:20.149,1.40355,1.40377,1.50,2.07
2013.08.28 10:26:24.909,1.40356,1.40377,2.25,1.32
2013.08.28 10:26:29.928,1.40356,1.40378,2.44,1.69
2013.08.28 10:26:36.500,1.40356,1.40379,2.44,2.82
2013.08.28 10:26:36.619,1.40357,1.40379,1.69,2.82
2013.08.28 10:26:36.679,1.40359,1.40379,2.44,1.88
2013.08.28 10:26:38.550,1.40362,1.40382,2.44,1.13
2013.08.28 10:26:40.975,1.40363,1.40382,1.50,1.13
2013.08.28 10:26:41.279,1.40368,1.40382,1.50,1.13
2013.08.28 10:26:43.079,1.40364,1.40382,1.50,1.13
2013.08.28 10:26:45.289,1.40364,1.40384,1.50,2.07
2013.08.28 10:26:45.411,1.40364,1.40376,1.50,1.13
2013.08.28 10:26:45.541,1.40361,1.40379,1.50,1.88
2013.08.28 10:26:45.722,1.40357,1.40375,2.25,1.32
2013.08.28 10:26:45.840,1.40357,1.40374,1.50,1.32
2013.08.28 10:26:46.388,1.40356,1.40374,1.50,1.32
2013.08.28 10:26:47.728,1.40358,1.40374,1.50,1.32
2013.08.28 10:26:49.169,1.40356,1.40374,1.50,1.32
2013.08.28 10:26:50.867,1.40354,1.40374,3.75,1.32
2013.08.28 10:26:51.249,1.40354,1.40374,3.19,1.32
2013.08.28 10:26:54.118,1.40354,1.40374,3.94,1.32
2013.08.28 10:26:54.420,1.40369,1.40383,1.13,2.44
2013.08.28 10:26:54.540,1.4037,1.40386,2.25,1.50
2013.08.28 10:26:54.599,1.40373,1.40391,1.50,1.69
2013.08.28 10:26:54.659,1.40373,1.40392,1.69,1.69
2013.08.28 10:26:54.961,1.40375,1.40391,1.50,1.50
2013.08.28 10:26:55.467,1.40374,1.40392,1.50,1.69
2013.08.28 10:26:55.930,1.40374,1.40392,1.50,2.44
2013.08.28 10:26:56.169,1.40371,1.4039,1.50,2.44
2013.08.28 10:27:00.450,1.40369,1.4039,1.88,3.94
2013.08.28 10:27:00.509,1.40369,1.4039,1.13,3.94
2013.08.28 10:27:06.991,1.40369,1.40391,1.32,1.69
2013.08.28 10:27:07.110,1.4037,1.40392,1.69,1.69
2013.08.28 10:27:07.230,1.4037,1.40393,3.19,1.50
2013.08.28 10:27:07.942,1.40371,1.40381,2.44,1.13
2013.08.28 10:27:08.015,1.40367,1.40381,1.50,1.13
2013.08.28 10:27:08.200,1.4036,1.40381,3.19,1.32
2013.08.28 10:27:13.381,1.40368,1.40381,1.50,1.32
2013.08.28 10:27:13.680,1.4036,1.40381,1.69,1.13
2013.08.28 10:27:17.157,1.4036,1.40381,1.69,1.13
2013.08.28 10:27:20.620,1.40359,1.40381,2.44,1.32
2013.08.28 10:27:21.059,1.40363,1.40381,1.50,1.32
2013.08.28 10:27:21.599,1.40363,1.40381,1.50,1.32
2013.08.28 10:27:22.959,1.40363,1.40381,1.50,1.32
2013.08.28 10:27:23.971,1.40363,1.40384,1.50,2.07
2013.08.28 10:27:24.478,1.40363,1.40384,1.50,2.07
2013.08.28 10:27:25.322,1.40365,1.40384,1.50,1.32
2013.08.28 10:27:29.141,1.40364,1.40384,1.50,1.32
2013.08.28 10:27:29.501,1.40366,1.40384,2.25,1.32
2013.08.28 10:27:31.199,1.40366,1.40384,2.44,1.13
2013.08.28 10:27:32.105,1.40362,1.40383,2.44,1.69
2013.08.28 10:27:32.750,1.40362,1.40383,2.44,1.69
2013.08.28 10:27:33.349,1.40362,1.40383,2.44,1.69
2013.08.28 10:27:34.963,1.40362,1.4038,2.44,1.50
2013.08.28 10:27:35.273,1.40359,1.4038,1.50,1.88
2013.08.28 10:27:35.982,1.40358,1.40376,1.69,1.13
2013.08.28 10:27:36.810,1.40358,1.40373,1.69,1.13
2013.08.28 10:27:37.051,1.40354,1.40373,2.44,1.13
2013.08.28 10:27:37.291,1.40356,1.40373,2.29,1.13
2013.08.28 10:27:37.412,1.40357,1.40377,2.44,1.13
2013.08.28 10:27:39.709,1.40357,1.40377,2.44,1.13
2013.08.28 10:27:48.130,1.40358,1.40377,1.69,1.13
2013.08.28 10:27:50.135,1.40358,1.40377,1.69,1.13
2013.08.28 10:27:50.283,1.40358,1.40379,1.69,1.32
2013.08.28 10:27:52.531,1.40358,1.40375,1.69,1.13
2013.08.28 10:27:52.652,1.40355,1.40375,1.50,1.32
2013.08.28 10:27:52.842,1.40352,1.40372,2.07,1.13
2013.08.28 10:27:55.560,1.40353,1.40373,1.13,1.69
2013.08.28 10:27:56.181,1.40354,1.40374,1.13,1.69
2013.08.28 10:27:56.919,1.40358,1.40378,1.50,2.44
2013.08.28 10:27:56.979,1.40358,1.40378,1.69,1.69
2013.08.28 10:27:58.872,1.40358,1.40379,1.69,1.32
2013.08.28 10:27:59.060,1.40354,1.40377,3.57,1.32
2013.08.28 10:27:59.999,1.40354,1.40376,2.07,2.44
2013.08.28 10:28:00.439,1.40353,1.40372,1.88,1.32
2013.08.28 10:28:00.799,1.40351,1.40371,1.32,1.32
2013.08.28 10:28:04.870,1.40352,1.40373,1.32,1.32
2013.08.28 10:28:05.529,1.40352,1.40373,1.69,1.69
2013.08.28 10:28:09.729,1.40349,1.40372,2.82,1.69
2013.08.28 10:28:09.849,1.40349,1.40368,1.88,1.50
2013.08.28 10:28:10.389,1.40347,1.4037,2.82,2.44
2013.08.28 10:28:11.039,1.40348,1.4037,2.07,1.69
2013.08.28 10:28:13.459,1.40349,1.40371,2.82,2.44
2013.08.28 10:28:13.519,1.4035,1.40371,1.69,2.44
2013.08.28 10:28:14.650,1.4035,1.4037,1.69,1.92
2013.08.28 10:28:14.709,1.40349,1.40369,1.32,1.50
2013.08.28 10:28:14.769,1.40348,1.40367,1.32,1.50
2013.08.28 10:28:20.060,1.40345,1.40367,1.88,1.69
2013.08.28 10:28:21.139,1.40345,1.40367,1.50,1.69
2013.08.28 10:28:30.089,1.40345,1.40369,2.44,4.32
2013.08.28 10:28:30.915,1.40345,1.40369,2.44,4.32
2013.08.28 10:28:31.431,1.40346,1.40369,1.69,2.82
2013.08.28 10:28:31.490,1.40348,1.40369,1.69,1.88
2013.08.28 10:28:31.791,1.40351,1.40369,1.50,1.13
2013.08.28 10:28:31.970,1.40349,1.40369,1.69,1.13
2013.08.28 10:28:32.399,1.40348,1.40368,1.50,2.44
2013.08.28 10:28:32.769,1.40345,1.40368,1.69,2.44
2013.08.28 10:28:34.231,1.40346,1.40368,1.69,1.69
2013.08.28 10:28:34.590,1.4035,1.40369,1.50,2.07
2013.08.28 10:28:38.130,1.40348,1.40371,2.44,1.32
2013.08.28 10:28:38.799,1.4035,1.40371,1.50,1.32
2013.08.28 10:28:41.018,1.4035,1.40371,1.50,1.32
2013.08.28 10:28:41.515,1.4035,1.40367,1.50,1.69
2013.08.28 10:28:42.061,1.40348,1.40368,1.50,1.69
2013.08.28 10:28:44.013,1.4035,1.40368,1.50,1.69
2013.08.28 10:28:44.140,1.40352,1.40371,1.50,1.32
2013.08.28 10:28:44.649,1.40353,1.40374,1.50,1.32
2013.08.28 10:28:44.889,1.40352,1.40373,1.50,1.32
2013.08.28 10:28:45.459,1.40352,1.40372,1.50,1.32
2013.08.28 10:28:45.760,1.40348,1.40371,1.69,1.69
2013.08.28 10:28:46.546,1.40348,1.40371,1.50,2.44
2013.08.28 10:28:49.409,1.40348,1.40371,1.69,2.44
2013.08.28 10:28:54.079,1.40348,1.40371,1.50,2.44
2013.08.28 10:28:54.789,1.40349,1.40371,1.50,2.44
2013.08.28 10:28:54.909,1.40348,1.40371,1.50,2.44
2013.08.28 10:29:00.329,1.40348,1.40371,3.94,1.50
2013.08.28 10:29:00.689,1.40353,1.40374,1.69,1.13
2013.08.28 10:29:06.998,1.40353,1.40375,1.69,1.50
2013.08.28 10:29:07.614,1.40353,1.40376,1.69,2.82
2013.08.28 10:29:09.410,1.40352,1.40372,1.69,1.50
2013.08.28 10:29:09.589,1.4035,1.40371,1.32,1.32
2013.08.28 10:29:10.540,1.40347,1.4037,2.07,2.07
2013.08.28 10:29:18.170,1.40349,1.40371,1.32,1.32
2013.08.28 10:29:18.231,1.4035,1.40373,1.32,2.44
2013.08.28 10:29:18.716,1.40351,1.40374,1.69,3.19
2013.08.28 10:29:21.423,1.40351,1.40373,1.69,1.69
2013.08.28 10:29:24.330,1.40352,1.40372,1.69,1.50
2013.08.28 10:29:26.900,1.40353,1.40375,2.44,1.69
2013.08.28 10:29:27.079,1.40353,1.40375,2.44,1.69
2013.08.28 10:29:27.485,1.40358,1.40376,1.50,1.32
2013.08.28 10:29:28.983,1.40356,1.40376,1.50,1.69
2013.08.28 10:29:29.516,1.40357,1.40376,1.50,1.69
2013.08.28 10:29:30.152,1.40359,1.40376,1.50,1.32
2013.08.28 10:29:30.460,1.40357,1.40376,2.25,2.44
2013.08.28 10:29:30.520,1.40355,1.40376,1.69,1.69
2013.08.28 10:29:30.639,1.40355,1.40376,2.44,1.69
2013.08.28 10:29:31.179,1.40357,1.40376,1.50,1.69
2013.08.28 10:29:31.556,1.40355,1.40377,1.69,1.69
2013.08.28 10:29:31.628,1.40355,1.40378,2.44,1.69
2013.08.28 10:29:32.629,1.40353,1.40378,1.69,1.69
2013.08.28 10:29:32.930,1.40353,1.40373,1.50,1.32
2013.08.28 10:29:33.170,1.40349,1.40371,1.13,1.32
2013.08.28 10:29:36.620,1.40349,1.40369,1.13,1.32
2013.08.28 10:29:37.009,1.40346,1.40364,1.69,1.13
2013.08.28 10:29:37.130,1.40348,1.40365,2.25,1.13
2013.08.28 10:29:37.251,1.4035,1.40368,1.50,1.32
2013.08.28 10:29:37.609,1.40352,1.40368,1.50,1.13
2013.08.28 10:29:38.236,1.40351,1.40368,1.50,1.13
2013.08.28 10:29:41.372,1.40352,1.40372,2.25,1.69
2013.08.28 10:29:41.613,1.40353,1.40372,1.69,1.69
2013.08.28 10:29:41.802,1.40353,1.40372,1.69,1.32
2013.08.28 10:29:42.280,1.40351,1.40372,1.69,1.13
2013.08.28 10:29:42.400,1.40354,1.40376,2.63,1.32
2013.08.28 10:29:42.579,1.40354,1.40378,3.57,2.44
2013.08.28 10:29:43.771,1.40355,1.40377,2.44,2.07
2013.08.28 10:29:43.890,1.40354,1.40374,1.13,3.19
2013.08.28 10:29:44.130,1.40354,1.40373,1.13,1.69
2013.08.28 10:29:44.637,1.40356,1.40375,1.50,1.69
2013.08.28 10:29:47.150,1.40356,1.40377,1.50,2.44
2013.08.28 10:29:47.430,1.40356,1.40377,1.50,2.44
2013.08.28 10:29:52.999,1.40355,1.40376,1.69,1.69
2013.08.28 10:29:53.240,1.40354,1.40375,1.13,2.44
2013.08.28 10:29:53.561,1.40354,1.40373,1.13,1.69
2013.08.28 10:29:54.043,1.40351,1.40371,1.13,1.69
2013.08.28 10:29:54.529,1.40349,1.40372,2.07,2.44
2013.08.28 10:29:56.733,1.40353,1.40372,1.13,1.69
2013.08.28 10:29:57.159,1.40349,1.40366,2.07,1.13
2013.08.28 10:29:57.219,1.40345,1.40366,2.07,1.13
2013.08.28 10:29:57.279,1.40344,1.40366,2.44,1.13
2013.08.28 10:29:58.039,1.40344,1.40366,3.19,1.13
2013.08.28 10:29:58.219,1.40348,1.40366,1.50,1.13
2013.08.28 10:29:59.036,1.40348,1.40366,2.44,1.13
2013.08.28 10:29:59.639,1.40352,1.40366,1.50,1.13
2013.08.28 10:30:02.289,1.40351,1.40366,1.69,1.13
2013.08.28 10:30:03.941,1.40351,1.40371,1.32,1.50
2013.08.28 10:30:04.491,1.40347,1.40368,2.07,1.50
2013.08.28 10:30:05.051,1.40347,1.40367,1.32,2.25
2013.08.28 10:30:06.032,1.40347,1.40367,2.07,1.50
2013.08.28 10:30:06.159,1.40352,1.40371,1.13,2.44
2013.08.28 10:30:06.279,1.40353,1.40373,3.94,1.50
2013.08.28 10:30:08.610,1.40356,1.40376,1.69,1.50
2013.08.28 10:30:08.971,1.40352,1.40375,2.82,2.44
2013.08.28 10:30:09.679,1.40351,1.40373,2.07,1.69
2013.08.28 10:30:10.670,1.40351,1.40373,3.19,1.69
2013.08.28 10:30:11.031,1.40352,1.40371,1.13,1.69
2013.08.28 10:30:11.389,1.40351,1.40374,2.82,1.69
2013.08.28 10:30:11.690,1.40346,1.40366,1.69,1.50
2013.08.28 10:30:11.870,1.40347,1.40367,1.69,1.13
2013.08.28 10:30:13.187,1.40348,1.40367,1.69,1.13
2013.08.28 10:30:16.636,1.40352,1.40374,2.44,3.19
2013.08.28 10:30:17.101,1.40353,1.40374,1.69,1.69
2013.08.28 10:30:17.341,1.40353,1.40373,1.50,2.74
2013.08.28 10:30:17.640,1.40353,1.40375,3.19,1.69
2013.08.28 10:30:18.190,1.40354,1.40375,1.69,1.69
2013.08.28 10:30:18.750,1.40354,1.40375,2.44,1.69
2013.08.28 10:30:20.581,1.40354,1.40375,1.69,1.69
2013.08.28 10:30:20.770,1.40352,1.40373,1.88,1.69
2013.08.28 10:30:20.891,1.40352,1.40371,1.88,2.74
2013.08.28 10:30:21.439,1.40347,1.4037,2.44,3.19
2013.08.28 10:30:21.800,1.40352,1.40371,1.13,1.69
2013.08.28 10:30:22.340,1.40352,1.40372,1.13,1.69
2013.08.28 10:30:40.499,1.40351,1.40373,3.19,1.69
2013.08.28 10:30:47.920,1.40351,1.40374,2.44,2.44
2013.08.28 10:30:48.475,1.40352,1.40374,1.69,2.44
2013.08.28 10:30:50.930,1.40359,1.40374,1.50,1.50
2013.08.28 10:30:51.109,1.40362,1.4038,1.50,2.44
2013.08.28 10:30:51.170,1.40363,1.40383,1.13,2.44
2013.08.28 10:30:51.469,1.40363,1.40384,1.32,1.69
2013.08.28 10:30:55.387,1.40362,1.40385,2.07,2.44
2013.08.28 10:30:57.792,1.40362,1.40385,2.82,1.69
2013.08.28 10:31:02.040,1.40364,1.40386,1.50,2.44
2013.08.28 10:31:03.662,1.40364,1.40384,1.50,1.69
2013.08.28 10:31:05.259,1.40364,1.40385,1.69,1.50
2013.08.28 10:31:05.880,1.40366,1.40385,1.13,1.50
2013.08.28 10:31:05.939,1.40368,1.40388,1.13,1.69
2013.08.28 10:31:06.180,1.40369,1.4039,1.32,2.44
2013.08.28 10:31:06.610,1.40367,1.40388,1.32,2.44
2013.08.28 10:31:06.970,1.40366,1.40385,2.44,1.50
2013.08.28 10:31:07.240,1.40364,1.40383,1.13,1.50
2013.08.28 10:31:07.299,1.4036,1.40383,2.44,1.50
2013.08.28 10:31:08.950,1.4036,1.40383,2.44,1.69
2013.08.28 10:31:13.200,1.40359,1.40381,1.69,1.50
2013.08.28 10:31:13.260,1.40359,1.40381,1.69,1.50
2013.08.28 10:31:13.693,1.4036,1.40383,1.69,1.69
2013.08.28 10:31:14.211,1.40358,1.40381,1.32,1.50
2013.08.28 10:31:15.189,1.4036,1.40383,1.69,2.44
2013.08.28 10:31:16.990,1.4036,1.40381,1.69,1.50
2013.08.28 10:31:22.022,1.40359,1.40382,3.94,2.25
2013.08.28 10:31:22.413,1.40359,1.40382,3.57,2.25
2013.08.28 10:31:23.460,1.4036,1.4038,1.13,1.09
2013.08.28 10:31:23.821,1.4036,1.4038,1.88,1.24
2013.08.28 10:31:31.542,1.40361,1.40383,2.25,1.69
2013.08.28 10:31:35.031,1.40361,1.4038,2.25,1.54
2013.08.28 10:31:35.210,1.4036,1.40379,1.13,1.35
2013.08.28 10:31:35.750,1.4036,1.40379,1.13,1.50
2013.08.28 10:31:39.010,1.40358,1.40379,1.69,1.50
2013.08.28 10:31:40.799,1.40358,1.40379,1.69,1.50
2013.08.28 10:31:43.555,1.40359,1.4038,1.69,1.50
2013.08.28 10:31:43.621,1.40359,1.4038,2.44,1.50
2013.08.28 10:31:43.922,1.40362,1.40383,3.19,1.13
2013.08.28 10:31:45.239,1.40362,1.40382,1.69,1.50
2013.08.28 10:31:46.369,1.40362,1.40382,1.69,1.50
2013.08.28 10:31:46.430,1.40359,1.40381,2.67,1.50
2013.08.28 10:31:47.310,1.40359,1.40381,1.69,1.50
2013.08.28 10:31:47.891,1.40359,1.40381,1.69,1.50
2013.08.28 10:31:51.039,1.40359,1.40381,2.44,1.69
2013.08.28 10:31:53.181,1.40359,1.40381,1.69,1.69
2013.08.28 10:31:53.939,1.40359,1.40381,1.69,1.69
2013.08.28 10:31:54.740,1.40359,1.40381,1.69,1.69
2013.08.28 10:31:55.051,1.40359,1.40381,1.69,2.44
2013.08.28 10:31:55.170,1.4036,1.40381,1.69,1.69
2013.08.28 10:31:55.741,1.4036,1.40381,1.69,2.44
2013.08.28 10:31:57.063,1.4036,1.40381,1.69,2.44
2013.08.28 10:31:58.092,1.4036,1.40381,1.69,2.44
2013.08.28 10:31:58.730,1.40359,1.40381,2.44,2.44
2013.08.28 10:31:59.769,1.40359,1.40381,1.69,2.44
2013.08.28 10:32:00.070,1.4036,1.40381,1.50,2.44
2013.08.28 10:32:00.593,1.4036,1.40383,1.69,2.07
2013.08.28 10:32:01.950,1.4036,1.40383,1.69,2.07
2013.08.28 10:32:02.129,1.40361,1.40383,1.69,2.07
2013.08.28 10:32:02.839,1.40361,1.40383,1.69,2.07
2013.08.28 10:32:05.211,1.40359,1.40378,1.69,1.50
2013.08.28 10:32:05.270,1.40357,1.40376,2.07,2.25
2013.08.28 10:32:05.390,1.40355,1.40375,2.07,2.44
2013.08.28 10:32:05.950,1.40351,1.40371,2.07,1.50
2013.08.28 10:32:10.222,1.40351,1.40372,2.44,1.50
2013.08.28 10:32:10.861,1.4035,1.40372,2.44,1.69
2013.08.28 10:32:15.490,1.4035,1.40369,1.50,1.54
2013.08.28 10:32:15.791,1.40348,1.40363,1.50,2.44
2013.08.28 10:32:15.911,1.40339,1.4036,1.69,2.25
2013.08.28 10:32:16.090,1.40338,1.4036,2.07,2.25
2013.08.28 10:32:16.150,1.40338,1.40359,1.88,2.44
2013.08.28 10:32:17.581,1.40338,1.40356,1.13,1.50
2013.08.28 10:32:18.120,1.40338,1.4036,1.13,1.69
2013.08.28 10:32:18.659,1.40338,1.40361,2.82,1.69
2013.08.28 10:32:20.442,1.40337,1.4036,2.82,2.59
2013.08.28 10:32:20.502,1.40338,1.40357,1.13,1.50
2013.08.28 10:32:21.750,1.40337,1.40356,1.13,1.69
2013.08.28 10:32:21.810,1.40336,1.40351,2.25,1.13
2013.08.28 10:32:22.111,1.4033,1.4035,1.69,1.69
2013.08.28 10:32:22.737,1.40329,1.4035,1.69,1.69
2013.08.28 10:32:23.250,1.40329,1.4035,1.69,1.69
2013.08.28 10:32:23.988,1.40329,1.4035,1.69,1.69
2013.08.28 10:32:25.010,1.40329,1.4035,1.69,1.69
2013.08.28 10:32:25.560,1.40327,1.40349,1.69,1.69
2013.08.28 10:32:26.241,1.40327,1.40349,1.69,1.69
2013.08.28 10:32:26.975,1.40327,1.40349,1.69,1.69
2013.08.28 10:32:27.245,1.40326,1.40349,1.69,1.69
2013.08.28 10:32:29.209,1.40327,1.4035,1.50,1.69
2013.08.28 10:32:29.570,1.40327,1.40348,1.50,1.69
2013.08.28 10:32:30.315,1.40327,1.40348,1.50,1.69
2013.08.28 10:32:30.851,1.40327,1.40348,1.69,1.50
2013.08.28 10:32:31.709,1.40327,1.40348,1.69,1.50
2013.08.28 10:32:31.979,1.4033,1.40348,1.50,1.50
2013.08.28 10:32:32.490,1.4033,1.40351,3.04,1.32
2013.08.28 10:32:32.611,1.40333,1.40352,1.50,1.32
2013.08.28 10:32:33.205,1.40333,1.40352,2.25,1.32
2013.08.28 10:32:33.459,1.40333,1.40352,3.19,1.13
2013.08.28 10:32:33.939,1.40336,1.40352,1.69,1.13
2013.08.28 10:32:34.590,1.40342,1.40358,1.13,1.69
2013.08.28 10:32:34.712,1.40342,1.40361,1.13,1.69
2013.08.28 10:32:34.890,1.40342,1.40363,1.54,1.69
2013.08.28 10:32:34.950,1.40339,1.40363,2.67,1.69
2013.08.28 10:32:35.192,1.40342,1.40363,2.07,1.69
2013.08.28 10:32:35.609,1.40344,1.40366,2.25,2.44
2013.08.28 10:32:35.963,1.40346,1.40369,1.50,3.19
2013.08.28 10:32:36.732,1.40344,1.40364,1.50,2.44
2013.08.28 10:32:37.280,1.40343,1.40364,1.13,2.44
2013.08.28 10:32:37.341,1.40343,1.40364,1.13,2.44
2013.08.28 10:32:37.903,1.40344,1.40366,1.50,4.69
2013.08.28 10:32:38.151,1.40346,1.40367,1.50,3.19
2013.08.28 10:32:38.700,1.40345,1.40367,1.50,3.94
2013.08.28 10:32:39.244,1.40345,1.40367,1.69,3.19
2013.08.28 10:32:39.580,1.40344,1.40366,2.44,1.69
2013.08.28 10:32:42.070,1.40343,1.40363,2.82,1.50
2013.08.28 10:32:44.940,1.40344,1.40367,2.44,2.44
2013.08.28 10:32:46.109,1.40345,1.40367,1.69,2.44
2013.08.28 10:32:48.853,1.40345,1.40365,1.69,1.50
2013.08.28 10:32:49.100,1.40347,1.40369,2.67,3.19
2013.08.28 10:32:49.160,1.40348,1.40369,1.69,1.50
2013.08.28 10:32:50.410,1.4035,1.40371,1.69,1.69
2013.08.28 10:32:50.470,1.40349,1.40369,1.88,1.69
2013.08.28 10:32:50.980,1.40349,1.40369,2.63,1.69
2013.08.28 10:32:51.489,1.4035,1.40369,1.50,1.69
2013.08.28 10:32:51.790,1.40349,1.40368,1.13,1.69
2013.08.28 10:32:52.262,1.40347,1.40366,1.13,1.69
2013.08.28 10:32:52.840,1.40344,1.40365,1.69,2.82
2013.08.28 10:32:53.019,1.40343,1.40364,1.69,1.69
2013.08.28 10:32:54.450,1.40343,1.40364,2.44,1.69
2013.08.28 10:32:55.240,1.40343,1.40363,1.69,1.69
2013.08.28 10:32:55.936,1.40342,1.40365,1.69,2.82
2013.08.28 10:32:57.210,1.40346,1.40365,1.50,2.07
2013.08.28 10:32:58.769,1.40346,1.40365,1.50,1.32
2013.08.28 10:32:59.100,1.40348,1.40365,1.50,1.32
2013.08.28 10:32:59.339,1.40344,1.40365,2.44,1.32
2013.08.28 10:33:01.922,1.40345,1.40365,1.69,1.32
2013.08.28 10:33:02.538,1.40346,1.40365,1.50,1.13
2013.08.28 10:33:07.479,1.40345,1.40365,2.44,1.13
2013.08.28 10:33:07.720,1.40348,1.40365,1.50,1.13
2013.08.28 10:33:07.780,1.40349,1.40369,1.50,1.69
2013.08.28 10:33:08.420,1.40347,1.40369,1.50,1.69
2013.08.28 10:33:08.710,1.40349,1.40369,1.50,1.69
2013.08.28 10:33:09.542,1.40348,1.40369,1.50,1.69
2013.08.28 10:33:10.800,1.40347,1.40369,2.44,1.69
2013.08.28 10:33:13.124,1.40347,1.40369,2.44,3.19
2013.08.28 10:33:15.159,1.40347,1.40369,3.19,1.69
2013.08.28 10:33:15.992,1.40349,1.40369,1.69,1.50
2013.08.28 10:33:18.859,1.40349,1.40369,1.69,1.69
2013.08.28 10:33:19.442,1.40347,1.40369,2.44,1.69
2013.08.28 10:33:19.980,1.40347,1.40369,2.44,2.44
2013.08.28 10:33:20.400,1.40345,1.40364,1.13,1.69
2013.08.28 10:33:23.220,1.40343,1.40366,2.44,3.19
2013.08.28 10:33:23.867,1.40343,1.40366,2.44,3.19
2013.08.28 10:33:25.995,1.40343,1.40366,2.44,3.19
2013.08.28 10:33:26.690,1.40345,1.40366,1.50,3.19
2013.08.28 10:33:28.460,1.40343,1.40363,1.69,1.69
2013.08.28 10:33:28.760,1.40342,1.40363,1.69,1.69
2013.08.28 10:33:29.420,1.40341,1.40361,2.07,2.25
2013.08.28 10:33:29.840,1.40341,1.40358,1.32,1.50
2013.08.28 10:33:29.962,1.40338,1.40356,2.07,2.25
2013.08.28 10:33:30.021,1.40333,1.40354,1.69,1.50
2013.08.28 10:33:30.201,1.40332,1.40352,1.69,2.25
2013.08.28 10:33:30.322,1.40332,1.4035,1.69,2.25
2013.08.28 10:33:30.381,1.40331,1.4035,1.13,2.44
2013.08.28 10:33:30.561,1.4033,1.4035,1.32,1.69
2013.08.28 10:33:31.680,1.4033,1.40352,1.69,2.44
2013.08.28 10:33:32.042,1.4033,1.40352,3.19,1.69
2013.08.28 10:33:32.591,1.4033,1.40351,1.69,1.69
2013.08.28 10:33:32.650,1.40328,1.40351,2.82,2.44
2013.08.28 10:33:32.830,1.40328,1.40351,1.32,3.19
2013.08.28 10:33:32.950,1.40326,1.40346,1.32,2.25
2013.08.28 10:33:33.129,1.40322,1.40342,1.32,1.88
2013.08.28 10:33:33.190,1.40319,1.40341,1.69,1.32
2013.08.28 10:33:33.610,1.40318,1.40338,3.19,1.50
2013.08.28 10:33:33.670,1.40318,1.40338,2.44,1.50
2013.08.28 10:33:35.422,1.40315,1.40328,3.19,1.13
2013.08.28 10:33:35.481,1.40315,1.40328,1.50,1.13
2013.08.28 10:33:35.660,1.4031,1.40328,1.69,1.13
2013.08.28 10:33:35.719,1.4031,1.4033,2.44,1.13
2013.08.28 10:33:36.200,1.40314,1.40335,1.50,2.07
2013.08.28 10:33:38.890,1.40314,1.40336,2.44,2.25
2013.08.28 10:33:38.951,1.40316,1.40339,1.69,1.69
2013.08.28 10:33:39.477,1.40316,1.4034,1.69,1.69
2013.08.28 10:33:41.202,1.40316,1.4034,1.69,1.69
2013.08.28 10:33:41.879,1.40319,1.4034,1.50,1.69
2013.08.28 10:33:43.440,1.40319,1.40341,1.50,2.44
2013.08.28 10:33:47.590,1.40319,1.4034,1.50,1.69
2013.08.28 10:33:47.829,1.4032,1.4034,1.50,1.69
2013.08.28 10:33:49.111,1.40317,1.40338,1.69,1.50
2013.08.28 10:33:49.171,1.40317,1.40339,1.69,3.94
2013.08.28 10:33:49.231,1.40314,1.40336,2.44,1.69
2013.08.28 10:33:49.471,1.40312,1.40334,1.32,1.69
2013.08.28 10:33:50.082,1.40312,1.40334,1.32,1.69
2013.08.28 10:33:50.883,1.40315,1.40334,1.50,1.69
2013.08.28 10:33:51.002,1.40311,1.40332,1.50,1.32
2013.08.28 10:33:51.122,1.40314,1.40335,1.13,2.07
2013.08.28 10:33:51.182,1.40318,1.40335,1.32,1.13
2013.08.28 10:33:51.490,1.40319,1.40338,1.69,1.69
2013.08.28 10:33:51.851,1.40318,1.40338,1.32,1.69
2013.08.28 10:33:52.152,1.40315,1.40331,1.32,1.50
2013.08.28 10:33:52.536,1.40307,1.40328,2.07,1.50
2013.08.28 10:33:53.091,1.40305,1.40327,1.32,3.00
2013.08.28 10:33:53.269,1.40307,1.40327,1.13,2.25
2013.08.28 10:33:53.632,1.40307,1.40323,1.73,1.13
2013.08.28 10:33:53.752,1.40304,1.40319,2.10,1.50
2013.08.28 10:33:53.930,1.40299,1.40318,1.50,1.69
2013.08.28 10:33:53.991,1.40298,1.40318,1.50,1.69
2013.08.28 10:33:54.111,1.40298,1.40318,2.25,1.69
2013.08.28 10:33:54.230,1.403,1.40319,1.50,1.69
2013.08.28 10:33:54.752,1.403,1.40319,1.50,1.69
2013.08.28 10:33:55.270,1.403,1.40319,1.50,1.69
2013.08.28 10:33:55.391,1.403,1.40318,1.50,1.50
2013.08.28 10:33:55.451,1.40299,1.40317,1.50,1.50
2013.08.28 10:33:55.691,1.4029,1.40311,3.19,1.69
2013.08.28 10:33:55.752,1.4029,1.40309,1.50,1.69
2013.08.28 10:33:56.053,1.40279,1.40291,1.20,1.50
2013.08.28 10:33:56.290,1.40269,1.40284,3.75,1.13
2013.08.28 10:33:56.412,1.40269,1.4028,2.25,1.50
2013.08.28 10:33:56.601,1.40255,1.40278,1.50,1.69
2013.08.28 10:33:56.661,1.40255,1.40278,1.69,2.44
2013.08.28 10:33:56.782,1.40255,1.40282,1.69,1.69
2013.08.28 10:33:56.961,1.40255,1.40282,1.69,1.69
2013.08.28 10:33:57.321,1.40264,1.40286,1.69,1.88
2013.08.28 10:33:57.501,1.40264,1.40292,1.69,3.19
2013.08.28 10:33:58.231,1.40265,1.40292,1.69,1.69
2013.08.28 10:33:58.711,1.40263,1.40289,2.44,1.32
2013.08.28 10:33:59.071,1.40266,1.40289,3.19,1.13
2013.08.28 10:33:59.535,1.40272,1.40294,1.32,1.88
2013.08.28 10:33:59.840,1.40274,1.40298,2.44,1.50
2013.08.28 10:33:59.959,1.40276,1.40299,1.50,1.50
2013.08.28 10:34:00.440,1.40279,1.40299,1.69,1.50
2013.08.28 10:34:00.980,1.40278,1.403,2.44,2.63
2013.08.28 10:34:01.532,1.40278,1.40298,1.69,1.50
2013.08.28 10:34:02.071,1.40277,1.40298,1.69,1.50
2013.08.28 10:34:04.010,1.40277,1.40298,1.69,1.50
2013.08.28 10:34:04.922,1.40279,1.403,1.69,2.25
2013.08.28 10:34:06.170,1.40286,1.403,1.13,1.88
2013.08.28 10:34:06.430,1.40286,1.40301,1.88,1.50
2013.08.28 10:34:07.730,1.40286,1.40301,1.32,2.25
2013.08.28 10:34:08.330,1.40281,1.40301,3.19,1.50
2013.08.28 10:34:11.235,1.40284,1.40301,1.13,1.50
2013.08.28 10:34:14.771,1.40281,1.403,1.32,2.25
2013.08.28 10:34:14.891,1.4028,1.403,1.88,2.44
2013.08.28 10:34:14.951,1.40278,1.403,1.50,1.69
2013.08.28 10:34:15.470,1.40276,1.40297,1.69,2.25
2013.08.28 10:34:16.330,1.40276,1.40297,3.19,2.25
2013.08.28 10:34:16.929,1.40276,1.40297,3.19,1.50
2013.08.28 10:34:18.430,1.40275,1.40297,2.29,2.44
2013.08.28 10:34:18.734,1.4028,1.40297,1.35,3.94
2013.08.28 10:34:18.802,1.4028,1.40297,2.10,3.19
2013.08.28 10:34:18.861,1.4028,1.40299,3.04,1.50
2013.08.28 10:34:18.920,1.4028,1.40299,3.04,1.50
2013.08.28 10:34:19.461,1.4028,1.40299,1.50,2.44
2013.08.28 10:34:19.520,1.40282,1.40299,1.50,2.44
2013.08.28 10:34:19.640,1.40278,1.40299,1.69,2.44
2013.08.28 10:34:19.760,1.40278,1.40299,1.69,1.69
2013.08.28 10:34:19.880,1.40278,1.40299,2.44,2.44
2013.08.28 10:34:20.360,1.40282,1.40299,1.50,2.44
2013.08.28 10:34:21.079,1.40282,1.40299,2.44,2.25
2013.08.28 10:34:21.440,1.40286,1.40303,1.69,1.13
2013.08.28 10:34:22.271,1.40286,1.40303,3.19,1.13
2013.08.28 10:34:23.470,1.40287,1.40309,2.44,1.88
2013.08.28 10:34:24.859,1.40287,1.4031,4.32,2.25
2013.08.28 10:34:25.502,1.40288,1.40305,2.44,1.50
2013.08.28 10:34:25.800,1.40287,1.40305,2.07,2.25
2013.08.28 10:34:26.710,1.40287,1.40305,2.07,2.25
2013.08.28 10:34:27.200,1.40287,1.40305,2.07,1.50
2013.08.28 10:34:28.671,1.40287,1.40307,1.32,3.00
2013.08.28 10:34:29.693,1.40289,1.40307,1.69,1.50
2013.08.28 10:34:30.002,1.40293,1.40309,1.69,1.50
2013.08.28 10:34:30.122,1.40293,1.40313,1.69,1.50
2013.08.28 10:34:32.152,1.40295,1.40315,3.19,1.88
2013.08.28 10:34:32.211,1.40295,1.40315,3.19,1.88
2013.08.28 10:34:32.581,1.40296,1.40315,1.69,1.88
2013.08.28 10:34:33.593,1.403,1.40319,1.32,1.50
2013.08.28 10:34:33.901,1.40313,1.40327,1.13,2.25
2013.08.28 10:34:33.962,1.40311,1.40327,1.32,1.50
2013.08.28 10:34:34.501,1.40307,1.4033,1.69,3.38
2013.08.28 10:34:34.982,1.40306,1.40317,2.25,1.50
2013.08.28 10:34:35.163,1.40297,1.40317,1.69,1.50
2013.08.28 10:34:35.352,1.40296,1.40317,1.69,2.25
2013.08.28 10:34:35.591,1.40306,1.40322,1.17,1.50
2013.08.28 10:34:35.652,1.40307,1.40322,1.35,1.50
2013.08.28 10:34:35.771,1.40308,1.40329,1.69,1.13
2013.08.28 10:34:35.894,1.40306,1.40327,1.69,1.69
2013.08.28 10:34:36.021,1.40304,1.40326,2.63,1.32
2013.08.28 10:34:36.142,1.40304,1.40322,1.13,1.50
2013.08.28 10:34:37.290,1.40301,1.40322,2.07,2.25
2013.08.28 10:34:37.650,1.40301,1.40317,1.32,1.50
2013.08.28 10:34:38.230,1.40304,1.4032,1.13,1.50
2013.08.28 10:34:38.351,1.40305,1.40324,1.69,3.00
2013.08.28 10:34:38.411,1.40305,1.40324,1.69,1.50
2013.08.28 10:34:38.830,1.40306,1.40324,1.69,1.50
2013.08.28 10:34:39.070,1.40306,1.40326,2.44,2.25
2013.08.28 10:34:40.660,1.40306,1.40326,1.69,1.50
2013.08.28 10:34:41.745,1.40306,1.40326,1.69,1.50
2013.08.28 10:34:42.470,1.40306,1.40327,2.44,1.50
2013.08.28 10:34:44.602,1.40306,1.40328,2.44,1.50
2013.08.28 10:34:47.151,1.40306,1.40326,1.69,2.25
2013.08.28 10:34:47.750,1.40308,1.40328,1.69,2.25
2013.08.28 10:34:47.811,1.4031,1.40329,2.44,1.50
2013.08.28 10:34:47.930,1.40311,1.40329,1.69,1.50
2013.08.28 10:34:48.050,1.40311,1.40332,1.69,1.13
2013.08.28 10:34:48.758,1.4031,1.40332,3.19,2.63
2013.08.28 10:34:49.001,1.40312,1.40332,1.69,1.13
2013.08.28 10:34:49.549,1.40311,1.40332,3.19,1.88
2013.08.28 10:34:49.854,1.40311,1.40328,1.69,1.50
2013.08.28 10:34:50.102,1.40311,1.40331,1.69,1.50
2013.08.28 10:34:50.400,1.40311,1.40332,1.69,1.13
2013.08.28 10:34:50.822,1.4031,1.40331,2.44,1.50
2013.08.28 10:34:51.400,1.4031,1.40329,1.69,1.50
2013.08.28 10:34:52.690,1.40309,1.4033,2.07,1.50
2013.08.28 10:34:52.930,1.40311,1.40332,2.44,1.50
2013.08.28 10:34:53.470,1.40312,1.40333,1.69,1.69
2013.08.28 10:34:53.530,1.40312,1.40331,1.69,1.50
2013.08.28 10:34:55.641,1.40312,1.40332,1.69,1.50
2013.08.28 10:34:56.101,1.40312,1.40334,1.69,2.25
2013.08.28 10:34:56.220,1.40313,1.40334,1.69,2.25
2013.08.28 10:34:56.702,1.40316,1.40335,1.69,1.13
2013.08.28 10:34:57.131,1.40314,1.40333,2.44,1.50
2013.08.28 10:34:57.694,1.40313,1.40328,1.69,1.50
2013.08.28 10:34:57.766,1.40313,1.40331,1.69,1.50
2013.08.28 10:34:58.160,1.4031,1.4033,2.44,1.50
2013.08.28 10:34:58.221,1.40309,1.40328,3.57,1.50
2013.08.28 10:34:58.282,1.40309,1.40326,2.82,1.13
2013.08.28 10:34:58.640,1.40303,1.40321,1.69,1.50
2013.08.28 10:34:59.180,1.40303,1.40323,2.44,2.25
2013.08.28 10:34:59.240,1.40303,1.40323,2.44,1.50
2013.08.28 10:34:59.761,1.40303,1.40323,2.07,1.50
2013.08.28 10:34:59.944,1.40303,1.40323,2.44,1.50
2013.08.28 10:35:00.011,1.40303,1.40322,2.07,1.50
2013.08.28 10:35:02.222,1.403,1.4032,1.69,2.25
2013.08.28 10:35:02.411,1.403,1.4032,1.69,2.25
2013.08.28 10:35:04.403,1.40302,1.4032,1.69,1.50
2013.08.28 10:35:04.941,1.40302,1.40321,1.69,2.25
2013.08.28 10:35:05.002,1.40302,1.4032,1.69,1.50
2013.08.28 10:35:05.541,1.40301,1.40317,1.69,1.50
2013.08.28 10:35:05.660,1.40301,1.40321,1.69,2.25
2013.08.28 10:35:05.960,1.40299,1.40321,1.69,3.00
2013.08.28 10:35:06.500,1.40299,1.40321,2.44,3.00
2013.08.28 10:35:06.560,1.40299,1.40319,2.44,1.50
2013.08.28 10:35:06.920,1.40299,1.40315,1.69,1.50
2013.08.28 10:35:07.674,1.40299,1.40315,1.69,1.50
2013.08.28 10:35:07.950,1.40299,1.40318,1.69,1.50
2013.08.28 10:35:08.480,1.40298,1.40318,1.69,1.50
2013.08.28 10:35:09.790,1.40299,1.40318,1.69,1.50
2013.08.28 10:35:10.382,1.40296,1.40316,2.44,1.50
2013.08.28 10:35:10.777,1.40295,1.40319,3.94,2.44
2013.08.28 10:35:10.900,1.40295,1.40319,3.19,2.44
2013.08.28 10:35:11.921,1.40296,1.40317,1.69,1.50
2013.08.28 10:35:12.480,1.40297,1.40317,1.69,1.50
2013.08.28 10:35:13.024,1.40297,1.40317,1.69,1.50
2013.08.28 10:35:13.610,1.40296,1.40317,1.69,1.50
2013.08.28 10:35:14.140,1.40296,1.40316,1.69,1.50
2013.08.28 10:35:14.662,1.40294,1.40315,1.32,1.50
2013.08.28 10:35:14.972,1.40288,1.4031,2.82,4.50
2013.08.28 10:35:15.032,1.40288,1.4031,2.82,3.75
2013.08.28 10:35:15.160,1.40288,1.40308,1.69,1.50
2013.08.28 10:35:15.461,1.4029,1.4031,1.69,1.50
2013.08.28 10:35:15.580,1.40285,1.40306,1.69,2.25
2013.08.28 10:35:15.641,1.40284,1.40305,1.32,3.00
2013.08.28 10:35:15.941,1.40287,1.40306,1.69,1.50
2013.08.28 10:35:17.000,1.40287,1.40303,1.69,1.50
2013.08.28 10:35:17.121,1.40282,1.40303,1.32,3.75
2013.08.28 10:35:17.240,1.4028,1.40301,1.32,1.69
2013.08.28 10:35:17.655,1.40279,1.40295,2.07,1.50
2013.08.28 10:35:18.200,1.40279,1.40295,1.32,2.25
2013.08.28 10:35:18.440,1.40277,1.40289,1.13,1.50
2013.08.28 10:35:18.740,1.40275,1.40291,1.19,1.50
2013.08.28 10:35:19.306,1.40274,1.40291,1.69,1.50
2013.08.28 10:35:20.400,1.40274,1.40293,1.69,1.50
2013.08.28 10:35:20.670,1.40273,1.40293,1.69,1.50
2013.08.28 10:35:20.850,1.4027,1.40293,2.07,1.50
2013.08.28 10:35:21.630,1.40272,1.40294,1.69,2.44
2013.08.28 10:35:21.809,1.40273,1.40297,2.82,2.44
2013.08.28 10:35:22.110,1.40278,1.403,1.50,2.82
2013.08.28 10:35:22.910,1.40278,1.403,1.50,2.07
2013.08.28 10:35:23.552,1.40277,1.40299,2.44,2.25
2013.08.28 10:35:24.349,1.40279,1.40299,1.69,1.13
2013.08.28 10:35:24.530,1.40278,1.40299,2.44,1.13
2013.08.28 10:35:24.650,1.40278,1.40299,2.44,1.13
2013.08.28 10:35:25.190,1.40278,1.40299,1.69,1.88
2013.08.28 10:35:26.100,1.40278,1.40299,1.69,1.88
2013.08.28 10:35:30.441,1.40277,1.40299,2.44,1.32
2013.08.28 10:35:30.563,1.4028,1.40299,1.50,1.13
2013.08.28 10:35:30.690,1.40277,1.40299,1.69,1.13
2013.08.28 10:35:30.930,1.40279,1.40299,1.69,1.13
2013.08.28 10:35:32.039,1.40279,1.40299,2.44,1.13
2013.08.28 10:35:33.440,1.40281,1.40302,2.44,1.69
2013.08.28 10:35:33.811,1.40283,1.40304,1.69,1.13
2013.08.28 10:35:36.756,1.40282,1.40304,2.44,1.88
2013.08.28 10:35:36.960,1.40282,1.40304,1.69,1.88
2013.08.28 10:35:37.081,1.40284,1.40304,2.44,1.13
2013.08.28 10:35:37.593,1.40286,1.40305,1.69,1.13
2013.08.28 10:35:39.011,1.40282,1.40301,1.69,1.50
2013.08.28 10:35:39.191,1.40278,1.403,1.69,2.44
2013.08.28 10:35:39.490,1.40277,1.40298,3.19,1.50
2013.08.28 10:35:39.800,1.40278,1.403,1.69,2.25
2013.08.28 10:35:40.373,1.4028,1.40302,2.44,1.69
2013.08.28 10:35:41.850,1.4028,1.40302,1.50,1.69
2013.08.28 10:35:42.149,1.40278,1.40301,2.44,3.00
2013.08.28 10:35:42.480,1.40279,1.40301,1.69,1.50
2013.08.28 10:35:45.330,1.40279,1.403,1.69,1.32
2013.08.28 10:35:45.390,1.40277,1.40297,1.69,1.13
2013.08.28 10:35:48.441,1.40275,1.40296,1.69,1.13
2013.08.28 10:35:49.190,1.4028,1.40298,1.13,1.50
2013.08.28 10:35:49.632,1.4028,1.40303,2.07,1.50
2013.08.28 10:35:49.940,1.4028,1.403,2.07,1.50
2013.08.28 10:35:50.301,1.40269,1.40289,1.69,1.50
2013.08.28 10:35:50.601,1.4027,1.4029,1.69,1.50
2013.08.28 10:35:50.899,1.4027,1.40291,2.44,1.88
2013.08.28 10:35:51.550,1.4027,1.40291,2.44,2.63
2013.08.28 10:35:51.854,1.40275,1.40295,1.50,2.44
2013.08.28 10:35:52.100,1.40275,1.40295,3.19,1.50
2013.08.28 10:35:54.524,1.40278,1.40297,1.69,1.13
2013.08.28 10:35:54.830,1.40278,1.40298,3.19,1.13
2013.08.28 10:35:55.132,1.4028,1.40294,1.50,1.32
2013.08.28 10:35:55.201,1.40269,1.40291,2.44,1.50
2013.08.28 10:35:55.263,1.40269,1.40292,2.44,2.25
2013.08.28 10:35:55.450,1.40272,1.40294,1.69,3.00
2013.08.28 10:35:55.690,1.40272,1.40293,1.69,1.50
2013.08.28 10:35:55.751,1.40271,1.40293,1.69,1.69
2013.08.28 10:35:55.990,1.40269,1.40292,2.82,2.07
2013.08.28 10:35:56.951,1.40269,1.40292,2.82,1.13
2013.08.28 10:35:57.251,1.40272,1.40292,1.50,1.50
2013.08.28 10:35:57.313,1.40272,1.40292,1.50,1.50
2013.08.28 10:35:57.992,1.40273,1.40293,3.19,1.69
2013.08.28 10:35:58.550,1.40275,1.40295,1.50,1.32
2013.08.28 10:35:58.962,1.40275,1.40294,1.50,1.24
2013.08.28 10:35:59.200,1.40272,1.40294,1.69,1.24
2013.08.28 10:35:59.955,1.40272,1.40294,2.44,1.24
2013.08.28 10:36:00.381,1.40274,1.40294,1.50,1.32
2013.08.28 10:36:00.898,1.40273,1.40292,1.69,1.05
2013.08.28 10:36:00.971,1.40268,1.40291,2.82,2.44
2013.08.28 10:36:01.162,1.40268,1.40286,1.13,1.99
2013.08.28 10:36:01.700,1.4027,1.40286,1.50,1.13
2013.08.28 10:36:02.232,1.4027,1.40286,1.50,1.13
2013.08.28 10:36:02.411,1.40272,1.40291,1.88,1.80
2013.08.28 10:36:02.471,1.40272,1.40291,3.38,1.05
2013.08.28 10:36:02.650,1.40274,1.40293,1.50,1.69
2013.08.28 10:36:03.202,1.40272,1.40292,1.88,1.69
2013.08.28 10:36:05.301,1.40273,1.40293,1.50,1.69
2013.08.28 10:36:05.841,1.40273,1.40292,1.50,1.69
2013.08.28 10:36:06.400,1.40275,1.40294,1.50,1.69
2013.08.28 10:36:06.520,1.40277,1.40294,1.50,1.69
2013.08.28 10:36:06.700,1.40275,1.40293,1.50,1.69
2013.08.28 10:36:06.819,1.40272,1.40293,1.88,1.69
2013.08.28 10:36:07.000,1.40274,1.40294,1.50,1.69
2013.08.28 10:36:07.199,1.40274,1.40293,1.50,1.69
2013.08.28 10:36:07.320,1.40274,1.40293,1.50,1.69
2013.08.28 10:36:09.070,1.40274,1.40294,1.69,1.69
2013.08.28 10:36:09.580,1.40275,1.40295,1.50,1.69
2013.08.28 10:36:10.233,1.40277,1.40296,1.50,1.69
2013.08.28 10:36:10.912,1.40277,1.40295,1.50,1.50
2013.08.28 10:36:11.240,1.40278,1.40298,1.50,1.69
2013.08.28 10:36:11.773,1.4028,1.40298,1.50,1.69
2013.08.28 10:36:13.630,1.40281,1.40299,2.25,1.32
2013.08.28 10:36:13.691,1.40282,1.40302,1.13,1.32
2013.08.28 10:36:13.990,1.40284,1.40304,2.25,1.50
2013.08.28 10:36:14.171,1.40284,1.40306,2.25,1.69
2013.08.28 10:36:14.529,1.40283,1.40306,1.69,2.44
2013.08.28 10:36:15.048,1.40283,1.40306,1.69,2.44
2013.08.28 10:36:15.480,1.40283,1.40304,1.69,1.69
2013.08.28 10:36:16.055,1.40283,1.40304,1.69,1.69
2013.08.28 10:36:16.570,1.40283,1.40304,1.69,1.69
2013.08.28 10:36:17.111,1.40283,1.40304,1.69,1.69
2013.08.28 10:36:18.960,1.40283,1.40304,2.07,1.69
2013.08.28 10:36:20.030,1.40283,1.40301,2.14,1.50
2013.08.28 10:36:20.150,1.40283,1.40299,1.13,2.25
2013.08.28 10:36:20.211,1.40279,1.40299,1.13,2.25
2013.08.28 10:36:20.570,1.40283,1.403,1.20,1.50
2013.08.28 10:36:20.929,1.40283,1.40306,3.38,2.44
2013.08.28 10:36:21.811,1.40284,1.40308,1.69,1.69
2013.08.28 10:36:22.362,1.40284,1.40307,1.69,1.32
2013.08.28 10:36:22.604,1.40284,1.40304,2.07,1.35
2013.08.28 10:36:22.674,1.40283,1.40297,1.50,1.50
2013.08.28 10:36:22.920,1.40283,1.40297,1.88,1.13
2013.08.28 10:36:23.100,1.40282,1.40296,1.13,1.88
2013.08.28 10:36:23.160,1.40275,1.40296,1.32,2.63
2013.08.28 10:36:23.220,1.40275,1.40296,1.69,3.38
2013.08.28 10:36:23.340,1.4027,1.40292,1.32,2.44
2013.08.28 10:36:23.402,1.40283,1.40295,1.13,1.32
2013.08.28 10:36:23.580,1.40283,1.40299,1.88,1.69
2013.08.28 10:36:23.640,1.40274,1.40296,2.18,1.32
2013.08.28 10:36:23.820,1.4027,1.40292,2.82,1.50
2013.08.28 10:36:23.880,1.4027,1.40291,2.07,1.50
2013.08.28 10:36:26.455,1.40269,1.40291,1.32,1.69
2013.08.28 10:36:26.582,1.40267,1.40287,1.69,1.35
2013.08.28 10:36:27.770,1.40265,1.40287,2.44,2.29
2013.08.28 10:36:30.230,1.40265,1.40286,1.32,1.88
2013.08.28 10:36:31.060,1.40265,1.40286,1.32,1.50
2013.08.28 10:36:31.617,1.40266,1.40287,2.07,2.10
2013.08.28 10:36:32.260,1.40266,1.40287,2.44,1.50
2013.08.28 10:36:32.380,1.40265,1.40282,1.50,1.13
2013.08.28 10:36:32.620,1.40262,1.4028,1.50,1.13
2013.08.28 10:36:33.040,1.40257,1.40279,1.69,1.69
2013.08.28 10:36:33.552,1.40258,1.4028,1.69,1.32
2013.08.28 10:36:34.541,1.4026,1.4028,1.50,1.32
2013.08.28 10:36:39.202,1.40258,1.40281,2.44,1.88
2013.08.28 10:36:39.991,1.40263,1.40281,1.69,1.13
2013.08.28 10:36:43.281,1.40261,1.40281,1.69,1.13
2013.08.28 10:36:43.905,1.40259,1.40281,3.94,1.13
2013.08.28 10:36:48.120,1.40261,1.40282,1.69,1.50
2013.08.28 10:36:51.681,1.40259,1.40282,2.07,2.63
2013.08.28 10:36:52.041,1.40261,1.40282,1.69,1.50
2013.08.28 10:36:52.821,1.40261,1.40283,1.69,1.54
2013.08.28 10:36:54.090,1.40259,1.40272,2.37,2.10
2013.08.28 10:36:54.211,1.40259,1.40269,1.99,1.35
2013.08.28 10:36:54.330,1.40256,1.40269,1.50,1.50
2013.08.28 10:36:54.451,1.40255,1.40268,2.25,1.54
2013.08.28 10:36:54.911,1.40247,1.40269,2.25,1.69
2013.08.28 10:36:54.981,1.40248,1.40269,1.50,1.69
2013.08.28 10:36:55.690,1.40249,1.4027,1.50,1.32
2013.08.28 10:36:56.930,1.40249,1.40269,1.50,1.50
2013.08.28 10:36:57.290,1.40248,1.4026,1.50,1.32
2013.08.28 10:36:57.471,1.40241,1.4026,1.50,1.32
2013.08.28 10:36:57.532,1.40239,1.4026,1.50,2.07
2013.08.28 10:36:57.650,1.40238,1.4026,2.25,1.32
2013.08.28 10:36:57.772,1.4024,1.40262,2.25,2.07
2013.08.28 10:36:58.072,1.40244,1.40265,1.50,1.69
2013.08.28 10:36:58.131,1.40244,1.40266,1.69,1.88
2013.08.28 10:36:58.432,1.40246,1.40267,1.69,1.32
2013.08.28 10:36:58.940,1.40244,1.40265,1.69,1.13
2013.08.28 10:36:59.650,1.40242,1.40265,2.07,1.50
2013.08.28 10:36:59.710,1.40242,1.40263,1.13,1.50
2013.08.28 10:37:00.120,1.40241,1.40259,1.32,1.50
2013.08.28 10:37:00.361,1.40234,1.40253,1.69,1.13
2013.08.28 10:37:00.671,1.40232,1.40253,1.69,1.13
2013.08.28 10:37:01.190,1.40233,1.40253,1.69,1.13
2013.08.28 10:37:02.740,1.40232,1.40253,2.44,1.13
2013.08.28 10:37:03.280,1.40231,1.40251,1.69,1.50
2013.08.28 10:37:03.461,1.4023,1.40252,1.69,1.69
2013.08.28 10:37:03.700,1.40229,1.40246,1.69,1.35
2013.08.28 10:37:04.000,1.40227,1.40248,1.13,1.69
2013.08.28 10:37:04.370,1.40225,1.40248,2.82,1.69
2013.08.28 10:37:05.013,1.40227,1.40248,1.13,1.69
2013.08.28 10:37:05.380,1.40226,1.40246,1.88,1.69
2013.08.28 10:37:05.441,1.40225,1.40243,1.69,1.13
2013.08.28 10:37:05.561,1.40221,1.40243,1.69,1.13
2013.08.28 10:37:05.681,1.40221,1.40243,1.69,1.13
2013.08.28 10:37:05.861,1.40224,1.40243,1.50,1.13
2013.08.28 10:37:05.980,1.40226,1.40246,1.50,1.32
2013.08.28 10:37:06.101,1.40228,1.40246,1.50,1.32
2013.08.28 10:37:06.460,1.40228,1.40239,3.19,1.50
2013.08.28 10:37:06.586,1.40221,1.40236,1.50,1.13
2013.08.28 10:37:06.659,1.40219,1.40235,1.88,1.13
2013.08.28 10:37:06.735,1.40221,1.40235,1.50,1.13
2013.08.28 10:37:07.045,1.40224,1.40239,1.50,1.13
2013.08.28 10:37:07.235,1.40216,1.40233,1.69,1.13
2013.08.28 10:37:07.781,1.40213,1.40233,3.19,1.13
2013.08.28 10:37:08.863,1.40213,1.40233,2.44,1.13
2013.08.28 10:37:09.579,1.40213,1.40236,2.44,1.69
2013.08.28 10:37:09.914,1.40217,1.40236,1.13,1.54
2013.08.28 10:37:10.221,1.40218,1.40239,1.69,1.50
2013.08.28 10:37:10.580,1.40221,1.4024,1.69,2.25
2013.08.28 10:37:10.760,1.40218,1.4024,1.69,2.25
2013.08.28 10:37:11.181,1.40219,1.40241,2.44,1.50
2013.08.28 10:37:11.733,1.40222,1.40245,1.69,3.57
2013.08.28 10:37:11.852,1.40224,1.40245,1.69,2.63
2013.08.28 10:37:11.910,1.40224,1.40245,2.44,1.88
2013.08.28 10:37:11.971,1.40225,1.40245,1.69,1.88
2013.08.28 10:37:12.272,1.4023,1.40247,1.50,1.13
2013.08.28 10:37:13.290,1.40228,1.40248,1.69,1.13
2013.08.28 10:37:13.410,1.40233,1.40253,1.13,1.32
2013.08.28 10:37:14.310,1.40228,1.4025,1.32,1.50
2013.08.28 10:37:14.922,1.40225,1.40247,1.69,1.50
2013.08.28 10:37:15.122,1.40225,1.40245,1.32,1.50
2013.08.28 10:37:15.301,1.40221,1.40243,2.44,1.50
2013.08.28 10:37:15.831,1.40222,1.40243,1.69,1.50
2013.08.28 10:37:16.391,1.40223,1.40245,1.69,1.54
2013.08.28 10:37:16.930,1.4022,1.40241,1.32,1.50
2013.08.28 10:37:17.110,1.40222,1.40243,1.50,3.04
2013.08.28 10:37:17.170,1.40222,1.40243,1.50,3.04
2013.08.28 10:37:17.411,1.40219,1.40242,1.32,1.69
2013.08.28 10:37:17.649,1.40221,1.40244,1.69,1.69
2013.08.28 10:37:18.070,1.40219,1.40242,1.32,2.44
2013.08.28 10:37:18.630,1.40221,1.40244,1.69,1.69
2013.08.28 10:37:19.151,1.40221,1.40241,1.50,1.69
2013.08.28 10:37:19.390,1.40221,1.40241,2.25,1.69
2013.08.28 10:37:19.691,1.40227,1.40244,1.50,1.69
2013.08.28 10:37:19.872,1.40228,1.40246,1.50,1.69
2013.08.28 10:37:19.934,1.40228,1.40246,1.50,1.50
2013.08.28 10:37:21.480,1.40227,1.40248,1.50,1.32
2013.08.28 10:37:24.991,1.40226,1.40248,2.44,2.63
2013.08.28 10:37:29.802,1.40231,1.40248,1.69,1.13
2013.08.28 10:37:30.535,1.40231,1.40252,1.69,2.44
2013.08.28 10:37:31.974,1.40232,1.40252,1.69,1.69
2013.08.28 10:37:32.680,1.40232,1.40253,2.44,1.13
2013.08.28 10:37:33.464,1.40232,1.40253,1.69,2.63
2013.08.28 10:37:33.951,1.40231,1.40253,2.29,3.38
2013.08.28 10:37:34.671,1.40231,1.40253,3.79,1.88
2013.08.28 10:37:35.030,1.40235,1.40253,1.69,1.13
2013.08.28 10:37:35.270,1.40243,1.40263,2.25,1.69
2013.08.28 10:37:35.451,1.40246,1.40263,1.50,1.69
2013.08.28 10:37:35.810,1.40249,1.40265,3.00,1.13
2013.08.28 10:37:36.340,1.40249,1.40265,1.50,1.13
2013.08.28 10:37:37.162,1.40248,1.40265,1.50,1.13
2013.08.28 10:37:38.030,1.40245,1.40266,2.25,2.67
2013.08.28 10:37:38.370,1.40245,1.40266,1.50,3.42
2013.08.28 10:37:38.512,1.40245,1.40266,1.50,3.42
2013.08.28 10:37:39.699,1.40245,1.40265,1.50,1.50
2013.08.28 10:37:39.820,1.40245,1.40265,1.50,1.50
2013.08.28 10:37:41.870,1.40244,1.40262,1.69,1.50
2013.08.28 10:37:42.181,1.40246,1.40263,1.50,2.44
2013.08.28 10:37:42.301,1.40238,1.4026,2.07,1.50
2013.08.28 10:37:42.480,1.40238,1.40257,1.13,1.69
2013.08.28 10:37:42.781,1.40238,1.40254,1.13,1.69
2013.08.28 10:37:42.960,1.40233,1.40253,2.07,2.07
2013.08.28 10:37:43.503,1.40233,1.40253,2.44,1.32
2013.08.28 10:37:43.621,1.40235,1.40253,1.50,1.32
2013.08.28 10:37:43.922,1.40238,1.40258,1.13,2.82
2013.08.28 10:37:43.981,1.40238,1.40258,1.13,2.07
2013.08.28 10:37:46.975,1.40238,1.40258,1.13,2.25
2013.08.28 10:37:47.644,1.40237,1.40258,1.32,1.13
2013.08.28 10:37:51.420,1.40236,1.40258,1.32,2.44
2013.08.28 10:37:53.090,1.40236,1.40258,1.32,3.19
2013.08.28 10:37:55.620,1.40233,1.40251,1.32,1.50
2013.08.28 10:37:55.681,1.4023,1.40251,1.69,1.50
2013.08.28 10:37:55.881,1.4023,1.40251,1.69,2.25
2013.08.28 10:37:55.940,1.4023,1.40244,1.13,1.13
2013.08.28 10:37:56.451,1.40228,1.40244,1.69,1.13
2013.08.28 10:37:57.051,1.40232,1.40244,1.50,1.13
2013.08.28 10:37:57.431,1.40232,1.40244,1.50,1.13
2013.08.28 10:37:57.730,1.4023,1.40244,1.50,1.88
2013.08.28 10:37:57.971,1.4023,1.40244,1.50,1.13
2013.08.28 10:37:58.550,1.4023,1.40244,1.50,1.88
2013.08.28 10:37:59.481,1.4023,1.40244,1.50,1.88
2013.08.28 10:37:59.600,1.40227,1.40244,1.69,1.88
2013.08.28 10:37:59.660,1.40226,1.40244,1.69,1.88
2013.08.28 10:38:00.410,1.40226,1.40244,1.50,2.07
2013.08.28 10:38:01.083,1.40223,1.40244,1.69,2.07
2013.08.28 10:38:02.690,1.40225,1.40244,1.50,2.07
2013.08.28 10:38:08.862,1.40225,1.40244,1.50,1.88
2013.08.28 10:38:09.253,1.40228,1.40244,1.50,1.13
2013.08.28 10:38:09.490,1.40228,1.40241,1.50,1.35
2013.08.28 10:38:09.671,1.40229,1.40241,1.50,1.54
2013.08.28 10:38:09.851,1.40228,1.40246,1.50,1.13
2013.08.28 10:38:10.864,1.40224,1.40246,2.44,1.13
2013.08.28 10:38:15.760,1.40224,1.40244,1.50,1.50
2013.08.28 10:38:15.880,1.40222,1.40244,1.69,1.50
2013.08.28 10:38:19.030,1.40221,1.40242,1.69,1.50
2013.08.28 10:38:21.391,1.40222,1.40244,1.32,1.50
2013.08.28 10:38:21.633,1.40225,1.40239,1.13,1.50
2013.08.28 10:38:21.990,1.40224,1.40243,1.32,1.88
2013.08.28 10:38:22.111,1.40224,1.40247,2.07,1.69
2013.08.28 10:38:22.846,1.40227,1.4025,2.25,1.32
2013.08.28 10:38:24.340,1.40228,1.40248,1.50,1.69
2013.08.28 10:38:25.842,1.40229,1.40251,1.88,1.69
2013.08.28 10:38:27.940,1.40231,1.40252,1.13,2.44
2013.08.28 10:38:29.150,1.40229,1.40252,2.82,2.44
2013.08.28 10:38:29.671,1.40232,1.40254,2.25,2.07
2013.08.28 10:38:30.175,1.40233,1.40254,2.25,1.32
2013.08.28 10:38:30.242,1.40233,1.40257,2.44,2.67
2013.08.28 10:38:30.960,1.40234,1.40257,2.44,3.42
2013.08.28 10:38:31.080,1.40235,1.40257,1.69,3.23
2013.08.28 10:38:38.820,1.40235,1.40256,1.69,1.13
2013.08.28 10:38:38.880,1.40239,1.40259,1.13,1.69
2013.08.28 10:38:39.060,1.40239,1.4026,1.32,1.88
2013.08.28 10:38:39.180,1.40239,1.4026,1.32,1.13
2013.08.28 10:38:39.796,1.40239,1.40263,2.07,2.07
2013.08.28 10:38:40.340,1.40239,1.40261,2.07,3.19
2013.08.28 10:38:41.090,1.40239,1.4026,1.32,1.65
2013.08.28 10:38:41.331,1.40236,1.40257,1.32,1.50
2013.08.28 10:38:41.690,1.40236,1.40254,1.32,1.50
2013.08.28 10:38:41.750,1.40236,1.40257,1.32,1.50
2013.08.28 10:38:42.621,1.40236,1.40257,1.32,1.50
2013.08.28 10:38:43.100,1.40238,1.40256,1.13,1.50
2013.08.28 10:38:43.400,1.40237,1.40253,1.13,1.13
2013.08.28 10:38:43.701,1.40228,1.40247,1.50,1.32
2013.08.28 10:38:44.062,1.40227,1.40249,1.50,2.07
2013.08.28 10:38:46.895,1.40228,1.40247,1.50,1.13
2013.08.28 10:38:47.201,1.40225,1.40246,1.69,1.05
2013.08.28 10:38:47.740,1.40222,1.40245,3.19,1.50
2013.08.28 10:38:50.464,1.40222,1.40246,2.44,1.99
2013.08.28 10:38:50.790,1.40224,1.40247,2.44,2.82
2013.08.28 10:38:52.163,1.40224,1.40247,3.19,2.82
2013.08.28 10:38:52.521,1.40225,1.40247,2.44,1.32
2013.08.28 10:38:57.490,1.4023,1.40253,1.69,3.19
2013.08.28 10:38:57.975,1.40232,1.40253,2.07,1.32
2013.08.28 10:38:58.162,1.40234,1.40257,2.44,2.89
2013.08.28 10:38:58.580,1.40237,1.40257,2.44,1.58
2013.08.28 10:38:58.641,1.40239,1.40257,1.50,1.58
2013.08.28 10:38:58.942,1.40243,1.40258,1.69,1.13
2013.08.28 10:38:59.524,1.40241,1.40261,1.69,1.13
2013.08.28 10:39:00.083,1.40241,1.40261,1.69,1.13
2013.08.28 10:39:00.402,1.40238,1.4026,1.69,1.73
2013.08.28 10:39:01.540,1.40238,1.40259,2.44,1.32
2013.08.28 10:39:02.575,1.40238,1.40257,1.69,1.88
2013.08.28 10:39:02.642,1.40237,1.40257,1.69,1.13
2013.08.28 10:39:02.701,1.40238,1.4026,2.44,2.07
2013.08.28 10:39:03.245,1.40238,1.40258,1.69,1.13
2013.08.28 10:39:03.790,1.40239,1.4026,1.69,1.13
2013.08.28 10:39:04.586,1.40239,1.4026,1.69,1.13
2013.08.28 10:39:05.557,1.40239,1.4026,1.69,1.13
2013.08.28 10:39:07.419,1.40239,1.4026,1.69,1.13
2013.08.28 10:39:08.271,1.4024,1.4026,1.50,1.13
2013.08.28 10:39:09.370,1.40241,1.40263,2.44,1.32
2013.08.28 10:39:09.905,1.40241,1.40265,2.44,3.57
2013.08.28 10:39:11.104,1.40245,1.40265,1.50,1.32
2013.08.28 10:39:11.695,1.40244,1.40264,2.44,1.13
2013.08.28 10:39:12.150,1.40248,1.40267,1.50,1.17
2013.08.28 10:39:12.210,1.40248,1.40268,1.50,2.29
2013.08.28 10:39:12.271,1.40249,1.40268,2.44,1.50
2013.08.28 10:39:12.511,1.4025,1.40272,2.44,1.73
2013.08.28 10:39:12.570,1.40249,1.40269,2.44,1.50
2013.08.28 10:39:12.694,1.40249,1.40269,1.50,1.69
2013.08.28 10:39:12.761,1.40246,1.40269,1.69,1.69
2013.08.28 10:39:12.881,1.40244,1.40266,2.82,1.50
2013.08.28 10:39:13.041,1.40244,1.40265,2.07,1.50
2013.08.28 10:39:13.774,1.40245,1.40266,1.69,2.25
2013.08.28 10:39:14.282,1.40244,1.40265,1.13,1.69
2013.08.28 10:39:14.641,1.40243,1.40257,1.13,1.50
2013.08.28 10:39:14.703,1.40235,1.40257,2.44,2.25
2013.08.28 10:39:15.240,1.40235,1.40255,1.69,1.50
2013.08.28 10:39:15.300,1.40235,1.40256,1.69,2.85
2013.08.28 10:39:16.094,1.40235,1.40256,1.69,2.10
2013.08.28 10:39:16.941,1.40235,1.40256,1.69,1.35
2013.08.28 10:39:17.481,1.40236,1.40259,2.07,2.48
2013.08.28 10:39:17.541,1.40236,1.40259,2.07,1.73
2013.08.28 10:39:17.840,1.40237,1.40259,1.69,2.48
2013.08.28 10:39:17.960,1.40236,1.40256,1.69,1.35
2013.08.28 10:39:19.900,1.40235,1.40257,1.69,1.35
2013.08.28 10:39:20.400,1.40235,1.40256,1.69,1.35
2013.08.28 10:39:24.780,1.40237,1.40257,1.50,1.54
2013.08.28 10:39:25.213,1.40238,1.40259,1.69,1.13
2013.08.28 10:39:25.451,1.40238,1.40258,2.25,1.77
2013.08.28 10:39:25.570,1.40237,1.40258,1.69,1.77
2013.08.28 10:39:26.190,1.40234,1.40257,2.44,2.29
2013.08.28 10:39:27.420,1.40236,1.40257,1.32,1.54
2013.08.28 10:39:28.214,1.40238,1.40258,1.13,1.69
2013.08.28 10:39:33.609,1.40237,1.40257,1.24,1.50
2013.08.28 10:39:38.430,1.40239,1.40258,1.13,1.69
2013.08.28 10:39:38.960,1.40239,1.40258,1.13,1.69
2013.08.28 10:39:39.142,1.40239,1.40261,1.32,2.44
2013.08.28 10:39:39.321,1.40234,1.40257,2.63,3.19
2013.08.28 10:39:39.622,1.40234,1.40253,1.13,1.69
2013.08.28 10:39:42.072,1.40239,1.40253,1.13,1.69
2013.08.28 10:39:42.370,1.40239,1.40258,1.13,1.69
2013.08.28 10:39:42.432,1.40239,1.40261,1.32,1.69
2013.08.28 10:39:42.731,1.40239,1.40261,2.07,1.69
2013.08.28 10:39:43.273,1.40239,1.40261,2.07,2.25
2013.08.28 10:39:43.972,1.40239,1.4026,1.13,1.69
2013.08.28 10:39:44.151,1.40237,1.40259,1.32,2.25
2013.08.28 10:39:45.090,1.40237,1.40257,1.32,1.50
2013.08.28 10:39:45.990,1.40239,1.40259,1.13,1.69
2013.08.28 10:39:46.550,1.40237,1.40259,1.32,2.44
2013.08.28 10:39:50.179,1.40235,1.40259,1.69,2.44
2013.08.28 10:39:52.173,1.40236,1.4026,1.69,2.82
2013.08.28 10:39:53.275,1.40236,1.4026,1.69,2.07
2013.08.28 10:39:53.640,1.40236,1.40261,1.69,2.82
2013.08.28 10:39:54.491,1.40239,1.40261,1.69,1.69
2013.08.28 10:39:54.971,1.40238,1.40259,2.25,2.29
2013.08.28 10:39:55.214,1.40234,1.40257,2.25,1.69
2013.08.28 10:39:55.520,1.40236,1.4026,1.69,1.69
2013.08.28 10:39:57.872,1.40238,1.40259,1.50,1.54
2013.08.28 10:39:58.112,1.40232,1.40252,2.63,2.07
2013.08.28 10:39:59.490,1.40232,1.40252,2.25,1.69
2013.08.28 10:40:00.002,1.40233,1.40252,1.69,1.13
2013.08.28 10:40:00.357,1.40234,1.40254,1.50,1.13
2013.08.28 10:40:00.681,1.40234,1.40255,1.50,1.32
2013.08.28 10:40:00.921,1.40236,1.40254,1.50,1.13
2013.08.28 10:40:01.462,1.40236,1.40252,1.13,1.50
2013.08.28 10:40:01.700,1.40236,1.40256,1.13,1.69
2013.08.28 10:40:01.940,1.40236,1.40256,1.13,1.50
2013.08.28 10:40:02.250,1.40236,1.40255,1.13,1.50
2013.08.28 10:40:02.551,1.40236,1.40253,1.13,1.50
2013.08.28 10:40:03.780,1.40236,1.40254,1.13,1.69
2013.08.28 10:40:04.142,1.40236,1.40255,1.13,1.69
2013.08.28 10:40:04.383,1.40236,1.40258,1.13,2.44
2013.08.28 10:40:04.961,1.40236,1.40259,2.63,2.44
2013.08.28 10:40:06.221,1.40236,1.40259,2.63,1.69
2013.08.28 10:40:07.962,1.40236,1.40259,2.82,1.69
2013.08.28 10:40:09.830,1.40236,1.40259,2.07,1.69
2013.08.28 10:40:10.491,1.40236,1.40258,1.32,1.50
2013.08.28 10:40:13.113,1.40236,1.40257,1.32,2.10
2013.08.28 10:40:13.172,1.40236,1.40257,1.32,2.85
2013.08.28 10:40:13.351,1.40236,1.40256,1.13,1.69
2013.08.28 10:40:13.411,1.40235,1.40257,1.32,2.44
2013.08.28 10:40:13.472,1.40236,1.40257,1.13,1.69
2013.08.28 10:40:13.830,1.40232,1.40253,2.07,1.50
2013.08.28 10:40:13.952,1.40232,1.40251,1.69,1.13
2013.08.28 10:40:14.011,1.4023,1.40249,1.32,2.25
2013.08.28 10:40:14.615,1.40226,1.40249,3.19,2.25
2013.08.28 10:40:15.327,1.40226,1.40247,3.19,1.50
2013.08.28 10:40:15.452,1.40226,1.40247,2.44,1.50
2013.08.28 10:40:16.000,1.40225,1.40246,2.82,1.50
2013.08.28 10:40:16.701,1.40226,1.40247,1.69,2.25
2013.08.28 10:40:18.850,1.40225,1.40247,1.32,2.44
2013.08.28 10:40:19.210,1.40225,1.40245,1.32,1.80
2013.08.28 10:40:19.570,1.40226,1.40247,1.50,1.69
2013.08.28 10:40:20.200,1.40226,1.40248,1.69,1.69
2013.08.28 10:40:20.460,1.40228,1.40249,1.69,1.69
2013.08.28 10:40:20.640,1.40227,1.40249,1.69,1.69
2013.08.28 10:40:21.051,1.40225,1.40245,2.07,1.50
2013.08.28 10:40:22.459,1.40225,1.40247,2.07,2.25
2013.08.28 10:40:22.777,1.40225,1.40245,2.07,1.50
2013.08.28 10:40:23.114,1.40227,1.40248,1.69,1.69
2013.08.28 10:40:23.301,1.4023,1.40253,3.19,1.32
2013.08.28 10:40:23.361,1.40234,1.40251,1.50,1.13
2013.08.28 10:40:23.604,1.40228,1.40239,1.50,1.13
2013.08.28 10:40:23.674,1.40232,1.40239,1.50,1.13
2013.08.28 10:40:24.103,1.40227,1.40239,1.50,1.59
2013.08.28 10:40:24.164,1.40223,1.40241,1.50,1.59
2013.08.28 10:40:24.473,1.40224,1.40242,2.25,1.32
2013.08.28 10:40:24.831,1.40229,1.40245,1.50,1.67
2013.08.28 10:40:25.110,1.40227,1.40245,1.50,1.67
2013.08.28 10:40:25.290,1.40223,1.40244,1.69,2.07
2013.08.28 10:40:27.501,1.40222,1.40244,3.57,1.32
2013.08.28 10:40:27.804,1.40225,1.40244,1.50,1.32
2013.08.28 10:40:28.780,1.4022,1.40241,1.69,2.34
2013.08.28 10:40:28.841,1.4022,1.40241,1.69,2.34
2013.08.28 10:40:29.200,1.40223,1.40243,1.50,2.07
2013.08.28 10:40:30.914,1.4022,1.40243,2.25,1.32
2013.08.28 10:40:37.027,1.40221,1.40243,1.69,2.82
2013.08.28 10:40:37.841,1.40221,1.40241,1.69,1.32
2013.08.28 10:40:38.361,1.40218,1.40241,1.69,2.07
2013.08.28 10:40:39.300,1.40219,1.40242,2.44,1.69
2013.08.28 10:40:42.250,1.40219,1.40243,1.50,2.44
2013.08.28 10:40:51.170,1.4022,1.40243,1.50,1.69
2013.08.28 10:40:54.891,1.4022,1.40241,1.50,1.69
2013.08.28 10:40:54.952,1.4022,1.40241,1.50,1.96
2013.08.28 10:40:55.191,1.4022,1.40236,1.50,1.69
2013.08.28 10:40:55.311,1.40217,1.40237,1.13,2.44
2013.08.28 10:40:55.791,1.40217,1.40237,1.20,1.50
2013.08.28 10:40:56.332,1.4022,1.40241,2.25,1.69
2013.08.28 10:40:56.944,1.4022,1.40241,2.25,1.69
2013.08.28 10:40:57.871,1.40221,1.40241,1.50,1.69
2013.08.28 10:40:58.523,1.40221,1.40243,1.50,1.69
2013.08.28 10:40:59.863,1.40224,1.40239,1.50,2.10
2013.08.28 10:41:00.102,1.4022,1.40239,2.25,2.67
2013.08.28 10:41:04.061,1.4022,1.40236,1.50,2.10
2013.08.28 10:41:04.180,1.4022,1.40236,1.50,2.29
2013.08.28 10:41:06.429,1.4022,1.40237,1.50,1.54
2013.08.28 10:41:06.611,1.40217,1.40237,1.88,1.54
2013.08.28 10:41:06.672,1.40215,1.40236,1.69,1.32
2013.08.28 10:41:06.851,1.40211,1.40232,2.44,1.32
2013.08.28 10:41:07.151,1.40213,1.40234,1.50,1.96
2013.08.28 10:41:07.512,1.40216,1.40236,2.25,1.32
2013.08.28 10:41:08.960,1.40213,1.40235,1.50,1.96
2013.08.28 10:41:16.683,1.40213,1.40234,1.50,1.96
2013.08.28 10:41:17.611,1.40212,1.40234,1.69,1.96
2013.08.28 10:41:20.861,1.40212,1.40235,1.69,2.79
2013.08.28 10:41:21.551,1.4021,1.4023,2.44,1.50
2013.08.28 10:41:21.670,1.4021,1.4023,1.69,1.50
2013.08.28 10:41:22.210,1.40211,1.4023,1.69,1.50
2013.08.28 10:41:23.472,1.40211,1.40233,1.69,1.32
2013.08.28 10:41:24.342,1.40211,1.40233,1.69,1.32
2013.08.28 10:41:25.180,1.4021,1.40232,1.69,1.16
2013.08.28 10:41:25.921,1.4021,1.40232,1.69,1.91
2013.08.28 10:41:26.460,1.40206,1.40227,1.13,1.69
2013.08.28 10:41:26.992,1.402,1.40225,2.44,2.25
2013.08.28 10:41:27.351,1.402,1.40222,2.07,2.10
2013.08.28 10:41:27.661,1.40198,1.40218,1.32,2.25
2013.08.28 10:41:27.840,1.40198,1.40218,1.32,1.50
2013.08.28 10:41:28.411,1.40199,1.40221,1.13,1.69
2013.08.28 10:41:30.581,1.40201,1.40222,3.57,1.69
2013.08.28 10:41:30.701,1.40202,1.40225,2.07,1.69
2013.08.28 10:41:30.760,1.40204,1.40227,1.69,1.69
2013.08.28 10:41:31.180,1.40204,1.40227,2.07,1.69
2013.08.28 10:41:31.751,1.40204,1.40227,2.07,1.69
2013.08.28 10:41:32.862,1.40205,1.40228,2.82,2.29
2013.08.28 10:41:33.190,1.40205,1.40228,2.82,2.29
2013.08.28 10:41:33.311,1.40205,1.40225,1.32,1.50
2013.08.28 10:41:33.610,1.40204,1.40228,2.44,3.04
2013.08.28 10:41:36.042,1.40204,1.40228,3.19,2.44
2013.08.28 10:41:36.102,1.40206,1.40228,1.50,1.69
2013.08.28 10:41:38.283,1.40207,1.40229,2.44,1.32
2013.08.28 10:41:38.922,1.40209,1.40231,1.69,1.32
2013.08.28 10:41:39.457,1.40209,1.40231,1.69,1.32
2013.08.28 10:41:40.704,1.40208,1.40231,2.44,1.32
2013.08.28 10:41:41.150,1.40208,1.4023,1.69,1.69
2013.08.28 10:41:42.297,1.40209,1.40231,1.69,1.32
2013.08.28 10:41:44.641,1.40211,1.40231,1.50,1.13
2013.08.28 10:41:45.161,1.4021,1.40231,2.44,1.13
2013.08.28 10:41:45.401,1.40212,1.40231,1.50,1.13
2013.08.28 10:41:45.760,1.40207,1.4023,3.19,1.69
2013.08.28 10:41:46.840,1.40209,1.4023,1.69,1.24
2013.08.28 10:41:50.051,1.40209,1.4023,1.69,1.24
2013.08.28 10:41:50.233,1.40211,1.40232,1.50,2.37
2013.08.28 10:41:50.422,1.40219,1.40241,1.50,1.92
2013.08.28 10:41:50.481,1.4022,1.40241,1.50,1.54
2013.08.28 10:41:50.541,1.40221,1.40241,1.50,1.54
2013.08.28 10:41:50.661,1.40223,1.40241,1.50,1.54
2013.08.28 10:41:51.261,1.40221,1.40241,1.50,1.54
2013.08.28 10:41:53.031,1.40221,1.4024,1.50,1.69
2013.08.28 10:41:53.292,1.40217,1.40237,1.50,1.69
2013.08.28 10:41:53.470,1.40219,1.40241,1.50,2.44
2013.08.28 10:41:54.020,1.4022,1.40241,1.50,1.69
2013.08.28 10:41:57.571,1.4022,1.40242,1.50,1.69
2013.08.28 10:41:57.931,1.40217,1.40238,1.32,1.05
2013.08.28 10:41:59.301,1.40217,1.4024,2.07,1.24
2013.08.28 10:41:59.360,1.40219,1.40242,3.19,1.69
2013.08.28 10:41:59.540,1.40224,1.40243,1.50,1.32
2013.08.28 10:42:00.104,1.40219,1.4024,1.69,1.05
2013.08.28 10:42:00.172,1.40221,1.40242,1.69,1.24
2013.08.28 10:42:00.352,1.40222,1.40243,2.25,1.32
2013.08.28 10:42:01.091,1.40223,1.40243,2.25,1.32
2013.08.28 10:42:02.191,1.40223,1.40243,2.25,1.32
2013.08.28 10:42:02.906,1.40225,1.40243,1.50,1.32
2013.08.28 10:42:03.577,1.40225,1.40243,1.50,1.32
2013.08.28 10:42:03.823,1.40225,1.40243,1.50,3.12
2013.08.28 10:42:03.881,1.4022,1.40242,1.50,1.69
2013.08.28 10:42:04.424,1.4022,1.4024,2.25,1.69
2013.08.28 10:42:05.900,1.40221,1.40239,1.50,1.69
2013.08.28 10:42:06.081,1.40217,1.40238,2.07,1.50
2013.08.28 10:42:06.200,1.40217,1.40238,1.88,3.19
2013.08.28 10:42:06.320,1.40218,1.40237,1.50,1.69
2013.08.28 10:42:06.500,1.40221,1.4024,1.50,1.99
2013.08.28 10:42:09.483,1.40221,1.40242,1.50,2.44
2013.08.28 10:42:09.615,1.40221,1.40242,1.50,2.44
2013.08.28 10:42:09.801,1.40221,1.4024,1.50,1.24
2013.08.28 10:42:17.881,1.4022,1.40241,2.25,1.32
2013.08.28 10:42:24.783,1.4022,1.40241,2.25,2.07
2013.08.28 10:42:28.530,1.4022,1.4024,1.50,3.04
2013.08.28 10:42:32.320,1.4022,1.4024,1.50,2.29
2013.08.28 10:42:32.732,1.40218,1.40239,1.69,1.69
2013.08.28 10:42:32.791,1.40217,1.40239,2.44,2.44
2013.08.28 10:42:32.852,1.40217,1.40234,1.69,1.35
2013.08.28 10:42:33.091,1.40215,1.40234,1.88,2.29
2013.08.28 10:42:34.191,1.40211,1.40231,1.50,2.07
2013.08.28 10:42:34.493,1.40205,1.40226,1.13,1.69
2013.08.28 10:42:35.031,1.40205,1.40228,1.13,2.44
2013.08.28 10:42:35.091,1.40206,1.40228,1.50,2.44
2013.08.28 10:42:36.481,1.40208,1.40229,1.50,2.44
2013.08.28 10:42:36.541,1.40208,1.40229,1.50,2.44
2013.08.28 10:42:36.900,1.40205,1.40223,1.13,1.69
2013.08.28 10:42:41.180,1.40205,1.40226,1.13,3.94
2013.08.28 10:42:43.921,1.40205,1.40226,1.13,2.44
2013.08.28 10:42:44.222,1.40205,1.40224,1.39,1.50
2013.08.28 10:42:44.281,1.40205,1.40226,1.39,2.82
2013.08.28 10:42:44.461,1.40204,1.40224,1.32,1.50
2013.08.28 10:42:44.702,1.40205,1.40224,1.32,1.50
2013.08.28 10:42:45.181,1.40207,1.40227,2.25,2.44
2013.08.28 10:42:46.102,1.40208,1.40227,1.58,1.69
2013.08.28 10:42:46.341,1.4021,1.4023,1.50,2.44
2013.08.28 10:42:46.461,1.4021,1.4023,5.33,1.69
2013.08.28 10:42:46.582,1.40215,1.40231,1.50,1.32
2013.08.28 10:42:46.642,1.40215,1.40235,1.88,2.44
2013.08.28 10:42:46.762,1.40215,1.40235,2.63,1.69
2013.08.28 10:42:47.120,1.40216,1.40235,1.50,1.69
2013.08.28 10:42:47.678,1.40215,1.40236,2.63,2.44
2013.08.28 10:42:47.921,1.40216,1.40236,1.50,1.69
2013.08.28 10:42:49.553,1.40218,1.40236,1.50,1.69
2013.08.28 10:42:49.621,1.40217,1.40237,1.50,1.69
2013.08.28 10:42:50.363,1.40216,1.40233,1.50,1.13
2013.08.28 10:42:50.721,1.40215,1.40229,1.13,2.44
2013.08.28 10:42:51.261,1.40207,1.40228,3.00,1.69
2013.08.28 10:42:53.432,1.40209,1.40227,1.50,1.69
2013.08.28 10:42:54.391,1.40213,1.40228,1.13,1.69
2013.08.28 10:42:58.982,1.40209,1.40228,1.50,2.44
2013.08.28 10:42:59.647,1.40208,1.40226,1.50,1.50
2013.08.28 10:43:02.241,1.40208,1.40226,1.50,2.44
2013.08.28 10:43:02.540,1.40208,1.40226,1.13,2.44
2013.08.28 10:43:03.172,1.40208,1.40225,1.13,1.69
2013.08.28 10:43:03.650,1.40204,1.40223,1.13,1.69
2013.08.28 10:43:08.011,1.402,1.40222,1.69,2.44
2013.08.28 10:43:08.193,1.402,1.40222,2.44,2.44
2013.08.28 10:43:12.891,1.40206,1.40228,1.32,1.69
2013.08.28 10:43:12.955,1.40208,1.40228,1.13,2.44
2013.08.28 10:43:13.381,1.4021,1.40231,2.25,2.07
2013.08.28 10:43:13.900,1.40211,1.40233,1.50,1.69
2013.08.28 10:43:14.321,1.40209,1.40231,2.44,1.69
2013.08.28 10:43:14.500,1.40211,1.40233,1.50,1.32
2013.08.28 10:43:15.100,1.40209,1.40233,1.69,1.69
2013.08.28 10:43:15.281,1.40209,1.40233,1.69,1.69
2013.08.28 10:43:15.700,1.40208,1.40232,3.57,3.94
2013.08.28 10:43:16.071,1.40208,1.40231,1.32,2.82
2013.08.28 10:43:16.251,1.40208,1.40231,2.82,2.82
2013.08.28 10:43:16.731,1.40211,1.4023,1.69,1.50
2013.08.28 10:43:16.975,1.40211,1.40234,2.44,1.32
2013.08.28 10:43:17.639,1.40213,1.40236,1.32,2.44
2013.08.28 10:43:17.867,1.40213,1.40235,1.32,1.69
2013.08.28 10:43:18.173,1.40213,1.40233,1.13,3.94
2013.08.28 10:43:18.411,1.40212,1.40231,1.13,1.69
2013.08.28 10:43:18.653,1.40209,1.40232,1.32,3.57
2013.08.28 10:43:19.012,1.40205,1.40224,2.44,1.50
2013.08.28 10:43:20.423,1.40205,1.40227,1.69,2.44
2013.08.28 10:43:22.743,1.40204,1.40225,1.32,1.69
2013.08.28 10:43:22.801,1.40204,1.40226,1.69,2.07
2013.08.28 10:43:23.992,1.40203,1.40225,1.69,2.44
2013.08.28 10:43:24.053,1.40202,1.40225,2.44,2.44
2013.08.28 10:43:24.712,1.402,1.40224,3.57,1.69
2013.08.28 10:43:29.771,1.40203,1.40225,1.69,2.44
2013.08.28 10:43:31.960,1.40201,1.40222,2.07,1.69
2013.08.28 10:43:32.503,1.40201,1.40222,2.82,1.50
2013.08.28 10:43:37.651,1.40201,1.40224,2.07,2.44
2013.08.28 10:43:39.982,1.40201,1.40225,2.07,1.69
2013.08.28 10:43:40.531,1.40206,1.40228,1.50,1.69
2013.08.28 10:43:40.654,1.40206,1.40229,1.69,2.07
2013.08.28 10:43:40.842,1.40208,1.4023,1.13,3.19
2013.08.28 10:43:41.201,1.4021,1.40231,1.32,1.69
2013.08.28 10:43:41.717,1.40212,1.40234,1.32,2.44
2013.08.28 10:43:42.300,1.40212,1.40234,1.32,1.69
2013.08.28 10:43:44.358,1.40212,1.40234,1.32,2.44
2013.08.28 10:43:47.014,1.40212,1.40234,1.32,1.69
2013.08.28 10:43:47.971,1.40212,1.40234,1.32,1.69
2013.08.28 10:43:48.512,1.40208,1.40229,1.32,1.50
2013.08.28 10:43:48.871,1.40209,1.4023,2.07,1.69
2013.08.28 10:43:49.570,1.4021,1.40231,1.13,1.69
2013.08.28 10:43:49.750,1.4021,1.40232,2.07,1.69
2013.08.28 10:43:50.466,1.4021,1.40233,2.82,1.69
2013.08.28 10:43:50.808,1.40213,1.40235,2.25,3.19
2013.08.28 10:43:52.304,1.40213,1.40235,1.50,2.44
2013.08.28 10:43:55.741,1.40213,1.40235,1.69,2.44
2013.08.28 10:44:00.054,1.40212,1.40234,1.69,1.50
2013.08.28 10:44:00.361,1.40211,1.40232,1.32,2.44
2013.08.28 10:44:00.962,1.40209,1.4023,2.07,1.50
2013.08.28 10:44:05.953,1.40209,1.40229,1.32,2.44
2013.08.28 10:44:06.287,1.40204,1.40225,2.44,1.50
2013.08.28 10:44:06.911,1.40204,1.40224,1.84,1.50
2013.08.28 10:44:07.453,1.40204,1.40226,2.44,3.19
2013.08.28 10:44:07.768,1.40204,1.40224,2.44,1.69
2013.08.28 10:44:07.891,1.40204,1.40225,1.69,1.69
2013.08.28 10:44:08.430,1.40204,1.40224,2.59,1.69
2013.08.28 10:44:10.270,1.40204,1.40225,1.84,1.69
2013.08.28 10:44:12.681,1.40204,1.40225,1.47,1.50
2013.08.28 10:44:13.331,1.40204,1.40226,2.22,1.50
2013.08.28 10:44:15.092,1.40204,1.40225,1.32,1.50
2013.08.28 10:44:15.461,1.40204,1.40225,1.32,1.50
2013.08.28 10:44:16.070,1.40204,1.40225,1.32,1.50
2013.08.28 10:44:16.130,1.40204,1.40224,1.32,1.50
2013.08.28 10:44:16.671,1.40201,1.40221,1.32,1.50
2013.08.28 10:44:17.326,1.402,1.40221,1.69,1.50
2013.08.28 10:44:19.603,1.40203,1.40223,1.32,2.44
2013.08.28 10:44:20.160,1.40203,1.40223,1.32,1.69
2013.08.28 10:44:20.461,1.40204,1.40226,1.69,1.69
2013.08.28 10:44:20.916,1.40204,1.40224,1.69,1.50
2013.08.28 10:44:21.620,1.40203,1.40225,3.57,1.69
2013.08.28 10:44:22.187,1.40203,1.40227,3.57,2.44
2013.08.28 10:44:22.532,1.40203,1.40225,2.07,2.44
2013.08.28 10:44:27.761,1.40202,1.40223,1.35,1.50
2013.08.28 10:44:28.300,1.40203,1.40222,1.32,1.50
2013.08.28 10:44:32.791,1.40202,1.40223,2.07,1.50
2013.08.28 10:44:43.741,1.40201,1.40221,2.07,1.50
2013.08.28 10:44:44.354,1.40201,1.40221,2.07,1.69
2013.08.28 10:44:45.341,1.40201,1.40221,1.32,2.44
2013.08.28 10:44:45.892,1.40202,1.40219,1.32,1.50
2013.08.28 10:44:45.954,1.40202,1.40219,1.32,1.50
2013.08.28 10:44:46.141,1.40204,1.40225,1.50,1.69
2013.08.28 10:44:47.761,1.40208,1.40225,1.50,1.50
2013.08.28 10:44:47.881,1.40207,1.40226,1.69,1.50
2013.08.28 10:44:51.130,1.40206,1.40227,2.44,1.50
2013.08.28 10:44:51.372,1.40204,1.40224,1.69,1.50
2013.08.28 10:44:55.092,1.40203,1.40222,1.69,1.50
2013.08.28 10:44:55.271,1.40203,1.40221,1.69,2.25
2013.08.28 10:44:59.002,1.40202,1.40221,2.07,2.25
2013.08.28 10:44:59.301,1.40204,1.40225,1.32,2.44
2013.08.28 10:45:00.501,1.40204,1.40224,1.32,2.07
2013.08.28 10:45:00.561,1.40204,1.40222,1.32,1.50
2013.08.28 10:45:01.092,1.40204,1.40221,1.32,1.50
2013.08.28 10:45:01.742,1.402,1.4022,2.07,1.50
2013.08.28 10:45:02.101,1.402,1.4022,2.44,1.50
2013.08.28 10:45:02.495,1.402,1.4022,1.69,1.50
2013.08.28 10:45:05.341,1.40199,1.40218,2.44,1.50
2013.08.28 10:45:05.403,1.40199,1.40218,1.13,1.69
2013.08.28 10:45:05.463,1.4019,1.40214,2.82,1.50
2013.08.28 10:45:05.584,1.40191,1.40211,1.32,1.50
2013.08.28 10:45:05.651,1.40191,1.40209,1.32,1.13
2013.08.28 10:45:05.832,1.40188,1.40206,2.07,2.25
2013.08.28 10:45:05.892,1.4018,1.40206,1.50,3.19
2013.08.28 10:45:05.951,1.4018,1.40206,1.50,3.19
2013.08.28 10:45:06.011,1.4018,1.40203,1.88,1.50
2013.08.28 10:45:06.971,1.40183,1.40204,1.50,1.69
2013.08.28 10:45:07.331,1.40182,1.40206,3.19,1.69
2013.08.28 10:45:07.391,1.40185,1.40207,1.32,3.19
2013.08.28 10:45:08.577,1.40186,1.40206,1.13,2.44
2013.08.28 10:45:08.642,1.40186,1.40206,1.32,2.25
2013.08.28 10:45:09.912,1.40186,1.40206,1.32,1.50
2013.08.28 10:45:10.031,1.40186,1.40208,3.19,1.50
2013.08.28 10:45:10.951,1.40188,1.4021,2.44,2.44
2013.08.28 10:45:12.221,1.40188,1.4021,1.69,2.44
2013.08.28 10:45:15.871,1.40189,1.4021,1.69,2.44
2013.08.28 10:45:17.021,1.40189,1.4021,1.69,1.69
2013.08.28 10:45:18.994,1.40187,1.40209,3.19,1.69
2013.08.28 10:45:19.323,1.40182,1.40202,1.13,1.69
2013.08.28 10:45:20.222,1.40178,1.40199,1.13,1.69
2013.08.28 10:45:20.404,1.40179,1.40199,1.13,1.69
2013.08.28 10:45:20.592,1.40179,1.40199,1.13,1.69
2013.08.28 10:45:20.832,1.40179,1.40202,1.13,2.44
2013.08.28 10:45:20.953,1.40179,1.40202,1.13,3.19
2013.08.28 10:45:21.491,1.40179,1.402,1.13,2.44
2013.08.28 10:45:22.964,1.40179,1.40198,1.32,1.50
2013.08.28 10:45:23.212,1.40181,1.40203,1.50,2.44
2013.08.28 10:45:23.766,1.4018,1.40202,1.69,1.50
2013.08.28 10:45:23.841,1.40189,1.40204,1.13,1.50
2013.08.28 10:45:25.421,1.40181,1.40202,2.44,2.25
2013.08.28 10:45:25.722,1.40189,1.40206,1.32,1.50
2013.08.28 10:45:25.841,1.40192,1.4021,1.69,1.13
2013.08.28 10:45:25.962,1.40192,1.40214,3.19,1.50
2013.08.28 10:45:26.023,1.40192,1.40213,1.69,1.50
2013.08.28 10:45:26.381,1.40197,1.40216,2.07,1.50
2013.08.28 10:45:26.501,1.40197,1.4022,2.82,2.25
2013.08.28 10:45:27.661,1.40197,1.40217,2.07,1.50
2013.08.28 10:45:27.781,1.40197,1.40216,1.13,1.50
2013.08.28 10:45:27.962,1.40193,1.40212,1.13,1.50
2013.08.28 10:45:28.084,1.40191,1.40212,2.07,1.50
2013.08.28 10:45:28.143,1.40189,1.40212,1.32,2.25
2013.08.28 10:45:28.801,1.40187,1.40207,1.13,1.69
2013.08.28 10:45:28.861,1.40187,1.40207,1.13,1.69
2013.08.28 10:45:30.740,1.40185,1.40204,1.32,1.50
2013.08.28 10:45:32.760,1.40182,1.40201,2.44,1.50
2013.08.28 10:45:33.121,1.40183,1.40203,1.32,1.50
2013.08.28 10:45:33.661,1.40184,1.40204,1.32,2.44
2013.08.28 10:45:34.363,1.40186,1.40206,1.32,1.50
2013.08.28 10:45:34.532,1.40186,1.40207,2.07,1.69
2013.08.28 10:45:35.701,1.40186,1.40207,1.32,2.44
2013.08.28 10:45:36.093,1.40187,1.40207,2.44,1.50
2013.08.28 10:45:37.616,1.40187,1.40207,2.44,1.50
2013.08.28 10:45:40.411,1.4019,1.40208,1.69,1.50
2013.08.28 10:45:40.711,1.40191,1.40214,1.69,2.44
2013.08.28 10:45:40.950,1.40192,1.40213,1.69,1.32
2013.08.28 10:45:41.251,1.40195,1.40213,1.69,1.88
2013.08.28 10:45:42.224,1.40196,1.40213,1.69,1.88
2013.08.28 10:45:43.679,1.40198,1.40213,1.32,1.50
2013.08.28 10:45:44.374,1.40196,1.40213,2.07,1.50
2013.08.28 10:45:51.611,1.40193,1.40211,1.32,1.88
2013.08.28 10:45:51.913,1.40189,1.40209,1.32,1.50
2013.08.28 10:45:52.161,1.40187,1.40208,1.13,1.69
2013.08.28 10:45:52.462,1.40187,1.40207,1.13,1.50
2013.08.28 10:45:53.311,1.40187,1.40207,2.07,1.50
2013.08.28 10:45:53.813,1.40187,1.40208,2.07,2.44
2013.08.28 10:45:55.024,1.40185,1.40205,1.32,2.25
2013.08.28 10:45:55.084,1.40185,1.40204,1.32,1.50
2013.08.28 10:45:55.752,1.40187,1.40204,1.32,1.50
2013.08.28 10:45:55.872,1.40187,1.40207,1.32,1.32
2013.08.28 10:45:56.051,1.40189,1.40208,1.69,1.88
2013.08.28 10:45:56.647,1.40188,1.40208,2.44,1.13
2013.08.28 10:45:57.151,1.40187,1.40208,2.82,1.88
2013.08.28 10:45:57.572,1.40187,1.40207,2.82,1.50
2013.08.28 10:45:58.473,1.40187,1.40208,3.57,1.88
2013.08.28 10:45:58.953,1.40189,1.4021,1.69,2.25
2013.08.28 10:46:01.511,1.40189,1.40209,1.69,1.50
2013.08.28 10:46:02.863,1.40189,1.4021,1.69,1.50
2013.08.28 10:46:02.922,1.40188,1.40209,2.44,1.50
2013.08.28 10:46:02.983,1.40188,1.40207,1.69,1.50
2013.08.28 10:46:03.343,1.40179,1.40201,1.69,1.50
2013.08.28 10:46:03.821,1.40179,1.40198,1.69,1.50
2013.08.28 10:46:04.422,1.40178,1.40196,1.69,1.50
2013.08.28 10:46:04.663,1.40177,1.40195,1.69,1.50
2013.08.28 10:46:05.201,1.4017,1.40193,1.69,1.50
2013.08.28 10:46:05.504,1.40177,1.40193,1.69,1.50
2013.08.28 10:46:05.811,1.40178,1.40198,1.69,2.63
2013.08.28 10:46:07.232,1.40177,1.40196,1.69,1.88
2013.08.28 10:46:07.291,1.40177,1.40195,1.69,1.50
2013.08.28 10:46:07.801,1.40177,1.40192,1.69,1.50
2013.08.28 10:46:08.162,1.40175,1.40192,1.69,1.50
2013.08.28 10:46:08.222,1.40173,1.40193,1.32,1.50
2013.08.28 10:46:08.282,1.40173,1.40192,1.32,1.50
2013.08.28 10:46:08.831,1.4017,1.40192,1.32,2.25
2013.08.28 10:46:09.431,1.4017,1.40188,1.32,1.50
2013.08.28 10:46:10.212,1.40169,1.40185,2.07,1.13
2013.08.28 10:46:10.454,1.40159,1.4018,2.44,1.50
2013.08.28 10:46:10.524,1.40159,1.40178,2.44,1.50
2013.08.28 10:46:10.824,1.40159,1.40178,1.69,1.50
2013.08.28 10:46:10.883,1.40159,1.40178,2.44,1.50
2013.08.28 10:46:11.062,1.40159,1.40182,3.57,1.50
2013.08.28 10:46:11.567,1.40159,1.40181,2.07,1.50
2013.08.28 10:46:11.646,1.40162,1.40184,1.69,1.50
2013.08.28 10:46:11.832,1.40163,1.40183,1.69,1.50
2013.08.28 10:46:12.132,1.40163,1.40184,3.19,1.88
2013.08.28 10:46:12.191,1.40166,1.40184,1.69,1.88
2013.08.28 10:46:12.851,1.40164,1.40183,1.69,1.50
2013.08.28 10:46:12.911,1.40163,1.4018,2.44,1.50
2013.08.28 10:46:13.092,1.40157,1.4018,2.82,1.69
2013.08.28 10:46:13.151,1.40157,1.40177,2.07,1.50
2013.08.28 10:46:14.301,1.40158,1.40177,1.32,1.50
2013.08.28 10:46:14.664,1.40158,1.40167,1.32,1.50
2013.08.28 10:46:14.914,1.40147,1.40168,2.25,1.69
2013.08.28 10:46:14.984,1.40147,1.40166,1.50,2.25
2013.08.28 10:46:15.173,1.40148,1.4017,2.44,2.07
2013.08.28 10:46:15.294,1.40151,1.4017,1.69,1.88
2013.08.28 10:46:15.650,1.40159,1.40173,1.50,1.13
2013.08.28 10:46:16.472,1.40159,1.40176,3.00,1.50
2013.08.28 10:46:16.651,1.4016,1.40176,1.50,1.13
2013.08.28 10:46:16.951,1.4016,1.40181,1.69,1.69
2013.08.28 10:46:17.071,1.40161,1.40182,1.69,1.13
2013.08.28 10:46:18.192,1.40161,1.40183,2.44,2.82
2013.08.28 10:46:19.531,1.40159,1.4018,1.69,1.50
2013.08.28 10:46:19.592,1.40156,1.40177,1.88,1.50
2013.08.28 10:46:19.655,1.40155,1.4017,2.25,1.13
2013.08.28 10:46:19.965,1.40142,1.40153,2.25,1.50
2013.08.28 10:46:20.272,1.40135,1.40149,2.25,2.82
2013.08.28 10:46:20.665,1.40126,1.40146,2.25,1.69
2013.08.28 10:46:20.735,1.40126,1.40145,1.50,1.50
2013.08.28 10:46:20.995,1.40124,1.40146,1.17,1.69
2013.08.28 10:46:21.271,1.40125,1.40144,2.44,1.50
2013.08.28 10:46:22.061,1.40125,1.40147,2.44,2.25
2013.08.28 10:46:22.482,1.40128,1.40147,1.13,2.25
2013.08.28 10:46:22.724,1.40133,1.40151,3.42,1.50
2013.08.28 10:46:22.782,1.40133,1.40152,3.42,1.50
2013.08.28 10:46:23.201,1.40136,1.40155,2.44,1.50
2013.08.28 10:46:23.921,1.40137,1.40157,1.32,1.50
2013.08.28 10:46:23.981,1.40137,1.40157,2.07,1.50
2013.08.28 10:46:24.502,1.40137,1.40157,2.07,1.50
2013.08.28 10:46:24.861,1.40143,1.40163,2.44,1.50
2013.08.28 10:46:25.102,1.40145,1.40164,1.69,1.50
2013.08.28 10:46:25.613,1.40145,1.40165,1.69,2.25
2013.08.28 10:46:25.922,1.40146,1.40165,1.32,2.25
2013.08.28 10:46:26.281,1.40146,1.40163,1.32,1.50
2013.08.28 10:46:26.462,1.40145,1.40165,1.69,3.00
2013.08.28 10:46:26.581,1.40145,1.40165,1.69,3.00
2013.08.28 10:46:27.132,1.40145,1.40165,1.69,2.25
2013.08.28 10:46:27.431,1.40144,1.40164,1.69,2.29
2013.08.28 10:46:27.491,1.40141,1.40164,2.07,3.04
2013.08.28 10:46:29.253,1.40141,1.40163,1.32,2.25
2013.08.28 10:46:32.641,1.40141,1.4016,1.32,1.50
2013.08.28 10:46:33.060,1.4014,1.4016,1.32,1.50
2013.08.28 10:46:35.170,1.4014,1.4016,1.88,1.69
2013.08.28 10:46:35.991,1.4014,1.4016,1.88,1.69
2013.08.28 10:46:36.304,1.4014,1.40157,1.50,1.88
2013.08.28 10:46:36.841,1.40139,1.40157,1.69,1.88
2013.08.28 10:46:37.324,1.40139,1.40157,2.44,1.13
2013.08.28 10:46:37.564,1.40141,1.40157,1.32,1.13
2013.08.28 10:46:38.393,1.4014,1.40157,2.44,1.13
2013.08.28 10:46:38.511,1.40142,1.40157,1.50,1.13
2013.08.28 10:46:39.281,1.4014,1.40159,2.82,1.13
2013.08.28 10:46:40.001,1.4014,1.40159,2.44,1.13
2013.08.28 10:46:42.801,1.4014,1.40157,1.69,1.13
2013.08.28 10:46:43.533,1.40141,1.40159,1.54,1.50
2013.08.28 10:46:44.184,1.40141,1.40159,1.54,1.13
2013.08.28 10:46:44.721,1.4014,1.40158,1.54,1.13
2013.08.28 10:46:45.466,1.40139,1.40159,1.54,1.13
2013.08.28 10:46:52.715,1.4014,1.4016,1.54,2.25
2013.08.28 10:46:53.251,1.40142,1.40161,1.54,2.25
2013.08.28 10:46:54.271,1.40144,1.40162,1.54,1.13
2013.08.28 10:46:55.992,1.40144,1.40163,1.69,1.13
2013.08.28 10:46:56.124,1.40147,1.40163,1.69,1.13
2013.08.28 10:46:56.661,1.40148,1.40167,1.69,1.50
2013.08.28 10:46:58.441,1.40147,1.40165,2.07,1.13
2013.08.28 10:47:00.293,1.4015,1.40167,1.32,1.13
2013.08.28 10:47:02.692,1.40149,1.40167,1.32,1.13
2013.08.28 10:47:05.321,1.40148,1.40166,2.07,1.13
2013.08.28 10:47:08.411,1.4015,1.40166,2.07,1.13
2013.08.28 10:47:13.521,1.4015,1.4017,2.44,1.20
2013.08.28 10:47:15.021,1.40149,1.40167,1.13,2.07
2013.08.28 10:47:15.081,1.40147,1.40167,1.50,1.69
2013.08.28 10:47:15.322,1.40146,1.40166,1.13,1.50
2013.08.28 10:47:15.681,1.40147,1.40167,2.07,1.50
2013.08.28 10:47:16.568,1.40144,1.40165,2.29,2.44
2013.08.28 10:47:17.341,1.40144,1.40163,1.54,1.13
2013.08.28 10:47:17.401,1.40144,1.40162,1.54,1.13
2013.08.28 10:47:19.262,1.40145,1.40163,1.69,1.88
2013.08.28 10:47:20.853,1.40147,1.40162,1.50,1.13
2013.08.28 10:47:20.912,1.40148,1.40162,1.50,1.13
2013.08.28 10:47:21.031,1.4015,1.40168,1.50,1.13
2013.08.28 10:47:21.154,1.4015,1.40169,2.63,1.13
2013.08.28 10:47:21.714,1.40151,1.4017,1.50,1.13
2013.08.28 10:47:21.894,1.4015,1.4017,1.50,1.13
2013.08.28 10:47:22.142,1.40147,1.40169,3.19,1.13
2013.08.28 10:47:23.502,1.4015,1.40169,1.50,1.13
2013.08.28 10:47:24.157,1.40149,1.40169,2.25,1.13
2013.08.28 10:47:25.323,1.40149,1.40171,2.25,1.13
2013.08.28 10:47:25.827,1.4015,1.40171,1.50,1.13
2013.08.28 10:47:28.771,1.40151,1.40171,1.50,1.13
2013.08.28 10:47:30.271,1.40147,1.40169,2.44,1.88
2013.08.28 10:47:30.330,1.40147,1.40169,2.44,1.50
2013.08.28 10:47:30.580,1.40148,1.40171,1.50,2.25
2013.08.28 10:47:32.891,1.40147,1.40171,2.44,3.00
2013.08.28 10:47:34.501,1.40149,1.4017,1.50,1.50
2013.08.28 10:47:35.052,1.40151,1.40172,1.50,1.50
2013.08.28 10:47:36.283,1.40151,1.40172,1.50,1.50
2013.08.28 10:47:36.344,1.4015,1.40172,3.00,1.50
2013.08.28 10:47:36.403,1.4015,1.40172,2.25,1.50
2013.08.28 10:47:36.703,1.40149,1.4017,1.69,1.50
2013.08.28 10:47:40.011,1.4015,1.40171,1.50,1.50
2013.08.28 10:47:40.544,1.4015,1.40172,2.44,2.25
2013.08.28 10:47:41.071,1.40151,1.40172,2.07,1.50
2013.08.28 10:47:41.431,1.40152,1.40172,1.69,1.50
2013.08.28 10:47:41.611,1.40151,1.40172,2.44,1.50
2013.08.28 10:47:42.401,1.40151,1.40174,1.69,2.85
2013.08.28 10:47:42.941,1.4015,1.40173,5.07,1.73
2013.08.28 10:47:43.450,1.40152,1.40173,1.69,1.50
2013.08.28 10:47:44.401,1.40152,1.40173,1.69,2.25
2013.08.28 10:47:45.431,1.40153,1.40173,2.44,1.50
2013.08.28 10:47:46.431,1.40152,1.40173,3.19,1.50
2013.08.28 10:47:47.421,1.40154,1.40173,2.44,1.50
2013.08.28 10:47:48.192,1.40154,1.40175,3.04,2.63
2013.08.28 10:47:48.314,1.40157,1.40175,2.44,2.63
2013.08.28 10:47:49.147,1.40158,1.40177,1.69,1.13
2013.08.28 10:47:49.662,1.40156,1.40177,1.69,1.88
2013.08.28 10:47:53.561,1.40156,1.40174,2.44,1.13
2013.08.28 10:47:53.622,1.40155,1.40174,1.32,1.13
2013.08.28 10:47:55.482,1.40153,1.40171,1.54,1.50
2013.08.28 10:47:56.771,1.40152,1.40171,1.17,2.25
2013.08.28 10:47:59.611,1.40152,1.40171,1.17,1.50
2013.08.28 10:47:59.734,1.40154,1.40171,1.17,1.50
2013.08.28 10:48:00.221,1.40154,1.40174,1.92,1.88
2013.08.28 10:48:00.522,1.40155,1.40174,2.07,1.88
2013.08.28 10:48:00.582,1.40157,1.40176,1.32,1.13
2013.08.28 10:48:00.641,1.40157,1.40177,1.32,2.25
2013.08.28 10:48:00.701,1.40157,1.40177,1.32,2.25
2013.08.28 10:48:00.821,1.40156,1.40177,1.32,3.00
2013.08.28 10:48:01.391,1.40154,1.40172,1.54,1.50
2013.08.28 10:48:01.781,1.40154,1.40173,1.54,2.25
2013.08.28 10:48:01.962,1.40152,1.40168,1.54,1.13
2013.08.28 10:48:02.141,1.40152,1.40168,1.54,1.13
2013.08.28 10:48:04.741,1.40149,1.40168,1.54,1.13
2013.08.28 10:48:05.101,1.40151,1.40169,1.17,1.13
2013.08.28 10:48:06.120,1.4015,1.40171,3.57,1.13
2013.08.28 10:48:09.491,1.40152,1.40168,1.32,1.13
2013.08.28 10:48:10.943,1.40151,1.40171,2.07,1.88
2013.08.28 10:48:12.333,1.40151,1.4017,2.07,1.13
2013.08.28 10:48:17.271,1.40151,1.40171,2.07,1.88
2013.08.28 10:48:18.503,1.40151,1.4017,2.82,1.50
2013.08.28 10:48:18.801,1.40149,1.40168,1.54,1.13
2013.08.28 10:48:20.463,1.40149,1.4017,1.54,1.50
2013.08.28 10:48:20.523,1.40148,1.4017,1.92,3.57
2013.08.28 10:48:20.642,1.40148,1.40169,1.92,1.69
2013.08.28 10:48:21.061,1.40148,1.40167,1.92,1.50
2013.08.28 10:48:21.501,1.40148,1.40168,2.67,2.25
2013.08.28 10:48:22.296,1.40148,1.40168,1.92,2.44
2013.08.28 10:48:23.424,1.40148,1.40168,1.92,1.69
2013.08.28 10:48:24.221,1.40148,1.40168,1.92,1.50
2013.08.28 10:48:24.854,1.40148,1.40171,3.42,3.19
2013.08.28 10:48:25.551,1.40148,1.40168,1.92,1.50
2013.08.28 10:48:26.041,1.40148,1.40171,3.42,3.94
2013.08.28 10:48:28.332,1.4015,1.40171,1.69,2.07
2013.08.28 10:48:28.451,1.4015,1.40171,2.44,2.07
2013.08.28 10:48:30.441,1.4015,1.40171,1.69,2.07
2013.08.28 10:48:30.561,1.40151,1.40171,1.35,2.07
2013.08.28 10:48:31.712,1.40151,1.40171,1.54,2.07
2013.08.28 10:48:34.571,1.40153,1.40171,2.29,1.50
2013.08.28 10:48:39.873,1.40154,1.40174,1.69,1.13
2013.08.28 10:48:41.141,1.40156,1.40171,1.69,1.13
2013.08.28 10:48:41.501,1.40154,1.40169,1.54,1.13
2013.08.28 10:48:42.391,1.40152,1.40169,3.04,1.13
2013.08.28 10:48:43.151,1.40152,1.40171,3.04,1.13
2013.08.28 10:48:43.211,1.40152,1.40172,3.04,1.13
2013.08.28 10:48:44.014,1.40152,1.40174,2.29,1.32
2013.08.28 10:48:45.891,1.40152,1.40174,2.67,1.32
2013.08.28 10:48:46.071,1.40155,1.40174,1.50,1.32
2013.08.28 10:48:47.672,1.40155,1.40175,2.25,1.32
2013.08.28 10:48:48.374,1.40155,1.40175,2.44,1.32
2013.08.28 10:48:48.761,1.40158,1.40175,1.50,1.32
2013.08.28 10:48:49.171,1.40155,1.40175,2.44,1.32
2013.08.28 10:48:50.201,1.40155,1.40174,1.69,1.13
2013.08.28 10:48:51.492,1.40155,1.4017,1.50,1.50
2013.08.28 10:48:51.556,1.40154,1.4017,1.50,1.50
2013.08.28 10:48:51.682,1.40153,1.4017,1.54,1.88
2013.08.28 10:48:52.221,1.40153,1.4017,1.54,1.88
2013.08.28 10:48:53.733,1.40153,1.4017,2.85,1.88
2013.08.28 10:48:53.981,1.40154,1.4017,1.50,1.88
2013.08.28 10:48:54.231,1.40153,1.4017,1.35,1.88
2013.08.28 10:48:54.761,1.40153,1.4017,1.35,1.50
2013.08.28 10:48:56.311,1.40152,1.4017,1.54,1.50
2013.08.28 10:48:57.623,1.40147,1.40165,1.35,2.44
2013.08.28 10:48:58.642,1.40151,1.40169,1.92,1.50
2013.08.28 10:48:58.822,1.40152,1.40173,1.54,1.69
2013.08.28 10:48:59.327,1.40154,1.40175,2.44,1.69
2013.08.28 10:48:59.832,1.40154,1.40175,1.69,1.69
2013.08.28 10:49:00.133,1.40154,1.40175,1.69,1.32
2013.08.28 10:49:00.266,1.40157,1.40175,1.69,1.13
2013.08.28 10:49:00.993,1.40154,1.40175,3.04,1.13
2013.08.28 10:49:05.154,1.40154,1.40171,1.54,1.13
2013.08.28 10:49:05.214,1.40154,1.40171,1.54,1.13
2013.08.28 10:49:06.942,1.40153,1.40175,1.54,3.38
2013.08.28 10:49:09.331,1.40154,1.40175,1.69,1.88
2013.08.28 10:49:13.696,1.40154,1.40175,1.69,1.13
2013.08.28 10:49:14.953,1.40154,1.40175,2.44,1.13
2013.08.28 10:49:17.353,1.40157,1.40175,1.69,1.13
2013.08.28 10:49:17.654,1.4016,1.40175,1.69,1.13
2013.08.28 10:49:17.772,1.40162,1.40182,1.69,1.88
2013.08.28 10:49:18.311,1.40162,1.40184,3.19,1.13
2013.08.28 10:49:19.361,1.40162,1.40184,4.69,1.13
2013.08.28 10:49:20.391,1.40164,1.40184,3.19,1.13
2013.08.28 10:49:22.382,1.40164,1.40184,1.69,1.13
2013.08.28 10:49:27.292,1.40162,1.40182,1.69,3.00
2013.08.28 10:49:27.472,1.40162,1.40182,1.69,3.75
2013.08.28 10:49:27.592,1.40159,1.4018,1.69,1.69
2013.08.28 10:49:27.832,1.40159,1.40179,1.69,2.44
2013.08.28 10:49:27.951,1.40158,1.40175,1.32,1.50
2013.08.28 10:49:30.533,1.40158,1.40179,2.07,1.69
2013.08.28 10:49:30.874,1.4016,1.40179,1.54,1.50
2013.08.28 10:49:30.931,1.40161,1.40179,1.54,1.50
2013.08.28 10:49:31.112,1.40161,1.40181,1.69,1.50
2013.08.28 10:49:31.172,1.40163,1.40182,2.44,1.50
2013.08.28 10:49:31.472,1.40165,1.40184,1.13,1.32
2013.08.28 10:49:31.592,1.40168,1.40185,1.69,1.13
2013.08.28 10:49:32.755,1.40169,1.40188,2.07,1.13
2013.08.28 10:49:34.041,1.40169,1.40188,2.07,1.13
2013.08.28 10:49:34.911,1.4017,1.40188,1.32,1.13
2013.08.28 10:49:35.331,1.40171,1.40188,2.82,1.13
2013.08.28 10:49:35.571,1.40174,1.40193,1.32,1.13
2013.08.28 10:49:35.631,1.40176,1.40193,4.32,1.13
2013.08.28 10:49:38.504,1.40179,1.40198,2.44,2.25
2013.08.28 10:49:38.627,1.40183,1.40202,1.50,1.13
2013.08.28 10:49:38.754,1.40188,1.40206,1.69,3.00
2013.08.28 10:49:38.824,1.40188,1.40206,1.69,3.38
2013.08.28 10:49:38.883,1.40189,1.40206,2.44,2.63
2013.08.28 10:49:39.121,1.40188,1.40207,1.69,1.50
2013.08.28 10:49:39.243,1.40186,1.40205,2.44,1.50
2013.08.28 10:49:39.481,1.40185,1.40203,1.69,1.88
2013.08.28 10:49:39.862,1.40185,1.40203,1.69,1.13
2013.08.28 10:49:40.041,1.40185,1.40206,1.69,1.13
2013.08.28 10:49:40.221,1.40185,1.40206,1.69,1.88
2013.08.28 10:49:40.641,1.40185,1.40204,1.69,1.50
2013.08.28 10:49:41.191,1.40185,1.40204,1.69,1.50
2013.08.28 10:49:42.331,1.40185,1.40205,1.69,1.50
2013.08.28 10:49:42.883,1.40185,1.40206,2.44,2.63
2013.08.28 10:49:43.592,1.40183,1.40205,1.69,2.25
2013.08.28 10:49:43.712,1.4018,1.40203,2.44,1.88
2013.08.28 10:49:49.231,1.40183,1.40203,1.69,1.32
2013.08.28 10:49:49.296,1.40184,1.40203,1.69,1.13
2013.08.28 10:49:49.605,1.4019,1.40208,2.07,1.13
2013.08.28 10:49:50.092,1.40191,1.40204,1.13,1.50
2013.08.28 10:49:50.474,1.40178,1.40194,3.19,1.13
2013.08.28 10:49:50.992,1.40177,1.40193,1.69,1.13
2013.08.28 10:49:51.473,1.40177,1.40194,2.44,1.13
2013.08.28 10:49:54.662,1.40179,1.40196,2.44,1.43
2013.08.28 10:49:55.382,1.40181,1.40198,1.69,1.05
2013.08.28 10:49:55.741,1.40183,1.40203,3.04,1.05
2013.08.28 10:49:55.933,1.40185,1.40204,1.32,1.50
2013.08.28 10:49:56.172,1.40187,1.40205,1.69,1.50
2013.08.28 10:49:56.531,1.40183,1.40199,2.82,1.05
2013.08.28 10:49:57.071,1.40184,1.40201,1.69,1.05
2013.08.28 10:49:57.371,1.40185,1.40203,2.44,1.05
2013.08.28 10:49:57.912,1.40188,1.40207,2.44,1.13
2013.08.28 10:49:59.881,1.40186,1.40206,1.69,1.50
2013.08.28 10:50:00.302,1.40184,1.40202,2.44,1.50
2013.08.28 10:50:00.423,1.40184,1.402,1.50,1.35
2013.08.28 10:50:00.603,1.40178,1.40199,1.50,2.31
2013.08.28 10:50:00.962,1.40177,1.40193,1.50,1.13
2013.08.28 10:50:01.022,1.40172,1.40193,2.44,1.13
2013.08.28 10:50:01.082,1.40172,1.40193,1.50,1.13
2013.08.28 10:50:01.142,1.40171,1.40192,1.50,1.32
2013.08.28 10:50:01.442,1.40169,1.40189,1.69,1.69
2013.08.28 10:50:01.502,1.40168,1.40189,1.69,2.44
2013.08.28 10:50:02.191,1.40168,1.40186,1.69,1.50
2013.08.28 10:50:02.457,1.40171,1.4019,2.44,1.50
2013.08.28 10:50:02.523,1.40172,1.4019,1.69,1.50
2013.08.28 10:50:02.882,1.40173,1.4019,2.44,1.50
2013.08.28 10:50:03.642,1.40173,1.4019,3.19,1.50
2013.08.28 10:50:04.121,1.40169,1.40188,1.69,1.50
2013.08.28 10:50:04.182,1.40169,1.40188,1.69,1.50
2013.08.28 10:50:04.242,1.40169,1.40188,2.44,1.50
2013.08.28 10:50:04.546,1.4017,1.4019,1.69,1.50
2013.08.28 10:50:04.612,1.4017,1.40191,1.69,1.50
2013.08.28 10:50:05.222,1.40169,1.4019,1.69,1.91
2013.08.28 10:50:05.581,1.40166,1.40187,3.57,1.13
2013.08.28 10:50:05.702,1.40166,1.40187,2.07,1.32
2013.08.28 10:50:06.361,1.40167,1.40186,2.44,1.50
2013.08.28 10:50:06.843,1.40166,1.40186,2.07,1.50
2013.08.28 10:50:07.442,1.40167,1.40189,2.44,1.32
2013.08.28 10:50:08.411,1.40167,1.4019,1.69,2.59
2013.08.28 10:50:08.912,1.40166,1.40188,2.07,1.32
2013.08.28 10:50:09.164,1.40167,1.4019,2.44,2.59
2013.08.28 10:50:09.581,1.40167,1.4019,2.44,2.44
2013.08.28 10:50:09.884,1.40163,1.40181,1.69,1.13
2013.08.28 10:50:09.957,1.40161,1.40181,3.19,1.13
2013.08.28 10:50:10.201,1.40161,1.40181,3.19,1.13
2013.08.28 10:50:11.671,1.40161,1.40181,3.19,1.13
2013.08.28 10:50:12.381,1.40161,1.40182,2.44,1.13
2013.08.28 10:50:14.842,1.40161,1.40182,1.69,1.13
2013.08.28 10:50:17.311,1.40164,1.40182,1.69,1.13
2013.08.28 10:50:17.843,1.40164,1.40182,1.69,1.13
2013.08.28 10:50:18.542,1.40162,1.40182,1.69,1.13
2013.08.28 10:50:19.601,1.40162,1.40182,1.69,1.13
2013.08.28 10:50:21.401,1.4016,1.40181,1.69,1.65
2013.08.28 10:50:21.761,1.40156,1.40175,1.69,1.50
2013.08.28 10:50:21.822,1.40155,1.40175,2.07,1.50
2013.08.28 10:50:22.335,1.40153,1.40173,1.17,1.50
2013.08.28 10:50:22.581,1.40153,1.40173,1.17,1.50
2013.08.28 10:50:24.862,1.40151,1.40173,1.54,1.50
2013.08.28 10:50:25.223,1.40148,1.40169,2.29,1.50
2013.08.28 10:50:27.562,1.40148,1.40168,1.54,1.50
2013.08.28 10:50:28.704,1.40144,1.40165,3.19,1.50
2013.08.28 10:50:29.542,1.40144,1.40167,2.44,1.50
2013.08.28 10:50:32.362,1.40143,1.40165,1.69,1.32
2013.08.28 10:50:32.422,1.40142,1.40161,2.44,1.50
2013.08.28 10:50:32.483,1.40141,1.4016,2.25,1.13
2013.08.28 10:50:32.662,1.40139,1.40156,1.50,1.50
2013.08.28 10:50:33.023,1.40132,1.40149,1.69,1.13
2013.08.28 10:50:33.143,1.40128,1.40147,1.69,1.69
2013.08.28 10:50:33.204,1.40125,1.40147,2.44,1.69
2013.08.28 10:50:33.332,1.40124,1.40145,1.69,1.50
2013.08.28 10:50:33.811,1.40123,1.40144,1.69,1.77
2013.08.28 10:50:33.872,1.40121,1.40143,2.44,1.50
2013.08.28 10:50:33.993,1.4012,1.40141,1.69,1.32
2013.08.28 10:50:34.234,1.40115,1.40138,1.69,1.13
2013.08.28 10:50:34.593,1.40114,1.40136,1.69,1.95
2013.08.28 10:50:34.652,1.40111,1.40135,2.44,1.17
2013.08.28 10:50:34.713,1.4011,1.40134,2.07,1.69
2013.08.28 10:50:34.953,1.40108,1.40127,1.69,1.13
2013.08.28 10:50:35.131,1.40106,1.40127,1.13,1.32
2013.08.28 10:50:35.732,1.40106,1.40131,1.69,1.32
2013.08.28 10:50:36.091,1.40115,1.40138,1.13,2.44
2013.08.28 10:50:36.511,1.40115,1.40138,1.13,2.44
2013.08.28 10:50:36.572,1.40114,1.40138,2.07,2.44
2013.08.28 10:50:37.077,1.40114,1.40138,1.32,2.44
2013.08.28 10:50:37.201,1.40114,1.40138,1.32,2.44
2013.08.28 10:50:37.776,1.40114,1.40138,1.32,2.44
2013.08.28 10:50:38.382,1.40114,1.40138,2.07,1.69
2013.08.28 10:50:41.312,1.40118,1.40138,1.50,1.17
2013.08.28 10:50:42.931,1.40116,1.40137,2.07,1.69
2013.08.28 10:50:43.572,1.40117,1.40137,2.07,1.69
2013.08.28 10:50:44.131,1.40117,1.40136,2.07,1.69
2013.08.28 10:50:44.611,1.40114,1.40135,2.82,1.50
2013.08.28 10:50:44.971,1.40117,1.40139,1.32,2.82
2013.08.28 10:50:48.111,1.40116,1.40138,3.19,1.69
2013.08.28 10:50:48.331,1.40116,1.40137,1.69,1.50
2013.08.28 10:50:50.651,1.40116,1.40138,2.07,1.69
2013.08.28 10:50:50.993,1.40124,1.40142,1.13,1.50
2013.08.28 10:50:51.113,1.40125,1.40146,2.07,1.92
2013.08.28 10:50:51.173,1.40126,1.40146,1.32,1.13
2013.08.28 10:50:52.123,1.40129,1.40147,1.32,1.13
2013.08.28 10:50:53.913,1.40126,1.40146,1.32,1.13
2013.08.28 10:50:54.153,1.40123,1.40144,1.13,2.44
2013.08.28 10:50:54.334,1.40119,1.40141,2.82,1.69
2013.08.28 10:50:54.574,1.40119,1.40141,2.07,2.44
2013.08.28 10:50:54.692,1.40119,1.4014,1.32,1.69
2013.08.28 10:50:55.232,1.40118,1.40137,1.69,3.00
2013.08.28 10:50:55.591,1.40128,1.40145,1.13,1.69
2013.08.28 10:50:55.991,1.40128,1.40146,1.32,1.13
2013.08.28 10:50:56.982,1.40128,1.40148,1.32,1.88
2013.08.28 10:50:57.505,1.40128,1.40148,1.32,1.88
2013.08.28 10:51:04.273,1.40129,1.40148,1.32,1.13
2013.08.28 10:51:04.632,1.40134,1.40152,1.13,1.13
2013.08.28 10:51:04.811,1.40134,1.40155,1.13,2.44
2013.08.28 10:51:04.932,1.40134,1.40156,1.13,3.19
2013.08.28 10:51:05.478,1.40134,1.40155,1.88,1.69
2013.08.28 10:51:06.007,1.40134,1.40155,1.88,1.69
2013.08.28 10:51:06.580,1.40137,1.40155,1.32,1.50
2013.08.28 10:51:07.771,1.40137,1.40155,1.32,2.63
2013.08.28 10:51:07.951,1.40133,1.40151,1.32,2.25
2013.08.28 10:51:09.943,1.40132,1.40152,1.69,1.50
2013.08.28 10:51:10.062,1.40132,1.40152,1.69,1.50
2013.08.28 10:51:10.243,1.4013,1.40148,1.32,1.50
2013.08.28 10:51:10.747,1.40131,1.4015,1.32,1.50
2013.08.28 10:51:11.441,1.40131,1.40149,1.32,1.50
2013.08.28 10:51:13.401,1.40131,1.40151,1.32,2.63
2013.08.28 10:51:13.943,1.40132,1.40152,1.69,1.13
2013.08.28 10:51:15.591,1.40133,1.40151,1.32,2.25
2013.08.28 10:51:16.121,1.40133,1.40151,1.32,1.05
2013.08.28 10:51:17.101,1.40132,1.40152,1.92,1.50
2013.08.28 10:51:17.161,1.40134,1.40153,1.69,1.50
2013.08.28 10:51:18.092,1.40134,1.40155,2.44,1.50
2013.08.28 10:51:21.442,1.40138,1.40156,1.32,2.25
2013.08.28 10:51:21.851,1.40142,1.40158,1.13,1.88
2013.08.28 10:51:21.923,1.40145,1.40163,2.07,1.50
2013.08.28 10:51:22.793,1.40144,1.40165,2.44,1.50
2013.08.28 10:51:23.093,1.40142,1.4016,1.32,1.13
2013.08.28 10:51:23.214,1.4014,1.4016,1.32,1.13
2013.08.28 10:51:23.393,1.4014,1.40161,2.07,1.50
2013.08.28 10:51:24.542,1.40142,1.40162,1.32,1.13
2013.08.28 10:51:25.951,1.40144,1.40163,1.69,2.85
2013.08.28 10:51:26.251,1.40147,1.40168,1.69,1.32
2013.08.28 10:51:26.313,1.4015,1.40168,1.69,1.13
2013.08.28 10:51:26.671,1.40156,1.4017,1.32,1.13
2013.08.28 10:51:26.741,1.40156,1.40175,2.07,1.50
2013.08.28 10:51:26.864,1.40156,1.40177,2.07,2.25
2013.08.28 10:51:27.222,1.40157,1.40178,1.32,2.25
2013.08.28 10:51:30.044,1.40157,1.40178,1.32,2.25
2013.08.28 10:51:30.402,1.40157,1.40174,1.32,3.00
2013.08.28 10:51:30.822,1.40157,1.4017,1.32,1.50
2013.08.28 10:51:31.538,1.40157,1.4017,1.13,1.50
2013.08.28 10:51:32.491,1.40157,1.40172,1.13,1.50
2013.08.28 10:51:32.831,1.40157,1.40174,1.13,1.50
2013.08.28 10:51:33.361,1.40157,1.40172,1.13,1.50
2013.08.28 10:51:33.892,1.40157,1.40174,1.13,1.50
2013.08.28 10:51:35.222,1.40157,1.40176,1.13,2.25
2013.08.28 10:51:35.403,1.40158,1.40176,1.69,1.50
2013.08.28 10:51:35.983,1.40157,1.40175,2.07,1.50
2013.08.28 10:51:36.342,1.40158,1.40175,1.69,1.13
2013.08.28 10:51:36.924,1.4016,1.40177,1.69,1.50
2013.08.28 10:51:39.092,1.40157,1.40174,2.07,1.50
2013.08.28 10:51:40.652,1.40157,1.40174,1.32,2.25
2013.08.28 10:51:40.711,1.40157,1.40174,1.32,2.25
2013.08.28 10:51:40.831,1.40157,1.4017,1.32,1.50
2013.08.28 10:51:40.952,1.40155,1.40168,1.32,1.50
2013.08.28 10:51:41.131,1.40155,1.40167,1.32,1.50
2013.08.28 10:51:41.312,1.40145,1.40167,4.69,1.50
2013.08.28 10:51:42.502,1.40145,1.40167,1.69,2.25
2013.08.28 10:51:44.051,1.40145,1.40167,2.07,2.25
2013.08.28 10:51:45.142,1.40147,1.40167,2.44,2.25
2013.08.28 10:51:45.201,1.4015,1.40167,1.69,1.50
2013.08.28 10:51:45.723,1.4015,1.4017,1.69,1.88
2013.08.28 10:51:47.722,1.4015,1.4017,1.69,1.88
2013.08.28 10:51:49.109,1.4015,1.4017,1.69,1.88
2013.08.28 10:51:50.845,1.40149,1.40168,1.69,1.13
2013.08.28 10:51:50.962,1.40148,1.40163,2.44,1.50
2013.08.28 10:51:51.143,1.40144,1.40164,4.69,1.50
2013.08.28 10:51:51.202,1.40144,1.40164,2.44,1.50
2013.08.28 10:51:51.791,1.40144,1.40166,2.44,1.50
2013.08.28 10:51:52.629,1.40146,1.40166,1.32,1.50
2013.08.28 10:51:54.313,1.40148,1.40168,2.44,1.13
2013.08.28 10:51:54.433,1.40152,1.40168,1.13,1.13
2013.08.28 10:51:54.553,1.40155,1.40173,1.13,1.50
2013.08.28 10:51:54.615,1.40156,1.40173,1.69,1.50
2013.08.28 10:51:54.682,1.40156,1.40176,1.69,1.50
2013.08.28 10:51:55.631,1.40156,1.40177,2.44,1.50
2013.08.28 10:51:56.592,1.40156,1.40177,1.69,1.50
2013.08.28 10:51:56.714,1.40155,1.40173,1.69,1.50
2013.08.28 10:51:57.011,1.40151,1.40172,2.07,1.50
2013.08.28 10:52:02.011,1.40151,1.40172,1.32,1.50
2013.08.28 10:52:02.074,1.40155,1.40176,2.44,3.57
2013.08.28 10:52:02.132,1.40155,1.40176,2.44,1.69
2013.08.28 10:52:02.253,1.40156,1.40177,2.82,2.25
2013.08.28 10:52:02.553,1.4016,1.40179,1.69,1.13
2013.08.28 10:52:02.975,1.40158,1.40175,1.69,1.50
2013.08.28 10:52:03.043,1.40157,1.40175,1.50,1.13
2013.08.28 10:52:03.103,1.40157,1.40175,1.50,1.13
2013.08.28 10:52:03.283,1.40154,1.40174,1.50,2.44
2013.08.28 10:52:03.582,1.40151,1.40172,1.32,1.50
2013.08.28 10:52:03.645,1.40151,1.40172,1.32,2.25
2013.08.28 10:52:04.202,1.40151,1.40172,2.07,1.50
2013.08.28 10:52:04.261,1.40151,1.40173,2.82,1.72
2013.08.28 10:52:04.581,1.40151,1.40173,2.82,1.72
2013.08.28 10:52:05.123,1.40151,1.40171,1.32,1.72
2013.08.28 10:52:05.682,1.4015,1.40171,1.32,1.72
2013.08.28 10:52:05.745,1.40149,1.40168,2.07,1.72
2013.08.28 10:52:05.812,1.40146,1.40168,1.69,2.09
2013.08.28 10:52:07.201,1.40146,1.40166,2.44,1.50
2013.08.28 10:52:07.383,1.40147,1.40169,1.69,1.53
2013.08.28 10:52:07.927,1.40147,1.40168,2.44,1.34
2013.08.28 10:52:08.881,1.40148,1.40168,1.69,1.34
2013.08.28 10:52:12.013,1.40149,1.4017,2.44,2.09
2013.08.28 10:52:12.314,1.4015,1.40168,2.44,1.13
2013.08.28 10:52:12.835,1.40151,1.40171,3.19,1.13
2013.08.28 10:52:13.452,1.40152,1.40171,1.69,1.13
2013.08.28 10:52:13.932,1.40159,1.40176,1.13,1.53
2013.08.28 10:52:14.234,1.40162,1.40179,1.69,1.50
2013.08.28 10:52:14.292,1.40163,1.40184,1.69,2.12
2013.08.28 10:52:16.272,1.40162,1.40183,1.69,1.72
2013.08.28 10:52:16.451,1.4016,1.40182,1.69,1.56
2013.08.28 10:52:17.381,1.40163,1.40181,1.50,1.37
2013.08.28 10:52:17.701,1.40161,1.40182,1.69,1.56
2013.08.28 10:52:18.062,1.40161,1.40182,1.69,1.56
2013.08.28 10:52:22.461,1.40161,1.40181,1.69,1.13
2013.08.28 10:52:27.082,1.40159,1.4018,2.44,1.50
2013.08.28 10:52:31.661,1.40158,1.40181,1.32,3.19
2013.08.28 10:52:32.214,1.40157,1.40181,2.44,3.57
2013.08.28 10:52:33.493,1.40158,1.40181,1.69,2.82
2013.08.28 10:52:36.513,1.4016,1.40181,1.69,1.88
2013.08.28 10:52:42.111,1.40159,1.40181,1.69,2.07
2013.08.28 10:52:47.041,1.40159,1.40181,2.44,2.07
2013.08.28 10:52:51.132,1.40157,1.4018,2.44,1.69
2013.08.28 10:52:52.437,1.40158,1.4018,1.69,1.88
2013.08.28 10:52:58.992,1.40157,1.40179,1.69,1.32
2013.08.28 10:52:59.642,1.40158,1.40179,1.69,1.13
2013.08.28 10:53:00.581,1.4016,1.40181,1.69,1.69
2013.08.28 10:53:00.821,1.4016,1.40181,1.69,1.69
2013.08.28 10:53:01.121,1.40161,1.40183,1.50,1.32
2013.08.28 10:53:01.181,1.40166,1.40184,1.13,1.13
2013.08.28 10:53:01.422,1.40169,1.40189,1.69,1.69
2013.08.28 10:53:01.484,1.40174,1.40191,2.44,1.50
2013.08.28 10:53:01.544,1.40175,1.40194,2.44,2.63
2013.08.28 10:53:01.602,1.40176,1.40194,1.69,1.88
2013.08.28 10:53:02.141,1.40177,1.40196,1.50,1.13
2013.08.28 10:53:03.225,1.40177,1.40196,1.69,1.13
2013.08.28 10:53:07.341,1.40176,1.40196,1.69,1.13
2013.08.28 10:53:11.022,1.40175,1.40196,1.69,1.13
2013.08.28 10:53:16.501,1.40174,1.40197,1.69,1.69
2013.08.28 10:53:16.561,1.40174,1.40196,1.69,1.13
2013.08.28 10:53:16.622,1.40173,1.40196,2.44,1.32
2013.08.28 10:53:16.742,1.40172,1.40192,1.69,1.13
2013.08.28 10:53:17.044,1.40169,1.4019,2.07,1.50
2013.08.28 10:53:17.403,1.40169,1.40187,1.32,2.25
2013.08.28 10:53:19.076,1.40171,1.40189,1.32,1.50
2013.08.28 10:53:20.742,1.40171,1.40189,1.32,1.50
2013.08.28 10:53:20.804,1.40174,1.4019,1.69,1.50
2013.08.28 10:53:21.042,1.40176,1.40196,1.69,2.25
2013.08.28 10:53:21.544,1.40179,1.40196,1.54,2.25
2013.08.28 10:53:21.604,1.4018,1.40196,2.44,1.50
2013.08.28 10:53:21.725,1.40182,1.40198,1.69,1.50
2013.08.28 10:53:21.793,1.40182,1.402,1.69,1.13
2013.08.28 10:53:22.424,1.40178,1.40199,1.69,1.73
2013.08.28 10:53:22.496,1.40177,1.40199,1.50,1.92
2013.08.28 10:53:22.563,1.40175,1.40198,1.69,2.44
2013.08.28 10:53:25.022,1.40175,1.40197,1.69,1.50
2013.08.28 10:53:25.831,1.40175,1.40197,1.69,1.50
2013.08.28 10:53:26.412,1.40178,1.40198,1.69,2.25
2013.08.28 10:53:26.951,1.40175,1.40197,2.44,1.69
2013.08.28 10:53:27.511,1.40174,1.40195,2.44,2.25
2013.08.28 10:53:27.695,1.40174,1.40195,1.69,3.00
2013.08.28 10:53:30.213,1.40174,1.40194,1.69,1.88
2013.08.28 10:53:31.671,1.40173,1.40193,2.44,1.13
2013.08.28 10:53:32.117,1.40172,1.40192,1.69,1.50
2013.08.28 10:53:32.746,1.40173,1.40193,1.69,1.88
2013.08.28 10:53:33.051,1.40175,1.40193,1.69,1.13
2013.08.28 10:53:35.461,1.40173,1.40193,2.44,1.13
2013.08.28 10:53:37.926,1.40173,1.40193,2.44,1.13
2013.08.28 10:53:45.072,1.40173,1.40193,1.69,1.13
2013.08.28 10:53:45.373,1.4017,1.40192,1.69,2.25
2013.08.28 10:53:47.083,1.40169,1.4019,2.44,1.50
2013.08.28 10:53:47.153,1.40169,1.4019,1.69,2.25
2013.08.28 10:53:47.454,1.40167,1.40186,1.50,1.69
2013.08.28 10:53:47.514,1.40164,1.40185,1.50,1.69
2013.08.28 10:53:48.102,1.40164,1.40185,2.48,1.69
2013.08.28 10:53:48.606,1.40164,1.40185,1.35,1.69
2013.08.28 10:53:49.121,1.40164,1.40185,1.54,1.69
2013.08.28 10:53:49.625,1.40164,1.40185,1.54,1.50
2013.08.28 10:53:54.474,1.40163,1.40184,3.42,1.50
2013.08.28 10:54:00.822,1.40164,1.40184,1.54,1.50
2013.08.28 10:54:03.612,1.40164,1.40182,1.54,1.88
2013.08.28 10:54:04.163,1.4016,1.40179,3.94,2.25
2013.08.28 10:54:04.671,1.4016,1.40179,2.44,2.25
2013.08.28 10:54:04.852,1.40159,1.40179,1.32,3.00
2013.08.28 10:54:05.457,1.40159,1.40179,1.32,3.00
2013.08.28 10:54:06.751,1.40159,1.40179,1.32,3.00
2013.08.28 10:54:07.292,1.40159,1.40175,1.32,1.50
2013.08.28 10:54:08.022,1.40159,1.40177,1.32,1.50
2013.08.28 10:54:09.103,1.40159,1.40174,1.32,1.50
2013.08.28 10:54:09.224,1.40154,1.40174,2.44,1.50
2013.08.28 10:54:09.703,1.40156,1.40175,2.07,1.50
2013.08.28 10:54:10.150,1.4016,1.4018,3.19,4.50
2013.08.28 10:54:11.242,1.40163,1.40178,1.32,1.13
2013.08.28 10:54:17.542,1.40164,1.4018,1.69,1.13
2013.08.28 10:54:17.602,1.40167,1.40187,1.13,1.69
2013.08.28 10:54:17.662,1.40165,1.40187,1.69,1.50
2013.08.28 10:54:17.781,1.40165,1.40188,2.44,2.44
2013.08.28 10:54:18.514,1.40168,1.40189,1.69,1.50
2013.08.28 10:54:20.252,1.40168,1.40188,1.69,1.50
2013.08.28 10:54:20.547,1.40167,1.40187,1.32,1.50
2013.08.28 10:54:20.912,1.40168,1.40188,1.69,1.50
2013.08.28 10:54:21.333,1.40166,1.40187,2.82,1.50
2013.08.28 10:54:22.396,1.40166,1.40187,2.82,1.50
2013.08.28 10:54:25.253,1.40167,1.40186,2.44,1.50
2013.08.28 10:54:26.612,1.40169,1.40188,1.32,2.25
2013.08.28 10:54:26.856,1.4017,1.4019,1.69,1.50
2013.08.28 10:54:26.929,1.40171,1.40192,1.69,2.25
2013.08.28 10:54:27.234,1.40178,1.40196,1.32,1.88
2013.08.28 10:54:29.001,1.40178,1.40196,1.32,1.13
2013.08.28 10:54:31.752,1.40178,1.40198,1.69,2.82
2013.08.28 10:54:31.933,1.40179,1.40198,1.32,2.63
2013.08.28 10:54:32.612,1.40179,1.40201,2.07,3.19
2013.08.28 10:54:34.261,1.40182,1.40201,1.32,1.50
2013.08.28 10:54:34.561,1.40183,1.40203,1.32,1.32
2013.08.28 10:54:34.922,1.40184,1.40204,2.07,1.32
2013.08.28 10:54:34.982,1.40184,1.40204,2.82,1.13
2013.08.28 10:54:35.283,1.40185,1.40203,1.32,1.13
2013.08.28 10:54:39.033,1.40186,1.40205,1.69,2.18
2013.08.28 10:54:39.565,1.40186,1.40205,1.69,1.43
2013.08.28 10:54:39.812,1.40186,1.40207,1.69,1.88
2013.08.28 10:54:39.931,1.40189,1.40207,1.69,1.50
2013.08.28 10:54:40.112,1.40189,1.40211,1.69,3.00
2013.08.28 10:54:42.492,1.4019,1.40211,2.07,1.50
2013.08.28 10:54:42.551,1.4019,1.40211,2.07,2.25
2013.08.28 10:54:42.902,1.40191,1.40212,2.44,2.44
2013.08.28 10:54:43.381,1.40191,1.40212,1.69,1.69
2013.08.28 10:54:43.967,1.4019,1.40211,1.69,1.50
2013.08.28 10:54:44.294,1.40191,1.40211,1.32,1.50
2013.08.28 10:54:47.932,1.4019,1.40209,1.32,1.50
2013.08.28 10:54:48.352,1.40189,1.40207,1.32,1.50
2013.08.28 10:54:49.952,1.40187,1.40206,1.32,1.50
2013.08.28 10:54:51.421,1.40187,1.40208,1.32,2.25
2013.08.28 10:54:53.652,1.40187,1.40208,1.69,2.25
2013.08.28 10:54:54.192,1.40187,1.40205,1.32,1.50
2013.08.28 10:54:56.382,1.40188,1.40206,1.32,1.50
2013.08.28 10:54:57.261,1.40188,1.40208,1.32,1.88
2013.08.28 10:54:58.995,1.40188,1.40208,1.32,1.88
2013.08.28 10:54:59.745,1.40188,1.40208,1.32,1.88
2013.08.28 10:55:00.253,1.40189,1.40208,2.82,1.13
2013.08.28 10:55:02.871,1.40188,1.40209,1.32,2.63
2013.08.28 10:55:03.111,1.40188,1.40209,1.32,2.63
2013.08.28 10:55:03.235,1.40186,1.40206,2.44,1.50
2013.08.28 10:55:03.303,1.40186,1.40203,2.44,1.50
2013.08.28 10:55:03.603,1.40184,1.40201,1.32,1.50
2013.08.28 10:55:06.435,1.40178,1.40199,1.32,2.25
2013.08.28 10:55:06.983,1.40179,1.40199,1.32,1.50
2013.08.28 10:55:07.681,1.40179,1.40201,1.69,3.19
2013.08.28 10:55:08.411,1.40179,1.40201,1.69,3.19
2013.08.28 10:55:11.123,1.40181,1.40201,1.13,1.69
2013.08.28 10:55:12.532,1.40181,1.40201,2.07,1.50
2013.08.28 10:55:13.943,1.40189,1.40198,1.13,1.50
2013.08.28 10:55:14.062,1.40189,1.40206,1.50,1.50
2013.08.28 10:55:14.182,1.40191,1.40209,1.88,1.69
2013.08.28 10:55:14.303,1.40196,1.40211,1.32,1.50
2013.08.28 10:55:14.361,1.40196,1.40213,1.32,2.25
2013.08.28 10:55:14.972,1.40197,1.40215,1.13,1.69
2013.08.28 10:55:15.545,1.40197,1.40215,1.32,1.50
2013.08.28 10:55:17.761,1.40196,1.40217,1.69,3.00
2013.08.28 10:55:19.181,1.40197,1.40217,2.44,2.07
2013.08.28 10:55:23.812,1.40197,1.40217,1.32,1.69
2013.08.28 10:55:24.212,1.40196,1.40217,2.07,2.44
2013.08.28 10:55:29.212,1.40197,1.40216,1.32,1.50
2013.08.28 10:55:29.452,1.40198,1.40219,1.32,1.50
2013.08.28 10:55:29.692,1.402,1.40221,1.50,1.69
2013.08.28 10:55:29.752,1.40201,1.40222,2.07,1.50
2013.08.28 10:55:29.811,1.40203,1.40223,1.69,1.13
2013.08.28 10:55:30.207,1.40204,1.40224,1.32,1.88
2013.08.28 10:55:30.273,1.40203,1.40224,1.88,3.19
2013.08.28 10:55:30.391,1.40201,1.4022,1.69,1.50
2013.08.28 10:55:30.695,1.40201,1.4022,1.69,1.50
2013.08.28 10:55:31.373,1.40201,1.40223,2.44,1.32
2013.08.28 10:55:38.243,1.40199,1.40222,3.94,2.25
2013.08.28 10:55:41.805,1.402,1.40217,2.07,1.05
2013.08.28 10:55:41.985,1.40199,1.40215,1.69,1.13
2013.08.28 10:55:42.329,1.40196,1.40216,2.07,2.82
2013.08.28 10:55:42.772,1.40198,1.40216,2.44,1.50
2013.08.28 10:55:43.327,1.40198,1.40216,1.32,2.25
2013.08.28 10:55:43.631,1.40198,1.40215,1.32,1.50
2013.08.28 10:55:44.052,1.40198,1.40215,1.32,1.50
2013.08.28 10:55:44.292,1.40198,1.40215,1.32,1.50
2013.08.28 10:55:44.893,1.40197,1.40217,1.69,2.25
2013.08.28 10:55:48.292,1.40197,1.40216,1.32,1.50
2013.08.28 10:55:49.026,1.40197,1.40216,1.32,1.88
2013.08.28 10:55:49.705,1.40196,1.40216,2.07,1.50
2013.08.28 10:55:51.901,1.40196,1.40216,1.32,1.50
2013.08.28 10:56:01.918,1.40195,1.40216,1.32,2.25
2013.08.28 10:56:02.522,1.40192,1.4021,1.32,1.50
2013.08.28 10:56:03.482,1.40192,1.4021,1.69,1.50
2013.08.28 10:56:03.602,1.4019,1.40209,1.32,1.50
2013.08.28 10:56:04.616,1.40189,1.4021,2.07,1.50
2013.08.28 10:56:04.924,1.40194,1.40213,1.50,1.69
2013.08.28 10:56:05.102,1.40194,1.40214,1.69,1.50
2013.08.28 10:56:05.162,1.40194,1.40211,1.69,1.50
2013.08.28 10:56:05.282,1.40194,1.40212,1.69,1.50
2013.08.28 10:56:05.641,1.40194,1.40214,1.69,2.25
2013.08.28 10:56:06.473,1.40194,1.40214,1.69,2.25
2013.08.28 10:56:06.595,1.40194,1.40214,1.32,2.63
2013.08.28 10:56:07.202,1.40193,1.40213,1.32,1.50
2013.08.28 10:56:07.508,1.40194,1.40213,1.32,1.50
2013.08.28 10:56:10.804,1.40192,1.40212,2.25,1.13
2013.08.28 10:56:10.863,1.4019,1.4021,1.13,1.13
2013.08.28 10:56:11.172,1.4019,1.4021,1.69,1.88
2013.08.28 10:56:11.592,1.4019,1.4021,1.69,1.88
2013.08.28 10:56:12.525,1.40191,1.4021,3.19,1.13
2013.08.28 10:56:13.515,1.40192,1.40212,1.69,1.32
2013.08.28 10:56:20.032,1.40192,1.4021,2.44,1.13
2013.08.28 10:56:20.211,1.40192,1.40211,1.69,1.13
2013.08.28 10:56:27.141,1.40193,1.40213,1.32,1.50
2013.08.28 10:56:27.202,1.40195,1.40214,1.32,1.88
2013.08.28 10:56:27.381,1.40195,1.40215,1.32,1.88
2013.08.28 10:56:28.765,1.40196,1.40215,1.69,2.63
2013.08.28 10:56:33.411,1.40197,1.40215,1.69,1.88
2013.08.28 10:56:34.542,1.40197,1.40217,1.69,2.25
2013.08.28 10:56:34.602,1.402,1.40218,1.69,3.00
2013.08.28 10:56:34.722,1.402,1.40218,1.69,1.88
2013.08.28 10:56:35.237,1.40201,1.4022,2.44,2.63
2013.08.28 10:56:35.308,1.40205,1.40223,1.69,1.13
2013.08.28 10:56:36.782,1.40202,1.40223,3.04,1.13
2013.08.28 10:56:37.572,1.40202,1.40218,2.29,1.13
2013.08.28 10:56:37.873,1.40198,1.40215,1.69,1.13
2013.08.28 10:56:38.193,1.40196,1.40215,2.29,1.13
2013.08.28 10:56:39.682,1.40195,1.40215,1.32,1.13
2013.08.28 10:56:44.045,1.40195,1.40216,2.07,2.82
2013.08.28 10:56:44.663,1.40196,1.40216,1.69,1.88
2013.08.28 10:56:45.391,1.40196,1.40216,1.69,2.63
2013.08.28 10:56:47.072,1.40196,1.40216,1.69,1.13
2013.08.28 10:56:47.763,1.40196,1.40216,2.44,1.13
2013.08.28 10:56:48.568,1.40196,1.40216,1.69,2.25
2013.08.28 10:56:48.875,1.40199,1.4022,1.69,1.69
2013.08.28 10:56:48.945,1.40201,1.40219,1.69,1.50
2013.08.28 10:56:49.462,1.40202,1.40222,2.07,1.50
2013.08.28 10:56:50.012,1.40202,1.40223,1.69,1.50
2013.08.28 10:56:51.712,1.40201,1.40222,1.32,2.25
2013.08.28 10:56:52.013,1.40196,1.40215,3.04,1.50
2013.08.28 10:56:52.252,1.40196,1.40216,1.50,3.19
2013.08.28 10:56:52.372,1.40195,1.40215,1.13,1.69
2013.08.28 10:56:52.923,1.40194,1.40212,2.07,1.50
2013.08.28 10:56:53.712,1.40194,1.40212,2.82,1.50
2013.08.28 10:56:58.782,1.40194,1.40209,1.50,1.88
2013.08.28 10:56:59.202,1.40192,1.4021,3.04,1.50
2013.08.28 10:57:00.412,1.40192,1.40211,3.04,2.25
2013.08.28 10:57:00.472,1.40193,1.40211,1.69,2.25
2013.08.28 10:57:01.011,1.40193,1.40211,2.07,2.25
2013.08.28 10:57:03.452,1.40195,1.40212,1.69,1.88
2013.08.28 10:57:04.753,1.40195,1.40212,1.69,1.88
2013.08.28 10:57:05.292,1.40195,1.40212,1.69,2.25
2013.08.28 10:57:07.342,1.40195,1.40212,1.69,2.25
2013.08.28 10:57:07.916,1.40193,1.4021,1.69,1.50
2013.08.28 10:57:09.523,1.40198,1.40214,1.69,1.50
2013.08.28 10:57:09.584,1.40199,1.40214,1.69,1.50
2013.08.28 10:57:09.702,1.40199,1.40216,1.69,1.50
2013.08.28 10:57:10.002,1.40199,1.40216,1.69,1.13
2013.08.28 10:57:10.185,1.40198,1.40214,2.44,1.50
2013.08.28 10:57:10.722,1.40199,1.40217,2.07,1.88
2013.08.28 10:57:12.512,1.402,1.40215,1.69,1.88
2013.08.28 10:57:13.502,1.40198,1.40214,2.07,1.88
2013.08.28 10:57:13.622,1.40198,1.40213,2.07,1.13
2013.08.28 10:57:13.962,1.40198,1.40212,1.13,1.50
2013.08.28 10:57:14.502,1.40196,1.40212,2.07,1.88
2013.08.28 10:57:15.163,1.40196,1.40213,2.67,2.25
2013.08.28 10:57:15.403,1.40196,1.40217,3.79,1.69
2013.08.28 10:57:15.463,1.40198,1.40217,1.92,1.50
2013.08.28 10:57:15.822,1.402,1.40221,2.25,1.13
2013.08.28 10:57:15.881,1.402,1.40221,2.25,1.13
2013.08.28 10:57:16.322,1.40202,1.40221,1.69,1.50
2013.08.28 10:57:17.675,1.40201,1.4022,1.69,1.88
2013.08.28 10:57:19.783,1.40202,1.40221,1.69,1.13
2013.08.28 10:57:21.697,1.402,1.40216,1.69,1.13
2013.08.28 10:57:22.003,1.40198,1.40216,1.32,1.50
2013.08.28 10:57:23.282,1.40198,1.40214,1.32,1.13
2013.08.28 10:57:26.486,1.40198,1.40214,1.32,1.13
2013.08.28 10:57:26.553,1.40198,1.40214,1.32,1.13
2013.08.28 10:57:26.852,1.40198,1.40215,2.07,1.28
2013.08.28 10:57:27.211,1.40198,1.40214,1.32,2.03
2013.08.28 10:57:27.392,1.40198,1.40214,1.32,1.65
2013.08.28 10:57:28.444,1.40196,1.40214,2.44,1.88
2013.08.28 10:57:28.502,1.40194,1.40214,1.69,1.88
2013.08.28 10:57:30.202,1.40196,1.40214,1.32,1.50
2013.08.28 10:57:30.735,1.40196,1.40215,2.07,2.25
2013.08.28 10:57:31.392,1.40196,1.40214,1.32,1.13
2013.08.28 10:57:32.513,1.40194,1.40213,3.57,1.13
2013.08.28 10:57:32.772,1.40193,1.40214,2.07,2.63
2013.08.28 10:57:33.332,1.40193,1.40212,1.69,2.25
2013.08.28 10:57:34.933,1.40193,1.4021,1.69,1.50
2013.08.28 10:57:35.293,1.40194,1.40211,1.69,1.50
2013.08.28 10:57:35.352,1.40194,1.40213,1.69,2.25
2013.08.28 10:57:35.475,1.40194,1.40213,3.19,1.50
2013.08.28 10:57:35.655,1.40196,1.40216,1.69,1.50
2013.08.28 10:57:36.882,1.40196,1.40216,1.69,1.50
2013.08.28 10:57:36.944,1.40199,1.40217,1.13,1.50
2013.08.28 10:57:37.344,1.402,1.40219,2.07,1.13
2013.08.28 10:57:39.045,1.402,1.40219,1.69,1.50
2013.08.28 10:57:39.113,1.40198,1.40218,1.69,1.13
2013.08.28 10:57:39.174,1.40196,1.40216,2.44,1.50
2013.08.28 10:57:39.292,1.40196,1.40215,1.32,1.50
2013.08.28 10:57:41.792,1.40196,1.40214,1.13,2.25
2013.08.28 10:57:42.122,1.40195,1.40214,1.92,2.25
2013.08.28 10:57:42.671,1.40196,1.40217,1.32,2.25
2013.08.28 10:57:45.192,1.40195,1.40215,1.54,1.88
2013.08.28 10:57:45.552,1.40193,1.40214,2.44,2.25
2013.08.28 10:57:47.412,1.40193,1.40214,3.19,1.50
2013.08.28 10:57:47.471,1.40193,1.40215,3.19,1.69
2013.08.28 10:57:51.402,1.40195,1.40215,1.69,2.25
2013.08.28 10:57:51.582,1.40195,1.40213,1.69,1.50
2013.08.28 10:57:53.452,1.40195,1.40214,1.69,1.50
2013.08.28 10:57:54.612,1.40195,1.40214,1.69,2.25
2013.08.28 10:57:55.218,1.40193,1.4021,1.32,1.50
2013.08.28 10:57:57.052,1.40192,1.40209,1.32,1.50
2013.08.28 10:57:59.263,1.40191,1.40209,2.07,1.50
2013.08.28 10:58:02.172,1.40188,1.40209,3.19,2.25
2013.08.28 10:58:02.712,1.40188,1.40207,2.44,1.50
2013.08.28 10:58:02.772,1.40191,1.4021,1.69,1.50
2013.08.28 10:58:03.012,1.40191,1.4021,2.07,1.50
2013.08.28 10:58:03.132,1.40191,1.4021,2.44,1.50
2013.08.28 10:58:03.193,1.40191,1.40213,3.79,1.80
2013.08.28 10:58:04.894,1.40193,1.40214,1.69,1.50
2013.08.28 10:58:05.013,1.40191,1.40209,2.25,1.13
2013.08.28 10:58:05.133,1.4019,1.40208,2.25,1.13
2013.08.28 10:58:05.614,1.40186,1.40207,1.32,1.13
2013.08.28 10:58:05.915,1.40191,1.40209,1.92,1.50
2013.08.28 10:58:06.393,1.40193,1.40212,1.50,1.50
2013.08.28 10:58:07.813,1.40194,1.40214,1.50,1.13
2013.08.28 10:58:13.403,1.40194,1.40215,1.69,1.50
2013.08.28 10:58:14.912,1.40194,1.40215,2.82,1.50
2013.08.28 10:58:19.052,1.40193,1.40212,2.07,1.50
2013.08.28 10:58:19.575,1.40194,1.40209,1.17,1.50
2013.08.28 10:58:19.643,1.40194,1.40209,1.92,1.13
2013.08.28 10:58:19.763,1.40194,1.4021,2.48,1.50
2013.08.28 10:58:19.824,1.40194,1.40209,1.73,1.50
2013.08.28 10:58:19.943,1.40194,1.40209,1.73,1.50
2013.08.28 10:58:20.483,1.40192,1.40209,1.73,1.13
2013.08.28 10:58:25.574,1.40189,1.40205,2.10,1.50
2013.08.28 10:58:27.132,1.40189,1.40206,2.10,1.32
2013.08.28 10:58:27.704,1.40188,1.402,1.35,1.50
2013.08.28 10:58:27.763,1.40187,1.402,3.23,1.50
2013.08.28 10:58:27.823,1.40183,1.40202,1.50,1.50
2013.08.28 10:58:28.244,1.40188,1.40208,2.44,1.50
2013.08.28 10:58:28.673,1.4019,1.40209,1.69,1.88
2013.08.28 10:58:28.912,1.40188,1.40209,1.69,1.13
2013.08.28 10:58:38.152,1.40188,1.4021,1.69,1.88
2013.08.28 10:58:38.474,1.40189,1.40212,1.69,2.67
2013.08.28 10:58:41.042,1.40192,1.40213,1.69,1.13
2013.08.28 10:58:41.222,1.40196,1.40216,1.50,2.25
2013.08.28 10:58:41.466,1.40197,1.40218,2.25,1.50
2013.08.28 10:58:41.653,1.40198,1.40219,1.69,1.50
2013.08.28 10:58:42.213,1.40198,1.4022,1.69,1.88
2013.08.28 10:58:42.922,1.40201,1.40221,1.32,3.00
2013.08.28 10:58:43.283,1.40204,1.40222,1.54,1.13
2013.08.28 10:58:43.464,1.40209,1.40228,1.92,1.13
2013.08.28 10:58:44.013,1.40211,1.40231,1.50,1.13
2013.08.28 10:58:44.543,1.40211,1.40231,2.25,1.13
2013.08.28 10:58:45.072,1.40211,1.40231,2.25,1.13
2013.08.28 10:58:45.661,1.40211,1.40231,2.25,1.13
2013.08.28 10:58:46.438,1.40211,1.40231,1.50,1.13
2013.08.28 10:58:48.002,1.40211,1.40231,1.50,1.13
2013.08.28 10:58:48.068,1.40211,1.40231,1.50,1.13
2013.08.28 10:58:48.892,1.40211,1.40232,2.44,1.13
2013.08.28 10:58:49.442,1.40215,1.40232,1.50,1.13
2013.08.28 10:58:49.623,1.40211,1.40232,2.44,2.63
2013.08.28 10:58:49.682,1.40211,1.40232,1.69,2.85
2013.08.28 10:58:49.862,1.40209,1.4023,2.07,1.73
2013.08.28 10:58:50.404,1.40209,1.40228,1.32,1.13
2013.08.28 10:58:51.157,1.40209,1.40228,1.32,2.10
2013.08.28 10:58:53.467,1.40208,1.4023,1.32,1.73
2013.08.28 10:58:54.126,1.40209,1.40229,2.07,1.35
2013.08.28 10:58:54.652,1.40209,1.40229,2.82,1.35
2013.08.28 10:58:56.154,1.40207,1.40218,1.13,1.73
2013.08.28 10:58:56.214,1.40206,1.40218,1.50,2.85
2013.08.28 10:58:56.275,1.40199,1.40218,1.65,2.85
2013.08.28 10:58:56.393,1.40199,1.40218,1.50,2.85
2013.08.28 10:58:57.093,1.40196,1.40218,2.74,1.13
2013.08.28 10:58:57.275,1.40195,1.40217,1.54,2.25
2013.08.28 10:58:57.826,1.40196,1.40218,1.99,1.88
2013.08.28 10:58:57.892,1.40196,1.40218,4.09,1.88
2013.08.28 10:58:58.193,1.40205,1.40227,2.10,2.44
2013.08.28 10:58:58.252,1.40205,1.40227,2.10,1.69
2013.08.28 10:58:58.494,1.40208,1.4023,1.50,2.07
2013.08.28 10:58:59.023,1.40207,1.4023,1.69,1.69
2013.08.28 10:58:59.682,1.40207,1.4023,1.69,1.69
2013.08.28 10:59:01.224,1.40207,1.4023,1.69,2.44
2013.08.28 10:59:01.344,1.40206,1.40228,1.50,1.69
2013.08.28 10:59:01.584,1.40203,1.40222,2.74,1.50
2013.08.28 10:59:01.763,1.40206,1.40228,1.50,1.69
2013.08.28 10:59:02.285,1.40205,1.40229,1.99,2.07
2013.08.28 10:59:02.846,1.40208,1.40229,1.05,1.69
2013.08.28 10:59:03.164,1.40207,1.40228,1.50,1.69
2013.08.28 10:59:03.583,1.40203,1.40222,2.82,1.50
2013.08.28 10:59:03.642,1.40203,1.40224,1.13,2.44
2013.08.28 10:59:04.762,1.40201,1.40224,5.44,2.25
2013.08.28 10:59:05.122,1.40203,1.40224,1.69,1.50
2013.08.28 10:59:05.242,1.40203,1.40224,2.44,1.50
2013.08.28 10:59:07.243,1.40205,1.40226,1.32,2.25
2013.08.28 10:59:09.142,1.40205,1.40225,1.69,2.25
2013.08.28 10:59:09.263,1.40205,1.40225,1.69,1.50
2013.08.28 10:59:09.403,1.40206,1.40228,2.07,1.50
2013.08.28 10:59:10.294,1.40206,1.40228,1.13,1.69
2013.08.28 10:59:10.932,1.40203,1.40226,4.17,1.50
2013.08.28 10:59:11.762,1.40206,1.40228,1.69,2.25
2013.08.28 10:59:11.882,1.40207,1.40229,1.54,2.82
2013.08.28 10:59:12.652,1.40207,1.40229,1.54,2.07
2013.08.28 10:59:14.322,1.40208,1.40229,2.07,1.50
2013.08.28 10:59:15.504,1.40208,1.40231,3.12,1.13
2013.08.28 10:59:15.862,1.40215,1.40233,1.65,1.50
2013.08.28 10:59:16.042,1.40215,1.40233,1.65,1.13
2013.08.28 10:59:16.642,1.40219,1.40236,1.13,1.50
2013.08.28 10:59:16.702,1.40222,1.40236,1.73,1.13
2013.08.28 10:59:17.254,1.40219,1.40237,2.07,1.13
2013.08.28 10:59:17.953,1.40219,1.40239,2.07,2.63
2013.08.28 10:59:19.442,1.40219,1.40238,2.07,1.50
2013.08.28 10:59:19.682,1.4022,1.40234,1.32,1.50
2013.08.28 10:59:20.147,1.4021,1.4023,1.54,1.50
2013.08.28 10:59:20.215,1.40209,1.40227,1.24,1.50
2013.08.28 10:59:20.742,1.40209,1.40227,1.69,1.50
2013.08.28 10:59:21.272,1.40209,1.40227,1.50,1.50
2013.08.28 10:59:21.392,1.40209,1.40229,1.50,1.50
2013.08.28 10:59:22.433,1.40209,1.40229,1.50,1.50
2013.08.28 10:59:24.882,1.40207,1.40227,2.44,2.25
2013.08.28 10:59:25.263,1.40204,1.40225,2.82,1.50
2013.08.28 10:59:28.452,1.40207,1.40225,1.13,1.50
2013.08.28 10:59:28.572,1.40207,1.40229,2.07,1.88
2013.08.28 10:59:28.692,1.40208,1.4023,1.69,1.88
2013.08.28 10:59:28.753,1.40209,1.40232,1.69,2.25
2013.08.28 10:59:29.134,1.40211,1.40232,1.32,2.25
2013.08.28 10:59:29.475,1.40211,1.40231,1.32,1.50
2013.08.28 10:59:30.062,1.40209,1.40229,2.82,1.50
2013.08.28 10:59:31.033,1.4021,1.40232,1.32,2.25
2013.08.28 10:59:31.332,1.40212,1.40234,1.50,1.13
2013.08.28 10:59:31.392,1.40212,1.40234,1.50,1.13
2013.08.28 10:59:31.873,1.40209,1.40228,2.07,1.50
2013.08.28 10:59:32.121,1.40208,1.4023,2.07,1.50
2013.08.28 10:59:32.769,1.40212,1.4023,1.32,1.50
2013.08.28 10:59:33.557,1.40212,1.4023,1.32,1.50
2013.08.28 10:59:33.893,1.4021,1.4023,1.32,2.25
2013.08.28 10:59:35.552,1.40212,1.4023,1.50,1.50
2013.08.28 10:59:36.087,1.40212,1.40232,2.25,1.13
2013.08.28 10:59:36.415,1.40212,1.40233,2.25,2.25
2013.08.28 10:59:36.892,1.40212,1.40233,1.69,1.13
2013.08.28 10:59:37.012,1.40213,1.40232,1.69,1.50
2013.08.28 10:59:37.252,1.40214,1.40231,1.69,1.13
2013.08.28 10:59:37.552,1.40218,1.40238,1.32,1.50
2013.08.28 10:59:38.091,1.40218,1.40239,2.07,1.13
2013.08.28 10:59:38.613,1.40218,1.40239,1.32,1.88
2013.08.28 10:59:39.293,1.40218,1.40238,1.13,2.63
2013.08.28 10:59:39.841,1.40218,1.40238,1.13,2.63
2013.08.28 10:59:41.742,1.40218,1.40238,1.13,3.75
2013.08.28 10:59:43.683,1.40218,1.40238,1.13,3.75
2013.08.28 10:59:45.192,1.40218,1.40238,1.13,2.25
2013.08.28 10:59:45.592,1.40218,1.40238,1.88,1.88
2013.08.28 10:59:45.652,1.40218,1.4024,1.88,1.13
2013.08.28 10:59:47.287,1.4022,1.40241,1.50,1.69
2013.08.28 10:59:47.416,1.40222,1.40243,1.50,2.25
2013.08.28 10:59:47.723,1.4023,1.40246,1.50,1.13
2013.08.28 10:59:48.268,1.4023,1.40252,2.25,1.13
2013.08.28 10:59:49.823,1.4023,1.40251,2.25,1.43
2013.08.28 10:59:50.513,1.4023,1.40251,1.50,1.80
2013.08.28 10:59:50.634,1.40232,1.40255,1.50,1.05
2013.08.28 10:59:50.937,1.40231,1.40252,2.25,1.05
2013.08.28 10:59:53.424,1.40229,1.4025,2.25,1.58
2013.08.28 10:59:53.543,1.40228,1.40249,1.50,1.65
2013.08.28 10:59:53.722,1.40229,1.40249,1.50,1.58
2013.08.28 10:59:53.842,1.40229,1.4025,1.50,1.58
2013.08.28 10:59:54.083,1.4023,1.40253,1.50,2.33
2013.08.28 10:59:54.637,1.40232,1.40254,2.25,1.58
2013.08.28 10:59:54.942,1.40228,1.40252,2.25,1.58
2013.08.28 10:59:55.003,1.40227,1.40248,3.75,1.58
2013.08.28 10:59:55.063,1.40228,1.40246,2.25,1.58
2013.08.28 10:59:55.364,1.40226,1.40243,1.50,1.58
2013.08.28 10:59:55.903,1.40219,1.40242,2.25,1.58
2013.08.28 10:59:56.143,1.40219,1.40242,2.25,1.58
2013.08.28 10:59:57.183,1.40219,1.40242,2.25,1.58
2013.08.28 10:59:57.653,1.40218,1.4024,2.25,1.50
2013.08.28 10:59:57.772,1.40227,1.40246,1.13,1.50
2013.08.28 10:59:58.192,1.40224,1.40244,3.38,1.58
2013.08.28 10:59:58.312,1.40222,1.40241,2.25,1.50
2013.08.28 10:59:58.373,1.40221,1.40241,1.50,2.25
2013.08.28 10:59:58.674,1.40218,1.40237,1.50,1.58
2013.08.28 10:59:58.853,1.40218,1.40239,2.85,1.50
2013.08.28 10:59:59.440,1.40219,1.40242,2.25,3.08
2013.08.28 10:59:59.742,1.4022,1.40242,1.50,3.08
2013.08.28 10:59:59.863,1.40222,1.40246,1.50,1.65
