2008.12.23 09:00:00.043,1.7092,1.7106,1.60,1.40
2008.12.23 09:00:02.082,1.7094,1.71065,1.60,1.40
2008.12.23 09:00:02.892,1.7094,1.7109,1.60,1.60
2008.12.23 09:00:03.812,1.7094,1.7107,1.60,1.60
2008.12.23 09:00:04.512,1.7094,1.7105,1.60,1.40
2008.12.23 09:00:05.501,1.7094,1.71045,1.60,1.40
2008.12.23 09:00:06.731,1.7094,1.7105,1.60,1.40
2008.12.23 09:00:06.841,1.7094,1.7106,1.60,1.60
2008.12.23 09:00:07.421,1.7094,1.7104,1.60,1.40
2008.12.23 09:00:10.091,1.7094,1.7101,1.60,1.40
2008.12.23 09:00:10.510,1.7094,1.7105,1.60,1.60
2008.12.23 09:00:11.430,1.7094,1.7101,1.60,1.40
2008.12.23 09:00:12.820,1.7094,1.7102,1.60,1.40
2008.12.23 09:00:13.330,1.7094,1.71015,1.60,1.40
2008.12.23 09:00:14.090,1.7094,1.7104,1.60,1.40
2008.12.23 09:00:14.369,1.7094,1.7105,1.60,1.60
2008.12.23 09:00:14.729,1.7094,1.71055,1.60,1.60
2008.12.23 09:00:15.129,1.7094,1.7104,1.60,1.60
2008.12.23 09:00:15.749,1.7094,1.7101,1.60,1.40
2008.12.23 09:00:16.659,1.7094,1.7105,1.60,1.60
2008.12.23 09:00:23.467,1.7094,1.71055,1.60,1.60
2008.12.23 09:00:23.757,1.7094,1.7101,1.60,1.40
2008.12.23 09:00:25.587,1.7094,1.7104,1.60,1.40
2008.12.23 09:00:25.877,1.7094,1.7107,1.60,1.60
2008.12.23 09:00:26.327,1.7094,1.71085,1.60,1.60
2008.12.23 09:00:26.557,1.7094,1.7108,1.60,1.60
2008.12.23 09:00:27.546,1.7094,1.71045,1.60,1.40
2008.12.23 09:00:28.946,1.7094,1.71025,1.60,1.40
2008.12.23 09:00:29.056,1.7094,1.7106,1.60,1.60
2008.12.23 09:00:29.336,1.7094,1.71065,1.60,1.60
2008.12.23 09:00:29.626,1.7094,1.71025,1.60,1.40
2008.12.23 09:00:29.966,1.7094,1.7103,1.60,1.40
2008.12.23 09:00:30.206,1.7094,1.7102,1.60,1.40
2008.12.23 09:00:31.385,1.7094,1.7101,1.60,1.40
2008.12.23 09:00:32.435,1.7094,1.71005,1.60,1.40
2008.12.23 09:00:33.465,1.7094,1.71,1.60,1.40
2008.12.23 09:00:33.825,1.7094,1.70995,1.60,1.40
2008.12.23 09:00:35.314,1.7094,1.7099,1.60,1.40
2008.12.23 09:00:36.824,1.7094,1.7101,1.60,1.60
2008.12.23 09:00:37.004,1.7094,1.71005,1.60,1.60
2008.12.23 09:00:37.584,1.7094,1.71,1.60,1.60
2008.12.23 09:00:38.624,1.7094,1.7098,1.60,1.40
2008.12.23 09:00:39.433,1.7094,1.71025,1.60,1.60
2008.12.23 09:00:39.673,1.7094,1.7101,1.60,1.60
2008.12.23 09:00:40.114,1.7094,1.7102,1.60,3.20
2008.12.23 09:00:40.393,1.7094,1.71005,1.60,1.60
2008.12.23 09:00:40.743,1.7094,1.7099,1.60,1.40
2008.12.23 09:00:43.672,1.7094,1.70995,1.60,1.40
2008.12.23 09:00:43.952,1.7094,1.7101,1.60,1.60
2008.12.23 09:00:45.232,1.7094,1.70995,1.60,1.40
2008.12.23 09:00:45.862,1.7094,1.7099,1.60,1.40
2008.12.23 09:00:46.972,1.7094,1.71025,1.60,1.60
2008.12.23 09:00:48.431,1.7094,1.7102,1.60,1.60
2008.12.23 09:00:48.831,1.7094,1.7099,1.60,1.40
2008.12.23 09:00:53.830,1.7094,1.71,1.60,1.40
2008.12.23 09:00:54.001,1.7094,1.7103,1.60,3.20
2008.12.23 09:00:54.170,1.7094,1.71025,1.60,1.60
2008.12.23 09:00:54.960,1.7094,1.71045,1.60,3.00
2008.12.23 09:00:55.300,1.7094,1.71015,1.60,1.40
2008.12.23 09:00:56.109,1.7094,1.71005,1.60,1.40
2008.12.23 09:00:56.979,1.7094,1.71045,1.60,1.60
2008.12.23 09:00:57.279,1.7094,1.71045,1.60,1.40
2008.12.23 09:00:58.459,1.7094,1.71065,1.60,1.60
2008.12.23 09:00:58.989,1.7094,1.7107,1.60,1.60
2008.12.23 09:00:59.269,1.7094,1.71075,1.60,1.60
2008.12.23 09:00:59.508,1.7094,1.71055,1.60,1.40
2008.12.23 09:01:05.418,1.7094,1.7106,1.60,1.40
2008.12.23 09:01:06.457,1.7094,1.7108,1.60,1.60
2008.12.23 09:01:07.367,1.7094,1.7106,1.60,1.40
2008.12.23 09:01:08.107,1.7094,1.7108,1.60,1.60
2008.12.23 09:01:08.836,1.7094,1.71075,1.60,1.40
2008.12.23 09:01:09.186,1.7094,1.71085,1.60,1.60
2008.12.23 09:01:09.576,1.7094,1.7111,1.60,1.60
2008.12.23 09:01:10.496,1.7094,1.7109,1.60,1.40
2008.12.23 09:01:11.376,1.7094,1.7111,1.60,1.60
2008.12.23 09:01:11.916,1.7094,1.7108,1.60,1.40
2008.12.23 09:01:12.416,1.7094,1.71095,1.60,1.60
2008.12.23 09:01:12.826,1.7094,1.7109,1.60,1.40
2008.12.23 09:01:16.405,1.7094,1.711,1.60,1.40
2008.12.23 09:01:21.603,1.7094,1.711,1.60,1.60
2008.12.23 09:01:22.403,1.7094,1.7109,1.60,1.40
2008.12.23 09:01:23.213,1.7094,1.7111,1.60,3.20
2008.12.23 09:01:23.553,1.7094,1.711,1.60,1.60
2008.12.23 09:01:24.233,1.7094,1.711,1.60,3.20
2008.12.23 09:01:24.393,1.7094,1.711,1.60,1.60
2008.12.23 09:01:24.733,1.7094,1.71105,1.60,1.60
2008.12.23 09:01:25.003,1.7094,1.7108,1.60,1.60
2008.12.23 09:01:25.292,1.7094,1.71105,1.60,3.00
2008.12.23 09:01:25.512,1.7094,1.711,1.60,1.60
2008.12.23 09:01:25.852,1.7094,1.711,1.60,3.20
2008.12.23 09:01:26.242,1.7094,1.7109,1.60,1.40
2008.12.23 09:01:26.542,1.7094,1.7108,1.60,1.60
2008.12.23 09:01:26.882,1.7094,1.7108,1.60,3.20
2008.12.23 09:01:27.332,1.7094,1.7108,1.60,1.60
2008.12.23 09:01:27.742,1.7094,1.7106,1.60,1.40
2008.12.23 09:01:31.611,1.7094,1.71065,1.60,1.40
2008.12.23 09:01:32.071,1.70945,1.711,1.60,3.00
2008.12.23 09:01:32.361,1.70955,1.711,1.60,1.60
2008.12.23 09:01:32.651,1.70955,1.7112,1.60,1.60
2008.12.23 09:01:32.890,1.7095,1.7109,1.60,1.40
2008.12.23 09:01:33.180,1.70945,1.7109,1.60,1.40
2008.12.23 09:01:33.451,1.7094,1.7109,7.20,1.40
2008.12.23 09:01:33.690,1.7094,1.7109,3.20,1.40
2008.12.23 09:01:34.130,1.70945,1.7109,1.60,1.40
2008.12.23 09:01:36.070,1.7094,1.7109,7.20,1.40
2008.12.23 09:01:36.250,1.7094,1.7109,4.80,1.40
2008.12.23 09:01:36.720,1.7094,1.7109,3.20,1.40
2008.12.23 09:01:38.229,1.7094,1.711,4.80,1.60
2008.12.23 09:01:38.469,1.7094,1.7109,4.80,1.40
2008.12.23 09:01:38.939,1.7094,1.71105,3.20,1.60
2008.12.23 09:01:39.559,1.7094,1.7111,3.20,1.60
2008.12.23 09:01:39.959,1.7094,1.71115,3.20,2.80
2008.12.23 09:01:40.129,1.7094,1.711,3.20,1.40
2008.12.23 09:01:42.698,1.7094,1.71105,3.20,3.00
2008.12.23 09:01:43.148,1.7094,1.7109,3.20,1.40
2008.12.23 09:01:43.318,1.7094,1.7111,3.20,1.60
2008.12.23 09:01:47.587,1.70945,1.7111,2.40,3.20
2008.12.23 09:01:48.137,1.7094,1.71105,3.20,1.60
2008.12.23 09:01:48.357,1.7094,1.71095,3.20,3.20
2008.12.23 09:01:49.236,1.7094,1.71095,3.20,1.60
2008.12.23 09:01:49.687,1.7094,1.711,3.20,1.60
2008.12.23 09:01:50.046,1.7094,1.71105,3.20,1.60
2008.12.23 09:01:52.236,1.7094,1.7109,3.20,1.40
2008.12.23 09:01:52.806,1.7094,1.71085,3.20,1.60
2008.12.23 09:01:54.435,1.7094,1.71075,3.20,1.60
2008.12.23 09:01:55.065,1.7094,1.7108,3.20,4.20
2008.12.23 09:01:55.405,1.7094,1.71075,3.20,2.60
2008.12.23 09:01:55.525,1.7094,1.71085,3.20,3.20
2008.12.23 09:01:56.225,1.7094,1.7109,3.20,3.00
2008.12.23 09:01:56.515,1.7094,1.71085,3.20,3.00
2008.12.23 09:01:57.045,1.7094,1.71075,3.20,1.60
2008.12.23 09:01:57.335,1.7094,1.71075,3.20,3.00
2008.12.23 09:01:59.384,1.7094,1.71065,3.20,1.40
2008.12.23 09:02:06.352,1.7094,1.7106,3.20,1.40
2008.12.23 09:02:06.703,1.7094,1.7108,3.20,4.20
2008.12.23 09:02:07.102,1.7094,1.7108,3.20,1.60
2008.12.23 09:02:07.502,1.7094,1.71065,3.20,1.40
2008.12.23 09:02:07.842,1.7094,1.7106,3.20,1.40
2008.12.23 09:02:08.072,1.7094,1.7108,3.20,1.60
2008.12.23 09:02:08.822,1.7094,1.71075,3.20,1.60
2008.12.23 09:02:10.072,1.7094,1.71075,3.20,4.20
2008.12.23 09:02:10.352,1.7094,1.71075,3.20,3.00
2008.12.23 09:02:10.831,1.7094,1.7109,3.20,3.20
2008.12.23 09:02:11.051,1.7094,1.71085,3.20,1.60
2008.12.23 09:02:11.341,1.7094,1.7108,3.20,1.60
2008.12.23 09:02:13.951,1.7094,1.71075,3.20,1.60
2008.12.23 09:02:15.480,1.7094,1.7108,3.20,4.20
2008.12.23 09:02:15.530,1.7094,1.71055,3.20,1.40
2008.12.23 09:02:16.170,1.7094,1.71055,4.80,1.40
2008.12.23 09:02:16.590,1.7094,1.71055,3.20,1.40
2008.12.23 09:02:16.980,1.7094,1.7109,3.20,1.60
2008.12.23 09:02:17.440,1.7094,1.71065,3.20,1.40
2008.12.23 09:02:19.589,1.7094,1.7106,3.20,1.40
2008.12.23 09:02:23.248,1.7094,1.7107,3.20,1.40
2008.12.23 09:02:25.778,1.7094,1.71095,3.20,1.60
2008.12.23 09:02:25.998,1.7094,1.711,3.20,1.60
2008.12.23 09:02:26.568,1.7094,1.71105,3.20,3.20
2008.12.23 09:02:27.317,1.7094,1.71075,4.80,1.40
2008.12.23 09:02:29.407,1.7094,1.71075,5.60,1.40
2008.12.23 09:02:29.637,1.7094,1.7108,4.80,1.40
2008.12.23 09:02:29.687,1.7094,1.7111,4.80,3.20
2008.12.23 09:02:30.207,1.7094,1.7111,6.40,1.60
2008.12.23 09:02:31.606,1.70945,1.71085,4.00,1.40
2008.12.23 09:02:31.836,1.70945,1.7111,1.60,1.60
2008.12.23 09:02:32.006,1.7094,1.7111,6.40,1.60
2008.12.23 09:02:33.146,1.7095,1.71085,1.60,1.40
2008.12.23 09:02:33.606,1.7095,1.71085,2.40,1.40
2008.12.23 09:02:33.846,1.70955,1.7111,2.40,1.60
2008.12.23 09:02:34.296,1.70955,1.7111,1.60,1.60
2008.12.23 09:02:34.576,1.7094,1.7111,6.40,1.60
2008.12.23 09:02:35.156,1.7094,1.71105,5.60,1.60
2008.12.23 09:02:35.505,1.7094,1.7107,4.80,1.40
2008.12.23 09:02:35.735,1.7094,1.71105,4.80,1.60
2008.12.23 09:02:36.075,1.7094,1.71105,3.20,1.60
2008.12.23 09:02:37.295,1.70955,1.71085,1.60,1.40
2008.12.23 09:02:37.645,1.7095,1.7111,4.00,1.60
2008.12.23 09:02:37.995,1.7094,1.7111,6.40,1.60
2008.12.23 09:02:39.324,1.7094,1.7108,6.40,1.40
2008.12.23 09:02:40.084,1.7094,1.7108,4.80,1.40
2008.12.23 09:02:42.054,1.7094,1.7108,5.60,1.40
2008.12.23 09:02:42.394,1.7094,1.7107,3.20,1.40
2008.12.23 09:02:46.943,1.7094,1.71105,3.20,3.20
2008.12.23 09:02:47.243,1.7094,1.71105,3.20,1.60
2008.12.23 09:02:48.282,1.7094,1.7111,4.80,5.80
2008.12.23 09:02:48.402,1.7094,1.7111,4.80,3.20
2008.12.23 09:02:48.812,1.7094,1.7111,6.40,1.60
2008.12.23 09:02:48.972,1.7094,1.7108,4.80,1.40
2008.12.23 09:02:58.220,1.7095,1.7108,1.60,1.40
2008.12.23 09:02:58.600,1.7095,1.71085,1.60,1.40
2008.12.23 09:03:01.709,1.70945,1.71085,4.00,1.40
2008.12.23 09:03:02.059,1.7095,1.7106,2.40,1.40
2008.12.23 09:03:02.349,1.7095,1.7106,1.60,1.40
2008.12.23 09:03:02.699,1.7095,1.7111,1.60,1.60
2008.12.23 09:03:03.179,1.7094,1.7111,6.40,1.60
2008.12.23 09:03:05.668,1.70955,1.7111,1.60,4.20
2008.12.23 09:03:05.838,1.70955,1.7111,1.60,2.60
2008.12.23 09:03:05.948,1.70955,1.71085,1.60,1.40
2008.12.23 09:03:07.578,1.7095,1.71085,8.80,1.40
2008.12.23 09:03:07.747,1.70965,1.71085,1.60,1.40
2008.12.23 09:03:11.757,1.7095,1.71085,4.80,1.40
2008.12.23 09:03:11.987,1.7095,1.71085,3.20,1.40
2008.12.23 09:03:12.157,1.7095,1.7111,3.20,1.60
2008.12.23 09:03:13.416,1.7095,1.71085,3.20,1.40
2008.12.23 09:03:13.826,1.7095,1.71085,4.00,1.40
2008.12.23 09:03:14.226,1.7095,1.71075,1.60,1.40
2008.12.23 09:03:14.446,1.7095,1.71105,1.60,1.60
2008.12.23 09:03:15.646,1.7095,1.71085,3.20,1.40
2008.12.23 09:03:15.986,1.7095,1.71095,1.60,1.60
2008.12.23 09:03:16.276,1.7095,1.711,3.20,3.00
2008.12.23 09:03:16.745,1.7095,1.711,3.20,1.60
2008.12.23 09:03:17.256,1.7095,1.71085,1.60,1.40
2008.12.23 09:03:18.475,1.7095,1.7108,1.60,1.40
2008.12.23 09:03:19.635,1.7095,1.711,1.60,1.60
2008.12.23 09:03:20.265,1.7095,1.7108,1.60,1.40
2008.12.23 09:03:21.714,1.7095,1.7106,3.20,1.40
2008.12.23 09:03:22.104,1.7095,1.7111,3.20,1.60
2008.12.23 09:03:22.404,1.7095,1.711,1.60,1.60
2008.12.23 09:03:23.504,1.7095,1.7108,1.60,1.40
2008.12.23 09:03:23.954,1.7095,1.71085,1.60,1.40
2008.12.23 09:03:25.204,1.7095,1.7109,1.60,3.00
2008.12.23 09:03:25.543,1.7095,1.71075,1.60,1.40
2008.12.23 09:03:36.390,1.7095,1.71075,1.60,1.60
2008.12.23 09:03:37.020,1.7095,1.71055,1.60,1.40
2008.12.23 09:03:37.420,1.7095,1.71085,1.60,1.60
2008.12.23 09:03:37.540,1.7095,1.7109,1.60,1.60
2008.12.23 09:03:41.359,1.7095,1.7107,1.60,1.60
2008.12.23 09:03:41.709,1.7095,1.7107,1.60,3.00
2008.12.23 09:03:43.269,1.7095,1.71055,1.60,1.40
2008.12.23 09:03:44.409,1.7095,1.7105,1.60,1.40
2008.12.23 09:03:46.258,1.7095,1.71045,1.60,1.40
2008.12.23 09:03:49.327,1.7095,1.7104,1.60,1.40
2008.12.23 09:03:52.317,1.7095,1.71045,1.60,1.40
2008.12.23 09:03:55.836,1.7095,1.7105,1.60,1.40
2008.12.23 09:03:59.035,1.7095,1.7106,1.60,1.40
2008.12.23 09:04:09.793,1.7095,1.71045,1.60,1.40
2008.12.23 09:04:10.353,1.7095,1.71065,1.60,1.60
2008.12.23 09:04:10.642,1.7095,1.71035,1.60,1.40
2008.12.23 09:04:11.472,1.7095,1.7106,1.60,1.40
2008.12.23 09:04:11.762,1.7095,1.7108,1.60,3.20
2008.12.23 09:04:12.792,1.7095,1.7107,1.60,1.60
2008.12.23 09:04:13.132,1.7095,1.71035,1.60,1.40
2008.12.23 09:04:17.241,1.7095,1.71025,1.60,1.40
2008.12.23 09:04:17.541,1.7095,1.71065,1.60,1.60
2008.12.23 09:04:18.521,1.7095,1.7107,1.60,4.60
2008.12.23 09:04:18.980,1.7095,1.71035,1.60,1.40
2008.12.23 09:04:20.820,1.7095,1.71045,1.60,1.40
2008.12.23 09:04:21.470,1.7095,1.7106,1.60,1.40
2008.12.23 09:04:22.170,1.7095,1.7105,1.60,1.40
2008.12.23 09:04:25.029,1.7095,1.71065,1.60,1.40
2008.12.23 09:04:26.009,1.7095,1.7103,1.60,1.40
2008.12.23 09:04:26.939,1.7095,1.7106,1.60,1.40
2008.12.23 09:04:29.568,1.7095,1.7105,1.60,1.40
2008.12.23 09:04:30.268,1.7095,1.7107,1.60,1.60
2008.12.23 09:04:30.548,1.7095,1.7107,1.60,3.20
2008.12.23 09:04:30.958,1.7095,1.7104,1.60,1.40
2008.12.23 09:04:32.487,1.7095,1.7102,1.60,1.40
2008.12.23 09:04:37.496,1.7095,1.7107,1.60,3.20
2008.12.23 09:04:37.776,1.7095,1.71075,1.60,4.60
2008.12.23 09:04:38.016,1.7095,1.7107,1.60,1.60
2008.12.23 09:04:38.766,1.7095,1.7107,1.60,3.20
2008.12.23 09:04:39.096,1.7095,1.71035,1.60,1.40
2008.12.23 09:04:42.085,1.7095,1.7105,1.60,1.40
2008.12.23 09:04:42.555,1.7095,1.71055,1.60,1.40
2008.12.23 09:04:43.175,1.7095,1.7108,1.60,1.60
2008.12.23 09:04:43.525,1.7095,1.71075,1.60,1.60
2008.12.23 09:04:44.225,1.7095,1.7108,1.60,3.20
2008.12.23 09:04:44.584,1.7095,1.7108,1.60,1.60
2008.12.23 09:04:44.704,1.7095,1.7105,1.60,1.40
2008.12.23 09:04:45.844,1.7095,1.71085,1.60,1.60
2008.12.23 09:04:46.234,1.7095,1.7109,1.60,7.40
2008.12.23 09:04:46.574,1.7095,1.7109,1.60,3.20
2008.12.23 09:04:47.494,1.7095,1.7109,3.20,3.20
2008.12.23 09:04:48.503,1.7095,1.7108,3.20,1.40
2008.12.23 09:04:50.453,1.7095,1.71085,4.80,1.40
2008.12.23 09:04:51.273,1.7095,1.7108,4.80,1.40
2008.12.23 09:04:51.773,1.70955,1.7108,1.60,1.40
2008.12.23 09:04:52.172,1.7095,1.7109,1.60,3.20
2008.12.23 09:04:53.382,1.7095,1.7108,1.60,1.40
2008.12.23 09:04:54.542,1.7096,1.7109,1.60,3.20
2008.12.23 09:04:54.892,1.7096,1.7109,3.20,3.20
2008.12.23 09:04:55.332,1.7096,1.7109,1.60,3.20
2008.12.23 09:04:55.552,1.7095,1.7109,3.20,3.20
2008.12.23 09:04:59.261,1.7095,1.7108,4.80,1.40
2008.12.23 09:05:03.250,1.70955,1.7108,1.60,1.40
2008.12.23 09:05:03.420,1.7095,1.71065,3.20,1.40
2008.12.23 09:05:03.890,1.7095,1.71055,1.60,1.40
2008.12.23 09:05:04.010,1.7095,1.7109,1.60,3.20
2008.12.23 09:05:04.350,1.7095,1.71065,3.20,1.40
2008.12.23 09:05:04.579,1.7095,1.7109,1.60,3.20
2008.12.23 09:05:06.219,1.7095,1.71065,3.20,1.40
2008.12.23 09:05:07.349,1.7095,1.7109,1.60,3.20
2008.12.23 09:05:14.537,1.7095,1.7108,1.60,1.40
2008.12.23 09:05:15.587,1.7095,1.7107,1.60,1.40
2008.12.23 09:05:16.117,1.7095,1.7108,1.60,1.40
2008.12.23 09:05:23.625,1.7095,1.7108,2.40,1.40
2008.12.23 09:05:23.965,1.7095,1.7108,3.20,1.40
2008.12.23 09:05:24.085,1.7095,1.7108,4.80,1.40
2008.12.23 09:05:24.445,1.70955,1.7108,1.60,1.40
2008.12.23 09:05:24.785,1.7095,1.7109,1.60,3.20
2008.12.23 09:05:27.594,1.7095,1.71075,1.60,1.40
2008.12.23 09:05:36.912,1.7095,1.7106,1.60,1.40
2008.12.23 09:05:42.650,1.7095,1.71055,1.60,1.40
2008.12.23 09:05:49.609,1.7095,1.71045,1.60,1.40
2008.12.23 09:05:50.468,1.7095,1.7109,1.60,3.20
2008.12.23 09:05:51.508,1.7095,1.71065,1.60,1.40
2008.12.23 09:05:58.516,1.7095,1.71065,3.20,1.40
2008.12.23 09:05:58.966,1.7095,1.7107,4.80,1.40
2008.12.23 09:06:01.146,1.7095,1.7109,3.20,3.20
2008.12.23 09:06:01.306,1.7095,1.7109,1.60,3.20
2008.12.23 09:06:04.045,1.7095,1.7109,3.20,3.20
2008.12.23 09:06:04.385,1.7095,1.7107,4.80,1.40
2008.12.23 09:06:11.353,1.70955,1.7107,1.60,1.40
2008.12.23 09:06:11.413,1.70955,1.7108,3.20,1.40
2008.12.23 09:06:11.683,1.7096,1.7108,1.60,1.40
2008.12.23 09:06:12.023,1.70955,1.7109,5.60,3.20
2008.12.23 09:06:12.483,1.7096,1.7109,1.60,3.20
2008.12.23 09:06:12.773,1.70955,1.7109,1.60,3.20
2008.12.23 09:06:14.723,1.70955,1.71075,1.60,1.40
2008.12.23 09:06:19.032,1.7095,1.71075,4.80,1.40
2008.12.23 09:06:19.202,1.70955,1.71075,1.60,1.40
2008.12.23 09:06:19.321,1.7095,1.71055,1.60,1.40
2008.12.23 09:06:20.491,1.7095,1.7107,3.20,1.40
2008.12.23 09:06:20.781,1.7095,1.7109,1.60,3.20
2008.12.23 09:06:21.871,1.70955,1.7109,1.60,3.20
2008.12.23 09:06:22.431,1.7095,1.71075,6.40,1.40
2008.12.23 09:06:22.711,1.7095,1.71065,3.20,1.40
2008.12.23 09:06:25.110,1.7095,1.71065,4.00,1.40
2008.12.23 09:06:25.780,1.7095,1.7107,3.20,1.40
2008.12.23 09:06:26.110,1.7095,1.7109,3.20,3.20
2008.12.23 09:06:26.170,1.7095,1.7109,1.60,3.20
2008.12.23 09:06:27.450,1.7095,1.7107,1.60,1.40
2008.12.23 09:06:27.780,1.7095,1.7107,3.20,1.40
2008.12.23 09:06:28.010,1.7095,1.7109,3.20,3.20
2008.12.23 09:06:28.479,1.7095,1.71055,1.60,1.40
2008.12.23 09:06:28.939,1.7095,1.71065,1.60,1.40
2008.12.23 09:06:29.639,1.7096,1.71065,3.20,1.40
2008.12.23 09:06:30.109,1.7096,1.7108,4.80,1.40
2008.12.23 09:06:30.469,1.7096,1.7108,3.20,1.40
2008.12.23 09:06:30.869,1.70955,1.7109,1.60,3.20
2008.12.23 09:06:31.159,1.7095,1.7109,4.80,3.20
2008.12.23 09:06:31.399,1.70955,1.7109,1.60,3.20
2008.12.23 09:06:31.679,1.70955,1.71075,3.20,1.40
2008.12.23 09:06:39.897,1.70955,1.71075,1.60,1.40
2008.12.23 09:06:49.094,1.7096,1.71075,1.60,1.40
2008.12.23 09:06:49.844,1.7096,1.7108,4.80,1.40
2008.12.23 09:06:51.164,1.70975,1.7108,1.60,1.40
2008.12.23 09:06:51.504,1.70975,1.7109,1.60,3.20
2008.12.23 09:06:51.794,1.7098,1.7109,1.60,3.20
2008.12.23 09:06:52.014,1.70985,1.7109,1.60,3.20
2008.12.23 09:06:52.194,1.70985,1.7109,4.80,3.20
2008.12.23 09:06:53.934,1.70985,1.7109,3.20,3.20
2008.12.23 09:06:54.383,1.71,1.7109,1.60,3.20
2008.12.23 09:06:57.502,1.70995,1.7109,1.60,3.20
2008.12.23 09:06:57.612,1.7099,1.7109,1.60,3.20
2008.12.23 09:06:57.903,1.70985,1.7109,1.60,3.20
2008.12.23 09:06:58.312,1.70985,1.7109,3.20,3.20
2008.12.23 09:06:58.752,1.70985,1.7109,1.60,3.20
2008.12.23 09:06:59.162,1.7098,1.7109,1.60,3.20
2008.12.23 09:06:59.622,1.70975,1.7109,3.20,3.20
2008.12.23 09:06:59.862,1.7098,1.7109,1.60,3.20
2008.12.23 09:07:00.481,1.70975,1.7109,1.60,3.20
2008.12.23 09:07:00.761,1.7098,1.7109,1.60,3.20
2008.12.23 09:07:01.101,1.70985,1.7109,1.60,3.20
2008.12.23 09:07:01.501,1.70975,1.7109,1.60,3.20
2008.12.23 09:07:02.093,1.7097,1.7109,1.60,3.20
2008.12.23 09:07:04.790,1.70965,1.7109,3.20,3.20
2008.12.23 09:07:08.189,1.70965,1.71085,3.20,1.60
2008.12.23 09:07:08.250,1.70965,1.7108,1.60,1.60
2008.12.23 09:07:08.590,1.7095,1.7108,3.20,1.60
2008.12.23 09:07:08.880,1.7095,1.71075,1.60,1.60
2008.12.23 09:07:09.389,1.7095,1.71075,1.60,1.40
2008.12.23 09:07:09.679,1.7095,1.7109,1.60,7.20
2008.12.23 09:07:09.969,1.7095,1.7109,1.60,5.40
2008.12.23 09:07:10.079,1.7095,1.7107,1.60,1.40
2008.12.23 09:07:10.879,1.7095,1.7106,1.60,1.40
2008.12.23 09:07:11.169,1.7095,1.7106,3.20,1.40
2008.12.23 09:07:11.329,1.70955,1.7106,1.60,1.40
2008.12.23 09:07:11.439,1.70965,1.7106,1.60,1.40
2008.12.23 09:07:11.719,1.70965,1.7109,1.60,4.00
2008.12.23 09:07:12.079,1.70955,1.7109,1.60,4.00
2008.12.23 09:07:12.299,1.70965,1.7109,1.60,4.00
2008.12.23 09:07:12.469,1.7097,1.7109,1.60,4.00
2008.12.23 09:07:12.699,1.7097,1.7109,3.20,4.00
2008.12.23 09:07:14.078,1.7097,1.7109,1.60,4.00
2008.12.23 09:07:14.198,1.70965,1.7109,1.60,4.00
2008.12.23 09:07:14.888,1.7097,1.7109,1.60,4.00
2008.12.23 09:07:16.528,1.7097,1.7109,3.20,4.00
2008.12.23 09:07:16.588,1.70975,1.7109,1.60,4.00
2008.12.23 09:07:17.058,1.7097,1.7109,3.20,4.00
2008.12.23 09:07:28.815,1.7098,1.7109,1.60,4.00
2008.12.23 09:07:29.045,1.7097,1.7109,2.40,4.00
2008.12.23 09:07:29.694,1.70975,1.7109,1.60,4.00
2008.12.23 09:07:30.074,1.70965,1.7109,4.80,4.00
2008.12.23 09:07:43.381,1.70965,1.7109,3.20,4.00
2008.12.23 09:07:43.731,1.70965,1.71085,1.60,1.40
2008.12.23 09:07:44.081,1.7096,1.7109,1.60,4.00
2008.12.23 09:07:44.481,1.7096,1.7109,3.20,4.00
2008.12.23 09:07:50.190,1.7096,1.71085,3.20,1.40
2008.12.23 09:07:51.459,1.70965,1.71085,1.60,1.40
2008.12.23 09:07:51.569,1.70965,1.71085,3.20,1.40
2008.12.23 09:07:51.970,1.70965,1.7109,4.80,4.00
2008.12.23 09:07:53.629,1.70965,1.7109,3.20,4.00
2008.12.23 09:07:54.079,1.70965,1.7109,1.60,4.00
2008.12.23 09:07:54.598,1.70985,1.71075,3.20,1.40
2008.12.23 09:07:54.819,1.70985,1.7109,3.20,4.00
2008.12.23 09:07:54.938,1.70985,1.7109,1.60,4.00
2008.12.23 09:07:55.219,1.70985,1.7109,3.20,4.00
2008.12.23 09:07:55.498,1.70985,1.7109,1.60,4.00
2008.12.23 09:07:56.018,1.70975,1.7109,1.60,4.00
2008.12.23 09:07:56.258,1.7097,1.7109,5.60,4.00
2008.12.23 09:07:56.788,1.7097,1.7109,1.60,4.00
2008.12.23 09:07:57.738,1.7096,1.7109,6.40,4.00
2008.12.23 09:07:58.028,1.7098,1.7109,3.20,4.00
2008.12.23 09:07:58.448,1.70985,1.7109,3.20,4.00
2008.12.23 09:07:58.787,1.70985,1.7109,1.60,4.00
2008.12.23 09:07:59.127,1.70975,1.7109,1.60,4.00
2008.12.23 09:07:59.467,1.7097,1.7109,1.60,4.00
2008.12.23 09:07:59.747,1.70955,1.7109,3.20,4.00
2008.12.23 09:08:00.327,1.70955,1.7109,1.60,4.00
2008.12.23 09:08:00.617,1.70985,1.7109,1.60,4.00
2008.12.23 09:08:00.977,1.70985,1.7109,3.20,4.00
2008.12.23 09:08:01.477,1.7099,1.7109,1.60,4.00
2008.12.23 09:08:01.867,1.7097,1.7109,4.00,4.00
2008.12.23 09:08:02.367,1.7097,1.7109,1.60,4.00
2008.12.23 09:08:03.746,1.7098,1.7109,1.60,4.00
2008.12.23 09:08:09.375,1.71005,1.7109,1.60,4.00
2008.12.23 09:08:09.955,1.71,1.7109,4.00,4.00
2008.12.23 09:08:10.515,1.71,1.7109,3.20,4.00
2008.12.23 09:08:10.795,1.7099,1.7109,3.20,4.00
2008.12.23 09:08:15.064,1.70995,1.7109,1.60,4.00
2008.12.23 09:08:15.353,1.7099,1.7109,3.20,4.00
2008.12.23 09:08:23.852,1.70985,1.7109,5.60,4.00
2008.12.23 09:08:24.081,1.70985,1.7109,3.20,4.00
2008.12.23 09:08:26.211,1.70995,1.7109,1.60,4.00
2008.12.23 09:08:27.480,1.70995,1.7109,4.00,4.00
2008.12.23 09:08:27.830,1.71,1.7109,3.20,4.00
2008.12.23 09:08:28.360,1.71,1.7109,1.60,4.00
2008.12.23 09:08:28.810,1.70995,1.7109,1.60,4.00
2008.12.23 09:08:30.000,1.7099,1.7109,3.20,4.00
2008.12.23 09:08:31.450,1.7099,1.7109,1.60,4.00
2008.12.23 09:08:31.811,1.70985,1.7109,4.80,4.00
2008.12.23 09:08:32.320,1.70985,1.7109,1.60,4.00
2008.12.23 09:08:32.849,1.71,1.7109,1.60,4.00
2008.12.23 09:08:33.479,1.71005,1.7109,1.60,4.00
2008.12.23 09:08:35.978,1.71,1.7109,4.80,4.00
2008.12.23 09:08:36.029,1.71,1.7109,3.20,4.00
2008.12.23 09:08:36.258,1.70995,1.7109,1.60,4.00
2008.12.23 09:08:36.489,1.70985,1.7109,1.60,4.00
2008.12.23 09:08:36.968,1.7098,1.7109,1.60,4.00
2008.12.23 09:08:37.368,1.7099,1.7109,1.60,4.00
2008.12.23 09:08:38.278,1.70985,1.7109,4.80,4.00
2008.12.23 09:08:38.498,1.70985,1.7109,3.20,4.00
2008.12.23 09:08:38.968,1.70985,1.7109,1.60,4.00
2008.12.23 09:08:39.368,1.71,1.7109,1.60,4.00
2008.12.23 09:08:39.647,1.7098,1.7109,1.60,4.00
2008.12.23 09:08:39.818,1.7099,1.7109,1.60,4.00
2008.12.23 09:08:42.177,1.70985,1.7109,1.60,4.00
2008.12.23 09:08:42.527,1.7098,1.7109,1.60,4.00
2008.12.23 09:08:43.057,1.71,1.7109,1.60,4.00
2008.12.23 09:08:43.917,1.7099,1.7109,1.60,4.00
2008.12.23 09:08:44.566,1.70985,1.7109,1.60,4.00
2008.12.23 09:08:45.076,1.70985,1.7109,3.20,4.00
2008.12.23 09:08:45.246,1.7099,1.7109,1.60,4.00
2008.12.23 09:08:45.546,1.7099,1.7109,3.20,4.00
2008.12.23 09:08:46.816,1.7099,1.7109,1.60,4.00
2008.12.23 09:08:47.146,1.70985,1.7109,1.60,4.00
2008.12.23 09:08:47.815,1.7098,1.7109,1.60,4.00
2008.12.23 09:08:49.625,1.70975,1.7109,6.40,4.00
2008.12.23 09:08:49.675,1.70985,1.7109,1.00,4.00
2008.12.23 09:08:49.795,1.70985,1.7109,1.60,4.00
2008.12.23 09:08:50.085,1.70985,1.7109,3.20,4.00
2008.12.23 09:08:50.355,1.70985,1.7109,1.60,4.00
2008.12.23 09:08:50.695,1.70975,1.7109,6.40,4.00
2008.12.23 09:08:50.965,1.70985,1.7109,3.20,4.00
2008.12.23 09:08:51.385,1.70985,1.7109,4.80,4.00
2008.12.23 09:08:51.665,1.71025,1.7109,1.60,4.00
2008.12.23 09:08:52.495,1.7102,1.7109,3.20,4.00
2008.12.23 09:08:52.795,1.70995,1.7109,1.60,4.00
2008.12.23 09:08:53.594,1.7098,1.7109,3.20,4.00
2008.12.23 09:08:53.814,1.7098,1.7109,1.60,4.00
2008.12.23 09:08:54.434,1.70965,1.7109,3.20,4.00
2008.12.23 09:08:54.894,1.7096,1.7109,3.20,4.00
2008.12.23 09:08:56.154,1.7095,1.7109,1.60,4.00
2008.12.23 09:08:56.553,1.70945,1.7109,1.60,4.00
2008.12.23 09:08:56.774,1.7095,1.7109,1.60,4.00
2008.12.23 09:08:56.954,1.70955,1.7109,1.60,4.00
2008.12.23 09:08:57.693,1.70965,1.7109,1.60,4.00
2008.12.23 09:08:58.203,1.70965,1.7108,1.60,1.40
2008.12.23 09:08:58.773,1.7096,1.7108,1.60,1.40
2008.12.23 09:08:59.003,1.70955,1.7108,3.20,1.40
2008.12.23 09:08:59.343,1.70955,1.7108,1.60,1.40
2008.12.23 09:08:59.703,1.70955,1.7106,1.60,1.40
2008.12.23 09:09:01.532,1.70955,1.71055,1.60,1.40
2008.12.23 09:09:01.772,1.70945,1.71055,3.20,1.40
2008.12.23 09:09:02.012,1.70945,1.71055,1.60,1.40
2008.12.23 09:09:02.482,1.7095,1.71055,1.60,1.40
2008.12.23 09:09:03.492,1.7096,1.71055,1.60,1.40
2008.12.23 09:09:04.062,1.7096,1.71075,1.60,1.40
2008.12.23 09:09:04.352,1.7096,1.71075,3.20,1.40
2008.12.23 09:09:04.641,1.7096,1.71075,1.60,1.40
2008.12.23 09:09:08.571,1.70965,1.71075,1.60,1.40
2008.12.23 09:09:09.371,1.70965,1.7107,1.60,1.40
2008.12.23 09:09:18.718,1.7099,1.7109,1.60,5.40
2008.12.23 09:09:19.068,1.7098,1.7108,1.60,1.40
2008.12.23 09:09:19.418,1.70975,1.7108,3.20,1.40
2008.12.23 09:09:19.718,1.7097,1.7109,4.00,4.00
2008.12.23 09:09:20.058,1.7097,1.71075,1.60,1.40
2008.12.23 09:09:20.278,1.7097,1.7109,3.20,4.00
2008.12.23 09:09:21.008,1.7098,1.7109,1.60,4.00
2008.12.23 09:09:21.647,1.7099,1.7109,1.60,5.40
2008.12.23 09:09:22.377,1.70995,1.7109,1.60,5.40
2008.12.23 09:09:22.617,1.71,1.7109,1.60,4.00
2008.12.23 09:09:23.327,1.7099,1.7109,1.60,4.00
2008.12.23 09:09:23.567,1.70995,1.7109,3.20,4.00
2008.12.23 09:09:23.917,1.71,1.7109,1.60,4.00
2008.12.23 09:09:24.197,1.71,1.7109,3.20,4.00
2008.12.23 09:09:24.767,1.71,1.7109,1.60,4.00
2008.12.23 09:09:25.156,1.71,1.7109,1.60,5.40
2008.12.23 09:09:25.916,1.71005,1.7109,1.60,4.00
2008.12.23 09:09:26.496,1.71,1.7109,1.60,4.00
2008.12.23 09:09:28.236,1.70985,1.7109,3.20,4.00
2008.12.23 09:09:28.646,1.70985,1.71085,1.60,1.40
2008.12.23 09:09:29.046,1.71,1.7109,1.60,4.00
2008.12.23 09:09:29.336,1.70995,1.7109,3.20,4.00
2008.12.23 09:09:29.506,1.70995,1.7109,1.60,4.00
2008.12.23 09:09:29.905,1.70985,1.7109,3.20,4.00
2008.12.23 09:09:30.246,1.70985,1.7109,1.60,4.00
2008.12.23 09:09:30.535,1.70985,1.7109,3.20,4.00
2008.12.23 09:09:30.715,1.70985,1.7109,1.60,4.00
2008.12.23 09:09:32.505,1.70995,1.7109,1.60,4.00
2008.12.23 09:09:32.905,1.70995,1.7109,3.20,4.00
2008.12.23 09:09:33.554,1.71,1.7109,1.60,4.00
2008.12.23 09:09:33.914,1.70985,1.71085,1.60,1.40
2008.12.23 09:09:34.664,1.70985,1.7109,1.60,4.00
2008.12.23 09:09:35.184,1.7099,1.7109,1.60,4.00
2008.12.23 09:09:35.524,1.70985,1.7109,1.60,4.00
2008.12.23 09:09:35.924,1.7099,1.7109,1.60,4.00
2008.12.23 09:09:36.034,1.7099,1.71085,1.60,1.40
2008.12.23 09:09:37.364,1.7099,1.7109,1.60,5.40
2008.12.23 09:09:38.563,1.70985,1.7109,3.20,5.40
2008.12.23 09:09:38.743,1.7099,1.7109,1.60,5.40
2008.12.23 09:09:38.983,1.7099,1.71055,1.60,1.40
2008.12.23 09:09:39.334,1.70955,1.71055,1.60,1.40
2008.12.23 09:09:39.513,1.70945,1.71055,4.80,1.40
2008.12.23 09:09:40.003,1.7095,1.7109,1.60,4.00
2008.12.23 09:09:40.283,1.70945,1.7109,4.80,4.00
2008.12.23 09:09:40.623,1.70945,1.7105,3.20,1.40
2008.12.23 09:09:41.143,1.70945,1.7105,1.60,1.40
2008.12.23 09:09:41.493,1.70955,1.7105,1.60,1.40
2008.12.23 09:09:41.933,1.70965,1.7105,1.60,1.40
2008.12.23 09:09:42.263,1.7097,1.7109,4.00,4.00
2008.12.23 09:09:42.532,1.70975,1.7109,1.60,4.00
2008.12.23 09:09:42.923,1.70975,1.7109,3.20,4.00
2008.12.23 09:09:43.432,1.70985,1.7108,1.60,1.40
2008.12.23 09:09:45.252,1.7098,1.71075,1.60,1.40
2008.12.23 09:09:45.522,1.7097,1.7109,3.20,4.00
2008.12.23 09:09:45.582,1.7097,1.7109,1.60,4.00
2008.12.23 09:09:46.852,1.70975,1.71065,1.60,1.40
2008.12.23 09:09:47.201,1.7094,1.7103,1.60,1.40
2008.12.23 09:09:47.601,1.7094,1.7103,1.60,1.40
2008.12.23 09:09:47.821,1.70925,1.71025,3.20,1.40
2008.12.23 09:09:48.241,1.7093,1.71025,1.60,1.40
2008.12.23 09:09:50.830,1.7094,1.7103,1.60,1.40
2008.12.23 09:09:52.880,1.7095,1.7105,1.60,1.40
2008.12.23 09:09:53.170,1.70945,1.7108,3.20,1.20
2008.12.23 09:09:54.440,1.70945,1.7108,1.60,1.20
2008.12.23 09:09:54.720,1.70945,1.7105,3.20,1.40
2008.12.23 09:09:54.829,1.7095,1.7105,1.60,1.40
2008.12.23 09:09:56.010,1.70945,1.7105,3.20,1.40
2008.12.23 09:09:56.289,1.70955,1.7105,1.60,1.40
2008.12.23 09:09:58.039,1.70955,1.71045,1.60,1.40
2008.12.23 09:09:59.118,1.70935,1.7103,3.20,1.40
2008.12.23 09:09:59.468,1.7094,1.7103,1.60,1.40
2008.12.23 09:09:59.888,1.70935,1.71035,2.40,1.40
2008.12.23 09:10:00.228,1.70935,1.71035,1.60,1.40
2008.12.23 09:10:00.388,1.70935,1.7108,1.60,2.40
2008.12.23 09:10:00.568,1.7093,1.71045,1.60,1.40
2008.12.23 09:10:00.978,1.70925,1.71045,1.60,1.40
2008.12.23 09:10:01.378,1.7091,1.7107,1.60,1.60
2008.12.23 09:10:01.708,1.70925,1.7108,1.60,5.60
2008.12.23 09:10:02.048,1.7092,1.7108,1.60,5.60
2008.12.23 09:10:02.908,1.7092,1.7108,1.60,6.80
2008.12.23 09:10:03.238,1.7092,1.7108,4.80,5.20
2008.12.23 09:10:03.468,1.70935,1.7103,1.60,1.40
2008.12.23 09:10:04.727,1.70925,1.71045,1.60,1.40
2008.12.23 09:10:05.187,1.70935,1.71045,1.60,1.40
2008.12.23 09:10:05.527,1.7094,1.71045,1.60,1.40
2008.12.23 09:10:05.587,1.70945,1.7106,1.60,1.40
2008.12.23 09:10:05.767,1.70975,1.7106,1.00,1.40
2008.12.23 09:10:05.887,1.71,1.7106,1.00,1.40
2008.12.23 09:10:06.117,1.71,1.7106,1.60,1.40
2008.12.23 09:10:06.517,1.71005,1.7108,1.60,3.60
2008.12.23 09:10:06.856,1.70995,1.7108,1.60,3.60
2008.12.23 09:10:07.666,1.70985,1.7108,1.60,3.60
2008.12.23 09:10:08.176,1.7099,1.7108,1.60,3.60
2008.12.23 09:10:08.816,1.70985,1.7108,3.20,3.60
2008.12.23 09:10:09.156,1.70975,1.7108,3.20,3.60
2008.12.23 09:10:11.196,1.7097,1.7108,4.80,3.60
2008.12.23 09:10:11.765,1.70985,1.7108,1.60,3.60
2008.12.23 09:10:11.866,1.7099,1.7108,3.20,3.60
2008.12.23 09:10:12.515,1.71,1.7108,1.60,3.60
2008.12.23 09:10:13.355,1.71005,1.7108,1.60,3.60
2008.12.23 09:10:13.645,1.71,1.7108,1.60,3.60
2008.12.23 09:10:13.995,1.70995,1.7108,3.20,3.60
2008.12.23 09:10:14.285,1.70995,1.7108,1.60,3.60
2008.12.23 09:10:15.115,1.70985,1.7108,1.60,3.60
2008.12.23 09:10:17.854,1.7099,1.7108,1.60,3.60
2008.12.23 09:10:18.144,1.70975,1.7108,3.20,3.60
2008.12.23 09:10:20.483,1.70975,1.7108,1.60,3.60
2008.12.23 09:10:20.883,1.7097,1.7108,1.60,3.60
2008.12.23 09:10:21.063,1.7096,1.7108,3.20,3.60
2008.12.23 09:10:21.233,1.70975,1.7108,1.60,3.60
2008.12.23 09:10:21.573,1.7098,1.7108,1.60,3.60
2008.12.23 09:10:22.143,1.70985,1.7108,4.80,3.60
2008.12.23 09:10:22.713,1.71,1.7108,1.60,3.60
2008.12.23 09:10:23.933,1.7102,1.7108,4.80,3.60
2008.12.23 09:10:24.552,1.71,1.7108,4.80,3.60
2008.12.23 09:10:24.932,1.70995,1.7108,1.60,3.60
2008.12.23 09:10:25.332,1.7099,1.7108,3.20,3.60
2008.12.23 09:10:25.742,1.70995,1.7108,1.60,3.60
2008.12.23 09:10:26.082,1.70995,1.7108,3.20,3.60
2008.12.23 09:10:27.002,1.7104,1.7108,1.60,3.60
2008.12.23 09:10:27.242,1.71035,1.7108,4.80,3.60
2008.12.23 09:10:27.641,1.71035,1.7108,3.20,3.60
2008.12.23 09:10:27.982,1.71035,1.7108,1.60,3.60
2008.12.23 09:10:28.561,1.71015,1.7108,4.80,3.60
2008.12.23 09:10:28.901,1.71015,1.7108,3.20,3.60
2008.12.23 09:10:29.551,1.71015,1.7108,4.80,3.60
2008.12.23 09:10:30.011,1.7102,1.7108,6.40,3.60
2008.12.23 09:10:31.101,1.71035,1.7108,1.60,3.60
2008.12.23 09:10:31.791,1.71025,1.7108,1.60,3.60
2008.12.23 09:10:32.081,1.71005,1.7108,3.20,3.60
2008.12.23 09:10:32.310,1.71005,1.7108,1.60,3.60
2008.12.23 09:10:33.870,1.7101,1.7108,1.60,3.60
2008.12.23 09:10:34.280,1.71005,1.7108,3.20,3.60
2008.12.23 09:10:35.680,1.7102,1.7108,1.60,3.60
2008.12.23 09:10:40.029,1.7103,1.7108,1.60,3.60
2008.12.23 09:10:42.578,1.7104,1.7108,1.60,3.60
2008.12.23 09:10:45.237,1.71045,1.7108,1.60,3.60
2008.12.23 09:10:45.397,1.71045,1.7108,3.20,3.60
2008.12.23 09:10:45.737,1.7106,1.7108,1.60,3.60
2008.12.23 09:10:46.197,1.7106,1.7109,1.60,4.00
2008.12.23 09:10:46.897,1.71055,1.7109,3.20,4.00
2008.12.23 09:10:47.367,1.71055,1.7109,1.60,4.00
2008.12.23 09:10:47.707,1.7104,1.7108,1.60,3.60
2008.12.23 09:10:48.167,1.7104,1.7108,4.80,3.60
2008.12.23 09:10:48.627,1.7104,1.7108,3.20,3.60
2008.12.23 09:10:49.416,1.71045,1.7108,1.60,3.60
2008.12.23 09:10:49.656,1.71045,1.7108,3.20,3.60
2008.12.23 09:10:50.246,1.71045,1.7108,1.60,3.60
2008.12.23 09:10:50.476,1.7104,1.7108,1.60,3.60
2008.12.23 09:10:50.896,1.71035,1.7108,1.60,3.60
2008.12.23 09:10:51.186,1.71035,1.7108,4.80,3.60
2008.12.23 09:10:51.426,1.7104,1.7108,1.60,3.60
2008.12.23 09:10:51.596,1.7101,1.7108,3.20,3.60
2008.12.23 09:10:51.946,1.7101,1.7108,1.60,3.60
2008.12.23 09:10:52.356,1.71005,1.7108,1.60,3.60
2008.12.23 09:10:52.866,1.71,1.7108,1.60,3.60
2008.12.23 09:10:53.485,1.71005,1.7108,1.60,3.60
2008.12.23 09:10:53.775,1.71005,1.7108,3.20,3.60
2008.12.23 09:10:55.425,1.71005,1.7108,1.60,3.60
2008.12.23 09:10:55.705,1.71,1.7108,1.60,3.60
2008.12.23 09:10:56.275,1.71,1.7108,3.20,3.60
2008.12.23 09:10:56.395,1.71005,1.7108,1.60,3.60
2008.12.23 09:10:57.144,1.7101,1.7108,1.60,3.60
2008.12.23 09:10:57.444,1.71025,1.7108,1.60,3.60
2008.12.23 09:10:57.734,1.7102,1.7108,1.60,3.60
2008.12.23 09:10:58.354,1.7103,1.7108,1.60,3.60
2008.12.23 09:10:58.644,1.71025,1.7108,1.60,3.60
2008.12.23 09:10:58.864,1.71025,1.7108,3.20,3.60
2008.12.23 09:10:59.204,1.71025,1.7108,1.60,3.60
2008.12.23 09:11:01.203,1.71035,1.7108,1.60,3.60
2008.12.23 09:11:01.544,1.71025,1.7108,1.60,3.60
2008.12.23 09:11:02.113,1.7101,1.7108,3.20,3.60
2008.12.23 09:11:02.513,1.71015,1.7108,1.60,3.60
2008.12.23 09:11:02.923,1.71025,1.7108,1.60,3.60
2008.12.23 09:11:03.263,1.71005,1.7108,3.20,3.60
2008.12.23 09:11:03.613,1.71015,1.7108,1.60,3.60
2008.12.23 09:11:04.353,1.7101,1.7108,1.60,3.60
2008.12.23 09:11:04.683,1.71,1.7108,3.20,3.60
2008.12.23 09:11:06.162,1.7101,1.7108,1.60,3.60
2008.12.23 09:11:07.362,1.71015,1.7108,1.60,3.60
2008.12.23 09:11:08.352,1.71025,1.7108,1.60,3.60
2008.12.23 09:11:08.582,1.71025,1.7108,4.80,3.60
2008.12.23 09:11:09.441,1.71025,1.7108,3.20,3.60
2008.12.23 09:11:09.731,1.7102,1.7108,1.60,3.60
2008.12.23 09:11:10.011,1.71015,1.7108,3.20,3.60
2008.12.23 09:11:10.361,1.71015,1.7108,1.60,3.60
2008.12.23 09:11:11.101,1.71025,1.7108,1.60,3.60
2008.12.23 09:11:11.501,1.71025,1.7108,4.80,3.60
2008.12.23 09:11:12.551,1.71025,1.7108,3.20,3.60
2008.12.23 09:11:13.131,1.7103,1.7108,1.60,3.60
2008.12.23 09:11:13.251,1.7103,1.7108,3.20,3.60
2008.12.23 09:11:13.991,1.7103,1.7108,1.60,3.60
2008.12.23 09:11:14.520,1.71015,1.7108,5.60,3.60
2008.12.23 09:11:14.750,1.71015,1.7108,1.60,3.60
2008.12.23 09:11:15.750,1.7102,1.7108,1.60,3.60
2008.12.23 09:11:17.070,1.71015,1.7108,4.80,3.60
2008.12.23 09:11:17.420,1.71005,1.7108,1.60,3.60
2008.12.23 09:11:18.060,1.70995,1.7108,3.20,3.60
2008.12.23 09:11:18.469,1.70995,1.7108,4.80,3.60
2008.12.23 09:11:18.999,1.7099,1.7108,3.20,3.60
2008.12.23 09:11:19.349,1.71,1.7108,1.60,3.60
2008.12.23 09:11:19.699,1.71,1.7108,3.20,3.60
2008.12.23 09:11:20.159,1.71,1.7108,1.60,3.60
2008.12.23 09:11:20.459,1.7099,1.7108,1.60,3.60
2008.12.23 09:11:22.518,1.71,1.7108,1.60,3.60
2008.12.23 09:11:22.858,1.71015,1.7108,1.60,3.60
2008.12.23 09:11:23.248,1.71015,1.7108,4.80,3.60
2008.12.23 09:11:23.548,1.71015,1.7108,1.60,3.60
2008.12.23 09:11:25.197,1.71015,1.7108,3.20,3.60
2008.12.23 09:11:29.067,1.71015,1.7108,1.60,3.60
2008.12.23 09:11:29.477,1.71015,1.7108,3.20,3.60
2008.12.23 09:11:30.607,1.71015,1.7108,4.80,3.60
2008.12.23 09:11:30.726,1.7102,1.7108,1.60,3.60
2008.12.23 09:11:30.886,1.7102,1.7108,3.20,3.60
2008.12.23 09:11:31.466,1.7102,1.7108,1.60,3.60
2008.12.23 09:11:31.766,1.71025,1.7108,1.60,3.60
2008.12.23 09:11:31.997,1.71025,1.7108,4.80,3.60
2008.12.23 09:11:32.276,1.71025,1.7108,6.40,3.60
2008.12.23 09:11:34.345,1.7103,1.7108,1.60,3.60
2008.12.23 09:11:34.585,1.7103,1.7108,3.20,3.60
2008.12.23 09:11:34.915,1.71035,1.7108,1.60,3.60
2008.12.23 09:11:39.564,1.7103,1.7108,1.60,3.60
2008.12.23 09:11:39.904,1.71025,1.7108,4.80,3.60
2008.12.23 09:11:40.424,1.71025,1.7108,3.20,3.60
2008.12.23 09:11:40.774,1.71025,1.7108,4.80,3.60
2008.12.23 09:11:40.894,1.71025,1.7108,3.20,3.60
2008.12.23 09:11:41.314,1.71025,1.7108,4.80,3.60
2008.12.23 09:11:43.243,1.7103,1.7108,3.20,3.60
2008.12.23 09:11:43.593,1.7103,1.7108,4.80,3.60
2008.12.23 09:11:43.713,1.7103,1.7108,3.20,3.60
2008.12.23 09:11:43.883,1.7103,1.7108,1.60,3.60
2008.12.23 09:11:44.183,1.71025,1.7108,4.80,3.60
2008.12.23 09:11:49.292,1.7103,1.7108,1.60,3.60
2008.12.23 09:11:49.412,1.7103,1.7108,3.20,3.60
2008.12.23 09:11:49.522,1.7103,1.7108,4.80,3.60
2008.12.23 09:11:49.812,1.71035,1.7108,1.60,3.60
2008.12.23 09:11:50.201,1.7103,1.7108,4.80,3.60
2008.12.23 09:11:50.681,1.71035,1.7108,1.60,3.60
2008.12.23 09:11:51.341,1.7103,1.7108,4.80,3.60
2008.12.23 09:11:51.451,1.7103,1.7108,3.20,3.60
2008.12.23 09:11:51.561,1.7103,1.7108,1.60,3.60
2008.12.23 09:11:52.191,1.71025,1.7108,6.40,3.60
2008.12.23 09:12:06.058,1.7103,1.7108,1.60,3.60
2008.12.23 09:12:07.607,1.71025,1.7108,6.40,3.60
2008.12.23 09:12:13.216,1.71025,1.7108,4.80,3.60
2008.12.23 09:12:13.606,1.7103,1.7108,1.60,3.60
2008.12.23 09:12:13.786,1.71015,1.7108,3.20,3.60
2008.12.23 09:12:20.994,1.7101,1.7108,7.20,3.60
2008.12.23 09:12:21.164,1.7101,1.7108,3.20,3.60
2008.12.23 09:12:21.504,1.7101,1.7108,1.60,3.60
2008.12.23 09:12:23.304,1.71005,1.7108,5.60,3.60
2008.12.23 09:12:23.644,1.71005,1.7108,1.60,3.60
2008.12.23 09:12:23.823,1.71,1.7108,6.40,3.60
2008.12.23 09:12:29.662,1.71,1.7108,4.80,3.60
2008.12.23 09:12:30.072,1.70995,1.7108,3.20,3.60
2008.12.23 09:12:30.312,1.71,1.7108,1.60,3.60
2008.12.23 09:12:30.592,1.71,1.7108,3.20,3.60
2008.12.23 09:12:32.411,1.71015,1.7108,1.60,3.60
2008.12.23 09:12:34.501,1.7101,1.7108,5.60,3.60
2008.12.23 09:12:34.671,1.7101,1.7108,3.20,3.60
2008.12.23 09:12:35.191,1.7101,1.7108,1.60,3.60
2008.12.23 09:12:38.890,1.71005,1.7108,5.60,3.60
2008.12.23 09:12:39.250,1.71005,1.7108,3.20,3.60
2008.12.23 09:12:39.640,1.71015,1.7108,1.60,3.60
2008.12.23 09:12:40.170,1.7101,1.7108,4.80,3.60
2008.12.23 09:12:40.579,1.7101,1.7108,3.20,3.60
2008.12.23 09:12:40.819,1.7101,1.7108,1.60,3.60
2008.12.23 09:12:42.909,1.7101,1.7108,3.20,3.60
2008.12.23 09:12:43.239,1.71015,1.7108,1.60,3.60
2008.12.23 09:12:48.598,1.7102,1.7108,1.60,3.60
2008.12.23 09:12:52.267,1.71025,1.7108,1.60,3.60
2008.12.23 09:12:52.647,1.71025,1.7108,4.80,3.60
2008.12.23 09:13:05.883,1.7103,1.7108,1.60,3.60
2008.12.23 09:13:06.413,1.7104,1.7108,1.60,3.60
2008.12.23 09:13:07.623,1.7103,1.7108,1.60,3.60
2008.12.23 09:13:08.043,1.71025,1.7108,1.60,3.60
2008.12.23 09:13:09.282,1.71015,1.7108,4.00,3.60
2008.12.23 09:13:09.645,1.71015,1.7108,1.60,3.60
2008.12.23 09:13:10.163,1.7101,1.7108,5.60,3.60
2008.12.23 09:13:10.612,1.7101,1.7108,4.00,3.60
2008.12.23 09:13:10.952,1.71015,1.7108,1.60,3.60
2008.12.23 09:13:11.952,1.71005,1.7108,2.40,3.60
2008.12.23 09:13:12.492,1.70995,1.7108,6.40,3.60
2008.12.23 09:13:12.942,1.70995,1.7108,3.20,3.60
2008.12.23 09:13:13.171,1.71,1.7108,1.60,3.60
2008.12.23 09:13:13.562,1.70995,1.7108,3.20,3.60
2008.12.23 09:13:14.701,1.71,1.7108,1.60,3.60
2008.12.23 09:13:15.001,1.70995,1.7108,3.20,3.60
2008.12.23 09:13:15.111,1.71,1.7108,1.60,3.60
2008.12.23 09:13:15.281,1.71,1.7108,3.20,3.60
2008.12.23 09:13:18.451,1.71,1.7108,1.60,3.60
2008.12.23 09:13:18.620,1.70995,1.7108,3.20,3.60
2008.12.23 09:13:19.190,1.71,1.7108,1.60,3.60
2008.12.23 09:13:19.530,1.71,1.7108,3.20,3.60
2008.12.23 09:13:21.889,1.71,1.7108,1.60,3.60
2008.12.23 09:13:22.169,1.70995,1.7108,3.20,3.60
2008.12.23 09:13:22.340,1.70985,1.7108,5.60,3.60
2008.12.23 09:13:23.020,1.70985,1.7108,1.60,3.60
2008.12.23 09:13:23.419,1.70975,1.7108,6.40,3.60
2008.12.23 09:13:24.379,1.70985,1.7108,1.60,3.60
2008.12.23 09:13:29.288,1.7099,1.7108,1.60,3.60
2008.12.23 09:13:29.948,1.70985,1.7108,5.60,3.60
2008.12.23 09:13:30.228,1.70985,1.7108,4.00,3.60
2008.12.23 09:13:30.518,1.70975,1.7108,1.60,3.60
2008.12.23 09:13:31.267,1.7098,1.7108,1.60,3.60
2008.12.23 09:13:32.407,1.7098,1.7108,3.20,3.60
2008.12.23 09:13:32.787,1.70985,1.7108,1.60,3.60
2008.12.23 09:13:34.776,1.70985,1.7108,3.20,3.60
2008.12.23 09:13:35.406,1.7099,1.7108,1.60,3.60
2008.12.23 09:13:35.566,1.70985,1.7108,3.20,3.60
2008.12.23 09:13:35.906,1.71,1.7108,1.60,3.60
2008.12.23 09:13:36.406,1.71,1.7108,3.20,3.60
2008.12.23 09:13:36.637,1.7101,1.7108,1.60,3.60
2008.12.23 09:13:38.925,1.71005,1.7108,3.20,3.60
2008.12.23 09:13:39.146,1.70995,1.7108,3.20,3.60
2008.12.23 09:13:39.436,1.70995,1.7108,1.60,3.60
2008.12.23 09:13:39.775,1.71,1.7108,3.20,3.60
2008.12.23 09:13:39.935,1.71,1.7108,4.80,3.60
2008.12.23 09:13:41.685,1.71,1.7108,3.20,3.60
2008.12.23 09:13:41.985,1.71,1.7108,1.60,3.60
2008.12.23 09:13:42.095,1.70995,1.7108,4.80,3.60
2008.12.23 09:13:50.552,1.70995,1.7108,3.20,3.60
2008.12.23 09:13:50.893,1.70995,1.7108,1.60,3.60
2008.12.23 09:13:51.002,1.7099,1.7108,4.00,3.60
2008.12.23 09:13:51.233,1.70995,1.7108,1.60,3.60
2008.12.23 09:13:51.583,1.70985,1.7108,3.20,3.60
2008.12.23 09:13:51.752,1.70995,1.7108,1.60,3.60
2008.12.23 09:13:52.042,1.7099,1.7108,1.60,3.60
2008.12.23 09:13:55.282,1.70985,1.7108,5.60,3.60
2008.12.23 09:13:55.741,1.70985,1.7108,1.60,3.60
2008.12.23 09:13:57.111,1.70985,1.7108,3.20,3.60
2008.12.23 09:13:57.281,1.7099,1.7108,1.60,3.60
2008.12.23 09:13:59.161,1.70995,1.7108,1.60,3.60
2008.12.23 09:13:59.570,1.7099,1.7108,4.80,3.60
2008.12.23 09:13:59.800,1.7099,1.7108,1.60,3.60
2008.12.23 09:14:00.390,1.70995,1.7108,1.60,3.60
2008.12.23 09:14:06.259,1.70995,1.7108,3.20,3.60
2008.12.23 09:14:06.659,1.70995,1.7108,1.60,3.60
2008.12.23 09:14:10.068,1.7099,1.7108,3.20,3.60
2008.12.23 09:14:10.308,1.7098,1.7108,1.60,3.60
2008.12.23 09:14:10.608,1.70975,1.7108,6.40,3.60
2008.12.23 09:14:11.018,1.70985,1.7108,1.60,3.60
2008.12.23 09:14:11.958,1.70985,1.7108,3.20,3.60
2008.12.23 09:14:12.707,1.70985,1.7108,1.60,3.60
2008.12.23 09:14:14.507,1.71,1.7108,1.60,3.60
2008.12.23 09:14:14.897,1.71,1.7108,3.20,3.60
2008.12.23 09:14:15.167,1.71,1.7108,1.60,3.60
2008.12.23 09:14:16.636,1.7099,1.7108,3.20,3.60
2008.12.23 09:14:17.026,1.7099,1.7108,1.60,3.60
2008.12.23 09:14:20.375,1.70995,1.7108,1.60,3.60
2008.12.23 09:14:33.772,1.71,1.7108,1.60,3.60
2008.12.23 09:14:33.992,1.71,1.7108,3.20,3.60
2008.12.23 09:14:35.392,1.70995,1.7108,3.20,3.60
2008.12.23 09:14:35.662,1.70995,1.7108,1.60,3.60
2008.12.23 09:14:38.521,1.71,1.7108,3.20,3.60
2008.12.23 09:14:42.050,1.71005,1.7108,1.60,3.60
2008.12.23 09:14:42.570,1.70995,1.7108,1.60,3.60
2008.12.23 09:14:44.640,1.7099,1.7108,1.60,3.60
2008.12.23 09:14:44.999,1.71015,1.7108,1.60,3.60
2008.12.23 09:14:45.059,1.71015,1.7108,3.20,3.60
2008.12.23 09:14:45.220,1.71015,1.7108,1.60,3.60
2008.12.23 09:14:45.669,1.7101,1.7108,1.60,3.60
2008.12.23 09:14:46.469,1.7102,1.7108,1.60,3.60
2008.12.23 09:14:47.289,1.7102,1.7108,3.20,3.60
2008.12.23 09:14:49.259,1.7102,1.7108,4.80,3.60
2008.12.23 09:14:49.999,1.7102,1.7108,3.20,3.60
2008.12.23 09:14:50.178,1.71025,1.7108,1.60,3.60
2008.12.23 09:14:50.398,1.71015,1.7108,3.20,3.60
2008.12.23 09:14:51.388,1.71015,1.7108,4.80,3.60
2008.12.23 09:14:51.938,1.7102,1.7108,1.60,3.60
2008.12.23 09:14:52.168,1.7102,1.7108,3.20,3.60
2008.12.23 09:14:52.468,1.7102,1.7108,4.80,3.60
2008.12.23 09:14:54.418,1.7102,1.7108,3.20,3.60
2008.12.23 09:14:55.337,1.7102,1.7108,4.80,3.60
2008.12.23 09:14:56.077,1.7102,1.7108,3.20,3.60
2008.12.23 09:14:56.257,1.71025,1.7108,1.60,3.60
2008.12.23 09:14:56.367,1.71015,1.7108,6.40,3.60
2008.12.23 09:14:57.366,1.71025,1.7108,1.60,3.60
2008.12.23 09:15:11.083,1.71015,1.7108,3.20,3.60
2008.12.23 09:15:13.982,1.71015,1.7108,4.80,3.60
2008.12.23 09:15:15.522,1.71015,1.7108,3.20,3.60
2008.12.23 09:15:15.932,1.71015,1.7108,4.80,3.60
2008.12.23 09:15:16.212,1.7102,1.7108,1.60,3.60
2008.12.23 09:15:16.512,1.71015,1.7108,3.20,3.60
2008.12.23 09:15:16.852,1.71015,1.7108,1.60,3.60
2008.12.23 09:15:18.311,1.71005,1.7108,4.80,3.60
2008.12.23 09:15:25.290,1.71005,1.7108,3.20,3.60
2008.12.23 09:15:27.579,1.71005,1.7108,4.80,3.60
2008.12.23 09:15:27.859,1.7101,1.7108,1.60,3.60
2008.12.23 09:15:28.089,1.7102,1.7108,1.60,3.60
2008.12.23 09:15:38.087,1.7102,1.7108,3.20,3.60
2008.12.23 09:15:38.437,1.7102,1.7108,4.80,3.60
2008.12.23 09:15:38.726,1.71035,1.7108,1.60,3.60
2008.12.23 09:15:42.765,1.7103,1.7108,3.20,3.60
2008.12.23 09:15:42.936,1.7104,1.7108,1.60,3.60
2008.12.23 09:15:43.505,1.7103,1.7108,4.00,3.60
2008.12.23 09:15:43.675,1.71035,1.7108,1.60,3.60
2008.12.23 09:15:45.665,1.71035,1.7108,3.20,3.60
2008.12.23 09:15:51.924,1.71035,1.7108,4.00,3.60
2008.12.23 09:15:51.983,1.7104,1.7108,1.60,3.60
2008.12.23 09:15:52.503,1.7105,1.7108,1.60,3.60
2008.12.23 09:15:54.283,1.7104,1.7108,3.20,3.60
2008.12.23 09:15:54.633,1.7104,1.7108,1.60,3.60
2008.12.23 09:15:55.023,1.7104,1.7108,3.20,3.60
2008.12.23 09:15:55.872,1.71045,1.7108,1.60,3.60
2008.12.23 09:16:07.889,1.71035,1.7108,1.60,3.60
2008.12.23 09:16:08.579,1.7103,1.7108,1.60,3.60
2008.12.23 09:16:09.639,1.71025,1.7108,3.20,3.60
2008.12.23 09:16:09.939,1.71035,1.7108,1.60,3.60
2008.12.23 09:16:10.049,1.7103,1.7108,3.20,3.60
2008.12.23 09:16:10.329,1.71035,1.7108,1.60,3.60
2008.12.23 09:16:10.449,1.71025,1.7108,1.60,3.60
2008.12.23 09:16:10.619,1.7102,1.7108,4.80,3.60
2008.12.23 09:16:10.739,1.7103,1.7108,1.60,3.60
2008.12.23 09:16:11.029,1.7103,1.7108,3.20,3.60
2008.12.23 09:16:13.388,1.71035,1.7108,1.60,3.60
2008.12.23 09:16:15.578,1.7102,1.7108,1.60,3.60
2008.12.23 09:16:15.698,1.71015,1.7108,1.60,3.60
2008.12.23 09:16:16.268,1.7101,1.7108,4.80,3.60
2008.12.23 09:16:16.327,1.7101,1.7108,3.20,3.60
2008.12.23 09:16:16.837,1.71015,1.7108,1.60,3.60
2008.12.23 09:16:17.117,1.7101,1.7108,4.00,3.60
2008.12.23 09:16:17.297,1.7101,1.7108,3.20,3.60
2008.12.23 09:16:17.517,1.71005,1.7108,3.20,3.60
2008.12.23 09:16:17.867,1.71005,1.7108,1.60,3.60
2008.12.23 09:16:18.107,1.71,1.7108,1.60,3.60
2008.12.23 09:16:18.737,1.70995,1.7108,4.80,3.60
2008.12.23 09:16:19.017,1.70995,1.7108,1.60,3.60
2008.12.23 09:16:19.517,1.7099,1.7108,4.00,3.60
2008.12.23 09:16:19.807,1.71,1.7108,1.60,3.60
2008.12.23 09:16:20.036,1.70995,1.7108,3.20,3.60
2008.12.23 09:16:20.146,1.70995,1.7108,4.80,3.60
2008.12.23 09:16:20.326,1.70995,1.7108,3.20,3.60
2008.12.23 09:16:20.847,1.70995,1.7108,4.80,3.60
2008.12.23 09:16:21.426,1.7102,1.7108,1.60,3.60
2008.12.23 09:16:21.596,1.71015,1.7108,4.00,3.60
2008.12.23 09:16:21.956,1.7103,1.7108,1.60,3.60
2008.12.23 09:16:22.696,1.71035,1.7108,1.60,3.60
2008.12.23 09:16:23.216,1.7105,1.7108,1.60,3.60
2008.12.23 09:16:24.555,1.71055,1.7108,1.60,3.60
2008.12.23 09:16:25.805,1.71055,1.7109,3.20,4.00
2008.12.23 09:16:28.314,1.71055,1.7109,4.80,4.00
2008.12.23 09:16:30.294,1.71065,1.7109,1.60,4.00
2008.12.23 09:16:30.524,1.71065,1.711,1.60,9.20
2008.12.23 09:16:32.034,1.71055,1.7108,3.20,3.60
2008.12.23 09:16:32.154,1.7106,1.7108,1.60,3.60
2008.12.23 09:16:35.313,1.7106,1.7109,1.60,4.00
2008.12.23 09:16:36.942,1.71055,1.7109,3.20,4.00
2008.12.23 09:16:37.102,1.71055,1.7109,4.80,4.00
2008.12.23 09:16:37.223,1.7107,1.7109,1.60,4.00
2008.12.23 09:16:39.072,1.71055,1.7109,1.60,4.00
2008.12.23 09:16:39.182,1.7104,1.7109,3.20,4.00
2008.12.23 09:16:39.652,1.7104,1.7108,3.20,3.60
2008.12.23 09:16:39.822,1.71045,1.7108,1.60,3.60
2008.12.23 09:16:44.141,1.71035,1.7108,3.20,3.60
2008.12.23 09:16:45.340,1.71045,1.7108,1.60,3.60
2008.12.23 09:16:47.290,1.71025,1.7108,1.60,3.60
2008.12.23 09:16:47.460,1.71015,1.7108,1.60,3.60
2008.12.23 09:16:57.418,1.71025,1.7108,1.60,3.60
2008.12.23 09:17:06.395,1.7102,1.7108,1.60,3.60
2008.12.23 09:17:10.454,1.71015,1.7108,1.60,3.60
2008.12.23 09:17:25.561,1.71005,1.7108,1.60,3.60
2008.12.23 09:17:27.271,1.71,1.7108,1.60,3.60
2008.12.23 09:17:29.060,1.70995,1.7108,1.60,3.60
2008.12.23 09:17:44.246,1.7099,1.7108,1.60,3.60
2008.12.23 09:17:48.456,1.70985,1.7108,1.60,3.60
2008.12.23 09:18:16.389,1.7098,1.7108,1.60,3.60
2008.12.23 09:18:22.677,1.7097,1.7108,1.60,3.60
2008.12.23 09:18:25.336,1.7097,1.7107,1.60,1.40
2008.12.23 09:18:26.246,1.7096,1.7107,1.60,1.40
2008.12.23 09:18:26.707,1.7096,1.7106,1.60,1.40
2008.12.23 09:18:27.096,1.7096,1.71065,1.60,1.40
2008.12.23 09:18:27.396,1.7096,1.71075,1.60,1.40
2008.12.23 09:18:27.856,1.7096,1.7108,1.60,3.60
2008.12.23 09:18:28.995,1.7096,1.7106,1.60,1.40
2008.12.23 09:18:30.175,1.7096,1.71065,1.60,1.40
2008.12.23 09:18:30.735,1.7096,1.7108,1.60,3.60
2008.12.23 09:18:36.244,1.7096,1.7107,1.60,1.40
2008.12.23 09:18:36.983,1.7096,1.7108,1.60,3.60
2008.12.23 09:18:42.952,1.70965,1.7107,1.60,1.40
2008.12.23 09:18:43.472,1.70955,1.7107,1.60,1.40
2008.12.23 09:18:44.023,1.7095,1.71065,1.60,1.40
2008.12.23 09:18:44.262,1.7095,1.7108,1.60,3.60
2008.12.23 09:18:45.452,1.70945,1.7108,1.60,3.60
2008.12.23 09:18:47.441,1.70945,1.71045,1.60,1.40
2008.12.23 09:18:47.611,1.70945,1.7108,1.60,3.60
2008.12.23 09:18:48.001,1.7094,1.7108,1.60,3.60
2008.12.23 09:18:48.811,1.7095,1.7108,1.60,3.60
2008.12.23 09:18:50.190,1.70945,1.7108,1.60,3.60
2008.12.23 09:18:51.600,1.70945,1.7105,1.60,1.40
2008.12.23 09:18:52.300,1.7095,1.7105,1.60,1.40
2008.12.23 09:18:52.710,1.7095,1.7108,1.60,3.60
2008.12.23 09:18:52.940,1.70945,1.7108,1.60,3.60
2008.12.23 09:18:53.480,1.7094,1.7108,1.60,3.60
2008.12.23 09:18:53.899,1.7094,1.7105,1.60,1.40
2008.12.23 09:18:54.229,1.70935,1.7108,1.60,3.60
2008.12.23 09:18:55.769,1.70935,1.71075,1.60,1.60
2008.12.23 09:18:55.999,1.7093,1.71075,1.60,1.60
2008.12.23 09:18:56.349,1.7093,1.7104,1.60,1.40
2008.12.23 09:18:56.689,1.7092,1.71035,1.60,1.40
2008.12.23 09:18:56.799,1.7092,1.71045,1.60,1.40
2008.12.23 09:18:57.609,1.7092,1.71075,1.60,1.60
2008.12.23 09:18:58.318,1.7092,1.71035,1.60,1.40
2008.12.23 09:18:58.728,1.7093,1.71035,1.60,1.40
2008.12.23 09:18:59.028,1.7093,1.7104,1.60,1.40
2008.12.23 09:18:59.488,1.7093,1.7108,1.60,3.60
2008.12.23 09:19:00.468,1.7093,1.71035,1.60,1.40
2008.12.23 09:19:00.749,1.70925,1.71035,1.60,1.40
2008.12.23 09:19:00.978,1.70915,1.71015,1.60,1.40
2008.12.23 09:19:01.089,1.70925,1.71065,1.60,2.60
2008.12.23 09:19:01.387,1.70925,1.71065,1.60,1.40
2008.12.23 09:19:01.668,1.70925,1.71075,1.60,1.60
2008.12.23 09:19:02.417,1.70925,1.7103,1.60,1.40
2008.12.23 09:19:04.667,1.70915,1.7103,1.60,1.40
2008.12.23 09:19:05.197,1.70925,1.71075,1.60,1.60
2008.12.23 09:19:06.647,1.70925,1.7103,1.60,1.40
2008.12.23 09:19:07.107,1.7092,1.7103,1.60,1.40
2008.12.23 09:19:07.756,1.7092,1.7102,1.60,1.40
2008.12.23 09:19:09.556,1.70915,1.7102,1.60,1.40
2008.12.23 09:19:09.676,1.70915,1.7101,1.60,1.40
2008.12.23 09:19:10.085,1.7092,1.7101,1.60,1.40
2008.12.23 09:19:10.425,1.7092,1.7107,1.60,1.60
2008.12.23 09:19:11.465,1.7092,1.71015,1.60,1.40
2008.12.23 09:19:12.205,1.70915,1.71015,1.60,1.40
2008.12.23 09:19:12.325,1.70915,1.7101,1.60,1.40
2008.12.23 09:19:14.635,1.70915,1.71065,1.60,4.20
2008.12.23 09:19:15.044,1.70915,1.71065,1.60,1.60
2008.12.23 09:19:16.684,1.7091,1.71065,1.60,1.60
2008.12.23 09:19:18.563,1.70905,1.7106,1.60,1.60
2008.12.23 09:19:18.733,1.70905,1.71005,1.60,1.40
2008.12.23 09:19:19.413,1.70905,1.70995,1.60,1.40
2008.12.23 09:19:19.823,1.70905,1.7106,1.60,1.60
2008.12.23 09:19:20.173,1.70905,1.71045,1.60,1.60
2008.12.23 09:19:21.143,1.709,1.7104,1.60,1.60
2008.12.23 09:19:21.323,1.709,1.70995,1.60,1.40
2008.12.23 09:19:22.062,1.709,1.71005,1.60,1.40
2008.12.23 09:19:23.832,1.709,1.70995,1.60,1.40
2008.12.23 09:19:24.222,1.709,1.7104,1.60,1.60
2008.12.23 09:19:25.982,1.709,1.7102,1.60,1.60
2008.12.23 09:19:26.032,1.70885,1.7102,1.60,1.60
2008.12.23 09:19:26.152,1.7088,1.7102,1.60,1.60
2008.12.23 09:19:26.332,1.70885,1.7099,1.60,1.40
2008.12.23 09:19:26.452,1.70905,1.7099,1.60,1.40
2008.12.23 09:19:26.512,1.70905,1.71015,1.60,1.40
2008.12.23 09:19:27.131,1.7091,1.71015,1.60,1.40
2008.12.23 09:19:28.081,1.7091,1.71025,1.60,1.40
2008.12.23 09:19:28.261,1.709,1.71005,3.20,1.40
2008.12.23 09:19:28.611,1.709,1.71045,1.60,2.60
2008.12.23 09:19:28.842,1.709,1.71045,1.60,1.40
2008.12.23 09:19:29.181,1.70905,1.71015,1.60,1.40
2008.12.23 09:19:29.511,1.709,1.71025,3.20,1.40
2008.12.23 09:19:29.791,1.709,1.71045,1.60,1.60
2008.12.23 09:19:30.521,1.709,1.71015,1.60,1.40
2008.12.23 09:19:31.271,1.709,1.71025,3.20,1.40
2008.12.23 09:19:31.330,1.709,1.71015,3.20,1.40
2008.12.23 09:19:31.560,1.709,1.71015,1.60,1.40
2008.12.23 09:19:31.620,1.709,1.71045,1.60,1.20
2008.12.23 09:19:31.840,1.709,1.71055,1.60,1.60
2008.12.23 09:19:31.950,1.709,1.71045,1.60,1.40
2008.12.23 09:19:32.180,1.709,1.71025,1.60,1.40
2008.12.23 09:19:32.410,1.709,1.71025,3.20,1.40
2008.12.23 09:19:32.640,1.70895,1.71025,1.60,1.40
2008.12.23 09:19:32.930,1.70895,1.71015,1.60,1.40
2008.12.23 09:19:33.430,1.70895,1.71005,1.60,1.40
2008.12.23 09:19:34.250,1.709,1.71005,1.60,1.40
2008.12.23 09:19:34.580,1.709,1.71065,4.80,1.60
2008.12.23 09:19:34.860,1.709,1.71065,4.80,2.80
2008.12.23 09:19:34.979,1.709,1.7101,1.60,1.40
2008.12.23 09:19:35.389,1.709,1.71015,1.60,1.40
2008.12.23 09:19:36.569,1.709,1.7106,1.60,1.60
2008.12.23 09:19:37.369,1.709,1.7101,1.60,1.40
2008.12.23 09:19:39.848,1.70895,1.7101,3.20,1.40
2008.12.23 09:19:41.508,1.70895,1.71015,4.80,1.40
2008.12.23 09:19:48.956,1.70895,1.71015,3.20,1.40
2008.12.23 09:19:49.276,1.70895,1.7101,1.60,1.40
2008.12.23 09:19:49.796,1.70895,1.71,1.60,1.40
2008.12.23 09:19:51.505,1.709,1.7101,1.60,1.40
2008.12.23 09:19:52.195,1.709,1.71055,1.60,4.20
2008.12.23 09:19:52.575,1.709,1.71055,1.60,1.60
2008.12.23 09:19:52.915,1.709,1.71,1.60,1.40
2008.12.23 09:19:53.555,1.709,1.7101,1.60,1.40
2008.12.23 09:19:55.745,1.7089,1.7101,1.60,1.40
2008.12.23 09:19:56.025,1.7089,1.71,1.60,1.40
2008.12.23 09:19:56.374,1.70885,1.71,3.20,1.40
2008.12.23 09:19:57.124,1.70885,1.70995,3.20,1.40
2008.12.23 09:19:58.164,1.70885,1.7105,3.20,4.00
2008.12.23 09:19:58.684,1.70885,1.71035,1.60,1.60
2008.12.23 09:19:59.384,1.7088,1.71035,1.60,1.60
2008.12.23 09:20:01.543,1.70885,1.71035,1.60,2.60
2008.12.23 09:20:01.833,1.70885,1.71035,3.20,1.40
2008.12.23 09:20:02.173,1.70885,1.71,1.60,1.40
2008.12.23 09:20:02.633,1.70885,1.7104,1.60,1.00
2008.12.23 09:20:03.223,1.7088,1.7104,1.60,1.00
2008.12.23 09:20:04.532,1.7088,1.71035,1.60,1.60
2008.12.23 09:20:05.112,1.7088,1.7099,1.60,1.40
2008.12.23 09:20:06.912,1.70885,1.7099,1.60,1.40
2008.12.23 09:20:07.152,1.70885,1.7099,3.20,1.40
2008.12.23 09:20:07.472,1.70885,1.71,3.20,1.40
2008.12.23 09:20:13.490,1.7089,1.71,1.60,1.40
2008.12.23 09:20:14.740,1.7089,1.70995,1.60,1.40
2008.12.23 09:20:15.750,1.7089,1.7104,1.60,1.60
2008.12.23 09:20:24.368,1.70895,1.7104,3.20,1.60
2008.12.23 09:20:24.828,1.70895,1.71015,4.80,1.40
2008.12.23 09:20:28.466,1.709,1.71015,1.60,1.40
2008.12.23 09:20:28.996,1.709,1.7102,3.20,1.40
2008.12.23 09:20:29.446,1.709,1.7102,1.60,1.40
2008.12.23 09:20:29.736,1.70895,1.7102,4.80,1.40
2008.12.23 09:20:30.086,1.70895,1.71015,3.20,1.40
2008.12.23 09:20:31.836,1.7092,1.71015,1.60,1.40
2008.12.23 09:20:31.946,1.7092,1.7104,1.60,1.60
2008.12.23 09:20:32.306,1.7092,1.7104,3.20,1.60
2008.12.23 09:20:32.715,1.7093,1.7104,1.60,1.60
2008.12.23 09:20:34.375,1.7093,1.7104,3.20,1.60
2008.12.23 09:20:34.825,1.70945,1.7104,1.60,1.60
2008.12.23 09:20:35.175,1.7094,1.7104,3.20,1.60
2008.12.23 09:20:35.575,1.70945,1.7104,1.60,1.60
2008.12.23 09:20:35.925,1.7095,1.7104,1.60,1.60
2008.12.23 09:20:36.265,1.7096,1.7104,1.60,1.60
2008.12.23 09:20:37.405,1.7096,1.7104,3.20,1.60
2008.12.23 09:20:37.645,1.7096,1.7104,1.60,1.60
2008.12.23 09:20:41.094,1.70965,1.7104,1.60,1.60
2008.12.23 09:20:41.614,1.7095,1.7104,3.20,1.60
2008.12.23 09:20:41.903,1.7094,1.7104,1.60,3.00
2008.12.23 09:20:42.254,1.70935,1.7104,1.60,3.00
2008.12.23 09:20:42.584,1.70925,1.7104,1.60,1.60
2008.12.23 09:20:42.993,1.70925,1.71035,1.60,1.40
2008.12.23 09:20:44.543,1.70915,1.7103,3.20,1.40
2008.12.23 09:20:45.003,1.7092,1.7103,1.60,1.40
2008.12.23 09:20:45.453,1.7093,1.7104,1.60,3.00
2008.12.23 09:20:45.783,1.70935,1.7104,1.60,1.60
2008.12.23 09:20:46.372,1.70935,1.7104,1.60,3.00
2008.12.23 09:20:49.372,1.70935,1.71035,1.60,1.40
2008.12.23 09:20:50.552,1.7093,1.71035,1.60,1.40
2008.12.23 09:20:50.971,1.7092,1.71035,3.20,1.40
2008.12.23 09:20:51.031,1.7092,1.7104,1.60,1.60
2008.12.23 09:20:51.781,1.70925,1.7104,3.20,1.60
2008.12.23 09:20:52.581,1.70925,1.7104,1.60,1.60
2008.12.23 09:20:52.811,1.70925,1.7104,1.60,3.00
2008.12.23 09:20:53.041,1.7092,1.7104,1.60,3.00
2008.12.23 09:20:53.451,1.7092,1.7104,1.60,1.60
2008.12.23 09:20:53.901,1.70915,1.7104,1.60,1.60
2008.12.23 09:20:54.411,1.70915,1.7103,1.60,1.40
2008.12.23 09:20:56.030,1.70905,1.7102,1.60,1.40
2008.12.23 09:20:56.530,1.709,1.7102,1.60,1.40
2008.12.23 09:20:57.710,1.709,1.71025,1.60,1.40
2008.12.23 09:20:57.939,1.7091,1.71025,1.60,1.40
2008.12.23 09:20:58.340,1.70925,1.71025,1.60,1.40
2008.12.23 09:20:58.689,1.70925,1.7104,1.60,3.00
2008.12.23 09:20:59.109,1.7092,1.7104,4.80,3.00
2008.12.23 09:20:59.439,1.7092,1.7104,3.20,3.00
2008.12.23 09:21:00.069,1.70915,1.7104,1.60,1.60
2008.12.23 09:21:00.829,1.70915,1.71035,1.60,1.40
2008.12.23 09:21:01.829,1.7091,1.71035,1.60,1.40
2008.12.23 09:21:07.027,1.70905,1.71035,1.60,1.40
2008.12.23 09:21:09.137,1.70905,1.7102,1.60,1.40
2008.12.23 09:21:09.417,1.70905,1.7104,1.60,1.60
2008.12.23 09:21:09.797,1.70895,1.7104,3.20,1.60
2008.12.23 09:21:10.147,1.70895,1.7103,1.60,1.60
2008.12.23 09:21:10.616,1.7089,1.7103,1.60,1.60
2008.12.23 09:21:10.856,1.70895,1.7103,1.60,1.60
2008.12.23 09:21:11.426,1.70895,1.71005,1.60,1.40
2008.12.23 09:21:11.596,1.709,1.7104,1.60,3.20
2008.12.23 09:21:11.996,1.70905,1.7104,1.60,1.60
2008.12.23 09:21:16.135,1.70905,1.71035,1.60,1.40
2008.12.23 09:21:16.555,1.70905,1.71015,1.60,1.40
2008.12.23 09:21:19.705,1.70895,1.7101,1.60,1.40
2008.12.23 09:21:24.663,1.70895,1.7099,1.60,1.60
2008.12.23 09:21:24.783,1.70885,1.7099,1.60,1.60
2008.12.23 09:21:25.063,1.70885,1.7099,1.60,2.60
2008.12.23 09:21:25.173,1.70885,1.7099,1.60,1.40
2008.12.23 09:21:25.293,1.70885,1.71,1.60,1.60
2008.12.23 09:21:25.943,1.70885,1.7101,1.60,1.40
2008.12.23 09:21:36.710,1.70885,1.7101,3.20,1.40
2008.12.23 09:21:36.940,1.7092,1.7101,1.60,1.40
2008.12.23 09:21:37.340,1.70915,1.7104,4.00,1.60
2008.12.23 09:21:37.730,1.7092,1.7104,1.60,1.60
2008.12.23 09:21:37.970,1.70905,1.7104,1.60,1.60
2008.12.23 09:21:38.500,1.709,1.7102,1.60,1.40
2008.12.23 09:21:38.960,1.70905,1.7104,1.60,1.60
2008.12.23 09:21:42.089,1.709,1.7104,1.60,1.60
2008.12.23 09:21:42.499,1.709,1.71025,1.60,1.40
2008.12.23 09:21:42.739,1.70895,1.71025,3.20,1.40
2008.12.23 09:21:49.327,1.709,1.71025,1.60,1.40
2008.12.23 09:21:52.876,1.70905,1.71025,1.60,1.40
2008.12.23 09:21:53.286,1.70905,1.71035,1.60,1.40
2008.12.23 09:21:53.636,1.70905,1.7104,1.60,1.60
2008.12.23 09:21:53.926,1.70905,1.7104,3.20,1.60
2008.12.23 09:21:54.316,1.70915,1.7104,1.60,1.60
2008.12.23 09:21:54.786,1.7091,1.7104,3.20,1.60
2008.12.23 09:21:55.176,1.70915,1.7104,1.60,1.60
2008.12.23 09:21:55.476,1.70915,1.7104,3.20,1.60
2008.12.23 09:21:55.706,1.70915,1.7104,1.60,1.60
2008.12.23 09:21:56.776,1.7091,1.7104,1.60,1.60
2008.12.23 09:21:57.345,1.70915,1.7104,1.60,1.60
2008.12.23 09:21:58.355,1.70915,1.7104,3.20,1.60
2008.12.23 09:21:58.975,1.70915,1.7104,1.60,1.60
2008.12.23 09:21:59.365,1.7091,1.7104,4.80,1.60
2008.12.23 09:21:59.605,1.7091,1.7104,4.80,3.00
2008.12.23 09:22:04.533,1.7091,1.7103,1.60,1.40
2008.12.23 09:22:04.933,1.70905,1.7104,3.20,1.60
2008.12.23 09:22:05.233,1.709,1.7104,4.80,1.60
2008.12.23 09:22:05.593,1.70905,1.7104,1.60,1.60
2008.12.23 09:22:06.453,1.70905,1.7104,3.20,1.60
2008.12.23 09:22:07.033,1.709,1.7104,3.20,1.60
2008.12.23 09:22:07.333,1.70895,1.7103,1.60,1.40
2008.12.23 09:22:07.623,1.70895,1.71025,1.60,1.40
2008.12.23 09:22:08.613,1.7089,1.7104,1.60,3.20
2008.12.23 09:22:08.953,1.70875,1.71005,1.60,1.40
2008.12.23 09:22:09.492,1.7087,1.71035,6.40,3.20
2008.12.23 09:22:09.832,1.70875,1.71035,1.60,1.60
2008.12.23 09:22:16.210,1.70875,1.7098,1.60,1.40
2008.12.23 09:22:16.441,1.7087,1.70985,1.60,1.40
2008.12.23 09:22:16.551,1.70865,1.70985,1.60,1.40
2008.12.23 09:22:19.460,1.7087,1.70985,1.60,1.40
2008.12.23 09:22:19.580,1.7087,1.70985,3.20,1.40
2008.12.23 09:22:19.870,1.70875,1.70995,1.60,1.40
2008.12.23 09:22:19.980,1.70875,1.71035,1.60,1.60
2008.12.23 09:22:20.600,1.7087,1.7103,4.80,3.20
2008.12.23 09:22:20.820,1.7087,1.7103,1.60,3.20
2008.12.23 09:22:21.359,1.7087,1.70985,1.60,1.40
2008.12.23 09:22:21.649,1.70865,1.70985,3.20,1.40
2008.12.23 09:22:25.728,1.70865,1.70985,1.60,1.40
2008.12.23 09:22:25.909,1.7086,1.70985,4.80,1.40
2008.12.23 09:22:26.088,1.7086,1.7102,1.60,1.60
2008.12.23 09:22:26.368,1.70855,1.7102,1.60,3.20
2008.12.23 09:22:26.608,1.70855,1.71015,1.60,1.60
2008.12.23 09:22:27.068,1.7085,1.70965,1.60,1.40
2008.12.23 09:22:27.478,1.7083,1.7099,2.40,1.60
2008.12.23 09:22:28.028,1.70835,1.70995,1.60,1.60
2008.12.23 09:22:28.358,1.7083,1.7095,5.60,1.40
2008.12.23 09:22:29.157,1.70835,1.70995,1.60,1.60
2008.12.23 09:22:29.508,1.70835,1.70995,3.20,1.60
2008.12.23 09:22:31.517,1.7084,1.70995,1.60,1.60
2008.12.23 09:22:31.967,1.7084,1.7099,1.60,1.60
2008.12.23 09:22:32.307,1.70835,1.7099,3.20,1.60
2008.12.23 09:22:32.577,1.70835,1.7099,1.60,1.60
2008.12.23 09:22:33.107,1.7083,1.7099,4.80,1.60
2008.12.23 09:22:33.457,1.7083,1.7095,1.60,1.40
2008.12.23 09:22:33.986,1.70835,1.70995,1.60,1.60
2008.12.23 09:22:34.676,1.7086,1.70995,1.60,1.60
2008.12.23 09:22:35.126,1.7086,1.70975,1.60,1.40
2008.12.23 09:22:35.716,1.70865,1.70975,1.60,1.40
2008.12.23 09:22:37.266,1.7086,1.70975,7.20,1.40
2008.12.23 09:22:37.385,1.7086,1.70975,3.20,1.40
2008.12.23 09:22:38.145,1.7086,1.70975,1.60,1.40
2008.12.23 09:22:38.485,1.70855,1.70975,5.60,1.40
2008.12.23 09:22:38.835,1.7086,1.7097,1.60,1.40
2008.12.23 09:22:39.245,1.70845,1.70985,1.60,1.60
2008.12.23 09:22:39.635,1.70835,1.70985,1.60,1.40
2008.12.23 09:22:39.975,1.70855,1.7096,1.60,1.40
2008.12.23 09:22:40.315,1.7086,1.7102,1.60,1.60
2008.12.23 09:22:40.665,1.70855,1.7101,3.20,1.60
2008.12.23 09:22:41.065,1.70855,1.7101,1.60,1.60
2008.12.23 09:22:41.524,1.70855,1.7098,1.60,1.40
2008.12.23 09:22:41.964,1.70855,1.7098,3.20,1.40
2008.12.23 09:22:42.424,1.70855,1.7098,4.80,1.40
2008.12.23 09:22:42.604,1.7085,1.71005,3.20,3.20
2008.12.23 09:22:42.995,1.7085,1.71005,1.60,1.60
2008.12.23 09:22:43.274,1.7085,1.71,1.60,1.60
2008.12.23 09:22:43.744,1.7084,1.7096,1.60,1.40
2008.12.23 09:22:44.304,1.70845,1.71,1.60,1.60
2008.12.23 09:22:44.484,1.7084,1.71,1.60,1.60
2008.12.23 09:22:45.364,1.7085,1.71005,1.60,1.60
2008.12.23 09:22:45.664,1.7085,1.7097,1.60,1.40
2008.12.23 09:22:46.463,1.7085,1.71005,1.60,1.60
2008.12.23 09:22:47.613,1.7085,1.7097,1.60,1.40
2008.12.23 09:22:47.733,1.70855,1.7097,1.60,1.40
2008.12.23 09:22:48.603,1.70855,1.7097,3.20,1.40
2008.12.23 09:22:49.043,1.70855,1.70975,6.40,1.40
2008.12.23 09:22:49.673,1.7086,1.71015,1.60,1.60
2008.12.23 09:22:49.963,1.70855,1.7097,1.60,1.40
2008.12.23 09:22:50.132,1.70855,1.71015,1.60,1.60
2008.12.23 09:22:51.542,1.70855,1.7097,1.60,1.40
2008.12.23 09:22:54.572,1.70855,1.71015,1.60,1.60
2008.12.23 09:22:55.581,1.70855,1.7097,1.60,1.40
2008.12.23 09:22:55.871,1.70855,1.71015,1.60,1.60
2008.12.23 09:22:56.511,1.70855,1.7097,1.60,1.40
2008.12.23 09:22:56.961,1.70855,1.71015,1.60,1.60
2008.12.23 09:22:58.030,1.7086,1.71015,1.60,1.60
2008.12.23 09:22:58.141,1.7086,1.7097,3.20,1.40
2008.12.23 09:23:10.547,1.70865,1.7097,1.60,1.40
2008.12.23 09:23:11.008,1.70855,1.7097,3.20,1.40
2008.12.23 09:23:12.407,1.70855,1.7097,1.60,1.40
2008.12.23 09:23:14.487,1.7085,1.70955,4.80,1.40
2008.12.23 09:23:14.726,1.7085,1.70955,3.20,1.40
2008.12.23 09:23:15.166,1.7085,1.71005,1.60,1.60
2008.12.23 09:23:18.456,1.70845,1.71005,5.60,3.20
2008.12.23 09:23:18.695,1.7086,1.71005,1.60,1.60
2008.12.23 09:23:19.195,1.7086,1.71,1.60,1.60
2008.12.23 09:23:19.425,1.70845,1.71,1.60,1.60
2008.12.23 09:23:20.006,1.7085,1.71005,1.60,1.60
2008.12.23 09:23:23.714,1.70855,1.71005,1.60,1.60
2008.12.23 09:23:24.284,1.70865,1.70965,1.60,1.40
2008.12.23 09:23:25.544,1.7085,1.7096,3.20,1.40
2008.12.23 09:23:31.913,1.70855,1.7096,1.60,1.40
2008.12.23 09:23:32.732,1.7085,1.7095,1.60,1.40
2008.12.23 09:23:33.002,1.7084,1.7095,1.60,1.40
2008.12.23 09:23:33.292,1.7084,1.71,1.60,1.60
2008.12.23 09:23:34.672,1.7085,1.70965,1.60,1.40
2008.12.23 09:23:34.782,1.70845,1.70965,3.20,1.40
2008.12.23 09:23:35.172,1.70845,1.71,1.60,1.60
2008.12.23 09:23:35.452,1.7084,1.71,1.60,1.60
2008.12.23 09:23:36.071,1.7085,1.71005,1.60,1.60
2008.12.23 09:23:36.491,1.7085,1.70965,1.60,1.40
2008.12.23 09:23:36.771,1.7085,1.71005,1.60,1.60
2008.12.23 09:23:36.891,1.7085,1.70965,1.60,1.40
2008.12.23 09:23:38.871,1.70845,1.70965,3.20,1.40
2008.12.23 09:23:39.280,1.7085,1.7096,1.60,1.40
2008.12.23 09:23:39.621,1.70855,1.7101,1.60,1.60
2008.12.23 09:23:40.970,1.7086,1.7102,1.60,1.60
2008.12.23 09:23:41.430,1.7086,1.7102,4.00,1.60
2008.12.23 09:23:41.830,1.70865,1.70985,1.60,1.40
2008.12.23 09:23:41.950,1.70855,1.71015,4.80,1.60
2008.12.23 09:23:42.121,1.70855,1.71015,3.20,1.60
2008.12.23 09:23:44.139,1.70865,1.71025,1.60,3.00
2008.12.23 09:23:44.479,1.70865,1.70985,1.60,1.40
2008.12.23 09:23:44.950,1.70855,1.7102,3.20,3.20
2008.12.23 09:23:46.879,1.70865,1.7102,1.00,3.20
2008.12.23 09:23:47.089,1.70865,1.7102,1.60,1.60
2008.12.23 09:23:47.449,1.70865,1.70985,1.60,1.40
2008.12.23 09:23:47.569,1.7086,1.70985,4.80,1.40
2008.12.23 09:23:47.789,1.7086,1.70985,1.60,1.40
2008.12.23 09:23:49.218,1.7086,1.71015,3.20,1.40
2008.12.23 09:23:49.578,1.7086,1.70985,1.60,1.40
2008.12.23 09:23:49.858,1.7086,1.71015,1.60,1.60
2008.12.23 09:23:50.778,1.7086,1.71,1.60,1.40
2008.12.23 09:23:52.987,1.7087,1.71,1.60,1.40
2008.12.23 09:23:53.107,1.70875,1.71,1.60,1.40
2008.12.23 09:23:53.218,1.70875,1.71005,1.60,1.40
2008.12.23 09:23:53.437,1.7087,1.71005,7.20,1.40
2008.12.23 09:23:53.947,1.70875,1.71005,3.20,1.40
2008.12.23 09:23:57.756,1.7089,1.71005,1.60,1.40
2008.12.23 09:23:57.816,1.709,1.71005,1.60,1.40
2008.12.23 09:23:57.936,1.709,1.71005,1.00,1.40
2008.12.23 09:23:57.996,1.709,1.7101,2.40,1.40
2008.12.23 09:23:58.166,1.709,1.7101,1.60,1.40
2008.12.23 09:23:58.276,1.70875,1.7101,1.60,1.40
2008.12.23 09:23:59.786,1.709,1.71005,1.60,1.40
2008.12.23 09:23:59.956,1.709,1.7101,1.60,1.40
2008.12.23 09:24:00.886,1.70905,1.7101,1.60,1.40
2008.12.23 09:24:01.335,1.709,1.71005,2.40,1.40
2008.12.23 09:24:01.565,1.7086,1.71025,3.20,1.60
2008.12.23 09:24:02.835,1.7086,1.7099,3.20,1.40
2008.12.23 09:24:03.355,1.7088,1.70995,1.60,1.40
2008.12.23 09:24:03.565,1.7088,1.70995,3.20,1.40
2008.12.23 09:24:03.745,1.7088,1.70995,1.60,1.40
2008.12.23 09:24:03.925,1.70875,1.70995,5.60,1.40
2008.12.23 09:24:04.095,1.70875,1.7099,1.60,1.40
2008.12.23 09:24:05.404,1.7088,1.7099,1.60,1.40
2008.12.23 09:24:05.574,1.7088,1.70995,1.60,1.40
2008.12.23 09:24:07.894,1.70875,1.70995,4.00,1.40
2008.12.23 09:24:08.234,1.70875,1.7103,1.60,1.60
2008.12.23 09:24:09.563,1.70875,1.70995,1.60,1.40
2008.12.23 09:24:11.373,1.70875,1.7099,1.60,1.40
2008.12.23 09:24:12.302,1.70875,1.70995,1.60,1.40
2008.12.23 09:24:13.162,1.70885,1.70995,1.00,1.40
2008.12.23 09:24:13.392,1.70885,1.70995,1.60,1.40
2008.12.23 09:24:13.732,1.7088,1.7099,4.80,1.40
2008.12.23 09:24:13.972,1.7088,1.7099,3.20,1.40
2008.12.23 09:24:14.442,1.7088,1.71035,1.60,1.60
2008.12.23 09:24:15.182,1.7088,1.71045,3.20,3.20
2008.12.23 09:24:15.472,1.70885,1.71,3.20,1.40
2008.12.23 09:24:15.702,1.7089,1.71,1.60,1.40
2008.12.23 09:24:16.052,1.70875,1.7103,1.60,1.60
2008.12.23 09:24:17.691,1.70875,1.70995,1.60,1.40
2008.12.23 09:24:18.252,1.7088,1.70995,1.60,1.40
2008.12.23 09:24:18.901,1.7088,1.70995,3.20,1.40
2008.12.23 09:24:20.131,1.70875,1.70975,3.20,1.40
2008.12.23 09:24:20.241,1.70875,1.70975,1.60,1.40
2008.12.23 09:24:21.230,1.7087,1.70975,3.20,1.40
2008.12.23 09:24:22.430,1.7088,1.70975,1.60,1.40
2008.12.23 09:24:22.880,1.7088,1.71035,1.60,1.60
2008.12.23 09:24:23.120,1.7088,1.7103,1.60,1.60
2008.12.23 09:24:23.230,1.70875,1.7103,3.20,1.60
2008.12.23 09:24:23.460,1.70875,1.7102,2.40,1.60
2008.12.23 09:24:23.840,1.70865,1.71025,1.60,1.60
2008.12.23 09:24:25.239,1.7088,1.71025,1.00,1.60
2008.12.23 09:24:25.479,1.7088,1.71035,1.60,3.00
2008.12.23 09:24:25.659,1.70885,1.70995,1.60,1.40
2008.12.23 09:24:25.949,1.70855,1.71015,3.20,1.60
2008.12.23 09:24:26.300,1.70855,1.71015,1.60,1.60
2008.12.23 09:24:27.099,1.70855,1.71015,3.20,1.60
2008.12.23 09:24:28.359,1.70875,1.71025,1.60,3.00
2008.12.23 09:24:28.749,1.7087,1.71025,1.60,1.60
2008.12.23 09:24:29.158,1.70865,1.71025,1.60,1.60
2008.12.23 09:24:30.948,1.7086,1.71025,7.20,3.20
2008.12.23 09:24:31.408,1.7086,1.7097,4.80,1.40
2008.12.23 09:24:31.628,1.70865,1.7102,1.60,1.60
2008.12.23 09:24:32.118,1.7088,1.7102,1.60,1.60
2008.12.23 09:24:32.479,1.7088,1.71025,1.60,1.40
2008.12.23 09:24:32.648,1.7089,1.7099,1.60,1.40
2008.12.23 09:24:35.637,1.70875,1.70985,3.20,1.40
2008.12.23 09:24:37.117,1.70875,1.70975,1.60,1.40
2008.12.23 09:24:39.276,1.7088,1.71035,1.60,1.60
2008.12.23 09:24:40.446,1.7089,1.7105,1.60,4.20
2008.12.23 09:24:40.916,1.709,1.71,1.60,1.40
2008.12.23 09:24:41.606,1.7091,1.7106,1.60,1.60
2008.12.23 09:24:41.955,1.70895,1.71055,1.60,3.00
2008.12.23 09:24:42.306,1.70895,1.71055,1.60,1.60
2008.12.23 09:24:48.684,1.709,1.7106,1.60,5.80
2008.12.23 09:24:48.794,1.709,1.7106,1.60,4.60
2008.12.23 09:24:49.014,1.70905,1.7101,1.60,1.40
2008.12.23 09:24:49.244,1.70905,1.71065,1.60,1.60
2008.12.23 09:24:51.353,1.709,1.7106,7.20,1.60
2008.12.23 09:24:51.414,1.709,1.7101,4.80,1.40
2008.12.23 09:24:54.232,1.709,1.7101,3.20,1.40
2008.12.23 09:25:01.901,1.70905,1.7101,1.60,1.40
2008.12.23 09:25:02.190,1.709,1.71,1.60,1.40
2008.12.23 09:25:03.400,1.709,1.71,2.40,1.40
2008.12.23 09:25:03.690,1.709,1.71,1.60,1.40
2008.12.23 09:25:03.920,1.709,1.7101,3.20,1.40
2008.12.23 09:25:06.839,1.70905,1.7101,1.60,1.40
2008.12.23 09:25:07.010,1.709,1.71,1.60,1.40
2008.12.23 09:25:08.609,1.70885,1.71045,1.60,1.60
2008.12.23 09:25:08.939,1.7088,1.7104,3.20,1.60
2008.12.23 09:25:09.409,1.7088,1.71015,1.60,1.60
2008.12.23 09:25:09.929,1.7087,1.7099,1.60,1.40
2008.12.23 09:25:10.329,1.70865,1.71025,3.20,1.60
2008.12.23 09:25:10.499,1.70865,1.7103,3.20,3.20
2008.12.23 09:25:10.719,1.70865,1.7099,1.60,1.40
2008.12.23 09:25:11.068,1.7088,1.7099,1.60,1.40
2008.12.23 09:25:11.308,1.7088,1.70995,1.60,1.40
2008.12.23 09:25:14.967,1.7088,1.70985,1.60,1.40
2008.12.23 09:25:15.257,1.70875,1.7103,1.60,1.60
2008.12.23 09:25:15.588,1.70875,1.70985,1.60,1.40
2008.12.23 09:25:16.397,1.70875,1.7098,1.60,1.40
2008.12.23 09:25:17.087,1.7088,1.7098,1.60,1.40
2008.12.23 09:25:17.477,1.7088,1.70985,1.60,1.40
2008.12.23 09:25:17.827,1.70875,1.7103,4.80,1.60
2008.12.23 09:25:17.997,1.70875,1.7103,1.60,1.60
2008.12.23 09:25:19.797,1.70885,1.70975,1.60,1.40
2008.12.23 09:25:20.556,1.7089,1.70985,1.60,1.40
2008.12.23 09:25:21.516,1.7088,1.70965,1.60,1.40
2008.12.23 09:25:21.736,1.70875,1.70965,1.60,1.40
2008.12.23 09:25:24.855,1.70865,1.7096,1.60,1.40
2008.12.23 09:25:25.155,1.7086,1.7096,3.20,1.40
2008.12.23 09:25:25.435,1.7086,1.7102,1.60,1.60
2008.12.23 09:25:25.675,1.7086,1.71025,3.20,3.20
2008.12.23 09:25:25.795,1.70865,1.71025,3.20,3.20
2008.12.23 09:25:26.315,1.70865,1.7097,3.20,1.40
2008.12.23 09:25:27.345,1.70865,1.70965,3.20,1.40
2008.12.23 09:25:27.854,1.70865,1.70965,4.00,1.40
2008.12.23 09:25:27.974,1.7088,1.7097,1.60,1.40
2008.12.23 09:25:28.435,1.70865,1.71025,3.20,3.20
2008.12.23 09:25:28.494,1.70865,1.71025,1.60,3.20
2008.12.23 09:25:29.684,1.7088,1.7097,1.60,1.40
2008.12.23 09:25:30.084,1.7087,1.7103,5.60,1.60
2008.12.23 09:25:30.494,1.7087,1.7103,1.60,1.60
2008.12.23 09:25:31.564,1.7087,1.70975,3.20,1.40
2008.12.23 09:25:33.323,1.7087,1.7103,1.60,1.60
2008.12.23 09:25:33.433,1.7087,1.70975,3.20,1.40
2008.12.23 09:25:35.073,1.7087,1.70975,4.80,1.40
2008.12.23 09:25:35.312,1.7087,1.70975,4.80,1.40
2008.12.23 09:25:35.533,1.7087,1.70975,5.60,1.40
2008.12.23 09:25:35.593,1.7088,1.7097,1.60,1.40
2008.12.23 09:25:36.523,1.7087,1.7103,1.60,1.60
2008.12.23 09:25:36.862,1.70885,1.7098,1.60,1.40
2008.12.23 09:25:37.092,1.7088,1.7098,3.20,1.40
2008.12.23 09:25:37.502,1.70885,1.7098,1.60,1.40
2008.12.23 09:25:37.732,1.70885,1.71045,1.60,1.60
2008.12.23 09:25:38.192,1.709,1.71,1.60,1.40
2008.12.23 09:25:38.472,1.70885,1.71045,1.60,1.60
2008.12.23 09:25:38.922,1.709,1.71045,1.60,1.60
2008.12.23 09:25:39.452,1.709,1.7105,1.60,1.60
2008.12.23 09:25:39.842,1.70885,1.7105,3.20,1.60
2008.12.23 09:25:40.411,1.70895,1.71055,1.60,1.60
2008.12.23 09:25:40.862,1.709,1.71055,1.60,1.60
2008.12.23 09:25:43.560,1.70895,1.71055,5.60,3.20
2008.12.23 09:25:43.851,1.70895,1.7105,3.20,1.60
2008.12.23 09:25:44.090,1.70895,1.7101,1.60,1.40
2008.12.23 09:25:45.410,1.70895,1.71005,1.60,1.40
2008.12.23 09:25:50.189,1.70895,1.7105,1.60,1.60
2008.12.23 09:25:51.689,1.70895,1.71055,2.40,3.20
2008.12.23 09:25:51.909,1.709,1.71005,3.20,1.40
2008.12.23 09:25:52.578,1.709,1.71055,1.60,1.60
2008.12.23 09:25:53.588,1.70915,1.71055,1.60,1.60
2008.12.23 09:25:53.698,1.70925,1.7104,1.60,1.40
2008.12.23 09:25:53.928,1.70925,1.71045,1.60,1.40
2008.12.23 09:25:55.018,1.70935,1.71045,1.60,1.40
2008.12.23 09:25:55.378,1.70935,1.7105,1.60,1.40
2008.12.23 09:25:55.908,1.70935,1.7105,2.40,1.40
2008.12.23 09:25:56.078,1.70935,1.7105,1.60,1.40
2008.12.23 09:25:56.137,1.7092,1.71045,1.60,1.40
2008.12.23 09:25:57.327,1.7092,1.7104,3.20,1.40
2008.12.23 09:25:58.517,1.7092,1.71035,3.20,1.40
2008.12.23 09:25:59.037,1.70925,1.71035,1.60,1.40
2008.12.23 09:25:59.447,1.7092,1.7108,3.20,1.60
2008.12.23 09:25:59.677,1.7092,1.7108,1.60,1.60
2008.12.23 09:26:00.607,1.7092,1.7103,3.20,1.40
2008.12.23 09:26:01.126,1.70935,1.71035,1.60,1.40
2008.12.23 09:26:01.406,1.70955,1.71035,2.40,1.40
2008.12.23 09:26:01.686,1.7095,1.7106,1.60,1.40
2008.12.23 09:26:01.866,1.7094,1.7106,1.60,1.40
2008.12.23 09:26:03.526,1.70945,1.71055,1.60,1.40
2008.12.23 09:26:03.696,1.7094,1.71055,2.40,1.40
2008.12.23 09:26:03.756,1.7094,1.71055,3.20,1.40
2008.12.23 09:26:04.276,1.70925,1.71045,3.20,1.40
2008.12.23 09:26:05.425,1.70935,1.71045,1.60,1.40
2008.12.23 09:26:06.455,1.70945,1.71045,1.60,1.40
2008.12.23 09:26:07.445,1.7093,1.7109,1.60,1.60
2008.12.23 09:26:08.485,1.70945,1.7104,1.60,1.40
2008.12.23 09:26:09.584,1.7094,1.71035,3.20,1.40
2008.12.23 09:26:09.924,1.70945,1.71035,1.60,1.40
2008.12.23 09:26:09.974,1.7096,1.7105,1.60,1.40
2008.12.23 09:26:10.644,1.70955,1.71115,1.60,1.60
2008.12.23 09:26:11.224,1.70965,1.7112,1.60,1.60
2008.12.23 09:26:11.674,1.70975,1.7107,1.60,1.40
2008.12.23 09:26:11.794,1.70965,1.71125,3.20,3.20
2008.12.23 09:26:12.074,1.70965,1.71125,1.60,3.20
2008.12.23 09:26:12.294,1.7096,1.71115,3.20,1.60
2008.12.23 09:26:12.644,1.7096,1.71065,1.60,1.40
2008.12.23 09:26:12.934,1.7096,1.71125,1.60,3.20
2008.12.23 09:26:13.164,1.7096,1.71125,1.60,4.80
2008.12.23 09:26:13.563,1.70955,1.7111,1.60,1.60
2008.12.23 09:26:13.903,1.70945,1.7111,1.60,3.20
2008.12.23 09:26:14.313,1.70945,1.71105,1.60,1.60
2008.12.23 09:26:14.713,1.70945,1.71055,1.60,1.40
2008.12.23 09:26:23.001,1.70945,1.7111,1.60,3.20
2008.12.23 09:26:23.341,1.70945,1.71105,1.60,1.60
2008.12.23 09:26:24.371,1.70945,1.7111,1.60,3.20
2008.12.23 09:26:24.861,1.70945,1.71055,1.60,1.40
2008.12.23 09:26:25.490,1.70945,1.7111,1.60,1.60
2008.12.23 09:26:25.650,1.70945,1.7111,1.60,3.20
2008.12.23 09:26:25.820,1.70945,1.71055,1.60,1.40
2008.12.23 09:26:27.330,1.70945,1.7106,1.60,1.40
2008.12.23 09:26:33.069,1.7095,1.7106,1.60,1.40
2008.12.23 09:26:33.689,1.7095,1.71065,3.20,1.40
2008.12.23 09:26:34.548,1.7095,1.71045,1.60,1.40
2008.12.23 09:26:35.288,1.70945,1.71105,5.60,1.60
2008.12.23 09:26:35.588,1.70945,1.71105,1.60,1.60
2008.12.23 09:26:39.497,1.7094,1.711,7.20,1.60
2008.12.23 09:26:40.267,1.70945,1.71105,1.60,1.60
2008.12.23 09:26:41.827,1.7096,1.71105,1.60,1.60
2008.12.23 09:26:42.116,1.7096,1.71115,1.60,4.60
2008.12.23 09:26:42.296,1.7096,1.71115,1.60,3.00
2008.12.23 09:26:42.407,1.7096,1.71065,1.60,1.40
2008.12.23 09:26:43.636,1.7096,1.71065,1.60,1.40
2008.12.23 09:26:43.976,1.7096,1.7111,1.60,1.60
2008.12.23 09:26:44.356,1.7097,1.71115,1.60,1.60
2008.12.23 09:26:44.816,1.7096,1.71115,1.60,1.60
2008.12.23 09:26:46.016,1.70965,1.7112,1.60,1.60
2008.12.23 09:26:46.515,1.70965,1.71075,1.60,1.40
2008.12.23 09:26:48.405,1.70965,1.71075,3.20,1.40
2008.12.23 09:26:56.493,1.7097,1.71075,1.60,1.40
2008.12.23 09:26:57.003,1.70955,1.71055,1.60,1.40
2008.12.23 09:26:58.193,1.7096,1.71055,1.60,1.40
2008.12.23 09:26:58.473,1.70965,1.7107,1.60,1.40
2008.12.23 09:26:58.813,1.70965,1.7112,1.60,1.60
2008.12.23 09:26:59.102,1.70975,1.71085,1.60,1.40
2008.12.23 09:27:05.701,1.70975,1.71085,1.60,1.40
2008.12.23 09:27:05.931,1.70985,1.71085,1.60,1.40
2008.12.23 09:27:08.570,1.70995,1.71085,1.60,1.40
2008.12.23 09:27:08.810,1.70995,1.7108,1.60,1.40
2008.12.23 09:27:08.870,1.70995,1.71085,1.60,1.40
2008.12.23 09:27:09.510,1.70995,1.7113,1.60,1.60
2008.12.23 09:27:14.719,1.70995,1.71125,1.60,1.60
2008.12.23 09:27:15.169,1.7098,1.71065,1.60,1.40
2008.12.23 09:27:17.068,1.70985,1.71075,1.60,1.40
2008.12.23 09:27:17.228,1.70995,1.71085,1.60,1.40
2008.12.23 09:27:17.518,1.70995,1.71135,1.60,1.60
2008.12.23 09:27:18.138,1.71005,1.71145,1.60,3.00
2008.12.23 09:27:18.598,1.71015,1.71105,1.00,1.40
2008.12.23 09:27:18.958,1.7105,1.7119,1.60,3.20
2008.12.23 09:27:19.348,1.7105,1.7119,1.60,1.60
2008.12.23 09:27:20.448,1.7105,1.71185,1.60,1.60
2008.12.23 09:27:20.847,1.7104,1.71185,1.60,3.20
2008.12.23 09:27:21.067,1.7104,1.7113,1.60,1.40
2008.12.23 09:27:22.797,1.71055,1.7113,1.60,1.40
2008.12.23 09:27:23.027,1.7106,1.7113,1.60,1.40
2008.12.23 09:27:23.197,1.7106,1.71195,1.60,1.60
2008.12.23 09:27:23.596,1.7106,1.71195,1.60,3.20
2008.12.23 09:27:23.986,1.7105,1.71195,1.60,4.80
2008.12.23 09:27:24.386,1.7104,1.7115,3.20,1.40
2008.12.23 09:27:24.786,1.7104,1.71185,1.60,1.60
2008.12.23 09:27:25.766,1.71035,1.71185,1.60,3.20
2008.12.23 09:27:26.126,1.7104,1.7113,1.60,1.40
2008.12.23 09:27:26.576,1.7104,1.71135,1.60,1.40
2008.12.23 09:27:26.876,1.7104,1.71185,1.60,1.60
2008.12.23 09:27:26.936,1.7104,1.7119,1.60,3.20
2008.12.23 09:27:29.765,1.7104,1.71185,1.60,3.20
2008.12.23 09:27:30.105,1.71035,1.71185,1.60,3.20
2008.12.23 09:27:30.495,1.7104,1.71185,1.60,3.20
2008.12.23 09:27:30.845,1.71045,1.7119,1.60,3.20
2008.12.23 09:27:31.285,1.71045,1.71195,1.60,4.80
2008.12.23 09:27:31.514,1.71045,1.71195,1.60,3.20
2008.12.23 09:27:32.774,1.7106,1.712,1.60,4.20
2008.12.23 09:27:33.104,1.7106,1.7115,1.60,1.40
2008.12.23 09:27:34.424,1.7106,1.7115,1.00,1.40
2008.12.23 09:27:35.444,1.71045,1.7113,1.60,1.40
2008.12.23 09:27:35.614,1.71035,1.7113,1.60,1.40
2008.12.23 09:27:35.844,1.71045,1.7113,1.60,1.40
2008.12.23 09:27:36.373,1.71045,1.7119,1.60,1.60
2008.12.23 09:27:40.223,1.71045,1.71185,1.60,1.60
2008.12.23 09:27:40.642,1.7104,1.71135,1.60,1.40
2008.12.23 09:27:41.252,1.71035,1.71135,1.60,1.40
2008.12.23 09:27:41.782,1.71035,1.71175,1.60,1.60
2008.12.23 09:27:44.292,1.71035,1.7118,1.60,1.60
2008.12.23 09:27:45.371,1.71035,1.7118,1.60,1.60
2008.12.23 09:27:45.721,1.71025,1.7118,1.60,1.60
2008.12.23 09:27:46.341,1.71025,1.7118,1.60,1.60
2008.12.23 09:27:47.711,1.7103,1.71185,1.60,1.60
2008.12.23 09:27:48.002,1.7104,1.71185,3.20,1.40
2008.12.23 09:27:48.181,1.7104,1.7115,4.80,1.40
2008.12.23 09:27:50.360,1.71045,1.7115,1.60,1.40
2008.12.23 09:27:50.420,1.7103,1.71145,3.20,1.40
2008.12.23 09:27:50.890,1.7103,1.71185,1.60,1.60
2008.12.23 09:27:55.679,1.7107,1.71185,1.60,1.60
2008.12.23 09:27:56.089,1.7107,1.71175,3.20,1.40
2008.12.23 09:27:56.429,1.7107,1.71175,4.80,1.40
2008.12.23 09:27:56.599,1.7107,1.71225,3.20,1.60
2008.12.23 09:27:57.698,1.7107,1.71225,1.60,1.60
2008.12.23 09:27:59.408,1.71075,1.71225,1.60,1.60
2008.12.23 09:28:00.058,1.71075,1.71185,3.20,1.40
2008.12.23 09:28:00.338,1.7108,1.71185,1.60,1.40
2008.12.23 09:28:00.697,1.7107,1.71175,4.80,1.40
2008.12.23 09:28:01.088,1.7107,1.71175,3.20,1.40
2008.12.23 09:28:01.547,1.71065,1.71175,2.40,1.40
2008.12.23 09:28:02.007,1.7108,1.71225,1.60,1.60
2008.12.23 09:28:02.297,1.7107,1.71225,1.60,1.60
2008.12.23 09:28:03.857,1.71065,1.7122,4.00,1.60
2008.12.23 09:28:04.257,1.71065,1.7122,1.60,1.60
2008.12.23 09:28:05.467,1.7107,1.7122,1.60,1.60
2008.12.23 09:28:05.806,1.7107,1.7118,1.60,1.40
2008.12.23 09:28:08.186,1.7108,1.7118,1.60,1.40
2008.12.23 09:28:08.756,1.7107,1.7118,1.60,1.40
2008.12.23 09:28:09.026,1.71065,1.7118,3.40,1.40
2008.12.23 09:28:09.546,1.71045,1.71195,1.60,1.60
2008.12.23 09:28:09.945,1.71045,1.71195,1.60,3.20
2008.12.23 09:28:10.286,1.71045,1.71195,1.60,1.60
2008.12.23 09:28:10.615,1.7105,1.712,1.60,4.60
2008.12.23 09:28:10.855,1.7105,1.712,1.60,3.20
2008.12.23 09:28:11.355,1.7105,1.712,1.00,3.20
2008.12.23 09:28:12.526,1.7105,1.712,1.60,3.20
2008.12.23 09:28:12.694,1.7105,1.7115,1.60,1.40
2008.12.23 09:28:13.425,1.71045,1.7115,1.60,1.40
2008.12.23 09:28:14.104,1.71045,1.7115,1.60,1.40
2008.12.23 09:28:14.774,1.71045,1.71195,1.60,1.60
2008.12.23 09:28:15.284,1.71045,1.712,1.60,1.60
2008.12.23 09:28:15.784,1.71035,1.712,3.20,1.60
2008.12.23 09:28:16.124,1.7104,1.7116,1.00,1.40
2008.12.23 09:28:16.534,1.7104,1.7116,1.60,1.40
2008.12.23 09:28:16.874,1.7104,1.71185,1.60,1.40
2008.12.23 09:28:16.994,1.7104,1.712,1.60,3.20
2008.12.23 09:28:17.214,1.7104,1.712,2.40,3.20
2008.12.23 09:28:17.613,1.71045,1.71155,1.60,1.40
2008.12.23 09:28:22.432,1.7105,1.71155,1.60,1.40
2008.12.23 09:28:26.911,1.71045,1.71155,1.60,1.40
2008.12.23 09:28:27.251,1.71045,1.7115,1.60,1.40
2008.12.23 09:28:32.580,1.7104,1.7115,3.20,1.40
2008.12.23 09:28:43.807,1.7104,1.71155,3.20,1.40
2008.12.23 09:28:44.097,1.71045,1.71155,1.60,1.40
2008.12.23 09:28:44.267,1.71045,1.71155,3.20,1.40
2008.12.23 09:28:44.777,1.7105,1.71205,1.60,1.60
2008.12.23 09:28:51.595,1.7107,1.71155,1.60,1.40
2008.12.23 09:28:52.126,1.71045,1.71205,4.80,1.60
2008.12.23 09:28:52.405,1.71045,1.71205,3.20,1.60
2008.12.23 09:28:52.765,1.71045,1.71155,3.20,1.40
2008.12.23 09:28:52.985,1.71045,1.71155,1.60,1.40
2008.12.23 09:28:55.874,1.71045,1.71155,3.20,1.40
2008.12.23 09:28:56.444,1.7105,1.7117,1.60,1.40
2008.12.23 09:28:58.334,1.71075,1.7117,1.60,1.40
2008.12.23 09:28:58.724,1.71065,1.71215,1.60,3.20
2008.12.23 09:28:59.063,1.7105,1.7121,1.60,1.60
2008.12.23 09:29:00.833,1.7105,1.71205,1.60,1.60
2008.12.23 09:29:01.173,1.71045,1.71155,1.60,1.40
2008.12.23 09:29:01.523,1.7105,1.71155,1.60,1.40
2008.12.23 09:29:01.863,1.7105,1.71205,1.60,1.60
2008.12.23 09:29:03.192,1.7105,1.71195,1.60,1.60
2008.12.23 09:29:03.802,1.7104,1.7115,3.20,1.40
2008.12.23 09:29:05.582,1.71045,1.7115,1.60,1.40
2008.12.23 09:29:05.812,1.7104,1.7115,3.20,1.40
2008.12.23 09:29:09.891,1.71045,1.7115,1.60,1.40
2008.12.23 09:29:10.251,1.7104,1.7114,1.60,1.40
2008.12.23 09:29:13.701,1.7104,1.7115,3.20,1.40
2008.12.23 09:29:15.779,1.71045,1.7115,1.60,1.40
2008.12.23 09:29:16.189,1.7104,1.7115,3.20,1.40
2008.12.23 09:29:22.668,1.7104,1.7114,1.60,1.40
2008.12.23 09:29:27.297,1.7103,1.7113,1.60,1.40
2008.12.23 09:29:28.407,1.71025,1.7113,3.20,1.40
2008.12.23 09:29:28.816,1.7103,1.7119,1.60,1.60
2008.12.23 09:29:29.386,1.71025,1.71185,4.00,1.60
2008.12.23 09:29:29.676,1.7103,1.7113,2.40,1.40
2008.12.23 09:29:30.026,1.7103,1.7113,1.60,1.40
2008.12.23 09:29:30.536,1.71025,1.71185,1.60,1.60
2008.12.23 09:29:31.006,1.7103,1.7119,1.60,3.00
2008.12.23 09:29:31.406,1.7103,1.7119,1.60,1.60
2008.12.23 09:29:31.766,1.71025,1.71185,4.00,1.60
2008.12.23 09:29:32.106,1.71025,1.7113,3.20,1.40
2008.12.23 09:29:32.506,1.7103,1.7113,1.60,1.40
2008.12.23 09:29:34.505,1.7102,1.71125,1.60,1.40
2008.12.23 09:29:35.085,1.71015,1.71125,3.20,1.40
2008.12.23 09:29:37.374,1.71015,1.71115,1.60,1.40
2008.12.23 09:29:38.934,1.71015,1.71125,3.20,1.40
2008.12.23 09:29:55.860,1.71015,1.71115,1.60,1.40
2008.12.23 09:29:56.140,1.71015,1.71115,2.40,1.40
2008.12.23 09:29:56.420,1.71015,1.71115,1.60,1.40
2008.12.23 09:29:56.830,1.71015,1.71115,1.60,1.40
2008.12.23 09:30:00.319,1.71015,1.71115,2.40,1.40
2008.12.23 09:30:00.899,1.7102,1.71125,1.60,1.40
2008.12.23 09:30:01.198,1.7102,1.71175,1.60,1.60
2008.12.23 09:30:06.147,1.7101,1.71115,3.20,1.40
2008.12.23 09:30:06.557,1.71015,1.71115,1.60,1.40
2008.12.23 09:30:08.337,1.71015,1.71125,3.20,1.40
2008.12.23 09:30:12.176,1.7102,1.71125,1.60,1.40
2008.12.23 09:30:12.566,1.7099,1.71145,4.00,1.60
2008.12.23 09:30:12.846,1.7099,1.71145,1.60,1.60
2008.12.23 09:30:13.186,1.70985,1.7114,4.00,1.60
2008.12.23 09:30:13.245,1.70985,1.7114,2.40,1.60
2008.12.23 09:30:13.476,1.7099,1.71145,1.60,1.60
2008.12.23 09:30:14.905,1.70995,1.7115,1.60,1.60
2008.12.23 09:30:15.265,1.71,1.7116,1.60,1.60
2008.12.23 09:30:19.414,1.71,1.71165,3.20,3.20
2008.12.23 09:30:19.704,1.71005,1.7112,3.20,1.40
2008.12.23 09:30:32.281,1.71015,1.71125,3.20,1.40
2008.12.23 09:30:37.870,1.71015,1.71125,4.00,1.40
2008.12.23 09:30:38.160,1.7103,1.7113,1.60,1.40
2008.12.23 09:30:43.818,1.71015,1.71125,3.20,1.40
2008.12.23 09:30:57.115,1.71015,1.7112,1.60,1.40
2008.12.23 09:30:57.405,1.71005,1.7112,3.20,1.40
2008.12.23 09:31:10.402,1.7101,1.7112,1.60,1.40
2008.12.23 09:31:10.802,1.71005,1.71105,1.60,1.40
2008.12.23 09:31:11.092,1.71005,1.71165,1.60,1.60
2008.12.23 09:31:11.262,1.71015,1.7117,1.60,1.60
2008.12.23 09:31:16.061,1.71015,1.7117,2.40,1.60
2008.12.23 09:31:16.230,1.7102,1.71175,1.60,1.60
2008.12.23 09:31:16.510,1.7102,1.71135,3.20,1.40
2008.12.23 09:31:17.650,1.71025,1.71135,3.20,1.40
2008.12.23 09:31:18.220,1.7103,1.71135,1.60,1.40
2008.12.23 09:31:18.800,1.7102,1.71175,1.60,1.60
2008.12.23 09:31:19.260,1.71015,1.71135,1.60,1.40
2008.12.23 09:31:19.930,1.71015,1.71135,2.40,1.40
2008.12.23 09:31:20.269,1.71005,1.7112,3.20,1.40
2008.12.23 09:31:20.670,1.71005,1.7112,4.80,1.40
2008.12.23 09:31:23.159,1.71005,1.7112,3.20,1.40
2008.12.23 09:31:32.667,1.71015,1.71125,1.60,1.40
2008.12.23 09:31:35.086,1.70985,1.7109,1.60,1.40
2008.12.23 09:31:35.376,1.70985,1.7109,3.20,1.40
2008.12.23 09:31:35.716,1.7098,1.7109,4.80,1.40
2008.12.23 09:31:36.856,1.70985,1.7109,1.60,1.40
2008.12.23 09:31:37.145,1.70965,1.7108,1.60,1.40
2008.12.23 09:31:37.435,1.7098,1.7108,1.60,1.40
2008.12.23 09:31:37.786,1.7098,1.71105,1.60,1.40
2008.12.23 09:31:38.115,1.70985,1.71105,1.60,1.40
2008.12.23 09:31:38.405,1.70985,1.7111,1.60,2.40
2008.12.23 09:31:38.695,1.70975,1.7111,1.60,2.40
2008.12.23 09:31:39.555,1.70975,1.71095,1.60,1.40
2008.12.23 09:31:44.713,1.7097,1.7107,1.60,1.40
2008.12.23 09:31:45.483,1.70975,1.7107,1.60,1.40
2008.12.23 09:31:48.373,1.7097,1.7107,1.60,1.40
2008.12.23 09:31:49.493,1.70965,1.7111,1.60,6.40
2008.12.23 09:31:50.312,1.70965,1.7106,1.60,1.40
2008.12.23 09:31:53.832,1.7097,1.7106,1.60,1.40
2008.12.23 09:31:55.841,1.7095,1.7104,1.60,1.40
2008.12.23 09:31:57.051,1.70965,1.7104,1.60,1.40
2008.12.23 09:31:57.581,1.70945,1.7108,3.20,1.20
2008.12.23 09:31:57.981,1.70945,1.7108,1.60,1.20
2008.12.23 09:31:58.260,1.70955,1.7105,1.60,1.40
2008.12.23 09:31:58.550,1.7096,1.7105,1.60,1.40
2008.12.23 09:31:58.711,1.7096,1.7108,1.60,1.20
2008.12.23 09:31:59.060,1.7096,1.7107,1.60,1.40
2008.12.23 09:31:59.800,1.7097,1.7108,1.60,1.20
2008.12.23 09:32:02.039,1.70945,1.71035,1.60,1.40
2008.12.23 09:32:02.979,1.7093,1.7106,1.60,1.20
2008.12.23 09:32:03.429,1.70925,1.7106,1.60,1.20
2008.12.23 09:32:03.779,1.7092,1.7106,1.60,1.20
2008.12.23 09:32:04.349,1.70905,1.7106,3.20,1.20
2008.12.23 09:32:04.699,1.70905,1.7106,1.60,1.20
2008.12.23 09:32:05.029,1.709,1.70995,1.60,1.40
2008.12.23 09:32:06.748,1.70915,1.70995,1.60,1.40
2008.12.23 09:32:07.248,1.7093,1.7102,1.60,1.40
2008.12.23 09:32:07.648,1.7093,1.7104,1.60,1.20
2008.12.23 09:32:08.158,1.7094,1.7104,1.60,1.20
2008.12.23 09:32:09.288,1.7093,1.7104,1.60,1.20
2008.12.23 09:32:09.758,1.70915,1.71005,1.60,1.40
2008.12.23 09:32:10.498,1.709,1.7104,1.60,2.40
2008.12.23 09:32:12.647,1.70885,1.71035,1.60,1.60
2008.12.23 09:32:12.987,1.70885,1.70975,1.60,1.40
2008.12.23 09:32:13.277,1.7091,1.7104,1.60,4.00
2008.12.23 09:32:13.397,1.70915,1.7104,1.60,2.40
2008.12.23 09:32:13.687,1.70925,1.7104,1.60,2.40
2008.12.23 09:32:14.376,1.7093,1.7104,1.60,2.40
2008.12.23 09:32:22.644,1.7095,1.7104,1.60,2.40
2008.12.23 09:32:23.044,1.7095,1.7104,3.20,2.40
2008.12.23 09:32:23.154,1.70955,1.7104,3.20,2.40
2008.12.23 09:32:23.564,1.7096,1.7104,3.20,2.40
2008.12.23 09:32:23.734,1.70965,1.7104,1.60,2.40
2008.12.23 09:32:24.504,1.70985,1.7104,1.60,2.40
2008.12.23 09:32:25.783,1.7098,1.7104,1.60,2.40
2008.12.23 09:32:26.833,1.7097,1.7104,1.60,2.40
2008.12.23 09:32:27.233,1.7095,1.7104,3.20,2.40
2008.12.23 09:32:27.633,1.7095,1.7104,1.60,2.40
2008.12.23 09:32:28.363,1.7094,1.7104,3.20,2.40
2008.12.23 09:32:29.043,1.7095,1.7104,1.60,2.40
2008.12.23 09:32:29.603,1.7096,1.7104,1.60,2.40
2008.12.23 09:32:31.322,1.7096,1.7104,3.20,2.40
2008.12.23 09:32:32.202,1.7097,1.7104,1.60,2.40
2008.12.23 09:32:33.522,1.7095,1.7104,1.60,2.40
2008.12.23 09:32:33.862,1.70945,1.7104,1.60,2.40
2008.12.23 09:32:33.921,1.7094,1.7104,3.20,2.40
2008.12.23 09:32:34.512,1.7094,1.7104,3.20,3.80
2008.12.23 09:32:37.121,1.7094,1.7104,1.60,3.80
2008.12.23 09:32:37.361,1.70935,1.7104,2.40,3.80
2008.12.23 09:32:37.601,1.70935,1.7104,1.60,3.80
2008.12.23 09:32:40.700,1.7094,1.7104,1.60,2.40
2008.12.23 09:33:07.024,1.7094,1.7104,3.20,2.40
2008.12.23 09:33:07.374,1.70945,1.7104,1.60,2.40
2008.12.23 09:33:14.122,1.70955,1.7104,1.60,2.40
2008.12.23 09:33:15.901,1.70955,1.7104,3.20,2.40
2008.12.23 09:33:16.311,1.70955,1.7104,1.60,2.40
2008.12.23 09:33:16.642,1.70955,1.7104,3.20,2.40
2008.12.23 09:33:21.450,1.70965,1.7104,1.60,2.40
2008.12.23 09:33:21.800,1.70965,1.7104,3.20,2.40
2008.12.23 09:33:22.080,1.70965,1.7104,1.60,2.40
2008.12.23 09:33:24.240,1.7097,1.7104,1.60,2.40
2008.12.23 09:33:24.360,1.7097,1.7104,3.20,2.40
2008.12.23 09:33:24.589,1.7098,1.7104,1.60,2.40
2008.12.23 09:33:25.059,1.70975,1.7104,3.20,2.40
2008.12.23 09:33:25.540,1.70975,1.7104,1.60,2.40
2008.12.23 09:33:31.928,1.70975,1.7104,3.20,2.40
2008.12.23 09:33:32.667,1.70975,1.7104,1.60,2.40
2008.12.23 09:33:34.147,1.7099,1.7104,1.00,2.40
2008.12.23 09:33:34.427,1.70995,1.7104,1.60,2.40
2008.12.23 09:33:34.837,1.71,1.7104,1.60,2.40
2008.12.23 09:33:45.514,1.70995,1.7104,5.60,2.40
2008.12.23 09:33:46.234,1.70995,1.7104,1.60,2.40
2008.12.23 09:33:47.194,1.7095,1.7104,4.80,2.40
2008.12.23 09:33:47.714,1.7094,1.7104,1.60,2.40
2008.12.23 09:33:48.044,1.70935,1.7104,1.60,2.40
2008.12.23 09:33:49.023,1.7094,1.7104,1.60,2.40
2008.12.23 09:33:52.603,1.70945,1.7104,1.60,2.40
2008.12.23 09:33:53.073,1.7095,1.7104,1.60,2.40
2008.12.23 09:33:53.183,1.70945,1.7104,1.60,2.40
2008.12.23 09:33:53.473,1.7094,1.7104,3.20,2.40
2008.12.23 09:33:53.703,1.7094,1.7104,1.60,2.40
2008.12.23 09:33:55.412,1.70945,1.7104,1.60,2.40
2008.12.23 09:33:56.672,1.7094,1.7104,4.00,2.40
2008.12.23 09:33:56.952,1.7094,1.7104,3.20,2.40
2008.12.23 09:33:57.301,1.70925,1.7104,3.20,2.40
2008.12.23 09:33:58.421,1.7094,1.7104,1.60,2.40
2008.12.23 09:33:58.821,1.70955,1.7104,1.60,2.40
2008.12.23 09:33:59.511,1.7098,1.7104,1.60,2.40
2008.12.23 09:34:01.930,1.70975,1.7104,1.60,2.40
2008.12.23 09:34:02.351,1.7097,1.7104,3.20,2.40
2008.12.23 09:34:02.630,1.7096,1.7104,3.20,2.40
2008.12.23 09:34:02.980,1.7096,1.7104,1.60,2.40
2008.12.23 09:34:03.970,1.7095,1.7104,1.60,2.40
2008.12.23 09:34:04.430,1.7094,1.7104,3.20,2.40
2008.12.23 09:34:04.760,1.7094,1.7104,1.60,2.40
2008.12.23 09:34:09.489,1.7094,1.7104,2.40,2.40
2008.12.23 09:34:09.768,1.7094,1.7104,1.60,2.40
2008.12.23 09:34:10.109,1.70925,1.7104,3.20,2.40
2008.12.23 09:34:13.468,1.7093,1.7104,1.60,2.40
2008.12.23 09:34:13.708,1.7092,1.7104,3.20,3.80
2008.12.23 09:34:13.888,1.7092,1.7104,1.60,3.80
2008.12.23 09:34:15.227,1.70915,1.71035,1.60,1.40
2008.12.23 09:34:15.517,1.70915,1.7104,4.00,2.40
2008.12.23 09:34:15.917,1.70915,1.7104,1.60,2.40
2008.12.23 09:34:16.537,1.7091,1.7104,1.60,2.40
2008.12.23 09:34:16.937,1.7091,1.71035,1.60,1.40
2008.12.23 09:34:19.286,1.7091,1.71035,3.20,1.40
2008.12.23 09:34:19.406,1.70915,1.71035,1.60,1.40
2008.12.23 09:34:20.106,1.70915,1.71035,3.20,1.40
2008.12.23 09:34:25.425,1.7092,1.71035,1.60,1.40
2008.12.23 09:34:25.665,1.7092,1.7104,1.60,3.80
2008.12.23 09:34:25.955,1.70915,1.7104,5.60,3.80
2008.12.23 09:34:26.305,1.70915,1.7104,4.80,3.80
2008.12.23 09:34:26.415,1.70915,1.7104,3.20,2.40
2008.12.23 09:34:27.744,1.7092,1.7104,1.60,2.40
2008.12.23 09:34:27.964,1.7092,1.7104,1.60,3.80
2008.12.23 09:34:29.314,1.70935,1.7104,1.60,3.80
2008.12.23 09:34:29.654,1.7095,1.7104,4.00,2.40
2008.12.23 09:34:29.934,1.7095,1.7104,1.60,2.40
2008.12.23 09:34:30.374,1.70945,1.7104,1.60,2.40
2008.12.23 09:34:33.053,1.7094,1.7104,3.20,2.40
2008.12.23 09:34:33.573,1.7093,1.7104,2.40,2.40
2008.12.23 09:34:33.983,1.70925,1.7104,1.60,2.40
2008.12.23 09:34:34.343,1.7092,1.7104,4.80,2.40
2008.12.23 09:34:34.693,1.7092,1.7104,1.60,2.40
2008.12.23 09:34:36.782,1.7092,1.7104,3.20,2.40
2008.12.23 09:34:37.412,1.7093,1.7104,1.60,2.40
2008.12.23 09:34:37.582,1.70945,1.7104,1.60,2.40
2008.12.23 09:34:38.222,1.7094,1.7104,7.20,2.40
2008.12.23 09:34:38.631,1.7094,1.7104,3.20,2.40
2008.12.23 09:34:38.912,1.7095,1.7104,1.60,2.40
2008.12.23 09:34:39.192,1.7094,1.7104,1.60,2.40
2008.12.23 09:34:40.921,1.70935,1.7104,1.60,2.40
2008.12.23 09:34:46.420,1.70925,1.7104,3.20,2.40
2008.12.23 09:34:47.240,1.70935,1.7104,1.60,2.40
2008.12.23 09:34:47.979,1.7094,1.7104,1.60,2.40
2008.12.23 09:34:49.081,1.70945,1.7104,1.60,2.40
2008.12.23 09:34:49.709,1.7094,1.7104,5.60,2.40
2008.12.23 09:34:50.059,1.7094,1.7104,1.60,2.40
2008.12.23 09:34:51.319,1.70965,1.7104,1.60,2.40
2008.12.23 09:34:51.609,1.70965,1.7104,2.40,2.40
2008.12.23 09:34:52.009,1.70955,1.7104,1.60,2.40
2008.12.23 09:34:52.408,1.70945,1.7104,3.20,2.40
2008.12.23 09:34:52.798,1.7095,1.7104,1.60,2.40
2008.12.23 09:34:54.178,1.70945,1.7104,5.60,2.40
2008.12.23 09:34:54.398,1.70945,1.7104,1.60,2.40
2008.12.23 09:34:57.977,1.7095,1.7104,1.60,2.40
2008.12.23 09:35:00.716,1.7095,1.7104,3.20,2.40
2008.12.23 09:35:02.576,1.7096,1.7104,1.60,2.40
2008.12.23 09:35:04.416,1.70945,1.7104,3.20,2.40
2008.12.23 09:35:05.355,1.7095,1.7104,1.60,2.40
2008.12.23 09:35:05.865,1.7094,1.7104,3.20,2.40
2008.12.23 09:35:19.922,1.70945,1.7104,1.60,2.40
2008.12.23 09:35:20.392,1.7093,1.7103,1.60,1.40
2008.12.23 09:35:24.121,1.70935,1.7103,1.60,1.40
2008.12.23 09:35:24.411,1.70935,1.7104,1.60,2.40
2008.12.23 09:35:31.199,1.7093,1.7104,3.20,2.40
2008.12.23 09:35:31.659,1.70935,1.7104,1.60,3.80
2008.12.23 09:35:31.939,1.70935,1.7104,1.60,2.40
2008.12.23 09:35:32.169,1.70935,1.7104,3.20,3.80
2008.12.23 09:35:32.689,1.70945,1.7104,1.60,2.40
2008.12.23 09:35:38.607,1.7094,1.7104,1.60,3.80
2008.12.23 09:35:38.847,1.70925,1.7104,3.20,2.40
2008.12.23 09:35:47.465,1.70925,1.7104,4.80,2.40
2008.12.23 09:35:48.285,1.70925,1.7104,3.20,2.40
2008.12.23 09:35:49.125,1.70935,1.7104,1.60,2.40
2008.12.23 09:35:49.405,1.70935,1.7104,1.60,2.40
2008.12.23 09:35:49.744,1.70905,1.7104,1.60,2.40
2008.12.23 09:35:49.984,1.709,1.7104,3.20,2.40
2008.12.23 09:35:51.394,1.70895,1.7104,3.20,2.40
2008.12.23 09:35:51.694,1.70895,1.71035,1.60,1.40
2008.12.23 09:35:52.194,1.70895,1.7104,1.60,2.40
2008.12.23 09:35:52.734,1.7089,1.7104,1.60,2.40
2008.12.23 09:35:53.024,1.7089,1.7104,1.60,3.80
2008.12.23 09:35:54.413,1.7089,1.71035,1.60,1.40
2008.12.23 09:35:54.813,1.70895,1.71035,1.60,1.40
2008.12.23 09:35:54.983,1.70895,1.7104,1.60,3.80
2008.12.23 09:35:57.083,1.70905,1.7104,1.60,3.80
2008.12.23 09:35:57.403,1.7091,1.7104,3.20,3.80
2008.12.23 09:35:57.753,1.7091,1.7104,4.80,2.40
2008.12.23 09:35:58.102,1.7091,1.7104,3.20,2.40
2008.12.23 09:35:58.572,1.7091,1.7104,4.80,2.40
2008.12.23 09:35:58.852,1.7091,1.7104,1.60,2.40
2008.12.23 09:35:59.242,1.709,1.7104,3.20,2.40
2008.12.23 09:36:00.962,1.709,1.7104,1.60,2.40
2008.12.23 09:36:01.801,1.709,1.7104,3.20,2.40
2008.12.23 09:36:02.491,1.70905,1.7104,1.60,2.40
2008.12.23 09:36:02.601,1.7091,1.7104,1.60,2.40
2008.12.23 09:36:02.941,1.70905,1.7104,1.60,2.40
2008.12.23 09:36:03.171,1.7091,1.7104,1.60,2.40
2008.12.23 09:36:23.276,1.70905,1.7104,3.20,2.40
2008.12.23 09:36:25.156,1.7091,1.7104,4.80,2.40
2008.12.23 09:36:25.506,1.7091,1.7104,3.20,2.40
2008.12.23 09:36:25.736,1.7091,1.7104,4.80,2.40
2008.12.23 09:36:25.966,1.7091,1.7104,3.20,2.40
2008.12.23 09:36:26.186,1.7091,1.7104,4.80,2.40
2008.12.23 09:36:26.585,1.7091,1.7104,3.20,2.40
2008.12.23 09:36:27.265,1.70905,1.7104,7.20,2.40
2008.12.23 09:36:27.545,1.70905,1.7104,4.80,2.40
2008.12.23 09:36:27.715,1.70905,1.7104,3.20,2.40
2008.12.23 09:36:27.945,1.7091,1.7104,1.60,2.40
2008.12.23 09:36:28.635,1.70905,1.7104,3.20,2.40
2008.12.23 09:36:30.125,1.70915,1.7104,1.60,2.40
2008.12.23 09:36:30.525,1.70915,1.7104,3.20,2.40
2008.12.23 09:36:30.825,1.70925,1.7104,1.60,2.40
2008.12.23 09:36:31.224,1.7093,1.7104,3.20,2.40
2008.12.23 09:36:31.674,1.70935,1.7104,3.20,2.40
2008.12.23 09:36:33.654,1.7093,1.7104,4.00,2.40
2008.12.23 09:36:33.824,1.7093,1.7104,3.20,2.40
2008.12.23 09:36:34.064,1.7093,1.7104,1.60,2.40
2008.12.23 09:36:34.304,1.7093,1.7104,3.20,2.40
2008.12.23 09:36:34.694,1.7093,1.7104,1.60,2.40
2008.12.23 09:36:49.670,1.70915,1.7104,4.80,2.40
2008.12.23 09:36:59.378,1.70925,1.7104,1.60,2.40
2008.12.23 09:37:02.707,1.7092,1.7104,1.60,2.40
2008.12.23 09:37:03.347,1.70915,1.7104,4.80,2.40
2008.12.23 09:37:03.747,1.7092,1.7104,1.60,2.40
2008.12.23 09:37:03.867,1.7093,1.7104,1.60,2.40
2008.12.23 09:37:04.207,1.7092,1.7104,1.60,2.40
2008.12.23 09:37:04.487,1.70925,1.7104,1.60,2.40
2008.12.23 09:37:04.836,1.7093,1.7104,1.60,2.40
2008.12.23 09:37:06.286,1.7092,1.7104,1.60,2.40
2008.12.23 09:37:07.076,1.7093,1.7104,1.60,2.40
2008.12.23 09:37:08.236,1.70935,1.7104,1.60,2.40
2008.12.23 09:37:08.406,1.70925,1.7104,3.20,2.40
2008.12.23 09:37:08.756,1.70935,1.7104,1.60,2.40
2008.12.23 09:37:09.375,1.7093,1.7104,1.60,2.40
2008.12.23 09:37:09.655,1.7093,1.7104,4.80,2.40
2008.12.23 09:37:09.945,1.70935,1.7104,3.20,2.40
2008.12.23 09:37:10.225,1.70935,1.7104,4.80,2.40
2008.12.23 09:37:11.845,1.70935,1.7104,3.20,2.40
2008.12.23 09:37:12.075,1.7093,1.7104,4.80,2.40
2008.12.23 09:37:12.415,1.7093,1.7104,1.60,2.40
2008.12.23 09:37:12.714,1.70925,1.7104,1.60,2.40
2008.12.23 09:37:12.894,1.7092,1.7104,4.80,2.40
2008.12.23 09:37:22.232,1.70935,1.7104,1.60,2.40
2008.12.23 09:37:22.882,1.70945,1.7104,1.60,2.40
2008.12.23 09:37:25.231,1.70945,1.7104,2.40,2.40
2008.12.23 09:37:25.621,1.70945,1.7104,1.60,2.40
2008.12.23 09:37:25.801,1.7092,1.7104,3.20,2.40
2008.12.23 09:37:26.031,1.7092,1.7104,4.80,2.40
2008.12.23 09:37:47.196,1.7093,1.7104,1.60,2.40
2008.12.23 09:37:47.486,1.70925,1.7104,1.60,2.40
2008.12.23 09:37:47.986,1.7093,1.7104,1.60,2.40
2008.12.23 09:37:48.836,1.70955,1.7104,1.60,2.40
2008.12.23 09:37:49.406,1.70965,1.7104,1.60,2.40
2008.12.23 09:37:49.926,1.7097,1.7104,1.60,2.40
2008.12.23 09:37:50.275,1.70965,1.7104,4.00,2.40
2008.12.23 09:37:50.785,1.70965,1.7104,1.60,2.40
2008.12.23 09:37:51.365,1.7095,1.7104,1.60,2.40
2008.12.23 09:37:51.705,1.7095,1.7104,3.20,2.40
2008.12.23 09:37:52.005,1.7095,1.7104,5.60,2.40
2008.12.23 09:37:52.475,1.7095,1.7104,3.20,2.40
2008.12.23 09:37:52.765,1.7095,1.7104,1.60,2.40
2008.12.23 09:37:53.505,1.7095,1.7104,3.20,2.40
2008.12.23 09:37:54.484,1.7096,1.7104,1.60,2.40
2008.12.23 09:37:55.164,1.7095,1.7104,6.40,2.40
2008.12.23 09:37:55.344,1.7095,1.7104,3.20,2.40
2008.12.23 09:37:55.744,1.7095,1.7104,1.60,2.40
2008.12.23 09:37:59.163,1.70915,1.7104,3.20,2.40
2008.12.23 09:37:59.343,1.70915,1.7104,4.80,2.40
2008.12.23 09:38:06.032,1.70945,1.7104,1.60,2.40
2008.12.23 09:38:06.331,1.70945,1.7104,3.20,2.40
2008.12.23 09:38:07.061,1.7095,1.7104,1.60,2.40
2008.12.23 09:38:07.351,1.7094,1.7104,4.80,2.40
2008.12.23 09:38:07.691,1.7094,1.7104,6.40,2.40
2008.12.23 09:38:08.091,1.7094,1.7104,1.60,2.40
2008.12.23 09:38:08.431,1.70935,1.7104,3.20,2.40
2008.12.23 09:38:08.891,1.7095,1.7104,1.60,2.40
2008.12.23 09:38:09.121,1.7094,1.7104,4.80,2.40
2008.12.23 09:38:09.591,1.70945,1.7104,1.60,2.40
2008.12.23 09:38:10.170,1.70935,1.7104,3.20,2.40
2008.12.23 09:38:10.960,1.7093,1.7104,5.60,2.40
2008.12.23 09:38:11.131,1.7093,1.7104,3.20,2.40
2008.12.23 09:38:11.700,1.7093,1.7104,1.60,2.40
2008.12.23 09:38:12.140,1.70935,1.7104,1.60,2.40
2008.12.23 09:38:12.590,1.70945,1.7104,4.80,2.40
2008.12.23 09:38:13.190,1.7094,1.7104,3.20,2.40
2008.12.23 09:38:13.530,1.7094,1.7104,4.80,2.40
2008.12.23 09:38:13.880,1.7094,1.7104,1.60,2.40
2008.12.23 09:38:14.340,1.7094,1.7104,4.80,2.40
2008.12.23 09:38:14.969,1.70945,1.7104,1.60,2.40
2008.12.23 09:38:15.249,1.7094,1.7104,4.80,2.40
2008.12.23 09:38:15.530,1.70945,1.7104,1.60,2.40
2008.12.23 09:38:17.359,1.70945,1.7104,3.20,2.40
2008.12.23 09:38:17.539,1.70945,1.7104,4.80,2.40
2008.12.23 09:38:17.879,1.70955,1.7104,1.60,2.40
2008.12.23 09:38:18.219,1.70965,1.7104,1.60,2.40
2008.12.23 09:38:18.499,1.7096,1.7104,4.80,2.40
2008.12.23 09:38:18.888,1.70965,1.7104,3.20,2.40
2008.12.23 09:38:19.058,1.70955,1.7104,1.60,2.40
2008.12.23 09:38:19.398,1.70945,1.7104,3.20,2.40
2008.12.23 09:38:19.678,1.70945,1.7104,1.60,2.40
2008.12.23 09:38:20.228,1.7096,1.7104,1.60,2.40
2008.12.23 09:38:20.639,1.70955,1.7104,3.20,2.40
2008.12.23 09:38:21.098,1.7095,1.7104,3.20,2.40
2008.12.23 09:38:21.498,1.7094,1.7104,1.60,2.40
2008.12.23 09:38:22.558,1.7093,1.7104,6.40,2.40
2008.12.23 09:38:22.967,1.7093,1.7104,3.20,2.40
2008.12.23 09:38:23.717,1.70935,1.7104,1.60,2.40
2008.12.23 09:38:24.047,1.70935,1.7104,3.20,2.40
2008.12.23 09:38:30.686,1.7093,1.7104,6.40,2.40
2008.12.23 09:38:31.195,1.7093,1.7104,3.20,2.40
2008.12.23 09:38:35.484,1.7093,1.7104,1.60,2.40
2008.12.23 09:38:35.824,1.7093,1.7104,3.20,2.40
2008.12.23 09:38:36.004,1.7092,1.7104,4.80,2.40
2008.12.23 09:38:43.072,1.7092,1.7104,1.60,2.40
2008.12.23 09:38:43.513,1.70915,1.7104,4.80,2.40
2008.12.23 09:38:43.852,1.7091,1.7104,6.40,2.40
2008.12.23 09:38:44.063,1.7091,1.7104,4.80,2.40
2008.12.23 09:38:56.479,1.7091,1.7104,1.60,2.40
2008.12.23 09:38:56.760,1.70905,1.7104,3.20,2.40
2008.12.23 09:39:02.258,1.70915,1.7104,1.00,2.40
2008.12.23 09:39:02.608,1.70915,1.7104,4.80,2.40
2008.12.23 09:39:02.898,1.7092,1.7104,1.60,2.40
2008.12.23 09:39:03.068,1.7093,1.7104,1.60,2.40
2008.12.23 09:39:03.528,1.7092,1.7104,4.80,2.40
2008.12.23 09:39:03.758,1.70915,1.7104,6.40,2.40
2008.12.23 09:39:04.048,1.70915,1.7104,4.80,2.40
2008.12.23 09:39:06.027,1.70915,1.7104,3.20,2.40
2008.12.23 09:39:06.667,1.70915,1.7104,1.60,2.40
2008.12.23 09:39:06.967,1.7092,1.7104,3.20,2.40
2008.12.23 09:39:07.027,1.70915,1.7104,4.80,2.40
2008.12.23 09:39:07.247,1.70915,1.7104,3.20,2.40
2008.12.23 09:39:08.716,1.7092,1.7104,3.20,2.40
2008.12.23 09:39:08.836,1.70915,1.7104,4.00,2.40
2008.12.23 09:39:08.957,1.7092,1.7104,1.60,2.40
2008.12.23 09:39:09.456,1.70915,1.7104,3.20,2.40
2008.12.23 09:39:16.245,1.70915,1.7104,4.80,2.40
2008.12.23 09:39:16.525,1.7093,1.7104,3.20,2.40
2008.12.23 09:39:17.394,1.7093,1.7104,1.60,2.40
2008.12.23 09:39:17.565,1.70925,1.7104,3.20,2.40
2008.12.23 09:39:17.794,1.7093,1.7104,1.60,2.40
2008.12.23 09:39:18.074,1.70925,1.7104,4.00,2.40
2008.12.23 09:39:18.594,1.70925,1.7104,1.60,2.40
2008.12.23 09:39:18.874,1.7092,1.7104,3.20,2.40
2008.12.23 09:39:27.102,1.7092,1.7104,1.60,2.40
2008.12.23 09:39:27.442,1.70915,1.7104,4.80,2.40
2008.12.23 09:39:27.742,1.70915,1.7104,3.20,2.40
2008.12.23 09:39:29.121,1.70915,1.7104,4.80,2.40
2008.12.23 09:39:29.342,1.70915,1.7104,3.20,2.40
2008.12.23 09:39:29.742,1.70915,1.7104,1.60,2.40
2008.12.23 09:39:30.211,1.7091,1.7104,4.80,2.40
2008.12.23 09:39:44.308,1.7091,1.7104,6.40,2.40
2008.12.23 09:39:44.698,1.70915,1.7104,1.60,2.40
2008.12.23 09:39:44.818,1.70915,1.7104,4.80,2.40
2008.12.23 09:39:45.728,1.7092,1.7104,1.60,2.40
2008.12.23 09:39:47.207,1.7092,1.7104,4.80,2.40
2008.12.23 09:39:47.427,1.7093,1.7104,1.60,2.40
2008.12.23 09:39:47.607,1.7093,1.7104,3.20,2.40
2008.12.23 09:39:51.006,1.7093,1.7104,1.60,2.40
2008.12.23 09:39:51.406,1.7092,1.7104,3.20,2.40
2008.12.23 09:39:52.258,1.7092,1.7104,4.80,2.40
2008.12.23 09:39:53.596,1.7092,1.7104,3.20,2.40
2008.12.23 09:39:53.885,1.7092,1.7104,1.60,2.40
2008.12.23 09:39:57.605,1.7093,1.7104,1.60,2.40
2008.12.23 09:39:57.904,1.7093,1.7104,3.20,2.40
2008.12.23 09:39:58.074,1.70925,1.7104,4.00,2.40
2008.12.23 09:39:58.254,1.7093,1.7104,1.60,2.40
2008.12.23 09:39:58.465,1.7092,1.7104,4.80,2.40
2008.12.23 09:39:58.924,1.7092,1.7104,1.60,2.40
2008.12.23 09:39:59.454,1.70935,1.7104,1.60,2.40
2008.12.23 09:40:02.953,1.7093,1.7104,5.60,2.40
2008.12.23 09:40:03.343,1.7093,1.7104,3.20,2.40
2008.12.23 09:40:03.453,1.7093,1.7104,1.60,2.40
2008.12.23 09:40:12.851,1.7094,1.7104,1.60,2.40
2008.12.23 09:40:15.001,1.70935,1.7104,4.00,2.40
2008.12.23 09:40:15.180,1.7094,1.7104,1.60,2.40
2008.12.23 09:40:15.410,1.7094,1.7104,1.60,2.40
2008.12.23 09:40:17.450,1.70935,1.7104,4.00,2.40
2008.12.23 09:40:17.740,1.709,1.71025,1.60,1.40
2008.12.23 09:40:18.100,1.70885,1.7104,1.60,2.40
2008.12.23 09:40:18.440,1.7088,1.7104,1.60,4.00
2008.12.23 09:40:20.839,1.70895,1.71005,1.60,1.40
2008.12.23 09:40:21.169,1.709,1.7104,1.60,2.40
2008.12.23 09:40:21.749,1.70905,1.7104,1.60,2.40
2008.12.23 09:40:22.469,1.709,1.7104,5.60,2.40
2008.12.23 09:40:22.879,1.709,1.7104,1.60,2.40
2008.12.23 09:40:23.458,1.7091,1.71025,1.60,1.40
2008.12.23 09:40:25.238,1.709,1.7104,3.20,2.40
2008.12.23 09:40:26.029,1.70935,1.7104,1.60,2.40
2008.12.23 09:40:27.347,1.7093,1.7104,1.60,2.40
2008.12.23 09:40:28.037,1.7094,1.7104,1.60,2.40
2008.12.23 09:40:28.597,1.70935,1.7104,4.00,2.40
2008.12.23 09:40:28.947,1.70935,1.7104,1.60,2.40
2008.12.23 09:40:29.587,1.70935,1.7104,3.20,2.40
2008.12.23 09:40:30.597,1.7095,1.7104,1.60,2.40
2008.12.23 09:40:31.177,1.70915,1.7104,4.80,2.40
2008.12.23 09:40:32.046,1.70915,1.7104,3.20,2.40
2008.12.23 09:40:32.216,1.7092,1.7104,1.60,2.40
2008.12.23 09:40:32.436,1.7091,1.7104,1.60,2.40
2008.12.23 09:40:34.496,1.70905,1.7104,1.60,3.80
2008.12.23 09:40:35.375,1.70905,1.7104,1.60,2.40
2008.12.23 09:40:36.525,1.70905,1.71035,1.60,1.40
2008.12.23 09:40:37.385,1.70905,1.71035,3.20,1.40
2008.12.23 09:40:39.465,1.70915,1.71035,1.60,1.40
2008.12.23 09:40:42.854,1.70915,1.71025,1.60,1.40
2008.12.23 09:40:43.144,1.70905,1.7104,1.60,2.40
2008.12.23 09:40:43.584,1.70905,1.7104,3.20,2.40
2008.12.23 09:40:44.244,1.70915,1.7104,1.60,2.40
2008.12.23 09:40:44.533,1.7092,1.7104,1.60,2.40
2008.12.23 09:40:44.943,1.7093,1.7104,3.20,2.40
2008.12.23 09:40:45.123,1.70935,1.7104,1.60,2.40
2008.12.23 09:40:45.303,1.70935,1.7104,3.20,2.40
2008.12.23 09:40:46.043,1.70935,1.7104,4.80,2.40
2008.12.23 09:40:46.503,1.70935,1.7104,3.20,2.40
2008.12.23 09:40:46.793,1.7094,1.7104,1.60,2.40
2008.12.23 09:40:47.253,1.7094,1.7104,3.20,2.40
2008.12.23 09:40:48.393,1.70955,1.7104,1.60,2.40
2008.12.23 09:40:49.032,1.7095,1.7104,3.20,2.40
2008.12.23 09:40:49.492,1.7097,1.7104,1.60,2.40
2008.12.23 09:40:49.952,1.70945,1.7104,1.60,2.40
2008.12.23 09:40:50.472,1.70965,1.7104,1.60,2.40
2008.12.23 09:40:51.292,1.70945,1.7104,1.60,2.40
2008.12.23 09:40:51.572,1.70965,1.7104,1.60,2.40
2008.12.23 09:40:52.201,1.7098,1.7104,1.60,2.40
2008.12.23 09:40:54.071,1.7096,1.7104,1.60,2.40
2008.12.23 09:40:54.821,1.7096,1.7104,3.20,2.40
2008.12.23 09:40:55.461,1.70995,1.7104,1.60,2.40
2008.12.23 09:40:56.080,1.7097,1.7104,3.20,2.40
2008.12.23 09:40:56.481,1.71,1.7104,1.60,2.40
2008.12.23 09:40:58.241,1.7097,1.7104,3.20,2.40
2008.12.23 09:40:58.580,1.70965,1.7104,4.80,2.40
2008.12.23 09:40:58.930,1.70965,1.7104,3.20,2.40
2008.12.23 09:40:59.720,1.7097,1.7104,1.60,2.40
2008.12.23 09:41:00.010,1.71005,1.7104,1.60,2.40
2008.12.23 09:41:00.800,1.70965,1.7104,3.20,2.40
2008.12.23 09:41:01.619,1.70995,1.7104,1.60,2.40
2008.12.23 09:41:03.829,1.7097,1.7104,1.60,2.40
2008.12.23 09:41:05.498,1.70975,1.7104,1.60,2.40
2008.12.23 09:41:07.468,1.7098,1.7104,1.60,2.40
2008.12.23 09:41:08.558,1.70985,1.7104,1.60,2.40
2008.12.23 09:41:10.417,1.7099,1.7104,1.60,2.40
2008.12.23 09:41:12.267,1.70985,1.7104,1.60,2.40
2008.12.23 09:41:14.536,1.70955,1.7104,3.20,2.40
2008.12.23 09:41:15.796,1.70985,1.7104,1.60,2.40
2008.12.23 09:41:16.696,1.7099,1.7104,1.60,2.40
2008.12.23 09:41:18.835,1.71,1.7104,1.60,2.40
2008.12.23 09:41:19.115,1.70965,1.7104,1.60,2.40
2008.12.23 09:41:19.175,1.7096,1.7104,3.20,2.40
2008.12.23 09:41:21.624,1.7096,1.7104,1.60,2.40
2008.12.23 09:41:21.804,1.70985,1.7104,1.60,2.40
2008.12.23 09:41:26.503,1.70985,1.7104,1.60,2.40
2008.12.23 09:41:30.572,1.70975,1.7104,1.60,2.40
2008.12.23 09:41:31.202,1.70965,1.7104,1.60,2.40
2008.12.23 09:41:31.822,1.7094,1.7104,1.60,2.40
2008.12.23 09:41:32.042,1.70965,1.7104,1.60,2.40
2008.12.23 09:41:32.212,1.7094,1.7104,1.60,2.40
2008.12.23 09:41:34.031,1.70975,1.7104,1.60,2.40
2008.12.23 09:41:35.351,1.7097,1.7104,1.60,2.40
2008.12.23 09:41:36.691,1.7098,1.7104,1.60,2.40
2008.12.23 09:41:37.791,1.70945,1.7104,1.60,2.40
2008.12.23 09:41:42.009,1.7097,1.7104,1.60,2.40
2008.12.23 09:41:42.249,1.7098,1.7104,1.60,2.40
2008.12.23 09:41:42.639,1.7095,1.7104,3.20,2.40
2008.12.23 09:41:43.339,1.7096,1.7104,1.60,2.40
2008.12.23 09:41:44.479,1.70965,1.7104,1.60,2.40
2008.12.23 09:41:46.438,1.7097,1.7104,1.60,2.40
2008.12.23 09:41:51.407,1.70975,1.7104,1.60,2.40
2008.12.23 09:41:55.696,1.7096,1.7104,1.60,2.40
2008.12.23 09:41:55.986,1.7096,1.7104,3.20,2.40
2008.12.23 09:41:57.486,1.70985,1.7104,1.60,2.40
2008.12.23 09:42:12.322,1.7098,1.7104,1.60,2.40
2008.12.23 09:42:12.732,1.70955,1.7104,3.20,2.40
2008.12.23 09:42:13.652,1.7096,1.7104,1.60,2.40
2008.12.23 09:42:14.102,1.7099,1.7104,1.60,2.40
2008.12.23 09:42:14.372,1.7096,1.7104,1.60,2.40
2008.12.23 09:42:15.171,1.70955,1.7104,5.60,2.40
2008.12.23 09:42:15.402,1.70955,1.7104,4.80,2.40
2008.12.23 09:42:15.851,1.70985,1.7104,1.60,2.40
2008.12.23 09:42:16.141,1.70955,1.7104,3.20,2.40
2008.12.23 09:42:18.841,1.7096,1.7104,1.60,2.40
2008.12.23 09:42:18.961,1.70985,1.7104,1.60,2.40
2008.12.23 09:42:34.847,1.70995,1.7104,1.60,2.40
2008.12.23 09:42:35.477,1.70985,1.7104,1.60,2.40
2008.12.23 09:42:47.154,1.70975,1.7104,1.60,2.40
2008.12.23 09:42:48.463,1.7097,1.7104,1.60,2.40
2008.12.23 09:42:50.483,1.70975,1.7104,1.60,2.40
2008.12.23 09:42:51.403,1.7097,1.7104,1.60,2.40
2008.12.23 09:42:52.442,1.70975,1.7104,1.60,2.40
2008.12.23 09:42:53.432,1.70965,1.7104,3.20,2.40
2008.12.23 09:42:54.522,1.7098,1.7104,1.60,2.40
2008.12.23 09:42:55.252,1.70985,1.7104,1.60,2.40
2008.12.23 09:42:59.731,1.71,1.7104,1.60,2.40
2008.12.23 09:43:11.758,1.71005,1.7104,1.60,2.40
2008.12.23 09:43:20.006,1.7101,1.7104,1.60,2.40
2008.12.23 09:43:22.036,1.70995,1.7104,1.60,2.40
2008.12.23 09:43:23.715,1.7099,1.7104,3.20,2.40
2008.12.23 09:43:24.065,1.7101,1.7104,3.20,2.40
2008.12.23 09:43:24.355,1.7101,1.7104,1.60,2.40
2008.12.23 09:43:25.085,1.7101,1.7104,2.40,2.40
2008.12.23 09:43:25.485,1.7102,1.7104,1.60,2.40
2008.12.23 09:43:25.815,1.70995,1.7104,1.60,2.40
2008.12.23 09:43:26.554,1.70995,1.7104,3.20,2.40
2008.12.23 09:43:26.964,1.7102,1.7104,1.60,2.40
2008.12.23 09:43:27.354,1.7099,1.7104,1.60,2.40
2008.12.23 09:43:27.684,1.70985,1.7104,4.80,2.40
2008.12.23 09:43:28.074,1.70985,1.7104,3.20,2.40
2008.12.23 09:43:29.074,1.70985,1.7104,4.00,2.40
2008.12.23 09:43:29.414,1.71015,1.7104,1.60,2.40
2008.12.23 09:43:29.714,1.70985,1.7104,3.20,2.40
2008.12.23 09:43:30.074,1.70985,1.7104,1.60,2.40
2008.12.23 09:43:30.705,1.7098,1.7104,4.00,2.40
2008.12.23 09:43:30.873,1.71005,1.7104,1.60,2.40
2008.12.23 09:43:32.773,1.7099,1.7104,1.60,2.40
2008.12.23 09:43:35.572,1.70995,1.7104,1.60,2.40
2008.12.23 09:43:36.202,1.71025,1.7104,1.60,2.40
2008.12.23 09:43:39.831,1.71025,1.7106,1.60,2.40
2008.12.23 09:43:43.351,1.71025,1.7104,1.60,2.40
2008.12.23 09:43:43.820,1.71035,1.7104,1.60,2.40
2008.12.23 09:43:44.160,1.71005,1.7104,2.40,2.40
2008.12.23 09:43:44.340,1.7101,1.7104,1.60,2.40
2008.12.23 09:43:44.790,1.71005,1.7104,3.20,2.40
2008.12.23 09:43:45.310,1.7103,1.7104,1.60,2.40
2008.12.23 09:43:45.660,1.7101,1.7104,1.60,2.40
2008.12.23 09:43:52.148,1.71005,1.7104,2.40,2.40
2008.12.23 09:43:52.378,1.7101,1.7104,1.60,2.40
2008.12.23 09:43:52.608,1.71005,1.7104,4.00,2.40
2008.12.23 09:43:52.888,1.7103,1.7104,1.60,2.40
2008.12.23 09:43:53.178,1.71035,1.7104,1.60,2.40
2008.12.23 09:43:53.588,1.7102,1.7104,1.60,2.40
2008.12.23 09:43:54.348,1.71015,1.7104,3.20,2.40
2008.12.23 09:43:54.588,1.7104,1.7106,1.60,3.60
2008.12.23 09:43:54.948,1.7101,1.7104,3.20,2.40
2008.12.23 09:43:55.707,1.71005,1.7104,4.80,2.40
2008.12.23 09:43:56.227,1.7103,1.7104,1.60,2.40
2008.12.23 09:43:57.207,1.71005,1.7104,5.60,2.40
2008.12.23 09:43:57.657,1.7101,1.7104,1.60,2.40
2008.12.23 09:44:00.906,1.7101,1.7104,3.20,2.40
2008.12.23 09:44:03.805,1.71015,1.7104,1.60,2.40
2008.12.23 09:44:04.205,1.7104,1.7106,1.60,3.60
2008.12.23 09:44:04.595,1.7102,1.7104,1.60,2.40
2008.12.23 09:44:05.845,1.71015,1.7104,4.00,2.40
2008.12.23 09:44:06.135,1.7104,1.7106,1.60,3.60
2008.12.23 09:44:06.645,1.7101,1.7104,1.60,2.40
2008.12.23 09:44:06.874,1.7103,1.7104,1.60,2.40
2008.12.23 09:44:08.054,1.7102,1.7104,2.10,2.40
2008.12.23 09:44:08.335,1.7103,1.7104,1.60,2.40
2008.12.23 09:44:08.804,1.71015,1.7104,4.00,2.40
2008.12.23 09:44:09.034,1.7105,1.7106,1.60,3.60
2008.12.23 09:44:12.073,1.7105,1.7108,1.60,3.60
2008.12.23 09:44:13.563,1.71015,1.7104,2.80,2.40
2008.12.23 09:44:13.973,1.71035,1.7104,1.60,2.40
2008.12.23 09:44:14.253,1.71015,1.7104,1.60,2.40
2008.12.23 09:44:14.533,1.71015,1.7104,4.00,2.40
2008.12.23 09:44:14.813,1.7105,1.7106,1.60,3.60
2008.12.23 09:44:15.553,1.71015,1.7104,2.40,2.40
2008.12.23 09:44:15.953,1.7105,1.7106,1.60,3.60
2008.12.23 09:44:16.293,1.71005,1.7104,1.60,2.40
2008.12.23 09:44:16.882,1.7103,1.7104,1.60,2.40
2008.12.23 09:44:17.452,1.71025,1.7104,1.60,2.40
2008.12.23 09:44:17.902,1.71005,1.7104,3.20,2.40
2008.12.23 09:44:18.302,1.71035,1.7104,1.60,2.40
2008.12.23 09:44:20.881,1.71025,1.7104,1.60,2.40
2008.12.23 09:44:21.531,1.70995,1.7104,3.20,2.40
2008.12.23 09:44:22.252,1.70995,1.7104,1.60,2.40
2008.12.23 09:44:23.341,1.71015,1.7104,1.60,2.40
2008.12.23 09:44:23.931,1.70985,1.7104,1.60,2.40
2008.12.23 09:44:38.287,1.7099,1.7104,1.60,2.40
2008.12.23 09:44:38.567,1.71015,1.7104,1.60,2.40
2008.12.23 09:44:39.027,1.71025,1.7104,1.60,2.40
2008.12.23 09:44:42.816,1.71015,1.7104,1.60,2.40
2008.12.23 09:44:43.046,1.71025,1.7104,1.60,2.40
2008.12.23 09:44:44.856,1.71035,1.7104,1.60,2.40
2008.12.23 09:44:46.755,1.7099,1.7104,4.80,2.40
2008.12.23 09:44:46.985,1.70995,1.7104,1.60,2.40
2008.12.23 09:44:49.614,1.7099,1.7104,4.80,2.40
2008.12.23 09:44:49.954,1.7099,1.7104,3.20,2.40
2008.12.23 09:44:50.054,1.71015,1.7104,1.60,2.40
2008.12.23 09:44:53.043,1.71015,1.7106,1.60,2.40
2008.12.23 09:44:53.583,1.7102,1.7106,1.60,2.40
2008.12.23 09:44:53.813,1.7102,1.7104,1.60,2.40
2008.12.23 09:44:56.003,1.7101,1.7104,1.60,2.40
2008.12.23 09:44:56.563,1.70995,1.7104,3.20,2.40
2008.12.23 09:44:57.373,1.70995,1.7104,1.60,2.40
2008.12.23 09:44:57.602,1.71015,1.7104,1.60,2.40
2008.12.23 09:44:59.862,1.71025,1.7104,1.60,2.40
2008.12.23 09:45:00.672,1.70995,1.7104,1.60,2.40
2008.12.23 09:45:01.931,1.7101,1.7104,1.60,2.40
2008.12.23 09:45:05.660,1.71005,1.7104,1.60,2.40
2008.12.23 09:45:15.798,1.7097,1.7104,3.20,2.40
2008.12.23 09:45:16.198,1.7097,1.7104,1.60,2.40
2008.12.23 09:45:16.968,1.70965,1.7104,5.60,2.40
2008.12.23 09:45:17.428,1.70965,1.7104,4.00,2.40
2008.12.23 09:45:17.818,1.70965,1.7104,1.60,2.40
2008.12.23 09:45:18.157,1.70965,1.7104,2.40,2.40
2008.12.23 09:45:18.617,1.70975,1.7104,1.60,2.40
2008.12.23 09:45:20.877,1.7098,1.7104,1.60,2.40
2008.12.23 09:45:21.227,1.70955,1.7104,5.60,2.40
2008.12.23 09:45:21.527,1.7096,1.7104,1.60,2.40
2008.12.23 09:45:24.266,1.7096,1.7104,3.20,2.40
2008.12.23 09:45:24.426,1.7099,1.7104,1.60,2.40
2008.12.23 09:45:24.816,1.70985,1.7104,1.60,2.40
2008.12.23 09:45:25.276,1.7096,1.7104,3.20,2.40
2008.12.23 09:45:25.666,1.70985,1.7104,1.60,2.40
2008.12.23 09:45:31.894,1.70975,1.7104,1.60,2.40
2008.12.23 09:45:35.204,1.70965,1.7104,1.60,2.40
2008.12.23 09:45:35.543,1.7097,1.7104,1.60,2.40
2008.12.23 09:45:36.864,1.7094,1.7104,1.60,2.40
2008.12.23 09:45:37.323,1.70935,1.7104,3.20,2.40
2008.12.23 09:45:39.622,1.70965,1.7104,1.60,2.40
2008.12.23 09:45:40.262,1.7093,1.7104,3.20,2.40
2008.12.23 09:45:40.662,1.70925,1.7104,5.60,2.40
2008.12.23 09:45:41.072,1.70925,1.7104,3.20,2.40
2008.12.23 09:45:41.532,1.70925,1.7104,1.60,2.40
2008.12.23 09:45:45.431,1.7094,1.71035,1.60,1.40
2008.12.23 09:45:45.771,1.70905,1.7104,1.60,2.40
2008.12.23 09:45:46.121,1.7089,1.7104,1.60,2.40
2008.12.23 09:45:46.590,1.7091,1.7104,1.60,2.40
2008.12.23 09:45:46.921,1.70905,1.7104,1.60,2.40
2008.12.23 09:45:47.980,1.709,1.7104,4.80,2.40
2008.12.23 09:45:48.260,1.70925,1.7104,1.60,2.40
2008.12.23 09:45:49.930,1.7093,1.7103,1.60,1.40
2008.12.23 09:45:50.429,1.709,1.7104,3.20,2.40
2008.12.23 09:45:51.619,1.70905,1.7104,1.60,2.40
2008.12.23 09:45:52.129,1.7093,1.7103,1.60,1.40
2008.12.23 09:46:00.297,1.7094,1.71035,1.60,1.40
2008.12.23 09:46:04.426,1.70965,1.7104,1.60,2.40
2008.12.23 09:46:04.706,1.7092,1.7104,4.00,2.40
2008.12.23 09:46:04.926,1.70915,1.7104,1.60,2.40
2008.12.23 09:46:05.276,1.70925,1.7104,3.20,2.40
2008.12.23 09:46:05.786,1.70935,1.7104,1.60,2.40
2008.12.23 09:46:13.084,1.70955,1.7104,1.60,2.40
2008.12.23 09:46:15.404,1.7094,1.71035,1.60,1.40
2008.12.23 09:46:19.133,1.70925,1.7104,1.60,2.40
2008.12.23 09:46:20.003,1.7093,1.7104,1.60,2.40
2008.12.23 09:46:20.282,1.70955,1.7104,1.60,2.40
2008.12.23 09:46:21.392,1.70945,1.7104,1.60,2.40
2008.12.23 09:46:25.681,1.7094,1.71035,1.60,1.40
2008.12.23 09:46:26.481,1.70925,1.7104,1.60,2.40
2008.12.23 09:46:27.111,1.7093,1.71025,1.60,1.40
2008.12.23 09:46:27.331,1.70915,1.7104,1.60,2.40
2008.12.23 09:46:27.691,1.7091,1.7104,1.60,2.40
2008.12.23 09:46:28.100,1.7091,1.7104,4.80,2.40
2008.12.23 09:46:28.680,1.70915,1.7104,1.60,2.40
2008.12.23 09:46:30.440,1.7091,1.7104,4.00,2.40
2008.12.23 09:46:30.840,1.70925,1.7104,1.60,2.40
2008.12.23 09:46:31.470,1.70915,1.7104,1.60,2.40
2008.12.23 09:46:38.928,1.70925,1.7104,1.60,2.40
2008.12.23 09:46:39.318,1.70955,1.7104,1.60,2.40
2008.12.23 09:46:40.068,1.70925,1.7104,1.60,2.40
2008.12.23 09:46:40.528,1.70935,1.7104,1.60,3.80
2008.12.23 09:46:40.807,1.70915,1.7104,1.60,2.40
2008.12.23 09:46:41.537,1.7091,1.7104,3.20,2.40
2008.12.23 09:46:41.827,1.70925,1.7104,1.60,2.40
2008.12.23 09:46:42.067,1.70915,1.7104,1.60,2.40
2008.12.23 09:46:42.397,1.7091,1.7104,4.00,2.40
2008.12.23 09:46:42.747,1.7091,1.7104,3.20,2.40
2008.12.23 09:46:43.207,1.7093,1.7104,1.60,2.40
2008.12.23 09:46:43.787,1.70925,1.7104,1.60,2.40
2008.12.23 09:46:46.696,1.7093,1.7104,1.60,2.40
2008.12.23 09:46:51.505,1.70925,1.7104,4.00,2.40
2008.12.23 09:46:51.795,1.70925,1.7104,3.20,2.40
2008.12.23 09:46:52.115,1.7095,1.7104,1.60,2.40
2008.12.23 09:46:52.505,1.70935,1.7104,1.60,2.40
2008.12.23 09:46:56.234,1.7094,1.7104,1.60,2.40
2008.12.23 09:46:56.564,1.70965,1.7104,1.60,2.40
2008.12.23 09:47:01.063,1.70955,1.7104,1.60,2.40
2008.12.23 09:47:01.602,1.70935,1.7104,1.60,2.40
2008.12.23 09:47:09.490,1.7094,1.7104,1.60,2.40
2008.12.23 09:47:09.840,1.70965,1.7104,1.60,2.40
2008.12.23 09:47:21.608,1.70925,1.7104,3.20,2.40
2008.12.23 09:47:22.017,1.70925,1.7104,1.60,2.40
2008.12.23 09:47:22.508,1.70935,1.7104,1.60,3.80
2008.12.23 09:47:22.917,1.7091,1.7104,4.80,2.40
2008.12.23 09:47:23.327,1.7091,1.7104,3.20,2.40
2008.12.23 09:47:25.007,1.70915,1.7104,3.20,2.40
2008.12.23 09:47:25.067,1.7094,1.7104,1.60,3.80
2008.12.23 09:47:25.677,1.70915,1.7104,1.60,2.40
2008.12.23 09:47:26.746,1.7094,1.7104,1.60,3.80
2008.12.23 09:47:27.876,1.70925,1.7104,1.60,2.40
2008.12.23 09:47:28.496,1.7091,1.7104,3.20,2.40
2008.12.23 09:47:28.776,1.7091,1.7104,1.60,2.40
2008.12.23 09:47:30.486,1.7092,1.71025,1.60,1.40
2008.12.23 09:47:38.574,1.70915,1.7101,1.60,1.40
2008.12.23 09:47:38.804,1.70895,1.7104,3.20,2.40
2008.12.23 09:47:39.193,1.709,1.7104,1.60,2.40
2008.12.23 09:47:39.483,1.70895,1.7104,4.80,2.40
2008.12.23 09:47:39.884,1.70895,1.7104,3.20,2.40
2008.12.23 09:47:40.483,1.70895,1.7104,1.60,2.40
2008.12.23 09:47:40.883,1.70915,1.7101,1.60,1.40
2008.12.23 09:47:42.902,1.70905,1.71005,1.60,1.40
2008.12.23 09:47:43.532,1.70875,1.7104,3.20,5.60
2008.12.23 09:47:43.812,1.70875,1.7103,1.60,1.60
2008.12.23 09:47:44.042,1.70875,1.71025,2.40,1.60
2008.12.23 09:47:44.332,1.70885,1.7099,1.60,1.40
2008.12.23 09:47:44.672,1.7087,1.70975,1.60,1.40
2008.12.23 09:47:45.142,1.7084,1.71,4.80,1.60
2008.12.23 09:47:45.732,1.7085,1.70965,1.60,1.40
2008.12.23 09:47:46.092,1.7083,1.70995,1.60,1.60
2008.12.23 09:47:46.741,1.7085,1.70965,1.60,1.40
2008.12.23 09:47:47.031,1.70835,1.70995,1.60,1.60
2008.12.23 09:47:48.581,1.7085,1.70975,1.60,1.40
2008.12.23 09:47:48.991,1.70815,1.70975,3.20,1.60
2008.12.23 09:47:49.501,1.70815,1.70975,1.60,3.20
2008.12.23 09:47:53.430,1.70825,1.7098,1.60,3.00
2008.12.23 09:47:53.650,1.70855,1.7095,1.60,1.40
2008.12.23 09:47:55.260,1.70855,1.70955,1.60,1.40
2008.12.23 09:47:55.600,1.70825,1.7099,4.80,3.20
2008.12.23 09:47:55.829,1.70825,1.7099,3.20,3.20
2008.12.23 09:47:56.519,1.7083,1.7099,1.60,3.20
2008.12.23 09:47:57.489,1.70845,1.70945,1.60,1.40
2008.12.23 09:48:01.368,1.7086,1.70955,1.60,1.40
2008.12.23 09:48:01.598,1.70835,1.70985,1.60,1.60
2008.12.23 09:48:01.938,1.70825,1.70985,3.20,1.60
2008.12.23 09:48:02.378,1.7083,1.70985,1.60,1.60
2008.12.23 09:48:04.927,1.70825,1.70985,3.20,1.60
2008.12.23 09:48:05.227,1.70855,1.7095,1.60,1.40
2008.12.23 09:48:05.627,1.7083,1.70985,1.60,1.60
2008.12.23 09:48:06.087,1.7083,1.7099,1.60,1.60
2008.12.23 09:48:08.826,1.7083,1.70995,3.20,3.20
2008.12.23 09:48:09.227,1.70835,1.70995,1.60,1.60
2008.12.23 09:48:09.446,1.70845,1.71,1.60,1.60
2008.12.23 09:48:09.796,1.7085,1.71,1.60,1.60
2008.12.23 09:48:10.136,1.7085,1.71005,1.60,3.20
2008.12.23 09:48:10.536,1.70845,1.71005,4.00,1.60
2008.12.23 09:48:10.766,1.7087,1.7097,1.60,1.40
2008.12.23 09:48:12.455,1.7083,1.70995,5.60,3.20
2008.12.23 09:48:12.845,1.7083,1.7099,3.20,1.60
2008.12.23 09:48:13.825,1.7083,1.7099,1.60,1.60
2008.12.23 09:48:14.495,1.70835,1.7099,1.60,1.60
2008.12.23 09:48:14.775,1.7083,1.7099,1.60,1.60
2008.12.23 09:48:15.115,1.7083,1.70985,1.60,1.60
2008.12.23 09:48:15.635,1.7085,1.70955,1.60,1.40
2008.12.23 09:48:16.025,1.70835,1.70995,1.60,1.60
2008.12.23 09:48:16.494,1.7083,1.70985,1.60,1.60
2008.12.23 09:48:16.824,1.70855,1.70955,1.60,1.40
2008.12.23 09:48:17.164,1.7083,1.7099,1.60,1.60
2008.12.23 09:48:17.674,1.70835,1.70995,1.60,3.20
2008.12.23 09:48:18.124,1.70835,1.71,3.20,3.20
2008.12.23 09:48:20.154,1.7084,1.71,1.60,1.60
2008.12.23 09:48:20.324,1.70845,1.71005,1.60,4.20
2008.12.23 09:48:20.615,1.70845,1.71,3.20,2.60
2008.12.23 09:48:20.944,1.7085,1.7101,1.60,1.60
2008.12.23 09:48:21.183,1.70845,1.71005,1.60,1.60
2008.12.23 09:48:21.643,1.7085,1.7097,1.60,1.60
2008.12.23 09:48:21.973,1.7083,1.70975,4.00,1.60
2008.12.23 09:48:22.373,1.7082,1.7098,1.60,3.00
2008.12.23 09:48:22.833,1.70845,1.70945,1.60,1.40
2008.12.23 09:48:23.133,1.7082,1.7098,1.60,1.60
2008.12.23 09:48:23.702,1.70865,1.7096,1.60,1.40
2008.12.23 09:48:24.042,1.7083,1.70985,1.60,1.60
2008.12.23 09:48:24.612,1.7083,1.7099,1.60,1.60
2008.12.23 09:48:25.053,1.7083,1.70995,3.20,3.20
2008.12.23 09:48:25.452,1.70835,1.70995,1.60,1.60
2008.12.23 09:48:25.802,1.70865,1.7096,1.60,1.40
2008.12.23 09:48:26.272,1.7083,1.70995,3.20,3.20
2008.12.23 09:48:27.532,1.70835,1.70995,1.60,1.60
2008.12.23 09:48:27.702,1.70865,1.7096,1.60,1.40
2008.12.23 09:48:28.182,1.70855,1.70955,1.60,1.40
2008.12.23 09:48:28.421,1.70835,1.70995,1.60,1.60
2008.12.23 09:48:29.381,1.70835,1.7099,1.60,1.60
2008.12.23 09:48:29.681,1.7083,1.7099,3.20,1.60
2008.12.23 09:48:29.801,1.70855,1.70955,1.60,1.40
2008.12.23 09:48:32.940,1.70835,1.70995,1.60,1.60
2008.12.23 09:48:34.060,1.70865,1.7096,1.60,1.40
2008.12.23 09:48:34.510,1.70845,1.7101,5.60,3.20
2008.12.23 09:48:34.850,1.70845,1.71,4.00,1.60
2008.12.23 09:48:35.190,1.70845,1.71,3.20,1.60
2008.12.23 09:48:35.470,1.70845,1.71,1.60,1.60
2008.12.23 09:48:36.050,1.70845,1.70995,2.40,1.60
2008.12.23 09:48:36.290,1.7085,1.70965,1.60,1.40
2008.12.23 09:48:36.700,1.7086,1.70965,1.60,1.40
2008.12.23 09:48:37.219,1.70845,1.71,1.60,1.60
2008.12.23 09:48:37.799,1.70845,1.71005,1.60,1.60
2008.12.23 09:48:38.499,1.70865,1.7096,1.60,1.40
2008.12.23 09:48:41.508,1.7087,1.7097,1.60,1.40
2008.12.23 09:48:42.848,1.70875,1.7097,1.60,1.40
2008.12.23 09:48:43.478,1.70845,1.71,2.40,3.20
2008.12.23 09:48:43.778,1.70845,1.71,1.60,3.20
2008.12.23 09:48:44.108,1.70865,1.7096,1.60,1.40
2008.12.23 09:48:45.307,1.70875,1.7097,1.60,1.40
2008.12.23 09:48:45.707,1.70845,1.71005,1.60,1.60
2008.12.23 09:48:47.367,1.70845,1.71005,3.20,1.60
2008.12.23 09:48:47.987,1.70845,1.7101,3.20,3.20
2008.12.23 09:48:48.217,1.7085,1.7101,1.60,1.60
2008.12.23 09:48:48.957,1.7085,1.71005,1.60,1.60
2008.12.23 09:48:49.646,1.7085,1.70995,1.60,1.60
2008.12.23 09:48:49.756,1.7085,1.70995,1.60,3.20
2008.12.23 09:48:49.816,1.7083,1.70995,3.20,3.20
2008.12.23 09:48:50.096,1.70835,1.70995,1.60,1.60
2008.12.23 09:48:50.436,1.70835,1.71,3.20,3.20
2008.12.23 09:48:50.726,1.70845,1.71,1.60,1.60
2008.12.23 09:48:51.376,1.70845,1.71005,1.60,1.60
2008.12.23 09:48:51.726,1.70855,1.71015,1.60,1.60
2008.12.23 09:48:52.106,1.70855,1.7102,3.20,3.20
2008.12.23 09:48:52.636,1.70855,1.71015,1.60,1.60
2008.12.23 09:48:53.036,1.70875,1.7097,1.60,1.40
2008.12.23 09:48:55.385,1.7088,1.7098,1.60,1.40
2008.12.23 09:48:56.415,1.7087,1.70975,1.60,1.40
2008.12.23 09:48:56.815,1.7084,1.71,1.60,1.60
2008.12.23 09:48:57.105,1.70845,1.71005,1.60,3.00
2008.12.23 09:48:57.454,1.70845,1.71005,1.60,1.60
2008.12.23 09:48:58.194,1.70845,1.7101,3.20,3.20
2008.12.23 09:49:04.143,1.70855,1.7101,1.60,1.60
2008.12.23 09:49:04.423,1.70855,1.71015,1.60,5.80
2008.12.23 09:49:04.543,1.7089,1.70985,1.60,1.40
2008.12.23 09:49:05.972,1.7088,1.7098,1.60,1.40
2008.12.23 09:49:06.252,1.7085,1.7101,1.60,1.60
2008.12.23 09:49:07.512,1.70855,1.71015,1.60,1.60
2008.12.23 09:49:08.262,1.7086,1.71015,1.60,1.60
2008.12.23 09:49:08.492,1.7086,1.7102,1.60,1.60
2008.12.23 09:49:08.612,1.70885,1.7099,1.60,1.40
2008.12.23 09:49:08.962,1.7085,1.71015,3.20,3.20
2008.12.23 09:49:09.482,1.70845,1.71,3.20,3.20
2008.12.23 09:49:09.932,1.70845,1.71,1.60,1.60
2008.12.23 09:49:12.211,1.7085,1.71,1.60,1.60
2008.12.23 09:49:12.561,1.7087,1.70975,1.60,1.40
2008.12.23 09:49:12.801,1.70855,1.71015,1.60,1.60
2008.12.23 09:49:13.941,1.70875,1.7097,1.60,1.40
2008.12.23 09:49:15.380,1.7088,1.7098,1.60,1.40
2008.12.23 09:49:15.730,1.7086,1.7102,1.60,1.60
2008.12.23 09:49:16.200,1.7088,1.7098,1.60,1.40
2008.12.23 09:49:16.880,1.70885,1.7099,1.60,1.40
2008.12.23 09:49:18.349,1.7086,1.7102,1.60,1.60
2008.12.23 09:49:18.750,1.70855,1.7102,4.80,3.20
2008.12.23 09:49:19.109,1.7086,1.71015,1.60,1.60
2008.12.23 09:49:19.399,1.70885,1.7099,1.60,1.40
2008.12.23 09:49:20.159,1.7088,1.7099,3.20,1.40
2008.12.23 09:49:20.859,1.70895,1.71,1.60,1.40
2008.12.23 09:49:21.419,1.70885,1.7105,3.20,3.20
2008.12.23 09:49:21.759,1.709,1.71055,1.60,1.60
2008.12.23 09:49:22.439,1.709,1.7106,1.60,1.60
2008.12.23 09:49:23.468,1.70925,1.7102,1.60,1.40
2008.12.23 09:49:24.218,1.7091,1.7107,1.60,4.80
2008.12.23 09:49:24.378,1.7091,1.7107,3.20,3.20
2008.12.23 09:49:24.768,1.7091,1.7106,2.40,1.60
2008.12.23 09:49:24.948,1.70925,1.7102,1.60,1.40
2008.12.23 09:49:28.097,1.70915,1.71015,1.60,1.40
2008.12.23 09:49:28.487,1.70905,1.7101,1.60,1.40
2008.12.23 09:49:29.777,1.7093,1.71025,1.60,1.40
2008.12.23 09:49:30.347,1.7092,1.71075,1.60,1.60
2008.12.23 09:49:30.806,1.70925,1.7108,3.20,1.40
2008.12.23 09:49:31.037,1.7094,1.7105,3.20,1.40
2008.12.23 09:49:31.436,1.70945,1.7105,1.60,1.40
2008.12.23 09:49:32.456,1.7095,1.7105,1.60,1.40
2008.12.23 09:49:32.936,1.7096,1.7105,1.60,1.40
2008.12.23 09:49:34.945,1.7092,1.71075,1.60,1.60
2008.12.23 09:49:35.235,1.7092,1.7107,1.60,1.60
2008.12.23 09:49:35.925,1.7091,1.7107,1.60,1.60
2008.12.23 09:49:36.315,1.7091,1.71075,1.60,3.20
2008.12.23 09:49:36.585,1.7094,1.71025,1.60,1.40
2008.12.23 09:49:37.235,1.7092,1.7108,3.20,1.60
2008.12.23 09:49:37.645,1.70925,1.71075,1.60,1.60
2008.12.23 09:49:38.445,1.7093,1.7108,1.60,3.00
2008.12.23 09:49:38.885,1.70955,1.7104,1.60,1.40
2008.12.23 09:49:41.544,1.7095,1.71045,1.60,1.40
2008.12.23 09:49:43.673,1.70945,1.71045,1.60,1.40
2008.12.23 09:49:44.013,1.70945,1.7105,1.60,1.40
2008.12.23 09:49:45.413,1.70935,1.7105,3.20,1.40
2008.12.23 09:49:46.473,1.70945,1.71055,1.60,1.40
2008.12.23 09:49:48.032,1.7094,1.71055,3.20,1.40
2008.12.23 09:49:48.372,1.70965,1.7105,1.60,1.40
2008.12.23 09:49:49.162,1.7093,1.7109,1.60,1.60
2008.12.23 09:49:49.562,1.70935,1.7109,1.60,1.60
2008.12.23 09:49:50.032,1.7096,1.71055,1.60,1.40
2008.12.23 09:49:50.422,1.70935,1.7109,1.60,1.60
2008.12.23 09:49:50.772,1.7096,1.71055,1.60,1.40
2008.12.23 09:49:51.601,1.7097,1.7106,1.60,1.40
2008.12.23 09:49:51.891,1.70935,1.71095,1.60,1.60
2008.12.23 09:49:52.591,1.70965,1.7105,1.60,1.40
2008.12.23 09:49:57.470,1.70965,1.71045,1.60,1.40
2008.12.23 09:49:59.769,1.7097,1.7106,1.60,1.40
2008.12.23 09:49:59.990,1.7094,1.711,1.60,3.20
2008.12.23 09:50:00.329,1.70935,1.71095,3.20,3.20
2008.12.23 09:50:00.669,1.70935,1.71095,1.60,3.20
2008.12.23 09:50:02.229,1.70945,1.711,3.20,3.00
2008.12.23 09:50:02.589,1.7098,1.7106,1.60,1.40
2008.12.23 09:50:03.149,1.7097,1.7106,1.60,1.40
2008.12.23 09:50:03.559,1.7096,1.71055,1.60,1.40
2008.12.23 09:50:04.418,1.70925,1.71085,1.60,3.20
2008.12.23 09:50:04.818,1.7092,1.7108,1.60,3.20
2008.12.23 09:50:05.169,1.7092,1.7107,1.60,1.60
2008.12.23 09:50:06.098,1.7093,1.71085,1.60,1.60
2008.12.23 09:50:06.508,1.70925,1.71085,1.60,1.60
2008.12.23 09:50:10.177,1.7093,1.7109,1.60,4.60
2008.12.23 09:50:10.287,1.70955,1.71045,1.60,1.40
2008.12.23 09:50:11.497,1.70925,1.71085,1.60,1.60
2008.12.23 09:50:11.907,1.7093,1.7109,1.60,5.80
2008.12.23 09:50:12.437,1.70955,1.71045,1.60,1.40
2008.12.23 09:50:14.796,1.70925,1.71085,1.60,1.60
2008.12.23 09:50:16.305,1.7093,1.71085,1.60,1.60
2008.12.23 09:50:18.425,1.7093,1.7109,1.60,5.80
2008.12.23 09:50:18.865,1.7093,1.7109,1.60,4.60
2008.12.23 09:50:19.165,1.70955,1.71045,1.60,1.40
2008.12.23 09:50:31.102,1.70965,1.71045,1.60,1.40
2008.12.23 09:50:31.802,1.7095,1.71045,1.60,1.40
2008.12.23 09:50:33.001,1.70955,1.71045,1.60,1.40
2008.12.23 09:50:33.801,1.70945,1.7104,1.60,1.40
2008.12.23 09:50:34.491,1.70925,1.71085,1.60,1.60
2008.12.23 09:50:35.421,1.7095,1.7104,1.60,1.40
2008.12.23 09:50:39.720,1.70955,1.7104,1.60,1.40
2008.12.23 09:50:42.509,1.70965,1.7105,1.60,1.40
2008.12.23 09:50:42.789,1.70945,1.711,1.60,1.60
2008.12.23 09:50:45.688,1.70935,1.711,3.20,3.20
2008.12.23 09:50:45.978,1.70935,1.71095,1.60,1.60
2008.12.23 09:50:46.098,1.70945,1.711,1.60,5.80
2008.12.23 09:50:46.318,1.70945,1.711,1.60,3.20
2008.12.23 09:50:46.369,1.70945,1.711,1.60,1.60
2008.12.23 09:50:47.688,1.7095,1.71105,1.60,5.80
2008.12.23 09:50:48.078,1.7098,1.7106,1.60,1.40
2008.12.23 09:50:48.538,1.7095,1.71115,3.20,4.80
2008.12.23 09:50:50.037,1.7095,1.71115,3.20,3.20
2008.12.23 09:50:50.987,1.7095,1.7111,1.60,1.60
2008.12.23 09:50:51.277,1.70975,1.71065,1.60,1.40
2008.12.23 09:50:51.557,1.7096,1.7112,3.20,1.60
2008.12.23 09:50:52.007,1.70965,1.71125,1.60,1.60
2008.12.23 09:50:53.056,1.70975,1.7113,3.20,1.60
2008.12.23 09:50:53.706,1.70975,1.7113,1.60,1.60
2008.12.23 09:50:54.886,1.70975,1.7113,1.60,2.80
2008.12.23 09:50:55.106,1.7097,1.71125,1.60,1.60
2008.12.23 09:50:55.326,1.70995,1.71075,1.60,1.40
2008.12.23 09:50:57.935,1.71,1.7109,1.60,1.40
2008.12.23 09:50:58.266,1.70975,1.7114,3.20,3.20
2008.12.23 09:50:59.985,1.7102,1.711,1.60,1.40
2008.12.23 09:51:00.045,1.7098,1.71145,3.20,3.20
2008.12.23 09:51:00.515,1.7098,1.7113,1.60,1.60
2008.12.23 09:51:00.685,1.70975,1.7113,4.00,1.60
2008.12.23 09:51:01.025,1.71,1.7109,1.60,1.40
2008.12.23 09:51:01.475,1.70955,1.71115,1.60,1.60
2008.12.23 09:51:01.854,1.70955,1.7111,3.20,1.40
2008.12.23 09:51:02.204,1.7098,1.71085,1.60,1.40
2008.12.23 09:51:04.274,1.7099,1.71085,1.60,1.40
2008.12.23 09:51:04.454,1.70965,1.7112,1.60,1.60
2008.12.23 09:51:05.035,1.70965,1.71125,1.60,6.20
2008.12.23 09:51:05.254,1.70965,1.71125,1.60,3.20
2008.12.23 09:51:05.893,1.70965,1.7112,1.60,1.60
2008.12.23 09:51:06.333,1.70985,1.71075,1.60,1.40
2008.12.23 09:51:09.663,1.70995,1.71075,1.60,1.40
2008.12.23 09:51:10.242,1.70985,1.71075,1.60,1.40
2008.12.23 09:51:10.514,1.7096,1.71115,1.60,1.60
2008.12.23 09:51:10.853,1.70965,1.7112,1.60,4.60
2008.12.23 09:51:11.202,1.70965,1.7112,1.60,1.60
2008.12.23 09:51:13.582,1.7097,1.7112,1.60,1.40
2008.12.23 09:51:14.032,1.71,1.7109,1.60,1.40
2008.12.23 09:51:14.312,1.70965,1.71115,1.60,1.60
2008.12.23 09:51:14.712,1.7096,1.71115,1.60,1.60
2008.12.23 09:51:15.121,1.70995,1.71075,1.60,1.40
2008.12.23 09:51:15.801,1.7096,1.7112,1.60,1.60
2008.12.23 09:51:16.151,1.70985,1.71065,1.60,1.40
2008.12.23 09:51:16.501,1.70985,1.71075,1.60,1.40
2008.12.23 09:51:18.261,1.70995,1.71075,1.60,1.40
2008.12.23 09:51:18.501,1.7096,1.7112,1.60,4.20
2008.12.23 09:51:18.890,1.70985,1.71075,1.60,1.40
2008.12.23 09:51:20.040,1.70995,1.71075,1.60,1.40
2008.12.23 09:51:20.960,1.7096,1.7112,1.60,3.00
2008.12.23 09:51:21.230,1.7096,1.7112,1.60,3.20
2008.12.23 09:51:21.640,1.7096,1.7112,1.60,1.60
2008.12.23 09:51:22.050,1.70995,1.71075,1.60,1.40
2008.12.23 09:51:22.789,1.70985,1.71075,1.60,1.40
2008.12.23 09:51:24.029,1.70995,1.71075,1.60,1.40
2008.12.23 09:51:36.037,1.7096,1.7112,1.60,3.20
2008.12.23 09:51:36.366,1.7096,1.7112,1.60,1.60
2008.12.23 09:51:40.496,1.70995,1.71075,1.60,1.40
2008.12.23 09:51:41.355,1.70985,1.71075,1.60,1.40
2008.12.23 09:51:41.465,1.70955,1.71115,1.60,1.60
2008.12.23 09:51:41.755,1.70955,1.7112,3.20,4.60
2008.12.23 09:51:42.145,1.70955,1.71115,1.60,1.60
2008.12.23 09:51:42.725,1.7095,1.71115,3.20,3.20
2008.12.23 09:51:43.475,1.70955,1.71115,1.60,1.60
2008.12.23 09:51:43.824,1.7095,1.71115,3.20,3.20
2008.12.23 09:51:44.274,1.70965,1.7112,1.60,4.20
2008.12.23 09:51:44.734,1.70995,1.71075,1.60,1.40
2008.12.23 09:51:45.084,1.7096,1.71115,1.60,1.60
2008.12.23 09:51:45.354,1.7096,1.7112,1.60,4.60
2008.12.23 09:51:45.644,1.70985,1.71075,1.60,1.40
2008.12.23 09:51:45.824,1.7096,1.71125,3.20,3.20
2008.12.23 09:51:46.054,1.7096,1.7112,1.60,1.60
2008.12.23 09:51:46.634,1.70985,1.71075,1.60,1.40
2008.12.23 09:51:47.134,1.7095,1.71115,3.20,3.20
2008.12.23 09:51:48.004,1.7096,1.7112,1.60,6.20
2008.12.23 09:51:48.234,1.70985,1.71075,1.60,1.40
2008.12.23 09:51:49.703,1.70985,1.7108,1.60,1.40
2008.12.23 09:51:50.453,1.7099,1.7108,1.60,1.40
2008.12.23 09:51:51.933,1.71,1.71085,1.60,1.40
2008.12.23 09:51:52.322,1.70965,1.71125,1.60,1.60
2008.12.23 09:51:54.062,1.70965,1.7112,1.60,1.60
2008.12.23 09:51:54.232,1.7099,1.71075,1.60,1.40
2008.12.23 09:51:54.342,1.70965,1.7112,1.60,1.60
2008.12.23 09:51:54.742,1.70965,1.7112,2.40,1.60
2008.12.23 09:51:54.862,1.7097,1.71125,3.20,3.00
2008.12.23 09:51:55.162,1.71,1.71085,1.60,1.40
2008.12.23 09:51:55.952,1.70965,1.71125,1.60,1.60
2008.12.23 09:51:56.231,1.70965,1.71125,1.60,3.20
2008.12.23 09:51:56.911,1.71,1.71085,1.60,1.40
2008.12.23 09:51:57.601,1.7097,1.71125,1.60,3.20
2008.12.23 09:51:58.001,1.7096,1.7111,1.60,1.60
2008.12.23 09:51:58.291,1.7096,1.7111,3.20,1.40
2008.12.23 09:51:58.971,1.70955,1.7111,3.20,1.40
2008.12.23 09:51:59.291,1.7099,1.7108,1.60,1.40
2008.12.23 09:51:59.581,1.7097,1.71125,1.60,1.60
2008.12.23 09:52:00.450,1.70995,1.71085,1.60,1.40
2008.12.23 09:52:01.260,1.70995,1.7108,1.60,1.40
2008.12.23 09:52:01.560,1.7097,1.71125,1.60,1.60
2008.12.23 09:52:01.840,1.71,1.7109,1.60,1.40
2008.12.23 09:52:02.230,1.71005,1.7109,1.60,1.40
2008.12.23 09:52:04.309,1.71,1.7109,1.60,1.40
2008.12.23 09:52:07.829,1.71,1.71095,1.60,1.40
2008.12.23 09:52:08.429,1.71005,1.71105,1.60,1.40
2008.12.23 09:52:08.898,1.71015,1.7115,1.60,1.60
2008.12.23 09:52:09.348,1.7102,1.7118,1.60,3.00
2008.12.23 09:52:09.588,1.71015,1.71135,3.20,1.40
2008.12.23 09:52:09.938,1.7102,1.71135,1.60,1.40
2008.12.23 09:52:10.698,1.71005,1.7113,1.60,1.40
2008.12.23 09:52:11.948,1.71005,1.7113,3.20,1.40
2008.12.23 09:52:12.237,1.71005,1.7117,3.20,3.20
2008.12.23 09:52:12.468,1.71005,1.7116,3.20,1.20
2008.12.23 09:52:12.827,1.71,1.7116,3.20,1.60
2008.12.23 09:52:13.057,1.71,1.7116,1.60,1.60
2008.12.23 09:52:13.517,1.71015,1.7113,1.60,1.40
2008.12.23 09:52:14.597,1.71015,1.71125,1.60,1.40
2008.12.23 09:52:14.827,1.7103,1.7113,1.60,1.40
2008.12.23 09:52:15.567,1.71,1.7116,3.20,1.60
2008.12.23 09:52:15.787,1.71,1.7116,1.60,1.60
2008.12.23 09:52:16.536,1.7102,1.71125,1.60,1.40
2008.12.23 09:52:17.776,1.7103,1.7113,1.60,1.40
2008.12.23 09:52:18.116,1.7101,1.71165,1.60,1.60
2008.12.23 09:52:18.926,1.71015,1.71165,1.60,1.60
2008.12.23 09:52:19.266,1.71035,1.71135,1.60,1.40
2008.12.23 09:52:20.535,1.7104,1.7114,1.60,1.40
2008.12.23 09:52:21.375,1.7104,1.71135,1.60,1.40
2008.12.23 09:52:22.785,1.71015,1.71175,1.60,1.60
2008.12.23 09:52:23.975,1.7103,1.71185,1.60,3.00
2008.12.23 09:52:24.324,1.71055,1.71145,1.60,1.40
2008.12.23 09:52:24.674,1.71025,1.7117,1.60,1.60
2008.12.23 09:52:24.895,1.71025,1.71175,3.20,1.60
2008.12.23 09:52:25.304,1.7105,1.71145,1.60,1.40
2008.12.23 09:52:25.694,1.71025,1.71175,2.40,1.60
2008.12.23 09:52:25.985,1.71045,1.71145,1.60,1.40
2008.12.23 09:52:26.854,1.71055,1.7115,1.60,1.40
2008.12.23 09:52:27.194,1.71055,1.71155,1.60,1.40
2008.12.23 09:52:28.343,1.7106,1.71155,1.60,1.40
2008.12.23 09:52:31.553,1.7106,1.7115,1.60,1.40
2008.12.23 09:52:32.033,1.71055,1.7114,1.60,1.40
2008.12.23 09:52:32.492,1.71025,1.7118,1.60,1.60
2008.12.23 09:52:32.952,1.71035,1.7118,1.60,1.60
2008.12.23 09:52:33.472,1.71035,1.71195,1.60,3.00
2008.12.23 09:52:33.833,1.7107,1.71155,1.60,1.40
2008.12.23 09:52:34.532,1.7105,1.71145,1.60,1.40
2008.12.23 09:52:35.062,1.7104,1.71145,1.60,1.40
2008.12.23 09:52:36.162,1.7102,1.71175,1.60,1.60
2008.12.23 09:52:36.512,1.7102,1.71135,1.60,1.60
2008.12.23 09:52:36.851,1.70985,1.71135,1.60,1.60
2008.12.23 09:52:37.712,1.70975,1.71115,1.60,1.60
2008.12.23 09:52:38.171,1.70965,1.71115,1.60,1.60
2008.12.23 09:52:38.861,1.7097,1.7112,1.60,1.60
2008.12.23 09:52:39.441,1.70975,1.71125,1.60,3.00
2008.12.23 09:52:39.851,1.70975,1.71125,1.60,1.60
2008.12.23 09:52:40.441,1.70975,1.71105,3.20,1.40
2008.12.23 09:52:42.320,1.7098,1.71105,1.60,1.40
2008.12.23 09:52:42.600,1.7097,1.7109,3.20,1.40
2008.12.23 09:52:44.520,1.7098,1.7109,1.60,1.40
2008.12.23 09:52:45.469,1.7096,1.7107,1.60,1.40
2008.12.23 09:52:45.760,1.70935,1.71095,1.60,1.60
2008.12.23 09:52:46.549,1.70955,1.71065,1.60,1.40
2008.12.23 09:52:47.249,1.70935,1.71095,1.60,3.00
2008.12.23 09:52:47.580,1.70935,1.71095,1.60,1.60
2008.12.23 09:52:48.279,1.7094,1.71095,1.60,1.60
2008.12.23 09:52:48.619,1.7094,1.71105,3.20,3.20
2008.12.23 09:52:49.139,1.70965,1.71105,1.60,1.60
2008.12.23 09:52:49.658,1.7097,1.7112,1.60,3.20
2008.12.23 09:52:49.999,1.7097,1.71085,3.20,1.40
2008.12.23 09:52:50.218,1.70975,1.71085,1.60,1.40
2008.12.23 09:52:50.568,1.70975,1.7108,1.60,1.40
2008.12.23 09:52:51.528,1.70965,1.71115,1.60,4.20
2008.12.23 09:52:51.878,1.7097,1.71115,1.60,1.60
2008.12.23 09:52:52.388,1.70955,1.71105,1.60,1.60
2008.12.23 09:52:53.068,1.7095,1.711,1.60,1.60
2008.12.23 09:52:53.368,1.70965,1.71075,1.60,1.40
2008.12.23 09:52:53.928,1.7095,1.71075,1.60,1.60
2008.12.23 09:52:54.267,1.70945,1.71075,1.60,1.60
2008.12.23 09:52:54.827,1.70945,1.7107,2.40,1.60
2008.12.23 09:52:55.207,1.7094,1.7107,1.60,1.60
2008.12.23 09:52:55.607,1.7094,1.71075,1.60,3.00
2008.12.23 09:52:55.777,1.7094,1.7107,1.60,1.60
2008.12.23 09:52:56.187,1.7094,1.7107,3.20,1.60
2008.12.23 09:52:56.717,1.7094,1.7107,1.60,3.20
2008.12.23 09:52:57.067,1.7094,1.7106,1.60,1.40
2008.12.23 09:52:57.457,1.7092,1.71065,1.60,1.60
2008.12.23 09:52:57.976,1.7094,1.71055,1.60,1.20
2008.12.23 09:52:58.366,1.7094,1.71065,1.60,1.20
2008.12.23 09:52:58.597,1.7094,1.71065,1.00,1.60
2008.12.23 09:52:58.996,1.7093,1.71065,1.60,2.60
2008.12.23 09:52:59.416,1.70925,1.71075,1.60,1.60
2008.12.23 09:53:00.446,1.7094,1.71075,1.60,1.60
2008.12.23 09:53:01.326,1.7094,1.7106,1.60,1.40
2008.12.23 09:53:02.295,1.7094,1.7105,1.60,1.40
2008.12.23 09:53:02.925,1.7094,1.7104,1.60,1.40
2008.12.23 09:53:04.075,1.7092,1.71025,1.60,1.40
2008.12.23 09:53:04.485,1.70945,1.71025,1.60,1.40
2008.12.23 09:53:04.905,1.70935,1.71075,1.60,1.60
2008.12.23 09:53:05.135,1.70935,1.7108,1.60,3.00
2008.12.23 09:53:05.415,1.70945,1.71045,1.60,1.40
2008.12.23 09:53:05.595,1.70935,1.71045,1.60,1.40
2008.12.23 09:53:06.215,1.70935,1.7108,1.60,3.20
2008.12.23 09:53:06.445,1.70935,1.7108,1.60,1.60
2008.12.23 09:53:06.774,1.70935,1.71075,1.60,1.60
2008.12.23 09:53:07.304,1.7094,1.71045,1.60,1.40
2008.12.23 09:53:08.444,1.7094,1.7104,1.60,1.40
2008.12.23 09:53:09.544,1.7092,1.71035,3.20,1.40
2008.12.23 09:53:11.224,1.70925,1.71035,1.60,1.40
2008.12.23 09:53:11.523,1.70925,1.71015,1.60,1.40
2008.12.23 09:53:11.873,1.70915,1.71065,1.60,1.60
2008.12.23 09:53:12.453,1.7093,1.71015,1.60,1.40
2008.12.23 09:53:15.172,1.70925,1.71015,3.20,1.40
2008.12.23 09:53:15.512,1.7093,1.71035,1.60,1.40
2008.12.23 09:53:18.042,1.7092,1.7102,3.20,1.40
2008.12.23 09:53:18.441,1.7092,1.7107,1.60,1.60
2008.12.23 09:53:18.712,1.70915,1.71065,3.20,1.60
2008.12.23 09:53:18.951,1.70925,1.7102,3.20,1.40
2008.12.23 09:53:21.781,1.70925,1.71015,3.20,1.40
2008.12.23 09:53:22.021,1.7091,1.7102,3.20,1.40
2008.12.23 09:53:22.480,1.7091,1.7104,1.60,1.60
2008.12.23 09:53:22.760,1.7091,1.71,3.20,1.40
2008.12.23 09:53:23.620,1.7091,1.7104,1.60,1.60
2008.12.23 09:53:24.290,1.7091,1.71045,1.60,1.60
2008.12.23 09:53:24.640,1.7091,1.7104,1.60,1.60
2008.12.23 09:53:24.880,1.70915,1.7104,1.60,1.40
2008.12.23 09:53:25.280,1.70925,1.7105,1.60,1.60
2008.12.23 09:53:25.630,1.70925,1.71055,1.60,1.60
2008.12.23 09:53:25.980,1.7091,1.71055,1.60,1.60
2008.12.23 09:53:26.660,1.70915,1.7101,1.60,1.40
2008.12.23 09:53:27.000,1.70935,1.71065,1.60,1.60
2008.12.23 09:53:28.669,1.70925,1.7105,1.60,1.60
2008.12.23 09:53:29.129,1.7092,1.7105,1.60,1.40
2008.12.23 09:53:29.469,1.70935,1.71065,1.60,1.60
2008.12.23 09:53:31.579,1.70935,1.71055,1.60,1.60
2008.12.23 09:53:32.028,1.7091,1.7105,1.60,1.60
2008.12.23 09:53:32.418,1.7091,1.71055,1.60,1.60
2008.12.23 09:53:32.918,1.70915,1.7101,1.60,1.40
2008.12.23 09:53:33.338,1.70905,1.7101,1.60,1.40
2008.12.23 09:53:33.908,1.70915,1.7101,1.60,1.40
2008.12.23 09:53:34.198,1.70935,1.7101,1.60,1.40
2008.12.23 09:53:34.598,1.70935,1.71015,1.60,1.40
2008.12.23 09:53:39.197,1.7096,1.71095,3.20,1.60
2008.12.23 09:53:39.547,1.70975,1.71135,1.60,1.60
2008.12.23 09:53:39.876,1.7097,1.7111,1.60,1.60
2008.12.23 09:53:40.346,1.7096,1.71135,1.60,1.60
2008.12.23 09:53:40.866,1.7097,1.7114,1.60,1.60
2008.12.23 09:53:41.316,1.70975,1.71145,1.60,1.60
2008.12.23 09:53:41.606,1.7097,1.71145,1.60,1.60
2008.12.23 09:53:42.986,1.70975,1.71145,1.60,1.60
2008.12.23 09:53:43.336,1.7094,1.7112,1.60,1.60
2008.12.23 09:53:43.687,1.70945,1.71125,1.60,1.60
2008.12.23 09:53:44.086,1.7094,1.7112,1.60,1.60
2008.12.23 09:53:44.436,1.7095,1.7113,1.60,1.60
2008.12.23 09:53:45.095,1.7096,1.7114,1.60,1.60
2008.12.23 09:53:46.065,1.7095,1.7113,1.60,1.60
2008.12.23 09:53:46.855,1.7096,1.7114,1.60,1.60
2008.12.23 09:53:48.334,1.7097,1.7115,1.60,1.60
2008.12.23 09:53:49.074,1.70965,1.71145,1.60,1.60
2008.12.23 09:53:49.474,1.7095,1.7113,1.60,1.60
2008.12.23 09:53:49.764,1.70965,1.71145,1.60,1.60
2008.12.23 09:53:50.614,1.7096,1.7114,1.60,1.60
2008.12.23 09:53:51.244,1.70965,1.71145,1.60,1.60
2008.12.23 09:53:51.544,1.70965,1.7115,1.60,1.60
2008.12.23 09:53:55.043,1.7096,1.7114,1.60,1.60
2008.12.23 09:53:55.323,1.70955,1.71135,1.60,1.60
2008.12.23 09:53:55.783,1.7094,1.7112,1.60,1.60
2008.12.23 09:53:56.022,1.70955,1.71135,1.60,1.60
2008.12.23 09:53:56.453,1.7095,1.7113,1.60,1.60
2008.12.23 09:53:58.312,1.70955,1.71135,1.60,1.60
2008.12.23 09:54:01.202,1.7095,1.7113,1.60,1.60
2008.12.23 09:54:01.602,1.70955,1.71135,1.60,1.60
2008.12.23 09:54:03.111,1.7096,1.7114,1.60,1.60
2008.12.23 09:54:07.850,1.70955,1.71135,1.60,1.60
2008.12.23 09:54:17.687,1.7096,1.7114,1.60,1.60
2008.12.23 09:54:18.207,1.70965,1.71145,1.60,1.60
2008.12.23 09:54:18.847,1.7096,1.7114,1.60,1.60
2008.12.23 09:54:20.356,1.70965,1.71145,1.60,1.60
2008.12.23 09:54:24.206,1.7097,1.7115,1.60,1.60
2008.12.23 09:54:25.086,1.70975,1.7116,1.60,1.60
2008.12.23 09:54:27.675,1.70975,1.71155,1.60,1.60
2008.12.23 09:54:29.284,1.7097,1.71155,1.60,1.60
2008.12.23 09:54:29.755,1.7096,1.7114,1.60,1.60
2008.12.23 09:54:30.214,1.70975,1.71155,1.60,1.60
2008.12.23 09:54:30.504,1.70975,1.7116,1.60,1.60
2008.12.23 09:54:30.914,1.7097,1.71155,1.60,1.60
2008.12.23 09:54:31.264,1.70975,1.7116,1.60,1.60
2008.12.23 09:54:32.284,1.7097,1.71155,1.60,1.60
2008.12.23 09:54:32.924,1.70975,1.7116,1.60,1.60
2008.12.23 09:54:34.074,1.70985,1.71165,1.60,1.60
2008.12.23 09:54:34.873,1.7098,1.7116,1.60,1.60
2008.12.23 09:54:35.233,1.7097,1.71155,1.60,1.60
2008.12.23 09:54:36.713,1.70975,1.7116,1.60,1.60
2008.12.23 09:54:38.162,1.70985,1.71165,1.60,1.60
2008.12.23 09:54:38.682,1.70975,1.7116,1.60,1.60
2008.12.23 09:54:39.252,1.7097,1.71155,1.60,1.60
2008.12.23 09:54:40.242,1.70965,1.71145,1.60,1.60
2008.12.23 09:54:40.532,1.7096,1.7114,1.60,1.60
2008.12.23 09:54:41.172,1.70965,1.71145,1.60,1.60
2008.12.23 09:54:42.061,1.70985,1.71165,1.60,3.00
2008.12.23 09:54:42.531,1.7099,1.7117,1.60,1.60
2008.12.23 09:54:43.631,1.70995,1.71175,1.60,1.60
2008.12.23 09:54:44.031,1.7099,1.7117,1.60,1.60
2008.12.23 09:54:44.621,1.70985,1.71165,1.60,1.60
2008.12.23 09:54:50.230,1.70965,1.71145,1.60,1.60
2008.12.23 09:54:50.739,1.7096,1.7114,1.60,1.60
2008.12.23 09:54:51.649,1.70965,1.71145,1.60,1.60
2008.12.23 09:54:53.499,1.7096,1.7114,1.60,1.60
2008.12.23 09:54:54.948,1.7097,1.71145,1.60,1.60
2008.12.23 09:54:55.168,1.7096,1.7114,1.60,1.60
2008.12.23 09:54:55.808,1.7097,1.71145,1.60,1.60
2008.12.23 09:54:56.228,1.7096,1.7114,1.60,1.60
2008.12.23 09:55:01.457,1.70955,1.71135,1.60,1.60
2008.12.23 09:55:01.567,1.7095,1.7113,1.60,1.60
2008.12.23 09:55:06.126,1.70955,1.71135,1.60,1.60
2008.12.23 09:55:06.536,1.7095,1.7113,1.60,1.60
2008.12.23 09:55:07.885,1.70955,1.71135,1.60,1.60
2008.12.23 09:55:08.275,1.7096,1.7114,1.60,1.60
2008.12.23 09:55:08.495,1.70965,1.71145,1.60,1.60
2008.12.23 09:55:10.675,1.7097,1.71145,1.60,1.60
2008.12.23 09:55:11.544,1.70975,1.71155,1.60,1.60
2008.12.23 09:55:12.844,1.7098,1.7116,1.60,1.60
2008.12.23 09:55:13.184,1.70975,1.71155,1.60,1.60
2008.12.23 09:55:13.594,1.7097,1.71145,1.60,1.60
2008.12.23 09:55:15.713,1.70975,1.71155,1.60,1.60
2008.12.23 09:55:15.993,1.7097,1.71145,1.60,1.60
2008.12.23 09:55:16.573,1.7096,1.7114,1.60,1.60
2008.12.23 09:55:18.553,1.7095,1.71135,1.60,1.60
2008.12.23 09:55:18.892,1.7096,1.7114,1.60,1.60
2008.12.23 09:55:24.151,1.7095,1.71135,1.60,1.60
2008.12.23 09:55:32.979,1.7095,1.71135,3.20,1.60
2008.12.23 09:55:33.389,1.7095,1.71135,1.60,1.60
2008.12.23 09:55:37.638,1.7097,1.71145,1.60,1.60
2008.12.23 09:55:43.537,1.7095,1.71135,1.60,1.60
2008.12.23 09:55:43.927,1.7095,1.71135,3.20,1.60
2008.12.23 09:55:44.156,1.7096,1.7114,1.60,1.60
2008.12.23 09:55:44.676,1.7095,1.71135,1.60,1.60
2008.12.23 09:55:44.966,1.7096,1.7114,1.60,1.60
2008.12.23 09:56:22.447,1.7095,1.7113,3.20,1.60
2008.12.23 09:56:27.896,1.7095,1.7113,1.60,1.60
2008.12.23 09:56:28.186,1.70945,1.71125,3.20,1.60
2008.12.23 09:56:36.074,1.7094,1.7112,1.60,1.60
2008.12.23 09:56:36.244,1.7093,1.7111,3.20,1.60
2008.12.23 09:56:46.032,1.7093,1.71105,1.60,1.60
2008.12.23 09:56:46.492,1.70925,1.7109,1.60,1.60
2008.12.23 09:56:46.781,1.7092,1.7109,1.60,1.60
2008.12.23 09:56:47.061,1.70915,1.7109,1.60,1.60
2008.12.23 09:56:47.471,1.7091,1.7108,1.60,1.60
2008.12.23 09:56:47.931,1.709,1.7108,3.20,3.20
2008.12.23 09:56:48.211,1.70905,1.71075,1.60,1.60
2008.12.23 09:56:48.741,1.709,1.7108,1.60,1.60
2008.12.23 09:56:49.041,1.70905,1.71085,1.60,1.60
2008.12.23 09:56:49.391,1.70905,1.71085,3.20,1.60
2008.12.23 09:56:49.781,1.70915,1.71095,1.60,1.60
2008.12.23 09:56:50.580,1.7091,1.7109,1.60,1.60
2008.12.23 09:56:51.150,1.70915,1.71095,1.60,1.60
2008.12.23 09:56:52.580,1.70915,1.71095,3.20,1.60
2008.12.23 09:56:52.870,1.7092,1.711,1.60,1.60
2008.12.23 09:56:57.349,1.70915,1.71095,1.60,1.60
2008.12.23 09:56:58.049,1.70925,1.71105,1.60,3.20
2008.12.23 09:56:58.398,1.70925,1.71105,1.60,1.60
2008.12.23 09:56:59.148,1.7092,1.711,1.60,1.60
2008.12.23 09:57:00.208,1.70915,1.71095,1.60,1.60
2008.12.23 09:57:01.138,1.7091,1.71095,1.60,1.60
2008.12.23 09:57:01.428,1.7092,1.71095,1.60,1.60
2008.12.23 09:57:01.608,1.70925,1.71105,1.60,1.60
2008.12.23 09:57:01.948,1.70925,1.71105,1.60,3.20
2008.12.23 09:57:02.458,1.7092,1.711,1.60,1.60
2008.12.23 09:57:03.337,1.7092,1.71085,1.60,1.60
2008.12.23 09:57:03.677,1.70895,1.71075,1.60,1.60
2008.12.23 09:57:08.576,1.7091,1.71075,1.60,1.60
2008.12.23 09:57:09.206,1.7091,1.71085,1.60,1.60
2008.12.23 09:57:09.376,1.7091,1.7109,1.60,1.60
2008.12.23 09:57:10.226,1.7092,1.711,1.60,1.60
2008.12.23 09:57:12.345,1.70945,1.71115,3.20,1.60
2008.12.23 09:57:13.665,1.70945,1.71115,4.80,1.60
2008.12.23 09:57:14.415,1.70955,1.71115,1.60,1.60
2008.12.23 09:57:17.524,1.70945,1.71115,3.20,1.60
2008.12.23 09:57:57.964,1.70945,1.71115,1.60,1.60
2008.12.23 09:57:58.304,1.70935,1.7111,3.20,1.60
2008.12.23 09:57:58.474,1.7094,1.71115,1.60,1.60
2008.12.23 09:58:05.153,1.70945,1.7112,3.20,1.60
2008.12.23 09:58:05.432,1.7095,1.7113,1.60,1.60
2008.12.23 09:58:05.842,1.70945,1.71125,4.80,1.60
2008.12.23 09:58:06.072,1.7095,1.7113,1.60,3.20
2008.12.23 09:58:06.572,1.70945,1.7113,1.60,3.20
2008.12.23 09:58:06.802,1.70945,1.7113,3.20,3.20
2008.12.23 09:58:07.432,1.7095,1.7113,1.60,1.60
2008.12.23 09:58:07.732,1.7095,1.7113,3.20,1.60
2008.12.23 09:58:08.852,1.70945,1.71125,1.60,1.60
2008.12.23 09:58:11.042,1.7094,1.7112,1.60,1.60
2008.12.23 09:58:17.639,1.70945,1.7113,1.60,3.20
2008.12.23 09:58:18.269,1.7095,1.7113,1.60,1.60
2008.12.23 09:58:20.129,1.7095,1.7113,1.60,3.20
2008.12.23 09:58:20.479,1.70945,1.7113,1.60,3.20
2008.12.23 09:58:22.138,1.70945,1.71125,1.60,1.60
2008.12.23 09:58:22.418,1.70935,1.71105,1.60,1.60
2008.12.23 09:58:22.588,1.70945,1.71105,1.60,1.60
2008.12.23 09:58:22.998,1.70945,1.711,1.60,1.60
2008.12.23 09:58:23.398,1.70935,1.711,1.60,1.60
2008.12.23 09:58:23.798,1.7094,1.711,1.60,1.60
2008.12.23 09:58:24.128,1.70935,1.711,1.60,1.60
2008.12.23 09:58:24.548,1.70935,1.711,3.20,1.60
2008.12.23 09:58:27.337,1.7095,1.71105,1.60,1.60
2008.12.23 09:58:27.577,1.7094,1.71105,3.20,1.60
2008.12.23 09:58:27.927,1.7094,1.71095,1.60,1.60
2008.12.23 09:58:28.207,1.7093,1.71095,3.20,1.60
2008.12.23 09:58:28.677,1.7094,1.71095,1.60,1.60
2008.12.23 09:58:31.246,1.7094,1.7109,1.60,1.60
2008.12.23 09:58:31.696,1.7093,1.7109,1.60,1.60
2008.12.23 09:58:34.505,1.7093,1.71095,1.60,1.60
2008.12.23 09:58:34.945,1.7092,1.7109,3.20,1.60
2008.12.23 09:58:35.175,1.7092,1.71065,3.20,1.60
2008.12.23 09:58:35.455,1.70905,1.71065,3.20,1.60
2008.12.23 09:58:35.865,1.7092,1.7106,1.60,1.60
2008.12.23 09:58:37.585,1.709,1.71055,1.60,3.20
2008.12.23 09:58:38.984,1.709,1.7105,1.60,1.60
2008.12.23 09:58:41.603,1.7089,1.7105,3.20,1.60
2008.12.23 09:58:41.784,1.70895,1.7104,1.60,1.60
2008.12.23 09:58:42.064,1.70895,1.7104,1.60,3.20
2008.12.23 09:58:42.413,1.70885,1.7104,1.60,3.20
2008.12.23 09:58:42.653,1.70885,1.71035,1.60,1.60
2008.12.23 09:58:44.103,1.70885,1.7104,1.60,1.60
2008.12.23 09:58:44.493,1.7089,1.7104,1.60,3.20
2008.12.23 09:58:44.723,1.70875,1.71035,3.20,1.60
2008.12.23 09:58:45.542,1.70885,1.71035,1.60,1.60
2008.12.23 09:58:46.293,1.70885,1.7104,1.60,3.00
2008.12.23 09:58:46.702,1.70885,1.7104,3.20,1.60
2008.12.23 09:58:47.592,1.7089,1.71045,3.20,3.00
2008.12.23 09:58:47.832,1.70905,1.71045,1.60,1.60
2008.12.23 09:58:49.332,1.7089,1.71045,1.60,1.60
2008.12.23 09:58:50.661,1.7091,1.71045,1.60,1.60
2008.12.23 09:58:56.100,1.7091,1.71045,1.60,1.40
2008.12.23 09:58:56.440,1.7091,1.7105,1.60,1.40
2008.12.23 09:58:56.730,1.709,1.7106,1.60,1.60
2008.12.23 09:58:58.660,1.709,1.71055,1.60,3.20
2008.12.23 09:58:59.060,1.7091,1.7104,1.60,1.40
2008.12.23 09:58:59.340,1.70895,1.71055,1.60,1.60
2008.12.23 09:59:00.319,1.7092,1.71045,1.60,1.40
2008.12.23 09:59:01.099,1.70915,1.71055,1.60,3.00
2008.12.23 09:59:12.786,1.70915,1.7105,1.60,1.40
2008.12.23 09:59:13.196,1.7091,1.71065,1.60,4.20
2008.12.23 09:59:13.486,1.7091,1.71065,1.60,1.60
2008.12.23 09:59:15.485,1.7091,1.7106,2.40,1.60
2008.12.23 09:59:15.815,1.7091,1.71055,2.40,1.60
2008.12.23 09:59:15.995,1.70915,1.71055,1.60,4.60
2008.12.23 09:59:16.155,1.70915,1.71055,1.60,3.00
2008.12.23 09:59:30.362,1.70915,1.71055,1.60,4.60
2008.12.23 09:59:30.742,1.70905,1.71045,1.60,1.40
2008.12.23 09:59:31.032,1.70905,1.7105,1.60,3.00
2008.12.23 09:59:31.312,1.70905,1.71045,1.60,1.60
2008.12.23 09:59:31.651,1.70885,1.71045,3.20,1.60
2008.12.23 09:59:35.211,1.70885,1.7104,1.60,1.60
2008.12.23 09:59:35.731,1.70865,1.71025,1.60,3.20
2008.12.23 09:59:36.030,1.70865,1.7101,1.60,1.60
2008.12.23 09:59:36.540,1.70855,1.7101,1.60,1.60
2008.12.23 09:59:36.980,1.70875,1.7102,1.60,3.20
2008.12.23 09:59:37.460,1.70875,1.7102,1.60,1.60
2008.12.23 09:59:37.790,1.70875,1.71015,1.60,1.60
2008.12.23 09:59:38.070,1.7087,1.71015,1.60,3.00
2008.12.23 09:59:39.570,1.70865,1.71,1.60,1.40
2008.12.23 09:59:40.260,1.70865,1.71005,1.60,3.00
2008.12.23 09:59:40.540,1.70865,1.70995,1.60,1.60
2008.12.23 09:59:40.950,1.7085,1.70985,1.60,1.60
2008.12.23 09:59:41.289,1.70835,1.70985,1.60,1.60
2008.12.23 09:59:41.749,1.70835,1.7099,1.60,1.60
2008.12.23 09:59:42.049,1.70825,1.70985,3.20,1.60
2008.12.23 09:59:42.339,1.70825,1.70985,1.60,1.60
2008.12.23 09:59:42.689,1.7082,1.7098,1.60,1.60
2008.12.23 09:59:42.969,1.70815,1.70965,3.20,1.60
2008.12.23 09:59:43.419,1.7081,1.70955,1.60,1.60
2008.12.23 09:59:43.699,1.7079,1.7095,5.60,1.60
2008.12.23 09:59:43.978,1.7079,1.7095,1.60,1.60
2008.12.23 09:59:46.538,1.70815,1.7096,1.60,4.20
2008.12.23 09:59:46.718,1.70815,1.70955,1.60,1.40
2008.12.23 09:59:47.528,1.7082,1.7098,1.60,1.60
2008.12.23 09:59:47.888,1.70835,1.70995,1.60,1.60
2008.12.23 09:59:48.248,1.70835,1.7099,1.60,1.60
2008.12.23 09:59:48.648,1.70845,1.7099,1.60,4.60
2008.12.23 09:59:48.947,1.70845,1.70985,1.60,1.40
2008.12.23 09:59:49.248,1.70825,1.71,1.60,1.60
2008.12.23 09:59:50.567,1.70835,1.71,1.60,1.60
2008.12.23 09:59:50.807,1.7084,1.71,1.60,1.60
2008.12.23 09:59:51.107,1.7084,1.71005,1.60,4.80
2008.12.23 09:59:51.287,1.7084,1.71005,1.60,1.60
2008.12.23 09:59:51.517,1.7083,1.71005,1.60,1.60
2008.12.23 09:59:51.927,1.7083,1.70985,1.60,1.60
2008.12.23 09:59:52.156,1.70805,1.7095,3.20,1.60
2008.12.23 09:59:52.497,1.70785,1.70935,1.60,1.60
2008.12.23 09:59:52.897,1.7079,1.70935,1.60,2.60
2008.12.23 09:59:53.247,1.70795,1.70955,1.60,3.20
2008.12.23 09:59:53.646,1.70795,1.7096,3.20,3.20
2008.12.23 09:59:53.996,1.70805,1.7096,1.60,1.60
2008.12.23 09:59:54.526,1.70795,1.7097,3.20,1.60
2008.12.23 09:59:54.806,1.708,1.70975,1.60,1.60
2008.12.23 09:59:56.745,1.7083,1.70975,1.60,1.60
2008.12.23 09:59:56.865,1.7083,1.70985,1.60,1.60
2008.12.23 09:59:57.086,1.7083,1.7097,1.60,1.60
2008.12.23 09:59:57.555,1.70815,1.7097,1.60,1.60
2008.12.23 09:59:58.065,1.70815,1.7098,6.40,3.20
2008.12.23 09:59:58.455,1.70815,1.70975,1.60,1.60
