2015.12.21 23:00:00.135,1.52303,1.5235,1.00,1.00
2015.12.21 23:00:00.186,1.52303,1.52334,1.00,1.00
2015.12.21 23:00:00.288,1.52307,1.52347,1.00,1.00
2015.12.21 23:00:00.440,1.5231,1.52347,1.00,1.00
2015.12.21 23:00:00.791,1.52309,1.5235,1.00,1.37
2015.12.21 23:00:01.272,1.52312,1.52353,1.00,1.37
2015.12.21 23:00:01.706,1.52312,1.52353,1.00,1.12
2015.12.21 23:00:02.358,1.52313,1.52353,1.00,1.50
2015.12.21 23:00:02.562,1.52312,1.5235,1.00,1.00
2015.12.21 23:00:02.867,1.52315,1.5235,1.00,1.00
2015.12.21 23:00:03.272,1.52317,1.5235,1.00,1.00
2015.12.21 23:00:03.803,1.52316,1.5235,1.00,1.00
2015.12.21 23:00:04.378,1.52317,1.5235,1.00,1.00
2015.12.21 23:00:05.056,1.52317,1.52348,1.00,1.00
2015.12.21 23:00:05.624,1.52317,1.52349,1.00,1.00
2015.12.21 23:00:06.159,1.52317,1.52348,1.00,1.00
2015.12.21 23:00:06.782,1.52317,1.52349,1.00,1.00
2015.12.21 23:00:07.313,1.52317,1.52348,1.00,1.00
2015.12.21 23:00:08.306,1.52317,1.5235,1.00,1.00
2015.12.21 23:00:08.661,1.5232,1.5235,1.00,1.00
2015.12.21 23:00:09.196,1.52319,1.5235,1.00,1.00
2015.12.21 23:00:09.500,1.52319,1.52348,1.00,1.00
2015.12.21 23:00:10.041,1.5232,1.52349,1.00,1.00
2015.12.21 23:00:10.563,1.5232,1.52348,1.00,1.00
2015.12.21 23:00:11.093,1.5232,1.52349,1.00,1.00
2015.12.21 23:00:11.601,1.5232,1.5235,1.00,1.00
2015.12.21 23:00:12.153,1.5232,1.52349,1.00,1.00
2015.12.21 23:00:12.899,1.52325,1.52349,1.00,1.00
2015.12.21 23:00:13.308,1.52326,1.52353,1.00,1.00
2015.12.21 23:00:14.122,1.52326,1.52352,1.00,1.00
2015.12.21 23:00:15.131,1.52326,1.52353,1.00,1.00
2015.12.21 23:00:15.639,1.52326,1.52352,1.00,1.00
2015.12.21 23:00:15.791,1.52326,1.5235,1.00,1.00
2015.12.21 23:00:17.141,1.52326,1.52349,1.00,1.00
2015.12.21 23:00:17.650,1.52325,1.52349,1.00,1.00
2015.12.21 23:00:17.809,1.5232,1.52349,1.00,1.00
2015.12.21 23:00:19.106,1.5232,1.5235,1.00,1.00
2015.12.21 23:00:19.706,1.52321,1.52349,1.00,1.00
2015.12.21 23:00:19.964,1.52321,1.52344,1.00,1.00
2015.12.21 23:00:20.918,1.52321,1.52345,1.00,1.00
2015.12.21 23:00:21.283,1.52321,1.52352,1.00,1.00
2015.12.21 23:00:21.334,1.52325,1.52357,1.00,1.00
2015.12.21 23:00:21.436,1.52329,1.52357,1.00,1.00
2015.12.21 23:00:21.487,1.52329,1.52362,1.00,1.00
2015.12.21 23:00:21.539,1.5233,1.52366,1.00,1.00
2015.12.21 23:00:21.590,1.5233,1.52373,1.00,2.25
2015.12.21 23:00:21.767,1.52332,1.52373,1.00,1.50
2015.12.21 23:00:22.072,1.52339,1.52376,1.00,1.00
2015.12.21 23:00:22.376,1.52342,1.52378,1.00,1.00
2015.12.21 23:00:22.426,1.5234,1.52378,1.00,1.00
2015.12.21 23:00:22.528,1.52339,1.52383,1.00,1.00
2015.12.21 23:00:22.630,1.52343,1.52383,1.00,1.00
2015.12.21 23:00:22.832,1.5234,1.52383,1.00,1.00
2015.12.21 23:00:22.984,1.52338,1.52383,1.00,1.00
2015.12.21 23:00:23.087,1.52342,1.52383,1.00,1.00
2015.12.21 23:00:23.411,1.52344,1.52383,1.00,1.00
2015.12.21 23:00:23.866,1.52344,1.52387,1.00,1.00
2015.12.21 23:00:24.069,1.52346,1.52387,1.00,1.00
2015.12.21 23:00:24.272,1.5235,1.52392,1.00,1.00
2015.12.21 23:00:24.497,1.52353,1.52392,1.00,1.00
2015.12.21 23:00:24.821,1.52351,1.52389,1.00,1.00
2015.12.21 23:00:25.127,1.52351,1.52384,1.00,1.00
2015.12.21 23:00:25.625,1.5235,1.52387,1.00,1.00
2015.12.21 23:00:26.030,1.52353,1.52386,1.00,1.00
2015.12.21 23:00:26.389,1.52355,1.5239,1.00,1.00
2015.12.21 23:00:26.592,1.52358,1.5239,1.00,1.00
2015.12.21 23:00:26.932,1.52356,1.5239,1.00,1.00
2015.12.21 23:00:27.135,1.52356,1.52393,1.00,1.00
2015.12.21 23:00:27.491,1.52358,1.52393,1.00,1.00
2015.12.21 23:00:27.593,1.52356,1.52393,1.00,1.00
2015.12.21 23:00:27.903,1.52356,1.52389,1.00,1.00
2015.12.21 23:00:28.156,1.52354,1.52389,1.00,1.00
2015.12.21 23:00:29.620,1.52355,1.52389,1.00,1.00
2015.12.21 23:00:30.152,1.52356,1.52389,1.00,1.00
2015.12.21 23:00:30.671,1.52355,1.52389,1.00,1.00
2015.12.21 23:00:31.126,1.52353,1.52391,1.00,1.00
2015.12.21 23:00:31.329,1.52355,1.52391,1.00,1.00
2015.12.21 23:00:31.835,1.52356,1.52388,1.00,1.00
2015.12.21 23:00:32.151,1.52358,1.52391,1.00,1.00
2015.12.21 23:00:32.303,1.52356,1.52391,1.00,1.00
2015.12.21 23:00:32.556,1.52358,1.52391,1.00,1.00
2015.12.21 23:00:33.183,1.52359,1.52391,1.00,1.00
2015.12.21 23:00:33.731,1.5236,1.52391,1.00,1.00
2015.12.21 23:00:33.984,1.52358,1.52391,1.00,1.00
2015.12.21 23:00:34.137,1.52359,1.52397,1.00,1.00
2015.12.21 23:00:34.648,1.5236,1.52397,1.00,1.00
2015.12.21 23:00:35.263,1.52359,1.52397,1.50,1.00
2015.12.21 23:00:35.985,1.52362,1.52397,1.00,1.00
2015.12.21 23:00:36.039,1.52363,1.52399,1.00,1.00
2015.12.21 23:00:36.295,1.52365,1.52399,1.00,1.00
2015.12.21 23:00:36.346,1.52365,1.52401,1.00,1.00
2015.12.21 23:00:36.397,1.52363,1.52401,1.00,1.00
2015.12.21 23:00:36.599,1.52365,1.52401,1.00,1.00
2015.12.21 23:00:37.019,1.52367,1.52401,1.00,1.00
2015.12.21 23:00:37.171,1.52365,1.52401,1.00,1.00
2015.12.21 23:00:37.483,1.52363,1.52401,1.00,1.12
2015.12.21 23:00:37.585,1.52361,1.52401,1.00,1.12
2015.12.21 23:00:38.373,1.52359,1.52401,1.50,1.37
2015.12.21 23:00:38.475,1.52362,1.52401,1.00,1.37
2015.12.21 23:00:38.829,1.52359,1.52401,1.50,1.37
2015.12.21 23:00:39.335,1.52359,1.52399,1.50,1.00
2015.12.21 23:00:40.459,1.52359,1.524,2.25,1.25
2015.12.21 23:00:40.561,1.52362,1.524,1.00,1.25
2015.12.21 23:00:40.780,1.52359,1.524,2.25,1.25
2015.12.21 23:00:41.653,1.52362,1.524,1.00,1.25
2015.12.21 23:00:42.408,1.5236,1.524,1.00,1.25
2015.12.21 23:00:42.645,1.52362,1.524,1.00,1.00
2015.12.21 23:00:42.847,1.5236,1.524,1.00,1.00
2015.12.21 23:00:42.999,1.52362,1.524,1.00,1.00
2015.12.21 23:00:43.538,1.5236,1.524,1.00,1.37
2015.12.21 23:00:43.589,1.52362,1.524,1.00,1.37
2015.12.21 23:00:43.728,1.5236,1.524,1.00,1.37
2015.12.21 23:00:44.397,1.5236,1.524,1.00,1.25
2015.12.21 23:00:44.949,1.52362,1.524,1.00,1.25
2015.12.21 23:00:45.419,1.52359,1.524,1.50,1.25
2015.12.21 23:00:45.929,1.52362,1.524,1.00,1.25
2015.12.21 23:00:46.039,1.5236,1.524,1.00,1.25
2015.12.21 23:00:46.807,1.52361,1.524,1.00,1.00
2015.12.21 23:00:47.061,1.52363,1.524,1.00,1.00
2015.12.21 23:00:47.563,1.52362,1.524,1.00,1.37
2015.12.21 23:00:48.148,1.52361,1.524,1.00,1.37
2015.12.21 23:00:49.156,1.52362,1.524,1.00,1.37
2015.12.21 23:00:52.190,1.52362,1.524,1.00,1.12
2015.12.21 23:00:53.124,1.52363,1.524,1.00,1.12
2015.12.21 23:00:56.347,1.52363,1.52402,1.00,1.37
2015.12.21 23:00:58.090,1.52363,1.524,1.00,1.00
2015.12.21 23:00:58.393,1.5236,1.524,1.50,1.00
2015.12.21 23:00:59.051,1.52359,1.524,1.50,1.00
2015.12.21 23:00:59.153,1.52359,1.52397,1.50,1.00
2015.12.21 23:01:00.345,1.5236,1.52397,1.00,1.00
2015.12.21 23:01:01.354,1.52359,1.52397,1.50,1.00
2015.12.21 23:01:02.256,1.52359,1.52398,1.00,1.00
2015.12.21 23:01:02.839,1.52359,1.52397,1.00,1.00
2015.12.21 23:01:03.473,1.52358,1.52396,1.50,1.00
2015.12.21 23:01:04.080,1.5236,1.52396,1.00,1.00
2015.12.21 23:01:05.891,1.5236,1.52394,1.00,1.00
2015.12.21 23:01:08.348,1.5236,1.5239,1.00,1.00
2015.12.21 23:01:08.400,1.52356,1.5239,1.00,1.00
2015.12.21 23:01:08.755,1.52351,1.5239,1.12,1.00
2015.12.21 23:01:10.062,1.52351,1.52392,1.87,1.00
2015.12.21 23:01:10.794,1.52354,1.52392,1.00,1.00
2015.12.21 23:01:10.946,1.52351,1.52392,1.50,1.00
2015.12.21 23:01:11.150,1.52354,1.52392,1.00,1.00
2015.12.21 23:01:11.251,1.52352,1.52392,1.00,1.00
2015.12.21 23:01:11.752,1.52351,1.52389,2.25,1.00
2015.12.21 23:01:12.056,1.52356,1.52394,1.50,1.31
2015.12.21 23:01:13.021,1.52356,1.52395,2.25,1.50
2015.12.21 23:01:13.756,1.52356,1.52392,2.25,1.00
2015.12.21 23:01:14.730,1.52356,1.52389,1.50,1.00
2015.12.21 23:01:15.457,1.52357,1.52389,1.00,1.00
2015.12.21 23:01:16.009,1.52358,1.52388,1.00,1.00
2015.12.21 23:01:16.737,1.52358,1.52395,1.00,1.12
2015.12.21 23:01:17.275,1.52357,1.52395,1.00,1.12
2015.12.21 23:01:18.135,1.52357,1.52394,1.00,1.00
2015.12.21 23:01:18.540,1.52359,1.52394,1.00,1.00
2015.12.21 23:01:18.844,1.52361,1.52395,1.00,1.00
2015.12.21 23:01:19.174,1.52361,1.52393,1.00,1.00
2015.12.21 23:01:20.025,1.52355,1.5239,1.00,1.00
2015.12.21 23:01:20.127,1.52353,1.5239,1.00,1.00
2015.12.21 23:01:20.532,1.52348,1.5239,1.87,1.00
2015.12.21 23:01:20.583,1.5235,1.52386,1.00,1.00
2015.12.21 23:01:21.089,1.52348,1.52386,1.87,1.00
2015.12.21 23:01:22.084,1.52346,1.52386,1.12,1.50
2015.12.21 23:01:22.237,1.52346,1.52384,1.12,1.50
2015.12.21 23:01:23.363,1.52346,1.52385,1.00,1.00
2015.12.21 23:01:23.792,1.5235,1.52389,1.37,1.56
2015.12.21 23:01:24.095,1.52359,1.5239,1.00,1.56
2015.12.21 23:01:24.147,1.52359,1.5239,1.00,1.00
2015.12.21 23:01:24.299,1.52359,1.52392,1.00,1.25
2015.12.21 23:01:25.225,1.52359,1.52391,1.00,1.00
2015.12.21 23:01:25.276,1.52362,1.52391,1.00,1.00
2015.12.21 23:01:25.378,1.52359,1.52391,1.00,1.00
2015.12.21 23:01:25.696,1.52362,1.52392,1.00,1.25
2015.12.21 23:01:25.797,1.52359,1.52392,1.00,1.25
2015.12.21 23:01:26.000,1.52362,1.52393,1.00,2.06
2015.12.21 23:01:26.102,1.5236,1.52392,1.00,1.25
2015.12.21 23:01:26.254,1.5236,1.52392,1.00,1.56
2015.12.21 23:01:27.701,1.52359,1.52393,1.00,2.06
2015.12.21 23:01:27.904,1.52357,1.52393,1.00,2.06
2015.12.21 23:01:28.107,1.52362,1.52393,1.00,2.06
2015.12.21 23:01:28.272,1.52357,1.52393,1.00,2.06
2015.12.21 23:01:29.182,1.52362,1.52393,1.00,2.44
2015.12.21 23:01:29.334,1.52362,1.52393,1.00,1.12
2015.12.21 23:01:29.715,1.52364,1.52393,1.00,1.12
2015.12.21 23:01:29.816,1.52357,1.52393,1.00,1.12
2015.12.21 23:01:30.177,1.52364,1.52393,1.00,1.12
2015.12.21 23:01:30.380,1.52362,1.52393,1.00,1.50
2015.12.21 23:01:30.482,1.52359,1.52393,1.00,1.50
2015.12.21 23:01:31.027,1.52359,1.52393,1.00,1.31
2015.12.21 23:01:31.296,1.52357,1.52393,1.00,2.44
2015.12.21 23:01:31.499,1.5236,1.52393,1.00,2.44
2015.12.21 23:01:31.942,1.52362,1.52393,1.00,2.44
2015.12.21 23:01:32.486,1.52362,1.52393,1.00,1.69
2015.12.21 23:01:32.788,1.5236,1.52393,1.00,1.69
2015.12.21 23:01:32.890,1.52362,1.52393,1.00,1.69
2015.12.21 23:01:33.325,1.5236,1.52393,1.00,1.69
2015.12.21 23:01:34.934,1.52362,1.52393,1.00,1.31
2015.12.21 23:01:35.437,1.5236,1.52393,1.00,1.31
2015.12.21 23:01:35.488,1.52363,1.52393,1.00,1.31
2015.12.21 23:01:35.590,1.5236,1.52393,1.00,1.31
2015.12.21 23:01:36.210,1.52362,1.52393,1.00,2.06
2015.12.21 23:01:36.513,1.5236,1.52393,1.00,2.06
2015.12.21 23:01:36.615,1.52362,1.52393,1.00,2.06
2015.12.21 23:01:36.934,1.5236,1.52393,1.00,2.06
2015.12.21 23:01:37.642,1.52363,1.52393,1.00,1.69
2015.12.21 23:01:38.600,1.5236,1.52393,1.00,2.06
2015.12.21 23:01:41.041,1.52359,1.52392,1.00,1.25
2015.12.21 23:01:41.849,1.52359,1.52388,1.00,1.00
2015.12.21 23:01:42.171,1.52356,1.52388,1.00,1.00
2015.12.21 23:01:42.679,1.52357,1.52388,1.00,1.12
2015.12.21 23:01:43.415,1.52356,1.52388,1.00,1.12
2015.12.21 23:01:46.669,1.52356,1.5239,1.00,1.12
2015.12.21 23:01:46.771,1.52361,1.52392,1.00,1.37
2015.12.21 23:01:47.024,1.52356,1.52393,1.50,1.87
2015.12.21 23:01:47.442,1.5236,1.52393,1.00,1.87
2015.12.21 23:01:47.751,1.52356,1.52393,1.50,1.37
2015.12.21 23:01:48.936,1.52361,1.52393,1.00,2.06
2015.12.21 23:01:49.242,1.52356,1.52393,1.00,1.56
2015.12.21 23:01:49.745,1.52361,1.52393,1.00,1.56
2015.12.21 23:01:49.847,1.52356,1.52393,1.00,1.56
2015.12.21 23:01:49.948,1.52361,1.52393,1.00,1.56
2015.12.21 23:01:50.151,1.52356,1.52393,1.00,1.56
2015.12.21 23:01:50.734,1.52356,1.52393,1.00,1.37
2015.12.21 23:01:50.836,1.52361,1.52393,1.00,1.37
2015.12.21 23:01:50.937,1.52356,1.52393,1.00,1.37
2015.12.21 23:01:51.626,1.52363,1.52395,1.00,1.31
2015.12.21 23:01:52.554,1.52363,1.52393,1.00,1.00
2015.12.21 23:01:53.677,1.52367,1.52393,1.00,1.00
2015.12.21 23:01:55.469,1.52369,1.52393,1.00,1.00
2015.12.21 23:01:57.353,1.52371,1.52393,1.00,1.00
2015.12.21 23:02:00.672,1.52365,1.52393,1.00,1.00
2015.12.21 23:02:00.995,1.5236,1.52393,1.12,1.00
2015.12.21 23:02:01.792,1.52364,1.52393,1.00,1.00
2015.12.21 23:02:02.867,1.52358,1.52393,1.12,1.00
2015.12.21 23:02:02.969,1.52354,1.52393,1.37,1.00
2015.12.21 23:02:03.350,1.52359,1.52393,1.00,1.00
2015.12.21 23:02:03.502,1.52353,1.52393,1.37,1.00
2015.12.21 23:02:03.553,1.52353,1.52389,1.37,1.00
2015.12.21 23:02:03.959,1.5235,1.52389,1.87,1.00
2015.12.21 23:02:04.010,1.52355,1.52389,1.00,1.00
2015.12.21 23:02:04.213,1.5235,1.52389,1.87,1.00
2015.12.21 23:02:04.415,1.52352,1.52389,1.00,1.00
2015.12.21 23:02:04.619,1.5235,1.52389,1.12,1.00
2015.12.21 23:02:05.176,1.52357,1.52389,1.00,1.00
2015.12.21 23:02:05.278,1.5235,1.52389,1.00,1.00
2015.12.21 23:02:05.379,1.52357,1.52389,1.00,1.00
2015.12.21 23:02:05.481,1.52352,1.52389,1.00,1.00
2015.12.21 23:02:05.583,1.5235,1.52389,1.00,1.00
2015.12.21 23:02:05.785,1.52356,1.52389,1.00,1.00
2015.12.21 23:02:05.886,1.5235,1.52389,1.00,1.00
2015.12.21 23:02:06.089,1.52356,1.52389,1.00,1.00
2015.12.21 23:02:06.190,1.5235,1.52389,1.00,1.00
2015.12.21 23:02:06.494,1.52352,1.52389,1.00,1.00
2015.12.21 23:02:06.595,1.52349,1.52389,1.00,1.00
2015.12.21 23:02:07.192,1.52351,1.52389,1.00,1.00
2015.12.21 23:02:07.597,1.52349,1.52389,1.00,1.00
2015.12.21 23:02:07.901,1.52355,1.52389,1.00,1.00
2015.12.21 23:02:08.305,1.52349,1.52389,1.00,1.00
2015.12.21 23:02:08.906,1.52352,1.52389,1.00,1.00
2015.12.21 23:02:09.008,1.52349,1.52389,1.12,1.00
2015.12.21 23:02:09.855,1.52349,1.52388,1.12,1.00
2015.12.21 23:02:10.066,1.52349,1.52386,1.12,1.00
2015.12.21 23:02:12.129,1.52352,1.52386,1.00,1.00
2015.12.21 23:02:13.036,1.52349,1.52386,1.00,1.00
2015.12.21 23:02:13.947,1.52353,1.52386,1.00,1.00
2015.12.21 23:02:14.648,1.52356,1.52386,1.00,1.00
2015.12.21 23:02:14.942,1.52349,1.52386,1.00,1.00
2015.12.21 23:02:15.649,1.52348,1.52386,3.00,1.00
2015.12.21 23:02:15.751,1.52353,1.52386,1.00,1.00
2015.12.21 23:02:15.853,1.52349,1.52388,1.50,1.31
2015.12.21 23:02:15.954,1.52346,1.52387,1.12,1.00
2015.12.21 23:02:16.005,1.52346,1.52385,1.12,1.00
2015.12.21 23:02:16.309,1.52346,1.52382,1.12,1.00
2015.12.21 23:02:16.755,1.52346,1.52384,1.00,1.00
2015.12.21 23:02:16.968,1.52348,1.52384,1.00,1.00
2015.12.21 23:02:17.131,1.52346,1.52384,1.00,1.00
2015.12.21 23:02:17.288,1.52346,1.5238,1.00,1.00
2015.12.21 23:02:17.844,1.52347,1.52382,1.00,1.00
2015.12.21 23:02:18.350,1.52346,1.52384,1.00,1.00
2015.12.21 23:02:19.123,1.52342,1.5238,1.12,1.00
2015.12.21 23:02:19.629,1.52339,1.52379,2.62,1.00
2015.12.21 23:02:20.034,1.52347,1.52379,1.00,1.00
2015.12.21 23:02:20.135,1.52341,1.52379,1.37,1.00
2015.12.21 23:02:20.243,1.52348,1.52379,1.00,1.00
2015.12.21 23:02:20.345,1.52343,1.52379,1.50,1.00
2015.12.21 23:02:20.447,1.52349,1.52379,1.00,1.00
2015.12.21 23:02:20.666,1.52346,1.52383,1.00,1.56
2015.12.21 23:02:20.869,1.52338,1.52379,1.37,1.00
2015.12.21 23:02:20.971,1.52338,1.52376,1.37,1.00
2015.12.21 23:02:21.275,1.52344,1.52378,1.00,1.00
2015.12.21 23:02:21.478,1.52341,1.52378,1.00,1.00
2015.12.21 23:02:21.631,1.52341,1.5238,1.00,1.00
2015.12.21 23:02:21.682,1.52339,1.5238,1.12,1.50
2015.12.21 23:02:21.783,1.52339,1.52375,1.12,1.00
2015.12.21 23:02:22.112,1.52344,1.52379,1.00,1.00
2015.12.21 23:02:22.264,1.52338,1.52379,1.37,1.00
2015.12.21 23:02:22.316,1.52338,1.52375,1.37,1.00
2015.12.21 23:02:22.621,1.52341,1.52379,1.00,1.12
2015.12.21 23:02:22.672,1.52344,1.52379,1.00,1.12
2015.12.21 23:02:22.774,1.5234,1.52379,1.00,1.12
2015.12.21 23:02:22.926,1.5234,1.52375,1.00,1.00
2015.12.21 23:02:23.129,1.52345,1.52382,1.00,1.00
2015.12.21 23:02:23.180,1.52343,1.52382,1.00,1.00
2015.12.21 23:02:23.383,1.52345,1.52382,1.00,1.00
2015.12.21 23:02:23.698,1.52347,1.52383,1.00,1.00
2015.12.21 23:02:23.800,1.52345,1.52383,1.00,1.00
2015.12.21 23:02:23.901,1.52343,1.52383,1.00,1.00
2015.12.21 23:02:23.952,1.52343,1.52378,1.00,1.00
2015.12.21 23:02:24.309,1.52343,1.5238,1.00,1.00
2015.12.21 23:02:24.462,1.52345,1.5238,1.00,1.00
2015.12.21 23:02:24.566,1.52343,1.5238,1.50,1.00
2015.12.21 23:02:24.618,1.52346,1.5238,1.00,1.00
2015.12.21 23:02:24.873,1.52346,1.52383,1.00,1.00
2015.12.21 23:02:25.392,1.52347,1.52383,1.00,1.00
2015.12.21 23:02:25.916,1.52346,1.52383,1.12,1.00
2015.12.21 23:02:26.279,1.52343,1.52383,1.00,1.50
2015.12.21 23:02:26.381,1.52345,1.52383,1.00,1.50
2015.12.21 23:02:26.483,1.52342,1.52383,1.50,1.50
2015.12.21 23:02:26.840,1.52345,1.52383,1.00,1.50
2015.12.21 23:02:27.151,1.52349,1.52383,1.00,1.00
2015.12.21 23:02:27.353,1.5235,1.52385,1.00,1.12
2015.12.21 23:02:27.404,1.52347,1.52385,1.00,1.12
2015.12.21 23:02:27.607,1.52349,1.52385,1.00,1.12
2015.12.21 23:02:28.114,1.52348,1.52385,1.00,1.00
2015.12.21 23:02:28.645,1.52349,1.52385,1.00,1.00
2015.12.21 23:02:29.152,1.52348,1.52385,1.00,1.00
2015.12.21 23:02:29.807,1.5235,1.52385,1.00,1.12
2015.12.21 23:02:29.909,1.52348,1.52385,1.00,1.12
2015.12.21 23:02:30.405,1.52348,1.52383,1.00,1.00
2015.12.21 23:02:30.526,1.52345,1.52383,1.12,1.50
2015.12.21 23:02:32.530,1.52344,1.52383,1.12,1.50
2015.12.21 23:02:32.945,1.52342,1.52379,1.37,1.00
2015.12.21 23:02:33.485,1.52347,1.52379,1.00,1.00
2015.12.21 23:02:33.991,1.52348,1.52379,1.00,1.00
2015.12.21 23:02:34.041,1.52348,1.52383,1.00,2.25
2015.12.21 23:02:34.193,1.52344,1.52383,1.87,1.00
2015.12.21 23:02:34.295,1.52348,1.52383,1.00,1.00
2015.12.21 23:02:34.834,1.52345,1.52383,1.50,1.00
2015.12.21 23:02:36.718,1.52349,1.52383,1.00,1.00
2015.12.21 23:02:37.127,1.52345,1.52383,1.00,1.50
2015.12.21 23:02:37.643,1.52344,1.52383,2.62,1.50
2015.12.21 23:02:38.418,1.52349,1.52383,1.00,1.50
2015.12.21 23:02:39.056,1.52349,1.52382,1.00,1.00
2015.12.21 23:02:39.857,1.52345,1.52382,1.00,1.00
2015.12.21 23:02:40.944,1.52344,1.52382,1.87,1.00
2015.12.21 23:02:41.263,1.52349,1.52382,1.00,1.00
2015.12.21 23:02:41.575,1.52352,1.52382,1.00,1.00
2015.12.21 23:02:42.766,1.52354,1.52382,1.00,1.00
2015.12.21 23:02:45.130,1.52354,1.52383,1.00,1.50
2015.12.21 23:02:46.627,1.52354,1.5238,1.00,1.00
2015.12.21 23:02:46.794,1.52345,1.52377,1.37,1.00
2015.12.21 23:02:47.049,1.52343,1.52377,1.50,1.00
2015.12.21 23:02:47.100,1.52343,1.52381,1.50,1.00
2015.12.21 23:02:47.151,1.52345,1.52381,1.50,1.00
2015.12.21 23:02:47.968,1.52346,1.52381,1.00,1.00
2015.12.21 23:02:49.137,1.52346,1.52385,1.00,1.00
2015.12.21 23:02:50.976,1.52349,1.52385,1.00,1.00
2015.12.21 23:02:54.461,1.52349,1.52386,1.00,1.50
2015.12.21 23:02:56.167,1.52349,1.52386,1.00,1.87
2015.12.21 23:03:08.422,1.52347,1.52384,1.00,1.00
2015.12.21 23:03:09.969,1.52347,1.52383,1.00,1.00
2015.12.21 23:03:13.349,1.52346,1.52383,3.00,1.00
2015.12.21 23:03:13.857,1.52347,1.52383,1.00,1.00
2015.12.21 23:03:16.561,1.52346,1.52383,1.50,1.50
2015.12.21 23:03:17.067,1.52347,1.52383,1.50,1.00
2015.12.21 23:03:18.144,1.52346,1.52383,2.25,1.00
2015.12.21 23:03:18.658,1.52347,1.52383,1.00,1.00
2015.12.21 23:03:19.541,1.52347,1.52385,1.50,1.00
2015.12.21 23:03:21.254,1.52348,1.52385,1.00,1.00
2015.12.21 23:03:21.811,1.52347,1.52385,2.25,1.00
2015.12.21 23:03:23.554,1.52348,1.52385,1.00,1.00
2015.12.21 23:03:25.440,1.52348,1.52383,1.00,1.00
2015.12.21 23:03:26.094,1.52348,1.52386,1.00,1.50
2015.12.21 23:03:26.500,1.52348,1.52384,1.00,1.00
2015.12.21 23:03:30.989,1.52348,1.52386,1.00,1.50
2015.12.21 23:03:31.814,1.52348,1.52384,1.00,1.00
2015.12.21 23:03:32.068,1.52348,1.52386,1.00,1.50
2015.12.21 23:03:33.190,1.52348,1.52383,1.00,1.00
2015.12.21 23:03:33.701,1.52348,1.52386,1.00,1.50
2015.12.21 23:03:34.262,1.52348,1.52383,1.00,1.00
2015.12.21 23:03:34.652,1.52348,1.52386,1.00,1.50
2015.12.21 23:03:35.299,1.52348,1.52388,2.25,1.00
2015.12.21 23:03:35.453,1.52351,1.52388,1.00,1.00
2015.12.21 23:03:35.555,1.52349,1.52388,1.00,1.00
2015.12.21 23:03:35.708,1.52353,1.52387,1.00,1.00
2015.12.21 23:03:35.809,1.52347,1.52385,1.87,1.00
2015.12.21 23:03:36.519,1.52348,1.52385,1.00,1.00
2015.12.21 23:03:36.620,1.52345,1.52385,2.44,1.00
2015.12.21 23:03:37.141,1.52348,1.52385,1.00,1.00
2015.12.21 23:03:37.243,1.52346,1.52385,1.00,1.00
2015.12.21 23:03:37.445,1.52348,1.52384,1.00,1.00
2015.12.21 23:03:37.951,1.52348,1.52385,1.00,1.00
2015.12.21 23:03:38.153,1.52346,1.52385,1.00,1.00
2015.12.21 23:03:38.255,1.52348,1.52385,1.50,1.50
2015.12.21 23:03:38.761,1.52349,1.52385,1.00,1.00
2015.12.21 23:03:39.013,1.52347,1.52385,1.00,1.50
2015.12.21 23:03:39.317,1.52349,1.52385,1.00,1.00
2015.12.21 23:03:39.828,1.52348,1.52385,1.50,1.00
2015.12.21 23:03:40.132,1.52351,1.52385,1.00,1.00
2015.12.21 23:03:40.936,1.52348,1.52385,1.50,1.00
2015.12.21 23:03:41.369,1.5235,1.52386,1.00,1.00
2015.12.21 23:03:42.356,1.52348,1.52386,1.50,1.00
2015.12.21 23:03:44.066,1.52351,1.52388,1.00,1.37
2015.12.21 23:03:44.966,1.52351,1.52388,1.00,1.00
2015.12.21 23:03:45.068,1.52348,1.52388,1.50,1.00
2015.12.21 23:03:46.246,1.52348,1.52387,1.50,1.00
2015.12.21 23:03:46.297,1.52351,1.52387,1.00,1.00
2015.12.21 23:03:52.119,1.52349,1.52387,1.00,1.00
2015.12.21 23:03:52.624,1.52348,1.52387,1.50,1.12
2015.12.21 23:03:53.153,1.52349,1.52387,1.00,1.12
2015.12.21 23:03:53.668,1.52348,1.52387,1.50,1.87
2015.12.21 23:03:55.340,1.52349,1.52387,1.00,1.12
2015.12.21 23:03:55.492,1.52351,1.52387,1.00,1.12
2015.12.21 23:03:56.042,1.52351,1.52387,1.00,1.37
2015.12.21 23:03:58.036,1.52351,1.52387,1.00,1.12
2015.12.21 23:03:58.996,1.52351,1.52387,1.00,1.37
2015.12.21 23:03:59.498,1.52349,1.52387,1.00,1.37
2015.12.21 23:04:00.040,1.52348,1.52386,1.50,1.37
2015.12.21 23:04:00.293,1.52351,1.52386,1.00,1.37
2015.12.21 23:04:00.395,1.52349,1.52387,1.00,1.37
2015.12.21 23:04:01.114,1.5235,1.52387,1.00,1.00
2015.12.21 23:04:01.165,1.52348,1.52387,1.50,1.00
2015.12.21 23:04:01.774,1.52349,1.52387,1.00,1.00
2015.12.21 23:04:02.280,1.52351,1.52386,1.50,1.00
2015.12.21 23:04:02.381,1.52348,1.52386,1.00,1.00
2015.12.21 23:04:02.922,1.52348,1.52385,1.00,1.00
2015.12.21 23:04:03.581,1.52349,1.52385,1.00,1.00
2015.12.21 23:04:04.095,1.52348,1.52385,1.00,1.00
2015.12.21 23:04:04.601,1.52347,1.52384,1.00,1.00
2015.12.21 23:04:05.107,1.52348,1.52384,1.00,1.00
2015.12.21 23:04:05.209,1.5235,1.52384,1.00,1.00
2015.12.21 23:04:05.716,1.5235,1.52385,1.00,1.12
2015.12.21 23:04:07.477,1.5235,1.52386,1.00,1.12
2015.12.21 23:04:08.059,1.5235,1.52385,1.00,1.00
2015.12.21 23:04:08.595,1.5235,1.52386,1.00,1.12
2015.12.21 23:04:09.101,1.5235,1.52385,1.00,1.00
2015.12.21 23:04:10.355,1.5235,1.52386,1.00,1.12
2015.12.21 23:04:11.164,1.52349,1.52386,1.50,1.12
2015.12.21 23:04:11.691,1.52349,1.52386,1.50,1.37
2015.12.21 23:04:12.349,1.52349,1.52386,1.00,1.12
2015.12.21 23:04:12.652,1.52351,1.52387,1.00,1.62
2015.12.21 23:04:13.340,1.52351,1.52387,1.00,1.25
2015.12.21 23:04:15.237,1.5235,1.52387,1.00,1.25
2015.12.21 23:04:15.744,1.5235,1.52387,1.00,1.62
2015.12.21 23:04:17.040,1.5235,1.52387,1.00,1.00
2015.12.21 23:04:17.552,1.52351,1.52386,1.00,1.00
2015.12.21 23:04:20.053,1.52352,1.52386,1.00,1.00
2015.12.21 23:04:21.167,1.52351,1.52386,1.00,1.00
2015.12.21 23:04:22.464,1.52352,1.52386,1.00,1.00
2015.12.21 23:04:22.955,1.52352,1.52388,1.00,1.00
2015.12.21 23:04:23.467,1.52351,1.52388,1.00,1.25
2015.12.21 23:04:24.631,1.52352,1.52388,1.00,1.00
2015.12.21 23:04:27.987,1.52352,1.52386,1.50,1.00
2015.12.21 23:04:29.384,1.52354,1.52386,1.00,1.00
2015.12.21 23:04:32.368,1.52352,1.52386,1.00,1.00
2015.12.21 23:04:33.059,1.52352,1.52388,1.00,1.00
2015.12.21 23:04:38.977,1.52355,1.52385,1.00,1.00
2015.12.21 23:04:39.281,1.52355,1.5238,1.00,1.00
2015.12.21 23:04:39.786,1.52354,1.5238,1.00,1.00
2015.12.21 23:04:40.336,1.52354,1.5238,1.00,1.37
2015.12.21 23:04:42.949,1.52352,1.5238,1.00,1.25
2015.12.21 23:04:43.152,1.5235,1.5238,1.00,1.00
2015.12.21 23:04:44.125,1.52351,1.5238,1.00,1.25
2015.12.21 23:04:47.780,1.52348,1.5238,1.50,1.00
2015.12.21 23:04:47.983,1.52351,1.5238,1.00,1.00
2015.12.21 23:04:48.033,1.52351,1.52382,1.00,1.00
2015.12.21 23:04:48.548,1.52351,1.52386,1.50,2.06
2015.12.21 23:04:48.941,1.52351,1.52386,1.50,1.50
2015.12.21 23:04:58.290,1.52352,1.52387,1.00,1.25
2015.12.21 23:04:58.876,1.52354,1.52387,1.00,1.25
2015.12.21 23:05:00.684,1.52354,1.52389,1.50,1.25
2015.12.21 23:05:00.785,1.52356,1.52389,1.00,1.25
2015.12.21 23:05:01.089,1.52358,1.52391,1.00,1.31
2015.12.21 23:05:02.059,1.52358,1.52391,1.00,1.00
2015.12.21 23:05:02.565,1.52358,1.5239,1.00,1.00
2015.12.21 23:05:03.072,1.52359,1.52391,1.00,1.00
2015.12.21 23:05:04.829,1.52359,1.5239,1.00,1.00
2015.12.21 23:05:05.425,1.5236,1.5239,1.00,1.00
2015.12.21 23:05:05.987,1.5236,1.52389,1.00,1.00
2015.12.21 23:05:09.563,1.52358,1.52389,1.00,1.12
2015.12.21 23:05:10.940,1.52358,1.5239,1.00,1.50
2015.12.21 23:05:12.010,1.52358,1.52393,1.00,1.69
2015.12.21 23:05:12.650,1.52357,1.52393,1.00,1.69
2015.12.21 23:05:13.814,1.52357,1.52393,1.00,1.69
2015.12.21 23:05:16.013,1.52357,1.52395,1.00,1.31
2015.12.21 23:05:16.772,1.52358,1.52395,1.00,1.31
2015.12.21 23:05:17.279,1.52356,1.52395,1.12,1.19
2015.12.21 23:05:17.380,1.52358,1.52395,1.00,1.19
2015.12.21 23:05:17.896,1.52357,1.52395,1.00,1.19
2015.12.21 23:05:19.615,1.52358,1.52395,1.00,1.31
2015.12.21 23:05:21.584,1.52357,1.52395,1.50,1.19
2015.12.21 23:05:22.124,1.52357,1.52395,1.50,1.00
2015.12.21 23:05:23.548,1.52359,1.52395,1.00,1.00
2015.12.21 23:05:23.868,1.52361,1.52395,1.00,1.00
2015.12.21 23:05:25.311,1.52358,1.52395,1.50,1.00
2015.12.21 23:05:27.170,1.52358,1.52394,1.00,1.00
2015.12.21 23:05:27.697,1.52357,1.52394,1.00,1.25
2015.12.21 23:05:28.203,1.52358,1.52394,1.00,1.25
2015.12.21 23:05:29.514,1.52356,1.52394,1.00,1.25
2015.12.21 23:05:30.021,1.52356,1.52393,1.00,1.00
2015.12.21 23:05:31.493,1.52358,1.52393,1.00,1.00
2015.12.21 23:05:32.517,1.52358,1.52395,1.00,1.31
2015.12.21 23:05:33.327,1.52362,1.52395,1.00,1.19
2015.12.21 23:05:33.949,1.52361,1.52396,1.50,1.19
2015.12.21 23:05:34.485,1.52362,1.52399,1.00,1.94
2015.12.21 23:05:34.697,1.52362,1.52399,1.50,1.69
2015.12.21 23:05:35.921,1.52362,1.52399,1.50,1.62
2015.12.21 23:05:36.433,1.52362,1.52399,2.25,1.25
2015.12.21 23:05:44.634,1.52362,1.52401,3.00,1.19
2015.12.21 23:05:45.837,1.52362,1.52401,1.50,1.31
2015.12.21 23:05:48.349,1.52362,1.52401,3.00,1.19
2015.12.21 23:05:49.556,1.52362,1.52401,2.25,1.56
2015.12.21 23:05:51.922,1.52362,1.524,1.50,1.19
2015.12.21 23:05:52.478,1.52364,1.52402,1.00,1.56
2015.12.21 23:05:53.318,1.52364,1.52402,1.00,1.25
2015.12.21 23:05:54.720,1.52364,1.52402,1.00,1.62
2015.12.21 23:05:55.687,1.52362,1.52402,1.00,1.62
2015.12.21 23:05:57.564,1.52365,1.52402,1.00,1.94
2015.12.21 23:05:58.069,1.52365,1.52402,1.00,1.37
2015.12.21 23:05:58.593,1.52365,1.52402,1.00,1.37
2015.12.21 23:06:01.296,1.52365,1.52402,1.00,1.12
2015.12.21 23:06:03.656,1.52365,1.52403,1.00,1.31
2015.12.21 23:06:03.959,1.52365,1.52403,1.00,2.06
2015.12.21 23:06:04.314,1.52362,1.52399,1.00,1.37
2015.12.21 23:06:04.844,1.52362,1.52399,1.00,1.00
2015.12.21 23:06:05.173,1.52365,1.52399,1.00,1.00
2015.12.21 23:06:09.477,1.52365,1.52401,1.00,1.00
2015.12.21 23:06:14.283,1.52365,1.52401,1.00,1.37
2015.12.21 23:06:17.230,1.52364,1.52401,1.50,1.37
2015.12.21 23:06:17.755,1.52365,1.52401,1.50,1.37
2015.12.21 23:06:17.957,1.52365,1.52401,1.50,1.00
2015.12.21 23:06:20.879,1.52365,1.52398,1.00,1.00
2015.12.21 23:06:20.931,1.5236,1.52398,2.25,1.00
2015.12.21 23:06:21.133,1.52358,1.52398,1.00,1.00
2015.12.21 23:06:21.386,1.52358,1.52394,1.00,1.00
2015.12.21 23:06:21.437,1.52354,1.52394,1.25,1.00
2015.12.21 23:06:21.590,1.52352,1.52393,1.50,1.19
2015.12.21 23:06:22.016,1.52351,1.5239,1.00,1.00
2015.12.21 23:06:32.081,1.52351,1.52388,1.00,1.00
2015.12.21 23:06:34.841,1.52352,1.52388,1.00,1.00
2015.12.21 23:06:37.145,1.52352,1.52391,1.00,1.00
2015.12.21 23:06:41.419,1.52352,1.5239,1.00,1.00
2015.12.21 23:06:41.956,1.52352,1.52391,1.00,1.00
2015.12.21 23:06:42.237,1.52352,1.52389,1.00,1.00
2015.12.21 23:06:47.933,1.52351,1.52389,1.12,1.00
2015.12.21 23:06:50.774,1.52351,1.5239,1.00,1.00
2015.12.21 23:06:52.948,1.52351,1.52389,1.00,1.00
2015.12.21 23:06:54.295,1.52352,1.52389,1.00,1.00
2015.12.21 23:06:54.796,1.52351,1.52389,1.00,1.00
2015.12.21 23:06:56.922,1.5235,1.52389,1.87,1.00
2015.12.21 23:06:58.214,1.5235,1.5239,1.50,1.00
2015.12.21 23:07:02.789,1.5235,1.5239,1.87,1.00
2015.12.21 23:07:08.580,1.52351,1.52389,1.00,1.00
2015.12.21 23:07:09.150,1.52352,1.52389,1.00,1.00
2015.12.21 23:07:09.676,1.52351,1.52388,1.00,1.00
2015.12.21 23:07:16.855,1.52353,1.52388,1.00,1.00
2015.12.21 23:07:20.520,1.52353,1.5239,1.00,1.00
2015.12.21 23:07:25.536,1.52353,1.52388,1.00,1.00
2015.12.21 23:07:28.598,1.52352,1.52388,1.00,1.00
2015.12.21 23:07:30.624,1.52352,1.5239,1.00,1.00
2015.12.21 23:07:31.383,1.5235,1.5239,1.50,1.00
2015.12.21 23:07:31.926,1.52349,1.5239,1.50,1.50
2015.12.21 23:07:32.436,1.5235,1.5239,2.25,1.00
2015.12.21 23:07:33.259,1.52353,1.5239,1.00,1.00
2015.12.21 23:07:35.682,1.5235,1.5239,2.25,1.00
2015.12.21 23:07:36.087,1.52353,1.52389,1.00,1.00
2015.12.21 23:07:36.795,1.5235,1.52389,3.00,1.00
2015.12.21 23:07:37.099,1.52353,1.52389,1.00,1.00
2015.12.21 23:07:40.233,1.5235,1.52389,3.00,1.00
2015.12.21 23:07:41.301,1.52353,1.52389,1.00,1.00
2015.12.21 23:07:43.611,1.52354,1.52389,1.00,1.00
2015.12.21 23:07:46.034,1.52354,1.52392,1.00,1.00
2015.12.21 23:07:49.619,1.52353,1.52388,1.00,1.00
2015.12.21 23:07:51.764,1.5235,1.52388,1.12,1.00
2015.12.21 23:07:51.866,1.52352,1.52388,1.00,1.00
2015.12.21 23:07:53.011,1.52352,1.52385,1.00,1.00
2015.12.21 23:07:55.628,1.52353,1.52385,1.00,1.00
2015.12.21 23:07:56.142,1.5235,1.52385,1.00,1.00
2015.12.21 23:07:56.193,1.52345,1.52385,1.37,1.00
2015.12.21 23:07:56.396,1.52345,1.52383,1.37,1.00
2015.12.21 23:07:56.703,1.52347,1.52381,1.12,1.00
2015.12.21 23:07:58.920,1.52344,1.52381,1.50,1.00
2015.12.21 23:08:02.596,1.52344,1.52379,1.00,1.00
2015.12.21 23:08:03.051,1.52342,1.52379,1.50,1.00
2015.12.21 23:08:03.272,1.52344,1.52379,1.00,1.00
2015.12.21 23:08:04.281,1.52343,1.52379,1.00,1.00
2015.12.21 23:08:04.889,1.52344,1.52379,1.00,1.50
2015.12.21 23:08:12.641,1.52344,1.5238,1.50,1.00
2015.12.21 23:08:17.272,1.52344,1.52384,2.25,1.62
2015.12.21 23:08:17.473,1.52348,1.52384,1.00,1.62
2015.12.21 23:08:17.987,1.52348,1.52384,1.00,1.25
2015.12.21 23:08:18.816,1.52347,1.52384,1.12,1.00
2015.12.21 23:08:19.331,1.52345,1.52384,1.00,1.00
2015.12.21 23:08:21.348,1.52349,1.52384,1.00,1.00
2015.12.21 23:08:22.684,1.52349,1.52385,1.00,1.00
2015.12.21 23:08:22.949,1.52344,1.52385,3.37,1.50
2015.12.21 23:08:23.101,1.52344,1.52382,1.87,1.00
2015.12.21 23:08:23.880,1.52344,1.52382,2.25,1.00
2015.12.21 23:08:24.474,1.52346,1.52382,1.00,1.00
2015.12.21 23:08:26.229,1.52347,1.52382,1.00,1.00
2015.12.21 23:08:26.745,1.52346,1.52382,1.00,1.00
2015.12.21 23:08:27.360,1.52344,1.52382,1.50,1.00
2015.12.21 23:08:27.463,1.52346,1.52382,1.00,1.00
2015.12.21 23:08:27.666,1.52343,1.52382,1.87,1.00
2015.12.21 23:08:28.172,1.52344,1.52381,1.00,1.00
2015.12.21 23:08:28.274,1.52346,1.52381,1.00,1.00
2015.12.21 23:08:28.635,1.52344,1.52381,2.25,1.00
2015.12.21 23:08:29.145,1.52345,1.52381,1.00,1.00
2015.12.21 23:08:29.356,1.52347,1.52381,1.00,1.00
2015.12.21 23:08:30.173,1.52346,1.52381,1.12,1.00
2015.12.21 23:08:30.982,1.52344,1.52381,1.00,1.00
2015.12.21 23:08:31.852,1.52344,1.5238,1.50,1.00
2015.12.21 23:08:34.963,1.52343,1.5238,1.87,1.00
2015.12.21 23:08:36.415,1.52345,1.5238,1.00,1.00
2015.12.21 23:08:38.056,1.52345,1.52381,1.50,1.00
2015.12.21 23:08:38.968,1.52346,1.52381,1.00,1.00
2015.12.21 23:08:40.182,1.52345,1.52381,1.00,1.00
2015.12.21 23:08:40.769,1.52346,1.52381,1.00,1.00
2015.12.21 23:08:41.566,1.52345,1.52381,1.00,1.00
2015.12.21 23:08:42.123,1.52346,1.52381,1.00,1.00
2015.12.21 23:08:42.741,1.52345,1.52381,1.00,1.00
2015.12.21 23:08:43.249,1.52346,1.52381,1.00,1.00
2015.12.21 23:08:44.479,1.52344,1.52381,1.50,1.00
2015.12.21 23:08:45.190,1.52342,1.52381,2.25,1.00
2015.12.21 23:08:45.292,1.52344,1.52381,1.00,1.00
2015.12.21 23:08:48.249,1.52344,1.52379,2.25,1.00
2015.12.21 23:08:53.812,1.52344,1.52378,2.25,1.00
2015.12.21 23:08:54.126,1.52346,1.52378,1.00,1.00
2015.12.21 23:08:58.944,1.52346,1.5238,1.00,1.00
2015.12.21 23:09:04.007,1.52346,1.52379,1.00,1.00
2015.12.21 23:09:07.949,1.52345,1.52379,1.50,1.00
2015.12.21 23:09:16.468,1.52344,1.52379,1.50,1.00
2015.12.21 23:09:17.673,1.52342,1.52379,2.25,1.00
2015.12.21 23:09:17.724,1.52344,1.52379,1.00,1.00
2015.12.21 23:09:20.022,1.52345,1.52379,1.00,1.00
2015.12.21 23:09:20.546,1.52346,1.5238,1.00,1.00
2015.12.21 23:09:21.387,1.52347,1.5238,1.00,1.00
2015.12.21 23:09:30.935,1.52351,1.5238,1.00,1.00
2015.12.21 23:09:36.524,1.5235,1.5238,1.00,1.00
2015.12.21 23:09:41.004,1.5235,1.52379,1.00,1.00
2015.12.21 23:09:41.387,1.52352,1.52379,1.00,1.00
2015.12.21 23:09:46.065,1.52352,1.52381,1.00,1.12
2015.12.21 23:09:51.505,1.52354,1.52381,1.00,1.00
2015.12.21 23:09:53.610,1.52353,1.52381,1.50,1.00
2015.12.21 23:10:01.351,1.52353,1.52382,1.50,1.25
2015.12.21 23:10:06.669,1.52348,1.52382,1.00,1.12
2015.12.21 23:10:08.700,1.52347,1.52382,1.00,1.37
2015.12.21 23:10:09.707,1.52347,1.52382,1.00,1.12
2015.12.21 23:10:10.718,1.52347,1.52382,1.00,1.37
2015.12.21 23:10:11.299,1.52347,1.5238,1.00,1.00
2015.12.21 23:10:12.831,1.52348,1.5238,1.00,1.00
2015.12.21 23:10:14.790,1.5235,1.5238,1.00,1.00
2015.12.21 23:10:14.896,1.52347,1.5238,1.00,1.00
2015.12.21 23:10:15.402,1.52348,1.5238,1.00,1.00
2015.12.21 23:10:16.437,1.52348,1.52381,1.00,1.00
2015.12.21 23:10:28.482,1.52348,1.52382,1.00,1.00
2015.12.21 23:10:29.665,1.52349,1.52382,1.00,1.00
2015.12.21 23:10:31.764,1.52349,1.52383,1.00,1.00
2015.12.21 23:10:34.297,1.52349,1.52383,1.37,1.37
2015.12.21 23:10:44.414,1.5235,1.52383,1.00,1.12
2015.12.21 23:10:44.770,1.5235,1.52384,1.00,1.75
2015.12.21 23:10:45.722,1.52348,1.52382,1.50,1.50
2015.12.21 23:10:54.055,1.52348,1.52382,1.12,1.37
2015.12.21 23:10:55.513,1.52343,1.52381,2.62,1.75
2015.12.21 23:11:03.750,1.52343,1.5238,1.50,1.87
2015.12.21 23:11:04.255,1.52343,1.52378,1.12,1.12
2015.12.21 23:11:04.962,1.52343,1.52379,1.37,1.12
2015.12.21 23:11:05.488,1.52343,1.52381,1.75,3.00
2015.12.21 23:11:07.977,1.52341,1.52378,2.62,1.37
2015.12.21 23:11:08.028,1.52341,1.52378,2.25,1.12
2015.12.21 23:11:17.014,1.52342,1.52379,1.87,1.75
2015.12.21 23:11:17.065,1.52343,1.52379,1.12,1.37
2015.12.21 23:11:17.918,1.52343,1.52379,1.75,1.37
2015.12.21 23:11:18.071,1.52343,1.5238,1.12,1.75
2015.12.21 23:11:18.821,1.52342,1.52379,1.12,1.37
2015.12.21 23:11:18.974,1.52345,1.52379,1.00,1.00
2015.12.21 23:11:25.611,1.52344,1.52379,1.50,1.37
2015.12.21 23:11:26.118,1.52342,1.52379,1.75,1.87
2015.12.21 23:11:26.648,1.52342,1.52377,1.75,1.12
2015.12.21 23:11:28.508,1.52342,1.52378,1.75,1.12
2015.12.21 23:11:36.933,1.52342,1.5238,1.87,2.25
2015.12.21 23:11:37.446,1.52342,1.5238,1.87,1.12
2015.12.21 23:11:50.460,1.52342,1.52379,1.75,1.50
2015.12.21 23:11:50.997,1.52342,1.52379,1.75,1.75
2015.12.21 23:12:35.225,1.52343,1.5238,1.75,1.12
2015.12.21 23:12:40.442,1.52342,1.52378,1.75,1.12
2015.12.21 23:12:41.754,1.52342,1.5238,1.75,1.75
2015.12.21 23:12:42.830,1.52342,1.52378,1.75,1.12
2015.12.21 23:12:46.069,1.52343,1.52377,1.75,1.00
2015.12.21 23:12:55.226,1.52343,1.52381,1.75,1.12
2015.12.21 23:12:58.079,1.52343,1.52379,1.75,1.12
2015.12.21 23:13:04.292,1.52343,1.52381,1.75,1.12
2015.12.21 23:13:13.339,1.52342,1.52379,1.75,1.12
2015.12.21 23:13:16.107,1.52343,1.5238,1.87,1.50
2015.12.21 23:13:16.158,1.52344,1.5238,1.87,1.37
2015.12.21 23:13:17.205,1.52344,1.5238,1.87,1.12
2015.12.21 23:13:17.256,1.52343,1.5238,1.75,1.75
2015.12.21 23:13:18.729,1.52344,1.5238,1.75,1.37
2015.12.21 23:13:18.780,1.52344,1.5238,1.12,1.00
2015.12.21 23:13:18.882,1.52343,1.5238,1.50,1.12
2015.12.21 23:13:19.197,1.52344,1.52381,1.87,1.37
2015.12.21 23:13:23.434,1.52343,1.52381,1.87,1.12
2015.12.21 23:13:23.485,1.52343,1.5238,1.50,1.12
2015.12.21 23:13:24.627,1.52347,1.5238,1.12,1.37
2015.12.21 23:13:24.678,1.52347,1.52382,1.50,1.75
2015.12.21 23:13:24.830,1.52352,1.52383,1.00,1.75
2015.12.21 23:13:24.983,1.52352,1.52385,1.12,2.25
2015.12.21 23:13:25.085,1.52352,1.52385,1.75,1.50
2015.12.21 23:13:25.587,1.52353,1.52387,1.50,1.87
2015.12.21 23:13:27.695,1.52352,1.52385,1.75,1.00
2015.12.21 23:13:28.329,1.52351,1.52388,1.75,1.75
2015.12.21 23:13:32.674,1.52355,1.52387,1.00,1.50
2015.12.21 23:13:33.182,1.52351,1.52387,1.75,1.50
2015.12.21 23:13:33.990,1.52355,1.52387,1.00,1.50
2015.12.21 23:13:34.497,1.52352,1.52387,1.75,1.50
2015.12.21 23:13:39.903,1.5235,1.52385,1.87,1.50
2015.12.21 23:13:40.106,1.52348,1.5238,1.00,1.50
2015.12.21 23:13:40.158,1.52348,1.5238,1.00,1.87
2015.12.21 23:13:40.412,1.52343,1.52376,1.50,1.11
2015.12.21 23:13:40.859,1.52344,1.52376,1.50,1.11
2015.12.21 23:13:41.366,1.52345,1.52379,1.75,1.05
2015.12.21 23:13:41.570,1.52344,1.5238,1.75,1.48
2015.12.21 23:13:43.295,1.52348,1.52381,1.00,1.23
2015.12.21 23:13:44.197,1.52349,1.52384,1.75,1.48
2015.12.21 23:13:44.869,1.52351,1.52383,1.50,1.19
2015.12.21 23:13:45.417,1.52352,1.52387,1.12,1.31
2015.12.21 23:13:46.111,1.52355,1.52386,1.00,1.31
2015.12.21 23:13:47.516,1.52358,1.52386,1.00,1.31
2015.12.21 23:13:48.733,1.5236,1.52386,1.00,1.31
2015.12.21 23:13:52.126,1.5236,1.52388,1.00,1.94
2015.12.21 23:14:01.466,1.5236,1.52388,1.00,1.56
2015.12.21 23:14:08.671,1.52359,1.52388,1.00,2.06
2015.12.21 23:14:14.408,1.52359,1.52389,1.00,1.39
2015.12.21 23:14:15.285,1.52359,1.52389,1.00,1.39
2015.12.21 23:14:19.498,1.5236,1.52389,1.00,1.39
2015.12.21 23:14:29.535,1.52361,1.5239,1.00,2.44
2015.12.21 23:14:35.008,1.52361,1.52388,1.00,1.12
2015.12.21 23:14:39.548,1.5236,1.52388,1.00,1.12
2015.12.21 23:14:40.722,1.52358,1.52388,1.00,1.12
2015.12.21 23:14:45.544,1.52358,1.52389,1.00,1.31
2015.12.21 23:14:46.076,1.52358,1.5239,1.00,2.44
2015.12.21 23:14:51.768,1.52356,1.52377,1.00,1.00
2015.12.21 23:14:52.072,1.52351,1.52371,3.00,2.25
2015.12.21 23:14:52.326,1.52353,1.5237,1.12,1.00
2015.12.21 23:14:52.887,1.52347,1.5237,1.00,1.00
2015.12.21 23:14:53.394,1.52345,1.5237,1.50,1.00
2015.12.21 23:14:55.951,1.52345,1.52371,1.50,1.50
2015.12.21 23:14:56.052,1.52345,1.52378,1.50,1.50
2015.12.21 23:14:57.700,1.52344,1.52375,3.75,1.00
2015.12.21 23:14:59.664,1.52346,1.52375,1.37,1.00
2015.12.21 23:15:00.901,1.52346,1.52377,1.75,1.00
2015.12.21 23:15:02.517,1.52346,1.52377,1.87,1.00
2015.12.21 23:15:03.717,1.52345,1.52376,1.87,1.00
2015.12.21 23:15:04.685,1.52346,1.52374,1.12,1.00
2015.12.21 23:15:09.252,1.52346,1.5236,1.12,1.00
2015.12.21 23:15:09.570,1.52346,1.5236,1.12,1.00
2015.12.21 23:15:09.723,1.52343,1.52361,1.00,2.10
2015.12.21 23:15:10.964,1.52344,1.52374,1.50,1.00
2015.12.21 23:15:12.802,1.52345,1.52377,1.87,1.12
2015.12.21 23:15:13.170,1.52345,1.52377,1.87,1.00
2015.12.21 23:15:13.703,1.52345,1.52376,3.75,1.00
2015.12.21 23:15:15.918,1.52346,1.52376,1.37,1.00
2015.12.21 23:15:22.913,1.52346,1.52377,1.12,1.00
2015.12.21 23:15:24.528,1.52346,1.52378,1.12,1.50
2015.12.21 23:15:24.630,1.52344,1.52378,1.50,2.25
2015.12.21 23:15:26.147,1.52345,1.52375,1.12,1.00
2015.12.21 23:15:31.174,1.52345,1.52375,1.50,1.00
2015.12.21 23:15:31.705,1.52344,1.52375,2.62,1.00
2015.12.21 23:15:35.541,1.52344,1.52375,2.25,1.00
2015.12.21 23:15:36.074,1.52344,1.52374,1.50,1.00
2015.12.21 23:15:36.686,1.52344,1.52374,2.25,1.00
2015.12.21 23:15:37.187,1.52344,1.52374,2.62,1.00
2015.12.21 23:15:55.204,1.52344,1.52374,2.25,1.00
2015.12.21 23:15:56.111,1.52345,1.52375,1.50,1.00
2015.12.21 23:15:58.630,1.52346,1.52378,1.12,1.87
2015.12.21 23:15:58.682,1.52346,1.52376,1.12,1.00
2015.12.21 23:16:03.212,1.52344,1.52375,1.75,1.00
2015.12.21 23:16:05.355,1.52344,1.52372,1.75,1.00
2015.12.21 23:16:11.327,1.52344,1.52372,1.50,1.00
2015.12.21 23:16:20.106,1.52343,1.52371,1.75,1.00
2015.12.21 23:16:26.128,1.52343,1.52371,1.87,1.00
2015.12.21 23:16:34.186,1.52342,1.52371,1.75,1.00
2015.12.21 23:16:38.673,1.52343,1.52371,1.50,1.00
2015.12.21 23:16:39.230,1.52343,1.5237,2.25,1.00
2015.12.21 23:16:40.088,1.52346,1.5237,1.31,1.00
2015.12.21 23:16:41.080,1.52343,1.5237,2.25,1.00
2015.12.21 23:16:46.379,1.52343,1.5237,1.56,1.00
2015.12.21 23:16:51.588,1.52343,1.5237,2.06,1.00
2015.12.21 23:16:54.119,1.52343,1.5237,1.31,1.00
2015.12.21 23:16:54.775,1.52341,1.5237,1.31,1.00
2015.12.21 23:16:56.674,1.52341,1.52369,1.31,1.00
2015.12.21 23:16:56.725,1.52339,1.52369,1.87,1.00
2015.12.21 23:16:56.776,1.52339,1.52365,1.12,1.00
2015.12.21 23:16:56.930,1.5233,1.52364,1.37,1.12
2015.12.21 23:16:56.981,1.5233,1.52364,1.94,1.12
2015.12.21 23:16:57.032,1.52331,1.52366,1.31,1.87
2015.12.21 23:16:57.235,1.52333,1.5237,1.31,2.62
2015.12.21 23:17:05.224,1.52335,1.52371,1.31,1.75
2015.12.21 23:17:35.309,1.52336,1.52367,1.56,1.00
2015.12.21 23:17:40.075,1.52336,1.52368,1.31,1.00
2015.12.21 23:17:40.582,1.52336,1.52367,1.31,1.00
2015.12.21 23:17:45.320,1.52336,1.52366,1.31,1.00
2015.12.21 23:17:55.213,1.52335,1.52366,1.31,1.00
2015.12.21 23:17:55.761,1.52335,1.52367,1.31,1.00
2015.12.21 23:18:00.646,1.52333,1.52367,2.06,1.50
2015.12.21 23:18:02.529,1.52334,1.52367,1.69,1.50
2015.12.21 23:18:03.731,1.52333,1.52367,1.31,1.50
2015.12.21 23:18:15.282,1.52332,1.52367,1.56,1.00
2015.12.21 23:18:16.518,1.52332,1.52364,1.69,1.00
2015.12.21 23:18:16.722,1.52327,1.52363,2.06,1.12
2015.12.21 23:18:16.927,1.52327,1.5236,2.06,1.00
2015.12.21 23:18:17.237,1.52327,1.5236,2.06,2.25
2015.12.21 23:18:17.389,1.52327,1.5236,2.06,1.12
2015.12.21 23:18:17.746,1.52327,1.52364,2.06,1.37
2015.12.21 23:18:17.797,1.52326,1.52367,2.44,1.37
2015.12.21 23:18:18.304,1.52329,1.52367,1.56,1.00
2015.12.21 23:18:21.200,1.5233,1.52366,2.44,1.00
2015.12.21 23:18:22.210,1.52331,1.52366,1.56,1.00
2015.12.21 23:18:24.615,1.52332,1.52366,1.56,1.00
2015.12.21 23:18:28.525,1.52332,1.52364,1.56,1.00
2015.12.21 23:18:29.220,1.52332,1.52364,1.56,1.00
2015.12.21 23:18:30.230,1.52332,1.52367,1.56,1.00
2015.12.21 23:18:34.266,1.52332,1.52368,1.56,1.00
2015.12.21 23:18:34.447,1.52332,1.5237,1.56,1.00
2015.12.21 23:18:34.920,1.5233,1.52368,2.44,1.00
2015.12.21 23:18:35.453,1.5233,1.52368,2.06,1.00
2015.12.21 23:18:40.792,1.5233,1.52368,1.56,1.00
2015.12.21 23:18:59.625,1.52331,1.52368,2.06,1.00
2015.12.21 23:19:00.132,1.52331,1.52367,1.56,1.00
2015.12.21 23:19:00.538,1.5233,1.52365,1.56,1.00
2015.12.21 23:19:00.791,1.52329,1.52365,1.56,1.00
2015.12.21 23:19:01.306,1.52329,1.52365,1.56,1.37
2015.12.21 23:19:02.186,1.52329,1.52365,1.56,1.12
2015.12.21 23:19:02.844,1.52329,1.52362,1.56,1.00
2015.12.21 23:19:04.576,1.52329,1.52362,1.56,1.00
2015.12.21 23:19:09.566,1.52327,1.52359,1.94,1.00
2015.12.21 23:19:09.820,1.52323,1.52357,1.50,1.50
2015.12.21 23:19:09.871,1.52317,1.5235,1.56,1.00
2015.12.21 23:19:09.922,1.52314,1.5235,1.37,1.87
2015.12.21 23:19:09.973,1.52313,1.52349,1.50,1.00
2015.12.21 23:19:10.025,1.52313,1.52345,1.00,1.00
2015.12.21 23:19:10.560,1.52309,1.52344,1.56,1.00
2015.12.21 23:19:13.587,1.52309,1.52341,1.56,1.00
2015.12.21 23:19:25.130,1.52311,1.52341,1.56,1.00
2015.12.21 23:19:25.182,1.52311,1.52345,1.56,1.50
2015.12.21 23:19:25.688,1.52311,1.5235,2.06,1.87
2015.12.21 23:19:26.370,1.52313,1.5235,1.56,1.37
2015.12.21 23:19:27.675,1.52313,1.5235,1.56,1.00
2015.12.21 23:19:27.726,1.52313,1.5235,2.06,1.00
2015.12.21 23:19:28.959,1.52313,1.5235,2.44,1.00
2015.12.21 23:19:29.498,1.52313,1.52349,3.19,1.00
2015.12.21 23:19:35.141,1.52315,1.52349,1.56,1.00
2015.12.21 23:19:37.426,1.52315,1.52348,1.56,1.00
2015.12.21 23:19:57.405,1.52314,1.52347,1.56,1.00
2015.12.21 23:20:06.237,1.52314,1.52348,1.69,1.00
2015.12.21 23:20:07.439,1.52314,1.52346,1.69,1.00
2015.12.21 23:20:27.386,1.52314,1.52348,1.69,1.00
2015.12.21 23:20:39.395,1.52317,1.5235,1.56,1.00
2015.12.21 23:20:42.148,1.52317,1.5235,1.56,1.87
2015.12.21 23:20:44.227,1.52317,1.52348,1.56,1.00
2015.12.21 23:20:46.642,1.52317,1.52348,1.56,1.00
2015.12.21 23:20:49.435,1.52318,1.52349,1.56,1.50
2015.12.21 23:20:50.579,1.52318,1.52349,1.56,1.50
2015.12.21 23:20:51.126,1.52318,1.52348,1.56,1.00
2015.12.21 23:20:52.782,1.52318,1.52348,1.56,1.00
2015.12.21 23:21:03.038,1.52315,1.52348,1.19,1.00
2015.12.21 23:21:03.248,1.52314,1.52349,1.12,1.00
2015.12.21 23:21:05.311,1.52313,1.52349,2.06,1.00
2015.12.21 23:21:11.076,1.52313,1.52349,2.06,1.00
2015.12.21 23:21:11.690,1.52313,1.5235,1.31,1.00
2015.12.21 23:21:13.027,1.52314,1.5235,1.19,1.00
2015.12.21 23:21:13.529,1.52313,1.52349,1.69,1.00
2015.12.21 23:21:15.485,1.52314,1.52349,1.69,1.00
2015.12.21 23:21:23.111,1.52317,1.5235,1.19,1.00
2015.12.21 23:21:25.140,1.52317,1.5235,1.00,1.00
2015.12.21 23:21:32.259,1.52317,1.52352,1.00,1.50
2015.12.21 23:21:36.368,1.52318,1.52352,1.00,1.50
2015.12.21 23:21:41.903,1.52319,1.52352,1.00,1.50
2015.12.21 23:21:42.859,1.52319,1.52353,1.00,1.00
2015.12.21 23:21:42.961,1.52319,1.52355,1.56,1.12
2015.12.21 23:21:43.062,1.52324,1.52357,1.56,1.00
2015.12.21 23:21:43.164,1.52324,1.5236,1.94,1.37
2015.12.21 23:21:43.671,1.52328,1.52363,1.25,1.00
2015.12.21 23:21:50.054,1.52329,1.52363,1.00,1.00
2015.12.21 23:21:53.308,1.52329,1.52363,1.31,1.00
2015.12.21 23:21:56.141,1.52329,1.52363,1.00,1.00
2015.12.21 23:21:56.648,1.52326,1.52362,1.31,1.00
2015.12.21 23:22:06.317,1.52327,1.52361,1.19,1.00
2015.12.21 23:22:09.668,1.52328,1.52361,1.31,1.00
2015.12.21 23:22:10.923,1.52328,1.5236,1.25,1.00
2015.12.21 23:22:13.297,1.52327,1.5236,1.25,1.00
2015.12.21 23:22:16.646,1.52327,1.5236,1.19,1.00
2015.12.21 23:22:18.862,1.52328,1.52361,1.25,1.00
2015.12.21 23:22:19.376,1.52328,1.5236,1.25,1.00
2015.12.21 23:22:24.249,1.52327,1.52361,1.19,1.00
2015.12.21 23:22:28.952,1.52327,1.5236,1.19,1.00
2015.12.21 23:22:29.459,1.52327,1.5236,1.25,1.00
2015.12.21 23:22:30.153,1.52327,1.52357,1.25,1.00
2015.12.21 23:22:34.443,1.52324,1.52357,1.00,1.00
2015.12.21 23:22:35.203,1.52324,1.52357,1.19,1.00
2015.12.21 23:22:38.168,1.52325,1.52357,1.31,1.00
2015.12.21 23:22:45.590,1.52326,1.52358,1.25,1.00
2015.12.21 23:22:49.213,1.52326,1.52357,1.31,1.00
2015.12.21 23:22:50.219,1.52326,1.52358,1.31,1.00
2015.12.21 23:22:57.433,1.52326,1.52358,1.19,1.50
2015.12.21 23:23:00.163,1.52326,1.52356,1.19,1.00
2015.12.21 23:23:01.344,1.52326,1.52357,1.19,1.00
2015.12.21 23:23:04.967,1.52326,1.52356,1.19,1.00
2015.12.21 23:23:06.317,1.52326,1.52356,1.00,1.00
2015.12.21 23:23:06.865,1.52325,1.52356,2.06,1.00
2015.12.21 23:23:07.567,1.52326,1.52356,1.00,1.00
2015.12.21 23:23:08.186,1.52326,1.52356,1.31,1.00
2015.12.21 23:23:11.908,1.52327,1.52357,1.19,1.00
2015.12.21 23:23:12.802,1.52327,1.52356,1.19,1.00
2015.12.21 23:23:20.210,1.52326,1.52358,2.06,1.00
2015.12.21 23:23:21.660,1.52326,1.52357,2.06,1.00
2015.12.21 23:23:22.164,1.52328,1.52358,1.25,1.00
2015.12.21 23:23:28.436,1.52328,1.52358,1.56,1.00
2015.12.21 23:23:31.397,1.52328,1.52358,1.25,1.00
2015.12.21 23:23:32.202,1.52328,1.52359,1.25,1.00
2015.12.21 23:23:33.786,1.52329,1.52359,1.00,1.00
2015.12.21 23:23:50.014,1.52327,1.52359,1.00,1.00
2015.12.21 23:23:52.160,1.52327,1.5236,1.00,1.00
2015.12.21 23:23:57.987,1.52327,1.52358,1.00,1.00
2015.12.21 23:24:05.019,1.52327,1.5236,1.00,1.00
2015.12.21 23:24:05.727,1.5233,1.5236,1.00,1.00
2015.12.21 23:24:05.829,1.5233,1.52363,1.50,1.00
2015.12.21 23:24:05.931,1.52334,1.52363,1.00,1.00
2015.12.21 23:24:06.033,1.52334,1.52367,1.00,1.00
2015.12.21 23:24:07.721,1.52334,1.52368,1.12,1.00
2015.12.21 23:24:14.057,1.52335,1.52368,1.00,1.00
2015.12.21 23:24:17.658,1.52335,1.52367,1.12,1.00
2015.12.21 23:24:37.292,1.52335,1.52368,1.50,1.00
2015.12.21 23:24:39.651,1.52335,1.52368,1.87,1.00
2015.12.21 23:24:40.652,1.52335,1.52368,1.87,1.00
2015.12.21 23:24:42.375,1.5234,1.52368,1.00,1.00
2015.12.21 23:24:49.005,1.52338,1.52368,1.00,1.00
2015.12.21 23:24:52.280,1.52335,1.52368,1.50,1.00
2015.12.21 23:24:52.481,1.52335,1.52366,1.50,1.00
2015.12.21 23:24:52.938,1.52334,1.52366,1.12,1.00
2015.12.21 23:24:58.325,1.52333,1.52366,1.00,1.00
2015.12.21 23:25:02.338,1.52333,1.52365,1.00,1.00
2015.12.21 23:25:03.836,1.52331,1.52365,1.50,1.00
2015.12.21 23:25:04.712,1.52334,1.52365,1.00,1.00
2015.12.21 23:25:05.017,1.52334,1.52367,1.75,1.00
2015.12.21 23:25:05.524,1.52336,1.52368,1.50,1.00
2015.12.21 23:25:08.879,1.52336,1.52368,1.87,1.00
2015.12.21 23:25:09.950,1.52337,1.52368,1.00,1.00
2015.12.21 23:25:10.492,1.52336,1.52367,1.12,1.00
2015.12.21 23:25:10.543,1.52332,1.52367,3.37,1.00
2015.12.21 23:25:11.455,1.52332,1.52367,3.37,1.00
2015.12.21 23:25:12.114,1.52332,1.5237,3.37,1.00
2015.12.21 23:25:13.333,1.52334,1.5237,1.00,1.00
2015.12.21 23:25:14.114,1.52334,1.52368,1.00,1.00
2015.12.21 23:25:22.204,1.52334,1.52369,3.00,1.00
2015.12.21 23:25:22.512,1.52338,1.52369,1.00,1.00
2015.12.21 23:25:23.976,1.52338,1.52368,1.00,1.00
2015.12.21 23:25:24.521,1.52338,1.52369,1.00,1.00
2015.12.21 23:25:33.887,1.52335,1.52369,1.50,1.00
2015.12.21 23:25:34.141,1.52335,1.52367,2.25,1.00
2015.12.21 23:25:34.446,1.52337,1.52367,1.00,1.00
2015.12.21 23:25:44.137,1.52337,1.52366,1.00,1.00
2015.12.21 23:25:47.245,1.52337,1.52367,1.00,1.00
2015.12.21 23:25:47.873,1.52337,1.52366,1.00,1.00
2015.12.21 23:25:48.280,1.52335,1.52367,1.12,1.00
2015.12.21 23:25:48.808,1.52332,1.52365,1.37,1.00
2015.12.21 23:25:49.358,1.52332,1.52365,1.00,1.00
2015.12.21 23:25:53.511,1.52332,1.52362,1.00,1.00
2015.12.21 23:25:53.722,1.52327,1.52362,1.12,1.00
2015.12.21 23:25:53.926,1.52323,1.52361,1.50,1.00
2015.12.21 23:25:53.977,1.52323,1.52359,1.50,1.00
2015.12.21 23:25:54.028,1.52319,1.52358,1.75,1.00
2015.12.21 23:25:54.130,1.52319,1.52355,1.00,1.00
2015.12.21 23:25:56.883,1.52317,1.52355,1.00,1.69
2015.12.21 23:25:57.396,1.52317,1.52354,1.00,1.00
2015.12.21 23:25:57.976,1.52317,1.52352,1.00,1.00
2015.12.21 23:26:01.175,1.52316,1.52352,1.12,1.00
2015.12.21 23:26:04.155,1.52314,1.52352,1.37,1.25
2015.12.21 23:26:05.491,1.52314,1.52352,1.12,1.25
2015.12.21 23:26:05.798,1.52314,1.52349,1.12,1.00
2015.12.21 23:26:10.249,1.52314,1.52349,1.37,1.00
2015.12.21 23:26:12.133,1.5231,1.52347,2.25,1.00
2015.12.21 23:26:12.184,1.5231,1.52347,1.00,1.00
2015.12.21 23:26:12.286,1.52308,1.52343,1.00,1.69
2015.12.21 23:26:12.388,1.52305,1.5234,1.50,1.00
2015.12.21 23:26:12.692,1.52305,1.52339,1.50,1.87
2015.12.21 23:26:12.794,1.52298,1.52335,1.50,1.00
2015.12.21 23:26:13.057,1.52298,1.52333,1.37,1.00
2015.12.21 23:26:14.268,1.52298,1.52333,1.37,1.00
2015.12.21 23:26:15.910,1.52298,1.52333,1.37,1.00
2015.12.21 23:26:18.785,1.52298,1.52332,1.37,1.00
2015.12.21 23:26:20.282,1.52298,1.5233,1.37,1.00
2015.12.21 23:26:20.334,1.52293,1.5233,1.87,1.00
2015.12.21 23:26:21.236,1.52293,1.5233,1.12,1.00
2015.12.21 23:26:21.796,1.52293,1.52328,1.12,1.00
2015.12.21 23:26:22.375,1.52292,1.52328,1.87,1.50
2015.12.21 23:26:23.254,1.52291,1.52328,1.87,2.25
2015.12.21 23:26:25.058,1.52291,1.52326,1.00,1.00
2015.12.21 23:26:25.423,1.52279,1.52315,1.00,1.69
2015.12.21 23:26:25.965,1.52278,1.52315,1.00,1.25
2015.12.21 23:26:26.481,1.52278,1.52314,1.00,1.12
2015.12.21 23:26:26.879,1.52278,1.52315,1.00,1.94
2015.12.21 23:26:31.707,1.52276,1.52314,1.50,1.56
2015.12.21 23:26:33.297,1.52276,1.52314,1.87,1.56
2015.12.21 23:26:33.601,1.52281,1.52317,1.12,2.06
2015.12.21 23:26:33.754,1.52281,1.52317,1.87,2.06
2015.12.21 23:26:34.058,1.52283,1.52317,1.87,2.06
2015.12.21 23:26:34.844,1.52283,1.52321,1.87,1.56
2015.12.21 23:26:34.945,1.52283,1.52321,1.50,1.56
2015.12.21 23:26:35.047,1.52287,1.52321,1.00,1.56
2015.12.21 23:26:36.149,1.52287,1.52321,1.00,1.69
2015.12.21 23:26:36.655,1.52286,1.52321,1.00,1.69
2015.12.21 23:26:38.968,1.52285,1.52321,1.00,1.69
2015.12.21 23:26:39.172,1.52283,1.52321,1.50,1.56
2015.12.21 23:26:40.288,1.52284,1.5232,1.00,1.56
2015.12.21 23:26:40.339,1.52284,1.5232,1.00,1.00
2015.12.21 23:26:42.281,1.52283,1.5232,1.00,1.00
2015.12.21 23:26:45.394,1.52281,1.5232,1.37,1.00
2015.12.21 23:26:47.373,1.52281,1.5232,1.37,1.19
2015.12.21 23:26:49.864,1.52281,1.5232,1.37,1.00
2015.12.21 23:26:52.215,1.5228,1.5232,1.87,1.69
2015.12.21 23:27:04.461,1.52282,1.52319,1.87,1.00
2015.12.21 23:27:04.968,1.52284,1.52318,1.00,1.00
2015.12.21 23:27:06.059,1.52285,1.52318,1.00,1.00
2015.12.21 23:27:06.565,1.52286,1.52318,1.00,1.25
2015.12.21 23:27:08.548,1.52287,1.5232,1.00,1.31
2015.12.21 23:27:09.886,1.52287,1.5232,1.00,1.19
2015.12.21 23:27:11.140,1.52287,1.5232,1.00,1.31
2015.12.21 23:27:18.157,1.52284,1.52318,1.50,1.00
2015.12.21 23:27:21.576,1.52283,1.52318,1.12,1.00
2015.12.21 23:27:25.903,1.52283,1.5232,1.00,1.00
2015.12.21 23:27:26.005,1.52287,1.5232,1.00,1.00
2015.12.21 23:27:26.309,1.5229,1.52323,1.00,1.00
2015.12.21 23:27:27.503,1.52287,1.52323,1.87,1.00
2015.12.21 23:27:27.757,1.52287,1.5232,1.00,1.00
2015.12.21 23:27:30.201,1.52286,1.5232,1.00,1.00
2015.12.21 23:27:31.420,1.52287,1.5232,1.00,1.00
2015.12.21 23:27:38.815,1.52284,1.5232,2.25,1.00
2015.12.21 23:27:41.494,1.52285,1.5232,1.00,1.00
2015.12.21 23:27:42.912,1.52284,1.5232,1.87,1.00
2015.12.21 23:27:43.466,1.52285,1.5232,1.00,1.00
2015.12.21 23:27:44.871,1.52284,1.5232,2.62,1.00
2015.12.21 23:27:47.535,1.52285,1.5232,1.00,1.00
2015.12.21 23:27:48.157,1.52284,1.5232,2.25,1.00
2015.12.21 23:27:51.487,1.52285,1.5232,1.00,1.00
2015.12.21 23:27:51.943,1.52283,1.5232,1.50,1.00
2015.12.21 23:27:53.631,1.52283,1.5232,1.37,1.00
2015.12.21 23:27:54.618,1.52284,1.5232,1.37,1.00
2015.12.21 23:27:57.496,1.52284,1.52321,1.87,1.00
2015.12.21 23:27:58.044,1.52284,1.52321,1.50,1.00
2015.12.21 23:27:58.448,1.52283,1.52323,1.87,1.00
2015.12.21 23:27:58.964,1.52284,1.52323,1.00,1.00
2015.12.21 23:28:00.407,1.52283,1.52323,1.87,1.00
2015.12.21 23:28:00.944,1.52283,1.52323,1.87,1.00
2015.12.21 23:28:04.174,1.52285,1.52323,1.00,1.00
2015.12.21 23:28:09.967,1.52285,1.52321,1.00,1.00
2015.12.21 23:28:10.322,1.52285,1.52324,1.00,1.00
2015.12.21 23:28:10.535,1.52287,1.52324,1.50,1.00
2015.12.21 23:28:10.587,1.52287,1.52327,1.87,1.37
2015.12.21 23:28:10.689,1.52291,1.52328,1.00,1.00
2015.12.21 23:28:10.842,1.52289,1.5233,1.87,1.12
2015.12.21 23:28:11.248,1.52289,1.52329,1.12,1.00
2015.12.21 23:28:11.873,1.52288,1.52329,2.62,1.50
2015.12.21 23:28:12.707,1.52288,1.52329,2.62,1.00
2015.12.21 23:28:13.689,1.52288,1.52328,2.62,1.00
2015.12.21 23:28:13.995,1.52292,1.52328,1.00,1.00
2015.12.21 23:28:14.864,1.52292,1.52329,1.87,1.00
2015.12.21 23:28:15.457,1.52292,1.5233,1.87,1.00
2015.12.21 23:28:16.490,1.52293,1.5233,1.50,1.00
2015.12.21 23:28:16.824,1.52296,1.5233,1.00,1.00
2015.12.21 23:28:29.825,1.52297,1.5233,1.00,1.00
2015.12.21 23:28:30.129,1.52299,1.5233,1.00,1.00
2015.12.21 23:28:34.633,1.52299,1.52332,1.00,1.50
2015.12.21 23:28:35.829,1.52297,1.52332,1.00,1.50
2015.12.21 23:28:36.632,1.52297,1.52331,1.00,1.00
2015.12.21 23:28:39.847,1.52296,1.52331,1.00,1.00
2015.12.21 23:28:45.248,1.52296,1.5233,1.00,1.00
2015.12.21 23:28:54.858,1.52296,1.5233,1.81,1.00
2015.12.21 23:28:55.011,1.52299,1.52336,2.06,1.00
2015.12.21 23:28:55.518,1.52307,1.52341,2.25,1.00
2015.12.21 23:28:55.620,1.52311,1.52346,1.69,1.00
2015.12.21 23:28:55.722,1.52316,1.52346,1.00,1.00
2015.12.21 23:28:56.040,1.5232,1.52356,1.50,1.75
2015.12.21 23:28:56.091,1.5232,1.52357,2.81,1.00
2015.12.21 23:28:56.194,1.5232,1.52359,2.81,1.12
2015.12.21 23:29:01.108,1.52323,1.5236,1.25,1.50
2015.12.21 23:29:07.608,1.52324,1.5236,1.00,1.50
2015.12.21 23:29:08.143,1.52323,1.5236,1.25,1.50
2015.12.21 23:29:10.054,1.52324,1.5236,1.00,1.50
2015.12.21 23:29:10.673,1.52323,1.5236,1.25,1.50
2015.12.21 23:29:11.049,1.52325,1.5236,1.00,1.00
2015.12.21 23:29:14.572,1.52323,1.5236,1.25,1.00
2015.12.21 23:29:19.949,1.52323,1.5236,2.06,1.00
2015.12.21 23:29:27.586,1.52323,1.52362,1.69,1.00
2015.12.21 23:29:29.299,1.52326,1.52362,1.00,1.50
2015.12.21 23:29:32.003,1.52326,1.52364,1.50,1.12
2015.12.21 23:29:32.105,1.52325,1.52364,2.62,1.00
2015.12.21 23:29:32.426,1.52326,1.52366,1.37,1.50
2015.12.21 23:29:32.901,1.52328,1.52368,1.12,1.12
2015.12.21 23:29:33.104,1.52328,1.52364,1.12,1.00
2015.12.21 23:29:33.358,1.52328,1.52368,1.87,1.00
2015.12.21 23:29:34.240,1.52328,1.52368,2.44,1.50
2015.12.21 23:29:48.359,1.5233,1.52366,1.00,1.00
2015.12.21 23:29:49.120,1.5233,1.52367,1.00,1.00
2015.12.21 23:29:58.717,1.5233,1.52367,1.62,1.00
2015.12.21 23:29:59.551,1.52329,1.52367,1.56,1.00
2015.12.21 23:30:00.600,1.5233,1.52364,1.31,1.00
2015.12.21 23:30:01.728,1.5233,1.52364,1.31,1.00
2015.12.21 23:30:06.106,1.5233,1.52363,1.31,1.00
2015.12.21 23:30:12.164,1.52331,1.52365,1.19,1.00
2015.12.21 23:30:14.578,1.5233,1.52364,1.31,1.00
2015.12.21 23:30:36.137,1.52334,1.52363,1.00,1.00
2015.12.21 23:30:36.324,1.52335,1.52366,1.00,1.00
2015.12.21 23:30:36.477,1.52335,1.52366,1.56,1.00
2015.12.21 23:30:36.984,1.52336,1.52367,1.56,1.00
2015.12.21 23:30:37.035,1.52336,1.5237,1.56,1.00
2015.12.21 23:30:37.543,1.52338,1.52371,1.19,1.00
2015.12.21 23:30:37.766,1.52337,1.52371,1.69,1.00
2015.12.21 23:30:38.770,1.52338,1.52371,1.00,1.00
2015.12.21 23:30:39.298,1.52337,1.52371,1.69,1.00
2015.12.21 23:30:39.807,1.52338,1.52371,1.00,1.00
2015.12.21 23:30:40.335,1.52338,1.52372,1.50,1.00
2015.12.21 23:30:46.486,1.52338,1.52372,1.69,1.00
2015.12.21 23:30:47.361,1.5234,1.52374,1.00,1.50
2015.12.21 23:30:49.022,1.52338,1.52372,1.69,1.00
2015.12.21 23:30:52.529,1.52339,1.52373,1.69,1.00
2015.12.21 23:30:59.334,1.52338,1.52375,1.69,1.50
2015.12.21 23:30:59.436,1.52335,1.52368,3.19,1.00
2015.12.21 23:30:59.791,1.52335,1.52368,1.00,1.00
2015.12.21 23:31:00.138,1.52331,1.52368,1.31,1.00
2015.12.21 23:31:00.443,1.5233,1.52364,1.56,1.00
2015.12.21 23:31:00.748,1.5233,1.52357,1.56,1.00
2015.12.21 23:31:03.009,1.52327,1.52357,1.19,1.00
2015.12.21 23:31:03.663,1.52327,1.52358,1.19,1.00
2015.12.21 23:31:03.765,1.52327,1.52356,1.19,1.00
2015.12.21 23:31:10.792,1.52327,1.52358,1.19,1.00
2015.12.21 23:31:10.894,1.52324,1.52353,1.56,1.00
2015.12.21 23:31:11.249,1.52324,1.52349,1.00,1.00
2015.12.21 23:31:11.553,1.52324,1.52344,1.00,1.00
2015.12.21 23:31:11.604,1.52311,1.52344,1.96,1.00
2015.12.21 23:31:11.655,1.52311,1.52339,1.96,1.00
2015.12.21 23:31:12.998,1.52311,1.52339,1.19,1.00
2015.12.21 23:31:21.605,1.52311,1.52339,1.56,1.00
2015.12.21 23:31:22.218,1.52309,1.52338,2.25,1.00
2015.12.21 23:31:22.523,1.52309,1.52336,2.25,1.00
2015.12.21 23:31:23.143,1.52309,1.52336,2.06,1.00
2015.12.21 23:31:24.841,1.52309,1.52336,2.06,1.00
2015.12.21 23:31:27.047,1.52319,1.52336,1.00,1.00
2015.12.21 23:31:27.149,1.52319,1.5235,1.25,1.00
2015.12.21 23:31:27.352,1.52318,1.52352,1.19,1.00
2015.12.21 23:31:27.454,1.52316,1.52347,1.56,1.00
2015.12.21 23:31:27.659,1.52314,1.52347,1.00,1.00
2015.12.21 23:31:27.920,1.52314,1.5234,1.00,1.00
2015.12.21 23:31:28.464,1.52314,1.52339,1.00,1.00
2015.12.21 23:31:29.009,1.52312,1.52339,1.25,1.00
2015.12.21 23:31:31.651,1.52312,1.52337,1.25,1.00
2015.12.21 23:31:31.855,1.52312,1.52341,1.25,1.00
2015.12.21 23:31:32.835,1.52311,1.52341,2.06,1.00
2015.12.21 23:31:34.589,1.52311,1.52341,1.69,1.00
2015.12.21 23:31:36.880,1.52311,1.52341,2.06,1.00
2015.12.21 23:31:43.586,1.5231,1.52341,1.00,1.00
2015.12.21 23:31:44.094,1.52311,1.52342,1.00,1.00
2015.12.21 23:31:45.111,1.52311,1.52341,1.00,1.00
2015.12.21 23:32:01.545,1.52311,1.52344,1.00,1.00
2015.12.21 23:32:01.647,1.5231,1.52347,1.00,1.00
2015.12.21 23:32:01.952,1.5231,1.5235,1.50,1.50
2015.12.21 23:32:02.324,1.52312,1.5235,1.00,1.00
2015.12.21 23:32:06.241,1.52312,1.52352,1.00,1.50
2015.12.21 23:32:17.808,1.52312,1.52352,1.37,1.50
2015.12.21 23:32:18.072,1.52313,1.52354,1.12,1.50
2015.12.21 23:32:18.600,1.52313,1.52353,1.87,1.00
2015.12.21 23:32:19.549,1.52313,1.52354,1.50,1.50
2015.12.21 23:32:19.600,1.52313,1.52354,1.37,1.50
2015.12.21 23:32:20.107,1.52313,1.52354,1.87,1.50
2015.12.21 23:32:20.878,1.52314,1.52351,1.50,1.00
2015.12.21 23:32:21.201,1.52319,1.52351,1.00,1.00
2015.12.21 23:32:21.725,1.52319,1.52352,1.00,1.00
2015.12.21 23:32:25.319,1.52319,1.5235,1.00,1.00
2015.12.21 23:32:26.319,1.52319,1.52349,1.00,1.00
2015.12.21 23:32:36.272,1.52318,1.52349,1.00,1.00
2015.12.21 23:32:56.291,1.52317,1.52349,1.50,1.00
2015.12.21 23:32:59.830,1.52317,1.5235,1.50,1.00
2015.12.21 23:33:00.823,1.52317,1.52349,3.00,1.00
2015.12.21 23:33:01.229,1.52319,1.52349,1.00,1.00
2015.12.21 23:33:06.333,1.52318,1.52349,1.00,1.00
2015.12.21 23:33:14.952,1.52317,1.52349,1.00,1.00
2015.12.21 23:33:15.269,1.52317,1.52344,1.00,1.00
2015.12.21 23:33:15.439,1.52314,1.52344,3.00,1.50
2015.12.21 23:33:15.816,1.52314,1.52347,1.00,1.00
2015.12.21 23:33:15.919,1.52314,1.52345,1.00,1.00
2015.12.21 23:33:16.357,1.52315,1.52343,1.50,1.00
2015.12.21 23:33:17.017,1.52315,1.52344,1.50,1.00
2015.12.21 23:33:18.784,1.52316,1.52344,1.00,1.00
2015.12.21 23:33:31.990,1.52316,1.52345,1.00,1.00
2015.12.21 23:33:32.497,1.52316,1.52344,1.00,1.00
2015.12.21 23:33:34.618,1.52316,1.52343,1.00,1.00
2015.12.21 23:33:36.538,1.52314,1.52343,2.44,1.00
2015.12.21 23:33:38.474,1.52317,1.52343,1.00,1.00
2015.12.21 23:33:38.960,1.52315,1.52343,1.25,1.00
2015.12.21 23:33:41.098,1.52315,1.52342,1.25,1.00
2015.12.21 23:33:43.421,1.52316,1.52342,1.00,1.00
2015.12.21 23:33:50.499,1.52315,1.52342,1.25,1.00
2015.12.21 23:33:52.669,1.52315,1.52344,1.25,1.00
2015.12.21 23:33:54.844,1.52316,1.52344,1.00,1.00
2015.12.21 23:33:54.947,1.52316,1.52342,1.00,1.00
2015.12.21 23:33:57.027,1.52316,1.5234,1.00,1.00
2015.12.21 23:33:59.710,1.52316,1.52339,1.00,1.00
2015.12.21 23:34:00.222,1.52314,1.52339,1.00,1.50
2015.12.21 23:34:00.273,1.52314,1.52339,1.00,1.87
2015.12.21 23:34:00.324,1.52305,1.52336,1.00,1.37
2015.12.21 23:34:00.375,1.52302,1.52333,1.20,1.00
2015.12.21 23:34:00.427,1.523,1.52333,1.00,1.00
2015.12.21 23:34:00.478,1.523,1.52324,1.00,1.00
2015.12.21 23:34:00.682,1.52299,1.52326,1.00,1.00
2015.12.21 23:34:00.886,1.52296,1.52314,1.00,1.00
2015.12.21 23:34:01.404,1.52297,1.52314,1.00,1.00
2015.12.21 23:34:01.455,1.52297,1.5232,1.00,1.00
2015.12.21 23:34:01.759,1.52297,1.52317,1.00,1.00
2015.12.21 23:34:01.912,1.52281,1.52314,2.25,1.56
2015.12.21 23:34:02.014,1.52274,1.52308,1.00,1.19
2015.12.21 23:34:02.241,1.52272,1.523,1.50,1.00
2015.12.21 23:34:03.172,1.52272,1.523,1.00,1.31
2015.12.21 23:34:03.691,1.5227,1.52298,1.50,1.00
2015.12.21 23:34:04.199,1.52271,1.52299,1.00,1.25
2015.12.21 23:34:04.733,1.52269,1.52297,3.00,1.00
2015.12.21 23:34:05.208,1.52268,1.52291,1.50,1.00
2015.12.21 23:34:09.248,1.52266,1.52291,1.50,1.00
2015.12.21 23:34:09.923,1.52266,1.52292,1.12,1.00
2015.12.21 23:34:11.254,1.52266,1.52291,1.12,1.00
2015.12.21 23:34:11.356,1.52268,1.52291,1.00,1.00
2015.12.21 23:34:11.862,1.52267,1.52291,1.00,1.00
2015.12.21 23:34:12.406,1.52268,1.52291,1.00,1.00
2015.12.21 23:34:13.999,1.52267,1.52291,1.00,1.00
2015.12.21 23:34:14.308,1.52268,1.52291,1.75,1.00
2015.12.21 23:34:14.565,1.52268,1.52296,2.25,1.00
2015.12.21 23:34:15.072,1.52268,1.52295,2.25,1.00
2015.12.21 23:34:20.115,1.5227,1.52296,1.37,1.00
2015.12.21 23:34:23.559,1.52272,1.52297,1.00,1.00
2015.12.21 23:34:24.066,1.52273,1.52298,1.00,1.00
2015.12.21 23:34:26.230,1.52275,1.52298,1.00,1.00
2015.12.21 23:34:26.332,1.52273,1.52298,1.00,1.00
2015.12.21 23:34:30.915,1.52273,1.52299,1.00,1.25
2015.12.21 23:34:34.095,1.52273,1.52299,1.00,1.31
2015.12.21 23:34:36.788,1.5227,1.52299,1.00,1.31
2015.12.21 23:34:36.839,1.5227,1.52299,1.00,1.56
2015.12.21 23:34:37.346,1.52271,1.52299,1.00,2.06
2015.12.21 23:34:38.409,1.52272,1.52299,1.00,1.56
2015.12.21 23:34:38.847,1.52272,1.52299,1.00,1.56
2015.12.21 23:34:47.629,1.52272,1.52297,1.00,1.00
2015.12.21 23:34:48.086,1.52275,1.52297,1.00,1.00
2015.12.21 23:34:48.972,1.52275,1.52297,1.00,1.19
2015.12.21 23:34:49.492,1.52275,1.52295,1.00,1.00
2015.12.21 23:34:49.644,1.52267,1.52291,1.00,1.19
2015.12.21 23:34:49.746,1.52269,1.52292,1.00,1.31
2015.12.21 23:34:50.322,1.5227,1.52292,1.00,1.31
2015.12.21 23:34:51.250,1.5227,1.52292,1.00,1.31
2015.12.21 23:34:52.056,1.52265,1.52294,1.00,2.06
2015.12.21 23:34:52.158,1.52268,1.52294,1.00,2.06
2015.12.21 23:34:52.260,1.52268,1.52294,1.00,1.00
2015.12.21 23:34:52.361,1.52272,1.52294,1.00,1.00
2015.12.21 23:34:52.463,1.52272,1.52299,1.00,2.44
2015.12.21 23:34:52.514,1.52275,1.52299,1.00,2.44
2015.12.21 23:34:55.348,1.52274,1.52299,1.00,1.31
2015.12.21 23:34:57.244,1.52273,1.52299,1.00,1.31
2015.12.21 23:34:57.750,1.52274,1.52299,1.00,1.31
2015.12.21 23:34:58.056,1.52274,1.52296,1.00,1.00
2015.12.21 23:34:58.368,1.52273,1.52292,1.00,1.25
2015.12.21 23:34:58.879,1.52272,1.52292,1.00,1.25
2015.12.21 23:34:58.980,1.52268,1.52292,1.00,1.25
2015.12.21 23:35:00.108,1.52268,1.52291,1.00,1.00
2015.12.21 23:35:00.813,1.5227,1.52293,1.00,1.31
2015.12.21 23:35:01.502,1.5227,1.52293,1.00,1.25
2015.12.21 23:35:03.449,1.5227,1.52293,1.00,1.19
2015.12.21 23:35:10.621,1.5227,1.52295,1.00,2.06
2015.12.21 23:35:12.188,1.52269,1.52296,1.00,1.56
2015.12.21 23:35:12.662,1.52273,1.52301,1.00,1.94
2015.12.21 23:35:12.966,1.52277,1.52298,1.00,1.56
2015.12.21 23:35:14.915,1.52277,1.52298,1.00,1.00
2015.12.21 23:35:16.443,1.52277,1.52294,1.00,1.00
2015.12.21 23:35:16.595,1.52273,1.52294,1.00,1.00
2015.12.21 23:35:16.646,1.52273,1.52292,1.00,1.00
2015.12.21 23:35:17.082,1.52269,1.52292,1.00,1.00
2015.12.21 23:35:17.621,1.5227,1.52292,1.00,1.00
2015.12.21 23:35:18.128,1.5227,1.52292,1.00,2.44
2015.12.21 23:35:22.341,1.5227,1.5229,1.00,1.00
2015.12.21 23:35:25.167,1.52263,1.5229,1.00,1.00
2015.12.21 23:35:25.541,1.5226,1.52288,1.00,1.00
2015.12.21 23:35:25.594,1.52263,1.5229,1.00,1.00
2015.12.21 23:35:26.483,1.5226,1.52288,1.00,1.00
2015.12.21 23:35:26.586,1.52263,1.52286,1.00,1.00
2015.12.21 23:35:26.789,1.52263,1.52289,1.00,1.25
2015.12.21 23:35:27.056,1.52267,1.52289,1.00,1.25
2015.12.21 23:35:32.178,1.52267,1.52291,1.00,1.00
2015.12.21 23:35:36.725,1.52268,1.52294,1.00,1.00
2015.12.21 23:35:36.929,1.52272,1.52294,1.00,1.00
2015.12.21 23:35:37.183,1.52273,1.52297,1.00,1.19
2015.12.21 23:35:38.271,1.52273,1.52297,1.00,1.56
2015.12.21 23:35:41.866,1.52273,1.52297,1.00,1.00
2015.12.21 23:35:43.074,1.52273,1.52298,1.00,1.00
2015.12.21 23:35:43.531,1.52276,1.52295,1.00,1.25
2015.12.21 23:35:43.734,1.52272,1.52292,1.00,1.00
2015.12.21 23:35:44.043,1.52272,1.5229,1.00,1.00
2015.12.21 23:35:44.418,1.5227,1.52296,1.00,2.44
2015.12.21 23:35:44.621,1.52273,1.52296,1.00,1.31
2015.12.21 23:35:45.532,1.52273,1.52296,1.00,1.00
2015.12.21 23:35:46.075,1.52274,1.52296,1.00,1.00
2015.12.21 23:35:48.339,1.52274,1.52299,1.00,1.00
2015.12.21 23:35:48.846,1.52275,1.52299,1.00,1.00
2015.12.21 23:35:49.358,1.52275,1.523,1.00,1.00
2015.12.21 23:35:49.736,1.52274,1.52295,1.50,1.00
2015.12.21 23:35:49.787,1.52272,1.52298,1.00,1.00
2015.12.21 23:35:50.246,1.52269,1.52298,1.00,1.00
2015.12.21 23:35:50.553,1.52273,1.52298,1.00,1.00
2015.12.21 23:35:56.318,1.52273,1.52299,1.00,1.00
2015.12.21 23:36:01.606,1.52273,1.52298,1.00,1.00
2015.12.21 23:36:02.672,1.52273,1.523,1.50,1.00
2015.12.21 23:36:03.208,1.52274,1.52301,1.50,1.50
2015.12.21 23:36:06.874,1.52275,1.52301,1.00,1.50
2015.12.21 23:36:07.541,1.52274,1.52301,1.00,1.00
2015.12.21 23:36:07.593,1.52276,1.52306,1.00,2.81
2015.12.21 23:36:07.947,1.52274,1.52306,1.50,2.06
2015.12.21 23:36:08.479,1.52275,1.52306,1.00,2.06
2015.12.21 23:36:08.985,1.52274,1.52306,1.00,2.06
2015.12.21 23:36:09.532,1.52275,1.52306,1.00,1.31
2015.12.21 23:36:10.039,1.52274,1.52306,1.50,2.06
2015.12.21 23:36:10.545,1.52275,1.52306,1.00,2.06
2015.12.21 23:36:11.108,1.52276,1.52306,1.00,2.06
2015.12.21 23:36:11.269,1.52274,1.52306,2.25,2.06
2015.12.21 23:36:11.471,1.52276,1.52306,1.00,2.06
2015.12.21 23:36:11.988,1.52275,1.52306,1.00,2.06
2015.12.21 23:36:12.495,1.52276,1.52305,1.00,1.00
2015.12.21 23:36:13.026,1.52275,1.52305,1.00,1.00
2015.12.21 23:36:13.543,1.52276,1.52305,1.00,1.00
2015.12.21 23:36:14.050,1.52275,1.52305,1.50,1.25
2015.12.21 23:36:14.628,1.52276,1.52305,1.00,1.25
2015.12.21 23:36:15.136,1.52275,1.52305,1.50,1.25
2015.12.21 23:36:22.131,1.52274,1.52306,3.00,1.31
2015.12.21 23:36:22.667,1.52275,1.52307,1.50,2.06
2015.12.21 23:36:23.878,1.52275,1.52307,1.50,1.69
2015.12.21 23:36:25.346,1.52276,1.52307,1.00,1.69
2015.12.21 23:36:25.889,1.52275,1.52307,1.00,1.69
2015.12.21 23:36:26.540,1.52274,1.52307,3.00,1.25
2015.12.21 23:36:27.341,1.52275,1.52307,1.00,1.69
2015.12.21 23:36:27.594,1.52274,1.52305,2.25,1.00
2015.12.21 23:36:28.310,1.52275,1.52305,1.00,1.25
2015.12.21 23:36:30.657,1.52276,1.52305,1.00,1.00
2015.12.21 23:36:31.167,1.52275,1.52305,1.00,1.00
2015.12.21 23:36:31.694,1.52276,1.52305,1.00,1.00
2015.12.21 23:36:32.207,1.52275,1.52305,1.00,1.00
2015.12.21 23:36:32.802,1.52275,1.52306,1.50,1.25
2015.12.21 23:36:33.164,1.52281,1.52307,1.00,1.31
2015.12.21 23:36:33.266,1.52285,1.52314,2.25,1.00
2015.12.21 23:36:33.623,1.52288,1.52315,1.00,1.00
2015.12.21 23:36:33.724,1.52286,1.52315,2.62,1.00
2015.12.21 23:36:34.260,1.52287,1.52314,1.00,1.00
2015.12.21 23:36:34.766,1.52286,1.52314,1.12,1.00
2015.12.21 23:36:35.325,1.52287,1.52314,1.00,1.00
2015.12.21 23:36:35.478,1.52283,1.52314,1.12,1.00
2015.12.21 23:36:35.999,1.52284,1.52314,1.00,1.00
2015.12.21 23:36:36.506,1.52283,1.52314,1.12,1.00
2015.12.21 23:36:37.012,1.52284,1.52314,1.00,1.00
2015.12.21 23:36:38.170,1.52283,1.52314,1.12,1.00
2015.12.21 23:36:38.829,1.52284,1.52314,1.00,1.00
2015.12.21 23:36:39.360,1.52283,1.52314,1.12,1.00
2015.12.21 23:36:39.887,1.52284,1.52314,1.00,1.00
2015.12.21 23:36:40.393,1.52283,1.52314,1.12,1.00
2015.12.21 23:36:41.162,1.52284,1.52314,1.00,1.00
2015.12.21 23:36:41.671,1.52283,1.52314,1.12,1.00
2015.12.21 23:36:42.197,1.52284,1.52314,1.00,1.00
2015.12.21 23:36:42.707,1.52283,1.52314,1.12,1.00
2015.12.21 23:36:43.220,1.52284,1.52314,1.00,1.00
2015.12.21 23:36:43.727,1.52283,1.52314,1.12,1.00
2015.12.21 23:36:44.253,1.52284,1.52313,1.00,1.00
2015.12.21 23:36:44.776,1.52282,1.52313,3.75,1.00
2015.12.21 23:36:53.910,1.52283,1.52314,1.12,1.00
2015.12.21 23:36:55.622,1.52283,1.52313,1.12,1.00
2015.12.21 23:36:56.817,1.52281,1.52312,2.25,1.00
2015.12.21 23:36:57.067,1.52281,1.52306,1.75,1.31
2015.12.21 23:36:57.119,1.52277,1.52306,1.00,1.31
2015.12.21 23:36:57.677,1.52276,1.52305,1.12,1.25
2015.12.21 23:36:58.183,1.52277,1.52305,1.00,1.25
2015.12.21 23:36:58.704,1.52276,1.52306,1.87,1.25
2015.12.21 23:36:59.228,1.52277,1.52306,1.00,1.25
2015.12.21 23:36:59.735,1.52276,1.52306,1.87,1.25
2015.12.21 23:37:00.242,1.52277,1.52306,1.00,1.25
2015.12.21 23:37:00.786,1.52276,1.52305,1.12,1.00
2015.12.21 23:37:13.138,1.52274,1.52305,1.00,1.25
2015.12.21 23:37:13.644,1.52274,1.52304,1.00,1.00
2015.12.21 23:37:18.367,1.52274,1.52305,1.00,1.25
2015.12.21 23:37:18.918,1.52274,1.52304,1.00,1.00
2015.12.21 23:37:19.924,1.52275,1.52304,1.00,1.00
2015.12.21 23:37:56.633,1.52277,1.52304,1.00,1.00
2015.12.21 23:37:59.225,1.52277,1.52305,1.00,1.50
2015.12.21 23:38:02.366,1.52277,1.52306,1.00,1.00
2015.12.21 23:38:05.650,1.52275,1.52305,1.75,1.56
2015.12.21 23:38:05.954,1.52275,1.52299,1.75,1.00
2015.12.21 23:38:06.005,1.52275,1.52299,1.00,1.00
2015.12.21 23:38:06.512,1.52274,1.52299,1.00,1.00
2015.12.21 23:38:07.140,1.52273,1.52293,1.12,1.00
2015.12.21 23:38:07.191,1.52269,1.52296,1.50,1.19
2015.12.21 23:38:07.243,1.52267,1.52293,1.75,1.00
2015.12.21 23:38:07.344,1.52265,1.5229,1.87,1.00
2015.12.21 23:38:07.447,1.52265,1.52288,1.00,1.00
2015.12.21 23:38:07.498,1.52263,1.52288,1.50,1.00
2015.12.21 23:38:08.005,1.52263,1.52289,1.00,1.00
2015.12.21 23:38:17.580,1.52261,1.52287,1.50,1.00
2015.12.21 23:38:20.646,1.5226,1.52288,1.00,1.00
2015.12.21 23:38:20.950,1.52256,1.52284,1.00,1.00
2015.12.21 23:38:21.457,1.52255,1.52284,1.50,1.00
2015.12.21 23:38:21.984,1.52256,1.52284,1.00,1.00
2015.12.21 23:38:22.808,1.52255,1.52284,1.50,1.00
2015.12.21 23:38:23.113,1.52255,1.52284,1.50,1.56
2015.12.21 23:38:23.467,1.52257,1.52286,1.00,2.06
2015.12.21 23:38:23.922,1.52255,1.52286,1.00,2.06
2015.12.21 23:38:24.810,1.52256,1.52286,1.00,2.06
2015.12.21 23:38:25.355,1.52255,1.52286,1.50,2.06
2015.12.21 23:38:25.627,1.52257,1.52286,1.00,2.06
2015.12.21 23:38:25.678,1.52255,1.52286,1.50,2.06
2015.12.21 23:38:25.864,1.52257,1.52285,1.00,1.56
2015.12.21 23:38:26.016,1.52255,1.52285,1.50,1.56
2015.12.21 23:38:26.118,1.52257,1.52285,1.00,1.56
2015.12.21 23:38:27.355,1.52255,1.52285,1.50,1.56
2015.12.21 23:38:27.623,1.52257,1.52285,1.00,1.56
2015.12.21 23:38:27.887,1.52255,1.52285,1.50,1.56
2015.12.21 23:38:34.162,1.52254,1.52278,1.87,1.56
2015.12.21 23:38:34.569,1.52252,1.52277,1.50,1.56
2015.12.21 23:38:36.018,1.52252,1.52277,1.50,1.56
2015.12.21 23:38:47.843,1.52252,1.52273,1.50,1.00
2015.12.21 23:38:56.929,1.52252,1.52274,1.00,1.00
2015.12.21 23:39:10.279,1.5225,1.52274,1.00,1.00
2015.12.21 23:39:14.560,1.5225,1.52275,1.00,1.00
2015.12.21 23:39:22.687,1.52249,1.52275,3.00,1.00
2015.12.21 23:39:25.312,1.52249,1.52273,2.25,1.00
2015.12.21 23:39:25.414,1.52249,1.5228,1.00,2.62
2015.12.21 23:39:25.465,1.52248,1.52276,1.00,1.00
2015.12.21 23:39:25.770,1.5224,1.52268,1.12,1.00
2015.12.21 23:39:27.110,1.52238,1.52268,1.50,1.00
2015.12.21 23:39:27.668,1.52238,1.52268,2.25,1.00
2015.12.21 23:39:28.193,1.52238,1.52269,2.25,1.00
2015.12.21 23:39:31.382,1.52238,1.52266,2.25,1.00
2015.12.21 23:39:32.235,1.5224,1.52266,1.00,1.00
2015.12.21 23:39:37.632,1.5224,1.52265,1.00,1.00
2015.12.21 23:39:43.696,1.52239,1.52265,1.12,1.00
2015.12.21 23:39:53.638,1.52238,1.52265,1.00,1.37
2015.12.21 23:39:53.791,1.52235,1.52264,1.00,1.37
2015.12.21 23:39:53.842,1.52235,1.52259,1.00,1.00
2015.12.21 23:39:53.944,1.52233,1.52259,1.00,1.00
2015.12.21 23:39:54.450,1.52233,1.52258,1.00,1.00
2015.12.21 23:39:58.220,1.52231,1.52258,1.00,1.00
2015.12.21 23:40:05.282,1.52234,1.52258,1.00,1.00
2015.12.21 23:40:06.600,1.52234,1.52259,1.00,1.00
2015.12.21 23:40:06.702,1.52234,1.52263,1.00,1.00
2015.12.21 23:40:06.803,1.52236,1.52263,1.00,1.00
2015.12.21 23:40:09.218,1.52236,1.52266,1.00,1.50
2015.12.21 23:40:09.522,1.52234,1.52264,1.00,1.00
2015.12.21 23:40:10.030,1.52233,1.52264,1.25,1.00
2015.12.21 23:40:10.714,1.52234,1.52264,1.50,1.00
2015.12.21 23:40:20.138,1.52235,1.52264,1.00,1.00
2015.12.21 23:40:25.453,1.52234,1.52264,1.00,1.00
2015.12.21 23:40:30.173,1.52236,1.52264,1.00,1.00
2015.12.21 23:40:33.205,1.52236,1.52265,1.00,1.00
2015.12.21 23:40:40.061,1.52235,1.52265,1.00,1.00
2015.12.21 23:40:44.653,1.52232,1.52265,3.19,1.00
2015.12.21 23:40:45.603,1.52232,1.52264,1.19,1.00
2015.12.21 23:40:48.565,1.52231,1.52264,1.69,1.50
2015.12.21 23:40:51.073,1.52231,1.52264,1.12,1.50
2015.12.21 23:40:54.336,1.52231,1.52264,2.25,1.50
2015.12.21 23:40:54.854,1.52231,1.52264,1.50,1.00
2015.12.21 23:40:56.252,1.52231,1.52263,1.00,1.00
2015.12.21 23:41:00.263,1.5223,1.52263,1.87,1.00
2015.12.21 23:41:01.247,1.5223,1.52262,1.12,1.00
2015.12.21 23:41:08.953,1.52228,1.52261,2.25,1.00
2015.12.21 23:41:10.558,1.5223,1.52258,1.12,1.50
2015.12.21 23:41:10.959,1.52228,1.52253,1.00,1.00
2015.12.21 23:41:11.011,1.52221,1.52253,1.75,1.00
2015.12.21 23:41:11.113,1.5222,1.52253,2.25,1.00
2015.12.21 23:41:16.134,1.5222,1.52251,2.81,1.00
2015.12.21 23:41:23.569,1.5222,1.52253,2.44,1.50
2015.12.21 23:41:28.722,1.52222,1.52253,1.00,1.50
2015.12.21 23:41:29.254,1.52222,1.52252,1.00,1.00
2015.12.21 23:41:53.486,1.52223,1.52252,1.00,1.00
2015.12.21 23:41:58.443,1.52222,1.52252,1.50,1.00
2015.12.21 23:41:58.962,1.52223,1.52253,1.00,1.00
2015.12.21 23:42:01.170,1.52224,1.52253,1.00,1.00
2015.12.21 23:42:01.221,1.52224,1.52255,1.00,1.00
2015.12.21 23:42:01.424,1.52225,1.52258,1.50,1.50
2015.12.21 23:42:01.627,1.52226,1.52253,1.00,1.00
2015.12.21 23:42:01.729,1.52224,1.52253,1.00,1.00
2015.12.21 23:42:01.831,1.52223,1.52251,1.50,1.00
2015.12.21 23:42:02.338,1.52224,1.52251,1.00,1.00
2015.12.21 23:42:06.867,1.52224,1.52249,1.00,1.00
2015.12.21 23:42:12.450,1.52224,1.5225,1.00,1.00
2015.12.21 23:42:18.237,1.52224,1.52249,1.00,1.00
2015.12.21 23:42:21.909,1.52224,1.52252,1.00,1.00
2015.12.21 23:42:22.113,1.52225,1.52254,1.50,1.00
2015.12.21 23:42:22.216,1.52226,1.52258,1.00,1.00
2015.12.21 23:42:22.419,1.52232,1.52258,1.00,1.00
2015.12.21 23:42:25.182,1.52232,1.5226,1.00,1.00
2015.12.21 23:42:41.934,1.52233,1.52261,1.00,1.00
2015.12.21 23:42:46.820,1.52234,1.52262,1.00,1.00
2015.12.21 23:42:47.334,1.52233,1.52261,1.00,1.00
2015.12.21 23:42:50.492,1.52235,1.52263,1.00,1.50
2015.12.21 23:43:11.704,1.52236,1.52264,1.00,2.25
2015.12.21 23:43:17.975,1.52235,1.52263,1.00,1.00
2015.12.21 23:43:18.744,1.52236,1.52264,1.00,1.50
2015.12.21 23:43:19.250,1.52236,1.52263,1.00,1.00
2015.12.21 23:43:20.497,1.52235,1.52263,1.00,1.50
2015.12.21 23:43:25.663,1.52234,1.52262,1.00,1.00
2015.12.21 23:43:30.026,1.52234,1.52259,1.00,1.00
2015.12.21 23:43:30.178,1.5223,1.52257,1.00,1.00
2015.12.21 23:43:30.230,1.5223,1.52259,1.00,1.00
2015.12.21 23:43:30.281,1.52233,1.52262,1.00,1.69
2015.12.21 23:43:32.337,1.52233,1.52263,1.00,2.25
2015.12.21 23:43:40.494,1.52233,1.52263,1.00,1.87
2015.12.21 23:43:40.545,1.52232,1.5226,1.00,1.00
2015.12.21 23:43:49.208,1.52231,1.5226,1.00,1.12
2015.12.21 23:43:49.765,1.52231,1.52258,1.00,1.00
2015.12.21 23:43:51.580,1.5223,1.52258,1.50,1.00
2015.12.21 23:43:53.059,1.5223,1.52261,1.50,1.12
2015.12.21 23:43:53.458,1.52232,1.52262,1.00,1.12
2015.12.21 23:44:01.642,1.52232,1.5226,1.50,1.00
2015.12.21 23:44:05.407,1.52233,1.52261,1.00,1.00
2015.12.21 23:44:08.386,1.52232,1.5226,1.50,1.00
2015.12.21 23:44:13.540,1.52232,1.52259,1.00,1.00
2015.12.21 23:44:14.294,1.52232,1.5226,1.50,1.00
2015.12.21 23:44:52.485,1.52233,1.52261,1.00,1.00
2015.12.21 23:44:53.240,1.52232,1.5226,1.50,1.00
2015.12.21 23:45:06.279,1.52232,1.52259,1.00,1.00
2015.12.21 23:45:08.849,1.52232,1.52257,1.00,1.00
2015.12.21 23:45:23.598,1.52233,1.52257,1.00,1.00
2015.12.21 23:45:30.047,1.5223,1.52257,2.25,1.00
2015.12.21 23:45:30.250,1.52232,1.52257,1.00,1.00
2015.12.21 23:45:30.503,1.52232,1.5226,1.50,1.00
2015.12.21 23:45:30.655,1.52235,1.5226,1.00,1.00
2015.12.21 23:45:31.860,1.52235,1.52261,1.50,1.00
2015.12.21 23:45:43.177,1.52234,1.52261,1.00,1.00
2015.12.21 23:45:45.853,1.52235,1.52261,1.00,1.00
2015.12.21 23:45:46.391,1.52234,1.52261,1.50,1.00
2015.12.21 23:45:46.895,1.52235,1.52261,1.00,1.00
2015.12.21 23:45:47.399,1.52234,1.52261,1.50,1.00
2015.12.21 23:45:47.802,1.52235,1.52263,1.50,1.00
2015.12.21 23:45:48.802,1.52236,1.52263,1.00,1.00
2015.12.21 23:45:57.567,1.52236,1.52262,1.00,1.00
2015.12.21 23:46:00.339,1.52236,1.52263,1.00,1.00
2015.12.21 23:46:04.707,1.52236,1.52262,1.00,1.00
2015.12.21 23:46:11.974,1.52236,1.52263,1.00,1.00
2015.12.21 23:46:12.409,1.52236,1.52265,1.00,1.12
2015.12.21 23:46:13.969,1.52237,1.52265,1.00,1.00
2015.12.21 23:46:17.043,1.52237,1.52264,1.00,1.00
2015.12.21 23:46:19.164,1.52237,1.52265,1.50,1.00
2015.12.21 23:46:21.142,1.52237,1.52254,1.50,1.00
2015.12.21 23:46:25.404,1.52237,1.52263,1.50,1.00
2015.12.21 23:46:25.938,1.52237,1.52264,1.50,1.00
2015.12.21 23:46:26.458,1.52237,1.52263,1.50,1.00
2015.12.21 23:46:30.688,1.52238,1.52266,1.00,1.87
2015.12.21 23:46:31.654,1.52238,1.52266,1.00,1.87
2015.12.21 23:46:37.794,1.52238,1.52266,1.50,2.25
2015.12.21 23:46:38.778,1.52238,1.52266,1.50,2.25
2015.12.21 23:46:39.898,1.52238,1.52266,1.50,2.25
2015.12.21 23:46:40.812,1.52238,1.52266,1.50,2.25
2015.12.21 23:46:52.472,1.52239,1.52266,1.00,1.87
2015.12.21 23:46:59.919,1.5224,1.52266,1.00,1.50
2015.12.21 23:47:00.021,1.52242,1.52267,1.00,1.12
2015.12.21 23:47:00.173,1.52242,1.5227,1.00,1.31
2015.12.21 23:47:00.225,1.52246,1.5227,1.00,1.31
2015.12.21 23:47:00.481,1.52248,1.52275,1.00,1.50
2015.12.21 23:47:00.532,1.52251,1.52278,1.00,1.69
2015.12.21 23:47:00.583,1.52251,1.52278,1.00,1.31
2015.12.21 23:47:00.956,1.52253,1.5228,1.00,1.56
2015.12.21 23:47:01.371,1.52253,1.5228,1.00,1.00
2015.12.21 23:47:01.882,1.52253,1.52281,1.00,1.12
2015.12.21 23:47:02.428,1.52253,1.5228,1.00,1.00
2015.12.21 23:47:02.937,1.52254,1.5228,1.00,1.00
2015.12.21 23:47:07.727,1.52256,1.5228,1.00,1.37
2015.12.21 23:47:09.760,1.52256,1.5228,1.00,1.37
2015.12.21 23:47:11.849,1.52254,1.52279,1.00,1.00
2015.12.21 23:47:24.507,1.52255,1.52279,1.00,1.00
2015.12.21 23:47:32.143,1.52255,1.52278,1.00,1.00
2015.12.21 23:47:37.989,1.52252,1.52275,1.00,1.00
2015.12.21 23:47:38.091,1.52249,1.52275,1.50,1.00
2015.12.21 23:47:38.142,1.52251,1.52278,1.00,1.00
2015.12.21 23:47:38.679,1.52252,1.52278,1.00,1.00
2015.12.21 23:47:38.737,1.5225,1.52278,1.00,1.87
2015.12.21 23:47:39.549,1.5225,1.52278,1.00,1.87
2015.12.21 23:47:44.313,1.5225,1.52277,1.00,1.00
2015.12.21 23:47:44.815,1.52249,1.52277,1.50,1.50
2015.12.21 23:47:45.518,1.52247,1.52272,1.00,1.00
2015.12.21 23:47:46.577,1.52247,1.5227,1.00,1.00
2015.12.21 23:47:51.407,1.52246,1.5227,1.00,1.00
2015.12.21 23:48:08.972,1.52245,1.5227,1.00,1.00
2015.12.21 23:48:12.494,1.52244,1.5227,1.50,1.00
2015.12.21 23:48:15.386,1.52244,1.52271,1.50,1.00
2015.12.21 23:48:27.401,1.52244,1.52273,1.50,1.00
2015.12.21 23:48:27.908,1.52244,1.52272,2.25,1.00
2015.12.21 23:48:39.053,1.52247,1.52268,1.00,1.00
2015.12.21 23:48:39.208,1.52238,1.52265,1.00,1.00
2015.12.21 23:48:39.412,1.52239,1.52262,1.00,1.00
2015.12.21 23:48:39.626,1.52235,1.52262,1.00,1.00
2015.12.21 23:48:39.779,1.52235,1.52259,1.00,1.00
2015.12.21 23:48:40.294,1.52236,1.52259,1.00,1.00
2015.12.21 23:48:52.925,1.52236,1.52258,1.00,1.37
2015.12.21 23:48:53.236,1.52236,1.52258,1.00,1.37
2015.12.21 23:48:57.158,1.52236,1.52258,1.00,1.37
2015.12.21 23:48:58.158,1.52236,1.52258,1.00,1.37
2015.12.21 23:48:59.163,1.52236,1.52258,1.00,1.37
2015.12.21 23:49:01.168,1.52236,1.52258,1.00,1.37
2015.12.21 23:49:02.235,1.52236,1.52258,1.00,1.37
2015.12.21 23:49:10.206,1.52236,1.52259,1.00,1.37
2015.12.21 23:49:10.510,1.52236,1.52259,1.00,1.00
2015.12.21 23:49:11.682,1.52236,1.52259,1.00,1.37
2015.12.21 23:49:14.179,1.52236,1.52259,1.00,1.37
2015.12.21 23:49:15.207,1.52236,1.52259,1.00,1.37
2015.12.21 23:49:16.226,1.52236,1.52259,1.00,1.37
2015.12.21 23:49:17.931,1.52236,1.52259,1.00,1.37
2015.12.21 23:49:18.935,1.52236,1.52259,1.00,1.37
2015.12.21 23:49:21.168,1.52235,1.52259,1.00,1.37
2015.12.21 23:49:26.551,1.52234,1.52254,1.00,1.50
2015.12.21 23:49:26.806,1.52224,1.52251,1.00,2.25
2015.12.21 23:49:28.400,1.52224,1.52248,1.00,1.37
2015.12.21 23:49:29.524,1.52224,1.52248,1.00,1.37
2015.12.21 23:49:32.506,1.52224,1.52248,1.00,1.37
2015.12.21 23:49:33.782,1.52224,1.52246,1.00,1.00
2015.12.21 23:49:40.522,1.52224,1.52247,1.00,1.12
2015.12.21 23:49:42.626,1.52226,1.52247,1.00,1.12
2015.12.21 23:49:43.159,1.52225,1.52247,1.00,1.12
2015.12.21 23:49:45.291,1.52225,1.52248,1.00,1.12
2015.12.21 23:49:47.151,1.52225,1.52248,1.00,1.37
2015.12.21 23:49:52.177,1.52225,1.52246,1.00,1.00
2015.12.21 23:49:52.430,1.52217,1.52243,1.50,1.00
2015.12.21 23:49:52.481,1.52217,1.52241,1.50,1.00
2015.12.21 23:49:52.684,1.52213,1.52238,1.00,1.00
2015.12.21 23:49:52.735,1.52211,1.52237,1.00,1.00
2015.12.21 23:49:52.787,1.52213,1.52237,1.00,1.37
2015.12.21 23:49:52.939,1.52213,1.52239,1.00,1.37
2015.12.21 23:49:52.990,1.52211,1.52241,1.00,1.37
2015.12.21 23:49:53.041,1.52215,1.52242,1.00,1.69
2015.12.21 23:49:53.387,1.52217,1.52244,1.00,1.87
2015.12.21 23:49:54.180,1.52217,1.52243,1.00,1.00
2015.12.21 23:49:59.936,1.52217,1.52242,1.00,1.00
2015.12.21 23:50:00.443,1.52217,1.52241,1.00,1.00
2015.12.21 23:50:00.973,1.52217,1.5224,1.00,1.00
2015.12.21 23:50:03.921,1.52216,1.5224,1.00,1.00
2015.12.21 23:50:09.023,1.52213,1.5224,1.00,1.00
2015.12.21 23:50:09.176,1.52211,1.52238,1.50,1.00
2015.12.21 23:50:09.279,1.52208,1.52237,1.00,1.00
2015.12.21 23:50:09.331,1.52208,1.52235,1.00,1.00
2015.12.21 23:50:09.838,1.52209,1.52235,1.00,1.00
2015.12.21 23:50:13.034,1.52206,1.52235,1.00,1.00
2015.12.21 23:50:13.237,1.52206,1.52231,1.00,1.00
2015.12.21 23:50:13.651,1.52206,1.52233,1.00,1.00
2015.12.21 23:50:14.639,1.52213,1.52234,1.00,1.00
2015.12.21 23:50:15.171,1.52214,1.52234,1.00,1.00
2015.12.21 23:50:15.971,1.52213,1.52234,1.00,1.12
2015.12.21 23:50:16.276,1.52208,1.52229,1.00,1.37
2015.12.21 23:50:16.327,1.52202,1.52229,1.00,1.37
2015.12.21 23:50:16.480,1.522,1.52227,1.00,1.12
2015.12.21 23:50:16.689,1.52197,1.52224,1.00,1.37
2015.12.21 23:50:16.740,1.52195,1.52221,1.50,1.37
2015.12.21 23:50:16.944,1.52196,1.52221,1.00,1.00
2015.12.21 23:50:16.995,1.52198,1.52221,1.00,1.00
2015.12.21 23:50:17.046,1.52198,1.52224,1.00,1.37
2015.12.21 23:50:17.198,1.52202,1.52224,1.00,1.00
2015.12.21 23:50:17.757,1.522,1.52224,1.00,1.00
2015.12.21 23:50:18.026,1.52203,1.52224,1.00,1.00
2015.12.21 23:50:18.332,1.52202,1.52222,1.00,1.50
2015.12.21 23:50:19.043,1.52203,1.52222,1.00,1.50
2015.12.21 23:50:19.564,1.52204,1.52222,1.00,1.50
2015.12.21 23:50:19.868,1.52208,1.52222,1.00,1.50
2015.12.21 23:50:19.919,1.52203,1.52222,1.00,1.50
2015.12.21 23:50:20.437,1.52204,1.52222,1.00,1.50
2015.12.21 23:50:23.843,1.52204,1.52221,1.00,1.00
2015.12.21 23:50:24.013,1.52202,1.52221,1.00,1.00
2015.12.21 23:50:24.434,1.52205,1.52221,1.00,1.00
2015.12.21 23:50:24.911,1.52199,1.52221,1.00,1.50
2015.12.21 23:50:25.414,1.522,1.52221,1.00,1.50
2015.12.21 23:50:30.111,1.522,1.52219,1.00,1.00
2015.12.21 23:50:30.466,1.52198,1.52219,1.00,1.00
2015.12.21 23:50:30.518,1.52201,1.52219,1.00,1.00
2015.12.21 23:50:30.620,1.52199,1.52219,1.00,1.00
2015.12.21 23:50:30.722,1.52203,1.52217,1.00,1.00
2015.12.21 23:50:31.754,1.52196,1.52217,1.00,1.00
2015.12.21 23:50:32.272,1.52195,1.52217,1.00,1.00
2015.12.21 23:50:32.691,1.52197,1.52217,1.00,1.00
2015.12.21 23:50:33.046,1.522,1.52217,1.00,1.00
2015.12.21 23:50:33.899,1.52199,1.52214,1.00,1.00
2015.12.21 23:50:34.254,1.52199,1.52211,1.00,1.00
2015.12.21 23:50:34.508,1.52199,1.52213,1.00,1.00
2015.12.21 23:50:37.755,1.52198,1.52213,1.00,1.00
2015.12.21 23:50:40.735,1.52198,1.52214,1.00,1.00
2015.12.21 23:50:41.383,1.52197,1.52214,1.00,1.00
2015.12.21 23:50:44.585,1.52198,1.52214,1.00,1.00
2015.12.21 23:50:51.667,1.52198,1.52215,1.00,1.00
2015.12.21 23:50:54.126,1.52193,1.52212,1.00,1.00
2015.12.21 23:50:54.279,1.52189,1.52212,1.50,1.00
2015.12.21 23:50:56.428,1.5219,1.52212,1.00,1.00
2015.12.21 23:50:59.373,1.5219,1.52215,1.00,1.31
2015.12.21 23:50:59.880,1.5219,1.52214,1.00,1.25
2015.12.21 23:51:00.916,1.5219,1.52214,1.00,1.19
2015.12.21 23:51:01.975,1.52189,1.52214,1.50,1.19
2015.12.21 23:51:03.411,1.52187,1.52214,1.00,1.19
2015.12.21 23:51:04.774,1.52187,1.52211,1.00,1.00
2015.12.21 23:51:04.875,1.52187,1.52214,1.00,1.19
2015.12.21 23:51:05.258,1.52189,1.52214,1.00,1.00
2015.12.21 23:51:06.713,1.52189,1.52212,1.00,1.00
2015.12.21 23:51:06.957,1.52188,1.52214,1.50,1.00
2015.12.21 23:51:08.612,1.52188,1.52211,1.50,1.00
2015.12.21 23:51:09.221,1.52188,1.52214,1.00,1.50
2015.12.21 23:51:14.247,1.52188,1.52213,1.00,1.00
2015.12.21 23:51:17.154,1.52188,1.52209,1.00,1.00
2015.12.21 23:51:19.003,1.52188,1.52211,1.00,1.00
2015.12.21 23:51:23.750,1.52188,1.52209,1.00,1.00
2015.12.21 23:51:27.912,1.52188,1.52213,1.00,1.31
2015.12.21 23:51:28.074,1.52188,1.52204,1.00,1.00
2015.12.21 23:51:28.125,1.52186,1.52204,1.00,1.00
2015.12.21 23:51:28.227,1.52186,1.5221,1.50,1.00
2015.12.21 23:51:28.279,1.52188,1.5221,1.00,1.00
2015.12.21 23:51:28.685,1.52188,1.52212,1.00,1.00
2015.12.21 23:51:30.373,1.52191,1.52212,1.00,1.00
2015.12.21 23:51:31.128,1.52191,1.52217,1.75,1.00
2015.12.21 23:51:31.231,1.52194,1.52218,1.50,1.00
2015.12.21 23:51:31.839,1.52195,1.52218,2.25,1.00
2015.12.21 23:51:35.752,1.52197,1.52218,2.62,1.00
2015.12.21 23:51:35.854,1.52205,1.5223,1.00,1.75
2015.12.21 23:51:35.956,1.52205,1.5223,1.00,1.12
2015.12.21 23:51:36.058,1.5221,1.5223,1.00,1.12
2015.12.21 23:51:36.416,1.52213,1.52232,1.00,1.75
2015.12.21 23:51:36.469,1.52213,1.52232,1.00,1.00
2015.12.21 23:51:36.520,1.52211,1.52232,1.00,1.00
2015.12.21 23:51:36.723,1.52216,1.52232,1.00,1.00
2015.12.21 23:51:37.547,1.52216,1.52236,1.00,1.12
2015.12.21 23:51:41.495,1.52209,1.52236,1.50,1.12
2015.12.21 23:51:48.487,1.52207,1.52235,1.75,1.00
2015.12.21 23:51:53.201,1.52207,1.52233,1.75,1.00
2015.12.21 23:51:53.253,1.52207,1.52233,1.12,1.12
2015.12.21 23:51:59.077,1.52206,1.52231,1.50,1.00
2015.12.21 23:52:06.886,1.52207,1.52234,1.12,1.50
2015.12.21 23:52:07.108,1.52212,1.52236,1.12,1.00
2015.12.21 23:52:07.210,1.52208,1.52238,1.75,1.75
2015.12.21 23:52:24.723,1.5221,1.52237,1.00,1.00
2015.12.21 23:52:29.175,1.5221,1.52238,1.00,2.25
2015.12.21 23:52:29.452,1.5221,1.52238,1.00,2.25
2015.12.21 23:52:29.954,1.5221,1.52238,1.00,2.62
2015.12.21 23:52:41.322,1.5221,1.52236,1.00,1.87
2015.12.21 23:52:41.922,1.52209,1.52236,1.00,2.62
2015.12.21 23:52:45.781,1.52204,1.5223,1.00,1.12
2015.12.21 23:52:45.934,1.52199,1.5223,1.12,1.87
2015.12.21 23:52:46.633,1.52199,1.52227,1.75,1.00
2015.12.21 23:52:46.785,1.52201,1.52229,1.12,1.12
2015.12.21 23:52:46.836,1.52201,1.52229,1.87,1.00
2015.12.21 23:52:47.354,1.52203,1.5223,1.50,1.00
2015.12.21 23:52:47.866,1.52203,1.52231,1.50,1.12
2015.12.21 23:52:48.221,1.52204,1.52227,1.00,1.00
2015.12.21 23:52:48.570,1.52201,1.52224,1.00,1.50
2015.12.21 23:52:48.673,1.52195,1.52224,1.00,1.69
2015.12.21 23:52:48.876,1.52193,1.52218,1.37,1.00
2015.12.21 23:52:49.029,1.5219,1.52218,3.00,1.00
2015.12.21 23:52:49.551,1.52191,1.52219,1.50,1.12
2015.12.21 23:52:53.266,1.5219,1.5222,1.87,1.87
2015.12.21 23:52:53.771,1.5219,1.52216,1.75,1.00
2015.12.21 23:52:55.350,1.5219,1.52216,2.25,1.31
2015.12.21 23:52:57.297,1.5219,1.52216,1.75,1.56
2015.12.21 23:52:59.472,1.52189,1.52214,1.00,2.06
2015.12.21 23:52:59.776,1.52189,1.5221,1.50,1.00
2015.12.21 23:52:59.878,1.52183,1.52211,2.62,1.25
2015.12.21 23:52:59.929,1.52183,1.52209,1.87,1.00
2015.12.21 23:53:00.183,1.5218,1.52208,1.12,1.31
2015.12.21 23:53:00.364,1.5218,1.52209,3.37,1.69
2015.12.21 23:53:00.467,1.5218,1.52206,1.37,1.19
2015.12.21 23:53:00.619,1.52183,1.52206,1.00,1.19
2015.12.21 23:53:01.076,1.5218,1.52208,1.12,2.06
2015.12.21 23:53:01.177,1.5218,1.52208,1.12,2.06
2015.12.21 23:53:01.696,1.5218,1.52208,1.12,1.69
2015.12.21 23:53:01.749,1.52186,1.52208,1.00,1.25
2015.12.21 23:53:02.053,1.52188,1.5221,1.00,1.31
2015.12.21 23:53:02.468,1.52185,1.5221,1.00,1.69
2015.12.21 23:53:02.671,1.52182,1.5221,1.00,2.81
2015.12.21 23:53:03.009,1.52184,1.52207,1.00,1.19
2015.12.21 23:53:03.535,1.52184,1.52205,1.00,1.12
2015.12.21 23:53:04.248,1.52184,1.52205,1.00,1.56
2015.12.21 23:53:04.529,1.52182,1.52205,1.00,1.69
2015.12.21 23:53:04.783,1.52183,1.52207,1.00,1.75
2015.12.21 23:53:04.885,1.52187,1.52209,1.00,1.25
2015.12.21 23:53:05.189,1.52187,1.52209,1.75,1.25
2015.12.21 23:53:05.702,1.52187,1.5221,1.75,2.06
2015.12.21 23:53:06.783,1.52187,1.5221,1.75,1.50
2015.12.21 23:53:07.807,1.52187,1.52213,1.75,1.19
2015.12.21 23:53:07.909,1.52187,1.52213,1.00,1.94
2015.12.21 23:53:07.960,1.52187,1.52213,1.75,1.19
2015.12.21 23:53:09.006,1.52185,1.5221,1.12,1.00
2015.12.21 23:53:09.372,1.52183,1.52208,1.50,1.00
2015.12.21 23:53:09.423,1.52183,1.52208,1.50,1.56
2015.12.21 23:53:09.879,1.52184,1.52205,1.00,1.75
2015.12.21 23:53:09.981,1.52184,1.52205,1.00,1.00
2015.12.21 23:53:10.184,1.52184,1.52205,1.00,1.87
2015.12.21 23:53:10.286,1.52184,1.52205,1.00,1.00
2015.12.21 23:53:10.489,1.52184,1.52205,1.00,1.87
2015.12.21 23:53:10.813,1.52184,1.52205,1.00,1.31
2015.12.21 23:53:11.333,1.52182,1.52204,1.00,1.25
2015.12.21 23:53:11.840,1.52183,1.52204,1.00,1.25
2015.12.21 23:53:14.576,1.52183,1.52204,1.00,1.69
2015.12.21 23:53:14.729,1.52176,1.52204,1.12,1.69
2015.12.21 23:53:16.380,1.52176,1.52203,1.00,2.00
2015.12.21 23:53:20.305,1.52176,1.52202,1.00,1.31
2015.12.21 23:53:20.407,1.52176,1.52203,1.00,2.06
2015.12.21 23:53:22.900,1.52176,1.52202,1.00,1.31
2015.12.21 23:53:23.002,1.52178,1.52203,1.00,2.06
2015.12.21 23:53:24.867,1.52176,1.52203,1.00,2.06
2015.12.21 23:53:24.918,1.52176,1.52202,1.00,1.31
2015.12.21 23:53:25.020,1.52178,1.52203,1.00,2.06
2015.12.21 23:53:25.071,1.52175,1.52203,1.12,2.06
2015.12.21 23:53:25.579,1.52176,1.52203,1.00,2.06
2015.12.21 23:53:26.100,1.52176,1.52202,1.00,1.31
2015.12.21 23:53:26.202,1.52176,1.52203,1.00,2.06
2015.12.21 23:53:26.304,1.52176,1.52202,1.00,1.31
2015.12.21 23:53:26.406,1.52176,1.52203,1.00,1.69
2015.12.21 23:53:26.507,1.52176,1.522,1.00,1.00
2015.12.21 23:53:26.609,1.52176,1.52203,1.00,1.19
2015.12.21 23:53:28.353,1.52176,1.52203,1.00,1.00
2015.12.21 23:53:33.732,1.52177,1.52203,1.00,1.50
2015.12.21 23:53:33.833,1.52177,1.52203,1.12,1.00
2015.12.21 23:53:36.518,1.52178,1.52203,1.00,1.00
2015.12.21 23:53:37.136,1.52178,1.52205,1.50,1.12
2015.12.21 23:53:40.260,1.52179,1.52205,1.00,1.12
2015.12.21 23:53:42.230,1.52181,1.52205,1.00,1.12
2015.12.21 23:53:55.171,1.52181,1.52206,1.00,1.12
2015.12.21 23:54:00.156,1.52182,1.5221,1.00,1.31
2015.12.21 23:54:00.322,1.52181,1.5221,1.50,2.44
2015.12.21 23:54:00.627,1.52185,1.5221,1.00,1.31
2015.12.21 23:54:00.931,1.52189,1.5221,1.00,1.31
2015.12.21 23:54:01.262,1.52187,1.5221,1.00,1.31
2015.12.21 23:54:01.984,1.52187,1.5221,1.00,1.25
2015.12.21 23:54:02.693,1.52189,1.5221,1.00,1.25
2015.12.21 23:54:04.343,1.5219,1.5221,1.00,1.00
2015.12.21 23:54:14.041,1.52191,1.5221,1.00,1.00
2015.12.21 23:54:15.288,1.52191,1.52211,1.00,1.31
2015.12.21 23:54:16.257,1.52191,1.52211,1.00,1.69
2015.12.21 23:54:16.805,1.52191,1.52212,1.00,1.94
2015.12.21 23:54:16.907,1.52188,1.52212,1.00,1.94
2015.12.21 23:54:16.958,1.52188,1.52217,1.37,1.31
2015.12.21 23:54:17.010,1.52193,1.52219,1.00,1.31
2015.12.21 23:54:17.419,1.52196,1.52219,1.00,1.31
2015.12.21 23:54:19.105,1.52195,1.5222,1.00,1.87
2015.12.21 23:54:19.423,1.522,1.5222,1.00,1.87
2015.12.21 23:54:19.474,1.522,1.5222,1.00,1.50
2015.12.21 23:54:21.387,1.52196,1.52222,1.00,2.00
2015.12.21 23:54:21.590,1.52196,1.5222,1.00,1.12
2015.12.21 23:54:21.743,1.522,1.52222,1.00,1.62
2015.12.21 23:54:22.296,1.52204,1.52222,1.00,1.62
2015.12.21 23:54:23.039,1.52205,1.52224,1.00,1.94
2015.12.21 23:54:23.293,1.522,1.52224,1.00,1.12
2015.12.21 23:54:23.496,1.52202,1.52224,1.00,1.12
2015.12.21 23:54:25.678,1.52203,1.52224,1.00,1.12
2015.12.21 23:54:27.729,1.52202,1.52224,1.00,1.12
2015.12.21 23:54:28.246,1.52202,1.52226,1.00,1.31
2015.12.21 23:54:28.297,1.52202,1.52227,1.00,1.31
2015.12.21 23:54:28.500,1.52205,1.52231,1.00,1.12
2015.12.21 23:54:28.552,1.52207,1.52232,1.00,2.00
2015.12.21 23:54:29.088,1.52208,1.52232,1.00,2.00
2015.12.21 23:54:29.613,1.52207,1.52232,1.00,2.00
2015.12.21 23:54:30.829,1.52206,1.52233,1.00,1.31
2015.12.21 23:54:31.434,1.52207,1.52233,1.00,1.31
2015.12.21 23:54:48.330,1.52208,1.52234,1.00,1.69
2015.12.21 23:54:52.328,1.52207,1.52234,1.12,1.69
2015.12.21 23:54:56.458,1.52207,1.52234,1.12,2.06
2015.12.21 23:54:58.967,1.52207,1.52234,1.12,1.50
2015.12.21 23:54:59.352,1.52208,1.52233,1.00,1.12
2015.12.21 23:54:59.454,1.52208,1.52234,1.12,1.12
2015.12.21 23:55:00.361,1.52207,1.52235,1.12,1.25
2015.12.21 23:55:00.463,1.52207,1.52237,1.50,1.12
2015.12.21 23:55:00.981,1.52206,1.52232,2.25,1.00
2015.12.21 23:55:01.285,1.52206,1.52231,1.00,1.50
2015.12.21 23:55:01.438,1.52206,1.52233,1.00,1.12
2015.12.21 23:55:01.967,1.52204,1.52232,2.25,1.00
2015.12.21 23:55:02.510,1.52205,1.52233,1.12,1.12
2015.12.21 23:55:03.171,1.52204,1.52231,1.00,1.87
2015.12.21 23:55:03.279,1.52204,1.52231,1.75,1.00
2015.12.21 23:55:03.842,1.52204,1.52232,2.25,1.12
2015.12.21 23:55:18.224,1.52204,1.52232,1.87,1.37
2015.12.21 23:55:18.758,1.52204,1.52232,1.50,1.75
2015.12.21 23:55:19.688,1.52204,1.52232,1.87,1.00
2015.12.21 23:55:20.069,1.52211,1.52234,1.00,1.37
2015.12.21 23:55:23.586,1.52211,1.52235,1.12,1.00
2015.12.21 23:55:23.688,1.5221,1.52238,1.00,1.87
2015.12.21 23:55:23.790,1.52211,1.52238,1.12,1.00
2015.12.21 23:55:23.892,1.52209,1.52238,1.87,1.12
2015.12.21 23:55:23.994,1.52213,1.52239,1.75,1.25
2015.12.21 23:55:24.501,1.52216,1.52242,1.00,1.87
2015.12.21 23:55:25.085,1.52217,1.52243,1.00,1.12
2015.12.21 23:55:25.643,1.52219,1.52243,1.00,1.12
2015.12.21 23:55:25.745,1.52217,1.52243,1.50,1.12
2015.12.21 23:55:31.058,1.52219,1.52243,1.00,1.00
2015.12.21 23:55:42.716,1.52219,1.52246,1.50,1.94
2015.12.21 23:55:43.053,1.52217,1.52241,1.75,1.00
2015.12.21 23:55:44.129,1.52217,1.52241,1.00,1.50
2015.12.21 23:55:45.491,1.52216,1.5224,1.12,1.12
2015.12.21 23:55:52.678,1.52219,1.5224,1.00,1.12
2015.12.21 23:55:52.831,1.52219,1.52244,1.00,1.50
2015.12.21 23:55:52.939,1.52218,1.52244,1.00,1.12
2015.12.21 23:55:53.143,1.52222,1.52247,1.00,1.75
2015.12.21 23:55:53.354,1.52222,1.52251,1.75,1.12
2015.12.21 23:55:53.405,1.52227,1.52253,1.00,1.87
2015.12.21 23:55:53.456,1.52227,1.52253,1.75,1.00
2015.12.21 23:55:53.507,1.52227,1.52256,1.75,1.37
2015.12.21 23:55:54.318,1.52225,1.52256,1.12,1.12
2015.12.21 23:55:56.806,1.52225,1.52255,1.12,1.00
2015.12.21 23:55:58.320,1.52225,1.52256,1.12,1.87
2015.12.21 23:55:58.786,1.52225,1.52254,1.87,1.00
2015.12.21 23:56:00.656,1.52225,1.52256,1.87,1.50
2015.12.21 23:56:02.398,1.52222,1.52252,1.75,1.69
2015.12.21 23:56:02.754,1.52219,1.52252,2.62,1.94
2015.12.21 23:56:06.619,1.52219,1.52248,1.87,1.00
2015.12.21 23:56:06.671,1.52218,1.52248,1.75,1.37
2015.12.21 23:56:06.876,1.52219,1.52251,1.12,1.37
2015.12.21 23:56:10.107,1.52219,1.52248,1.12,1.00
2015.12.21 23:56:10.360,1.52218,1.5225,2.25,1.00
2015.12.21 23:56:13.858,1.52217,1.52248,2.25,1.37
2015.12.21 23:56:14.061,1.52218,1.52252,1.75,2.62
2015.12.21 23:56:14.726,1.52218,1.52252,1.37,2.62
2015.12.21 23:56:14.777,1.52218,1.52252,1.87,1.50
2015.12.21 23:56:18.155,1.52218,1.52252,3.00,1.87
2015.12.21 23:56:18.257,1.52218,1.52249,1.00,1.87
2015.12.21 23:56:18.437,1.52218,1.52252,1.12,1.87
2015.12.21 23:56:25.316,1.52217,1.52252,2.25,1.37
2015.12.21 23:56:25.367,1.52217,1.52252,2.62,1.50
2015.12.21 23:56:25.469,1.52217,1.5225,2.62,1.37
2015.12.21 23:56:25.815,1.52213,1.52243,1.50,1.00
2015.12.21 23:56:25.969,1.52206,1.52242,1.75,3.19
2015.12.21 23:56:26.020,1.52206,1.52238,1.12,1.37
2015.12.21 23:56:26.071,1.52206,1.5224,1.50,2.81
2015.12.21 23:56:30.895,1.52205,1.52236,1.31,1.12
2015.12.21 23:56:30.997,1.52205,1.52239,2.06,1.75
2015.12.21 23:56:32.602,1.52205,1.52238,2.81,1.37
2015.12.21 23:56:32.704,1.52206,1.52238,1.31,1.00
2015.12.21 23:56:38.431,1.52212,1.52238,1.00,1.50
2015.12.21 23:56:38.837,1.52212,1.52238,1.00,1.75
2015.12.21 23:56:38.938,1.52212,1.52238,1.00,1.00
2015.12.21 23:56:39.514,1.52211,1.52238,1.00,1.00
2015.12.21 23:56:40.044,1.52212,1.52238,1.00,1.00
2015.12.21 23:56:43.407,1.52212,1.52238,1.00,1.12
2015.12.21 23:56:43.509,1.52211,1.52242,1.12,1.75
2015.12.21 23:56:43.611,1.52212,1.52243,1.19,2.25
2015.12.21 23:56:44.141,1.52212,1.52243,1.31,1.50
2015.12.21 23:56:45.479,1.52214,1.52243,1.56,1.00
2015.12.21 23:56:45.530,1.52214,1.52241,1.56,1.00
2015.12.21 23:56:45.632,1.52216,1.52247,2.00,2.25
2015.12.21 23:56:55.645,1.52216,1.52246,1.00,1.87
2015.12.21 23:56:55.748,1.52216,1.52247,1.75,1.50
2015.12.21 23:56:55.850,1.52216,1.52246,1.00,1.12
2015.12.21 23:56:55.952,1.52217,1.52248,1.12,1.12
2015.12.21 23:57:08.075,1.52222,1.52251,1.00,1.75
2015.12.21 23:57:11.152,1.52222,1.52251,1.12,1.50
2015.12.21 23:57:14.495,1.52222,1.52251,1.12,1.50
2015.12.21 23:57:15.047,1.52222,1.5225,1.12,1.00
2015.12.21 23:57:15.815,1.52222,1.52251,1.12,1.50
2015.12.21 23:57:16.473,1.52222,1.52248,1.00,1.12
2015.12.21 23:57:16.777,1.52222,1.52251,1.00,1.87
2015.12.21 23:57:20.443,1.52222,1.52249,1.00,1.00
2015.12.21 23:57:20.944,1.52222,1.5225,1.00,1.12
2015.12.21 23:57:24.686,1.52222,1.52249,1.00,1.00
2015.12.21 23:57:26.184,1.52222,1.5225,1.00,1.12
2015.12.21 23:57:26.698,1.52223,1.5225,1.00,1.12
2015.12.21 23:57:30.612,1.52223,1.5225,1.00,2.25
2015.12.21 23:57:30.764,1.52223,1.5225,1.00,1.12
2015.12.21 23:57:34.817,1.52224,1.5225,1.00,1.12
2015.12.21 23:57:35.830,1.52223,1.5225,1.00,1.12
2015.12.21 23:57:36.576,1.52222,1.5225,1.50,1.12
2015.12.21 23:57:38.884,1.5222,1.5225,2.25,1.12
2015.12.21 23:57:50.542,1.5222,1.52251,1.00,1.87
2015.12.21 23:57:50.644,1.52218,1.52246,3.00,1.00
2015.12.21 23:57:50.796,1.52218,1.52246,2.25,1.50
2015.12.21 23:57:51.313,1.52218,1.52244,1.50,1.00
2015.12.21 23:57:58.291,1.52217,1.52244,1.50,1.00
2015.12.21 23:58:01.830,1.52217,1.52243,1.00,1.00
2015.12.21 23:58:04.181,1.52216,1.52243,1.00,1.00
2015.12.21 23:58:04.687,1.52216,1.52242,1.00,1.00
2015.12.21 23:58:09.346,1.52215,1.52242,1.00,1.00
2015.12.21 23:58:11.778,1.52213,1.52242,1.00,1.00
2015.12.21 23:58:11.879,1.52213,1.52239,1.00,1.37
2015.12.21 23:58:11.982,1.5221,1.52241,1.25,1.12
2015.12.21 23:58:12.491,1.5221,1.52236,1.00,2.25
2015.12.21 23:58:13.043,1.52209,1.52235,1.00,1.50
2015.12.21 23:58:13.355,1.52209,1.52235,1.00,1.87
2015.12.21 23:58:13.890,1.52208,1.52234,1.00,1.75
2015.12.21 23:58:29.563,1.52207,1.52233,1.00,1.50
2015.12.21 23:58:32.084,1.52208,1.52235,1.00,2.25
2015.12.21 23:58:32.186,1.52207,1.52236,1.12,1.87
2015.12.21 23:58:32.288,1.52207,1.52235,1.00,1.75
2015.12.21 23:58:32.795,1.52206,1.52234,1.00,1.50
2015.12.21 23:58:34.105,1.52203,1.52235,1.87,1.12
2015.12.21 23:58:34.207,1.52202,1.52231,1.12,1.00
2015.12.21 23:58:34.308,1.522,1.52231,1.12,1.19
2015.12.21 23:58:34.410,1.522,1.52225,1.12,1.00
2015.12.21 23:58:34.613,1.52198,1.52226,1.00,1.50
2015.12.21 23:58:37.471,1.52198,1.52227,1.87,1.37
2015.12.21 23:58:37.523,1.52198,1.52227,1.12,1.00
2015.12.21 23:58:37.624,1.52198,1.52227,1.50,1.12
2015.12.21 23:58:37.815,1.52198,1.52226,2.62,1.00
2015.12.21 23:58:37.918,1.52197,1.52225,1.00,1.50
2015.12.21 23:58:39.565,1.52199,1.52225,1.00,1.50
2015.12.21 23:58:40.073,1.52199,1.52225,1.37,1.00
2015.12.21 23:58:40.602,1.52201,1.52226,1.00,1.00
2015.12.21 23:58:41.028,1.52204,1.52228,1.00,1.00
2015.12.21 23:58:41.536,1.52204,1.52229,1.00,1.00
2015.12.21 23:58:41.841,1.52207,1.52231,1.12,1.00
2015.12.21 23:58:42.145,1.52207,1.52231,1.00,1.75
2015.12.21 23:58:42.196,1.52207,1.52231,1.00,1.00
2015.12.21 23:58:44.627,1.52207,1.52232,1.00,1.12
2015.12.21 23:58:46.751,1.52206,1.52232,1.00,1.00
2015.12.21 23:58:47.256,1.52206,1.52231,1.00,1.00
2015.12.21 23:58:47.765,1.52206,1.52231,1.50,1.00
2015.12.21 23:58:48.278,1.52206,1.52231,1.00,1.12
2015.12.21 23:58:49.629,1.52206,1.52229,1.00,1.00
2015.12.21 23:58:50.176,1.52206,1.52229,1.00,1.37
2015.12.21 23:58:50.714,1.52206,1.52229,1.00,1.00
2015.12.21 23:58:52.519,1.52205,1.52229,1.12,1.00
2015.12.21 23:58:53.794,1.52205,1.52229,1.75,1.00
2015.12.21 23:58:57.191,1.52208,1.52228,1.00,1.00
2015.12.21 23:58:57.728,1.52208,1.52229,1.12,1.00
2015.12.21 23:59:01.452,1.52206,1.5223,1.75,1.00
2015.12.21 23:59:01.757,1.52209,1.5223,1.12,1.00
2015.12.21 23:59:02.011,1.52209,1.52235,1.87,1.19
2015.12.21 23:59:02.164,1.52212,1.5224,1.37,2.44
2015.12.21 23:59:02.493,1.52212,1.52231,1.75,1.00
2015.12.21 23:59:03.007,1.52212,1.5223,1.75,1.00
2015.12.21 23:59:04.457,1.5221,1.5223,1.12,1.00
2015.12.21 23:59:04.508,1.52208,1.5223,1.75,1.00
2015.12.21 23:59:10.567,1.52207,1.5223,1.12,1.00
2015.12.21 23:59:10.618,1.52208,1.5223,1.37,1.00
2015.12.21 23:59:11.130,1.52208,1.5223,1.75,1.00
2015.12.21 23:59:14.693,1.52208,1.52231,1.75,1.00
2015.12.21 23:59:15.119,1.52212,1.52233,1.00,1.25
2015.12.21 23:59:15.221,1.52212,1.52233,1.37,1.25
2015.12.21 23:59:15.526,1.5221,1.52231,1.12,1.00
2015.12.21 23:59:24.127,1.52212,1.52232,1.50,1.00
2015.12.21 23:59:24.432,1.52212,1.52231,1.50,1.00
2015.12.21 23:59:24.483,1.52209,1.52231,1.87,1.00
2015.12.21 23:59:25.016,1.52209,1.5223,1.87,1.00
2015.12.21 23:59:25.523,1.52209,1.52231,1.87,1.00
2015.12.21 23:59:31.463,1.52215,1.52231,1.00,1.00
2015.12.21 23:59:31.970,1.52214,1.52231,1.00,1.00
2015.12.21 23:59:32.819,1.52209,1.52231,1.87,1.00
2015.12.21 23:59:34.818,1.52209,1.52229,1.87,1.00
2015.12.21 23:59:47.114,1.52209,1.52228,1.12,1.00
2015.12.21 23:59:50.873,1.5221,1.52226,1.87,1.00
2015.12.21 23:59:51.026,1.52208,1.52226,1.12,1.00
2015.12.21 23:59:51.127,1.52208,1.52229,1.12,1.00
2015.12.21 23:59:51.377,1.52205,1.52226,1.37,1.00
2015.12.21 23:59:51.428,1.52205,1.52227,1.00,1.00
2015.12.21 23:59:51.479,1.52205,1.52227,1.50,1.00
2015.12.21 23:59:51.783,1.52206,1.52222,1.12,1.00
2015.12.21 23:59:55.296,1.52206,1.52224,1.12,1.00
