2014.11.12 19:00:00.484,1.40471,1.40493,1.62,1.69
2014.11.12 19:00:00.831,1.40472,1.40493,1.62,1.69
2014.11.12 19:00:00.933,1.40473,1.40495,1.62,1.50
2014.11.12 19:00:00.984,1.40473,1.40495,2.44,1.50
2014.11.12 19:00:01.085,1.40477,1.40499,1.56,1.25
2014.11.12 19:00:01.290,1.40482,1.405,1.00,1.19
2014.11.12 19:00:01.493,1.40479,1.405,1.62,1.19
2014.11.12 19:00:02.023,1.4048,1.40502,1.31,1.25
2014.11.12 19:00:03.099,1.4048,1.405,1.31,1.00
2014.11.12 19:00:04.032,1.4048,1.405,1.31,1.00
2014.11.12 19:00:05.035,1.4048,1.405,1.31,1.00
2014.11.12 19:00:06.038,1.40479,1.405,2.06,1.00
2014.11.12 19:00:07.042,1.40479,1.405,1.56,1.00
2014.11.12 19:00:08.050,1.40479,1.405,1.56,1.00
2014.11.12 19:00:11.147,1.40479,1.40501,1.56,1.00
2014.11.12 19:00:11.682,1.40478,1.40502,2.06,1.00
2014.11.12 19:00:11.939,1.40482,1.40503,1.56,1.00
2014.11.12 19:00:11.990,1.40483,1.40505,1.62,1.00
2014.11.12 19:00:12.091,1.40483,1.40505,1.31,1.00
2014.11.12 19:00:12.593,1.40483,1.40505,1.62,1.00
2014.11.12 19:00:13.235,1.40486,1.40506,1.37,1.69
2014.11.12 19:00:13.388,1.40486,1.4051,2.44,1.25
2014.11.12 19:00:13.439,1.40486,1.40507,1.56,1.00
2014.11.12 19:00:13.540,1.40484,1.40507,1.00,1.00
2014.11.12 19:00:14.045,1.40484,1.40506,1.25,1.50
2014.11.12 19:00:14.749,1.40484,1.40506,2.44,1.00
2014.11.12 19:00:14.801,1.40486,1.40509,1.31,1.00
2014.11.12 19:00:14.852,1.40489,1.4051,1.00,1.00
2014.11.12 19:00:15.157,1.40493,1.40515,1.19,1.00
2014.11.12 19:00:15.745,1.40493,1.40511,1.19,1.00
2014.11.12 19:00:16.294,1.4049,1.40511,1.19,1.00
2014.11.12 19:00:17.323,1.4049,1.40511,1.69,1.00
2014.11.12 19:00:17.424,1.4049,1.40513,1.69,1.00
2014.11.12 19:00:18.736,1.40494,1.40513,1.25,1.00
2014.11.12 19:00:18.939,1.40494,1.40516,1.31,1.69
2014.11.12 19:00:19.516,1.40494,1.40516,1.31,1.69
2014.11.12 19:00:19.668,1.40498,1.40516,1.50,1.00
2014.11.12 19:00:19.719,1.40499,1.40523,1.37,2.44
2014.11.12 19:00:19.921,1.40498,1.40521,1.50,1.00
2014.11.12 19:00:20.022,1.40495,1.4052,2.06,1.31
2014.11.12 19:00:20.335,1.40493,1.40516,2.06,1.00
2014.11.12 19:00:21.003,1.40493,1.40516,1.56,1.00
2014.11.12 19:00:22.956,1.40493,1.40516,1.31,1.00
2014.11.12 19:00:23.362,1.40491,1.40514,1.50,1.12
2014.11.12 19:00:24.016,1.40491,1.40514,1.44,1.25
2014.11.12 19:00:24.728,1.4049,1.40514,2.06,1.00
2014.11.12 19:00:24.981,1.40492,1.40517,2.81,1.00
2014.11.12 19:00:25.940,1.40492,1.40517,1.69,1.62
2014.11.12 19:00:26.458,1.40492,1.40515,1.31,1.00
2014.11.12 19:00:27.781,1.40492,1.40512,1.25,1.00
2014.11.12 19:00:28.343,1.40489,1.40512,1.50,1.00
2014.11.12 19:00:29.034,1.40488,1.40512,2.06,1.25
2014.11.12 19:00:30.539,1.4049,1.40513,1.00,1.56
2014.11.12 19:00:30.842,1.40486,1.40508,1.19,1.69
2014.11.12 19:00:31.644,1.40485,1.40508,1.31,1.69
2014.11.12 19:00:31.954,1.40485,1.40508,1.25,2.06
2014.11.12 19:00:32.207,1.40477,1.40498,1.00,1.25
2014.11.12 19:00:32.359,1.40477,1.40496,1.00,1.00
2014.11.12 19:00:32.864,1.40475,1.40495,1.00,1.25
2014.11.12 19:00:33.416,1.40476,1.40495,1.00,1.25
2014.11.12 19:00:33.855,1.40476,1.40495,1.00,1.19
2014.11.12 19:00:34.259,1.40479,1.40495,1.00,1.19
2014.11.12 19:00:34.859,1.40478,1.40494,1.00,1.25
2014.11.12 19:00:36.135,1.40475,1.40494,1.25,1.25
2014.11.12 19:00:36.791,1.40479,1.40494,1.00,1.25
2014.11.12 19:00:38.418,1.40479,1.40494,1.00,1.19
2014.11.12 19:00:39.207,1.40477,1.40494,1.00,1.19
2014.11.12 19:00:39.976,1.40479,1.40494,1.00,1.19
2014.11.12 19:00:42.395,1.40478,1.40494,1.00,1.19
2014.11.12 19:00:44.901,1.40478,1.40494,1.00,1.19
2014.11.12 19:00:45.468,1.40479,1.40494,1.00,1.19
2014.11.12 19:00:46.205,1.40479,1.40494,1.00,1.25
2014.11.12 19:00:46.917,1.40478,1.40494,1.00,1.19
2014.11.12 19:00:49.546,1.40476,1.40494,1.00,1.19
2014.11.12 19:00:50.274,1.40476,1.40494,1.00,1.25
2014.11.12 19:00:50.825,1.40475,1.40494,1.00,1.25
2014.11.12 19:00:50.915,1.40475,1.40494,1.00,1.19
2014.11.12 19:00:51.918,1.40475,1.40494,1.00,1.19
2014.11.12 19:00:53.770,1.40474,1.40494,1.25,1.19
2014.11.12 19:00:53.924,1.40474,1.40494,1.00,1.25
2014.11.12 19:00:53.975,1.40477,1.40494,1.00,1.25
2014.11.12 19:00:54.927,1.40477,1.40494,1.00,1.19
2014.11.12 19:00:58.939,1.40477,1.40494,1.00,1.25
2014.11.12 19:00:59.131,1.40475,1.40494,1.25,1.25
2014.11.12 19:00:59.944,1.40475,1.40494,1.00,1.19
2014.11.12 19:01:00.437,1.40479,1.40494,1.00,1.19
2014.11.12 19:01:00.995,1.40479,1.40494,1.00,1.25
2014.11.12 19:01:01.952,1.40479,1.40494,1.00,1.19
2014.11.12 19:01:02.956,1.40479,1.40494,1.00,1.19
2014.11.12 19:01:03.205,1.40477,1.40494,1.00,1.19
2014.11.12 19:01:03.959,1.40477,1.40494,1.00,1.19
2014.11.12 19:01:06.644,1.40475,1.40494,1.00,1.19
2014.11.12 19:01:07.152,1.40475,1.40494,1.00,1.19
2014.11.12 19:01:07.971,1.40475,1.40494,1.00,1.19
2014.11.12 19:01:13.283,1.40475,1.40494,1.00,2.06
2014.11.12 19:01:14.109,1.40474,1.40492,1.00,1.19
2014.11.12 19:01:14.626,1.40474,1.40492,1.25,1.25
2014.11.12 19:01:14.987,1.40474,1.40492,1.00,1.19
2014.11.12 19:01:16.417,1.40472,1.40494,1.25,1.69
2014.11.12 19:01:16.519,1.40475,1.40494,1.00,1.69
2014.11.12 19:01:17.245,1.40475,1.40494,1.00,1.31
2014.11.12 19:01:17.970,1.40475,1.40494,1.00,1.31
2014.11.12 19:01:21.985,1.40475,1.40495,1.00,2.66
2014.11.12 19:01:23.408,1.40475,1.40495,1.00,1.19
2014.11.12 19:01:23.644,1.40478,1.40495,1.00,1.19
2014.11.12 19:01:24.175,1.40479,1.40496,1.00,1.19
2014.11.12 19:01:24.392,1.40479,1.40496,1.00,1.19
2014.11.12 19:01:25.395,1.40479,1.40497,1.00,1.19
2014.11.12 19:01:26.845,1.40478,1.40497,1.00,1.19
2014.11.12 19:01:28.424,1.40475,1.40497,1.19,1.19
2014.11.12 19:01:29.407,1.40477,1.40495,1.00,1.25
2014.11.12 19:01:29.559,1.40477,1.40498,1.56,1.00
2014.11.12 19:01:29.610,1.40478,1.405,2.06,1.25
2014.11.12 19:01:29.964,1.40486,1.40502,1.00,1.19
2014.11.12 19:01:30.116,1.40486,1.40504,1.00,1.31
2014.11.12 19:01:31.114,1.40486,1.40504,1.00,1.69
2014.11.12 19:01:32.117,1.40486,1.40504,1.00,1.19
2014.11.12 19:01:33.104,1.40487,1.40504,1.00,1.19
2014.11.12 19:01:33.691,1.40486,1.40505,1.00,1.31
2014.11.12 19:01:34.470,1.40483,1.40505,1.25,1.19
2014.11.12 19:01:36.074,1.40481,1.40504,1.31,1.19
2014.11.12 19:01:36.695,1.40481,1.40504,1.31,1.19
2014.11.12 19:01:39.140,1.40481,1.40504,1.19,1.31
2014.11.12 19:01:40.085,1.40483,1.40504,1.00,1.31
2014.11.12 19:01:40.631,1.40483,1.40504,1.00,1.19
2014.11.12 19:01:42.187,1.40479,1.40504,2.06,1.31
2014.11.12 19:01:44.158,1.40479,1.40504,2.81,2.06
2014.11.12 19:01:45.160,1.40483,1.40504,1.25,1.25
2014.11.12 19:01:46.797,1.40483,1.40504,1.62,1.25
2014.11.12 19:01:47.101,1.40484,1.40508,1.31,1.31
2014.11.12 19:01:47.630,1.40486,1.4051,1.00,1.56
2014.11.12 19:01:48.089,1.40486,1.4051,1.56,1.19
2014.11.12 19:01:49.073,1.40486,1.4051,1.62,1.19
2014.11.12 19:01:52.098,1.40485,1.4051,2.06,1.31
2014.11.12 19:01:56.629,1.40485,1.40511,2.06,1.19
2014.11.12 19:01:57.599,1.40486,1.40511,1.62,1.31
2014.11.12 19:01:58.418,1.40486,1.40511,1.25,1.31
2014.11.12 19:01:59.092,1.40486,1.40512,1.19,2.62
2014.11.12 19:02:00.618,1.40486,1.4051,1.19,1.19
2014.11.12 19:02:01.738,1.40486,1.40511,1.19,1.31
2014.11.12 19:02:02.725,1.40485,1.4051,1.31,1.56
2014.11.12 19:02:04.131,1.40485,1.40511,2.06,2.06
2014.11.12 19:02:07.145,1.40487,1.40512,1.31,2.06
2014.11.12 19:02:08.169,1.40487,1.40512,1.31,2.81
2014.11.12 19:02:09.146,1.40487,1.40512,1.19,2.81
2014.11.12 19:02:10.149,1.40487,1.40512,1.19,2.06
2014.11.12 19:02:11.151,1.40487,1.40511,1.25,1.56
2014.11.12 19:02:12.154,1.40487,1.40511,1.19,1.56
2014.11.12 19:02:12.475,1.40489,1.40511,2.62,1.19
2014.11.12 19:02:12.577,1.40495,1.40514,1.87,1.50
2014.11.12 19:02:12.628,1.40497,1.40514,1.00,1.00
2014.11.12 19:02:12.679,1.40497,1.40516,1.37,1.00
2014.11.12 19:02:12.730,1.40498,1.40521,1.12,1.69
2014.11.12 19:02:12.881,1.40499,1.40521,1.50,1.25
2014.11.12 19:02:12.983,1.405,1.40521,1.19,1.19
2014.11.12 19:02:18.978,1.405,1.40522,1.19,1.31
2014.11.12 19:02:19.806,1.40503,1.40523,1.05,1.25
2014.11.12 19:02:19.908,1.40504,1.40524,1.19,1.00
2014.11.12 19:02:20.274,1.40508,1.40529,1.50,1.69
2014.11.12 19:02:20.324,1.4051,1.40529,1.37,1.00
2014.11.12 19:02:20.375,1.40511,1.40533,1.12,1.69
2014.11.12 19:02:20.426,1.40511,1.40533,1.31,1.69
2014.11.12 19:02:20.703,1.40516,1.40537,1.31,1.00
2014.11.12 19:02:20.906,1.40519,1.40539,1.00,1.19
2014.11.12 19:02:21.209,1.4052,1.40542,1.87,1.19
2014.11.12 19:02:21.749,1.40522,1.40543,1.00,1.19
2014.11.12 19:02:22.086,1.40522,1.40543,1.25,1.19
2014.11.12 19:02:23.088,1.40522,1.40543,1.25,1.19
2014.11.12 19:02:24.136,1.40522,1.40543,1.00,1.69
2014.11.12 19:02:24.679,1.40521,1.40543,1.00,2.06
2014.11.12 19:02:25.098,1.40521,1.40541,1.00,1.31
2014.11.12 19:02:25.624,1.40521,1.40543,1.00,1.56
2014.11.12 19:02:26.463,1.4052,1.40543,1.50,1.56
2014.11.12 19:02:28.309,1.4052,1.40542,1.25,1.19
2014.11.12 19:02:28.750,1.40517,1.40539,1.50,1.56
2014.11.12 19:02:29.004,1.40509,1.40532,1.00,2.44
2014.11.12 19:02:29.156,1.40507,1.40531,1.25,1.19
2014.11.12 19:02:29.257,1.40509,1.40531,1.00,1.19
2014.11.12 19:02:30.123,1.4051,1.40532,1.56,1.00
2014.11.12 19:02:30.275,1.40514,1.40532,1.00,1.00
2014.11.12 19:02:30.427,1.40515,1.40536,1.56,1.00
2014.11.12 19:02:30.529,1.40518,1.4054,1.56,1.00
2014.11.12 19:02:30.630,1.40521,1.40543,1.37,1.19
2014.11.12 19:02:31.527,1.40524,1.40546,1.00,1.19
2014.11.12 19:02:33.439,1.40522,1.40547,1.37,1.31
2014.11.12 19:02:33.967,1.40522,1.40545,1.62,1.25
2014.11.12 19:02:34.474,1.40522,1.40546,1.31,1.19
2014.11.12 19:02:34.524,1.40524,1.40546,1.00,1.19
2014.11.12 19:02:35.042,1.40525,1.40549,1.12,2.62
2014.11.12 19:02:35.446,1.40529,1.40552,1.12,1.00
2014.11.12 19:02:35.547,1.40529,1.40554,1.12,1.56
2014.11.12 19:02:35.851,1.40533,1.40558,1.00,2.81
2014.11.12 19:02:36.154,1.40535,1.40558,1.00,1.56
2014.11.12 19:02:36.575,1.40533,1.40558,1.87,1.56
2014.11.12 19:02:37.234,1.40533,1.40557,1.87,1.31
2014.11.12 19:02:37.754,1.40534,1.40558,1.00,1.56
2014.11.12 19:02:38.211,1.40533,1.40557,1.00,2.44
2014.11.12 19:02:38.525,1.40529,1.40553,1.00,3.94
2014.11.12 19:02:38.627,1.40526,1.40553,1.00,3.19
2014.11.12 19:02:39.001,1.40524,1.40553,1.00,2.44
2014.11.12 19:02:39.429,1.40524,1.40551,1.00,2.29
2014.11.12 19:02:40.015,1.40525,1.40549,1.00,1.12
2014.11.12 19:02:40.268,1.40526,1.40549,1.00,1.12
2014.11.12 19:02:40.320,1.40526,1.40552,1.37,1.87
2014.11.12 19:02:40.424,1.40531,1.40553,1.00,1.50
2014.11.12 19:02:40.947,1.40531,1.40556,1.00,2.06
2014.11.12 19:02:40.998,1.40531,1.40556,1.00,1.56
2014.11.12 19:02:41.049,1.40531,1.40556,1.37,1.19
2014.11.12 19:02:41.554,1.40534,1.4056,1.50,2.06
2014.11.12 19:02:41.863,1.40538,1.4056,1.00,2.06
2014.11.12 19:02:42.422,1.40538,1.40561,1.00,1.81
2014.11.12 19:02:42.810,1.40538,1.40562,1.00,3.56
2014.11.12 19:02:44.117,1.40538,1.40558,1.00,1.19
2014.11.12 19:02:44.218,1.40536,1.40557,1.00,1.25
2014.11.12 19:02:44.471,1.40536,1.40555,1.00,1.00
2014.11.12 19:02:44.979,1.40535,1.40555,1.00,1.00
2014.11.12 19:02:46.106,1.40535,1.40555,1.00,1.19
2014.11.12 19:02:46.455,1.40535,1.40556,1.00,1.00
2014.11.12 19:02:46.961,1.40537,1.40557,1.00,1.25
2014.11.12 19:02:47.477,1.40538,1.40557,1.00,1.00
2014.11.12 19:02:47.835,1.40536,1.40554,1.00,1.00
2014.11.12 19:02:47.987,1.40533,1.40554,1.00,1.00
2014.11.12 19:02:48.498,1.40533,1.40554,1.00,1.19
2014.11.12 19:02:51.425,1.40533,1.40554,1.25,1.25
2014.11.12 19:02:54.433,1.40533,1.40554,1.00,1.19
2014.11.12 19:02:55.454,1.40533,1.40554,1.00,1.00
2014.11.12 19:02:55.555,1.40536,1.40554,1.00,1.00
2014.11.12 19:02:56.093,1.40535,1.40554,1.00,1.00
2014.11.12 19:02:56.459,1.40535,1.40556,1.00,1.25
2014.11.12 19:02:57.630,1.40535,1.40556,1.00,1.62
2014.11.12 19:02:57.984,1.40533,1.40554,1.00,1.00
2014.11.12 19:02:59.174,1.40532,1.40552,1.00,1.25
2014.11.12 19:02:59.275,1.40528,1.40552,1.87,1.25
2014.11.12 19:02:59.758,1.40528,1.4055,1.00,1.00
2014.11.12 19:03:00.276,1.40528,1.4055,2.81,1.00
2014.11.12 19:03:00.377,1.40532,1.40554,1.31,1.00
2014.11.12 19:03:02.883,1.40532,1.40554,1.00,1.31
2014.11.12 19:03:02.934,1.40531,1.40553,1.00,1.62
2014.11.12 19:03:03.035,1.40527,1.40552,2.06,1.37
2014.11.12 19:03:03.288,1.40526,1.4055,1.56,1.25
2014.11.12 19:03:04.271,1.40526,1.4055,1.56,1.19
2014.11.12 19:03:06.278,1.40526,1.4055,1.31,1.31
2014.11.12 19:03:06.854,1.40524,1.40548,1.56,1.25
2014.11.12 19:03:07.368,1.40524,1.40551,2.81,2.06
2014.11.12 19:03:08.062,1.40524,1.40551,2.81,2.06
2014.11.12 19:03:09.490,1.40524,1.40551,2.06,2.06
2014.11.12 19:03:10.340,1.40523,1.40548,1.87,1.31
2014.11.12 19:03:10.795,1.40523,1.40547,1.50,1.56
2014.11.12 19:03:11.796,1.40523,1.40547,1.50,1.56
2014.11.12 19:03:12.335,1.40521,1.40546,2.06,1.56
2014.11.12 19:03:13.301,1.40522,1.40545,1.25,1.31
2014.11.12 19:03:14.304,1.40522,1.40546,1.31,1.31
2014.11.12 19:03:15.307,1.40522,1.40546,1.31,1.31
2014.11.12 19:03:15.654,1.40522,1.40546,2.44,1.00
2014.11.12 19:03:15.807,1.40527,1.4055,1.87,1.00
2014.11.12 19:03:15.909,1.40529,1.40553,1.62,1.19
2014.11.12 19:03:16.456,1.40529,1.40554,2.06,1.69
2014.11.12 19:03:17.316,1.40529,1.40554,2.06,1.69
2014.11.12 19:03:19.330,1.40529,1.40554,2.06,1.69
2014.11.12 19:03:21.328,1.40529,1.40554,2.06,1.69
2014.11.12 19:03:21.661,1.40529,1.40554,1.56,1.25
2014.11.12 19:03:22.734,1.40529,1.40554,2.81,2.06
2014.11.12 19:03:23.263,1.40529,1.4055,1.50,1.25
2014.11.12 19:03:23.768,1.40527,1.40553,2.62,1.69
2014.11.12 19:03:24.540,1.40529,1.40553,1.19,1.19
2014.11.12 19:03:25.072,1.40529,1.40553,1.56,1.19
2014.11.12 19:03:25.574,1.40529,1.40554,2.06,1.69
2014.11.12 19:03:27.550,1.40529,1.40554,2.06,1.69
2014.11.12 19:03:29.162,1.40533,1.40554,1.00,1.50
2014.11.12 19:03:29.365,1.40537,1.40563,1.69,2.06
2014.11.12 19:03:29.466,1.40538,1.40563,2.81,1.56
2014.11.12 19:03:29.971,1.40541,1.40566,2.44,1.56
2014.11.12 19:03:30.865,1.40541,1.40563,1.69,1.25
2014.11.12 19:03:31.869,1.40541,1.40563,1.69,1.19
2014.11.12 19:03:33.876,1.40541,1.40564,1.69,1.31
2014.11.12 19:03:34.881,1.40541,1.40564,1.31,1.50
2014.11.12 19:03:35.885,1.40541,1.40564,2.06,1.69
2014.11.12 19:03:37.891,1.40542,1.40564,1.19,1.25
2014.11.12 19:03:38.346,1.40545,1.40567,1.00,1.00
2014.11.12 19:03:38.396,1.40545,1.40565,1.00,1.19
2014.11.12 19:03:38.650,1.40538,1.40561,1.00,1.19
2014.11.12 19:03:38.701,1.40538,1.4056,1.00,1.19
2014.11.12 19:03:38.752,1.40536,1.4056,1.00,1.19
2014.11.12 19:03:38.802,1.40536,1.40556,1.00,1.19
2014.11.12 19:03:38.854,1.40534,1.40556,1.50,1.19
2014.11.12 19:03:39.006,1.40535,1.40556,1.00,1.00
2014.11.12 19:03:39.108,1.40535,1.40559,1.69,1.19
2014.11.12 19:03:39.310,1.40537,1.40562,1.00,3.19
2014.11.12 19:03:39.825,1.40538,1.4056,1.25,1.19
2014.11.12 19:03:40.332,1.40537,1.4056,1.50,1.62
2014.11.12 19:03:40.635,1.40534,1.40557,1.12,1.19
2014.11.12 19:03:40.952,1.40534,1.40557,1.62,1.19
2014.11.12 19:03:41.053,1.40534,1.40558,1.56,1.25
2014.11.12 19:03:41.563,1.40536,1.40558,1.19,1.62
2014.11.12 19:03:41.817,1.4053,1.40553,1.25,1.56
2014.11.12 19:03:42.849,1.40527,1.40552,2.06,2.06
2014.11.12 19:03:45.827,1.40527,1.40552,1.62,2.06
2014.11.12 19:03:46.362,1.40527,1.40552,1.25,2.06
2014.11.12 19:03:47.149,1.40527,1.4055,1.00,1.56
2014.11.12 19:03:47.453,1.40521,1.40546,2.44,2.06
2014.11.12 19:03:47.807,1.40526,1.40546,1.00,1.19
2014.11.12 19:03:48.339,1.40526,1.40547,1.00,1.31
2014.11.12 19:03:48.974,1.40525,1.40547,1.50,1.31
2014.11.12 19:03:49.383,1.40525,1.40546,1.00,1.56
2014.11.12 19:03:49.535,1.40522,1.40544,1.00,2.06
2014.11.12 19:03:49.838,1.4052,1.40541,1.00,1.19
2014.11.12 19:03:50.387,1.40519,1.40541,1.25,1.19
2014.11.12 19:03:50.774,1.40516,1.40541,1.31,1.19
2014.11.12 19:03:51.140,1.40518,1.40541,1.37,1.19
2014.11.12 19:03:51.979,1.40519,1.40543,1.87,1.19
2014.11.12 19:03:52.285,1.40523,1.40543,1.00,1.19
2014.11.12 19:03:52.992,1.40523,1.40544,1.00,2.81
2014.11.12 19:03:54.960,1.40523,1.40543,1.00,1.31
2014.11.12 19:03:55.152,1.40519,1.40543,1.31,1.31
2014.11.12 19:03:55.689,1.40519,1.40542,1.12,1.19
2014.11.12 19:03:56.366,1.40519,1.40543,1.12,1.31
2014.11.12 19:03:56.691,1.40524,1.40543,1.00,1.31
2014.11.12 19:03:57.003,1.40522,1.40543,1.00,1.31
2014.11.12 19:03:57.648,1.40522,1.40544,1.00,2.62
2014.11.12 19:03:58.169,1.40522,1.40543,1.00,1.31
2014.11.12 19:03:59.311,1.40524,1.40543,1.00,1.31
2014.11.12 19:03:59.662,1.40519,1.40543,1.31,1.31
2014.11.12 19:04:00.246,1.40519,1.40542,1.12,1.69
2014.11.12 19:04:00.603,1.40519,1.40544,1.12,2.81
2014.11.12 19:04:00.755,1.40524,1.40544,1.00,2.81
2014.11.12 19:04:03.587,1.40524,1.40544,1.00,2.06
2014.11.12 19:04:04.628,1.40524,1.40544,1.00,2.81
2014.11.12 19:04:07.383,1.40522,1.40541,1.00,1.19
2014.11.12 19:04:07.946,1.40522,1.40541,1.00,1.19
2014.11.12 19:04:08.444,1.4052,1.40541,1.25,1.19
2014.11.12 19:04:08.964,1.40521,1.40541,1.00,1.19
2014.11.12 19:04:09.677,1.40524,1.40541,1.00,1.19
2014.11.12 19:04:10.609,1.40524,1.40541,1.00,1.19
2014.11.12 19:04:12.312,1.40517,1.40541,2.81,1.19
2014.11.12 19:04:12.858,1.40517,1.40541,1.37,1.19
2014.11.12 19:04:13.212,1.40524,1.40541,1.00,1.19
2014.11.12 19:04:13.414,1.40522,1.40539,1.00,1.25
2014.11.12 19:04:14.320,1.40522,1.40539,1.00,1.19
2014.11.12 19:04:15.201,1.40519,1.40539,1.00,1.19
2014.11.12 19:04:17.352,1.40521,1.40539,1.00,1.19
2014.11.12 19:04:17.980,1.40521,1.40537,1.00,1.00
2014.11.12 19:04:18.486,1.40521,1.40537,1.00,1.60
2014.11.12 19:04:18.587,1.40513,1.40534,1.50,1.87
2014.11.12 19:04:18.638,1.40511,1.40533,1.50,1.56
2014.11.12 19:04:19.187,1.40512,1.40529,1.00,1.69
2014.11.12 19:04:22.909,1.40512,1.40524,1.00,1.00
2014.11.12 19:04:23.011,1.40512,1.40526,1.00,1.00
2014.11.12 19:04:29.365,1.4051,1.40526,1.00,1.00
2014.11.12 19:04:29.719,1.40508,1.40526,1.00,1.00
2014.11.12 19:04:30.255,1.40509,1.40526,1.25,1.00
2014.11.12 19:04:30.306,1.40511,1.40531,1.19,1.00
2014.11.12 19:04:30.813,1.40511,1.40532,1.69,1.00
2014.11.12 19:04:30.863,1.40511,1.40534,2.06,1.00
2014.11.12 19:04:31.380,1.40511,1.40535,2.06,1.00
2014.11.12 19:04:32.186,1.40511,1.40535,1.87,1.25
2014.11.12 19:04:33.211,1.4051,1.40535,3.37,1.25
2014.11.12 19:04:35.195,1.4051,1.40535,3.37,1.19
2014.11.12 19:04:37.301,1.40511,1.40535,1.31,1.25
2014.11.12 19:04:38.304,1.40511,1.40535,1.31,1.25
2014.11.12 19:04:39.400,1.40511,1.40534,1.19,1.00
2014.11.12 19:04:39.913,1.40511,1.40533,1.19,1.00
2014.11.12 19:04:40.432,1.40511,1.40533,1.19,1.00
2014.11.12 19:04:42.075,1.4051,1.40533,1.69,1.37
2014.11.12 19:04:42.126,1.4051,1.40533,1.00,1.56
2014.11.12 19:04:42.177,1.4051,1.40533,1.00,1.56
2014.11.12 19:04:42.278,1.40507,1.40529,1.00,1.25
2014.11.12 19:04:42.430,1.40507,1.40531,1.31,1.25
2014.11.12 19:04:42.785,1.40513,1.40531,1.00,1.31
2014.11.12 19:04:43.441,1.40513,1.40531,1.00,1.19
2014.11.12 19:04:44.082,1.40515,1.40531,1.00,1.19
2014.11.12 19:04:44.594,1.40515,1.40531,1.00,1.25
2014.11.12 19:04:44.897,1.40517,1.40531,1.00,1.00
2014.11.12 19:04:44.949,1.40517,1.40533,1.00,1.25
2014.11.12 19:04:45.499,1.40516,1.40533,1.00,1.25
2014.11.12 19:04:46.360,1.40517,1.40533,1.00,1.19
2014.11.12 19:04:47.852,1.40517,1.40533,1.00,1.00
2014.11.12 19:04:47.953,1.40519,1.40535,1.00,1.00
2014.11.12 19:04:48.105,1.40519,1.40537,1.00,1.00
2014.11.12 19:04:48.623,1.40518,1.40537,1.00,1.00
2014.11.12 19:04:49.128,1.40519,1.40538,1.25,1.00
2014.11.12 19:04:49.179,1.40521,1.40538,1.00,1.00
2014.11.12 19:04:49.756,1.40522,1.4054,1.00,2.06
2014.11.12 19:04:50.297,1.40523,1.4054,1.00,2.06
2014.11.12 19:04:52.003,1.40522,1.4054,1.00,2.06
2014.11.12 19:04:53.484,1.40522,1.4054,1.00,2.06
2014.11.12 19:04:56.070,1.40523,1.40538,1.00,1.00
2014.11.12 19:04:57.317,1.40522,1.40538,1.00,1.25
2014.11.12 19:04:57.913,1.40525,1.40541,1.00,1.31
2014.11.12 19:04:58.195,1.40522,1.40541,1.00,1.56
2014.11.12 19:04:58.499,1.40521,1.40541,1.00,2.06
2014.11.12 19:04:58.862,1.40516,1.40536,1.00,1.87
2014.11.12 19:04:58.913,1.40516,1.40536,1.00,2.81
2014.11.12 19:05:00.004,1.40516,1.40534,1.00,1.19
2014.11.12 19:05:00.256,1.40514,1.40533,1.00,1.19
2014.11.12 19:05:00.408,1.40516,1.40533,1.00,1.19
2014.11.12 19:05:00.962,1.40517,1.40533,1.00,1.19
2014.11.12 19:05:01.697,1.40509,1.40533,1.19,1.56
2014.11.12 19:05:01.748,1.40508,1.40533,2.62,1.56
2014.11.12 19:05:01.849,1.40509,1.4053,1.25,1.19
2014.11.12 19:05:02.153,1.40509,1.40529,1.00,1.19
2014.11.12 19:05:02.942,1.40509,1.40529,1.25,1.19
2014.11.12 19:05:03.458,1.40508,1.40528,1.19,1.00
2014.11.12 19:05:03.971,1.40509,1.4053,1.00,2.06
2014.11.12 19:05:04.476,1.40506,1.4053,1.31,1.31
2014.11.12 19:05:05.004,1.40508,1.4053,1.19,1.31
2014.11.12 19:05:05.523,1.40508,1.40528,1.19,1.00
2014.11.12 19:05:05.827,1.40505,1.40531,1.56,1.00
2014.11.12 19:05:06.561,1.40507,1.40531,1.56,1.00
2014.11.12 19:05:06.715,1.40506,1.40529,1.19,1.00
2014.11.12 19:05:06.766,1.40504,1.40529,4.31,1.00
2014.11.12 19:05:07.660,1.40507,1.40528,1.25,1.00
2014.11.12 19:05:08.191,1.40505,1.40527,1.87,1.00
2014.11.12 19:05:09.139,1.40505,1.40527,1.19,1.00
2014.11.12 19:05:11.145,1.40505,1.40527,1.19,1.00
2014.11.12 19:05:11.872,1.40505,1.40528,1.19,1.69
2014.11.12 19:05:13.152,1.40505,1.40528,1.19,1.69
2014.11.12 19:05:13.780,1.40504,1.40528,2.44,2.06
2014.11.12 19:05:14.287,1.40507,1.40528,1.25,1.87
2014.11.12 19:05:15.159,1.40507,1.40528,1.19,2.06
2014.11.12 19:05:17.165,1.40507,1.40528,1.19,1.87
2014.11.12 19:05:18.169,1.40507,1.40528,1.19,2.06
2014.11.12 19:05:22.610,1.40508,1.40528,1.25,2.06
2014.11.12 19:05:22.711,1.40505,1.40528,1.19,2.06
2014.11.12 19:05:23.022,1.40505,1.40528,1.19,2.06
2014.11.12 19:05:23.581,1.40506,1.40528,1.19,2.06
2014.11.12 19:05:24.211,1.40506,1.40528,1.19,2.06
2014.11.12 19:05:27.953,1.40504,1.40528,1.69,2.06
2014.11.12 19:05:28.455,1.40503,1.40528,1.69,2.81
2014.11.12 19:05:29.208,1.40504,1.40528,1.19,2.06
2014.11.12 19:05:30.244,1.40504,1.40528,1.19,2.06
2014.11.12 19:05:30.908,1.40507,1.40528,1.00,2.06
2014.11.12 19:05:31.075,1.40507,1.40528,1.25,1.69
2014.11.12 19:05:33.042,1.40507,1.40528,1.19,1.25
2014.11.12 19:05:34.045,1.40507,1.40528,1.19,1.00
2014.11.12 19:05:35.048,1.40507,1.40528,1.19,1.25
2014.11.12 19:05:41.068,1.40506,1.40528,1.19,1.31
2014.11.12 19:05:42.487,1.40506,1.40528,1.19,1.62
2014.11.12 19:05:43.076,1.40505,1.40528,1.19,1.62
2014.11.12 19:05:44.873,1.40505,1.40528,1.19,1.25
2014.11.12 19:05:50.095,1.40505,1.40528,1.69,1.25
2014.11.12 19:05:51.134,1.40505,1.40528,1.25,1.12
2014.11.12 19:05:51.235,1.40505,1.40528,1.19,1.31
2014.11.12 19:05:52.303,1.40505,1.40528,1.19,1.31
2014.11.12 19:05:53.306,1.40505,1.40528,1.19,1.12
2014.11.12 19:05:54.308,1.40504,1.40528,1.19,2.06
2014.11.12 19:05:55.311,1.40503,1.40528,1.69,2.06
2014.11.12 19:05:56.314,1.40504,1.40528,1.19,2.06
2014.11.12 19:05:57.358,1.40504,1.40527,1.19,1.00
2014.11.12 19:05:57.830,1.40504,1.40528,1.19,1.62
2014.11.12 19:05:57.931,1.40502,1.40528,1.19,1.56
2014.11.12 19:05:59.397,1.40501,1.40526,1.24,1.31
2014.11.12 19:06:00.500,1.40502,1.40526,1.19,1.56
2014.11.12 19:06:00.873,1.40502,1.40526,1.31,1.31
2014.11.12 19:06:01.866,1.40502,1.40526,1.31,1.12
2014.11.12 19:06:02.870,1.40502,1.40526,1.31,1.31
2014.11.12 19:06:03.401,1.40503,1.40528,1.31,1.37
2014.11.12 19:06:03.452,1.40505,1.4053,1.37,1.50
2014.11.12 19:06:03.756,1.40509,1.40524,1.00,1.00
2014.11.12 19:06:03.807,1.40507,1.40528,2.06,1.56
2014.11.12 19:06:04.321,1.40506,1.40529,2.81,2.29
2014.11.12 19:06:05.911,1.40508,1.40529,1.31,1.85
2014.11.12 19:06:06.431,1.40508,1.40531,2.06,1.00
2014.11.12 19:06:06.533,1.40508,1.40534,2.06,2.62
2014.11.12 19:06:07.390,1.40509,1.40534,1.56,2.25
2014.11.12 19:06:08.395,1.4051,1.40533,1.56,1.50
2014.11.12 19:06:11.406,1.4051,1.40533,1.56,1.50
2014.11.12 19:06:13.030,1.40512,1.40534,1.19,1.25
2014.11.12 19:06:13.535,1.40512,1.40534,1.31,1.00
2014.11.12 19:06:14.417,1.40512,1.40534,2.06,1.00
2014.11.12 19:06:15.420,1.40512,1.40534,2.06,1.00
2014.11.12 19:06:17.428,1.40512,1.40534,2.06,1.00
2014.11.12 19:06:17.952,1.40512,1.40537,1.19,1.56
2014.11.12 19:06:18.934,1.40513,1.40537,1.19,1.56
2014.11.12 19:06:19.440,1.40513,1.40537,1.19,1.56
2014.11.12 19:06:20.144,1.40513,1.40537,1.31,1.31
2014.11.12 19:06:21.973,1.40513,1.40537,1.56,1.19
2014.11.12 19:06:23.248,1.40513,1.40537,2.06,1.25
2014.11.12 19:06:24.270,1.40513,1.40537,1.56,1.00
2014.11.12 19:06:25.255,1.40513,1.40537,2.06,1.25
2014.11.12 19:06:26.261,1.40514,1.40537,1.56,1.00
2014.11.12 19:06:29.078,1.40515,1.40537,1.37,1.79
2014.11.12 19:06:29.382,1.40513,1.40532,1.19,1.00
2014.11.12 19:06:35.386,1.40512,1.40532,2.06,1.00
2014.11.12 19:06:36.389,1.40512,1.40532,1.31,1.00
2014.11.12 19:06:37.392,1.40512,1.40532,2.06,1.00
2014.11.12 19:06:39.396,1.40513,1.40532,1.19,1.00
2014.11.12 19:06:40.500,1.40513,1.40532,1.19,1.00
2014.11.12 19:06:43.508,1.40512,1.40532,2.06,1.00
2014.11.12 19:06:44.512,1.40512,1.40532,2.06,1.00
2014.11.12 19:06:49.526,1.40512,1.40532,1.69,1.00
2014.11.12 19:06:50.057,1.40512,1.40533,1.69,1.00
2014.11.12 19:06:52.558,1.40512,1.40533,1.69,1.00
2014.11.12 19:06:53.536,1.40512,1.40533,1.19,1.00
2014.11.12 19:06:57.187,1.40512,1.40534,1.69,1.00
2014.11.12 19:06:57.561,1.40512,1.40535,1.19,1.00
2014.11.12 19:06:58.563,1.40512,1.40535,1.19,1.00
2014.11.12 19:07:01.371,1.40512,1.40535,2.06,1.00
2014.11.12 19:07:04.866,1.40513,1.40534,1.19,1.35
2014.11.12 19:07:05.422,1.40511,1.40533,1.19,1.00
2014.11.12 19:07:05.783,1.40509,1.40533,2.81,1.19
2014.11.12 19:07:06.017,1.40509,1.4053,1.19,1.19
2014.11.12 19:07:06.219,1.40505,1.40527,2.44,1.31
2014.11.12 19:07:07.188,1.40504,1.40527,1.69,1.31
2014.11.12 19:07:08.191,1.40504,1.40527,1.19,1.31
2014.11.12 19:07:10.200,1.40504,1.40527,1.19,1.31
2014.11.12 19:07:17.220,1.40504,1.40528,1.19,2.81
2014.11.12 19:07:17.534,1.40503,1.40524,1.00,1.56
2014.11.12 19:07:17.787,1.40495,1.4052,3.19,2.06
2014.11.12 19:07:18.628,1.40495,1.4052,2.06,2.81
2014.11.12 19:07:19.656,1.40495,1.4052,1.56,1.31
2014.11.12 19:07:20.662,1.40495,1.40521,1.56,3.41
2014.11.12 19:07:22.853,1.40495,1.40517,1.31,1.00
2014.11.12 19:07:23.244,1.40493,1.40518,2.81,1.19
2014.11.12 19:07:24.248,1.40495,1.40518,1.56,1.19
2014.11.12 19:07:24.777,1.40499,1.40522,1.62,1.50
2014.11.12 19:07:25.031,1.40501,1.40526,2.06,1.19
2014.11.12 19:07:26.256,1.40503,1.40526,1.31,1.19
2014.11.12 19:07:28.261,1.40503,1.40526,1.19,1.19
2014.11.12 19:07:29.858,1.40503,1.40524,1.19,1.00
2014.11.12 19:07:30.922,1.40502,1.40526,1.19,1.19
2014.11.12 19:07:33.279,1.40502,1.40526,2.06,1.19
2014.11.12 19:07:34.297,1.40502,1.40526,1.56,1.19
2014.11.12 19:07:34.348,1.40502,1.4052,1.19,1.00
2014.11.12 19:07:34.399,1.40498,1.4052,1.12,1.50
2014.11.12 19:07:34.500,1.40495,1.4052,3.56,3.56
2014.11.12 19:07:37.891,1.40494,1.40517,1.56,1.00
2014.11.12 19:07:39.113,1.40494,1.40517,1.69,1.56
2014.11.12 19:07:39.215,1.40494,1.40514,1.00,1.60
2014.11.12 19:07:39.316,1.40491,1.40513,1.12,1.05
2014.11.12 19:07:39.367,1.40491,1.40509,1.00,1.00
2014.11.12 19:07:39.469,1.40488,1.40507,1.00,1.35
2014.11.12 19:07:39.974,1.40486,1.40507,1.31,1.05
2014.11.12 19:07:41.204,1.40489,1.4051,1.19,1.19
2014.11.12 19:07:41.439,1.4049,1.40513,1.19,1.50
2014.11.12 19:07:41.541,1.40492,1.40516,2.81,1.19
2014.11.12 19:07:43.412,1.4049,1.40513,1.19,1.31
2014.11.12 19:07:44.431,1.40488,1.40511,1.31,1.54
2014.11.12 19:07:45.419,1.40487,1.40511,2.06,1.91
2014.11.12 19:07:48.429,1.40486,1.4051,2.06,1.31
2014.11.12 19:07:49.432,1.40485,1.4051,2.81,2.06
2014.11.12 19:07:51.437,1.40486,1.4051,1.31,1.69
2014.11.12 19:07:52.168,1.40485,1.40507,1.19,1.19
2014.11.12 19:07:53.143,1.40485,1.40507,1.69,1.25
2014.11.12 19:07:56.199,1.40486,1.40507,1.31,1.00
2014.11.12 19:07:56.723,1.40485,1.40507,1.31,1.19
2014.11.12 19:08:04.576,1.40485,1.40507,2.06,1.25
2014.11.12 19:08:05.579,1.40486,1.40507,1.19,1.19
2014.11.12 19:08:08.595,1.40486,1.40509,1.56,1.19
2014.11.12 19:08:08.898,1.40494,1.40514,1.56,1.50
2014.11.12 19:08:09.303,1.40495,1.40517,1.56,1.25
2014.11.12 19:08:09.823,1.40493,1.40517,2.06,1.19
2014.11.12 19:08:10.819,1.40494,1.40517,1.56,1.19
2014.11.12 19:08:12.802,1.40494,1.40517,1.56,1.25
2014.11.12 19:08:13.805,1.40494,1.40517,1.56,1.19
2014.11.12 19:08:14.808,1.40494,1.40517,1.56,1.25
2014.11.12 19:08:16.615,1.40494,1.40517,1.56,1.25
2014.11.12 19:08:17.637,1.40493,1.40517,2.06,1.19
2014.11.12 19:08:18.622,1.40493,1.40517,2.06,1.19
2014.11.12 19:08:19.625,1.40493,1.40517,2.06,1.19
2014.11.12 19:08:24.637,1.40494,1.40517,1.56,1.69
2014.11.12 19:08:27.169,1.40496,1.40517,1.31,1.25
2014.11.12 19:08:28.148,1.40496,1.40519,1.56,1.54
2014.11.12 19:08:29.151,1.40496,1.40519,2.06,1.54
2014.11.12 19:08:44.694,1.40496,1.4052,1.56,1.69
2014.11.12 19:08:49.723,1.40496,1.4052,1.56,1.69
2014.11.12 19:08:51.818,1.40495,1.4052,2.81,3.04
2014.11.12 19:08:52.868,1.40495,1.40517,2.06,1.00
2014.11.12 19:08:54.357,1.40495,1.40518,2.81,1.25
2014.11.12 19:08:54.936,1.40495,1.40518,2.81,1.19
2014.11.12 19:08:55.037,1.40499,1.40521,1.25,1.00
2014.11.12 19:08:55.088,1.40501,1.40523,1.37,1.00
2014.11.12 19:08:55.391,1.40504,1.40528,1.56,1.69
2014.11.12 19:08:55.695,1.40506,1.40528,1.56,1.19
2014.11.12 19:08:56.433,1.40507,1.40531,1.31,1.31
2014.11.12 19:08:57.836,1.40508,1.40531,1.56,1.19
2014.11.12 19:08:59.843,1.40508,1.4053,1.31,1.19
2014.11.12 19:09:00.847,1.40508,1.40531,1.31,1.69
2014.11.12 19:09:04.973,1.40508,1.40531,1.31,1.19
2014.11.12 19:09:06.762,1.40509,1.40531,1.19,1.31
2014.11.12 19:09:07.080,1.40513,1.40535,1.69,1.50
2014.11.12 19:09:07.131,1.40517,1.40539,1.00,1.69
2014.11.12 19:09:07.182,1.40517,1.40535,1.00,1.00
2014.11.12 19:09:07.385,1.40513,1.40535,1.00,1.19
2014.11.12 19:09:07.487,1.40513,1.40532,1.00,1.00
2014.11.12 19:09:07.538,1.40509,1.40532,1.19,1.00
2014.11.12 19:09:07.590,1.40507,1.40529,1.19,1.00
2014.11.12 19:09:07.640,1.40505,1.40529,1.25,1.00
2014.11.12 19:09:07.691,1.40505,1.40527,1.25,1.00
2014.11.12 19:09:07.995,1.40503,1.40525,1.00,1.19
2014.11.12 19:09:08.629,1.40503,1.40525,1.00,1.69
2014.11.12 19:09:09.908,1.40503,1.40526,1.19,1.91
2014.11.12 19:09:12.617,1.40503,1.40526,1.19,1.54
2014.11.12 19:09:13.659,1.40503,1.40526,1.69,1.54
2014.11.12 19:09:13.962,1.40504,1.40528,2.81,1.19
2014.11.12 19:09:14.265,1.40505,1.4053,2.06,1.31
2014.11.12 19:09:14.630,1.40511,1.4053,1.69,1.00
2014.11.12 19:09:14.731,1.40512,1.40534,2.06,1.50
2014.11.12 19:09:14.833,1.40514,1.40535,1.19,1.00
2014.11.12 19:09:14.935,1.40515,1.40538,1.19,2.06
2014.11.12 19:09:15.466,1.40514,1.40538,1.50,1.79
2014.11.12 19:09:15.769,1.40509,1.40534,1.69,1.19
2014.11.12 19:09:16.550,1.40509,1.40533,1.56,1.50
2014.11.12 19:09:16.853,1.40514,1.40538,2.81,1.69
2014.11.12 19:09:17.106,1.40512,1.40536,1.69,1.37
2014.11.12 19:09:17.258,1.40512,1.40534,1.00,1.56
2014.11.12 19:09:17.656,1.40509,1.40533,1.50,1.31
2014.11.12 19:09:18.289,1.40508,1.40533,1.25,1.56
2014.11.12 19:09:18.647,1.4051,1.40533,1.37,1.19
2014.11.12 19:09:18.750,1.40513,1.40535,2.06,1.00
2014.11.12 19:09:18.801,1.40513,1.40538,2.06,1.31
2014.11.12 19:09:20.060,1.40514,1.40539,1.19,1.00
2014.11.12 19:09:21.064,1.40514,1.40539,1.31,1.25
2014.11.12 19:09:22.088,1.40515,1.4054,1.31,1.31
2014.11.12 19:09:23.087,1.40515,1.4054,2.81,1.25
2014.11.12 19:09:25.678,1.40517,1.4054,1.56,1.00
2014.11.12 19:09:26.459,1.40518,1.40543,1.31,2.06
2014.11.12 19:09:26.977,1.40517,1.40542,2.06,1.19
2014.11.12 19:09:27.718,1.40519,1.40542,1.19,1.25
2014.11.12 19:09:28.688,1.4052,1.40542,1.19,1.25
2014.11.12 19:09:30.717,1.40518,1.40542,1.31,1.25
2014.11.12 19:09:31.698,1.40518,1.40542,1.19,1.19
2014.11.12 19:09:33.704,1.40518,1.40541,1.19,1.19
2014.11.12 19:09:34.707,1.40517,1.40541,1.19,1.31
2014.11.12 19:09:35.716,1.40517,1.40541,1.69,1.31
2014.11.12 19:09:36.713,1.40517,1.40541,1.69,1.31
2014.11.12 19:09:40.723,1.40517,1.40541,1.69,1.31
2014.11.12 19:09:41.726,1.40517,1.40541,1.69,1.31
2014.11.12 19:09:42.768,1.40518,1.40542,1.31,1.69
2014.11.12 19:09:45.736,1.40518,1.40542,1.19,2.06
2014.11.12 19:09:50.750,1.40519,1.40542,1.19,1.19
2014.11.12 19:09:51.755,1.40519,1.40543,1.19,1.31
2014.11.12 19:09:52.084,1.40518,1.40543,1.31,1.31
2014.11.12 19:09:53.058,1.40518,1.40543,1.31,1.31
2014.11.12 19:09:54.861,1.40518,1.40543,2.06,1.31
2014.11.12 19:09:55.165,1.40523,1.40545,1.19,1.00
2014.11.12 19:09:55.368,1.40523,1.40548,1.31,1.31
2014.11.12 19:09:56.115,1.40523,1.40548,1.19,1.56
2014.11.12 19:09:57.072,1.40523,1.40548,1.19,1.56
2014.11.12 19:09:58.074,1.40523,1.40548,1.19,1.56
2014.11.12 19:09:59.124,1.40523,1.40546,1.19,1.31
2014.11.12 19:09:59.793,1.40523,1.40546,1.00,1.31
2014.11.12 19:09:59.945,1.40521,1.40545,1.25,1.31
2014.11.12 19:10:01.823,1.40521,1.40545,1.25,1.31
2014.11.12 19:10:02.789,1.40521,1.40545,1.19,1.31
2014.11.12 19:10:03.592,1.40521,1.40545,1.19,1.56
2014.11.12 19:10:03.795,1.40521,1.40546,1.00,3.19
2014.11.12 19:10:04.301,1.4052,1.40545,1.25,2.06
2014.11.12 19:10:04.693,1.40519,1.40544,1.00,1.56
2014.11.12 19:10:05.701,1.40519,1.40545,1.00,2.81
2014.11.12 19:10:06.205,1.40518,1.40542,1.00,1.31
2014.11.12 19:10:06.735,1.40518,1.40542,1.25,1.31
2014.11.12 19:10:07.749,1.40518,1.40542,1.19,1.31
2014.11.12 19:10:08.566,1.40515,1.4054,1.69,1.62
2014.11.12 19:10:09.107,1.40515,1.4054,1.25,1.56
2014.11.12 19:10:10.125,1.40515,1.4054,1.19,1.56
2014.11.12 19:10:13.122,1.40515,1.4054,1.19,1.56
2014.11.12 19:10:14.142,1.40515,1.4054,1.19,1.56
2014.11.12 19:10:15.143,1.40515,1.4054,1.19,1.56
2014.11.12 19:10:19.188,1.40515,1.4054,2.06,2.06
2014.11.12 19:10:20.850,1.40515,1.4054,1.31,2.81
2014.11.12 19:10:21.853,1.40515,1.4054,1.31,2.81
2014.11.12 19:10:22.856,1.40515,1.4054,1.31,2.06
2014.11.12 19:10:23.858,1.40515,1.4054,1.31,2.06
2014.11.12 19:10:26.865,1.40517,1.4054,1.25,1.31
2014.11.12 19:10:30.875,1.40517,1.4054,1.19,1.31
2014.11.12 19:10:31.878,1.40517,1.4054,1.19,1.31
2014.11.12 19:10:32.880,1.40517,1.4054,1.19,1.31
2014.11.12 19:10:33.883,1.40517,1.4054,1.19,1.31
2014.11.12 19:10:34.886,1.40517,1.4054,1.19,1.31
2014.11.12 19:10:36.891,1.40517,1.4054,1.19,1.31
2014.11.12 19:10:39.901,1.40517,1.4054,1.19,1.31
2014.11.12 19:10:40.904,1.40515,1.4054,1.19,2.06
2014.11.12 19:10:41.907,1.40515,1.4054,1.19,2.06
2014.11.12 19:10:47.935,1.40515,1.4054,1.31,2.06
2014.11.12 19:10:48.950,1.40515,1.4054,1.56,1.69
2014.11.12 19:10:49.929,1.40515,1.4054,1.56,1.00
2014.11.12 19:10:50.931,1.40515,1.4054,2.06,1.31
2014.11.12 19:10:51.957,1.40516,1.4054,1.56,1.19
2014.11.12 19:10:53.941,1.40515,1.4054,2.06,1.25
2014.11.12 19:10:54.944,1.40515,1.4054,2.06,1.19
2014.11.12 19:10:56.952,1.40514,1.40539,1.56,1.19
2014.11.12 19:10:59.981,1.40513,1.40538,2.06,1.19
2014.11.12 19:11:00.542,1.40513,1.40538,1.56,1.19
2014.11.12 19:11:03.579,1.40513,1.40538,1.56,1.19
2014.11.12 19:11:06.428,1.40513,1.40538,1.56,1.19
2014.11.12 19:11:07.384,1.40513,1.40538,1.56,1.19
2014.11.12 19:11:08.380,1.40513,1.40538,1.56,1.69
2014.11.12 19:11:08.909,1.40512,1.40535,1.56,1.00
2014.11.12 19:11:13.622,1.40512,1.40535,2.06,1.00
2014.11.12 19:11:16.632,1.40513,1.40535,1.56,1.00
2014.11.12 19:11:17.636,1.40513,1.40535,1.56,1.00
2014.11.12 19:11:18.558,1.40515,1.40535,1.69,1.00
2014.11.12 19:11:18.862,1.40526,1.40543,1.56,1.00
2014.11.12 19:11:18.913,1.40526,1.40547,1.56,1.00
2014.11.12 19:11:19.525,1.40526,1.4055,1.19,1.69
2014.11.12 19:11:19.576,1.40527,1.4055,1.19,1.69
2014.11.12 19:11:21.551,1.40527,1.4055,1.56,1.69
2014.11.12 19:11:22.574,1.40527,1.4055,1.56,1.00
2014.11.12 19:11:23.560,1.40527,1.4055,1.56,1.25
2014.11.12 19:11:24.204,1.40528,1.4055,1.56,1.00
2014.11.12 19:11:24.566,1.40525,1.4055,2.44,1.00
2014.11.12 19:11:28.378,1.40528,1.4055,1.56,1.00
2014.11.12 19:11:28.683,1.40533,1.40555,1.56,1.00
2014.11.12 19:11:29.384,1.40533,1.40556,2.81,1.00
2014.11.12 19:11:30.145,1.40533,1.40556,2.81,1.00
2014.11.12 19:11:30.688,1.40533,1.40556,2.81,1.00
2014.11.12 19:11:31.843,1.40535,1.40558,1.56,1.00
2014.11.12 19:11:31.994,1.40535,1.40558,2.81,1.00
2014.11.12 19:11:32.146,1.40538,1.4056,1.56,1.50
2014.11.12 19:11:32.248,1.40538,1.40562,1.56,1.19
2014.11.12 19:11:32.845,1.40539,1.40562,1.56,1.00
2014.11.12 19:11:32.947,1.40537,1.4056,1.00,1.37
2014.11.12 19:11:33.048,1.40533,1.40555,1.00,1.87
2014.11.12 19:11:33.352,1.40525,1.40548,1.56,1.00
2014.11.12 19:11:34.220,1.40525,1.40548,1.19,1.00
2014.11.12 19:11:35.208,1.40525,1.40548,1.56,1.00
2014.11.12 19:11:35.310,1.40523,1.40548,2.06,1.19
2014.11.12 19:11:36.049,1.40522,1.40545,2.81,1.25
2014.11.12 19:11:36.563,1.40522,1.40545,1.19,1.62
2014.11.12 19:11:37.459,1.4052,1.40545,2.40,1.56
2014.11.12 19:11:38.417,1.4052,1.40545,1.65,1.31
2014.11.12 19:11:39.420,1.4052,1.40545,1.56,1.31
2014.11.12 19:11:41.459,1.4052,1.40545,2.06,1.31
2014.11.12 19:11:41.560,1.40522,1.40546,2.06,1.25
2014.11.12 19:11:42.575,1.40523,1.40546,1.19,1.19
2014.11.12 19:11:43.534,1.40522,1.40546,2.06,1.00
2014.11.12 19:11:43.865,1.4052,1.40542,1.27,1.00
2014.11.12 19:11:43.966,1.40517,1.40541,2.25,1.62
2014.11.12 19:11:44.068,1.40517,1.40536,1.00,1.00
2014.11.12 19:11:44.118,1.40514,1.40536,1.00,1.00
2014.11.12 19:11:44.627,1.40514,1.40535,1.19,1.00
2014.11.12 19:11:46.544,1.40513,1.40535,1.19,1.19
2014.11.12 19:11:49.052,1.40514,1.40535,1.25,1.19
2014.11.12 19:11:50.577,1.40514,1.40535,1.31,1.00
2014.11.12 19:11:51.560,1.40514,1.40535,1.31,1.25
2014.11.12 19:11:59.183,1.40513,1.40535,1.56,1.19
2014.11.12 19:12:00.187,1.40512,1.40535,1.19,1.19
2014.11.12 19:12:00.992,1.40511,1.40533,1.00,1.19
2014.11.12 19:12:01.093,1.40511,1.4053,1.00,1.00
2014.11.12 19:12:01.610,1.4051,1.40531,1.19,1.00
2014.11.12 19:12:01.711,1.40511,1.40535,1.69,1.25
2014.11.12 19:12:02.014,1.40513,1.40538,1.19,2.44
2014.11.12 19:12:02.916,1.40512,1.40537,2.06,1.00
2014.11.12 19:12:03.118,1.40512,1.40538,3.19,1.19
2014.11.12 19:12:03.523,1.40515,1.4054,1.62,1.19
2014.11.12 19:12:04.057,1.40515,1.4054,1.56,1.19
2014.11.12 19:12:04.551,1.40519,1.4054,1.37,1.00
2014.11.12 19:12:04.804,1.40522,1.40545,1.56,1.25
2014.11.12 19:12:05.309,1.40522,1.40545,1.56,1.25
2014.11.12 19:12:06.014,1.40522,1.40546,1.56,1.25
2014.11.12 19:12:11.945,1.40522,1.40547,1.69,1.19
2014.11.12 19:12:13.036,1.40523,1.40547,1.56,1.25
2014.11.12 19:12:16.030,1.40522,1.40547,2.06,1.25
2014.11.12 19:12:17.047,1.40522,1.40547,1.56,1.19
2014.11.12 19:12:17.287,1.40521,1.40545,1.37,1.69
2014.11.12 19:12:17.540,1.4052,1.40542,1.27,1.25
2014.11.12 19:12:17.590,1.4052,1.40539,1.27,1.00
2014.11.12 19:12:17.692,1.40514,1.40539,2.06,1.00
2014.11.12 19:12:17.895,1.40514,1.40537,1.19,1.00
2014.11.12 19:12:18.655,1.40513,1.40537,1.19,1.00
2014.11.12 19:12:19.235,1.40513,1.40537,1.69,1.00
2014.11.12 19:12:25.681,1.40512,1.40537,4.27,1.00
2014.11.12 19:12:31.357,1.40512,1.40537,4.69,1.00
2014.11.12 19:12:31.559,1.40512,1.40537,3.56,1.00
2014.11.12 19:12:32.074,1.40512,1.40537,1.69,1.69
2014.11.12 19:12:33.170,1.40512,1.40536,1.56,1.00
2014.11.12 19:12:34.165,1.40512,1.40536,1.69,1.00
2014.11.12 19:12:37.227,1.40514,1.40536,1.56,1.00
2014.11.12 19:12:40.236,1.40513,1.40536,1.56,1.25
2014.11.12 19:12:41.238,1.40514,1.40536,1.56,1.00
2014.11.12 19:12:42.242,1.40513,1.40536,1.56,1.00
2014.11.12 19:12:43.114,1.40513,1.40536,1.69,1.00
2014.11.12 19:12:44.448,1.40515,1.40536,1.56,1.00
2014.11.12 19:12:46.138,1.40515,1.40539,2.81,1.19
2014.11.12 19:12:46.341,1.40515,1.40536,1.56,1.00
2014.11.12 19:12:46.494,1.40514,1.40536,1.56,1.00
2014.11.12 19:12:47.188,1.40514,1.40536,1.56,1.00
2014.11.12 19:12:47.889,1.40515,1.40536,1.56,1.00
2014.11.12 19:12:48.340,1.40515,1.40538,2.06,1.00
2014.11.12 19:12:49.219,1.40516,1.40538,1.31,1.00
2014.11.12 19:12:49.931,1.40515,1.40538,2.81,1.00
2014.11.12 19:12:50.325,1.40516,1.4054,1.56,1.00
2014.11.12 19:12:50.843,1.40517,1.4054,1.62,1.25
2014.11.12 19:12:51.504,1.40517,1.4054,1.56,1.25
2014.11.12 19:12:52.504,1.40515,1.4054,2.81,1.00
2014.11.12 19:12:53.479,1.40515,1.4054,2.81,1.00
2014.11.12 19:12:54.492,1.40516,1.4054,1.56,1.00
2014.11.12 19:12:55.485,1.40516,1.4054,1.56,1.25
2014.11.12 19:12:55.586,1.40515,1.4054,1.56,1.19
2014.11.12 19:12:56.589,1.40515,1.4054,1.56,1.25
2014.11.12 19:12:57.630,1.40515,1.4054,1.56,1.19
2014.11.12 19:12:58.595,1.40515,1.4054,1.56,1.00
2014.11.12 19:12:59.450,1.40515,1.4054,1.56,1.50
2014.11.12 19:13:01.624,1.40515,1.4054,2.06,1.00
2014.11.12 19:13:02.834,1.40519,1.4054,1.56,1.00
2014.11.12 19:13:02.885,1.40522,1.40542,1.62,1.00
2014.11.12 19:13:02.936,1.40522,1.40542,1.56,1.00
2014.11.12 19:13:03.088,1.40522,1.40546,1.56,1.00
2014.11.12 19:13:03.594,1.40522,1.40547,1.56,1.25
2014.11.12 19:13:04.143,1.40522,1.40546,1.56,1.00
2014.11.12 19:13:04.655,1.40522,1.40547,1.56,1.69
2014.11.12 19:13:06.721,1.40522,1.40547,2.06,1.25
2014.11.12 19:13:07.766,1.40523,1.40547,1.12,1.00
2014.11.12 19:13:10.759,1.40523,1.40547,1.44,1.25
2014.11.12 19:13:11.799,1.40523,1.40547,1.44,1.00
2014.11.12 19:13:12.764,1.40523,1.40547,1.87,1.00
2014.11.12 19:13:15.441,1.40523,1.40547,2.25,1.00
2014.11.12 19:13:15.792,1.40523,1.40547,2.25,1.00
2014.11.12 19:13:16.090,1.40526,1.4055,1.56,1.19
2014.11.12 19:13:16.192,1.40528,1.4055,1.12,1.19
2014.11.12 19:13:16.293,1.40528,1.40552,1.37,1.00
2014.11.12 19:13:16.395,1.40528,1.4055,1.31,1.00
2014.11.12 19:13:17.483,1.40525,1.4055,2.06,1.31
2014.11.12 19:13:19.489,1.40525,1.4055,1.56,1.31
2014.11.12 19:13:21.493,1.40525,1.4055,2.06,1.31
2014.11.12 19:13:23.499,1.40526,1.40548,1.19,1.00
2014.11.12 19:13:24.502,1.40523,1.40548,2.81,1.00
2014.11.12 19:13:26.507,1.40526,1.40548,1.19,1.00
2014.11.12 19:13:28.543,1.40525,1.40548,1.31,1.25
2014.11.12 19:13:28.953,1.40526,1.40548,1.31,1.00
2014.11.12 19:13:31.660,1.40525,1.40548,1.56,1.00
2014.11.12 19:13:32.626,1.40525,1.40548,1.56,1.00
2014.11.12 19:13:33.566,1.40523,1.40548,3.37,1.25
2014.11.12 19:13:34.318,1.40523,1.40548,3.19,1.25
2014.11.12 19:13:35.475,1.40524,1.40548,1.69,1.00
2014.11.12 19:13:39.814,1.40525,1.40548,1.56,1.25
2014.11.12 19:13:40.751,1.40526,1.40548,1.56,1.00
2014.11.12 19:13:48.580,1.40524,1.40548,1.56,1.00
2014.11.12 19:13:48.682,1.40525,1.4055,2.06,1.00
2014.11.12 19:13:51.583,1.40526,1.4055,1.56,1.00
2014.11.12 19:13:53.587,1.40526,1.4055,2.06,1.00
2014.11.12 19:13:57.597,1.40526,1.4055,2.06,1.00
2014.11.12 19:14:00.609,1.40527,1.4055,1.31,1.00
2014.11.12 19:14:01.609,1.40527,1.4055,1.31,1.00
2014.11.12 19:14:09.021,1.40527,1.40551,1.56,1.00
2014.11.12 19:14:10.866,1.4053,1.40551,1.56,1.00
2014.11.12 19:14:11.371,1.4053,1.40552,1.56,1.00
2014.11.12 19:14:11.851,1.40529,1.40552,1.56,1.00
2014.11.12 19:14:12.777,1.40528,1.40554,1.56,1.00
2014.11.12 19:14:13.781,1.40527,1.40552,1.56,1.00
2014.11.12 19:14:19.864,1.40527,1.40552,1.56,1.00
2014.11.12 19:14:20.866,1.40527,1.40552,2.06,1.25
2014.11.12 19:14:21.400,1.40527,1.40552,2.06,1.25
2014.11.12 19:14:22.882,1.40528,1.40552,1.56,1.25
2014.11.12 19:14:25.276,1.40527,1.40552,2.06,1.25
2014.11.12 19:14:25.890,1.40527,1.40552,2.06,1.19
2014.11.12 19:14:26.901,1.40527,1.40552,1.56,1.25
2014.11.12 19:14:27.468,1.40527,1.40552,1.56,1.25
2014.11.12 19:14:33.821,1.40528,1.40551,1.56,1.00
2014.11.12 19:14:37.930,1.40526,1.40551,2.06,1.25
2014.11.12 19:14:39.936,1.40527,1.40551,1.56,1.25
2014.11.12 19:14:40.962,1.40526,1.40551,1.56,1.00
2014.11.12 19:14:43.951,1.40526,1.40551,2.06,1.25
2014.11.12 19:14:44.940,1.40526,1.40551,2.06,1.00
2014.11.12 19:14:45.943,1.40526,1.40551,2.06,1.00
2014.11.12 19:14:46.946,1.40527,1.40551,1.56,1.25
2014.11.12 19:14:48.951,1.40527,1.40551,1.56,1.25
2014.11.12 19:14:50.956,1.40527,1.40551,1.56,1.25
2014.11.12 19:14:51.959,1.40529,1.40551,1.31,1.25
2014.11.12 19:14:52.536,1.40529,1.40551,1.31,1.00
2014.11.12 19:14:55.077,1.40529,1.40551,2.06,1.00
2014.11.12 19:14:55.505,1.40529,1.40553,2.06,1.31
2014.11.12 19:14:56.073,1.40529,1.40553,2.06,1.31
2014.11.12 19:14:57.086,1.40529,1.40553,2.06,1.25
2014.11.12 19:14:59.083,1.40531,1.40553,1.19,1.19
2014.11.12 19:15:00.085,1.4053,1.40553,1.31,1.25
2014.11.12 19:15:01.101,1.4053,1.40553,1.31,1.19
2014.11.12 19:15:02.117,1.4053,1.40553,1.19,1.19
2014.11.12 19:15:05.100,1.4053,1.40553,1.19,1.25
2014.11.12 19:15:07.132,1.40528,1.40553,2.81,1.19
2014.11.12 19:15:08.109,1.40529,1.40553,1.19,1.19
2014.11.12 19:15:10.113,1.4053,1.40553,1.69,1.25
2014.11.12 19:15:14.163,1.4053,1.40553,2.06,1.00
2014.11.12 19:15:15.985,1.4053,1.40552,2.06,1.00
2014.11.12 19:15:16.743,1.4053,1.40552,1.69,1.00
2014.11.12 19:15:17.246,1.4053,1.40554,2.44,1.31
2014.11.12 19:15:17.715,1.40531,1.40556,2.81,1.00
2014.11.12 19:15:17.766,1.40538,1.40556,1.12,1.00
2014.11.12 19:15:17.817,1.40538,1.4056,1.12,1.00
2014.11.12 19:15:17.868,1.40539,1.4056,1.19,1.00
2014.11.12 19:15:18.020,1.40539,1.40564,1.31,2.81
2014.11.12 19:15:18.529,1.40539,1.40561,2.06,1.00
2014.11.12 19:15:18.731,1.40539,1.40559,1.19,1.00
2014.11.12 19:15:18.833,1.40535,1.40555,1.50,1.00
2014.11.12 19:15:18.884,1.40535,1.40555,1.31,1.19
2014.11.12 19:15:19.086,1.4053,1.40551,1.19,1.00
2014.11.12 19:15:19.633,1.40527,1.4055,1.35,1.00
2014.11.12 19:15:19.886,1.40527,1.4055,1.24,1.00
2014.11.12 19:15:20.896,1.40526,1.4055,1.56,1.00
2014.11.12 19:15:22.757,1.40526,1.4055,2.06,1.00
2014.11.12 19:15:24.518,1.40526,1.40549,1.35,1.00
2014.11.12 19:15:24.619,1.40524,1.40547,2.10,1.12
2014.11.12 19:15:24.923,1.40519,1.40543,2.10,1.00
2014.11.12 19:15:25.970,1.40519,1.40543,1.60,1.12
2014.11.12 19:15:27.976,1.40519,1.40543,1.19,1.12
2014.11.12 19:15:28.984,1.40519,1.40543,1.19,1.31
2014.11.12 19:15:29.815,1.40519,1.40543,1.19,1.56
2014.11.12 19:15:30.784,1.40517,1.40541,1.50,1.37
2014.11.12 19:15:31.956,1.40517,1.40541,1.31,1.25
2014.11.12 19:15:32.791,1.40517,1.40541,2.06,1.25
2014.11.12 19:15:34.796,1.40518,1.40541,1.19,1.00
2014.11.12 19:15:35.799,1.40517,1.40541,2.06,1.25
2014.11.12 19:15:36.808,1.40517,1.40541,2.06,1.25
2014.11.12 19:15:38.822,1.40516,1.40542,1.56,2.81
2014.11.12 19:15:40.812,1.40518,1.40542,1.31,2.81
2014.11.12 19:15:43.828,1.40518,1.40542,1.31,2.81
2014.11.12 19:15:45.826,1.40517,1.40542,1.56,2.81
2014.11.12 19:15:46.829,1.40517,1.40542,2.06,2.81
2014.11.12 19:15:47.755,1.40518,1.40542,1.56,2.44
2014.11.12 19:15:48.750,1.40519,1.40543,1.31,2.06
2014.11.12 19:15:49.738,1.40519,1.40543,1.31,2.06
2014.11.12 19:15:50.741,1.40519,1.40543,1.56,1.69
2014.11.12 19:15:51.744,1.40519,1.40543,1.56,1.69
2014.11.12 19:15:53.850,1.40519,1.40543,2.06,1.69
2014.11.12 19:15:54.853,1.40519,1.40543,1.56,1.69
2014.11.12 19:15:56.859,1.40519,1.40543,1.56,1.25
2014.11.12 19:15:57.863,1.40519,1.40543,1.56,1.19
2014.11.12 19:15:58.865,1.40519,1.40543,1.56,1.19
2014.11.12 19:15:59.868,1.40519,1.40543,1.56,1.25
2014.11.12 19:16:00.870,1.40519,1.40543,2.06,1.19
2014.11.12 19:16:02.876,1.40519,1.40543,2.06,1.25
2014.11.12 19:16:03.879,1.4052,1.40543,1.31,1.19
2014.11.12 19:16:04.484,1.40519,1.40539,1.19,1.50
2014.11.12 19:16:04.990,1.40517,1.40541,2.06,1.19
2014.11.12 19:16:05.887,1.40518,1.40542,1.56,1.19
2014.11.12 19:16:06.890,1.40518,1.40542,1.56,1.19
2014.11.12 19:16:07.892,1.40518,1.40542,1.56,1.25
2014.11.12 19:16:08.895,1.40519,1.40542,1.31,1.19
2014.11.12 19:16:09.897,1.40518,1.40542,1.56,1.19
2014.11.12 19:16:11.048,1.40517,1.40542,1.37,1.12
2014.11.12 19:16:12.903,1.40517,1.40542,1.56,1.31
2014.11.12 19:16:16.010,1.40518,1.40542,1.31,1.31
2014.11.12 19:16:17.013,1.40518,1.40542,1.31,1.31
2014.11.12 19:16:18.017,1.40518,1.40542,1.31,1.31
2014.11.12 19:16:19.019,1.40518,1.40542,2.06,1.31
2014.11.12 19:16:20.031,1.40518,1.40542,1.19,1.56
2014.11.12 19:16:20.537,1.40516,1.4054,1.31,1.87
2014.11.12 19:16:22.027,1.40515,1.4054,2.62,2.06
2014.11.12 19:16:24.032,1.40515,1.4054,1.56,2.06
2014.11.12 19:16:27.041,1.40515,1.4054,1.56,1.87
2014.11.12 19:16:29.047,1.40515,1.4054,2.06,1.87
2014.11.12 19:16:31.053,1.40516,1.4054,1.31,2.06
2014.11.12 19:16:34.061,1.40517,1.4054,1.19,2.06
2014.11.12 19:16:35.064,1.40517,1.4054,1.56,1.19
2014.11.12 19:16:37.069,1.40517,1.4054,1.56,1.25
2014.11.12 19:16:38.071,1.40517,1.4054,1.56,1.19
2014.11.12 19:16:40.118,1.40515,1.4054,2.62,1.25
2014.11.12 19:16:41.079,1.40515,1.4054,2.62,1.25
2014.11.12 19:16:42.624,1.40515,1.40538,1.56,1.00
2014.11.12 19:16:44.291,1.40518,1.40538,1.56,1.00
2014.11.12 19:16:44.443,1.40518,1.4054,1.56,1.00
2014.11.12 19:16:45.090,1.40517,1.4054,1.56,1.00
2014.11.12 19:16:46.093,1.40517,1.4054,1.56,1.00
2014.11.12 19:16:46.902,1.40519,1.4054,1.19,1.00
2014.11.12 19:16:46.953,1.40519,1.40541,2.06,1.00
2014.11.12 19:16:47.054,1.4052,1.40545,2.06,1.25
2014.11.12 19:16:47.105,1.4052,1.40545,3.04,1.00
2014.11.12 19:16:47.257,1.40529,1.40548,1.00,1.00
2014.11.12 19:16:47.308,1.40529,1.40551,1.19,1.00
2014.11.12 19:16:47.409,1.4053,1.40553,1.19,1.00
2014.11.12 19:16:48.324,1.4053,1.40553,1.56,1.00
2014.11.12 19:16:49.304,1.4053,1.40553,1.56,1.00
2014.11.12 19:16:51.309,1.4053,1.40553,1.31,1.25
2014.11.12 19:16:56.425,1.4053,1.40553,1.19,1.12
2014.11.12 19:17:01.436,1.40532,1.40555,1.19,1.31
2014.11.12 19:17:02.072,1.40532,1.40555,2.06,1.00
2014.11.12 19:17:05.145,1.40532,1.40555,2.06,1.00
2014.11.12 19:17:08.094,1.40532,1.40555,1.19,1.31
2014.11.12 19:17:09.056,1.40531,1.40555,1.31,1.31
2014.11.12 19:17:09.158,1.4053,1.40555,2.81,1.31
2014.11.12 19:17:10.159,1.4053,1.40555,2.81,1.31
2014.11.12 19:17:14.167,1.4053,1.40555,2.81,1.31
2014.11.12 19:17:15.170,1.4053,1.40555,2.81,1.31
2014.11.12 19:17:17.176,1.40531,1.40555,2.06,1.25
2014.11.12 19:17:18.179,1.40531,1.40555,2.06,1.19
2014.11.12 19:17:19.186,1.40532,1.40556,1.31,1.25
2014.11.12 19:17:23.195,1.40533,1.40556,1.19,1.25
2014.11.12 19:17:24.196,1.40532,1.40556,1.31,1.19
2014.11.12 19:17:25.199,1.40533,1.40556,1.19,1.19
2014.11.12 19:17:26.102,1.40531,1.40556,2.06,1.19
2014.11.12 19:17:28.108,1.40531,1.40554,1.25,1.25
2014.11.12 19:17:29.039,1.40531,1.40554,1.25,1.62
2014.11.12 19:17:29.545,1.40531,1.40554,1.00,1.31
2014.11.12 19:17:30.155,1.40531,1.40554,1.00,1.31
2014.11.12 19:17:32.121,1.40529,1.40554,1.62,2.06
2014.11.12 19:17:33.158,1.4053,1.40554,1.37,1.69
2014.11.12 19:17:33.671,1.4053,1.40554,1.37,1.19
2014.11.12 19:17:34.026,1.40531,1.40554,1.31,1.25
2014.11.12 19:17:34.591,1.40531,1.40554,1.19,1.12
2014.11.12 19:17:35.177,1.4053,1.40554,1.31,1.12
2014.11.12 19:17:39.030,1.40533,1.40557,1.56,1.19
2014.11.12 19:17:39.340,1.40537,1.40557,1.37,1.00
2014.11.12 19:17:39.543,1.40543,1.40566,1.50,1.00
2014.11.12 19:17:39.644,1.40544,1.40564,1.00,1.00
2014.11.12 19:17:39.846,1.40539,1.40561,1.50,1.19
2014.11.12 19:17:39.999,1.40535,1.4056,1.75,1.19
2014.11.12 19:17:40.051,1.40534,1.40559,1.19,1.19
2014.11.12 19:17:40.593,1.40537,1.40559,1.19,1.50
2014.11.12 19:17:40.846,1.40537,1.40562,1.75,1.25
2014.11.12 19:17:41.899,1.40539,1.40564,1.62,2.06
2014.11.12 19:17:41.963,1.40539,1.40564,1.56,2.06
2014.11.12 19:17:42.470,1.40539,1.40564,1.56,1.69
2014.11.12 19:17:43.455,1.40539,1.40564,1.87,2.06
2014.11.12 19:17:43.970,1.40539,1.40564,1.87,2.06
2014.11.12 19:17:44.986,1.40539,1.40564,1.31,2.06
2014.11.12 19:17:46.666,1.4054,1.40564,1.19,1.94
2014.11.12 19:17:46.717,1.40539,1.40561,1.00,1.56
2014.11.12 19:17:46.818,1.40536,1.40561,1.19,1.56
2014.11.12 19:17:47.122,1.40535,1.40559,1.31,1.31
2014.11.12 19:17:48.097,1.40533,1.40559,1.56,1.31
2014.11.12 19:17:48.615,1.40531,1.40556,1.87,1.50
2014.11.12 19:17:51.080,1.40532,1.40556,1.56,1.50
2014.11.12 19:17:51.639,1.40532,1.40556,2.06,1.50
2014.11.12 19:17:52.522,1.40532,1.40556,1.31,1.69
2014.11.12 19:17:53.600,1.40531,1.40556,1.56,2.06
2014.11.12 19:17:56.294,1.4053,1.40556,1.19,2.06
2014.11.12 19:17:56.800,1.4053,1.40553,1.62,1.00
2014.11.12 19:17:57.699,1.4053,1.40553,1.31,1.00
2014.11.12 19:17:58.003,1.40528,1.40552,2.06,1.00
2014.11.12 19:17:58.509,1.40528,1.40551,2.06,1.00
2014.11.12 19:17:59.060,1.40529,1.40551,1.56,1.00
2014.11.12 19:17:59.719,1.4053,1.40551,1.56,1.00
2014.11.12 19:18:03.731,1.40529,1.40551,1.56,1.00
2014.11.12 19:18:04.748,1.40531,1.40551,1.31,1.00
2014.11.12 19:18:05.945,1.4053,1.40554,1.56,1.25
2014.11.12 19:18:06.841,1.40531,1.40554,1.56,1.00
2014.11.12 19:18:09.360,1.40532,1.40554,1.31,1.00
2014.11.12 19:18:10.598,1.40531,1.40554,2.06,1.25
2014.11.12 19:18:12.601,1.40531,1.40554,1.31,1.00
2014.11.12 19:18:16.275,1.40531,1.40552,1.19,1.00
2014.11.12 19:18:16.602,1.4053,1.40552,1.31,1.00
2014.11.12 19:18:16.777,1.40528,1.40552,1.69,1.56
2014.11.12 19:18:16.879,1.40528,1.40548,1.50,1.56
2014.11.12 19:18:17.192,1.40528,1.40546,1.00,1.19
2014.11.12 19:18:17.344,1.40521,1.40546,2.81,1.19
2014.11.12 19:18:17.849,1.40521,1.40543,2.06,1.00
2014.11.12 19:18:18.303,1.40519,1.40542,1.56,1.00
2014.11.12 19:18:18.355,1.40519,1.4054,1.56,1.00
2014.11.12 19:18:19.284,1.40519,1.4054,1.56,1.00
2014.11.12 19:18:28.408,1.40519,1.4054,2.06,1.00
2014.11.12 19:18:32.666,1.40519,1.40541,2.06,1.00
2014.11.12 19:18:32.768,1.40519,1.4054,1.12,1.00
2014.11.12 19:18:32.869,1.40519,1.4054,1.19,1.25
2014.11.12 19:18:33.375,1.40518,1.4054,1.56,1.00
2014.11.12 19:18:33.526,1.40518,1.40542,1.56,1.25
2014.11.12 19:18:44.356,1.40519,1.40542,1.19,1.00
2014.11.12 19:18:46.405,1.40518,1.40542,2.81,1.00
2014.11.12 19:18:47.391,1.40518,1.40542,2.06,1.25
2014.11.12 19:18:51.003,1.40518,1.40538,1.00,1.12
2014.11.12 19:18:51.307,1.40512,1.40534,1.56,1.00
2014.11.12 19:18:51.612,1.40514,1.40533,1.56,1.00
2014.11.12 19:18:51.663,1.40514,1.40535,2.06,1.00
2014.11.12 19:18:51.856,1.40515,1.40537,1.56,1.00
2014.11.12 19:18:52.009,1.40513,1.40535,2.44,1.00
2014.11.12 19:18:52.414,1.40511,1.40535,1.19,1.19
2014.11.12 19:18:53.419,1.4051,1.40533,1.56,1.00
2014.11.12 19:18:54.590,1.40509,1.40533,1.56,1.00
2014.11.12 19:18:56.595,1.40511,1.40533,1.19,1.25
2014.11.12 19:18:57.603,1.40511,1.40533,1.19,1.25
2014.11.12 19:18:58.601,1.40511,1.40533,1.19,1.25
2014.11.12 19:18:59.611,1.40511,1.40533,1.19,1.25
2014.11.12 19:19:00.632,1.40511,1.40533,1.19,1.19
2014.11.12 19:19:01.137,1.40512,1.40533,1.19,1.25
2014.11.12 19:19:02.011,1.40512,1.40533,1.19,1.00
2014.11.12 19:19:05.022,1.40513,1.40535,1.19,1.25
2014.11.12 19:19:07.039,1.40511,1.40535,2.06,1.25
2014.11.12 19:19:08.031,1.40512,1.40535,1.31,1.25
2014.11.12 19:19:08.564,1.40511,1.40535,1.56,1.19
2014.11.12 19:19:11.563,1.4051,1.40535,2.81,1.19
2014.11.12 19:19:15.671,1.4051,1.40535,2.06,1.19
2014.11.12 19:19:16.789,1.4051,1.40533,1.56,1.00
2014.11.12 19:19:18.563,1.4051,1.40533,2.06,1.19
2014.11.12 19:19:19.565,1.4051,1.40533,2.06,1.25
2014.11.12 19:19:20.569,1.4051,1.40533,1.56,1.25
2014.11.12 19:19:21.218,1.40515,1.40533,1.00,1.00
2014.11.12 19:19:21.320,1.40513,1.40537,1.56,1.19
2014.11.12 19:19:22.073,1.40511,1.40536,2.06,1.19
2014.11.12 19:19:23.076,1.40511,1.40536,1.56,1.69
2014.11.12 19:19:24.086,1.40511,1.40536,1.56,1.69
2014.11.12 19:19:25.132,1.40511,1.40536,1.56,1.19
2014.11.12 19:19:28.093,1.40511,1.40536,1.56,1.31
2014.11.12 19:19:29.144,1.40511,1.40536,1.56,1.31
2014.11.12 19:19:32.510,1.40511,1.40536,1.31,1.31
2014.11.12 19:19:32.612,1.40511,1.40534,1.25,1.31
2014.11.12 19:19:34.118,1.40508,1.40532,2.81,1.25
2014.11.12 19:19:35.153,1.40508,1.40532,2.81,1.19
2014.11.12 19:19:35.821,1.40508,1.40532,1.56,1.00
2014.11.12 19:19:37.827,1.40508,1.40532,1.56,1.25
2014.11.12 19:19:38.830,1.40508,1.40532,3.56,1.00
2014.11.12 19:19:43.844,1.40508,1.40532,2.06,1.00
2014.11.12 19:19:44.847,1.4051,1.40532,1.56,1.25
2014.11.12 19:19:48.337,1.4051,1.40533,2.81,1.25
2014.11.12 19:19:49.204,1.40511,1.40535,1.56,1.19
2014.11.12 19:19:52.167,1.40511,1.40535,1.56,1.25
2014.11.12 19:19:53.170,1.40512,1.40535,1.56,1.19
2014.11.12 19:19:56.881,1.40512,1.40536,1.56,1.19
2014.11.12 19:19:59.206,1.40513,1.40537,1.56,1.19
2014.11.12 19:19:59.507,1.40515,1.40537,1.56,1.00
2014.11.12 19:19:59.608,1.40518,1.4054,1.31,2.25
2014.11.12 19:20:00.013,1.40519,1.40541,1.31,1.00
2014.11.12 19:20:00.318,1.40521,1.40544,1.56,1.00
2014.11.12 19:20:01.225,1.40521,1.40544,1.31,1.25
2014.11.12 19:20:02.232,1.40519,1.40544,1.56,1.31
2014.11.12 19:20:03.211,1.40517,1.40542,2.81,1.19
2014.11.12 19:20:04.251,1.40517,1.40542,2.06,1.25
2014.11.12 19:20:05.218,1.40517,1.40542,1.56,1.00
2014.11.12 19:20:06.221,1.40517,1.40542,2.06,1.25
2014.11.12 19:20:07.245,1.40519,1.40542,1.31,1.25
2014.11.12 19:20:08.228,1.40518,1.40542,2.06,1.19
2014.11.12 19:20:09.238,1.40518,1.40542,2.06,1.25
2014.11.12 19:20:15.353,1.40522,1.40545,1.56,1.50
2014.11.12 19:20:15.556,1.40524,1.40549,2.06,2.06
2014.11.12 19:20:15.657,1.40525,1.40549,2.06,1.50
2014.11.12 19:20:15.960,1.40529,1.40554,1.62,1.69
2014.11.12 19:20:16.395,1.40533,1.40555,1.00,1.50
2014.11.12 19:20:16.617,1.4053,1.40555,1.12,1.87
2014.11.12 19:20:16.878,1.4053,1.40555,1.31,1.87
2014.11.12 19:20:17.467,1.40529,1.40553,1.56,1.00
2014.11.12 19:20:19.985,1.40529,1.40553,1.56,1.25
2014.11.12 19:20:20.971,1.40529,1.40553,1.56,1.25
2014.11.12 19:20:21.606,1.40529,1.40553,1.19,1.62
2014.11.12 19:20:21.707,1.40529,1.40549,1.00,1.00
2014.11.12 19:20:21.910,1.40527,1.40549,1.00,1.19
2014.11.12 19:20:22.163,1.40525,1.40549,1.50,1.31
2014.11.12 19:20:22.907,1.40525,1.4055,2.06,1.19
2014.11.12 19:20:23.413,1.40525,1.4055,2.06,1.00
2014.11.12 19:20:23.717,1.40527,1.40553,2.06,1.31
2014.11.12 19:20:24.608,1.40528,1.40553,1.31,1.31
2014.11.12 19:20:25.477,1.40528,1.40553,1.19,1.62
2014.11.12 19:20:25.781,1.40524,1.40548,1.19,1.37
2014.11.12 19:20:26.316,1.40523,1.40548,1.56,1.00
2014.11.12 19:20:27.608,1.40524,1.40548,1.56,1.00
2014.11.12 19:20:28.296,1.40528,1.40548,1.56,1.00
2014.11.12 19:20:28.551,1.40531,1.40553,1.56,1.00
2014.11.12 19:20:29.092,1.40531,1.40554,1.56,1.00
2014.11.12 19:20:29.814,1.40529,1.40554,3.56,1.00
2014.11.12 19:20:30.336,1.4053,1.40557,2.06,2.81
2014.11.12 19:20:30.846,1.40532,1.40557,1.56,2.44
2014.11.12 19:20:32.828,1.40531,1.40557,1.56,2.25
2014.11.12 19:20:33.813,1.40533,1.40557,1.56,1.69
2014.11.12 19:20:41.835,1.40532,1.40557,1.56,1.50
2014.11.12 19:20:42.838,1.40533,1.40557,1.56,1.69
2014.11.12 19:20:45.471,1.40533,1.40557,1.31,2.06
2014.11.12 19:20:46.491,1.40533,1.40557,1.31,1.69
2014.11.12 19:20:47.450,1.40532,1.40557,1.56,1.69
2014.11.12 19:20:48.454,1.40532,1.40557,1.56,1.69
2014.11.12 19:20:49.456,1.40532,1.40557,1.56,1.69
2014.11.12 19:20:50.458,1.40532,1.40557,1.56,1.69
2014.11.12 19:20:51.461,1.40531,1.40556,2.06,1.25
2014.11.12 19:20:55.515,1.40532,1.40556,1.19,1.19
2014.11.12 19:20:56.442,1.40532,1.40554,1.19,1.00
2014.11.12 19:20:57.398,1.40531,1.40554,1.19,1.37
2014.11.12 19:20:57.499,1.40529,1.40553,1.50,1.56
2014.11.12 19:20:57.715,1.40528,1.4055,1.50,1.62
2014.11.12 19:20:58.223,1.40524,1.40549,2.06,1.56
2014.11.12 19:20:59.239,1.40523,1.40546,2.06,1.00
2014.11.12 19:21:00.905,1.40522,1.40546,2.06,1.00
2014.11.12 19:21:03.900,1.40523,1.40546,1.56,1.25
2014.11.12 19:21:11.628,1.40522,1.40546,2.06,1.00
2014.11.12 19:21:16.632,1.40523,1.40546,1.56,1.25
2014.11.12 19:21:24.651,1.40523,1.40546,1.56,1.25
2014.11.12 19:21:28.661,1.40523,1.40546,1.56,1.00
2014.11.12 19:21:29.711,1.40523,1.40546,1.56,1.25
2014.11.12 19:21:30.416,1.40522,1.40546,1.19,1.69
2014.11.12 19:21:30.467,1.40522,1.4054,1.19,1.00
2014.11.12 19:21:30.518,1.40522,1.4054,1.00,1.37
2014.11.12 19:21:30.569,1.4052,1.40536,1.00,1.00
2014.11.12 19:21:30.620,1.40518,1.40536,1.00,1.00
2014.11.12 19:21:30.974,1.40514,1.40534,1.56,1.00
2014.11.12 19:21:31.577,1.40513,1.40534,1.56,1.00
2014.11.12 19:21:32.678,1.40511,1.40534,2.06,1.00
2014.11.12 19:21:34.576,1.40514,1.40535,1.56,1.00
2014.11.12 19:21:34.880,1.40519,1.4054,1.56,1.00
2014.11.12 19:21:35.186,1.40518,1.4054,1.56,1.00
2014.11.12 19:21:37.039,1.40517,1.4054,2.81,1.00
2014.11.12 19:21:37.141,1.40522,1.40544,1.56,1.50
2014.11.12 19:21:38.080,1.40522,1.40543,1.19,1.00
2014.11.12 19:21:38.698,1.40521,1.40543,1.31,1.00
2014.11.12 19:21:39.110,1.4052,1.40543,1.19,1.25
2014.11.12 19:21:39.532,1.40518,1.40541,1.50,2.47
2014.11.12 19:21:39.734,1.40507,1.4053,2.44,1.12
2014.11.12 19:21:39.836,1.40507,1.4053,1.19,1.31
2014.11.12 19:21:40.830,1.40506,1.4053,1.31,1.87
2014.11.12 19:21:41.032,1.40507,1.4053,1.56,1.00
2014.11.12 19:21:42.059,1.40506,1.4053,1.56,1.00
2014.11.12 19:21:43.018,1.40508,1.4053,1.56,1.00
2014.11.12 19:21:46.032,1.40508,1.4053,1.56,1.00
2014.11.12 19:21:47.566,1.40505,1.4053,1.50,1.60
2014.11.12 19:21:47.617,1.40504,1.40521,1.69,1.00
2014.11.12 19:21:47.718,1.40503,1.40523,1.19,1.00
2014.11.12 19:21:47.769,1.40498,1.40523,1.69,1.37
2014.11.12 19:21:47.870,1.40502,1.4052,1.00,1.50
2014.11.12 19:21:47.972,1.40499,1.40519,1.00,1.00
2014.11.12 19:21:48.023,1.40495,1.40517,1.37,1.00
2014.11.12 19:21:48.175,1.40495,1.40517,1.12,1.00
2014.11.12 19:21:49.036,1.40495,1.40517,1.44,1.50
2014.11.12 19:21:49.594,1.40494,1.40519,2.06,1.69
2014.11.12 19:21:50.120,1.40494,1.40519,2.06,1.19
2014.11.12 19:21:50.670,1.40494,1.40519,2.06,1.25
2014.11.12 19:21:51.333,1.40494,1.40519,2.06,1.62
2014.11.12 19:21:51.929,1.40494,1.40518,2.06,1.12
2014.11.12 19:21:52.846,1.40494,1.40518,2.06,1.31
2014.11.12 19:21:52.897,1.40494,1.40518,2.06,1.25
2014.11.12 19:21:53.200,1.40499,1.40518,2.06,1.00
2014.11.12 19:21:53.251,1.40501,1.4052,1.62,1.00
2014.11.12 19:21:53.353,1.40501,1.40523,2.06,1.00
2014.11.12 19:21:53.504,1.40501,1.40525,2.06,1.25
2014.11.12 19:21:54.151,1.40504,1.40525,1.19,1.00
2014.11.12 19:21:56.880,1.40504,1.40525,1.56,1.25
2014.11.12 19:21:57.864,1.40504,1.40527,1.56,1.19
2014.11.12 19:21:58.648,1.40504,1.40524,1.31,1.00
2014.11.12 19:21:59.869,1.40504,1.40524,1.31,1.00
2014.11.12 19:22:00.520,1.40504,1.40524,1.62,1.00
2014.11.12 19:22:01.876,1.40504,1.40524,2.06,1.00
2014.11.12 19:22:03.926,1.40504,1.40525,1.56,1.00
2014.11.12 19:22:04.917,1.40504,1.40525,2.06,1.00
2014.11.12 19:22:06.589,1.40504,1.40525,1.56,1.19
2014.11.12 19:22:07.627,1.40504,1.40525,1.56,1.00
2014.11.12 19:22:10.146,1.40504,1.40525,1.00,1.00
2014.11.12 19:22:10.198,1.40501,1.40525,1.56,1.00
2014.11.12 19:22:10.300,1.40501,1.40522,1.56,1.00
2014.11.12 19:22:13.109,1.40501,1.40522,1.56,1.00
2014.11.12 19:22:14.265,1.40501,1.40524,1.19,1.00
2014.11.12 19:22:16.465,1.40504,1.40524,1.19,1.00
2014.11.12 19:22:16.566,1.40504,1.40526,1.31,1.00
2014.11.12 19:22:17.100,1.40505,1.40527,1.56,1.00
2014.11.12 19:22:17.824,1.40505,1.40527,2.06,1.00
2014.11.12 19:22:18.827,1.40505,1.40527,2.06,1.00
2014.11.12 19:22:21.132,1.40505,1.40527,1.56,1.19
2014.11.12 19:22:24.480,1.40505,1.40527,1.56,1.25
2014.11.12 19:22:25.485,1.40505,1.40527,1.56,1.19
2014.11.12 19:22:26.087,1.40505,1.40527,2.06,1.00
2014.11.12 19:22:27.983,1.40506,1.40524,1.19,1.00
2014.11.12 19:22:28.135,1.40505,1.40527,1.31,1.00
2014.11.12 19:22:30.150,1.40506,1.40527,1.56,1.00
2014.11.12 19:22:31.127,1.40505,1.40527,1.56,1.00
2014.11.12 19:22:31.642,1.40505,1.40528,1.56,1.00
2014.11.12 19:22:32.111,1.40506,1.40528,1.56,1.00
2014.11.12 19:22:36.124,1.40506,1.40528,1.56,1.25
2014.11.12 19:22:36.731,1.40508,1.40528,1.19,1.00
2014.11.12 19:22:37.274,1.40508,1.40529,1.19,1.00
2014.11.12 19:22:37.729,1.40506,1.40529,1.56,1.25
2014.11.12 19:22:38.747,1.40506,1.40529,1.56,1.00
2014.11.12 19:22:40.739,1.40507,1.40529,1.31,1.00
2014.11.12 19:22:42.745,1.40507,1.40529,1.31,1.25
2014.11.12 19:22:45.754,1.40507,1.40529,1.31,1.00
2014.11.12 19:22:47.763,1.40508,1.40529,1.19,1.00
2014.11.12 19:22:48.763,1.40507,1.40529,1.31,1.00
2014.11.12 19:22:48.865,1.40506,1.40529,1.31,1.00
2014.11.12 19:22:48.966,1.40505,1.40529,1.56,2.06
2014.11.12 19:22:49.320,1.40505,1.40525,1.19,1.00
2014.11.12 19:22:49.371,1.40503,1.40525,1.44,1.50
2014.11.12 19:22:49.422,1.40501,1.40521,1.19,1.00
2014.11.12 19:22:49.473,1.405,1.4052,1.25,1.19
2014.11.12 19:22:49.675,1.40499,1.40521,1.56,1.00
2014.11.12 19:22:50.000,1.40504,1.40523,1.19,1.00
2014.11.12 19:22:50.524,1.40505,1.40523,1.19,1.00
2014.11.12 19:22:50.574,1.40505,1.40526,1.19,2.25
2014.11.12 19:22:51.383,1.40504,1.40527,1.56,1.00
2014.11.12 19:22:51.485,1.40504,1.40525,1.19,1.00
2014.11.12 19:22:52.096,1.40502,1.40525,1.56,1.00
2014.11.12 19:22:52.299,1.40499,1.40523,2.62,1.00
2014.11.12 19:22:52.400,1.40499,1.40521,1.12,1.00
2014.11.12 19:22:52.705,1.40499,1.40519,1.19,1.00
2014.11.12 19:22:53.322,1.40498,1.40519,1.56,1.00
2014.11.12 19:22:54.288,1.40497,1.40519,1.56,1.00
2014.11.12 19:22:55.118,1.40495,1.40519,1.56,1.25
2014.11.12 19:22:55.996,1.40496,1.40519,1.31,1.19
2014.11.12 19:22:58.001,1.40496,1.40519,1.31,1.25
2014.11.12 19:23:00.709,1.40496,1.40517,1.19,1.00
2014.11.12 19:23:01.242,1.40496,1.40517,1.19,1.00
2014.11.12 19:23:05.525,1.40495,1.40517,1.19,1.69
2014.11.12 19:23:06.528,1.40493,1.40517,1.56,1.50
2014.11.12 19:23:07.531,1.40492,1.40517,1.56,1.69
2014.11.12 19:23:08.812,1.40491,1.40515,1.56,1.00
2014.11.12 19:23:09.538,1.40492,1.40515,1.56,1.00
2014.11.12 19:23:14.554,1.40491,1.40515,1.56,1.25
2014.11.12 19:23:15.573,1.40493,1.40515,1.31,1.00
2014.11.12 19:23:17.964,1.40495,1.40515,1.19,1.00
2014.11.12 19:23:18.167,1.40495,1.40517,1.56,2.25
2014.11.12 19:23:20.789,1.40497,1.4052,1.56,1.69
2014.11.12 19:23:21.775,1.40497,1.4052,1.56,1.69
2014.11.12 19:23:23.786,1.40496,1.4052,1.56,1.50
2014.11.12 19:23:24.784,1.40498,1.4052,1.31,1.69
2014.11.12 19:23:26.842,1.40497,1.4052,1.56,1.69
2014.11.12 19:23:27.803,1.40496,1.40519,1.31,1.25
2014.11.12 19:23:29.204,1.40494,1.40519,1.19,1.69
2014.11.12 19:23:29.603,1.40494,1.40516,1.19,1.00
2014.11.12 19:23:30.199,1.40494,1.40516,1.31,1.00
2014.11.12 19:23:30.768,1.40494,1.40518,1.31,1.19
2014.11.12 19:23:31.705,1.40495,1.40519,1.56,1.19
2014.11.12 19:23:32.709,1.40496,1.40519,1.56,1.25
2014.11.12 19:23:33.809,1.40497,1.40522,2.44,1.69
2014.11.12 19:23:33.860,1.40499,1.40522,1.56,1.00
2014.11.12 19:23:33.911,1.40501,1.40522,1.69,1.00
2014.11.12 19:23:33.962,1.40501,1.40526,1.69,1.00
2014.11.12 19:23:34.063,1.40506,1.40526,1.56,1.00
2014.11.12 19:23:34.114,1.40506,1.40528,1.56,1.00
2014.11.12 19:23:38.735,1.40506,1.40528,1.56,1.00
2014.11.12 19:23:39.481,1.40504,1.40528,1.56,1.25
2014.11.12 19:23:41.747,1.40505,1.40528,1.31,1.00
2014.11.12 19:23:42.798,1.40504,1.40528,1.56,1.00
2014.11.12 19:23:43.792,1.40505,1.40528,1.56,1.00
2014.11.12 19:23:45.261,1.40506,1.40527,1.19,1.00
2014.11.12 19:23:45.564,1.40502,1.40525,1.00,1.12
2014.11.12 19:23:45.615,1.40501,1.40521,1.50,1.00
2014.11.12 19:23:45.918,1.40495,1.40516,2.06,1.00
2014.11.12 19:23:50.780,1.40497,1.40516,1.19,1.00
2014.11.12 19:23:56.463,1.40496,1.40518,1.31,1.00
2014.11.12 19:23:57.804,1.40493,1.40518,1.56,1.25
2014.11.12 19:24:00.965,1.40494,1.40518,1.56,1.00
2014.11.12 19:24:01.743,1.40494,1.40519,2.06,1.25
2014.11.12 19:24:01.948,1.40496,1.40519,1.56,1.00
2014.11.12 19:24:02.252,1.40503,1.40526,1.56,1.00
2014.11.12 19:24:02.759,1.40503,1.40527,1.56,1.00
2014.11.12 19:24:04.063,1.40503,1.40527,1.56,1.00
2014.11.12 19:24:05.169,1.40503,1.40527,1.56,1.25
2014.11.12 19:24:06.134,1.40503,1.40527,1.56,1.19
2014.11.12 19:24:06.536,1.40504,1.40527,1.56,1.00
2014.11.12 19:24:07.051,1.40504,1.40528,2.44,1.00
2014.11.12 19:24:08.151,1.40505,1.40529,1.56,1.00
2014.11.12 19:24:08.851,1.40506,1.40529,1.56,1.00
2014.11.12 19:24:09.848,1.40506,1.40529,1.56,1.00
2014.11.12 19:24:10.850,1.40507,1.40529,1.31,1.00
2014.11.12 19:24:12.857,1.40507,1.40529,1.56,1.00
2014.11.12 19:24:14.507,1.40507,1.40527,1.31,1.00
2014.11.12 19:24:14.659,1.40507,1.4053,1.31,2.44
2014.11.12 19:24:14.911,1.40506,1.4053,1.56,2.44
2014.11.12 19:24:15.866,1.40505,1.4053,1.31,2.44
2014.11.12 19:24:17.872,1.40505,1.4053,1.56,2.81
2014.11.12 19:24:18.874,1.40505,1.4053,1.56,2.81
2014.11.12 19:24:19.375,1.40505,1.40529,1.56,1.00
2014.11.12 19:24:21.304,1.40507,1.40529,1.56,1.00
2014.11.12 19:24:22.884,1.40507,1.40529,1.56,1.00
2014.11.12 19:24:23.787,1.40503,1.40529,4.69,1.19
2014.11.12 19:24:24.295,1.40503,1.40529,3.56,1.19
2014.11.12 19:24:25.794,1.40504,1.40529,1.56,1.25
2014.11.12 19:24:26.373,1.40504,1.40529,1.19,1.62
2014.11.12 19:24:26.424,1.40503,1.40522,1.50,1.00
2014.11.12 19:24:26.576,1.40498,1.40522,1.56,1.00
2014.11.12 19:24:26.727,1.40498,1.4052,1.19,1.00
2014.11.12 19:24:27.133,1.40495,1.4052,2.06,1.31
2014.11.12 19:24:27.234,1.40495,1.4052,2.81,1.25
2014.11.12 19:24:27.537,1.40497,1.40517,1.31,1.00
2014.11.12 19:24:27.942,1.40497,1.40519,1.31,1.25
2014.11.12 19:24:28.910,1.40497,1.40519,1.19,1.19
2014.11.12 19:24:31.123,1.40496,1.40519,1.31,1.25
2014.11.12 19:24:34.678,1.40496,1.40519,1.25,1.31
2014.11.12 19:24:35.633,1.40494,1.40519,2.06,1.31
2014.11.12 19:24:36.171,1.40494,1.40519,1.69,1.56
2014.11.12 19:24:37.677,1.40493,1.40513,1.37,1.00
2014.11.12 19:24:37.778,1.40499,1.4052,1.00,1.00
2014.11.12 19:24:38.284,1.40497,1.40522,1.19,1.19
2014.11.12 19:24:39.174,1.40497,1.40522,1.56,1.19
2014.11.12 19:24:39.349,1.40497,1.40522,1.56,1.19
2014.11.12 19:24:39.893,1.40496,1.40521,1.56,1.19
2014.11.12 19:24:40.424,1.40495,1.40521,2.06,1.19
2014.11.12 19:24:40.782,1.40498,1.40522,1.12,1.00
2014.11.12 19:24:40.834,1.40505,1.40522,1.37,1.00
2014.11.12 19:24:40.885,1.40505,1.40524,1.87,1.00
2014.11.12 19:24:40.986,1.40506,1.40526,1.19,1.50
2014.11.12 19:24:41.088,1.40508,1.40526,1.19,1.00
2014.11.12 19:24:41.391,1.4051,1.40534,2.44,1.25
2014.11.12 19:24:41.695,1.4051,1.40531,3.19,1.00
2014.11.12 19:24:41.904,1.40511,1.40533,1.19,1.00
2014.11.12 19:24:42.208,1.4051,1.40535,3.94,1.19
2014.11.12 19:24:42.612,1.40511,1.40535,2.06,1.00
2014.11.12 19:24:42.663,1.40511,1.40533,1.56,1.00
2014.11.12 19:24:42.714,1.4051,1.40533,1.00,1.00
2014.11.12 19:24:42.764,1.4051,1.40531,1.00,1.00
2014.11.12 19:24:43.068,1.40509,1.40534,1.87,1.69
2014.11.12 19:24:43.118,1.40509,1.40534,1.50,1.19
2014.11.12 19:24:43.270,1.40512,1.40534,1.00,1.19
2014.11.12 19:24:43.624,1.40512,1.40534,1.19,1.19
2014.11.12 19:24:44.534,1.40511,1.40534,1.56,1.19
2014.11.12 19:24:45.633,1.40512,1.40534,1.56,1.25
2014.11.12 19:24:45.734,1.4051,1.40537,3.94,2.25
2014.11.12 19:24:45.835,1.40513,1.40537,1.56,1.69
2014.11.12 19:24:48.596,1.40513,1.40538,2.06,1.19
2014.11.12 19:24:49.603,1.40513,1.40538,1.56,1.19
2014.11.12 19:24:51.620,1.40511,1.40536,3.19,1.19
2014.11.12 19:24:52.314,1.40512,1.40536,1.56,1.19
2014.11.12 19:24:54.663,1.40512,1.40536,2.06,1.00
2014.11.12 19:24:55.549,1.40513,1.40538,1.56,1.69
2014.11.12 19:24:55.718,1.40515,1.40538,1.31,1.50
2014.11.12 19:24:55.920,1.40516,1.40541,1.56,1.00
2014.11.12 19:24:55.971,1.40518,1.40541,1.56,1.00
2014.11.12 19:24:56.073,1.4052,1.40544,1.12,1.50
2014.11.12 19:24:56.174,1.40518,1.40541,1.00,1.19
2014.11.12 19:24:56.478,1.40517,1.40534,1.00,1.19
2014.11.12 19:24:56.782,1.40519,1.40532,1.00,1.19
2014.11.12 19:24:56.832,1.40519,1.40532,1.00,1.00
2014.11.12 19:24:56.883,1.40515,1.40533,1.50,1.50
2014.11.12 19:24:56.984,1.40517,1.40533,1.00,1.00
2014.11.12 19:24:57.268,1.40515,1.40534,1.00,1.25
2014.11.12 19:24:58.446,1.40509,1.40534,2.06,1.69
2014.11.12 19:24:58.978,1.40508,1.40533,2.06,1.69
2014.11.12 19:24:59.504,1.40508,1.40533,1.56,1.69
2014.11.12 19:25:00.316,1.40508,1.4053,1.31,1.00
2014.11.12 19:25:00.366,1.40508,1.4053,1.12,1.19
2014.11.12 19:25:00.518,1.40508,1.40526,1.00,1.00
2014.11.12 19:25:00.569,1.40502,1.40526,1.37,1.00
2014.11.12 19:25:01.113,1.40501,1.40526,1.62,1.00
2014.11.12 19:25:01.217,1.40501,1.40526,2.00,1.00
2014.11.12 19:25:01.319,1.40503,1.4053,2.44,3.00
2014.11.12 19:25:01.420,1.40507,1.40532,2.44,1.00
2014.11.12 19:25:01.625,1.40509,1.40533,1.25,1.50
2014.11.12 19:25:01.676,1.40509,1.40533,1.00,1.69
2014.11.12 19:25:01.828,1.40506,1.40528,1.00,1.00
2014.11.12 19:25:02.132,1.40507,1.40532,1.25,1.19
2014.11.12 19:25:02.487,1.40508,1.40531,1.00,1.19
2014.11.12 19:25:02.589,1.40503,1.40528,2.25,1.19
2014.11.12 19:25:02.791,1.40504,1.40528,1.19,1.00
2014.11.12 19:25:02.842,1.40505,1.4053,1.19,1.50
2014.11.12 19:25:02.893,1.40505,1.4053,2.44,1.50
2014.11.12 19:25:02.995,1.40509,1.40535,1.69,1.69
2014.11.12 19:25:03.298,1.40509,1.40534,1.50,1.69
2014.11.12 19:25:03.400,1.40507,1.4053,1.00,1.69
2014.11.12 19:25:03.552,1.40505,1.40527,1.19,1.00
2014.11.12 19:25:04.016,1.40508,1.4053,1.00,1.25
2014.11.12 19:25:04.219,1.40511,1.40533,1.00,1.69
2014.11.12 19:25:04.421,1.40509,1.40533,1.50,1.19
2014.11.12 19:25:04.627,1.40509,1.40533,1.25,1.19
2014.11.12 19:25:05.242,1.40509,1.40533,1.62,1.19
2014.11.12 19:25:05.578,1.40509,1.40533,1.62,1.19
2014.11.12 19:25:06.111,1.40509,1.40534,1.56,1.69
2014.11.12 19:25:06.616,1.40511,1.40536,1.62,1.19
2014.11.12 19:25:07.602,1.40511,1.40536,1.62,1.19
2014.11.12 19:25:08.424,1.40511,1.40536,1.31,1.19
2014.11.12 19:25:08.593,1.40511,1.40536,1.31,1.19
2014.11.12 19:25:11.350,1.40509,1.40533,1.00,1.56
2014.11.12 19:25:11.452,1.40508,1.40528,1.00,1.19
2014.11.12 19:25:11.970,1.40506,1.40528,1.81,1.00
2014.11.12 19:25:12.492,1.40507,1.40532,2.06,1.19
2014.11.12 19:25:13.011,1.40507,1.40533,2.06,1.69
2014.11.12 19:25:13.615,1.40507,1.40533,2.06,1.69
2014.11.12 19:25:14.451,1.40507,1.40533,2.44,1.69
2014.11.12 19:25:14.975,1.4051,1.40535,1.62,1.69
2014.11.12 19:25:16.301,1.40508,1.40533,1.56,1.25
2014.11.12 19:25:19.062,1.40508,1.40533,2.06,1.69
2014.11.12 19:25:19.644,1.40509,1.40533,1.56,1.00
2014.11.12 19:25:21.650,1.40508,1.40533,2.06,1.25
2014.11.12 19:25:22.018,1.40508,1.40533,2.44,1.25
2014.11.12 19:25:23.892,1.4051,1.40534,2.06,1.25
2014.11.12 19:25:24.661,1.4051,1.40534,2.06,1.19
2014.11.12 19:25:25.911,1.4051,1.40534,1.00,1.37
2014.11.12 19:25:26.013,1.4051,1.40531,1.00,1.56
2014.11.12 19:25:26.064,1.40505,1.4053,1.37,1.31
2014.11.12 19:25:26.116,1.40505,1.40528,1.62,1.19
2014.11.12 19:25:26.217,1.40505,1.40528,1.56,1.25
2014.11.12 19:25:26.825,1.40503,1.40528,2.44,1.25
2014.11.12 19:25:28.683,1.40503,1.40528,1.56,1.00
2014.11.12 19:25:29.076,1.40502,1.40525,1.56,1.00
2014.11.12 19:25:29.127,1.405,1.40525,1.37,1.00
2014.11.12 19:25:29.829,1.40499,1.40524,3.75,1.00
2014.11.12 19:25:30.695,1.40499,1.40525,3.00,1.00
2014.11.12 19:25:31.634,1.405,1.40525,1.94,1.00
2014.11.12 19:25:31.937,1.40507,1.40528,1.37,1.50
2014.11.12 19:25:32.505,1.40507,1.40528,1.37,1.00
2014.11.12 19:25:32.995,1.40509,1.40529,1.62,1.00
2014.11.12 19:25:33.794,1.40509,1.40529,1.56,1.00
2014.11.12 19:25:35.801,1.40507,1.40529,1.56,1.00
2014.11.12 19:25:36.417,1.40506,1.40529,2.06,1.25
2014.11.12 19:25:37.424,1.40506,1.40529,1.56,1.25
2014.11.12 19:25:38.410,1.40506,1.4053,1.56,1.19
2014.11.12 19:25:39.413,1.40508,1.4053,1.31,1.25
2014.11.12 19:25:40.464,1.40508,1.40532,1.19,1.56
2014.11.12 19:25:40.666,1.40508,1.40529,1.00,1.19
2014.11.12 19:25:40.717,1.40504,1.40527,1.31,1.00
2014.11.12 19:25:40.869,1.40502,1.40527,1.56,1.69
2014.11.12 19:25:41.021,1.40502,1.40527,1.94,1.19
2014.11.12 19:25:41.071,1.40505,1.40529,1.69,1.00
2014.11.12 19:25:41.173,1.40509,1.40529,2.06,1.00
2014.11.12 19:25:41.224,1.40509,1.40533,2.06,1.00
2014.11.12 19:25:41.575,1.4051,1.40536,1.56,2.06
2014.11.12 19:25:42.175,1.4051,1.40536,1.56,2.06
2014.11.12 19:25:43.135,1.4051,1.40536,1.31,2.81
2014.11.12 19:25:46.075,1.4051,1.40533,1.00,1.75
2014.11.12 19:25:46.126,1.40506,1.40529,2.06,1.37
2014.11.12 19:25:46.329,1.40502,1.40527,1.56,1.25
2014.11.12 19:25:47.247,1.40502,1.40527,1.56,1.19
2014.11.12 19:25:48.030,1.40502,1.40527,1.56,1.19
2014.11.12 19:25:48.832,1.40502,1.40527,1.56,1.25
2014.11.12 19:25:49.136,1.40502,1.40527,1.56,1.25
2014.11.12 19:25:49.461,1.40506,1.40529,1.50,1.00
2014.11.12 19:25:49.512,1.40511,1.40531,1.12,1.00
2014.11.12 19:25:49.563,1.40511,1.40533,1.37,1.00
2014.11.12 19:25:50.216,1.40511,1.40536,1.87,1.69
2014.11.12 19:25:51.261,1.40512,1.40536,1.56,1.69
2014.11.12 19:25:55.272,1.40512,1.40536,1.56,1.69
2014.11.12 19:25:55.874,1.40511,1.40536,2.06,1.69
2014.11.12 19:25:56.470,1.40511,1.40534,1.31,1.25
2014.11.12 19:25:57.087,1.40511,1.40534,1.31,1.19
2014.11.12 19:25:57.932,1.40511,1.40534,1.31,1.19
2014.11.12 19:26:02.017,1.40511,1.40532,1.00,1.19
2014.11.12 19:26:05.953,1.40511,1.40532,1.25,1.25
2014.11.12 19:26:07.926,1.40509,1.40532,1.50,1.31
2014.11.12 19:26:08.028,1.40508,1.40531,1.25,1.37
2014.11.12 19:26:08.331,1.40507,1.40528,1.31,1.25
2014.11.12 19:26:08.833,1.40508,1.4053,1.12,1.19
2014.11.12 19:26:08.884,1.40508,1.4053,1.31,1.25
2014.11.12 19:26:09.239,1.40505,1.4053,2.06,1.19
2014.11.12 19:26:09.971,1.40506,1.40532,2.81,1.56
2014.11.12 19:26:10.915,1.40508,1.40531,1.00,1.56
2014.11.12 19:26:10.966,1.40504,1.40529,2.06,1.31
2014.11.12 19:26:11.323,1.40504,1.40529,1.62,1.19
2014.11.12 19:26:11.703,1.40507,1.40531,1.31,1.31
2014.11.12 19:26:12.518,1.40508,1.40532,1.00,2.06
2014.11.12 19:26:13.321,1.40508,1.40532,1.25,2.06
2014.11.12 19:26:18.691,1.40507,1.4053,1.31,1.25
2014.11.12 19:26:19.694,1.40507,1.4053,1.31,1.25
2014.11.12 19:26:20.728,1.40507,1.40532,1.31,1.56
2014.11.12 19:26:21.284,1.40507,1.4053,1.31,1.00
2014.11.12 19:26:21.822,1.40507,1.40532,1.31,1.56
2014.11.12 19:26:22.177,1.40505,1.40529,2.06,1.12
2014.11.12 19:26:23.136,1.40504,1.40529,1.56,1.31
2014.11.12 19:26:24.144,1.40504,1.40529,1.62,1.31
2014.11.12 19:26:26.113,1.40504,1.40529,1.56,1.12
2014.11.12 19:26:26.846,1.40504,1.40529,1.37,1.31
2014.11.12 19:26:31.686,1.40504,1.40529,1.31,1.37
2014.11.12 19:26:31.787,1.40503,1.40526,1.19,1.12
2014.11.12 19:26:31.939,1.40501,1.40524,2.06,1.00
2014.11.12 19:26:33.986,1.40501,1.40526,2.06,1.12
2014.11.12 19:26:34.942,1.40501,1.40526,2.06,1.31
2014.11.12 19:26:35.544,1.40501,1.40526,1.87,1.31
2014.11.12 19:26:36.547,1.40501,1.40524,1.37,1.25
2014.11.12 19:26:37.707,1.40501,1.40524,1.00,1.31
2014.11.12 19:26:38.032,1.40497,1.4052,1.87,1.00
2014.11.12 19:26:38.083,1.40498,1.40522,1.56,1.25
2014.11.12 19:26:38.185,1.40502,1.40523,1.19,1.00
2014.11.12 19:26:38.488,1.40505,1.40524,1.69,1.00
2014.11.12 19:26:39.053,1.40505,1.40523,1.19,1.00
2014.11.12 19:26:39.256,1.40505,1.40529,1.19,2.25
2014.11.12 19:26:39.357,1.40505,1.40527,1.19,1.00
2014.11.12 19:26:39.868,1.40505,1.40526,1.31,1.00
2014.11.12 19:26:40.111,1.40505,1.40529,1.31,1.87
2014.11.12 19:26:40.314,1.40503,1.40529,2.81,1.87
2014.11.12 19:26:40.364,1.40503,1.40526,2.81,1.00
2014.11.12 19:26:41.008,1.40503,1.40527,2.81,1.00
2014.11.12 19:26:42.275,1.40503,1.40527,3.56,1.00
2014.11.12 19:26:43.745,1.40503,1.40529,4.31,1.31
2014.11.12 19:26:44.280,1.40505,1.40529,1.56,1.25
2014.11.12 19:26:45.925,1.40504,1.40529,1.56,1.00
2014.11.12 19:26:46.077,1.40504,1.40531,2.81,2.06
2014.11.12 19:26:46.178,1.40504,1.40528,1.31,1.00
2014.11.12 19:26:46.903,1.40503,1.40528,4.31,1.12
2014.11.12 19:26:48.595,1.40505,1.40528,1.56,1.00
2014.11.12 19:26:54.610,1.40504,1.40528,1.31,1.31
2014.11.12 19:26:57.644,1.40504,1.40528,2.06,1.31
2014.11.12 19:26:58.622,1.40504,1.40528,2.06,1.31
2014.11.12 19:26:58.928,1.40505,1.4053,2.06,1.31
2014.11.12 19:26:59.826,1.40505,1.4053,2.06,1.31
2014.11.12 19:27:00.830,1.40505,1.4053,1.56,1.31
2014.11.12 19:27:01.868,1.40505,1.4053,1.56,1.12
2014.11.12 19:27:02.835,1.40505,1.4053,1.56,1.31
2014.11.12 19:27:03.138,1.40508,1.40532,1.31,2.06
2014.11.12 19:27:04.043,1.40508,1.40533,1.31,2.06
2014.11.12 19:27:05.043,1.40508,1.40533,1.31,1.56
2014.11.12 19:27:06.053,1.40508,1.40533,1.31,1.56
2014.11.12 19:27:06.853,1.40508,1.40533,1.19,1.56
2014.11.12 19:27:07.156,1.40507,1.40529,1.25,2.06
2014.11.12 19:27:08.051,1.40505,1.40528,1.19,2.06
2014.11.12 19:27:08.586,1.40505,1.40529,1.56,1.69
2014.11.12 19:27:10.559,1.40506,1.40531,1.19,2.81
2014.11.12 19:27:11.570,1.40506,1.40531,1.19,2.81
2014.11.12 19:27:12.566,1.40507,1.40531,1.19,2.06
2014.11.12 19:27:15.574,1.40507,1.40531,1.19,2.06
2014.11.12 19:27:16.577,1.40507,1.40531,1.19,2.06
2014.11.12 19:27:17.625,1.40507,1.40531,1.19,2.06
2014.11.12 19:27:18.583,1.40507,1.40531,1.19,2.06
2014.11.12 19:27:20.588,1.40507,1.40531,1.19,2.06
2014.11.12 19:27:24.599,1.40507,1.40529,1.25,1.00
2014.11.12 19:27:25.601,1.40507,1.40529,1.19,1.00
2014.11.12 19:27:26.604,1.40507,1.40529,1.19,1.00
2014.11.12 19:27:27.645,1.40507,1.40529,1.19,1.19
2014.11.12 19:27:28.610,1.40507,1.40529,1.19,1.19
2014.11.12 19:27:30.655,1.40507,1.4053,1.25,1.31
2014.11.12 19:27:31.863,1.40504,1.40531,4.31,2.81
2014.11.12 19:27:33.325,1.40503,1.40527,2.81,1.00
2014.11.12 19:27:34.327,1.40503,1.40527,3.56,1.25
2014.11.12 19:27:35.375,1.40506,1.40529,1.56,1.19
2014.11.12 19:27:35.678,1.40508,1.40531,2.06,1.00
2014.11.12 19:27:36.535,1.40509,1.40532,1.56,1.00
2014.11.12 19:27:37.177,1.40508,1.40532,2.81,1.25
2014.11.12 19:27:40.179,1.40508,1.40532,2.81,1.00
2014.11.12 19:27:41.042,1.40508,1.40533,3.56,1.12
2014.11.12 19:27:41.558,1.40508,1.40533,2.81,1.62
2014.11.12 19:27:42.172,1.40508,1.40533,2.81,1.56
2014.11.12 19:27:43.154,1.40508,1.40533,2.06,1.56
2014.11.12 19:27:44.182,1.40508,1.40533,2.06,1.31
2014.11.12 19:27:44.559,1.40508,1.40533,2.06,1.31
2014.11.12 19:27:48.655,1.40508,1.40533,2.06,1.62
2014.11.12 19:27:49.173,1.40509,1.40531,1.25,1.00
2014.11.12 19:27:49.772,1.40509,1.40531,1.25,1.19
2014.11.12 19:27:50.776,1.40509,1.40531,1.25,1.19
2014.11.12 19:27:54.787,1.40509,1.40531,1.19,1.25
2014.11.12 19:27:55.791,1.40509,1.40531,1.19,1.19
2014.11.12 19:27:56.793,1.40509,1.40531,1.25,1.19
2014.11.12 19:27:57.025,1.40509,1.40531,1.56,1.00
2014.11.12 19:27:57.329,1.40513,1.40531,1.12,1.00
2014.11.12 19:27:57.482,1.4051,1.40535,2.81,1.31
2014.11.12 19:27:57.984,1.40509,1.40535,1.31,2.81
2014.11.12 19:27:58.485,1.40511,1.40535,1.00,2.06
2014.11.12 19:27:59.436,1.40509,1.40534,1.31,1.56
2014.11.12 19:28:00.973,1.4051,1.40535,1.62,2.06
2014.11.12 19:28:01.514,1.40509,1.40534,1.56,1.19
2014.11.12 19:28:01.828,1.40509,1.40534,1.25,2.06
2014.11.12 19:28:02.430,1.40508,1.40533,1.19,1.31
2014.11.12 19:28:03.522,1.40509,1.40534,1.31,2.06
2014.11.12 19:28:04.525,1.40509,1.40534,1.31,2.06
2014.11.12 19:28:05.528,1.40509,1.40534,1.31,2.06
2014.11.12 19:28:07.558,1.40508,1.40533,1.56,1.31
2014.11.12 19:28:10.572,1.4051,1.40533,1.91,1.50
2014.11.12 19:28:10.674,1.40513,1.40533,1.56,1.00
2014.11.12 19:28:10.725,1.40514,1.40535,1.31,1.50
2014.11.12 19:28:10.826,1.40515,1.40537,1.31,1.00
2014.11.12 19:28:10.877,1.40515,1.40537,1.56,1.00
2014.11.12 19:28:11.130,1.4052,1.40542,1.56,1.69
2014.11.12 19:28:11.383,1.40521,1.40542,1.56,1.50
2014.11.12 19:28:11.434,1.40521,1.40545,1.56,1.25
2014.11.12 19:28:12.349,1.40522,1.40545,1.56,1.00
2014.11.12 19:28:13.353,1.40522,1.40545,1.56,1.00
2014.11.12 19:28:19.387,1.40522,1.40545,1.56,1.00
2014.11.12 19:28:23.679,1.40522,1.40545,1.56,1.25
2014.11.12 19:28:24.711,1.40521,1.40547,2.06,2.06
2014.11.12 19:28:25.685,1.40521,1.40547,2.06,2.06
2014.11.12 19:28:28.430,1.40521,1.40547,2.06,2.06
2014.11.12 19:28:28.905,1.40521,1.40547,1.25,2.06
2014.11.12 19:28:28.955,1.4052,1.4054,1.69,1.00
2014.11.12 19:28:29.107,1.40518,1.40542,1.31,2.62
2014.11.12 19:28:29.363,1.40518,1.4054,1.31,1.00
2014.11.12 19:28:29.900,1.40518,1.40541,1.31,1.25
2014.11.12 19:28:30.899,1.40518,1.40541,1.31,1.19
2014.11.12 19:28:31.903,1.40518,1.40541,2.06,1.25
2014.11.12 19:28:34.912,1.40518,1.40542,2.06,2.06
2014.11.12 19:28:40.929,1.40518,1.40542,1.56,1.69
2014.11.12 19:28:41.932,1.40518,1.40542,1.56,1.69
2014.11.12 19:28:43.937,1.40518,1.40542,2.06,1.69
2014.11.12 19:28:45.942,1.40519,1.40542,1.19,1.31
2014.11.12 19:28:46.945,1.40519,1.40542,1.19,1.31
2014.11.12 19:28:47.948,1.40518,1.40542,2.06,1.31
2014.11.12 19:28:48.951,1.40518,1.40542,2.06,1.31
2014.11.12 19:28:50.900,1.40518,1.40541,1.69,1.31
2014.11.12 19:28:51.405,1.40517,1.40538,1.31,1.00
2014.11.12 19:28:52.870,1.40517,1.40538,1.19,1.19
2014.11.12 19:28:54.868,1.40517,1.40538,1.19,1.25
2014.11.12 19:28:55.971,1.40517,1.40538,1.25,1.19
2014.11.12 19:28:56.974,1.40517,1.40538,1.19,1.19
2014.11.12 19:28:59.022,1.40516,1.40538,1.31,1.19
2014.11.12 19:28:59.983,1.40516,1.40538,1.31,1.25
2014.11.12 19:29:01.991,1.40516,1.40538,1.31,1.19
2014.11.12 19:29:03.998,1.40516,1.40538,1.31,1.19
2014.11.12 19:29:05.330,1.40513,1.40536,2.81,1.19
2014.11.12 19:29:05.633,1.4051,1.40533,1.50,1.62
2014.11.12 19:29:09.613,1.40508,1.40532,1.56,1.25
2014.11.12 19:29:11.619,1.40508,1.40532,1.56,1.25
2014.11.12 19:29:14.627,1.40509,1.40532,1.56,1.00
2014.11.12 19:29:16.617,1.40511,1.40536,1.56,1.50
2014.11.12 19:29:16.971,1.40514,1.40535,1.00,1.19
2014.11.12 19:29:17.427,1.4051,1.40535,1.56,1.19
2014.11.12 19:29:18.975,1.40509,1.40534,1.56,1.19
2014.11.12 19:29:19.483,1.40509,1.40532,1.19,1.12
2014.11.12 19:29:19.887,1.40507,1.40531,1.56,1.25
2014.11.12 19:29:20.893,1.40506,1.40531,2.81,1.00
2014.11.12 19:29:22.881,1.40506,1.40531,2.81,1.00
2014.11.12 19:29:23.854,1.40509,1.40531,1.31,1.00
2014.11.12 19:29:24.899,1.40508,1.40531,1.56,1.00
2014.11.12 19:29:26.879,1.40508,1.40531,1.56,1.00
2014.11.12 19:29:30.159,1.4051,1.40535,2.06,1.19
2014.11.12 19:29:30.210,1.4051,1.40535,2.81,1.25
2014.11.12 19:29:31.181,1.40511,1.40535,2.06,1.00
2014.11.12 19:29:31.512,1.40518,1.40537,1.56,1.00
2014.11.12 19:29:31.614,1.40518,1.40542,1.56,1.69
2014.11.12 19:29:31.715,1.4052,1.40542,1.19,1.00
2014.11.12 19:29:34.693,1.40521,1.40542,1.56,1.00
2014.11.12 19:29:35.349,1.40521,1.40543,1.31,1.00
2014.11.12 19:29:35.862,1.4052,1.40544,1.56,1.00
2014.11.12 19:29:37.702,1.40519,1.40544,3.56,1.00
2014.11.12 19:29:39.742,1.40521,1.40544,1.31,1.00
2014.11.12 19:29:40.042,1.40519,1.40543,1.00,2.62
2014.11.12 19:29:40.092,1.40519,1.40536,1.00,1.00
2014.11.12 19:29:40.143,1.40515,1.40534,1.00,1.00
2014.11.12 19:29:40.244,1.4051,1.40534,1.87,1.50
2014.11.12 19:29:40.346,1.4051,1.40531,1.69,1.00
2014.11.12 19:29:40.397,1.40507,1.40531,1.56,1.00
2014.11.12 19:29:40.448,1.40506,1.40528,1.56,1.00
2014.11.12 19:29:43.621,1.40505,1.40528,2.06,1.25
2014.11.12 19:29:44.508,1.40513,1.40528,1.00,1.25
2014.11.12 19:29:44.862,1.40513,1.4053,1.00,1.25
2014.11.12 19:29:45.165,1.40511,1.40534,1.31,3.00
2014.11.12 19:29:45.670,1.40508,1.40532,1.25,2.06
2014.11.12 19:29:46.643,1.40506,1.4053,1.56,1.69
2014.11.12 19:29:47.641,1.40507,1.4053,1.19,1.31
2014.11.12 19:29:50.645,1.40508,1.4053,1.19,1.19
2014.11.12 19:29:51.463,1.40507,1.4053,2.06,1.00
2014.11.12 19:29:52.450,1.40508,1.4053,1.56,1.00
2014.11.12 19:29:53.453,1.40509,1.4053,1.31,1.00
2014.11.12 19:29:57.485,1.40509,1.4053,1.31,1.00
2014.11.12 19:29:58.467,1.40507,1.4053,2.06,1.00
2014.11.12 19:29:59.517,1.40508,1.4053,2.06,1.00
2014.11.12 19:30:00.474,1.40509,1.40532,1.31,1.25
2014.11.12 19:30:02.282,1.40507,1.40532,2.81,1.19
2014.11.12 19:30:03.285,1.40507,1.40532,2.06,1.31
2014.11.12 19:30:05.833,1.40507,1.40532,2.06,1.19
2014.11.12 19:30:06.421,1.40507,1.40532,2.06,1.19
2014.11.12 19:30:06.522,1.40507,1.40532,2.81,1.25
2014.11.12 19:30:07.535,1.40507,1.40532,2.81,1.25
2014.11.12 19:30:08.500,1.40507,1.40532,2.81,1.19
2014.11.12 19:30:10.526,1.40507,1.40532,2.06,1.19
2014.11.12 19:30:11.548,1.40507,1.40532,2.06,1.19
2014.11.12 19:30:12.511,1.40507,1.40532,2.06,1.19
2014.11.12 19:30:15.541,1.40507,1.40532,1.31,1.19
2014.11.12 19:30:18.567,1.40508,1.40534,1.31,2.06
2014.11.12 19:30:18.728,1.40508,1.40534,1.31,2.06
2014.11.12 19:30:19.743,1.40507,1.40532,1.56,1.31
2014.11.12 19:30:20.972,1.40506,1.40532,2.06,1.19
2014.11.12 19:30:21.074,1.4051,1.40535,1.31,3.00
2014.11.12 19:30:21.940,1.4051,1.40533,2.06,1.00
2014.11.12 19:30:22.451,1.40512,1.40537,1.00,1.56
2014.11.12 19:30:22.995,1.40512,1.40537,1.37,1.31
2014.11.12 19:30:23.046,1.40512,1.40537,1.56,1.31
2014.11.12 19:30:23.715,1.40513,1.40538,2.06,2.81
2014.11.12 19:30:24.221,1.40515,1.4054,1.12,2.06
2014.11.12 19:30:24.372,1.40515,1.4054,1.37,1.69
2014.11.12 19:30:24.749,1.40515,1.4054,2.06,1.19
2014.11.12 19:30:26.749,1.40517,1.40541,1.12,1.31
2014.11.12 19:30:27.752,1.40517,1.40541,1.12,1.31
2014.11.12 19:30:28.755,1.40517,1.40542,1.12,2.06
2014.11.12 19:30:30.092,1.40517,1.40542,1.37,1.31
2014.11.12 19:30:30.762,1.40517,1.40542,1.62,1.31
2014.11.12 19:30:31.763,1.40517,1.40542,1.56,1.31
2014.11.12 19:30:33.770,1.40517,1.40542,1.31,1.56
2014.11.12 19:30:34.221,1.40518,1.40543,1.31,1.56
2014.11.12 19:30:34.423,1.4052,1.40543,1.62,1.19
2014.11.12 19:30:34.626,1.4052,1.40545,2.06,1.69
2014.11.12 19:30:35.895,1.4052,1.40545,1.56,2.06
2014.11.12 19:30:37.027,1.40518,1.40541,2.06,1.00
2014.11.12 19:30:37.607,1.40517,1.40541,2.81,1.00
2014.11.12 19:30:40.431,1.40518,1.40542,1.56,1.69
2014.11.12 19:30:41.081,1.40522,1.40543,1.00,1.19
2014.11.12 19:30:41.836,1.40522,1.40543,1.00,1.25
2014.11.12 19:30:42.344,1.40522,1.40543,1.00,1.19
2014.11.12 19:30:42.850,1.40518,1.40541,2.06,1.00
2014.11.12 19:30:43.419,1.40518,1.40541,1.56,1.00
2014.11.12 19:30:43.998,1.40518,1.40541,1.56,1.00
2014.11.12 19:30:48.096,1.40518,1.40541,2.06,1.00
2014.11.12 19:30:50.834,1.40518,1.40541,1.37,1.00
2014.11.12 19:30:52.809,1.40518,1.40541,1.56,1.00
2014.11.12 19:30:54.236,1.40518,1.40541,2.06,1.25
2014.11.12 19:30:55.249,1.4052,1.40541,1.00,1.00
2014.11.12 19:30:55.704,1.40523,1.40541,1.00,1.00
2014.11.12 19:30:56.210,1.40523,1.40542,1.00,1.25
2014.11.12 19:30:56.863,1.40523,1.40543,1.00,1.25
2014.11.12 19:30:57.558,1.40524,1.40543,1.00,1.25
2014.11.12 19:30:58.306,1.40524,1.40544,1.19,1.00
2014.11.12 19:31:00.840,1.40522,1.40544,1.19,1.19
2014.11.12 19:31:02.887,1.40523,1.40544,1.19,1.00
2014.11.12 19:31:04.857,1.40524,1.40544,1.19,1.00
2014.11.12 19:31:06.899,1.40524,1.40544,1.19,1.00
2014.11.12 19:31:07.876,1.40524,1.40544,1.19,1.00
2014.11.12 19:31:11.785,1.40524,1.40544,1.00,1.25
2014.11.12 19:31:12.295,1.40522,1.40544,1.56,1.00
2014.11.12 19:31:12.802,1.40523,1.40546,1.31,1.69
2014.11.12 19:31:13.281,1.40523,1.40546,1.31,1.69
2014.11.12 19:31:14.787,1.40523,1.40546,1.12,2.44
2014.11.12 19:31:15.314,1.40521,1.40543,1.56,1.00
2014.11.12 19:31:15.886,1.40521,1.40544,1.56,1.25
2014.11.12 19:31:16.902,1.40521,1.40544,1.56,1.00
2014.11.12 19:31:17.195,1.40521,1.40544,2.06,1.00
2014.11.12 19:31:18.735,1.40523,1.40544,1.31,1.00
2014.11.12 19:31:18.938,1.40526,1.40549,2.06,1.00
2014.11.12 19:31:19.040,1.40527,1.40552,1.56,1.69
2014.11.12 19:31:19.141,1.40528,1.40552,1.56,1.50
2014.11.12 19:31:20.107,1.4053,1.40552,1.31,1.50
2014.11.12 19:31:20.914,1.4053,1.40553,1.56,1.25
2014.11.12 19:31:21.419,1.40531,1.40554,2.06,1.19
2014.11.12 19:31:22.248,1.40532,1.40554,1.31,1.25
2014.11.12 19:31:23.218,1.40534,1.40556,1.19,1.25
2014.11.12 19:31:24.221,1.40533,1.40556,1.31,1.00
2014.11.12 19:31:25.225,1.40533,1.40556,2.06,1.25
2014.11.12 19:31:31.243,1.40535,1.40556,1.19,1.25
2014.11.12 19:31:33.695,1.40537,1.40556,1.19,1.00
2014.11.12 19:31:33.797,1.40536,1.40558,2.66,1.00
2014.11.12 19:31:33.898,1.40538,1.40559,1.91,1.00
2014.11.12 19:31:34.202,1.40544,1.40564,1.19,1.56
2014.11.12 19:31:34.410,1.40544,1.40566,1.69,2.25
2014.11.12 19:31:35.068,1.40543,1.40566,1.31,1.69
2014.11.12 19:31:39.076,1.40542,1.40566,2.06,1.69
2014.11.12 19:31:40.079,1.40543,1.40566,1.31,1.69
2014.11.12 19:31:41.083,1.40542,1.40566,2.06,1.69
2014.11.12 19:31:42.085,1.40542,1.40566,2.06,1.69
2014.11.12 19:31:43.095,1.40543,1.40566,1.31,1.69
2014.11.12 19:31:45.859,1.40543,1.40564,1.31,1.00
2014.11.12 19:31:46.299,1.40542,1.40564,1.56,1.25
2014.11.12 19:31:47.302,1.40542,1.40564,1.56,1.25
2014.11.12 19:31:48.304,1.40543,1.40564,1.31,1.25
2014.11.12 19:31:49.798,1.40543,1.40562,1.31,1.00
2014.11.12 19:31:51.127,1.40542,1.40562,1.00,1.00
2014.11.12 19:31:51.228,1.4054,1.40562,1.00,1.56
2014.11.12 19:31:51.330,1.40538,1.4056,1.25,1.25
2014.11.12 19:31:51.838,1.40537,1.4056,1.69,1.62
2014.11.12 19:31:52.328,1.40538,1.4056,1.19,1.62
2014.11.12 19:31:52.480,1.40539,1.40562,1.56,1.00
2014.11.12 19:31:52.530,1.40541,1.40562,1.31,1.00
2014.11.12 19:31:52.682,1.40541,1.40565,1.31,3.37
2014.11.12 19:31:59.748,1.40541,1.40565,1.31,1.31
2014.11.12 19:32:00.517,1.40543,1.40566,1.00,1.56
2014.11.12 19:32:00.770,1.40542,1.40566,1.19,1.56
2014.11.12 19:32:01.798,1.40542,1.40564,1.25,1.56
2014.11.12 19:32:07.785,1.40542,1.40564,1.00,1.00
2014.11.12 19:32:08.340,1.40542,1.40564,1.00,1.37
2014.11.12 19:32:08.927,1.40541,1.40564,1.19,2.06
2014.11.12 19:32:09.770,1.40541,1.40564,1.19,2.06
2014.11.12 19:32:11.776,1.40541,1.40564,1.00,2.06
2014.11.12 19:32:13.781,1.40541,1.40564,1.25,2.06
2014.11.12 19:32:15.758,1.40542,1.40564,1.00,2.06
2014.11.12 19:32:16.668,1.40542,1.40564,1.00,2.06
2014.11.12 19:32:18.265,1.40542,1.40564,1.00,2.06
2014.11.12 19:32:19.328,1.40541,1.40564,1.00,2.06
2014.11.12 19:32:20.470,1.40541,1.40564,1.25,2.06
2014.11.12 19:32:20.971,1.40541,1.40564,1.00,2.06
2014.11.12 19:32:21.804,1.40541,1.40564,1.25,2.06
2014.11.12 19:32:22.844,1.40541,1.40564,1.00,2.06
2014.11.12 19:32:23.810,1.40541,1.40564,1.00,2.06
2014.11.12 19:32:25.838,1.4054,1.40564,1.19,2.81
2014.11.12 19:32:26.857,1.4054,1.40563,1.25,1.31
2014.11.12 19:32:27.612,1.40541,1.40564,1.00,2.06
2014.11.12 19:32:29.728,1.40541,1.40564,1.19,2.06
2014.11.12 19:32:35.546,1.40541,1.40564,1.00,2.81
2014.11.12 19:32:35.648,1.40541,1.40564,1.25,2.06
2014.11.12 19:32:35.698,1.40543,1.40564,1.00,2.06
2014.11.12 19:32:37.320,1.40542,1.40564,1.25,1.31
2014.11.12 19:32:37.863,1.40542,1.40564,1.19,1.31
2014.11.12 19:32:38.687,1.40542,1.40564,1.25,1.31
2014.11.12 19:32:39.107,1.40539,1.40564,1.87,1.31
2014.11.12 19:32:39.461,1.40539,1.40564,1.56,1.12
2014.11.12 19:32:40.140,1.40539,1.40562,2.06,1.00
2014.11.12 19:32:40.569,1.40541,1.40564,1.19,1.12
2014.11.12 19:32:41.112,1.40539,1.40564,2.06,2.06
2014.11.12 19:32:41.891,1.4054,1.40564,1.56,1.69
2014.11.12 19:32:42.868,1.4054,1.40564,2.06,1.69
2014.11.12 19:32:43.587,1.4054,1.40564,1.62,1.69
2014.11.12 19:32:44.356,1.40539,1.40564,1.56,2.06
2014.11.12 19:32:45.076,1.40539,1.40564,1.56,2.06
2014.11.12 19:32:47.581,1.40539,1.40564,1.56,2.06
2014.11.12 19:32:49.587,1.40539,1.40564,2.06,1.69
2014.11.12 19:32:50.609,1.4054,1.40564,1.56,1.50
2014.11.12 19:32:51.594,1.40541,1.40564,1.56,1.19
2014.11.12 19:32:52.597,1.40541,1.40564,1.56,1.19
2014.11.12 19:32:54.603,1.40542,1.40564,1.56,1.25
2014.11.12 19:32:56.327,1.40541,1.40564,1.56,1.19
2014.11.12 19:32:56.884,1.40541,1.40564,1.56,1.00
2014.11.12 19:32:58.149,1.4054,1.40564,1.56,1.25
2014.11.12 19:32:58.402,1.40539,1.40562,1.56,1.00
2014.11.12 19:32:58.453,1.40536,1.4056,1.31,1.00
2014.11.12 19:32:58.554,1.40536,1.40555,1.00,1.00
2014.11.12 19:32:59.060,1.40532,1.40555,1.56,1.00
2014.11.12 19:33:06.677,1.40531,1.40555,2.06,1.00
2014.11.12 19:33:09.983,1.40532,1.40555,1.56,1.25
2014.11.12 19:33:10.550,1.40534,1.40555,1.00,1.00
2014.11.12 19:33:11.140,1.40534,1.40556,1.00,1.25
2014.11.12 19:33:11.846,1.40534,1.40557,1.00,1.69
2014.11.12 19:33:12.869,1.40534,1.40557,2.66,1.00
2014.11.12 19:33:13.172,1.40543,1.40557,1.00,1.00
2014.11.12 19:33:13.274,1.40541,1.40557,1.00,1.00
2014.11.12 19:33:13.398,1.40541,1.40562,1.00,1.19
2014.11.12 19:33:13.449,1.40537,1.40557,1.00,1.00
2014.11.12 19:33:13.904,1.40535,1.40557,1.00,1.69
2014.11.12 19:33:14.446,1.40531,1.40557,1.56,1.69
2014.11.12 19:33:14.497,1.40531,1.40557,1.56,1.69
2014.11.12 19:33:15.786,1.40534,1.40555,1.37,1.25
2014.11.12 19:33:17.473,1.40534,1.40555,1.37,1.19
2014.11.12 19:33:17.586,1.40534,1.40557,1.87,1.00
2014.11.12 19:33:17.637,1.40539,1.40557,1.37,1.00
2014.11.12 19:33:17.738,1.40539,1.40559,1.37,1.00
2014.11.12 19:33:17.840,1.4054,1.40561,1.62,1.00
2014.11.12 19:33:17.991,1.40542,1.40563,1.87,1.25
2014.11.12 19:33:18.778,1.40542,1.40563,2.06,1.00
2014.11.12 19:33:20.287,1.40542,1.40565,1.56,1.69
2014.11.12 19:33:21.311,1.40541,1.40565,1.62,2.44
2014.11.12 19:33:21.872,1.40543,1.40563,1.56,1.00
2014.11.12 19:33:22.196,1.40546,1.40563,1.00,1.00
2014.11.12 19:33:24.176,1.40545,1.40563,1.00,1.00
2014.11.12 19:33:25.317,1.40543,1.40563,1.62,1.00
2014.11.12 19:33:25.722,1.40546,1.40563,1.00,1.00
2014.11.12 19:33:30.461,1.40545,1.40563,1.50,1.25
2014.11.12 19:33:34.482,1.40545,1.40565,1.50,1.69
2014.11.12 19:33:35.234,1.40545,1.40565,1.69,1.69
2014.11.12 19:33:35.356,1.40547,1.40565,1.00,1.69
2014.11.12 19:33:37.240,1.40547,1.40565,1.00,1.69
2014.11.12 19:33:38.042,1.40547,1.40565,1.00,1.19
2014.11.12 19:33:39.045,1.40547,1.40565,1.00,1.19
2014.11.12 19:33:39.866,1.40546,1.40565,1.00,1.19
2014.11.12 19:33:40.676,1.40546,1.40565,1.12,1.25
2014.11.12 19:33:42.198,1.40545,1.40565,1.12,1.00
2014.11.12 19:33:42.503,1.40537,1.40556,1.00,2.81
2014.11.12 19:33:42.554,1.40531,1.40551,1.56,1.00
2014.11.12 19:33:43.060,1.40531,1.40554,1.56,1.69
2014.11.12 19:33:43.111,1.4053,1.40554,2.44,1.50
2014.11.12 19:33:43.616,1.40532,1.40554,1.56,1.50
2014.11.12 19:33:44.239,1.40532,1.40554,1.56,1.00
2014.11.12 19:33:44.496,1.40532,1.40554,1.62,1.00
2014.11.12 19:33:47.069,1.40531,1.40554,1.37,1.25
2014.11.12 19:33:47.619,1.40528,1.40553,2.06,1.00
2014.11.12 19:33:48.689,1.40528,1.40551,2.06,1.00
2014.11.12 19:33:49.234,1.40528,1.40551,2.06,1.00
2014.11.12 19:33:49.837,1.40528,1.40551,2.06,1.00
2014.11.12 19:33:50.492,1.40528,1.40551,2.06,1.00
2014.11.12 19:33:51.189,1.40527,1.40551,1.62,1.69
2014.11.12 19:33:51.341,1.40526,1.40551,1.37,2.81
2014.11.12 19:33:51.594,1.40524,1.40548,1.37,1.69
2014.11.12 19:33:51.645,1.40523,1.40548,1.94,1.69
2014.11.12 19:33:52.151,1.40521,1.40546,2.19,1.69
2014.11.12 19:33:53.026,1.40521,1.40546,1.62,1.69
2014.11.12 19:33:55.107,1.40521,1.40546,1.87,1.69
2014.11.12 19:33:55.673,1.40521,1.40546,1.37,1.69
2014.11.12 19:33:56.112,1.40521,1.40546,1.37,1.69
2014.11.12 19:33:57.114,1.40521,1.40546,1.62,1.69
2014.11.12 19:33:58.118,1.40521,1.40546,1.62,1.69
2014.11.12 19:33:59.126,1.40521,1.40546,1.62,1.69
2014.11.12 19:34:01.202,1.4052,1.40545,1.56,1.25
2014.11.12 19:34:01.839,1.40522,1.40545,1.37,1.25
2014.11.12 19:34:02.143,1.40529,1.40549,1.19,1.00
2014.11.12 19:34:02.244,1.40529,1.40552,1.19,1.00
2014.11.12 19:34:02.749,1.40531,1.40552,1.00,1.00
2014.11.12 19:34:03.302,1.40531,1.40552,1.19,1.00
2014.11.12 19:34:04.020,1.40531,1.40552,1.56,1.00
2014.11.12 19:34:05.175,1.40531,1.40552,1.25,1.00
2014.11.12 19:34:06.938,1.40529,1.40552,1.56,1.00
2014.11.12 19:34:07.961,1.40531,1.40552,1.56,1.00
2014.11.12 19:34:08.163,1.40532,1.40554,1.62,1.25
2014.11.12 19:34:08.846,1.40531,1.40555,1.19,1.56
2014.11.12 19:34:09.825,1.40529,1.40554,2.06,1.31
2014.11.12 19:34:12.864,1.40529,1.40554,2.06,1.12
2014.11.12 19:34:13.868,1.40529,1.40554,1.56,1.31
2014.11.12 19:34:15.887,1.40529,1.40554,2.81,1.31
2014.11.12 19:34:18.053,1.40529,1.40554,1.69,1.62
2014.11.12 19:34:18.559,1.40529,1.40551,2.06,1.00
2014.11.12 19:34:18.883,1.40529,1.40551,2.06,1.00
2014.11.12 19:34:19.886,1.40529,1.40551,2.06,1.00
2014.11.12 19:34:21.899,1.40529,1.40551,1.56,1.00
2014.11.12 19:34:23.899,1.40529,1.40551,1.56,1.00
2014.11.12 19:34:24.915,1.4053,1.40551,1.56,1.00
2014.11.12 19:34:28.225,1.4053,1.40551,1.19,1.00
2014.11.12 19:34:30.217,1.4053,1.40551,1.31,1.00
2014.11.12 19:34:32.489,1.4053,1.40553,2.06,1.25
2014.11.12 19:34:33.301,1.4053,1.40553,2.06,1.00
2014.11.12 19:34:33.806,1.40531,1.40554,2.06,1.00
2014.11.12 19:34:34.278,1.40534,1.40556,1.56,1.00
2014.11.12 19:34:36.583,1.40534,1.40556,1.37,1.19
2014.11.12 19:34:37.439,1.40534,1.40553,1.37,1.00
2014.11.12 19:34:38.011,1.40534,1.40553,1.12,1.00
2014.11.12 19:34:42.344,1.40534,1.40554,1.31,1.00
2014.11.12 19:34:43.296,1.40531,1.40554,2.81,1.25
2014.11.12 19:34:44.181,1.40531,1.40554,2.81,1.19
2014.11.12 19:34:45.183,1.40531,1.40554,2.81,1.00
2014.11.12 19:34:46.186,1.40531,1.40554,2.81,1.19
2014.11.12 19:34:48.597,1.40531,1.40552,1.50,1.19
2014.11.12 19:34:48.750,1.40527,1.40551,1.56,1.19
2014.11.12 19:34:48.801,1.40527,1.4055,1.31,1.19
2014.11.12 19:34:50.204,1.40525,1.40548,2.81,1.19
2014.11.12 19:34:50.866,1.40525,1.4055,5.44,1.19
2014.11.12 19:34:50.917,1.40525,1.4055,6.00,1.00
2014.11.12 19:34:50.968,1.4053,1.4055,1.37,1.00
2014.11.12 19:34:51.121,1.40533,1.40554,1.00,2.06
2014.11.12 19:34:51.325,1.4053,1.40551,1.50,1.91
2014.11.12 19:34:51.427,1.40529,1.40551,1.19,1.25
2014.11.12 19:34:51.963,1.4053,1.40553,1.25,1.19
2014.11.12 19:34:52.816,1.40529,1.40554,1.19,1.19
2014.11.12 19:34:54.475,1.40529,1.40554,1.56,1.19
2014.11.12 19:34:55.227,1.40528,1.40551,1.19,1.31
2014.11.12 19:34:55.429,1.40526,1.40551,1.56,1.31
2014.11.12 19:34:56.407,1.40524,1.40549,2.81,1.19
2014.11.12 19:34:57.428,1.40526,1.40549,1.56,1.25
2014.11.12 19:34:59.394,1.40526,1.40551,2.06,1.19
2014.11.12 19:34:59.901,1.40528,1.40551,1.62,1.19
2014.11.12 19:35:00.407,1.40531,1.40553,1.37,1.69
2014.11.12 19:35:00.508,1.40531,1.40555,1.37,1.19
2014.11.12 19:35:00.711,1.40531,1.40555,1.56,1.19
2014.11.12 19:35:01.015,1.40532,1.40555,2.06,1.00
2014.11.12 19:35:01.344,1.40535,1.40557,2.06,1.00
2014.11.12 19:35:01.886,1.40535,1.40559,1.56,1.69
2014.11.12 19:35:01.937,1.40534,1.40558,1.12,1.31
2014.11.12 19:35:02.039,1.40533,1.40556,1.12,1.19
2014.11.12 19:35:05.520,1.40533,1.40555,1.12,1.19
2014.11.12 19:35:06.541,1.40533,1.40555,1.12,1.19
2014.11.12 19:35:08.532,1.40533,1.40555,1.87,1.19
2014.11.12 19:35:09.538,1.40531,1.40555,2.06,1.69
2014.11.12 19:35:09.711,1.40531,1.40555,1.69,2.06
2014.11.12 19:35:10.259,1.40527,1.40552,1.69,1.56
2014.11.12 19:35:10.563,1.40528,1.40549,1.00,1.62
2014.11.12 19:35:10.664,1.40526,1.40549,1.25,1.62
2014.11.12 19:35:11.132,1.40525,1.40548,1.19,1.37
2014.11.12 19:35:11.855,1.40524,1.40547,1.19,1.37
2014.11.12 19:35:12.440,1.40524,1.40547,1.19,1.12
2014.11.12 19:35:12.959,1.40525,1.40547,1.25,1.31
2014.11.12 19:35:14.279,1.40525,1.40547,1.31,1.00
2014.11.12 19:35:14.380,1.40528,1.4055,1.00,1.00
2014.11.12 19:35:14.482,1.40528,1.40551,1.19,1.19
2014.11.12 19:35:14.987,1.40531,1.40553,1.25,1.19
2014.11.12 19:35:16.405,1.40531,1.40553,1.19,1.19
2014.11.12 19:35:20.366,1.40531,1.40554,1.19,1.56
2014.11.12 19:35:24.577,1.40532,1.40554,1.25,1.56
2014.11.12 19:35:25.580,1.40532,1.40554,1.19,1.56
2014.11.12 19:35:26.582,1.40532,1.40554,1.25,1.56
2014.11.12 19:35:29.306,1.40531,1.40554,1.50,1.94
2014.11.12 19:35:29.407,1.4053,1.40552,1.69,1.19
2014.11.12 19:35:29.509,1.4053,1.40554,1.50,1.62
2014.11.12 19:35:30.030,1.40531,1.40554,1.25,2.81
2014.11.12 19:35:30.536,1.40527,1.4055,2.25,1.12
2014.11.12 19:35:30.637,1.40526,1.4055,1.75,1.31
2014.11.12 19:35:34.608,1.40525,1.4055,2.81,1.25
2014.11.12 19:35:35.612,1.40527,1.4055,1.19,1.19
2014.11.12 19:35:36.297,1.40529,1.4055,1.00,1.19
2014.11.12 19:35:36.455,1.40529,1.40551,1.19,1.25
2014.11.12 19:35:37.435,1.4053,1.40552,1.19,1.69
2014.11.12 19:35:38.417,1.4053,1.40552,1.19,1.19
2014.11.12 19:35:39.420,1.4053,1.40552,1.19,1.19
2014.11.12 19:35:39.956,1.40529,1.40552,1.00,1.56
2014.11.12 19:35:40.463,1.40527,1.40552,1.69,1.56
2014.11.12 19:35:40.925,1.40527,1.40552,1.69,1.56
2014.11.12 19:35:43.938,1.40525,1.40549,1.19,1.31
2014.11.12 19:35:44.484,1.40524,1.40547,1.69,1.50
2014.11.12 19:35:45.956,1.40524,1.40548,1.69,1.25
2014.11.12 19:35:46.960,1.40525,1.4055,2.06,2.06
2014.11.12 19:35:48.952,1.40525,1.4055,2.06,2.06
2014.11.12 19:35:49.954,1.40525,1.4055,2.06,2.06
2014.11.12 19:35:50.670,1.40526,1.40548,1.31,1.00
2014.11.12 19:35:50.974,1.40527,1.4055,1.19,1.31
2014.11.12 19:35:51.961,1.40527,1.40551,1.19,1.62
2014.11.12 19:35:52.964,1.40527,1.40551,1.19,1.56
2014.11.12 19:35:55.712,1.40526,1.40551,1.69,1.56
2014.11.12 19:35:56.234,1.40526,1.40548,1.19,1.00
2014.11.12 19:35:56.978,1.40526,1.40548,1.19,1.25
2014.11.12 19:35:58.994,1.40525,1.40551,2.81,1.56
2014.11.12 19:36:02.995,1.40528,1.40549,1.19,1.00
2014.11.12 19:36:08.009,1.40527,1.40551,1.31,1.31
2014.11.12 19:36:09.012,1.40527,1.40551,2.06,1.31
2014.11.12 19:36:10.015,1.40527,1.40551,1.19,1.56
2014.11.12 19:36:11.056,1.40526,1.40549,2.06,1.00
2014.11.12 19:36:12.024,1.40527,1.40549,1.19,1.25
2014.11.12 19:36:13.027,1.40526,1.40549,1.31,1.25
2014.11.12 19:36:14.030,1.40526,1.40549,1.31,1.25
2014.11.12 19:36:14.978,1.40528,1.40549,1.00,1.56
2014.11.12 19:36:15.080,1.40524,1.40544,1.69,1.00
2014.11.12 19:36:15.131,1.40524,1.40548,1.69,1.50
2014.11.12 19:36:15.181,1.40525,1.40547,1.00,1.19
2014.11.12 19:36:15.384,1.40522,1.40545,1.25,1.19
2014.11.12 19:36:15.485,1.40523,1.40547,1.19,1.69
2014.11.12 19:36:16.571,1.40524,1.40547,1.00,2.06
2014.11.12 19:36:17.087,1.40523,1.40547,1.00,1.31
2014.11.12 19:36:17.470,1.40525,1.40546,1.00,1.31
2014.11.12 19:36:17.571,1.40525,1.40546,1.00,1.31
2014.11.12 19:36:19.557,1.40525,1.40546,1.00,1.31
2014.11.12 19:36:19.874,1.40521,1.40546,2.06,1.31
2014.11.12 19:36:20.417,1.40522,1.40546,1.37,1.19
2014.11.12 19:36:20.876,1.40522,1.40546,1.37,1.31
2014.11.12 19:36:21.908,1.40523,1.40547,1.12,2.06
2014.11.12 19:36:22.868,1.40523,1.40547,1.12,2.06
2014.11.12 19:36:23.515,1.40523,1.40547,1.00,2.06
2014.11.12 19:36:24.651,1.40522,1.40547,1.69,2.06
2014.11.12 19:36:24.803,1.40517,1.40542,2.25,1.31
2014.11.12 19:36:24.905,1.40517,1.40542,1.69,1.31
2014.11.12 19:36:25.208,1.40519,1.40542,1.19,1.25
2014.11.12 19:36:25.746,1.40522,1.40545,1.00,2.44
2014.11.12 19:36:26.279,1.40523,1.40545,1.00,2.06
2014.11.12 19:36:26.806,1.4052,1.40545,1.56,2.06
2014.11.12 19:36:27.315,1.40523,1.40546,1.25,1.56
2014.11.12 19:36:27.725,1.40525,1.40546,1.00,1.56
2014.11.12 19:36:28.217,1.40524,1.40546,1.00,2.06
2014.11.12 19:36:28.470,1.40525,1.40546,1.00,1.00
2014.11.12 19:36:28.521,1.40528,1.40546,1.00,1.19
2014.11.12 19:36:28.622,1.40528,1.40548,1.00,1.00
2014.11.12 19:36:28.673,1.40528,1.4055,1.00,1.00
2014.11.12 19:36:29.198,1.40528,1.40551,1.00,1.25
2014.11.12 19:36:30.502,1.40528,1.40551,1.19,1.19
2014.11.12 19:36:34.450,1.40526,1.4055,1.19,1.31
2014.11.12 19:36:35.024,1.40527,1.40551,1.19,1.56
2014.11.12 19:36:35.557,1.40529,1.40551,1.00,1.56
2014.11.12 19:36:36.302,1.40527,1.40552,1.69,2.44
2014.11.12 19:36:36.947,1.40529,1.40552,1.00,2.81
2014.11.12 19:36:37.733,1.40529,1.40552,1.25,1.56
2014.11.12 19:36:40.105,1.4053,1.40554,1.00,2.81
2014.11.12 19:36:40.206,1.4053,1.40554,2.06,1.69
2014.11.12 19:36:40.510,1.40536,1.40558,1.00,1.87
2014.11.12 19:36:41.449,1.40536,1.40558,1.00,1.31
2014.11.12 19:36:42.979,1.40537,1.40558,1.00,1.19
2014.11.12 19:36:43.385,1.40539,1.40559,1.00,1.50
2014.11.12 19:36:44.191,1.40539,1.4056,1.25,2.62
2014.11.12 19:36:49.225,1.40539,1.4056,1.25,2.06
2014.11.12 19:36:50.179,1.40539,1.4056,1.69,1.69
2014.11.12 19:36:51.288,1.40539,1.4056,2.44,1.69
2014.11.12 19:36:52.185,1.40539,1.4056,2.44,1.69
2014.11.12 19:36:53.188,1.40539,1.4056,2.44,1.69
2014.11.12 19:36:54.217,1.40539,1.4056,1.69,2.06
2014.11.12 19:36:54.419,1.40538,1.40558,1.50,1.37
2014.11.12 19:36:54.797,1.40535,1.40556,1.19,1.19
2014.11.12 19:36:55.306,1.40536,1.40556,1.69,1.25
2014.11.12 19:36:55.914,1.40536,1.40556,1.69,1.00
2014.11.12 19:36:56.680,1.40536,1.40559,1.69,1.69
2014.11.12 19:36:57.239,1.40537,1.40559,1.19,1.69
2014.11.12 19:36:59.148,1.40537,1.40559,1.69,1.19
2014.11.12 19:37:00.359,1.40538,1.40561,1.56,1.69
2014.11.12 19:37:00.461,1.40541,1.40563,1.31,1.50
2014.11.12 19:37:00.663,1.40541,1.4056,1.50,1.31
2014.11.12 19:37:00.996,1.40539,1.4056,1.00,1.31
2014.11.12 19:37:01.620,1.40538,1.40559,1.69,1.19
2014.11.12 19:37:02.186,1.40539,1.40559,1.00,1.19
2014.11.12 19:37:02.691,1.40538,1.4056,1.00,2.06
2014.11.12 19:37:03.628,1.40538,1.4056,1.25,1.19
2014.11.12 19:37:04.633,1.40538,1.40559,1.00,1.19
2014.11.12 19:37:05.657,1.40538,1.4056,1.19,1.31
2014.11.12 19:37:06.655,1.40538,1.40561,2.06,1.00
2014.11.12 19:37:06.857,1.40544,1.40564,1.00,1.19
2014.11.12 19:37:07.274,1.40542,1.40565,1.31,1.19
2014.11.12 19:37:07.847,1.40542,1.40565,1.12,1.25
2014.11.12 19:37:08.608,1.40542,1.40564,1.00,1.00
2014.11.12 19:37:09.181,1.40542,1.40564,1.19,1.25
2014.11.12 19:37:09.883,1.40542,1.40564,1.00,1.25
2014.11.12 19:37:11.914,1.40542,1.40566,1.31,1.19
2014.11.12 19:37:12.864,1.40542,1.40566,1.31,1.19
2014.11.12 19:37:13.275,1.40542,1.40566,2.44,1.00
2014.11.12 19:37:13.326,1.40548,1.40569,1.12,1.50
2014.11.12 19:37:13.378,1.40548,1.40569,1.56,1.00
2014.11.12 19:37:13.429,1.4055,1.40571,1.62,1.00
2014.11.12 19:37:13.480,1.40551,1.40572,1.56,1.00
2014.11.12 19:37:13.607,1.40554,1.40576,1.00,1.31
2014.11.12 19:37:14.126,1.40553,1.40576,2.06,1.31
2014.11.12 19:37:14.753,1.40553,1.40576,2.06,1.50
2014.11.12 19:37:15.475,1.40552,1.40577,1.56,1.31
2014.11.12 19:37:17.484,1.40552,1.40576,1.19,1.19
2014.11.12 19:37:18.518,1.40552,1.40576,1.19,1.31
2014.11.12 19:37:19.523,1.40552,1.40575,1.19,1.12
2014.11.12 19:37:19.921,1.40552,1.40575,1.19,2.06
2014.11.12 19:37:20.225,1.40549,1.40572,1.25,1.00
2014.11.12 19:37:20.428,1.40549,1.40572,1.50,1.00
2014.11.12 19:37:20.933,1.4055,1.40572,1.19,1.25
2014.11.12 19:37:22.199,1.4055,1.40572,1.56,1.00
2014.11.12 19:37:24.432,1.4055,1.40575,1.56,2.44
2014.11.12 19:37:24.908,1.40551,1.40575,1.62,2.44
2014.11.12 19:37:25.911,1.4055,1.40575,1.56,2.44
2014.11.12 19:37:27.048,1.40551,1.40575,2.06,1.19
2014.11.12 19:37:27.919,1.40551,1.40576,2.06,2.66
2014.11.12 19:37:28.923,1.40551,1.40576,2.06,2.66
2014.11.12 19:37:29.925,1.40551,1.40576,2.06,2.66
2014.11.12 19:37:30.928,1.40551,1.40576,1.56,2.29
2014.11.12 19:37:31.963,1.40551,1.40576,2.81,2.29
2014.11.12 19:37:33.836,1.40551,1.40576,2.06,2.29
2014.11.12 19:37:34.580,1.40551,1.40576,2.06,2.29
2014.11.12 19:37:34.945,1.40551,1.40576,2.06,2.29
2014.11.12 19:37:35.842,1.40551,1.40576,2.06,2.10
2014.11.12 19:37:36.573,1.40552,1.40576,1.56,1.50
2014.11.12 19:37:37.122,1.40553,1.40576,1.56,1.19
2014.11.12 19:37:37.880,1.40552,1.40575,1.69,1.19
2014.11.12 19:37:39.855,1.40552,1.40574,2.06,1.00
2014.11.12 19:37:41.605,1.40552,1.40575,2.06,1.69
2014.11.12 19:37:42.634,1.40552,1.40575,2.81,1.00
2014.11.12 19:37:45.190,1.40552,1.40575,1.25,1.31
2014.11.12 19:37:45.342,1.40552,1.40573,1.25,1.60
2014.11.12 19:37:45.393,1.40548,1.40569,3.00,1.00
2014.11.12 19:37:45.494,1.40548,1.40565,1.50,1.00
2014.11.12 19:37:45.596,1.40543,1.40565,2.25,1.00
2014.11.12 19:37:45.747,1.40542,1.40563,1.31,1.00
2014.11.12 19:37:46.259,1.40542,1.40563,1.31,1.25
2014.11.12 19:37:46.844,1.40542,1.40563,1.12,1.25
2014.11.12 19:37:48.583,1.40542,1.40563,1.00,1.19
2014.11.12 19:37:52.594,1.40542,1.40563,1.00,1.25
2014.11.12 19:37:53.174,1.40541,1.40563,1.31,1.25
2014.11.12 19:37:53.608,1.40541,1.40563,1.00,1.19
2014.11.12 19:37:55.605,1.40541,1.40563,1.25,1.19
2014.11.12 19:37:56.607,1.40541,1.40563,1.25,1.19
2014.11.12 19:37:59.656,1.40541,1.40563,1.31,1.19
2014.11.12 19:38:01.865,1.40539,1.40563,2.06,1.69
2014.11.12 19:38:02.681,1.40537,1.4056,1.56,1.00
2014.11.12 19:38:02.995,1.40537,1.40558,1.56,1.00
2014.11.12 19:38:04.677,1.40537,1.40558,1.19,1.25
2014.11.12 19:38:05.640,1.40535,1.40559,1.56,1.25
2014.11.12 19:38:08.850,1.40535,1.40559,1.56,1.25
2014.11.12 19:38:10.855,1.40535,1.40559,1.56,1.25
2014.11.12 19:38:13.864,1.40535,1.40559,2.06,1.25
2014.11.12 19:38:16.776,1.40537,1.40559,1.19,1.00
2014.11.12 19:38:17.081,1.40539,1.40561,1.56,1.50
2014.11.12 19:38:17.637,1.40539,1.40562,2.06,1.25
2014.11.12 19:38:18.256,1.40543,1.40562,1.62,1.25
2014.11.12 19:38:18.510,1.40548,1.40572,2.06,1.31
2014.11.12 19:38:19.393,1.40548,1.40572,2.81,1.25
2014.11.12 19:38:20.384,1.40552,1.40574,1.00,1.31
2014.11.12 19:38:20.942,1.40552,1.40575,1.31,1.69
2014.11.12 19:38:21.734,1.40552,1.40572,1.19,1.00
2014.11.12 19:38:21.836,1.40551,1.40572,2.44,1.00
2014.11.12 19:38:21.887,1.40551,1.40572,1.25,1.37
2014.11.12 19:38:22.274,1.40549,1.4057,1.25,1.31
2014.11.12 19:38:22.705,1.40546,1.40568,1.19,1.12
2014.11.12 19:38:22.858,1.40543,1.40567,1.50,1.31
2014.11.12 19:38:22.909,1.40543,1.40567,1.00,2.06
2014.11.12 19:38:23.111,1.40539,1.40562,1.12,1.00
2014.11.12 19:38:23.162,1.40539,1.40564,1.87,2.06
2014.11.12 19:38:23.670,1.40541,1.40564,1.12,1.25
2014.11.12 19:38:23.823,1.40542,1.40564,1.19,1.00
2014.11.12 19:38:24.633,1.40542,1.40564,1.00,1.00
2014.11.12 19:38:25.340,1.4054,1.40564,1.56,1.00
2014.11.12 19:38:25.860,1.40547,1.40565,1.00,1.00
2014.11.12 19:38:25.912,1.40547,1.40567,1.00,1.00
2014.11.12 19:38:26.013,1.40549,1.40571,2.06,1.00
2014.11.12 19:38:26.528,1.40547,1.40572,1.69,1.56
2014.11.12 19:38:27.031,1.40547,1.40569,1.25,1.00
2014.11.12 19:38:28.986,1.40547,1.40569,1.62,1.00
2014.11.12 19:38:29.240,1.40547,1.40569,1.56,1.00
2014.11.12 19:38:29.544,1.40548,1.40571,1.31,1.00
2014.11.12 19:38:30.070,1.40548,1.40572,2.06,1.00
2014.11.12 19:38:30.200,1.40548,1.40572,2.06,1.00
2014.11.12 19:38:32.236,1.4055,1.40572,1.56,1.00
2014.11.12 19:38:34.490,1.4055,1.4057,1.56,1.00
2014.11.12 19:38:36.248,1.40549,1.4057,1.56,1.00
2014.11.12 19:38:37.291,1.40551,1.4057,1.19,1.00
2014.11.12 19:38:38.253,1.40549,1.4057,1.56,1.00
2014.11.12 19:38:39.676,1.40549,1.4057,1.56,1.00
2014.11.12 19:38:40.482,1.40548,1.4057,1.56,1.00
2014.11.12 19:38:41.493,1.40546,1.4057,1.56,1.25
2014.11.12 19:38:41.669,1.40545,1.4057,2.44,2.06
2014.11.12 19:38:41.973,1.40542,1.40562,1.25,1.00
2014.11.12 19:38:42.276,1.40538,1.4056,1.56,1.00
2014.11.12 19:38:42.689,1.40537,1.4056,1.56,1.00
2014.11.12 19:38:42.901,1.40538,1.40562,1.56,1.50
2014.11.12 19:38:43.260,1.40543,1.40562,1.00,1.00
2014.11.12 19:38:44.773,1.40545,1.40562,1.00,1.00
2014.11.12 19:38:44.874,1.40539,1.40562,1.69,1.00
2014.11.12 19:38:45.485,1.4054,1.40563,1.19,1.00
2014.11.12 19:38:45.536,1.4054,1.40565,1.19,2.44
2014.11.12 19:38:45.861,1.40541,1.40565,1.25,1.69
2014.11.12 19:38:47.403,1.40542,1.40565,1.00,2.06
2014.11.12 19:38:47.937,1.40542,1.40565,1.37,1.69
2014.11.12 19:38:48.662,1.40544,1.40565,1.00,1.69
2014.11.12 19:38:48.713,1.40544,1.40565,1.00,1.69
2014.11.12 19:38:50.819,1.40544,1.40565,1.12,1.69
2014.11.12 19:38:51.392,1.40544,1.40565,1.31,1.69
2014.11.12 19:38:52.350,1.40545,1.40565,1.00,1.69
2014.11.12 19:38:53.273,1.40545,1.40565,1.37,1.50
2014.11.12 19:38:53.476,1.40554,1.40572,1.37,1.00
2014.11.12 19:38:53.577,1.40554,1.40577,1.56,1.69
2014.11.12 19:38:54.082,1.40553,1.40577,1.56,1.19
2014.11.12 19:38:56.493,1.40553,1.40577,1.56,1.19
2014.11.12 19:38:57.682,1.40555,1.40577,1.62,1.19
2014.11.12 19:38:58.498,1.40553,1.40576,2.81,1.19
2014.11.12 19:39:01.085,1.40554,1.40576,1.56,1.19
2014.11.12 19:39:02.609,1.40553,1.40576,2.06,1.25
2014.11.12 19:39:05.328,1.40553,1.40577,2.06,1.19
2014.11.12 19:39:06.653,1.40553,1.40577,1.56,1.69
2014.11.12 19:39:07.622,1.40553,1.40577,1.56,1.69
2014.11.12 19:39:08.595,1.40553,1.40577,1.56,1.69
2014.11.12 19:39:11.576,1.40554,1.40577,1.56,1.19
2014.11.12 19:39:11.935,1.40556,1.40577,1.62,1.19
2014.11.12 19:39:12.036,1.40556,1.40579,1.56,1.69
2014.11.12 19:39:12.938,1.40556,1.40579,1.56,1.69
2014.11.12 19:39:13.472,1.40554,1.40577,2.81,1.00
2014.11.12 19:39:14.157,1.40553,1.40577,2.81,1.19
2014.11.12 19:39:15.172,1.40553,1.40577,2.06,1.25
2014.11.12 19:39:16.184,1.40553,1.40577,2.81,1.19
2014.11.12 19:39:18.156,1.40553,1.40577,2.81,1.19
2014.11.12 19:39:19.159,1.40553,1.40577,2.06,1.69
2014.11.12 19:39:20.181,1.40553,1.40577,2.06,1.69
2014.11.12 19:39:21.164,1.40553,1.40577,1.56,1.69
2014.11.12 19:39:22.166,1.40553,1.40577,2.06,1.69
2014.11.12 19:39:23.168,1.40553,1.40577,2.81,1.69
2014.11.12 19:39:28.181,1.40556,1.40577,1.56,1.25
2014.11.12 19:39:48.735,1.40556,1.40577,1.56,1.19
2014.11.12 19:39:49.776,1.40556,1.40577,1.56,1.25
2014.11.12 19:39:50.454,1.40556,1.40577,1.31,1.25
2014.11.12 19:39:51.324,1.40556,1.40577,1.31,1.19
2014.11.12 19:39:52.746,1.40556,1.40577,1.31,1.25
2014.11.12 19:39:53.785,1.40556,1.40577,1.31,1.19
2014.11.12 19:39:54.162,1.40556,1.40578,1.62,1.19
2014.11.12 19:39:56.264,1.40555,1.40577,1.62,1.19
2014.11.12 19:39:57.967,1.40555,1.40577,1.56,1.19
2014.11.12 19:39:58.763,1.40554,1.40576,2.06,1.19
2014.11.12 19:40:00.600,1.40554,1.40576,2.06,1.19
2014.11.12 19:40:01.773,1.40554,1.40576,2.81,1.25
2014.11.12 19:40:04.901,1.40554,1.40576,2.81,1.19
2014.11.12 19:40:05.884,1.40554,1.40576,2.81,1.19
2014.11.12 19:40:07.297,1.40555,1.4057,1.00,1.30
2014.11.12 19:40:07.550,1.40548,1.40566,1.00,1.19
2014.11.12 19:40:07.752,1.40544,1.40566,1.25,1.19
2014.11.12 19:40:07.803,1.40547,1.40566,1.00,1.19
2014.11.12 19:40:07.904,1.40543,1.40566,1.00,2.44
2014.11.12 19:40:08.131,1.40547,1.40566,1.00,2.44
2014.11.12 19:40:08.233,1.40547,1.40566,1.00,1.00
2014.11.12 19:40:08.334,1.40552,1.40567,1.00,1.00
2014.11.12 19:40:08.435,1.40552,1.40573,1.00,1.00
2014.11.12 19:40:08.486,1.40555,1.40573,1.00,1.00
2014.11.12 19:40:08.537,1.40555,1.40576,1.00,1.50
2014.11.12 19:40:09.950,1.40555,1.40576,1.69,1.00
2014.11.12 19:40:11.038,1.40555,1.40576,2.06,1.00
2014.11.12 19:40:11.341,1.40555,1.40574,2.81,1.00
2014.11.12 19:40:11.874,1.40555,1.40574,1.37,1.00
2014.11.12 19:40:12.918,1.40555,1.40574,1.62,1.00
2014.11.12 19:40:15.526,1.40554,1.40574,1.69,1.00
2014.11.12 19:40:15.780,1.40547,1.40569,2.06,1.00
2014.11.12 19:40:15.932,1.40547,1.40568,3.04,1.00
2014.11.12 19:40:15.982,1.40551,1.4057,1.56,1.00
2014.11.12 19:40:16.084,1.40553,1.40573,1.56,1.00
2014.11.12 19:40:16.626,1.40555,1.40573,1.56,1.00
2014.11.12 19:40:17.659,1.40555,1.40575,1.56,1.00
2014.11.12 19:40:18.192,1.40555,1.40576,2.06,1.00
2014.11.12 19:40:18.243,1.40555,1.40577,2.06,1.00
2014.11.12 19:40:18.446,1.40555,1.40578,1.56,1.00
2014.11.12 19:40:19.141,1.40555,1.40577,2.06,1.00
2014.11.12 19:40:19.691,1.40555,1.40578,1.56,1.69
2014.11.12 19:40:20.947,1.40555,1.40577,1.56,1.00
2014.11.12 19:40:21.250,1.40555,1.40576,1.00,1.37
2014.11.12 19:40:21.452,1.40546,1.40565,1.50,1.00
2014.11.12 19:40:21.554,1.40544,1.40563,1.19,1.00
2014.11.12 19:40:22.079,1.40542,1.40562,1.69,1.00
2014.11.12 19:40:22.432,1.40544,1.40565,1.19,1.00
2014.11.12 19:40:23.156,1.40545,1.40565,1.62,1.00
2014.11.12 19:40:23.751,1.40545,1.40567,1.62,1.19
2014.11.12 19:40:24.660,1.40545,1.40567,1.56,1.25
2014.11.12 19:40:25.800,1.40545,1.40567,1.56,1.25
2014.11.12 19:40:25.901,1.40546,1.4057,2.81,1.69
2014.11.12 19:40:32.884,1.40549,1.4057,1.12,1.19
2014.11.12 19:40:33.887,1.40549,1.4057,1.12,1.19
2014.11.12 19:40:35.893,1.40549,1.4057,1.31,1.25
2014.11.12 19:40:36.927,1.40549,1.4057,1.31,1.19
2014.11.12 19:40:37.782,1.40551,1.4057,1.00,1.19
2014.11.12 19:40:37.883,1.40554,1.40572,1.00,1.25
2014.11.12 19:40:37.985,1.40554,1.40575,1.00,1.00
2014.11.12 19:40:38.036,1.40554,1.40575,1.00,1.19
2014.11.12 19:40:38.240,1.40552,1.40574,1.50,1.31
2014.11.12 19:40:38.745,1.40551,1.40573,1.12,1.19
2014.11.12 19:40:40.208,1.40551,1.40573,1.00,1.31
2014.11.12 19:40:41.201,1.4055,1.40573,1.12,1.31
2014.11.12 19:40:41.302,1.40552,1.40573,1.00,1.19
2014.11.12 19:40:41.605,1.40554,1.40574,1.50,1.19
2014.11.12 19:40:41.757,1.40552,1.40575,1.00,2.06
2014.11.12 19:40:42.161,1.40549,1.40574,2.06,1.56
2014.11.12 19:40:42.916,1.40547,1.40572,2.06,1.31
2014.11.12 19:40:43.421,1.40547,1.40572,2.06,1.56
2014.11.12 19:40:45.124,1.40547,1.4057,1.62,1.19
2014.11.12 19:40:45.634,1.40551,1.40574,1.25,1.19
2014.11.12 19:40:45.685,1.40553,1.40574,1.00,1.19
2014.11.12 19:40:46.090,1.40551,1.40574,1.25,1.31
2014.11.12 19:40:46.973,1.40548,1.40573,1.56,1.19
2014.11.12 19:40:48.936,1.40548,1.40573,1.62,1.19
2014.11.12 19:40:49.743,1.40547,1.40571,1.31,1.19
2014.11.12 19:40:50.942,1.40547,1.40571,1.31,1.19
2014.11.12 19:40:56.001,1.40548,1.40571,1.19,1.19
2014.11.12 19:40:56.156,1.40548,1.40571,1.00,1.25
2014.11.12 19:40:56.706,1.40548,1.40571,1.37,1.25
2014.11.12 19:40:57.814,1.40548,1.40571,1.25,1.00
2014.11.12 19:40:58.819,1.40547,1.40571,1.31,1.19
2014.11.12 19:40:59.483,1.40547,1.40571,1.31,1.19
2014.11.12 19:41:00.170,1.40547,1.40571,1.31,1.25
2014.11.12 19:41:00.572,1.40547,1.40571,2.25,1.00
2014.11.12 19:41:00.774,1.40554,1.40576,1.56,1.00
2014.11.12 19:41:00.977,1.40556,1.40578,1.37,1.00
2014.11.12 19:41:01.078,1.40556,1.4058,1.37,2.25
2014.11.12 19:41:05.188,1.40556,1.4058,1.56,1.25
2014.11.12 19:41:05.730,1.40555,1.40579,2.06,1.19
2014.11.12 19:41:06.045,1.40554,1.40577,2.44,1.00
2014.11.12 19:41:06.197,1.40554,1.40577,1.56,1.00
2014.11.12 19:41:06.918,1.40555,1.40577,1.62,1.00
2014.11.12 19:41:06.969,1.40555,1.4058,1.62,1.69
2014.11.12 19:41:07.477,1.40555,1.4058,1.56,1.25
2014.11.12 19:41:07.578,1.40555,1.40578,1.56,1.00
2014.11.12 19:41:08.090,1.40553,1.40575,2.06,1.00
2014.11.12 19:41:08.597,1.40553,1.40573,1.56,1.00
2014.11.12 19:41:09.231,1.40551,1.40571,1.12,1.00
2014.11.12 19:41:09.735,1.40549,1.4057,1.12,1.00
2014.11.12 19:41:10.296,1.40549,1.4057,1.12,1.00
2014.11.12 19:41:10.549,1.40548,1.40572,1.56,1.25
2014.11.12 19:41:10.660,1.40548,1.40572,1.56,1.00
2014.11.12 19:41:10.965,1.40553,1.40574,1.56,1.00
2014.11.12 19:41:11.218,1.40554,1.40575,1.25,1.00
2014.11.12 19:41:11.644,1.40554,1.40577,1.25,1.00
2014.11.12 19:41:12.217,1.40553,1.40577,2.06,1.00
2014.11.12 19:41:12.517,1.40553,1.40575,2.06,1.00
2014.11.12 19:41:13.231,1.40553,1.40575,1.56,1.00
2014.11.12 19:41:13.333,1.40553,1.40577,1.56,1.00
2014.11.12 19:41:15.268,1.40554,1.40577,1.56,1.00
2014.11.12 19:41:16.082,1.40554,1.40578,1.56,1.50
2014.11.12 19:41:16.184,1.40555,1.40572,1.00,1.00
2014.11.12 19:41:16.336,1.4055,1.40572,1.00,1.00
2014.11.12 19:41:16.653,1.40551,1.40576,1.25,1.69
2014.11.12 19:41:17.060,1.40551,1.40573,1.50,1.00
2014.11.12 19:41:17.112,1.40551,1.40577,2.25,1.69
2014.11.12 19:41:17.417,1.40551,1.40575,1.50,1.00
2014.11.12 19:41:17.518,1.40552,1.40577,1.19,1.69
2014.11.12 19:41:18.045,1.40552,1.40577,1.25,1.69
2014.11.12 19:41:18.298,1.40552,1.40577,1.62,1.25
2014.11.12 19:41:21.517,1.40552,1.40577,1.31,1.00
2014.11.12 19:41:21.821,1.40551,1.40575,1.19,1.12
2014.11.12 19:41:23.466,1.40551,1.40575,1.19,1.31
2014.11.12 19:41:25.339,1.40551,1.40575,1.56,1.19
2014.11.12 19:41:25.852,1.40551,1.40577,2.06,1.19
2014.11.12 19:41:26.477,1.40551,1.40577,2.81,1.19
2014.11.12 19:41:27.020,1.40551,1.40575,1.56,1.00
2014.11.12 19:41:27.501,1.40552,1.40577,1.56,1.25
2014.11.12 19:41:27.731,1.4055,1.40575,2.81,1.25
2014.11.12 19:41:27.833,1.4055,1.40573,1.69,1.00
2014.11.12 19:41:28.753,1.40548,1.40573,2.06,1.00
2014.11.12 19:41:29.491,1.40548,1.40572,1.87,1.12
2014.11.12 19:41:29.593,1.40547,1.40571,2.06,1.69
2014.11.12 19:41:30.862,1.40544,1.4057,3.00,1.25
2014.11.12 19:41:31.066,1.40548,1.40573,1.56,1.00
2014.11.12 19:41:31.573,1.40548,1.40572,1.25,1.62
2014.11.12 19:41:31.625,1.40547,1.40571,1.31,1.31
2014.11.12 19:41:32.620,1.40545,1.40569,1.69,1.00
2014.11.12 19:41:32.721,1.40546,1.40571,1.56,1.25
2014.11.12 19:41:33.756,1.40546,1.40571,2.06,1.19
2014.11.12 19:41:34.643,1.40546,1.40571,2.06,1.25
2014.11.12 19:41:35.744,1.40546,1.40571,2.81,1.25
2014.11.12 19:41:36.741,1.40547,1.40571,1.56,1.00
2014.11.12 19:41:37.723,1.40547,1.40571,1.56,1.25
2014.11.12 19:41:39.728,1.40547,1.40571,1.56,1.19
2014.11.12 19:41:40.317,1.40547,1.40571,1.56,1.19
2014.11.12 19:41:40.620,1.40549,1.40574,2.06,1.19
2014.11.12 19:41:41.578,1.4055,1.40574,2.06,1.25
2014.11.12 19:41:44.552,1.40553,1.40575,1.56,1.50
2014.11.12 19:41:45.553,1.40553,1.40575,1.56,1.00
2014.11.12 19:41:46.580,1.40552,1.40575,1.62,1.00
2014.11.12 19:41:47.278,1.40552,1.40575,1.56,1.00
2014.11.12 19:41:47.447,1.40552,1.40573,1.56,1.00
2014.11.12 19:41:47.498,1.40551,1.40573,1.00,1.37
2014.11.12 19:41:47.548,1.40551,1.40568,1.00,1.00
2014.11.12 19:41:47.600,1.40547,1.40568,2.62,1.00
2014.11.12 19:41:47.651,1.40547,1.40566,1.37,1.00
2014.11.12 19:41:47.904,1.40544,1.40566,2.06,1.00
2014.11.12 19:41:49.769,1.40548,1.40566,2.10,1.00
2014.11.12 19:41:49.922,1.40554,1.40571,1.12,1.00
2014.11.12 19:41:49.973,1.40557,1.40569,1.37,1.00
2014.11.12 19:41:50.075,1.40557,1.40577,1.37,1.19
2014.11.12 19:41:50.277,1.40556,1.40578,1.37,1.00
2014.11.12 19:41:50.783,1.40556,1.40581,1.87,2.44
2014.11.12 19:41:50.834,1.40556,1.40581,2.06,2.44
2014.11.12 19:41:51.789,1.40556,1.40581,1.56,1.69
2014.11.12 19:41:52.102,1.40558,1.40581,1.56,1.50
2014.11.12 19:41:52.327,1.40562,1.40584,1.37,1.00
2014.11.12 19:41:52.979,1.40562,1.40584,1.37,1.00
2014.11.12 19:41:55.800,1.40562,1.40584,1.56,1.00
2014.11.12 19:41:57.978,1.40562,1.40585,1.56,1.00
2014.11.12 19:41:58.484,1.40563,1.40586,1.56,1.00
2014.11.12 19:41:59.123,1.40564,1.40586,1.56,1.00
2014.11.12 19:42:00.167,1.40563,1.40586,2.06,1.00
2014.11.12 19:42:00.332,1.40563,1.40588,2.06,1.25
2014.11.12 19:42:00.840,1.40563,1.40589,2.06,1.69
2014.11.12 19:42:01.356,1.40563,1.40589,2.06,1.69
2014.11.12 19:42:02.159,1.40564,1.40589,1.56,1.69
2014.11.12 19:42:03.144,1.40564,1.40589,1.56,1.69
2014.11.12 19:42:04.147,1.40565,1.40589,1.31,1.50
2014.11.12 19:42:04.849,1.40564,1.40589,1.56,1.50
2014.11.12 19:42:05.529,1.40564,1.40589,1.56,1.50
2014.11.12 19:42:07.859,1.40564,1.40589,2.06,1.50
2014.11.12 19:42:08.862,1.40566,1.40589,1.56,1.50
2014.11.12 19:42:10.869,1.40566,1.40589,1.56,1.50
2014.11.12 19:42:11.411,1.40566,1.4059,1.56,1.25
2014.11.12 19:42:11.872,1.40565,1.4059,1.56,1.00
2014.11.12 19:42:12.875,1.40565,1.4059,1.56,1.31
2014.11.12 19:42:13.879,1.40565,1.4059,1.56,1.12
2014.11.12 19:42:14.192,1.40567,1.40592,2.06,2.06
2014.11.12 19:42:14.829,1.40567,1.40592,2.06,2.06
2014.11.12 19:42:14.930,1.40567,1.40592,1.31,2.06
2014.11.12 19:42:15.885,1.40567,1.40592,1.31,2.06
2014.11.12 19:42:17.556,1.40567,1.40592,1.19,2.06
2014.11.12 19:42:17.912,1.40567,1.40592,1.69,1.87
2014.11.12 19:42:19.661,1.40567,1.40591,1.56,1.00
2014.11.12 19:42:20.172,1.40568,1.40591,1.56,1.00
2014.11.12 19:42:22.042,1.40568,1.40592,2.06,1.25
2014.11.12 19:42:22.145,1.40568,1.40593,2.44,1.00
2014.11.12 19:42:22.572,1.40569,1.40591,1.69,1.00
2014.11.12 19:42:22.623,1.40569,1.40591,1.00,1.00
2014.11.12 19:42:22.775,1.40564,1.40588,1.19,1.00
2014.11.12 19:42:22.826,1.40563,1.40588,1.69,1.25
2014.11.12 19:42:23.819,1.40563,1.40588,1.19,1.50
2014.11.12 19:42:27.859,1.40563,1.40588,1.56,2.06
2014.11.12 19:42:29.870,1.40563,1.40588,1.56,1.69
2014.11.12 19:42:30.841,1.40563,1.40588,1.56,1.69
2014.11.12 19:42:31.844,1.40563,1.40588,1.56,1.69
2014.11.12 19:42:32.849,1.40564,1.40588,1.56,1.69
2014.11.12 19:42:33.867,1.40564,1.40588,1.56,1.69
2014.11.12 19:42:34.950,1.40563,1.40588,2.06,1.69
2014.11.12 19:42:36.299,1.40565,1.40588,2.06,1.25
2014.11.12 19:42:36.605,1.40567,1.4059,1.56,1.25
2014.11.12 19:42:39.367,1.40567,1.4059,2.06,1.00
2014.11.12 19:42:41.875,1.40565,1.4059,2.81,1.19
2014.11.12 19:42:41.977,1.40565,1.4059,1.56,1.19
2014.11.12 19:42:43.025,1.40565,1.40589,1.19,1.19
2014.11.12 19:42:45.085,1.40565,1.40589,1.31,1.31
2014.11.12 19:42:49.104,1.40565,1.4059,1.56,1.31
2014.11.12 19:42:50.945,1.40564,1.40587,1.25,1.25
2014.11.12 19:42:52.944,1.40563,1.40587,2.06,1.19
2014.11.12 19:42:54.916,1.40563,1.40587,2.06,1.31
2014.11.12 19:42:56.063,1.40563,1.40587,2.06,1.31
2014.11.12 19:42:57.022,1.40562,1.40586,2.81,1.25
2014.11.12 19:42:58.026,1.40562,1.40586,2.81,1.19
2014.11.12 19:42:59.028,1.40562,1.40586,2.06,1.25
2014.11.12 19:42:59.558,1.40564,1.40586,1.56,1.00
2014.11.12 19:42:59.811,1.40566,1.40591,1.19,2.81
2014.11.12 19:43:00.234,1.40565,1.4059,1.19,2.81
2014.11.12 19:43:01.080,1.40565,1.4059,1.12,1.56
2014.11.12 19:43:01.333,1.40561,1.40584,1.25,1.00
2014.11.12 19:43:01.435,1.4056,1.4058,1.00,1.00
2014.11.12 19:43:01.536,1.40559,1.40584,1.00,1.19
2014.11.12 19:43:02.041,1.4056,1.40584,1.00,1.19
2014.11.12 19:43:02.345,1.40562,1.40586,1.00,1.69
2014.11.12 19:43:02.497,1.40562,1.40586,1.00,1.19
2014.11.12 19:43:03.020,1.40563,1.40586,1.31,1.00
2014.11.12 19:43:03.999,1.40561,1.40586,2.06,1.25
2014.11.12 19:43:04.529,1.40561,1.40586,2.06,1.25
2014.11.12 19:43:05.036,1.40564,1.40588,1.37,2.44
2014.11.12 19:43:05.867,1.40564,1.4059,1.56,2.06
2014.11.12 19:43:06.411,1.40564,1.4059,1.56,1.69
2014.11.12 19:43:09.727,1.40563,1.40588,3.56,1.00
2014.11.12 19:43:10.875,1.40564,1.40588,1.56,1.00
2014.11.12 19:43:11.900,1.40567,1.40588,1.31,1.00
2014.11.12 19:43:12.662,1.40568,1.40588,1.00,1.00
2014.11.12 19:43:13.198,1.40568,1.40588,1.19,1.00
2014.11.12 19:43:15.935,1.40568,1.40588,1.19,1.00
2014.11.12 19:43:17.930,1.40568,1.40588,1.19,1.00
2014.11.12 19:43:18.900,1.40568,1.40588,1.19,1.00
2014.11.12 19:43:23.914,1.40567,1.40588,1.31,1.00
2014.11.12 19:43:25.965,1.40565,1.40588,1.56,1.00
2014.11.12 19:43:27.658,1.40566,1.40589,1.56,1.00
2014.11.12 19:43:28.175,1.40565,1.4059,2.44,1.00
2014.11.12 19:43:28.327,1.40567,1.40592,2.06,1.25
2014.11.12 19:43:28.510,1.40569,1.40594,2.06,1.00
2014.11.12 19:43:29.337,1.40569,1.40594,2.81,1.00
2014.11.12 19:43:30.336,1.4057,1.40594,2.06,1.00
2014.11.12 19:43:30.438,1.40574,1.40596,1.31,1.00
2014.11.12 19:43:30.489,1.40574,1.40596,1.31,1.00
2014.11.12 19:43:30.842,1.40574,1.40594,1.56,1.00
2014.11.12 19:43:31.095,1.4057,1.40593,1.69,1.50
2014.11.12 19:43:31.146,1.4057,1.40592,1.31,2.06
2014.11.12 19:43:31.198,1.40567,1.40589,1.25,1.00
2014.11.12 19:43:31.862,1.40563,1.40588,2.06,1.00
2014.11.12 19:43:32.381,1.40563,1.40588,1.56,1.00
2014.11.12 19:43:34.043,1.40563,1.40588,1.31,1.00
2014.11.12 19:43:35.185,1.40563,1.40588,1.31,1.19
2014.11.12 19:43:36.203,1.40563,1.40588,1.31,1.19
2014.11.12 19:43:37.171,1.40563,1.40588,2.06,1.19
2014.11.12 19:43:41.918,1.40563,1.40588,2.06,1.19
2014.11.12 19:43:43.884,1.40564,1.40588,1.56,1.25
2014.11.12 19:43:44.887,1.40565,1.40588,1.31,1.19
2014.11.12 19:43:45.090,1.40566,1.4059,1.56,1.25
2014.11.12 19:43:46.098,1.40565,1.4059,1.56,1.19
2014.11.12 19:43:47.196,1.40566,1.40592,1.56,2.06
2014.11.12 19:43:48.201,1.40566,1.40592,1.56,2.06
2014.11.12 19:43:48.618,1.40566,1.40592,1.56,1.69
2014.11.12 19:43:49.136,1.40566,1.40592,1.69,1.69
2014.11.12 19:43:49.706,1.40567,1.40592,1.56,1.69
2014.11.12 19:43:49.757,1.40568,1.40592,2.44,1.25
2014.11.12 19:43:49.909,1.40573,1.40595,1.56,1.00
2014.11.12 19:43:50.011,1.40573,1.40594,2.81,1.00
2014.11.12 19:43:50.112,1.40573,1.40595,1.69,1.00
2014.11.12 19:43:50.314,1.40573,1.40598,1.56,1.00
2014.11.12 19:43:51.114,1.40573,1.40598,1.56,1.00
2014.11.12 19:43:51.626,1.40577,1.406,1.12,1.25
2014.11.12 19:43:52.585,1.40575,1.40599,1.31,1.00
2014.11.12 19:43:52.838,1.40574,1.40597,1.56,1.00
2014.11.12 19:43:53.396,1.40574,1.40597,1.56,1.00
2014.11.12 19:43:55.129,1.40574,1.40597,2.81,1.00
2014.11.12 19:43:57.143,1.40574,1.40597,2.81,1.00
2014.11.12 19:43:57.555,1.40574,1.40599,2.06,1.69
2014.11.12 19:43:57.707,1.40574,1.40597,2.06,1.00
2014.11.12 19:43:58.164,1.40574,1.40597,1.56,1.00
2014.11.12 19:43:58.683,1.40574,1.40597,1.56,1.00
2014.11.12 19:44:01.808,1.40573,1.40597,1.69,1.00
2014.11.12 19:44:02.314,1.40574,1.40595,1.56,1.00
2014.11.12 19:44:04.326,1.40573,1.40597,1.56,1.00
2014.11.12 19:44:05.495,1.40573,1.40595,1.56,1.00
2014.11.12 19:44:07.624,1.40572,1.40595,2.81,1.00
2014.11.12 19:44:08.230,1.40572,1.40595,3.19,1.00
2014.11.12 19:44:08.754,1.40572,1.40595,2.81,1.00
2014.11.12 19:44:10.231,1.40573,1.40595,1.56,1.00
2014.11.12 19:44:11.291,1.40574,1.40595,1.56,1.00
2014.11.12 19:44:13.715,1.40574,1.40596,1.56,1.00
2014.11.12 19:44:14.485,1.40574,1.40597,1.56,1.00
2014.11.12 19:44:15.206,1.40574,1.40597,1.56,1.00
2014.11.12 19:44:17.212,1.40574,1.40597,2.06,1.00
2014.11.12 19:44:19.359,1.40574,1.40595,1.56,1.00
2014.11.12 19:44:19.511,1.40569,1.4059,1.62,1.00
2014.11.12 19:44:20.325,1.40566,1.4059,1.94,1.00
2014.11.12 19:44:20.629,1.40573,1.40592,1.56,1.00
2014.11.12 19:44:20.680,1.40573,1.40595,1.56,1.00
2014.11.12 19:44:21.207,1.40573,1.40595,2.06,1.00
2014.11.12 19:44:23.376,1.40573,1.40597,2.81,1.00
2014.11.12 19:44:23.677,1.40573,1.40595,2.81,1.00
2014.11.12 19:44:24.411,1.40573,1.40595,3.19,1.00
2014.11.12 19:44:25.516,1.40574,1.40595,1.56,1.00
2014.11.12 19:44:26.625,1.40574,1.40595,1.56,1.00
2014.11.12 19:44:26.777,1.40574,1.40598,1.56,1.69
2014.11.12 19:44:27.485,1.40574,1.40596,1.56,1.50
2014.11.12 19:44:28.358,1.40574,1.40596,1.56,1.50
2014.11.12 19:44:29.256,1.40573,1.40596,2.81,1.50
2014.11.12 19:44:34.103,1.40574,1.40598,1.56,1.50
2014.11.12 19:44:35.283,1.40574,1.40598,2.06,1.50
2014.11.12 19:44:38.313,1.40574,1.40598,1.56,1.69
2014.11.12 19:44:39.315,1.40573,1.40598,2.06,1.50
2014.11.12 19:44:40.310,1.40574,1.40598,1.56,1.50
2014.11.12 19:44:41.906,1.40574,1.40598,1.56,1.00
2014.11.12 19:44:42.008,1.40581,1.40599,1.31,1.00
2014.11.12 19:44:42.059,1.40582,1.40601,1.19,1.50
2014.11.12 19:44:42.261,1.40582,1.40605,1.69,1.25
2014.11.12 19:44:43.203,1.40582,1.40605,1.69,1.00
2014.11.12 19:44:44.749,1.40582,1.40605,2.06,1.50
2014.11.12 19:44:44.850,1.40582,1.40602,1.50,1.00
2014.11.12 19:44:44.951,1.40583,1.40596,1.00,1.69
2014.11.12 19:44:45.053,1.40575,1.40596,1.50,1.69
2014.11.12 19:44:45.558,1.40572,1.40596,2.25,1.69
2014.11.12 19:44:46.545,1.40573,1.40598,1.19,1.56
2014.11.12 19:44:48.530,1.40573,1.40597,1.56,1.25
2014.11.12 19:44:50.966,1.40573,1.40597,1.56,1.25
2014.11.12 19:44:51.945,1.40573,1.40597,1.56,1.25
2014.11.12 19:44:53.000,1.40573,1.40597,2.06,1.25
2014.11.12 19:44:54.928,1.40573,1.40596,2.06,1.00
2014.11.12 19:44:55.668,1.40573,1.40598,2.06,1.19
2014.11.12 19:44:56.083,1.40578,1.40598,1.56,1.50
2014.11.12 19:44:56.386,1.40575,1.40598,1.31,1.19
2014.11.12 19:44:57.363,1.40573,1.40598,1.56,1.19
2014.11.12 19:44:58.367,1.40573,1.40598,1.56,1.69
2014.11.12 19:44:59.095,1.40575,1.40597,1.56,1.00
2014.11.12 19:44:59.398,1.40579,1.40599,1.31,1.00
2014.11.12 19:44:59.500,1.4058,1.40602,1.19,1.00
2014.11.12 19:44:59.601,1.4058,1.406,1.19,1.00
2014.11.12 19:44:59.702,1.40581,1.40603,1.25,2.06
2014.11.12 19:44:59.804,1.40581,1.40603,1.31,1.50
2014.11.12 19:45:00.309,1.40583,1.40604,1.25,1.25
2014.11.12 19:45:01.282,1.40583,1.40604,1.19,1.25
2014.11.12 19:45:03.289,1.40582,1.40604,1.19,1.50
2014.11.12 19:45:04.294,1.40582,1.40604,1.19,1.50
2014.11.12 19:45:05.701,1.40581,1.40604,1.31,1.69
2014.11.12 19:45:05.802,1.4058,1.40604,1.00,2.06
2014.11.12 19:45:05.904,1.40578,1.40598,1.00,1.19
2014.11.12 19:45:06.056,1.40573,1.40594,1.00,1.00
2014.11.12 19:45:06.107,1.40571,1.40594,1.12,1.00
2014.11.12 19:45:06.615,1.40571,1.40594,1.31,1.19
2014.11.12 19:45:07.417,1.40571,1.40594,2.06,1.25
2014.11.12 19:45:08.442,1.40571,1.40594,2.06,1.19
2014.11.12 19:45:09.416,1.40572,1.40594,1.31,1.19
2014.11.12 19:45:10.719,1.40571,1.40593,1.19,1.31
2014.11.12 19:45:11.724,1.40569,1.40593,2.81,1.31
2014.11.12 19:45:13.730,1.40569,1.40593,2.81,1.25
2014.11.12 19:45:14.750,1.40569,1.40593,1.56,1.19
2014.11.12 19:45:14.851,1.40569,1.40591,1.25,1.12
2014.11.12 19:45:15.396,1.40569,1.4059,1.25,1.00
2014.11.12 19:45:16.106,1.40569,1.4059,1.19,1.62
2014.11.12 19:45:16.157,1.40568,1.40587,1.00,1.00
2014.11.12 19:45:16.411,1.40563,1.40583,1.50,1.50
2014.11.12 19:45:16.563,1.40563,1.4058,1.00,1.00
2014.11.12 19:45:17.068,1.40559,1.4058,2.06,1.00
2014.11.12 19:45:17.170,1.40567,1.40588,1.00,1.50
2014.11.12 19:45:17.220,1.40569,1.40588,1.00,1.00
2014.11.12 19:45:17.524,1.40578,1.40595,1.19,1.00
2014.11.12 19:45:17.625,1.40576,1.40595,1.50,1.00
2014.11.12 19:45:17.778,1.40574,1.40594,1.25,1.00
2014.11.12 19:45:18.759,1.40573,1.40594,1.00,1.25
2014.11.12 19:45:19.650,1.40571,1.4059,2.81,1.00
2014.11.12 19:45:19.701,1.40571,1.4059,2.81,1.00
2014.11.12 19:45:20.049,1.40571,1.40593,1.31,1.25
2014.11.12 19:45:23.974,1.40571,1.40593,1.31,1.00
2014.11.12 19:45:26.120,1.40572,1.40593,1.19,1.00
2014.11.12 19:45:26.171,1.40572,1.40595,1.56,1.00
2014.11.12 19:45:26.323,1.40573,1.40595,2.81,1.00
2014.11.12 19:45:26.374,1.40573,1.40598,4.69,1.00
2014.11.12 19:45:26.425,1.40577,1.40598,1.56,1.00
2014.11.12 19:45:26.476,1.40577,1.406,2.81,1.00
2014.11.12 19:45:26.527,1.40578,1.406,1.56,1.00
2014.11.12 19:45:26.678,1.4058,1.40603,1.31,1.25
2014.11.12 19:45:27.199,1.4058,1.40603,2.81,1.00
2014.11.12 19:45:28.194,1.40581,1.40601,1.19,1.00
2014.11.12 19:45:29.302,1.40581,1.40601,1.19,1.12
2014.11.12 19:45:31.306,1.40581,1.406,1.19,1.00
2014.11.12 19:45:32.308,1.40579,1.406,1.69,1.00
2014.11.12 19:45:33.317,1.4058,1.406,1.69,1.00
2014.11.12 19:45:34.315,1.4058,1.406,2.44,1.00
2014.11.12 19:45:35.359,1.4058,1.406,2.44,1.00
2014.11.12 19:45:36.351,1.40582,1.406,1.19,1.00
2014.11.12 19:45:37.168,1.40582,1.40601,1.19,1.50
2014.11.12 19:45:37.716,1.40582,1.40601,1.19,1.00
2014.11.12 19:45:38.331,1.40582,1.40601,1.69,1.00
2014.11.12 19:45:39.349,1.40582,1.40601,1.19,1.00
2014.11.12 19:45:40.338,1.40582,1.40601,1.19,1.00
2014.11.12 19:45:42.344,1.40582,1.40601,1.19,1.00
2014.11.12 19:45:45.352,1.40582,1.40601,1.19,1.00
2014.11.12 19:45:46.209,1.40582,1.40603,1.19,1.00
2014.11.12 19:45:46.562,1.40582,1.40603,1.19,1.37
2014.11.12 19:45:46.663,1.40581,1.40603,1.25,1.19
2014.11.12 19:45:46.865,1.40581,1.40602,1.00,1.69
2014.11.12 19:45:47.219,1.40578,1.40599,1.50,1.00
2014.11.12 19:45:51.124,1.40579,1.40601,1.31,1.19
2014.11.12 19:45:51.276,1.40579,1.40603,1.56,1.19
2014.11.12 19:45:51.794,1.40579,1.40603,1.56,1.19
2014.11.12 19:45:52.478,1.40579,1.40603,2.81,1.00
2014.11.12 19:45:53.491,1.4058,1.40603,1.56,1.00
2014.11.12 19:45:59.500,1.4058,1.40605,2.06,1.25
2014.11.12 19:46:00.503,1.40581,1.40605,1.56,1.19
2014.11.12 19:46:01.505,1.40581,1.40605,1.56,1.25
2014.11.12 19:46:06.539,1.40582,1.40605,1.31,1.25
2014.11.12 19:46:06.795,1.40584,1.40608,1.94,1.50
2014.11.12 19:46:07.099,1.40594,1.40618,1.19,1.19
2014.11.12 19:46:07.626,1.40594,1.40616,1.69,1.00
2014.11.12 19:46:08.996,1.40596,1.40617,1.56,1.00
2014.11.12 19:46:09.148,1.40597,1.40618,1.19,1.00
2014.11.12 19:46:09.603,1.40601,1.40622,1.25,1.37
2014.11.12 19:46:09.870,1.40602,1.40622,1.19,1.00
2014.11.12 19:46:10.173,1.40602,1.40624,1.19,1.25
2014.11.12 19:46:11.264,1.406,1.40623,2.44,1.00
2014.11.12 19:46:11.769,1.40603,1.40622,1.00,1.19
2014.11.12 19:46:11.922,1.40598,1.40618,1.00,1.00
2014.11.12 19:46:11.973,1.40597,1.40615,1.00,1.00
2014.11.12 19:46:12.527,1.40595,1.40615,1.19,1.12
2014.11.12 19:46:13.863,1.40591,1.40613,1.69,1.12
2014.11.12 19:46:14.169,1.40586,1.40604,1.25,1.00
2014.11.12 19:46:14.473,1.4058,1.406,1.69,1.00
2014.11.12 19:46:14.777,1.4058,1.406,1.00,1.00
2014.11.12 19:46:15.296,1.40579,1.406,1.00,1.00
2014.11.12 19:46:15.799,1.4058,1.40601,1.00,1.00
2014.11.12 19:46:16.365,1.4058,1.40602,1.00,1.00
2014.11.12 19:46:16.577,1.40581,1.40603,1.37,1.00
2014.11.12 19:46:18.796,1.40581,1.40603,1.37,1.00
2014.11.12 19:46:19.230,1.40582,1.40605,1.87,1.00
2014.11.12 19:46:22.816,1.40582,1.40605,1.12,1.00
2014.11.12 19:46:23.945,1.40581,1.40605,1.37,1.00
2014.11.12 19:46:24.401,1.40581,1.40605,1.37,1.00
2014.11.12 19:46:26.295,1.40581,1.40604,1.37,1.00
2014.11.12 19:46:26.812,1.40579,1.40604,1.94,1.25
2014.11.12 19:46:28.923,1.40579,1.40604,1.37,1.12
2014.11.12 19:46:33.770,1.40578,1.406,1.00,1.00
2014.11.12 19:46:33.922,1.40576,1.40601,2.25,1.50
2014.11.12 19:46:33.973,1.40576,1.40601,1.50,1.56
2014.11.12 19:46:34.226,1.40571,1.40595,1.62,1.00
2014.11.12 19:46:34.733,1.40571,1.40595,1.62,1.00
2014.11.12 19:46:35.264,1.40571,1.40597,2.06,2.06
2014.11.12 19:46:36.147,1.40571,1.40597,1.87,1.69
2014.11.12 19:46:36.198,1.40571,1.40597,1.87,2.06
2014.11.12 19:46:36.637,1.4058,1.40598,1.00,1.69
2014.11.12 19:46:36.688,1.4058,1.40598,1.00,1.00
2014.11.12 19:46:36.739,1.40582,1.40599,1.00,1.00
2014.11.12 19:46:36.841,1.40582,1.40605,1.00,2.62
2014.11.12 19:46:37.094,1.40582,1.40606,2.06,1.31
2014.11.12 19:46:37.358,1.40583,1.40607,1.19,1.25
2014.11.12 19:46:37.745,1.40583,1.40606,1.56,1.00
2014.11.12 19:46:38.100,1.40583,1.40606,1.56,1.00
2014.11.12 19:46:39.506,1.40584,1.40606,1.37,1.00
2014.11.12 19:46:40.009,1.40584,1.40607,1.37,1.00
2014.11.12 19:46:40.516,1.40584,1.40607,1.37,1.00
2014.11.12 19:46:40.617,1.40584,1.40607,1.00,1.00
2014.11.12 19:46:40.719,1.40583,1.40605,2.06,1.00
2014.11.12 19:46:41.023,1.40581,1.40602,1.00,1.69
2014.11.12 19:46:41.176,1.40577,1.40599,1.00,1.19
2014.11.12 19:46:41.277,1.40574,1.40598,1.50,1.25
2014.11.12 19:46:41.428,1.40574,1.40596,1.00,1.00
2014.11.12 19:46:42.124,1.40574,1.40596,1.00,1.37
2014.11.12 19:46:43.804,1.40574,1.40594,1.00,1.00
2014.11.12 19:46:43.907,1.40571,1.40593,1.00,1.31
2014.11.12 19:46:44.442,1.40571,1.40591,1.00,1.12
2014.11.12 19:46:44.979,1.40567,1.40591,1.00,1.31
2014.11.12 19:46:46.213,1.40568,1.40591,1.00,1.31
2014.11.12 19:46:47.386,1.40568,1.40591,1.19,1.31
2014.11.12 19:46:48.388,1.40568,1.40591,1.19,1.31
2014.11.12 19:46:49.391,1.40568,1.40591,1.19,1.31
2014.11.12 19:46:50.545,1.40568,1.40591,1.19,1.31
2014.11.12 19:46:51.597,1.40569,1.40591,1.25,1.31
2014.11.12 19:46:52.625,1.40569,1.40589,1.19,1.19
2014.11.12 19:46:52.827,1.40569,1.40586,1.00,1.25
2014.11.12 19:46:53.343,1.40565,1.40585,1.75,1.00
2014.11.12 19:46:53.394,1.40565,1.40587,1.75,1.69
2014.11.12 19:46:54.914,1.40563,1.40587,1.31,1.69
2014.11.12 19:46:56.955,1.40563,1.40585,1.31,1.19
2014.11.12 19:46:57.919,1.40563,1.40585,1.31,1.25
2014.11.12 19:46:58.828,1.40561,1.40584,1.50,1.19
2014.11.12 19:46:58.930,1.40561,1.40581,1.00,2.06
2014.11.12 19:46:59.234,1.40554,1.40576,2.06,1.00
2014.11.12 19:46:59.503,1.40554,1.40579,1.31,1.69
2014.11.12 19:46:59.858,1.40557,1.40579,2.06,1.50
2014.11.12 19:47:00.062,1.40558,1.40581,1.56,1.00
2014.11.12 19:47:00.568,1.40561,1.40583,1.31,1.25
2014.11.12 19:47:00.822,1.40562,1.40585,1.31,1.25
2014.11.12 19:47:01.956,1.40564,1.40585,1.19,1.00
2014.11.12 19:47:03.667,1.40562,1.40585,1.31,1.25
2014.11.12 19:47:03.769,1.40561,1.4058,1.69,1.00
2014.11.12 19:47:04.279,1.40558,1.40581,2.06,1.00
2014.11.12 19:47:04.582,1.40558,1.40579,2.06,1.00
2014.11.12 19:47:05.135,1.40558,1.40578,1.19,1.00
2014.11.12 19:47:05.590,1.40555,1.40578,1.31,1.00
2014.11.12 19:47:06.104,1.40555,1.40577,1.31,1.00
2014.11.12 19:47:07.962,1.40554,1.40577,2.06,1.50
2014.11.12 19:47:08.965,1.40554,1.40577,2.06,1.69
2014.11.12 19:47:09.300,1.40554,1.40577,1.19,1.69
2014.11.12 19:47:09.402,1.40554,1.40576,1.00,3.00
2014.11.12 19:47:09.705,1.40552,1.40561,1.00,1.00
2014.11.12 19:47:09.756,1.40542,1.40561,1.25,1.00
2014.11.12 19:47:10.413,1.4054,1.40563,1.31,2.25
2014.11.12 19:47:11.575,1.40541,1.40563,1.31,1.25
2014.11.12 19:47:12.592,1.40541,1.40563,1.31,1.00
2014.11.12 19:47:14.335,1.4054,1.40563,1.31,1.25
2014.11.12 19:47:15.106,1.40543,1.40564,1.25,1.00
2014.11.12 19:47:16.094,1.40542,1.40564,1.19,1.00
2014.11.12 19:47:17.818,1.40542,1.40564,1.00,1.25
2014.11.12 19:47:18.324,1.4054,1.40564,3.37,1.25
2014.11.12 19:47:19.475,1.4054,1.40563,2.06,1.00
2014.11.12 19:47:20.286,1.4054,1.40562,2.06,1.00
2014.11.12 19:47:20.808,1.4054,1.40562,2.81,1.00
2014.11.12 19:47:20.941,1.4054,1.40562,2.06,1.25
2014.11.12 19:47:21.042,1.40538,1.40557,2.44,1.00
2014.11.12 19:47:21.144,1.40537,1.40557,2.81,1.25
2014.11.12 19:47:21.196,1.40535,1.40557,1.25,1.69
2014.11.12 19:47:21.247,1.40535,1.40554,1.00,1.00
2014.11.12 19:47:21.297,1.40533,1.40555,1.87,1.50
2014.11.12 19:47:21.348,1.40533,1.40555,1.12,2.44
2014.11.12 19:47:21.601,1.40537,1.40558,1.00,1.25
2014.11.12 19:47:21.652,1.40538,1.40558,1.19,1.00
2014.11.12 19:47:22.254,1.40539,1.40559,1.69,1.00
2014.11.12 19:47:22.803,1.40539,1.40559,1.69,1.00
2014.11.12 19:47:23.619,1.40539,1.40559,1.69,1.00
2014.11.12 19:47:24.636,1.40539,1.40559,1.69,1.00
2014.11.12 19:47:25.624,1.40539,1.40559,2.44,1.00
2014.11.12 19:47:27.669,1.40539,1.40561,2.06,1.00
2014.11.12 19:47:28.445,1.40541,1.40561,2.06,1.00
2014.11.12 19:47:28.649,1.40541,1.40564,2.66,1.00
2014.11.12 19:47:29.055,1.40539,1.40561,1.50,1.25
2014.11.12 19:47:29.948,1.40536,1.40561,3.00,1.25
2014.11.12 19:47:30.491,1.40538,1.40561,1.25,1.25
2014.11.12 19:47:31.406,1.40538,1.40561,1.00,1.19
2014.11.12 19:47:31.710,1.40544,1.40567,1.69,1.00
2014.11.12 19:47:31.862,1.40545,1.40569,1.19,1.56
2014.11.12 19:47:31.912,1.40545,1.40569,1.31,1.56
2014.11.12 19:47:32.191,1.40547,1.4057,1.19,2.06
2014.11.12 19:47:33.178,1.40548,1.4057,1.19,2.06
2014.11.12 19:47:33.481,1.40548,1.40567,1.00,2.06
2014.11.12 19:47:33.532,1.40544,1.40567,1.25,2.06
2014.11.12 19:47:34.064,1.40541,1.40563,1.69,1.00
2014.11.12 19:47:34.489,1.40543,1.40564,1.19,1.00
2014.11.12 19:47:35.464,1.40542,1.40564,1.19,1.25
2014.11.12 19:47:35.884,1.40542,1.40561,1.00,1.00
2014.11.12 19:47:36.188,1.40535,1.40558,1.00,1.50
2014.11.12 19:47:36.239,1.40535,1.40558,1.00,1.87
2014.11.12 19:47:36.757,1.40535,1.40555,1.25,1.25
2014.11.12 19:47:37.061,1.40535,1.40555,1.00,1.19
2014.11.12 19:47:37.872,1.40535,1.40555,1.00,1.19
2014.11.12 19:47:39.607,1.40532,1.40555,1.25,1.31
2014.11.12 19:47:40.135,1.40532,1.40554,1.00,3.19
2014.11.12 19:47:44.784,1.40531,1.40552,1.00,1.19
2014.11.12 19:47:45.642,1.40529,1.40552,1.54,1.19
2014.11.12 19:47:46.393,1.40529,1.40552,1.25,1.19
2014.11.12 19:47:48.904,1.40529,1.40552,1.19,1.31
2014.11.12 19:47:49.906,1.40529,1.40552,1.19,1.31
2014.11.12 19:47:50.913,1.40529,1.40552,1.19,1.31
2014.11.12 19:47:51.959,1.40529,1.40552,1.19,1.31
2014.11.12 19:47:52.918,1.40529,1.40552,1.19,1.31
2014.11.12 19:47:54.923,1.40529,1.40552,1.19,1.31
2014.11.12 19:47:56.960,1.40529,1.40552,1.19,1.31
2014.11.12 19:47:59.537,1.40528,1.40551,1.19,1.31
2014.11.12 19:48:01.567,1.40528,1.40551,1.19,1.31
2014.11.12 19:48:03.546,1.40528,1.40552,1.19,1.56
2014.11.12 19:48:04.983,1.40531,1.40552,1.49,1.25
2014.11.12 19:48:05.287,1.40533,1.40555,1.91,1.00
2014.11.12 19:48:05.988,1.40534,1.40557,1.19,1.19
2014.11.12 19:48:06.560,1.40534,1.40557,1.69,1.31
2014.11.12 19:48:07.386,1.40534,1.40557,1.25,2.44
2014.11.12 19:48:07.538,1.4053,1.40553,1.00,1.37
2014.11.12 19:48:07.589,1.4053,1.40549,1.19,1.00
2014.11.12 19:48:07.892,1.4053,1.40547,1.00,1.00
2014.11.12 19:48:08.044,1.40528,1.40549,1.19,1.00
2014.11.12 19:48:08.668,1.40529,1.40549,1.19,1.00
2014.11.12 19:48:10.343,1.40529,1.40551,1.19,1.12
2014.11.12 19:48:11.419,1.40528,1.40551,1.19,1.37
2014.11.12 19:48:11.723,1.40527,1.40546,1.00,1.00
2014.11.12 19:48:12.612,1.40524,1.40546,1.19,1.00
2014.11.12 19:48:13.715,1.40524,1.40546,1.31,1.25
2014.11.12 19:48:15.543,1.40525,1.40546,1.16,1.00
2014.11.12 19:48:15.846,1.40527,1.40549,1.19,1.00
2014.11.12 19:48:16.597,1.40526,1.40549,2.06,1.00
2014.11.12 19:48:18.604,1.40526,1.40549,2.81,1.25
2014.11.12 19:48:19.607,1.40528,1.40549,1.19,1.00
2014.11.12 19:48:21.655,1.40527,1.40549,1.19,1.12
2014.11.12 19:48:25.625,1.40527,1.40549,1.31,1.00
2014.11.12 19:48:26.627,1.40526,1.40549,3.56,1.00
2014.11.12 19:48:31.038,1.40528,1.40549,1.19,1.00
2014.11.12 19:48:32.041,1.40527,1.40549,1.31,1.00
2014.11.12 19:48:39.061,1.40526,1.4055,1.56,1.19
2014.11.12 19:48:39.264,1.40534,1.40554,1.12,1.00
2014.11.12 19:48:39.365,1.40534,1.40556,1.31,1.00
2014.11.12 19:48:39.673,1.40534,1.40556,2.81,1.00
2014.11.12 19:48:39.926,1.40534,1.4056,3.56,1.31
2014.11.12 19:48:41.268,1.40536,1.4056,1.31,1.31
2014.11.12 19:48:42.271,1.40536,1.4056,1.31,1.31
2014.11.12 19:48:43.274,1.40536,1.4056,1.31,1.31
2014.11.12 19:48:45.279,1.40536,1.4056,1.56,1.25
2014.11.12 19:48:46.283,1.40536,1.4056,1.56,1.00
2014.11.12 19:48:46.587,1.40543,1.40562,1.00,1.69
2014.11.12 19:48:47.285,1.40543,1.40562,1.00,1.69
2014.11.12 19:48:49.290,1.40543,1.40562,1.00,2.44
2014.11.12 19:48:53.203,1.40538,1.40562,1.69,2.81
2014.11.12 19:48:53.715,1.40538,1.4056,1.25,1.00
2014.11.12 19:48:55.122,1.40538,1.4056,1.50,1.25
2014.11.12 19:48:57.112,1.40538,1.4056,1.19,1.00
2014.11.12 19:48:58.115,1.40538,1.4056,1.19,1.00
2014.11.12 19:48:59.117,1.40538,1.4056,1.19,1.25
2014.11.12 19:49:01.124,1.40538,1.40562,1.19,2.81
2014.11.12 19:49:03.702,1.40536,1.40559,2.62,1.00
2014.11.12 19:49:07.185,1.40537,1.4056,1.31,1.19
2014.11.12 19:49:08.146,1.40537,1.4056,1.31,1.19
2014.11.12 19:49:11.598,1.40537,1.4056,1.19,1.19
2014.11.12 19:49:12.559,1.40536,1.4056,2.06,1.25
2014.11.12 19:49:13.589,1.40536,1.4056,1.31,1.00
2014.11.12 19:49:14.565,1.40536,1.4056,2.06,1.19
2014.11.12 19:49:15.209,1.40537,1.4056,1.19,1.25
2014.11.12 19:49:16.169,1.40538,1.4056,1.19,1.19
2014.11.12 19:49:17.222,1.40537,1.4056,1.19,1.19
2014.11.12 19:49:18.174,1.40538,1.4056,1.19,1.19
2014.11.12 19:49:19.196,1.40537,1.4056,1.19,1.19
2014.11.12 19:49:20.212,1.40536,1.4056,2.06,1.19
2014.11.12 19:49:21.331,1.40537,1.4056,1.19,1.25
2014.11.12 19:49:29.316,1.40538,1.4056,1.56,1.00
2014.11.12 19:49:29.518,1.40541,1.40564,1.31,1.19
2014.11.12 19:49:29.923,1.4054,1.40563,1.69,1.19
2014.11.12 19:49:30.126,1.4054,1.40563,1.25,2.06
2014.11.12 19:49:31.123,1.4054,1.40563,1.25,2.06
2014.11.12 19:49:32.119,1.4054,1.40563,1.19,2.06
2014.11.12 19:49:35.126,1.40539,1.40563,1.19,2.06
2014.11.12 19:49:35.718,1.40541,1.40563,1.00,1.69
2014.11.12 19:49:36.230,1.4054,1.40563,1.12,1.69
2014.11.12 19:49:38.096,1.40539,1.40561,1.25,1.31
2014.11.12 19:49:38.609,1.4054,1.40561,1.25,1.31
2014.11.12 19:49:39.341,1.4054,1.40561,1.25,1.12
2014.11.12 19:49:40.383,1.4054,1.40561,1.19,1.19
2014.11.12 19:49:40.851,1.4054,1.4056,1.00,1.31
2014.11.12 19:49:41.154,1.40536,1.40552,1.00,1.25
2014.11.12 19:49:41.256,1.40532,1.40552,1.19,1.25
2014.11.12 19:49:41.408,1.40532,1.4055,1.19,1.00
2014.11.12 19:49:41.509,1.40529,1.40549,1.19,1.00
2014.11.12 19:49:42.254,1.40529,1.40549,1.19,1.00
2014.11.12 19:49:43.264,1.4053,1.40549,1.25,1.00
2014.11.12 19:49:43.770,1.40531,1.40549,1.00,1.00
2014.11.12 19:49:47.370,1.40529,1.40549,1.19,1.25
2014.11.12 19:49:50.379,1.40529,1.40549,1.19,1.25
2014.11.12 19:49:51.683,1.40529,1.40551,1.19,1.00
2014.11.12 19:49:52.337,1.4053,1.40549,1.19,1.00
2014.11.12 19:49:52.877,1.4053,1.40549,1.25,1.00
2014.11.12 19:49:53.690,1.4053,1.40549,1.19,1.00
2014.11.12 19:49:54.718,1.4053,1.40549,1.25,1.00
2014.11.12 19:49:55.720,1.40529,1.40549,1.00,1.69
2014.11.12 19:49:56.271,1.40525,1.40549,1.56,1.69
2014.11.12 19:49:59.725,1.40525,1.40549,2.06,1.50
2014.11.12 19:50:00.258,1.40525,1.40549,2.44,1.50
2014.11.12 19:50:02.225,1.40529,1.40549,1.19,1.12
2014.11.12 19:50:02.327,1.40528,1.4055,2.06,1.00
2014.11.12 19:50:02.429,1.40531,1.40554,1.00,1.50
2014.11.12 19:50:02.530,1.40532,1.40552,1.19,1.00
2014.11.12 19:50:02.990,1.40531,1.4055,1.19,1.00
2014.11.12 19:50:03.041,1.40527,1.4055,1.75,1.00
2014.11.12 19:50:03.092,1.40526,1.40548,2.25,1.50
2014.11.12 19:50:03.396,1.40524,1.40545,1.87,1.00
2014.11.12 19:50:04.054,1.40525,1.40545,1.00,1.12
2014.11.12 19:50:04.156,1.40525,1.40541,1.00,1.37
2014.11.12 19:50:04.207,1.40519,1.40539,1.50,1.12
2014.11.12 19:50:04.410,1.40516,1.40539,1.19,1.37
2014.11.12 19:50:05.874,1.40516,1.40538,1.19,1.31
2014.11.12 19:50:06.842,1.40515,1.40538,1.19,2.06
2014.11.12 19:50:07.954,1.40515,1.40538,1.19,1.87
2014.11.12 19:50:08.056,1.40515,1.40538,2.44,2.06
2014.11.12 19:50:08.848,1.40515,1.40538,2.44,1.31
2014.11.12 19:50:09.850,1.40517,1.40538,1.19,1.12
2014.11.12 19:50:10.953,1.40517,1.40538,1.19,1.31
2014.11.12 19:50:11.975,1.40517,1.40538,1.19,1.31
2014.11.12 19:50:12.650,1.40518,1.40539,1.19,2.06
2014.11.12 19:50:12.751,1.40516,1.40535,1.00,1.12
2014.11.12 19:50:12.802,1.40516,1.40532,1.00,1.56
2014.11.12 19:50:12.904,1.40513,1.40529,1.00,1.25
2014.11.12 19:50:12.955,1.40511,1.40529,1.25,1.25
2014.11.12 19:50:13.107,1.40508,1.40531,2.06,1.25
2014.11.12 19:50:13.513,1.4051,1.40536,1.31,1.31
2014.11.12 19:50:14.495,1.40512,1.40537,1.19,2.06
2014.11.12 19:50:15.482,1.40512,1.40537,1.25,2.06
2014.11.12 19:50:16.442,1.40512,1.40537,1.19,2.06
2014.11.12 19:50:16.827,1.40516,1.40539,1.00,2.06
2014.11.12 19:50:16.979,1.40514,1.40538,1.50,1.19
2014.11.12 19:50:17.590,1.40514,1.40539,1.00,2.06
2014.11.12 19:50:17.641,1.40514,1.40535,1.00,1.00
2014.11.12 19:50:17.945,1.40509,1.40531,1.56,1.00
2014.11.12 19:50:17.997,1.40509,1.40535,2.06,2.06
2014.11.12 19:50:18.350,1.40511,1.40537,2.06,2.62
2014.11.12 19:50:19.351,1.40511,1.40537,2.06,1.87
2014.11.12 19:50:20.354,1.40511,1.40537,2.06,1.62
2014.11.12 19:50:20.662,1.40514,1.40537,1.56,1.00
2014.11.12 19:50:20.712,1.40516,1.40541,2.06,3.75
2014.11.12 19:50:20.763,1.40518,1.40541,1.31,3.00
2014.11.12 19:50:21.016,1.40519,1.40543,1.56,1.25
2014.11.12 19:50:21.920,1.40521,1.40543,1.00,1.25
2014.11.12 19:50:22.566,1.40522,1.40545,1.25,1.25
2014.11.12 19:50:23.396,1.40521,1.40547,2.44,1.56
2014.11.12 19:50:23.630,1.40521,1.40542,1.69,1.12
2014.11.12 19:50:23.883,1.40518,1.4054,1.25,1.31
2014.11.12 19:50:23.985,1.40519,1.40542,1.31,1.19
2014.11.12 19:50:24.137,1.40519,1.40543,1.31,1.25
2014.11.12 19:50:24.816,1.40519,1.40545,2.06,3.00
2014.11.12 19:50:25.388,1.40521,1.40545,1.56,1.69
2014.11.12 19:50:26.378,1.40522,1.40545,1.31,1.69
2014.11.12 19:50:27.381,1.40521,1.40546,1.56,1.31
2014.11.12 19:50:28.384,1.40522,1.40546,1.31,1.31
2014.11.12 19:50:30.736,1.40523,1.40547,1.31,1.31
2014.11.12 19:50:31.697,1.40523,1.40547,1.25,1.56
2014.11.12 19:50:32.733,1.40523,1.40547,1.19,2.06
2014.11.12 19:50:39.814,1.40523,1.40546,1.19,1.56
2014.11.12 19:50:40.817,1.40523,1.40547,1.19,2.06
2014.11.12 19:50:42.824,1.40523,1.40547,1.19,2.81
2014.11.12 19:50:45.453,1.40522,1.40547,1.69,2.06
2014.11.12 19:50:46.348,1.40522,1.40547,2.29,1.87
2014.11.12 19:50:46.399,1.40522,1.40547,2.66,1.50
2014.11.12 19:50:46.450,1.40529,1.40547,1.00,1.00
2014.11.12 19:50:46.602,1.40529,1.40552,2.66,1.50
2014.11.12 19:50:46.754,1.40529,1.40554,2.81,1.25
2014.11.12 19:50:47.472,1.4053,1.40554,1.12,1.12
2014.11.12 19:50:47.575,1.40533,1.40555,1.31,1.69
2014.11.12 19:50:50.885,1.40531,1.40556,3.56,1.25
2014.11.12 19:50:51.189,1.40535,1.40558,1.31,1.25
2014.11.12 19:50:51.493,1.40541,1.40562,1.31,1.00
2014.11.12 19:50:52.001,1.40544,1.40567,1.00,1.69
2014.11.12 19:50:52.506,1.40542,1.40565,1.69,1.19
2014.11.12 19:50:54.373,1.40542,1.40565,2.06,1.00
2014.11.12 19:50:55.376,1.40542,1.40565,1.31,1.19
2014.11.12 19:50:56.781,1.40542,1.40565,1.87,1.69
2014.11.12 19:50:56.882,1.40542,1.40564,1.19,1.31
2014.11.12 19:50:57.417,1.4054,1.40564,2.06,1.00
2014.11.12 19:50:58.062,1.4054,1.40561,2.06,1.00
2014.11.12 19:50:58.265,1.40542,1.40564,1.00,1.19
2014.11.12 19:50:59.089,1.40542,1.40564,1.31,1.00
2014.11.12 19:50:59.598,1.40542,1.40564,1.56,1.00
2014.11.12 19:51:00.152,1.40543,1.40567,2.06,1.19
2014.11.12 19:51:01.444,1.40543,1.40567,2.06,1.19
2014.11.12 19:51:03.404,1.40543,1.40567,2.06,1.19
2014.11.12 19:51:05.415,1.40543,1.40567,2.06,1.19
2014.11.12 19:51:06.414,1.40543,1.40567,2.06,1.19
2014.11.12 19:51:07.437,1.40543,1.40567,2.06,1.25
2014.11.12 19:51:08.420,1.40543,1.40567,2.06,1.19
2014.11.12 19:51:09.423,1.40543,1.40567,2.06,1.19
2014.11.12 19:51:10.428,1.40543,1.40567,2.06,1.19
2014.11.12 19:51:11.430,1.40543,1.40567,2.81,1.19
2014.11.12 19:51:12.433,1.40543,1.40567,2.06,1.25
2014.11.12 19:51:13.442,1.40543,1.40567,2.06,1.19
2014.11.12 19:51:14.438,1.40544,1.40567,1.56,1.25
2014.11.12 19:51:15.883,1.40546,1.40568,1.00,1.19
2014.11.12 19:51:16.448,1.40543,1.40568,4.31,1.25
2014.11.12 19:51:19.458,1.40544,1.40568,1.56,1.19
2014.11.12 19:51:20.500,1.40543,1.40568,2.81,1.19
2014.11.12 19:51:21.466,1.40543,1.40568,3.56,1.19
2014.11.12 19:51:22.470,1.40543,1.40568,3.56,1.19
2014.11.12 19:51:24.479,1.40543,1.40568,2.81,1.19
2014.11.12 19:51:25.496,1.40543,1.40568,2.06,1.56
2014.11.12 19:51:26.575,1.40541,1.40567,2.44,2.81
2014.11.12 19:51:26.626,1.40541,1.40567,1.50,2.81
2014.11.12 19:51:26.727,1.40541,1.40566,2.81,1.56
2014.11.12 19:51:27.031,1.40538,1.40562,1.12,1.19
2014.11.12 19:51:27.336,1.4054,1.40563,1.00,1.00
2014.11.12 19:51:27.387,1.4054,1.40561,1.00,1.00
2014.11.12 19:51:27.692,1.40544,1.40567,2.44,1.00
2014.11.12 19:51:27.844,1.40544,1.40569,2.44,1.00
2014.11.12 19:51:28.349,1.40548,1.4057,1.25,1.00
2014.11.12 19:51:28.501,1.40548,1.40571,1.56,1.00
2014.11.12 19:51:28.552,1.40548,1.40573,2.06,1.25
2014.11.12 19:51:29.058,1.40548,1.40573,2.81,1.25
2014.11.12 19:51:29.310,1.40548,1.40571,1.56,1.00
2014.11.12 19:51:29.614,1.40547,1.40574,2.06,2.06
2014.11.12 19:51:31.811,1.40549,1.40574,1.19,2.06
2014.11.12 19:51:32.317,1.40548,1.40574,1.56,2.06
2014.11.12 19:51:32.822,1.40548,1.40574,1.56,2.06
2014.11.12 19:51:34.532,1.40547,1.40571,2.06,1.00
2014.11.12 19:51:35.518,1.40546,1.40571,2.06,1.25
2014.11.12 19:51:37.525,1.40547,1.40571,1.56,1.25
2014.11.12 19:51:41.536,1.40547,1.40571,1.56,1.19
2014.11.12 19:51:42.462,1.40549,1.40574,1.31,2.06
2014.11.12 19:51:43.463,1.40548,1.40574,2.06,2.06
2014.11.12 19:51:44.080,1.40548,1.40574,1.50,1.87
2014.11.12 19:51:44.132,1.40548,1.4057,1.00,1.00
2014.11.12 19:51:44.335,1.40543,1.40568,1.50,1.56
2014.11.12 19:51:44.386,1.40543,1.40568,1.87,1.19
2014.11.12 19:51:44.589,1.40548,1.40572,1.56,2.25
2014.11.12 19:51:44.690,1.40551,1.40572,1.19,2.25
2014.11.12 19:51:44.996,1.40554,1.40572,1.00,1.00
2014.11.12 19:51:45.047,1.40554,1.40576,1.00,1.56
2014.11.12 19:51:45.151,1.40554,1.40576,1.00,1.00
2014.11.12 19:51:46.312,1.40554,1.40576,1.00,1.62
2014.11.12 19:51:47.285,1.40554,1.40576,1.00,1.62
2014.11.12 19:51:47.589,1.40551,1.40573,1.19,1.87
2014.11.12 19:51:47.691,1.40551,1.40573,1.00,1.87
2014.11.12 19:51:49.222,1.40551,1.40573,1.25,1.87
2014.11.12 19:51:49.373,1.40551,1.40574,1.19,1.62
2014.11.12 19:51:49.780,1.4055,1.40571,1.19,1.00
2014.11.12 19:51:50.483,1.40548,1.4057,1.19,1.25
2014.11.12 19:51:50.636,1.40548,1.4057,1.19,1.62
2014.11.12 19:51:51.407,1.40548,1.4057,1.19,1.25
2014.11.12 19:51:52.682,1.40548,1.4057,1.19,1.00
2014.11.12 19:51:53.685,1.40548,1.4057,1.69,1.00
2014.11.12 19:51:54.731,1.40548,1.4057,1.19,1.25
2014.11.12 19:51:56.024,1.40548,1.4057,1.19,1.62
2014.11.12 19:51:56.126,1.40547,1.40567,1.00,1.37
2014.11.12 19:51:56.328,1.40544,1.40564,1.19,1.00
2014.11.12 19:51:56.429,1.40543,1.40563,1.19,1.12
2014.11.12 19:51:56.530,1.40541,1.40562,1.19,1.12
2014.11.12 19:51:57.055,1.4054,1.40561,1.19,1.00
2014.11.12 19:51:57.748,1.4054,1.40561,1.25,1.00
2014.11.12 19:51:58.666,1.40541,1.40561,1.00,1.00
2014.11.12 19:51:59.334,1.40541,1.40558,1.00,1.00
2014.11.12 19:51:59.385,1.40537,1.40557,1.00,1.37
2014.11.12 19:51:59.588,1.40531,1.40553,1.69,1.00
2014.11.12 19:51:59.791,1.40529,1.4055,1.19,1.00
2014.11.12 19:51:59.943,1.40527,1.4055,1.87,1.00
2014.11.12 19:52:00.448,1.4053,1.4055,1.00,1.00
2014.11.12 19:52:00.600,1.4053,1.40552,1.50,1.25
2014.11.12 19:52:01.772,1.40531,1.40554,1.62,1.00
2014.11.12 19:52:01.893,1.40537,1.40557,1.00,1.25
2014.11.12 19:52:02.096,1.40537,1.40559,1.12,1.00
2014.11.12 19:52:02.248,1.40537,1.40559,1.31,1.00
2014.11.12 19:52:03.261,1.40537,1.40559,1.31,1.00
2014.11.12 19:52:05.289,1.40539,1.40561,1.69,1.25
2014.11.12 19:52:05.748,1.4054,1.40561,1.19,1.00
2014.11.12 19:52:06.549,1.4054,1.40561,1.25,1.25
2014.11.12 19:52:06.875,1.4054,1.40559,1.25,1.00
2014.11.12 19:52:08.419,1.40539,1.40559,1.00,1.00
2014.11.12 19:52:09.040,1.40538,1.40559,1.00,1.00
2014.11.12 19:52:09.344,1.40536,1.40556,1.00,1.62
2014.11.12 19:52:09.446,1.40533,1.40556,1.25,1.62
2014.11.12 19:52:09.548,1.40531,1.40554,1.00,1.56
2014.11.12 19:52:09.902,1.40529,1.40553,3.79,1.00
2014.11.12 19:52:10.004,1.40535,1.40557,1.00,1.50
2014.11.12 19:52:10.225,1.40533,1.40555,1.69,1.00
2014.11.12 19:52:10.427,1.4053,1.40553,1.69,1.00
2014.11.12 19:52:11.372,1.40529,1.40553,1.54,1.00
2014.11.12 19:52:12.205,1.40529,1.40553,1.05,1.37
2014.11.12 19:52:12.532,1.40528,1.40553,2.66,1.62
2014.11.12 19:52:12.835,1.40534,1.40555,1.25,1.25
2014.11.12 19:52:14.132,1.40532,1.40555,1.19,1.62
2014.11.12 19:52:14.183,1.40532,1.40553,1.25,1.62
2014.11.12 19:52:14.335,1.40531,1.4055,1.19,1.00
2014.11.12 19:52:14.840,1.40528,1.4055,1.69,1.12
2014.11.12 19:52:15.487,1.40529,1.4055,1.19,1.00
2014.11.12 19:52:16.112,1.40533,1.40555,1.19,1.69
2014.11.12 19:52:16.415,1.40535,1.40555,1.00,1.31
2014.11.12 19:52:16.466,1.40533,1.40555,1.25,1.56
2014.11.12 19:52:17.542,1.4053,1.40553,2.44,1.62
2014.11.12 19:52:17.846,1.4053,1.40553,1.69,1.12
2014.11.12 19:52:20.429,1.40531,1.40553,1.00,1.31
2014.11.12 19:52:20.480,1.40531,1.40553,1.00,1.56
2014.11.12 19:52:20.531,1.40528,1.40548,1.19,1.00
2014.11.12 19:52:21.507,1.40529,1.40548,1.19,1.00
2014.11.12 19:52:23.427,1.40528,1.40548,1.19,1.00
2014.11.12 19:52:23.528,1.40532,1.40553,1.31,1.00
2014.11.12 19:52:23.630,1.40532,1.40555,2.06,1.50
2014.11.12 19:52:23.933,1.40538,1.40555,1.19,1.00
2014.11.12 19:52:24.035,1.40538,1.40557,1.19,1.00
2014.11.12 19:52:26.843,1.40539,1.40554,1.25,1.00
2014.11.12 19:52:28.479,1.40538,1.40554,1.00,1.00
2014.11.12 19:52:28.580,1.40535,1.40554,1.25,1.00
2014.11.12 19:52:28.631,1.40535,1.40552,1.25,1.00
2014.11.12 19:52:29.421,1.40533,1.40551,1.19,1.00
2014.11.12 19:52:29.641,1.40533,1.4055,1.00,1.00
2014.11.12 19:52:30.227,1.40531,1.4055,1.19,1.00
2014.11.12 19:52:31.696,1.40531,1.4055,1.00,1.00
2014.11.12 19:52:31.899,1.40529,1.4055,1.25,1.00
2014.11.12 19:52:32.051,1.40526,1.40548,2.06,1.00
2014.11.12 19:52:32.153,1.40525,1.40546,1.37,1.00
2014.11.12 19:52:32.406,1.40524,1.40547,1.50,1.12
2014.11.12 19:52:32.457,1.40522,1.40543,2.06,1.00
2014.11.12 19:52:32.659,1.40519,1.40542,2.81,1.50
2014.11.12 19:52:32.760,1.4052,1.40539,1.00,1.00
2014.11.12 19:52:33.265,1.40519,1.40539,1.25,1.00
2014.11.12 19:52:33.969,1.40517,1.40539,1.12,1.00
2014.11.12 19:52:34.958,1.40515,1.40539,1.31,1.12
2014.11.12 19:52:35.525,1.40515,1.40537,1.19,1.00
2014.11.12 19:52:36.031,1.40515,1.40537,1.56,1.00
2014.11.12 19:52:37.010,1.40515,1.40537,1.56,1.00
2014.11.12 19:52:37.453,1.40515,1.4054,1.56,1.25
2014.11.12 19:52:37.968,1.40515,1.4054,2.06,1.00
2014.11.12 19:52:39.463,1.40518,1.40541,1.56,1.25
2014.11.12 19:52:39.514,1.40518,1.40544,2.06,2.25
2014.11.12 19:52:39.565,1.40519,1.40542,1.16,1.00
2014.11.12 19:52:39.667,1.4052,1.40544,1.56,1.50
2014.11.12 19:52:41.022,1.40523,1.40544,1.31,1.00
2014.11.12 19:52:42.512,1.40523,1.40544,1.12,1.00
2014.11.12 19:52:42.715,1.40521,1.40543,1.00,1.19
2014.11.12 19:52:42.917,1.40518,1.4054,1.69,1.87
2014.11.12 19:52:42.968,1.40518,1.40538,1.69,1.00
2014.11.12 19:52:43.322,1.40516,1.4054,2.06,1.00
2014.11.12 19:52:43.868,1.40516,1.40541,2.44,1.25
2014.11.12 19:52:44.441,1.40516,1.4054,2.06,1.00
2014.11.12 19:52:44.745,1.40519,1.40543,1.56,1.25
2014.11.12 19:52:44.896,1.4052,1.40541,1.19,1.00
2014.11.12 19:52:45.201,1.40521,1.40543,1.56,1.50
2014.11.12 19:52:45.504,1.40523,1.40536,1.00,1.69
2014.11.12 19:52:45.555,1.4052,1.40536,1.00,1.19
2014.11.12 19:52:45.657,1.40514,1.40531,1.00,1.00
2014.11.12 19:52:45.708,1.40514,1.40528,1.00,1.00
2014.11.12 19:52:45.759,1.40508,1.40528,1.00,1.00
2014.11.12 19:52:45.810,1.40506,1.40523,1.19,1.00
2014.11.12 19:52:45.961,1.40506,1.40525,1.19,1.00
2014.11.12 19:52:47.010,1.40505,1.40525,1.25,1.00
2014.11.12 19:52:48.013,1.40505,1.40525,1.19,1.00
2014.11.12 19:52:49.066,1.40505,1.40525,2.06,1.00
2014.11.12 19:52:50.227,1.40505,1.40527,2.06,1.50
2014.11.12 19:52:51.024,1.40505,1.40527,2.06,1.00
2014.11.12 19:52:51.662,1.40505,1.40528,2.06,1.00
2014.11.12 19:52:53.406,1.40508,1.40528,1.56,1.00
2014.11.12 19:52:53.457,1.40508,1.4053,2.06,1.00
2014.11.12 19:52:53.558,1.40508,1.40533,1.69,1.50
2014.11.12 19:52:53.660,1.40513,1.40534,1.19,1.00
2014.11.12 19:52:53.964,1.40513,1.40536,1.69,1.00
2014.11.12 19:52:55.162,1.40514,1.40536,1.31,1.00
2014.11.12 19:53:00.970,1.40516,1.40537,1.31,1.00
2014.11.12 19:53:01.726,1.40516,1.40538,1.31,1.00
2014.11.12 19:53:02.550,1.40516,1.40536,1.19,1.00
2014.11.12 19:53:05.076,1.40516,1.40536,1.56,1.00
2014.11.12 19:53:07.844,1.40516,1.40537,1.56,1.00
2014.11.12 19:53:08.920,1.40516,1.40538,1.56,1.00
2014.11.12 19:53:10.343,1.40518,1.40538,1.94,1.00
2014.11.12 19:53:10.446,1.40522,1.40544,1.37,1.50
2014.11.12 19:53:10.599,1.40523,1.40544,1.56,1.00
2014.11.12 19:53:10.752,1.40525,1.40548,1.56,1.25
2014.11.12 19:53:10.853,1.40525,1.40548,1.00,1.56
2014.11.12 19:53:11.107,1.4052,1.40543,1.19,1.00
2014.11.12 19:53:11.309,1.40522,1.40546,1.69,1.00
2014.11.12 19:53:12.546,1.40522,1.40547,1.00,1.00
2014.11.12 19:53:12.596,1.40526,1.40547,1.60,1.00
2014.11.12 19:53:12.900,1.4053,1.40551,1.19,1.00
2014.11.12 19:53:12.951,1.40527,1.40551,1.69,1.00
2014.11.12 19:53:13.052,1.4053,1.40552,1.19,1.00
2014.11.12 19:53:13.103,1.4053,1.40554,1.69,1.50
2014.11.12 19:53:13.507,1.40531,1.40556,1.19,1.25
2014.11.12 19:53:14.033,1.4053,1.40555,2.44,1.00
2014.11.12 19:53:15.465,1.40531,1.40558,1.56,1.69
2014.11.12 19:53:15.975,1.40531,1.40558,2.06,1.69
2014.11.12 19:53:16.543,1.40529,1.40558,3.37,2.06
2014.11.12 19:53:16.594,1.40529,1.40557,3.00,1.62
2014.11.12 19:53:16.798,1.40529,1.40557,2.06,1.31
2014.11.12 19:53:17.630,1.40529,1.40557,2.62,2.06
2014.11.12 19:53:18.661,1.40531,1.40557,1.31,1.19
2014.11.12 19:53:21.620,1.40531,1.40553,1.31,1.00
2014.11.12 19:53:27.160,1.40531,1.40553,1.31,1.00
2014.11.12 19:53:28.176,1.40531,1.40553,1.31,1.00
2014.11.12 19:53:31.757,1.40531,1.40556,1.31,2.06
2014.11.12 19:53:32.192,1.40531,1.40556,1.31,1.31
2014.11.12 19:53:32.728,1.40531,1.40556,1.19,1.62
2014.11.12 19:53:33.497,1.4053,1.40556,2.81,1.19
2014.11.12 19:53:33.991,1.4053,1.4055,1.56,1.00
2014.11.12 19:53:34.092,1.40528,1.40549,1.00,1.19
2014.11.12 19:53:34.396,1.40524,1.40548,2.06,1.69
2014.11.12 19:53:34.938,1.40522,1.40547,2.81,1.00
2014.11.12 19:53:35.466,1.40522,1.40547,2.06,1.00
2014.11.12 19:53:36.193,1.40522,1.40547,1.31,1.31
2014.11.12 19:53:36.714,1.40521,1.40545,1.19,1.12
2014.11.12 19:53:38.304,1.40521,1.40545,2.06,1.00
2014.11.12 19:53:40.210,1.4052,1.40545,2.81,1.00
2014.11.12 19:53:40.929,1.4052,1.40546,2.81,1.50
2014.11.12 19:53:41.430,1.4052,1.40545,1.31,1.87
2014.11.12 19:53:41.998,1.40522,1.40546,1.31,1.25
2014.11.12 19:53:42.520,1.40522,1.40546,1.31,1.25
2014.11.12 19:53:43.275,1.40522,1.40546,1.31,1.19
2014.11.12 19:53:45.227,1.40522,1.40546,1.31,1.19
2014.11.12 19:53:46.231,1.40522,1.40546,1.19,1.31
2014.11.12 19:53:47.271,1.40522,1.40546,1.19,1.31
2014.11.12 19:53:48.248,1.40521,1.40542,1.00,1.19
2014.11.12 19:53:48.450,1.40518,1.40538,1.00,1.19
2014.11.12 19:53:48.552,1.40512,1.40537,2.06,1.25
2014.11.12 19:53:50.247,1.40514,1.40537,1.56,1.00
2014.11.12 19:53:52.978,1.40517,1.40537,1.56,1.00
2014.11.12 19:53:53.030,1.40517,1.40539,1.56,1.00
2014.11.12 19:53:53.081,1.4052,1.40539,1.56,1.00
2014.11.12 19:53:53.134,1.40521,1.40541,1.56,1.00
2014.11.12 19:53:53.338,1.40521,1.40545,1.56,1.25
2014.11.12 19:53:53.859,1.40523,1.40545,3.41,1.00
2014.11.12 19:53:54.400,1.40525,1.40545,1.19,1.00
2014.11.12 19:53:56.370,1.40525,1.40545,1.69,1.00
2014.11.12 19:54:05.398,1.40525,1.40545,1.19,1.00
2014.11.12 19:54:07.504,1.40525,1.40545,1.19,1.00
2014.11.12 19:54:09.412,1.40526,1.40545,1.19,1.00
2014.11.12 19:54:12.522,1.40526,1.40545,1.19,1.00
2014.11.12 19:54:13.525,1.40526,1.40545,1.19,1.00
2014.11.12 19:54:14.470,1.40525,1.40544,1.69,1.00
2014.11.12 19:54:14.528,1.40525,1.40544,1.50,1.00
2014.11.12 19:54:14.700,1.40522,1.40544,2.06,1.00
2014.11.12 19:54:15.240,1.40522,1.40546,2.06,1.19
2014.11.12 19:54:16.366,1.40523,1.40546,1.25,1.25
2014.11.12 19:54:18.945,1.40523,1.40546,1.19,1.25
2014.11.12 19:54:21.946,1.40523,1.40546,1.19,1.19
2014.11.12 19:54:25.100,1.40523,1.40546,1.31,1.19
2014.11.12 19:54:26.570,1.40522,1.40546,1.31,1.19
2014.11.12 19:54:30.582,1.40523,1.40546,1.19,1.19
2014.11.12 19:54:30.928,1.40523,1.40546,1.19,1.56
2014.11.12 19:54:30.979,1.40523,1.40546,1.00,1.56
2014.11.12 19:54:31.031,1.40523,1.40542,1.00,1.37
2014.11.12 19:54:31.234,1.40515,1.40538,1.31,1.19
2014.11.12 19:54:31.752,1.40516,1.4054,1.19,1.19
2014.11.12 19:54:32.521,1.40516,1.4054,2.06,1.19
2014.11.12 19:54:34.308,1.40518,1.4054,1.54,1.00
2014.11.12 19:54:34.662,1.40519,1.4054,1.56,1.00
2014.11.12 19:54:34.814,1.40525,1.40546,1.00,1.00
2014.11.12 19:54:35.321,1.40524,1.40549,2.06,1.00
2014.11.12 19:54:35.422,1.40526,1.40551,1.31,1.31
2014.11.12 19:54:35.805,1.40525,1.40549,2.06,1.00
2014.11.12 19:54:36.319,1.40524,1.40549,2.81,1.00
2014.11.12 19:54:37.328,1.40524,1.40549,2.06,1.00
2014.11.12 19:54:38.300,1.40524,1.40549,2.06,1.12
2014.11.12 19:54:41.309,1.40524,1.40549,2.06,1.00
2014.11.12 19:54:42.401,1.40525,1.4055,1.56,1.69
2014.11.12 19:54:43.323,1.40526,1.4055,1.56,1.25
2014.11.12 19:54:44.319,1.40525,1.4055,2.81,1.25
2014.11.12 19:54:46.425,1.40525,1.4055,1.31,2.06
2014.11.12 19:54:52.445,1.40524,1.40549,2.06,1.31
2014.11.12 19:54:54.470,1.40524,1.40549,2.06,1.25
2014.11.12 19:54:54.916,1.40527,1.4055,2.29,1.00
2014.11.12 19:54:54.967,1.40532,1.40553,1.56,1.00
2014.11.12 19:54:55.068,1.40534,1.40556,1.25,3.00
2014.11.12 19:54:55.577,1.40534,1.40557,1.31,1.00
2014.11.12 19:54:57.964,1.40534,1.40557,1.31,1.25
2014.11.12 19:54:58.511,1.40534,1.40557,1.31,1.00
2014.11.12 19:55:00.432,1.40533,1.40557,1.56,1.00
2014.11.12 19:55:00.584,1.40534,1.40559,1.56,1.69
2014.11.12 19:55:01.600,1.40534,1.40559,2.06,1.69
2014.11.12 19:55:02.025,1.40534,1.40557,2.06,1.00
2014.11.12 19:55:03.641,1.40536,1.40557,1.00,1.00
2014.11.12 19:55:04.195,1.40536,1.4056,1.00,1.19
2014.11.12 19:55:05.299,1.40536,1.4056,1.37,1.19
2014.11.12 19:55:05.604,1.40539,1.40561,1.00,1.00
2014.11.12 19:55:06.110,1.40536,1.40563,2.81,2.81
2014.11.12 19:55:06.697,1.40536,1.40563,2.81,2.81
2014.11.12 19:55:07.596,1.40536,1.40563,2.81,2.81
2014.11.12 19:55:08.636,1.40536,1.40563,2.81,2.81
2014.11.12 19:55:09.604,1.40536,1.40563,2.81,2.81
2014.11.12 19:55:10.515,1.40536,1.40563,3.56,2.44
2014.11.12 19:55:11.407,1.40536,1.40563,3.56,2.44
2014.11.12 19:55:12.613,1.40536,1.40563,3.56,2.44
2014.11.12 19:55:13.617,1.40536,1.40563,4.31,2.44
2014.11.12 19:55:14.628,1.40536,1.40563,3.56,2.44
2014.11.12 19:55:15.624,1.40536,1.40563,2.81,2.44
2014.11.12 19:55:16.128,1.40538,1.40563,1.56,1.69
2014.11.12 19:55:16.671,1.40538,1.40563,1.56,1.69
2014.11.12 19:55:17.631,1.40538,1.40563,1.56,1.69
2014.11.12 19:55:18.643,1.40538,1.40563,1.56,1.69
2014.11.12 19:55:19.636,1.40538,1.40563,1.56,1.69
2014.11.12 19:55:20.685,1.40538,1.40563,1.56,1.69
2014.11.12 19:55:21.678,1.40538,1.40563,1.56,1.69
2014.11.12 19:55:21.982,1.40545,1.40565,1.56,1.00
2014.11.12 19:55:22.184,1.40546,1.40569,2.81,1.00
2014.11.12 19:55:22.286,1.40547,1.40572,1.56,1.25
2014.11.12 19:55:22.488,1.40544,1.40569,1.69,1.69
2014.11.12 19:55:22.590,1.40544,1.40564,1.00,1.19
2014.11.12 19:55:22.641,1.40542,1.40564,1.00,1.19
2014.11.12 19:55:23.172,1.40541,1.40562,1.25,1.00
2014.11.12 19:55:24.559,1.40538,1.40562,3.56,1.00
2014.11.12 19:55:25.580,1.40539,1.40562,1.31,1.00
2014.11.12 19:55:26.565,1.40539,1.40562,1.31,1.00
2014.11.12 19:55:27.575,1.40539,1.40562,2.06,1.00
2014.11.12 19:55:29.572,1.4054,1.40562,1.19,1.00
2014.11.12 19:55:30.499,1.4054,1.4056,1.19,1.00
2014.11.12 19:55:30.702,1.40539,1.4056,1.19,1.19
2014.11.12 19:55:31.175,1.4054,1.40562,2.06,1.69
2014.11.12 19:55:31.226,1.40542,1.40562,1.62,1.00
2014.11.12 19:55:31.277,1.40544,1.40564,1.00,1.25
2014.11.12 19:55:31.328,1.40547,1.40564,1.00,1.00
2014.11.12 19:55:31.429,1.40547,1.40568,1.00,1.25
2014.11.12 19:55:31.631,1.40549,1.40568,1.00,1.25
2014.11.12 19:55:32.137,1.40547,1.40569,1.00,1.19
2014.11.12 19:55:32.656,1.40547,1.40567,1.00,1.00
2014.11.12 19:55:32.859,1.40543,1.40565,1.75,1.37
2014.11.12 19:55:32.910,1.40542,1.40565,2.25,2.06
2014.11.12 19:55:32.961,1.40542,1.40562,1.25,1.00
2014.11.12 19:55:33.263,1.40539,1.4056,2.06,1.00
2014.11.12 19:55:33.415,1.40539,1.40563,2.06,1.00
2014.11.12 19:55:33.922,1.40539,1.40564,2.81,1.69
2014.11.12 19:55:34.278,1.40539,1.40564,2.06,2.06
2014.11.12 19:55:34.329,1.40539,1.40562,1.56,1.00
2014.11.12 19:55:36.452,1.40539,1.40563,1.56,1.25
2014.11.12 19:55:37.203,1.40539,1.40564,1.56,1.12
2014.11.12 19:55:38.206,1.40539,1.40564,1.56,1.31
2014.11.12 19:55:39.247,1.40539,1.40564,1.56,1.31
2014.11.12 19:55:42.217,1.40539,1.40564,2.06,1.31
2014.11.12 19:55:43.026,1.40542,1.40564,1.19,1.00
2014.11.12 19:55:43.330,1.40545,1.40568,1.31,1.00
2014.11.12 19:55:43.836,1.40545,1.40569,1.31,1.25
2014.11.12 19:55:44.831,1.40547,1.40569,1.19,1.00
2014.11.12 19:55:51.847,1.40548,1.40569,1.31,1.00
2014.11.12 19:55:52.850,1.40548,1.40569,1.31,1.00
2014.11.12 19:55:53.852,1.40548,1.40569,1.31,1.00
2014.11.12 19:55:58.026,1.40548,1.4057,1.31,1.25
2014.11.12 19:55:59.873,1.40548,1.4057,1.31,1.00
2014.11.12 19:56:02.717,1.40548,1.4057,2.06,1.00
2014.11.12 19:56:03.227,1.40548,1.40571,2.06,1.25
2014.11.12 19:56:05.694,1.40548,1.40572,2.81,1.25
2014.11.12 19:56:06.703,1.40548,1.40572,2.81,1.00
2014.11.12 19:56:08.727,1.40548,1.40572,2.81,1.00
2014.11.12 19:56:09.708,1.40548,1.40572,3.56,1.00
2014.11.12 19:56:10.723,1.40548,1.40572,3.56,1.00
2014.11.12 19:56:11.714,1.40548,1.40572,3.56,1.00
2014.11.12 19:56:13.730,1.40548,1.40572,2.81,1.25
2014.11.12 19:56:14.721,1.40549,1.40572,1.56,1.00
2014.11.12 19:56:15.495,1.40549,1.40574,1.56,1.19
2014.11.12 19:56:21.785,1.40549,1.40574,1.31,1.31
2014.11.12 19:56:22.751,1.40548,1.40574,2.44,1.56
2014.11.12 19:56:23.775,1.40548,1.40574,2.44,1.56
2014.11.12 19:56:23.878,1.40548,1.40574,2.25,1.12
2014.11.12 19:56:23.930,1.40548,1.4057,1.00,1.00
2014.11.12 19:56:24.132,1.40543,1.40568,1.50,1.37
2014.11.12 19:56:24.487,1.4054,1.40567,2.81,2.62
2014.11.12 19:56:24.753,1.4054,1.40567,2.81,2.81
2014.11.12 19:56:25.270,1.40544,1.40567,1.00,1.56
2014.11.12 19:56:26.161,1.40544,1.40567,1.62,1.19
2014.11.12 19:56:26.414,1.40548,1.40571,1.31,1.19
2014.11.12 19:56:26.767,1.4055,1.40572,1.19,1.00
2014.11.12 19:56:27.270,1.40549,1.40573,1.31,1.50
2014.11.12 19:56:32.784,1.40549,1.40574,1.56,1.19
2014.11.12 19:56:35.231,1.40549,1.40572,1.19,1.19
2014.11.12 19:56:35.333,1.40548,1.4057,1.00,1.00
2014.11.12 19:56:35.484,1.40545,1.40569,1.12,1.31
2014.11.12 19:56:35.536,1.40545,1.40569,1.31,2.81
2014.11.12 19:56:36.715,1.40543,1.40568,1.62,1.19
2014.11.12 19:56:37.240,1.40541,1.40566,1.31,1.12
2014.11.12 19:56:37.802,1.40543,1.40566,1.00,1.31
2014.11.12 19:56:39.574,1.40541,1.40566,1.31,2.06
2014.11.12 19:56:40.566,1.40541,1.40566,1.56,1.69
2014.11.12 19:56:41.091,1.40543,1.40568,1.56,2.44
2014.11.12 19:56:41.815,1.40543,1.40568,1.56,2.44
2014.11.12 19:56:43.820,1.40541,1.40566,1.56,1.19
2014.11.12 19:56:44.128,1.40544,1.4057,2.06,1.69
2014.11.12 19:56:44.633,1.40546,1.40568,1.56,1.00
2014.11.12 19:56:45.173,1.40546,1.4057,2.06,1.25
2014.11.12 19:56:45.828,1.40547,1.4057,1.56,1.00
2014.11.12 19:56:46.386,1.40547,1.40571,1.56,1.25
2014.11.12 19:56:46.861,1.40546,1.40571,2.06,1.00
2014.11.12 19:56:47.521,1.40546,1.40571,2.81,1.00
2014.11.12 19:56:48.852,1.40546,1.40571,2.81,1.00
2014.11.12 19:56:49.425,1.40548,1.40571,1.19,1.37
2014.11.12 19:56:49.476,1.40546,1.40569,1.69,1.25
2014.11.12 19:56:49.578,1.40546,1.40568,1.00,1.69
2014.11.12 19:56:50.092,1.40543,1.40568,2.06,1.19
2014.11.12 19:56:50.746,1.40543,1.40568,2.81,1.19
2014.11.12 19:56:51.150,1.40543,1.40568,2.44,1.56
2014.11.12 19:56:51.849,1.40542,1.40566,1.31,1.69
2014.11.12 19:56:53.865,1.40539,1.40564,2.06,1.00
2014.11.12 19:56:55.861,1.4054,1.40564,1.56,1.69
2014.11.12 19:56:56.595,1.40539,1.40564,1.56,1.69
2014.11.12 19:56:57.567,1.40539,1.40564,1.56,1.69
2014.11.12 19:56:58.569,1.40539,1.40564,2.06,1.69
2014.11.12 19:57:02.580,1.4054,1.40564,1.31,1.69
2014.11.12 19:57:03.582,1.4054,1.40564,1.31,1.69
2014.11.12 19:57:04.321,1.40539,1.40564,1.56,2.44
2014.11.12 19:57:05.287,1.4054,1.40564,1.31,2.44
2014.11.12 19:57:07.294,1.4054,1.40564,1.31,2.44
2014.11.12 19:57:07.923,1.40538,1.40564,1.56,2.44
2014.11.12 19:57:09.903,1.40538,1.40564,1.56,2.25
2014.11.12 19:57:10.905,1.40538,1.40564,2.06,2.44
2014.11.12 19:57:12.200,1.40538,1.40562,1.19,1.37
2014.11.12 19:57:12.251,1.40536,1.40561,1.69,2.06
2014.11.12 19:57:13.515,1.40535,1.40559,1.31,1.19
2014.11.12 19:57:14.518,1.40535,1.40559,1.31,1.19
2014.11.12 19:57:15.725,1.40534,1.40559,1.69,2.81
2014.11.12 19:57:17.939,1.40531,1.40555,2.06,1.00
2014.11.12 19:57:20.307,1.4053,1.40553,1.56,1.00
2014.11.12 19:57:20.610,1.40528,1.40551,1.56,1.00
2014.11.12 19:57:21.212,1.40528,1.40551,1.56,1.00
2014.11.12 19:57:21.313,1.40529,1.40553,1.62,1.69
2014.11.12 19:57:21.836,1.4053,1.40554,2.06,1.00
2014.11.12 19:57:21.984,1.40532,1.40556,1.56,1.50
2014.11.12 19:57:22.137,1.40536,1.40559,1.56,1.25
2014.11.12 19:57:22.189,1.40536,1.40561,2.06,2.81
2014.11.12 19:57:23.250,1.40537,1.40561,1.31,1.87
2014.11.12 19:57:24.177,1.40537,1.40561,1.31,1.12
2014.11.12 19:57:24.431,1.40539,1.40563,1.56,1.25
2014.11.12 19:57:25.359,1.40539,1.40564,2.06,1.25
2014.11.12 19:57:26.413,1.40539,1.40564,2.06,1.25
2014.11.12 19:57:27.366,1.40539,1.40564,2.81,1.25
2014.11.12 19:57:29.095,1.40539,1.40564,2.06,1.00
2014.11.12 19:57:32.079,1.40539,1.40564,3.56,1.00
2014.11.12 19:57:33.083,1.4054,1.40564,1.56,1.00
2014.11.12 19:57:41.104,1.4054,1.40564,2.06,1.25
2014.11.12 19:57:42.107,1.4054,1.40564,2.06,1.19
2014.11.12 19:57:45.155,1.4054,1.40564,2.06,1.19
2014.11.12 19:57:47.091,1.4054,1.40564,2.06,1.19
2014.11.12 19:57:48.094,1.4054,1.40564,2.06,1.25
2014.11.12 19:57:49.138,1.4054,1.40565,1.56,1.31
2014.11.12 19:57:49.189,1.40543,1.40565,1.00,1.31
2014.11.12 19:57:51.103,1.40543,1.40566,1.00,1.56
2014.11.12 19:57:52.106,1.40543,1.40567,1.12,2.81
2014.11.12 19:57:53.109,1.40543,1.40567,1.31,2.81
2014.11.12 19:57:54.774,1.40543,1.40564,1.31,1.00
2014.11.12 19:57:56.266,1.40541,1.40564,1.56,1.00
2014.11.12 19:57:56.366,1.40541,1.40564,1.56,1.00
2014.11.12 19:57:56.897,1.40541,1.40564,1.56,1.00
2014.11.12 19:57:57.438,1.40539,1.40564,1.56,1.00
2014.11.12 19:57:59.537,1.40539,1.40564,2.06,1.25
2014.11.12 19:58:03.184,1.40539,1.40564,2.06,1.19
2014.11.12 19:58:04.144,1.40539,1.40564,2.06,1.25
2014.11.12 19:58:06.217,1.40539,1.40562,1.56,1.00
2014.11.12 19:58:07.152,1.40539,1.40562,1.56,1.00
2014.11.12 19:58:08.158,1.40539,1.40562,2.06,1.00
2014.11.12 19:58:09.329,1.40539,1.40562,3.04,1.00
2014.11.12 19:58:09.481,1.40539,1.40564,4.54,1.25
2014.11.12 19:58:10.005,1.40539,1.40564,4.91,1.25
2014.11.12 19:58:12.166,1.4054,1.40564,1.56,1.00
2014.11.12 19:58:13.170,1.40539,1.40564,4.91,1.00
2014.11.12 19:58:14.172,1.40541,1.40564,1.56,1.25
2014.11.12 19:58:15.174,1.40542,1.40564,1.31,1.25
2014.11.12 19:58:16.177,1.40542,1.40564,1.31,1.00
2014.11.12 19:58:17.179,1.40541,1.40564,1.56,1.00
2014.11.12 19:58:18.225,1.40543,1.40564,1.19,1.25
2014.11.12 19:58:19.285,1.40543,1.40564,1.19,1.00
2014.11.12 19:58:21.290,1.40543,1.40564,1.19,1.25
2014.11.12 19:58:21.612,1.40544,1.40563,1.19,1.00
2014.11.12 19:58:21.763,1.40547,1.40567,1.54,1.50
2014.11.12 19:58:21.815,1.4055,1.40567,1.19,1.00
2014.11.12 19:58:21.916,1.40547,1.40565,1.91,1.00
2014.11.12 19:58:22.018,1.40547,1.40567,2.66,1.50
2014.11.12 19:58:22.119,1.40549,1.40568,1.91,1.00
2014.11.12 19:58:22.170,1.40549,1.4057,1.91,1.00
2014.11.12 19:58:22.322,1.40549,1.40568,1.54,1.00
2014.11.12 19:58:22.779,1.40549,1.4057,1.54,1.00
2014.11.12 19:58:24.612,1.40551,1.4057,1.91,1.00
2014.11.12 19:58:25.615,1.40551,1.4057,1.16,1.00
2014.11.12 19:58:27.620,1.40551,1.4057,1.16,1.00
2014.11.12 19:58:29.626,1.40551,1.4057,1.91,1.00
2014.11.12 19:58:30.629,1.40551,1.4057,1.16,1.00
2014.11.12 19:58:32.174,1.40549,1.4057,1.56,1.00
2014.11.12 19:58:33.237,1.40546,1.40573,3.56,1.25
2014.11.12 19:58:34.139,1.40547,1.40573,1.56,1.25
2014.11.12 19:58:36.358,1.40547,1.40574,2.06,2.06
2014.11.12 19:58:37.349,1.40547,1.40574,2.06,2.06
2014.11.12 19:58:38.353,1.40548,1.40574,1.56,1.69
2014.11.12 19:58:39.372,1.40548,1.40574,1.56,1.69
2014.11.12 19:58:48.482,1.40549,1.40574,1.56,1.69
2014.11.12 19:58:49.485,1.40549,1.40574,1.56,1.69
2014.11.12 19:58:52.671,1.40549,1.40569,1.19,1.00
2014.11.12 19:58:52.781,1.40547,1.40567,1.19,1.00
2014.11.12 19:58:52.882,1.40545,1.40565,1.75,1.00
2014.11.12 19:58:53.186,1.40544,1.40563,1.19,1.00
2014.11.12 19:58:53.736,1.40542,1.40563,2.66,1.00
2014.11.12 19:58:55.610,1.40542,1.40563,1.16,1.00
2014.11.12 19:58:56.608,1.40542,1.40563,1.16,1.00
2014.11.12 19:58:58.635,1.40542,1.40563,1.91,1.00
2014.11.12 19:58:59.259,1.40542,1.40563,1.16,1.00
2014.11.12 19:59:00.226,1.40541,1.40563,1.91,1.00
2014.11.12 19:59:00.479,1.40539,1.40561,1.87,1.00
2014.11.12 19:59:00.783,1.40539,1.40559,1.87,1.00
2014.11.12 19:59:01.137,1.40539,1.40561,2.06,2.25
2014.11.12 19:59:01.692,1.40539,1.40561,1.31,2.25
2014.11.12 19:59:02.792,1.4054,1.4056,1.31,1.00
2014.11.12 19:59:03.394,1.4054,1.4056,1.31,1.00
2014.11.12 19:59:04.060,1.4054,1.4056,1.19,1.00
2014.11.12 19:59:04.313,1.4054,1.40562,2.06,1.00
2014.11.12 19:59:05.063,1.40543,1.40562,1.19,1.00
2014.11.12 19:59:05.616,1.40547,1.40562,1.19,1.00
2014.11.12 19:59:05.668,1.40549,1.40569,1.79,1.31
2014.11.12 19:59:05.972,1.40552,1.4057,1.19,1.00
2014.11.12 19:59:06.175,1.40554,1.40573,2.29,1.50
2014.11.12 19:59:06.227,1.40557,1.40575,1.00,1.00
2014.11.12 19:59:06.329,1.4056,1.40577,1.00,1.00
2014.11.12 19:59:06.430,1.40552,1.40577,2.66,1.69
2014.11.12 19:59:06.531,1.40552,1.40573,1.54,1.00
2014.11.12 19:59:07.038,1.40552,1.40572,1.54,1.00
2014.11.12 19:59:07.291,1.40552,1.40572,1.05,1.00
2014.11.12 19:59:08.235,1.40552,1.40571,1.05,1.00
2014.11.12 19:59:08.775,1.40552,1.4057,1.05,1.00
2014.11.12 19:59:08.826,1.40551,1.4057,1.79,1.00
2014.11.12 19:59:08.877,1.40555,1.40575,1.00,2.44
2014.11.12 19:59:08.979,1.40555,1.40575,3.41,1.00
2014.11.12 19:59:09.080,1.40557,1.40577,1.00,1.00
2014.11.12 19:59:09.232,1.40552,1.40575,2.06,1.25
2014.11.12 19:59:09.768,1.40552,1.40574,1.56,1.00
2014.11.12 19:59:10.286,1.4055,1.40575,3.41,1.00
2014.11.12 19:59:11.050,1.40555,1.40575,2.10,1.00
2014.11.12 19:59:11.202,1.40556,1.40577,1.91,1.00
2014.11.12 19:59:11.404,1.40554,1.40577,1.62,1.25
2014.11.12 19:59:11.455,1.40553,1.40575,1.31,1.00
2014.11.12 19:59:11.969,1.40551,1.40574,1.91,1.00
2014.11.12 19:59:12.431,1.40551,1.40574,1.49,1.00
2014.11.12 19:59:13.297,1.40551,1.40574,1.49,1.00
2014.11.12 19:59:13.600,1.40557,1.40577,1.12,1.19
2014.11.12 19:59:13.803,1.40552,1.40574,1.44,1.00
2014.11.12 19:59:14.005,1.40556,1.40574,1.19,1.00
2014.11.12 19:59:14.107,1.40556,1.40578,1.54,1.00
2014.11.12 19:59:14.208,1.40555,1.4058,2.29,1.00
2014.11.12 19:59:14.310,1.40558,1.40578,1.19,1.00
2014.11.12 19:59:14.512,1.40556,1.4058,1.05,1.00
2014.11.12 19:59:14.563,1.40556,1.40578,1.05,1.00
2014.11.12 19:59:15.069,1.40555,1.40577,1.19,1.00
2014.11.12 19:59:15.380,1.40554,1.40576,1.00,1.19
2014.11.12 19:59:16.005,1.4055,1.40575,3.41,1.25
2014.11.12 19:59:16.575,1.4055,1.40575,3.41,1.69
2014.11.12 19:59:16.879,1.40554,1.40577,1.56,1.00
2014.11.12 19:59:17.335,1.40558,1.40577,2.29,1.00
2014.11.12 19:59:17.437,1.4056,1.40579,1.85,1.00
2014.11.12 19:59:17.488,1.4056,1.40582,2.66,1.00
2014.11.12 19:59:17.741,1.40559,1.4058,1.19,1.50
2014.11.12 19:59:18.073,1.40555,1.40578,2.29,1.87
2014.11.12 19:59:18.123,1.40555,1.40578,1.35,2.06
2014.11.12 19:59:18.326,1.40555,1.40575,1.35,1.00
2014.11.12 19:59:20.174,1.40555,1.40575,1.54,1.00
2014.11.12 19:59:20.843,1.40555,1.40575,2.66,1.00
2014.11.12 19:59:21.148,1.40558,1.40581,2.06,1.50
2014.11.12 19:59:22.951,1.40559,1.40581,1.31,1.50
2014.11.12 19:59:24.557,1.4056,1.40581,1.12,1.19
2014.11.12 19:59:24.809,1.40557,1.40577,1.42,1.00
2014.11.12 19:59:24.911,1.40557,1.40581,1.91,1.25
2014.11.12 19:59:24.961,1.40559,1.40581,1.56,1.00
2014.11.12 19:59:25.215,1.40559,1.40583,2.06,2.44
2014.11.12 19:59:26.157,1.40561,1.40583,1.19,1.00
2014.11.12 19:59:29.191,1.4056,1.40583,1.31,1.19
2014.11.12 19:59:31.270,1.4056,1.40583,2.06,1.25
2014.11.12 19:59:31.777,1.4056,1.40579,1.25,1.00
2014.11.12 19:59:32.083,1.40559,1.40581,1.56,1.00
2014.11.12 19:59:33.061,1.40559,1.40582,2.06,1.69
2014.11.12 19:59:34.200,1.40559,1.40582,1.56,1.19
2014.11.12 19:59:36.092,1.4056,1.40582,1.31,1.25
2014.11.12 19:59:37.098,1.4056,1.40582,1.69,1.00
2014.11.12 19:59:38.094,1.4056,1.40582,1.69,1.25
2014.11.12 19:59:39.802,1.4056,1.40582,1.69,1.00
2014.11.12 19:59:40.005,1.40566,1.40585,1.12,1.25
2014.11.12 19:59:40.258,1.40562,1.40583,1.00,1.00
2014.11.12 19:59:40.411,1.40563,1.40584,1.69,1.00
2014.11.12 19:59:40.715,1.40568,1.40585,1.00,1.00
2014.11.12 19:59:40.766,1.40566,1.40585,1.00,1.00
2014.11.12 19:59:40.918,1.4057,1.40585,1.00,1.00
2014.11.12 19:59:41.019,1.40568,1.40585,1.00,1.00
2014.11.12 19:59:41.374,1.40568,1.40578,1.19,1.00
2014.11.12 19:59:41.677,1.40569,1.40583,1.00,1.25
2014.11.12 19:59:41.728,1.40569,1.40582,1.00,1.19
2014.11.12 19:59:41.779,1.40563,1.40582,1.00,1.19
2014.11.12 19:59:41.830,1.40563,1.40582,1.19,1.25
2014.11.12 19:59:42.816,1.40561,1.40582,1.19,1.00
2014.11.12 19:59:43.368,1.4056,1.40578,1.50,1.00
2014.11.12 19:59:43.875,1.40556,1.40576,1.69,1.00
2014.11.12 19:59:44.027,1.40555,1.40576,1.19,1.00
2014.11.12 19:59:44.179,1.4056,1.40576,1.00,1.25
2014.11.12 19:59:44.330,1.40556,1.40575,1.00,1.00
2014.11.12 19:59:44.381,1.40556,1.40573,1.00,1.00
2014.11.12 19:59:44.887,1.40557,1.40574,1.00,1.00
2014.11.12 19:59:45.389,1.40556,1.40574,1.00,1.25
2014.11.12 19:59:45.894,1.40555,1.40574,1.25,1.25
2014.11.12 19:59:46.349,1.40558,1.40575,1.19,1.00
2014.11.12 19:59:46.400,1.40558,1.40578,1.69,1.50
2014.11.12 19:59:46.805,1.40559,1.40575,1.19,1.00
2014.11.12 19:59:47.007,1.40559,1.40578,1.25,1.00
2014.11.12 19:59:47.159,1.40559,1.40579,1.19,1.00
2014.11.12 19:59:47.674,1.40561,1.4058,1.25,1.00
2014.11.12 19:59:48.182,1.40562,1.4058,1.00,1.00
2014.11.12 19:59:49.828,1.40561,1.40582,1.00,1.69
2014.11.12 19:59:50.369,1.40559,1.40582,1.19,1.19
2014.11.12 19:59:51.282,1.4056,1.40582,1.25,1.69
2014.11.12 19:59:51.889,1.40562,1.40581,1.00,1.25
2014.11.12 19:59:51.990,1.40559,1.40581,1.19,1.25
2014.11.12 19:59:52.341,1.40563,1.40581,1.00,1.19
2014.11.12 19:59:52.446,1.40561,1.40581,1.00,1.19
2014.11.12 19:59:53.003,1.40562,1.40581,1.00,1.19
2014.11.12 19:59:53.509,1.40561,1.40581,1.25,1.00
2014.11.12 19:59:53.560,1.40564,1.40581,1.00,1.00
2014.11.12 19:59:53.762,1.40562,1.40581,1.00,1.00
2014.11.12 19:59:54.276,1.40561,1.40581,1.00,1.25
2014.11.12 19:59:54.429,1.40564,1.40581,1.00,1.25
2014.11.12 19:59:54.530,1.40562,1.40581,1.00,1.25
2014.11.12 19:59:54.632,1.40558,1.40581,1.31,1.25
2014.11.12 19:59:54.783,1.40559,1.40581,1.19,1.00
2014.11.12 19:59:54.935,1.40566,1.40587,1.16,1.50
2014.11.12 19:59:55.087,1.40569,1.40587,1.00,1.00
2014.11.12 19:59:55.289,1.40562,1.40586,2.06,2.06
2014.11.12 19:59:55.441,1.40562,1.40585,1.19,1.37
2014.11.12 19:59:55.493,1.40562,1.40585,1.00,1.56
2014.11.12 19:59:55.543,1.40562,1.40585,1.00,1.69
2014.11.12 19:59:55.645,1.4056,1.40582,1.00,2.81
2014.11.12 19:59:55.889,1.40556,1.40577,1.19,1.00
2014.11.12 19:59:56.192,1.40559,1.40579,1.19,2.25
2014.11.12 19:59:56.294,1.40557,1.40578,1.54,1.00
2014.11.12 19:59:56.496,1.4056,1.40578,1.00,1.00
2014.11.12 19:59:56.799,1.40559,1.4058,1.19,1.00
2014.11.12 19:59:57.305,1.40558,1.40577,1.69,1.00
2014.11.12 19:59:57.356,1.40558,1.40575,1.69,1.00
2014.11.12 19:59:57.508,1.40552,1.40574,1.69,1.00
2014.11.12 19:59:58.013,1.40555,1.40573,1.19,1.00
2014.11.12 19:59:58.064,1.40555,1.40576,1.19,1.19
2014.11.12 19:59:58.266,1.40556,1.40577,1.69,1.00
2014.11.12 19:59:58.317,1.40556,1.40577,2.44,1.00
2014.11.12 19:59:58.823,1.40557,1.40578,1.19,1.50
2014.11.12 19:59:59.216,1.40557,1.40578,1.50,2.06
2014.11.12 19:59:59.620,1.40554,1.40576,1.25,1.31
2014.11.12 19:59:59.722,1.40554,1.40576,1.31,1.00
2014.11.12 19:59:59.874,1.40558,1.40581,1.19,1.69
