2010.10.13 16:00:00.278,1.4003,1.4005,1.50,1.60
2010.10.13 16:00:00.477,1.4003,1.4005,1.90,1.60
2010.10.13 16:00:00.679,1.4003,1.4006,1.10,1.60
2010.10.13 16:00:01.476,1.4003,1.4006,2.10,1.60
2010.10.13 16:00:01.744,1.4004,1.40065,1.00,1.00
2010.10.13 16:00:05.046,1.4004,1.40065,1.00,1.00
2010.10.13 16:00:05.558,1.40035,1.40065,3.70,1.00
2010.10.13 16:00:06.090,1.40035,1.40065,2.10,1.00
2010.10.13 16:00:07.009,1.4004,1.4007,1.50,1.60
2010.10.13 16:00:07.816,1.4004,1.4007,1.00,3.20
2010.10.13 16:00:09.026,1.4004,1.40075,2.10,5.40
2010.10.13 16:00:09.372,1.4004,1.40075,2.10,3.70
2010.10.13 16:00:10.063,1.40045,1.40075,1.00,3.60
2010.10.13 16:00:10.939,1.40045,1.40075,1.00,2.00
2010.10.13 16:00:11.277,1.40045,1.40075,1.00,2.00
2010.10.13 16:00:12.575,1.40045,1.40075,1.00,1.60
2010.10.13 16:00:14.247,1.4006,1.40075,1.00,1.60
2010.10.13 16:00:14.541,1.4006,1.4008,1.00,1.00
2010.10.13 16:00:14.828,1.4005,1.4008,1.10,1.00
2010.10.13 16:00:15.954,1.4005,1.4008,1.90,1.00
2010.10.13 16:00:17.076,1.4005,1.40085,1.90,4.90
2010.10.13 16:00:18.352,1.40055,1.40085,1.00,4.90
2010.10.13 16:00:19.343,1.40065,1.40085,1.00,4.90
2010.10.13 16:00:19.533,1.40065,1.40095,1.00,4.20
2010.10.13 16:00:20.239,1.4006,1.40095,3.40,4.10
2010.10.13 16:00:20.581,1.4008,1.40105,2.30,3.30
2010.10.13 16:00:21.393,1.4008,1.40105,2.30,1.60
2010.10.13 16:00:21.741,1.40085,1.4011,1.90,1.60
2010.10.13 16:00:22.594,1.40085,1.40115,1.00,1.60
2010.10.13 16:00:22.936,1.4008,1.4011,2.50,1.60
2010.10.13 16:00:24.509,1.4008,1.4011,1.90,4.80
2010.10.13 16:00:24.803,1.4008,1.4011,2.50,3.20
2010.10.13 16:00:25.642,1.4008,1.4011,1.90,4.80
2010.10.13 16:00:26.526,1.4008,1.40105,2.70,1.60
2010.10.13 16:00:28.595,1.4008,1.40105,2.00,1.60
2010.10.13 16:00:29.193,1.4008,1.40105,1.20,1.60
2010.10.13 16:00:29.527,1.4008,1.40105,2.70,1.60
2010.10.13 16:00:29.874,1.4008,1.40105,1.90,1.60
2010.10.13 16:00:30.071,1.4008,1.4011,2.70,1.60
2010.10.13 16:00:30.270,1.4008,1.40115,2.70,4.80
2010.10.13 16:00:30.981,1.40085,1.40115,1.00,1.00
2010.10.13 16:00:31.241,1.40095,1.4012,1.00,5.90
2010.10.13 16:00:31.498,1.4009,1.4012,1.90,3.20
2010.10.13 16:00:32.364,1.4009,1.40115,1.00,1.60
2010.10.13 16:00:32.707,1.4009,1.4012,1.10,6.10
2010.10.13 16:00:33.257,1.4009,1.40115,1.10,1.60
2010.10.13 16:00:33.616,1.4009,1.40115,1.90,1.60
2010.10.13 16:00:34.299,1.4009,1.4012,1.90,4.40
2010.10.13 16:00:35.088,1.4009,1.4012,1.00,4.00
2010.10.13 16:00:36.965,1.4009,1.40115,1.00,2.20
2010.10.13 16:00:37.221,1.4009,1.40115,1.50,3.80
2010.10.13 16:00:38.222,1.4009,1.40115,1.20,2.40
2010.10.13 16:00:38.849,1.4009,1.4012,1.90,3.30
2010.10.13 16:00:39.751,1.4009,1.40115,1.20,1.00
2010.10.13 16:00:40.098,1.4009,1.40115,1.00,2.60
2010.10.13 16:00:41.277,1.40085,1.4011,1.00,1.60
2010.10.13 16:00:41.856,1.4008,1.4011,2.70,1.60
2010.10.13 16:00:42.672,1.40085,1.4011,1.00,1.60
2010.10.13 16:00:42.977,1.40085,1.4011,1.00,2.40
2010.10.13 16:00:43.277,1.40085,1.4011,1.00,2.50
2010.10.13 16:00:45.297,1.40085,1.4011,1.00,2.40
2010.10.13 16:00:45.434,1.4009,1.40115,1.20,1.00
2010.10.13 16:00:45.679,1.4009,1.40115,1.00,1.00
2010.10.13 16:00:46.970,1.4009,1.4012,1.00,3.40
2010.10.13 16:00:47.039,1.40085,1.4011,1.20,1.60
2010.10.13 16:00:47.097,1.4008,1.40115,1.50,4.20
2010.10.13 16:00:47.150,1.4008,1.4011,1.50,1.00
2010.10.13 16:00:47.674,1.4008,1.40105,2.10,1.60
2010.10.13 16:00:47.735,1.40085,1.40115,1.00,4.90
2010.10.13 16:00:47.789,1.40085,1.40115,1.20,4.90
2010.10.13 16:00:49.224,1.4009,1.40115,1.00,4.90
2010.10.13 16:00:49.374,1.40085,1.4011,1.00,3.30
2010.10.13 16:00:49.657,1.40085,1.4011,1.00,1.60
2010.10.13 16:00:49.807,1.40085,1.40115,1.00,4.90
2010.10.13 16:00:50.680,1.4008,1.40115,2.70,6.50
2010.10.13 16:00:51.020,1.40085,1.4011,1.00,1.60
2010.10.13 16:00:52.164,1.4008,1.40105,1.10,3.20
2010.10.13 16:00:52.453,1.40075,1.40105,1.90,4.00
2010.10.13 16:00:53.245,1.4008,1.4011,1.10,4.90
2010.10.13 16:00:53.588,1.4008,1.4011,2.70,3.30
2010.10.13 16:00:54.273,1.4008,1.40105,1.20,3.30
2010.10.13 16:00:55.230,1.40075,1.401,1.00,3.30
2010.10.13 16:00:56.580,1.40075,1.401,1.10,1.60
2010.10.13 16:00:57.576,1.40075,1.401,1.00,3.30
2010.10.13 16:00:59.003,1.40085,1.40105,1.00,4.10
2010.10.13 16:00:59.295,1.4009,1.4011,1.00,3.30
2010.10.13 16:01:00.223,1.40085,1.40115,1.10,4.90
2010.10.13 16:01:01.396,1.40085,1.40115,1.00,4.90
2010.10.13 16:01:01.747,1.40085,1.4011,1.00,3.30
2010.10.13 16:01:02.930,1.4008,1.40105,1.00,1.00
2010.10.13 16:01:03.698,1.4008,1.4011,1.00,1.60
2010.10.13 16:01:04.043,1.4008,1.4011,1.00,4.90
2010.10.13 16:01:05.516,1.4008,1.40105,1.00,3.40
2010.10.13 16:01:05.640,1.40075,1.401,1.10,1.60
2010.10.13 16:01:05.877,1.40075,1.401,1.10,3.30
2010.10.13 16:01:06.607,1.4007,1.401,5.30,1.00
2010.10.13 16:01:06.961,1.40085,1.40105,1.00,1.60
2010.10.13 16:01:07.813,1.40075,1.40105,1.00,1.00
2010.10.13 16:01:08.116,1.40075,1.401,1.00,1.00
2010.10.13 16:01:09.393,1.401,1.40115,1.00,1.60
2010.10.13 16:01:10.051,1.401,1.4012,1.00,1.60
2010.10.13 16:01:10.406,1.4009,1.4012,2.80,1.60
2010.10.13 16:01:10.751,1.4009,1.4012,1.00,1.00
2010.10.13 16:01:11.911,1.4009,1.4012,1.00,1.60
2010.10.13 16:01:12.977,1.4009,1.4012,1.00,1.60
2010.10.13 16:01:13.236,1.4009,1.4012,1.00,3.30
2010.10.13 16:01:13.844,1.4009,1.4012,1.00,5.00
2010.10.13 16:01:14.093,1.4009,1.4012,1.00,4.90
2010.10.13 16:01:14.328,1.4009,1.4012,1.00,1.60
2010.10.13 16:01:15.438,1.4009,1.4012,1.30,1.00
2010.10.13 16:01:16.223,1.4009,1.4012,1.00,2.40
2010.10.13 16:01:16.307,1.4009,1.4012,1.00,4.00
2010.10.13 16:01:17.357,1.4009,1.4012,1.30,2.40
2010.10.13 16:01:17.557,1.4009,1.4012,1.30,1.00
2010.10.13 16:01:18.292,1.401,1.4012,1.00,1.00
2010.10.13 16:01:18.490,1.40095,1.4012,1.00,1.00
2010.10.13 16:01:18.887,1.40095,1.40125,1.10,4.10
2010.10.13 16:01:20.849,1.40095,1.40125,1.10,2.40
2010.10.13 16:01:21.226,1.40095,1.40125,1.00,3.20
2010.10.13 16:01:22.211,1.401,1.40125,1.00,1.60
2010.10.13 16:01:22.434,1.40095,1.4012,1.00,1.00
2010.10.13 16:01:22.649,1.4009,1.4012,1.90,1.00
2010.10.13 16:01:23.069,1.4009,1.4012,1.00,2.40
2010.10.13 16:01:23.276,1.4009,1.4012,1.00,3.20
2010.10.13 16:01:24.083,1.4009,1.4012,1.00,4.80
2010.10.13 16:01:24.537,1.4009,1.4012,1.00,3.20
2010.10.13 16:01:27.091,1.4009,1.4012,1.00,3.20
2010.10.13 16:01:27.135,1.401,1.4012,1.00,1.60
2010.10.13 16:01:27.237,1.40095,1.4012,1.00,1.60
2010.10.13 16:01:29.163,1.4009,1.4012,1.00,3.20
2010.10.13 16:01:29.319,1.4009,1.4012,1.00,1.60
2010.10.13 16:01:29.478,1.4009,1.4012,1.00,1.60
2010.10.13 16:01:30.512,1.4009,1.4012,1.70,1.60
2010.10.13 16:01:36.178,1.4009,1.4012,1.70,1.00
2010.10.13 16:01:36.288,1.4009,1.40125,2.50,3.20
2010.10.13 16:01:38.067,1.4009,1.4012,1.70,1.60
2010.10.13 16:01:39.526,1.4009,1.40125,2.50,3.20
2010.10.13 16:01:43.986,1.40095,1.40125,1.00,2.40
2010.10.13 16:01:44.423,1.40095,1.40125,1.40,2.40
2010.10.13 16:01:45.064,1.401,1.4013,1.10,2.40
2010.10.13 16:01:45.415,1.401,1.40125,1.00,1.00
2010.10.13 16:01:47.297,1.401,1.4013,1.00,3.20
2010.10.13 16:01:48.965,1.401,1.4013,1.00,1.60
2010.10.13 16:01:50.471,1.401,1.40125,1.00,1.00
2010.10.13 16:01:57.953,1.40105,1.40125,1.00,1.00
2010.10.13 16:01:58.011,1.401,1.4013,1.90,1.60
2010.10.13 16:01:58.076,1.40105,1.4013,1.00,1.60
2010.10.13 16:01:58.142,1.40105,1.40135,1.00,3.20
2010.10.13 16:01:58.717,1.40105,1.40135,2.10,3.20
2010.10.13 16:01:58.784,1.40105,1.4014,1.50,2.10
2010.10.13 16:01:58.842,1.40105,1.4014,3.10,2.70
2010.10.13 16:01:59.416,1.40105,1.4014,1.50,2.70
2010.10.13 16:01:59.762,1.40105,1.40135,1.50,1.60
2010.10.13 16:02:01.016,1.40105,1.4014,3.70,4.40
2010.10.13 16:02:01.363,1.4012,1.4014,2.00,3.80
2010.10.13 16:02:01.594,1.4011,1.4014,2.80,1.30
2010.10.13 16:02:02.132,1.4011,1.4014,2.80,1.00
2010.10.13 16:02:02.364,1.4011,1.4014,1.90,1.00
2010.10.13 16:02:04.168,1.4011,1.40125,1.90,1.20
2010.10.13 16:02:10.567,1.4011,1.4014,2.10,1.00
2010.10.13 16:02:11.139,1.4012,1.40145,1.00,4.00
2010.10.13 16:02:11.409,1.4012,1.40145,1.00,1.20
2010.10.13 16:02:12.153,1.40115,1.40145,2.80,1.20
2010.10.13 16:02:12.472,1.4012,1.40145,1.00,1.20
2010.10.13 16:02:13.235,1.40115,1.40145,1.00,1.20
2010.10.13 16:02:13.594,1.40115,1.4014,1.00,1.60
2010.10.13 16:02:15.887,1.40115,1.4014,1.00,1.60
2010.10.13 16:02:16.130,1.40125,1.40145,1.00,2.00
2010.10.13 16:02:17.548,1.40115,1.40145,1.00,2.00
2010.10.13 16:02:18.971,1.4011,1.4014,1.00,1.60
2010.10.13 16:02:20.199,1.4012,1.4015,1.00,3.60
2010.10.13 16:02:20.500,1.40125,1.4015,1.00,3.20
2010.10.13 16:02:21.947,1.40115,1.4014,1.00,1.60
2010.10.13 16:02:22.243,1.4011,1.40135,1.00,1.60
2010.10.13 16:02:23.449,1.4011,1.40135,1.50,1.60
2010.10.13 16:02:23.581,1.40115,1.40145,1.00,3.60
2010.10.13 16:02:23.708,1.40115,1.40135,1.00,1.60
2010.10.13 16:02:24.372,1.40105,1.4013,1.00,3.30
2010.10.13 16:02:24.499,1.40105,1.4013,1.00,1.60
2010.10.13 16:02:25.596,1.40105,1.40135,1.00,2.80
2010.10.13 16:02:26.746,1.40105,1.40135,1.00,2.40
2010.10.13 16:02:28.206,1.40105,1.40135,1.00,1.00
2010.10.13 16:02:28.468,1.40105,1.40135,1.00,2.40
2010.10.13 16:02:29.421,1.40105,1.40135,1.00,1.00
2010.10.13 16:02:29.784,1.40105,1.40135,1.00,2.40
2010.10.13 16:02:30.979,1.40105,1.4013,1.00,1.60
2010.10.13 16:02:32.310,1.40105,1.4013,1.10,1.60
2010.10.13 16:02:32.909,1.40105,1.4013,1.10,3.30
2010.10.13 16:02:33.770,1.40105,1.4013,1.00,3.30
2010.10.13 16:02:35.442,1.40105,1.4013,1.10,3.30
2010.10.13 16:02:37.022,1.40105,1.4013,1.00,4.10
2010.10.13 16:02:37.279,1.401,1.40125,1.00,3.20
2010.10.13 16:02:37.535,1.401,1.40125,1.00,1.60
2010.10.13 16:02:38.347,1.401,1.4013,1.10,4.90
2010.10.13 16:02:39.218,1.401,1.4013,1.10,3.20
2010.10.13 16:02:40.179,1.40105,1.4013,1.00,3.20
2010.10.13 16:02:42.031,1.40105,1.4013,1.00,1.60
2010.10.13 16:02:44.327,1.40105,1.40135,1.00,3.20
2010.10.13 16:02:46.645,1.40105,1.40135,1.00,3.30
2010.10.13 16:02:48.188,1.40105,1.4013,1.00,1.60
2010.10.13 16:02:51.485,1.40105,1.4013,1.90,1.60
2010.10.13 16:02:51.570,1.40115,1.40135,1.00,1.60
2010.10.13 16:02:51.913,1.40115,1.4014,1.00,3.20
2010.10.13 16:02:55.357,1.40115,1.40135,1.00,1.60
2010.10.13 16:02:56.800,1.40115,1.4014,1.00,4.90
2010.10.13 16:02:57.538,1.4011,1.4014,1.10,3.20
2010.10.13 16:02:59.274,1.4011,1.40135,1.00,1.00
2010.10.13 16:03:00.386,1.4011,1.40135,1.00,1.60
2010.10.13 16:03:00.673,1.40105,1.40135,1.00,1.60
2010.10.13 16:03:00.823,1.4011,1.40135,1.60,4.90
2010.10.13 16:03:01.480,1.40115,1.4014,1.00,1.00
2010.10.13 16:03:02.300,1.40115,1.40145,1.00,4.90
2010.10.13 16:03:02.644,1.40105,1.40135,1.10,3.20
2010.10.13 16:03:04.501,1.401,1.40125,1.90,2.00
2010.10.13 16:03:04.829,1.401,1.40125,1.90,1.00
2010.10.13 16:03:06.246,1.4011,1.4013,1.00,1.00
2010.10.13 16:03:06.423,1.4011,1.40135,1.00,2.00
2010.10.13 16:03:06.603,1.4011,1.40135,1.00,1.60
2010.10.13 16:03:11.172,1.401,1.40135,5.40,1.60
2010.10.13 16:03:11.776,1.4011,1.40135,1.00,1.60
2010.10.13 16:03:14.109,1.40105,1.40135,1.00,2.00
2010.10.13 16:03:14.560,1.4011,1.40135,1.00,2.00
2010.10.13 16:03:14.707,1.4011,1.40135,1.00,1.60
2010.10.13 16:03:20.487,1.4011,1.4013,1.00,1.00
2010.10.13 16:03:20.948,1.4011,1.4013,1.00,1.60
2010.10.13 16:03:21.790,1.40095,1.40125,1.10,1.00
2010.10.13 16:03:22.018,1.40095,1.40125,1.10,2.00
2010.10.13 16:03:29.378,1.401,1.40125,1.00,1.60
2010.10.13 16:03:30.048,1.401,1.40125,1.00,1.00
2010.10.13 16:03:30.381,1.401,1.4013,1.00,1.60
2010.10.13 16:03:30.924,1.401,1.4013,1.00,2.00
2010.10.13 16:03:31.032,1.401,1.4013,1.00,3.60
2010.10.13 16:03:31.140,1.40105,1.4013,1.00,1.60
2010.10.13 16:03:31.346,1.40105,1.4013,1.00,1.00
2010.10.13 16:03:31.961,1.401,1.40125,1.60,1.00
2010.10.13 16:03:32.310,1.40095,1.40125,3.60,1.20
2010.10.13 16:03:32.647,1.40095,1.40125,2.00,1.20
2010.10.13 16:03:32.987,1.40095,1.40125,2.00,2.00
2010.10.13 16:03:34.588,1.40095,1.40125,1.00,2.00
2010.10.13 16:03:40.556,1.4009,1.40125,1.90,2.00
2010.10.13 16:03:45.377,1.4009,1.40125,1.90,2.10
2010.10.13 16:03:45.927,1.4009,1.40125,1.90,2.00
2010.10.13 16:03:46.482,1.4009,1.40125,1.90,2.20
2010.10.13 16:03:46.583,1.40085,1.40115,1.10,1.00
2010.10.13 16:03:46.768,1.40085,1.40115,1.10,2.00
2010.10.13 16:03:47.890,1.4008,1.40115,5.30,2.00
2010.10.13 16:03:49.250,1.40085,1.40115,1.00,2.00
2010.10.13 16:03:54.269,1.4009,1.40115,1.00,1.00
2010.10.13 16:03:54.871,1.4009,1.4012,1.00,1.60
2010.10.13 16:03:55.104,1.4009,1.40125,1.90,2.00
2010.10.13 16:04:02.246,1.40095,1.40125,1.00,2.00
2010.10.13 16:04:11.115,1.40095,1.40125,1.00,3.00
2010.10.13 16:04:11.230,1.4009,1.40115,1.00,1.00
2010.10.13 16:04:12.454,1.4009,1.40115,1.00,1.60
2010.10.13 16:04:13.996,1.4009,1.40115,1.00,1.60
2010.10.13 16:04:14.797,1.40095,1.40115,1.00,1.60
2010.10.13 16:04:14.927,1.40095,1.4012,1.00,1.60
2010.10.13 16:04:18.490,1.40095,1.4012,1.00,1.60
2010.10.13 16:04:19.099,1.401,1.4012,1.60,1.60
2010.10.13 16:04:19.443,1.40095,1.4013,1.90,5.30
2010.10.13 16:04:21.516,1.40095,1.4013,2.70,5.30
2010.10.13 16:04:21.712,1.40105,1.4013,1.00,1.00
2010.10.13 16:04:24.387,1.40105,1.4013,1.00,1.00
2010.10.13 16:04:26.297,1.40105,1.4013,1.00,1.60
2010.10.13 16:04:27.280,1.40105,1.4013,1.00,1.60
2010.10.13 16:04:32.475,1.401,1.4013,1.20,1.60
2010.10.13 16:04:32.877,1.401,1.4013,1.00,1.60
2010.10.13 16:04:33.626,1.401,1.40125,1.00,1.00
2010.10.13 16:04:34.436,1.40095,1.40125,1.10,1.00
2010.10.13 16:04:34.718,1.40095,1.40125,1.90,1.00
2010.10.13 16:04:37.768,1.401,1.40125,1.00,1.00
2010.10.13 16:04:38.087,1.401,1.40125,1.20,1.00
2010.10.13 16:04:40.813,1.401,1.4013,1.20,1.60
2010.10.13 16:04:42.864,1.40105,1.4013,1.00,1.60
2010.10.13 16:04:47.219,1.40105,1.4013,1.00,1.00
2010.10.13 16:04:47.481,1.40105,1.40135,1.00,1.60
2010.10.13 16:04:47.747,1.40105,1.4013,1.00,1.00
2010.10.13 16:04:53.418,1.401,1.4013,2.30,1.20
2010.10.13 16:04:53.526,1.401,1.40125,1.00,1.60
2010.10.13 16:04:54.396,1.40105,1.4013,1.00,1.60
2010.10.13 16:04:55.028,1.4011,1.4013,2.00,1.60
2010.10.13 16:04:55.320,1.40125,1.4015,1.00,2.00
2010.10.13 16:04:55.612,1.40125,1.4016,2.30,3.80
2010.10.13 16:04:56.361,1.40135,1.4016,1.00,1.60
2010.10.13 16:04:56.747,1.40135,1.4016,1.00,3.20
2010.10.13 16:04:56.950,1.40135,1.40155,1.00,1.60
2010.10.13 16:04:57.148,1.40135,1.40165,1.00,3.70
2010.10.13 16:04:58.043,1.40135,1.40165,1.10,3.20
2010.10.13 16:04:58.394,1.40135,1.4016,1.20,1.60
2010.10.13 16:04:59.254,1.40135,1.4016,1.00,1.60
2010.10.13 16:05:02.597,1.4013,1.4016,2.70,1.60
2010.10.13 16:05:03.280,1.4013,1.40155,1.00,1.60
2010.10.13 16:05:05.817,1.4013,1.4015,1.00,1.00
2010.10.13 16:05:05.967,1.4013,1.4015,1.00,2.00
2010.10.13 16:05:06.873,1.4013,1.40155,1.00,3.20
2010.10.13 16:05:08.696,1.4013,1.40155,1.00,3.60
2010.10.13 16:05:10.016,1.4013,1.40155,1.00,2.00
2010.10.13 16:05:12.060,1.4013,1.40155,1.00,2.20
2010.10.13 16:05:12.229,1.40125,1.40145,2.30,1.60
2010.10.13 16:05:12.400,1.40125,1.40145,1.50,1.60
2010.10.13 16:05:14.228,1.40125,1.40145,1.00,1.60
2010.10.13 16:05:15.022,1.401,1.4013,1.10,4.50
2010.10.13 16:05:16.491,1.401,1.4013,1.10,2.80
2010.10.13 16:05:17.047,1.401,1.4013,1.10,3.70
2010.10.13 16:05:17.242,1.401,1.40125,1.00,1.00
2010.10.13 16:05:17.929,1.40095,1.40125,1.20,2.00
2010.10.13 16:05:18.249,1.40095,1.40125,1.00,5.70
2010.10.13 16:05:18.561,1.40095,1.40125,1.00,4.00
2010.10.13 16:05:19.508,1.40095,1.40125,1.00,4.10
2010.10.13 16:05:20.022,1.40095,1.40125,1.00,3.70
2010.10.13 16:05:20.718,1.40105,1.40125,3.30,2.80
2010.10.13 16:05:21.484,1.4009,1.4011,1.00,1.00
2010.10.13 16:05:21.714,1.4009,1.401,1.60,1.00
2010.10.13 16:05:23.694,1.40075,1.401,1.10,8.00
2010.10.13 16:05:23.944,1.4007,1.4008,1.00,1.00
2010.10.13 16:05:24.730,1.40055,1.4008,1.20,1.20
2010.10.13 16:05:25.079,1.4007,1.4009,1.00,2.80
2010.10.13 16:05:25.970,1.4007,1.401,1.00,2.00
2010.10.13 16:05:28.140,1.40065,1.4008,1.00,1.20
2010.10.13 16:05:28.694,1.40065,1.4008,1.00,1.00
2010.10.13 16:05:28.912,1.4006,1.40085,1.00,1.00
2010.10.13 16:05:29.123,1.4006,1.4009,1.10,1.20
2010.10.13 16:05:29.845,1.4006,1.4009,2.70,1.20
2010.10.13 16:05:30.212,1.4006,1.40085,1.00,1.20
2010.10.13 16:05:30.369,1.4006,1.40085,1.00,2.00
2010.10.13 16:05:31.911,1.40055,1.4008,1.00,2.00
2010.10.13 16:05:35.489,1.40055,1.4008,1.00,1.20
2010.10.13 16:05:37.357,1.40055,1.4008,1.00,2.00
2010.10.13 16:05:38.281,1.40055,1.4008,1.00,1.20
2010.10.13 16:05:38.457,1.40055,1.4008,1.00,1.00
2010.10.13 16:05:38.998,1.4005,1.40075,4.00,1.00
2010.10.13 16:05:39.178,1.4005,1.4007,1.50,1.60
2010.10.13 16:05:39.521,1.40045,1.4007,2.00,1.60
2010.10.13 16:05:40.394,1.40045,1.40075,1.00,3.60
2010.10.13 16:05:41.433,1.40045,1.40075,1.20,1.60
2010.10.13 16:05:44.961,1.40045,1.4007,1.00,2.20
2010.10.13 16:05:45.293,1.4004,1.4007,1.20,3.60
2010.10.13 16:05:46.152,1.40035,1.4006,1.20,1.60
2010.10.13 16:05:46.502,1.40035,1.40065,1.00,5.20
2010.10.13 16:05:47.400,1.40035,1.4006,1.00,1.00
2010.10.13 16:05:47.743,1.4003,1.4006,1.90,3.30
2010.10.13 16:05:48.326,1.4003,1.4006,1.90,4.10
2010.10.13 16:05:48.678,1.4003,1.40055,1.00,3.60
2010.10.13 16:05:49.021,1.40025,1.40055,1.90,2.00
2010.10.13 16:05:50.553,1.4002,1.4005,1.20,1.00
2010.10.13 16:05:51.174,1.4002,1.4005,1.20,1.60
2010.10.13 16:05:51.341,1.4002,1.4005,1.00,1.60
2010.10.13 16:05:52.186,1.4002,1.4005,1.00,3.20
2010.10.13 16:05:53.029,1.4002,1.4005,1.00,1.60
2010.10.13 16:05:53.137,1.40025,1.4005,1.00,1.00
2010.10.13 16:05:53.748,1.4003,1.40055,1.00,1.00
2010.10.13 16:05:54.092,1.4003,1.4006,1.10,4.10
2010.10.13 16:05:54.784,1.40035,1.4006,1.00,4.10
2010.10.13 16:05:55.583,1.40035,1.4006,1.00,3.60
2010.10.13 16:05:55.939,1.40035,1.40065,1.00,3.60
2010.10.13 16:05:56.635,1.40035,1.40065,1.00,5.20
2010.10.13 16:05:57.388,1.4004,1.40065,1.00,1.60
2010.10.13 16:05:57.647,1.4004,1.4007,1.00,5.20
2010.10.13 16:05:58.408,1.4004,1.4007,1.00,5.40
2010.10.13 16:05:58.637,1.4004,1.4007,1.00,3.70
2010.10.13 16:05:58.867,1.4004,1.4007,1.00,5.30
2010.10.13 16:05:59.319,1.4004,1.40065,1.00,3.60
2010.10.13 16:06:00.192,1.4004,1.40065,1.00,5.20
2010.10.13 16:06:00.799,1.4004,1.40065,1.00,5.40
2010.10.13 16:06:01.309,1.4004,1.40065,1.00,11.40
2010.10.13 16:06:01.584,1.40025,1.40045,1.20,1.60
2010.10.13 16:06:01.852,1.40025,1.40045,1.00,2.00
2010.10.13 16:06:02.604,1.4002,1.40045,1.00,1.00
2010.10.13 16:06:02.953,1.4002,1.4005,3.60,1.00
2010.10.13 16:06:03.802,1.4002,1.4004,3.60,1.00
2010.10.13 16:06:04.157,1.4001,1.4004,1.00,2.40
2010.10.13 16:06:04.705,1.4001,1.4004,1.20,2.40
2010.10.13 16:06:05.083,1.4002,1.4005,1.10,3.80
2010.10.13 16:06:05.429,1.4002,1.4005,1.00,3.80
2010.10.13 16:06:06.445,1.40015,1.40045,1.00,2.80
2010.10.13 16:06:06.652,1.40015,1.40045,1.10,2.40
2010.10.13 16:06:06.861,1.40015,1.40045,1.10,1.00
2010.10.13 16:06:07.396,1.4002,1.4005,1.00,1.20
2010.10.13 16:06:07.748,1.40015,1.40035,2.00,1.00
2010.10.13 16:06:08.094,1.4001,1.4003,1.20,1.00
2010.10.13 16:06:08.829,1.40005,1.4003,1.00,1.00
2010.10.13 16:06:09.176,1.4001,1.4004,4.40,1.00
2010.10.13 16:06:11.071,1.40015,1.4005,1.00,3.60
2010.10.13 16:06:11.863,1.40025,1.4005,1.10,1.00
2010.10.13 16:06:12.148,1.40025,1.4005,1.00,1.00
2010.10.13 16:06:13.803,1.40025,1.40055,1.00,2.00
2010.10.13 16:06:14.022,1.40025,1.40055,1.00,3.60
2010.10.13 16:06:15.133,1.40025,1.40055,1.00,2.00
2010.10.13 16:06:15.482,1.4003,1.40055,1.00,1.60
2010.10.13 16:06:15.831,1.4003,1.4006,2.00,1.60
2010.10.13 16:06:19.006,1.4003,1.4006,1.00,1.60
2010.10.13 16:06:20.101,1.40025,1.40055,1.00,2.80
2010.10.13 16:06:20.778,1.40025,1.4005,1.00,1.00
2010.10.13 16:06:21.631,1.40015,1.4005,2.30,1.60
2010.10.13 16:06:21.978,1.4002,1.4005,1.00,1.00
2010.10.13 16:06:22.904,1.4002,1.4005,1.10,1.00
2010.10.13 16:06:23.071,1.4002,1.4005,1.10,1.20
2010.10.13 16:06:23.241,1.4002,1.4005,1.00,2.00
2010.10.13 16:06:23.567,1.40015,1.4005,2.70,2.00
2010.10.13 16:06:24.429,1.40015,1.4005,1.90,3.60
2010.10.13 16:06:24.770,1.40015,1.40045,1.90,1.00
2010.10.13 16:06:25.464,1.40015,1.40045,1.90,3.60
2010.10.13 16:06:25.753,1.4001,1.4004,1.50,1.60
2010.10.13 16:06:27.177,1.40015,1.4004,1.00,1.60
2010.10.13 16:06:27.422,1.4002,1.4005,1.50,2.80
2010.10.13 16:06:27.667,1.4002,1.4005,1.00,2.80
2010.10.13 16:06:28.470,1.40015,1.4004,1.00,2.00
2010.10.13 16:06:29.631,1.40015,1.4004,1.00,3.60
2010.10.13 16:06:29.969,1.4001,1.4004,1.00,5.20
2010.10.13 16:06:31.151,1.4001,1.40035,1.00,1.60
2010.10.13 16:06:31.509,1.40005,1.40035,1.00,2.00
2010.10.13 16:06:32.374,1.40005,1.40035,1.00,1.20
2010.10.13 16:06:32.689,1.40005,1.40035,1.50,2.80
2010.10.13 16:06:33.798,1.40005,1.40035,1.50,1.20
2010.10.13 16:06:35.562,1.40005,1.40035,1.50,2.80
2010.10.13 16:06:36.106,1.40005,1.40035,1.00,2.80
2010.10.13 16:06:36.452,1.4,1.40035,1.90,3.60
2010.10.13 16:06:38.436,1.4,1.40035,4.40,2.00
2010.10.13 16:06:39.968,1.40005,1.40035,1.50,1.20
2010.10.13 16:06:46.837,1.40005,1.40035,1.50,4.50
2010.10.13 16:06:47.484,1.4,1.4003,2.70,1.00
2010.10.13 16:06:47.764,1.4,1.4003,1.90,1.00
2010.10.13 16:06:48.311,1.4,1.4003,1.00,1.60
2010.10.13 16:06:50.409,1.4,1.4003,1.00,3.60
2010.10.13 16:06:50.588,1.4,1.40025,1.00,1.00
2010.10.13 16:06:50.937,1.39995,1.40025,1.10,1.00
2010.10.13 16:06:51.158,1.39995,1.40025,2.70,1.00
2010.10.13 16:06:52.182,1.4,1.40025,1.00,1.00
2010.10.13 16:06:54.728,1.39995,1.40025,2.70,1.00
2010.10.13 16:06:54.998,1.4,1.40025,1.00,1.00
2010.10.13 16:06:56.104,1.39995,1.40025,1.10,1.00
2010.10.13 16:06:57.029,1.39995,1.40025,2.70,1.00
2010.10.13 16:06:57.169,1.39995,1.40025,3.50,1.00
2010.10.13 16:06:57.790,1.4001,1.40025,1.60,1.00
2010.10.13 16:06:57.983,1.40005,1.40035,1.60,1.60
2010.10.13 16:06:59.382,1.4,1.4003,6.10,1.00
2010.10.13 16:06:59.711,1.40005,1.40025,1.60,1.00
2010.10.13 16:07:00.273,1.40005,1.4003,1.60,1.60
2010.10.13 16:07:00.634,1.4,1.4003,2.70,1.00
2010.10.13 16:07:01.506,1.4,1.40035,2.30,3.20
2010.10.13 16:07:01.857,1.4,1.40035,1.00,3.60
2010.10.13 16:07:02.201,1.4,1.4003,1.00,1.60
2010.10.13 16:07:03.690,1.4,1.4003,1.00,1.00
2010.10.13 16:07:04.926,1.4,1.4003,1.50,1.00
2010.10.13 16:07:08.030,1.4,1.4003,1.70,1.00
2010.10.13 16:07:08.327,1.40005,1.40035,1.60,1.60
2010.10.13 16:07:08.620,1.40005,1.40035,3.20,1.60
2010.10.13 16:07:09.445,1.4,1.4003,1.00,1.60
2010.10.13 16:07:09.787,1.39995,1.4003,3.50,1.60
2010.10.13 16:07:10.966,1.4,1.4003,1.00,1.60
2010.10.13 16:07:12.487,1.39995,1.4003,3.50,1.60
2010.10.13 16:07:13.269,1.39995,1.4003,2.70,1.60
2010.10.13 16:07:31.030,1.39995,1.4003,3.50,1.60
2010.10.13 16:07:34.826,1.39995,1.4003,3.90,1.60
2010.10.13 16:07:37.490,1.39995,1.4003,3.50,1.60
2010.10.13 16:07:38.647,1.4,1.40035,1.50,4.90
2010.10.13 16:07:41.119,1.4,1.4003,1.00,1.60
2010.10.13 16:07:41.288,1.39995,1.4003,3.10,1.60
2010.10.13 16:07:42.018,1.39995,1.4003,1.50,4.90
2010.10.13 16:07:42.532,1.39995,1.4003,3.50,4.90
2010.10.13 16:07:43.472,1.39995,1.4003,3.50,1.60
2010.10.13 16:07:50.813,1.3999,1.40025,6.50,1.60
2010.10.13 16:07:51.154,1.3999,1.40025,5.40,1.60
2010.10.13 16:07:51.399,1.39995,1.40025,1.00,1.60
2010.10.13 16:07:52.621,1.39995,1.40025,1.10,1.60
2010.10.13 16:07:52.850,1.39995,1.4003,1.10,3.20
2010.10.13 16:07:53.820,1.39995,1.4003,1.20,3.20
2010.10.13 16:07:54.059,1.39995,1.4003,1.30,3.20
2010.10.13 16:07:54.757,1.39995,1.4003,1.20,3.20
2010.10.13 16:07:55.077,1.39995,1.4003,1.30,3.20
2010.10.13 16:07:55.397,1.39995,1.4003,1.10,3.20
2010.10.13 16:07:55.939,1.39995,1.4003,1.10,3.40
2010.10.13 16:07:56.105,1.4,1.4003,1.10,1.00
2010.10.13 16:07:56.259,1.4,1.40035,1.10,1.60
2010.10.13 16:07:56.424,1.40005,1.40035,1.50,4.10
2010.10.13 16:07:56.582,1.40005,1.40035,1.50,1.00
2010.10.13 16:07:56.742,1.4001,1.40035,1.00,1.00
2010.10.13 16:07:57.582,1.40005,1.4003,1.50,1.60
2010.10.13 16:07:57.923,1.4,1.4003,1.50,1.60
2010.10.13 16:07:58.778,1.4,1.4003,1.50,3.80
2010.10.13 16:08:00.625,1.4,1.4003,1.50,1.60
2010.10.13 16:08:01.504,1.40005,1.40035,2.30,1.00
2010.10.13 16:08:02.409,1.40005,1.40035,1.00,1.00
2010.10.13 16:08:03.619,1.40005,1.4004,1.10,1.60
2010.10.13 16:08:03.749,1.40005,1.4004,3.60,1.60
2010.10.13 16:08:04.406,1.4001,1.4004,1.60,1.60
2010.10.13 16:08:04.745,1.4001,1.40045,3.50,3.20
2010.10.13 16:08:05.698,1.4001,1.40045,1.90,3.20
2010.10.13 16:08:06.745,1.40015,1.4005,3.90,4.10
2010.10.13 16:08:07.426,1.4002,1.4005,1.50,2.40
2010.10.13 16:08:07.641,1.4002,1.4005,1.50,1.00
2010.10.13 16:08:10.778,1.4002,1.4005,4.90,1.00
2010.10.13 16:08:10.957,1.4002,1.40055,4.90,1.60
2010.10.13 16:08:11.136,1.4002,1.40055,4.90,1.00
2010.10.13 16:08:11.829,1.4002,1.40055,1.50,1.00
2010.10.13 16:08:13.754,1.4002,1.4005,1.50,1.00
2010.10.13 16:08:14.180,1.4002,1.4005,1.00,1.00
2010.10.13 16:08:16.637,1.40025,1.40055,1.00,4.10
2010.10.13 16:08:16.726,1.40025,1.4005,1.00,1.00
2010.10.13 16:08:16.969,1.40025,1.40055,1.00,2.80
2010.10.13 16:08:17.279,1.40025,1.40055,1.00,1.20
2010.10.13 16:08:18.036,1.4003,1.40055,1.60,1.20
2010.10.13 16:08:18.173,1.4003,1.40055,1.60,1.00
2010.10.13 16:08:18.304,1.4003,1.40055,1.60,1.00
2010.10.13 16:08:18.558,1.4003,1.4006,1.60,1.20
2010.10.13 16:08:19.187,1.4003,1.4006,3.10,1.00
2010.10.13 16:08:19.542,1.4003,1.40065,3.50,1.70
2010.10.13 16:08:19.892,1.4003,1.40065,3.50,3.20
2010.10.13 16:08:20.749,1.4004,1.40065,1.00,1.60
2010.10.13 16:08:21.116,1.40035,1.40065,1.00,1.60
2010.10.13 16:08:23.820,1.40035,1.4007,1.90,1.60
2010.10.13 16:08:24.116,1.40035,1.4007,1.90,2.00
2010.10.13 16:08:24.419,1.40035,1.4007,1.90,3.60
2010.10.13 16:08:25.570,1.40035,1.40065,1.50,2.00
2010.10.13 16:08:25.908,1.40035,1.40065,1.50,2.20
2010.10.13 16:08:26.642,1.4003,1.40065,3.20,2.20
2010.10.13 16:08:26.873,1.4003,1.40065,3.20,3.80
2010.10.13 16:08:27.772,1.4003,1.4006,1.90,1.00
2010.10.13 16:08:29.309,1.40035,1.4006,1.00,1.00
2010.10.13 16:08:29.604,1.40035,1.40065,1.00,1.20
2010.10.13 16:08:30.514,1.40035,1.40065,1.10,1.00
2010.10.13 16:08:32.181,1.40035,1.40065,1.00,5.40
2010.10.13 16:08:32.299,1.40035,1.40065,1.00,7.20
2010.10.13 16:08:32.417,1.4003,1.40065,2.70,7.20
2010.10.13 16:08:33.062,1.4003,1.4006,1.10,1.60
2010.10.13 16:08:35.079,1.4003,1.40055,1.00,1.00
2010.10.13 16:08:35.379,1.4002,1.40055,6.20,1.60
2010.10.13 16:08:35.956,1.4002,1.40055,4.40,1.60
2010.10.13 16:08:36.295,1.4002,1.40055,1.90,5.30
2010.10.13 16:08:36.633,1.4002,1.40055,1.90,7.10
2010.10.13 16:08:37.329,1.4002,1.4005,2.30,1.00
2010.10.13 16:08:37.666,1.40025,1.40055,1.50,4.40
2010.10.13 16:08:38.005,1.4002,1.40055,1.90,6.50
2010.10.13 16:08:38.836,1.40025,1.40055,1.50,1.00
2010.10.13 16:08:41.527,1.40025,1.40055,1.90,1.00
2010.10.13 16:08:47.795,1.40025,1.40055,1.00,3.20
2010.10.13 16:08:47.976,1.40025,1.40055,1.00,1.00
2010.10.13 16:08:50.200,1.40025,1.40055,1.00,1.60
2010.10.13 16:08:51.517,1.4002,1.40055,4.40,1.60
2010.10.13 16:08:51.886,1.4002,1.40055,3.60,1.60
2010.10.13 16:08:53.797,1.4002,1.40055,3.60,1.60
2010.10.13 16:08:55.492,1.4002,1.4005,3.60,1.00
2010.10.13 16:08:55.729,1.4002,1.4005,1.10,2.80
2010.10.13 16:08:56.482,1.4003,1.4005,1.00,2.40
2010.10.13 16:08:56.718,1.4003,1.4005,1.00,1.60
2010.10.13 16:08:57.645,1.4003,1.4006,2.00,3.30
2010.10.13 16:08:59.218,1.4003,1.40055,1.00,1.00
2010.10.13 16:08:59.560,1.4003,1.4006,1.00,1.60
2010.10.13 16:08:59.903,1.4003,1.4006,1.00,3.60
2010.10.13 16:09:00.754,1.4003,1.4006,1.00,1.60
2010.10.13 16:09:02.125,1.4003,1.4006,1.00,3.70
2010.10.13 16:09:02.266,1.4003,1.4006,1.00,5.40
2010.10.13 16:09:03.559,1.4003,1.4006,1.00,5.50
2010.10.13 16:09:06.737,1.4003,1.4006,1.00,6.30
2010.10.13 16:09:06.841,1.4003,1.40055,1.00,4.60
2010.10.13 16:09:06.939,1.40025,1.40055,1.00,5.40
2010.10.13 16:09:07.126,1.4002,1.40055,2.70,5.40
2010.10.13 16:09:07.764,1.4002,1.4005,2.70,1.60
2010.10.13 16:09:08.654,1.4002,1.4005,1.90,5.30
2010.10.13 16:09:10.481,1.4002,1.4005,2.70,3.60
2010.10.13 16:09:10.669,1.4002,1.4005,2.70,1.60
2010.10.13 16:09:12.239,1.4002,1.40055,2.70,5.30
2010.10.13 16:09:12.789,1.40025,1.40055,1.00,4.50
2010.10.13 16:09:21.397,1.40025,1.40055,1.10,4.50
2010.10.13 16:09:27.167,1.40025,1.40055,1.00,4.70
2010.10.13 16:09:27.887,1.4002,1.4005,1.20,4.10
2010.10.13 16:09:28.113,1.4002,1.4005,1.00,4.90
2010.10.13 16:09:29.162,1.40015,1.4005,2.70,4.90
2010.10.13 16:09:29.510,1.40015,1.4005,1.90,4.90
2010.10.13 16:09:30.193,1.40015,1.4005,3.50,3.20
2010.10.13 16:09:30.708,1.40015,1.4005,3.50,1.60
2010.10.13 16:09:31.627,1.40015,1.4005,3.70,1.60
2010.10.13 16:09:31.789,1.4002,1.40055,1.50,5.30
2010.10.13 16:09:32.804,1.40025,1.40055,1.00,4.50
2010.10.13 16:09:35.317,1.40025,1.40055,1.00,3.70
2010.10.13 16:09:35.458,1.40025,1.40055,1.50,3.70
2010.10.13 16:09:36.470,1.40025,1.40055,1.60,3.70
2010.10.13 16:09:36.815,1.4003,1.40065,1.00,5.70
2010.10.13 16:09:37.695,1.4003,1.4006,1.00,3.20
2010.10.13 16:09:38.047,1.4003,1.40055,1.00,1.00
2010.10.13 16:09:38.930,1.4003,1.40055,1.50,1.00
2010.10.13 16:09:39.183,1.4003,1.4006,1.50,1.00
2010.10.13 16:09:39.440,1.4003,1.4006,1.50,3.70
2010.10.13 16:09:40.670,1.4003,1.40055,1.00,3.70
2010.10.13 16:09:40.903,1.4003,1.40055,1.00,1.60
2010.10.13 16:09:41.146,1.4003,1.40055,1.00,1.00
2010.10.13 16:09:41.911,1.4003,1.4006,1.00,1.00
2010.10.13 16:09:43.242,1.4003,1.4006,1.50,1.00
2010.10.13 16:09:45.947,1.4003,1.40065,1.50,3.70
2010.10.13 16:09:46.077,1.4003,1.40065,1.50,3.60
2010.10.13 16:09:46.874,1.4003,1.40065,1.50,1.60
2010.10.13 16:09:47.148,1.4003,1.40065,4.90,2.00
2010.10.13 16:09:47.428,1.4003,1.40065,4.90,1.60
2010.10.13 16:09:47.709,1.4003,1.40065,5.10,1.60
2010.10.13 16:09:48.466,1.4004,1.4007,1.00,4.50
2010.10.13 16:09:48.742,1.4004,1.40065,1.00,1.00
2010.10.13 16:09:49.310,1.4004,1.40065,1.00,2.00
2010.10.13 16:09:49.605,1.4004,1.4007,1.00,3.60
2010.10.13 16:09:50.734,1.4004,1.40065,1.00,1.60
2010.10.13 16:09:51.090,1.4003,1.4006,1.50,2.00
2010.10.13 16:09:52.547,1.4003,1.4006,1.50,1.00
2010.10.13 16:09:54.299,1.4003,1.4006,1.50,2.00
2010.10.13 16:09:54.510,1.4003,1.4006,1.50,1.00
2010.10.13 16:09:55.139,1.4003,1.4006,1.50,2.00
2010.10.13 16:09:55.731,1.4003,1.4006,1.50,3.70
2010.10.13 16:09:57.396,1.4003,1.4006,1.50,1.00
2010.10.13 16:09:57.738,1.4003,1.4006,1.50,2.00
2010.10.13 16:10:01.758,1.4003,1.4006,1.50,1.00
2010.10.13 16:10:03.399,1.4003,1.4006,1.50,2.00
2010.10.13 16:10:05.950,1.40045,1.4007,1.00,1.20
2010.10.13 16:10:06.003,1.40045,1.4007,1.00,1.00
2010.10.13 16:10:16.135,1.40035,1.40055,1.00,1.00
2010.10.13 16:10:16.264,1.40025,1.4005,2.00,1.00
2010.10.13 16:10:16.918,1.40025,1.4005,1.00,3.20
2010.10.13 16:10:17.054,1.40015,1.40045,1.50,1.00
2010.10.13 16:10:18.898,1.40015,1.40045,1.60,1.00
2010.10.13 16:10:19.948,1.40015,1.40045,1.50,1.00
2010.10.13 16:10:20.289,1.4001,1.4004,1.50,2.80
2010.10.13 16:10:20.858,1.4001,1.4004,1.50,1.20
2010.10.13 16:10:21.347,1.4001,1.4004,3.20,1.00
2010.10.13 16:10:21.666,1.40005,1.4004,3.20,1.60
2010.10.13 16:10:22.497,1.40005,1.4004,4.90,1.60
2010.10.13 16:10:22.861,1.40005,1.4003,1.00,1.00
2010.10.13 16:10:27.609,1.4,1.4003,1.50,1.00
2010.10.13 16:10:27.935,1.40005,1.4003,3.30,1.00
2010.10.13 16:10:33.018,1.40005,1.40035,4.10,1.00
2010.10.13 16:10:33.749,1.40005,1.40035,1.00,1.00
2010.10.13 16:10:35.062,1.4,1.4003,4.90,1.00
2010.10.13 16:10:35.735,1.4,1.4003,1.00,1.00
2010.10.13 16:10:36.047,1.39995,1.4003,4.90,1.00
2010.10.13 16:10:36.299,1.39995,1.4002,3.20,1.00
2010.10.13 16:10:37.331,1.39995,1.4002,1.50,1.00
2010.10.13 16:10:46.848,1.3999,1.4002,1.50,1.20
2010.10.13 16:10:54.507,1.3999,1.4002,3.20,1.20
2010.10.13 16:10:55.868,1.3999,1.4002,1.50,1.20
2010.10.13 16:11:00.194,1.3999,1.4002,1.50,2.30
2010.10.13 16:11:00.373,1.3998,1.40015,1.90,2.00
2010.10.13 16:11:01.281,1.39985,1.4002,4.50,2.00
2010.10.13 16:11:01.630,1.39985,1.4002,5.30,2.00
2010.10.13 16:11:04.466,1.39985,1.40015,2.80,1.00
2010.10.13 16:11:04.811,1.39985,1.40015,4.50,1.00
2010.10.13 16:11:05.729,1.39985,1.40015,1.00,2.80
2010.10.13 16:11:08.741,1.39985,1.40015,1.00,4.40
2010.10.13 16:11:10.888,1.3998,1.40015,1.50,3.60
2010.10.13 16:11:11.460,1.3998,1.40015,1.70,3.60
2010.10.13 16:11:11.653,1.39985,1.40015,1.50,2.00
2010.10.13 16:11:12.235,1.39985,1.40015,3.20,2.00
2010.10.13 16:11:12.525,1.3999,1.4002,1.00,1.00
2010.10.13 16:11:12.812,1.3999,1.4002,1.00,1.00
2010.10.13 16:11:13.910,1.3999,1.4002,1.00,1.00
2010.10.13 16:11:16.259,1.3999,1.4002,1.00,1.00
2010.10.13 16:11:18.350,1.3999,1.4002,1.00,1.00
2010.10.13 16:11:21.530,1.3999,1.4002,1.00,1.00
2010.10.13 16:11:34.177,1.4,1.4002,3.10,1.00
2010.10.13 16:11:34.255,1.40005,1.40025,1.00,1.00
2010.10.13 16:11:34.846,1.4001,1.40025,1.00,1.00
2010.10.13 16:11:34.932,1.4,1.40025,1.50,1.00
2010.10.13 16:11:35.962,1.4,1.40025,1.00,1.00
2010.10.13 16:11:37.205,1.4,1.4002,1.00,1.60
2010.10.13 16:11:37.381,1.39995,1.4002,1.50,1.60
2010.10.13 16:11:37.729,1.39995,1.40025,1.50,1.60
2010.10.13 16:11:42.268,1.3999,1.4002,4.90,1.00
2010.10.13 16:11:42.527,1.3999,1.4002,1.50,1.00
2010.10.13 16:11:43.571,1.39985,1.4002,3.80,1.60
2010.10.13 16:11:45.014,1.39985,1.4002,5.40,1.60
2010.10.13 16:11:45.927,1.39985,1.4002,3.80,1.60
2010.10.13 16:11:49.570,1.39985,1.4002,5.40,1.60
2010.10.13 16:11:50.285,1.39985,1.40015,1.00,1.60
2010.10.13 16:11:50.479,1.3998,1.40015,1.50,4.90
2010.10.13 16:11:50.677,1.3998,1.4001,1.00,1.00
2010.10.13 16:11:52.138,1.3998,1.4001,4.10,1.00
2010.10.13 16:11:52.478,1.3998,1.4001,4.20,1.00
2010.10.13 16:11:52.708,1.3998,1.4001,4.60,1.00
2010.10.13 16:11:52.942,1.39985,1.40015,4.90,1.00
2010.10.13 16:11:53.483,1.3998,1.40015,5.30,1.60
2010.10.13 16:11:54.638,1.3998,1.40015,5.30,1.00
2010.10.13 16:11:54.966,1.3998,1.40015,5.30,1.60
2010.10.13 16:11:55.282,1.3998,1.40015,1.50,1.60
2010.10.13 16:11:56.475,1.3998,1.40015,1.50,1.60
2010.10.13 16:11:56.813,1.3998,1.4001,1.00,1.00
2010.10.13 16:11:57.585,1.3998,1.4001,1.00,1.60
2010.10.13 16:11:59.993,1.3998,1.4001,1.10,1.60
2010.10.13 16:12:01.159,1.39975,1.40005,4.10,1.00
2010.10.13 16:12:01.502,1.39975,1.40005,1.00,1.00
2010.10.13 16:12:07.388,1.39975,1.4,1.00,1.00
2010.10.13 16:12:07.982,1.3997,1.4,4.10,1.60
2010.10.13 16:12:11.868,1.3997,1.4,4.10,1.80
2010.10.13 16:12:12.529,1.3997,1.39995,3.30,1.00
2010.10.13 16:12:12.674,1.39965,1.39995,4.10,1.00
2010.10.13 16:12:14.682,1.39965,1.39995,1.00,1.00
2010.10.13 16:12:14.792,1.39965,1.39995,4.10,1.00
2010.10.13 16:12:14.908,1.39965,1.39995,4.60,1.00
2010.10.13 16:12:15.130,1.3997,1.4,3.30,1.60
2010.10.13 16:12:17.918,1.39965,1.4,5.30,1.60
2010.10.13 16:12:18.567,1.3997,1.4,3.30,1.60
2010.10.13 16:12:21.555,1.39975,1.40005,4.10,1.00
2010.10.13 16:12:21.701,1.3998,1.40015,4.00,1.60
2010.10.13 16:12:22.471,1.39985,1.4002,2.10,3.20
2010.10.13 16:12:24.221,1.39985,1.4002,1.90,3.20
2010.10.13 16:12:25.649,1.3999,1.4002,1.00,1.00
2010.10.13 16:12:25.977,1.3999,1.4002,1.10,1.00
2010.10.13 16:12:26.311,1.39995,1.4002,1.00,1.00
2010.10.13 16:12:27.199,1.39995,1.40025,1.10,2.40
2010.10.13 16:12:28.638,1.39995,1.40025,1.00,2.40
2010.10.13 16:12:31.535,1.39995,1.4002,1.70,1.00
2010.10.13 16:12:31.813,1.39995,1.40025,1.50,1.60
2010.10.13 16:12:33.191,1.3999,1.40025,1.50,1.60
2010.10.13 16:12:33.425,1.3999,1.4002,1.00,1.80
2010.10.13 16:12:34.194,1.39985,1.40015,1.50,1.00
2010.10.13 16:12:34.531,1.3998,1.40015,1.90,1.60
2010.10.13 16:12:34.873,1.3998,1.40015,1.10,1.60
2010.10.13 16:12:35.728,1.3998,1.4001,1.00,1.60
2010.10.13 16:12:42.719,1.3998,1.4001,1.00,1.80
2010.10.13 16:12:43.339,1.39975,1.40005,2.80,1.00
2010.10.13 16:12:43.545,1.3997,1.4,1.90,1.00
2010.10.13 16:12:43.741,1.3997,1.4,1.00,1.80
2010.10.13 16:12:44.436,1.3997,1.3999,1.00,1.60
2010.10.13 16:12:44.777,1.3997,1.4,1.00,1.60
2010.10.13 16:12:45.124,1.3997,1.4,2.00,1.60
2010.10.13 16:12:45.882,1.3997,1.4,1.90,1.00
2010.10.13 16:12:46.582,1.39975,1.40005,1.00,1.60
2010.10.13 16:12:46.797,1.39975,1.4001,1.00,5.10
2010.10.13 16:12:47.023,1.39975,1.4001,1.50,5.10
2010.10.13 16:12:52.717,1.39975,1.4001,1.50,5.30
2010.10.13 16:12:52.947,1.39975,1.4001,1.50,5.10
2010.10.13 16:12:53.728,1.39975,1.4001,1.50,5.30
2010.10.13 16:12:54.776,1.39975,1.4001,1.50,5.20
2010.10.13 16:12:55.496,1.39975,1.4001,1.50,5.10
2010.10.13 16:12:56.728,1.39975,1.4001,1.50,5.20
2010.10.13 16:12:56.969,1.39975,1.40005,1.00,1.60
2010.10.13 16:13:06.280,1.39975,1.40005,1.50,1.00
2010.10.13 16:13:07.737,1.39975,1.40005,1.90,1.00
2010.10.13 16:13:09.099,1.39975,1.40005,1.50,1.00
2010.10.13 16:13:09.746,1.39975,1.40005,1.50,1.00
2010.10.13 16:13:09.887,1.39975,1.4,1.00,2.30
2010.10.13 16:13:09.958,1.39975,1.39995,1.00,1.60
2010.10.13 16:13:10.521,1.3997,1.39975,1.00,1.00
2010.10.13 16:13:10.766,1.3994,1.3997,1.10,1.00
2010.10.13 16:13:11.003,1.3994,1.3997,1.10,1.60
2010.10.13 16:13:11.239,1.3994,1.3997,1.10,3.20
2010.10.13 16:13:11.479,1.3994,1.3997,1.10,1.60
2010.10.13 16:13:12.264,1.3994,1.3997,2.80,1.60
2010.10.13 16:13:12.541,1.3995,1.3998,1.00,2.80
2010.10.13 16:13:14.068,1.3995,1.3998,1.00,1.20
2010.10.13 16:13:17.677,1.3995,1.39985,1.50,5.30
2010.10.13 16:13:17.767,1.3995,1.39985,1.50,3.60
2010.10.13 16:13:18.863,1.3995,1.39985,1.50,3.70
2010.10.13 16:13:19.078,1.3995,1.3998,1.00,2.00
2010.10.13 16:13:19.712,1.3995,1.3998,1.00,3.60
2010.10.13 16:13:20.074,1.3995,1.3998,1.00,2.00
2010.10.13 16:13:20.421,1.39945,1.39975,1.60,1.00
2010.10.13 16:13:21.268,1.39945,1.39975,1.60,1.60
2010.10.13 16:13:25.207,1.39945,1.39975,2.40,1.60
2010.10.13 16:13:25.481,1.3996,1.3998,1.60,1.60
2010.10.13 16:13:26.405,1.3996,1.39985,1.60,1.60
2010.10.13 16:13:27.674,1.3995,1.3998,1.00,1.00
2010.10.13 16:13:33.147,1.3995,1.3998,1.00,4.10
2010.10.13 16:13:34.829,1.3995,1.3998,1.00,1.00
2010.10.13 16:13:36.773,1.3995,1.3998,1.00,2.40
2010.10.13 16:13:36.859,1.3995,1.3998,1.00,4.10
2010.10.13 16:13:37.118,1.3995,1.3998,1.00,2.40
2010.10.13 16:13:38.087,1.3995,1.3998,1.00,1.00
2010.10.13 16:13:40.199,1.39945,1.3998,5.20,2.00
2010.10.13 16:13:40.757,1.39945,1.3998,4.40,2.00
2010.10.13 16:13:40.923,1.39945,1.3998,2.70,1.60
2010.10.13 16:13:41.681,1.39945,1.3998,3.50,1.60
2010.10.13 16:13:44.198,1.39945,1.3998,3.50,1.80
2010.10.13 16:13:44.447,1.39945,1.39975,1.50,1.00
2010.10.13 16:13:44.695,1.3994,1.3997,4.90,1.00
2010.10.13 16:13:45.571,1.3994,1.3997,1.60,1.00
2010.10.13 16:13:45.911,1.3994,1.3997,1.70,1.00
2010.10.13 16:13:46.190,1.3995,1.39975,1.60,4.90
2010.10.13 16:13:46.981,1.3995,1.39975,1.60,1.60
2010.10.13 16:13:52.777,1.39945,1.39975,2.90,1.60
2010.10.13 16:13:53.147,1.39945,1.39975,2.70,1.60
2010.10.13 16:13:53.337,1.39945,1.39975,2.80,1.60
2010.10.13 16:13:54.050,1.3995,1.39975,1.60,1.60
2010.10.13 16:14:03.019,1.39945,1.39975,1.10,1.60
2010.10.13 16:14:03.333,1.39945,1.3998,1.50,3.60
2010.10.13 16:14:05.102,1.39945,1.39975,1.50,1.60
2010.10.13 16:14:05.895,1.39945,1.39975,1.00,1.60
2010.10.13 16:14:06.241,1.3994,1.39975,3.50,1.60
2010.10.13 16:14:07.737,1.3994,1.3997,3.50,1.00
2010.10.13 16:14:08.429,1.3995,1.3997,2.00,1.00
2010.10.13 16:14:11.662,1.3995,1.3997,1.00,1.00
2010.10.13 16:14:12.445,1.3994,1.3997,2.70,1.00
2010.10.13 16:14:13.702,1.3994,1.3997,3.50,1.00
2010.10.13 16:14:14.057,1.3994,1.39975,5.20,2.00
2010.10.13 16:14:14.926,1.3994,1.39975,3.50,3.60
2010.10.13 16:14:15.270,1.3994,1.39975,3.50,5.30
2010.10.13 16:14:16.048,1.3994,1.39975,3.50,5.50
2010.10.13 16:14:17.068,1.3994,1.39975,3.50,5.30
2010.10.13 16:14:17.347,1.3994,1.3997,2.70,1.00
2010.10.13 16:14:18.177,1.3994,1.3997,1.00,1.20
2010.10.13 16:14:18.510,1.39935,1.39965,1.00,1.00
2010.10.13 16:14:19.929,1.39935,1.3996,1.00,1.00
2010.10.13 16:14:21.298,1.39935,1.39965,1.00,2.40
2010.10.13 16:14:21.468,1.39935,1.39965,1.00,1.00
2010.10.13 16:14:22.332,1.39935,1.3996,1.00,1.00
2010.10.13 16:14:25.529,1.3993,1.3996,1.50,1.00
2010.10.13 16:14:26.390,1.39935,1.3996,1.00,1.00
2010.10.13 16:14:28.688,1.39935,1.3996,1.00,1.00
2010.10.13 16:14:29.808,1.39935,1.3996,1.00,1.00
2010.10.13 16:14:31.267,1.39935,1.3996,1.00,1.00
2010.10.13 16:14:31.518,1.39935,1.3996,1.00,1.00
2010.10.13 16:14:31.769,1.39935,1.39965,1.00,2.50
2010.10.13 16:14:32.879,1.39935,1.3996,1.00,1.00
2010.10.13 16:14:33.390,1.3993,1.3996,1.60,1.60
2010.10.13 16:14:33.561,1.3993,1.3996,1.60,1.60
2010.10.13 16:14:34.092,1.39925,1.3996,6.90,1.60
2010.10.13 16:14:34.289,1.39925,1.3996,5.20,2.00
2010.10.13 16:14:34.591,1.39925,1.3996,3.60,2.00
2010.10.13 16:14:36.397,1.39925,1.3996,3.60,2.00
2010.10.13 16:14:37.977,1.3993,1.3996,1.50,1.20
2010.10.13 16:14:41.557,1.39935,1.3996,1.00,1.20
2010.10.13 16:14:41.678,1.39935,1.3996,1.00,1.00
2010.10.13 16:14:41.800,1.39935,1.39965,1.10,5.10
2010.10.13 16:14:41.919,1.39935,1.3996,1.00,1.00
2010.10.13 16:14:42.797,1.39925,1.39955,1.60,3.20
2010.10.13 16:14:44.737,1.3992,1.39955,5.30,1.60
2010.10.13 16:14:44.997,1.3992,1.39955,3.70,1.60
2010.10.13 16:14:45.218,1.3992,1.39955,3.60,1.60
2010.10.13 16:14:48.248,1.3992,1.39955,1.90,3.20
2010.10.13 16:14:48.904,1.3992,1.39955,3.60,1.60
2010.10.13 16:14:49.017,1.39935,1.39965,1.00,2.00
2010.10.13 16:14:49.118,1.39935,1.39965,1.50,1.00
2010.10.13 16:14:50.656,1.39935,1.3997,1.50,5.30
2010.10.13 16:14:50.815,1.39935,1.3997,1.50,2.00
2010.10.13 16:14:51.118,1.39935,1.3997,1.50,2.30
2010.10.13 16:14:51.268,1.39935,1.39965,1.50,1.00
2010.10.13 16:14:52.373,1.39935,1.3996,1.50,1.00
2010.10.13 16:14:53.518,1.3993,1.3996,1.50,1.00
2010.10.13 16:14:57.006,1.3993,1.3996,1.00,2.80
2010.10.13 16:14:57.227,1.3993,1.3996,1.00,4.50
2010.10.13 16:15:00.890,1.39925,1.3996,1.50,4.50
2010.10.13 16:15:01.028,1.39925,1.3996,1.50,5.30
2010.10.13 16:15:04.170,1.39925,1.3996,1.50,5.50
2010.10.13 16:15:04.280,1.39925,1.39955,1.50,1.00
2010.10.13 16:15:04.389,1.39925,1.3996,1.50,5.50
2010.10.13 16:15:05.547,1.39925,1.3996,1.50,5.40
2010.10.13 16:15:06.227,1.39925,1.3996,1.50,5.30
2010.10.13 16:15:08.986,1.39925,1.3996,1.50,5.40
2010.10.13 16:15:10.341,1.39925,1.3996,1.50,5.30
2010.10.13 16:15:10.807,1.3993,1.3996,1.00,4.50
2010.10.13 16:15:13.952,1.3993,1.3995,1.00,1.00
2010.10.13 16:15:14.018,1.3992,1.3995,1.50,1.00
2010.10.13 16:15:14.088,1.3992,1.3995,1.00,2.00
2010.10.13 16:15:14.159,1.3992,1.3995,1.00,3.70
2010.10.13 16:15:16.949,1.3992,1.3995,1.00,4.50
2010.10.13 16:15:18.296,1.39925,1.3995,1.00,3.70
2010.10.13 16:15:20.636,1.3992,1.3995,1.50,4.50
2010.10.13 16:15:20.847,1.3992,1.3995,1.50,5.30
2010.10.13 16:15:21.409,1.3992,1.39945,1.50,1.00
2010.10.13 16:15:21.656,1.39915,1.3994,1.00,1.00
2010.10.13 16:15:22.407,1.39915,1.39945,1.00,1.20
2010.10.13 16:15:26.023,1.39915,1.39945,1.50,1.20
2010.10.13 16:15:26.274,1.3992,1.39945,1.00,1.00
2010.10.13 16:15:30.412,1.39915,1.3995,4.10,3.40
2010.10.13 16:15:30.639,1.39915,1.3995,1.00,6.70
2010.10.13 16:15:31.477,1.39915,1.39945,1.50,1.00
2010.10.13 16:15:32.584,1.39915,1.39945,3.20,1.00
2010.10.13 16:15:33.362,1.39915,1.3995,1.50,3.20
2010.10.13 16:15:33.718,1.39915,1.3994,1.50,1.00
2010.10.13 16:15:35.748,1.3991,1.3994,1.50,1.00
2010.10.13 16:15:38.653,1.3991,1.3994,1.00,2.00
2010.10.13 16:15:38.841,1.3991,1.3994,1.00,2.00
2010.10.13 16:15:39.020,1.3991,1.3994,1.00,2.00
2010.10.13 16:15:39.200,1.39905,1.39935,1.00,1.00
2010.10.13 16:15:41.478,1.39905,1.39935,2.40,1.00
2010.10.13 16:15:42.293,1.39905,1.39935,1.00,1.00
2010.10.13 16:15:42.488,1.39905,1.39935,2.40,1.00
2010.10.13 16:15:44.470,1.39905,1.3993,2.40,1.00
2010.10.13 16:15:45.033,1.39905,1.3993,1.60,1.20
2010.10.13 16:15:45.363,1.399,1.3993,1.00,1.20
2010.10.13 16:15:49.361,1.3991,1.39935,1.00,1.60
2010.10.13 16:15:49.618,1.3991,1.3994,1.00,2.00
2010.10.13 16:15:50.437,1.3991,1.3994,1.00,2.00
2010.10.13 16:15:52.396,1.39915,1.39945,1.50,2.00
2010.10.13 16:15:52.570,1.3992,1.39945,1.00,2.00
2010.10.13 16:15:52.738,1.39915,1.39945,1.00,2.00
2010.10.13 16:15:52.907,1.39915,1.39945,1.00,2.80
2010.10.13 16:15:55.329,1.39915,1.39945,1.10,1.00
2010.10.13 16:15:56.143,1.3991,1.39945,6.50,2.00
2010.10.13 16:15:56.431,1.39915,1.39945,1.00,1.00
2010.10.13 16:15:56.679,1.39915,1.3995,1.50,2.00
2010.10.13 16:15:57.653,1.39915,1.3995,1.50,2.00
2010.10.13 16:15:57.831,1.39915,1.3995,1.50,2.10
2010.10.13 16:15:59.687,1.39915,1.3995,1.50,2.00
2010.10.13 16:15:59.850,1.39915,1.3995,1.50,2.10
2010.10.13 16:16:00.439,1.39915,1.3995,1.50,2.00
2010.10.13 16:16:01.867,1.39915,1.3995,1.50,2.10
2010.10.13 16:16:02.049,1.3992,1.3995,1.50,1.20
2010.10.13 16:16:02.582,1.3992,1.3995,1.50,1.00
2010.10.13 16:16:13.579,1.3992,1.3995,1.50,1.20
2010.10.13 16:16:15.158,1.3992,1.3995,1.90,1.00
2010.10.13 16:16:15.773,1.39925,1.39955,1.00,5.30
2010.10.13 16:16:15.918,1.39925,1.39955,1.00,3.60
2010.10.13 16:16:19.069,1.39925,1.39955,1.10,1.60
2010.10.13 16:16:21.348,1.39925,1.39955,1.00,2.00
2010.10.13 16:16:21.469,1.39925,1.3995,1.00,1.00
2010.10.13 16:16:22.221,1.39925,1.39955,1.00,3.60
2010.10.13 16:16:24.720,1.39925,1.39955,1.10,3.20
2010.10.13 16:16:24.919,1.39925,1.39955,1.10,1.60
2010.10.13 16:16:26.887,1.39925,1.39955,1.00,2.00
2010.10.13 16:16:28.075,1.3993,1.39955,1.00,1.60
2010.10.13 16:16:28.268,1.39925,1.39955,1.10,1.60
2010.10.13 16:16:32.209,1.3992,1.3995,1.10,1.00
2010.10.13 16:16:35.674,1.39915,1.3995,1.90,2.00
2010.10.13 16:16:37.486,1.39915,1.39945,1.90,1.80
2010.10.13 16:16:37.584,1.3991,1.3994,4.10,1.20
2010.10.13 16:16:37.682,1.3991,1.3994,1.00,1.20
2010.10.13 16:16:38.247,1.3991,1.3994,1.10,1.00
2010.10.13 16:16:40.062,1.3991,1.3994,1.00,1.20
2010.10.13 16:16:42.009,1.3991,1.3994,1.00,1.20
2010.10.13 16:16:43.279,1.3991,1.3994,1.00,1.30
2010.10.13 16:16:44.008,1.3991,1.3994,1.00,1.20
2010.10.13 16:16:45.147,1.3991,1.3994,1.00,1.30
2010.10.13 16:16:45.869,1.3991,1.3994,1.00,1.20
2010.10.13 16:16:46.867,1.3991,1.3994,1.00,1.30
2010.10.13 16:16:47.110,1.39905,1.3993,1.00,1.20
2010.10.13 16:16:47.734,1.399,1.3993,1.50,1.30
2010.10.13 16:16:48.044,1.39895,1.3993,1.10,2.00
2010.10.13 16:16:48.345,1.3989,1.3992,4.90,1.00
2010.10.13 16:16:49.160,1.39895,1.39925,1.00,1.20
2010.10.13 16:16:49.488,1.39895,1.39925,1.00,2.80
2010.10.13 16:16:50.669,1.39885,1.39915,4.70,1.00
2010.10.13 16:16:51.489,1.3989,1.39915,1.00,1.00
2010.10.13 16:16:51.839,1.3989,1.3992,1.00,1.60
2010.10.13 16:16:52.678,1.39885,1.39915,1.10,2.00
2010.10.13 16:16:53.049,1.3989,1.3992,1.50,2.00
2010.10.13 16:16:53.399,1.3988,1.39915,5.30,1.00
2010.10.13 16:16:53.936,1.3988,1.39915,3.60,1.00
2010.10.13 16:16:54.303,1.3989,1.39915,1.00,1.00
2010.10.13 16:16:55.150,1.39885,1.3992,1.90,4.80
2010.10.13 16:16:55.487,1.39885,1.3992,1.50,5.20
2010.10.13 16:16:55.826,1.3989,1.3992,1.50,1.00
2010.10.13 16:16:57.363,1.39895,1.39925,1.00,5.40
2010.10.13 16:16:58.461,1.39895,1.39925,1.00,5.30
2010.10.13 16:16:58.838,1.39895,1.39925,1.00,5.40
2010.10.13 16:17:00.614,1.3989,1.3992,1.00,6.10
2010.10.13 16:17:01.915,1.39895,1.3992,1.00,5.30
2010.10.13 16:17:02.238,1.39895,1.39925,1.00,1.00
2010.10.13 16:17:02.562,1.3989,1.3992,1.00,1.00
2010.10.13 16:17:03.410,1.3989,1.3992,1.00,1.60
2010.10.13 16:17:03.677,1.3989,1.39925,4.40,1.60
2010.10.13 16:17:03.942,1.3989,1.39925,3.20,1.60
2010.10.13 16:17:04.797,1.3989,1.39925,3.40,1.00
2010.10.13 16:17:05.142,1.399,1.3993,2.30,1.60
2010.10.13 16:17:05.687,1.399,1.3993,2.70,1.00
2010.10.13 16:17:06.037,1.399,1.39935,3.60,1.60
2010.10.13 16:17:06.719,1.399,1.39935,3.80,1.60
2010.10.13 16:17:07.562,1.399,1.39935,5.40,1.60
2010.10.13 16:17:08.473,1.399,1.39935,3.60,1.60
2010.10.13 16:17:09.106,1.399,1.39935,1.90,4.90
2010.10.13 16:17:09.399,1.399,1.39935,3.60,1.60
2010.10.13 16:17:11.035,1.399,1.39935,3.70,1.60
2010.10.13 16:17:11.342,1.399,1.39935,3.90,1.60
2010.10.13 16:17:11.543,1.399,1.39935,3.00,1.60
2010.10.13 16:17:12.246,1.399,1.3993,4.60,1.00
2010.10.13 16:17:14.591,1.399,1.3993,4.40,1.00
2010.10.13 16:17:14.723,1.399,1.3993,2.70,1.00
2010.10.13 16:17:14.859,1.399,1.3993,1.00,1.00
2010.10.13 16:17:16.341,1.399,1.3993,2.30,1.00
2010.10.13 16:17:16.969,1.39905,1.3993,1.00,1.00
2010.10.13 16:17:17.176,1.39905,1.3993,3.30,1.00
2010.10.13 16:17:17.380,1.39905,1.3993,3.70,1.00
2010.10.13 16:17:18.605,1.39905,1.3993,1.00,1.00
2010.10.13 16:17:19.189,1.39905,1.39935,1.00,1.60
2010.10.13 16:17:20.243,1.39905,1.39935,1.20,1.00
2010.10.13 16:17:20.504,1.39905,1.39935,1.90,1.00
2010.10.13 16:17:21.000,1.3991,1.3994,1.00,2.00
2010.10.13 16:17:21.250,1.3991,1.3994,1.00,2.00
2010.10.13 16:17:22.392,1.3991,1.3994,1.00,2.00
2010.10.13 16:17:24.794,1.39915,1.3994,1.00,1.20
2010.10.13 16:17:25.011,1.39915,1.39945,1.50,1.60
2010.10.13 16:17:25.566,1.39915,1.3995,1.50,3.60
2010.10.13 16:17:25.922,1.39915,1.3995,1.50,2.10
2010.10.13 16:17:27.474,1.3992,1.3995,3.60,1.70
2010.10.13 16:17:27.526,1.3992,1.3995,2.00,1.60
2010.10.13 16:17:27.613,1.3992,1.3995,2.00,1.60
2010.10.13 16:17:28.544,1.39905,1.3994,3.60,1.60
2010.10.13 16:17:29.025,1.39905,1.3994,1.50,1.60
2010.10.13 16:17:29.378,1.39905,1.39935,1.00,3.20
2010.10.13 16:17:29.727,1.39895,1.3993,1.90,3.20
2010.10.13 16:17:30.607,1.39895,1.3993,1.50,3.20
2010.10.13 16:17:31.447,1.39895,1.3993,1.90,3.20
2010.10.13 16:17:31.758,1.39885,1.3991,1.30,1.00
2010.10.13 16:17:35.542,1.3988,1.3991,3.50,1.00
2010.10.13 16:17:35.841,1.3988,1.3991,5.20,1.00
2010.10.13 16:17:37.808,1.3988,1.3991,5.40,1.00
2010.10.13 16:17:48.138,1.3988,1.3991,3.90,1.00
2010.10.13 16:17:48.294,1.3988,1.3991,3.20,1.00
2010.10.13 16:17:48.451,1.3988,1.3991,1.50,1.00
2010.10.13 16:17:48.969,1.3988,1.3991,1.00,1.00
2010.10.13 16:17:49.147,1.39875,1.3991,5.30,1.00
2010.10.13 16:17:49.510,1.39875,1.39905,4.10,1.20
2010.10.13 16:17:50.354,1.39875,1.39905,1.00,2.80
2010.10.13 16:17:50.705,1.39875,1.39895,1.00,1.00
2010.10.13 16:17:51.058,1.39865,1.399,2.60,4.80
2010.10.13 16:17:51.938,1.39865,1.399,1.60,5.20
2010.10.13 16:17:52.281,1.39865,1.399,1.70,5.20
2010.10.13 16:17:54.971,1.39865,1.39895,1.50,1.60
2010.10.13 16:17:55.150,1.39865,1.399,1.70,6.90
2010.10.13 16:17:56.038,1.39865,1.399,3.40,5.20
2010.10.13 16:17:56.386,1.39865,1.39895,1.00,2.00
2010.10.13 16:17:57.635,1.39865,1.39895,1.50,1.20
2010.10.13 16:17:57.984,1.3987,1.39895,1.00,1.00
2010.10.13 16:17:58.810,1.39865,1.39895,2.40,1.20
2010.10.13 16:17:59.153,1.39865,1.39895,1.00,1.20
2010.10.13 16:17:59.743,1.39865,1.39895,2.40,1.20
2010.10.13 16:18:00.278,1.39865,1.39895,1.00,1.20
2010.10.13 16:18:01.659,1.39865,1.39895,1.00,1.00
2010.10.13 16:18:04.236,1.39865,1.39895,1.00,2.40
2010.10.13 16:18:04.920,1.39865,1.39895,1.00,1.00
2010.10.13 16:18:08.173,1.3986,1.39895,1.50,3.70
2010.10.13 16:18:08.343,1.3986,1.3989,1.00,1.00
2010.10.13 16:18:08.513,1.3986,1.3989,1.00,1.20
2010.10.13 16:18:11.797,1.3986,1.3989,1.00,1.00
2010.10.13 16:18:12.445,1.39855,1.39885,1.30,1.00
2010.10.13 16:18:12.801,1.3986,1.39895,1.60,6.90
2010.10.13 16:18:13.652,1.3986,1.39895,1.60,5.30
2010.10.13 16:18:14.866,1.3986,1.3989,1.00,1.00
2010.10.13 16:18:15.191,1.3986,1.39895,1.50,3.70
2010.10.13 16:18:15.512,1.3986,1.39895,1.50,3.60
2010.10.13 16:18:15.830,1.3986,1.39895,1.50,3.70
2010.10.13 16:18:17.022,1.3986,1.39895,1.50,3.60
2010.10.13 16:18:17.260,1.3986,1.39895,3.60,3.20
2010.10.13 16:18:17.379,1.39865,1.399,1.50,3.70
2010.10.13 16:18:18.602,1.39865,1.399,3.20,2.00
2010.10.13 16:18:19.283,1.39865,1.399,3.60,1.60
2010.10.13 16:18:20.122,1.39865,1.399,4.90,2.00
2010.10.13 16:18:20.449,1.39865,1.399,1.90,3.20
2010.10.13 16:18:21.017,1.39865,1.399,3.80,1.60
2010.10.13 16:18:21.368,1.39875,1.399,1.00,1.00
2010.10.13 16:18:21.623,1.3987,1.399,1.00,1.00
2010.10.13 16:18:22.965,1.3987,1.399,1.10,1.00
2010.10.13 16:18:24.900,1.3987,1.399,2.80,1.00
2010.10.13 16:18:25.858,1.3987,1.399,1.10,1.00
2010.10.13 16:18:27.531,1.3987,1.399,2.70,1.00
2010.10.13 16:18:27.753,1.39875,1.39905,1.10,1.00
2010.10.13 16:18:27.979,1.39875,1.3991,1.10,2.00
2010.10.13 16:18:30.632,1.3988,1.3991,4.20,1.00
2010.10.13 16:18:30.975,1.39885,1.3991,1.00,1.60
2010.10.13 16:18:31.572,1.39885,1.3991,1.00,1.60
2010.10.13 16:18:31.925,1.39875,1.3991,1.90,3.60
2010.10.13 16:18:35.149,1.39885,1.3991,1.00,1.00
2010.10.13 16:18:35.314,1.3988,1.3991,1.50,1.00
2010.10.13 16:18:36.145,1.3988,1.39915,1.50,6.90
2010.10.13 16:18:36.492,1.3988,1.39915,1.50,5.20
2010.10.13 16:18:37.677,1.3988,1.39915,1.50,5.30
2010.10.13 16:18:38.359,1.3988,1.39915,1.50,11.40
2010.10.13 16:18:38.528,1.3988,1.3991,1.50,1.60
2010.10.13 16:18:39.201,1.3987,1.39905,2.30,3.60
2010.10.13 16:18:39.377,1.3988,1.39915,1.50,5.30
2010.10.13 16:18:40.263,1.3988,1.3991,1.50,2.00
2010.10.13 16:18:40.617,1.39875,1.39905,1.00,3.60
2010.10.13 16:18:41.847,1.3987,1.399,1.00,1.00
2010.10.13 16:18:42.195,1.3987,1.399,1.00,2.00
2010.10.13 16:18:43.054,1.39865,1.399,1.50,6.90
2010.10.13 16:18:43.364,1.39865,1.399,2.00,1.60
2010.10.13 16:18:43.671,1.39865,1.399,2.10,1.60
2010.10.13 16:18:45.375,1.3987,1.399,1.00,2.40
2010.10.13 16:18:46.214,1.3986,1.3989,1.50,3.60
2010.10.13 16:18:48.238,1.3986,1.3989,1.50,2.00
2010.10.13 16:18:50.497,1.3986,1.3989,1.50,1.00
2010.10.13 16:18:50.692,1.39865,1.39895,1.00,5.30
2010.10.13 16:18:51.048,1.39865,1.39895,1.00,1.20
2010.10.13 16:18:52.251,1.3988,1.39895,1.60,1.00
2010.10.13 16:18:53.087,1.3987,1.39895,2.00,1.60
2010.10.13 16:18:53.330,1.3987,1.39895,1.00,1.00
2010.10.13 16:18:54.074,1.39865,1.3989,1.00,1.60
2010.10.13 16:18:54.470,1.39875,1.3989,1.00,2.00
2010.10.13 16:18:55.308,1.3986,1.3989,1.00,1.60
2010.10.13 16:18:55.635,1.3985,1.3988,1.10,1.00
2010.10.13 16:18:56.907,1.39855,1.3988,1.00,1.00
2010.10.13 16:18:58.465,1.39855,1.39885,1.10,1.60
2010.10.13 16:18:59.843,1.39855,1.3989,1.90,4.90
2010.10.13 16:18:59.978,1.3986,1.3989,1.50,1.60
2010.10.13 16:19:00.885,1.3986,1.39895,1.50,3.60
2010.10.13 16:19:01.237,1.39865,1.39895,1.00,3.20
2010.10.13 16:19:01.805,1.39865,1.399,1.10,3.20
2010.10.13 16:19:02.158,1.39865,1.399,1.00,2.00
2010.10.13 16:19:02.503,1.39865,1.39895,1.00,1.20
2010.10.13 16:19:03.370,1.39865,1.39895,1.10,1.00
2010.10.13 16:19:04.356,1.39865,1.39895,1.90,1.00
2010.10.13 16:19:04.621,1.39865,1.39895,1.10,1.00
2010.10.13 16:19:04.875,1.39865,1.39895,1.00,1.60
2010.10.13 16:19:05.594,1.39875,1.399,1.60,3.20
2010.10.13 16:19:05.928,1.39865,1.399,1.90,3.20
2010.10.13 16:19:07.392,1.39875,1.399,1.60,1.00
2010.10.13 16:19:07.684,1.3987,1.399,1.00,4.10
2010.10.13 16:19:08.501,1.3987,1.399,1.00,2.40
2010.10.13 16:19:08.769,1.3987,1.399,1.50,1.60
2010.10.13 16:19:12.898,1.3987,1.399,1.90,1.60
2010.10.13 16:19:13.865,1.3987,1.399,1.90,2.40
2010.10.13 16:19:14.074,1.39875,1.399,1.00,2.40
2010.10.13 16:19:14.280,1.3987,1.39905,1.90,2.50
2010.10.13 16:19:15.022,1.39875,1.39905,1.00,2.50
2010.10.13 16:19:15.366,1.39875,1.39905,1.10,2.40
2010.10.13 16:19:15.714,1.39875,1.3991,1.90,2.40
2010.10.13 16:19:17.760,1.39885,1.3991,1.00,2.40
2010.10.13 16:19:17.960,1.39875,1.3991,1.90,3.20
2010.10.13 16:19:19.479,1.3988,1.3991,1.50,1.60
2010.10.13 16:19:23.607,1.39885,1.3991,1.00,1.60
2010.10.13 16:19:23.672,1.39885,1.3991,1.00,3.20
2010.10.13 16:19:23.797,1.3988,1.3991,1.10,3.20
2010.10.13 16:19:24.354,1.3988,1.3991,1.10,1.60
2010.10.13 16:19:24.705,1.39885,1.39915,1.00,1.60
2010.10.13 16:19:26.636,1.39885,1.3991,1.00,1.60
2010.10.13 16:19:26.809,1.39885,1.39895,1.00,1.00
2010.10.13 16:19:28.193,1.3988,1.39895,1.50,1.00
2010.10.13 16:19:32.542,1.39885,1.39895,1.00,1.00
2010.10.13 16:19:35.289,1.39885,1.39895,1.10,1.00
2010.10.13 16:19:36.070,1.39885,1.39895,2.40,1.00
2010.10.13 16:19:36.301,1.39885,1.39895,1.00,1.00
2010.10.13 16:19:40.931,1.39885,1.39895,1.10,1.00
2010.10.13 16:19:41.578,1.39885,1.39915,1.10,4.00
2010.10.13 16:19:43.081,1.39885,1.39915,1.00,5.60
2010.10.13 16:19:43.226,1.3988,1.39895,2.70,1.00
2010.10.13 16:19:44.035,1.3989,1.39895,1.00,1.00
2010.10.13 16:19:44.317,1.39885,1.39895,1.90,1.00
2010.10.13 16:19:44.862,1.39885,1.39895,1.50,1.00
2010.10.13 16:19:45.546,1.3988,1.39895,1.90,1.00
2010.10.13 16:19:50.140,1.3988,1.39895,1.50,1.00
2010.10.13 16:19:50.971,1.3988,1.39895,1.10,1.00
2010.10.13 16:19:54.010,1.3988,1.39895,1.00,1.00
2010.10.13 16:19:54.168,1.3987,1.39895,1.00,1.00
2010.10.13 16:19:55.004,1.39875,1.39895,1.00,1.00
2010.10.13 16:19:55.619,1.3987,1.39895,1.90,1.00
2010.10.13 16:19:56.686,1.3987,1.39895,3.60,1.00
2010.10.13 16:19:57.279,1.3987,1.39895,1.90,1.00
2010.10.13 16:19:58.520,1.39875,1.39895,1.00,1.00
2010.10.13 16:20:03.210,1.39875,1.39895,1.90,1.00
2010.10.13 16:20:06.802,1.39875,1.39895,1.00,1.00
2010.10.13 16:20:06.974,1.39875,1.39895,1.90,1.00
2010.10.13 16:20:09.053,1.3987,1.39895,1.90,1.00
2010.10.13 16:20:12.108,1.3987,1.39895,1.50,1.00
2010.10.13 16:20:12.943,1.39865,1.39895,1.90,1.00
2010.10.13 16:20:15.352,1.39875,1.39895,1.00,1.00
2010.10.13 16:20:16.164,1.39875,1.39895,1.90,1.00
2010.10.13 16:20:16.795,1.3987,1.39895,2.70,1.00
2010.10.13 16:20:17.650,1.39875,1.39895,1.00,1.00
2010.10.13 16:20:19.580,1.3988,1.39895,1.60,1.00
2010.10.13 16:20:19.819,1.39875,1.39895,1.00,1.00
2010.10.13 16:20:28.372,1.39865,1.39895,3.60,1.00
2010.10.13 16:20:44.572,1.39865,1.39895,3.50,1.00
2010.10.13 16:20:44.830,1.39865,1.39895,5.20,1.00
2010.10.13 16:20:45.093,1.39865,1.39895,3.60,1.00
2010.10.13 16:20:45.840,1.39865,1.39895,5.20,1.00
2010.10.13 16:20:47.078,1.39865,1.39895,5.20,1.60
2010.10.13 16:20:48.841,1.39865,1.39895,6.00,1.60
2010.10.13 16:20:48.938,1.39865,1.39895,5.20,1.60
2010.10.13 16:20:50.133,1.39865,1.39895,3.50,1.60
2010.10.13 16:20:50.519,1.39865,1.39895,5.20,1.60
2010.10.13 16:20:51.362,1.39865,1.39895,3.50,1.60
2010.10.13 16:20:51.958,1.39865,1.39895,1.90,1.60
2010.10.13 16:20:53.352,1.3987,1.39895,1.00,1.00
2010.10.13 16:20:55.338,1.39875,1.39895,1.00,1.00
2010.10.13 16:20:59.456,1.3987,1.39895,1.00,1.00
2010.10.13 16:20:59.703,1.39865,1.39895,1.90,1.00
2010.10.13 16:20:59.922,1.39865,1.39895,1.00,1.00
2010.10.13 16:21:00.128,1.3986,1.39895,1.90,2.40
2010.10.13 16:21:01.329,1.3986,1.39895,1.90,5.70
2010.10.13 16:21:03.267,1.3986,1.39895,1.90,5.80
2010.10.13 16:21:03.689,1.3986,1.39895,1.90,4.10
2010.10.13 16:21:03.768,1.3986,1.39895,1.90,2.40
2010.10.13 16:21:04.008,1.3986,1.39895,1.90,2.40
2010.10.13 16:21:05.389,1.3986,1.3989,1.10,1.00
2010.10.13 16:21:06.250,1.3986,1.3989,1.30,1.00
2010.10.13 16:21:06.834,1.3986,1.3989,2.90,1.00
2010.10.13 16:21:07.023,1.39865,1.39895,2.00,2.40
2010.10.13 16:21:11.064,1.39875,1.39895,1.00,1.00
2010.10.13 16:21:11.469,1.39875,1.39895,1.10,1.00
2010.10.13 16:21:12.526,1.3988,1.39895,1.00,1.00
2010.10.13 16:21:13.222,1.39875,1.39895,1.00,1.00
2010.10.13 16:21:15.091,1.3988,1.39895,1.00,1.00
2010.10.13 16:21:22.972,1.39885,1.39895,1.00,1.00
2010.10.13 16:21:23.625,1.39885,1.39895,1.00,1.00
2010.10.13 16:21:23.808,1.39885,1.3991,1.00,1.00
2010.10.13 16:21:23.989,1.39895,1.39915,1.00,1.00
2010.10.13 16:21:24.807,1.39885,1.39915,2.70,1.60
2010.10.13 16:21:25.081,1.39885,1.39915,1.00,2.40
2010.10.13 16:21:25.360,1.3988,1.39915,3.60,3.20
2010.10.13 16:21:25.969,1.3988,1.39915,1.90,4.80
2010.10.13 16:21:28.722,1.3988,1.39915,1.90,6.50
2010.10.13 16:21:30.289,1.3988,1.39915,1.90,4.90
2010.10.13 16:21:30.518,1.39885,1.39915,1.00,1.60
2010.10.13 16:21:31.380,1.39885,1.39915,1.90,2.40
2010.10.13 16:21:32.543,1.39895,1.3992,1.00,1.00
2010.10.13 16:21:34.511,1.399,1.39925,2.00,1.60
2010.10.13 16:21:38.397,1.39895,1.39925,1.00,1.60
2010.10.13 16:21:39.072,1.39895,1.3992,1.00,1.00
2010.10.13 16:21:39.244,1.3989,1.3992,1.00,4.00
2010.10.13 16:21:39.674,1.39895,1.3992,1.00,1.00
2010.10.13 16:21:47.141,1.39895,1.39925,1.00,4.90
2010.10.13 16:22:02.379,1.39895,1.3992,1.00,1.00
2010.10.13 16:22:03.065,1.39895,1.39925,1.00,4.90
2010.10.13 16:22:09.049,1.39895,1.3992,1.00,1.60
2010.10.13 16:22:09.198,1.39895,1.3992,1.00,2.40
2010.10.13 16:22:09.351,1.3989,1.3992,1.10,3.20
2010.10.13 16:22:09.936,1.3989,1.3992,1.10,1.60
2010.10.13 16:22:13.744,1.39895,1.39925,1.00,1.60
2010.10.13 16:22:21.064,1.39895,1.39925,1.00,4.90
2010.10.13 16:22:23.143,1.39885,1.39915,1.90,1.60
2010.10.13 16:22:23.750,1.39885,1.3992,1.90,4.90
2010.10.13 16:22:23.888,1.39885,1.3992,1.90,4.80
2010.10.13 16:22:26.543,1.39895,1.39925,1.00,4.90
2010.10.13 16:22:28.677,1.39895,1.39925,1.10,2.40
2010.10.13 16:22:28.898,1.39895,1.39925,1.10,4.10
2010.10.13 16:22:46.189,1.39895,1.3992,1.00,1.00
2010.10.13 16:22:47.676,1.39885,1.3992,1.90,4.90
2010.10.13 16:22:48.579,1.39885,1.39915,1.10,1.00
2010.10.13 16:22:49.226,1.39885,1.39915,1.00,1.60
2010.10.13 16:22:49.517,1.3988,1.39905,1.00,1.00
2010.10.13 16:22:52.833,1.3988,1.3991,1.00,1.60
2010.10.13 16:22:53.874,1.3988,1.3991,1.20,1.00
2010.10.13 16:22:54.030,1.3988,1.3991,1.90,1.00
2010.10.13 16:22:54.333,1.3988,1.3991,1.90,2.40
2010.10.13 16:22:54.994,1.39875,1.39905,2.30,4.10
2010.10.13 16:22:55.316,1.3988,1.3991,1.00,1.60
2010.10.13 16:22:56.653,1.3988,1.3991,1.00,3.20
2010.10.13 16:22:57.002,1.3988,1.3991,1.10,1.00
2010.10.13 16:22:57.829,1.39885,1.39915,1.00,4.90
2010.10.13 16:22:58.086,1.3989,1.3992,1.00,3.20
2010.10.13 16:22:59.635,1.3989,1.3992,1.00,1.60
2010.10.13 16:23:00.021,1.39885,1.3992,4.90,1.80
2010.10.13 16:23:00.185,1.39885,1.3992,1.50,3.40
2010.10.13 16:23:00.349,1.39885,1.3992,1.50,6.70
2010.10.13 16:23:01.010,1.39885,1.39915,1.00,1.00
2010.10.13 16:23:01.380,1.39885,1.39915,1.00,4.90
2010.10.13 16:23:02.511,1.39885,1.39915,1.00,1.60
2010.10.13 16:23:04.582,1.39885,1.399,1.00,3.30
2010.10.13 16:23:05.134,1.39875,1.39895,1.90,1.60
2010.10.13 16:23:05.391,1.39875,1.3989,1.90,1.60
2010.10.13 16:23:06.874,1.39885,1.399,1.00,3.30
2010.10.13 16:23:10.307,1.39885,1.39895,1.00,1.60
2010.10.13 16:23:10.341,1.39885,1.39895,1.00,3.30
2010.10.13 16:23:10.648,1.39885,1.39895,1.00,1.60
2010.10.13 16:23:10.689,1.39885,1.39915,1.00,3.20
2010.10.13 16:23:10.727,1.39885,1.3991,1.00,1.00
2010.10.13 16:23:10.763,1.39885,1.3991,1.00,1.60
2010.10.13 16:23:11.436,1.39885,1.39905,1.60,1.60
2010.10.13 16:23:11.795,1.3987,1.399,1.00,1.60
2010.10.13 16:23:12.619,1.3987,1.399,1.00,3.20
2010.10.13 16:23:12.954,1.3987,1.399,1.00,4.90
2010.10.13 16:23:13.605,1.3987,1.39895,1.00,4.10
2010.10.13 16:23:14.463,1.3987,1.399,1.10,1.60
2010.10.13 16:23:15.290,1.3987,1.39905,1.90,1.60
2010.10.13 16:23:15.993,1.3987,1.39905,1.90,4.90
2010.10.13 16:23:17.414,1.3987,1.39905,1.90,5.00
2010.10.13 16:23:17.766,1.3987,1.39905,1.90,3.20
2010.10.13 16:23:19.846,1.3988,1.39905,1.00,1.00
2010.10.13 16:23:19.962,1.3988,1.39915,1.90,4.90
2010.10.13 16:23:20.314,1.3988,1.39915,1.90,3.30
2010.10.13 16:23:20.660,1.3988,1.39915,1.90,3.20
2010.10.13 16:23:21.477,1.39885,1.39915,1.10,1.00
2010.10.13 16:23:25.348,1.39885,1.39915,1.00,1.00
2010.10.13 16:23:25.419,1.39885,1.39915,1.00,1.00
2010.10.13 16:23:25.488,1.39885,1.39915,1.10,1.00
2010.10.13 16:23:26.288,1.39885,1.39915,1.00,4.00
2010.10.13 16:23:26.562,1.3988,1.3991,1.80,1.60
2010.10.13 16:23:27.106,1.3988,1.39915,1.80,5.10
2010.10.13 16:23:27.415,1.39885,1.39915,1.50,1.00
2010.10.13 16:23:30.978,1.39885,1.39915,1.50,1.00
2010.10.13 16:23:31.179,1.3988,1.3991,1.90,1.00
2010.10.13 16:23:31.846,1.3988,1.3991,1.80,1.00
2010.10.13 16:23:33.336,1.39875,1.39905,1.00,1.00
2010.10.13 16:23:34.701,1.39875,1.39905,1.00,2.40
2010.10.13 16:23:35.040,1.39875,1.39905,1.00,1.00
2010.10.13 16:23:35.663,1.3987,1.39905,1.90,3.30
2010.10.13 16:23:35.940,1.3987,1.39905,1.90,5.10
2010.10.13 16:23:36.732,1.3987,1.39905,3.60,1.60
2010.10.13 16:23:38.860,1.3988,1.39905,1.00,1.60
2010.10.13 16:23:38.969,1.3988,1.39905,1.00,1.00
2010.10.13 16:23:39.601,1.39875,1.39905,2.80,1.00
2010.10.13 16:23:40.965,1.39875,1.3991,3.60,1.70
2010.10.13 16:23:45.292,1.39875,1.3991,3.60,1.60
2010.10.13 16:23:45.529,1.39875,1.3991,3.60,1.70
2010.10.13 16:23:46.248,1.39875,1.3991,3.60,1.60
2010.10.13 16:23:50.017,1.39875,1.39905,1.90,1.00
2010.10.13 16:23:50.135,1.39875,1.39905,1.00,1.00
2010.10.13 16:23:50.362,1.39875,1.39905,1.10,1.00
2010.10.13 16:23:50.471,1.3988,1.3991,1.00,1.70
2010.10.13 16:23:51.541,1.3988,1.3991,2.30,1.60
2010.10.13 16:24:01.219,1.3988,1.3991,1.00,1.60
2010.10.13 16:24:01.569,1.39885,1.39915,1.00,5.10
2010.10.13 16:24:02.291,1.39885,1.3992,3.60,1.70
2010.10.13 16:24:02.609,1.39885,1.39915,3.60,1.60
2010.10.13 16:24:03.635,1.39885,1.39915,1.60,1.70
2010.10.13 16:24:03.953,1.3988,1.39915,5.20,1.60
2010.10.13 16:24:05.364,1.3988,1.39915,5.20,1.70
2010.10.13 16:24:11.950,1.3988,1.3991,2.70,1.00
2010.10.13 16:24:12.636,1.3988,1.39905,1.10,1.00
2010.10.13 16:24:12.885,1.3987,1.399,1.90,1.00
2010.10.13 16:24:13.371,1.3987,1.399,1.50,1.00
2010.10.13 16:24:14.125,1.3987,1.399,1.90,1.00
2010.10.13 16:24:14.307,1.39875,1.39905,1.10,1.60
2010.10.13 16:24:14.491,1.3988,1.39905,1.60,1.00
2010.10.13 16:24:15.150,1.39875,1.39905,1.00,1.00
2010.10.13 16:24:17.291,1.39875,1.39905,1.10,1.00
2010.10.13 16:24:17.503,1.3988,1.39905,3.60,1.00
2010.10.13 16:24:18.518,1.3988,1.39905,3.20,1.00
2010.10.13 16:24:18.854,1.3988,1.39905,1.60,1.00
2010.10.13 16:24:19.520,1.3988,1.39905,3.20,1.00
2010.10.13 16:24:22.026,1.3988,1.39905,1.60,1.00
2010.10.13 16:24:22.277,1.3987,1.399,1.10,1.00
2010.10.13 16:24:22.778,1.39875,1.39905,1.00,3.20
2010.10.13 16:24:23.516,1.3988,1.39905,1.60,1.60
2010.10.13 16:24:23.855,1.3987,1.39905,1.50,1.60
2010.10.13 16:24:25.046,1.3987,1.39905,1.50,1.70
2010.10.13 16:24:28.993,1.39865,1.39895,6.90,1.00
2010.10.13 16:24:30.277,1.39865,1.39895,1.90,1.00
2010.10.13 16:24:30.607,1.39865,1.39895,1.50,1.00
2010.10.13 16:24:31.379,1.39865,1.39895,1.90,1.00
2010.10.13 16:24:32.981,1.39865,1.39895,1.10,1.00
2010.10.13 16:24:33.860,1.39865,1.39895,1.00,1.60
2010.10.13 16:24:34.139,1.39865,1.399,1.90,1.60
2010.10.13 16:24:34.808,1.3987,1.399,1.00,1.00
2010.10.13 16:24:39.468,1.3987,1.399,1.10,1.00
2010.10.13 16:24:40.129,1.3987,1.39905,1.90,1.60
2010.10.13 16:24:41.740,1.3987,1.399,1.00,1.60
2010.10.13 16:24:46.753,1.3987,1.399,1.00,2.00
2010.10.13 16:24:47.284,1.3987,1.399,1.00,2.10
2010.10.13 16:24:47.458,1.3986,1.39895,2.00,4.10
2010.10.13 16:24:47.788,1.39865,1.39895,1.00,4.10
2010.10.13 16:24:50.992,1.3986,1.3989,2.00,1.00
2010.10.13 16:24:51.173,1.3986,1.3989,1.00,1.00
2010.10.13 16:24:51.861,1.39855,1.3989,1.90,4.50
2010.10.13 16:24:52.179,1.39855,1.39885,1.00,2.40
2010.10.13 16:24:56.208,1.39855,1.39885,1.00,1.00
2010.10.13 16:24:58.701,1.39855,1.39885,1.00,6.80
2010.10.13 16:24:59.279,1.39855,1.3988,1.50,1.00
2010.10.13 16:24:59.459,1.3986,1.3989,1.00,1.00
2010.10.13 16:25:00.299,1.3986,1.39895,1.00,3.60
2010.10.13 16:25:00.664,1.3986,1.3989,1.50,1.00
2010.10.13 16:25:02.400,1.39855,1.3989,5.30,1.60
2010.10.13 16:25:05.420,1.39855,1.3989,5.30,1.60
2010.10.13 16:25:06.052,1.3986,1.39895,1.50,5.40
2010.10.13 16:25:06.448,1.3986,1.39895,1.50,11.40
2010.10.13 16:25:06.520,1.3986,1.3989,1.50,1.00
2010.10.13 16:25:06.589,1.3986,1.39885,1.50,1.00
2010.10.13 16:25:06.660,1.3986,1.3989,1.50,1.00
2010.10.13 16:25:06.728,1.3986,1.3989,1.50,1.00
2010.10.13 16:25:07.335,1.3986,1.3989,1.50,1.70
2010.10.13 16:25:07.688,1.3986,1.3989,1.50,1.00
2010.10.13 16:25:08.030,1.3986,1.39895,1.50,7.30
2010.10.13 16:25:09.610,1.3986,1.39895,1.50,7.10
2010.10.13 16:25:09.729,1.3986,1.39895,1.50,7.20
2010.10.13 16:25:09.848,1.3986,1.39895,1.50,7.00
2010.10.13 16:25:10.328,1.3986,1.39895,1.50,7.10
2010.10.13 16:25:10.966,1.39865,1.39895,1.00,4.10
2010.10.13 16:25:11.284,1.3986,1.3989,1.10,1.00
2010.10.13 16:25:12.390,1.3986,1.3989,1.90,1.00
2010.10.13 16:25:12.733,1.3986,1.3989,1.10,1.00
2010.10.13 16:25:13.950,1.39865,1.39895,1.00,2.60
2010.10.13 16:25:14.296,1.3986,1.3989,1.50,1.60
2010.10.13 16:25:15.306,1.3986,1.39895,1.50,5.50
2010.10.13 16:25:15.970,1.39865,1.39895,1.00,4.70
2010.10.13 16:25:16.701,1.39865,1.39895,1.00,1.60
2010.10.13 16:25:16.927,1.39865,1.39895,1.50,1.60
2010.10.13 16:25:17.220,1.39865,1.399,1.50,3.20
2010.10.13 16:25:17.810,1.39865,1.39895,1.50,1.60
2010.10.13 16:25:18.682,1.39865,1.399,1.50,3.20
2010.10.13 16:25:19.249,1.39865,1.399,1.60,3.60
2010.10.13 16:25:20.020,1.39865,1.39895,1.50,1.60
2010.10.13 16:25:22.610,1.39865,1.39895,1.70,1.60
2010.10.13 16:25:23.413,1.3987,1.399,1.10,2.40
2010.10.13 16:25:23.564,1.39875,1.39895,1.00,1.60
2010.10.13 16:25:24.201,1.39875,1.39895,2.40,1.00
2010.10.13 16:25:24.348,1.39865,1.39895,1.50,3.30
2010.10.13 16:25:25.027,1.39865,1.399,3.20,1.60
2010.10.13 16:25:25.378,1.39865,1.39895,1.00,1.00
2010.10.13 16:25:26.210,1.3987,1.399,1.10,1.00
2010.10.13 16:25:26.552,1.3987,1.39905,1.90,4.90
2010.10.13 16:25:26.862,1.39875,1.39905,1.00,1.60
2010.10.13 16:25:27.444,1.3988,1.39905,1.00,1.60
2010.10.13 16:25:27.739,1.3989,1.3992,2.90,2.20
2010.10.13 16:25:28.525,1.39895,1.39925,1.00,1.60
2010.10.13 16:25:29.635,1.39895,1.39925,1.00,1.00
2010.10.13 16:25:29.934,1.39895,1.39925,1.50,1.00
2010.10.13 16:25:30.232,1.399,1.3993,1.00,2.40
2010.10.13 16:25:31.403,1.399,1.39925,1.00,1.60
2010.10.13 16:25:33.832,1.39895,1.39925,1.50,1.60
2010.10.13 16:25:36.809,1.399,1.3993,1.00,4.90
2010.10.13 16:25:36.972,1.399,1.3993,1.10,1.00
2010.10.13 16:25:37.633,1.39895,1.3992,2.00,1.00
2010.10.13 16:25:37.791,1.39895,1.39915,1.00,1.00
2010.10.13 16:25:38.674,1.39885,1.39915,3.80,1.00
2010.10.13 16:25:38.963,1.39885,1.39915,5.50,1.00
2010.10.13 16:25:39.753,1.39895,1.39915,1.00,1.00
2010.10.13 16:25:40.049,1.3989,1.39925,7.30,1.60
2010.10.13 16:25:41.674,1.3989,1.39925,4.90,1.60
2010.10.13 16:25:42.025,1.3989,1.3992,1.00,1.00
2010.10.13 16:25:44.606,1.3989,1.39925,3.50,4.90
2010.10.13 16:25:44.769,1.3989,1.39925,3.50,3.20
2010.10.13 16:25:44.930,1.3989,1.39925,3.50,1.60
2010.10.13 16:25:45.614,1.3989,1.3992,3.50,1.00
2010.10.13 16:25:46.302,1.3989,1.3992,3.60,1.00
2010.10.13 16:25:47.084,1.3989,1.3992,3.50,1.00
2010.10.13 16:25:48.572,1.3989,1.3992,4.40,1.00
2010.10.13 16:25:48.948,1.399,1.3993,2.00,1.60
2010.10.13 16:25:49.165,1.399,1.3993,1.00,1.00
2010.10.13 16:25:49.686,1.39895,1.3993,6.90,1.00
2010.10.13 16:25:49.908,1.399,1.39925,1.60,1.00
2010.10.13 16:25:50.935,1.39895,1.39925,5.20,1.00
2010.10.13 16:25:52.976,1.39895,1.39925,3.60,1.00
2010.10.13 16:25:53.741,1.39895,1.39925,1.50,2.80
2010.10.13 16:25:54.321,1.39895,1.39925,1.50,4.50
2010.10.13 16:25:54.555,1.39895,1.39925,1.90,1.00
2010.10.13 16:25:55.518,1.39895,1.39925,3.60,1.00
2010.10.13 16:25:56.542,1.399,1.3993,1.50,3.20
2010.10.13 16:25:57.099,1.399,1.3993,1.50,4.00
2010.10.13 16:25:57.452,1.39885,1.39915,1.50,3.30
2010.10.13 16:25:58.279,1.39885,1.3991,1.00,1.60
2010.10.13 16:25:58.634,1.39885,1.3991,1.00,3.30
2010.10.13 16:25:58.826,1.3988,1.3991,1.50,1.00
2010.10.13 16:26:00.364,1.3988,1.3991,1.90,1.00
2010.10.13 16:26:01.225,1.39885,1.39915,4.40,1.00
2010.10.13 16:26:02.075,1.39885,1.39915,2.80,1.00
2010.10.13 16:26:02.428,1.39895,1.3992,1.00,1.60
2010.10.13 16:26:03.109,1.39895,1.39925,1.10,1.60
2010.10.13 16:26:03.972,1.39895,1.39925,1.10,4.90
2010.10.13 16:26:04.868,1.39895,1.39925,1.10,5.00
2010.10.13 16:26:05.710,1.39895,1.39925,1.10,4.90
2010.10.13 16:26:09.412,1.39895,1.39925,1.10,5.10
2010.10.13 16:26:09.541,1.39895,1.39925,1.10,4.90
2010.10.13 16:26:12.938,1.3989,1.3992,1.90,1.00
2010.10.13 16:26:13.853,1.3989,1.39915,1.90,1.60
2010.10.13 16:26:14.212,1.39885,1.3991,1.00,1.60
2010.10.13 16:26:16.844,1.39875,1.39905,1.50,3.20
2010.10.13 16:26:16.972,1.39875,1.39905,1.50,4.00
2010.10.13 16:26:17.764,1.39875,1.399,1.00,1.60
2010.10.13 16:26:18.237,1.39875,1.399,1.00,1.60
2010.10.13 16:26:18.762,1.39875,1.399,1.60,1.60
2010.10.13 16:26:19.107,1.3988,1.39905,1.50,3.20
2010.10.13 16:26:22.412,1.3988,1.399,1.50,1.60
2010.10.13 16:26:22.712,1.39875,1.399,1.00,2.00
2010.10.13 16:26:23.576,1.39875,1.39905,1.00,1.60
2010.10.13 16:26:24.907,1.3988,1.3991,1.60,3.20
2010.10.13 16:26:26.162,1.39875,1.3991,1.50,5.40
2010.10.13 16:26:26.379,1.39875,1.39905,1.50,3.30
2010.10.13 16:26:30.579,1.39875,1.3991,1.50,4.90
2010.10.13 16:26:30.720,1.3988,1.3991,1.00,4.10
2010.10.13 16:26:33.645,1.39875,1.3991,3.50,3.20
2010.10.13 16:26:33.810,1.39875,1.3991,3.60,3.20
2010.10.13 16:26:34.653,1.39875,1.3991,3.50,3.20
2010.10.13 16:26:38.830,1.39875,1.3991,3.70,3.20
2010.10.13 16:26:39.499,1.39885,1.3991,1.60,3.20
2010.10.13 16:26:39.854,1.39885,1.3992,1.90,3.20
2010.10.13 16:26:40.540,1.39885,1.3992,2.10,3.20
2010.10.13 16:26:50.410,1.39885,1.3992,2.00,3.20
2010.10.13 16:26:51.229,1.39885,1.3992,2.10,3.20
2010.10.13 16:26:51.399,1.3989,1.3992,1.00,1.00
2010.10.13 16:26:51.569,1.3989,1.39925,3.10,5.30
2010.10.13 16:26:55.422,1.3989,1.39925,3.30,4.90
2010.10.13 16:26:55.628,1.3989,1.39925,3.30,3.20
2010.10.13 16:26:56.208,1.3989,1.39925,5.00,1.60
2010.10.13 16:26:58.100,1.3989,1.39925,3.20,1.00
2010.10.13 16:26:58.301,1.39895,1.3993,2.70,3.40
2010.10.13 16:26:58.641,1.399,1.3993,1.00,3.30
2010.10.13 16:26:59.788,1.399,1.3993,1.50,3.40
2010.10.13 16:27:00.958,1.399,1.3993,1.50,1.80
2010.10.13 16:27:01.151,1.399,1.3993,2.10,1.60
2010.10.13 16:27:01.341,1.399,1.3993,1.90,1.60
2010.10.13 16:27:02.010,1.3991,1.39935,1.00,3.80
2010.10.13 16:27:02.692,1.39905,1.39925,1.50,1.60
2010.10.13 16:27:03.381,1.399,1.39925,1.50,3.20
2010.10.13 16:27:03.712,1.39915,1.39935,1.00,1.60
2010.10.13 16:27:04.531,1.39915,1.39945,1.00,5.80
2010.10.13 16:27:04.857,1.39915,1.39945,1.00,4.60
2010.10.13 16:27:05.160,1.39915,1.39945,1.00,4.00
2010.10.13 16:27:05.989,1.39915,1.3994,1.00,1.60
2010.10.13 16:27:06.276,1.39915,1.39945,1.50,1.00
2010.10.13 16:27:09.082,1.39915,1.3995,1.50,6.60
2010.10.13 16:27:09.422,1.39915,1.3995,1.50,6.00
2010.10.13 16:27:09.668,1.39915,1.3995,1.50,5.90
2010.10.13 16:27:10.921,1.39915,1.39945,1.50,3.30
2010.10.13 16:27:12.605,1.39915,1.3995,1.50,5.90
2010.10.13 16:27:14.089,1.39915,1.39945,1.50,3.30
2010.10.13 16:27:23.311,1.39915,1.39945,1.00,3.30
2010.10.13 16:27:25.262,1.39915,1.3995,1.10,4.90
2010.10.13 16:27:25.488,1.3992,1.3995,1.00,4.90
2010.10.13 16:27:26.212,1.3992,1.3995,1.00,1.60
2010.10.13 16:27:26.432,1.39915,1.3994,1.00,1.60
2010.10.13 16:27:28.083,1.39915,1.39945,1.10,1.00
2010.10.13 16:27:28.432,1.39915,1.39945,1.10,1.00
2010.10.13 16:27:28.729,1.39915,1.39945,1.10,1.00
2010.10.13 16:27:29.563,1.39915,1.39945,1.00,1.00
2010.10.13 16:27:31.423,1.3992,1.3995,1.00,3.30
2010.10.13 16:27:32.204,1.3992,1.39955,1.50,2.00
2010.10.13 16:27:33.042,1.3992,1.39955,1.50,1.60
2010.10.13 16:27:36.830,1.39925,1.39955,1.00,1.00
2010.10.13 16:27:38.093,1.3992,1.39955,1.50,5.50
2010.10.13 16:27:39.607,1.3992,1.3995,1.20,1.00
2010.10.13 16:27:39.883,1.3992,1.39945,1.00,3.30
2010.10.13 16:27:40.849,1.39915,1.3994,1.00,1.60
2010.10.13 16:27:41.191,1.3991,1.3994,1.00,1.60
2010.10.13 16:27:41.929,1.39905,1.3994,3.20,1.60
2010.10.13 16:27:42.220,1.39915,1.3994,1.00,1.00
2010.10.13 16:27:42.508,1.3991,1.39935,1.00,3.30
2010.10.13 16:27:43.304,1.39905,1.39935,1.50,4.10
2010.10.13 16:27:44.894,1.39905,1.39935,1.80,1.00
2010.10.13 16:27:46.682,1.3991,1.39935,1.00,1.00
2010.10.13 16:27:47.407,1.3991,1.39945,1.80,5.40
2010.10.13 16:27:47.755,1.3991,1.39945,1.80,4.90
2010.10.13 16:27:50.737,1.39915,1.3995,1.80,5.00
2010.10.13 16:27:53.162,1.39915,1.3995,1.80,4.90
2010.10.13 16:27:54.404,1.3992,1.3995,1.00,1.00
2010.10.13 16:27:56.701,1.3992,1.39945,1.00,1.60
2010.10.13 16:27:56.951,1.39915,1.3995,1.80,1.60
2010.10.13 16:27:57.668,1.39915,1.3995,1.80,3.20
2010.10.13 16:27:58.018,1.39915,1.3995,1.80,4.90
2010.10.13 16:27:59.013,1.39915,1.39945,1.00,1.00
2010.10.13 16:27:59.533,1.3991,1.39945,1.80,1.60
2010.10.13 16:27:59.843,1.3991,1.39945,1.80,4.90
2010.10.13 16:28:00.838,1.3991,1.3994,1.00,1.60
2010.10.13 16:28:03.997,1.3991,1.39935,1.00,1.00
2010.10.13 16:28:04.339,1.39905,1.39935,1.00,1.00
2010.10.13 16:28:06.061,1.399,1.3993,1.00,1.00
2010.10.13 16:28:11.851,1.39895,1.3993,2.00,3.20
2010.10.13 16:28:12.494,1.39895,1.3993,3.70,1.60
2010.10.13 16:28:12.680,1.39895,1.3993,3.80,1.60
2010.10.13 16:28:13.252,1.39895,1.3993,5.40,1.60
2010.10.13 16:28:13.888,1.399,1.3993,1.10,1.00
2010.10.13 16:28:14.238,1.399,1.3993,1.00,1.00
2010.10.13 16:28:17.034,1.39905,1.39935,1.90,2.40
2010.10.13 16:28:18.089,1.3991,1.39935,1.00,1.60
2010.10.13 16:28:18.781,1.39915,1.3994,1.90,1.60
2010.10.13 16:28:18.952,1.39915,1.39945,1.90,1.60
2010.10.13 16:28:19.652,1.39915,1.39945,1.90,1.70
2010.10.13 16:28:19.989,1.39915,1.39945,1.90,1.60
2010.10.13 16:28:21.220,1.39915,1.39945,1.90,1.60
2010.10.13 16:28:22.979,1.39915,1.39945,1.50,1.60
2010.10.13 16:28:23.269,1.39915,1.3995,1.50,3.20
2010.10.13 16:28:24.073,1.3992,1.3995,1.10,2.40
2010.10.13 16:28:24.403,1.3992,1.3995,1.10,1.00
2010.10.13 16:28:36.700,1.3992,1.39945,1.00,4.10
2010.10.13 16:28:36.823,1.39915,1.39945,1.10,4.10
2010.10.13 16:28:37.736,1.3992,1.3995,1.10,1.00
2010.10.13 16:28:43.428,1.3993,1.3996,1.00,1.60
2010.10.13 16:28:44.567,1.3993,1.3996,1.90,1.60
2010.10.13 16:28:44.913,1.3993,1.3996,1.90,1.60
2010.10.13 16:28:46.100,1.3993,1.3996,1.90,1.70
2010.10.13 16:28:46.401,1.3993,1.3996,1.90,1.00
2010.10.13 16:28:47.252,1.39935,1.39965,1.00,5.00
2010.10.13 16:28:49.422,1.39935,1.39965,1.00,4.20
2010.10.13 16:28:49.486,1.39935,1.39965,1.50,4.10
2010.10.13 16:28:50.386,1.39935,1.39965,1.90,4.10
2010.10.13 16:28:50.788,1.3994,1.3997,1.00,3.20
2010.10.13 16:28:51.134,1.39935,1.3997,1.90,4.90
2010.10.13 16:28:52.090,1.39935,1.39965,1.50,3.30
2010.10.13 16:28:53.924,1.39935,1.3997,1.50,6.50
2010.10.13 16:28:55.374,1.39935,1.3997,1.10,1.80
2010.10.13 16:28:55.669,1.39935,1.3997,1.00,6.80
2010.10.13 16:28:56.868,1.39925,1.39955,3.70,1.00
2010.10.13 16:28:57.146,1.3993,1.3996,1.00,1.00
2010.10.13 16:28:57.810,1.39925,1.3996,3.40,1.00
2010.10.13 16:28:58.149,1.3993,1.3996,1.00,1.00
2010.10.13 16:28:58.975,1.3993,1.3996,1.00,1.60
2010.10.13 16:28:59.327,1.39925,1.39955,1.50,1.00
2010.10.13 16:29:00.528,1.3993,1.3996,1.00,4.20
2010.10.13 16:29:00.870,1.3993,1.3996,1.10,1.00
2010.10.13 16:29:01.725,1.3993,1.3996,1.10,1.00
2010.10.13 16:29:02.074,1.3993,1.3996,1.10,1.00
2010.10.13 16:29:03.063,1.3993,1.3996,1.00,1.00
2010.10.13 16:29:03.410,1.3993,1.39965,1.90,4.90
2010.10.13 16:29:04.504,1.39935,1.39965,1.50,4.10
2010.10.13 16:29:05.639,1.39935,1.39965,1.50,2.40
2010.10.13 16:29:05.989,1.39935,1.39965,1.70,1.00
2010.10.13 16:29:06.671,1.39935,1.39965,1.90,1.00
2010.10.13 16:29:07.196,1.3994,1.3997,1.00,4.20
2010.10.13 16:29:07.549,1.3994,1.3997,1.10,1.00
2010.10.13 16:29:12.200,1.3994,1.39975,1.90,5.00
2010.10.13 16:29:12.987,1.3994,1.39975,1.90,4.90
2010.10.13 16:29:13.272,1.3994,1.39965,1.50,1.60
2010.10.13 16:29:13.543,1.3994,1.39965,1.00,1.60
2010.10.13 16:29:13.824,1.3994,1.3997,1.10,1.00
2010.10.13 16:29:15.613,1.3994,1.39965,1.00,1.60
2010.10.13 16:29:16.245,1.3993,1.39965,3.70,1.60
2010.10.13 16:29:16.567,1.3993,1.3996,1.50,1.60
2010.10.13 16:29:16.882,1.3993,1.39965,1.50,4.80
2010.10.13 16:29:17.775,1.3993,1.39955,1.50,1.60
2010.10.13 16:29:18.464,1.3993,1.39955,2.50,1.60
2010.10.13 16:29:19.325,1.3993,1.39965,1.90,4.90
2010.10.13 16:29:19.675,1.39935,1.39965,1.00,4.10
2010.10.13 16:29:20.244,1.39935,1.39965,1.90,2.40
2010.10.13 16:29:20.593,1.39935,1.39965,1.50,4.10
2010.10.13 16:29:22.423,1.3993,1.3996,1.50,1.60
2010.10.13 16:29:22.746,1.39925,1.39955,1.00,4.90
2010.10.13 16:29:23.581,1.3992,1.39955,1.90,4.90
2010.10.13 16:29:25.159,1.3992,1.3995,1.50,1.00
2010.10.13 16:29:25.263,1.39915,1.3995,1.90,6.70
2010.10.13 16:29:25.359,1.39915,1.39945,1.90,1.60
2010.10.13 16:29:25.459,1.39915,1.39945,1.50,3.30
2010.10.13 16:29:26.003,1.39915,1.39945,1.50,1.60
2010.10.13 16:29:26.124,1.39915,1.39945,1.50,3.30
2010.10.13 16:29:26.469,1.39915,1.3995,1.50,6.70
2010.10.13 16:29:27.882,1.3991,1.39945,1.90,3.20
2010.10.13 16:29:28.115,1.3991,1.39945,1.90,4.90
2010.10.13 16:29:31.515,1.3991,1.39935,1.00,1.60
2010.10.13 16:29:31.712,1.3991,1.3994,1.10,1.00
2010.10.13 16:29:34.337,1.39915,1.39945,1.00,3.30
2010.10.13 16:29:34.684,1.3991,1.39945,3.50,3.20
2010.10.13 16:29:35.481,1.3991,1.39945,3.50,1.60
2010.10.13 16:29:35.751,1.3991,1.39945,1.50,6.50
2010.10.13 16:29:37.065,1.3991,1.39945,1.50,6.60
2010.10.13 16:29:38.237,1.3992,1.39945,1.60,5.10
2010.10.13 16:29:38.555,1.39915,1.39945,1.50,1.00
2010.10.13 16:29:45.561,1.3992,1.3995,1.00,4.10
2010.10.13 16:29:45.739,1.3992,1.3995,1.00,1.00
2010.10.13 16:29:45.919,1.39915,1.3995,1.90,1.00
2010.10.13 16:29:46.606,1.39915,1.3995,1.90,1.60
2010.10.13 16:29:47.636,1.39915,1.3995,1.50,1.70
2010.10.13 16:29:48.496,1.39905,1.39935,1.90,3.30
2010.10.13 16:29:48.849,1.399,1.3993,1.00,1.00
2010.10.13 16:29:49.595,1.399,1.3993,1.00,2.40
2010.10.13 16:29:49.844,1.399,1.3993,1.00,4.10
2010.10.13 16:29:50.570,1.399,1.3993,1.00,5.70
2010.10.13 16:29:52.471,1.399,1.3993,1.00,6.00
2010.10.13 16:29:53.359,1.39895,1.39925,1.50,3.30
2010.10.13 16:29:54.218,1.399,1.3993,1.00,4.10
2010.10.13 16:29:56.870,1.399,1.3993,1.90,4.10
2010.10.13 16:29:57.169,1.39905,1.3993,1.00,1.60
2010.10.13 16:29:57.976,1.39905,1.39935,1.00,4.10
2010.10.13 16:29:58.296,1.39905,1.39925,1.00,1.60
2010.10.13 16:30:01.199,1.39895,1.39925,1.60,1.60
2010.10.13 16:30:01.794,1.39895,1.3993,1.50,5.00
2010.10.13 16:30:02.911,1.39895,1.3993,1.50,4.80
2010.10.13 16:30:03.219,1.39895,1.39925,1.50,1.00
2010.10.13 16:30:04.121,1.39895,1.3993,1.50,3.20
2010.10.13 16:30:05.579,1.39905,1.39935,1.50,3.30
2010.10.13 16:30:07.158,1.3991,1.39935,1.20,1.60
2010.10.13 16:30:07.436,1.3991,1.39935,1.00,1.60
2010.10.13 16:30:07.701,1.39905,1.39935,1.50,1.60
2010.10.13 16:30:08.673,1.39905,1.39935,1.50,3.20
2010.10.13 16:30:10.458,1.39905,1.39935,1.50,1.60
2010.10.13 16:30:11.500,1.39905,1.39935,1.50,3.20
2010.10.13 16:30:11.796,1.39905,1.3994,1.50,3.60
2010.10.13 16:30:12.081,1.3991,1.3994,1.00,2.00
2010.10.13 16:30:15.177,1.39915,1.3994,1.60,2.00
2010.10.13 16:30:15.329,1.39915,1.3994,2.00,1.20
2010.10.13 16:30:16.758,1.39915,1.3994,2.00,1.00
2010.10.13 16:30:17.819,1.39915,1.39945,2.00,1.60
2010.10.13 16:30:22.274,1.3991,1.39945,2.30,4.90
2010.10.13 16:30:22.718,1.3991,1.39945,1.90,4.90
2010.10.13 16:30:26.165,1.3991,1.39945,1.90,5.10
2010.10.13 16:30:26.226,1.3991,1.39935,1.00,3.20
2010.10.13 16:30:28.705,1.39915,1.39935,1.00,3.20
2010.10.13 16:30:28.916,1.39915,1.39945,2.80,1.00
2010.10.13 16:30:30.819,1.39915,1.39945,2.40,1.00
2010.10.13 16:30:31.431,1.39915,1.39945,1.00,2.40
2010.10.13 16:30:31.777,1.3991,1.3994,3.20,1.00
2010.10.13 16:30:32.122,1.39915,1.39945,1.00,2.40
2010.10.13 16:30:33.002,1.39915,1.39945,1.00,4.00
2010.10.13 16:30:33.342,1.39915,1.39945,1.00,5.70
2010.10.13 16:30:33.682,1.3991,1.39945,1.50,6.50
2010.10.13 16:30:34.761,1.39915,1.39945,1.00,5.70
2010.10.13 16:30:38.185,1.3991,1.3994,1.50,1.70
2010.10.13 16:30:38.420,1.3991,1.3994,1.50,1.00
2010.10.13 16:30:38.659,1.3991,1.39945,1.50,5.10
2010.10.13 16:30:41.460,1.3991,1.39945,1.50,5.00
2010.10.13 16:30:44.961,1.3991,1.3994,1.00,1.60
2010.10.13 16:30:45.349,1.39905,1.3994,3.60,1.70
2010.10.13 16:30:45.549,1.39905,1.39935,3.60,1.00
2010.10.13 16:30:47.719,1.39905,1.39935,1.90,1.00
2010.10.13 16:30:49.470,1.3991,1.3994,1.00,1.00
2010.10.13 16:30:50.438,1.3991,1.3994,4.40,1.00
2010.10.13 16:30:50.781,1.39915,1.39945,2.70,1.60
2010.10.13 16:30:51.940,1.39915,1.39945,1.10,1.60
2010.10.13 16:30:52.559,1.39915,1.39945,2.80,1.60
2010.10.13 16:30:53.584,1.39915,1.39945,1.00,1.60
2010.10.13 16:30:55.087,1.39915,1.39945,1.00,4.90
2010.10.13 16:30:55.901,1.3991,1.3994,1.50,1.00
2010.10.13 16:30:56.774,1.3991,1.3994,1.90,1.00
2010.10.13 16:30:57.041,1.3991,1.3994,1.50,2.40
2010.10.13 16:30:59.611,1.39905,1.3994,3.60,1.60
2010.10.13 16:31:00.403,1.3991,1.39945,1.50,4.90
2010.10.13 16:31:00.573,1.3991,1.3994,1.50,1.00
2010.10.13 16:31:00.745,1.3991,1.3994,2.40,2.10
2010.10.13 16:31:01.273,1.3991,1.39935,1.00,1.60
2010.10.13 16:31:02.123,1.3991,1.3994,1.00,3.80
2010.10.13 16:31:02.876,1.3991,1.3994,1.00,7.00
2010.10.13 16:31:03.112,1.3991,1.3994,1.00,5.40
2010.10.13 16:31:03.799,1.3991,1.3994,1.00,3.70
2010.10.13 16:31:04.698,1.39915,1.3994,1.00,1.00
2010.10.13 16:31:04.884,1.3991,1.3994,4.90,1.00
2010.10.13 16:31:05.079,1.3991,1.3994,1.50,1.00
2010.10.13 16:31:05.773,1.3991,1.3994,3.20,1.00
2010.10.13 16:31:06.114,1.3991,1.3994,1.50,1.00
2010.10.13 16:31:06.464,1.3991,1.3994,1.50,2.60
2010.10.13 16:31:07.976,1.3991,1.3994,1.50,4.40
2010.10.13 16:31:08.042,1.39915,1.39945,1.00,1.00
2010.10.13 16:31:18.901,1.3992,1.3995,1.00,4.60
2010.10.13 16:31:19.609,1.3992,1.3995,1.00,2.90
2010.10.13 16:31:19.759,1.3992,1.3995,1.00,4.60
2010.10.13 16:31:19.910,1.3992,1.3995,1.00,2.90
2010.10.13 16:31:20.912,1.3992,1.3995,1.00,4.60
2010.10.13 16:31:23.100,1.3992,1.3995,1.00,2.90
2010.10.13 16:31:23.439,1.3992,1.3995,1.00,4.60
2010.10.13 16:31:23.918,1.3992,1.3995,1.00,2.90
2010.10.13 16:31:24.410,1.3992,1.3995,1.00,4.60
2010.10.13 16:31:27.710,1.3992,1.3995,1.00,4.60
2010.10.13 16:31:29.734,1.39915,1.39945,1.50,1.00
2010.10.13 16:31:29.867,1.3991,1.39945,1.50,2.40
2010.10.13 16:31:29.989,1.3991,1.39945,1.50,1.60
2010.10.13 16:31:30.230,1.3991,1.39945,1.50,3.20
2010.10.13 16:31:36.196,1.3991,1.39945,1.60,3.20
2010.10.13 16:31:36.304,1.3991,1.39945,1.50,3.20
2010.10.13 16:31:36.412,1.3991,1.39945,1.60,3.20
2010.10.13 16:31:37.036,1.39915,1.39945,1.00,2.40
2010.10.13 16:31:37.147,1.3992,1.3995,1.00,4.10
2010.10.13 16:31:37.984,1.3992,1.3995,1.00,2.40
2010.10.13 16:31:38.336,1.39925,1.3996,1.90,3.20
2010.10.13 16:31:39.439,1.39925,1.39955,1.50,1.60
2010.10.13 16:31:39.681,1.39925,1.3996,1.90,3.20
2010.10.13 16:31:41.460,1.39925,1.39955,1.50,1.60
2010.10.13 16:31:42.692,1.39925,1.3996,1.90,3.20
2010.10.13 16:31:43.091,1.39925,1.3996,1.50,3.20
2010.10.13 16:31:43.291,1.39925,1.39955,1.50,1.60
2010.10.13 16:31:44.004,1.39925,1.3996,1.90,3.20
2010.10.13 16:31:44.195,1.39925,1.3996,1.50,3.20
2010.10.13 16:31:44.380,1.39925,1.39955,1.50,1.60
2010.10.13 16:31:45.252,1.39925,1.3996,1.90,1.60
2010.10.13 16:31:45.433,1.3993,1.3996,1.00,1.00
2010.10.13 16:31:45.691,1.3993,1.39965,1.50,4.90
2010.10.13 16:31:46.461,1.3993,1.39965,1.60,4.90
2010.10.13 16:31:47.027,1.3993,1.39965,1.60,3.20
2010.10.13 16:31:47.253,1.39935,1.39965,1.50,2.40
2010.10.13 16:31:47.474,1.39935,1.39965,1.50,1.00
2010.10.13 16:31:47.791,1.3994,1.3997,1.00,1.60
2010.10.13 16:31:49.724,1.3994,1.39965,1.00,1.60
2010.10.13 16:31:50.456,1.3994,1.39965,1.00,4.10
2010.10.13 16:31:50.666,1.3993,1.3996,1.50,1.00
2010.10.13 16:31:52.638,1.39925,1.3996,2.00,1.60
2010.10.13 16:31:52.782,1.39925,1.39955,1.50,1.00
2010.10.13 16:31:52.920,1.3992,1.39955,1.50,3.60
2010.10.13 16:31:53.061,1.3992,1.39955,1.50,2.00
2010.10.13 16:31:53.590,1.3992,1.39955,1.50,3.60
2010.10.13 16:31:56.410,1.3992,1.39955,3.20,1.60
2010.10.13 16:31:57.071,1.39925,1.39955,1.50,1.00
2010.10.13 16:31:59.913,1.3993,1.39955,1.00,1.00
2010.10.13 16:32:00.106,1.3993,1.39965,1.50,4.90
2010.10.13 16:32:01.449,1.3993,1.39965,1.50,5.00
2010.10.13 16:32:03.180,1.3993,1.3996,1.00,1.60
2010.10.13 16:32:03.971,1.3993,1.3996,1.00,4.90
2010.10.13 16:32:04.973,1.3993,1.3996,1.00,3.20
2010.10.13 16:32:05.110,1.3993,1.3996,1.00,1.60
2010.10.13 16:32:05.769,1.3993,1.3996,1.00,4.90
2010.10.13 16:32:06.803,1.3993,1.3996,1.00,1.60
2010.10.13 16:32:08.993,1.3993,1.39965,1.70,4.90
2010.10.13 16:32:09.249,1.3993,1.39965,1.70,4.10
2010.10.13 16:32:09.381,1.39935,1.39965,1.00,2.40
2010.10.13 16:32:09.769,1.39935,1.39965,1.00,1.00
2010.10.13 16:32:13.021,1.39935,1.39965,1.00,4.10
2010.10.13 16:32:17.040,1.39935,1.39965,1.00,5.70
2010.10.13 16:32:17.322,1.3993,1.39965,1.70,4.10
2010.10.13 16:32:17.620,1.3993,1.39965,1.50,4.10
2010.10.13 16:32:19.038,1.3993,1.39965,1.70,4.50
2010.10.13 16:32:19.243,1.3993,1.3996,1.70,3.30
2010.10.13 16:32:19.915,1.3993,1.39965,1.70,4.10
2010.10.13 16:32:20.676,1.3993,1.39965,1.50,4.10
2010.10.13 16:32:20.931,1.3993,1.39965,1.50,4.90
2010.10.13 16:32:22.788,1.3993,1.39965,1.50,5.50
2010.10.13 16:32:23.269,1.3993,1.3996,1.90,3.30
2010.10.13 16:32:23.535,1.3993,1.39965,1.90,4.90
2010.10.13 16:32:23.802,1.3993,1.39965,1.50,4.90
2010.10.13 16:32:37.564,1.3993,1.39965,1.60,4.90
2010.10.13 16:32:39.720,1.3993,1.39965,2.00,4.90
2010.10.13 16:32:43.409,1.3993,1.39965,1.50,4.90
2010.10.13 16:32:44.786,1.3993,1.39965,1.70,4.40
2010.10.13 16:32:45.074,1.3994,1.3997,1.00,3.20
2010.10.13 16:32:45.611,1.3994,1.3997,1.00,1.60
2010.10.13 16:32:46.290,1.3994,1.3997,1.00,3.20
2010.10.13 16:32:47.733,1.39935,1.39965,1.10,1.00
2010.10.13 16:32:47.871,1.39935,1.39965,1.00,1.00
2010.10.13 16:32:48.632,1.3994,1.3997,1.00,4.90
2010.10.13 16:32:49.104,1.3994,1.3997,1.00,1.60
2010.10.13 16:32:50.673,1.3994,1.3997,1.00,3.60
2010.10.13 16:32:51.306,1.3994,1.3997,1.00,5.30
2010.10.13 16:32:51.471,1.39935,1.39965,1.00,1.00
2010.10.13 16:32:51.812,1.39935,1.39965,1.00,2.40
2010.10.13 16:32:52.934,1.39935,1.39965,1.00,1.00
2010.10.13 16:32:56.110,1.39935,1.39965,1.00,4.10
2010.10.13 16:32:56.693,1.3993,1.39965,1.50,4.90
2010.10.13 16:32:57.991,1.3993,1.39965,1.50,5.00
2010.10.13 16:32:58.643,1.3993,1.3996,1.50,1.60
2010.10.13 16:32:58.860,1.3993,1.39965,1.50,4.90
2010.10.13 16:33:00.881,1.3993,1.39965,1.50,7.00
2010.10.13 16:33:01.723,1.39925,1.3996,3.20,1.60
2010.10.13 16:33:01.940,1.39925,1.3996,1.90,3.20
2010.10.13 16:33:03.802,1.39925,1.3996,1.70,3.20
2010.10.13 16:33:04.609,1.39925,1.39955,5.30,1.00
2010.10.13 16:33:04.863,1.39925,1.39955,2.30,1.00
2010.10.13 16:33:05.112,1.39925,1.39955,1.50,1.00
2010.10.13 16:33:09.392,1.39925,1.39955,2.00,1.00
2010.10.13 16:33:11.046,1.39925,1.39955,1.90,1.00
2010.10.13 16:33:15.757,1.3992,1.3995,2.80,1.60
2010.10.13 16:33:15.985,1.3992,1.39955,1.00,3.70
2010.10.13 16:33:16.740,1.39925,1.39955,1.00,1.20
2010.10.13 16:33:17.021,1.3993,1.3996,1.00,4.10
2010.10.13 16:33:18.026,1.3993,1.3996,1.50,1.00
2010.10.13 16:33:18.330,1.39925,1.39955,1.90,2.40
2010.10.13 16:33:18.631,1.39925,1.39955,1.50,2.40
2010.10.13 16:33:21.962,1.39925,1.39955,1.50,1.00
2010.10.13 16:33:24.852,1.39925,1.39955,1.50,2.40
2010.10.13 16:33:25.879,1.3992,1.39955,1.50,1.60
2010.10.13 16:33:26.346,1.39925,1.39955,1.00,1.00
2010.10.13 16:33:27.301,1.3992,1.39955,1.50,3.40
2010.10.13 16:33:27.649,1.39915,1.3995,4.90,2.00
2010.10.13 16:33:28.005,1.39915,1.3995,3.80,1.60
2010.10.13 16:33:28.888,1.39915,1.3995,2.10,1.60
2010.10.13 16:33:29.200,1.39915,1.3995,5.50,1.60
2010.10.13 16:33:30.637,1.3992,1.39955,1.50,1.60
2010.10.13 16:33:30.909,1.3992,1.39955,1.50,4.90
2010.10.13 16:33:31.012,1.3992,1.39955,1.50,5.00
2010.10.13 16:33:31.109,1.3992,1.39955,1.50,1.60
2010.10.13 16:33:31.209,1.3992,1.39955,1.50,1.70
2010.10.13 16:33:31.998,1.3992,1.3995,1.50,1.00
2010.10.13 16:33:33.497,1.3992,1.3995,1.50,1.00
2010.10.13 16:33:33.740,1.3992,1.3995,1.50,2.10
2010.10.13 16:33:33.995,1.3992,1.3995,1.50,2.00
2010.10.13 16:33:35.120,1.3992,1.3995,1.00,3.60
2010.10.13 16:33:35.419,1.3992,1.3995,1.00,2.00
2010.10.13 16:33:35.720,1.3992,1.3995,1.00,3.60
2010.10.13 16:33:35.859,1.3992,1.3995,1.00,3.70
2010.10.13 16:33:37.100,1.3992,1.39945,1.00,1.60
2010.10.13 16:33:37.253,1.39915,1.39945,1.00,1.00
2010.10.13 16:33:38.572,1.39915,1.39945,1.00,4.10
2010.10.13 16:33:40.043,1.39915,1.39945,1.00,1.00
2010.10.13 16:33:40.481,1.39915,1.39945,1.00,2.40
2010.10.13 16:33:41.301,1.39915,1.39945,1.00,1.00
2010.10.13 16:33:41.618,1.39915,1.3995,1.50,5.40
2010.10.13 16:33:43.510,1.39915,1.3995,1.90,5.40
2010.10.13 16:33:44.391,1.39915,1.3994,1.90,6.00
2010.10.13 16:33:44.504,1.3991,1.39935,1.00,1.60
2010.10.13 16:33:44.977,1.3991,1.39935,1.00,1.60
2010.10.13 16:33:45.479,1.3991,1.39945,1.50,2.40
2010.10.13 16:33:45.829,1.3992,1.3995,1.00,4.90
2010.10.13 16:33:46.174,1.3992,1.3995,1.00,5.10
2010.10.13 16:33:47.021,1.3992,1.39945,1.00,1.60
2010.10.13 16:33:47.622,1.3992,1.3995,1.00,5.50
2010.10.13 16:33:48.481,1.3992,1.3995,1.00,1.60
2010.10.13 16:33:48.780,1.3992,1.39955,1.50,3.60
2010.10.13 16:33:49.560,1.3992,1.39955,1.50,1.60
2010.10.13 16:33:50.200,1.3992,1.39955,1.90,1.60
2010.10.13 16:33:51.571,1.3992,1.39955,1.90,4.90
2010.10.13 16:33:51.826,1.3992,1.39955,1.50,1.60
2010.10.13 16:33:52.414,1.39925,1.39955,1.00,1.60
2010.10.13 16:33:52.930,1.39925,1.39955,1.50,1.60
2010.10.13 16:33:53.199,1.3992,1.39955,1.50,4.90
2010.10.13 16:33:56.410,1.3992,1.39955,3.50,1.60
2010.10.13 16:33:56.500,1.39925,1.39955,1.00,1.60
2010.10.13 16:33:57.564,1.39925,1.39955,1.10,1.60
2010.10.13 16:34:00.864,1.39925,1.39955,1.00,1.60
2010.10.13 16:34:01.087,1.39925,1.39955,1.00,2.00
2010.10.13 16:34:01.832,1.39915,1.39945,3.60,1.00
2010.10.13 16:34:02.178,1.3992,1.3994,1.50,1.60
2010.10.13 16:34:02.989,1.39915,1.3994,1.00,1.60
2010.10.13 16:34:03.340,1.3991,1.3994,1.50,3.60
2010.10.13 16:34:03.683,1.3991,1.3994,1.50,2.00
2010.10.13 16:34:04.642,1.3991,1.3994,1.50,2.20
2010.10.13 16:34:04.916,1.3991,1.3994,1.50,3.80
2010.10.13 16:34:05.182,1.3991,1.3994,1.50,2.20
2010.10.13 16:34:07.088,1.3991,1.3994,1.50,2.20
2010.10.13 16:34:07.349,1.3991,1.3994,1.50,3.90
2010.10.13 16:34:08.206,1.39905,1.39935,1.50,2.00
2010.10.13 16:34:08.802,1.39905,1.3994,1.50,5.30
2010.10.13 16:34:09.635,1.39905,1.39935,1.50,1.60
2010.10.13 16:34:09.943,1.39895,1.39925,5.30,1.60
2010.10.13 16:34:10.242,1.39895,1.39925,3.20,1.60
2010.10.13 16:34:10.793,1.39895,1.39925,1.50,1.60
2010.10.13 16:34:11.072,1.39895,1.3992,1.00,1.00
2010.10.13 16:34:11.350,1.39895,1.39925,1.00,1.60
2010.10.13 16:34:12.811,1.39895,1.39925,1.00,1.60
2010.10.13 16:34:13.581,1.39895,1.39925,1.00,3.20
2010.10.13 16:34:13.868,1.39895,1.3992,1.00,1.00
2010.10.13 16:34:14.145,1.39895,1.39925,1.00,1.60
2010.10.13 16:34:14.958,1.399,1.39925,1.50,1.60
2010.10.13 16:34:15.304,1.39905,1.39935,1.50,2.00
2010.10.13 16:34:15.655,1.39905,1.39925,1.00,1.60
2010.10.13 16:34:16.422,1.39895,1.39915,1.50,1.60
2010.10.13 16:34:16.691,1.39895,1.39925,1.50,3.50
2010.10.13 16:34:16.960,1.39895,1.39915,1.50,1.60
2010.10.13 16:34:18.091,1.39895,1.39915,1.60,1.60
2010.10.13 16:34:18.433,1.39895,1.39905,1.50,1.60
2010.10.13 16:34:19.302,1.39895,1.39915,1.00,3.20
2010.10.13 16:34:19.525,1.3989,1.39915,1.50,1.60
2010.10.13 16:34:19.876,1.399,1.3992,3.50,3.30
2010.10.13 16:34:20.397,1.399,1.3992,3.50,1.60
2010.10.13 16:34:20.753,1.39895,1.3993,1.90,6.50
2010.10.13 16:34:20.976,1.39895,1.3993,1.90,3.20
2010.10.13 16:34:21.683,1.399,1.3993,1.00,3.20
2010.10.13 16:34:21.909,1.399,1.3993,1.00,1.60
2010.10.13 16:34:23.319,1.399,1.3993,1.00,4.90
2010.10.13 16:34:23.666,1.39895,1.3993,1.50,4.90
2010.10.13 16:34:24.777,1.399,1.3993,1.00,3.20
2010.10.13 16:34:25.004,1.399,1.39935,1.00,1.80
2010.10.13 16:34:25.245,1.399,1.39935,1.00,3.80
2010.10.13 16:34:25.482,1.399,1.39935,1.00,7.10
2010.10.13 16:34:26.096,1.399,1.39935,1.00,3.80
2010.10.13 16:34:26.383,1.399,1.39935,1.50,3.80
2010.10.13 16:34:29.591,1.399,1.39935,1.50,2.00
2010.10.13 16:34:29.799,1.399,1.39935,1.50,1.60
2010.10.13 16:34:31.853,1.399,1.39935,1.50,1.80
2010.10.13 16:34:31.892,1.399,1.39935,1.50,7.10
2010.10.13 16:34:32.131,1.399,1.39935,1.50,7.30
2010.10.13 16:34:32.253,1.399,1.39935,1.50,7.20
2010.10.13 16:34:34.582,1.399,1.39935,1.50,7.30
2010.10.13 16:34:36.146,1.399,1.3993,1.50,3.40
2010.10.13 16:34:36.315,1.399,1.3993,1.00,4.10
2010.10.13 16:34:37.260,1.399,1.3993,1.00,1.00
2010.10.13 16:34:37.605,1.399,1.3993,1.50,1.00
2010.10.13 16:34:37.953,1.399,1.39935,3.20,1.70
2010.10.13 16:34:38.583,1.39905,1.39935,1.50,1.00
2010.10.13 16:34:42.375,1.39905,1.39935,1.50,4.20
2010.10.13 16:34:43.789,1.39905,1.39935,1.50,4.10
2010.10.13 16:34:44.532,1.39905,1.39935,1.50,4.30
2010.10.13 16:34:45.938,1.39905,1.39935,1.00,5.10
2010.10.13 16:34:46.028,1.399,1.39935,1.50,5.10
2010.10.13 16:34:46.775,1.3991,1.3994,1.50,1.60
2010.10.13 16:34:47.725,1.39915,1.3994,1.00,1.60
2010.10.13 16:34:51.058,1.39915,1.39945,1.00,6.40
2010.10.13 16:34:51.931,1.3991,1.39945,1.50,7.20
2010.10.13 16:34:52.057,1.3991,1.39945,1.50,5.10
2010.10.13 16:34:52.163,1.39915,1.39945,1.00,1.60
2010.10.13 16:34:52.271,1.39915,1.3994,1.00,2.00
2010.10.13 16:34:53.338,1.3991,1.3994,1.00,2.80
2010.10.13 16:34:53.696,1.3991,1.3994,1.50,2.00
2010.10.13 16:34:54.525,1.39915,1.3995,1.50,2.90
2010.10.13 16:34:54.846,1.3992,1.3995,1.00,3.30
2010.10.13 16:34:56.279,1.3992,1.3995,1.00,1.00
2010.10.13 16:34:57.116,1.3992,1.3995,1.00,1.00
2010.10.13 16:34:57.222,1.39925,1.39955,1.00,2.60
2010.10.13 16:34:57.856,1.3992,1.39955,1.90,2.60
2010.10.13 16:34:58.197,1.3991,1.3994,2.30,1.00
2010.10.13 16:34:58.918,1.3991,1.39945,1.00,5.30
2010.10.13 16:34:59.267,1.39915,1.3995,1.50,5.30
2010.10.13 16:35:00.428,1.39915,1.3995,1.50,6.30
2010.10.13 16:35:00.703,1.3991,1.39945,1.50,3.60
2010.10.13 16:35:01.513,1.39905,1.39935,5.30,1.00
2010.10.13 16:35:01.763,1.39905,1.39935,1.50,1.00
2010.10.13 16:35:02.582,1.3991,1.3994,1.00,4.20
2010.10.13 16:35:02.928,1.39915,1.39945,1.00,1.70
2010.10.13 16:35:03.763,1.39915,1.3994,1.00,1.00
2010.10.13 16:35:04.400,1.39915,1.39945,1.00,3.50
2010.10.13 16:35:05.272,1.39915,1.3994,1.00,1.60
2010.10.13 16:35:05.456,1.39915,1.39945,1.00,4.80
2010.10.13 16:35:06.304,1.39915,1.3994,1.00,1.60
2010.10.13 16:35:06.664,1.3991,1.3994,1.00,4.80
2010.10.13 16:35:07.861,1.3991,1.3994,1.00,5.00
2010.10.13 16:35:09.350,1.3991,1.39935,1.00,1.60
2010.10.13 16:35:09.661,1.3991,1.3994,1.00,4.90
2010.10.13 16:35:09.939,1.3991,1.3994,1.00,3.30
2010.10.13 16:35:10.473,1.3991,1.3994,1.00,4.90
2010.10.13 16:35:10.758,1.3991,1.3994,1.00,3.70
2010.10.13 16:35:10.925,1.3991,1.39935,1.00,1.00
2010.10.13 16:35:11.614,1.39905,1.39935,1.50,4.20
2010.10.13 16:35:11.781,1.39905,1.39935,1.50,4.00
2010.10.13 16:35:13.267,1.39905,1.3993,1.50,1.60
2010.10.13 16:35:13.576,1.399,1.3993,1.00,2.40
2010.10.13 16:35:14.153,1.39895,1.3993,1.50,4.90
2010.10.13 16:35:14.497,1.39895,1.39925,1.50,1.60
2010.10.13 16:35:15.312,1.39895,1.39925,1.50,1.70
2010.10.13 16:35:15.599,1.3989,1.3992,1.50,1.00
2010.10.13 16:35:16.385,1.3989,1.39925,1.50,6.90
2010.10.13 16:35:17.070,1.3989,1.39925,1.50,5.20
2010.10.13 16:35:19.139,1.3989,1.39925,3.20,3.60
2010.10.13 16:35:19.260,1.3989,1.39925,1.50,5.20
2010.10.13 16:35:19.794,1.3989,1.39925,1.90,4.80
2010.10.13 16:35:20.073,1.399,1.3993,1.00,2.40
2010.10.13 16:35:20.351,1.399,1.39935,1.50,3.60
2010.10.13 16:35:20.631,1.3991,1.39935,1.00,1.60
2010.10.13 16:35:21.482,1.39905,1.39935,1.00,3.30
2010.10.13 16:35:21.820,1.39905,1.39935,1.00,3.20
2010.10.13 16:35:22.736,1.39905,1.39935,1.50,3.20
2010.10.13 16:35:23.879,1.39905,1.39935,1.50,3.30
2010.10.13 16:35:24.871,1.39905,1.39935,1.50,3.20
2010.10.13 16:35:28.514,1.399,1.39925,1.00,1.60
2010.10.13 16:35:28.808,1.399,1.39925,1.00,3.20
2010.10.13 16:35:29.885,1.399,1.39925,1.00,1.60
2010.10.13 16:35:33.209,1.399,1.39925,1.00,3.20
2010.10.13 16:35:33.996,1.399,1.3993,1.00,1.60
2010.10.13 16:35:34.541,1.399,1.39935,1.50,7.00
2010.10.13 16:35:34.824,1.399,1.39935,1.50,5.30
2010.10.13 16:35:35.648,1.3989,1.3992,1.50,4.90
2010.10.13 16:35:36.296,1.3989,1.3992,1.50,5.70
2010.10.13 16:35:36.490,1.39885,1.3991,1.50,1.60
2010.10.13 16:35:38.504,1.39885,1.3992,1.50,4.80
2010.10.13 16:35:39.265,1.399,1.3992,1.00,1.60
2010.10.13 16:35:39.621,1.399,1.3993,1.00,2.60
2010.10.13 16:35:41.001,1.399,1.39925,1.00,1.00
2010.10.13 16:35:41.186,1.399,1.3992,1.90,1.60
2010.10.13 16:35:41.377,1.39905,1.3992,1.50,1.60
2010.10.13 16:35:41.563,1.399,1.3993,1.50,2.40
2010.10.13 16:35:42.426,1.39895,1.39925,1.50,5.80
2010.10.13 16:35:42.774,1.39895,1.39925,1.50,5.70
2010.10.13 16:35:43.654,1.3989,1.3992,1.50,1.00
2010.10.13 16:35:43.995,1.3989,1.39915,1.00,1.60
2010.10.13 16:35:44.549,1.39885,1.39915,1.50,1.60
2010.10.13 16:35:44.901,1.39885,1.39915,1.50,3.20
2010.10.13 16:35:45.814,1.39885,1.39915,1.50,1.60
2010.10.13 16:35:46.122,1.39885,1.3991,1.50,1.60
2010.10.13 16:35:48.936,1.3988,1.39905,1.50,1.60
2010.10.13 16:35:49.164,1.3988,1.39905,1.50,3.20
2010.10.13 16:35:51.825,1.3988,1.39905,1.50,1.60
2010.10.13 16:35:52.050,1.3988,1.39905,1.50,3.20
2010.10.13 16:35:53.570,1.3988,1.39905,1.50,1.60
2010.10.13 16:35:54.121,1.3988,1.39905,1.00,1.60
2010.10.13 16:35:55.181,1.3988,1.39905,1.00,1.70
2010.10.13 16:35:55.869,1.3988,1.3991,1.00,3.30
2010.10.13 16:35:56.066,1.3988,1.39915,1.60,4.90
2010.10.13 16:35:56.770,1.3988,1.39915,4.80,3.20
2010.10.13 16:35:57.114,1.3988,1.39915,6.50,1.60
2010.10.13 16:35:57.463,1.3988,1.39915,6.50,3.20
2010.10.13 16:35:58.257,1.3988,1.3991,5.70,1.00
2010.10.13 16:35:58.421,1.39875,1.3991,5.30,1.60
2010.10.13 16:35:58.569,1.39875,1.3991,4.90,1.60
2010.10.13 16:35:58.720,1.39875,1.3991,4.90,2.30
2010.10.13 16:35:58.872,1.39875,1.399,1.60,1.00
2010.10.13 16:35:59.735,1.39865,1.39895,1.00,1.00
2010.10.13 16:36:01.568,1.39865,1.39895,1.60,1.00
2010.10.13 16:36:01.745,1.39865,1.39895,1.00,1.60
2010.10.13 16:36:02.484,1.3986,1.39895,6.90,1.60
2010.10.13 16:36:02.849,1.3986,1.39895,6.50,1.60
2010.10.13 16:36:03.195,1.3986,1.39895,1.50,3.20
2010.10.13 16:36:04.374,1.3986,1.3989,1.00,1.60
2010.10.13 16:36:06.072,1.3987,1.39895,1.60,2.40
2010.10.13 16:36:06.789,1.3987,1.399,1.60,1.60
2010.10.13 16:36:07.007,1.39865,1.399,5.30,1.60
2010.10.13 16:36:08.197,1.39865,1.39895,1.00,1.00
2010.10.13 16:36:08.546,1.3986,1.3989,1.10,1.00
2010.10.13 16:36:09.369,1.3987,1.399,2.00,4.90
2010.10.13 16:36:11.224,1.39865,1.399,5.30,1.60
2010.10.13 16:36:12.477,1.3987,1.39905,3.50,3.20
2010.10.13 16:36:12.711,1.3987,1.39905,3.50,1.60
2010.10.13 16:36:14.090,1.3987,1.39905,6.90,3.20
2010.10.13 16:36:15.009,1.3987,1.399,1.60,1.60
2010.10.13 16:36:15.275,1.39865,1.399,5.30,1.60
2010.10.13 16:36:15.534,1.39865,1.399,2.80,1.60
2010.10.13 16:36:16.087,1.39865,1.399,1.10,1.60
2010.10.13 16:36:16.422,1.39865,1.39895,1.00,1.00
2010.10.13 16:36:17.934,1.39865,1.39895,4.50,1.00
2010.10.13 16:36:18.283,1.3987,1.39895,2.00,1.00
2010.10.13 16:36:18.504,1.3987,1.399,2.00,1.60
2010.10.13 16:36:19.224,1.3987,1.399,5.30,1.60
2010.10.13 16:36:19.813,1.39865,1.399,5.30,1.60
2010.10.13 16:36:21.483,1.39865,1.399,4.90,2.00
2010.10.13 16:36:21.772,1.3986,1.39895,6.90,1.60
2010.10.13 16:36:23.321,1.3986,1.39895,5.30,3.20
2010.10.13 16:36:23.862,1.3986,1.39895,3.60,4.80
2010.10.13 16:36:24.124,1.3986,1.3989,5.30,1.60
2010.10.13 16:36:25.378,1.3986,1.3989,6.90,1.00
2010.10.13 16:36:29.345,1.3986,1.39885,1.60,1.60
2010.10.13 16:36:29.454,1.39855,1.39885,1.10,1.60
2010.10.13 16:36:29.561,1.39855,1.39885,1.00,1.60
2010.10.13 16:36:30.529,1.3985,1.3988,2.80,1.00
2010.10.13 16:36:30.872,1.3985,1.3988,2.40,1.00
2010.10.13 16:36:31.757,1.3985,1.3988,1.00,1.00
2010.10.13 16:36:32.024,1.3985,1.3988,2.40,1.00
2010.10.13 16:36:33.731,1.3985,1.3988,2.40,1.20
2010.10.13 16:36:35.126,1.3985,1.3988,1.00,1.60
2010.10.13 16:36:35.275,1.39845,1.3988,6.90,1.60
2010.10.13 16:36:35.552,1.3985,1.3988,1.00,1.60
2010.10.13 16:36:36.229,1.3985,1.3988,2.40,1.60
2010.10.13 16:36:36.590,1.39855,1.3988,1.00,1.60
2010.10.13 16:36:36.937,1.3985,1.3988,1.00,1.60
2010.10.13 16:36:38.118,1.3985,1.3988,1.00,1.00
2010.10.13 16:36:38.466,1.39845,1.3988,4.90,2.00
2010.10.13 16:36:39.131,1.39845,1.3988,3.20,3.20
2010.10.13 16:36:39.305,1.39845,1.3988,1.50,4.90
2010.10.13 16:36:40.871,1.3985,1.3988,1.50,3.30
2010.10.13 16:36:43.156,1.39865,1.3989,1.00,3.30
2010.10.13 16:36:43.331,1.39865,1.39895,1.00,1.60
2010.10.13 16:36:43.990,1.39865,1.39895,1.00,3.30
2010.10.13 16:36:44.338,1.39865,1.39895,1.50,3.30
2010.10.13 16:36:47.902,1.39865,1.399,1.50,4.90
2010.10.13 16:36:49.390,1.39885,1.39905,1.60,1.00
2010.10.13 16:36:52.305,1.3988,1.39905,1.00,1.00
2010.10.13 16:36:52.483,1.3988,1.39905,3.30,1.60
2010.10.13 16:36:52.743,1.3988,1.39905,1.60,1.00
2010.10.13 16:36:53.550,1.39875,1.3991,3.70,1.60
2010.10.13 16:36:55.692,1.39875,1.3991,3.50,1.60
2010.10.13 16:36:55.810,1.39875,1.3991,3.50,2.00
2010.10.13 16:36:55.933,1.39875,1.3991,3.50,2.00
2010.10.13 16:36:56.053,1.39875,1.39905,2.80,1.00
2010.10.13 16:36:57.004,1.39875,1.3991,3.50,1.60
2010.10.13 16:36:58.805,1.39875,1.3991,1.50,3.60
2010.10.13 16:36:59.154,1.39875,1.39905,1.00,2.40
2010.10.13 16:37:00.613,1.39875,1.39905,1.00,4.10
2010.10.13 16:37:04.369,1.3987,1.39905,1.50,4.30
2010.10.13 16:37:04.459,1.3987,1.39905,1.50,6.70
2010.10.13 16:37:04.641,1.3987,1.39895,1.00,1.00
2010.10.13 16:37:05.525,1.39865,1.39895,1.10,1.00
2010.10.13 16:37:07.276,1.39865,1.39895,4.50,1.00
2010.10.13 16:37:08.148,1.39865,1.3989,1.60,1.00
2010.10.13 16:37:08.376,1.3986,1.3989,1.00,1.00
2010.10.13 16:37:11.638,1.3986,1.3989,1.00,4.50
2010.10.13 16:37:11.843,1.3986,1.3989,1.00,2.40
2010.10.13 16:37:12.412,1.3986,1.3989,1.00,1.00
2010.10.13 16:37:14.180,1.3986,1.3989,1.00,4.50
2010.10.13 16:37:14.801,1.3986,1.3989,1.00,4.70
2010.10.13 16:37:15.667,1.39855,1.3989,1.50,5.50
2010.10.13 16:37:15.997,1.39865,1.3989,1.60,5.50
2010.10.13 16:37:16.784,1.39865,1.3989,1.60,1.70
2010.10.13 16:37:17.098,1.3986,1.3989,2.40,1.60
2010.10.13 16:37:17.402,1.3986,1.3989,1.00,1.60
2010.10.13 16:37:18.275,1.3986,1.3989,4.40,1.60
2010.10.13 16:37:18.961,1.3986,1.3989,4.40,1.70
2010.10.13 16:37:20.084,1.3986,1.39885,2.80,1.00
2010.10.13 16:37:20.202,1.3986,1.39885,1.60,1.00
2010.10.13 16:37:20.310,1.39855,1.39885,6.10,1.00
2010.10.13 16:37:20.425,1.39855,1.39885,4.40,1.00
2010.10.13 16:37:21.119,1.39855,1.39885,4.40,1.00
2010.10.13 16:37:22.743,1.39855,1.39885,4.40,1.00
2010.10.13 16:37:23.105,1.39855,1.39885,2.80,1.00
2010.10.13 16:37:25.231,1.39855,1.39885,1.10,1.00
2010.10.13 16:37:25.809,1.39855,1.39885,1.50,1.00
2010.10.13 16:37:26.181,1.3986,1.3989,2.80,1.00
2010.10.13 16:37:28.602,1.39875,1.399,1.00,3.30
2010.10.13 16:37:28.947,1.39875,1.39905,1.00,1.60
2010.10.13 16:37:30.026,1.39875,1.39905,1.00,1.60
2010.10.13 16:37:33.858,1.39885,1.3991,1.00,1.60
2010.10.13 16:37:35.304,1.39885,1.3991,1.00,1.60
2010.10.13 16:37:35.592,1.39885,1.3991,1.00,1.60
2010.10.13 16:37:36.646,1.39875,1.39905,1.80,1.60
2010.10.13 16:37:37.416,1.3987,1.39895,1.00,1.60
2010.10.13 16:37:38.083,1.3987,1.39895,1.50,1.60
2010.10.13 16:37:39.710,1.3987,1.39895,1.00,1.60
2010.10.13 16:37:41.012,1.39865,1.39895,1.50,1.60
2010.10.13 16:37:43.298,1.39865,1.39895,1.50,3.20
2010.10.13 16:37:43.591,1.39865,1.39895,1.50,1.60
2010.10.13 16:37:47.714,1.39865,1.39895,1.50,3.20
2010.10.13 16:37:49.332,1.3986,1.39895,1.90,4.80
2010.10.13 16:37:50.001,1.3986,1.39895,3.60,1.60
2010.10.13 16:37:50.360,1.3986,1.39895,1.90,3.20
2010.10.13 16:37:50.600,1.3986,1.39895,1.90,4.80
2010.10.13 16:37:53.152,1.3986,1.39885,1.90,1.60
2010.10.13 16:37:53.823,1.3986,1.39885,1.00,3.20
2010.10.13 16:37:54.685,1.3986,1.3989,1.00,1.60
2010.10.13 16:37:55.971,1.3986,1.3989,1.00,1.80
2010.10.13 16:37:56.201,1.3986,1.3989,1.00,3.20
2010.10.13 16:37:56.884,1.3986,1.39885,1.00,1.60
2010.10.13 16:37:57.226,1.3986,1.3989,1.00,1.60
2010.10.13 16:37:59.790,1.3986,1.39895,1.90,5.30
2010.10.13 16:38:08.410,1.3986,1.39895,2.10,5.30
2010.10.13 16:38:08.509,1.39865,1.39895,1.00,4.90
2010.10.13 16:38:09.128,1.39865,1.399,1.10,3.20
2010.10.13 16:38:09.904,1.39865,1.399,1.10,1.60
2010.10.13 16:38:10.242,1.39865,1.399,1.10,4.90
2010.10.13 16:38:10.752,1.39865,1.399,1.90,4.90
2010.10.13 16:38:11.486,1.39865,1.399,1.90,5.00
2010.10.13 16:38:11.806,1.39865,1.39895,1.00,4.50
2010.10.13 16:38:12.911,1.3987,1.399,1.00,4.90
2010.10.13 16:38:13.235,1.39865,1.39895,1.00,4.50
2010.10.13 16:38:13.565,1.39865,1.39895,1.00,1.20
2010.10.13 16:38:13.893,1.3988,1.39905,1.00,1.00
2010.10.13 16:38:14.602,1.3988,1.3991,1.00,2.00
2010.10.13 16:38:14.981,1.39865,1.39895,5.20,1.00
2010.10.13 16:38:15.633,1.39865,1.39895,2.00,1.20
2010.10.13 16:38:15.771,1.39865,1.39895,1.00,1.20
2010.10.13 16:38:17.142,1.3986,1.3989,1.00,1.20
2010.10.13 16:38:17.354,1.3986,1.3989,3.50,1.00
2010.10.13 16:38:18.076,1.3986,1.3989,3.60,1.00
2010.10.13 16:38:19.290,1.3986,1.39885,1.50,1.00
2010.10.13 16:38:26.372,1.39855,1.39885,3.10,1.00
2010.10.13 16:38:26.720,1.39855,1.3989,3.50,3.40
2010.10.13 16:38:26.844,1.39855,1.39885,4.80,1.00
2010.10.13 16:38:29.579,1.39855,1.39885,1.00,1.20
2010.10.13 16:38:32.687,1.39855,1.39885,1.10,1.00
2010.10.13 16:38:32.985,1.39855,1.3989,1.90,3.20
2010.10.13 16:38:34.020,1.39855,1.3989,3.60,1.60
2010.10.13 16:38:35.956,1.39855,1.3989,3.60,3.20
2010.10.13 16:38:36.175,1.39855,1.39885,1.50,1.00
2010.10.13 16:38:36.565,1.39855,1.39885,1.00,2.00
2010.10.13 16:38:39.365,1.39855,1.39885,1.00,3.60
2010.10.13 16:38:39.581,1.39855,1.3988,1.00,1.00
2010.10.13 16:38:42.010,1.3985,1.3988,1.90,1.00
2010.10.13 16:38:43.172,1.3985,1.3988,3.60,1.00
2010.10.13 16:38:43.859,1.3986,1.39885,1.00,1.00
2010.10.13 16:38:44.099,1.3985,1.3988,2.00,1.60
2010.10.13 16:38:44.873,1.39845,1.3988,3.20,2.00
2010.10.13 16:38:45.214,1.39845,1.3988,1.90,1.60
2010.10.13 16:38:45.561,1.39845,1.3988,3.50,1.60
2010.10.13 16:38:46.785,1.3985,1.3988,3.50,1.00
2010.10.13 16:38:48.186,1.3986,1.3988,1.60,1.00
2010.10.13 16:38:48.487,1.3985,1.3988,2.00,1.60
2010.10.13 16:38:49.645,1.39855,1.3988,1.00,1.60
2010.10.13 16:38:49.814,1.3985,1.3988,2.00,1.60
2010.10.13 16:38:53.902,1.39855,1.3988,1.00,1.60
2010.10.13 16:38:54.599,1.3985,1.3988,4.40,1.00
2010.10.13 16:38:54.951,1.39855,1.3988,1.00,1.00
2010.10.13 16:38:55.581,1.39855,1.39885,1.10,1.00
2010.10.13 16:38:58.277,1.39865,1.39885,1.00,1.00
2010.10.13 16:38:58.614,1.39875,1.399,1.60,3.70
2010.10.13 16:38:59.411,1.39865,1.39895,1.10,1.00
2010.10.13 16:38:59.656,1.39865,1.39895,1.00,1.00
2010.10.13 16:39:01.319,1.3986,1.3989,1.00,1.00
2010.10.13 16:39:01.936,1.39855,1.3989,7.00,1.00
2010.10.13 16:39:02.231,1.3986,1.3989,1.50,1.00
2010.10.13 16:39:03.411,1.3986,1.3989,4.90,1.00
2010.10.13 16:39:06.012,1.39865,1.3989,1.60,1.00
2010.10.13 16:39:09.148,1.3986,1.3989,1.50,1.00
2010.10.13 16:39:09.360,1.3986,1.3989,3.20,1.00
2010.10.13 16:39:09.502,1.3986,1.3989,1.50,1.00
2010.10.13 16:39:14.470,1.39855,1.3989,5.20,1.70
2010.10.13 16:39:14.642,1.39855,1.3989,6.90,1.60
2010.10.13 16:39:17.842,1.39855,1.3989,5.30,1.60
2010.10.13 16:39:19.554,1.3986,1.3989,2.40,1.00
2010.10.13 16:39:19.780,1.3986,1.39895,3.60,1.60
2010.10.13 16:39:20.042,1.3986,1.39895,5.40,1.60
2010.10.13 16:39:20.170,1.39865,1.39895,1.00,1.60
2010.10.13 16:39:21.792,1.39865,1.39895,1.00,1.70
2010.10.13 16:39:21.954,1.39865,1.3989,1.00,1.60
2010.10.13 16:39:24.484,1.39865,1.39895,1.00,1.00
2010.10.13 16:39:25.413,1.39865,1.39895,1.00,1.60
2010.10.13 16:39:28.889,1.39865,1.39895,1.00,1.60
2010.10.13 16:39:29.034,1.39875,1.39895,1.00,1.60
2010.10.13 16:39:29.179,1.39865,1.39895,3.90,1.60
2010.10.13 16:39:29.323,1.39865,1.39895,2.00,1.60
2010.10.13 16:39:29.861,1.39865,1.39895,1.00,1.60
2010.10.13 16:39:36.881,1.39865,1.39895,1.00,1.60
2010.10.13 16:39:37.107,1.3986,1.39895,3.20,2.00
2010.10.13 16:39:37.321,1.39855,1.3989,3.60,1.60
2010.10.13 16:39:37.897,1.39855,1.3989,1.90,1.60
2010.10.13 16:39:38.237,1.3985,1.39885,1.00,2.00
2010.10.13 16:39:38.584,1.3985,1.3988,1.60,3.20
2010.10.13 16:39:39.119,1.39845,1.3988,3.80,3.20
2010.10.13 16:39:39.472,1.39845,1.3988,2.00,1.60
2010.10.13 16:39:40.704,1.39845,1.3988,2.10,1.60
2010.10.13 16:39:41.040,1.39845,1.3988,2.20,1.60
2010.10.13 16:39:41.891,1.39855,1.3988,1.00,1.00
2010.10.13 16:39:42.237,1.3985,1.3988,1.00,2.40
2010.10.13 16:39:42.582,1.3985,1.3988,1.30,1.00
2010.10.13 16:39:43.107,1.3985,1.3988,3.00,1.00
2010.10.13 16:39:43.475,1.39855,1.39885,1.00,3.20
2010.10.13 16:39:48.550,1.39855,1.39885,1.50,1.60
2010.10.13 16:39:50.143,1.39855,1.39885,1.00,2.40
2010.10.13 16:39:50.371,1.3985,1.3988,1.50,1.60
2010.10.13 16:39:50.602,1.3985,1.39885,2.10,4.90
2010.10.13 16:39:51.342,1.3985,1.39885,2.10,3.20
2010.10.13 16:39:53.713,1.39855,1.39885,1.00,3.20
2010.10.13 16:39:53.862,1.39855,1.39885,1.00,1.60
2010.10.13 16:39:55.305,1.3985,1.39885,7.10,1.60
2010.10.13 16:39:55.541,1.3985,1.3988,2.90,1.00
2010.10.13 16:40:01.394,1.3985,1.3988,1.30,1.00
2010.10.13 16:40:01.490,1.3985,1.39865,1.00,1.00
2010.10.13 16:40:01.591,1.39845,1.39865,4.90,1.00
2010.10.13 16:40:02.384,1.3984,1.39865,3.70,1.00
2010.10.13 16:40:03.815,1.39835,1.39865,5.00,1.20
2010.10.13 16:40:03.966,1.39835,1.39865,1.00,2.00
2010.10.13 16:40:04.114,1.3983,1.39865,3.00,2.00
2010.10.13 16:40:04.754,1.3983,1.3986,3.00,1.60
2010.10.13 16:40:04.896,1.3983,1.3986,3.00,1.60
2010.10.13 16:40:05.580,1.3983,1.39855,2.20,1.00
2010.10.13 16:40:05.925,1.3983,1.3986,2.10,1.60
2010.10.13 16:40:06.711,1.3983,1.3986,2.90,1.60
2010.10.13 16:40:06.972,1.3983,1.3986,3.00,1.60
2010.10.13 16:40:07.381,1.3983,1.3986,1.40,1.00
2010.10.13 16:40:07.917,1.3983,1.3986,1.00,1.00
2010.10.13 16:40:08.123,1.3983,1.3986,2.90,1.60
2010.10.13 16:40:08.804,1.3983,1.3986,2.30,1.60
2010.10.13 16:40:09.660,1.39825,1.39845,1.00,1.00
2010.10.13 16:40:09.945,1.3982,1.39845,6.30,1.00
2010.10.13 16:40:11.051,1.3982,1.39845,6.40,1.00
2010.10.13 16:40:11.625,1.3982,1.39845,6.20,1.00
2010.10.13 16:40:12.424,1.3982,1.39845,5.70,1.00
2010.10.13 16:40:12.607,1.3982,1.39845,6.20,1.00
2010.10.13 16:40:14.089,1.3982,1.39845,2.30,1.00
2010.10.13 16:40:15.460,1.3982,1.39845,4.60,1.00
2010.10.13 16:40:15.770,1.3982,1.39845,6.20,1.00
2010.10.13 16:40:17.482,1.3982,1.39845,6.30,1.00
2010.10.13 16:40:18.853,1.3982,1.39845,6.20,1.00
2010.10.13 16:40:19.200,1.3983,1.39845,2.20,1.00
2010.10.13 16:40:20.029,1.3983,1.39845,2.10,1.00
2010.10.13 16:40:21.439,1.39825,1.39845,1.00,1.00
2010.10.13 16:40:21.861,1.39825,1.39845,1.30,1.00
2010.10.13 16:40:23.034,1.39825,1.39855,2.90,1.00
2010.10.13 16:40:24.406,1.39835,1.39865,2.90,1.00
2010.10.13 16:40:24.695,1.3984,1.39865,2.90,1.00
2010.10.13 16:40:25.485,1.3983,1.3986,1.00,3.20
2010.10.13 16:40:26.941,1.39825,1.39855,1.60,3.20
2010.10.13 16:40:27.193,1.39825,1.39855,1.60,1.60
2010.10.13 16:40:27.445,1.3983,1.3986,1.30,2.40
2010.10.13 16:40:28.132,1.3983,1.3986,1.30,1.00
2010.10.13 16:40:33.103,1.3984,1.3986,1.60,1.00
2010.10.13 16:40:33.241,1.39835,1.3986,1.00,1.00
2010.10.13 16:40:33.312,1.3983,1.3986,1.30,1.00
2010.10.13 16:40:33.880,1.3983,1.39865,2.10,5.30
2010.10.13 16:40:35.041,1.3983,1.39865,2.10,4.90
2010.10.13 16:40:36.744,1.3983,1.39865,1.50,5.00
2010.10.13 16:40:36.870,1.3983,1.39865,1.50,6.60
2010.10.13 16:40:36.993,1.3983,1.3986,1.50,1.60
2010.10.13 16:40:37.732,1.3983,1.3986,1.50,3.30
2010.10.13 16:40:39.280,1.3983,1.39865,1.50,7.00
2010.10.13 16:40:39.853,1.3983,1.39865,1.50,6.90
2010.10.13 16:40:39.944,1.3983,1.39865,2.10,3.20
2010.10.13 16:40:41.193,1.39835,1.39865,2.40,1.00
2010.10.13 16:40:41.488,1.39835,1.3987,3.80,1.00
2010.10.13 16:40:42.074,1.3984,1.3987,1.00,1.00
2010.10.13 16:40:44.962,1.39835,1.3987,3.80,1.60
2010.10.13 16:40:45.120,1.39835,1.3987,3.80,3.20
2010.10.13 16:40:45.440,1.39835,1.3987,3.80,1.60
2010.10.13 16:40:46.257,1.39835,1.3987,3.80,1.60
2010.10.13 16:40:47.732,1.39835,1.3987,1.50,5.50
2010.10.13 16:40:49.471,1.39835,1.3987,1.50,11.50
2010.10.13 16:40:49.575,1.3983,1.3986,1.00,1.60
2010.10.13 16:40:49.860,1.3983,1.39865,2.40,2.00
2010.10.13 16:40:50.394,1.39835,1.39865,1.00,2.00
2010.10.13 16:40:50.496,1.39835,1.39865,1.00,3.60
2010.10.13 16:40:51.182,1.39835,1.3986,1.00,1.00
2010.10.13 16:40:51.527,1.39825,1.39855,1.50,2.00
2010.10.13 16:40:52.245,1.3983,1.39865,1.50,3.60
2010.10.13 16:40:55.989,1.3983,1.39865,1.50,9.80
2010.10.13 16:40:56.103,1.3983,1.39855,1.50,1.60
2010.10.13 16:40:56.223,1.3983,1.39855,1.50,2.00
2010.10.13 16:40:56.452,1.3983,1.39855,1.50,1.60
2010.10.13 16:40:56.570,1.3983,1.3986,1.50,1.60
2010.10.13 16:40:57.270,1.3983,1.39865,1.50,3.70
2010.10.13 16:40:57.534,1.3983,1.39865,1.50,3.60
2010.10.13 16:41:00.241,1.3983,1.39865,1.50,3.70
2010.10.13 16:41:00.553,1.3983,1.3986,1.50,1.00
2010.10.13 16:41:01.607,1.3983,1.3986,3.60,1.00
2010.10.13 16:41:01.788,1.3983,1.39865,3.60,1.60
2010.10.13 16:41:01.963,1.3983,1.39865,1.00,3.60
2010.10.13 16:41:02.146,1.3983,1.3986,1.00,1.60
2010.10.13 16:41:03.362,1.3983,1.3986,1.50,1.60
2010.10.13 16:41:04.833,1.3983,1.3986,1.90,1.60
2010.10.13 16:41:05.080,1.3983,1.3986,2.10,1.60
2010.10.13 16:41:06.521,1.3983,1.39865,2.10,3.30
2010.10.13 16:41:06.841,1.3983,1.3986,2.10,1.60
2010.10.13 16:41:08.051,1.39835,1.39865,1.00,4.10
2010.10.13 16:41:08.312,1.39835,1.39865,1.00,2.40
2010.10.13 16:41:08.443,1.39835,1.39865,1.00,1.00
2010.10.13 16:41:09.942,1.39835,1.39865,1.00,2.40
2010.10.13 16:41:11.655,1.39835,1.39865,1.00,1.00
2010.10.13 16:41:13.900,1.39835,1.3986,1.00,1.00
2010.10.13 16:41:14.186,1.3983,1.39865,1.60,3.20
2010.10.13 16:41:14.718,1.39825,1.39865,5.20,4.90
2010.10.13 16:41:14.976,1.39825,1.39865,5.50,1.60
2010.10.13 16:41:15.231,1.39825,1.39865,5.40,1.60
2010.10.13 16:41:16.017,1.39825,1.3986,3.80,1.60
2010.10.13 16:41:16.817,1.3983,1.3986,1.50,1.60
2010.10.13 16:41:21.600,1.39825,1.3986,3.80,4.20
2010.10.13 16:41:21.764,1.39825,1.39855,1.50,1.00
2010.10.13 16:41:22.721,1.39825,1.39855,2.60,1.00
2010.10.13 16:41:23.227,1.39825,1.39855,3.00,1.00
2010.10.13 16:41:24.412,1.39825,1.39855,1.90,1.00
2010.10.13 16:41:24.621,1.39825,1.39855,1.50,1.00
2010.10.13 16:41:26.379,1.39825,1.39855,1.00,1.20
2010.10.13 16:41:29.690,1.39825,1.3985,1.00,1.00
2010.10.13 16:41:29.821,1.39825,1.3985,1.00,2.00
2010.10.13 16:41:30.408,1.3982,1.3985,2.80,2.00
2010.10.13 16:41:30.478,1.3982,1.3985,3.20,1.00
2010.10.13 16:41:30.814,1.3982,1.3985,1.50,1.00
2010.10.13 16:41:32.337,1.3982,1.39855,1.50,6.10
2010.10.13 16:41:32.644,1.3982,1.39855,1.50,3.60
2010.10.13 16:41:35.473,1.3982,1.3985,1.50,2.00
2010.10.13 16:41:35.670,1.39815,1.3985,1.50,2.00
2010.10.13 16:41:36.483,1.39825,1.39855,1.10,4.00
2010.10.13 16:41:36.793,1.39825,1.39855,1.10,1.60
2010.10.13 16:41:38.318,1.39825,1.3986,1.90,3.70
2010.10.13 16:41:38.592,1.39825,1.3986,1.90,5.40
2010.10.13 16:41:39.533,1.39825,1.3986,1.90,5.50
2010.10.13 16:41:41.418,1.39825,1.3986,1.90,5.40
2010.10.13 16:41:41.721,1.39825,1.39855,1.50,3.30
2010.10.13 16:41:42.387,1.39825,1.3986,1.50,6.30
2010.10.13 16:41:42.879,1.39825,1.3986,1.90,6.30
2010.10.13 16:41:44.156,1.3982,1.3984,1.60,1.60
2010.10.13 16:41:44.510,1.39805,1.39835,1.50,1.00
2010.10.13 16:41:45.178,1.39805,1.3984,1.50,3.80
2010.10.13 16:41:45.383,1.39815,1.39835,1.50,1.00
2010.10.13 16:41:45.576,1.39815,1.39845,1.50,1.00
2010.10.13 16:41:46.275,1.39815,1.3985,1.70,5.30
2010.10.13 16:41:46.638,1.3981,1.39835,1.60,1.20
2010.10.13 16:41:47.207,1.3981,1.39835,1.60,1.00
2010.10.13 16:41:47.460,1.3981,1.39835,1.60,1.00
2010.10.13 16:41:48.569,1.3981,1.3983,1.60,1.20
2010.10.13 16:41:49.873,1.3981,1.3983,1.60,1.00
2010.10.13 16:41:50.554,1.3981,1.39835,1.60,1.00
2010.10.13 16:41:50.680,1.3981,1.3984,1.60,1.20
2010.10.13 16:41:51.958,1.39805,1.3983,1.00,1.00
2010.10.13 16:41:52.761,1.39805,1.3983,1.00,2.00
2010.10.13 16:41:53.104,1.39805,1.39835,1.50,1.20
2010.10.13 16:41:53.924,1.39805,1.39835,3.20,1.00
2010.10.13 16:41:54.270,1.39805,1.39835,1.50,1.00
2010.10.13 16:41:54.614,1.39805,1.3983,1.50,1.00
2010.10.13 16:41:55.469,1.398,1.3983,1.50,1.00
2010.10.13 16:41:55.777,1.39795,1.3983,4.90,1.20
2010.10.13 16:41:56.083,1.39795,1.3983,4.90,2.00
2010.10.13 16:41:56.897,1.39795,1.3982,4.10,1.00
2010.10.13 16:41:57.180,1.39795,1.3983,1.50,2.00
2010.10.13 16:41:57.435,1.39795,1.3983,3.20,2.00
2010.10.13 16:41:59.833,1.398,1.3983,2.80,1.60
2010.10.13 16:42:00.136,1.398,1.39835,4.40,2.80
2010.10.13 16:42:01.198,1.398,1.39835,5.40,2.00
2010.10.13 16:42:02.306,1.398,1.39835,5.20,2.00
2010.10.13 16:42:03.518,1.398,1.39835,5.30,2.00
2010.10.13 16:42:03.811,1.3981,1.3984,1.50,1.00
2010.10.13 16:42:06.598,1.3981,1.3983,1.00,1.00
2010.10.13 16:42:06.948,1.39805,1.3983,1.50,1.00
2010.10.13 16:42:07.292,1.39805,1.39835,1.50,1.20
2010.10.13 16:42:09.923,1.398,1.39835,1.90,2.00
2010.10.13 16:42:10.109,1.398,1.3983,1.50,1.00
2010.10.13 16:42:10.298,1.398,1.39835,1.50,3.60
2010.10.13 16:42:10.984,1.398,1.3983,1.50,1.20
2010.10.13 16:42:11.330,1.398,1.39835,1.50,3.60
2010.10.13 16:42:13.039,1.39805,1.39835,1.00,1.60
2010.10.13 16:42:13.191,1.39805,1.39835,1.90,1.00
2010.10.13 16:42:14.621,1.39805,1.3983,1.50,1.60
2010.10.13 16:42:15.978,1.3979,1.3982,2.30,1.00
2010.10.13 16:42:17.713,1.3979,1.3981,1.00,1.00
2010.10.13 16:42:17.944,1.3979,1.3982,1.00,1.00
2010.10.13 16:42:18.163,1.3979,1.3982,2.30,1.00
2010.10.13 16:42:19.351,1.3979,1.39825,2.30,2.00
2010.10.13 16:42:19.596,1.398,1.39835,1.50,5.40
2010.10.13 16:42:19.833,1.398,1.39835,1.50,3.80
2010.10.13 16:42:20.791,1.398,1.39835,3.20,3.80
2010.10.13 16:42:21.025,1.398,1.39835,1.50,3.80
2010.10.13 16:42:21.260,1.398,1.39835,1.50,5.40
2010.10.13 16:42:21.495,1.398,1.39835,1.50,6.90
2010.10.13 16:42:21.738,1.398,1.39835,1.50,7.10
2010.10.13 16:42:21.976,1.398,1.39835,1.90,6.70
2010.10.13 16:42:22.772,1.39805,1.3984,5.20,1.60
2010.10.13 16:42:23.172,1.39805,1.3984,5.20,1.00
2010.10.13 16:42:23.430,1.3981,1.3984,3.60,1.00
2010.10.13 16:42:24.172,1.3981,1.3984,1.10,1.60
2010.10.13 16:42:24.421,1.39815,1.3984,1.00,1.00
2010.10.13 16:42:24.661,1.3981,1.39845,1.00,5.70
2010.10.13 16:42:25.229,1.3981,1.39845,1.00,5.80
2010.10.13 16:42:25.574,1.3981,1.39845,2.40,2.00
2010.10.13 16:42:25.914,1.3981,1.39845,1.10,3.30
2010.10.13 16:42:26.656,1.3981,1.39845,1.10,1.60
2010.10.13 16:42:26.972,1.3981,1.39845,1.10,6.90
2010.10.13 16:42:27.274,1.3981,1.39845,1.10,5.30
2010.10.13 16:42:27.574,1.3981,1.39845,1.00,7.30
2010.10.13 16:42:27.872,1.3981,1.39845,1.00,7.40
2010.10.13 16:42:28.615,1.3981,1.3984,1.00,1.20
2010.10.13 16:42:28.972,1.39795,1.3983,8.50,1.60
2010.10.13 16:42:29.216,1.398,1.39825,3.30,1.00
2010.10.13 16:42:30.194,1.39785,1.39825,3.50,5.30
2010.10.13 16:42:30.933,1.39805,1.39825,1.00,2.00
2010.10.13 16:42:31.249,1.39805,1.39835,1.60,3.20
2010.10.13 16:42:31.978,1.3981,1.39845,1.90,2.60
2010.10.13 16:42:32.308,1.39815,1.39845,2.00,1.80
2010.10.13 16:42:32.636,1.3981,1.3984,1.90,1.60
2010.10.13 16:42:33.512,1.39805,1.39835,1.00,1.80
2010.10.13 16:42:33.857,1.39805,1.3984,2.40,1.60
2010.10.13 16:42:35.057,1.3981,1.39835,1.60,1.00
2010.10.13 16:42:35.404,1.3981,1.39835,3.70,1.00
2010.10.13 16:42:38.150,1.39805,1.39835,4.10,1.00
2010.10.13 16:42:38.373,1.39805,1.39835,2.40,1.00
2010.10.13 16:42:40.260,1.39805,1.39835,1.00,1.00
2010.10.13 16:42:40.855,1.398,1.3983,1.00,1.60
2010.10.13 16:42:42.474,1.398,1.3983,1.00,1.60
2010.10.13 16:42:43.360,1.39795,1.39825,2.40,1.60
2010.10.13 16:42:43.672,1.39795,1.39825,1.00,1.60
2010.10.13 16:42:44.486,1.39795,1.39825,2.40,1.60
2010.10.13 16:42:45.064,1.39795,1.39825,1.00,1.60
2010.10.13 16:42:46.956,1.3981,1.39825,1.60,1.60
2010.10.13 16:42:47.701,1.39805,1.3983,3.30,1.00
2010.10.13 16:42:47.839,1.3979,1.39825,4.90,1.00
2010.10.13 16:42:47.976,1.3979,1.39825,4.90,1.40
2010.10.13 16:42:48.762,1.39785,1.3982,1.00,2.40
2010.10.13 16:42:49.631,1.39785,1.39815,1.00,1.60
2010.10.13 16:42:49.984,1.39785,1.3981,2.00,1.00
2010.10.13 16:42:50.835,1.39785,1.39815,2.70,1.60
2010.10.13 16:42:51.195,1.3979,1.3982,1.10,1.00
2010.10.13 16:42:52.791,1.39795,1.3983,3.50,2.60
2010.10.13 16:42:53.578,1.39795,1.39825,1.50,2.00
2010.10.13 16:42:53.929,1.398,1.3983,1.00,1.60
2010.10.13 16:42:55.113,1.39805,1.3983,1.00,1.00
2010.10.13 16:42:55.459,1.39805,1.39835,1.00,1.00
2010.10.13 16:42:56.922,1.39805,1.39835,4.10,1.00
2010.10.13 16:42:57.135,1.39805,1.39835,2.40,1.00
2010.10.13 16:42:58.092,1.39805,1.39835,1.00,1.00
2010.10.13 16:42:58.652,1.39805,1.39835,1.00,1.20
2010.10.13 16:42:59.695,1.398,1.39835,7.10,1.20
2010.10.13 16:43:00.015,1.398,1.39835,4.90,1.00
2010.10.13 16:43:00.321,1.39805,1.39835,1.00,1.00
2010.10.13 16:43:01.457,1.39805,1.39835,1.10,1.00
2010.10.13 16:43:02.748,1.39805,1.39835,4.50,1.00
2010.10.13 16:43:03.322,1.39805,1.3983,3.30,1.00
2010.10.13 16:43:03.863,1.39805,1.3983,1.60,1.00
2010.10.13 16:43:04.150,1.398,1.3983,1.90,1.00
2010.10.13 16:43:04.463,1.398,1.3983,3.60,1.00
2010.10.13 16:43:04.774,1.398,1.3983,1.90,1.00
2010.10.13 16:43:05.554,1.398,1.3983,3.60,1.00
2010.10.13 16:43:06.511,1.398,1.3983,2.00,1.60
2010.10.13 16:43:07.536,1.398,1.39825,2.00,1.00
2010.10.13 16:43:07.760,1.398,1.39825,1.00,1.00
2010.10.13 16:43:08.901,1.398,1.39825,2.00,1.00
2010.10.13 16:43:12.361,1.39805,1.3983,2.00,1.00
2010.10.13 16:43:12.603,1.39805,1.39835,1.00,1.00
2010.10.13 16:43:12.831,1.39805,1.39835,1.10,1.00
2010.10.13 16:43:14.556,1.39805,1.39835,1.00,1.00
2010.10.13 16:43:15.494,1.39805,1.39835,2.80,1.00
2010.10.13 16:43:17.980,1.39805,1.3983,2.00,1.00
2010.10.13 16:43:18.100,1.39805,1.3983,3.60,1.00
2010.10.13 16:43:19.766,1.39795,1.3983,5.30,1.60
2010.10.13 16:43:21.312,1.39795,1.3983,5.40,1.60
2010.10.13 16:43:21.393,1.39795,1.3983,5.50,1.60
2010.10.13 16:43:21.472,1.398,1.3983,1.60,1.60
2010.10.13 16:43:21.555,1.398,1.3983,1.00,1.00
2010.10.13 16:43:22.108,1.39795,1.3983,6.90,1.60
2010.10.13 16:43:22.952,1.39795,1.3983,3.50,1.60
2010.10.13 16:43:24.801,1.39795,1.3983,3.50,3.20
2010.10.13 16:43:24.913,1.39795,1.3983,1.50,5.30
2010.10.13 16:43:25.240,1.39795,1.3983,1.50,5.50
2010.10.13 16:43:25.352,1.39795,1.39825,1.50,1.00
2010.10.13 16:43:25.524,1.39795,1.39825,1.50,3.30
2010.10.13 16:43:26.195,1.3979,1.39825,3.20,1.00
2010.10.13 16:43:26.386,1.3979,1.39825,4.90,1.00
2010.10.13 16:43:28.301,1.39795,1.39825,1.00,1.00
2010.10.13 16:43:28.989,1.39785,1.39815,5.40,1.00
2010.10.13 16:43:29.093,1.39785,1.39815,6.50,1.00
2010.10.13 16:43:29.204,1.39785,1.3982,8.10,1.00
2010.10.13 16:43:29.313,1.3979,1.3982,1.60,1.00
2010.10.13 16:43:29.840,1.39795,1.39825,1.00,3.00
2010.10.13 16:43:29.950,1.39795,1.39825,1.00,1.00
2010.10.13 16:43:30.296,1.39805,1.39835,1.00,1.00
2010.10.13 16:43:31.180,1.39805,1.39835,1.50,1.00
2010.10.13 16:43:31.436,1.39805,1.39835,1.00,1.60
2010.10.13 16:43:32.075,1.398,1.3983,1.50,1.00
2010.10.13 16:43:32.338,1.39795,1.3983,1.50,2.00
2010.10.13 16:43:32.693,1.398,1.3983,1.00,1.00
2010.10.13 16:43:33.570,1.398,1.39835,1.50,3.60
2010.10.13 16:43:34.952,1.398,1.39835,1.50,3.60
2010.10.13 16:43:35.291,1.398,1.39835,1.50,3.80
2010.10.13 16:43:35.463,1.398,1.39825,1.00,1.00
2010.10.13 16:43:36.113,1.39795,1.3982,4.10,1.00
2010.10.13 16:43:37.930,1.39795,1.39825,1.00,1.00
2010.10.13 16:43:40.000,1.398,1.39825,3.30,1.60
2010.10.13 16:43:40.731,1.39795,1.39825,1.00,1.60
2010.10.13 16:43:41.000,1.39795,1.39825,1.50,3.60
2010.10.13 16:43:42.114,1.39795,1.39825,1.50,3.80
2010.10.13 16:43:42.452,1.39795,1.39825,1.50,2.00
2010.10.13 16:43:42.793,1.398,1.39835,1.00,13.10
2010.10.13 16:43:43.462,1.398,1.39825,1.00,1.00
2010.10.13 16:43:43.787,1.39795,1.3983,1.50,3.70
2010.10.13 16:43:44.132,1.39795,1.3983,1.50,3.80
2010.10.13 16:43:45.023,1.3979,1.3982,3.30,1.60
2010.10.13 16:43:45.249,1.3979,1.3982,1.60,3.30
2010.10.13 16:43:45.991,1.3979,1.3982,1.60,1.60
2010.10.13 16:43:46.317,1.39785,1.3982,5.30,1.60
2010.10.13 16:43:46.644,1.3979,1.3982,1.00,1.60
2010.10.13 16:43:47.501,1.39785,1.3982,2.40,3.20
2010.10.13 16:43:47.757,1.39785,1.3982,1.00,5.30
2010.10.13 16:43:48.512,1.3978,1.39815,1.00,4.90
2010.10.13 16:43:48.869,1.3978,1.3981,1.00,4.90
2010.10.13 16:43:49.212,1.3978,1.3981,1.00,1.60
2010.10.13 16:43:50.059,1.39775,1.39805,2.30,1.00
2010.10.13 16:43:50.409,1.39775,1.39805,1.00,1.00
2010.10.13 16:43:54.196,1.39775,1.39805,2.40,1.00
2010.10.13 16:43:54.719,1.39775,1.39805,4.00,1.00
2010.10.13 16:43:55.283,1.3978,1.3981,1.00,1.00
2010.10.13 16:43:56.143,1.39775,1.3981,3.20,1.60
2010.10.13 16:43:59.292,1.39775,1.3981,4.80,3.20
2010.10.13 16:43:59.831,1.3978,1.3981,1.60,4.90
2010.10.13 16:44:00.180,1.39785,1.39815,2.00,1.60
2010.10.13 16:44:00.861,1.39785,1.39815,2.80,1.00
2010.10.13 16:44:05.092,1.39785,1.3982,3.60,2.00
2010.10.13 16:44:05.432,1.39785,1.3982,3.60,2.00
2010.10.13 16:44:08.323,1.39795,1.3982,1.00,1.00
2010.10.13 16:44:08.559,1.39795,1.39825,1.00,1.00
2010.10.13 16:44:09.570,1.39795,1.3982,1.00,1.00
2010.10.13 16:44:11.972,1.39795,1.39825,1.10,2.40
2010.10.13 16:44:12.733,1.398,1.3983,1.50,1.00
2010.10.13 16:44:14.327,1.39795,1.3982,4.10,1.00
2010.10.13 16:44:14.593,1.39795,1.3982,1.00,1.00
2010.10.13 16:44:17.098,1.398,1.3983,1.00,2.00
2010.10.13 16:44:19.540,1.398,1.3983,1.00,2.00
2010.10.13 16:44:21.520,1.398,1.3983,1.00,2.00
2010.10.13 16:44:21.620,1.398,1.3983,1.00,2.00
2010.10.13 16:44:21.925,1.398,1.3983,1.50,1.00
2010.10.13 16:44:22.620,1.39795,1.39825,1.50,1.00
2010.10.13 16:44:23.977,1.39805,1.39825,1.00,1.00
2010.10.13 16:44:24.329,1.3981,1.3984,1.50,2.80
2010.10.13 16:44:25.309,1.39805,1.3983,4.00,2.00
2010.10.13 16:44:25.614,1.398,1.3983,3.20,2.00
2010.10.13 16:44:26.500,1.39815,1.39845,1.00,1.00
2010.10.13 16:44:28.128,1.39815,1.3984,1.00,1.00
2010.10.13 16:44:30.610,1.3981,1.39835,1.00,1.00
2010.10.13 16:44:30.955,1.3981,1.39835,1.00,2.00
2010.10.13 16:44:31.832,1.3981,1.39835,1.00,1.00
2010.10.13 16:44:33.369,1.3981,1.39835,1.00,2.00
2010.10.13 16:44:34.441,1.39805,1.39835,1.00,2.80
2010.10.13 16:44:35.464,1.3981,1.39835,1.00,1.00
2010.10.13 16:44:36.796,1.3981,1.3983,1.50,1.70
2010.10.13 16:44:37.666,1.398,1.39825,1.00,1.00
2010.10.13 16:44:44.823,1.39805,1.39835,1.00,3.60
2010.10.13 16:44:45.661,1.39805,1.39835,1.50,2.80
2010.10.13 16:44:46.271,1.39805,1.39835,1.50,1.00
2010.10.13 16:44:46.904,1.3981,1.39835,1.50,1.00
2010.10.13 16:44:49.942,1.39815,1.3984,1.00,1.60
2010.10.13 16:44:50.102,1.39815,1.39845,1.50,2.80
2010.10.13 16:44:51.104,1.39815,1.39845,1.50,1.30
2010.10.13 16:44:51.454,1.39815,1.39845,1.50,1.00
2010.10.13 16:44:54.205,1.39815,1.3985,1.50,3.90
2010.10.13 16:44:54.431,1.3982,1.3985,1.00,3.10
2010.10.13 16:44:54.654,1.3982,1.3985,1.50,2.20
2010.10.13 16:44:55.409,1.3982,1.39845,1.00,1.00
2010.10.13 16:44:56.188,1.39815,1.3984,1.50,1.00
2010.10.13 16:44:56.437,1.39815,1.3985,1.50,7.20
2010.10.13 16:44:57.523,1.39815,1.3985,1.50,5.60
2010.10.13 16:44:58.431,1.39815,1.3985,1.50,7.30
2010.10.13 16:44:59.721,1.39815,1.3985,3.30,5.30
2010.10.13 16:44:59.873,1.39815,1.39845,1.00,1.00
2010.10.13 16:45:00.495,1.39815,1.39845,2.40,1.00
2010.10.13 16:45:00.657,1.39815,1.39845,1.00,1.00
2010.10.13 16:45:01.686,1.39815,1.3985,1.50,1.70
2010.10.13 16:45:02.205,1.39815,1.39845,1.50,1.00
2010.10.13 16:45:02.413,1.39815,1.39845,1.00,1.00
2010.10.13 16:45:08.021,1.39815,1.39845,1.00,1.00
2010.10.13 16:45:08.673,1.3982,1.39845,1.00,1.00
2010.10.13 16:45:08.845,1.3982,1.39845,1.00,1.00
2010.10.13 16:45:09.009,1.39815,1.3984,1.00,1.00
2010.10.13 16:45:09.691,1.39815,1.39845,1.10,3.20
2010.10.13 16:45:10.037,1.39815,1.39845,1.10,1.60
2010.10.13 16:45:11.530,1.3981,1.39845,1.90,3.30
2010.10.13 16:45:11.842,1.39815,1.39845,1.00,1.60
2010.10.13 16:45:12.587,1.39815,1.39845,1.10,1.60
2010.10.13 16:45:15.451,1.39815,1.3985,1.10,3.20
2010.10.13 16:45:15.930,1.39815,1.3985,1.90,3.20
2010.10.13 16:45:16.304,1.3982,1.3985,1.00,3.20
2010.10.13 16:45:17.082,1.3982,1.3985,3.00,1.00
2010.10.13 16:45:17.233,1.39825,1.3985,1.00,1.00
2010.10.13 16:45:18.471,1.3982,1.3985,1.00,2.40
2010.10.13 16:45:20.054,1.39815,1.3985,1.50,3.40
2010.10.13 16:45:20.551,1.39815,1.3985,1.50,5.00
2010.10.13 16:45:20.713,1.39815,1.3985,1.50,3.20
2010.10.13 16:45:21.562,1.39815,1.3985,1.50,1.60
2010.10.13 16:45:22.110,1.3982,1.3985,1.00,1.60
2010.10.13 16:45:22.481,1.3982,1.3985,1.00,3.20
2010.10.13 16:45:23.461,1.3982,1.3985,1.00,1.60
2010.10.13 16:45:23.715,1.3982,1.3985,1.00,3.20
2010.10.13 16:45:24.270,1.3982,1.3985,1.00,2.40
2010.10.13 16:45:25.270,1.3982,1.3985,1.00,1.00
2010.10.13 16:45:26.874,1.39825,1.3985,1.00,1.00
2010.10.13 16:45:27.623,1.39825,1.39855,1.10,1.00
2010.10.13 16:45:29.648,1.39825,1.39855,2.80,1.00
2010.10.13 16:45:30.543,1.39825,1.39855,1.00,1.00
2010.10.13 16:45:30.741,1.39825,1.39855,1.00,1.00
2010.10.13 16:45:31.610,1.39825,1.39855,1.00,1.00
2010.10.13 16:45:36.930,1.39825,1.39855,1.00,1.00
2010.10.13 16:45:37.041,1.39825,1.39855,1.00,2.50
2010.10.13 16:45:37.250,1.3982,1.3985,1.10,1.60
2010.10.13 16:45:41.382,1.3982,1.3985,1.10,1.00
2010.10.13 16:45:41.541,1.3982,1.39855,3.60,1.60
2010.10.13 16:45:41.701,1.39825,1.39855,1.00,1.60
2010.10.13 16:45:42.748,1.3982,1.39855,1.90,3.20
2010.10.13 16:45:45.204,1.39825,1.3986,1.50,7.20
2010.10.13 16:45:45.402,1.39825,1.3986,1.50,7.30
2010.10.13 16:45:46.338,1.39815,1.3985,5.20,3.20
2010.10.13 16:45:46.543,1.3982,1.3985,1.50,2.40
2010.10.13 16:45:47.301,1.39825,1.39855,1.50,2.00
2010.10.13 16:45:47.646,1.39825,1.39855,1.50,3.80
2010.10.13 16:45:47.992,1.39825,1.39855,1.50,3.90
2010.10.13 16:45:49.261,1.39825,1.39855,1.50,3.80
2010.10.13 16:45:49.609,1.3983,1.39855,1.50,1.00
2010.10.13 16:45:55.491,1.3983,1.3986,1.50,6.40
2010.10.13 16:45:59.466,1.3983,1.3986,1.50,6.30
2010.10.13 16:45:59.683,1.3983,1.3986,1.50,6.50
2010.10.13 16:46:00.830,1.3983,1.3986,1.50,3.10
2010.10.13 16:46:01.713,1.3983,1.3986,1.50,3.00
2010.10.13 16:46:14.276,1.3983,1.3986,1.50,3.00
2010.10.13 16:46:14.532,1.3983,1.3986,1.50,3.00
2010.10.13 16:46:22.050,1.3983,1.3986,1.50,2.80
2010.10.13 16:46:22.606,1.39835,1.3986,1.00,1.00
2010.10.13 16:46:22.679,1.39835,1.39865,1.00,2.00
2010.10.13 16:46:26.546,1.39835,1.3986,1.00,1.00
2010.10.13 16:46:26.739,1.3983,1.3986,1.10,2.80
2010.10.13 16:46:27.514,1.3983,1.3986,1.00,2.80
2010.10.13 16:46:28.789,1.3983,1.3986,1.10,1.00
2010.10.13 16:46:29.756,1.39835,1.39865,1.00,4.50
2010.10.13 16:46:31.110,1.39835,1.39865,1.00,1.20
2010.10.13 16:46:31.491,1.39835,1.39865,1.00,1.30
2010.10.13 16:46:31.740,1.39835,1.39865,1.00,4.70
2010.10.13 16:46:33.092,1.39835,1.39865,1.00,3.00
2010.10.13 16:46:33.821,1.39835,1.39865,1.00,2.90
2010.10.13 16:46:34.321,1.39835,1.39865,1.00,2.80
2010.10.13 16:46:35.256,1.39835,1.39865,1.00,2.90
2010.10.13 16:46:35.560,1.39835,1.39865,1.00,4.50
2010.10.13 16:46:35.870,1.39835,1.3986,1.00,1.60
2010.10.13 16:46:36.033,1.39835,1.39865,1.50,2.00
2010.10.13 16:46:36.192,1.39835,1.3987,1.90,5.30
2010.10.13 16:46:36.571,1.39835,1.3987,1.90,6.90
2010.10.13 16:46:37.742,1.39835,1.3987,1.90,7.10
2010.10.13 16:46:39.382,1.39835,1.3987,1.90,7.00
2010.10.13 16:46:42.042,1.39835,1.3987,1.90,5.40
2010.10.13 16:46:43.374,1.3984,1.3987,1.00,5.40
2010.10.13 16:46:43.678,1.3984,1.3987,1.50,1.20
2010.10.13 16:46:43.861,1.3984,1.3987,1.50,2.80
2010.10.13 16:46:44.230,1.39835,1.3987,1.90,3.60
2010.10.13 16:46:47.136,1.39835,1.3987,3.60,2.00
2010.10.13 16:46:48.020,1.39835,1.3987,1.90,5.30
2010.10.13 16:46:54.168,1.39835,1.3987,1.90,6.90
2010.10.13 16:46:54.470,1.39835,1.3987,1.90,7.00
2010.10.13 16:46:55.312,1.39835,1.3987,1.90,5.40
2010.10.13 16:46:55.626,1.39835,1.3987,1.90,3.60
2010.10.13 16:46:55.931,1.39835,1.3987,5.30,2.00
2010.10.13 16:46:56.242,1.3984,1.3987,1.50,1.00
2010.10.13 16:46:57.093,1.39845,1.3987,1.00,1.00
2010.10.13 16:46:57.374,1.39845,1.3987,1.00,2.00
2010.10.13 16:46:57.655,1.39845,1.3987,1.00,1.00
2010.10.13 16:46:58.727,1.39845,1.3987,1.00,2.00
2010.10.13 16:46:59.032,1.39845,1.3987,1.00,1.00
2010.10.13 16:47:04.381,1.39845,1.3987,1.00,1.00
2010.10.13 16:47:04.514,1.3984,1.3987,1.50,1.00
2010.10.13 16:47:04.902,1.3984,1.3987,3.60,1.00
2010.10.13 16:47:05.034,1.3984,1.3987,1.90,1.00
2010.10.13 16:47:05.675,1.3984,1.3987,1.90,1.00
2010.10.13 16:47:05.970,1.3984,1.39875,1.50,3.60
2010.10.13 16:47:06.264,1.3984,1.39875,3.10,3.80
2010.10.13 16:47:07.421,1.3984,1.39875,1.50,3.70
2010.10.13 16:47:08.107,1.39845,1.39875,1.50,2.60
2010.10.13 16:47:08.650,1.39845,1.39875,1.50,1.00
2010.10.13 16:47:08.953,1.3984,1.3987,5.20,1.00
2010.10.13 16:47:09.215,1.3984,1.39865,1.00,1.00
2010.10.13 16:47:10.267,1.39835,1.39865,1.00,2.40
2010.10.13 16:47:10.528,1.3984,1.3987,1.00,3.20
2010.10.13 16:47:10.787,1.3984,1.3987,1.00,1.60
2010.10.13 16:47:11.663,1.3984,1.3987,1.00,3.20
2010.10.13 16:47:12.002,1.39835,1.39865,1.90,1.00
2010.10.13 16:47:13.399,1.3984,1.39865,1.00,1.00
2010.10.13 16:47:46.512,1.3984,1.3987,1.90,1.00
2010.10.13 16:47:46.704,1.3985,1.3987,1.00,1.00
2010.10.13 16:47:47.254,1.3985,1.39875,1.00,1.60
2010.10.13 16:47:47.457,1.39845,1.39875,1.50,1.00
2010.10.13 16:47:48.669,1.3984,1.3987,4.30,1.60
2010.10.13 16:47:49.018,1.3984,1.3987,1.10,1.60
2010.10.13 16:47:49.890,1.39835,1.39865,1.00,1.20
2010.10.13 16:47:51.088,1.39835,1.39865,1.00,2.80
2010.10.13 16:47:51.961,1.39835,1.39865,1.00,1.20
2010.10.13 16:47:53.012,1.39835,1.3987,3.10,3.80
2010.10.13 16:47:53.194,1.39835,1.3987,1.50,3.80
2010.10.13 16:47:53.379,1.39835,1.39865,1.90,1.00
2010.10.13 16:47:54.228,1.39835,1.3986,1.00,1.00
2010.10.13 16:47:54.542,1.39835,1.39865,1.00,1.30
2010.10.13 16:47:54.863,1.39835,1.3986,1.00,1.00
2010.10.13 16:47:55.685,1.39835,1.39865,1.00,3.60
2010.10.13 16:47:55.993,1.39835,1.39865,2.30,1.00
2010.10.13 16:47:56.304,1.39835,1.39865,2.70,1.00
2010.10.13 16:47:57.112,1.39835,1.39865,2.30,1.00
2010.10.13 16:47:57.991,1.3984,1.3987,2.00,1.60
2010.10.13 16:47:59.255,1.39835,1.3987,3.70,3.60
2010.10.13 16:47:59.445,1.3984,1.3987,2.00,1.60
2010.10.13 16:48:00.873,1.3984,1.3987,2.00,1.60
2010.10.13 16:48:02.418,1.3984,1.3987,2.00,1.60
2010.10.13 16:48:04.392,1.3984,1.3987,1.00,1.60
2010.10.13 16:48:09.395,1.39835,1.3987,3.50,4.90
2010.10.13 16:48:09.576,1.39835,1.39865,3.10,1.00
2010.10.13 16:48:09.928,1.3983,1.3986,3.50,3.30
2010.10.13 16:48:10.786,1.3983,1.3986,3.10,3.30
2010.10.13 16:48:18.290,1.39835,1.3986,1.00,3.30
2010.10.13 16:48:18.390,1.39835,1.3986,2.00,3.30
2010.10.13 16:48:18.633,1.3984,1.3987,2.30,1.60
2010.10.13 16:48:19.188,1.3984,1.3987,2.30,1.60
2010.10.13 16:48:19.428,1.39845,1.39875,3.90,1.00
2010.10.13 16:48:19.672,1.39845,1.39875,3.50,1.00
2010.10.13 16:48:20.392,1.39845,1.39875,3.90,1.00
2010.10.13 16:48:21.313,1.39845,1.39875,3.50,1.00
2010.10.13 16:48:22.210,1.3985,1.39875,1.60,1.00
2010.10.13 16:48:28.831,1.3985,1.3988,1.60,3.20
2010.10.13 16:48:29.892,1.3985,1.3988,3.10,2.40
2010.10.13 16:48:30.193,1.3985,1.3988,3.70,2.40
2010.10.13 16:48:30.342,1.3985,1.3988,3.50,1.00
2010.10.13 16:48:31.159,1.39855,1.3989,3.50,3.20
2010.10.13 16:48:31.414,1.39855,1.3988,1.00,1.20
2010.10.13 16:48:32.081,1.3985,1.39875,2.70,1.60
2010.10.13 16:48:32.428,1.3985,1.3988,2.30,2.40
2010.10.13 16:48:37.782,1.3985,1.3988,3.10,1.60
2010.10.13 16:48:41.304,1.3985,1.39875,2.30,1.60
2010.10.13 16:48:41.398,1.3985,1.39875,1.00,3.70
2010.10.13 16:48:41.642,1.3985,1.3987,1.00,1.60
2010.10.13 16:48:43.401,1.39845,1.3987,2.30,1.60
2010.10.13 16:48:45.941,1.39845,1.39875,2.30,4.50
2010.10.13 16:48:47.340,1.39845,1.39875,3.10,3.30
2010.10.13 16:48:47.397,1.3985,1.3988,2.00,1.60
2010.10.13 16:48:50.530,1.3986,1.3989,1.60,5.30
2010.10.13 16:48:50.634,1.3986,1.3989,1.60,3.60
2010.10.13 16:48:50.745,1.3986,1.3989,3.10,3.60
2010.10.13 16:48:51.955,1.3986,1.39885,1.50,3.20
2010.10.13 16:48:52.817,1.39855,1.39885,2.30,4.20
2010.10.13 16:48:53.050,1.3986,1.3989,1.00,2.80
2010.10.13 16:48:53.284,1.3986,1.3989,1.00,1.20
2010.10.13 16:48:54.370,1.3986,1.3989,1.00,3.00
2010.10.13 16:48:54.727,1.39855,1.39885,2.30,4.40
2010.10.13 16:48:55.949,1.39855,1.39885,1.00,1.00
2010.10.13 16:48:56.296,1.39855,1.39885,1.50,1.60
2010.10.13 16:48:56.577,1.39855,1.39885,1.00,3.70
2010.10.13 16:48:57.129,1.39855,1.39885,1.00,5.50
2010.10.13 16:48:57.420,1.3985,1.39875,1.60,1.00
2010.10.13 16:48:58.701,1.3985,1.3988,2.30,3.60
2010.10.13 16:48:59.491,1.3985,1.3988,2.30,2.00
2010.10.13 16:49:05.063,1.3985,1.3988,2.30,3.60
2010.10.13 16:49:05.793,1.3985,1.3988,1.00,3.60
2010.10.13 16:49:07.178,1.39845,1.39875,2.30,4.10
2010.10.13 16:49:07.291,1.39845,1.39875,2.30,2.40
2010.10.13 16:49:07.401,1.39845,1.39875,2.30,1.60
2010.10.13 16:49:07.511,1.39845,1.39875,1.60,1.60
2010.10.13 16:49:08.405,1.3984,1.39865,1.60,1.00
2010.10.13 16:49:12.306,1.39835,1.39865,5.50,1.00
2010.10.13 16:49:12.529,1.39835,1.3987,5.20,2.00
2010.10.13 16:49:13.102,1.3984,1.3987,1.60,2.00
2010.10.13 16:49:30.311,1.39835,1.3987,5.20,2.00
2010.10.13 16:49:30.790,1.39835,1.3987,4.80,2.00
2010.10.13 16:49:31.633,1.39845,1.39875,1.60,4.90
2010.10.13 16:49:32.219,1.39845,1.39875,1.60,1.60
2010.10.13 16:49:32.298,1.39845,1.3988,3.10,5.30
2010.10.13 16:49:32.443,1.39845,1.3988,3.10,3.60
2010.10.13 16:49:32.584,1.3985,1.3988,1.60,3.20
2010.10.13 16:49:32.657,1.3985,1.3988,1.60,1.60
2010.10.13 16:49:33.222,1.3985,1.3988,3.10,1.60
2010.10.13 16:49:37.810,1.3985,1.39885,3.10,5.40
2010.10.13 16:49:38.061,1.3985,1.39885,3.10,5.30
2010.10.13 16:49:38.870,1.3985,1.39885,3.10,5.40
2010.10.13 16:49:41.952,1.3985,1.39885,5.20,3.20
2010.10.13 16:49:42.091,1.39855,1.39885,1.00,1.00
2010.10.13 16:49:43.082,1.39855,1.3988,1.00,1.00
2010.10.13 16:49:44.942,1.39855,1.39885,1.00,1.00
2010.10.13 16:49:45.272,1.39855,1.39885,1.00,1.00
2010.10.13 16:49:47.292,1.39855,1.39885,1.00,1.00
2010.10.13 16:49:50.772,1.39855,1.39885,1.00,1.00
2010.10.13 16:49:51.682,1.39855,1.39885,1.00,2.40
2010.10.13 16:49:53.080,1.39855,1.39885,1.00,2.40
2010.10.13 16:49:53.191,1.39855,1.39885,2.50,1.00
2010.10.13 16:49:53.302,1.3986,1.39885,1.00,1.00
2010.10.13 16:49:53.853,1.3986,1.3989,1.10,2.40
2010.10.13 16:49:53.970,1.39865,1.39895,1.50,1.00
2010.10.13 16:49:54.422,1.39865,1.399,1.50,3.80
2010.10.13 16:49:54.762,1.39865,1.39895,1.50,1.00
2010.10.13 16:49:58.699,1.39865,1.39895,1.50,1.00
2010.10.13 16:49:58.920,1.39865,1.399,1.50,3.70
2010.10.13 16:50:00.673,1.39865,1.399,1.50,3.60
2010.10.13 16:50:00.851,1.39865,1.399,5.30,1.60
2010.10.13 16:50:01.061,1.39865,1.399,3.60,1.60
2010.10.13 16:50:01.270,1.39865,1.399,5.20,1.60
2010.10.13 16:50:03.369,1.39865,1.399,3.60,1.60
2010.10.13 16:50:05.292,1.3987,1.399,1.00,1.60
2010.10.13 16:50:07.879,1.3987,1.399,1.00,2.10
2010.10.13 16:50:07.963,1.39865,1.399,1.50,3.80
2010.10.13 16:50:09.915,1.3987,1.399,1.00,1.60
2010.10.13 16:50:10.220,1.39865,1.399,1.50,3.60
2010.10.13 16:50:11.006,1.39865,1.399,3.10,3.60
2010.10.13 16:50:11.200,1.3987,1.399,1.90,1.00
2010.10.13 16:50:11.484,1.3987,1.399,1.10,1.60
2010.10.13 16:50:11.763,1.3987,1.399,1.00,1.60
2010.10.13 16:50:13.170,1.39875,1.399,2.00,1.60
2010.10.13 16:50:14.082,1.39875,1.399,2.00,1.00
2010.10.13 16:50:16.063,1.3988,1.399,1.00,1.00
2010.10.13 16:50:16.183,1.39885,1.399,1.00,1.00
2010.10.13 16:50:16.741,1.3988,1.3991,1.00,3.40
2010.10.13 16:50:16.870,1.39875,1.3991,1.90,3.30
2010.10.13 16:50:17.213,1.39875,1.3991,1.90,3.20
2010.10.13 16:50:18.283,1.39885,1.3991,1.00,3.20
2010.10.13 16:50:18.459,1.39885,1.39915,3.70,1.60
2010.10.13 16:50:18.803,1.39885,1.39915,2.00,1.60
2010.10.13 16:50:19.675,1.39885,1.39915,3.70,1.60
2010.10.13 16:50:20.017,1.39885,1.39915,1.00,1.60
2010.10.13 16:50:22.921,1.3988,1.3991,6.10,1.00
2010.10.13 16:50:22.980,1.3988,1.3991,4.50,1.60
2010.10.13 16:50:23.211,1.3988,1.3991,1.10,1.60
2010.10.13 16:50:23.914,1.3988,1.3991,2.70,1.60
2010.10.13 16:50:24.235,1.39885,1.3991,1.00,1.60
2010.10.13 16:50:25.201,1.3988,1.3991,2.80,1.60
2010.10.13 16:50:25.910,1.3988,1.3991,1.10,1.60
2010.10.13 16:50:26.126,1.3988,1.3991,1.00,1.60
2010.10.13 16:50:36.960,1.3988,1.39905,1.00,1.00
2010.10.13 16:50:43.441,1.3988,1.39905,1.00,1.60
2010.10.13 16:50:43.671,1.39875,1.39905,2.00,1.60
2010.10.13 16:50:45.873,1.39875,1.39905,1.00,1.60
2010.10.13 16:50:46.494,1.3987,1.39905,3.60,1.60
2010.10.13 16:50:46.689,1.3987,1.399,1.10,1.60
2010.10.13 16:50:46.877,1.3987,1.399,1.00,1.60
2010.10.13 16:50:47.594,1.39865,1.399,3.50,4.90
2010.10.13 16:50:48.611,1.39865,1.399,4.30,4.90
2010.10.13 16:50:49.131,1.39865,1.399,4.30,3.20
2010.10.13 16:50:49.456,1.3987,1.399,1.00,1.60
2010.10.13 16:50:49.757,1.3987,1.399,1.20,1.70
2010.10.13 16:50:50.679,1.39875,1.39905,2.40,1.60
2010.10.13 16:50:50.886,1.39875,1.39905,1.00,1.60
2010.10.13 16:50:51.840,1.39875,1.39905,1.00,2.00
2010.10.13 16:50:52.186,1.3987,1.399,1.00,1.00
2010.10.13 16:50:54.074,1.39865,1.399,3.50,3.20
2010.10.13 16:50:54.561,1.39865,1.399,3.60,1.60
2010.10.13 16:50:59.933,1.39865,1.399,3.80,1.60
2010.10.13 16:51:00.825,1.39865,1.399,3.60,1.60
2010.10.13 16:51:02.780,1.39875,1.399,1.00,1.60
2010.10.13 16:51:02.983,1.39875,1.39905,1.10,3.20
2010.10.13 16:51:03.630,1.3987,1.39905,2.80,3.20
2010.10.13 16:51:04.343,1.3987,1.39905,3.50,3.20
2010.10.13 16:51:07.821,1.3987,1.399,3.60,1.00
2010.10.13 16:51:08.075,1.3987,1.399,2.40,2.00
2010.10.13 16:51:08.642,1.3987,1.399,1.00,3.60
2010.10.13 16:51:08.994,1.3987,1.399,1.00,5.20
2010.10.13 16:51:09.332,1.3987,1.399,1.00,5.30
2010.10.13 16:51:09.676,1.3987,1.399,1.00,5.20
2010.10.13 16:51:11.391,1.3987,1.399,1.00,5.40
2010.10.13 16:51:11.521,1.3987,1.399,1.00,5.30
2010.10.13 16:51:11.650,1.39865,1.39895,3.10,1.00
2010.10.13 16:51:11.913,1.39865,1.39895,1.50,1.00
2010.10.13 16:51:21.023,1.39865,1.39895,1.70,1.00
2010.10.13 16:51:21.655,1.39865,1.39895,1.60,1.60
2010.10.13 16:51:21.742,1.3986,1.39895,6.90,1.60
2010.10.13 16:51:22.574,1.3986,1.3989,4.40,1.60
2010.10.13 16:51:25.442,1.3987,1.3989,1.00,1.60
2010.10.13 16:51:26.225,1.3987,1.399,1.10,1.60
2010.10.13 16:51:26.375,1.3987,1.399,2.80,1.00
2010.10.13 16:51:27.213,1.3987,1.399,4.50,1.00
2010.10.13 16:51:29.545,1.39875,1.399,1.00,1.00
2010.10.13 16:51:29.723,1.39875,1.39905,1.00,1.60
2010.10.13 16:51:29.901,1.39875,1.39905,2.00,1.60
2010.10.13 16:51:32.691,1.39875,1.39905,3.70,1.60
2010.10.13 16:51:33.390,1.39875,1.39905,1.60,1.60
2010.10.13 16:51:33.565,1.39875,1.399,1.60,1.00
2010.10.13 16:51:33.783,1.3987,1.399,1.10,1.00
2010.10.13 16:51:34.003,1.3987,1.399,1.00,1.00
2010.10.13 16:51:39.430,1.3987,1.399,1.00,1.00
2010.10.13 16:51:39.653,1.39875,1.399,1.00,1.00
2010.10.13 16:51:39.873,1.39875,1.39905,1.00,1.60
2010.10.13 16:51:40.094,1.3987,1.39905,4.80,1.60
2010.10.13 16:51:40.313,1.3987,1.39905,1.50,4.90
2010.10.13 16:51:41.078,1.3987,1.39905,3.20,1.60
2010.10.13 16:51:41.328,1.3987,1.39905,1.50,4.90
2010.10.13 16:51:41.535,1.3987,1.39905,1.70,4.90
2010.10.13 16:51:41.736,1.39875,1.39905,2.00,1.60
2010.10.13 16:51:42.390,1.3988,1.39905,1.00,1.00
2010.10.13 16:51:42.565,1.3988,1.3991,1.00,1.00
2010.10.13 16:51:45.508,1.3987,1.39905,3.60,3.60
2010.10.13 16:51:49.243,1.3987,1.39905,3.60,3.60
2010.10.13 16:51:50.150,1.3987,1.39905,3.60,3.70
2010.10.13 16:51:50.280,1.3987,1.399,2.80,1.60
2010.10.13 16:51:53.706,1.3987,1.399,1.90,3.30
2010.10.13 16:51:53.835,1.3987,1.39905,3.60,2.00
2010.10.13 16:51:54.620,1.39875,1.39905,1.00,1.20
2010.10.13 16:51:55.084,1.39875,1.39905,1.00,1.00
2010.10.13 16:51:56.403,1.39875,1.39905,1.10,1.00
2010.10.13 16:51:57.366,1.39875,1.39905,4.50,1.00
2010.10.13 16:51:59.224,1.39875,1.39905,3.70,1.60
2010.10.13 16:51:59.320,1.3987,1.39905,1.90,1.60
2010.10.13 16:51:59.505,1.3987,1.39905,1.90,5.10
2010.10.13 16:52:00.195,1.3987,1.399,1.00,1.60
2010.10.13 16:52:00.303,1.39875,1.399,1.00,1.60
2010.10.13 16:52:01.502,1.39875,1.39895,1.00,1.00
2010.10.13 16:52:01.821,1.3987,1.39895,1.00,1.00
2010.10.13 16:52:04.301,1.3987,1.39895,2.00,1.00
2010.10.13 16:52:06.433,1.39875,1.39895,1.60,1.00
2010.10.13 16:52:10.009,1.3987,1.39895,2.00,1.00
2010.10.13 16:52:10.199,1.3987,1.399,2.00,1.60
2010.10.13 16:52:12.223,1.39875,1.399,1.60,1.60
2010.10.13 16:52:16.561,1.3987,1.399,2.00,1.60
2010.10.13 16:52:16.762,1.3987,1.39895,2.00,1.00
2010.10.13 16:52:18.666,1.39875,1.39895,1.60,1.00
2010.10.13 16:52:18.815,1.39875,1.399,2.00,1.60
2010.10.13 16:52:20.393,1.39875,1.39895,2.00,1.00
2010.10.13 16:52:20.625,1.39875,1.39895,1.60,1.00
2010.10.13 16:52:21.636,1.39875,1.399,1.60,1.60
2010.10.13 16:52:28.261,1.39875,1.399,1.60,3.20
2010.10.13 16:52:29.227,1.3987,1.39895,2.00,1.00
2010.10.13 16:52:29.563,1.39875,1.39895,2.00,1.00
2010.10.13 16:52:30.329,1.3987,1.39895,2.00,1.00
2010.10.13 16:52:32.250,1.3987,1.39895,1.60,4.80
2010.10.13 16:52:32.599,1.3987,1.39895,1.60,2.40
2010.10.13 16:52:33.591,1.39865,1.3989,1.60,1.00
2010.10.13 16:52:40.803,1.39865,1.39895,1.60,3.30
2010.10.13 16:52:41.493,1.39865,1.39895,2.40,2.40
2010.10.13 16:52:41.620,1.3987,1.399,3.10,1.00
2010.10.13 16:52:44.233,1.39875,1.399,1.60,1.00
2010.10.13 16:52:47.603,1.39875,1.399,2.30,1.00
2010.10.13 16:52:47.757,1.39875,1.39905,2.30,1.70
2010.10.13 16:52:50.257,1.39875,1.39905,3.10,1.00
2010.10.13 16:52:50.601,1.3988,1.3991,1.60,3.20
2010.10.13 16:52:52.098,1.3988,1.3991,1.60,1.80
2010.10.13 16:52:52.389,1.3988,1.3991,1.60,7.00
2010.10.13 16:52:53.393,1.39885,1.3991,2.00,6.50
2010.10.13 16:52:53.927,1.39885,1.3991,2.00,3.20
2010.10.13 16:52:54.169,1.39875,1.3991,3.10,3.80
2010.10.13 16:52:54.394,1.39875,1.3991,3.10,5.40
2010.10.13 16:52:54.712,1.3988,1.3991,1.60,7.00
2010.10.13 16:52:55.031,1.3988,1.3991,1.60,7.10
2010.10.13 16:52:56.943,1.3988,1.3991,1.60,7.00
2010.10.13 16:52:57.174,1.3988,1.3991,1.60,6.70
2010.10.13 16:52:57.403,1.3988,1.3991,1.60,7.00
2010.10.13 16:52:58.162,1.3988,1.3991,2.30,3.20
2010.10.13 16:52:58.383,1.3988,1.3991,2.30,1.00
2010.10.13 16:53:01.573,1.39875,1.39905,2.00,3.20
2010.10.13 16:53:06.842,1.3988,1.3991,1.60,1.60
2010.10.13 16:53:06.982,1.3988,1.39915,1.60,5.40
2010.10.13 16:53:07.121,1.3988,1.39915,3.10,5.40
2010.10.13 16:53:07.391,1.3988,1.39915,3.10,5.30
2010.10.13 16:53:08.678,1.39885,1.39915,1.60,5.20
2010.10.13 16:53:08.985,1.39885,1.39915,2.00,1.60
2010.10.13 16:53:11.225,1.3989,1.39915,1.00,1.00
2010.10.13 16:53:18.141,1.3989,1.39915,2.00,1.00
2010.10.13 16:53:18.724,1.3989,1.39915,1.00,1.00
2010.10.13 16:53:22.547,1.39895,1.39915,1.00,1.00
2010.10.13 16:53:24.596,1.3989,1.39915,1.00,1.00
2010.10.13 16:53:26.634,1.3989,1.39915,1.00,1.60
2010.10.13 16:53:26.915,1.39885,1.39915,2.00,1.60
2010.10.13 16:53:29.179,1.39885,1.39915,2.00,3.20
2010.10.13 16:53:29.424,1.39885,1.39915,2.00,1.60
2010.10.13 16:53:29.503,1.39885,1.39915,2.00,3.20
2010.10.13 16:53:29.661,1.39885,1.39915,2.00,1.60
2010.10.13 16:53:30.341,1.3988,1.3991,2.70,1.60
2010.10.13 16:53:30.683,1.39885,1.3991,1.60,1.00
2010.10.13 16:53:36.268,1.3988,1.39905,1.60,1.00
2010.10.13 16:53:36.525,1.39875,1.399,3.60,1.00
2010.10.13 16:53:37.252,1.39875,1.3991,2.00,3.20
2010.10.13 16:53:37.596,1.39875,1.3991,3.50,3.20
2010.10.13 16:53:39.773,1.3988,1.3991,1.60,3.20
2010.10.13 16:53:40.985,1.3988,1.3991,2.00,1.60
2010.10.13 16:53:41.562,1.3988,1.3991,2.70,1.00
2010.10.13 16:53:52.114,1.39885,1.39915,2.30,4.10
2010.10.13 16:53:52.241,1.3989,1.39915,1.60,4.10
2010.10.13 16:53:52.907,1.3989,1.3992,2.30,1.60
2010.10.13 16:53:55.853,1.3989,1.39915,1.60,1.00
2010.10.13 16:53:57.541,1.39885,1.39915,2.30,1.00
2010.10.13 16:53:57.642,1.39885,1.3991,1.60,1.00
2010.10.13 16:53:57.742,1.39885,1.3991,1.60,1.80
2010.10.13 16:53:57.841,1.3988,1.39905,3.10,1.90
2010.10.13 16:53:58.503,1.3988,1.39905,3.10,1.60
2010.10.13 16:53:58.726,1.3988,1.3991,1.60,4.90
2010.10.13 16:53:58.951,1.3988,1.3991,3.50,1.00
2010.10.13 16:53:59.883,1.39885,1.3991,1.60,1.00
2010.10.13 16:54:03.286,1.39885,1.39915,2.00,1.00
2010.10.13 16:54:04.572,1.3989,1.39915,1.60,1.00
2010.10.13 16:54:07.732,1.3989,1.39915,3.20,1.00
2010.10.13 16:54:11.402,1.3989,1.39915,4.30,1.00
2010.10.13 16:54:11.650,1.3989,1.3992,4.30,1.60
2010.10.13 16:54:11.826,1.3989,1.3992,4.70,1.60
2010.10.13 16:54:12.830,1.3989,1.3992,4.30,1.60
2010.10.13 16:54:18.600,1.39895,1.3992,1.60,1.60
2010.10.13 16:54:18.692,1.39895,1.39925,1.60,2.10
2010.10.13 16:54:21.363,1.399,1.39925,1.00,1.10
2010.10.13 16:54:21.462,1.399,1.3993,3.10,3.40
2010.10.13 16:54:22.058,1.399,1.3993,3.10,1.60
2010.10.13 16:54:22.585,1.39895,1.39925,4.80,1.00
2010.10.13 16:54:22.883,1.399,1.39925,1.60,1.00
2010.10.13 16:54:23.984,1.399,1.39925,1.60,2.70
2010.10.13 16:54:24.264,1.39895,1.39925,3.50,2.70
2010.10.13 16:54:24.544,1.39895,1.39925,3.10,2.70
2010.10.13 16:54:25.428,1.39895,1.39925,1.60,3.50
2010.10.13 16:54:25.646,1.39885,1.39915,4.10,4.40
2010.10.13 16:54:25.863,1.39885,1.39915,3.10,2.70
2010.10.13 16:54:26.073,1.39885,1.39915,3.10,4.00
2010.10.13 16:54:26.705,1.39885,1.39915,3.10,2.40
2010.10.13 16:54:27.029,1.39885,1.39915,3.10,1.00
2010.10.13 16:54:28.434,1.39885,1.39915,1.60,5.20
2010.10.13 16:54:28.716,1.39885,1.39915,2.00,1.60
2010.10.13 16:54:32.523,1.39885,1.3992,3.50,3.60
2010.10.13 16:54:33.206,1.3989,1.3992,2.70,1.00
2010.10.13 16:54:34.083,1.3989,1.3992,2.00,1.60
2010.10.13 16:54:34.893,1.3989,1.3992,1.60,2.40
2010.10.13 16:54:35.046,1.3989,1.3992,1.60,1.10
2010.10.13 16:54:39.790,1.3989,1.3992,2.00,1.00
2010.10.13 16:54:40.001,1.3989,1.3992,2.70,1.00
2010.10.13 16:54:44.508,1.3989,1.3992,2.30,1.10
2010.10.13 16:54:44.637,1.3989,1.39915,1.60,1.00
2010.10.13 16:54:44.762,1.39885,1.39915,3.50,1.00
2010.10.13 16:54:44.892,1.39885,1.39915,5.20,1.00
2010.10.13 16:54:45.141,1.39885,1.39915,3.50,1.00
2010.10.13 16:54:45.512,1.39885,1.39915,5.20,1.00
2010.10.13 16:54:46.713,1.39885,1.39915,3.50,1.00
2010.10.13 16:54:46.792,1.39885,1.39915,5.20,1.00
2010.10.13 16:54:47.153,1.39885,1.39915,3.50,1.00
2010.10.13 16:54:48.093,1.39885,1.39915,5.20,1.00
2010.10.13 16:54:48.383,1.39885,1.39915,3.50,1.00
2010.10.13 16:54:49.629,1.39885,1.39915,2.70,1.60
2010.10.13 16:54:49.856,1.39885,1.39915,2.00,1.60
2010.10.13 16:54:54.239,1.39895,1.39925,4.30,1.60
2010.10.13 16:54:54.374,1.39895,1.39925,6.00,1.60
2010.10.13 16:54:54.503,1.39895,1.39925,4.30,1.60
2010.10.13 16:54:55.595,1.39895,1.39925,2.70,1.60
2010.10.13 16:55:02.322,1.39895,1.39925,1.10,1.60
2010.10.13 16:55:02.861,1.39895,1.39925,2.70,1.60
2010.10.13 16:55:08.423,1.39895,1.39925,2.80,1.60
2010.10.13 16:55:11.323,1.39895,1.39925,2.70,1.60
2010.10.13 16:55:14.404,1.39895,1.39925,2.90,1.60
2010.10.13 16:55:14.692,1.399,1.39925,2.00,1.60
2010.10.13 16:55:14.883,1.399,1.3993,2.00,1.60
2010.10.13 16:55:15.072,1.39905,1.39935,1.60,4.90
2010.10.13 16:55:15.263,1.39905,1.39935,2.30,3.20
2010.10.13 16:55:16.242,1.39905,1.39935,2.30,1.60
2010.10.13 16:55:16.502,1.39905,1.39935,2.30,1.00
2010.10.13 16:55:19.151,1.39905,1.39935,3.10,1.00
2010.10.13 16:55:19.303,1.3991,1.39935,1.60,1.00
2010.10.13 16:55:19.603,1.39915,1.39935,1.00,1.00
2010.10.13 16:55:19.753,1.39915,1.3994,1.00,1.60
2010.10.13 16:55:21.571,1.39915,1.3994,1.00,1.00
2010.10.13 16:55:29.520,1.39915,1.3994,2.00,1.00
2010.10.13 16:55:29.731,1.39915,1.3994,2.80,1.00
2010.10.13 16:55:29.800,1.39915,1.3995,3.50,3.60
2010.10.13 16:55:29.871,1.3992,1.3995,1.60,3.60
2010.10.13 16:55:30.411,1.3992,1.3995,1.60,1.90
2010.10.13 16:55:30.983,1.3992,1.3995,3.60,1.60
2010.10.13 16:55:31.172,1.3992,1.3995,2.00,1.60
2010.10.13 16:55:31.862,1.3992,1.3995,3.50,1.00
2010.10.13 16:55:32.055,1.3992,1.3995,2.80,1.00
2010.10.13 16:55:32.313,1.3992,1.3995,1.60,1.60
2010.10.13 16:55:32.821,1.39915,1.3995,3.50,1.60
2010.10.13 16:55:33.810,1.39895,1.3992,1.00,1.00
2010.10.13 16:55:34.154,1.3989,1.3992,3.50,1.60
2010.10.13 16:55:34.355,1.3989,1.39925,3.50,3.20
2010.10.13 16:55:34.555,1.39895,1.39925,2.00,1.60
2010.10.13 16:55:34.756,1.39895,1.39925,1.60,4.90
2010.10.13 16:55:35.430,1.39895,1.39925,2.00,4.90
2010.10.13 16:55:35.638,1.39895,1.39925,1.60,4.90
2010.10.13 16:55:38.162,1.39895,1.39925,1.60,4.90
2010.10.13 16:55:40.550,1.39895,1.39925,1.60,5.00
2010.10.13 16:55:41.787,1.39895,1.39925,1.60,4.90
2010.10.13 16:55:42.202,1.3989,1.3992,2.30,1.00
2010.10.13 16:55:42.315,1.3989,1.3992,2.30,4.10
2010.10.13 16:55:42.422,1.3989,1.3992,1.60,4.10
2010.10.13 16:55:43.099,1.3989,1.3992,1.60,4.90
2010.10.13 16:55:43.787,1.3989,1.3992,1.60,5.10
2010.10.13 16:55:44.140,1.3989,1.3992,1.60,4.90
2010.10.13 16:55:44.912,1.3989,1.3991,1.60,1.00
2010.10.13 16:55:45.171,1.3988,1.39915,5.10,1.00
2010.10.13 16:55:46.056,1.3988,1.39915,3.10,3.60
2010.10.13 16:55:46.403,1.39885,1.39915,1.60,3.60
2010.10.13 16:55:47.444,1.39885,1.39915,1.60,5.20
2010.10.13 16:55:47.604,1.3989,1.3991,1.60,1.60
2010.10.13 16:55:47.748,1.3989,1.3991,1.60,1.00
2010.10.13 16:55:47.895,1.39895,1.3992,1.60,5.00
2010.10.13 16:55:48.537,1.3989,1.3992,1.60,1.60
2010.10.13 16:55:48.890,1.39895,1.3992,3.60,1.60
2010.10.13 16:55:49.239,1.39895,1.3992,1.60,3.20
2010.10.13 16:55:51.493,1.3989,1.3992,2.00,3.20
2010.10.13 16:55:59.788,1.39895,1.3992,1.60,1.60
2010.10.13 16:56:00.223,1.39895,1.39925,1.60,1.60
2010.10.13 16:56:00.423,1.399,1.39925,1.60,1.60
2010.10.13 16:56:00.622,1.399,1.3993,1.60,3.20
2010.10.13 16:56:00.822,1.399,1.3993,1.60,1.60
2010.10.13 16:56:02.794,1.399,1.3993,1.60,1.90
2010.10.13 16:56:03.078,1.399,1.3993,1.60,3.20
2010.10.13 16:56:03.642,1.399,1.3993,1.60,1.60
2010.10.13 16:56:05.143,1.399,1.3993,1.60,1.60
2010.10.13 16:56:05.312,1.399,1.3993,1.60,1.60
2010.10.13 16:56:05.823,1.399,1.3993,1.60,5.20
2010.10.13 16:56:06.901,1.399,1.3993,2.30,1.90
2010.10.13 16:56:07.167,1.399,1.39925,1.60,1.00
2010.10.13 16:56:08.362,1.39905,1.39925,1.60,1.00
2010.10.13 16:56:08.524,1.39905,1.3993,1.60,1.90
2010.10.13 16:56:08.683,1.39905,1.3993,1.60,1.00
2010.10.13 16:56:08.845,1.39905,1.39935,1.60,3.30
2010.10.13 16:56:09.395,1.3991,1.39935,1.60,3.20
2010.10.13 16:56:09.654,1.3991,1.39935,1.60,1.60
2010.10.13 16:56:12.981,1.3991,1.39935,1.60,1.00
2010.10.13 16:56:14.803,1.39915,1.39935,1.00,1.00
2010.10.13 16:56:15.026,1.39915,1.39935,1.60,1.00
2010.10.13 16:56:15.255,1.3991,1.39935,2.00,1.00
2010.10.13 16:56:15.999,1.3991,1.39935,1.60,1.00
2010.10.13 16:56:22.112,1.39915,1.3995,3.10,5.40
2010.10.13 16:56:22.247,1.3991,1.39945,3.40,3.20
2010.10.13 16:56:23.085,1.3991,1.3994,2.60,1.00
2010.10.13 16:56:23.419,1.3991,1.3994,2.60,1.60
2010.10.13 16:56:23.635,1.39915,1.3994,1.60,1.60
2010.10.13 16:56:24.074,1.39915,1.3994,1.60,1.00
2010.10.13 16:56:25.214,1.3992,1.3994,1.60,1.00
2010.10.13 16:56:25.484,1.3992,1.39945,1.60,1.00
2010.10.13 16:56:27.322,1.3992,1.3995,1.60,1.60
2010.10.13 16:56:30.135,1.39925,1.3995,1.00,1.60
2010.10.13 16:56:30.352,1.39925,1.39955,1.00,1.60
2010.10.13 16:56:30.572,1.39925,1.39955,2.00,1.60
2010.10.13 16:56:31.882,1.39925,1.39955,1.60,3.50
2010.10.13 16:56:32.039,1.3993,1.3996,2.30,1.60
2010.10.13 16:56:33.613,1.3993,1.3996,3.10,1.00
2010.10.13 16:56:33.952,1.3993,1.39965,3.10,3.30
2010.10.13 16:56:34.292,1.3993,1.39965,3.10,3.20
2010.10.13 16:56:34.970,1.3993,1.39965,3.10,3.40
2010.10.13 16:56:35.682,1.3993,1.39965,3.10,3.20
2010.10.13 16:56:35.872,1.3993,1.39965,6.50,1.60
2010.10.13 16:56:37.315,1.3993,1.39965,6.50,1.60
2010.10.13 16:56:37.711,1.39935,1.39965,1.60,1.60
2010.10.13 16:56:38.309,1.3993,1.39965,6.90,1.60
2010.10.13 16:56:38.631,1.3993,1.39965,6.50,1.60
2010.10.13 16:56:38.953,1.3993,1.39965,6.90,1.60
2010.10.13 16:56:39.277,1.39935,1.39965,1.60,1.70
2010.10.13 16:56:39.937,1.39935,1.39965,1.60,1.60
2010.10.13 16:56:40.286,1.3993,1.39965,6.50,1.60
2010.10.13 16:56:41.083,1.3993,1.39965,6.90,1.60
2010.10.13 16:56:48.931,1.3993,1.39965,7.70,1.60
2010.10.13 16:56:49.707,1.39945,1.3997,1.00,1.60
2010.10.13 16:56:50.203,1.39945,1.39975,1.00,1.60
2010.10.13 16:56:50.763,1.39945,1.3998,3.60,1.60
2010.10.13 16:56:51.396,1.39945,1.3998,5.30,1.60
2010.10.13 16:56:51.654,1.39945,1.3998,3.60,1.60
2010.10.13 16:56:52.002,1.39945,1.3998,5.50,1.60
2010.10.13 16:56:52.092,1.39945,1.3998,7.10,1.60
2010.10.13 16:56:52.182,1.3996,1.3998,1.00,1.60
2010.10.13 16:56:52.361,1.39955,1.3998,1.00,1.60
2010.10.13 16:56:58.946,1.39945,1.3998,7.00,2.00
2010.10.13 16:56:59.075,1.39945,1.3998,3.70,2.00
2010.10.13 16:56:59.736,1.3995,1.3998,1.00,1.60
2010.10.13 16:57:03.288,1.39945,1.3998,6.50,1.60
2010.10.13 16:57:03.397,1.39945,1.39975,3.20,1.60
2010.10.13 16:57:03.507,1.3994,1.39975,6.10,1.60
2010.10.13 16:57:05.021,1.39945,1.39975,3.10,1.00
2010.10.13 16:57:06.429,1.39945,1.39975,1.50,4.10
2010.10.13 16:57:06.723,1.3994,1.3997,1.10,1.00
2010.10.13 16:57:07.822,1.3994,1.3997,1.00,1.00
2010.10.13 16:57:08.745,1.3994,1.3997,2.30,2.40
2010.10.13 16:57:08.902,1.3994,1.3997,2.70,2.40
2010.10.13 16:57:09.061,1.3994,1.3997,2.70,1.00
2010.10.13 16:57:11.643,1.3994,1.3997,1.00,2.40
2010.10.13 16:57:12.492,1.3994,1.3997,1.00,1.00
2010.10.13 16:57:13.231,1.39935,1.3997,3.10,1.00
2010.10.13 16:57:13.517,1.3994,1.3997,1.60,1.60
2010.10.13 16:57:14.509,1.39935,1.3997,3.10,1.00
2010.10.13 16:57:15.127,1.3995,1.3997,1.60,1.20
2010.10.13 16:57:16.003,1.39955,1.39975,1.60,7.80
2010.10.13 16:57:16.206,1.39945,1.39965,1.60,2.00
2010.10.13 16:57:16.404,1.3994,1.3996,1.60,1.60
2010.10.13 16:57:16.605,1.39945,1.3997,1.60,3.70
2010.10.13 16:57:17.386,1.3995,1.3998,2.30,5.30
2010.10.13 16:57:17.642,1.3995,1.3998,2.30,4.90
2010.10.13 16:57:17.904,1.3995,1.3998,2.30,1.60
2010.10.13 16:57:18.419,1.3995,1.3998,2.30,1.00
2010.10.13 16:57:18.699,1.3995,1.39985,3.10,4.90
2010.10.13 16:57:20.768,1.3995,1.39985,3.10,5.00
2010.10.13 16:57:21.033,1.3995,1.39985,3.10,4.90
2010.10.13 16:57:21.163,1.39955,1.39985,2.30,2.40
2010.10.13 16:57:22.792,1.39955,1.39985,2.50,2.40
2010.10.13 16:57:22.862,1.3997,1.39995,1.00,3.20
2010.10.13 16:57:22.924,1.3997,1.39995,1.00,2.80
2010.10.13 16:57:23.415,1.3997,1.39995,1.00,1.20
2010.10.13 16:57:23.480,1.39975,1.39995,2.00,1.00
2010.10.13 16:57:23.546,1.39975,1.4,2.00,1.00
2010.10.13 16:57:23.617,1.3997,1.4,2.00,1.00
2010.10.13 16:57:24.568,1.39975,1.40005,1.60,1.70
2010.10.13 16:57:25.439,1.39975,1.40005,1.60,1.60
2010.10.13 16:57:25.744,1.3997,1.4,1.60,1.60
2010.10.13 16:57:26.362,1.3997,1.4,1.80,1.60
2010.10.13 16:57:26.674,1.39975,1.4,4.80,1.60
2010.10.13 16:57:26.934,1.3997,1.40005,3.50,1.60
2010.10.13 16:57:27.556,1.3997,1.40005,3.10,5.30
2010.10.13 16:57:27.645,1.3997,1.4,3.10,3.30
2010.10.13 16:57:27.723,1.3997,1.4,2.30,4.10
2010.10.13 16:57:27.886,1.3997,1.4,2.30,1.00
2010.10.13 16:57:28.568,1.3997,1.4,1.00,1.00
2010.10.13 16:57:28.918,1.3997,1.4,2.70,1.00
2010.10.13 16:57:30.585,1.3997,1.40005,3.50,1.60
2010.10.13 16:57:32.337,1.3997,1.40005,1.90,1.60
2010.10.13 16:57:32.765,1.3997,1.40005,3.50,1.60
2010.10.13 16:57:32.982,1.39975,1.4001,1.50,2.40
2010.10.13 16:57:33.725,1.39975,1.4001,1.50,2.00
2010.10.13 16:57:34.058,1.39975,1.40005,1.50,3.30
2010.10.13 16:57:34.398,1.39975,1.4001,3.20,1.20
2010.10.13 16:57:34.604,1.39975,1.40005,3.20,2.00
2010.10.13 16:57:35.318,1.39975,1.40005,1.50,2.00
2010.10.13 16:57:35.531,1.3998,1.40005,1.00,1.60
2010.10.13 16:57:35.859,1.3998,1.4,1.00,1.00
2010.10.13 16:57:37.826,1.39975,1.4,1.00,1.00
2010.10.13 16:57:40.206,1.3997,1.4,1.50,2.00
2010.10.13 16:57:41.443,1.3997,1.4,1.00,2.00
2010.10.13 16:57:41.703,1.39975,1.4,1.00,2.00
2010.10.13 16:57:42.284,1.3997,1.4,1.50,2.00
2010.10.13 16:57:42.437,1.3997,1.4,1.50,1.00
2010.10.13 16:57:42.712,1.3997,1.4,3.10,1.00
2010.10.13 16:57:44.321,1.3997,1.4,1.50,2.00
2010.10.13 16:57:45.718,1.3997,1.4,1.50,2.40
2010.10.13 16:57:46.008,1.39965,1.4,3.10,3.60
2010.10.13 16:57:46.293,1.3997,1.4,1.50,3.60
2010.10.13 16:57:54.022,1.3997,1.3999,1.50,1.00
2010.10.13 16:57:54.818,1.39965,1.4,3.10,3.60
2010.10.13 16:58:01.850,1.39965,1.39995,3.10,1.60
2010.10.13 16:58:01.929,1.39965,1.39995,3.10,3.20
2010.10.13 16:58:01.993,1.39965,1.4,3.10,3.60
2010.10.13 16:58:02.770,1.39965,1.4,1.50,3.60
2010.10.13 16:58:04.726,1.3997,1.4,1.50,3.60
2010.10.13 16:58:04.842,1.3997,1.4,1.50,1.00
2010.10.13 16:58:05.263,1.3997,1.4,3.10,2.00
2010.10.13 16:58:06.134,1.3997,1.4,1.50,3.60
2010.10.13 16:58:06.553,1.3997,1.4,1.50,2.00
2010.10.13 16:58:06.831,1.3997,1.4,1.50,2.00
2010.10.13 16:58:08.013,1.3997,1.4,3.10,2.00
2010.10.13 16:58:10.285,1.3997,1.4,1.60,2.00
2010.10.13 16:58:10.408,1.3997,1.4,1.60,2.10
2010.10.13 16:58:10.613,1.39965,1.3998,3.10,1.00
2010.10.13 16:58:10.827,1.3996,1.39975,4.10,1.00
2010.10.13 16:58:11.034,1.3995,1.39975,1.50,2.00
2010.10.13 16:58:12.292,1.39945,1.39975,1.50,2.00
2010.10.13 16:58:16.203,1.39945,1.3997,1.50,1.00
2010.10.13 16:58:16.253,1.39945,1.3997,1.00,1.00
2010.10.13 16:58:16.303,1.39945,1.39975,1.00,2.00
2010.10.13 16:58:16.353,1.39945,1.39975,1.00,3.60
2010.10.13 16:58:16.892,1.3995,1.39975,1.00,3.60
2010.10.13 16:58:16.945,1.3995,1.39975,1.00,2.00
2010.10.13 16:58:18.074,1.3995,1.39975,1.50,2.00
2010.10.13 16:58:18.709,1.3995,1.39975,1.50,1.60
2010.10.13 16:58:18.844,1.3995,1.39975,1.50,2.00
2010.10.13 16:58:18.974,1.3995,1.39975,1.50,1.60
2010.10.13 16:58:20.704,1.3995,1.39975,1.50,2.00
2010.10.13 16:58:21.699,1.3995,1.39975,1.50,1.60
2010.10.13 16:58:25.503,1.3995,1.39975,3.10,1.60
2010.10.13 16:58:26.110,1.3995,1.39975,1.50,1.60
2010.10.13 16:58:26.401,1.3996,1.39985,1.00,2.00
2010.10.13 16:58:30.161,1.39955,1.39985,1.50,2.00
2010.10.13 16:58:32.177,1.39955,1.39985,1.50,1.60
2010.10.13 16:58:32.287,1.39955,1.39985,1.50,2.00
2010.10.13 16:58:34.233,1.39955,1.39985,1.50,1.60
2010.10.13 16:58:35.009,1.3995,1.3997,2.40,1.00
2010.10.13 16:58:35.301,1.3995,1.39975,3.10,2.00
2010.10.13 16:58:35.872,1.3995,1.3997,3.10,1.00
2010.10.13 16:58:36.175,1.39955,1.39985,1.50,2.40
2010.10.13 16:58:36.514,1.39955,1.3999,1.50,7.00
2010.10.13 16:58:37.256,1.39955,1.3999,1.50,6.90
2010.10.13 16:58:39.251,1.39955,1.3999,1.50,5.30
2010.10.13 16:58:39.892,1.39955,1.3999,5.20,1.60
2010.10.13 16:58:47.104,1.39965,1.3999,1.00,1.60
2010.10.13 16:58:47.920,1.3996,1.39985,1.60,1.60
2010.10.13 16:58:48.157,1.39955,1.3999,3.50,4.90
2010.10.13 16:58:48.728,1.3996,1.3999,1.00,4.10
2010.10.13 16:58:49.080,1.3996,1.39995,5.20,1.60
2010.10.13 16:58:50.868,1.3996,1.39995,3.10,3.60
2010.10.13 16:58:52.158,1.39965,1.39995,2.70,3.20
2010.10.13 16:58:52.310,1.39965,1.4,5.20,1.60
2010.10.13 16:58:53.863,1.39965,1.4,3.50,4.90
2010.10.13 16:58:55.760,1.3997,1.40005,3.50,4.90
2010.10.13 16:58:56.054,1.3997,1.40005,5.20,1.60
2010.10.13 16:58:56.869,1.39975,1.40005,1.00,1.00
2010.10.13 16:58:59.802,1.39975,1.4001,1.50,5.40
2010.10.13 16:58:59.882,1.39975,1.4001,3.50,5.00
2010.10.13 16:59:00.651,1.39975,1.4001,5.20,1.60
2010.10.13 16:59:01.033,1.3999,1.4002,1.00,1.00
2010.10.13 16:59:02.015,1.3999,1.4002,2.30,1.00
2010.10.13 16:59:02.251,1.3999,1.40025,4.00,2.10
2010.10.13 16:59:02.859,1.39995,1.40015,1.60,1.60
2010.10.13 16:59:03.142,1.3999,1.40015,3.10,1.60
2010.10.13 16:59:04.735,1.4,1.40025,1.00,1.60
2010.10.13 16:59:05.646,1.4,1.40035,3.10,2.90
2010.10.13 16:59:07.543,1.4001,1.40035,1.00,2.00
2010.10.13 16:59:07.612,1.4001,1.40035,1.50,1.70
2010.10.13 16:59:07.681,1.4001,1.40035,1.50,1.60
2010.10.13 16:59:07.733,1.4001,1.4004,1.50,2.00
2010.10.13 16:59:07.793,1.4001,1.4004,1.50,3.60
2010.10.13 16:59:08.390,1.4,1.40025,1.00,1.00
2010.10.13 16:59:09.386,1.4,1.4003,1.50,1.00
2010.10.13 16:59:11.200,1.4,1.40025,1.00,8.80
2010.10.13 16:59:11.381,1.39995,1.40025,1.60,1.20
2010.10.13 16:59:12.089,1.39995,1.40025,2.40,4.10
2010.10.13 16:59:12.269,1.39995,1.40025,3.10,1.00
2010.10.13 16:59:13.480,1.39995,1.40025,4.40,1.00
2010.10.13 16:59:13.804,1.39995,1.40025,2.00,1.00
2010.10.13 16:59:14.125,1.3999,1.40025,3.10,5.30
2010.10.13 16:59:14.973,1.3999,1.40025,3.10,2.00
2010.10.13 16:59:15.223,1.3999,1.40025,2.30,2.00
2010.10.13 16:59:15.474,1.3999,1.40025,2.30,5.30
2010.10.13 16:59:15.723,1.3999,1.4002,2.30,1.00
2010.10.13 16:59:16.792,1.3999,1.4002,1.00,1.00
2010.10.13 16:59:16.954,1.3999,1.4002,1.00,2.40
2010.10.13 16:59:18.147,1.3998,1.40015,4.80,1.60
2010.10.13 16:59:19.440,1.3998,1.4001,1.00,1.00
2010.10.13 16:59:19.776,1.39975,1.4001,3.10,2.80
2010.10.13 16:59:20.116,1.39975,1.4001,3.10,1.60
2010.10.13 16:59:21.274,1.39975,1.4001,3.10,1.60
2010.10.13 16:59:22.733,1.39975,1.4001,3.10,2.00
2010.10.13 16:59:24.433,1.39975,1.4001,3.10,2.00
2010.10.13 16:59:24.664,1.39975,1.40005,2.30,1.60
2010.10.13 16:59:25.572,1.39965,1.3999,1.60,1.00
2010.10.13 16:59:25.921,1.39965,1.3999,6.10,1.00
2010.10.13 16:59:26.818,1.39965,1.4,3.10,5.30
2010.10.13 16:59:27.164,1.39965,1.4,3.10,3.60
2010.10.13 16:59:28.882,1.39965,1.4,3.10,3.70
2010.10.13 16:59:29.132,1.39965,1.3999,3.10,1.00
2010.10.13 16:59:29.254,1.39965,1.39995,3.10,1.00
2010.10.13 16:59:29.843,1.39965,1.3999,1.00,2.40
2010.10.13 16:59:30.134,1.3996,1.3999,1.60,1.00
2010.10.13 16:59:30.412,1.39955,1.3999,5.20,1.00
2010.10.13 16:59:31.198,1.39955,1.3999,3.50,2.40
2010.10.13 16:59:31.548,1.3995,1.39985,3.30,1.00
2010.10.13 16:59:32.230,1.39955,1.39985,1.00,1.00
2010.10.13 16:59:32.566,1.3996,1.3999,3.10,4.10
2010.10.13 16:59:33.394,1.39965,1.39995,1.00,3.60
2010.10.13 16:59:33.735,1.39965,1.39995,2.30,1.00
2010.10.13 16:59:34.727,1.39965,1.39995,1.60,1.60
2010.10.13 16:59:35.351,1.3997,1.39995,1.60,1.60
2010.10.13 16:59:35.681,1.3997,1.39995,1.60,2.00
2010.10.13 16:59:36.996,1.39965,1.39995,1.60,3.60
2010.10.13 16:59:37.251,1.39965,1.39995,1.60,2.00
2010.10.13 16:59:38.523,1.39965,1.39995,2.30,1.20
2010.10.13 16:59:38.824,1.39975,1.4,2.70,2.00
2010.10.13 16:59:39.661,1.4,1.40005,1.60,2.20
2010.10.13 16:59:39.973,1.3999,1.40005,2.20,1.60
2010.10.13 16:59:40.777,1.4,1.4001,3.20,1.00
2010.10.13 16:59:41.133,1.39985,1.40005,1.10,1.70
2010.10.13 16:59:41.480,1.39995,1.40005,3.30,1.60
2010.10.13 16:59:42.352,1.39995,1.4,3.30,1.00
2010.10.13 16:59:42.620,1.39985,1.39995,3.30,1.60
2010.10.13 16:59:43.702,1.39995,1.4,3.30,1.00
2010.10.13 16:59:44.026,1.4,1.40005,1.60,1.60
2010.10.13 16:59:44.874,1.39995,1.40005,3.30,1.00
2010.10.13 16:59:45.192,1.39985,1.4,3.30,1.00
2010.10.13 16:59:46.010,1.3999,1.40005,3.30,1.00
2010.10.13 16:59:47.895,1.39975,1.4,1.10,3.30
2010.10.13 16:59:48.239,1.39975,1.40005,2.70,2.40
2010.10.13 16:59:49.233,1.39975,1.40005,1.10,2.40
2010.10.13 16:59:49.426,1.39975,1.4001,5.20,2.10
2010.10.13 16:59:49.623,1.39975,1.4001,5.20,1.70
2010.10.13 16:59:49.815,1.39975,1.4001,3.50,1.70
2010.10.13 16:59:50.387,1.39975,1.40005,3.50,1.00
2010.10.13 16:59:50.737,1.3997,1.4,1.60,2.40
2010.10.13 16:59:52.033,1.3997,1.39985,1.60,3.30
2010.10.13 16:59:53.334,1.39965,1.39975,1.60,3.30
2010.10.13 16:59:54.492,1.3996,1.39975,2.70,1.60
2010.10.13 16:59:55.173,1.3996,1.39975,2.30,3.30
2010.10.13 16:59:56.382,1.3996,1.39975,1.60,3.30
2010.10.13 16:59:56.504,1.39955,1.3998,1.60,1.00
2010.10.13 16:59:57.240,1.3996,1.3999,2.30,6.50
2010.10.13 16:59:57.589,1.3996,1.3999,2.40,1.00
2010.10.13 16:59:58.503,1.39955,1.3998,2.30,1.00
2010.10.13 16:59:59.336,1.39955,1.3998,1.60,5.00
2010.10.13 16:59:59.669,1.39945,1.3998,3.10,9.40
