2010.07.29 12:00:01.502,1.34945,1.34975,2.40,1.20
2010.07.29 12:00:01.779,1.34955,1.3498,1.00,1.20
2010.07.29 12:00:02.059,1.34955,1.34985,2.40,1.00
2010.07.29 12:00:02.864,1.3496,1.3499,1.60,1.00
2010.07.29 12:00:04.335,1.34965,1.34995,1.00,2.80
2010.07.29 12:00:04.684,1.34965,1.34995,2.40,1.20
2010.07.29 12:00:05.710,1.34965,1.34995,1.00,1.20
2010.07.29 12:00:08.724,1.34965,1.34995,1.60,1.00
2010.07.29 12:00:08.918,1.34965,1.3499,1.60,1.20
2010.07.29 12:00:09.694,1.34955,1.3499,4.00,1.20
2010.07.29 12:00:10.042,1.34955,1.34985,3.20,1.00
2010.07.29 12:00:10.308,1.34955,1.34985,2.40,1.20
2010.07.29 12:00:10.568,1.34955,1.34985,1.60,1.20
2010.07.29 12:00:11.259,1.3495,1.34985,5.60,1.20
2010.07.29 12:00:11.525,1.34955,1.34985,1.00,1.00
2010.07.29 12:00:11.792,1.3496,1.3499,1.60,1.20
2010.07.29 12:00:12.064,1.3496,1.3499,4.00,1.00
2010.07.29 12:00:12.859,1.34965,1.35,3.20,2.80
2010.07.29 12:00:13.176,1.34965,1.35,4.00,2.80
2010.07.29 12:00:15.277,1.34965,1.35,4.00,1.20
2010.07.29 12:00:16.722,1.34965,1.35,4.00,2.80
2010.07.29 12:00:17.033,1.34965,1.34995,3.20,1.20
2010.07.29 12:00:17.455,1.34965,1.3499,2.40,1.00
2010.07.29 12:00:17.607,1.3496,1.3499,4.00,1.00
2010.07.29 12:00:18.344,1.3496,1.3499,2.40,1.20
2010.07.29 12:00:18.622,1.34955,1.34985,4.00,1.00
2010.07.29 12:00:20.126,1.34955,1.3498,2.40,1.00
2010.07.29 12:00:21.037,1.3496,1.3498,1.60,1.00
2010.07.29 12:00:21.645,1.3496,1.34985,1.60,1.20
2010.07.29 12:00:22.358,1.34955,1.34985,1.00,1.20
2010.07.29 12:00:22.627,1.34955,1.34985,4.80,1.20
2010.07.29 12:00:22.898,1.3495,1.3498,5.60,1.00
2010.07.29 12:00:23.633,1.3496,1.3498,1.60,1.00
2010.07.29 12:00:23.980,1.3496,1.3499,2.40,1.20
2010.07.29 12:00:25.098,1.34965,1.34995,1.00,1.20
2010.07.29 12:00:25.798,1.3496,1.3499,1.00,1.20
2010.07.29 12:00:26.414,1.3496,1.34995,1.00,1.20
2010.07.29 12:00:26.773,1.3496,1.34995,1.60,2.80
2010.07.29 12:00:28.003,1.34965,1.34995,1.60,1.00
2010.07.29 12:00:35.090,1.3496,1.34995,1.60,1.20
2010.07.29 12:00:35.396,1.34965,1.35,1.60,1.20
2010.07.29 12:00:38.960,1.34965,1.34995,1.00,1.20
2010.07.29 12:00:42.210,1.34955,1.34985,4.00,1.00
2010.07.29 12:00:42.557,1.34955,1.34985,1.60,1.00
2010.07.29 12:00:43.365,1.3496,1.34985,1.60,1.00
2010.07.29 12:00:45.088,1.34955,1.34985,5.60,1.00
2010.07.29 12:00:45.336,1.34955,1.34985,1.60,1.00
2010.07.29 12:00:46.705,1.3496,1.34985,1.60,1.00
2010.07.29 12:00:46.866,1.3496,1.3499,1.60,1.20
2010.07.29 12:00:48.235,1.3496,1.3499,2.40,1.20
2010.07.29 12:00:49.485,1.3496,1.3499,3.20,1.20
2010.07.29 12:00:49.757,1.34965,1.35,7.20,1.20
2010.07.29 12:00:50.674,1.34965,1.35,1.60,1.20
2010.07.29 12:00:55.380,1.34965,1.35,3.20,1.20
2010.07.29 12:00:56.289,1.34965,1.35,7.20,1.20
2010.07.29 12:00:56.632,1.34965,1.35,1.60,1.20
2010.07.29 12:00:57.784,1.34955,1.34985,1.00,1.20
2010.07.29 12:01:01.268,1.3496,1.3499,1.60,1.00
2010.07.29 12:01:03.189,1.3496,1.34985,1.00,1.00
2010.07.29 12:01:03.530,1.3496,1.3499,1.00,1.20
2010.07.29 12:01:05.496,1.3496,1.3499,1.60,1.00
2010.07.29 12:01:05.738,1.34955,1.3499,1.60,1.00
2010.07.29 12:01:06.507,1.34955,1.3499,1.60,1.20
2010.07.29 12:01:07.338,1.34955,1.34985,1.60,1.00
2010.07.29 12:01:07.899,1.34955,1.34985,1.00,1.20
2010.07.29 12:01:08.302,1.34945,1.34975,5.60,1.00
2010.07.29 12:01:08.947,1.34945,1.34975,1.00,1.20
2010.07.29 12:01:09.966,1.3494,1.3497,1.00,1.20
2010.07.29 12:01:11.708,1.3494,1.34975,5.60,1.20
2010.07.29 12:01:12.656,1.3494,1.34975,5.60,6.00
2010.07.29 12:01:13.237,1.3494,1.3497,1.00,2.40
2010.07.29 12:01:13.521,1.34935,1.34965,5.60,1.00
2010.07.29 12:01:13.848,1.34935,1.34965,3.20,1.00
2010.07.29 12:01:14.177,1.34935,1.34965,5.60,1.00
2010.07.29 12:01:15.838,1.34935,1.34965,1.60,1.00
2010.07.29 12:01:16.524,1.3494,1.34965,4.00,1.00
2010.07.29 12:01:16.868,1.3494,1.3497,1.00,1.20
2010.07.29 12:01:17.785,1.3494,1.3497,1.60,1.00
2010.07.29 12:01:18.107,1.3494,1.3497,1.00,1.00
2010.07.29 12:01:18.874,1.34935,1.3497,9.60,1.20
2010.07.29 12:01:19.128,1.3494,1.3497,4.00,1.20
2010.07.29 12:01:19.389,1.3494,1.3497,5.60,1.00
2010.07.29 12:01:21.617,1.3494,1.3497,6.40,1.00
2010.07.29 12:01:21.858,1.3495,1.3498,1.00,1.20
2010.07.29 12:01:24.326,1.3495,1.3498,4.80,1.20
2010.07.29 12:01:26.195,1.3495,1.3498,1.00,1.20
2010.07.29 12:01:27.259,1.34945,1.34975,6.40,1.20
2010.07.29 12:01:28.438,1.34945,1.34975,1.00,1.20
2010.07.29 12:01:29.038,1.3495,1.34975,1.60,1.00
2010.07.29 12:01:29.380,1.34945,1.3498,3.20,1.00
2010.07.29 12:01:30.050,1.3495,1.34985,1.60,1.00
2010.07.29 12:01:30.238,1.3496,1.3499,1.00,1.20
2010.07.29 12:01:30.597,1.34955,1.34985,1.60,1.00
2010.07.29 12:01:32.857,1.3496,1.3499,1.00,2.80
2010.07.29 12:01:36.830,1.34965,1.35,3.20,1.00
2010.07.29 12:01:37.313,1.34965,1.35,1.60,1.00
2010.07.29 12:01:37.510,1.3497,1.35,1.00,1.20
2010.07.29 12:01:48.074,1.34965,1.35,1.60,1.20
2010.07.29 12:01:48.375,1.34965,1.34995,1.60,1.00
2010.07.29 12:01:51.665,1.34965,1.34995,1.00,1.00
2010.07.29 12:01:51.924,1.3496,1.34995,4.30,1.00
2010.07.29 12:01:53.908,1.3496,1.34995,2.10,1.00
2010.07.29 12:01:54.215,1.3496,1.34995,1.60,1.00
2010.07.29 12:01:56.415,1.3496,1.3499,1.00,1.20
2010.07.29 12:01:59.175,1.3496,1.3499,4.80,1.20
2010.07.29 12:01:59.254,1.3496,1.3499,6.40,1.20
2010.07.29 12:01:59.495,1.3496,1.34995,7.20,1.20
2010.07.29 12:02:00.246,1.3496,1.34995,7.70,1.20
2010.07.29 12:02:00.457,1.3496,1.34995,8.80,1.20
2010.07.29 12:02:03.244,1.3496,1.34995,4.80,1.20
2010.07.29 12:02:03.397,1.3496,1.34995,3.20,1.20
2010.07.29 12:02:04.128,1.3496,1.3499,1.00,1.00
2010.07.29 12:02:04.451,1.3496,1.3499,1.00,1.20
2010.07.29 12:02:05.243,1.3496,1.3499,1.60,1.00
2010.07.29 12:02:05.401,1.3496,1.34995,8.80,1.00
2010.07.29 12:02:05.555,1.34965,1.34995,1.00,1.00
2010.07.29 12:02:05.898,1.34965,1.34995,1.60,1.00
2010.07.29 12:02:08.445,1.3496,1.34995,7.20,1.20
2010.07.29 12:02:10.314,1.3496,1.3499,1.00,1.20
2010.07.29 12:02:10.614,1.34955,1.34985,1.00,1.20
2010.07.29 12:02:10.910,1.34955,1.3499,5.60,1.20
2010.07.29 12:02:11.157,1.34955,1.3499,9.60,1.20
2010.07.29 12:02:11.406,1.34955,1.3499,1.60,1.20
2010.07.29 12:02:13.714,1.34955,1.34985,1.00,1.00
2010.07.29 12:02:14.011,1.3495,1.34985,1.60,1.20
2010.07.29 12:02:15.030,1.34955,1.34985,1.00,1.20
2010.07.29 12:02:15.230,1.34955,1.34985,1.60,1.00
2010.07.29 12:02:18.525,1.3496,1.3499,1.00,1.20
2010.07.29 12:02:19.645,1.3495,1.34985,1.60,1.00
2010.07.29 12:02:19.956,1.3495,1.34985,1.60,1.20
2010.07.29 12:02:20.717,1.34955,1.3498,1.00,1.00
2010.07.29 12:02:21.351,1.34955,1.34985,1.00,1.20
2010.07.29 12:02:22.829,1.3496,1.34985,1.60,1.20
2010.07.29 12:02:24.136,1.3496,1.3499,3.20,1.00
2010.07.29 12:02:24.900,1.34955,1.3498,10.40,1.00
2010.07.29 12:02:24.988,1.34955,1.34985,1.30,1.00
2010.07.29 12:02:25.067,1.34965,1.34995,1.60,1.00
2010.07.29 12:02:26.017,1.3497,1.35,2.40,1.20
2010.07.29 12:02:26.367,1.3497,1.35005,5.60,1.20
2010.07.29 12:02:27.076,1.3497,1.35005,1.60,1.20
2010.07.29 12:02:33.087,1.3497,1.35,1.00,1.20
2010.07.29 12:02:39.667,1.3497,1.35,6.40,1.20
2010.07.29 12:02:40.385,1.3497,1.35,1.00,1.20
2010.07.29 12:02:41.638,1.34965,1.34995,1.00,1.20
2010.07.29 12:02:42.236,1.3496,1.34995,1.60,1.20
2010.07.29 12:02:42.519,1.3496,1.3499,3.20,1.00
2010.07.29 12:02:43.941,1.3496,1.3499,4.80,1.00
2010.07.29 12:02:44.228,1.34965,1.34995,1.60,1.00
2010.07.29 12:02:44.519,1.34965,1.34995,5.60,1.00
2010.07.29 12:02:44.797,1.3497,1.35,1.60,1.00
2010.07.29 12:02:50.254,1.3497,1.35,1.60,1.20
2010.07.29 12:02:50.406,1.3497,1.34995,1.60,1.60
2010.07.29 12:02:50.556,1.3496,1.34995,6.10,2.80
2010.07.29 12:02:50.705,1.3496,1.34995,1.30,2.80
2010.07.29 12:02:50.858,1.3496,1.3499,1.00,1.60
2010.07.29 12:02:51.005,1.3496,1.34995,1.00,1.20
2010.07.29 12:02:51.768,1.34965,1.34995,1.60,1.00
2010.07.29 12:02:55.436,1.34955,1.3499,3.20,1.20
2010.07.29 12:02:55.689,1.34955,1.3499,3.20,1.00
2010.07.29 12:02:55.937,1.34955,1.3499,1.60,1.00
2010.07.29 12:02:57.044,1.3496,1.3499,1.00,1.00
2010.07.29 12:02:57.315,1.3496,1.3499,1.60,1.00
2010.07.29 12:02:58.136,1.34965,1.34995,1.60,1.20
2010.07.29 12:02:58.727,1.34965,1.35,1.60,1.20
2010.07.29 12:03:01.774,1.34965,1.34985,1.60,1.00
2010.07.29 12:03:01.885,1.34965,1.3498,1.00,1.00
2010.07.29 12:03:02.356,1.34965,1.3498,1.00,2.00
2010.07.29 12:03:02.641,1.34935,1.3497,3.20,1.00
2010.07.29 12:03:02.930,1.34935,1.34965,1.60,1.00
2010.07.29 12:03:05.161,1.34935,1.34965,3.20,1.00
2010.07.29 12:03:05.317,1.34935,1.34965,4.80,1.00
2010.07.29 12:03:06.105,1.34935,1.34965,3.20,1.00
2010.07.29 12:03:06.870,1.34935,1.34965,4.80,1.00
2010.07.29 12:03:07.017,1.34935,1.34965,3.20,1.00
2010.07.29 12:03:13.565,1.34935,1.34965,2.40,1.00
2010.07.29 12:03:15.789,1.34935,1.34965,1.00,1.00
2010.07.29 12:03:16.077,1.34935,1.34965,1.00,1.20
2010.07.29 12:03:17.881,1.34935,1.34965,2.40,1.20
2010.07.29 12:03:18.300,1.34935,1.34965,4.80,1.00
2010.07.29 12:03:19.253,1.34935,1.34965,3.20,1.00
2010.07.29 12:03:19.613,1.3493,1.3496,7.20,1.00
2010.07.29 12:03:19.959,1.3493,1.3496,1.60,1.00
2010.07.29 12:03:21.174,1.34945,1.3496,1.60,1.00
2010.07.29 12:03:21.513,1.34945,1.34965,1.60,1.00
2010.07.29 12:03:22.313,1.3493,1.3496,3.20,1.20
2010.07.29 12:03:22.657,1.3493,1.3496,1.60,1.20
2010.07.29 12:03:31.922,1.3493,1.3496,1.00,2.00
2010.07.29 12:03:32.169,1.34925,1.3495,1.60,1.60
2010.07.29 12:03:32.417,1.34925,1.34955,1.60,1.00
2010.07.29 12:03:34.286,1.3492,1.3495,1.00,1.20
2010.07.29 12:03:34.497,1.34915,1.3495,2.40,1.20
2010.07.29 12:03:35.147,1.34915,1.34945,1.60,1.00
2010.07.29 12:03:36.146,1.34915,1.34945,5.60,1.00
2010.07.29 12:03:36.879,1.34915,1.34945,1.60,1.00
2010.07.29 12:03:37.170,1.34915,1.3494,1.60,1.60
2010.07.29 12:03:38.003,1.3491,1.3494,3.20,1.00
2010.07.29 12:03:38.298,1.3491,1.3494,1.60,1.00
2010.07.29 12:03:39.364,1.3491,1.3494,8.80,1.00
2010.07.29 12:03:39.537,1.3491,1.3494,1.00,1.00
2010.07.29 12:03:40.055,1.3491,1.3494,1.00,1.20
2010.07.29 12:03:41.577,1.3491,1.3494,2.40,1.20
2010.07.29 12:03:44.149,1.3491,1.3494,2.40,1.00
2010.07.29 12:03:46.015,1.3491,1.3494,2.40,1.20
2010.07.29 12:03:50.793,1.3491,1.3494,4.00,1.20
2010.07.29 12:03:51.425,1.3491,1.3494,4.50,1.00
2010.07.29 12:03:51.963,1.3491,1.3494,6.10,1.00
2010.07.29 12:03:52.315,1.34925,1.3495,1.60,1.00
2010.07.29 12:03:52.656,1.34925,1.34955,2.40,1.20
2010.07.29 12:03:53.854,1.34925,1.34955,1.00,1.20
2010.07.29 12:03:55.852,1.3493,1.3496,1.00,1.20
2010.07.29 12:03:57.935,1.3493,1.3496,2.40,1.20
2010.07.29 12:03:59.100,1.3493,1.3496,1.00,1.20
2010.07.29 12:04:00.713,1.3493,1.34965,1.60,1.20
2010.07.29 12:04:11.095,1.3493,1.34965,3.20,1.20
2010.07.29 12:04:11.315,1.3493,1.34965,4.00,1.20
2010.07.29 12:04:11.881,1.34935,1.3497,1.60,1.20
2010.07.29 12:04:12.178,1.34935,1.34965,1.60,2.80
2010.07.29 12:04:12.479,1.34925,1.34955,1.60,1.00
2010.07.29 12:04:14.922,1.3493,1.34965,1.60,2.80
2010.07.29 12:04:14.997,1.3493,1.34965,1.60,1.20
2010.07.29 12:04:15.464,1.3493,1.34965,1.60,2.80
2010.07.29 12:04:17.206,1.3493,1.34965,4.80,1.20
2010.07.29 12:04:17.488,1.34935,1.34965,3.20,1.00
2010.07.29 12:04:18.460,1.3494,1.3497,1.00,1.20
2010.07.29 12:04:23.791,1.34935,1.34965,3.20,1.00
2010.07.29 12:04:26.129,1.3493,1.3496,4.80,1.00
2010.07.29 12:04:26.761,1.3493,1.3496,1.00,1.00
2010.07.29 12:04:29.046,1.3493,1.3496,1.60,1.00
2010.07.29 12:04:34.456,1.34935,1.3496,2.40,1.00
2010.07.29 12:04:34.636,1.34945,1.3497,1.60,1.20
2010.07.29 12:04:35.924,1.3494,1.3497,2.40,1.20
2010.07.29 12:04:36.272,1.3494,1.3497,3.20,1.20
2010.07.29 12:04:42.314,1.3494,1.3497,4.80,1.20
2010.07.29 12:04:42.635,1.34945,1.3497,2.40,1.00
2010.07.29 12:04:42.794,1.34945,1.3498,3.20,2.80
2010.07.29 12:04:43.421,1.3494,1.34975,3.20,1.20
2010.07.29 12:04:44.115,1.3494,1.3497,2.40,1.20
2010.07.29 12:04:44.356,1.3493,1.3496,8.50,1.00
2010.07.29 12:04:45.012,1.34925,1.34955,3.20,1.00
2010.07.29 12:04:46.078,1.3493,1.3496,1.60,1.00
2010.07.29 12:04:48.988,1.3492,1.34955,7.20,1.20
2010.07.29 12:04:49.659,1.34925,1.34955,1.00,1.20
2010.07.29 12:04:52.527,1.34925,1.3496,5.60,1.20
2010.07.29 12:04:52.868,1.34925,1.3496,1.60,1.20
2010.07.29 12:04:54.597,1.34925,1.3496,3.20,1.20
2010.07.29 12:04:56.438,1.34925,1.3496,1.60,1.20
2010.07.29 12:04:56.687,1.34925,1.34955,1.00,1.20
2010.07.29 12:04:57.857,1.3493,1.34955,1.00,1.60
2010.07.29 12:04:58.126,1.3493,1.3496,1.00,1.20
2010.07.29 12:04:59.127,1.3493,1.34955,1.00,1.60
2010.07.29 12:05:01.308,1.3493,1.3496,1.00,1.20
2010.07.29 12:05:08.186,1.3493,1.3496,1.60,1.00
2010.07.29 12:05:11.436,1.3493,1.3496,3.20,1.00
2010.07.29 12:05:13.576,1.34935,1.34965,1.00,2.80
2010.07.29 12:05:16.574,1.34935,1.34955,1.00,1.60
2010.07.29 12:05:19.851,1.3493,1.34955,1.00,1.60
2010.07.29 12:05:25.526,1.3493,1.3496,2.40,1.20
2010.07.29 12:05:26.236,1.3493,1.3496,1.00,1.20
2010.07.29 12:05:26.458,1.3493,1.34955,1.00,1.60
2010.07.29 12:05:26.648,1.3493,1.3496,1.00,1.20
2010.07.29 12:05:26.839,1.3493,1.34955,1.00,1.60
2010.07.29 12:05:28.019,1.34925,1.34955,3.20,1.00
2010.07.29 12:05:31.041,1.34925,1.34955,3.20,2.00
2010.07.29 12:05:31.390,1.34925,1.34955,3.20,1.00
2010.07.29 12:05:32.127,1.34925,1.34955,1.60,1.00
2010.07.29 12:05:35.015,1.34925,1.34955,3.20,1.00
2010.07.29 12:05:36.425,1.34925,1.34955,1.60,1.00
2010.07.29 12:05:37.663,1.34925,1.34955,3.20,1.00
2010.07.29 12:05:39.164,1.34925,1.34955,1.60,1.00
2010.07.29 12:05:53.065,1.3493,1.3496,1.00,1.20
2010.07.29 12:05:54.528,1.3493,1.34965,3.20,1.20
2010.07.29 12:05:55.138,1.34935,1.34965,1.60,1.00
2010.07.29 12:06:02.525,1.34935,1.34965,3.20,1.00
2010.07.29 12:06:02.715,1.34935,1.34965,2.40,1.20
2010.07.29 12:06:03.356,1.3493,1.3496,1.60,1.00
2010.07.29 12:06:03.754,1.3493,1.3496,3.20,1.00
2010.07.29 12:06:04.880,1.34935,1.34965,1.00,1.20
2010.07.29 12:06:06.456,1.34935,1.34965,2.40,1.20
2010.07.29 12:06:14.148,1.3493,1.3496,3.20,1.00
2010.07.29 12:06:15.271,1.34935,1.3496,4.00,1.00
2010.07.29 12:06:15.476,1.34935,1.34965,4.80,1.00
2010.07.29 12:06:16.018,1.34945,1.3498,3.20,2.00
2010.07.29 12:06:16.811,1.34945,1.34975,3.20,1.00
2010.07.29 12:06:19.179,1.34945,1.34975,1.60,1.20
2010.07.29 12:06:19.408,1.3494,1.34975,7.70,1.20
2010.07.29 12:06:20.202,1.3494,1.34975,3.70,2.80
2010.07.29 12:06:21.330,1.34945,1.34975,1.60,2.80
2010.07.29 12:06:21.536,1.3494,1.34975,3.70,2.80
2010.07.29 12:06:22.927,1.3494,1.34975,7.70,2.80
2010.07.29 12:06:23.159,1.3494,1.34975,3.70,1.20
2010.07.29 12:06:24.481,1.3494,1.34975,3.70,2.80
2010.07.29 12:06:26.319,1.3494,1.34975,3.20,2.00
2010.07.29 12:06:26.657,1.34945,1.3497,1.60,1.00
2010.07.29 12:06:28.017,1.34945,1.3498,3.20,5.20
2010.07.29 12:06:33.067,1.3495,1.3498,1.60,1.20
2010.07.29 12:06:36.665,1.3495,1.34975,1.60,1.20
2010.07.29 12:06:37.147,1.34945,1.34975,2.40,1.20
2010.07.29 12:06:43.807,1.3495,1.3498,1.00,5.20
2010.07.29 12:06:43.981,1.3495,1.34985,1.00,10.80
2010.07.29 12:06:44.157,1.3495,1.34985,1.60,2.80
2010.07.29 12:06:45.167,1.3495,1.34985,3.20,2.80
2010.07.29 12:06:46.966,1.3495,1.3498,2.40,1.20
2010.07.29 12:06:48.138,1.3495,1.34975,1.00,1.60
2010.07.29 12:06:48.307,1.3494,1.3497,3.70,1.00
2010.07.29 12:06:49.427,1.3494,1.3497,3.20,1.00
2010.07.29 12:06:49.771,1.3494,1.34965,1.60,1.00
2010.07.29 12:06:50.582,1.34935,1.34965,3.20,1.00
2010.07.29 12:06:51.276,1.34935,1.34965,2.40,1.20
2010.07.29 12:06:51.938,1.34935,1.34965,1.00,1.20
2010.07.29 12:06:52.280,1.3493,1.3496,1.60,1.00
2010.07.29 12:06:52.837,1.3493,1.3496,3.20,1.00
2010.07.29 12:06:55.666,1.3493,1.3496,1.60,1.00
2010.07.29 12:06:59.535,1.34935,1.34965,1.00,1.20
2010.07.29 12:07:00.905,1.3493,1.3496,1.00,2.80
2010.07.29 12:07:06.516,1.3493,1.3496,1.60,1.60
2010.07.29 12:07:07.859,1.34935,1.3496,1.60,1.60
2010.07.29 12:07:10.106,1.3493,1.3496,1.60,2.00
2010.07.29 12:07:12.255,1.3493,1.3495,1.00,2.00
2010.07.29 12:07:12.604,1.3492,1.3495,1.60,1.00
2010.07.29 12:07:13.711,1.3492,1.3495,5.60,1.00
2010.07.29 12:07:14.059,1.3492,1.3495,1.60,1.00
2010.07.29 12:07:14.797,1.34925,1.34955,1.00,1.20
2010.07.29 12:07:16.665,1.34925,1.3496,1.60,1.20
2010.07.29 12:07:18.796,1.3493,1.3496,1.60,1.00
2010.07.29 12:07:19.019,1.3493,1.34965,5.60,1.20
2010.07.29 12:07:19.682,1.3494,1.34965,1.60,1.00
2010.07.29 12:07:19.908,1.34935,1.34965,1.60,1.00
2010.07.29 12:07:20.930,1.3494,1.34965,1.60,1.00
2010.07.29 12:07:22.636,1.34935,1.34965,3.20,1.00
2010.07.29 12:07:25.145,1.3494,1.34965,1.60,1.00
2010.07.29 12:07:29.029,1.3494,1.34965,2.40,1.00
2010.07.29 12:07:29.260,1.3494,1.3497,3.20,1.00
2010.07.29 12:07:29.492,1.34945,1.34975,1.00,1.20
2010.07.29 12:07:32.137,1.3494,1.3497,3.20,1.00
2010.07.29 12:07:34.334,1.34945,1.34975,1.00,1.20
2010.07.29 12:07:35.065,1.34945,1.34975,1.60,1.00
2010.07.29 12:07:35.668,1.3494,1.3497,2.40,1.20
2010.07.29 12:07:36.229,1.3494,1.3497,4.00,1.20
2010.07.29 12:07:36.567,1.3494,1.3497,2.40,1.20
2010.07.29 12:07:38.767,1.3494,1.3497,2.40,2.80
2010.07.29 12:07:39.391,1.3494,1.3497,2.40,1.20
2010.07.29 12:07:39.687,1.3494,1.3497,1.00,1.20
2010.07.29 12:07:40.517,1.3494,1.3497,1.00,2.80
2010.07.29 12:07:40.798,1.34935,1.34965,3.20,1.00
2010.07.29 12:07:42.835,1.34935,1.34965,1.60,1.00
2010.07.29 12:07:43.017,1.34935,1.34955,1.60,1.60
2010.07.29 12:07:43.197,1.34935,1.34955,1.00,1.60
2010.07.29 12:07:43.445,1.3493,1.34955,4.30,1.60
2010.07.29 12:07:44.136,1.3493,1.34955,2.70,1.60
2010.07.29 12:07:48.649,1.3493,1.34955,1.60,1.60
2010.07.29 12:07:51.136,1.3493,1.34955,1.00,1.60
2010.07.29 12:07:52.822,1.34925,1.34955,1.00,1.20
2010.07.29 12:07:54.576,1.3491,1.3494,1.60,1.00
2010.07.29 12:07:56.606,1.3491,1.3494,2.40,1.20
2010.07.29 12:07:56.735,1.3491,1.34935,1.60,1.00
2010.07.29 12:07:56.856,1.34905,1.34935,5.90,1.00
2010.07.29 12:07:57.566,1.34905,1.34935,3.70,1.00
2010.07.29 12:07:57.866,1.3491,1.34935,1.60,1.00
2010.07.29 12:07:59.117,1.34905,1.34935,3.20,1.00
2010.07.29 12:08:00.180,1.3491,1.34935,1.60,1.00
2010.07.29 12:08:00.428,1.3491,1.3494,1.00,1.00
2010.07.29 12:08:00.667,1.34905,1.3494,3.20,1.00
2010.07.29 12:08:00.908,1.3491,1.3494,1.60,1.00
2010.07.29 12:08:03.085,1.34915,1.3494,1.00,1.00
2010.07.29 12:08:03.415,1.3491,1.3494,1.60,1.00
2010.07.29 12:08:03.715,1.3491,1.34945,1.60,2.80
2010.07.29 12:08:03.866,1.3491,1.34945,1.60,2.00
2010.07.29 12:08:05.106,1.34915,1.34945,1.60,2.00
2010.07.29 12:08:05.708,1.3491,1.3493,1.60,1.60
2010.07.29 12:08:06.168,1.34915,1.3493,1.00,1.60
2010.07.29 12:08:06.319,1.34915,1.34945,1.60,1.00
2010.07.29 12:08:22.135,1.34915,1.34945,1.60,2.00
2010.07.29 12:08:23.598,1.34915,1.34945,1.00,2.00
2010.07.29 12:08:23.739,1.3491,1.34945,1.60,2.80
2010.07.29 12:08:24.678,1.3491,1.34945,1.60,1.20
2010.07.29 12:08:25.273,1.3491,1.3494,1.00,1.20
2010.07.29 12:08:32.251,1.34915,1.34935,1.60,1.60
2010.07.29 12:08:32.582,1.34905,1.3494,3.20,5.20
2010.07.29 12:08:33.326,1.34905,1.3494,3.20,1.20
2010.07.29 12:08:34.304,1.3491,1.3494,1.60,1.00
2010.07.29 12:08:34.649,1.3491,1.3494,1.60,1.20
2010.07.29 12:08:34.919,1.3491,1.34935,1.60,1.60
2010.07.29 12:08:35.446,1.3491,1.34935,1.00,1.60
2010.07.29 12:08:40.432,1.34905,1.34935,1.00,2.80
2010.07.29 12:08:42.187,1.349,1.3493,3.20,1.00
2010.07.29 12:08:43.633,1.349,1.3493,1.00,1.20
2010.07.29 12:08:46.283,1.349,1.3493,1.00,2.00
2010.07.29 12:08:46.428,1.34895,1.34925,2.40,1.20
2010.07.29 12:08:46.703,1.34895,1.3493,2.40,1.20
2010.07.29 12:08:47.440,1.34895,1.3493,3.20,1.20
2010.07.29 12:08:53.207,1.349,1.3493,1.60,1.20
2010.07.29 12:08:53.645,1.34895,1.3493,3.20,1.20
2010.07.29 12:09:02.498,1.34895,1.3493,1.60,2.00
2010.07.29 12:09:02.667,1.34895,1.34925,1.60,1.60
2010.07.29 12:09:02.837,1.34895,1.34925,3.20,1.60
2010.07.29 12:09:03.499,1.34895,1.34925,1.60,1.60
2010.07.29 12:09:04.025,1.34895,1.3493,1.60,1.20
2010.07.29 12:09:04.288,1.34895,1.34925,1.60,1.60
2010.07.29 12:09:04.957,1.34895,1.34925,3.20,1.60
2010.07.29 12:09:05.303,1.34895,1.34925,1.60,1.60
2010.07.29 12:09:13.127,1.34885,1.34925,3.20,2.80
2010.07.29 12:09:13.437,1.34885,1.3492,3.20,1.20
2010.07.29 12:09:14.360,1.34885,1.34915,1.60,1.60
2010.07.29 12:09:15.584,1.3488,1.3491,1.00,1.20
2010.07.29 12:09:16.098,1.3488,1.3491,2.40,1.20
2010.07.29 12:09:16.733,1.3488,1.3491,1.00,1.20
2010.07.29 12:09:17.400,1.34875,1.34905,1.60,1.00
2010.07.29 12:09:18.144,1.34875,1.34905,1.00,1.20
2010.07.29 12:09:19.638,1.3487,1.349,1.00,1.20
2010.07.29 12:09:19.937,1.34875,1.34905,1.60,1.20
2010.07.29 12:09:20.510,1.34875,1.34905,9.60,1.00
2010.07.29 12:09:21.286,1.34875,1.34905,5.60,1.00
2010.07.29 12:09:21.416,1.34875,1.34905,1.60,1.00
2010.07.29 12:09:21.977,1.3488,1.3491,1.00,1.20
2010.07.29 12:09:27.305,1.34895,1.3491,1.00,1.20
2010.07.29 12:09:27.547,1.349,1.3493,3.20,8.00
2010.07.29 12:09:28.042,1.34905,1.3494,1.60,2.00
2010.07.29 12:09:28.232,1.3493,1.34955,1.60,4.00
2010.07.29 12:09:28.417,1.3493,1.34955,5.60,4.00
2010.07.29 12:09:28.607,1.3493,1.34955,7.20,4.00
2010.07.29 12:09:28.798,1.3494,1.34955,1.00,4.00
2010.07.29 12:09:30.256,1.3494,1.34955,1.60,4.00
2010.07.29 12:09:31.442,1.3494,1.34975,1.60,1.20
2010.07.29 12:09:31.730,1.34945,1.34975,1.60,1.20
2010.07.29 12:09:32.311,1.34945,1.34975,1.60,2.80
2010.07.29 12:09:32.768,1.3494,1.34975,1.60,2.80
2010.07.29 12:09:33.062,1.34945,1.34975,1.00,1.20
2010.07.29 12:09:33.360,1.34945,1.34975,1.00,1.00
2010.07.29 12:09:33.649,1.3494,1.34975,1.60,1.20
2010.07.29 12:09:34.446,1.3494,1.34975,7.20,1.20
2010.07.29 12:09:34.760,1.3494,1.3497,1.60,1.00
2010.07.29 12:09:35.517,1.3494,1.34975,1.60,1.20
2010.07.29 12:09:36.399,1.3494,1.3497,1.60,1.00
2010.07.29 12:09:37.861,1.3494,1.34975,4.00,1.20
2010.07.29 12:09:38.617,1.3495,1.3498,1.60,1.00
2010.07.29 12:09:40.807,1.34955,1.34985,1.00,1.20
2010.07.29 12:09:40.959,1.3496,1.34985,1.00,1.00
2010.07.29 12:09:41.107,1.3496,1.3499,1.60,1.00
2010.07.29 12:09:41.662,1.34965,1.34995,1.60,7.60
2010.07.29 12:09:41.962,1.3497,1.35,1.00,2.80
2010.07.29 12:09:43.601,1.34975,1.35,1.00,1.60
2010.07.29 12:09:44.516,1.3497,1.35,1.60,2.00
2010.07.29 12:09:45.864,1.34965,1.35,1.60,2.80
2010.07.29 12:09:45.928,1.34965,1.35,1.60,3.60
2010.07.29 12:09:45.963,1.34965,1.34995,1.00,1.00
2010.07.29 12:09:46.000,1.34955,1.3499,12.00,1.00
2010.07.29 12:09:46.492,1.34965,1.34995,1.00,1.60
2010.07.29 12:09:46.842,1.3497,1.35,1.00,1.20
2010.07.29 12:09:50.370,1.3497,1.35005,1.60,1.00
2010.07.29 12:09:50.605,1.34975,1.35005,1.60,1.00
2010.07.29 12:09:53.656,1.3498,1.3501,1.00,1.20
2010.07.29 12:09:53.951,1.34975,1.35005,1.60,1.00
2010.07.29 12:10:07.825,1.34975,1.35,1.60,1.60
2010.07.29 12:10:08.169,1.34975,1.35005,1.00,1.20
2010.07.29 12:10:09.101,1.34975,1.3501,1.60,1.00
2010.07.29 12:10:09.331,1.3498,1.35015,9.60,1.20
2010.07.29 12:10:09.568,1.34985,1.35015,1.60,1.20
2010.07.29 12:10:11.006,1.34985,1.35015,1.00,1.20
2010.07.29 12:10:13.566,1.34985,1.35015,1.60,1.20
2010.07.29 12:10:14.638,1.34985,1.35015,1.60,1.00
2010.07.29 12:10:14.902,1.34985,1.35015,1.60,2.00
2010.07.29 12:10:17.056,1.34985,1.35015,1.00,2.00
2010.07.29 12:10:17.221,1.3498,1.3501,2.40,1.20
2010.07.29 12:10:17.386,1.3498,1.3501,1.00,1.20
2010.07.29 12:10:18.147,1.3498,1.3501,2.40,1.20
2010.07.29 12:10:20.291,1.3498,1.3501,1.60,1.20
2010.07.29 12:10:22.062,1.34975,1.3501,8.80,1.20
2010.07.29 12:10:22.382,1.3498,1.35015,1.00,1.20
2010.07.29 12:10:22.956,1.3498,1.35015,2.40,1.20
2010.07.29 12:10:23.147,1.3498,1.35015,1.00,2.80
2010.07.29 12:10:23.527,1.3498,1.35015,2.40,1.20
2010.07.29 12:10:24.312,1.34985,1.35015,2.40,1.20
2010.07.29 12:10:24.529,1.3499,1.35015,8.80,1.20
2010.07.29 12:10:24.729,1.34995,1.3502,2.40,1.00
2010.07.29 12:10:24.930,1.34995,1.35025,10.40,2.40
2010.07.29 12:10:25.586,1.34995,1.3503,4.00,1.20
2010.07.29 12:10:25.839,1.34995,1.3503,4.80,1.20
2010.07.29 12:10:26.815,1.34995,1.35025,4.80,1.00
2010.07.29 12:10:27.049,1.34995,1.35025,1.00,1.20
2010.07.29 12:10:32.136,1.35,1.35025,4.80,1.20
2010.07.29 12:10:32.237,1.3501,1.35025,1.00,1.00
2010.07.29 12:10:32.796,1.3501,1.35035,1.60,1.00
2010.07.29 12:10:33.142,1.35015,1.35045,1.60,1.00
2010.07.29 12:10:35.098,1.35015,1.3505,1.60,2.80
2010.07.29 12:10:35.895,1.35015,1.35045,1.60,1.00
2010.07.29 12:10:39.613,1.3502,1.3505,1.00,1.20
2010.07.29 12:10:40.747,1.35005,1.35035,8.80,1.60
2010.07.29 12:10:40.960,1.35005,1.35035,3.20,1.60
2010.07.29 12:10:42.086,1.3501,1.3504,1.60,1.20
2010.07.29 12:10:42.428,1.3501,1.3504,2.40,1.20
2010.07.29 12:10:44.118,1.3501,1.3504,1.00,1.20
2010.07.29 12:10:46.557,1.3501,1.35035,1.00,1.60
2010.07.29 12:10:47.242,1.35,1.3503,2.40,1.20
2010.07.29 12:10:48.936,1.34995,1.35025,4.80,1.00
2010.07.29 12:10:50.777,1.34995,1.35025,1.00,1.20
2010.07.29 12:10:51.268,1.3499,1.3502,4.80,1.00
2010.07.29 12:10:51.369,1.3499,1.3502,3.20,1.00
2010.07.29 12:11:00.826,1.3499,1.3502,1.60,1.20
2010.07.29 12:11:02.155,1.34985,1.3502,3.20,1.20
2010.07.29 12:11:02.958,1.34985,1.35015,1.00,1.20
2010.07.29 12:11:05.641,1.34995,1.35015,1.60,1.20
2010.07.29 12:11:05.690,1.34985,1.35015,4.80,1.20
2010.07.29 12:11:05.767,1.34985,1.35015,1.00,1.20
2010.07.29 12:11:07.181,1.3498,1.3501,3.20,1.00
2010.07.29 12:11:09.851,1.34985,1.35015,1.00,1.20
2010.07.29 12:11:11.291,1.3499,1.35025,2.40,2.80
2010.07.29 12:11:11.539,1.3499,1.35025,2.40,1.20
2010.07.29 12:11:11.791,1.3499,1.3502,1.00,1.20
2010.07.29 12:11:14.716,1.3499,1.3502,2.40,1.20
2010.07.29 12:11:15.146,1.3499,1.3502,1.00,1.20
2010.07.29 12:11:17.617,1.34995,1.3502,1.60,1.20
2010.07.29 12:11:18.214,1.35,1.35025,1.60,1.00
2010.07.29 12:11:18.502,1.35,1.3503,1.60,1.20
2010.07.29 12:11:18.791,1.34995,1.3503,3.20,1.20
2010.07.29 12:11:19.797,1.34995,1.35025,3.20,1.00
2010.07.29 12:11:20.408,1.35,1.35025,1.60,1.00
2010.07.29 12:11:21.634,1.34995,1.35025,3.20,1.00
2010.07.29 12:11:21.897,1.34995,1.35025,1.60,1.00
2010.07.29 12:11:23.878,1.35005,1.35025,1.60,1.00
2010.07.29 12:11:24.306,1.34995,1.35025,1.60,1.00
2010.07.29 12:11:25.108,1.35,1.35025,1.60,1.00
2010.07.29 12:11:29.336,1.34995,1.35025,3.20,1.00
2010.07.29 12:11:30.813,1.34995,1.35025,1.00,1.20
2010.07.29 12:11:33.024,1.35,1.35025,1.00,1.20
2010.07.29 12:11:33.147,1.35015,1.35035,1.60,2.00
2010.07.29 12:11:33.268,1.35005,1.3503,4.00,1.60
2010.07.29 12:11:33.387,1.35,1.3503,4.00,1.60
2010.07.29 12:11:33.959,1.35,1.3503,4.00,2.00
2010.07.29 12:11:34.278,1.35,1.3503,1.00,2.80
2010.07.29 12:11:34.592,1.35,1.3502,1.00,1.60
2010.07.29 12:11:34.911,1.34995,1.3503,3.20,1.20
2010.07.29 12:11:35.791,1.34995,1.3502,3.20,1.60
2010.07.29 12:11:36.757,1.35,1.3503,1.00,2.80
2010.07.29 12:11:37.471,1.35,1.3503,2.40,2.80
2010.07.29 12:11:37.705,1.35,1.3502,2.40,1.60
2010.07.29 12:11:37.931,1.35,1.3503,1.00,1.20
2010.07.29 12:11:53.449,1.35,1.3503,1.00,1.00
2010.07.29 12:12:01.096,1.35,1.3503,1.00,1.20
2010.07.29 12:12:02.296,1.34995,1.35025,3.20,1.00
2010.07.29 12:12:02.861,1.34995,1.3501,3.20,1.00
2010.07.29 12:12:02.937,1.34995,1.35025,3.20,1.00
2010.07.29 12:12:04.226,1.34995,1.35025,1.60,1.00
2010.07.29 12:12:04.466,1.3499,1.3502,4.80,1.00
2010.07.29 12:12:05.511,1.3499,1.3502,3.20,1.20
2010.07.29 12:12:05.697,1.3499,1.35025,3.20,1.20
2010.07.29 12:12:06.366,1.3499,1.35025,4.80,1.20
2010.07.29 12:12:08.056,1.3499,1.35025,3.20,1.20
2010.07.29 12:12:08.315,1.34995,1.35025,1.60,1.20
2010.07.29 12:12:16.863,1.34995,1.3502,1.60,1.00
2010.07.29 12:12:19.289,1.3499,1.3502,4.00,1.00
2010.07.29 12:12:19.447,1.3499,1.3502,1.00,1.20
2010.07.29 12:12:19.606,1.3499,1.3501,1.00,1.60
2010.07.29 12:12:19.767,1.34985,1.35015,3.20,1.00
2010.07.29 12:12:20.076,1.3499,1.3502,1.00,1.20
2010.07.29 12:12:27.783,1.34995,1.35025,1.60,1.20
2010.07.29 12:12:27.920,1.3499,1.35025,3.20,1.20
2010.07.29 12:12:32.142,1.34995,1.3503,1.60,1.20
2010.07.29 12:12:32.322,1.34995,1.3503,1.00,1.20
2010.07.29 12:12:32.501,1.34995,1.35025,1.00,1.00
2010.07.29 12:12:32.668,1.34995,1.35025,1.00,1.20
2010.07.29 12:12:34.471,1.34995,1.3502,1.00,1.00
2010.07.29 12:12:34.610,1.3499,1.3502,2.40,1.20
2010.07.29 12:12:40.927,1.34995,1.35025,1.00,1.20
2010.07.29 12:12:42.096,1.34995,1.35025,1.60,1.20
2010.07.29 12:12:42.246,1.35,1.3503,1.60,1.00
2010.07.29 12:12:42.979,1.35,1.3503,1.00,1.20
2010.07.29 12:12:43.232,1.34995,1.35025,1.60,1.00
2010.07.29 12:12:43.477,1.34995,1.35025,3.20,1.00
2010.07.29 12:12:44.719,1.35,1.3503,1.00,1.20
2010.07.29 12:12:46.239,1.34995,1.35025,3.20,1.00
2010.07.29 12:12:48.917,1.35,1.3503,1.00,1.20
2010.07.29 12:12:49.107,1.35,1.35035,2.40,1.20
2010.07.29 12:12:49.296,1.35005,1.35035,1.00,1.20
2010.07.29 12:12:50.009,1.34995,1.35025,3.20,1.00
2010.07.29 12:12:50.806,1.34995,1.35025,2.40,1.00
2010.07.29 12:12:51.271,1.34995,1.35025,1.60,1.20
2010.07.29 12:12:55.837,1.35005,1.35035,2.40,1.00
2010.07.29 12:12:56.131,1.3501,1.3504,1.00,1.20
2010.07.29 12:12:57.168,1.3501,1.3504,2.40,1.00
2010.07.29 12:12:57.308,1.3501,1.3504,3.20,1.00
2010.07.29 12:12:57.606,1.35015,1.3504,1.60,1.00
2010.07.29 12:13:00.018,1.3502,1.3504,1.60,1.00
2010.07.29 12:13:01.050,1.35015,1.3504,1.60,1.00
2010.07.29 12:13:01.517,1.3501,1.3504,2.40,1.00
2010.07.29 12:13:02.236,1.3501,1.3504,2.40,1.20
2010.07.29 12:13:03.588,1.35005,1.3504,3.20,1.20
2010.07.29 12:13:03.730,1.35005,1.3503,1.60,1.20
2010.07.29 12:13:05.482,1.35005,1.3503,1.60,1.00
2010.07.29 12:13:06.054,1.3501,1.35035,1.00,1.00
2010.07.29 12:13:06.202,1.3501,1.3504,2.40,1.20
2010.07.29 12:13:06.490,1.3501,1.3504,2.40,1.00
2010.07.29 12:13:07.197,1.3501,1.3504,3.20,1.00
2010.07.29 12:13:08.997,1.35015,1.3504,1.60,1.00
2010.07.29 12:13:09.218,1.3502,1.3504,1.60,1.00
2010.07.29 12:13:09.436,1.35015,1.3504,1.60,1.00
2010.07.29 12:13:10.157,1.3501,1.3504,1.60,1.20
2010.07.29 12:13:10.467,1.3501,1.35035,1.60,1.60
2010.07.29 12:13:10.697,1.3501,1.3504,1.60,1.20
2010.07.29 12:13:10.817,1.35015,1.3504,1.60,1.00
2010.07.29 12:13:11.385,1.3501,1.3504,3.20,1.00
2010.07.29 12:13:11.992,1.3501,1.3504,3.20,2.00
2010.07.29 12:13:12.299,1.3501,1.3504,1.60,2.80
2010.07.29 12:13:12.819,1.3501,1.3504,3.20,1.20
2010.07.29 12:13:13.091,1.3501,1.35035,1.60,1.20
2010.07.29 12:13:15.640,1.3501,1.35025,1.60,1.60
2010.07.29 12:13:15.929,1.3501,1.35035,3.20,1.00
2010.07.29 12:13:16.198,1.3501,1.35035,1.60,1.00
2010.07.29 12:13:19.505,1.3501,1.35035,1.60,1.20
2010.07.29 12:13:26.235,1.35005,1.35035,1.60,1.20
2010.07.29 12:13:26.302,1.3501,1.35035,1.60,1.20
2010.07.29 12:13:27.603,1.35005,1.3503,1.60,1.00
2010.07.29 12:13:27.726,1.3501,1.35035,1.60,1.20
2010.07.29 12:13:28.086,1.3501,1.35035,1.60,1.00
2010.07.29 12:13:28.208,1.35005,1.35035,1.60,1.00
2010.07.29 12:13:28.329,1.3501,1.3504,1.00,1.20
2010.07.29 12:13:28.844,1.3501,1.3504,2.40,1.20
2010.07.29 12:13:29.966,1.35005,1.35035,1.60,1.20
2010.07.29 12:13:30.940,1.35005,1.35035,1.60,2.80
2010.07.29 12:13:31.147,1.35005,1.35035,1.60,1.20
2010.07.29 12:13:36.808,1.35005,1.3503,1.60,1.20
2010.07.29 12:13:36.986,1.35,1.3503,2.40,1.20
2010.07.29 12:13:40.556,1.35005,1.3503,1.60,1.20
2010.07.29 12:13:41.167,1.35005,1.35035,2.40,1.20
2010.07.29 12:13:42.269,1.35005,1.35035,2.40,2.80
2010.07.29 12:13:42.949,1.35005,1.3503,1.60,1.20
2010.07.29 12:13:43.291,1.35005,1.35035,2.40,10.80
2010.07.29 12:13:43.994,1.35005,1.3503,1.60,1.00
2010.07.29 12:13:45.878,1.35005,1.35035,2.40,2.80
2010.07.29 12:13:46.257,1.3501,1.35035,1.60,2.80
2010.07.29 12:13:47.770,1.3501,1.35035,2.40,1.60
2010.07.29 12:13:48.827,1.35015,1.3504,1.60,1.20
2010.07.29 12:13:49.708,1.3501,1.3504,2.40,1.20
2010.07.29 12:13:49.989,1.3501,1.35045,3.20,1.20
2010.07.29 12:13:50.167,1.3501,1.35045,3.20,1.00
2010.07.29 12:13:50.346,1.35015,1.35045,1.60,1.00
2010.07.29 12:13:50.968,1.35015,1.35045,3.20,1.00
2010.07.29 12:13:58.715,1.35015,1.35045,2.40,1.20
2010.07.29 12:13:59.404,1.35015,1.35045,1.60,1.20
2010.07.29 12:13:59.754,1.3502,1.35045,1.60,1.00
2010.07.29 12:14:00.509,1.3501,1.35045,3.20,1.20
2010.07.29 12:14:01.477,1.35015,1.3504,1.60,1.60
2010.07.29 12:14:01.819,1.35015,1.35045,1.60,1.20
2010.07.29 12:14:01.986,1.3501,1.35045,3.20,2.80
2010.07.29 12:14:02.156,1.35015,1.35035,1.60,1.60
2010.07.29 12:14:02.753,1.35015,1.35045,1.60,1.20
2010.07.29 12:14:04.297,1.35015,1.3504,1.60,1.60
2010.07.29 12:14:04.496,1.35015,1.35035,1.60,1.60
2010.07.29 12:14:05.883,1.3501,1.35035,3.20,1.60
2010.07.29 12:14:06.076,1.3501,1.3504,3.20,1.60
2010.07.29 12:14:06.176,1.3501,1.3504,2.40,2.80
2010.07.29 12:14:06.276,1.3501,1.3504,2.40,1.20
2010.07.29 12:14:07.208,1.3501,1.35035,1.60,1.00
2010.07.29 12:14:07.390,1.3501,1.35035,1.60,2.00
2010.07.29 12:14:07.947,1.35005,1.35035,3.20,2.00
2010.07.29 12:14:08.298,1.3501,1.35035,1.60,1.00
2010.07.29 12:14:09.457,1.35015,1.35035,1.60,1.00
2010.07.29 12:14:09.687,1.35015,1.3504,1.60,1.20
2010.07.29 12:14:10.712,1.3501,1.35035,1.60,1.00
2010.07.29 12:14:10.947,1.35015,1.3504,1.60,1.20
2010.07.29 12:14:12.658,1.3501,1.3504,2.40,1.20
2010.07.29 12:14:13.701,1.3501,1.3504,2.40,2.80
2010.07.29 12:14:13.919,1.3501,1.3503,1.60,1.00
2010.07.29 12:14:14.138,1.35005,1.35035,1.60,1.00
2010.07.29 12:14:14.860,1.35005,1.35035,2.40,1.00
2010.07.29 12:14:15.159,1.3501,1.3504,2.40,1.20
2010.07.29 12:14:15.457,1.3501,1.3504,4.00,1.20
2010.07.29 12:14:16.212,1.35005,1.35025,1.60,1.20
2010.07.29 12:14:17.088,1.34995,1.35025,2.40,1.20
2010.07.29 12:14:17.388,1.35,1.3503,1.60,1.20
2010.07.29 12:14:17.688,1.35005,1.3503,1.60,1.20
2010.07.29 12:14:17.991,1.35,1.3503,2.40,1.00
2010.07.29 12:14:18.463,1.35,1.3503,2.40,1.20
2010.07.29 12:14:18.780,1.35,1.3503,1.60,1.20
2010.07.29 12:14:21.436,1.34995,1.3503,3.20,1.20
2010.07.29 12:14:21.527,1.34995,1.35025,2.40,1.00
2010.07.29 12:14:21.627,1.34995,1.35025,2.40,1.20
2010.07.29 12:14:22.289,1.34995,1.3502,1.60,1.20
2010.07.29 12:14:22.498,1.34995,1.3502,1.60,1.00
2010.07.29 12:14:23.892,1.3499,1.3501,1.60,1.00
2010.07.29 12:14:24.243,1.34985,1.3501,1.60,1.00
2010.07.29 12:14:24.587,1.3498,1.3501,3.20,1.00
2010.07.29 12:14:26.196,1.3498,1.3501,2.40,1.20
2010.07.29 12:14:26.538,1.3498,1.35005,1.60,1.00
2010.07.29 12:14:27.641,1.3498,1.35,1.60,1.00
2010.07.29 12:14:27.751,1.34975,1.35,1.60,1.00
2010.07.29 12:14:30.691,1.34985,1.35005,1.00,1.00
2010.07.29 12:14:30.841,1.34985,1.35015,2.40,1.20
2010.07.29 12:14:31.562,1.34985,1.35015,4.80,1.00
2010.07.29 12:14:32.251,1.34985,1.35015,3.20,1.00
2010.07.29 12:14:33.331,1.3499,1.35025,3.20,1.20
2010.07.29 12:14:34.740,1.3499,1.35025,3.20,2.80
2010.07.29 12:14:35.057,1.34995,1.35025,1.60,1.20
2010.07.29 12:14:35.669,1.34995,1.35025,2.40,1.20
2010.07.29 12:14:39.045,1.3499,1.3502,1.60,1.00
2010.07.29 12:14:39.347,1.34985,1.35015,3.20,1.00
2010.07.29 12:14:40.227,1.34985,1.35015,3.20,2.00
2010.07.29 12:14:40.736,1.34985,1.35015,4.80,1.00
2010.07.29 12:14:41.034,1.3499,1.35025,4.00,1.20
2010.07.29 12:14:41.236,1.34995,1.35025,1.00,1.20
2010.07.29 12:14:41.967,1.34995,1.35025,2.40,1.20
2010.07.29 12:14:42.069,1.34995,1.35025,2.40,1.00
2010.07.29 12:14:43.087,1.34995,1.3502,2.40,1.00
2010.07.29 12:14:43.680,1.34995,1.35015,1.00,1.00
2010.07.29 12:14:43.827,1.3499,1.35015,1.60,1.20
2010.07.29 12:14:45.487,1.34985,1.35015,3.20,1.20
2010.07.29 12:14:47.826,1.3499,1.35015,1.60,1.20
2010.07.29 12:14:48.564,1.34995,1.35025,3.20,1.00
2010.07.29 12:14:49.689,1.34995,1.35025,2.40,1.00
2010.07.29 12:14:49.724,1.34995,1.35025,1.60,1.20
2010.07.29 12:14:51.217,1.34995,1.3502,1.60,1.20
2010.07.29 12:14:51.438,1.34995,1.3502,1.60,5.20
2010.07.29 12:14:51.975,1.3499,1.3501,1.60,1.00
2010.07.29 12:14:52.213,1.3499,1.3501,1.60,1.20
2010.07.29 12:14:53.283,1.34985,1.3501,3.20,1.20
2010.07.29 12:14:53.570,1.34985,1.3501,1.60,1.20
2010.07.29 12:14:56.703,1.3498,1.35005,1.60,1.20
2010.07.29 12:14:58.018,1.34985,1.3501,1.60,1.00
2010.07.29 12:14:59.384,1.35005,1.35015,1.00,1.00
2010.07.29 12:14:59.564,1.3502,1.3505,1.60,2.80
2010.07.29 12:15:00.044,1.3502,1.3505,1.60,1.20
2010.07.29 12:15:00.377,1.35025,1.35055,1.60,1.00
2010.07.29 12:15:00.691,1.35025,1.3506,1.60,3.60
2010.07.29 12:15:01.293,1.3503,1.3506,1.00,3.60
2010.07.29 12:15:01.582,1.35035,1.3507,1.00,2.80
2010.07.29 12:15:01.870,1.35035,1.35065,2.40,1.20
2010.07.29 12:15:03.907,1.35035,1.3506,2.40,1.60
2010.07.29 12:15:04.261,1.3503,1.3506,3.20,2.00
2010.07.29 12:15:04.931,1.3503,1.3506,1.60,2.80
2010.07.29 12:15:05.263,1.35025,1.3505,3.20,1.60
2010.07.29 12:15:05.591,1.35025,1.3506,3.20,4.40
2010.07.29 12:15:06.066,1.35025,1.3506,3.20,2.80
2010.07.29 12:15:06.340,1.35045,1.35065,1.60,1.20
2010.07.29 12:15:07.102,1.3504,1.3507,1.00,1.20
2010.07.29 12:15:07.381,1.3504,1.3507,2.40,2.80
2010.07.29 12:15:07.917,1.3504,1.3507,1.00,2.80
2010.07.29 12:15:09.632,1.35035,1.35065,1.60,2.80
2010.07.29 12:15:09.728,1.3503,1.35065,3.20,2.80
2010.07.29 12:15:10.290,1.35035,1.35065,1.60,1.20
2010.07.29 12:15:10.627,1.35035,1.35065,3.20,1.20
2010.07.29 12:15:10.968,1.35035,1.3507,3.20,2.80
2010.07.29 12:15:11.510,1.3504,1.3507,1.60,2.80
2010.07.29 12:15:11.752,1.3504,1.3507,2.40,2.80
2010.07.29 12:15:12.657,1.35045,1.3507,1.60,2.80
2010.07.29 12:15:13.221,1.35045,1.3507,1.60,1.20
2010.07.29 12:15:13.940,1.35045,1.3507,1.60,2.80
2010.07.29 12:15:14.489,1.3504,1.3506,1.60,1.00
2010.07.29 12:15:15.103,1.3503,1.3506,1.60,2.80
2010.07.29 12:15:17.237,1.3504,1.3506,1.00,1.00
2010.07.29 12:15:17.492,1.35045,1.35075,1.60,1.20
2010.07.29 12:15:17.997,1.3505,1.35075,1.60,1.20
2010.07.29 12:15:19.165,1.35055,1.3508,1.60,1.20
2010.07.29 12:15:19.491,1.3506,1.3508,1.60,1.20
2010.07.29 12:15:20.584,1.35055,1.3508,1.60,1.20
2010.07.29 12:15:21.141,1.3506,1.3508,1.60,1.20
2010.07.29 12:15:23.840,1.3506,1.35075,1.60,1.00
2010.07.29 12:15:25.841,1.35055,1.3507,1.60,1.00
2010.07.29 12:15:27.665,1.3506,1.35085,1.60,1.20
2010.07.29 12:15:28.003,1.3506,1.35085,2.40,2.00
2010.07.29 12:15:28.799,1.3506,1.35085,1.60,2.80
2010.07.29 12:15:29.144,1.35045,1.3507,1.60,1.00
2010.07.29 12:15:29.923,1.3505,1.3507,1.60,1.00
2010.07.29 12:15:30.272,1.35045,1.3507,1.60,1.20
2010.07.29 12:15:30.958,1.3504,1.35065,1.60,1.20
2010.07.29 12:15:32.292,1.3504,1.3506,1.60,1.00
2010.07.29 12:15:33.228,1.35035,1.3506,2.40,1.00
2010.07.29 12:15:33.456,1.35035,1.3506,1.60,1.20
2010.07.29 12:15:35.116,1.3504,1.3506,1.60,1.00
2010.07.29 12:15:35.882,1.3504,1.3506,3.20,1.00
2010.07.29 12:15:36.186,1.35035,1.3506,1.60,1.20
2010.07.29 12:15:36.763,1.35045,1.35075,1.00,1.20
2010.07.29 12:15:37.485,1.3505,1.35085,1.60,2.00
2010.07.29 12:15:37.710,1.35055,1.35065,1.60,1.00
2010.07.29 12:15:37.929,1.3504,1.35065,1.60,1.00
2010.07.29 12:15:38.647,1.35035,1.3506,1.60,1.00
2010.07.29 12:15:38.990,1.35035,1.35055,1.60,1.00
2010.07.29 12:15:39.332,1.3503,1.3506,1.60,1.00
2010.07.29 12:15:40.192,1.3504,1.3507,3.20,1.20
2010.07.29 12:15:40.895,1.35045,1.3507,3.20,1.00
2010.07.29 12:15:41.149,1.35045,1.3507,1.60,1.20
2010.07.29 12:15:42.388,1.3505,1.35075,1.60,1.20
2010.07.29 12:15:42.908,1.35045,1.35075,1.00,1.20
2010.07.29 12:15:43.170,1.3504,1.35065,3.20,1.60
2010.07.29 12:15:44.004,1.3504,1.35065,1.60,1.00
2010.07.29 12:15:44.349,1.3504,1.3506,1.60,1.00
2010.07.29 12:15:44.602,1.35035,1.35065,2.40,1.20
2010.07.29 12:15:45.072,1.35035,1.35065,3.20,1.00
2010.07.29 12:15:45.310,1.3504,1.35065,1.60,1.00
2010.07.29 12:15:46.239,1.3505,1.35075,1.00,1.00
2010.07.29 12:15:46.939,1.35045,1.35075,1.60,1.20
2010.07.29 12:15:48.438,1.35045,1.3507,1.60,1.20
2010.07.29 12:15:48.857,1.3504,1.3507,2.40,1.20
2010.07.29 12:15:55.950,1.35045,1.3507,1.00,1.00
2010.07.29 12:15:56.116,1.35045,1.3508,4.00,1.20
2010.07.29 12:15:56.340,1.35045,1.35075,2.40,1.20
2010.07.29 12:15:56.569,1.3504,1.35075,3.20,1.20
2010.07.29 12:15:57.242,1.3504,1.3507,3.20,1.20
2010.07.29 12:15:57.579,1.35035,1.35065,2.40,1.00
2010.07.29 12:15:58.241,1.35035,1.35065,2.40,1.20
2010.07.29 12:15:58.926,1.3503,1.35065,1.60,2.80
2010.07.29 12:15:59.281,1.3503,1.35055,1.60,1.20
2010.07.29 12:16:00.419,1.35035,1.35055,1.60,1.00
2010.07.29 12:16:00.734,1.3503,1.3506,2.40,2.80
2010.07.29 12:16:01.488,1.35035,1.35065,6.40,1.20
2010.07.29 12:16:01.829,1.3504,1.35065,1.60,1.20
2010.07.29 12:16:02.632,1.35035,1.35065,2.40,1.20
2010.07.29 12:16:03.787,1.35035,1.3506,1.60,1.00
2010.07.29 12:16:05.419,1.35035,1.35065,2.40,1.20
2010.07.29 12:16:05.599,1.35035,1.35065,1.60,1.20
2010.07.29 12:16:05.779,1.3504,1.35065,1.60,1.20
2010.07.29 12:16:06.400,1.35035,1.35065,1.60,1.20
2010.07.29 12:16:06.596,1.3504,1.35065,1.60,1.20
2010.07.29 12:16:08.011,1.3504,1.3506,1.60,1.00
2010.07.29 12:16:08.242,1.35035,1.35065,1.60,1.20
2010.07.29 12:16:08.477,1.35035,1.3506,1.60,1.00
2010.07.29 12:16:10.097,1.3503,1.35055,1.60,1.20
2010.07.29 12:16:10.195,1.3503,1.3505,1.60,1.00
2010.07.29 12:16:11.235,1.35025,1.3505,1.60,1.00
2010.07.29 12:16:15.812,1.35025,1.3505,1.60,1.20
2010.07.29 12:16:16.163,1.35025,1.35055,1.60,1.20
2010.07.29 12:16:17.879,1.3503,1.35055,1.60,1.00
2010.07.29 12:16:18.087,1.3503,1.3506,1.60,1.20
2010.07.29 12:16:18.298,1.3503,1.3506,2.40,1.20
2010.07.29 12:16:22.529,1.3503,1.35055,1.60,1.20
2010.07.29 12:16:23.909,1.35025,1.35055,2.40,1.20
2010.07.29 12:16:24.108,1.35025,1.3505,1.60,1.00
2010.07.29 12:16:33.587,1.35025,1.35055,3.20,1.00
2010.07.29 12:16:34.115,1.35025,1.3505,1.60,1.00
2010.07.29 12:16:36.428,1.35025,1.35045,1.60,1.20
2010.07.29 12:16:37.039,1.35025,1.35045,1.60,1.00
2010.07.29 12:16:37.351,1.35025,1.35055,3.20,4.40
2010.07.29 12:16:37.667,1.3503,1.35055,1.60,1.00
2010.07.29 12:16:40.969,1.3503,1.3505,1.60,1.00
2010.07.29 12:16:41.556,1.3503,1.35055,1.60,2.80
2010.07.29 12:16:42.308,1.3503,1.35055,1.60,1.00
2010.07.29 12:16:42.499,1.3503,1.3506,1.60,1.20
2010.07.29 12:16:44.180,1.35035,1.3506,1.60,1.20
2010.07.29 12:16:45.196,1.3503,1.3506,1.60,1.20
2010.07.29 12:16:45.948,1.3503,1.3506,2.40,1.20
2010.07.29 12:16:48.257,1.35035,1.35055,1.60,1.00
2010.07.29 12:16:48.478,1.3503,1.35055,1.60,1.20
2010.07.29 12:16:53.241,1.35025,1.35055,2.40,1.20
2010.07.29 12:16:55.886,1.35025,1.3505,1.60,1.00
2010.07.29 12:16:57.697,1.3503,1.3505,1.60,1.00
2010.07.29 12:16:57.876,1.35025,1.3505,1.60,1.00
2010.07.29 12:16:59.387,1.35025,1.35055,2.40,1.20
2010.07.29 12:17:00.028,1.3503,1.35055,1.60,1.20
2010.07.29 12:17:02.776,1.35025,1.35055,2.40,1.20
2010.07.29 12:17:03.869,1.35025,1.35055,2.40,2.80
2010.07.29 12:17:05.010,1.35025,1.35055,2.40,1.20
2010.07.29 12:17:05.319,1.3503,1.35055,1.60,1.20
2010.07.29 12:17:07.327,1.35025,1.35055,2.40,1.20
2010.07.29 12:17:07.499,1.35025,1.35055,3.20,1.20
2010.07.29 12:17:08.019,1.3503,1.35055,1.00,1.00
2010.07.29 12:17:08.310,1.35045,1.35075,1.60,1.20
2010.07.29 12:17:08.611,1.3505,1.35075,1.60,1.00
2010.07.29 12:17:08.951,1.35055,1.3508,1.60,2.00
2010.07.29 12:17:09.568,1.3505,1.3508,1.60,2.00
2010.07.29 12:17:09.912,1.35055,1.3508,1.60,2.00
2010.07.29 12:17:10.558,1.3505,1.3508,3.20,2.00
2010.07.29 12:17:11.380,1.3505,1.35075,1.60,1.00
2010.07.29 12:17:11.974,1.35045,1.35075,3.20,1.00
2010.07.29 12:17:14.622,1.3505,1.3508,2.40,1.20
2010.07.29 12:17:18.989,1.3505,1.3508,4.00,1.20
2010.07.29 12:17:23.206,1.3505,1.3508,2.40,1.20
2010.07.29 12:17:23.318,1.3505,1.3508,1.00,1.20
2010.07.29 12:17:23.537,1.3505,1.3508,1.00,2.80
2010.07.29 12:17:25.957,1.35045,1.35075,3.20,1.00
2010.07.29 12:17:33.296,1.35045,1.35075,2.40,1.20
2010.07.29 12:17:50.533,1.35045,1.3507,1.60,1.00
2010.07.29 12:17:59.947,1.3505,1.35075,1.60,1.00
2010.07.29 12:18:00.190,1.3505,1.3508,1.60,1.20
2010.07.29 12:18:02.856,1.35055,1.3508,1.60,1.20
2010.07.29 12:18:04.412,1.35055,1.3508,1.60,1.00
2010.07.29 12:18:05.917,1.3505,1.3508,3.20,2.00
2010.07.29 12:18:06.427,1.35055,1.3508,1.60,1.00
2010.07.29 12:18:08.647,1.35055,1.35085,2.40,1.20
2010.07.29 12:18:08.998,1.35055,1.3509,2.40,1.20
2010.07.29 12:18:09.815,1.35055,1.3508,1.60,1.00
2010.07.29 12:18:10.161,1.3505,1.3507,2.40,1.00
2010.07.29 12:18:10.891,1.35045,1.3507,2.40,1.00
2010.07.29 12:18:11.212,1.3505,1.3508,2.40,1.20
2010.07.29 12:18:11.689,1.3505,1.3508,1.60,1.20
2010.07.29 12:18:13.271,1.3505,1.3508,3.20,1.20
2010.07.29 12:18:13.512,1.35055,1.35085,2.40,1.20
2010.07.29 12:18:15.357,1.3506,1.35085,1.60,1.20
2010.07.29 12:18:15.577,1.3506,1.3509,1.60,2.80
2010.07.29 12:18:16.207,1.3506,1.3509,1.60,1.20
2010.07.29 12:18:17.233,1.35065,1.3509,1.60,2.80
2010.07.29 12:18:17.411,1.3506,1.35085,1.60,1.20
2010.07.29 12:18:18.948,1.3506,1.35085,2.40,1.00
2010.07.29 12:18:19.766,1.3506,1.3509,3.20,2.00
2010.07.29 12:18:20.111,1.3506,1.3509,3.20,1.00
2010.07.29 12:18:23.937,1.3506,1.35085,2.40,1.00
2010.07.29 12:18:24.069,1.3506,1.35085,1.60,1.00
2010.07.29 12:18:24.642,1.35055,1.35085,2.40,1.00
2010.07.29 12:18:24.770,1.35055,1.3508,1.60,1.00
2010.07.29 12:18:25.111,1.3506,1.3508,1.60,1.00
2010.07.29 12:18:25.450,1.35065,1.3509,1.00,1.60
2010.07.29 12:18:26.115,1.35065,1.35095,2.40,1.20
2010.07.29 12:18:27.577,1.35065,1.3509,2.40,1.60
2010.07.29 12:18:28.239,1.35065,1.35095,2.40,1.20
2010.07.29 12:18:28.836,1.35065,1.35095,3.20,1.00
2010.07.29 12:18:34.233,1.35065,1.35095,2.40,1.20
2010.07.29 12:18:35.089,1.35075,1.351,3.20,1.20
2010.07.29 12:18:35.399,1.3507,1.351,1.60,1.20
2010.07.29 12:18:35.598,1.35075,1.351,1.60,1.20
2010.07.29 12:18:36.298,1.35075,1.35105,1.60,1.20
2010.07.29 12:18:37.067,1.35075,1.35105,3.20,1.20
2010.07.29 12:18:37.447,1.35075,1.35105,1.60,1.20
2010.07.29 12:18:37.637,1.3507,1.351,2.40,1.20
2010.07.29 12:18:38.962,1.3507,1.351,4.00,1.20
2010.07.29 12:18:39.123,1.35075,1.35105,2.40,1.20
2010.07.29 12:18:39.289,1.3508,1.35105,3.20,1.20
2010.07.29 12:18:39.607,1.35075,1.35105,1.60,1.20
2010.07.29 12:18:40.767,1.3507,1.35105,3.20,1.20
2010.07.29 12:18:41.047,1.35075,1.35105,1.60,1.20
2010.07.29 12:18:42.131,1.3508,1.35105,1.60,1.20
2010.07.29 12:18:43.067,1.3508,1.351,1.60,1.00
2010.07.29 12:18:43.217,1.35075,1.351,1.60,1.20
2010.07.29 12:18:43.657,1.35075,1.351,3.20,1.20
2010.07.29 12:18:43.877,1.35075,1.351,1.60,1.20
2010.07.29 12:18:45.778,1.35075,1.35105,1.60,1.20
2010.07.29 12:18:46.747,1.3508,1.35105,1.60,1.20
2010.07.29 12:18:47.078,1.35085,1.35115,4.80,1.00
2010.07.29 12:18:47.602,1.35085,1.35115,4.00,1.00
2010.07.29 12:18:47.743,1.35085,1.35115,2.40,1.20
2010.07.29 12:18:48.347,1.35085,1.35105,1.60,1.00
2010.07.29 12:18:48.693,1.3508,1.3511,5.60,1.20
2010.07.29 12:18:49.482,1.3508,1.35105,1.60,1.20
2010.07.29 12:18:49.836,1.351,1.3511,1.60,1.00
2010.07.29 12:18:50.188,1.35095,1.35125,1.60,1.00
2010.07.29 12:18:50.458,1.351,1.35125,1.60,1.00
2010.07.29 12:18:52.417,1.351,1.35125,1.60,1.20
2010.07.29 12:18:52.617,1.351,1.35125,1.60,1.00
2010.07.29 12:18:55.998,1.351,1.3513,2.40,1.20
2010.07.29 12:18:56.628,1.351,1.3513,2.40,1.00
2010.07.29 12:18:57.082,1.351,1.35135,3.20,1.20
2010.07.29 12:18:57.266,1.35105,1.3513,1.60,1.00
2010.07.29 12:18:57.441,1.35105,1.3513,1.60,1.20
2010.07.29 12:18:58.119,1.351,1.3513,2.40,1.20
2010.07.29 12:18:59.018,1.351,1.3513,3.20,1.00
2010.07.29 12:18:59.260,1.3511,1.35135,1.60,1.00
2010.07.29 12:18:59.498,1.3511,1.3514,1.60,1.20
2010.07.29 12:19:00.640,1.3511,1.3514,2.40,1.20
2010.07.29 12:19:00.937,1.3511,1.3514,3.20,1.00
2010.07.29 12:19:02.126,1.3512,1.35145,1.60,1.00
2010.07.29 12:19:03.410,1.35115,1.35145,1.00,1.20
2010.07.29 12:19:04.486,1.3511,1.3514,1.00,1.20
2010.07.29 12:19:04.760,1.3511,1.3514,2.40,1.20
2010.07.29 12:19:05.651,1.3512,1.3514,1.60,1.20
2010.07.29 12:19:07.209,1.3512,1.35145,6.40,1.20
2010.07.29 12:19:07.788,1.3512,1.35145,2.40,1.20
2010.07.29 12:19:07.901,1.3512,1.35145,1.60,1.20
2010.07.29 12:19:08.187,1.35115,1.35145,1.60,1.20
2010.07.29 12:19:09.829,1.35115,1.35145,3.20,1.00
2010.07.29 12:19:10.848,1.3512,1.35145,1.60,1.00
2010.07.29 12:19:12.529,1.35115,1.35145,3.20,1.00
2010.07.29 12:19:26.178,1.3511,1.35145,3.20,1.20
2010.07.29 12:19:26.417,1.35115,1.35145,1.60,1.20
2010.07.29 12:19:29.670,1.3511,1.3514,2.40,1.00
2010.07.29 12:19:29.883,1.3511,1.3514,2.40,1.20
2010.07.29 12:19:31.027,1.35115,1.3514,1.60,1.20
2010.07.29 12:19:33.099,1.3511,1.3514,2.40,1.20
2010.07.29 12:19:34.238,1.3511,1.3514,1.00,1.20
2010.07.29 12:19:34.928,1.3511,1.3514,2.40,2.80
2010.07.29 12:19:35.079,1.3511,1.3514,2.40,1.20
2010.07.29 12:19:35.227,1.3511,1.35135,1.60,1.00
2010.07.29 12:19:36.801,1.35105,1.35135,3.20,1.00
2010.07.29 12:19:37.141,1.35105,1.3513,2.40,1.60
2010.07.29 12:19:37.288,1.35105,1.35135,2.40,1.00
2010.07.29 12:19:38.256,1.35105,1.3513,2.40,1.60
2010.07.29 12:19:38.421,1.351,1.3513,3.20,2.00
2010.07.29 12:19:39.087,1.351,1.3513,3.20,1.00
2010.07.29 12:19:39.258,1.35105,1.3513,1.60,1.00
2010.07.29 12:19:40.048,1.35105,1.35135,2.40,1.20
2010.07.29 12:19:40.392,1.35105,1.35125,1.60,1.00
2010.07.29 12:19:40.532,1.351,1.3513,1.60,1.20
2010.07.29 12:19:40.670,1.351,1.3513,2.10,1.20
2010.07.29 12:19:41.259,1.35105,1.3513,1.60,1.20
2010.07.29 12:19:43.250,1.35105,1.35125,1.60,1.00
2010.07.29 12:19:44.140,1.35095,1.35125,1.60,1.20
2010.07.29 12:19:44.427,1.35095,1.3512,1.60,1.00
2010.07.29 12:19:47.362,1.35095,1.35115,1.60,1.00
2010.07.29 12:19:47.568,1.3509,1.35115,1.60,1.00
2010.07.29 12:19:49.927,1.35095,1.35115,1.60,1.00
2010.07.29 12:19:50.047,1.351,1.35115,1.60,1.00
2010.07.29 12:19:50.177,1.351,1.3511,1.60,1.20
2010.07.29 12:19:50.706,1.3509,1.3511,2.10,1.20
2010.07.29 12:19:50.922,1.35095,1.35115,1.60,1.00
2010.07.29 12:19:51.960,1.3509,1.35115,3.20,1.00
2010.07.29 12:19:53.318,1.35085,1.35115,3.20,1.00
2010.07.29 12:19:53.578,1.35085,1.3511,1.60,1.00
2010.07.29 12:19:55.099,1.35085,1.3511,1.60,1.20
2010.07.29 12:19:56.145,1.3509,1.3512,2.40,1.20
2010.07.29 12:19:59.137,1.3509,1.3512,3.20,1.00
2010.07.29 12:19:59.809,1.35085,1.3512,3.20,1.20
2010.07.29 12:19:59.986,1.35085,1.35115,3.20,1.00
2010.07.29 12:20:04.297,1.3509,1.35115,1.60,1.00
2010.07.29 12:20:05.549,1.35085,1.35115,3.20,1.00
2010.07.29 12:20:06.070,1.3509,1.35115,1.60,1.00
2010.07.29 12:20:07.392,1.3508,1.3511,3.20,1.00
2010.07.29 12:20:07.729,1.3508,1.3511,3.20,1.20
2010.07.29 12:20:07.915,1.35075,1.35105,3.20,2.00
2010.07.29 12:20:08.099,1.35075,1.35105,3.20,1.00
2010.07.29 12:20:08.708,1.3508,1.35105,1.60,1.00
2010.07.29 12:20:09.160,1.35075,1.35105,3.20,1.00
2010.07.29 12:20:10.059,1.3508,1.35105,1.60,1.00
2010.07.29 12:20:12.201,1.3508,1.3511,2.40,1.20
2010.07.29 12:20:15.861,1.35075,1.35105,3.20,2.00
2010.07.29 12:20:15.986,1.35075,1.35105,3.20,1.00
2010.07.29 12:20:16.118,1.3508,1.35105,1.60,1.00
2010.07.29 12:20:20.661,1.35075,1.35105,1.60,1.20
2010.07.29 12:20:22.090,1.35075,1.35105,1.00,1.20
2010.07.29 12:20:22.868,1.35075,1.35105,2.40,1.20
2010.07.29 12:20:23.932,1.3507,1.351,3.20,1.00
2010.07.29 12:20:24.235,1.35075,1.351,2.40,1.00
2010.07.29 12:20:24.981,1.35075,1.3511,3.20,1.20
2010.07.29 12:20:25.278,1.3508,1.3511,1.60,1.20
2010.07.29 12:20:29.256,1.3508,1.3511,2.40,1.00
2010.07.29 12:20:29.425,1.3508,1.3511,3.20,1.00
2010.07.29 12:20:41.757,1.3508,1.3511,4.80,1.00
2010.07.29 12:20:41.868,1.35085,1.35115,1.00,1.20
2010.07.29 12:20:42.077,1.35085,1.35115,2.40,1.20
2010.07.29 12:20:43.842,1.35085,1.35115,1.00,2.80
2010.07.29 12:20:44.628,1.3508,1.35105,1.60,1.20
2010.07.29 12:20:44.972,1.35075,1.351,1.60,1.60
2010.07.29 12:20:46.094,1.3507,1.35105,3.20,2.80
2010.07.29 12:20:46.313,1.35075,1.35105,1.60,1.20
2010.07.29 12:20:47.424,1.35085,1.35115,1.60,1.20
2010.07.29 12:20:48.506,1.35085,1.35115,3.20,1.00
2010.07.29 12:20:50.133,1.35085,1.35115,1.60,1.00
2010.07.29 12:20:50.484,1.3509,1.35125,1.60,2.00
2010.07.29 12:20:50.833,1.3509,1.35125,3.20,1.00
2010.07.29 12:20:51.603,1.35085,1.3512,3.20,1.00
2010.07.29 12:20:51.902,1.35085,1.35115,3.20,1.00
2010.07.29 12:20:54.188,1.35085,1.35115,1.60,1.00
2010.07.29 12:20:54.810,1.35085,1.35115,1.00,1.00
2010.07.29 12:20:55.889,1.35085,1.35115,2.40,1.00
2010.07.29 12:20:57.007,1.35085,1.35115,1.00,1.00
2010.07.29 12:20:57.206,1.35085,1.35115,1.00,1.20
2010.07.29 12:20:57.747,1.3508,1.35115,3.20,1.20
2010.07.29 12:20:58.791,1.3508,1.35115,1.60,1.20
2010.07.29 12:20:58.871,1.3508,1.3511,1.00,1.00
2010.07.29 12:20:59.088,1.3508,1.3511,1.00,2.00
2010.07.29 12:20:59.663,1.3508,1.3511,1.00,2.80
2010.07.29 12:21:00.350,1.3508,1.3511,1.00,1.20
2010.07.29 12:21:00.690,1.3508,1.3511,3.20,1.60
2010.07.29 12:21:01.504,1.35085,1.35115,3.20,1.00
2010.07.29 12:21:05.184,1.3509,1.3512,1.60,2.80
2010.07.29 12:21:06.978,1.35085,1.3512,3.20,2.80
2010.07.29 12:21:07.634,1.35085,1.35115,1.00,1.00
2010.07.29 12:21:07.832,1.3508,1.3511,2.40,1.00
2010.07.29 12:21:08.631,1.3508,1.3511,1.00,1.00
2010.07.29 12:21:08.974,1.3508,1.3511,2.40,1.00
2010.07.29 12:21:10.834,1.35085,1.3511,1.60,1.00
2010.07.29 12:21:11.071,1.35085,1.35115,2.40,1.20
2010.07.29 12:21:12.549,1.3509,1.35115,1.60,1.20
2010.07.29 12:21:13.098,1.3508,1.3511,3.20,1.00
2010.07.29 12:21:17.208,1.35085,1.3511,1.00,1.00
2010.07.29 12:21:17.469,1.35085,1.35115,3.20,1.00
2010.07.29 12:21:17.727,1.3509,1.35115,1.60,1.00
2010.07.29 12:21:18.312,1.3509,1.3512,2.40,1.20
2010.07.29 12:21:18.990,1.35105,1.35125,1.60,1.20
2010.07.29 12:21:19.331,1.35095,1.35125,2.40,1.20
2010.07.29 12:21:19.956,1.35095,1.35125,3.20,2.00
2010.07.29 12:21:20.299,1.35095,1.35125,3.20,1.00
2010.07.29 12:21:22.526,1.351,1.35125,1.60,1.00
2010.07.29 12:21:22.637,1.351,1.35125,3.20,1.00
2010.07.29 12:21:23.671,1.35095,1.35125,1.60,1.20
2010.07.29 12:21:26.347,1.35095,1.35125,3.20,1.00
2010.07.29 12:21:31.957,1.351,1.35125,1.60,1.00
2010.07.29 12:21:32.827,1.351,1.3513,2.40,1.20
2010.07.29 12:21:34.403,1.3508,1.35115,3.20,2.80
2010.07.29 12:21:34.593,1.3509,1.3512,3.20,1.00
2010.07.29 12:21:34.778,1.35095,1.3512,1.60,1.00
2010.07.29 12:21:35.490,1.3509,1.3512,3.20,1.00
2010.07.29 12:21:37.152,1.35095,1.35125,2.40,1.20
2010.07.29 12:21:38.579,1.35085,1.35115,3.20,1.00
2010.07.29 12:21:39.197,1.35085,1.35115,1.60,1.00
2010.07.29 12:21:41.182,1.3508,1.35115,3.20,1.00
2010.07.29 12:21:41.460,1.35085,1.35115,1.60,1.00
2010.07.29 12:21:45.960,1.35085,1.35115,3.20,1.00
2010.07.29 12:21:47.853,1.3508,1.3511,2.40,1.20
2010.07.29 12:21:48.505,1.35085,1.3512,3.20,1.20
2010.07.29 12:21:48.756,1.3509,1.3512,1.00,1.20
2010.07.29 12:21:49.750,1.3509,1.3512,2.40,1.20
2010.07.29 12:21:50.102,1.35095,1.3512,1.60,1.00
2010.07.29 12:21:51.216,1.35095,1.35125,2.40,1.20
2010.07.29 12:21:51.525,1.35095,1.35125,4.80,1.00
2010.07.29 12:21:54.591,1.35095,1.35125,4.00,1.00
2010.07.29 12:21:54.784,1.35095,1.35125,3.20,1.20
2010.07.29 12:21:56.295,1.3509,1.35115,1.60,1.00
2010.07.29 12:21:57.299,1.35085,1.35115,3.20,1.00
2010.07.29 12:22:00.888,1.35085,1.35115,1.60,1.20
2010.07.29 12:22:05.957,1.3509,1.35115,1.60,1.00
2010.07.29 12:22:06.438,1.35085,1.35115,3.20,1.00
2010.07.29 12:22:09.448,1.35085,1.35115,2.40,1.20
2010.07.29 12:22:09.677,1.35085,1.35115,1.60,1.20
2010.07.29 12:22:12.110,1.35085,1.3511,1.60,1.00
2010.07.29 12:22:12.237,1.35085,1.3511,1.60,1.20
2010.07.29 12:22:12.761,1.3508,1.3511,2.40,1.20
2010.07.29 12:22:18.430,1.3508,1.3511,1.60,1.20
2010.07.29 12:22:18.638,1.3508,1.35115,1.60,1.20
2010.07.29 12:22:19.927,1.35085,1.35115,1.60,1.20
2010.07.29 12:22:22.901,1.3508,1.3511,1.60,1.00
2010.07.29 12:22:24.154,1.3508,1.3511,1.60,1.20
2010.07.29 12:22:24.951,1.3508,1.35115,1.60,1.20
2010.07.29 12:22:26.595,1.35085,1.3512,1.60,1.20
2010.07.29 12:22:30.738,1.3508,1.3512,1.60,1.20
2010.07.29 12:22:32.019,1.35085,1.35125,1.60,6.80
2010.07.29 12:22:32.289,1.3509,1.35125,1.60,1.20
2010.07.29 12:22:32.560,1.35085,1.35125,3.20,1.00
2010.07.29 12:22:33.231,1.35085,1.35125,1.60,4.40
2010.07.29 12:22:34.121,1.3509,1.35125,1.60,1.00
2010.07.29 12:22:34.430,1.3509,1.3513,2.40,2.40
2010.07.29 12:22:34.681,1.3509,1.35135,2.40,12.40
2010.07.29 12:22:35.141,1.3509,1.35135,2.40,10.80
2010.07.29 12:22:35.390,1.35095,1.3513,1.60,1.60
2010.07.29 12:22:35.900,1.35095,1.3513,5.60,1.60
2010.07.29 12:22:36.158,1.351,1.3514,3.20,1.20
2010.07.29 12:22:37.280,1.351,1.35135,1.60,1.00
2010.07.29 12:22:38.111,1.351,1.35135,3.20,1.00
2010.07.29 12:22:38.456,1.35095,1.35135,1.60,1.00
2010.07.29 12:22:41.412,1.35095,1.3513,1.60,1.00
2010.07.29 12:22:41.546,1.351,1.3513,1.60,1.00
2010.07.29 12:22:41.667,1.351,1.35135,1.60,1.20
2010.07.29 12:22:41.788,1.351,1.35135,1.60,1.00
2010.07.29 12:22:42.288,1.351,1.3513,1.60,1.60
2010.07.29 12:22:42.539,1.351,1.35135,1.60,1.00
2010.07.29 12:22:43.031,1.351,1.3513,1.60,1.60
2010.07.29 12:22:43.247,1.35095,1.35135,1.60,6.80
2010.07.29 12:22:44.116,1.351,1.35135,1.60,6.80
2010.07.29 12:22:48.397,1.35095,1.35135,1.60,6.80
2010.07.29 12:22:48.587,1.35095,1.35135,1.60,10.80
2010.07.29 12:22:50.547,1.351,1.35135,1.60,10.80
2010.07.29 12:22:50.987,1.35095,1.35135,1.60,10.80
2010.07.29 12:22:51.919,1.35095,1.35135,1.60,6.80
2010.07.29 12:22:52.287,1.35095,1.35135,1.60,10.80
2010.07.29 12:22:52.467,1.35095,1.3513,1.60,1.20
2010.07.29 12:22:53.011,1.35095,1.3513,1.60,2.00
2010.07.29 12:22:53.249,1.3509,1.3513,1.60,2.00
2010.07.29 12:22:53.709,1.3509,1.35125,1.60,1.00
2010.07.29 12:22:53.953,1.35085,1.35125,1.60,1.00
2010.07.29 12:22:56.406,1.35085,1.35125,3.20,1.00
2010.07.29 12:22:58.145,1.35085,1.35125,3.20,2.00
2010.07.29 12:22:58.338,1.3509,1.35125,1.60,8.00
2010.07.29 12:22:59.037,1.35095,1.35135,3.00,9.20
2010.07.29 12:22:59.296,1.3511,1.35145,1.00,8.00
2010.07.29 12:22:59.550,1.35115,1.3515,1.60,1.00
2010.07.29 12:23:00.434,1.3511,1.3515,2.40,5.60
2010.07.29 12:23:00.751,1.3511,1.3515,2.40,6.00
2010.07.29 12:23:01.544,1.3512,1.3515,1.60,1.60
2010.07.29 12:23:01.781,1.3511,1.3515,1.60,6.00
2010.07.29 12:23:02.466,1.3511,1.3515,1.00,6.00
2010.07.29 12:23:02.704,1.3511,1.3515,3.20,6.00
2010.07.29 12:23:03.050,1.35115,1.3515,1.60,6.00
2010.07.29 12:23:03.943,1.35105,1.3515,4.00,6.80
2010.07.29 12:23:04.241,1.3511,1.3515,1.60,6.80
2010.07.29 12:23:05.519,1.35105,1.3515,4.00,6.80
2010.07.29 12:23:07.479,1.35105,1.35145,1.00,1.60
2010.07.29 12:23:07.650,1.35105,1.35145,1.00,9.60
2010.07.29 12:23:08.159,1.35105,1.3514,1.00,4.00
2010.07.29 12:23:08.852,1.351,1.35135,2.40,1.60
2010.07.29 12:23:09.088,1.351,1.35135,2.40,2.40
2010.07.29 12:23:09.330,1.351,1.3512,1.60,1.60
2010.07.29 12:23:09.568,1.35095,1.35135,4.00,2.40
2010.07.29 12:23:09.807,1.35095,1.35135,4.00,1.60
2010.07.29 12:23:10.895,1.35095,1.35135,2.40,1.60
2010.07.29 12:23:11.076,1.35095,1.35135,4.00,1.60
2010.07.29 12:23:12.042,1.35095,1.3514,4.00,1.20
2010.07.29 12:23:12.930,1.35095,1.3514,3.20,1.20
2010.07.29 12:23:13.200,1.35095,1.3514,2.40,1.20
2010.07.29 12:23:17.476,1.3511,1.35145,1.00,1.00
2010.07.29 12:23:17.633,1.3511,1.3515,2.40,6.00
2010.07.29 12:23:17.790,1.3511,1.3515,3.20,1.60
2010.07.29 12:23:18.528,1.3513,1.3516,6.40,1.00
2010.07.29 12:23:18.875,1.35135,1.3517,1.60,2.80
2010.07.29 12:23:19.018,1.35135,1.3517,3.20,2.80
2010.07.29 12:23:19.624,1.3514,1.3517,1.00,2.80
2010.07.29 12:23:21.833,1.3514,1.3517,1.00,1.20
2010.07.29 12:23:22.016,1.35135,1.35165,1.60,1.00
2010.07.29 12:23:23.088,1.35135,1.35165,3.20,1.00
2010.07.29 12:23:23.387,1.35135,1.35165,1.60,1.00
2010.07.29 12:23:25.656,1.35135,1.35165,2.30,1.00
2010.07.29 12:23:25.959,1.3514,1.35175,3.20,1.20
2010.07.29 12:23:26.566,1.3516,1.3519,1.60,1.00
2010.07.29 12:23:26.741,1.35165,1.35195,1.60,1.20
2010.07.29 12:23:27.041,1.35165,1.35195,1.60,1.60
2010.07.29 12:23:27.339,1.3517,1.35195,1.00,1.60
2010.07.29 12:23:28.182,1.35175,1.35205,1.00,1.20
2010.07.29 12:23:28.599,1.3517,1.352,1.60,1.00
2010.07.29 12:23:29.187,1.3517,1.352,1.60,2.00
2010.07.29 12:23:29.510,1.35165,1.352,1.60,2.80
2010.07.29 12:23:31.887,1.35165,1.352,1.60,1.20
2010.07.29 12:23:32.434,1.3517,1.352,3.20,1.00
2010.07.29 12:23:32.781,1.3517,1.352,1.60,1.00
2010.07.29 12:23:33.950,1.3517,1.352,1.00,1.20
2010.07.29 12:23:34.289,1.35165,1.352,3.20,1.20
2010.07.29 12:23:35.959,1.35165,1.35195,1.00,1.20
2010.07.29 12:23:36.898,1.3516,1.3518,1.60,2.80
2010.07.29 12:23:37.182,1.3515,1.3518,2.40,2.80
2010.07.29 12:23:38.185,1.3516,1.35185,1.60,1.20
2010.07.29 12:23:39.210,1.3516,1.35195,3.20,1.00
2010.07.29 12:23:39.432,1.35175,1.352,1.60,1.00
2010.07.29 12:23:40.069,1.3517,1.352,3.20,1.00
2010.07.29 12:23:40.833,1.3517,1.35195,2.40,1.00
2010.07.29 12:23:41.070,1.35175,1.352,1.60,1.00
2010.07.29 12:23:41.308,1.3518,1.352,1.60,1.00
2010.07.29 12:23:42.099,1.3518,1.35205,1.60,2.80
2010.07.29 12:23:42.537,1.35175,1.35205,2.40,2.80
2010.07.29 12:23:44.693,1.3518,1.35205,1.60,2.80
2010.07.29 12:23:47.737,1.35175,1.35205,2.40,2.80
2010.07.29 12:23:49.164,1.35175,1.35205,2.40,6.80
2010.07.29 12:23:49.282,1.3517,1.35195,1.60,1.00
2010.07.29 12:23:49.617,1.35165,1.35195,1.60,1.00
2010.07.29 12:23:49.727,1.35165,1.3519,1.60,1.20
2010.07.29 12:23:49.847,1.3516,1.3519,1.60,1.20
2010.07.29 12:23:50.068,1.3516,1.3519,1.60,2.80
2010.07.29 12:23:50.189,1.3516,1.3518,1.60,1.00
2010.07.29 12:23:50.959,1.35155,1.3518,1.60,1.20
2010.07.29 12:23:51.300,1.3515,1.3518,2.40,1.20
2010.07.29 12:23:52.492,1.3515,1.3518,1.00,1.20
2010.07.29 12:23:52.646,1.35145,1.3517,1.60,1.00
2010.07.29 12:23:52.792,1.3514,1.3517,3.20,1.00
2010.07.29 12:23:52.941,1.3514,1.35165,1.60,1.00
2010.07.29 12:23:55.690,1.35145,1.3517,1.60,1.00
2010.07.29 12:23:56.352,1.35145,1.35175,2.40,1.20
2010.07.29 12:23:56.487,1.35145,1.3518,3.20,1.20
2010.07.29 12:23:57.748,1.35145,1.3518,3.20,2.00
2010.07.29 12:23:58.094,1.35145,1.3517,3.20,1.60
2010.07.29 12:23:59.058,1.35145,1.3517,2.40,2.40
2010.07.29 12:23:59.521,1.35145,1.3517,1.60,2.80
2010.07.29 12:23:59.687,1.3514,1.3517,2.40,2.80
2010.07.29 12:24:01.198,1.3514,1.35165,1.60,1.20
2010.07.29 12:24:03.629,1.3514,1.3517,2.40,1.20
2010.07.29 12:24:03.839,1.35145,1.35175,3.20,1.20
2010.07.29 12:24:04.047,1.3515,1.35175,1.60,1.20
2010.07.29 12:24:04.429,1.3514,1.3517,3.20,1.00
2010.07.29 12:24:05.330,1.3514,1.35165,2.40,1.00
2010.07.29 12:24:05.641,1.35135,1.35165,2.40,1.20
2010.07.29 12:24:06.123,1.35135,1.35165,1.60,1.20
2010.07.29 12:24:06.446,1.3514,1.35165,1.60,1.00
2010.07.29 12:24:10.269,1.35135,1.3516,2.40,1.00
2010.07.29 12:24:10.438,1.35135,1.3516,1.60,1.00
2010.07.29 12:24:11.405,1.3513,1.3516,3.20,1.00
2010.07.29 12:24:11.750,1.3514,1.35165,1.60,1.20
2010.07.29 12:24:11.882,1.35145,1.3517,1.60,2.80
2010.07.29 12:24:12.018,1.35145,1.3517,2.40,2.40
2010.07.29 12:24:12.150,1.35145,1.35175,3.20,1.80
2010.07.29 12:24:12.734,1.3515,1.35175,1.60,1.00
2010.07.29 12:24:13.979,1.3515,1.35175,1.60,1.20
2010.07.29 12:24:14.238,1.3515,1.35175,3.20,1.20
2010.07.29 12:24:14.507,1.3515,1.35175,3.20,1.00
2010.07.29 12:24:14.989,1.3515,1.3518,3.20,2.00
2010.07.29 12:24:15.334,1.35145,1.3517,1.60,1.00
2010.07.29 12:24:15.680,1.3515,1.3517,1.60,1.00
2010.07.29 12:24:16.023,1.35145,1.35165,1.60,1.00
2010.07.29 12:24:16.756,1.3515,1.35165,3.20,1.00
2010.07.29 12:24:17.059,1.3515,1.3517,3.20,1.20
2010.07.29 12:24:17.261,1.3515,1.35175,3.20,1.20
2010.07.29 12:24:17.460,1.35145,1.35175,1.60,2.80
2010.07.29 12:24:17.659,1.3514,1.3517,4.00,1.20
2010.07.29 12:24:17.859,1.3514,1.3517,2.40,1.20
2010.07.29 12:24:18.058,1.35145,1.3517,1.60,1.20
2010.07.29 12:24:18.515,1.35145,1.3517,1.60,1.00
2010.07.29 12:24:18.880,1.3514,1.3517,1.60,1.20
2010.07.29 12:24:19.684,1.3514,1.3517,1.00,1.20
2010.07.29 12:24:20.219,1.35135,1.3517,8.80,1.20
2010.07.29 12:24:25.243,1.3514,1.3517,1.00,1.00
2010.07.29 12:24:25.590,1.3514,1.35175,3.20,1.20
2010.07.29 12:24:27.059,1.35155,1.35175,4.00,1.20
2010.07.29 12:24:30.674,1.3516,1.35175,8.00,1.20
2010.07.29 12:24:30.858,1.3516,1.3517,8.00,1.00
2010.07.29 12:24:32.478,1.3516,1.3517,4.00,1.00
2010.07.29 12:24:32.757,1.3515,1.3517,1.60,1.00
2010.07.29 12:24:40.243,1.35155,1.3517,2.40,1.00
2010.07.29 12:24:40.409,1.35155,1.35185,7.20,1.00
2010.07.29 12:24:40.579,1.35165,1.35195,1.00,1.20
2010.07.29 12:24:40.752,1.3516,1.35195,3.20,1.20
2010.07.29 12:24:41.625,1.35155,1.35185,2.40,1.20
2010.07.29 12:24:47.930,1.3516,1.3519,1.00,1.20
2010.07.29 12:24:48.423,1.3516,1.3519,2.40,1.20
2010.07.29 12:24:51.521,1.3516,1.3519,4.80,1.00
2010.07.29 12:24:52.416,1.35165,1.35195,1.60,1.00
2010.07.29 12:24:52.681,1.35165,1.35195,3.20,1.00
2010.07.29 12:24:54.668,1.35165,1.35195,1.60,1.00
2010.07.29 12:24:55.321,1.35165,1.35195,3.20,1.00
2010.07.29 12:24:55.643,1.3517,1.352,1.00,1.20
2010.07.29 12:24:56.400,1.3517,1.352,2.40,1.20
2010.07.29 12:24:56.661,1.35175,1.352,1.60,1.20
2010.07.29 12:24:58.491,1.35175,1.352,2.40,1.20
2010.07.29 12:24:58.710,1.35185,1.352,2.40,1.00
2010.07.29 12:24:59.694,1.35195,1.35225,3.20,1.00
2010.07.29 12:25:00.043,1.35195,1.35225,2.40,1.20
2010.07.29 12:25:00.393,1.352,1.3523,1.60,1.00
2010.07.29 12:25:01.312,1.352,1.3523,3.20,1.00
2010.07.29 12:25:01.859,1.352,1.3523,1.60,1.00
2010.07.29 12:25:02.760,1.35195,1.3523,3.20,1.20
2010.07.29 12:25:03.408,1.35195,1.35225,3.20,1.60
2010.07.29 12:25:04.179,1.35195,1.35225,1.60,1.60
2010.07.29 12:25:05.653,1.35185,1.35215,2.40,1.00
2010.07.29 12:25:05.993,1.3518,1.35215,3.20,1.20
2010.07.29 12:25:06.833,1.35175,1.352,1.60,1.00
2010.07.29 12:25:07.588,1.3517,1.352,3.20,1.00
2010.07.29 12:25:08.251,1.35175,1.352,1.60,1.00
2010.07.29 12:25:09.819,1.35175,1.35205,4.00,1.00
2010.07.29 12:25:10.086,1.3518,1.3521,3.20,1.20
2010.07.29 12:25:10.887,1.35175,1.35205,1.00,1.20
2010.07.29 12:25:17.701,1.3517,1.352,2.40,1.20
2010.07.29 12:25:19.323,1.3517,1.352,6.40,1.20
2010.07.29 12:25:19.491,1.35175,1.3521,1.60,1.00
2010.07.29 12:25:19.650,1.35185,1.35215,1.00,1.20
2010.07.29 12:25:20.281,1.35185,1.35215,2.40,1.20
2010.07.29 12:25:22.207,1.35185,1.35215,1.00,1.20
2010.07.29 12:25:22.430,1.3518,1.3521,2.40,2.80
2010.07.29 12:25:22.649,1.3518,1.3521,1.00,1.20
2010.07.29 12:25:23.424,1.35175,1.35205,3.20,1.00
2010.07.29 12:25:25.077,1.3518,1.3521,1.00,1.20
2010.07.29 12:25:25.558,1.3518,1.3521,3.20,1.00
2010.07.29 12:25:26.298,1.3518,1.3521,4.80,1.00
2010.07.29 12:25:29.559,1.35185,1.3521,1.60,1.00
2010.07.29 12:25:30.757,1.35185,1.35215,1.00,1.20
2010.07.29 12:25:31.409,1.3518,1.35215,3.20,1.20
2010.07.29 12:25:31.706,1.3518,1.35215,3.20,2.80
2010.07.29 12:25:31.978,1.3518,1.3521,3.20,1.00
2010.07.29 12:25:33.624,1.35175,1.3521,3.20,1.20
2010.07.29 12:25:34.877,1.35175,1.3521,1.60,1.20
2010.07.29 12:25:38.023,1.35175,1.3521,3.20,1.20
2010.07.29 12:25:38.698,1.35175,1.35205,3.20,1.00
2010.07.29 12:25:38.960,1.3517,1.35205,2.40,1.20
2010.07.29 12:25:40.109,1.35165,1.35195,3.20,1.00
2010.07.29 12:25:40.819,1.35165,1.35195,1.60,1.00
2010.07.29 12:25:45.068,1.35165,1.35195,1.00,1.20
2010.07.29 12:25:45.846,1.35165,1.35195,4.80,1.00
2010.07.29 12:25:46.120,1.35165,1.35195,3.20,1.00
2010.07.29 12:25:46.401,1.35165,1.35195,1.00,1.00
2010.07.29 12:25:47.136,1.35175,1.35205,1.60,1.00
2010.07.29 12:25:47.409,1.35175,1.35205,3.20,1.00
2010.07.29 12:25:48.493,1.3518,1.35205,1.00,1.00
2010.07.29 12:25:49.951,1.35175,1.35205,3.20,1.00
2010.07.29 12:25:50.561,1.35175,1.35205,1.00,1.20
2010.07.29 12:25:51.309,1.3517,1.35205,3.20,1.20
2010.07.29 12:25:54.429,1.3517,1.35205,1.60,1.20
2010.07.29 12:25:54.579,1.35165,1.352,11.20,1.20
2010.07.29 12:25:55.282,1.35175,1.35205,1.00,1.20
2010.07.29 12:25:56.032,1.3518,1.3521,1.60,1.20
2010.07.29 12:26:00.703,1.35175,1.35205,1.00,1.20
2010.07.29 12:26:03.876,1.35175,1.35205,2.40,1.20
2010.07.29 12:26:05.986,1.35175,1.35205,1.00,2.80
2010.07.29 12:26:06.249,1.35175,1.35205,2.40,1.20
2010.07.29 12:26:08.240,1.35175,1.35205,1.00,1.20
2010.07.29 12:26:08.917,1.35175,1.35205,2.40,1.20
2010.07.29 12:26:09.716,1.3518,1.35215,4.00,1.20
2010.07.29 12:26:09.941,1.3518,1.35215,1.00,2.80
2010.07.29 12:26:10.605,1.35175,1.35205,4.80,1.00
2010.07.29 12:26:11.445,1.3518,1.35205,1.60,1.00
2010.07.29 12:26:12.244,1.35155,1.35185,4.00,1.20
2010.07.29 12:26:13.650,1.3516,1.3519,3.20,1.00
2010.07.29 12:26:14.030,1.3518,1.3519,1.60,1.00
2010.07.29 12:26:14.632,1.3518,1.352,1.60,1.00
2010.07.29 12:26:14.974,1.35175,1.35205,3.20,1.00
2010.07.29 12:26:18.501,1.35175,1.35205,1.00,1.20
2010.07.29 12:26:19.641,1.35175,1.35195,1.00,1.00
2010.07.29 12:26:19.964,1.35155,1.3519,3.20,1.20
2010.07.29 12:26:21.887,1.35155,1.3519,1.60,1.20
2010.07.29 12:26:22.397,1.35155,1.35185,1.00,1.20
2010.07.29 12:26:23.699,1.35155,1.35175,1.00,1.60
2010.07.29 12:26:24.008,1.3515,1.35175,1.60,1.60
2010.07.29 12:26:24.169,1.35145,1.3517,1.60,1.00
2010.07.29 12:26:24.672,1.3514,1.3517,7.20,1.00
2010.07.29 12:26:24.996,1.3514,1.3517,2.40,1.00
2010.07.29 12:26:26.109,1.35145,1.3517,1.60,1.20
2010.07.29 12:26:26.537,1.3514,1.3517,2.40,1.20
2010.07.29 12:26:27.290,1.35145,1.3517,1.60,1.20
2010.07.29 12:26:27.949,1.3514,1.3517,2.40,1.20
2010.07.29 12:26:28.280,1.35145,1.3517,1.60,1.20
2010.07.29 12:26:29.072,1.3514,1.3516,1.60,1.00
2010.07.29 12:26:29.412,1.35135,1.3516,1.60,1.00
2010.07.29 12:26:30.017,1.35135,1.35155,1.60,1.00
2010.07.29 12:26:30.246,1.35135,1.3516,1.60,1.20
2010.07.29 12:26:32.390,1.35135,1.35165,1.60,1.20
2010.07.29 12:26:33.352,1.3513,1.3516,2.40,1.20
2010.07.29 12:26:33.778,1.3513,1.35155,1.60,1.00
2010.07.29 12:26:34.530,1.3513,1.35155,1.60,1.20
2010.07.29 12:26:35.303,1.35125,1.3515,1.60,1.00
2010.07.29 12:26:36.021,1.3512,1.3514,4.00,1.00
2010.07.29 12:26:36.225,1.3511,1.35135,1.60,1.00
2010.07.29 12:26:36.619,1.3512,1.35135,1.60,1.00
2010.07.29 12:26:37.261,1.35125,1.3515,1.60,1.20
2010.07.29 12:26:37.602,1.3512,1.3515,2.40,2.80
2010.07.29 12:26:37.941,1.35125,1.3515,1.60,2.80
2010.07.29 12:26:38.740,1.35125,1.3516,2.40,1.20
2010.07.29 12:26:39.084,1.3513,1.3516,2.40,1.60
2010.07.29 12:26:39.884,1.3513,1.35155,1.60,1.00
2010.07.29 12:26:40.063,1.35125,1.35155,1.60,1.20
2010.07.29 12:26:41.039,1.3512,1.35155,3.20,1.20
2010.07.29 12:26:41.682,1.3512,1.35155,4.80,1.20
2010.07.29 12:26:42.002,1.35125,1.35155,1.60,1.20
2010.07.29 12:26:42.192,1.35125,1.35155,3.20,1.20
2010.07.29 12:26:43.379,1.35125,1.35155,7.20,1.00
2010.07.29 12:26:43.560,1.35125,1.35155,3.20,1.00
2010.07.29 12:26:43.741,1.3513,1.35155,1.00,1.00
2010.07.29 12:26:44.603,1.3513,1.35155,2.40,1.00
2010.07.29 12:26:48.311,1.3513,1.35155,1.60,1.20
2010.07.29 12:26:51.882,1.35125,1.35155,1.60,1.20
2010.07.29 12:26:52.269,1.35125,1.3515,1.60,1.00
2010.07.29 12:26:52.469,1.3512,1.3515,1.60,1.00
2010.07.29 12:26:53.130,1.3512,1.35145,1.60,1.00
2010.07.29 12:26:53.948,1.3512,1.3515,2.40,1.20
2010.07.29 12:26:54.502,1.35125,1.3515,1.60,1.00
2010.07.29 12:26:54.805,1.35125,1.3515,1.60,1.00
2010.07.29 12:26:55.108,1.35125,1.3515,7.20,1.00
2010.07.29 12:26:55.387,1.35135,1.35155,1.00,1.00
2010.07.29 12:26:56.127,1.35145,1.3517,1.60,1.20
2010.07.29 12:26:56.386,1.3514,1.3517,2.40,1.20
2010.07.29 12:26:57.079,1.35145,1.3517,1.60,1.00
2010.07.29 12:26:57.140,1.35145,1.3517,1.60,1.20
2010.07.29 12:26:57.453,1.35145,1.35175,1.60,2.00
2010.07.29 12:26:58.216,1.3515,1.3518,1.00,1.20
2010.07.29 12:26:58.530,1.3515,1.3518,2.40,1.20
2010.07.29 12:27:00.734,1.35155,1.3518,1.60,1.00
2010.07.29 12:27:01.980,1.3516,1.3518,1.60,1.00
2010.07.29 12:27:05.083,1.3516,1.35185,2.40,1.00
2010.07.29 12:27:05.314,1.3516,1.3519,2.40,1.20
2010.07.29 12:27:05.429,1.35165,1.3519,1.60,1.20
2010.07.29 12:27:05.539,1.35165,1.3519,1.60,1.00
2010.07.29 12:27:06.673,1.35175,1.3519,1.60,1.00
2010.07.29 12:27:07.470,1.3517,1.352,3.20,1.00
2010.07.29 12:27:07.661,1.3517,1.352,1.60,1.20
2010.07.29 12:27:08.523,1.35165,1.35195,2.40,1.20
2010.07.29 12:27:08.865,1.3517,1.3519,1.60,1.20
2010.07.29 12:27:09.666,1.3516,1.3519,3.20,1.00
2010.07.29 12:27:10.659,1.35165,1.35195,1.00,1.20
2010.07.29 12:27:10.911,1.35165,1.35195,2.40,1.20
2010.07.29 12:27:12.161,1.35165,1.3519,1.60,1.00
2010.07.29 12:27:12.710,1.35165,1.3519,1.60,1.20
2010.07.29 12:27:13.499,1.35155,1.3516,1.60,1.00
2010.07.29 12:27:14.228,1.3512,1.35125,1.60,1.20
2010.07.29 12:27:14.498,1.3509,1.3512,1.60,1.00
2010.07.29 12:27:14.802,1.3508,1.3511,2.40,1.00
2010.07.29 12:27:15.309,1.3508,1.35105,1.60,1.00
2010.07.29 12:27:15.655,1.35075,1.35105,2.40,1.20
2010.07.29 12:27:16.579,1.35075,1.35105,3.20,1.00
2010.07.29 12:27:17.224,1.35085,1.35115,1.00,1.00
2010.07.29 12:27:17.996,1.35085,1.3511,1.60,1.00
2010.07.29 12:27:18.321,1.35105,1.35135,2.40,1.20
2010.07.29 12:27:20.231,1.3511,1.3514,1.00,5.20
2010.07.29 12:27:20.450,1.3511,1.3514,1.00,1.20
2010.07.29 12:27:21.079,1.35105,1.35135,3.20,1.00
2010.07.29 12:27:21.306,1.35105,1.35135,2.40,1.20
2010.07.29 12:27:22.445,1.35115,1.35145,2.40,1.20
2010.07.29 12:27:22.611,1.35115,1.35145,4.80,1.20
2010.07.29 12:27:23.449,1.35115,1.35145,1.60,1.20
2010.07.29 12:27:23.796,1.35115,1.35135,1.00,1.20
2010.07.29 12:27:24.444,1.35105,1.35135,4.00,1.20
2010.07.29 12:27:24.662,1.35105,1.35135,2.40,2.80
2010.07.29 12:27:25.832,1.35115,1.3514,1.60,1.20
2010.07.29 12:27:26.509,1.35115,1.35145,1.60,2.80
2010.07.29 12:27:27.227,1.3512,1.3515,3.20,9.80
2010.07.29 12:27:27.510,1.3512,1.3515,3.20,1.20
2010.07.29 12:27:28.802,1.3512,1.3515,2.40,1.20
2010.07.29 12:27:29.037,1.3512,1.35145,1.00,1.00
2010.07.29 12:27:29.731,1.3512,1.3515,1.00,1.20
2010.07.29 12:27:29.961,1.3512,1.3515,2.40,1.20
2010.07.29 12:27:38.000,1.35125,1.35155,1.00,2.00
2010.07.29 12:27:38.240,1.3513,1.35155,2.40,1.00
2010.07.29 12:27:38.938,1.3513,1.3516,3.20,1.00
2010.07.29 12:27:39.269,1.3512,1.3515,1.60,1.20
2010.07.29 12:27:39.910,1.3512,1.3515,2.40,1.00
2010.07.29 12:27:40.491,1.3512,1.3515,3.20,1.00
2010.07.29 12:27:40.835,1.35125,1.3515,1.60,1.00
2010.07.29 12:27:41.558,1.35125,1.3515,2.40,1.00
2010.07.29 12:27:41.760,1.3513,1.35155,2.40,1.00
2010.07.29 12:27:42.381,1.3513,1.35165,3.20,2.80
2010.07.29 12:27:47.248,1.35135,1.35165,3.20,2.00
2010.07.29 12:27:48.862,1.35135,1.35165,2.40,2.80
2010.07.29 12:27:48.977,1.35135,1.3516,1.60,1.00
2010.07.29 12:27:49.136,1.3513,1.3516,3.20,1.00
2010.07.29 12:27:52.346,1.35135,1.35165,3.20,1.00
2010.07.29 12:27:52.471,1.35135,1.3517,3.20,1.20
2010.07.29 12:27:52.602,1.35135,1.35165,3.20,1.60
2010.07.29 12:27:53.183,1.35135,1.35165,2.40,1.00
2010.07.29 12:27:53.310,1.3514,1.35165,1.60,1.00
2010.07.29 12:27:54.434,1.35135,1.35165,2.40,1.00
2010.07.29 12:27:54.620,1.35135,1.35165,2.40,1.20
2010.07.29 12:27:54.799,1.35145,1.35155,1.60,1.00
2010.07.29 12:27:55.157,1.35135,1.35155,1.60,1.00
2010.07.29 12:27:55.337,1.35145,1.35155,1.60,1.00
2010.07.29 12:27:56.180,1.35135,1.35155,1.60,1.00
2010.07.29 12:27:56.522,1.3514,1.3516,1.60,1.20
2010.07.29 12:27:56.721,1.35145,1.35175,4.00,1.20
2010.07.29 12:27:57.380,1.35145,1.35175,2.40,1.20
2010.07.29 12:27:57.828,1.3515,1.35175,1.60,1.20
2010.07.29 12:27:58.820,1.3515,1.35175,1.60,1.00
2010.07.29 12:28:00.468,1.35145,1.35175,3.20,1.00
2010.07.29 12:28:00.791,1.3515,1.35175,1.60,1.00
2010.07.29 12:28:03.459,1.3515,1.3517,1.60,1.20
2010.07.29 12:28:03.662,1.35145,1.3517,3.20,1.20
2010.07.29 12:28:03.860,1.35145,1.3517,1.60,1.20
2010.07.29 12:28:04.058,1.35145,1.3515,1.60,1.00
2010.07.29 12:28:04.688,1.3513,1.35135,4.00,1.20
2010.07.29 12:28:04.912,1.3512,1.3514,9.60,1.20
2010.07.29 12:28:05.142,1.3512,1.3515,4.00,1.20
2010.07.29 12:28:05.828,1.3512,1.3515,1.00,1.20
2010.07.29 12:28:06.172,1.35125,1.35155,3.20,1.00
2010.07.29 12:28:06.968,1.3513,1.3516,1.60,1.20
2010.07.29 12:28:07.299,1.35125,1.3516,4.80,1.20
2010.07.29 12:28:08.388,1.3513,1.3516,2.40,1.20
2010.07.29 12:28:08.703,1.35135,1.3516,3.20,1.00
2010.07.29 12:28:09.457,1.35135,1.35165,4.00,1.20
2010.07.29 12:28:11.318,1.35125,1.3513,9.60,1.00
2010.07.29 12:28:12.027,1.351,1.3513,1.60,1.00
2010.07.29 12:28:12.280,1.35095,1.3513,3.20,1.20
2010.07.29 12:28:12.521,1.351,1.3513,1.60,1.20
2010.07.29 12:28:14.724,1.35115,1.3514,1.60,1.20
2010.07.29 12:28:14.932,1.35135,1.3515,1.60,1.60
2010.07.29 12:28:15.143,1.35135,1.35165,3.20,1.60
2010.07.29 12:28:15.352,1.35145,1.3517,1.60,1.00
2010.07.29 12:28:16.483,1.35135,1.35165,3.20,1.60
2010.07.29 12:28:17.044,1.35135,1.35165,2.40,2.00
2010.07.29 12:28:17.344,1.35135,1.35165,2.40,1.00
2010.07.29 12:28:17.645,1.3514,1.35165,1.00,2.90
2010.07.29 12:28:18.318,1.3514,1.3517,1.60,1.00
2010.07.29 12:28:19.528,1.3514,1.3517,3.20,1.00
2010.07.29 12:28:21.010,1.3513,1.35165,7.20,1.20
2010.07.29 12:28:21.273,1.3513,1.35165,3.20,1.20
2010.07.29 12:28:21.938,1.35135,1.35165,1.60,1.20
2010.07.29 12:28:22.390,1.3513,1.3516,2.40,1.00
2010.07.29 12:28:23.047,1.3513,1.3516,2.40,1.20
2010.07.29 12:28:23.304,1.35135,1.3517,3.20,1.20
2010.07.29 12:28:24.104,1.3514,1.35155,1.60,1.00
2010.07.29 12:28:24.395,1.35135,1.3516,1.60,1.00
2010.07.29 12:28:25.145,1.35135,1.35165,2.40,1.00
2010.07.29 12:28:25.487,1.35135,1.35165,3.20,1.00
2010.07.29 12:28:26.243,1.3514,1.3517,3.20,1.00
2010.07.29 12:28:26.489,1.35145,1.3517,1.60,1.00
2010.07.29 12:28:26.759,1.35145,1.3517,2.40,1.00
2010.07.29 12:28:27.031,1.3515,1.3518,1.60,1.00
2010.07.29 12:28:27.300,1.35155,1.3518,1.60,1.00
2010.07.29 12:28:27.978,1.3515,1.3518,3.20,1.00
2010.07.29 12:28:28.445,1.35155,1.3518,1.60,1.00
2010.07.29 12:28:29.119,1.35155,1.35185,2.40,1.20
2010.07.29 12:28:30.341,1.3516,1.3519,1.60,1.20
2010.07.29 12:28:31.065,1.35155,1.3518,1.60,1.20
2010.07.29 12:28:32.930,1.35155,1.3518,1.60,1.00
2010.07.29 12:28:35.882,1.3515,1.3518,3.20,1.00
2010.07.29 12:28:36.029,1.3515,1.3518,1.60,1.20
2010.07.29 12:28:36.738,1.3515,1.35175,1.60,1.20
2010.07.29 12:28:38.066,1.3515,1.35175,1.60,1.00
2010.07.29 12:28:38.095,1.3515,1.35185,2.40,5.20
2010.07.29 12:28:38.209,1.35155,1.35185,1.60,1.20
2010.07.29 12:28:38.756,1.35155,1.3518,1.60,1.20
2010.07.29 12:28:40.040,1.35155,1.3518,1.60,1.00
2010.07.29 12:28:42.159,1.35155,1.3518,2.40,1.00
2010.07.29 12:28:42.339,1.35165,1.35185,1.60,1.20
2010.07.29 12:28:43.042,1.35165,1.3519,1.60,1.20
2010.07.29 12:28:45.110,1.3517,1.3519,1.60,1.20
2010.07.29 12:28:48.090,1.3517,1.35195,1.60,1.00
2010.07.29 12:28:49.229,1.35175,1.35195,1.60,1.00
2010.07.29 12:28:49.511,1.35175,1.352,1.60,1.00
2010.07.29 12:28:49.791,1.35175,1.35195,1.60,1.20
2010.07.29 12:28:50.524,1.35175,1.3519,1.60,1.00
2010.07.29 12:28:52.272,1.35175,1.35195,1.60,1.20
2010.07.29 12:28:56.451,1.35175,1.352,1.60,1.00
2010.07.29 12:28:57.198,1.35175,1.352,1.60,1.20
2010.07.29 12:28:58.009,1.35175,1.35195,1.60,1.20
2010.07.29 12:28:59.233,1.3515,1.3518,1.60,1.20
2010.07.29 12:28:59.402,1.3515,1.3517,1.60,1.00
2010.07.29 12:29:00.010,1.3515,1.3517,1.60,1.20
2010.07.29 12:29:00.339,1.3515,1.35165,1.60,1.20
2010.07.29 12:29:00.590,1.3515,1.3517,1.60,1.20
2010.07.29 12:29:00.840,1.3514,1.35165,3.20,1.00
2010.07.29 12:29:01.089,1.3514,1.35165,1.60,1.20
2010.07.29 12:29:01.832,1.35135,1.3516,1.60,1.20
2010.07.29 12:29:02.054,1.35135,1.35155,1.60,1.20
2010.07.29 12:29:02.271,1.35135,1.3516,1.60,1.20
2010.07.29 12:29:05.262,1.35145,1.3517,1.60,1.20
2010.07.29 12:29:05.913,1.3515,1.35175,1.60,2.30
2010.07.29 12:29:06.631,1.3515,1.3517,1.60,1.00
2010.07.29 12:29:06.798,1.3515,1.3517,1.60,1.20
2010.07.29 12:29:10.730,1.3515,1.35175,1.60,2.30
2010.07.29 12:29:11.385,1.35155,1.3518,1.60,1.20
2010.07.29 12:29:11.849,1.35155,1.3518,1.60,2.30
2010.07.29 12:29:12.128,1.35155,1.35175,1.60,1.00
2010.07.29 12:29:12.410,1.35155,1.35175,1.60,1.20
2010.07.29 12:29:13.006,1.3516,1.3518,3.20,1.00
2010.07.29 12:29:13.149,1.35165,1.35195,1.60,1.20
2010.07.29 12:29:13.741,1.35165,1.35195,2.40,1.20
2010.07.29 12:29:13.890,1.35175,1.35205,2.40,1.20
2010.07.29 12:29:15.383,1.3518,1.352,1.60,1.00
2010.07.29 12:29:15.624,1.3518,1.35205,1.60,1.00
2010.07.29 12:29:16.840,1.35195,1.3522,1.60,1.20
2010.07.29 12:29:17.127,1.3519,1.3521,3.20,1.00
2010.07.29 12:29:17.411,1.352,1.3522,1.60,1.20
2010.07.29 12:29:17.639,1.3519,1.3521,1.60,1.00
2010.07.29 12:29:18.308,1.35185,1.3521,1.60,1.00
2010.07.29 12:29:18.539,1.3519,1.3521,1.60,1.00
2010.07.29 12:29:19.234,1.3519,1.35215,1.60,1.20
2010.07.29 12:29:19.504,1.352,1.35215,1.60,1.20
2010.07.29 12:29:20.543,1.35195,1.35215,1.60,1.20
2010.07.29 12:29:22.300,1.352,1.3522,1.60,1.20
2010.07.29 12:29:24.349,1.3519,1.3522,1.60,1.20
2010.07.29 12:29:24.606,1.35195,1.35225,1.60,1.20
2010.07.29 12:29:25.310,1.3519,1.35225,1.60,1.20
2010.07.29 12:29:26.101,1.3519,1.3522,1.00,1.00
2010.07.29 12:29:26.368,1.3519,1.3522,1.00,1.20
2010.07.29 12:29:27.133,1.3519,1.35205,1.00,1.00
2010.07.29 12:29:27.840,1.3518,1.35215,1.00,1.20
2010.07.29 12:29:27.916,1.35185,1.35215,1.00,1.00
2010.07.29 12:29:27.979,1.3519,1.35215,1.00,1.00
2010.07.29 12:29:28.501,1.352,1.3523,1.00,1.20
2010.07.29 12:29:29.307,1.35205,1.35235,1.60,1.20
2010.07.29 12:29:30.172,1.3521,1.35235,1.00,1.00
2010.07.29 12:29:30.335,1.3521,1.35245,1.60,1.20
2010.07.29 12:29:30.574,1.3521,1.3524,1.60,1.60
2010.07.29 12:29:30.810,1.35215,1.3524,1.00,1.60
2010.07.29 12:29:31.492,1.35215,1.35245,1.00,1.20
2010.07.29 12:29:31.794,1.35215,1.3524,1.60,1.60
2010.07.29 12:29:32.103,1.35205,1.3524,1.00,1.60
2010.07.29 12:29:32.403,1.3521,1.35255,1.60,1.10
2010.07.29 12:29:33.185,1.35205,1.3525,1.00,1.60
2010.07.29 12:29:33.510,1.3521,1.35255,1.60,1.00
2010.07.29 12:29:33.841,1.3521,1.3526,5.60,2.30
2010.07.29 12:29:34.488,1.3521,1.35255,1.60,2.00
2010.07.29 12:29:34.840,1.3521,1.35255,1.60,1.00
2010.07.29 12:29:35.182,1.3521,1.3526,1.60,2.30
2010.07.29 12:29:35.782,1.3521,1.3526,1.60,1.30
2010.07.29 12:29:35.957,1.35215,1.3527,1.00,3.40
2010.07.29 12:29:36.539,1.35215,1.3527,1.00,1.00
2010.07.29 12:29:36.894,1.35215,1.3527,1.00,3.90
2010.07.29 12:29:37.246,1.3522,1.3527,1.60,3.90
2010.07.29 12:29:37.544,1.35225,1.3527,1.60,1.90
2010.07.29 12:29:38.207,1.35225,1.3527,2.40,1.00
2010.07.29 12:29:38.531,1.3523,1.35275,1.00,1.10
2010.07.29 12:29:38.861,1.35215,1.35265,2.40,1.10
2010.07.29 12:29:39.190,1.3522,1.35275,1.00,1.00
2010.07.29 12:29:40.001,1.3522,1.3528,1.60,1.10
2010.07.29 12:29:40.329,1.35225,1.3528,1.60,1.10
2010.07.29 12:29:40.549,1.35225,1.3528,1.60,1.00
2010.07.29 12:29:40.981,1.3523,1.35285,1.60,1.10
2010.07.29 12:29:42.289,1.3523,1.35285,1.00,1.10
2010.07.29 12:29:42.438,1.3523,1.35285,1.00,1.50
2010.07.29 12:29:43.168,1.3523,1.3528,1.00,1.00
2010.07.29 12:29:43.416,1.3524,1.3529,1.00,1.10
2010.07.29 12:29:44.404,1.3524,1.35295,1.00,1.00
2010.07.29 12:29:44.726,1.35225,1.35285,1.60,1.20
2010.07.29 12:29:45.051,1.35225,1.35285,1.00,1.20
2010.07.29 12:29:45.638,1.35225,1.3528,1.00,1.00
2010.07.29 12:29:45.809,1.3522,1.35275,2.90,1.00
2010.07.29 12:29:46.052,1.3522,1.3529,4.00,2.00
2010.07.29 12:29:46.997,1.3522,1.35285,4.00,1.60
2010.07.29 12:29:47.339,1.3522,1.35285,1.60,3.20
2010.07.29 12:29:47.671,1.3521,1.35255,1.60,1.60
2010.07.29 12:29:48.444,1.352,1.3525,1.60,6.00
2010.07.29 12:29:48.797,1.3519,1.3524,1.60,9.40
2010.07.29 12:29:49.143,1.35135,1.3524,3.20,1.60
2010.07.29 12:29:49.713,1.35135,1.35225,3.20,6.00
2010.07.29 12:29:49.884,1.3513,1.3522,3.40,1.60
2010.07.29 12:29:50.042,1.3513,1.3522,1.60,1.60
2010.07.29 12:29:50.502,1.35135,1.3522,1.60,1.60
2010.07.29 12:29:50.823,1.3514,1.3523,1.60,10.00
2010.07.29 12:29:51.443,1.3513,1.3523,1.60,11.80
2010.07.29 12:29:52.195,1.3512,1.3523,1.80,6.00
2010.07.29 12:29:54.588,1.35145,1.35235,1.80,6.00
2010.07.29 12:29:54.709,1.35145,1.3524,1.80,1.80
2010.07.29 12:29:54.828,1.3515,1.35245,1.80,1.80
2010.07.29 12:29:54.939,1.35155,1.35245,1.80,1.80
2010.07.29 12:29:55.543,1.3514,1.35255,1.60,6.00
2010.07.29 12:29:57.187,1.3514,1.3525,1.60,6.00
2010.07.29 12:29:57.524,1.35135,1.3525,1.60,6.00
2010.07.29 12:29:58.397,1.3513,1.3525,7.60,6.00
2010.07.29 12:29:58.598,1.35135,1.35255,6.00,6.00
2010.07.29 12:29:58.798,1.3514,1.3526,6.00,6.00
2010.07.29 12:29:59.693,1.3514,1.3526,7.60,6.00
2010.07.29 12:29:59.857,1.3515,1.3527,6.00,6.00
2010.07.29 12:30:02.028,1.35155,1.35275,6.00,6.00
2010.07.29 12:30:02.286,1.35185,1.3526,1.10,1.00
2010.07.29 12:30:03.116,1.35195,1.3526,1.00,1.00
2010.07.29 12:30:03.366,1.3521,1.3526,1.10,1.00
2010.07.29 12:30:03.851,1.3521,1.35275,1.10,7.10
2010.07.29 12:30:04.089,1.35205,1.3527,1.00,1.00
2010.07.29 12:30:04.796,1.35195,1.35255,1.00,1.00
2010.07.29 12:30:05.110,1.3518,1.3524,1.00,1.00
2010.07.29 12:30:05.873,1.35165,1.3522,1.00,1.00
2010.07.29 12:30:06.448,1.3516,1.35215,1.10,1.00
2010.07.29 12:30:07.231,1.3516,1.3521,1.10,1.00
2010.07.29 12:30:07.572,1.35165,1.35215,1.00,1.00
2010.07.29 12:30:08.101,1.35165,1.3522,1.10,1.00
2010.07.29 12:30:08.403,1.3518,1.35215,1.00,1.00
2010.07.29 12:30:08.703,1.352,1.35225,1.00,1.00
2010.07.29 12:30:09.495,1.3515,1.3522,1.60,1.00
2010.07.29 12:30:10.325,1.3514,1.35215,1.00,1.00
2010.07.29 12:30:10.545,1.3514,1.3521,1.10,1.00
2010.07.29 12:30:11.405,1.35135,1.35205,1.00,1.20
2010.07.29 12:30:12.117,1.35135,1.35205,1.00,1.00
2010.07.29 12:30:12.468,1.35125,1.35195,2.00,1.00
2010.07.29 12:30:13.224,1.35135,1.35195,1.00,1.00
2010.07.29 12:30:13.504,1.35135,1.35195,1.00,1.40
2010.07.29 12:30:14.609,1.35135,1.3519,1.00,1.00
2010.07.29 12:30:14.812,1.35135,1.3518,1.00,1.00
2010.07.29 12:30:15.015,1.35135,1.3517,1.00,1.00
2010.07.29 12:30:15.657,1.35135,1.35165,1.00,1.00
2010.07.29 12:30:16.009,1.35145,1.35165,1.00,1.00
2010.07.29 12:30:16.353,1.35145,1.3518,1.00,1.20
2010.07.29 12:30:17.129,1.35145,1.3517,1.60,1.00
2010.07.29 12:30:17.877,1.3514,1.3518,1.60,1.20
2010.07.29 12:30:18.166,1.35145,1.3518,1.60,1.20
2010.07.29 12:30:19.296,1.3514,1.35175,1.60,2.80
2010.07.29 12:30:19.561,1.3514,1.3517,1.60,1.00
2010.07.29 12:30:20.298,1.3515,1.35165,2.40,1.00
2010.07.29 12:30:20.648,1.35155,1.35185,1.60,1.00
2010.07.29 12:30:21.325,1.3516,1.35195,1.60,1.20
2010.07.29 12:30:21.550,1.3516,1.35195,3.20,1.20
2010.07.29 12:30:21.781,1.3516,1.35185,1.60,1.60
2010.07.29 12:30:22.682,1.35155,1.3519,1.00,1.80
2010.07.29 12:30:23.022,1.35145,1.35175,3.20,1.00
2010.07.29 12:30:23.843,1.3515,1.3518,1.00,1.20
2010.07.29 12:30:24.182,1.3515,1.3516,1.00,1.60
2010.07.29 12:30:24.685,1.35145,1.3516,2.40,1.60
2010.07.29 12:30:24.965,1.35155,1.3518,1.00,1.60
2010.07.29 12:30:25.713,1.35155,1.3519,1.00,1.20
2010.07.29 12:30:26.508,1.35155,1.35185,1.60,1.00
2010.07.29 12:30:26.875,1.3516,1.35195,3.20,1.20
2010.07.29 12:30:27.635,1.3516,1.3519,1.00,2.80
2010.07.29 12:30:27.949,1.3516,1.35185,1.00,1.00
2010.07.29 12:30:28.299,1.3516,1.3519,1.60,1.60
2010.07.29 12:30:29.113,1.35165,1.3519,1.00,1.60
2010.07.29 12:30:29.404,1.35165,1.35195,1.00,1.20
2010.07.29 12:30:29.703,1.35165,1.35195,1.60,1.20
2010.07.29 12:30:30.349,1.35165,1.3519,1.60,1.00
2010.07.29 12:30:30.594,1.35165,1.35195,1.60,1.20
2010.07.29 12:30:30.831,1.35165,1.35195,3.20,1.20
2010.07.29 12:30:31.535,1.3517,1.352,1.60,1.20
2010.07.29 12:30:31.853,1.3517,1.352,3.20,1.20
2010.07.29 12:30:32.941,1.35165,1.35195,1.60,1.00
2010.07.29 12:30:33.793,1.3516,1.3519,4.30,1.60
2010.07.29 12:30:34.141,1.35165,1.35195,3.20,1.00
2010.07.29 12:30:34.974,1.3516,1.3517,1.00,1.00
2010.07.29 12:30:35.331,1.3514,1.3517,1.00,2.00
2010.07.29 12:30:36.159,1.3513,1.3516,1.60,1.00
2010.07.29 12:30:36.502,1.35125,1.35155,2.40,1.00
2010.07.29 12:30:38.007,1.35135,1.35165,1.60,1.20
2010.07.29 12:30:38.143,1.35145,1.35165,1.60,1.00
2010.07.29 12:30:38.605,1.35145,1.35175,4.00,1.00
2010.07.29 12:30:38.760,1.35155,1.35185,1.60,1.00
2010.07.29 12:30:38.901,1.3516,1.35185,1.60,1.00
2010.07.29 12:30:39.675,1.35155,1.35185,1.60,1.20
2010.07.29 12:30:40.241,1.3516,1.35185,1.60,1.00
2010.07.29 12:30:40.907,1.3516,1.35185,1.60,1.20
2010.07.29 12:30:41.146,1.35155,1.3519,2.40,1.80
2010.07.29 12:30:41.386,1.35165,1.35195,1.60,1.00
2010.07.29 12:30:42.194,1.3517,1.352,1.60,1.20
2010.07.29 12:30:42.544,1.35165,1.35195,3.20,1.00
2010.07.29 12:30:43.355,1.35165,1.352,3.20,1.20
2010.07.29 12:30:43.708,1.3517,1.352,1.60,1.20
2010.07.29 12:30:44.313,1.3517,1.352,1.60,2.80
2010.07.29 12:30:45.115,1.3517,1.35195,1.60,1.00
2010.07.29 12:30:45.453,1.35165,1.35195,2.40,1.00
2010.07.29 12:30:46.184,1.35175,1.3521,1.60,2.00
2010.07.29 12:30:46.920,1.35175,1.3521,3.20,2.00
2010.07.29 12:30:47.267,1.3518,1.35195,1.60,1.00
2010.07.29 12:30:47.781,1.3517,1.35195,1.00,1.00
2010.07.29 12:30:48.126,1.3515,1.3518,2.40,1.00
2010.07.29 12:30:48.475,1.3517,1.3518,1.60,1.20
2010.07.29 12:30:49.270,1.35165,1.3519,1.60,2.00
2010.07.29 12:30:49.597,1.35175,1.352,1.60,1.20
2010.07.29 12:30:49.922,1.35175,1.352,1.60,1.00
2010.07.29 12:30:51.031,1.35185,1.35215,1.00,1.20
2010.07.29 12:30:51.849,1.3518,1.3521,1.60,1.00
2010.07.29 12:30:52.208,1.3518,1.3521,3.20,1.00
2010.07.29 12:30:52.550,1.35185,1.3521,1.60,1.00
2010.07.29 12:30:53.343,1.35185,1.3521,1.60,1.00
2010.07.29 12:30:53.598,1.35165,1.352,1.60,1.20
2010.07.29 12:30:54.104,1.35165,1.35195,1.60,1.60
2010.07.29 12:30:54.861,1.3515,1.3517,1.60,1.00
2010.07.29 12:30:55.161,1.35145,1.3517,1.60,1.00
2010.07.29 12:30:55.836,1.3514,1.3516,5.60,1.00
2010.07.29 12:30:56.062,1.3513,1.3516,3.20,1.00
2010.07.29 12:30:56.291,1.3513,1.3516,2.40,1.20
2010.07.29 12:30:57.272,1.3513,1.35155,1.60,1.00
2010.07.29 12:30:57.436,1.3513,1.35155,2.40,1.00
2010.07.29 12:30:57.613,1.35135,1.3515,1.60,1.60
2010.07.29 12:30:58.371,1.3513,1.35155,1.60,1.00
2010.07.29 12:30:58.720,1.35125,1.35155,1.60,1.20
2010.07.29 12:30:59.646,1.3514,1.35155,1.60,1.00
2010.07.29 12:30:59.965,1.3515,1.3516,1.60,1.20
2010.07.29 12:31:00.451,1.3515,1.3516,1.60,1.00
2010.07.29 12:31:00.757,1.3517,1.35195,1.60,1.00
2010.07.29 12:31:01.101,1.3517,1.352,1.60,1.20
2010.07.29 12:31:01.693,1.35165,1.352,1.60,2.80
2010.07.29 12:31:02.049,1.3517,1.352,1.60,1.20
2010.07.29 12:31:02.335,1.3517,1.3519,1.60,1.00
2010.07.29 12:31:03.078,1.35165,1.3519,2.40,1.00
2010.07.29 12:31:03.387,1.3518,1.3521,4.80,1.00
2010.07.29 12:31:04.156,1.3518,1.35205,1.60,1.00
2010.07.29 12:31:04.502,1.35175,1.35205,3.20,1.00
2010.07.29 12:31:05.577,1.3517,1.352,2.40,1.00
2010.07.29 12:31:05.805,1.35175,1.352,1.60,1.20
2010.07.29 12:31:06.032,1.3517,1.352,2.40,1.20
2010.07.29 12:31:06.692,1.3517,1.352,3.20,1.00
2010.07.29 12:31:07.026,1.35175,1.3521,1.60,1.00
2010.07.29 12:31:08.031,1.35175,1.35205,3.20,1.00
2010.07.29 12:31:08.709,1.35175,1.35205,2.40,1.00
2010.07.29 12:31:08.929,1.35175,1.35205,1.60,1.20
2010.07.29 12:31:09.703,1.35175,1.35205,2.40,1.00
2010.07.29 12:31:09.930,1.3518,1.3521,1.00,1.20
2010.07.29 12:31:11.718,1.3518,1.3521,2.40,1.20
2010.07.29 12:31:11.951,1.3518,1.3521,3.20,1.00
2010.07.29 12:31:12.129,1.3518,1.3521,3.20,2.00
2010.07.29 12:31:12.967,1.3518,1.3521,1.60,1.20
2010.07.29 12:31:14.290,1.3518,1.352,1.60,1.00
2010.07.29 12:31:14.516,1.3517,1.35195,1.60,1.20
2010.07.29 12:31:15.142,1.35165,1.35195,2.40,1.20
2010.07.29 12:31:19.625,1.3516,1.3519,3.20,1.00
2010.07.29 12:31:19.730,1.3516,1.3519,2.40,1.00
2010.07.29 12:31:20.288,1.35165,1.3519,1.60,1.00
2010.07.29 12:31:20.393,1.3517,1.352,3.20,1.00
2010.07.29 12:31:21.772,1.3514,1.3517,3.20,1.00
2010.07.29 12:31:23.460,1.35145,1.3517,1.10,1.00
2010.07.29 12:31:23.720,1.35145,1.3517,2.70,1.00
2010.07.29 12:31:23.980,1.35145,1.35165,2.70,1.00
2010.07.29 12:31:24.921,1.35135,1.35165,1.60,1.20
2010.07.29 12:31:25.111,1.35135,1.3516,1.60,1.00
2010.07.29 12:31:25.299,1.3513,1.3516,2.90,1.20
2010.07.29 12:31:25.489,1.3513,1.3516,2.40,1.20
2010.07.29 12:31:26.451,1.35135,1.3516,1.60,1.20
2010.07.29 12:31:28.931,1.3513,1.3516,3.20,1.00
2010.07.29 12:31:29.491,1.3513,1.3516,1.60,1.20
2010.07.29 12:31:31.043,1.35135,1.35165,1.00,1.20
2010.07.29 12:31:31.219,1.35135,1.35165,2.40,1.20
2010.07.29 12:31:33.421,1.35135,1.35165,1.00,1.20
2010.07.29 12:31:33.579,1.35135,1.35165,1.00,2.80
2010.07.29 12:31:34.329,1.3513,1.3516,1.60,1.00
2010.07.29 12:31:34.493,1.35125,1.35155,3.50,1.60
2010.07.29 12:31:34.745,1.35125,1.3516,3.50,1.80
2010.07.29 12:31:35.550,1.35125,1.35155,3.50,1.00
2010.07.29 12:31:35.891,1.3513,1.35155,1.10,1.20
2010.07.29 12:31:36.766,1.3513,1.3516,1.90,1.20
2010.07.29 12:31:37.093,1.3513,1.3516,1.30,1.20
2010.07.29 12:31:37.850,1.35125,1.35155,3.20,1.00
2010.07.29 12:31:38.699,1.35125,1.35155,1.60,1.00
2010.07.29 12:31:38.969,1.3512,1.3515,2.40,1.20
2010.07.29 12:31:39.692,1.35125,1.35155,1.00,1.20
2010.07.29 12:31:40.005,1.3513,1.3516,1.60,1.00
2010.07.29 12:31:40.634,1.35135,1.3516,2.10,1.00
2010.07.29 12:31:40.812,1.35135,1.3516,1.60,1.20
2010.07.29 12:31:41.482,1.35135,1.3516,1.60,2.80
2010.07.29 12:31:41.828,1.35125,1.35155,2.70,1.00
2010.07.29 12:31:42.613,1.35135,1.35165,1.00,2.00
2010.07.29 12:31:42.941,1.35135,1.35165,1.00,1.00
2010.07.29 12:31:43.270,1.35135,1.35165,3.20,1.00
2010.07.29 12:31:44.374,1.3515,1.35185,1.60,2.80
2010.07.29 12:31:45.545,1.35145,1.35175,3.20,2.00
2010.07.29 12:31:45.821,1.3515,1.35175,2.10,1.00
2010.07.29 12:31:46.092,1.35155,1.35185,2.40,1.20
2010.07.29 12:31:46.367,1.3516,1.35185,1.00,1.00
2010.07.29 12:31:47.098,1.3516,1.35195,3.20,1.20
2010.07.29 12:31:47.760,1.35165,1.35195,1.60,1.20
2010.07.29 12:31:48.110,1.35195,1.35225,1.00,3.60
2010.07.29 12:31:49.388,1.35195,1.35225,1.00,2.80
2010.07.29 12:31:49.711,1.35195,1.35225,1.00,1.20
2010.07.29 12:31:50.430,1.352,1.3523,1.60,1.00
2010.07.29 12:31:52.411,1.35205,1.35235,1.60,1.00
2010.07.29 12:31:53.325,1.35205,1.35235,3.20,1.00
2010.07.29 12:31:53.633,1.35195,1.35225,3.20,2.00
2010.07.29 12:31:57.209,1.35215,1.35225,1.60,1.00
2010.07.29 12:31:57.557,1.35205,1.3524,1.00,1.20
2010.07.29 12:31:57.908,1.3521,1.35225,1.00,1.60
2010.07.29 12:31:58.584,1.35205,1.35225,1.00,1.60
2010.07.29 12:31:58.803,1.352,1.3523,1.00,1.20
2010.07.29 12:31:59.358,1.352,1.3523,2.40,1.20
2010.07.29 12:32:00.627,1.352,1.3523,1.00,1.20
2010.07.29 12:32:02.210,1.352,1.35235,1.60,1.20
2010.07.29 12:32:04.674,1.35195,1.3523,1.60,1.20
2010.07.29 12:32:04.914,1.3519,1.3522,3.20,1.00
2010.07.29 12:32:05.111,1.35185,1.3522,3.20,1.00
2010.07.29 12:32:05.733,1.35185,1.35215,3.20,1.00
2010.07.29 12:32:06.762,1.35185,1.35215,1.00,1.80
2010.07.29 12:32:07.031,1.35175,1.35205,2.40,1.20
2010.07.29 12:32:09.498,1.35175,1.352,1.60,1.00
2010.07.29 12:32:09.742,1.35175,1.352,2.40,1.00
2010.07.29 12:32:09.981,1.3518,1.35215,1.60,10.00
2010.07.29 12:32:10.772,1.35175,1.35205,3.20,1.00
2010.07.29 12:32:12.550,1.35175,1.35205,1.00,1.20
2010.07.29 12:32:12.870,1.3517,1.352,1.60,1.00
2010.07.29 12:32:14.708,1.3518,1.3521,10.90,1.20
2010.07.29 12:32:14.834,1.3519,1.3521,1.00,1.00
2010.07.29 12:32:14.961,1.3519,1.3522,1.60,1.00
2010.07.29 12:32:15.956,1.35195,1.3523,1.60,1.20
2010.07.29 12:32:16.190,1.35195,1.3523,11.20,1.20
2010.07.29 12:32:16.419,1.352,1.3523,1.00,1.20
2010.07.29 12:32:17.400,1.352,1.3523,10.40,1.20
2010.07.29 12:32:17.980,1.35205,1.3523,2.40,1.00
2010.07.29 12:32:18.033,1.35215,1.35245,1.00,1.20
2010.07.29 12:32:18.137,1.35215,1.35245,1.60,1.20
2010.07.29 12:32:18.288,1.35225,1.35245,1.00,1.00
2010.07.29 12:32:18.338,1.35225,1.35245,4.80,1.00
2010.07.29 12:32:18.836,1.35225,1.3524,4.00,1.00
2010.07.29 12:32:18.892,1.35215,1.3524,2.40,1.00
2010.07.29 12:32:18.949,1.3521,1.3524,1.00,1.00
2010.07.29 12:32:19.354,1.35205,1.3524,8.80,1.00
2010.07.29 12:32:20.153,1.35205,1.35235,1.00,1.00
2010.07.29 12:32:20.361,1.352,1.35235,7.20,1.00
2010.07.29 12:32:20.572,1.35205,1.35235,4.00,1.20
2010.07.29 12:32:20.779,1.35205,1.35235,1.60,1.00
2010.07.29 12:32:21.593,1.3521,1.35235,2.40,1.00
2010.07.29 12:32:21.952,1.3522,1.35245,1.60,1.60
2010.07.29 12:32:22.705,1.3522,1.3525,1.60,1.00
2010.07.29 12:32:23.003,1.35225,1.35255,1.00,1.20
2010.07.29 12:32:23.815,1.35235,1.3526,1.00,1.00
2010.07.29 12:32:24.164,1.35235,1.35265,1.00,1.20
2010.07.29 12:32:24.967,1.3523,1.3526,1.60,1.20
2010.07.29 12:32:25.285,1.35225,1.35255,1.00,1.20
2010.07.29 12:32:26.713,1.3523,1.3526,1.00,1.20
2010.07.29 12:32:27.378,1.3523,1.3526,1.00,2.80
2010.07.29 12:32:27.595,1.35225,1.35255,1.00,1.20
2010.07.29 12:32:28.312,1.35225,1.35255,1.00,2.80
2010.07.29 12:32:28.654,1.3522,1.3525,1.60,1.00
2010.07.29 12:32:34.414,1.35225,1.35255,1.60,1.00
2010.07.29 12:32:36.429,1.3522,1.35255,3.20,1.20
2010.07.29 12:32:38.089,1.35215,1.3525,11.20,1.20
2010.07.29 12:32:38.715,1.3522,1.3525,1.00,1.20
2010.07.29 12:32:39.851,1.3522,1.3525,1.00,1.00
2010.07.29 12:32:40.193,1.3522,1.35255,1.60,2.80
2010.07.29 12:32:40.471,1.35225,1.35255,1.60,1.20
2010.07.29 12:32:41.043,1.3523,1.35255,1.00,1.00
2010.07.29 12:32:41.291,1.3523,1.3526,1.00,1.20
2010.07.29 12:32:42.290,1.3523,1.3526,1.00,2.00
2010.07.29 12:32:43.093,1.35225,1.3526,1.60,1.20
2010.07.29 12:32:43.539,1.3523,1.3526,1.00,1.20
2010.07.29 12:32:46.870,1.3523,1.3526,1.60,1.00
2010.07.29 12:32:50.154,1.3523,1.3526,1.00,1.20
2010.07.29 12:32:51.107,1.35225,1.35255,1.60,1.00
2010.07.29 12:32:51.188,1.35225,1.35255,1.00,1.20
2010.07.29 12:32:51.532,1.3522,1.3525,1.60,1.60
2010.07.29 12:32:52.302,1.3522,1.3525,1.60,2.80
2010.07.29 12:32:52.639,1.3522,1.3525,1.60,3.60
2010.07.29 12:32:53.490,1.3522,1.3524,1.60,2.40
2010.07.29 12:32:53.650,1.3522,1.3524,1.60,4.00
2010.07.29 12:32:53.809,1.3522,1.3524,1.60,1.60
2010.07.29 12:32:54.320,1.3522,1.35245,1.60,1.60
2010.07.29 12:32:54.570,1.35215,1.35245,1.60,2.00
2010.07.29 12:32:55.542,1.35235,1.35245,1.60,1.60
2010.07.29 12:32:55.668,1.35235,1.35255,1.60,1.00
2010.07.29 12:32:56.122,1.3522,1.35255,11.20,1.00
2010.07.29 12:32:56.257,1.35225,1.35255,3.20,1.00
2010.07.29 12:32:57.071,1.35225,1.35255,1.60,1.00
2010.07.29 12:32:57.687,1.35225,1.3525,1.00,2.40
2010.07.29 12:32:57.835,1.35225,1.3525,2.40,2.40
2010.07.29 12:32:58.440,1.35235,1.35265,1.60,2.00
2010.07.29 12:32:59.446,1.35235,1.3526,1.00,1.00
2010.07.29 12:32:59.792,1.3523,1.35265,1.00,1.20
2010.07.29 12:33:00.577,1.3524,1.3527,1.60,1.00
2010.07.29 12:33:01.230,1.3524,1.3527,1.60,2.00
2010.07.29 12:33:01.570,1.3524,1.35265,2.40,1.60
2010.07.29 12:33:02.016,1.3525,1.3527,1.60,1.00
2010.07.29 12:33:02.156,1.35245,1.3528,1.00,2.80
2010.07.29 12:33:02.299,1.35245,1.3528,1.60,1.20
2010.07.29 12:33:03.844,1.3525,1.3528,1.00,1.00
2010.07.29 12:33:04.151,1.3525,1.3528,1.60,2.00
2010.07.29 12:33:04.791,1.35245,1.35275,1.60,1.20
2010.07.29 12:33:05.132,1.3524,1.3527,3.20,1.00
2010.07.29 12:33:06.635,1.35245,1.35275,1.60,1.00
2010.07.29 12:33:06.845,1.3525,1.35275,1.60,1.00
2010.07.29 12:33:07.838,1.3525,1.3528,2.40,1.20
2010.07.29 12:33:08.188,1.3525,1.35275,1.00,1.00
2010.07.29 12:33:08.985,1.3524,1.3527,1.00,4.40
2010.07.29 12:33:09.980,1.3524,1.3527,1.00,2.80
2010.07.29 12:33:10.764,1.35235,1.35265,1.60,1.00
2010.07.29 12:33:11.171,1.3523,1.3526,1.60,1.00
2010.07.29 12:33:11.881,1.35225,1.35255,1.00,1.20
2010.07.29 12:33:12.604,1.3522,1.35255,2.40,1.20
2010.07.29 12:33:12.897,1.3523,1.3526,1.60,1.20
2010.07.29 12:33:13.930,1.35235,1.35265,1.00,1.00
2010.07.29 12:33:14.516,1.35235,1.3526,1.00,1.60
2010.07.29 12:33:15.258,1.35235,1.35265,1.00,1.00
2010.07.29 12:33:15.591,1.3523,1.3526,1.60,1.00
2010.07.29 12:33:16.995,1.35225,1.3526,1.60,1.20
2010.07.29 12:33:17.329,1.35225,1.35255,1.60,1.00
2010.07.29 12:33:17.662,1.35225,1.3525,1.60,1.60
2010.07.29 12:33:18.417,1.3522,1.3525,1.60,2.00
2010.07.29 12:33:19.358,1.35215,1.3525,1.60,2.80
2010.07.29 12:33:20.153,1.35215,1.3525,1.60,6.80
2010.07.29 12:33:20.758,1.35215,1.3525,1.60,7.60
2010.07.29 12:33:20.940,1.35215,1.3524,1.60,1.60
2010.07.29 12:33:21.120,1.35215,1.35245,1.00,2.80
2010.07.29 12:33:21.914,1.35215,1.35245,1.00,1.20
2010.07.29 12:33:23.010,1.3521,1.3524,1.00,1.20
2010.07.29 12:33:23.230,1.3521,1.35235,1.00,1.00
2010.07.29 12:33:24.007,1.352,1.3523,1.00,1.20
2010.07.29 12:33:25.321,1.352,1.35225,1.60,1.60
2010.07.29 12:33:26.149,1.352,1.3523,1.60,1.20
2010.07.29 12:33:26.292,1.352,1.3523,1.00,1.00
2010.07.29 12:33:26.431,1.35205,1.3523,1.00,1.00
2010.07.29 12:33:26.777,1.35205,1.35235,1.00,1.00
2010.07.29 12:33:27.560,1.352,1.35215,1.00,1.00
2010.07.29 12:33:27.793,1.3518,1.35215,1.60,1.00
2010.07.29 12:33:28.239,1.3518,1.35215,3.20,1.00
2010.07.29 12:33:28.469,1.35195,1.35225,1.60,1.00
2010.07.29 12:33:29.290,1.35195,1.3523,1.60,3.60
2010.07.29 12:33:29.584,1.35195,1.35225,1.60,1.20
2010.07.29 12:33:30.690,1.3519,1.3522,1.60,2.00
2010.07.29 12:33:31.036,1.35185,1.3522,1.60,2.00
2010.07.29 12:33:31.692,1.35185,1.35215,1.00,1.00
2010.07.29 12:33:34.443,1.35185,1.35215,1.60,1.00
2010.07.29 12:33:34.775,1.35185,1.3522,11.20,1.00
2010.07.29 12:33:34.962,1.35195,1.35225,1.00,1.00
2010.07.29 12:33:35.145,1.352,1.3523,1.60,1.00
2010.07.29 12:33:35.787,1.35215,1.35245,1.00,1.20
2010.07.29 12:33:36.814,1.35215,1.3525,1.60,3.60
2010.07.29 12:33:41.136,1.35215,1.3525,1.60,5.20
2010.07.29 12:33:43.221,1.35215,1.3525,1.60,6.80
2010.07.29 12:33:43.478,1.35215,1.3525,1.60,5.20
2010.07.29 12:33:43.988,1.35215,1.3525,1.60,6.80
2010.07.29 12:33:45.979,1.35215,1.3525,1.60,6.00
2010.07.29 12:33:46.710,1.35215,1.3524,1.00,1.60
2010.07.29 12:33:46.905,1.35215,1.35245,1.00,1.20
2010.07.29 12:33:47.296,1.35225,1.35245,4.00,1.00
2010.07.29 12:33:47.495,1.35245,1.35255,4.00,1.00
2010.07.29 12:33:47.693,1.3525,1.3526,1.00,2.40
2010.07.29 12:33:48.451,1.3526,1.3529,1.60,1.00
2010.07.29 12:33:50.669,1.35265,1.35295,1.60,1.00
2010.07.29 12:33:51.854,1.35265,1.35295,2.40,1.00
2010.07.29 12:33:52.180,1.35265,1.35295,10.40,1.00
2010.07.29 12:33:52.835,1.35265,1.35295,1.60,1.00
2010.07.29 12:33:55.521,1.3526,1.3529,4.80,1.00
2010.07.29 12:33:56.046,1.3526,1.3529,4.00,1.00
2010.07.29 12:33:56.343,1.35275,1.35305,1.60,2.00
2010.07.29 12:33:57.736,1.3528,1.35305,1.00,1.60
2010.07.29 12:33:58.083,1.3528,1.35305,2.40,1.60
2010.07.29 12:33:58.876,1.35265,1.3529,8.80,1.00
2010.07.29 12:33:59.226,1.35255,1.35285,1.60,1.00
2010.07.29 12:33:59.993,1.35255,1.35285,3.20,1.00
2010.07.29 12:34:00.284,1.3525,1.35285,3.20,1.20
2010.07.29 12:34:01.039,1.35255,1.35285,1.00,1.00
2010.07.29 12:34:01.329,1.35255,1.35285,2.40,1.00
2010.07.29 12:34:02.047,1.35255,1.3528,1.00,1.00
2010.07.29 12:34:02.340,1.35255,1.3529,1.60,1.20
2010.07.29 12:34:02.680,1.3526,1.35295,1.60,4.40
2010.07.29 12:34:03.459,1.3526,1.3529,1.60,1.00
2010.07.29 12:34:03.737,1.3526,1.3529,1.00,1.20
2010.07.29 12:34:04.017,1.35255,1.3529,1.60,2.80
2010.07.29 12:34:04.759,1.35255,1.3529,3.20,1.20
2010.07.29 12:34:05.103,1.3526,1.3529,1.00,1.20
2010.07.29 12:34:05.441,1.3526,1.3529,1.60,1.00
2010.07.29 12:34:06.603,1.3525,1.3528,1.60,1.00
2010.07.29 12:34:08.030,1.35245,1.3528,3.20,1.00
2010.07.29 12:34:08.265,1.35245,1.3528,8.80,1.20
2010.07.29 12:34:08.901,1.35245,1.3528,1.60,1.20
2010.07.29 12:34:10.556,1.35265,1.3529,1.00,1.00
2010.07.29 12:34:10.829,1.35265,1.35295,1.00,1.20
2010.07.29 12:34:12.861,1.35265,1.35295,1.00,2.80
2010.07.29 12:34:13.119,1.35265,1.35295,1.60,1.00
2010.07.29 12:34:17.100,1.3526,1.3529,3.20,1.00
2010.07.29 12:34:17.281,1.3526,1.3529,1.60,1.00
2010.07.29 12:34:17.462,1.35255,1.3529,1.60,1.00
2010.07.29 12:34:18.087,1.3526,1.35295,5.60,1.20
2010.07.29 12:34:18.436,1.3527,1.353,1.00,1.20
2010.07.29 12:34:19.123,1.35265,1.35295,1.00,1.00
2010.07.29 12:34:20.236,1.3527,1.353,1.00,1.20
2010.07.29 12:34:21.220,1.35265,1.35295,1.60,1.00
2010.07.29 12:34:21.562,1.3526,1.35295,1.60,2.80
2010.07.29 12:34:21.901,1.3526,1.3529,1.60,1.00
2010.07.29 12:34:22.521,1.35255,1.3529,1.60,1.00
2010.07.29 12:34:23.315,1.3525,1.3528,1.00,1.20
2010.07.29 12:34:23.643,1.3525,1.35285,1.00,2.80
2010.07.29 12:34:23.964,1.3525,1.35285,1.00,1.20
2010.07.29 12:34:24.714,1.35255,1.35285,3.20,1.00
2010.07.29 12:34:25.037,1.3524,1.35275,3.20,1.20
2010.07.29 12:34:25.352,1.35245,1.35275,1.60,1.00
2010.07.29 12:34:26.481,1.35245,1.35275,3.20,1.00
2010.07.29 12:34:26.777,1.3525,1.3528,1.00,1.20
2010.07.29 12:34:27.075,1.3526,1.3529,1.00,10.80
2010.07.29 12:34:27.838,1.3526,1.3529,1.00,2.80
2010.07.29 12:34:28.637,1.3525,1.3527,9.60,1.00
2010.07.29 12:34:28.836,1.35235,1.3527,1.60,1.20
2010.07.29 12:34:30.309,1.35235,1.35265,1.00,1.20
2010.07.29 12:34:33.192,1.3523,1.35265,1.00,3.60
2010.07.29 12:34:33.367,1.3523,1.3526,1.00,1.20
2010.07.29 12:34:33.524,1.35225,1.35255,1.60,1.00
2010.07.29 12:34:33.687,1.3522,1.3525,7.20,1.00
2010.07.29 12:34:34.139,1.3522,1.35255,7.20,1.20
2010.07.29 12:34:34.485,1.3522,1.3525,1.60,1.60
2010.07.29 12:34:34.830,1.3522,1.3525,1.60,2.00
2010.07.29 12:34:35.633,1.35225,1.35255,1.00,1.00
2010.07.29 12:34:35.899,1.35225,1.3525,1.00,1.60
2010.07.29 12:34:36.430,1.35225,1.35255,1.00,1.00
2010.07.29 12:34:37.212,1.35225,1.35255,1.60,1.00
2010.07.29 12:34:37.448,1.35235,1.35265,2.40,1.20
2010.07.29 12:34:37.761,1.35245,1.35275,1.00,2.80
2010.07.29 12:34:39.899,1.35245,1.35275,1.00,1.20
2010.07.29 12:34:41.069,1.3524,1.3527,1.00,1.20
2010.07.29 12:34:41.568,1.3524,1.3527,1.00,2.80
2010.07.29 12:34:41.708,1.35235,1.3526,2.40,1.00
2010.07.29 12:34:41.780,1.3523,1.3526,1.00,1.20
2010.07.29 12:34:41.928,1.35225,1.35255,1.60,1.00
2010.07.29 12:34:42.632,1.35235,1.35255,1.00,1.00
2010.07.29 12:34:42.978,1.35235,1.3527,3.20,1.20
2010.07.29 12:34:43.650,1.35235,1.35265,1.60,2.00
2010.07.29 12:34:43.775,1.35235,1.35265,1.60,2.80
2010.07.29 12:34:43.891,1.35235,1.35265,1.60,6.80
2010.07.29 12:34:44.460,1.35235,1.3526,1.00,1.00
2010.07.29 12:34:44.803,1.35235,1.35265,1.60,1.00
2010.07.29 12:34:45.145,1.3524,1.3527,1.00,1.20
2010.07.29 12:34:46.262,1.3524,1.3527,1.60,1.00
2010.07.29 12:34:47.937,1.3525,1.3527,1.00,1.00
2010.07.29 12:34:48.114,1.35255,1.35285,8.80,1.20
2010.07.29 12:34:48.292,1.35255,1.35285,1.00,1.20
2010.07.29 12:34:48.460,1.3525,1.35285,1.60,1.20
2010.07.29 12:34:48.710,1.3525,1.3528,1.60,1.20
2010.07.29 12:34:48.962,1.3525,1.35275,1.00,1.00
2010.07.29 12:34:49.592,1.35245,1.35275,1.00,1.20
2010.07.29 12:34:49.715,1.35245,1.3528,1.00,3.40
2010.07.29 12:34:50.299,1.35245,1.35275,1.00,1.20
2010.07.29 12:34:50.640,1.35245,1.35275,3.20,1.20
2010.07.29 12:34:50.983,1.3525,1.35275,1.60,1.00
2010.07.29 12:34:51.579,1.35245,1.35275,1.00,1.00
2010.07.29 12:34:51.927,1.3525,1.3528,1.60,1.00
2010.07.29 12:34:52.966,1.3525,1.3528,1.00,1.20
2010.07.29 12:34:53.160,1.35245,1.3528,1.60,1.20
2010.07.29 12:34:55.542,1.3524,1.3527,8.00,1.20
2010.07.29 12:34:55.698,1.35235,1.3527,12.80,1.20
2010.07.29 12:34:56.161,1.35265,1.3527,1.60,1.20
2010.07.29 12:34:56.795,1.35265,1.35295,1.60,2.80
2010.07.29 12:34:57.597,1.35275,1.353,1.60,1.20
2010.07.29 12:34:57.944,1.35245,1.3527,1.00,1.00
2010.07.29 12:34:58.645,1.3524,1.3527,2.40,1.20
2010.07.29 12:34:59.141,1.3524,1.3527,1.00,1.20
2010.07.29 12:35:00.281,1.35235,1.35265,3.20,1.00
2010.07.29 12:35:00.887,1.35235,1.35265,7.20,1.00
2010.07.29 12:35:01.128,1.35235,1.35265,1.00,1.20
2010.07.29 12:35:01.931,1.3525,1.35285,1.00,2.00
2010.07.29 12:35:02.271,1.35255,1.35285,1.60,2.00
2010.07.29 12:35:03.732,1.35255,1.3527,1.00,1.60
2010.07.29 12:35:03.871,1.3525,1.3527,4.00,1.60
2010.07.29 12:35:04.470,1.35245,1.3528,7.20,1.00
2010.07.29 12:35:05.082,1.3526,1.3529,1.60,1.00
2010.07.29 12:35:06.629,1.35265,1.3529,1.00,1.00
2010.07.29 12:35:07.272,1.35275,1.3531,1.60,1.00
2010.07.29 12:35:07.480,1.3529,1.35315,1.00,1.00
2010.07.29 12:35:07.683,1.35285,1.35315,1.00,2.40
2010.07.29 12:35:08.373,1.3528,1.35305,1.00,1.00
2010.07.29 12:35:08.712,1.35275,1.35305,3.20,1.00
2010.07.29 12:35:09.051,1.3528,1.3531,2.40,1.20
2010.07.29 12:35:11.688,1.3528,1.3531,4.00,1.20
2010.07.29 12:35:11.984,1.35275,1.35305,2.40,1.20
2010.07.29 12:35:12.282,1.35275,1.35305,2.40,1.00
2010.07.29 12:35:12.741,1.35275,1.3531,3.20,1.20
2010.07.29 12:35:13.093,1.35275,1.35305,1.00,1.20
2010.07.29 12:35:13.772,1.3527,1.35305,1.00,1.20
2010.07.29 12:35:14.229,1.3527,1.353,1.00,1.60
2010.07.29 12:35:14.554,1.3527,1.353,1.00,2.80
2010.07.29 12:35:15.149,1.3527,1.353,1.00,1.20
2010.07.29 12:35:15.882,1.3527,1.35305,1.00,1.20
2010.07.29 12:35:17.653,1.3527,1.35305,1.60,1.20
2010.07.29 12:35:19.529,1.3527,1.353,1.00,1.20
2010.07.29 12:35:22.978,1.3527,1.353,1.00,2.80
2010.07.29 12:35:23.739,1.3527,1.353,1.00,3.40
2010.07.29 12:35:24.476,1.3526,1.35295,3.20,1.20
2010.07.29 12:35:24.733,1.3526,1.3529,1.00,1.00
2010.07.29 12:35:25.420,1.3526,1.3529,1.00,1.20
2010.07.29 12:35:26.671,1.35255,1.35285,1.60,1.00
2010.07.29 12:35:26.940,1.3526,1.3529,1.60,1.00
2010.07.29 12:35:28.157,1.35255,1.3529,1.00,1.20
2010.07.29 12:35:28.506,1.35255,1.3529,3.20,1.20
2010.07.29 12:35:30.040,1.35255,1.35285,3.20,1.00
2010.07.29 12:35:30.230,1.35255,1.3529,3.20,1.20
2010.07.29 12:35:30.421,1.3526,1.3529,1.60,1.20
2010.07.29 12:35:30.611,1.35265,1.3529,1.60,1.20
2010.07.29 12:35:31.256,1.35265,1.3529,1.60,1.00
2010.07.29 12:35:32.253,1.35265,1.35295,2.40,1.20
2010.07.29 12:35:35.268,1.35265,1.35295,3.20,1.00
2010.07.29 12:35:39.009,1.35265,1.35295,4.80,1.00
2010.07.29 12:35:39.430,1.3527,1.353,1.00,1.20
2010.07.29 12:35:40.500,1.35275,1.353,1.60,1.20
2010.07.29 12:35:40.741,1.35275,1.35305,1.60,1.20
2010.07.29 12:35:41.442,1.35275,1.35305,1.60,1.00
2010.07.29 12:35:41.971,1.3528,1.35305,1.60,1.00
2010.07.29 12:35:42.242,1.3528,1.3531,2.40,1.20
2010.07.29 12:35:42.959,1.3528,1.3531,1.00,1.20
2010.07.29 12:35:44.089,1.3528,1.35315,1.60,1.20
2010.07.29 12:35:45.021,1.3528,1.35315,4.00,1.20
2010.07.29 12:35:45.234,1.3529,1.3532,1.00,1.20
2010.07.29 12:35:47.269,1.3529,1.35325,1.60,1.20
2010.07.29 12:35:47.504,1.3529,1.35325,5.60,1.20
2010.07.29 12:35:47.961,1.3529,1.35325,1.60,1.20
2010.07.29 12:35:48.189,1.3529,1.35325,5.60,1.20
2010.07.29 12:35:48.420,1.3529,1.35325,1.60,1.20
2010.07.29 12:35:49.756,1.35295,1.35325,1.60,1.00
2010.07.29 12:35:50.023,1.353,1.3533,1.60,1.00
2010.07.29 12:35:51.170,1.35305,1.35335,1.00,2.80
2010.07.29 12:35:51.891,1.353,1.3533,1.60,1.00
2010.07.29 12:35:52.832,1.353,1.3533,3.20,1.00
2010.07.29 12:35:53.033,1.35305,1.35335,1.00,1.20
2010.07.29 12:35:54.971,1.35305,1.3534,1.60,1.20
2010.07.29 12:35:55.319,1.35305,1.35335,1.00,4.00
2010.07.29 12:35:55.592,1.35305,1.35335,1.00,1.20
2010.07.29 12:35:55.862,1.353,1.35335,1.60,1.20
2010.07.29 12:35:56.664,1.353,1.35335,3.20,1.20
2010.07.29 12:35:57.001,1.35305,1.35335,1.00,1.20
2010.07.29 12:35:57.342,1.35305,1.35335,1.00,2.00
2010.07.29 12:35:58.175,1.353,1.3533,1.00,1.20
2010.07.29 12:35:58.524,1.35295,1.3533,1.60,5.20
2010.07.29 12:35:59.266,1.35295,1.35325,3.20,1.00
2010.07.29 12:35:59.573,1.35295,1.35325,1.60,1.20
2010.07.29 12:36:02.623,1.3529,1.3532,3.20,1.00
2010.07.29 12:36:03.190,1.3529,1.3532,4.80,1.00
2010.07.29 12:36:04.553,1.3529,1.3532,2.40,1.20
2010.07.29 12:36:04.691,1.3529,1.3532,1.00,1.20
2010.07.29 12:36:05.089,1.3529,1.3532,4.00,1.20
2010.07.29 12:36:05.479,1.3529,1.3532,2.40,1.20
2010.07.29 12:36:08.051,1.353,1.3532,1.60,1.20
2010.07.29 12:36:08.261,1.35295,1.3533,3.20,1.20
2010.07.29 12:36:10.001,1.3529,1.35325,4.80,4.00
2010.07.29 12:36:10.261,1.35295,1.3533,1.60,1.20
2010.07.29 12:36:10.522,1.353,1.3533,2.40,1.00
2010.07.29 12:36:11.163,1.35305,1.3533,1.60,1.00
2010.07.29 12:36:11.374,1.353,1.3533,1.00,1.00
2010.07.29 12:36:12.183,1.35295,1.3533,3.20,1.20
2010.07.29 12:36:13.131,1.353,1.3533,1.00,1.20
2010.07.29 12:36:14.700,1.353,1.3533,1.00,1.00
2010.07.29 12:36:17.917,1.353,1.3533,1.00,1.20
2010.07.29 12:36:18.265,1.353,1.3533,2.40,1.20
2010.07.29 12:36:18.994,1.3531,1.35335,1.60,1.00
2010.07.29 12:36:19.269,1.3532,1.35345,1.60,1.00
2010.07.29 12:36:19.595,1.35315,1.3535,11.20,1.00
2010.07.29 12:36:20.382,1.35315,1.3535,8.80,1.20
2010.07.29 12:36:20.716,1.35325,1.35355,1.00,1.20
2010.07.29 12:36:21.475,1.3532,1.3535,3.20,1.00
2010.07.29 12:36:21.785,1.35325,1.3535,2.40,1.00
2010.07.29 12:36:22.094,1.3533,1.3536,1.60,1.00
2010.07.29 12:36:22.392,1.35335,1.3536,1.60,1.00
2010.07.29 12:36:23.104,1.3536,1.35375,1.60,1.20
2010.07.29 12:36:23.380,1.3534,1.35375,4.80,1.20
2010.07.29 12:36:23.661,1.3534,1.35375,3.20,1.20
2010.07.29 12:36:24.152,1.35345,1.35375,1.60,1.20
2010.07.29 12:36:24.456,1.3536,1.35385,3.20,8.40
2010.07.29 12:36:24.756,1.3536,1.35385,1.60,8.00
2010.07.29 12:36:25.507,1.35355,1.3538,1.60,8.00
2010.07.29 12:36:25.781,1.35345,1.3537,1.00,4.00
2010.07.29 12:36:26.602,1.35345,1.3538,3.20,9.20
2010.07.29 12:36:27.998,1.35345,1.35375,1.60,4.00
2010.07.29 12:36:28.155,1.35345,1.3537,3.20,8.00
2010.07.29 12:36:28.310,1.35335,1.3537,4.80,9.20
2010.07.29 12:36:28.930,1.35335,1.3537,3.20,9.20
2010.07.29 12:36:29.098,1.35345,1.35365,1.60,1.20
2010.07.29 12:36:29.447,1.3533,1.35355,2.70,4.00
2010.07.29 12:36:30.020,1.3533,1.35355,1.10,4.00
2010.07.29 12:36:30.368,1.3533,1.35355,1.10,1.20
2010.07.29 12:36:30.612,1.35325,1.35355,3.20,1.20
2010.07.29 12:36:31.532,1.3532,1.3535,4.50,1.00
2010.07.29 12:36:31.844,1.35325,1.35355,2.40,1.20
2010.07.29 12:36:32.450,1.35325,1.3535,1.60,1.00
2010.07.29 12:36:33.151,1.3532,1.3535,3.20,1.00
2010.07.29 12:36:33.477,1.35325,1.3536,6.40,2.80
2010.07.29 12:36:33.802,1.35325,1.3536,1.00,2.80
2010.07.29 12:36:34.869,1.35325,1.35355,1.00,1.20
2010.07.29 12:36:35.079,1.35315,1.3535,3.20,1.20
2010.07.29 12:36:35.743,1.3532,1.3535,1.60,1.20
2010.07.29 12:36:36.244,1.35315,1.3535,8.80,1.20
2010.07.29 12:36:37.245,1.35315,1.3534,4.00,1.00
2010.07.29 12:36:37.825,1.3531,1.3534,1.00,1.20
2010.07.29 12:36:38.555,1.35305,1.3534,2.40,2.80
2010.07.29 12:36:38.865,1.3531,1.3534,1.00,1.20
2010.07.29 12:36:40.024,1.35305,1.3534,3.20,1.20
2010.07.29 12:36:40.739,1.3531,1.3534,4.00,1.20
2010.07.29 12:36:41.415,1.35315,1.3534,1.60,1.20
2010.07.29 12:36:41.666,1.3531,1.3534,1.00,1.20
2010.07.29 12:36:42.582,1.35315,1.3534,1.00,1.00
2010.07.29 12:36:42.606,1.35315,1.35345,1.60,1.00
2010.07.29 12:36:42.947,1.35315,1.3535,1.60,1.20
2010.07.29 12:36:43.649,1.35315,1.35345,1.60,1.00
2010.07.29 12:36:43.966,1.35315,1.35345,1.60,1.20
2010.07.29 12:36:44.285,1.3531,1.3534,1.00,1.20
2010.07.29 12:36:45.402,1.35315,1.3534,1.00,1.00
2010.07.29 12:36:45.743,1.35315,1.35345,1.60,1.00
2010.07.29 12:36:46.588,1.3531,1.35345,1.60,1.20
2010.07.29 12:36:49.738,1.3531,1.35345,3.20,1.20
2010.07.29 12:36:49.965,1.3531,1.35345,1.00,4.40
2010.07.29 12:36:50.621,1.3531,1.3534,1.00,1.60
2010.07.29 12:36:50.839,1.3531,1.3534,1.00,2.80
2010.07.29 12:36:51.053,1.35305,1.35335,1.60,1.00
2010.07.29 12:36:51.876,1.35315,1.35345,1.00,9.00
2010.07.29 12:36:52.229,1.3531,1.3533,1.60,1.20
2010.07.29 12:36:52.828,1.35305,1.35325,1.60,1.00
2010.07.29 12:36:53.188,1.3529,1.3532,1.60,1.00
2010.07.29 12:36:53.432,1.3529,1.3532,3.20,1.00
2010.07.29 12:36:53.920,1.3529,1.3532,1.60,1.00
2010.07.29 12:36:54.393,1.3529,1.3532,1.00,1.20
2010.07.29 12:36:54.665,1.3528,1.3531,1.60,1.60
2010.07.29 12:36:54.945,1.3528,1.35315,4.80,5.20
2010.07.29 12:36:55.676,1.35295,1.3533,1.00,11.80
2010.07.29 12:36:55.936,1.353,1.3533,1.00,1.20
2010.07.29 12:36:56.193,1.353,1.3533,1.00,1.00
2010.07.29 12:36:56.701,1.353,1.3533,1.00,1.20
2010.07.29 12:36:57.528,1.35305,1.3533,1.00,1.00
2010.07.29 12:36:58.215,1.35305,1.35335,1.00,2.80
2010.07.29 12:36:59.583,1.35305,1.35335,1.60,2.80
2010.07.29 12:37:00.238,1.35305,1.35335,1.00,2.80
2010.07.29 12:37:00.426,1.35305,1.3533,1.60,1.00
2010.07.29 12:37:00.613,1.353,1.3533,1.60,1.00
2010.07.29 12:37:02.591,1.35295,1.3533,3.20,1.20
2010.07.29 12:37:02.889,1.35295,1.3533,1.60,1.20
2010.07.29 12:37:05.228,1.35295,1.3533,3.20,1.20
2010.07.29 12:37:08.573,1.35305,1.35335,1.00,2.80
2010.07.29 12:37:08.713,1.35305,1.35335,1.00,1.00
2010.07.29 12:37:08.851,1.35305,1.35335,1.60,1.00
2010.07.29 12:37:09.459,1.35305,1.3534,1.60,1.20
2010.07.29 12:37:09.804,1.35305,1.35335,1.00,1.20
2010.07.29 12:37:11.844,1.35305,1.35335,1.00,2.80
2010.07.29 12:37:13.133,1.353,1.3533,1.00,1.20
2010.07.29 12:37:13.432,1.3529,1.3532,3.20,1.00
2010.07.29 12:37:14.217,1.3529,1.3532,4.80,1.00
2010.07.29 12:37:14.520,1.35295,1.3532,1.60,1.00
2010.07.29 12:37:14.861,1.3529,1.3532,4.80,1.00
2010.07.29 12:37:15.199,1.35295,1.3532,1.60,1.00
2010.07.29 12:37:15.714,1.3529,1.3532,4.80,1.00
2010.07.29 12:37:16.033,1.35295,1.35325,1.00,1.20
2010.07.29 12:37:16.569,1.35295,1.35325,2.40,1.20
2010.07.29 12:37:17.504,1.353,1.3533,1.60,1.00
2010.07.29 12:37:17.707,1.35305,1.35335,1.60,1.00
2010.07.29 12:37:18.543,1.35305,1.35335,1.00,1.00
2010.07.29 12:37:19.171,1.3531,1.3534,1.00,1.00
2010.07.29 12:37:19.913,1.3531,1.3534,1.60,1.00
2010.07.29 12:37:20.535,1.3531,1.3534,3.20,1.00
2010.07.29 12:37:21.819,1.353,1.35335,3.20,1.20
2010.07.29 12:37:22.145,1.353,1.35335,1.60,2.80
2010.07.29 12:37:22.492,1.353,1.3533,1.60,1.20
2010.07.29 12:37:22.953,1.353,1.3533,3.20,1.20
2010.07.29 12:37:23.311,1.353,1.3533,1.60,1.20
2010.07.29 12:37:29.120,1.35305,1.3533,1.00,1.00
2010.07.29 12:37:29.201,1.35305,1.35335,1.00,1.20
2010.07.29 12:37:29.858,1.35305,1.35335,1.60,1.00
2010.07.29 12:37:30.547,1.3531,1.3534,1.00,1.20
2010.07.29 12:37:34.204,1.35305,1.35335,3.20,1.00
2010.07.29 12:37:34.445,1.353,1.3533,2.40,1.20
2010.07.29 12:37:35.164,1.35305,1.35335,1.00,1.00
2010.07.29 12:37:35.508,1.35305,1.35335,2.40,1.00
2010.07.29 12:37:36.894,1.35305,1.3534,8.80,1.20
2010.07.29 12:37:38.347,1.35305,1.3534,3.20,2.80
2010.07.29 12:37:38.960,1.35305,1.3534,1.60,2.80
2010.07.29 12:37:39.178,1.35305,1.35335,1.60,1.00
2010.07.29 12:37:41.088,1.35305,1.35335,1.00,1.20
2010.07.29 12:37:41.320,1.353,1.35335,1.60,2.80
2010.07.29 12:37:41.553,1.353,1.3533,1.60,1.60
2010.07.29 12:37:41.783,1.35295,1.35325,3.20,1.00
2010.07.29 12:37:42.455,1.35305,1.3534,1.00,6.00
2010.07.29 12:37:42.796,1.35305,1.3534,1.00,6.80
2010.07.29 12:37:43.125,1.35305,1.3534,1.60,2.80
2010.07.29 12:37:43.922,1.353,1.3533,1.00,1.20
2010.07.29 12:37:45.322,1.35295,1.35325,1.60,1.00
2010.07.29 12:37:45.741,1.35295,1.35325,2.40,1.00
2010.07.29 12:37:45.871,1.353,1.35325,1.60,1.00
2010.07.29 12:37:46.319,1.353,1.35325,5.60,1.00
2010.07.29 12:37:46.455,1.35305,1.35335,1.60,1.20
2010.07.29 12:37:48.853,1.353,1.35335,9.60,1.20
2010.07.29 12:37:48.994,1.353,1.35335,1.60,1.20
2010.07.29 12:37:49.269,1.353,1.3533,1.00,1.20
2010.07.29 12:37:50.863,1.35295,1.35325,1.60,1.00
2010.07.29 12:37:51.002,1.3529,1.35325,1.60,1.20
2010.07.29 12:37:55.130,1.3529,1.3532,1.60,1.20
2010.07.29 12:37:55.359,1.35285,1.3532,8.80,1.20
2010.07.29 12:37:55.591,1.35285,1.35315,1.00,1.20
2010.07.29 12:37:56.772,1.35285,1.35315,1.60,1.20
2010.07.29 12:37:56.950,1.353,1.35315,1.60,1.20
2010.07.29 12:37:57.130,1.353,1.3532,1.60,1.20
2010.07.29 12:37:57.311,1.3529,1.3532,1.60,1.20
2010.07.29 12:37:57.490,1.35285,1.3532,8.80,1.20
2010.07.29 12:37:58.762,1.35295,1.35325,1.00,2.80
2010.07.29 12:37:58.815,1.35295,1.35325,1.00,1.20
2010.07.29 12:37:59.463,1.3529,1.35325,1.60,1.00
2010.07.29 12:37:59.709,1.3529,1.35325,1.60,1.20
2010.07.29 12:38:00.100,1.3529,1.35325,3.20,1.20
2010.07.29 12:38:00.441,1.3529,1.35325,1.60,1.20
2010.07.29 12:38:02.355,1.3529,1.3532,1.00,1.00
2010.07.29 12:38:02.693,1.3529,1.3532,1.00,1.20
2010.07.29 12:38:03.541,1.35285,1.35315,3.20,1.00
2010.07.29 12:38:04.941,1.3529,1.3532,1.00,1.20
2010.07.29 12:38:05.239,1.3528,1.35315,11.20,1.00
2010.07.29 12:38:05.889,1.3528,1.3531,1.60,1.60
2010.07.29 12:38:06.237,1.35275,1.353,4.00,1.00
2010.07.29 12:38:06.922,1.3527,1.353,1.60,1.00
2010.07.29 12:38:07.172,1.3527,1.353,3.20,1.00
2010.07.29 12:38:07.863,1.3527,1.353,2.40,1.20
2010.07.29 12:38:08.201,1.3527,1.353,4.00,1.20
2010.07.29 12:38:08.991,1.35275,1.35305,2.40,1.20
2010.07.29 12:38:09.432,1.35275,1.35305,3.20,1.00
2010.07.29 12:38:09.650,1.35285,1.3531,1.00,1.00
2010.07.29 12:38:09.871,1.35285,1.35315,1.00,1.20
2010.07.29 12:38:10.692,1.3528,1.3531,3.20,1.00
2010.07.29 12:38:11.371,1.35285,1.35315,1.00,1.20
2010.07.29 12:38:16.430,1.35285,1.35315,2.40,1.20
2010.07.29 12:38:16.860,1.35285,1.35315,1.00,1.20
2010.07.29 12:38:18.680,1.35285,1.35315,2.40,1.20
2010.07.29 12:38:18.891,1.3529,1.3532,1.00,1.20
2010.07.29 12:38:21.154,1.3529,1.3532,2.40,1.20
2010.07.29 12:38:22.525,1.3529,1.3532,1.00,2.80
2010.07.29 12:38:23.359,1.35285,1.35315,1.00,1.20
2010.07.29 12:38:23.628,1.3528,1.35305,1.60,1.00
2010.07.29 12:38:24.332,1.3528,1.3531,3.20,1.00
2010.07.29 12:38:24.931,1.35285,1.3531,1.00,1.00
2010.07.29 12:38:25.712,1.35295,1.3532,1.00,8.00
2010.07.29 12:38:25.902,1.35295,1.35325,1.00,1.20
2010.07.29 12:38:26.811,1.35295,1.35315,1.00,1.60
2010.07.29 12:38:27.595,1.35275,1.35305,1.00,1.00
2010.07.29 12:38:27.943,1.35275,1.35305,1.00,1.20
2010.07.29 12:38:28.581,1.3527,1.353,2.40,1.20
2010.07.29 12:38:28.788,1.3527,1.353,1.00,1.20
2010.07.29 12:38:30.126,1.3527,1.353,2.40,1.20
2010.07.29 12:38:30.314,1.35275,1.353,1.60,1.20
2010.07.29 12:38:30.402,1.35275,1.353,1.60,1.00
2010.07.29 12:38:30.958,1.35275,1.35295,1.60,1.20
2010.07.29 12:38:31.141,1.3527,1.35295,1.60,2.80
2010.07.29 12:38:31.482,1.35265,1.3529,1.60,1.00
2010.07.29 12:38:32.163,1.35265,1.35295,2.40,1.20
2010.07.29 12:38:32.893,1.35265,1.35295,3.20,1.00
2010.07.29 12:38:33.164,1.3527,1.35295,1.60,1.00
2010.07.29 12:38:33.405,1.3527,1.35305,3.20,1.20
2010.07.29 12:38:34.127,1.3527,1.353,2.40,1.20
2010.07.29 12:38:35.170,1.3527,1.353,1.00,2.80
2010.07.29 12:38:36.307,1.3527,1.353,1.60,1.00
2010.07.29 12:38:37.036,1.3527,1.3529,1.00,1.60
2010.07.29 12:38:37.882,1.3526,1.35285,1.60,1.00
2010.07.29 12:38:38.221,1.35255,1.35285,3.20,1.00
2010.07.29 12:38:39.364,1.3526,1.3529,1.00,1.20
2010.07.29 12:38:39.959,1.3526,1.35295,1.60,1.20
2010.07.29 12:38:40.705,1.3526,1.3529,1.00,2.80
2010.07.29 12:38:41.434,1.35255,1.35285,1.60,1.00
2010.07.29 12:38:41.641,1.3525,1.35285,1.60,2.00
2010.07.29 12:38:42.288,1.3525,1.3528,1.00,1.20
2010.07.29 12:38:42.621,1.3525,1.35275,1.60,1.20
2010.07.29 12:38:42.960,1.3524,1.35275,3.20,1.20
2010.07.29 12:38:46.999,1.35245,1.35275,1.60,1.00
2010.07.29 12:38:47.927,1.3525,1.3528,1.60,1.20
2010.07.29 12:38:48.282,1.35245,1.35275,1.00,2.80
2010.07.29 12:38:49.221,1.3524,1.3527,1.60,1.00
2010.07.29 12:38:49.853,1.35235,1.3527,1.00,1.20
2010.07.29 12:38:50.829,1.3524,1.3527,1.00,1.20
2010.07.29 12:38:51.131,1.35245,1.35275,3.20,1.00
2010.07.29 12:38:51.929,1.35245,1.3528,3.20,1.20
2010.07.29 12:38:52.131,1.35245,1.35275,2.40,1.00
2010.07.29 12:38:52.530,1.35245,1.35275,2.40,1.20
2010.07.29 12:38:53.869,1.35245,1.35275,1.00,1.20
2010.07.29 12:38:53.934,1.3525,1.35275,1.00,1.00
2010.07.29 12:38:54.059,1.3525,1.3528,1.00,1.20
2010.07.29 12:38:54.239,1.3525,1.3528,1.00,1.00
2010.07.29 12:38:54.777,1.3525,1.3528,1.60,1.00
2010.07.29 12:38:54.847,1.35255,1.3529,1.00,2.80
2010.07.29 12:38:55.562,1.35255,1.35285,1.00,1.20
2010.07.29 12:38:58.791,1.35255,1.3529,1.60,1.20
2010.07.29 12:39:00.399,1.35255,1.35285,1.60,2.00
2010.07.29 12:39:00.639,1.3525,1.35285,3.20,1.20
2010.07.29 12:39:01.302,1.3525,1.35285,1.60,1.20
2010.07.29 12:39:01.646,1.3525,1.35275,1.00,1.60
2010.07.29 12:39:02.451,1.3525,1.3528,1.00,1.20
2010.07.29 12:39:02.746,1.35265,1.3529,1.00,6.40
2010.07.29 12:39:03.036,1.35265,1.3529,1.00,1.60
2010.07.29 12:39:03.793,1.3527,1.353,1.00,1.00
2010.07.29 12:39:04.689,1.35275,1.35305,1.00,1.20
2010.07.29 12:39:04.988,1.35265,1.353,1.60,2.80
2010.07.29 12:39:05.732,1.35265,1.353,5.60,2.80
2010.07.29 12:39:06.083,1.353,1.3531,1.60,1.00
2010.07.29 12:39:06.878,1.35305,1.35325,1.60,1.60
2010.07.29 12:39:07.228,1.3531,1.35325,1.00,1.60
2010.07.29 12:39:07.575,1.3531,1.3534,1.60,2.00
2010.07.29 12:39:08.355,1.35305,1.3533,1.60,1.60
2010.07.29 12:39:09.407,1.35315,1.35345,1.00,1.80
2010.07.29 12:39:09.664,1.35315,1.35345,1.00,1.00
2010.07.29 12:39:11.002,1.3531,1.3533,1.60,1.00
2010.07.29 12:39:11.282,1.3531,1.35325,1.60,1.20
2010.07.29 12:39:12.033,1.3529,1.35325,7.70,1.20
2010.07.29 12:39:14.486,1.3529,1.35325,6.10,1.20
2010.07.29 12:39:15.669,1.3529,1.35325,7.70,1.20
2010.07.29 12:39:15.841,1.35295,1.35325,3.20,1.00
2010.07.29 12:39:16.451,1.35295,1.35305,2.40,1.00
2010.07.29 12:39:16.625,1.35275,1.35305,1.60,1.00
2010.07.29 12:39:16.892,1.3528,1.35305,1.60,1.00
2010.07.29 12:39:17.163,1.35285,1.35315,1.00,1.20
2010.07.29 12:39:17.760,1.3528,1.3531,1.60,1.00
2010.07.29 12:39:18.017,1.35285,1.35315,4.00,1.20
2010.07.29 12:39:18.747,1.35285,1.35315,1.00,2.80
2010.07.29 12:39:19.433,1.35285,1.35315,1.00,1.20
2010.07.29 12:39:19.774,1.3528,1.3531,1.00,1.20
2010.07.29 12:39:20.578,1.3527,1.353,4.80,1.00
2010.07.29 12:39:21.420,1.3527,1.353,1.60,1.00
2010.07.29 12:39:21.570,1.35265,1.35295,3.20,1.00
2010.07.29 12:39:23.361,1.3526,1.35295,3.20,1.20
2010.07.29 12:39:26.724,1.35265,1.35295,1.60,1.00
2010.07.29 12:39:31.826,1.35265,1.35295,1.00,1.20
2010.07.29 12:39:34.661,1.35265,1.35295,1.00,2.80
2010.07.29 12:39:35.671,1.3526,1.3529,1.60,1.00
2010.07.29 12:39:35.834,1.3526,1.3529,1.00,2.80
2010.07.29 12:39:37.720,1.35255,1.35285,3.20,1.00
2010.07.29 12:39:37.895,1.35255,1.35285,11.20,1.00
2010.07.29 12:39:38.373,1.35255,1.35285,3.20,1.00
2010.07.29 12:39:38.881,1.35255,1.35285,1.60,1.00
2010.07.29 12:39:39.848,1.3525,1.35285,1.00,1.20
2010.07.29 12:39:40.130,1.3525,1.3528,1.00,1.20
2010.07.29 12:39:45.633,1.35245,1.35275,1.60,2.00
2010.07.29 12:39:45.751,1.3525,1.3528,1.60,1.00
2010.07.29 12:39:47.381,1.35255,1.3528,1.00,1.00
2010.07.29 12:39:47.590,1.35255,1.3528,4.80,1.00
2010.07.29 12:39:47.801,1.35265,1.35285,1.60,1.00
2010.07.29 12:39:48.350,1.3526,1.35285,2.40,1.00
2010.07.29 12:39:48.690,1.3526,1.3529,2.40,1.20
2010.07.29 12:39:49.585,1.3525,1.35285,3.70,2.80
2010.07.29 12:39:49.711,1.3525,1.35285,1.60,2.80
2010.07.29 12:39:49.840,1.3525,1.35285,1.60,1.20
2010.07.29 12:39:50.402,1.35255,1.35285,1.00,1.00
2010.07.29 12:39:50.881,1.3525,1.35285,1.60,1.00
2010.07.29 12:39:51.220,1.35255,1.35285,1.60,1.00
2010.07.29 12:39:55.130,1.3526,1.3529,1.60,1.00
2010.07.29 12:39:55.877,1.35265,1.35295,1.00,1.00
2010.07.29 12:39:58.195,1.3527,1.35295,3.20,1.00
2010.07.29 12:39:58.812,1.35275,1.35305,1.00,1.20
2010.07.29 12:40:00.791,1.3528,1.3531,1.00,2.80
2010.07.29 12:40:01.471,1.3528,1.3531,1.00,1.20
2010.07.29 12:40:01.920,1.3528,1.3531,1.00,1.00
2010.07.29 12:40:02.112,1.3528,1.35315,1.60,1.20
2010.07.29 12:40:02.483,1.35285,1.35315,1.60,1.20
2010.07.29 12:40:02.823,1.3528,1.35315,1.60,2.80
2010.07.29 12:40:03.163,1.3528,1.3531,1.00,1.00
2010.07.29 12:40:03.824,1.35285,1.3531,1.00,1.00
2010.07.29 12:40:04.032,1.35275,1.3531,1.60,1.20
2010.07.29 12:40:08.138,1.35285,1.35315,2.40,1.00
2010.07.29 12:40:08.261,1.35285,1.35315,1.00,1.00
2010.07.29 12:40:08.506,1.35285,1.3531,1.00,1.00
2010.07.29 12:40:09.053,1.3528,1.3531,1.00,1.20
2010.07.29 12:40:09.399,1.35275,1.35305,1.60,1.00
2010.07.29 12:40:10.880,1.35275,1.35305,1.00,1.20
2010.07.29 12:40:11.225,1.35285,1.35305,1.60,1.20
2010.07.29 12:40:11.384,1.35275,1.35305,1.00,1.00
2010.07.29 12:40:11.987,1.35275,1.35305,1.00,1.20
2010.07.29 12:40:12.645,1.35285,1.3531,1.00,1.20
2010.07.29 12:40:12.985,1.35285,1.35315,5.60,1.00
2010.07.29 12:40:13.757,1.35285,1.35315,1.60,1.20
2010.07.29 12:40:14.091,1.35285,1.35315,3.20,1.00
2010.07.29 12:40:14.420,1.35285,1.35315,1.60,1.00
2010.07.29 12:40:14.670,1.35285,1.35315,1.60,1.20
2010.07.29 12:40:15.040,1.3528,1.35315,1.60,2.80
2010.07.29 12:40:15.530,1.3528,1.3531,1.00,1.20
2010.07.29 12:40:18.031,1.35275,1.35305,1.60,1.00
2010.07.29 12:40:18.813,1.35275,1.35305,1.60,2.00
2010.07.29 12:40:19.524,1.3527,1.353,1.60,1.00
2010.07.29 12:40:20.061,1.3527,1.353,1.00,1.20
2010.07.29 12:40:21.326,1.3527,1.353,1.60,1.00
2010.07.29 12:40:22.090,1.3527,1.353,1.00,1.20
2010.07.29 12:40:22.718,1.3527,1.353,1.00,1.00
2010.07.29 12:40:23.951,1.3527,1.353,1.60,1.00
2010.07.29 12:40:24.152,1.35265,1.35295,5.60,1.00
2010.07.29 12:40:24.616,1.35265,1.35295,1.60,1.00
2010.07.29 12:40:24.857,1.3528,1.3531,1.60,1.00
2010.07.29 12:40:26.834,1.35275,1.35305,4.80,1.00
2010.07.29 12:40:28.180,1.3527,1.35305,2.40,4.40
2010.07.29 12:40:28.372,1.3527,1.35305,3.20,2.80
2010.07.29 12:40:29.411,1.3527,1.35305,3.20,1.20
2010.07.29 12:40:30.431,1.3528,1.35305,1.60,1.20
2010.07.29 12:40:30.633,1.35285,1.3531,1.60,1.20
2010.07.29 12:40:30.832,1.35275,1.3531,4.00,1.20
2010.07.29 12:40:31.031,1.35275,1.35305,3.20,1.00
2010.07.29 12:40:31.620,1.35275,1.35305,1.00,1.20
2010.07.29 12:40:31.804,1.3527,1.353,2.40,1.20
2010.07.29 12:40:32.369,1.3527,1.353,1.00,1.20
2010.07.29 12:40:35.591,1.35265,1.3529,1.60,1.00
2010.07.29 12:40:36.122,1.3526,1.3529,3.70,1.00
2010.07.29 12:40:36.376,1.35255,1.35285,3.20,1.20
2010.07.29 12:40:36.625,1.3527,1.353,1.60,9.00
2010.07.29 12:40:37.373,1.3527,1.353,1.60,1.00
2010.07.29 12:40:39.134,1.3527,1.3528,1.60,1.00
2010.07.29 12:40:40.884,1.35265,1.3528,1.60,1.00
2010.07.29 12:40:40.980,1.3526,1.3528,8.00,1.00
2010.07.29 12:40:41.080,1.3526,1.3528,6.40,1.00
2010.07.29 12:40:41.270,1.3526,1.3528,4.80,1.00
2010.07.29 12:40:41.761,1.3526,1.3528,6.40,1.00
2010.07.29 12:40:42.104,1.3526,1.3528,1.00,1.00
2010.07.29 12:40:43.234,1.35255,1.35265,1.00,1.00
2010.07.29 12:40:43.545,1.35255,1.3528,2.40,1.00
2010.07.29 12:40:44.661,1.35255,1.3528,1.00,1.00
2010.07.29 12:40:45.492,1.35255,1.3528,2.40,1.00
2010.07.29 12:40:46.220,1.3525,1.3528,2.10,2.00
2010.07.29 12:40:46.902,1.3525,1.35265,1.00,1.00
2010.07.29 12:40:46.925,1.35245,1.35265,4.00,1.20
2010.07.29 12:40:47.177,1.3523,1.3526,3.20,1.00
2010.07.29 12:40:48.783,1.3523,1.3526,1.60,1.00
2010.07.29 12:40:51.618,1.35235,1.35265,1.00,1.20
2010.07.29 12:40:52.059,1.35235,1.35255,1.00,1.60
2010.07.29 12:40:52.281,1.35225,1.35255,11.20,1.00
2010.07.29 12:40:52.760,1.35225,1.35255,5.60,1.00
2010.07.29 12:40:53.104,1.3522,1.3525,2.40,1.20
2010.07.29 12:40:53.442,1.3522,1.35255,2.40,1.20
2010.07.29 12:40:54.048,1.35225,1.35255,1.00,1.20
2010.07.29 12:40:57.492,1.35225,1.35255,7.20,1.00
2010.07.29 12:40:57.701,1.3523,1.3526,1.00,1.20
2010.07.29 12:41:00.611,1.35225,1.35255,8.80,1.00
2010.07.29 12:41:03.702,1.35225,1.35255,7.20,1.00
2010.07.29 12:41:04.451,1.35225,1.35255,1.60,1.00
2010.07.29 12:41:04.474,1.35225,1.35255,1.00,1.20
2010.07.29 12:41:04.492,1.3522,1.35255,11.20,1.20
2010.07.29 12:41:05.540,1.35225,1.3525,1.60,1.00
2010.07.29 12:41:05.836,1.3522,1.3525,11.20,1.00
2010.07.29 12:41:06.328,1.35225,1.3525,4.00,1.00
2010.07.29 12:41:06.676,1.3523,1.3526,1.60,1.00
2010.07.29 12:41:07.003,1.3523,1.3526,3.20,1.00
2010.07.29 12:41:07.953,1.3523,1.3526,1.60,1.00
2010.07.29 12:41:08.520,1.3523,1.3526,3.20,1.00
2010.07.29 12:41:09.232,1.3523,1.3526,1.60,1.00
2010.07.29 12:41:10.477,1.35235,1.35265,1.00,1.20
2010.07.29 12:41:12.442,1.35245,1.35265,1.60,1.20
2010.07.29 12:41:12.712,1.35245,1.3527,1.60,1.00
2010.07.29 12:41:13.519,1.3524,1.3527,11.20,1.00
2010.07.29 12:41:13.866,1.3524,1.3527,3.20,1.00
2010.07.29 12:41:14.062,1.3524,1.3527,1.60,1.00
2010.07.29 12:41:14.251,1.3524,1.3527,1.00,1.00
2010.07.29 12:41:14.807,1.35235,1.3527,1.60,1.20
2010.07.29 12:41:15.025,1.35235,1.3527,3.20,1.20
2010.07.29 12:41:16.452,1.35235,1.3527,4.80,1.20
2010.07.29 12:41:17.501,1.35235,1.3527,12.80,1.20
2010.07.29 12:41:17.958,1.3524,1.3527,1.60,1.20
2010.07.29 12:41:18.222,1.3524,1.3527,3.20,1.00
2010.07.29 12:41:18.494,1.3524,1.3527,1.60,1.00
2010.07.29 12:41:22.106,1.35245,1.35275,1.00,1.20
2010.07.29 12:41:25.059,1.35255,1.3529,1.60,3.60
2010.07.29 12:41:25.166,1.35255,1.3529,3.20,1.20
2010.07.29 12:41:25.275,1.35255,1.3529,3.20,1.00
2010.07.29 12:41:25.865,1.3526,1.3529,1.60,1.00
2010.07.29 12:41:27.820,1.35255,1.35285,2.40,2.80
2010.07.29 12:41:27.983,1.35255,1.35285,1.00,2.80
2010.07.29 12:41:30.373,1.3525,1.3528,6.40,1.20
2010.07.29 12:41:30.534,1.3525,1.3528,4.80,1.20
2010.07.29 12:41:31.252,1.35245,1.35275,1.60,1.00
2010.07.29 12:41:31.593,1.35245,1.35275,3.20,1.00
2010.07.29 12:41:31.930,1.35245,1.35275,1.60,1.00
2010.07.29 12:41:34.880,1.35245,1.35275,3.20,1.00
2010.07.29 12:41:43.583,1.3525,1.3528,2.40,1.20
2010.07.29 12:41:43.670,1.3525,1.3528,6.40,1.20
2010.07.29 12:41:43.761,1.3525,1.3528,10.40,1.20
2010.07.29 12:41:44.030,1.3525,1.35275,8.00,1.00
2010.07.29 12:41:44.568,1.3524,1.35275,3.20,1.00
2010.07.29 12:41:44.914,1.3524,1.35275,1.60,1.20
2010.07.29 12:41:45.251,1.3524,1.3527,1.00,1.20
2010.07.29 12:41:50.201,1.35235,1.35265,1.60,1.00
2010.07.29 12:41:50.946,1.3523,1.3526,2.40,1.20
2010.07.29 12:41:51.986,1.3523,1.3526,1.00,1.20
2010.07.29 12:41:52.250,1.35235,1.3526,1.00,1.00
2010.07.29 12:41:52.507,1.35235,1.35265,1.60,1.00
2010.07.29 12:41:53.193,1.35235,1.35265,3.20,1.00
2010.07.29 12:41:53.533,1.35235,1.35265,1.60,1.00
2010.07.29 12:41:54.217,1.3523,1.3526,1.00,1.20
2010.07.29 12:41:58.630,1.35225,1.35255,8.80,1.00
2010.07.29 12:41:58.973,1.35225,1.35255,4.00,1.20
2010.07.29 12:41:59.586,1.35225,1.35255,2.40,1.20
2010.07.29 12:41:59.750,1.35225,1.35255,8.80,1.00
2010.07.29 12:42:00.092,1.35225,1.3525,4.00,1.00
2010.07.29 12:42:00.928,1.3522,1.3525,3.20,1.00
2010.07.29 12:42:01.352,1.3522,1.35245,1.60,1.00
2010.07.29 12:42:02.235,1.3523,1.3526,3.20,4.00
2010.07.29 12:42:02.525,1.3523,1.35265,5.60,1.20
2010.07.29 12:42:03.100,1.3524,1.35265,1.00,1.00
2010.07.29 12:42:03.450,1.3524,1.3527,1.00,1.20
2010.07.29 12:42:04.504,1.3524,1.35275,1.60,2.00
2010.07.29 12:42:04.782,1.35245,1.35275,1.60,2.00
2010.07.29 12:42:05.494,1.35245,1.35275,1.00,2.00
2010.07.29 12:42:05.836,1.35245,1.35275,1.00,1.00
2010.07.29 12:42:06.917,1.35245,1.35275,1.00,2.80
2010.07.29 12:42:08.057,1.35245,1.3528,1.60,1.80
2010.07.29 12:42:08.363,1.35245,1.3528,1.60,1.20
2010.07.29 12:42:08.672,1.35245,1.3528,1.60,1.80
2010.07.29 12:42:08.982,1.35245,1.3528,1.60,1.20
2010.07.29 12:42:11.514,1.3525,1.3528,1.00,1.20
2010.07.29 12:42:11.641,1.35255,1.35285,1.60,1.00
2010.07.29 12:42:13.032,1.35255,1.3529,1.60,1.20
2010.07.29 12:42:13.313,1.35255,1.35285,1.60,1.60
2010.07.29 12:42:15.667,1.35255,1.35285,1.00,2.80
2010.07.29 12:42:16.377,1.3526,1.3529,1.00,1.20
2010.07.29 12:42:17.626,1.3526,1.3529,2.40,1.20
2010.07.29 12:42:18.192,1.3526,1.3529,1.00,1.20
2010.07.29 12:42:18.937,1.3526,1.35295,1.60,1.20
2010.07.29 12:42:24.942,1.3526,1.35295,3.20,1.20
2010.07.29 12:42:27.521,1.3526,1.35295,1.60,1.20
2010.07.29 12:42:30.060,1.3526,1.35295,3.20,1.20
2010.07.29 12:42:31.827,1.3526,1.3529,1.00,1.00
2010.07.29 12:42:31.973,1.3526,1.3529,1.00,1.20
2010.07.29 12:42:32.261,1.3526,1.3528,1.00,1.00
2010.07.29 12:42:32.411,1.3526,1.35275,1.00,1.60
2010.07.29 12:42:32.562,1.35245,1.35275,4.80,1.60
2010.07.29 12:42:33.178,1.35245,1.35275,1.00,1.20
2010.07.29 12:42:33.526,1.35245,1.35275,1.00,2.80
2010.07.29 12:42:34.183,1.35235,1.35265,1.60,1.20
2010.07.29 12:42:34.476,1.3523,1.35265,3.20,1.20
2010.07.29 12:42:34.772,1.35235,1.35265,1.60,1.20
2010.07.29 12:42:35.661,1.3523,1.35265,3.20,1.20
2010.07.29 12:42:36.000,1.35235,1.35265,1.60,1.20
2010.07.29 12:42:36.340,1.3523,1.35265,3.20,1.20
2010.07.29 12:42:37.172,1.35235,1.35265,1.60,1.00
2010.07.29 12:42:37.892,1.35235,1.35265,1.00,1.00
2010.07.29 12:42:38.082,1.3523,1.35265,3.20,1.20
2010.07.29 12:42:40.643,1.3523,1.35265,1.60,1.20
2010.07.29 12:42:43.180,1.3523,1.35265,3.20,1.20
2010.07.29 12:42:43.669,1.3523,1.35265,4.80,1.20
2010.07.29 12:42:44.562,1.3523,1.3526,2.40,1.20
2010.07.29 12:42:45.102,1.3523,1.3526,1.00,1.20
2010.07.29 12:42:45.963,1.3523,1.3526,2.40,1.20
2010.07.29 12:42:46.775,1.35235,1.35265,1.00,1.20
2010.07.29 12:42:47.476,1.3524,1.3527,3.20,1.00
2010.07.29 12:42:47.725,1.3524,1.3527,4.80,1.00
2010.07.29 12:42:48.897,1.3524,1.3527,1.60,1.00
2010.07.29 12:42:49.751,1.35245,1.35275,1.00,1.20
2010.07.29 12:42:50.684,1.3525,1.3528,1.00,1.20
2010.07.29 12:43:03.363,1.35245,1.35275,1.60,1.00
2010.07.29 12:43:03.931,1.35245,1.35275,3.20,1.00
2010.07.29 12:43:04.080,1.35245,1.35275,1.60,1.00
2010.07.29 12:43:04.856,1.35245,1.35275,1.00,1.20
2010.07.29 12:43:05.073,1.3524,1.35275,7.20,1.20
2010.07.29 12:43:13.455,1.3524,1.3527,1.00,1.20
2010.07.29 12:43:13.801,1.3524,1.3527,2.40,1.20
2010.07.29 12:43:14.482,1.3524,1.3527,1.00,1.20
2010.07.29 12:43:15.845,1.35235,1.35265,1.60,1.00
2010.07.29 12:43:16.295,1.35235,1.35265,3.20,1.00
2010.07.29 12:43:18.430,1.35235,1.35265,1.60,1.00
2010.07.29 12:43:22.922,1.3524,1.3527,1.00,1.20
2010.07.29 12:43:27.030,1.35235,1.35265,1.60,1.00
2010.07.29 12:43:27.202,1.35235,1.3526,1.00,1.00
2010.07.29 12:43:27.495,1.35235,1.3526,1.60,1.20
2010.07.29 12:43:28.242,1.3523,1.3526,7.20,1.20
2010.07.29 12:43:28.574,1.3523,1.3526,3.20,1.20
2010.07.29 12:43:29.350,1.3523,1.3526,2.40,1.20
2010.07.29 12:43:29.602,1.35235,1.35265,3.20,1.00
2010.07.29 12:43:31.790,1.35235,1.35265,1.60,1.00
2010.07.29 12:43:33.763,1.35235,1.35265,1.00,2.00
2010.07.29 12:43:34.036,1.3523,1.35265,3.20,2.80
2010.07.29 12:43:34.764,1.3523,1.35265,1.60,2.80
2010.07.29 12:43:36.759,1.3523,1.35265,3.20,2.80
2010.07.29 12:43:37.471,1.3523,1.3526,2.40,1.20
2010.07.29 12:43:40.265,1.3524,1.3527,1.00,10.80
2010.07.29 12:43:40.481,1.35255,1.3528,1.60,4.00
2010.07.29 12:43:40.691,1.35255,1.3528,3.20,4.00
2010.07.29 12:43:41.421,1.3525,1.35275,3.20,8.00
2010.07.29 12:43:43.430,1.3525,1.35275,1.60,8.00
2010.07.29 12:43:44.102,1.3525,1.3527,1.00,4.00
2010.07.29 12:43:44.327,1.3525,1.35275,1.00,8.00
2010.07.29 12:43:46.513,1.3525,1.35275,2.40,8.00
2010.07.29 12:43:46.741,1.3525,1.35275,2.40,4.00
2010.07.29 12:43:46.941,1.3525,1.3528,2.40,1.20
2010.07.29 12:43:47.780,1.3525,1.3528,3.20,1.00
2010.07.29 12:43:49.065,1.3527,1.353,1.00,1.20
2010.07.29 12:43:49.243,1.3527,1.353,2.40,1.00
2010.07.29 12:43:49.425,1.35275,1.353,1.60,2.00
2010.07.29 12:43:49.946,1.35275,1.35305,1.60,1.20
2010.07.29 12:43:50.297,1.35275,1.35305,1.00,1.80
2010.07.29 12:43:50.649,1.3527,1.3529,3.20,1.60
2010.07.29 12:43:51.211,1.35275,1.353,1.60,1.00
2010.07.29 12:43:51.558,1.35275,1.35305,1.60,2.00
2010.07.29 12:43:53.289,1.3527,1.35305,3.20,2.80
2010.07.29 12:43:53.567,1.3527,1.353,1.00,1.00
2010.07.29 12:43:53.843,1.3527,1.353,1.00,1.20
2010.07.29 12:43:55.701,1.35265,1.35295,1.00,1.20
2010.07.29 12:43:55.970,1.3526,1.35295,4.80,1.20
2010.07.29 12:43:56.110,1.3526,1.3529,4.80,1.00
2010.07.29 12:43:56.857,1.35255,1.35285,4.00,1.20
2010.07.29 12:43:56.990,1.35255,1.35285,3.20,1.20
2010.07.29 12:43:57.121,1.35255,1.3528,3.20,1.00
2010.07.29 12:43:57.253,1.3525,1.35275,10.40,1.00
2010.07.29 12:43:57.830,1.35245,1.35275,10.90,1.20
2010.07.29 12:43:58.162,1.35245,1.35275,8.80,1.20
2010.07.29 12:44:00.921,1.3525,1.3528,3.20,1.00
2010.07.29 12:44:01.077,1.3525,1.3528,7.20,1.00
2010.07.29 12:44:01.238,1.3525,1.35275,4.80,1.00
2010.07.29 12:44:02.029,1.3524,1.3527,2.40,1.00
2010.07.29 12:44:02.375,1.3525,1.35265,1.60,1.00
2010.07.29 12:44:03.123,1.35245,1.35265,1.60,1.00
2010.07.29 12:44:03.422,1.3524,1.35265,1.60,1.00
2010.07.29 12:44:03.652,1.35245,1.35275,3.20,1.60
2010.07.29 12:44:03.880,1.35245,1.35275,1.60,1.60
2010.07.29 12:44:04.536,1.3525,1.35275,1.00,1.60
2010.07.29 12:44:04.777,1.3525,1.3528,3.20,1.00
2010.07.29 12:44:06.517,1.35255,1.35285,1.00,1.20
2010.07.29 12:44:09.865,1.35255,1.3529,3.20,1.20
2010.07.29 12:44:11.307,1.3525,1.35285,3.20,1.20
2010.07.29 12:44:13.558,1.3525,1.3527,1.00,1.00
2010.07.29 12:44:13.677,1.3524,1.3527,1.60,1.20
2010.07.29 12:44:13.791,1.3524,1.35265,1.60,1.00
2010.07.29 12:44:14.653,1.35235,1.3527,3.20,1.00
2010.07.29 12:44:14.997,1.35225,1.35255,11.20,1.20
2010.07.29 12:44:15.634,1.35225,1.35255,1.00,1.20
2010.07.29 12:44:15.978,1.35225,1.3526,3.20,1.20
2010.07.29 12:44:17.344,1.35225,1.35255,1.60,1.00
2010.07.29 12:44:17.645,1.35225,1.35255,1.00,1.20
2010.07.29 12:44:18.482,1.35225,1.35255,2.40,1.20
2010.07.29 12:44:19.452,1.35225,1.35255,1.00,1.20
2010.07.29 12:44:19.781,1.3522,1.3525,3.20,1.00
2010.07.29 12:44:26.421,1.35215,1.35245,3.20,1.00
2010.07.29 12:44:27.950,1.3522,1.35245,1.60,1.00
2010.07.29 12:44:29.353,1.3522,1.3525,2.40,1.20
2010.07.29 12:44:29.646,1.3522,1.35255,3.20,1.20
2010.07.29 12:44:29.811,1.35225,1.35255,1.60,1.20
2010.07.29 12:44:29.981,1.35225,1.35255,1.60,1.00
2010.07.29 12:44:30.459,1.35225,1.3526,3.20,1.20
2010.07.29 12:44:30.631,1.3523,1.3526,1.00,1.20
2010.07.29 12:44:30.971,1.3523,1.35265,1.00,1.20
2010.07.29 12:44:31.435,1.3523,1.35265,2.40,1.20
2010.07.29 12:44:31.785,1.3523,1.35265,7.20,1.00
2010.07.29 12:44:31.985,1.3523,1.3526,3.20,1.00
2010.07.29 12:44:33.862,1.3524,1.35265,4.00,1.00
2010.07.29 12:44:34.656,1.3524,1.35275,7.20,1.20
2010.07.29 12:44:36.616,1.35245,1.35275,1.60,1.20
2010.07.29 12:44:37.914,1.35245,1.3527,1.60,1.00
2010.07.29 12:44:38.243,1.3524,1.3527,1.60,1.20
2010.07.29 12:44:41.461,1.3524,1.3527,3.20,1.20
2010.07.29 12:44:41.613,1.3524,1.3527,9.60,1.20
2010.07.29 12:44:42.401,1.3524,1.3527,1.60,1.20
2010.07.29 12:44:42.741,1.3524,1.3527,1.00,1.20
2010.07.29 12:44:43.085,1.3523,1.35255,2.40,1.60
2010.07.29 12:44:43.666,1.3523,1.35255,1.00,1.60
2010.07.29 12:44:43.986,1.3523,1.3526,6.40,1.00
2010.07.29 12:44:44.306,1.35235,1.3526,1.00,1.00
2010.07.29 12:44:45.854,1.35235,1.3527,7.20,1.20
2010.07.29 12:44:46.052,1.35235,1.3527,12.80,1.20
2010.07.29 12:44:48.582,1.3524,1.3527,3.20,1.00
2010.07.29 12:44:50.111,1.35245,1.35275,1.60,1.00
2010.07.29 12:44:50.314,1.35235,1.35265,1.60,1.20
2010.07.29 12:44:50.622,1.35235,1.3526,1.60,1.00
2010.07.29 12:44:51.144,1.35235,1.3526,1.60,1.20
2010.07.29 12:44:51.795,1.3524,1.3527,1.60,1.00
2010.07.29 12:44:52.944,1.35245,1.3527,2.40,1.00
2010.07.29 12:44:53.090,1.3525,1.3528,1.00,1.20
2010.07.29 12:44:53.674,1.3525,1.3528,2.40,1.20
2010.07.29 12:44:53.815,1.35255,1.35285,1.00,1.20
2010.07.29 12:45:01.701,1.3525,1.3528,3.20,1.00
2010.07.29 12:45:01.855,1.3525,1.3528,3.20,2.80
2010.07.29 12:45:02.465,1.35265,1.35295,1.60,1.20
2010.07.29 12:45:02.771,1.35265,1.35295,2.10,1.00
2010.07.29 12:45:03.426,1.35265,1.35295,5.60,1.00
2010.07.29 12:45:03.773,1.35265,1.35295,7.20,1.00
2010.07.29 12:45:04.522,1.35265,1.35295,3.20,1.00
2010.07.29 12:45:04.842,1.35265,1.35295,1.00,1.00
2010.07.29 12:45:05.165,1.35265,1.35295,2.40,1.00
2010.07.29 12:45:06.308,1.3526,1.3529,1.00,1.20
2010.07.29 12:45:08.342,1.35265,1.35295,1.00,8.40
2010.07.29 12:45:08.612,1.35265,1.35295,1.00,2.80
2010.07.29 12:45:22.834,1.3526,1.3529,1.00,1.20
2010.07.29 12:45:24.552,1.3526,1.3529,2.40,1.20
2010.07.29 12:45:25.156,1.35265,1.3529,1.00,1.00
2010.07.29 12:45:25.290,1.35265,1.35295,1.00,2.80
2010.07.29 12:45:26.880,1.3526,1.3529,1.60,1.00
2010.07.29 12:45:29.735,1.3526,1.3529,3.20,1.00
2010.07.29 12:45:29.903,1.3527,1.353,1.00,1.20
2010.07.29 12:45:36.316,1.35265,1.35295,1.60,2.00
2010.07.29 12:45:36.605,1.35265,1.35295,3.20,1.00
2010.07.29 12:45:36.895,1.35265,1.35295,1.60,2.00
2010.07.29 12:45:37.648,1.35265,1.353,3.20,9.20
2010.07.29 12:45:37.943,1.35265,1.353,3.20,5.20
2010.07.29 12:45:38.422,1.35265,1.353,3.20,1.20
2010.07.29 12:45:38.765,1.35265,1.35295,3.20,1.00
2010.07.29 12:45:39.441,1.3527,1.353,1.00,1.20
2010.07.29 12:45:46.081,1.3528,1.3531,1.00,2.80
2010.07.29 12:45:46.954,1.3528,1.3531,1.00,1.20
2010.07.29 12:45:47.732,1.3528,1.35315,1.60,6.80
2010.07.29 12:45:48.044,1.3528,1.3531,1.60,1.20
2010.07.29 12:45:48.356,1.35275,1.3531,1.60,1.20
2010.07.29 12:45:49.127,1.35275,1.35305,1.00,2.80
2010.07.29 12:45:50.528,1.3528,1.3531,1.00,1.20
2010.07.29 12:45:52.327,1.3528,1.3531,1.00,1.00
2010.07.29 12:45:56.195,1.35285,1.35315,1.00,4.40
2010.07.29 12:45:56.500,1.35285,1.35315,1.00,2.80
2010.07.29 12:45:58.869,1.3529,1.3532,1.00,5.20
2010.07.29 12:45:59.606,1.3529,1.3532,1.00,1.20
2010.07.29 12:46:00.943,1.3529,1.35325,1.60,2.80
2010.07.29 12:46:01.659,1.3529,1.35325,1.60,1.20
2010.07.29 12:46:01.907,1.3529,1.3532,2.40,1.20
2010.07.29 12:46:02.259,1.3529,1.3532,1.00,1.20
2010.07.29 12:46:03.584,1.3529,1.3532,2.40,1.20
2010.07.29 12:46:03.874,1.3529,1.35315,1.60,1.00
2010.07.29 12:46:08.663,1.35295,1.35325,1.00,1.20
2010.07.29 12:46:19.421,1.3529,1.3532,1.00,1.20
2010.07.29 12:46:21.183,1.35295,1.3532,1.00,1.00
2010.07.29 12:46:21.359,1.3529,1.35325,1.60,1.20
2010.07.29 12:46:26.560,1.3529,1.3532,1.60,1.00
2010.07.29 12:46:27.034,1.35285,1.3532,4.80,1.00
2010.07.29 12:46:27.806,1.3528,1.3531,3.20,1.00
2010.07.29 12:46:28.154,1.35285,1.35315,2.40,1.20
2010.07.29 12:46:28.492,1.35285,1.35315,4.00,1.20
2010.07.29 12:46:29.889,1.35285,1.35315,2.40,1.20
2010.07.29 12:46:30.492,1.35285,1.35315,4.00,1.20
2010.07.29 12:46:30.650,1.35285,1.35315,2.40,1.20
2010.07.29 12:46:31.161,1.35285,1.35315,4.00,1.20
2010.07.29 12:46:31.899,1.3528,1.3531,4.80,1.00
2010.07.29 12:46:32.740,1.3528,1.3531,3.20,1.00
2010.07.29 12:46:33.603,1.3528,1.3531,4.80,1.00
2010.07.29 12:46:33.942,1.3528,1.3531,3.20,1.00
2010.07.29 12:46:36.082,1.3528,1.3531,4.00,1.20
2010.07.29 12:46:37.712,1.3528,1.3531,2.40,1.20
2010.07.29 12:46:38.230,1.3528,1.3531,3.20,1.00
2010.07.29 12:46:38.410,1.3528,1.3531,1.60,1.00
2010.07.29 12:46:38.680,1.3528,1.35305,1.00,1.00
2010.07.29 12:46:39.787,1.35275,1.35305,2.40,1.00
2010.07.29 12:46:41.906,1.3528,1.35305,1.00,1.00
2010.07.29 12:46:42.116,1.35275,1.35305,1.00,1.00
2010.07.29 12:46:42.314,1.35275,1.35305,4.80,1.00
2010.07.29 12:46:43.395,1.35275,1.35305,1.00,1.00
2010.07.29 12:46:43.731,1.35275,1.35305,4.80,1.00
2010.07.29 12:46:45.371,1.35275,1.35305,7.20,1.00
2010.07.29 12:46:45.471,1.3528,1.35305,1.60,1.00
2010.07.29 12:46:47.935,1.35275,1.35305,1.00,1.00
2010.07.29 12:46:48.080,1.35275,1.35305,2.40,1.00
2010.07.29 12:46:48.791,1.35275,1.35305,4.00,1.00
2010.07.29 12:46:49.483,1.3528,1.35305,1.60,1.20
2010.07.29 12:46:50.502,1.35275,1.35305,1.60,1.00
2010.07.29 12:46:50.845,1.3527,1.35305,8.80,1.20
2010.07.29 12:46:51.964,1.3527,1.353,1.00,1.20
2010.07.29 12:46:52.305,1.3527,1.353,10.40,1.20
2010.07.29 12:46:53.500,1.35275,1.35305,1.00,1.20
2010.07.29 12:46:58.121,1.35275,1.35305,1.60,1.00
2010.07.29 12:46:58.321,1.35275,1.35305,3.20,1.00
2010.07.29 12:46:58.947,1.35275,1.3531,3.20,1.20
2010.07.29 12:46:59.233,1.35275,1.35305,3.20,1.00
2010.07.29 12:47:00.972,1.35275,1.35305,7.20,1.00
2010.07.29 12:47:01.213,1.3528,1.35305,3.20,1.00
2010.07.29 12:47:01.881,1.3528,1.3531,3.20,1.00
2010.07.29 12:47:02.492,1.35285,1.35315,1.60,1.00
2010.07.29 12:47:06.249,1.35285,1.35315,3.20,1.00
2010.07.29 12:47:10.714,1.3529,1.3532,1.00,1.20
2010.07.29 12:47:13.910,1.35285,1.35315,1.60,1.00
2010.07.29 12:47:14.573,1.3528,1.3531,1.00,1.20
2010.07.29 12:47:15.281,1.35275,1.35305,2.40,1.20
2010.07.29 12:47:16.139,1.35275,1.35305,4.00,1.20
2010.07.29 12:47:16.468,1.3527,1.35305,3.20,1.20
2010.07.29 12:47:16.813,1.35275,1.35305,1.60,1.20
2010.07.29 12:47:17.721,1.3527,1.35305,7.20,1.20
2010.07.29 12:47:18.207,1.3527,1.35305,3.20,1.20
2010.07.29 12:47:19.010,1.3527,1.35305,7.20,1.20
2010.07.29 12:47:20.081,1.35265,1.35295,2.40,1.00
2010.07.29 12:47:20.335,1.35265,1.353,2.40,1.20
2010.07.29 12:47:21.262,1.35265,1.353,1.00,1.20
2010.07.29 12:47:21.614,1.35265,1.35295,1.00,1.20
2010.07.29 12:47:23.658,1.35265,1.353,5.60,1.20
2010.07.29 12:47:24.388,1.35265,1.353,7.20,1.20
2010.07.29 12:47:27.161,1.35265,1.353,3.20,1.20
2010.07.29 12:47:27.873,1.35265,1.353,7.20,1.20
2010.07.29 12:47:29.664,1.35275,1.35305,1.00,1.20
2010.07.29 12:47:30.003,1.35275,1.35305,2.40,1.20
2010.07.29 12:47:30.182,1.35275,1.3531,3.20,1.20
2010.07.29 12:47:30.362,1.35275,1.3531,1.60,1.20
2010.07.29 12:47:32.452,1.3527,1.353,2.40,1.00
2010.07.29 12:47:32.636,1.3527,1.353,1.00,1.20
2010.07.29 12:47:34.391,1.35265,1.35295,1.60,1.00
2010.07.29 12:47:35.540,1.35265,1.3529,1.00,1.00
2010.07.29 12:47:35.721,1.3526,1.3529,3.20,1.00
2010.07.29 12:47:35.810,1.3526,1.3529,1.60,1.00
2010.07.29 12:47:36.170,1.3526,1.3529,1.00,1.20
2010.07.29 12:47:36.637,1.35255,1.35285,3.20,1.00
2010.07.29 12:47:36.896,1.3525,1.35285,3.20,2.80
2010.07.29 12:47:39.371,1.3525,1.35285,3.20,2.00
2010.07.29 12:47:41.401,1.3525,1.3528,3.20,1.00
2010.07.29 12:47:42.206,1.35265,1.35295,1.00,3.10
2010.07.29 12:47:42.507,1.3526,1.3529,1.00,1.00
2010.07.29 12:47:45.116,1.35255,1.35285,1.60,1.00
2010.07.29 12:47:50.146,1.3526,1.3529,1.00,1.20
2010.07.29 12:47:57.964,1.35255,1.35285,1.60,1.00
2010.07.29 12:48:00.076,1.35255,1.35285,3.20,1.00
2010.07.29 12:48:00.545,1.35255,1.35285,1.60,1.00
2010.07.29 12:48:04.034,1.3526,1.35285,1.00,1.00
2010.07.29 12:48:04.264,1.3526,1.3529,1.60,2.00
2010.07.29 12:48:04.858,1.3526,1.3529,1.60,1.00
2010.07.29 12:48:05.089,1.35265,1.35295,1.00,1.20
2010.07.29 12:48:08.485,1.3527,1.353,1.00,1.20
2010.07.29 12:48:09.012,1.35265,1.35295,1.60,1.00
2010.07.29 12:48:10.895,1.3526,1.3529,1.60,1.20
2010.07.29 12:48:11.006,1.35255,1.3529,3.20,1.20
2010.07.29 12:48:11.221,1.35255,1.35285,2.40,1.00
2010.07.29 12:48:11.331,1.35255,1.35285,2.40,1.20
2010.07.29 12:48:12.233,1.35255,1.35285,1.00,1.20
2010.07.29 12:48:21.661,1.3525,1.3528,8.80,1.00
2010.07.29 12:48:22.052,1.3525,1.3528,7.20,1.00
2010.07.29 12:48:22.304,1.3525,1.3528,1.60,1.00
2010.07.29 12:48:22.929,1.3525,1.35275,1.00,1.00
2010.07.29 12:48:23.194,1.3525,1.3528,1.00,1.20
2010.07.29 12:48:24.415,1.35255,1.35285,1.60,1.00
2010.07.29 12:48:30.505,1.35255,1.35285,1.00,1.20
2010.07.29 12:48:30.720,1.3525,1.3528,8.80,1.00
2010.07.29 12:48:31.253,1.3525,1.3528,8.00,1.00
2010.07.29 12:48:31.420,1.3525,1.35285,1.00,2.80
2010.07.29 12:48:32.005,1.3525,1.35285,3.20,2.80
2010.07.29 12:48:32.165,1.35255,1.35285,1.60,2.00
2010.07.29 12:48:33.443,1.35255,1.35285,1.60,1.00
2010.07.29 12:48:36.351,1.35255,1.35285,1.60,2.00
2010.07.29 12:48:37.000,1.35255,1.35285,1.60,1.00
2010.07.29 12:48:37.706,1.3525,1.3528,1.00,1.20
2010.07.29 12:48:38.807,1.3524,1.35275,7.20,1.20
2010.07.29 12:48:39.157,1.3524,1.35275,1.60,1.20
2010.07.29 12:48:39.988,1.35245,1.35275,1.60,1.00
2010.07.29 12:48:41.603,1.3524,1.3527,4.80,1.20
2010.07.29 12:48:42.260,1.3524,1.3527,1.00,1.20
2010.07.29 12:49:03.695,1.35245,1.35275,1.00,1.20
2010.07.29 12:49:07.111,1.3524,1.3527,1.00,1.20
2010.07.29 12:49:07.971,1.3525,1.3528,1.00,1.20
2010.07.29 12:49:08.203,1.35245,1.3528,1.60,1.20
2010.07.29 12:49:08.432,1.35245,1.35275,1.60,1.00
2010.07.29 12:49:11.736,1.3524,1.35275,3.20,1.20
2010.07.29 12:49:13.588,1.3524,1.35275,1.60,1.20
2010.07.29 12:49:15.803,1.3524,1.35275,7.20,1.20
2010.07.29 12:49:16.010,1.3524,1.35275,8.80,1.20
2010.07.29 12:49:22.862,1.35245,1.35275,1.60,1.00
2010.07.29 12:49:24.071,1.35245,1.35275,5.60,1.00
2010.07.29 12:49:24.933,1.35245,1.35275,1.60,1.00
2010.07.29 12:49:25.613,1.35245,1.35275,5.60,1.00
2010.07.29 12:49:25.951,1.35245,1.35275,9.60,1.00
2010.07.29 12:49:26.748,1.35245,1.35275,11.20,1.00
2010.07.29 12:49:27.070,1.3524,1.35275,8.80,1.20
2010.07.29 12:49:27.270,1.3524,1.35275,7.20,1.20
2010.07.29 12:49:32.791,1.3524,1.35275,8.80,1.20
2010.07.29 12:49:35.060,1.3524,1.35275,7.20,1.20
2010.07.29 12:49:35.110,1.3524,1.35275,5.60,1.20
2010.07.29 12:49:35.139,1.3524,1.35275,1.60,1.20
2010.07.29 12:49:36.771,1.3524,1.3527,1.00,1.20
2010.07.29 12:49:38.674,1.3524,1.3527,1.00,2.00
2010.07.29 12:49:39.157,1.35235,1.3526,2.40,1.00
2010.07.29 12:49:39.481,1.3523,1.3526,1.00,1.20
2010.07.29 12:49:43.294,1.3522,1.35255,3.20,1.20
2010.07.29 12:49:43.524,1.35225,1.35255,1.60,1.20
2010.07.29 12:49:43.752,1.35225,1.35255,3.20,1.00
2010.07.29 12:49:44.425,1.3523,1.3526,2.40,1.00
2010.07.29 12:49:44.702,1.3523,1.3526,2.40,1.20
2010.07.29 12:49:45.561,1.3523,1.3526,1.60,1.20
2010.07.29 12:49:47.931,1.3523,1.35255,1.60,1.00
2010.07.29 12:49:49.483,1.3523,1.35255,1.60,1.20
2010.07.29 12:49:50.386,1.3522,1.3525,11.20,1.00
2010.07.29 12:49:50.679,1.3522,1.3525,1.60,1.20
2010.07.29 12:49:51.407,1.3522,1.35245,1.60,1.00
2010.07.29 12:49:52.616,1.3522,1.3525,1.60,1.20
2010.07.29 12:49:52.967,1.3523,1.35255,1.60,1.00
2010.07.29 12:50:01.742,1.3523,1.3526,2.40,1.20
2010.07.29 12:50:05.284,1.3523,1.3526,1.00,1.20
2010.07.29 12:50:05.428,1.35225,1.35255,2.40,1.00
2010.07.29 12:50:05.574,1.35225,1.3526,3.20,1.20
2010.07.29 12:50:06.422,1.35225,1.3526,3.20,2.80
2010.07.29 12:50:06.732,1.35225,1.3526,3.20,1.20
2010.07.29 12:50:07.917,1.3523,1.3526,1.60,1.20
2010.07.29 12:50:08.269,1.35235,1.3526,1.00,1.00
2010.07.29 12:50:08.641,1.35235,1.35265,1.00,1.00
2010.07.29 12:50:09.272,1.35235,1.35265,2.40,1.00
2010.07.29 12:50:09.958,1.35235,1.35265,2.40,1.20
2010.07.29 12:50:13.204,1.35235,1.35265,2.40,1.00
2010.07.29 12:50:14.056,1.35235,1.35265,1.00,1.00
2010.07.29 12:50:14.309,1.3523,1.3526,3.20,1.00
2010.07.29 12:50:15.273,1.3523,1.3526,1.60,1.00
2010.07.29 12:50:15.485,1.3523,1.3526,1.00,1.20
2010.07.29 12:50:15.988,1.35225,1.3526,1.60,1.20
2010.07.29 12:50:16.207,1.35225,1.3526,1.60,2.80
2010.07.29 12:50:16.461,1.35235,1.35265,1.00,1.20
2010.07.29 12:50:17.137,1.35235,1.35265,2.40,1.20
2010.07.29 12:50:17.389,1.35245,1.3527,1.60,1.00
2010.07.29 12:50:18.214,1.35245,1.3528,5.60,1.20
2010.07.29 12:50:18.555,1.35245,1.3528,3.20,1.20
2010.07.29 12:50:19.507,1.35245,1.35275,11.20,1.00
2010.07.29 12:50:20.233,1.3525,1.3528,2.40,1.20
2010.07.29 12:50:20.879,1.3525,1.3528,10.40,1.20
2010.07.29 12:50:24.104,1.3525,1.35275,8.00,1.00
2010.07.29 12:50:24.272,1.3525,1.35275,8.00,1.20
2010.07.29 12:50:24.762,1.35245,1.35275,12.00,1.20
2010.07.29 12:50:25.044,1.3525,1.35275,8.00,1.00
2010.07.29 12:50:26.411,1.35245,1.35275,7.20,1.00
2010.07.29 12:50:28.055,1.35245,1.35275,9.30,1.00
2010.07.29 12:50:28.327,1.3525,1.3528,3.20,1.00
2010.07.29 12:50:28.604,1.35255,1.35285,1.60,1.20
2010.07.29 12:50:28.876,1.3525,1.35285,7.20,1.20
2010.07.29 12:50:29.491,1.3525,1.35285,8.80,1.20
2010.07.29 12:50:30.183,1.3526,1.35285,1.60,1.00
2010.07.29 12:50:30.373,1.35255,1.35285,7.20,1.00
2010.07.29 12:50:31.025,1.35255,1.35285,6.40,1.20
2010.07.29 12:50:31.216,1.3525,1.35285,7.20,1.20
2010.07.29 12:50:31.555,1.3525,1.3528,3.20,1.20
2010.07.29 12:50:32.981,1.3525,1.3528,2.40,1.20
2010.07.29 12:50:33.282,1.35255,1.3528,1.60,1.00
2010.07.29 12:50:34.036,1.35255,1.35285,1.60,1.20
2010.07.29 12:50:35.752,1.35255,1.35285,2.40,1.00
2010.07.29 12:50:35.863,1.3526,1.3529,1.60,1.20
2010.07.29 12:50:36.201,1.3526,1.3529,3.20,1.00
2010.07.29 12:50:36.431,1.3526,1.3529,7.20,1.00
2010.07.29 12:50:37.012,1.3526,1.3529,3.20,1.00
2010.07.29 12:50:37.278,1.35265,1.353,1.00,1.20
2010.07.29 12:50:37.535,1.35265,1.35295,2.40,1.00
2010.07.29 12:50:37.793,1.35265,1.35295,2.40,1.20
2010.07.29 12:50:38.482,1.35265,1.3529,1.60,1.20
2010.07.29 12:50:40.450,1.3526,1.3529,2.40,1.20
2010.07.29 12:50:41.230,1.3526,1.3529,4.00,1.20
2010.07.29 12:50:42.051,1.3526,1.3529,2.40,1.20
2010.07.29 12:50:42.331,1.35265,1.35295,1.00,1.20
2010.07.29 12:50:44.540,1.3526,1.3529,2.40,1.20
2010.07.29 12:50:44.722,1.3526,1.3529,3.20,1.00
2010.07.29 12:50:44.901,1.35265,1.35295,1.00,1.20
2010.07.29 12:50:46.529,1.3526,1.3529,3.20,1.00
2010.07.29 12:50:50.042,1.3526,1.35285,1.60,1.00
2010.07.29 12:50:50.558,1.35255,1.35285,8.80,1.00
2010.07.29 12:50:50.680,1.3525,1.35285,1.60,2.80
2010.07.29 12:50:51.005,1.3525,1.35285,3.20,1.20
2010.07.29 12:50:51.799,1.3525,1.3528,2.40,1.20
2010.07.29 12:50:52.087,1.3525,1.3528,1.00,1.20
2010.07.29 12:50:53.494,1.3525,1.3528,7.20,1.00
2010.07.29 12:50:55.319,1.3523,1.3526,8.80,1.00
2010.07.29 12:50:55.496,1.35235,1.3526,8.00,1.00
2010.07.29 12:50:55.674,1.3524,1.35255,4.00,1.00
2010.07.29 12:50:56.217,1.3524,1.35255,8.00,1.00
2010.07.29 12:50:56.415,1.3524,1.35255,4.00,1.00
2010.07.29 12:50:56.750,1.3524,1.3526,8.00,1.00
2010.07.29 12:50:57.076,1.3524,1.35265,8.00,1.20
2010.07.29 12:50:58.185,1.3524,1.35255,8.00,1.00
2010.07.29 12:50:58.523,1.3523,1.35255,9.60,1.20
2010.07.29 12:50:59.027,1.3523,1.35255,8.80,1.00
2010.07.29 12:50:59.380,1.35255,1.3527,8.00,1.20
2010.07.29 12:51:00.163,1.35255,1.3527,4.00,1.20
2010.07.29 12:51:02.543,1.35255,1.3527,4.00,1.00
2010.07.29 12:51:02.751,1.35255,1.35275,4.00,1.20
2010.07.29 12:51:04.427,1.3524,1.35275,1.60,1.20
2010.07.29 12:51:04.603,1.3524,1.35275,2.40,1.20
2010.07.29 12:51:04.786,1.35245,1.3528,5.60,1.20
2010.07.29 12:51:05.391,1.35245,1.3528,1.60,1.00
2010.07.29 12:51:07.063,1.35235,1.35265,12.00,1.00
2010.07.29 12:51:07.361,1.35235,1.35265,4.00,1.00
2010.07.29 12:51:08.382,1.3524,1.3527,1.00,1.20
2010.07.29 12:51:09.099,1.35245,1.35275,1.00,1.20
2010.07.29 12:51:10.459,1.3524,1.3527,3.20,1.00
2010.07.29 12:51:11.229,1.35245,1.35275,1.00,1.20
2010.07.29 12:51:11.502,1.35245,1.35275,2.40,1.20
2010.07.29 12:51:12.298,1.3524,1.3527,2.40,1.20
2010.07.29 12:51:12.648,1.3524,1.3527,3.20,1.00
2010.07.29 12:51:13.456,1.35245,1.3527,1.60,1.00
2010.07.29 12:51:13.788,1.35245,1.35275,7.20,1.00
2010.07.29 12:51:14.596,1.35245,1.35275,3.20,1.00
2010.07.29 12:51:15.273,1.35255,1.35285,1.60,1.00
2010.07.29 12:51:16.018,1.35255,1.3529,4.00,1.20
2010.07.29 12:51:16.264,1.35255,1.35285,4.00,1.00
2010.07.29 12:51:16.602,1.35255,1.35285,3.20,1.00
2010.07.29 12:51:17.632,1.3526,1.3529,3.20,1.20
2010.07.29 12:51:19.442,1.3526,1.3529,1.60,1.20
2010.07.29 12:51:19.952,1.3526,1.35285,1.00,1.00
2010.07.29 12:51:20.508,1.35255,1.35285,2.40,1.20
2010.07.29 12:51:27.009,1.35255,1.35285,2.40,1.00
2010.07.29 12:51:27.168,1.35255,1.3529,1.00,1.20
2010.07.29 12:51:27.405,1.35255,1.3528,1.00,1.00
2010.07.29 12:51:29.124,1.3525,1.3528,1.60,1.20
2010.07.29 12:51:30.243,1.35255,1.35285,1.00,1.20
2010.07.29 12:51:30.592,1.3525,1.3528,1.00,1.20
2010.07.29 12:51:32.988,1.3525,1.3528,1.60,1.00
2010.07.29 12:51:33.771,1.3525,1.3528,3.20,1.00
2010.07.29 12:51:34.072,1.35255,1.35285,1.00,2.80
2010.07.29 12:51:35.467,1.3526,1.35285,1.00,2.40
2010.07.29 12:51:35.579,1.3526,1.3529,1.00,1.20
2010.07.29 12:51:40.830,1.3524,1.35255,1.60,1.20
2010.07.29 12:51:41.065,1.3523,1.3526,1.60,2.00
2010.07.29 12:51:41.292,1.3523,1.3526,1.60,1.00
2010.07.29 12:51:42.346,1.35225,1.35255,1.60,1.00
2010.07.29 12:51:43.026,1.3523,1.3526,1.00,1.20
2010.07.29 12:51:44.165,1.35225,1.35255,1.00,1.20
2010.07.29 12:51:45.525,1.3522,1.3525,1.60,1.00
2010.07.29 12:51:45.754,1.35215,1.3525,3.20,1.00
2010.07.29 12:51:45.984,1.3522,1.3525,1.60,1.20
2010.07.29 12:51:48.922,1.3522,1.35245,1.60,1.00
2010.07.29 12:51:49.159,1.3521,1.3524,1.00,1.20
2010.07.29 12:51:51.555,1.3521,1.35245,1.60,1.20
2010.07.29 12:51:51.885,1.35215,1.3525,1.60,2.80
2010.07.29 12:51:52.718,1.35215,1.35245,1.60,1.60
2010.07.29 12:51:53.037,1.35215,1.3524,1.00,1.00
2010.07.29 12:51:55.523,1.3521,1.3524,1.00,1.20
2010.07.29 12:51:55.694,1.35205,1.3524,1.60,1.20
2010.07.29 12:51:55.891,1.35205,1.35235,1.60,1.60
2010.07.29 12:51:56.090,1.35205,1.35235,1.60,2.00
2010.07.29 12:51:56.844,1.35205,1.35235,1.60,1.00
2010.07.29 12:51:58.645,1.35205,1.35235,1.00,10.80
2010.07.29 12:51:58.983,1.35205,1.35235,1.00,2.80
2010.07.29 12:52:00.389,1.35205,1.3524,1.60,1.20
2010.07.29 12:52:00.565,1.35215,1.3524,1.60,1.20
2010.07.29 12:52:01.364,1.3521,1.3524,1.60,1.20
2010.07.29 12:52:01.578,1.3521,1.3524,3.20,1.00
2010.07.29 12:52:06.882,1.3521,1.3524,1.60,1.00
2010.07.29 12:52:11.105,1.3521,1.3524,1.60,2.00
2010.07.29 12:52:11.318,1.352,1.35235,3.20,1.00
2010.07.29 12:52:11.990,1.352,1.3523,1.60,1.00
2010.07.29 12:52:14.397,1.3519,1.35225,3.20,1.20
2010.07.29 12:52:17.701,1.3519,1.3522,3.20,1.20
2010.07.29 12:52:18.241,1.3519,1.3522,1.60,1.20
2010.07.29 12:52:19.035,1.35195,1.35225,1.60,1.00
2010.07.29 12:52:21.480,1.35195,1.35225,1.00,1.00
2010.07.29 12:52:21.678,1.3519,1.35225,3.20,2.80
2010.07.29 12:52:23.145,1.3519,1.35225,1.00,2.80
2010.07.29 12:52:23.262,1.3519,1.35225,1.00,1.20
2010.07.29 12:52:23.380,1.3519,1.35225,1.00,2.80
2010.07.29 12:52:26.330,1.3519,1.35225,1.00,3.60
2010.07.29 12:52:26.420,1.3519,1.3522,1.00,1.20
2010.07.29 12:52:26.603,1.3519,1.3521,1.00,1.60
2010.07.29 12:52:26.952,1.3519,1.3522,2.40,1.20
2010.07.29 12:52:27.398,1.3519,1.3522,1.00,1.20
2010.07.29 12:52:28.152,1.3519,1.3521,1.00,1.60
2010.07.29 12:52:29.113,1.3519,1.3522,1.00,1.20
2010.07.29 12:52:29.384,1.35195,1.35225,1.00,1.20
2010.07.29 12:52:29.654,1.3519,1.3521,1.60,1.60
2010.07.29 12:52:32.377,1.35195,1.35225,1.00,2.80
2010.07.29 12:52:32.583,1.35195,1.35225,1.00,1.20
2010.07.29 12:52:37.810,1.35195,1.35225,1.00,2.80
2010.07.29 12:52:38.355,1.3519,1.3522,1.60,1.00
2010.07.29 12:52:44.832,1.352,1.3523,1.60,1.00
2010.07.29 12:52:48.938,1.35205,1.35235,1.60,1.00
2010.07.29 12:52:50.421,1.35205,1.35235,1.60,2.00
2010.07.29 12:52:50.591,1.35205,1.35235,1.60,1.00
2010.07.29 12:52:51.263,1.3521,1.3524,1.00,1.20
2010.07.29 12:52:51.942,1.35205,1.35235,1.60,1.00
2010.07.29 12:52:52.945,1.3521,1.35245,3.20,4.40
2010.07.29 12:52:53.226,1.3521,1.3524,1.60,1.00
2010.07.29 12:52:53.507,1.35205,1.35235,3.20,2.40
2010.07.29 12:52:54.236,1.35205,1.35235,2.40,2.80
2010.07.29 12:52:55.016,1.35205,1.35235,1.60,2.80
2010.07.29 12:52:57.050,1.35205,1.35235,1.00,2.80
2010.07.29 12:52:57.271,1.352,1.35235,1.60,1.20
2010.07.29 12:52:57.982,1.3519,1.3522,8.80,1.20
2010.07.29 12:52:58.225,1.35185,1.3522,1.60,2.80
2010.07.29 12:52:58.464,1.35185,1.35215,1.60,1.00
2010.07.29 12:52:59.161,1.3519,1.3522,1.60,1.00
2010.07.29 12:52:59.503,1.35185,1.35215,2.40,2.80
2010.07.29 12:52:59.842,1.3518,1.3521,1.60,1.00
2010.07.29 12:53:01.001,1.35185,1.35215,1.00,1.20
2010.07.29 12:53:03.019,1.35185,1.35215,1.00,2.80
2010.07.29 12:53:03.371,1.3518,1.35205,1.00,1.60
2010.07.29 12:53:04.155,1.3518,1.35215,1.00,2.80
2010.07.29 12:53:04.476,1.3518,1.3521,1.00,1.20
2010.07.29 12:53:05.326,1.3518,1.35215,1.60,2.80
2010.07.29 12:53:05.652,1.3518,1.35215,1.60,3.60
2010.07.29 12:53:06.422,1.35175,1.3521,1.60,1.20
2010.07.29 12:53:06.656,1.35175,1.3521,3.20,1.20
2010.07.29 12:53:06.896,1.3518,1.3521,1.00,1.20
2010.07.29 12:53:09.333,1.3518,1.3521,1.00,1.00
2010.07.29 12:53:10.012,1.35175,1.35205,1.00,1.20
2010.07.29 12:53:12.753,1.35175,1.35205,2.40,1.20
2010.07.29 12:53:18.432,1.35175,1.35205,3.20,1.00
2010.07.29 12:53:18.570,1.35175,1.35205,1.60,1.00
2010.07.29 12:53:20.641,1.3518,1.3521,1.00,1.20
2010.07.29 12:53:21.120,1.35175,1.35205,1.60,1.00
2010.07.29 12:53:22.782,1.35175,1.35205,3.20,1.00
2010.07.29 12:53:24.341,1.3517,1.352,5.60,1.00
2010.07.29 12:53:24.533,1.3517,1.352,1.60,1.00
2010.07.29 12:53:25.368,1.3517,1.3519,1.00,1.00
2010.07.29 12:53:25.633,1.3515,1.3518,3.20,1.00
2010.07.29 12:53:25.895,1.3515,1.3518,1.60,1.00
2010.07.29 12:53:26.830,1.3516,1.3519,1.60,2.00
2010.07.29 12:53:27.173,1.3516,1.3519,1.60,1.00
2010.07.29 12:53:27.991,1.35165,1.35195,1.60,1.00
2010.07.29 12:53:28.685,1.3516,1.3519,1.00,1.20
2010.07.29 12:53:28.974,1.3515,1.3518,1.00,1.00
2010.07.29 12:53:29.562,1.35145,1.3518,9.60,1.20
2010.07.29 12:53:29.865,1.35145,1.3518,1.60,1.20
2010.07.29 12:53:30.766,1.35145,1.3518,9.60,1.20
2010.07.29 12:53:31.482,1.35145,1.3518,1.60,1.20
2010.07.29 12:53:32.670,1.35145,1.3518,3.20,1.20
2010.07.29 12:53:33.452,1.35145,1.3518,1.60,1.20
2010.07.29 12:53:33.586,1.3515,1.3518,1.00,1.20
2010.07.29 12:53:33.710,1.3515,1.3518,1.60,1.00
2010.07.29 12:53:39.285,1.3515,1.3518,3.20,1.00
2010.07.29 12:53:40.469,1.3515,1.3518,4.80,1.00
2010.07.29 12:53:40.690,1.3515,1.3518,3.20,1.00
2010.07.29 12:53:40.911,1.3515,1.3518,1.60,1.00
2010.07.29 12:53:41.110,1.3515,1.3518,4.80,1.00
2010.07.29 12:53:42.130,1.3515,1.3518,3.20,1.00
2010.07.29 12:53:42.812,1.35155,1.3518,1.60,1.00
2010.07.29 12:53:43.011,1.35155,1.35185,1.00,1.20
2010.07.29 12:53:44.632,1.35155,1.35185,4.00,1.20
2010.07.29 12:53:45.939,1.3516,1.35185,1.60,1.20
2010.07.29 12:53:46.080,1.35155,1.35185,4.00,1.20
2010.07.29 12:53:46.501,1.35155,1.35185,2.40,1.20
2010.07.29 12:53:46.966,1.3516,1.35185,1.60,1.20
2010.07.29 12:53:47.040,1.3516,1.3519,1.00,1.20
2010.07.29 12:53:47.103,1.35155,1.35185,1.00,1.20
2010.07.29 12:53:47.717,1.3515,1.35185,3.20,1.20
2010.07.29 12:53:48.052,1.3515,1.3518,4.80,1.20
2010.07.29 12:53:49.858,1.35145,1.35175,3.20,1.00
2010.07.29 12:53:50.042,1.35145,1.35175,1.00,1.00
2010.07.29 12:53:50.230,1.35145,1.35175,1.00,1.20
2010.07.29 12:53:52.923,1.3514,1.3517,4.80,1.00
2010.07.29 12:53:55.365,1.3515,1.3517,1.60,1.00
2010.07.29 12:53:59.541,1.3514,1.3517,3.20,1.00
2010.07.29 12:54:00.288,1.35145,1.3517,1.60,1.00
2010.07.29 12:54:00.398,1.3514,1.35175,3.20,1.00
2010.07.29 12:54:00.501,1.35145,1.35175,1.60,1.00
2010.07.29 12:54:00.611,1.35145,1.35175,1.60,1.20
2010.07.29 12:54:02.070,1.3514,1.35175,4.80,1.20
2010.07.29 12:54:02.854,1.3514,1.35175,1.60,1.20
2010.07.29 12:54:03.472,1.35135,1.3517,4.80,1.20
2010.07.29 12:54:03.792,1.35135,1.35165,4.80,1.00
2010.07.29 12:54:06.322,1.35135,1.35165,2.40,1.00
2010.07.29 12:54:07.422,1.35135,1.35165,1.00,1.20
2010.07.29 12:54:07.653,1.3513,1.35165,1.60,1.20
2010.07.29 12:54:08.255,1.3513,1.35165,1.60,7.60
2010.07.29 12:54:08.391,1.3513,1.35165,3.20,5.20
2010.07.29 12:54:08.531,1.3513,1.35165,3.20,1.20
2010.07.29 12:54:11.675,1.3514,1.3517,1.00,1.20
2010.07.29 12:54:11.817,1.35135,1.3517,1.60,1.20
2010.07.29 12:54:12.386,1.35135,1.35165,1.00,1.00
2010.07.29 12:54:12.524,1.3513,1.3516,1.00,1.20
2010.07.29 12:54:14.651,1.35125,1.35155,1.00,1.00
2010.07.29 12:54:15.244,1.3512,1.35155,4.80,1.20
2010.07.29 12:54:16.265,1.3512,1.35155,3.20,1.20
2010.07.29 12:54:16.433,1.3512,1.35155,1.60,1.20
2010.07.29 12:54:19.370,1.3512,1.35155,3.20,1.20
2010.07.29 12:54:20.620,1.35125,1.3516,3.20,1.20
2010.07.29 12:54:21.242,1.35125,1.35155,1.60,1.60
2010.07.29 12:54:21.928,1.35125,1.3516,3.20,1.20
2010.07.29 12:54:22.130,1.3513,1.3516,1.00,1.20
2010.07.29 12:54:22.341,1.3513,1.3516,1.60,1.00
2010.07.29 12:54:25.021,1.3513,1.3516,1.00,1.20
2010.07.29 12:54:25.809,1.3513,1.3516,2.40,1.20
2010.07.29 12:54:26.157,1.3513,1.3516,1.60,1.00
2010.07.29 12:54:28.070,1.3513,1.3516,1.00,1.20
2010.07.29 12:54:31.991,1.35135,1.35165,4.00,1.00
2010.07.29 12:54:32.487,1.35145,1.35165,1.60,1.00
2010.07.29 12:54:32.656,1.3514,1.3517,1.00,1.20
2010.07.29 12:54:34.017,1.3514,1.35175,1.60,1.00
2010.07.29 12:54:34.233,1.3514,1.35175,8.00,1.20
2010.07.29 12:54:34.791,1.3514,1.35175,5.60,1.20
2010.07.29 12:54:34.997,1.3514,1.3517,1.00,1.00
2010.07.29 12:54:36.147,1.3514,1.3517,1.00,1.20
2010.07.29 12:54:36.315,1.35135,1.35165,1.60,1.60
2010.07.29 12:54:36.485,1.35125,1.3516,3.20,1.00
2010.07.29 12:54:37.274,1.3513,1.3516,1.60,1.00
2010.07.29 12:54:37.612,1.35125,1.35155,3.20,1.00
2010.07.29 12:54:37.953,1.35125,1.35155,1.00,1.00
2010.07.29 12:54:40.817,1.35125,1.35155,1.60,1.00
2010.07.29 12:54:42.051,1.35125,1.35155,1.00,1.00
2010.07.29 12:54:43.940,1.35125,1.35155,1.60,1.00
2010.07.29 12:54:44.388,1.35125,1.3516,1.60,1.20
2010.07.29 12:54:44.735,1.3513,1.35165,1.00,1.20
2010.07.29 12:54:45.071,1.3513,1.35165,2.40,1.20
2010.07.29 12:54:45.858,1.3513,1.35165,3.20,1.20
2010.07.29 12:54:46.122,1.3513,1.35165,1.60,2.80
2010.07.29 12:54:46.242,1.3513,1.35165,1.60,8.40
2010.07.29 12:54:46.708,1.3513,1.35155,1.60,1.60
2010.07.29 12:54:46.837,1.3512,1.3515,3.20,1.20
2010.07.29 12:54:47.915,1.35125,1.35155,1.00,1.00
2010.07.29 12:54:48.729,1.3513,1.3516,1.00,1.20
2010.07.29 12:54:49.039,1.3514,1.3517,3.20,1.20
2010.07.29 12:54:49.342,1.3514,1.35175,3.20,1.20
2010.07.29 12:54:51.453,1.3514,1.3517,3.20,1.20
2010.07.29 12:54:51.714,1.35145,1.3517,1.60,1.20
2010.07.29 12:54:52.696,1.35145,1.35175,1.60,1.20
2010.07.29 12:54:53.005,1.35145,1.35175,2.40,1.00
2010.07.29 12:54:53.825,1.35145,1.35175,3.20,1.00
2010.07.29 12:54:54.698,1.3515,1.35175,1.60,1.00
2010.07.29 12:54:55.161,1.35145,1.35175,4.80,1.00
2010.07.29 12:54:55.468,1.35145,1.35175,1.60,2.80
2010.07.29 12:54:55.775,1.35145,1.35175,2.40,1.20
2010.07.29 12:54:56.548,1.35165,1.35185,1.00,1.60
2010.07.29 12:54:56.855,1.3515,1.35185,3.20,1.00
2010.07.29 12:54:57.691,1.35165,1.35195,1.60,2.00
2010.07.29 12:54:58.047,1.3517,1.35205,1.60,3.40
2010.07.29 12:54:58.592,1.3517,1.352,1.60,1.60
2010.07.29 12:54:59.219,1.35165,1.35195,3.20,1.00
2010.07.29 12:55:00.184,1.3516,1.35195,3.20,1.20
2010.07.29 12:55:00.501,1.35165,1.35195,1.60,1.20
2010.07.29 12:55:01.752,1.35165,1.3519,1.60,2.80
2010.07.29 12:55:02.474,1.35155,1.3518,2.40,1.00
2010.07.29 12:55:02.786,1.35155,1.35185,2.40,1.00
2010.07.29 12:55:03.514,1.35155,1.35185,3.20,1.00
2010.07.29 12:55:03.811,1.35165,1.35195,2.40,1.00
2010.07.29 12:55:04.528,1.35165,1.35195,1.60,1.00
2010.07.29 12:55:04.883,1.35185,1.35215,1.00,1.80
2010.07.29 12:55:05.677,1.3518,1.35205,1.00,1.00
2010.07.29 12:55:06.029,1.3518,1.3521,1.00,1.20
2010.07.29 12:55:07.294,1.3518,1.3521,2.40,1.20
2010.07.29 12:55:08.487,1.3518,1.3521,3.20,1.60
2010.07.29 12:55:08.755,1.3518,1.3521,7.20,1.60
2010.07.29 12:55:09.478,1.3518,1.3521,1.00,1.20
2010.07.29 12:55:10.164,1.35185,1.3521,1.60,1.20
2010.07.29 12:55:11.051,1.35195,1.3522,1.60,1.00
2010.07.29 12:55:11.392,1.3519,1.35215,1.60,1.20
2010.07.29 12:55:12.216,1.3519,1.3522,1.60,1.20
2010.07.29 12:55:12.537,1.3519,1.35215,1.60,1.60
2010.07.29 12:55:13.262,1.35195,1.3522,1.60,1.20
2010.07.29 12:55:13.833,1.3519,1.3522,2.40,1.20
2010.07.29 12:55:15.684,1.3519,1.35215,1.60,2.00
2010.07.29 12:55:17.092,1.35195,1.35225,1.60,1.60
2010.07.29 12:55:17.551,1.35195,1.35225,3.20,2.00
2010.07.29 12:55:18.334,1.352,1.35225,1.60,2.80
2010.07.29 12:55:20.184,1.352,1.3523,1.60,2.80
2010.07.29 12:55:20.491,1.352,1.35225,1.60,1.00
2010.07.29 12:55:21.124,1.352,1.35225,1.60,2.80
2010.07.29 12:55:23.390,1.35205,1.3523,1.00,1.00
2010.07.29 12:55:23.459,1.3521,1.3524,1.60,4.00
2010.07.29 12:55:24.617,1.3521,1.35245,1.00,6.80
2010.07.29 12:55:24.924,1.3521,1.35235,1.60,2.80
2010.07.29 12:55:26.000,1.35205,1.35235,1.60,1.20
2010.07.29 12:55:26.297,1.35205,1.35235,3.20,1.00
2010.07.29 12:55:27.169,1.35215,1.35245,2.40,1.20
2010.07.29 12:55:28.466,1.3522,1.35245,1.60,1.20
2010.07.29 12:55:28.702,1.35225,1.3525,1.60,1.20
2010.07.29 12:55:29.303,1.35225,1.3525,2.40,1.00
2010.07.29 12:55:30.392,1.3522,1.3524,1.60,1.00
2010.07.29 12:55:30.697,1.35215,1.3524,1.60,1.00
2010.07.29 12:55:33.504,1.3522,1.3524,1.60,1.00
2010.07.29 12:55:33.766,1.3522,1.35245,1.60,1.20
2010.07.29 12:55:34.584,1.35215,1.3524,1.60,1.20
2010.07.29 12:55:34.927,1.35215,1.3524,1.60,1.00
2010.07.29 12:55:35.732,1.35215,1.35245,4.00,1.20
2010.07.29 12:55:36.783,1.3522,1.35245,1.60,1.20
2010.07.29 12:55:37.054,1.35225,1.3525,1.60,1.20
2010.07.29 12:55:38.086,1.3522,1.35245,1.60,1.00
2010.07.29 12:55:38.315,1.3522,1.35245,1.60,1.20
2010.07.29 12:55:38.543,1.3522,1.3524,1.60,1.00
2010.07.29 12:55:39.877,1.3522,1.35245,1.60,1.00
2010.07.29 12:55:41.963,1.3522,1.35245,1.60,1.20
2010.07.29 12:55:43.100,1.35215,1.35245,1.60,1.20
2010.07.29 12:55:45.405,1.35215,1.3524,1.60,1.20
2010.07.29 12:55:46.562,1.3521,1.3524,2.40,1.20
2010.07.29 12:55:53.783,1.35215,1.3524,1.60,1.20
2010.07.29 12:55:53.952,1.35215,1.3524,1.60,1.00
2010.07.29 12:55:54.033,1.35215,1.35245,1.60,1.20
2010.07.29 12:55:55.247,1.35215,1.35245,2.40,1.00
2010.07.29 12:55:55.598,1.35215,1.3525,3.20,2.80
2010.07.29 12:56:01.240,1.35215,1.3525,3.20,1.20
2010.07.29 12:56:02.485,1.35215,1.35245,2.40,1.20
2010.07.29 12:56:03.382,1.35205,1.35235,3.20,1.00
2010.07.29 12:56:05.401,1.3521,1.35235,1.60,1.00
2010.07.29 12:56:08.054,1.35215,1.35245,1.60,1.20
2010.07.29 12:56:08.828,1.35215,1.35245,3.20,1.00
2010.07.29 12:56:09.088,1.35215,1.35245,3.20,2.00
2010.07.29 12:56:10.874,1.35215,1.35245,3.20,1.00
2010.07.29 12:56:11.007,1.35225,1.35255,1.60,1.20
2010.07.29 12:56:11.883,1.35225,1.35255,3.20,1.00
2010.07.29 12:56:14.486,1.35225,1.35255,1.60,1.20
2010.07.29 12:56:14.789,1.3522,1.35245,1.60,1.20
2010.07.29 12:56:15.214,1.35215,1.35245,2.40,1.20
2010.07.29 12:56:15.678,1.3522,1.35245,1.60,1.20
2010.07.29 12:56:17.305,1.3522,1.3525,2.40,1.20
2010.07.29 12:56:20.465,1.35225,1.3525,1.60,1.20
2010.07.29 12:56:20.811,1.3522,1.3525,2.40,1.20
2010.07.29 12:56:21.860,1.35225,1.3525,1.60,1.20
2010.07.29 12:56:22.111,1.3523,1.3525,1.60,1.20
2010.07.29 12:56:22.579,1.35225,1.3525,4.80,1.20
2010.07.29 12:56:22.756,1.35225,1.35255,5.60,1.20
2010.07.29 12:56:23.446,1.3523,1.3526,4.80,1.20
2010.07.29 12:56:23.924,1.35235,1.3526,1.60,1.20
2010.07.29 12:56:24.107,1.35235,1.35265,4.00,1.20
2010.07.29 12:56:25.264,1.35235,1.3526,4.00,1.00
2010.07.29 12:56:25.514,1.35235,1.35265,4.00,1.20
2010.07.29 12:56:27.214,1.3525,1.3527,2.40,1.00
2010.07.29 12:56:27.423,1.3525,1.35275,2.40,1.20
2010.07.29 12:56:29.819,1.35245,1.35275,4.00,1.20
2010.07.29 12:56:30.503,1.35255,1.3528,1.60,1.20
2010.07.29 12:56:30.843,1.3526,1.3528,1.60,1.20
2010.07.29 12:56:33.461,1.3526,1.35285,4.00,1.00
2010.07.29 12:56:34.231,1.3526,1.3529,4.00,1.20
2010.07.29 12:56:36.497,1.35265,1.3529,3.20,1.60
2010.07.29 12:56:36.659,1.3527,1.353,4.80,2.00
2010.07.29 12:56:37.915,1.3527,1.353,5.60,2.00
2010.07.29 12:56:38.340,1.3527,1.353,4.80,1.00
2010.07.29 12:56:38.552,1.3527,1.35295,4.80,1.00
2010.07.29 12:56:43.130,1.35275,1.353,1.00,1.00
2010.07.29 12:56:43.369,1.3528,1.353,1.60,1.20
2010.07.29 12:56:44.046,1.35275,1.35295,1.00,1.60
2010.07.29 12:56:44.306,1.3526,1.3529,1.00,1.20
2010.07.29 12:56:44.555,1.35265,1.35285,1.60,1.20
2010.07.29 12:56:44.895,1.35265,1.35285,1.60,1.00
2010.07.29 12:56:45.715,1.3527,1.3529,2.40,1.00
2010.07.29 12:56:47.884,1.35265,1.3529,2.40,1.00
2010.07.29 12:56:49.055,1.3527,1.3529,2.40,1.00
2010.07.29 12:56:54.419,1.35265,1.3528,2.40,1.00
2010.07.29 12:56:54.768,1.35265,1.3528,1.00,1.20
2010.07.29 12:56:54.976,1.3526,1.3528,4.00,1.20
2010.07.29 12:56:55.443,1.3526,1.3528,4.00,1.00
2010.07.29 12:56:55.669,1.35265,1.35285,1.60,1.00
2010.07.29 12:56:56.332,1.35265,1.3528,2.40,1.20
2010.07.29 12:56:56.668,1.35245,1.35275,4.00,1.00
2010.07.29 12:56:57.471,1.35255,1.3528,1.60,1.20
2010.07.29 12:56:59.202,1.3525,1.3528,3.20,1.20
2010.07.29 12:56:59.978,1.3525,1.3527,2.40,1.00
2010.07.29 12:57:00.310,1.3524,1.3527,3.20,1.00
2010.07.29 12:57:00.526,1.3524,1.3527,2.40,1.20
2010.07.29 12:57:02.074,1.3524,1.3527,1.00,1.20
2010.07.29 12:57:03.308,1.3525,1.3527,3.20,1.20
2010.07.29 12:57:03.849,1.3525,1.3528,8.80,1.00
2010.07.29 12:57:04.157,1.35245,1.3527,1.60,1.00
2010.07.29 12:57:04.454,1.3524,1.3527,3.20,1.00
2010.07.29 12:57:04.757,1.3524,1.3527,1.60,1.20
2010.07.29 12:57:05.297,1.35235,1.3527,3.20,1.20
2010.07.29 12:57:05.875,1.35235,1.3527,1.60,5.20
2010.07.29 12:57:06.166,1.35235,1.35265,3.20,1.20
2010.07.29 12:57:06.888,1.35235,1.35265,1.60,1.20
2010.07.29 12:57:07.226,1.3523,1.3526,2.40,1.20
2010.07.29 12:57:08.386,1.3523,1.3526,2.40,1.00
2010.07.29 12:57:08.738,1.35225,1.3526,3.20,1.20
2010.07.29 12:57:09.524,1.35235,1.3526,1.00,1.00
2010.07.29 12:57:09.851,1.35235,1.35265,1.00,1.20
2010.07.29 12:57:12.511,1.3524,1.35265,1.00,1.00
2010.07.29 12:57:12.653,1.35245,1.35275,1.00,1.20
2010.07.29 12:57:15.913,1.35245,1.35275,1.60,1.00
2010.07.29 12:57:17.170,1.3525,1.3528,1.60,1.00
2010.07.29 12:57:17.362,1.35245,1.3528,1.60,1.00
2010.07.29 12:57:18.039,1.3525,1.3528,1.00,1.20
2010.07.29 12:57:18.383,1.3525,1.3528,1.60,1.00
2010.07.29 12:57:21.275,1.35245,1.3528,3.20,1.20
2010.07.29 12:57:21.414,1.35245,1.3528,3.20,1.00
2010.07.29 12:57:22.053,1.35245,1.35265,1.60,1.60
2010.07.29 12:57:22.398,1.35235,1.35265,3.20,1.20
2010.07.29 12:57:23.819,1.3524,1.3527,1.60,1.20
2010.07.29 12:57:24.624,1.3523,1.3526,13.60,1.20
2010.07.29 12:57:24.687,1.3523,1.3526,4.00,1.20
2010.07.29 12:57:27.353,1.35225,1.35255,1.00,1.20
2010.07.29 12:57:27.606,1.3522,1.35255,6.40,1.20
2010.07.29 12:57:27.869,1.3522,1.35255,4.80,1.20
2010.07.29 12:57:28.672,1.3522,1.3524,1.60,1.60
2010.07.29 12:57:29.469,1.35215,1.35245,2.40,1.00
2010.07.29 12:57:29.818,1.3522,1.3525,1.60,1.00
2010.07.29 12:57:30.136,1.3522,1.35245,1.60,1.20
2010.07.29 12:57:31.117,1.35215,1.3525,3.20,5.20
2010.07.29 12:57:31.365,1.35215,1.3525,3.20,1.20
2010.07.29 12:57:32.964,1.35215,1.3524,1.00,1.60
2010.07.29 12:57:33.305,1.3522,1.3525,1.60,6.00
2010.07.29 12:57:34.010,1.3522,1.35245,1.00,1.00
2010.07.29 12:57:34.309,1.3523,1.35265,3.20,1.80
2010.07.29 12:57:35.019,1.3523,1.3526,3.20,1.00
2010.07.29 12:57:35.367,1.3523,1.3526,1.00,1.20
2010.07.29 12:57:35.656,1.3523,1.3526,2.40,1.20
2010.07.29 12:57:36.415,1.3523,1.35265,5.60,1.20
2010.07.29 12:57:36.686,1.35235,1.35265,1.60,1.20
2010.07.29 12:57:36.965,1.35235,1.35265,1.60,2.80
2010.07.29 12:57:37.769,1.3523,1.35265,3.20,2.80
2010.07.29 12:57:38.452,1.3523,1.35265,1.60,2.80
2010.07.29 12:57:39.191,1.3522,1.35255,3.20,1.00
2010.07.29 12:57:39.466,1.3522,1.35255,3.20,1.20
2010.07.29 12:57:41.500,1.3523,1.35255,1.00,1.20
2010.07.29 12:57:41.652,1.3523,1.3526,2.40,1.20
2010.07.29 12:57:42.307,1.3523,1.3526,1.00,1.20
2010.07.29 12:57:45.482,1.35225,1.35255,3.20,1.00
2010.07.29 12:57:47.461,1.35225,1.35255,1.60,1.00
2010.07.29 12:57:48.499,1.3522,1.35255,1.00,2.80
2010.07.29 12:57:48.666,1.3522,1.3525,1.00,1.20
2010.07.29 12:57:50.142,1.3522,1.35245,1.00,1.00
2010.07.29 12:57:50.481,1.35215,1.35245,3.20,1.00
2010.07.29 12:57:51.981,1.35215,1.3524,1.60,1.60
2010.07.29 12:57:52.102,1.35215,1.3524,2.40,1.60
2010.07.29 12:57:52.220,1.35215,1.35245,4.00,1.00
2010.07.29 12:57:52.342,1.35215,1.3525,4.80,1.20
2010.07.29 12:57:52.461,1.35215,1.3525,1.60,1.20
2010.07.29 12:57:53.074,1.35215,1.35245,1.60,1.00
2010.07.29 12:57:53.317,1.3521,1.35245,3.20,1.20
2010.07.29 12:57:56.796,1.3521,1.3524,3.20,1.60
2010.07.29 12:57:56.893,1.3521,1.3524,2.40,1.60
2010.07.29 12:57:57.456,1.3521,1.35235,1.60,1.00
2010.07.29 12:57:57.807,1.3521,1.3524,2.40,1.20
2010.07.29 12:57:58.155,1.3521,1.3524,2.40,1.00
2010.07.29 12:57:58.934,1.35215,1.3524,1.00,1.60
2010.07.29 12:58:00.704,1.3521,1.3524,3.20,1.00
2010.07.29 12:58:01.637,1.35215,1.3524,1.00,1.00
2010.07.29 12:58:01.812,1.3522,1.35255,1.60,1.20
2010.07.29 12:58:03.264,1.3522,1.3525,1.00,1.20
2010.07.29 12:58:04.107,1.35225,1.3525,1.00,1.00
2010.07.29 12:58:04.298,1.35225,1.35255,1.00,1.20
2010.07.29 12:58:05.087,1.3522,1.3525,3.20,1.00
2010.07.29 12:58:05.449,1.3522,1.3525,1.60,2.00
2010.07.29 12:58:05.744,1.3522,1.3525,1.60,1.00
2010.07.29 12:58:06.474,1.3522,1.3525,3.20,1.00
2010.07.29 12:58:07.046,1.3523,1.3525,1.60,1.00
2010.07.29 12:58:07.337,1.35235,1.3526,1.60,2.80
2010.07.29 12:58:07.787,1.35235,1.3526,1.60,1.20
2010.07.29 12:58:08.091,1.3523,1.3526,2.40,1.20
2010.07.29 12:58:08.696,1.3523,1.35265,3.20,1.20
2010.07.29 12:58:09.495,1.35235,1.3526,1.60,1.20
2010.07.29 12:58:10.585,1.3523,1.35255,1.60,1.00
2010.07.29 12:58:10.891,1.3523,1.35235,1.60,1.00
2010.07.29 12:58:11.652,1.35215,1.35235,2.40,1.00
2010.07.29 12:58:11.929,1.3523,1.3526,1.60,1.00
2010.07.29 12:58:12.755,1.3523,1.35255,1.60,1.00
2010.07.29 12:58:14.302,1.3523,1.35255,1.60,1.20
2010.07.29 12:58:14.943,1.35225,1.35255,2.40,2.80
2010.07.29 12:58:15.284,1.3523,1.3525,1.60,1.60
2010.07.29 12:58:15.625,1.35235,1.35245,1.60,2.40
2010.07.29 12:58:16.364,1.35215,1.3523,1.60,2.80
2010.07.29 12:58:16.643,1.35215,1.3523,1.60,1.20
2010.07.29 12:58:17.376,1.3521,1.3523,1.60,1.20
2010.07.29 12:58:18.082,1.3521,1.35235,1.60,1.20
2010.07.29 12:58:18.355,1.35215,1.35235,1.60,1.00
2010.07.29 12:58:18.698,1.35215,1.35245,1.60,1.20
2010.07.29 12:58:19.828,1.35205,1.3524,2.40,2.80
2010.07.29 12:58:20.174,1.35205,1.35235,2.40,1.20
2010.07.29 12:58:20.955,1.3521,1.35235,1.60,1.20
2010.07.29 12:58:21.351,1.35205,1.35235,2.40,1.20
2010.07.29 12:58:21.550,1.35205,1.35235,2.40,1.00
2010.07.29 12:58:21.742,1.35205,1.35235,3.20,1.00
2010.07.29 12:58:21.941,1.3521,1.35235,1.60,1.00
2010.07.29 12:58:23.123,1.35205,1.35235,3.20,1.00
2010.07.29 12:58:23.549,1.3521,1.3524,1.60,1.20
2010.07.29 12:58:24.228,1.35215,1.35245,2.40,1.20
2010.07.29 12:58:29.427,1.3522,1.3525,2.40,1.20
2010.07.29 12:58:30.259,1.35205,1.3523,1.00,1.00
2010.07.29 12:58:30.373,1.352,1.3523,3.20,1.00
2010.07.29 12:58:31.802,1.352,1.3523,3.20,1.20
2010.07.29 12:58:31.927,1.352,1.3523,3.20,5.20
2010.07.29 12:58:32.057,1.352,1.3523,1.60,5.20
2010.07.29 12:58:32.763,1.352,1.3523,3.20,1.00
2010.07.29 12:58:34.057,1.352,1.3523,3.20,2.00
2010.07.29 12:58:34.235,1.352,1.35225,1.60,1.00
2010.07.29 12:58:36.214,1.35195,1.35225,3.20,1.00
2010.07.29 12:58:36.365,1.35195,1.35225,1.60,1.20
2010.07.29 12:58:39.279,1.35195,1.3522,1.60,1.20
2010.07.29 12:58:39.584,1.3519,1.3522,1.60,1.20
2010.07.29 12:58:40.342,1.3519,1.3522,3.20,2.00
2010.07.29 12:58:40.663,1.35195,1.3522,1.60,2.00
2010.07.29 12:58:40.985,1.3519,1.3522,1.60,2.80
2010.07.29 12:58:41.457,1.3519,1.3521,1.60,1.60
2010.07.29 12:58:41.690,1.35185,1.3521,1.60,1.00
2010.07.29 12:58:41.913,1.3519,1.35215,1.00,1.60
2010.07.29 12:58:42.552,1.3519,1.3522,1.00,1.20
2010.07.29 12:58:42.893,1.3519,1.3522,2.40,1.20
2010.07.29 12:58:45.031,1.35195,1.3522,1.60,1.20
2010.07.29 12:58:45.372,1.35195,1.35225,1.60,1.20
2010.07.29 12:58:46.293,1.352,1.35225,1.60,1.20
2010.07.29 12:58:46.801,1.35195,1.3522,5.60,1.20
2010.07.29 12:58:46.898,1.3519,1.3521,1.60,1.00
2010.07.29 12:58:46.995,1.35185,1.3521,2.40,1.00
2010.07.29 12:58:47.693,1.35185,1.35215,2.40,1.20
2010.07.29 12:58:48.040,1.3519,1.35215,1.60,1.20
2010.07.29 12:58:49.200,1.35185,1.3521,1.60,1.00
2010.07.29 12:58:49.503,1.3519,1.3521,1.60,1.00
2010.07.29 12:58:50.231,1.3519,1.35215,1.60,1.20
2010.07.29 12:58:51.361,1.35185,1.35215,2.40,1.20
2010.07.29 12:58:56.159,1.35185,1.3522,3.20,2.80
2010.07.29 12:58:57.215,1.3519,1.3522,1.60,2.80
2010.07.29 12:58:57.283,1.3519,1.3522,2.40,1.20
2010.07.29 12:58:57.352,1.3519,1.3522,3.20,1.00
2010.07.29 12:58:59.522,1.35195,1.3522,1.60,1.00
2010.07.29 12:59:00.182,1.3519,1.3522,3.20,2.00
2010.07.29 12:59:00.387,1.35195,1.35225,1.60,1.20
2010.07.29 12:59:00.752,1.3519,1.35225,3.20,1.20
2010.07.29 12:59:00.934,1.3519,1.3522,3.20,1.60
2010.07.29 12:59:01.634,1.35195,1.35225,2.40,1.20
2010.07.29 12:59:02.904,1.352,1.35225,1.60,1.20
2010.07.29 12:59:03.923,1.352,1.35225,1.60,1.00
2010.07.29 12:59:04.112,1.352,1.3523,1.60,1.20
2010.07.29 12:59:04.763,1.35205,1.3523,1.60,1.20
2010.07.29 12:59:05.422,1.352,1.3523,4.00,1.00
2010.07.29 12:59:05.752,1.352,1.3523,2.40,1.00
2010.07.29 12:59:06.641,1.352,1.35225,1.60,1.20
2010.07.29 12:59:07.402,1.352,1.35225,3.20,1.20
2010.07.29 12:59:07.929,1.352,1.35225,3.20,1.00
2010.07.29 12:59:08.094,1.352,1.3523,4.00,1.20
2010.07.29 12:59:09.312,1.35205,1.3523,1.60,1.00
2010.07.29 12:59:12.985,1.35205,1.35235,7.20,1.00
2010.07.29 12:59:13.167,1.3521,1.3524,1.60,1.20
2010.07.29 12:59:13.872,1.3522,1.35245,1.00,2.40
2010.07.29 12:59:14.121,1.3522,1.3525,1.00,1.20
2010.07.29 12:59:14.366,1.3522,1.3525,1.00,1.80
2010.07.29 12:59:15.165,1.35215,1.35245,3.20,1.00
2010.07.29 12:59:16.509,1.35225,1.35245,1.00,1.00
2010.07.29 12:59:16.687,1.35225,1.35255,1.60,1.00
2010.07.29 12:59:17.379,1.35225,1.35255,3.20,1.00
2010.07.29 12:59:17.727,1.3522,1.3525,2.40,1.00
2010.07.29 12:59:18.520,1.3522,1.3525,1.60,1.00
2010.07.29 12:59:18.802,1.3522,1.3525,1.60,1.20
2010.07.29 12:59:20.547,1.3521,1.35245,3.20,1.20
2010.07.29 12:59:21.422,1.35215,1.35245,1.60,1.20
2010.07.29 12:59:21.723,1.35215,1.3524,1.60,1.20
2010.07.29 12:59:22.688,1.3521,1.3523,1.60,1.20
2010.07.29 12:59:22.943,1.352,1.35225,1.60,1.20
2010.07.29 12:59:23.753,1.35195,1.35215,1.60,1.60
2010.07.29 12:59:24.096,1.352,1.35215,1.60,1.60
2010.07.29 12:59:24.897,1.352,1.35215,1.60,2.00
2010.07.29 12:59:25.241,1.3519,1.35215,1.60,1.00
2010.07.29 12:59:25.543,1.3519,1.3522,2.40,2.30
2010.07.29 12:59:27.095,1.3519,1.3521,2.40,1.00
2010.07.29 12:59:27.253,1.3518,1.3521,4.80,1.60
2010.07.29 12:59:28.035,1.35185,1.3521,1.60,1.00
2010.07.29 12:59:28.363,1.3519,1.35215,1.00,1.00
2010.07.29 12:59:28.693,1.3518,1.35205,1.60,1.00
2010.07.29 12:59:29.438,1.35165,1.352,3.20,1.20
2010.07.29 12:59:29.729,1.3517,1.35195,3.20,1.00
2010.07.29 12:59:30.522,1.3517,1.352,3.20,1.00
2010.07.29 12:59:30.865,1.3517,1.35195,1.00,1.60
2010.07.29 12:59:31.115,1.3517,1.352,1.60,5.50
2010.07.29 12:59:31.366,1.35175,1.352,2.40,1.00
2010.07.29 12:59:32.066,1.35175,1.352,1.60,1.00
2010.07.29 12:59:32.403,1.3517,1.352,4.80,1.00
2010.07.29 12:59:33.134,1.3517,1.352,3.20,1.00
2010.07.29 12:59:33.391,1.35175,1.352,1.60,1.00
2010.07.29 12:59:34.127,1.3517,1.352,3.20,1.00
2010.07.29 12:59:34.462,1.3518,1.35205,1.00,1.00
2010.07.29 12:59:35.153,1.35185,1.3522,1.00,12.20
2010.07.29 12:59:35.497,1.3519,1.35215,1.60,1.20
2010.07.29 12:59:36.232,1.35185,1.35215,2.40,1.20
2010.07.29 12:59:36.579,1.35185,1.3521,1.60,1.00
2010.07.29 12:59:37.603,1.3518,1.352,1.60,1.00
2010.07.29 12:59:37.943,1.35175,1.35205,3.20,1.00
2010.07.29 12:59:39.492,1.35175,1.35205,1.60,1.00
2010.07.29 12:59:39.825,1.35175,1.35205,3.20,1.00
2010.07.29 12:59:40.863,1.3518,1.35205,1.60,1.00
2010.07.29 12:59:41.111,1.3518,1.3521,1.60,1.00
2010.07.29 12:59:41.345,1.35175,1.3521,3.20,1.00
2010.07.29 12:59:41.573,1.35175,1.352,1.60,1.20
2010.07.29 12:59:42.394,1.3517,1.352,2.40,1.20
2010.07.29 12:59:43.173,1.35175,1.352,1.60,1.20
2010.07.29 12:59:45.283,1.3517,1.352,2.40,1.20
2010.07.29 12:59:45.482,1.35175,1.352,1.60,1.20
2010.07.29 12:59:46.175,1.3517,1.352,2.40,1.20
2010.07.29 12:59:46.372,1.35175,1.35195,1.60,1.00
2010.07.29 12:59:47.590,1.3517,1.35195,1.60,1.20
2010.07.29 12:59:47.996,1.35165,1.35195,1.60,1.20
2010.07.29 12:59:50.376,1.3516,1.35195,3.20,1.20
2010.07.29 12:59:51.101,1.3516,1.35195,1.60,1.20
2010.07.29 12:59:51.791,1.3516,1.3519,1.00,1.20
2010.07.29 12:59:55.271,1.35165,1.35195,1.00,1.00
2010.07.29 12:59:55.754,1.3517,1.352,1.00,1.20
2010.07.29 12:59:56.112,1.35175,1.35205,1.60,1.00
2010.07.29 12:59:58.484,1.3517,1.35205,1.60,1.20
2010.07.29 12:59:58.823,1.35175,1.35205,1.00,2.80
2010.07.29 12:59:59.881,1.35175,1.35205,1.00,1.20
