2013.11.15 10:00:00.084,1.40863,1.40892,1.65,1.58
2013.11.15 10:00:00.385,1.40862,1.4089,1.58,1.58
2013.11.15 10:00:00.567,1.40862,1.40889,1.65,1.65
2013.11.15 10:00:00.694,1.40862,1.40889,1.65,1.65
2013.11.15 10:00:01.055,1.40862,1.4089,1.58,1.58
2013.11.15 10:00:01.115,1.40863,1.40891,1.28,1.58
2013.11.15 10:00:01.296,1.40863,1.40893,1.28,2.33
2013.11.15 10:00:01.654,1.40862,1.40896,5.63,3.75
2013.11.15 10:00:01.834,1.40862,1.40892,2.78,3.08
2013.11.15 10:00:01.955,1.40862,1.4089,2.03,1.65
2013.11.15 10:00:02.014,1.40862,1.40892,2.03,1.58
2013.11.15 10:00:02.139,1.40862,1.4089,1.28,1.65
2013.11.15 10:00:02.266,1.4086,1.40889,1.28,1.58
2013.11.15 10:00:02.625,1.40854,1.40884,1.65,2.33
2013.11.15 10:00:02.745,1.40853,1.40883,1.65,1.65
2013.11.15 10:00:02.925,1.4085,1.40881,3.08,1.65
2013.11.15 10:00:03.284,1.40849,1.4088,2.40,2.33
2013.11.15 10:00:03.905,1.40848,1.40878,3.08,1.58
2013.11.15 10:00:03.964,1.40848,1.40878,2.40,2.25
2013.11.15 10:00:04.504,1.40848,1.40879,3.08,3.00
2013.11.15 10:00:04.627,1.4085,1.40882,2.33,1.65
2013.11.15 10:00:05.684,1.40851,1.40882,3.08,2.40
2013.11.15 10:00:06.105,1.40851,1.40881,3.08,1.65
2013.11.15 10:00:06.633,1.40851,1.40881,1.65,1.65
2013.11.15 10:00:08.124,1.40851,1.40881,1.65,1.65
2013.11.15 10:00:08.643,1.40848,1.40874,1.50,2.25
2013.11.15 10:00:08.738,1.40844,1.40872,1.58,1.65
2013.11.15 10:00:08.804,1.40844,1.40872,1.58,1.65
2013.11.15 10:00:08.924,1.40846,1.40871,1.50,1.58
2013.11.15 10:00:09.044,1.40846,1.40873,1.28,1.28
2013.11.15 10:00:09.524,1.40845,1.40875,3.45,1.65
2013.11.15 10:00:09.825,1.40845,1.40875,2.70,1.65
2013.11.15 10:00:10.364,1.40844,1.40874,2.40,2.40
2013.11.15 10:00:11.204,1.40845,1.40874,1.65,1.65
2013.11.15 10:00:12.266,1.40846,1.40875,1.65,2.40
2013.11.15 10:00:12.457,1.40849,1.40875,1.50,1.65
2013.11.15 10:00:12.754,1.40849,1.40879,2.40,3.53
2013.11.15 10:00:12.814,1.4085,1.40879,1.20,2.40
2013.11.15 10:00:13.354,1.40852,1.40882,1.20,2.78
2013.11.15 10:00:15.354,1.40854,1.40881,1.20,2.40
2013.11.15 10:00:15.655,1.40867,1.40884,1.50,1.13
2013.11.15 10:00:15.775,1.40867,1.40886,1.50,1.28
2013.11.15 10:00:15.834,1.40867,1.40889,1.50,2.03
2013.11.15 10:00:16.014,1.4087,1.4089,1.50,1.28
2013.11.15 10:00:16.554,1.4087,1.40892,1.50,2.40
2013.11.15 10:00:16.947,1.40864,1.4089,1.65,1.39
2013.11.15 10:00:17.075,1.40866,1.40889,1.13,2.25
2013.11.15 10:00:17.435,1.40869,1.40893,1.13,1.95
2013.11.15 10:00:17.974,1.4087,1.40893,1.20,1.13
2013.11.15 10:00:18.307,1.40869,1.40893,1.95,2.14
2013.11.15 10:00:18.374,1.40869,1.40892,2.70,1.02
2013.11.15 10:00:18.677,1.40865,1.40889,1.05,1.65
2013.11.15 10:00:19.276,1.40865,1.40891,1.13,1.65
2013.11.15 10:00:19.454,1.40865,1.40891,1.20,1.65
2013.11.15 10:00:19.634,1.40865,1.40891,1.20,1.65
2013.11.15 10:00:20.080,1.40866,1.40893,1.58,1.65
2013.11.15 10:00:21.044,1.40865,1.40892,1.20,1.65
2013.11.15 10:00:21.164,1.40865,1.40891,1.05,1.09
2013.11.15 10:00:22.423,1.40865,1.40892,1.05,1.77
2013.11.15 10:00:22.605,1.40865,1.40892,1.20,1.09
2013.11.15 10:00:22.664,1.40865,1.40892,1.13,3.27
2013.11.15 10:00:23.371,1.40865,1.40891,1.05,1.09
2013.11.15 10:00:24.075,1.40865,1.40892,1.20,2.59
2013.11.15 10:00:24.613,1.40865,1.40891,1.05,1.65
2013.11.15 10:00:32.504,1.40862,1.40891,2.33,1.65
2013.11.15 10:00:33.504,1.40862,1.40892,2.33,4.02
2013.11.15 10:00:35.662,1.40862,1.40889,3.08,1.58
2013.11.15 10:00:37.814,1.40865,1.4089,2.55,2.25
2013.11.15 10:00:38.174,1.40879,1.40898,1.05,1.20
2013.11.15 10:00:38.235,1.40879,1.40902,1.05,2.33
2013.11.15 10:00:38.784,1.40878,1.40903,1.05,2.33
2013.11.15 10:00:39.224,1.40877,1.40902,1.13,1.09
2013.11.15 10:00:39.407,1.40874,1.40898,2.33,1.77
2013.11.15 10:00:39.715,1.40872,1.40894,1.13,2.33
2013.11.15 10:00:40.271,1.40868,1.40891,1.32,1.65
2013.11.15 10:00:40.584,1.40868,1.4089,1.32,2.33
2013.11.15 10:00:41.404,1.40869,1.40894,1.32,2.40
2013.11.15 10:00:41.897,1.40869,1.40894,1.39,1.84
2013.11.15 10:00:42.175,1.40868,1.40894,1.09,2.82
2013.11.15 10:00:42.238,1.40866,1.40893,1.47,1.02
2013.11.15 10:00:42.305,1.40866,1.40891,1.47,1.02
2013.11.15 10:00:42.425,1.40868,1.40891,1.69,1.28
2013.11.15 10:00:42.485,1.40868,1.40891,1.69,1.88
2013.11.15 10:00:42.545,1.40867,1.40891,1.32,1.88
2013.11.15 10:00:42.666,1.40868,1.40891,1.39,1.20
2013.11.15 10:00:43.185,1.40871,1.40896,1.02,2.03
2013.11.15 10:00:43.696,1.40872,1.40896,1.02,1.28
2013.11.15 10:00:43.873,1.40872,1.40895,1.09,1.13
2013.11.15 10:00:44.423,1.40872,1.40896,1.09,1.20
2013.11.15 10:00:45.194,1.40872,1.40898,1.84,1.20
2013.11.15 10:00:45.434,1.40871,1.40898,2.82,1.69
2013.11.15 10:00:45.975,1.4087,1.40897,1.39,1.09
2013.11.15 10:00:46.334,1.40882,1.40899,1.32,1.13
2013.11.15 10:00:46.454,1.40875,1.40899,1.28,3.19
2013.11.15 10:00:46.514,1.40873,1.40898,1.28,1.02
2013.11.15 10:00:46.634,1.40869,1.40898,3.64,1.47
2013.11.15 10:00:50.414,1.40868,1.40898,5.52,1.47
2013.11.15 10:00:51.074,1.40869,1.40898,1.39,1.47
2013.11.15 10:00:52.354,1.40868,1.40898,3.34,2.14
2013.11.15 10:00:52.654,1.40868,1.40898,2.59,2.14
2013.11.15 10:00:52.895,1.40869,1.40898,1.09,1.84
2013.11.15 10:00:53.584,1.40868,1.40896,2.97,1.84
2013.11.15 10:00:53.704,1.40868,1.40898,3.34,4.84
2013.11.15 10:00:54.585,1.40871,1.40898,2.22,2.14
2013.11.15 10:00:54.886,1.40871,1.40898,1.84,1.47
2013.11.15 10:00:54.946,1.40871,1.40898,1.84,1.47
2013.11.15 10:00:56.535,1.40871,1.40898,2.22,1.09
2013.11.15 10:00:56.714,1.40874,1.40899,1.09,1.09
2013.11.15 10:00:57.015,1.40875,1.40901,1.09,1.47
2013.11.15 10:00:57.524,1.40875,1.409,1.09,1.28
2013.11.15 10:00:57.705,1.40874,1.409,1.39,1.09
2013.11.15 10:00:58.064,1.40873,1.409,1.32,1.84
2013.11.15 10:00:58.615,1.40873,1.409,1.47,1.09
2013.11.15 10:00:59.715,1.40874,1.409,1.02,1.09
2013.11.15 10:00:59.837,1.40875,1.40899,1.09,1.02
2013.11.15 10:00:59.905,1.40872,1.409,2.22,2.07
2013.11.15 10:01:00.144,1.40873,1.40899,1.32,1.09
2013.11.15 10:01:00.265,1.40872,1.40901,4.47,2.59
2013.11.15 10:01:00.445,1.40872,1.40899,2.22,1.02
2013.11.15 10:01:00.504,1.40872,1.409,2.22,1.47
2013.11.15 10:01:13.844,1.40873,1.409,1.47,1.84
2013.11.15 10:01:14.393,1.40873,1.409,1.84,1.84
2013.11.15 10:01:14.694,1.40876,1.40901,1.47,1.28
2013.11.15 10:01:15.826,1.40878,1.40903,1.32,2.78
2013.11.15 10:01:16.145,1.4088,1.40904,2.14,1.95
2013.11.15 10:01:18.776,1.40884,1.40908,1.39,1.28
2013.11.15 10:01:20.305,1.40886,1.40912,1.02,2.22
2013.11.15 10:01:22.524,1.40885,1.4091,1.02,1.47
2013.11.15 10:01:25.416,1.40884,1.40909,1.69,1.47
2013.11.15 10:01:26.007,1.40882,1.40908,1.77,1.47
2013.11.15 10:01:27.133,1.40882,1.40907,1.02,2.22
2013.11.15 10:01:27.255,1.4088,1.40905,3.57,1.39
2013.11.15 10:01:27.440,1.4088,1.40905,2.89,1.47
2013.11.15 10:01:27.968,1.40881,1.40907,1.47,1.47
2013.11.15 10:01:29.505,1.40882,1.40907,2.22,1.09
2013.11.15 10:01:30.175,1.40882,1.40907,2.14,1.09
2013.11.15 10:01:30.605,1.40882,1.40907,1.32,2.14
2013.11.15 10:01:30.784,1.40882,1.40907,2.22,1.09
2013.11.15 10:01:31.933,1.40884,1.40909,1.02,1.84
2013.11.15 10:01:36.855,1.40884,1.4091,1.77,2.22
2013.11.15 10:01:37.388,1.40885,1.40912,1.84,2.22
2013.11.15 10:01:41.027,1.40885,1.4091,1.09,1.09
2013.11.15 10:01:41.650,1.40886,1.40911,1.47,1.47
2013.11.15 10:01:41.776,1.40888,1.40913,1.32,3.15
2013.11.15 10:01:42.134,1.40887,1.40911,2.22,1.47
2013.11.15 10:01:45.804,1.40887,1.40911,2.89,1.02
2013.11.15 10:01:46.254,1.40889,1.40914,3.34,1.20
2013.11.15 10:01:46.375,1.40889,1.40914,4.47,1.13
2013.11.15 10:01:46.435,1.40891,1.40917,1.47,1.47
2013.11.15 10:01:46.555,1.40891,1.40917,1.47,1.47
2013.11.15 10:01:46.914,1.4089,1.40915,1.32,2.40
2013.11.15 10:01:48.577,1.40889,1.40915,1.32,3.34
2013.11.15 10:01:49.674,1.4089,1.40915,1.09,1.09
2013.11.15 10:01:52.174,1.40892,1.40917,2.22,1.47
2013.11.15 10:01:52.534,1.40894,1.40921,1.47,3.72
2013.11.15 10:01:52.895,1.40896,1.40921,1.32,3.72
2013.11.15 10:01:53.015,1.40894,1.4092,1.09,1.47
2013.11.15 10:01:53.635,1.40895,1.4092,1.32,1.09
2013.11.15 10:01:53.757,1.40897,1.40922,1.77,1.65
2013.11.15 10:01:54.234,1.40897,1.40923,1.84,1.28
2013.11.15 10:01:56.715,1.40898,1.40924,1.47,2.97
2013.11.15 10:01:57.375,1.40897,1.40922,2.03,1.09
2013.11.15 10:01:58.096,1.40898,1.40921,1.32,1.09
2013.11.15 10:01:58.767,1.40898,1.40921,1.32,1.09
2013.11.15 10:02:02.486,1.40898,1.4092,1.13,1.02
2013.11.15 10:02:02.846,1.40899,1.40924,1.69,1.84
2013.11.15 10:02:03.394,1.40899,1.40924,1.77,1.09
2013.11.15 10:02:05.537,1.409,1.40924,1.77,1.09
2013.11.15 10:02:05.606,1.409,1.40925,2.14,2.40
2013.11.15 10:02:05.787,1.40904,1.40928,1.02,2.07
2013.11.15 10:02:06.034,1.40901,1.40927,1.77,1.47
2013.11.15 10:02:06.156,1.40901,1.40926,1.02,1.65
2013.11.15 10:02:06.274,1.409,1.40926,1.32,3.08
2013.11.15 10:02:06.800,1.40899,1.40924,1.39,1.09
2013.11.15 10:02:07.319,1.40899,1.40924,1.39,1.09
2013.11.15 10:02:07.686,1.40903,1.40926,1.69,2.33
2013.11.15 10:02:07.746,1.40903,1.40926,1.69,2.33
2013.11.15 10:02:07.926,1.40904,1.40926,1.69,1.28
2013.11.15 10:02:08.465,1.40902,1.40926,1.84,1.28
2013.11.15 10:02:08.924,1.40906,1.40927,1.32,1.28
2013.11.15 10:02:09.044,1.40906,1.40931,1.32,1.28
2013.11.15 10:02:09.797,1.40908,1.40932,1.32,3.15
2013.11.15 10:02:10.476,1.40905,1.40931,2.14,1.95
2013.11.15 10:02:10.537,1.40905,1.40929,2.07,1.58
2013.11.15 10:02:10.725,1.40902,1.40925,1.32,1.65
2013.11.15 10:02:11.265,1.409,1.40923,1.69,1.28
2013.11.15 10:02:11.385,1.409,1.40924,1.69,1.28
2013.11.15 10:02:11.744,1.40902,1.40925,2.07,1.28
2013.11.15 10:02:11.924,1.40901,1.40926,1.69,2.82
2013.11.15 10:02:12.644,1.409,1.40923,1.32,1.20
2013.11.15 10:02:13.756,1.409,1.40922,1.02,1.95
2013.11.15 10:02:14.447,1.40899,1.40922,1.32,3.45
2013.11.15 10:02:15.384,1.40899,1.40922,1.32,2.03
2013.11.15 10:02:17.116,1.40899,1.40922,1.32,1.28
2013.11.15 10:02:17.964,1.40902,1.40926,1.77,1.02
2013.11.15 10:02:18.324,1.40902,1.40928,1.39,2.14
2013.11.15 10:02:18.864,1.40902,1.40927,1.39,1.09
2013.11.15 10:02:19.285,1.40902,1.40924,1.88,1.62
2013.11.15 10:02:20.137,1.40902,1.40924,2.07,1.50
2013.11.15 10:02:20.255,1.40904,1.40925,1.69,1.50
2013.11.15 10:02:20.796,1.40904,1.40926,1.69,2.44
2013.11.15 10:02:21.334,1.40902,1.40925,1.13,1.50
2013.11.15 10:02:21.757,1.40902,1.40925,1.13,1.69
2013.11.15 10:02:21.815,1.40902,1.40925,1.13,1.69
2013.11.15 10:02:25.637,1.40901,1.40923,1.95,1.32
2013.11.15 10:02:25.994,1.40901,1.4092,1.13,1.32
2013.11.15 10:02:26.174,1.40899,1.40921,1.13,2.44
2013.11.15 10:02:26.474,1.409,1.40921,1.13,1.47
2013.11.15 10:02:27.995,1.40897,1.40918,1.13,1.39
2013.11.15 10:02:28.515,1.40898,1.40919,1.13,1.02
2013.11.15 10:02:29.613,1.40897,1.40917,1.88,2.22
2013.11.15 10:02:30.054,1.40897,1.40917,1.13,1.47
2013.11.15 10:02:32.334,1.40897,1.40919,1.95,1.32
2013.11.15 10:02:33.191,1.40897,1.40919,1.58,1.32
2013.11.15 10:02:33.869,1.40897,1.40919,1.58,1.32
2013.11.15 10:02:36.148,1.40897,1.4092,1.58,1.62
2013.11.15 10:02:36.329,1.40901,1.40923,1.50,1.47
2013.11.15 10:02:36.852,1.40901,1.40924,1.50,2.97
2013.11.15 10:02:39.746,1.40901,1.40923,1.58,1.39
2013.11.15 10:02:41.488,1.40901,1.40923,1.50,1.47
2013.11.15 10:02:42.026,1.40897,1.40921,1.58,1.99
2013.11.15 10:02:42.547,1.40897,1.40919,1.58,1.02
2013.11.15 10:02:42.665,1.40897,1.40919,1.58,1.02
2013.11.15 10:02:42.786,1.40897,1.40919,1.58,1.02
2013.11.15 10:02:42.966,1.40895,1.40918,1.88,1.65
2013.11.15 10:02:43.476,1.40897,1.40919,1.50,1.09
2013.11.15 10:02:44.337,1.40897,1.40919,2.25,1.09
2013.11.15 10:02:44.945,1.40899,1.40921,1.50,1.88
2013.11.15 10:02:45.020,1.40903,1.40923,2.25,1.20
2013.11.15 10:02:45.086,1.40903,1.40923,2.25,1.20
2013.11.15 10:02:46.385,1.40905,1.40927,2.25,2.82
2013.11.15 10:02:47.615,1.40907,1.40927,1.50,3.57
2013.11.15 10:02:49.006,1.40907,1.40927,1.50,3.57
2013.11.15 10:02:54.026,1.40904,1.40925,1.50,1.20
2013.11.15 10:03:00.008,1.40906,1.40927,1.50,3.00
2013.11.15 10:03:00.186,1.40907,1.40927,1.50,2.59
2013.11.15 10:03:01.066,1.40907,1.40927,1.50,2.59
2013.11.15 10:03:02.490,1.40907,1.40927,1.50,1.28
2013.11.15 10:03:03.046,1.40911,1.40931,1.58,1.50
2013.11.15 10:03:04.245,1.40911,1.40931,1.58,1.13
2013.11.15 10:03:04.886,1.4091,1.40932,1.65,1.02
2013.11.15 10:03:05.127,1.4091,1.40934,1.50,1.88
2013.11.15 10:03:06.785,1.40912,1.40935,1.50,1.28
2013.11.15 10:03:09.846,1.40912,1.40933,1.50,1.02
2013.11.15 10:03:09.906,1.4091,1.40932,1.50,1.09
2013.11.15 10:03:10.438,1.4091,1.4093,1.50,1.09
2013.11.15 10:03:11.665,1.40911,1.4093,1.50,1.09
2013.11.15 10:03:12.011,1.40913,1.40933,1.50,1.09
2013.11.15 10:03:13.956,1.40908,1.40929,2.52,1.02
2013.11.15 10:03:14.136,1.40908,1.40928,2.25,1.50
2013.11.15 10:03:14.758,1.40908,1.40928,1.50,2.40
2013.11.15 10:03:16.857,1.40907,1.40929,2.33,1.32
2013.11.15 10:03:17.401,1.40909,1.4093,2.33,1.92
2013.11.15 10:03:18.008,1.40908,1.40928,1.58,1.50
2013.11.15 10:03:18.525,1.40908,1.40928,1.58,1.50
2013.11.15 10:03:19.055,1.40907,1.40927,1.50,1.20
2013.11.15 10:03:21.250,1.40906,1.40927,1.65,1.13
2013.11.15 10:03:21.496,1.40905,1.40925,1.50,1.50
2013.11.15 10:03:21.616,1.40905,1.40925,1.50,1.50
2013.11.15 10:03:23.666,1.40904,1.40927,1.02,1.02
2013.11.15 10:03:24.379,1.40904,1.40926,1.02,1.02
2013.11.15 10:03:25.336,1.40904,1.40926,1.77,1.02
2013.11.15 10:03:26.060,1.40904,1.40926,1.02,1.02
2013.11.15 10:03:26.721,1.40903,1.40926,1.77,1.09
2013.11.15 10:03:27.765,1.40902,1.40925,1.47,1.09
2013.11.15 10:03:29.186,1.40902,1.40925,2.22,1.09
2013.11.15 10:03:39.385,1.40904,1.40927,1.69,1.09
2013.11.15 10:03:39.505,1.40904,1.40926,1.50,1.32
2013.11.15 10:03:42.270,1.40903,1.40926,1.84,1.32
2013.11.15 10:03:42.776,1.40903,1.40925,1.50,1.02
2013.11.15 10:03:48.927,1.40903,1.40925,1.50,1.02
2013.11.15 10:03:55.835,1.40903,1.40925,1.50,1.02
2013.11.15 10:04:00.646,1.40905,1.40925,1.32,1.13
2013.11.15 10:04:00.766,1.40909,1.40931,1.32,2.40
2013.11.15 10:04:01.296,1.40909,1.40932,1.88,2.25
2013.11.15 10:04:01.357,1.40909,1.40933,2.63,2.52
2013.11.15 10:04:01.416,1.4091,1.40934,1.50,3.45
2013.11.15 10:04:01.476,1.4091,1.40934,1.58,2.03
2013.11.15 10:04:01.536,1.40914,1.40935,1.50,1.58
2013.11.15 10:04:02.041,1.40914,1.40937,1.50,1.65
2013.11.15 10:04:03.956,1.40914,1.40937,1.50,1.28
2013.11.15 10:04:04.476,1.40913,1.40936,1.50,1.09
2013.11.15 10:04:05.044,1.40911,1.40936,1.95,1.47
2013.11.15 10:04:09.426,1.40909,1.40936,1.28,1.09
2013.11.15 10:04:09.486,1.40909,1.40934,1.28,1.39
2013.11.15 10:04:10.935,1.40909,1.40933,1.20,1.02
2013.11.15 10:04:11.097,1.40909,1.40933,1.28,1.02
2013.11.15 10:04:12.935,1.40909,1.40933,1.28,1.02
2013.11.15 10:04:15.735,1.40908,1.40933,1.28,1.47
2013.11.15 10:04:19.446,1.40908,1.4093,1.13,3.34
2013.11.15 10:04:19.566,1.40907,1.40929,1.13,1.47
2013.11.15 10:04:19.926,1.40903,1.40923,1.13,1.02
2013.11.15 10:04:22.696,1.40902,1.40923,1.20,1.02
2013.11.15 10:04:31.432,1.40901,1.40923,1.20,1.02
2013.11.15 10:04:43.207,1.40901,1.40925,1.65,1.39
2013.11.15 10:04:44.079,1.40902,1.40925,1.58,1.39
2013.11.15 10:04:46.677,1.40902,1.40925,1.50,1.09
2013.11.15 10:04:46.859,1.40903,1.40928,1.50,1.47
2013.11.15 10:04:46.986,1.40905,1.40928,2.25,2.22
2013.11.15 10:04:47.106,1.40905,1.40928,2.40,2.22
2013.11.15 10:04:47.286,1.40906,1.40928,1.58,2.22
2013.11.15 10:04:47.647,1.40904,1.40927,1.50,1.65
2013.11.15 10:04:47.718,1.40904,1.40926,1.50,1.09
2013.11.15 10:04:47.967,1.40901,1.40923,1.13,1.09
2013.11.15 10:04:51.339,1.40902,1.40923,1.50,1.09
2013.11.15 10:04:51.876,1.40904,1.40927,1.50,1.28
2013.11.15 10:04:52.117,1.40902,1.40926,1.65,1.09
2013.11.15 10:04:52.605,1.40901,1.40926,2.03,1.09
2013.11.15 10:05:00.249,1.40901,1.40926,1.28,1.09
2013.11.15 10:05:01.306,1.40901,1.40926,2.03,1.09
2013.11.15 10:05:02.465,1.40901,1.40926,2.03,1.09
2013.11.15 10:05:05.208,1.40901,1.40926,1.28,1.09
2013.11.15 10:05:05.747,1.40901,1.40926,2.78,1.09
2013.11.15 10:05:06.317,1.40902,1.40925,1.50,1.09
2013.11.15 10:05:07.806,1.40902,1.40926,1.84,1.09
2013.11.15 10:05:08.166,1.40902,1.40927,1.84,1.47
2013.11.15 10:05:08.285,1.40902,1.40926,1.84,1.09
2013.11.15 10:05:19.233,1.40902,1.40925,2.03,1.32
2013.11.15 10:05:19.416,1.40902,1.40923,1.13,1.02
2013.11.15 10:05:21.112,1.40902,1.40923,1.13,1.02
2013.11.15 10:05:21.597,1.40902,1.40923,1.13,1.09
2013.11.15 10:05:22.287,1.40902,1.40925,1.39,1.69
2013.11.15 10:05:22.967,1.40902,1.40925,1.47,1.09
2013.11.15 10:05:26.218,1.40902,1.40925,1.47,1.09
2013.11.15 10:05:27.039,1.40905,1.40927,1.02,1.65
2013.11.15 10:05:27.350,1.40908,1.40932,1.09,1.47
2013.11.15 10:05:27.897,1.40911,1.40933,1.02,1.39
2013.11.15 10:05:28.436,1.40911,1.40934,1.09,1.69
2013.11.15 10:05:28.736,1.40911,1.40934,1.09,1.69
2013.11.15 10:05:30.567,1.40912,1.40931,1.02,1.13
2013.11.15 10:05:30.689,1.40911,1.40931,2.97,1.13
2013.11.15 10:05:30.748,1.40914,1.40937,1.02,1.47
2013.11.15 10:05:30.808,1.40915,1.40937,1.69,1.47
2013.11.15 10:05:30.869,1.40914,1.40937,1.09,1.32
2013.11.15 10:05:31.417,1.40913,1.40936,1.39,1.02
2013.11.15 10:05:32.126,1.40913,1.40936,2.14,1.02
2013.11.15 10:05:33.876,1.40913,1.40936,1.95,1.02
2013.11.15 10:05:35.188,1.40913,1.40936,1.20,1.02
2013.11.15 10:05:44.358,1.40911,1.40935,1.47,1.09
2013.11.15 10:05:45.577,1.40909,1.40932,1.47,1.02
2013.11.15 10:05:45.756,1.40907,1.40932,2.22,1.77
2013.11.15 10:05:46.056,1.40906,1.40927,1.47,1.13
2013.11.15 10:05:46.118,1.40906,1.40927,1.13,1.39
2013.11.15 10:05:46.237,1.40903,1.40924,1.13,1.32
2013.11.15 10:05:48.036,1.40903,1.40924,1.13,1.84
2013.11.15 10:05:48.591,1.40903,1.40924,1.13,1.02
2013.11.15 10:05:48.918,1.40903,1.40923,1.13,1.02
2013.11.15 10:05:50.930,1.409,1.40922,1.13,1.47
2013.11.15 10:05:50.998,1.40899,1.40919,1.13,1.39
2013.11.15 10:05:51.177,1.40894,1.40917,1.13,2.22
2013.11.15 10:05:51.237,1.40893,1.40916,1.32,1.84
2013.11.15 10:05:51.296,1.40892,1.40916,1.32,1.84
2013.11.15 10:05:51.537,1.40888,1.40909,1.50,1.39
2013.11.15 10:05:51.717,1.40884,1.40907,1.47,1.09
2013.11.15 10:05:52.076,1.40883,1.40905,1.39,1.02
2013.11.15 10:05:53.216,1.40882,1.40905,1.28,1.02
2013.11.15 10:05:56.148,1.40883,1.40904,1.13,1.02
2013.11.15 10:05:56.508,1.40878,1.409,1.50,1.47
2013.11.15 10:05:56.926,1.40874,1.40896,1.50,1.02
2013.11.15 10:05:57.046,1.40874,1.40896,1.69,1.02
2013.11.15 10:05:57.526,1.40876,1.40898,1.77,1.20
2013.11.15 10:05:57.646,1.40876,1.40901,1.84,1.47
2013.11.15 10:05:58.438,1.40877,1.40901,1.65,1.84
2013.11.15 10:05:59.082,1.40876,1.40898,1.50,1.32
2013.11.15 10:06:00.018,1.40876,1.40899,1.50,1.47
2013.11.15 10:06:00.321,1.40876,1.40899,1.69,1.47
2013.11.15 10:06:00.750,1.40879,1.40901,1.02,1.39
2013.11.15 10:06:02.586,1.40879,1.40902,1.02,1.84
2013.11.15 10:06:03.516,1.40877,1.409,1.09,1.39
2013.11.15 10:06:05.456,1.40877,1.40902,1.09,1.84
2013.11.15 10:06:05.906,1.40877,1.40902,1.09,1.84
2013.11.15 10:06:07.396,1.40876,1.40901,1.50,2.59
2013.11.15 10:06:07.976,1.40876,1.409,1.50,1.47
2013.11.15 10:06:08.426,1.40876,1.409,1.69,1.47
2013.11.15 10:06:09.028,1.40876,1.40902,1.84,1.47
2013.11.15 10:06:10.516,1.40877,1.40902,1.09,1.47
2013.11.15 10:06:11.417,1.40877,1.40902,1.09,1.47
2013.11.15 10:06:13.485,1.40877,1.40901,1.09,1.47
2013.11.15 10:06:14.146,1.40877,1.40902,1.09,1.47
2013.11.15 10:06:14.746,1.40877,1.40902,1.09,1.47
2013.11.15 10:06:15.667,1.40876,1.40903,1.84,2.22
2013.11.15 10:06:15.967,1.40877,1.40902,1.65,1.47
2013.11.15 10:06:20.699,1.40877,1.40902,1.65,1.47
2013.11.15 10:06:21.086,1.40877,1.40902,1.65,1.47
2013.11.15 10:06:22.486,1.40877,1.40901,1.58,1.09
2013.11.15 10:06:23.029,1.40878,1.409,1.50,1.09
2013.11.15 10:06:25.147,1.40876,1.40898,1.50,2.14
2013.11.15 10:06:25.207,1.40875,1.40898,1.88,2.97
2013.11.15 10:06:25.506,1.40875,1.40897,2.07,4.09
2013.11.15 10:06:26.026,1.40874,1.40896,1.32,2.03
2013.11.15 10:06:26.585,1.40873,1.40897,1.69,1.09
2013.11.15 10:06:27.096,1.40873,1.40898,1.77,4.09
2013.11.15 10:06:27.224,1.40873,1.40898,1.77,4.47
2013.11.15 10:06:28.506,1.40873,1.40895,1.69,1.02
2013.11.15 10:06:28.566,1.40873,1.40894,1.50,1.02
2013.11.15 10:06:28.746,1.4087,1.40892,1.88,1.09
2013.11.15 10:06:31.144,1.4087,1.40894,1.88,4.39
2013.11.15 10:06:39.388,1.4087,1.40893,1.88,1.47
2013.11.15 10:06:40.181,1.4087,1.40894,1.88,5.52
2013.11.15 10:06:42.026,1.40867,1.40891,2.07,1.09
2013.11.15 10:06:44.416,1.40867,1.40892,2.07,1.84
2013.11.15 10:06:45.236,1.40867,1.40891,2.07,1.77
2013.11.15 10:06:45.956,1.40867,1.40891,2.07,1.02
2013.11.15 10:06:46.018,1.40867,1.40889,1.88,2.44
2013.11.15 10:06:46.137,1.40867,1.40887,1.88,2.22
2013.11.15 10:06:46.259,1.40867,1.40884,1.13,1.09
2013.11.15 10:06:46.567,1.40861,1.40881,1.13,1.09
2013.11.15 10:06:46.809,1.4086,1.40881,1.13,1.47
2013.11.15 10:06:47.226,1.40855,1.40881,1.69,2.59
2013.11.15 10:06:48.666,1.40855,1.40878,1.50,1.02
2013.11.15 10:06:48.726,1.40855,1.40878,1.50,1.02
2013.11.15 10:06:48.966,1.40854,1.40877,1.13,3.19
2013.11.15 10:06:49.816,1.40854,1.40877,1.32,1.09
2013.11.15 10:06:50.296,1.40854,1.40877,1.32,1.09
2013.11.15 10:06:52.767,1.40854,1.40876,1.13,1.84
2013.11.15 10:06:52.831,1.40853,1.40874,1.13,1.28
2013.11.15 10:06:52.898,1.40853,1.40871,1.13,1.02
2013.11.15 10:06:53.256,1.40852,1.4087,1.13,1.09
2013.11.15 10:06:54.057,1.40853,1.4087,1.13,1.84
2013.11.15 10:06:54.297,1.40844,1.4087,2.07,4.77
2013.11.15 10:06:54.896,1.40844,1.40869,1.32,2.22
2013.11.15 10:06:55.667,1.40844,1.40869,1.32,1.47
2013.11.15 10:06:55.847,1.40844,1.40868,1.32,1.77
2013.11.15 10:06:56.389,1.40844,1.40868,1.32,2.52
2013.11.15 10:06:57.776,1.40844,1.40867,1.32,1.09
2013.11.15 10:06:59.007,1.40848,1.40869,1.32,3.08
2013.11.15 10:06:59.366,1.40855,1.40874,1.32,1.13
2013.11.15 10:06:59.726,1.40855,1.40874,1.32,1.13
2013.11.15 10:07:00.276,1.40855,1.4088,2.07,2.33
2013.11.15 10:07:01.354,1.40855,1.4088,2.07,2.70
2013.11.15 10:07:02.756,1.40855,1.4088,1.69,3.08
2013.11.15 10:07:03.416,1.40854,1.40877,1.69,2.03
2013.11.15 10:07:04.121,1.40854,1.40877,1.69,1.28
2013.11.15 10:07:06.956,1.40854,1.40877,1.69,1.28
2013.11.15 10:07:07.237,1.40854,1.40877,1.69,1.28
2013.11.15 10:07:08.896,1.40854,1.40877,1.50,2.78
2013.11.15 10:07:08.957,1.40854,1.40874,1.50,1.28
2013.11.15 10:07:10.256,1.40849,1.40872,1.50,1.28
2013.11.15 10:07:10.605,1.40849,1.40872,1.50,1.28
2013.11.15 10:07:10.977,1.40849,1.40872,1.50,1.28
2013.11.15 10:07:15.066,1.40847,1.40873,1.69,3.53
2013.11.15 10:07:16.031,1.40848,1.40873,1.77,2.03
2013.11.15 10:07:16.337,1.40851,1.40876,1.02,2.03
2013.11.15 10:07:20.897,1.40848,1.40873,1.69,1.28
2013.11.15 10:07:21.139,1.40848,1.40873,1.69,1.28
2013.11.15 10:07:22.226,1.40843,1.4087,1.47,1.28
2013.11.15 10:07:22.466,1.40843,1.4087,1.47,2.03
2013.11.15 10:07:24.647,1.40843,1.4087,1.47,2.78
2013.11.15 10:07:29.439,1.40843,1.4087,1.47,2.03
2013.11.15 10:07:33.727,1.40844,1.40869,1.32,1.28
2013.11.15 10:07:34.877,1.40844,1.4087,1.32,1.28
2013.11.15 10:07:35.517,1.40844,1.4087,1.32,2.70
2013.11.15 10:07:38.956,1.40844,1.40868,2.14,1.28
2013.11.15 10:07:39.236,1.40844,1.40869,1.69,1.28
2013.11.15 10:07:43.248,1.40843,1.40869,1.32,2.78
2013.11.15 10:07:43.806,1.40843,1.40868,2.07,2.40
2013.11.15 10:07:43.986,1.40844,1.40869,1.09,1.28
2013.11.15 10:07:44.106,1.40844,1.40869,1.09,1.28
2013.11.15 10:07:44.226,1.40845,1.40869,1.02,1.28
2013.11.15 10:07:44.746,1.40845,1.40868,1.09,1.65
2013.11.15 10:07:44.806,1.40845,1.40868,1.02,1.65
2013.11.15 10:07:45.818,1.40843,1.40867,1.32,1.65
2013.11.15 10:07:46.341,1.40843,1.40867,1.32,1.65
2013.11.15 10:07:46.668,1.40843,1.40861,1.13,1.65
2013.11.15 10:07:47.030,1.40836,1.40857,1.13,3.08
2013.11.15 10:07:47.516,1.40836,1.40857,1.13,1.65
2013.11.15 10:07:47.696,1.40835,1.40858,1.13,2.40
2013.11.15 10:07:48.440,1.40835,1.40856,1.13,2.33
2013.11.15 10:07:48.797,1.40833,1.40854,1.13,1.65
2013.11.15 10:07:48.858,1.40833,1.40854,1.13,1.65
2013.11.15 10:07:48.921,1.40833,1.40854,1.13,1.65
2013.11.15 10:07:49.572,1.40833,1.40854,1.13,2.78
2013.11.15 10:07:50.448,1.40833,1.40854,1.32,1.65
2013.11.15 10:07:50.626,1.40833,1.40858,1.32,2.03
2013.11.15 10:07:54.817,1.40839,1.40858,1.32,2.03
2013.11.15 10:07:54.997,1.40841,1.40858,1.69,1.20
2013.11.15 10:07:55.177,1.40841,1.40859,1.69,1.20
2013.11.15 10:07:55.242,1.40841,1.40859,1.50,1.95
2013.11.15 10:07:55.366,1.40833,1.40859,1.69,3.15
2013.11.15 10:07:57.403,1.40833,1.40859,1.69,3.15
2013.11.15 10:07:57.526,1.40842,1.40859,1.69,1.28
2013.11.15 10:08:00.276,1.40842,1.40862,1.69,3.53
2013.11.15 10:08:01.026,1.40842,1.40861,1.69,1.65
2013.11.15 10:08:01.208,1.40847,1.40865,1.32,2.03
2013.11.15 10:08:01.276,1.40847,1.40865,1.32,1.28
2013.11.15 10:08:01.336,1.40851,1.40867,2.07,1.28
2013.11.15 10:08:01.457,1.40852,1.40868,1.69,1.20
2013.11.15 10:08:01.981,1.40852,1.40871,1.69,1.58
2013.11.15 10:08:05.607,1.40852,1.40871,1.69,1.65
2013.11.15 10:08:07.676,1.40852,1.40871,1.69,2.40
2013.11.15 10:08:08.229,1.40852,1.40871,1.69,3.08
2013.11.15 10:08:11.066,1.40852,1.4087,1.69,1.65
2013.11.15 10:08:14.938,1.40849,1.4087,1.32,2.40
2013.11.15 10:08:15.067,1.40848,1.40866,2.25,1.58
2013.11.15 10:08:15.247,1.40846,1.40863,1.50,1.28
2013.11.15 10:08:15.427,1.40844,1.40863,1.32,1.65
2013.11.15 10:08:22.128,1.40843,1.40864,2.44,4.65
2013.11.15 10:08:22.766,1.40843,1.40864,2.07,4.65
2013.11.15 10:08:23.107,1.40842,1.40863,2.07,1.28
2013.11.15 10:08:23.167,1.40842,1.40862,1.50,1.28
2013.11.15 10:08:23.406,1.40841,1.4086,1.13,1.65
2013.11.15 10:08:23.696,1.40835,1.4086,1.20,2.22
2013.11.15 10:08:23.888,1.40833,1.40858,1.02,1.47
2013.11.15 10:08:24.549,1.40836,1.4086,1.32,1.28
2013.11.15 10:08:32.312,1.4084,1.40862,1.13,1.47
2013.11.15 10:08:32.379,1.4084,1.40863,1.13,1.47
2013.11.15 10:08:32.568,1.4084,1.40863,1.28,1.32
2013.11.15 10:08:32.747,1.4084,1.40866,2.03,2.22
2013.11.15 10:08:33.177,1.40842,1.40866,1.09,1.09
2013.11.15 10:08:34.156,1.40841,1.40866,1.09,1.09
2013.11.15 10:08:35.346,1.40843,1.40867,1.02,1.09
2013.11.15 10:08:35.406,1.40843,1.40868,1.02,1.47
2013.11.15 10:08:35.981,1.40843,1.40869,1.09,1.47
2013.11.15 10:08:36.488,1.40849,1.40871,1.02,1.47
2013.11.15 10:08:36.846,1.4085,1.40874,1.02,1.84
2013.11.15 10:08:37.206,1.4085,1.40874,1.02,2.59
2013.11.15 10:08:39.076,1.4085,1.40874,1.02,1.65
2013.11.15 10:08:40.536,1.4085,1.40874,1.02,1.65
2013.11.15 10:08:40.977,1.40851,1.40874,1.02,1.28
2013.11.15 10:08:41.036,1.40851,1.40874,1.02,1.28
2013.11.15 10:08:41.537,1.40851,1.40875,1.09,1.09
2013.11.15 10:08:43.296,1.40851,1.40875,1.09,1.09
2013.11.15 10:08:45.386,1.40851,1.40875,1.09,1.09
2013.11.15 10:08:46.707,1.40851,1.40875,1.09,1.09
2013.11.15 10:08:49.207,1.40853,1.40877,1.02,1.84
2013.11.15 10:08:49.328,1.40855,1.4088,1.02,3.72
2013.11.15 10:08:49.688,1.40856,1.40882,1.02,2.22
2013.11.15 10:08:50.226,1.40856,1.40881,1.02,1.47
2013.11.15 10:08:52.769,1.40855,1.40879,1.09,1.39
2013.11.15 10:08:56.008,1.40856,1.40882,1.02,1.47
2013.11.15 10:08:56.068,1.40856,1.40882,1.02,2.03
2013.11.15 10:08:56.466,1.40856,1.40881,1.02,1.47
2013.11.15 10:08:57.016,1.40856,1.40882,1.02,2.59
2013.11.15 10:08:57.256,1.40855,1.4088,1.02,1.28
2013.11.15 10:08:58.006,1.40853,1.40876,1.20,1.02
2013.11.15 10:08:58.366,1.4085,1.4087,1.13,1.84
2013.11.15 10:08:59.776,1.40844,1.4087,1.32,2.59
2013.11.15 10:09:02.549,1.40845,1.40868,1.13,1.77
2013.11.15 10:09:02.610,1.40844,1.40868,1.32,2.52
2013.11.15 10:09:02.741,1.40843,1.40863,1.13,1.09
2013.11.15 10:09:02.928,1.40837,1.40862,1.09,1.47
2013.11.15 10:09:02.987,1.40836,1.4086,1.69,1.47
2013.11.15 10:09:05.756,1.40835,1.4086,1.02,1.47
2013.11.15 10:09:06.269,1.40834,1.40859,1.69,1.58
2013.11.15 10:09:07.287,1.40833,1.40857,1.39,1.09
2013.11.15 10:09:07.979,1.40832,1.40857,1.69,1.09
2013.11.15 10:09:08.948,1.40832,1.40856,1.69,1.58
2013.11.15 10:09:09.007,1.40832,1.40856,1.69,2.52
2013.11.15 10:09:09.187,1.40832,1.40853,1.13,2.14
2013.11.15 10:09:09.428,1.40831,1.4085,1.13,1.84
2013.11.15 10:09:11.686,1.40831,1.40849,1.13,1.77
2013.11.15 10:09:12.268,1.40831,1.40849,1.13,1.09
2013.11.15 10:09:12.387,1.40831,1.4085,1.13,1.28
2013.11.15 10:09:12.569,1.40832,1.40852,1.32,2.03
2013.11.15 10:09:12.888,1.40832,1.40854,1.32,1.39
2013.11.15 10:09:12.947,1.40832,1.40855,1.32,1.09
2013.11.15 10:09:13.666,1.40832,1.40855,1.39,1.02
2013.11.15 10:09:13.787,1.40834,1.40857,1.09,1.09
2013.11.15 10:09:13.966,1.40835,1.40859,1.02,2.22
2013.11.15 10:09:14.886,1.40834,1.40859,1.02,1.09
2013.11.15 10:09:15.396,1.40832,1.40859,1.47,2.59
2013.11.15 10:09:15.846,1.40832,1.40856,1.47,1.09
2013.11.15 10:09:15.966,1.40832,1.40855,1.32,1.09
2013.11.15 10:09:21.386,1.4083,1.40855,1.02,1.09
2013.11.15 10:09:23.656,1.40833,1.40855,1.13,1.09
2013.11.15 10:09:23.836,1.40833,1.40855,1.13,1.77
2013.11.15 10:09:25.787,1.40833,1.40855,1.13,2.52
2013.11.15 10:09:27.496,1.40833,1.40855,1.13,2.52
2013.11.15 10:09:29.298,1.40833,1.40856,1.13,2.22
2013.11.15 10:09:31.398,1.40833,1.40856,1.13,2.22
2013.11.15 10:09:32.337,1.40833,1.40855,1.13,1.84
2013.11.15 10:09:33.435,1.40833,1.40855,1.32,1.84
2013.11.15 10:09:33.687,1.40833,1.40857,1.32,3.34
2013.11.15 10:09:33.867,1.40833,1.40857,1.32,1.47
2013.11.15 10:09:34.406,1.40835,1.40858,1.02,1.84
2013.11.15 10:09:35.306,1.40833,1.40858,1.84,1.84
2013.11.15 10:09:36.546,1.40833,1.40858,1.09,1.09
2013.11.15 10:09:37.056,1.40833,1.4086,1.09,1.84
2013.11.15 10:09:43.437,1.40832,1.40857,1.84,1.02
2013.11.15 10:09:44.077,1.40832,1.40858,1.09,1.09
2013.11.15 10:09:48.965,1.40832,1.40857,1.84,1.09
2013.11.15 10:09:49.900,1.40834,1.40858,1.32,1.47
2013.11.15 10:09:50.027,1.40834,1.40859,1.09,2.22
2013.11.15 10:09:52.887,1.40834,1.40859,1.02,1.09
2013.11.15 10:09:53.786,1.40832,1.4086,2.59,2.59
2013.11.15 10:09:55.707,1.40833,1.40858,2.44,1.09
2013.11.15 10:09:58.567,1.40835,1.40859,1.32,1.65
2013.11.15 10:09:59.106,1.40836,1.40861,1.02,1.84
2013.11.15 10:10:01.161,1.40836,1.40861,1.02,1.84
2013.11.15 10:10:01.768,1.40836,1.4086,1.02,1.47
2013.11.15 10:10:02.390,1.40836,1.4086,1.02,1.47
2013.11.15 10:10:03.407,1.40836,1.4086,1.02,1.47
2013.11.15 10:10:05.146,1.40836,1.4086,1.02,2.22
2013.11.15 10:10:10.707,1.40835,1.4086,1.69,1.47
2013.11.15 10:10:13.126,1.40836,1.40861,1.02,3.94
2013.11.15 10:10:15.447,1.40835,1.40858,1.28,1.32
2013.11.15 10:10:15.886,1.40835,1.40856,1.13,1.84
2013.11.15 10:10:17.988,1.40835,1.40858,1.32,1.95
2013.11.15 10:10:18.106,1.40835,1.40857,1.32,1.28
2013.11.15 10:10:18.487,1.40835,1.40857,1.32,1.28
2013.11.15 10:10:24.637,1.40837,1.40856,1.32,1.28
2013.11.15 10:10:27.610,1.40837,1.40857,1.13,2.03
2013.11.15 10:10:27.789,1.40834,1.40854,1.32,1.65
2013.11.15 10:10:27.977,1.40828,1.40851,1.69,1.65
2013.11.15 10:10:28.037,1.40828,1.40851,1.69,3.15
2013.11.15 10:10:28.576,1.4083,1.40851,1.32,2.03
2013.11.15 10:10:29.707,1.4083,1.40851,1.32,1.28
2013.11.15 10:10:31.596,1.4083,1.40852,1.32,1.13
2013.11.15 10:10:32.422,1.4083,1.40854,1.32,3.08
2013.11.15 10:10:33.277,1.40826,1.40852,1.69,3.45
2013.11.15 10:10:33.337,1.40826,1.4085,1.69,1.65
2013.11.15 10:10:33.862,1.40826,1.40852,1.69,4.65
2013.11.15 10:10:34.112,1.40826,1.4085,1.69,1.65
2013.11.15 10:10:37.454,1.40826,1.40851,1.69,4.95
2013.11.15 10:10:37.636,1.40827,1.40851,1.02,2.78
2013.11.15 10:10:37.696,1.4083,1.40851,1.32,1.95
2013.11.15 10:10:37.817,1.40826,1.40851,1.69,3.15
2013.11.15 10:10:37.877,1.40826,1.40851,1.69,1.65
2013.11.15 10:10:38.508,1.40826,1.40851,1.69,1.65
2013.11.15 10:10:40.329,1.4083,1.40851,1.32,2.03
2013.11.15 10:10:40.388,1.4083,1.40851,1.32,2.03
2013.11.15 10:10:40.896,1.4083,1.40851,1.32,1.13
2013.11.15 10:10:42.656,1.4083,1.40852,1.32,2.03
2013.11.15 10:10:44.846,1.4083,1.40854,1.69,2.03
2013.11.15 10:10:45.417,1.4083,1.40855,1.84,1.09
2013.11.15 10:10:51.538,1.40829,1.40855,1.84,2.97
2013.11.15 10:10:52.198,1.4083,1.40855,1.69,2.22
2013.11.15 10:10:54.226,1.4083,1.40855,1.32,1.65
2013.11.15 10:10:55.477,1.4083,1.40855,1.32,1.65
2013.11.15 10:10:55.536,1.4083,1.40855,1.47,1.65
2013.11.15 10:10:55.660,1.4083,1.40855,1.47,1.65
2013.11.15 10:10:57.089,1.40831,1.40855,1.32,1.65
2013.11.15 10:10:57.207,1.40832,1.40855,1.32,1.28
2013.11.15 10:11:00.004,1.40832,1.40856,1.32,2.40
2013.11.15 10:11:00.187,1.40833,1.40856,1.32,1.65
2013.11.15 10:11:00.490,1.4084,1.40861,1.32,2.78
2013.11.15 10:11:07.680,1.40839,1.40861,1.02,1.50
2013.11.15 10:11:10.017,1.4084,1.40861,1.32,1.13
2013.11.15 10:11:14.354,1.4084,1.40863,2.97,1.88
2013.11.15 10:11:14.557,1.4084,1.40863,2.97,1.88
2013.11.15 10:11:16.307,1.4084,1.40863,1.47,1.50
2013.11.15 10:11:16.498,1.4084,1.40862,1.09,1.13
2013.11.15 10:11:16.557,1.4084,1.40862,1.02,1.20
2013.11.15 10:11:16.858,1.40838,1.4086,1.32,2.33
2013.11.15 10:11:17.536,1.40838,1.4086,1.32,1.65
2013.11.15 10:11:18.924,1.40838,1.4086,1.32,1.58
2013.11.15 10:11:19.046,1.4084,1.40861,1.32,1.13
2013.11.15 10:11:19.678,1.4084,1.40862,1.32,1.28
2013.11.15 10:11:20.036,1.4084,1.40865,1.32,2.22
2013.11.15 10:11:21.727,1.4084,1.40865,1.32,2.97
2013.11.15 10:11:22.039,1.4084,1.40865,1.32,2.97
2013.11.15 10:11:22.648,1.4084,1.40864,1.32,1.28
2013.11.15 10:11:22.899,1.40838,1.40861,1.32,1.84
2013.11.15 10:11:23.446,1.40838,1.40859,1.32,2.03
2013.11.15 10:11:30.597,1.40835,1.40858,1.69,1.65
2013.11.15 10:11:30.957,1.40835,1.40856,1.69,2.70
2013.11.15 10:11:31.969,1.40838,1.40855,1.32,1.65
2013.11.15 10:11:32.398,1.40835,1.40855,1.32,1.58
2013.11.15 10:11:34.733,1.40835,1.40855,1.32,3.08
2013.11.15 10:11:34.977,1.40837,1.40853,1.32,2.40
2013.11.15 10:11:35.097,1.40837,1.40852,1.32,1.65
2013.11.15 10:11:35.277,1.40835,1.40852,1.32,1.58
2013.11.15 10:11:35.417,1.40835,1.40852,1.32,1.58
2013.11.15 10:11:35.617,1.40837,1.40853,1.32,2.40
2013.11.15 10:11:35.677,1.40837,1.40854,1.32,1.65
2013.11.15 10:11:35.736,1.40835,1.40854,1.32,1.65
2013.11.15 10:11:35.857,1.40835,1.40852,1.32,1.65
2013.11.15 10:11:42.960,1.40835,1.40853,1.32,3.83
2013.11.15 10:11:44.227,1.40835,1.40853,1.32,3.15
2013.11.15 10:11:44.926,1.40835,1.40853,1.32,1.65
2013.11.15 10:11:45.247,1.40835,1.40852,1.32,3.08
2013.11.15 10:11:45.426,1.40832,1.40852,1.32,3.08
2013.11.15 10:11:45.668,1.40828,1.40849,1.13,1.09
2013.11.15 10:11:45.788,1.40824,1.40845,1.32,3.08
2013.11.15 10:11:45.967,1.40824,1.40843,1.32,1.58
2013.11.15 10:11:46.737,1.40819,1.40841,1.13,1.77
2013.11.15 10:11:47.097,1.40819,1.40841,1.13,1.09
2013.11.15 10:11:47.927,1.40819,1.40841,1.13,1.77
2013.11.15 10:11:50.886,1.40817,1.4084,1.32,1.65
2013.11.15 10:11:52.506,1.40817,1.40839,1.32,2.40
2013.11.15 10:11:52.866,1.40817,1.40841,1.32,1.09
2013.11.15 10:11:53.316,1.40817,1.40838,1.13,1.84
2013.11.15 10:11:57.373,1.40815,1.40837,1.88,1.09
2013.11.15 10:11:57.557,1.40814,1.40831,1.50,1.69
2013.11.15 10:11:57.677,1.40815,1.40831,1.32,2.40
2013.11.15 10:11:57.797,1.40815,1.40837,1.32,1.84
2013.11.15 10:11:58.167,1.40815,1.40837,1.32,1.09
2013.11.15 10:11:58.908,1.40815,1.40837,1.32,1.47
2013.11.15 10:12:00.888,1.40815,1.40837,1.32,1.47
2013.11.15 10:12:03.638,1.40815,1.40837,1.32,1.47
2013.11.15 10:12:08.918,1.40815,1.40837,1.32,1.47
2013.11.15 10:12:10.847,1.40815,1.40837,1.32,1.47
2013.11.15 10:12:10.907,1.40815,1.40837,1.32,1.47
2013.11.15 10:12:11.447,1.40815,1.40837,1.32,1.09
2013.11.15 10:12:12.787,1.40816,1.40837,1.13,1.09
2013.11.15 10:12:13.738,1.40816,1.40838,1.32,1.65
2013.11.15 10:12:13.856,1.40816,1.40838,1.13,1.09
2013.11.15 10:12:15.786,1.40816,1.40838,1.13,1.09
2013.11.15 10:12:19.007,1.40815,1.40838,1.13,1.09
2013.11.15 10:12:19.068,1.40815,1.40837,1.13,1.09
2013.11.15 10:12:19.627,1.40815,1.40837,1.13,1.09
2013.11.15 10:12:27.976,1.40815,1.40837,1.13,1.09
2013.11.15 10:12:28.278,1.40816,1.40838,1.02,1.20
2013.11.15 10:12:29.120,1.40815,1.40839,2.07,2.78
2013.11.15 10:12:29.178,1.40815,1.40839,2.07,2.63
2013.11.15 10:12:29.247,1.40815,1.40836,1.13,1.09
2013.11.15 10:12:30.708,1.40815,1.40837,1.13,1.02
2013.11.15 10:12:30.768,1.40815,1.40838,1.13,1.09
2013.11.15 10:12:31.564,1.40815,1.40838,1.13,1.09
2013.11.15 10:12:31.698,1.40815,1.40839,1.69,1.65
2013.11.15 10:12:31.816,1.40816,1.40842,1.09,2.78
2013.11.15 10:12:32.116,1.40816,1.40842,1.65,2.59
2013.11.15 10:12:32.176,1.40815,1.40838,1.88,1.09
2013.11.15 10:12:32.296,1.40815,1.40838,1.13,1.09
2013.11.15 10:12:33.057,1.40815,1.40838,1.13,2.52
2013.11.15 10:12:36.049,1.40815,1.40837,1.32,1.58
2013.11.15 10:12:42.125,1.40815,1.40838,1.32,3.27
2013.11.15 10:12:44.926,1.40815,1.40838,1.32,3.27
2013.11.15 10:12:56.877,1.40815,1.40838,1.32,3.27
2013.11.15 10:12:57.579,1.40815,1.40838,1.32,2.52
2013.11.15 10:12:58.736,1.40815,1.40838,1.32,1.77
2013.11.15 10:13:02.047,1.40815,1.40839,1.32,1.47
2013.11.15 10:13:02.632,1.40815,1.40839,1.39,1.09
2013.11.15 10:13:06.188,1.40815,1.4084,1.77,1.84
2013.11.15 10:13:06.247,1.40816,1.4084,1.02,1.09
2013.11.15 10:13:06.800,1.40816,1.40842,1.02,2.22
2013.11.15 10:13:09.267,1.40816,1.40842,1.77,1.47
2013.11.15 10:13:09.389,1.40819,1.40842,1.02,1.20
2013.11.15 10:13:10.681,1.40821,1.40847,1.02,1.47
2013.11.15 10:13:10.810,1.40821,1.40847,1.02,1.47
2013.11.15 10:13:16.907,1.40822,1.40847,1.20,1.09
2013.11.15 10:13:18.726,1.40822,1.40848,1.39,3.34
2013.11.15 10:13:18.787,1.40822,1.40848,1.39,2.59
2013.11.15 10:13:20.858,1.40824,1.40848,1.02,1.47
2013.11.15 10:13:27.876,1.40824,1.40849,1.09,2.22
2013.11.15 10:13:29.607,1.40824,1.40849,1.09,2.22
2013.11.15 10:13:31.806,1.40824,1.40849,1.09,2.97
2013.11.15 10:13:50.501,1.40824,1.4085,1.47,2.59
2013.11.15 10:13:54.377,1.40824,1.40849,1.32,2.22
2013.11.15 10:13:56.616,1.40824,1.40848,1.32,1.09
2013.11.15 10:13:56.877,1.40824,1.40844,1.13,1.02
2013.11.15 10:13:56.938,1.40822,1.40844,1.88,1.09
2013.11.15 10:13:57.118,1.40822,1.40843,1.32,1.77
2013.11.15 10:13:57.178,1.40822,1.40843,1.32,1.84
2013.11.15 10:13:57.477,1.40824,1.40844,1.13,1.77
2013.11.15 10:14:00.606,1.40825,1.40844,1.50,1.02
2013.11.15 10:14:03.673,1.40824,1.40848,1.02,2.22
2013.11.15 10:14:05.461,1.40824,1.40848,1.02,1.47
2013.11.15 10:14:06.806,1.40824,1.40848,1.02,1.28
2013.11.15 10:14:08.768,1.40821,1.40848,1.84,2.06
2013.11.15 10:14:08.953,1.40824,1.40848,1.02,2.03
2013.11.15 10:14:09.267,1.40826,1.40848,1.02,1.20
2013.11.15 10:14:10.416,1.40826,1.4085,1.02,3.53
2013.11.15 10:14:10.866,1.40828,1.4085,1.32,3.53
2013.11.15 10:14:12.029,1.40827,1.40852,1.84,1.68
2013.11.15 10:14:13.096,1.40826,1.40849,1.09,1.13
2013.11.15 10:14:13.538,1.40828,1.40849,1.02,1.13
2013.11.15 10:14:15.709,1.40828,1.40853,1.09,1.65
2013.11.15 10:14:16.137,1.40826,1.40852,1.84,1.31
2013.11.15 10:14:18.487,1.40827,1.40852,1.09,1.28
2013.11.15 10:14:18.548,1.40827,1.40852,1.09,1.28
2013.11.15 10:14:20.067,1.40826,1.40852,1.84,1.28
2013.11.15 10:14:21.055,1.40826,1.4085,1.84,1.28
2013.11.15 10:14:22.387,1.40826,1.40852,1.09,1.28
2013.11.15 10:14:23.788,1.40831,1.40852,2.52,1.20
2013.11.15 10:14:24.097,1.40836,1.40855,1.02,1.13
2013.11.15 10:14:26.507,1.40837,1.40858,1.84,1.13
2013.11.15 10:14:26.628,1.40838,1.40861,1.84,1.50
2013.11.15 10:14:26.687,1.40838,1.40862,1.84,1.88
2013.11.15 10:14:26.747,1.4084,1.40862,1.09,1.50
2013.11.15 10:14:26.989,1.4084,1.40864,1.47,1.28
2013.11.15 10:14:27.298,1.40847,1.40865,1.47,1.13
2013.11.15 10:14:27.359,1.4085,1.40871,1.77,1.50
2013.11.15 10:14:27.837,1.40852,1.40875,1.32,1.65
2013.11.15 10:14:28.119,1.40852,1.40875,1.32,1.65
2013.11.15 10:14:28.308,1.40849,1.40872,2.14,1.58
2013.11.15 10:14:28.428,1.40849,1.40871,1.88,2.33
2013.11.15 10:14:29.087,1.40846,1.40873,1.47,3.90
2013.11.15 10:14:34.508,1.40848,1.40873,1.69,1.65
2013.11.15 10:14:35.031,1.4085,1.40876,2.59,4.28
2013.11.15 10:14:36.898,1.4085,1.40876,2.59,2.03
2013.11.15 10:14:37.457,1.40853,1.40876,1.69,1.28
2013.11.15 10:14:38.746,1.40853,1.40877,1.69,1.28
2013.11.15 10:14:39.138,1.40853,1.40876,1.69,1.20
2013.11.15 10:14:39.645,1.4085,1.40873,2.07,1.65
2013.11.15 10:14:52.747,1.40848,1.40874,1.32,2.03
2013.11.15 10:14:52.987,1.40848,1.40872,1.32,1.65
2013.11.15 10:14:55.826,1.40847,1.40871,2.07,2.25
2013.11.15 10:14:56.128,1.40845,1.40867,1.32,1.65
2013.11.15 10:14:56.577,1.40843,1.40867,1.32,3.08
2013.11.15 10:14:58.008,1.40841,1.40866,1.69,1.65
2013.11.15 10:14:58.818,1.40844,1.40867,1.32,4.95
2013.11.15 10:14:58.940,1.40844,1.40867,1.02,3.53
2013.11.15 10:14:59.188,1.40844,1.40867,1.69,1.28
2013.11.15 10:14:59.490,1.40845,1.40867,1.09,1.13
2013.11.15 10:14:59.678,1.40847,1.40871,1.09,1.20
2013.11.15 10:15:01.980,1.40848,1.4087,1.69,1.28
2013.11.15 10:15:03.387,1.40848,1.4087,1.69,1.28
2013.11.15 10:15:03.627,1.40845,1.40869,1.69,1.28
2013.11.15 10:15:04.138,1.40845,1.40869,1.69,1.28
2013.11.15 10:15:04.439,1.40845,1.40869,1.69,2.03
2013.11.15 10:15:05.068,1.40845,1.40869,1.69,2.03
2013.11.15 10:15:05.617,1.40846,1.40869,2.07,1.28
2013.11.15 10:15:05.918,1.40851,1.40874,1.69,1.65
2013.11.15 10:15:06.518,1.40849,1.40874,1.69,2.03
2013.11.15 10:15:06.699,1.40851,1.40875,1.69,1.65
2013.11.15 10:15:07.007,1.40855,1.40877,1.69,1.28
2013.11.15 10:15:07.743,1.40855,1.40877,1.69,1.28
2013.11.15 10:15:08.944,1.40855,1.40877,1.69,1.28
2013.11.15 10:15:09.008,1.40855,1.40877,1.69,1.28
2013.11.15 10:15:09.238,1.40855,1.40877,1.69,2.03
2013.11.15 10:15:09.997,1.40851,1.40877,1.69,3.53
2013.11.15 10:15:11.118,1.40851,1.40876,1.50,1.47
2013.11.15 10:15:11.180,1.4085,1.40874,1.58,2.14
2013.11.15 10:15:11.607,1.40849,1.40874,1.47,2.40
2013.11.15 10:15:13.309,1.40849,1.40875,1.47,1.09
2013.11.15 10:15:13.647,1.40849,1.40875,2.22,1.84
2013.11.15 10:15:14.108,1.40852,1.40877,1.32,1.47
2013.11.15 10:15:14.710,1.40852,1.40878,1.32,3.72
2013.11.15 10:15:15.216,1.40852,1.40878,1.32,2.22
2013.11.15 10:15:15.521,1.40851,1.40877,1.77,2.14
2013.11.15 10:15:16.168,1.40851,1.40877,1.02,2.14
2013.11.15 10:15:16.737,1.4085,1.40877,1.02,2.52
2013.11.15 10:15:17.728,1.40851,1.40877,1.02,2.14
2013.11.15 10:15:17.849,1.40851,1.40877,1.39,1.20
2013.11.15 10:15:17.910,1.40853,1.40878,1.02,2.59
2013.11.15 10:15:18.548,1.40855,1.40879,1.69,2.22
2013.11.15 10:15:19.538,1.40855,1.40879,1.69,2.22
2013.11.15 10:15:20.447,1.40855,1.40878,1.69,1.47
2013.11.15 10:15:21.001,1.40855,1.40878,1.69,1.47
2013.11.15 10:15:23.549,1.40855,1.40878,1.69,1.47
2013.11.15 10:15:23.677,1.40855,1.40878,1.69,1.47
2013.11.15 10:15:24.777,1.40855,1.4088,1.69,1.47
2013.11.15 10:15:27.347,1.40854,1.4088,1.69,1.47
2013.11.15 10:15:28.069,1.40852,1.40878,2.44,1.47
2013.11.15 10:15:30.200,1.40856,1.40879,1.02,1.95
2013.11.15 10:15:30.259,1.40855,1.40879,1.09,1.20
2013.11.15 10:15:30.618,1.40857,1.40884,1.32,2.89
2013.11.15 10:15:31.170,1.40862,1.40886,1.32,1.65
2013.11.15 10:15:31.298,1.40864,1.40886,1.02,1.65
2013.11.15 10:15:35.027,1.40864,1.4089,1.02,2.89
2013.11.15 10:15:35.612,1.40864,1.4089,1.39,3.45
2013.11.15 10:15:36.539,1.40862,1.40886,3.27,1.58
2013.11.15 10:15:36.600,1.40862,1.40886,2.07,1.58
2013.11.15 10:15:36.659,1.40862,1.40886,1.32,1.77
2013.11.15 10:15:36.958,1.40862,1.40886,1.32,2.33
2013.11.15 10:15:37.318,1.40864,1.40887,1.32,3.00
2013.11.15 10:15:37.379,1.40862,1.40887,1.77,1.84
2013.11.15 10:15:37.558,1.40862,1.40887,3.27,1.84
2013.11.15 10:15:39.719,1.40864,1.40888,1.69,1.84
2013.11.15 10:15:50.134,1.40864,1.4089,1.69,2.22
2013.11.15 10:15:50.698,1.40865,1.4089,1.69,2.03
2013.11.15 10:15:51.057,1.40867,1.40892,2.07,1.39
2013.11.15 10:15:51.618,1.40868,1.40892,1.32,1.02
2013.11.15 10:15:51.797,1.40875,1.40894,1.32,1.65
2013.11.15 10:15:56.459,1.40875,1.40895,1.32,3.08
2013.11.15 10:16:01.029,1.40875,1.40895,1.69,2.33
2013.11.15 10:16:01.147,1.40875,1.40895,1.13,1.58
2013.11.15 10:16:02.848,1.40872,1.40896,1.32,1.65
2013.11.15 10:16:06.738,1.40872,1.40896,1.32,1.65
2013.11.15 10:16:09.407,1.40872,1.40894,1.32,1.58
2013.11.15 10:16:09.971,1.40872,1.40892,1.32,1.65
2013.11.15 10:16:10.630,1.40872,1.40892,1.32,1.65
2013.11.15 10:16:11.641,1.40872,1.40894,1.32,3.08
2013.11.15 10:16:12.151,1.40872,1.40891,1.13,1.58
2013.11.15 10:16:12.712,1.4087,1.40889,1.32,2.40
2013.11.15 10:16:13.650,1.40873,1.40891,2.07,2.25
2013.11.15 10:16:13.960,1.40873,1.40896,1.32,2.40
2013.11.15 10:16:14.168,1.40873,1.40896,1.32,3.08
2013.11.15 10:16:17.747,1.40877,1.40896,1.69,2.25
2013.11.15 10:16:17.867,1.40876,1.40897,1.77,1.50
2013.11.15 10:16:17.987,1.4088,1.40899,1.32,1.28
2013.11.15 10:16:18.228,1.4088,1.40901,2.07,1.20
2013.11.15 10:16:18.958,1.4088,1.40901,2.07,1.20
2013.11.15 10:16:21.407,1.4088,1.40901,2.07,1.20
2013.11.15 10:16:21.898,1.4088,1.40902,2.07,1.65
2013.11.15 10:16:22.637,1.4088,1.40902,2.07,1.65
2013.11.15 10:16:29.887,1.40882,1.40905,1.69,2.22
2013.11.15 10:16:30.317,1.40884,1.40905,1.32,2.03
2013.11.15 10:16:30.558,1.40884,1.40908,1.32,1.20
2013.11.15 10:16:30.619,1.40884,1.40909,1.32,2.78
2013.11.15 10:16:30.859,1.40886,1.40909,1.32,1.28
2013.11.15 10:16:32.158,1.40885,1.4091,2.22,1.09
2013.11.15 10:16:32.697,1.40885,1.40907,1.32,1.28
2013.11.15 10:16:36.550,1.40886,1.40908,1.32,1.28
2013.11.15 10:16:39.979,1.40888,1.4091,1.32,2.40
2013.11.15 10:16:41.968,1.40884,1.40905,1.02,1.43
2013.11.15 10:16:42.028,1.40883,1.40905,1.69,2.25
2013.11.15 10:16:42.329,1.40881,1.40901,1.32,1.65
2013.11.15 10:16:42.871,1.40879,1.40902,1.69,1.65
2013.11.15 10:16:43.337,1.40879,1.40901,1.32,1.28
2013.11.15 10:16:43.640,1.40876,1.40899,1.02,1.65
2013.11.15 10:16:43.958,1.40875,1.409,2.44,2.52
2013.11.15 10:16:45.668,1.40878,1.409,1.32,3.08
2013.11.15 10:16:45.727,1.40877,1.409,1.69,3.08
2013.11.15 10:16:46.427,1.40876,1.409,1.69,3.83
2013.11.15 10:16:46.867,1.40878,1.409,1.32,3.08
2013.11.15 10:16:47.048,1.40875,1.40894,1.32,1.50
2013.11.15 10:16:47.168,1.40876,1.40894,1.50,1.88
2013.11.15 10:16:47.677,1.40873,1.40894,1.13,2.44
2013.11.15 10:16:48.267,1.40873,1.40893,1.13,1.47
2013.11.15 10:16:49.097,1.40872,1.40893,1.13,2.22
2013.11.15 10:16:50.260,1.40874,1.40892,1.13,1.28
2013.11.15 10:16:51.597,1.40873,1.40894,1.32,5.63
2013.11.15 10:16:59.537,1.4087,1.40894,1.32,3.38
2013.11.15 10:16:59.777,1.4087,1.40892,1.32,2.33
2013.11.15 10:16:59.897,1.40869,1.40892,1.32,1.58
2013.11.15 10:16:59.958,1.4087,1.40892,1.32,1.58
2013.11.15 10:17:00.518,1.4087,1.40892,1.32,2.33
2013.11.15 10:17:02.687,1.4087,1.40892,1.32,1.58
2013.11.15 10:17:03.681,1.40869,1.40892,1.32,1.58
2013.11.15 10:17:03.747,1.40869,1.4089,1.32,1.58
2013.11.15 10:17:03.987,1.40869,1.40889,1.32,2.33
2013.11.15 10:17:05.979,1.40869,1.40889,1.32,2.33
2013.11.15 10:17:06.039,1.40869,1.40889,1.32,2.33
2013.11.15 10:17:09.418,1.40869,1.40889,1.32,3.08
2013.11.15 10:17:10.427,1.40869,1.40889,1.32,2.33
2013.11.15 10:17:13.598,1.40869,1.40889,1.32,2.33
2013.11.15 10:17:14.107,1.40869,1.40889,1.32,2.33
2013.11.15 10:17:15.866,1.40866,1.40891,2.07,2.03
2013.11.15 10:17:17.250,1.40866,1.40891,2.07,3.45
2013.11.15 10:17:17.308,1.40866,1.40891,2.07,3.45
2013.11.15 10:17:20.047,1.40866,1.40891,2.07,1.95
2013.11.15 10:17:21.027,1.40868,1.40893,1.32,2.03
2013.11.15 10:17:22.197,1.40868,1.40894,1.32,3.75
2013.11.15 10:17:25.857,1.40869,1.40892,1.32,1.28
2013.11.15 10:17:27.067,1.40869,1.40891,1.32,2.78
2013.11.15 10:17:30.840,1.40871,1.40891,1.32,1.65
2013.11.15 10:17:31.019,1.40871,1.40894,1.32,3.83
2013.11.15 10:17:31.200,1.40871,1.40894,2.07,3.08
2013.11.15 10:17:31.500,1.40878,1.40895,1.32,1.28
2013.11.15 10:17:32.531,1.40876,1.40898,1.32,1.58
2013.11.15 10:17:33.203,1.40876,1.40897,1.32,1.28
2013.11.15 10:17:33.630,1.40881,1.40902,1.69,1.65
2013.11.15 10:17:33.691,1.40882,1.40902,1.32,1.28
2013.11.15 10:17:34.049,1.40882,1.40905,1.32,2.33
2013.11.15 10:17:34.227,1.40882,1.40905,1.32,2.33
2013.11.15 10:17:35.133,1.40883,1.40905,1.02,1.65
2013.11.15 10:17:40.287,1.40882,1.40907,1.32,1.09
2013.11.15 10:17:42.976,1.40883,1.40907,1.09,1.09
2013.11.15 10:17:45.677,1.40883,1.40906,1.09,1.84
2013.11.15 10:17:45.737,1.40883,1.40906,1.02,2.59
2013.11.15 10:17:45.857,1.40879,1.40905,1.47,1.77
2013.11.15 10:17:46.337,1.4088,1.40905,1.02,1.47
2013.11.15 10:17:48.697,1.4088,1.40905,1.02,1.47
2013.11.15 10:17:51.328,1.40884,1.40906,1.02,1.65
2013.11.15 10:17:53.277,1.40881,1.40906,1.47,1.65
2013.11.15 10:17:53.517,1.40881,1.40898,1.47,1.50
2013.11.15 10:17:53.708,1.4088,1.40901,1.69,2.44
2013.11.15 10:17:53.887,1.40878,1.40901,1.69,1.84
2013.11.15 10:17:53.947,1.40878,1.409,1.50,1.39
2013.11.15 10:17:54.188,1.40877,1.409,1.32,3.27
2013.11.15 10:17:54.490,1.40874,1.40895,1.13,1.39
2013.11.15 10:17:54.798,1.4087,1.40895,2.22,1.02
2013.11.15 10:17:55.338,1.40874,1.40898,1.39,1.09
2013.11.15 10:17:56.067,1.40874,1.40898,1.32,1.84
2013.11.15 10:17:56.607,1.40874,1.40898,1.32,1.09
2013.11.15 10:17:58.579,1.40875,1.40895,1.13,1.02
2013.11.15 10:17:58.938,1.40869,1.40893,1.13,2.59
2013.11.15 10:18:00.777,1.40875,1.40895,1.32,3.83
2013.11.15 10:18:03.841,1.40873,1.40895,1.32,3.83
2013.11.15 10:18:08.267,1.40873,1.40893,1.32,2.40
2013.11.15 10:18:09.087,1.40873,1.40895,1.32,4.95
2013.11.15 10:18:13.159,1.40873,1.40895,1.32,4.58
2013.11.15 10:18:16.967,1.40867,1.40892,1.84,1.09
2013.11.15 10:18:17.087,1.40867,1.4089,1.77,1.09
2013.11.15 10:18:17.859,1.40866,1.4089,2.44,1.84
2013.11.15 10:18:18.997,1.40866,1.4089,2.44,2.59
2013.11.15 10:18:20.157,1.40867,1.4089,1.32,2.59
2013.11.15 10:18:20.747,1.40867,1.40889,1.32,2.40
2013.11.15 10:18:20.807,1.40867,1.40888,1.32,1.58
2013.11.15 10:18:26.183,1.40867,1.40889,1.13,4.02
2013.11.15 10:18:27.869,1.40867,1.40889,1.13,1.09
2013.11.15 10:18:28.528,1.40867,1.4089,1.13,1.84
2013.11.15 10:18:47.667,1.40865,1.4089,1.39,3.34
2013.11.15 10:18:48.252,1.40865,1.4089,1.32,3.27
2013.11.15 10:19:04.819,1.40865,1.4089,1.32,1.09
2013.11.15 10:19:05.177,1.40867,1.40891,1.69,1.09
2013.11.15 10:19:05.478,1.40869,1.40892,1.69,2.25
2013.11.15 10:19:06.017,1.40869,1.40893,1.69,2.82
2013.11.15 10:19:07.398,1.40869,1.40889,1.69,1.65
2013.11.15 10:19:07.757,1.40865,1.40882,1.32,2.33
2013.11.15 10:19:08.117,1.40858,1.40876,1.69,2.33
2013.11.15 10:19:10.041,1.40858,1.40876,1.69,2.40
2013.11.15 10:19:10.097,1.40858,1.40876,1.69,2.40
2013.11.15 10:19:11.247,1.40856,1.40876,1.32,2.33
2013.11.15 10:19:11.548,1.40857,1.40879,1.32,3.00
2013.11.15 10:19:12.087,1.40859,1.40879,1.13,3.08
2013.11.15 10:19:13.552,1.4086,1.40878,1.13,1.47
2013.11.15 10:19:13.677,1.40855,1.40878,1.50,1.84
2013.11.15 10:19:14.898,1.40855,1.40879,1.28,2.59
2013.11.15 10:19:16.088,1.40857,1.40878,1.13,1.47
2013.11.15 10:19:22.039,1.40853,1.40875,1.13,2.52
2013.11.15 10:19:22.158,1.40851,1.40874,1.32,1.09
2013.11.15 10:19:22.699,1.40851,1.40873,1.32,1.65
2013.11.15 10:19:23.037,1.40851,1.40874,1.32,2.59
2013.11.15 10:19:23.098,1.40848,1.40874,2.25,2.22
2013.11.15 10:19:23.638,1.40847,1.4087,1.13,1.47
2013.11.15 10:19:23.700,1.40847,1.40869,1.13,1.47
2013.11.15 10:19:24.178,1.4085,1.4087,1.32,1.28
2013.11.15 10:19:24.898,1.40848,1.40871,1.13,1.09
2013.11.15 10:19:24.959,1.40848,1.40869,1.13,1.02
2013.11.15 10:19:25.079,1.40847,1.4087,1.50,1.47
2013.11.15 10:19:25.197,1.4085,1.4087,1.50,1.47
2013.11.15 10:19:25.557,1.40853,1.40872,1.13,3.04
2013.11.15 10:19:25.679,1.40857,1.40872,1.13,1.35
2013.11.15 10:19:25.866,1.4086,1.40879,1.13,1.84
2013.11.15 10:19:26.300,1.40853,1.40877,1.65,1.02
2013.11.15 10:19:28.579,1.40854,1.40876,2.33,1.02
2013.11.15 10:19:28.937,1.40853,1.40872,1.50,2.07
2013.11.15 10:19:30.180,1.40852,1.40871,1.13,1.02
2013.11.15 10:19:30.477,1.40843,1.40866,1.50,1.84
2013.11.15 10:19:30.917,1.40843,1.40866,1.50,1.47
2013.11.15 10:19:31.037,1.40843,1.40867,1.50,1.09
2013.11.15 10:19:31.549,1.40843,1.40868,2.07,4.02
2013.11.15 10:19:31.609,1.40843,1.40867,2.07,1.47
2013.11.15 10:19:35.560,1.40843,1.40866,2.07,1.28
2013.11.15 10:19:35.628,1.40843,1.40868,2.07,3.27
2013.11.15 10:19:36.261,1.40844,1.40868,1.32,2.14
2013.11.15 10:19:36.939,1.40844,1.40868,1.32,2.14
2013.11.15 10:19:37.587,1.40844,1.40869,1.39,2.22
2013.11.15 10:19:38.108,1.40844,1.40869,1.47,1.47
2013.11.15 10:19:39.187,1.40844,1.40867,1.47,1.47
2013.11.15 10:19:44.436,1.40844,1.40867,1.39,2.07
2013.11.15 10:19:47.966,1.40844,1.40867,1.02,1.62
2013.11.15 10:19:48.514,1.40844,1.40868,1.02,1.69
2013.11.15 10:19:56.225,1.40844,1.40867,1.02,1.62
2013.11.15 10:19:59.186,1.40844,1.40867,1.02,1.62
2013.11.15 10:19:59.687,1.40844,1.40869,1.02,2.22
2013.11.15 10:19:59.806,1.40846,1.40871,1.32,2.59
2013.11.15 10:19:59.927,1.4085,1.40873,1.20,2.14
2013.11.15 10:20:00.106,1.4085,1.40875,1.20,3.72
2013.11.15 10:20:00.646,1.40851,1.40875,1.88,4.39
2013.11.15 10:20:01.253,1.40851,1.40875,1.88,2.22
2013.11.15 10:20:01.497,1.40851,1.40873,1.88,1.39
2013.11.15 10:20:01.556,1.40851,1.40873,1.88,1.09
2013.11.15 10:20:02.098,1.40851,1.40873,1.88,1.09
2013.11.15 10:20:02.747,1.40851,1.40875,1.88,1.84
2013.11.15 10:20:03.377,1.40851,1.40874,1.88,2.44
2013.11.15 10:20:03.436,1.40851,1.40868,1.13,1.32
2013.11.15 10:20:03.496,1.40851,1.40869,1.13,2.07
2013.11.15 10:20:03.916,1.40851,1.4087,1.13,2.18
2013.11.15 10:20:15.135,1.40851,1.40874,1.13,1.77
2013.11.15 10:20:15.327,1.40851,1.40875,1.47,1.95
2013.11.15 10:20:15.449,1.40851,1.40878,1.47,1.28
2013.11.15 10:20:15.805,1.40854,1.40877,1.13,1.77
2013.11.15 10:20:16.370,1.40853,1.40876,1.32,1.09
2013.11.15 10:20:17.167,1.40853,1.40876,1.39,1.09
2013.11.15 10:20:23.837,1.40853,1.40876,1.20,1.09
2013.11.15 10:20:24.078,1.40853,1.40876,1.39,1.09
2013.11.15 10:20:28.999,1.40853,1.40876,1.39,1.09
2013.11.15 10:20:32.196,1.40854,1.40874,1.13,1.02
2013.11.15 10:20:32.316,1.40854,1.40872,1.13,2.44
2013.11.15 10:20:33.927,1.40854,1.40872,1.13,1.88
2013.11.15 10:20:34.297,1.40853,1.40871,1.13,1.69
2013.11.15 10:20:34.877,1.40853,1.40871,1.13,1.69
2013.11.15 10:20:35.686,1.40853,1.40871,1.13,1.69
2013.11.15 10:20:36.646,1.40854,1.40871,1.13,1.32
2013.11.15 10:20:47.485,1.40854,1.40872,1.13,1.32
2013.11.15 10:20:48.035,1.40855,1.40872,1.13,1.32
2013.11.15 10:20:49.766,1.40853,1.40872,1.20,1.32
2013.11.15 10:20:53.758,1.40853,1.40872,1.20,2.63
2013.11.15 10:20:53.958,1.40854,1.40872,1.13,1.13
2013.11.15 10:20:54.476,1.40855,1.40873,1.13,1.13
2013.11.15 10:20:54.849,1.40854,1.40872,1.20,1.32
2013.11.15 10:20:54.976,1.40853,1.40874,1.13,2.52
2013.11.15 10:20:57.643,1.40853,1.40873,1.13,1.84
2013.11.15 10:20:58.025,1.40851,1.4087,1.13,1.32
2013.11.15 10:20:58.905,1.40851,1.4087,1.13,1.32
2013.11.15 10:20:59.519,1.40851,1.4087,1.13,1.32
2013.11.15 10:21:00.890,1.40851,1.4087,1.13,1.69
2013.11.15 10:21:01.522,1.40847,1.40868,2.03,1.92
2013.11.15 10:21:01.647,1.40845,1.40865,2.63,1.02
2013.11.15 10:21:02.186,1.40844,1.40864,1.20,1.50
2013.11.15 10:21:02.485,1.40842,1.40865,1.32,3.72
2013.11.15 10:21:02.728,1.40842,1.40863,1.13,1.09
2013.11.15 10:21:04.737,1.40842,1.40863,1.20,3.19
2013.11.15 10:21:09.735,1.4084,1.40863,1.65,3.94
2013.11.15 10:21:09.860,1.4084,1.40863,1.65,3.19
2013.11.15 10:21:11.106,1.4084,1.40863,1.65,3.94
2013.11.15 10:21:11.165,1.4084,1.4086,1.20,1.50
2013.11.15 10:21:11.466,1.40839,1.40859,1.13,2.07
2013.11.15 10:21:11.900,1.40839,1.40859,1.32,1.50
2013.11.15 10:21:11.966,1.40839,1.40863,1.62,2.40
2013.11.15 10:21:12.525,1.40841,1.40864,1.05,1.09
2013.11.15 10:21:15.088,1.40842,1.40864,1.13,1.84
2013.11.15 10:21:15.276,1.4084,1.4086,1.13,2.52
2013.11.15 10:21:15.395,1.40839,1.4086,1.69,3.34
2013.11.15 10:21:15.946,1.40838,1.40859,1.50,1.77
2013.11.15 10:21:16.306,1.4084,1.4086,1.13,2.40
2013.11.15 10:21:16.665,1.40844,1.40861,1.13,1.58
2013.11.15 10:21:17.465,1.40843,1.40864,2.07,3.90
2013.11.15 10:21:17.766,1.40843,1.40861,1.50,2.40
2013.11.15 10:21:18.157,1.40843,1.40861,1.50,2.40
2013.11.15 10:21:22.975,1.40841,1.40861,1.13,4.50
2013.11.15 10:21:23.488,1.40841,1.40858,1.13,2.97
2013.11.15 10:21:23.547,1.4084,1.40858,1.13,1.47
2013.11.15 10:21:23.728,1.4084,1.40859,1.13,1.32
2013.11.15 10:21:23.908,1.40841,1.4086,1.32,1.50
2013.11.15 10:21:24.027,1.40841,1.40862,1.13,1.50
2013.11.15 10:21:24.146,1.40841,1.40863,1.13,1.84
2013.11.15 10:21:24.387,1.40842,1.40862,1.50,1.02
2013.11.15 10:21:24.506,1.40839,1.40861,1.95,1.02
2013.11.15 10:21:24.626,1.40839,1.40862,3.27,1.58
2013.11.15 10:21:24.806,1.40841,1.40866,1.39,2.40
2013.11.15 10:21:25.345,1.40841,1.40866,2.82,2.40
2013.11.15 10:21:27.185,1.40841,1.40865,2.63,2.22
2013.11.15 10:21:33.678,1.40837,1.40861,1.69,1.65
2013.11.15 10:21:36.646,1.40836,1.4086,2.14,1.65
2013.11.15 10:21:43.605,1.40836,1.4086,1.77,1.09
2013.11.15 10:21:45.656,1.40836,1.4086,1.02,1.84
2013.11.15 10:21:46.195,1.40835,1.4086,2.14,1.84
2013.11.15 10:21:47.646,1.40837,1.4086,1.32,1.09
2013.11.15 10:21:47.907,1.40835,1.40858,1.39,2.40
2013.11.15 10:21:48.321,1.40835,1.40858,1.32,3.08
2013.11.15 10:21:49.556,1.40832,1.40855,1.69,1.65
2013.11.15 10:21:50.096,1.40834,1.40854,1.13,1.02
2013.11.15 10:21:50.526,1.40834,1.40854,1.13,1.09
2013.11.15 10:21:51.909,1.40833,1.40854,1.32,1.47
2013.11.15 10:21:54.146,1.40832,1.40854,1.32,2.22
2013.11.15 10:21:58.316,1.40833,1.40854,1.13,1.65
2013.11.15 10:21:58.376,1.40833,1.40853,1.13,2.40
2013.11.15 10:21:58.926,1.40829,1.40853,1.69,3.83
2013.11.15 10:21:59.046,1.40831,1.40853,1.32,1.28
2013.11.15 10:22:02.186,1.40832,1.40854,1.32,1.09
2013.11.15 10:22:02.664,1.40832,1.40854,1.32,1.09
2013.11.15 10:22:03.457,1.40832,1.40856,1.69,1.69
2013.11.15 10:22:03.576,1.40832,1.40856,2.97,1.69
2013.11.15 10:22:04.876,1.40834,1.40858,1.32,1.28
2013.11.15 10:22:05.248,1.40839,1.40858,1.32,1.20
2013.11.15 10:22:05.487,1.40841,1.40861,1.20,1.69
2013.11.15 10:22:05.726,1.4084,1.40862,1.32,1.95
2013.11.15 10:22:06.298,1.4084,1.40863,1.32,2.40
2013.11.15 10:22:06.886,1.4084,1.40862,1.32,1.28
2013.11.15 10:22:17.567,1.40841,1.40866,1.09,2.97
2013.11.15 10:22:17.957,1.40842,1.40866,1.32,3.27
2013.11.15 10:22:18.208,1.40845,1.40866,1.32,1.58
2013.11.15 10:22:18.268,1.40845,1.40868,1.32,1.20
2013.11.15 10:22:18.566,1.40846,1.40868,1.32,1.20
2013.11.15 10:22:18.868,1.40853,1.4087,1.13,1.77
2013.11.15 10:22:18.987,1.40853,1.40873,1.13,1.09
2013.11.15 10:22:19.113,1.40853,1.40872,1.13,1.02
2013.11.15 10:22:19.176,1.40846,1.40867,1.69,1.20
2013.11.15 10:22:19.236,1.40845,1.40867,1.95,1.77
2013.11.15 10:22:19.758,1.40843,1.40867,1.39,1.47
2013.11.15 10:22:21.472,1.40843,1.40867,2.52,1.47
2013.11.15 10:22:21.805,1.40843,1.40867,2.52,1.47
2013.11.15 10:22:24.099,1.40844,1.40867,1.69,1.28
2013.11.15 10:22:24.179,1.40845,1.40867,1.02,1.28
2013.11.15 10:22:25.748,1.40845,1.40867,1.02,1.47
2013.11.15 10:22:27.727,1.40844,1.40867,1.05,1.47
2013.11.15 10:22:27.846,1.40843,1.40866,1.05,1.39
2013.11.15 10:22:28.026,1.40841,1.40862,1.69,1.02
2013.11.15 10:22:28.086,1.4084,1.40862,1.13,1.02
2013.11.15 10:22:28.446,1.40836,1.40861,2.70,1.02
2013.11.15 10:22:29.987,1.40834,1.40856,2.89,1.58
2013.11.15 10:22:34.217,1.40834,1.40856,1.39,1.58
2013.11.15 10:22:37.182,1.40834,1.40856,1.02,1.58
2013.11.15 10:22:37.559,1.40833,1.40852,1.88,1.02
2013.11.15 10:22:37.868,1.40832,1.40851,1.13,1.32
2013.11.15 10:22:38.549,1.40833,1.40851,1.32,1.13
2013.11.15 10:22:38.622,1.40833,1.40854,2.07,1.13
2013.11.15 10:22:38.836,1.40834,1.40853,1.32,1.13
2013.11.15 10:22:39.126,1.40833,1.40853,2.07,1.13
2013.11.15 10:22:39.957,1.40833,1.40853,2.07,1.13
2013.11.15 10:22:42.269,1.40836,1.40853,1.32,1.13
2013.11.15 10:22:42.387,1.40837,1.40857,2.07,2.03
2013.11.15 10:22:42.448,1.40838,1.40857,1.50,1.13
2013.11.15 10:22:42.507,1.40838,1.40858,1.50,1.69
2013.11.15 10:22:42.628,1.40837,1.40858,1.32,2.25
2013.11.15 10:22:42.746,1.40837,1.40858,1.32,2.25
2013.11.15 10:22:43.306,1.40838,1.40859,1.47,1.13
2013.11.15 10:22:45.897,1.40837,1.40859,1.09,2.44
2013.11.15 10:22:46.076,1.40834,1.40858,2.22,1.69
2013.11.15 10:22:46.406,1.40835,1.40857,1.09,1.50
2013.11.15 10:22:46.967,1.40834,1.40856,1.02,1.28
2013.11.15 10:22:47.509,1.40834,1.40856,1.02,2.22
2013.11.15 10:22:47.899,1.40834,1.40856,1.02,1.47
2013.11.15 10:22:55.226,1.40834,1.40856,1.47,1.32
2013.11.15 10:22:55.666,1.40834,1.40856,1.09,1.32
2013.11.15 10:22:57.887,1.40834,1.40856,1.09,2.07
2013.11.15 10:22:58.490,1.40834,1.40855,1.09,1.50
2013.11.15 10:22:59.497,1.40834,1.40856,1.09,1.32
2013.11.15 10:23:00.899,1.40834,1.40855,1.09,1.50
2013.11.15 10:23:13.736,1.40833,1.40856,1.65,1.84
2013.11.15 10:23:14.258,1.40832,1.40854,1.09,1.69
2013.11.15 10:23:16.453,1.40832,1.40854,1.09,1.69
2013.11.15 10:23:16.515,1.40832,1.40854,1.09,1.69
2013.11.15 10:23:17.891,1.40831,1.40854,3.08,1.69
2013.11.15 10:23:18.259,1.40831,1.40853,1.58,1.02
2013.11.15 10:23:18.376,1.40831,1.40851,1.20,1.50
2013.11.15 10:23:19.366,1.4083,1.4085,1.20,1.50
2013.11.15 10:23:22.556,1.40826,1.40848,3.34,1.50
2013.11.15 10:23:23.237,1.40826,1.40848,2.59,1.50
2013.11.15 10:23:24.541,1.40826,1.40848,3.34,1.50
2013.11.15 10:23:24.936,1.40826,1.40848,2.59,1.50
2013.11.15 10:23:30.249,1.40829,1.40848,1.02,1.50
2013.11.15 10:23:30.656,1.40829,1.40848,1.02,1.50
2013.11.15 10:23:31.556,1.4083,1.40849,2.03,1.13
2013.11.15 10:23:32.486,1.4083,1.40848,1.02,1.50
2013.11.15 10:23:34.126,1.40827,1.40848,2.97,1.50
2013.11.15 10:23:36.861,1.40827,1.40848,1.28,1.50
2013.11.15 10:23:38.476,1.40827,1.40849,1.20,1.39
2013.11.15 10:23:42.417,1.40825,1.40846,1.47,1.50
2013.11.15 10:23:47.144,1.40825,1.40846,1.09,1.50
2013.11.15 10:23:48.397,1.40825,1.40846,1.84,1.50
2013.11.15 10:23:49.068,1.40827,1.40847,1.02,1.50
2013.11.15 10:23:49.428,1.40825,1.40846,1.13,1.09
2013.11.15 10:23:49.737,1.40822,1.40843,1.47,1.32
2013.11.15 10:23:59.286,1.40823,1.40843,1.32,1.13
2013.11.15 10:24:12.477,1.40823,1.40842,1.09,1.50
2013.11.15 10:24:12.896,1.40821,1.40841,1.39,1.50
2013.11.15 10:24:13.437,1.40818,1.40838,2.40,2.25
2013.11.15 10:24:17.450,1.40819,1.40837,1.58,1.50
2013.11.15 10:24:18.388,1.40822,1.40838,1.13,1.50
2013.11.15 10:24:22.009,1.4082,1.40838,1.13,2.25
2013.11.15 10:24:22.798,1.40819,1.40838,1.95,2.44
2013.11.15 10:24:23.636,1.40819,1.40838,1.95,2.82
2013.11.15 10:24:24.120,1.4082,1.40838,1.13,2.25
2013.11.15 10:24:25.889,1.40822,1.4084,1.69,1.13
2013.11.15 10:24:26.007,1.40822,1.4084,1.69,1.13
2013.11.15 10:24:26.367,1.40821,1.40837,1.50,1.50
2013.11.15 10:24:26.547,1.40816,1.40837,1.47,1.50
2013.11.15 10:24:26.606,1.40816,1.40837,1.39,1.50
2013.11.15 10:24:27.156,1.40816,1.40837,1.69,1.13
2013.11.15 10:24:27.727,1.40816,1.40837,1.69,1.13
2013.11.15 10:24:28.086,1.40815,1.40832,1.13,1.69
2013.11.15 10:24:30.346,1.40815,1.40835,1.47,2.25
2013.11.15 10:24:33.236,1.40816,1.40836,1.32,1.88
2013.11.15 10:24:34.326,1.40818,1.40837,1.02,1.50
2013.11.15 10:24:34.456,1.40819,1.40838,1.09,1.13
2013.11.15 10:24:36.806,1.4082,1.40838,1.39,1.13
2013.11.15 10:24:37.046,1.4082,1.40841,2.22,1.50
2013.11.15 10:24:38.856,1.40822,1.40841,1.09,1.13
2013.11.15 10:24:39.947,1.40822,1.40841,1.09,1.13
2013.11.15 10:24:40.315,1.40823,1.40841,1.39,1.13
2013.11.15 10:24:40.556,1.40825,1.40843,1.39,1.13
2013.11.15 10:24:42.108,1.40826,1.40843,2.07,1.13
2013.11.15 10:24:42.298,1.40826,1.40843,2.44,1.13
2013.11.15 10:24:42.538,1.40831,1.40848,1.32,1.73
2013.11.15 10:24:42.657,1.4083,1.40848,1.13,1.50
2013.11.15 10:24:42.717,1.4083,1.40848,1.13,1.50
2013.11.15 10:24:43.076,1.40831,1.40851,1.69,1.95
2013.11.15 10:24:43.136,1.40831,1.40851,1.50,2.14
2013.11.15 10:24:43.196,1.4083,1.40847,1.88,1.50
2013.11.15 10:24:43.749,1.40826,1.40845,1.09,1.50
2013.11.15 10:24:45.339,1.40825,1.40842,1.58,1.50
2013.11.15 10:24:45.469,1.40822,1.40842,1.58,1.69
2013.11.15 10:24:45.826,1.40818,1.40838,1.50,1.69
2013.11.15 10:24:46.726,1.40819,1.4084,1.28,1.50
2013.11.15 10:24:50.230,1.40818,1.40841,2.52,2.29
2013.11.15 10:24:55.568,1.40818,1.40841,2.52,1.09
2013.11.15 10:25:08.605,1.40818,1.40842,2.59,2.52
2013.11.15 10:25:08.917,1.40824,1.40841,1.32,1.20
2013.11.15 10:25:08.976,1.40824,1.40841,1.32,1.20
2013.11.15 10:25:12.958,1.40824,1.40843,1.32,1.13
2013.11.15 10:25:26.606,1.40824,1.40843,2.07,1.13
2013.11.15 10:25:27.176,1.40827,1.40844,1.02,1.13
2013.11.15 10:25:27.476,1.4083,1.40846,1.13,1.13
2013.11.15 10:25:27.536,1.4083,1.40847,1.13,1.13
2013.11.15 10:25:27.846,1.40829,1.40847,1.69,1.20
2013.11.15 10:25:29.887,1.40828,1.40847,1.32,1.20
2013.11.15 10:25:30.667,1.40828,1.4085,1.32,1.28
2013.11.15 10:25:33.588,1.40832,1.4085,1.13,1.13
2013.11.15 10:25:34.067,1.4083,1.40851,1.13,2.22
2013.11.15 10:25:36.597,1.40828,1.40848,1.32,1.50
2013.11.15 10:25:37.216,1.40828,1.40848,1.32,1.50
2013.11.15 10:25:50.966,1.40829,1.40848,1.13,1.32
2013.11.15 10:25:52.169,1.40831,1.40848,1.13,1.32
2013.11.15 10:25:52.527,1.40833,1.40848,1.13,1.32
2013.11.15 10:25:54.296,1.40835,1.40847,1.13,1.13
2013.11.15 10:25:54.857,1.40834,1.40847,1.13,1.13
2013.11.15 10:25:55.896,1.40835,1.40847,1.13,1.13
2013.11.15 10:25:57.008,1.40836,1.40848,1.13,1.13
2013.11.15 10:25:57.127,1.40837,1.40853,1.13,1.13
2013.11.15 10:25:59.076,1.40836,1.40853,1.13,1.13
2013.11.15 10:26:01.107,1.40834,1.40853,1.28,1.13
2013.11.15 10:26:17.110,1.40834,1.40854,1.28,1.88
2013.11.15 10:26:29.866,1.40834,1.40855,1.28,1.32
2013.11.15 10:26:31.467,1.40835,1.40855,1.02,1.13
2013.11.15 10:26:31.827,1.40842,1.40856,1.28,1.50
2013.11.15 10:26:32.189,1.40846,1.4086,1.13,1.13
2013.11.15 10:26:32.686,1.40844,1.40862,1.20,1.13
2013.11.15 10:26:35.187,1.40843,1.40863,1.20,2.07
2013.11.15 10:26:37.278,1.40843,1.40863,1.20,2.07
2013.11.15 10:26:38.096,1.40842,1.40861,2.59,1.50
2013.11.15 10:26:38.668,1.40844,1.40862,1.65,1.50
2013.11.15 10:26:45.786,1.40845,1.40866,1.20,2.52
2013.11.15 10:26:51.346,1.40845,1.40866,1.95,1.77
2013.11.15 10:26:52.957,1.40846,1.40866,1.13,2.52
2013.11.15 10:26:59.616,1.40845,1.40866,1.20,2.52
2013.11.15 10:27:07.808,1.40845,1.40865,1.95,1.32
2013.11.15 10:27:12.886,1.40846,1.40865,1.32,1.13
2013.11.15 10:27:17.927,1.40845,1.40865,2.14,1.88
2013.11.15 10:27:18.956,1.40845,1.40865,2.82,1.50
2013.11.15 10:27:19.587,1.40846,1.40866,1.32,2.03
2013.11.15 10:27:21.925,1.40847,1.40866,1.13,1.28
2013.11.15 10:27:22.970,1.40845,1.40864,1.88,1.39
2013.11.15 10:27:23.306,1.40846,1.40864,1.32,1.20
2013.11.15 10:27:28.066,1.40846,1.40864,1.32,1.13
2013.11.15 10:27:31.896,1.40846,1.40864,1.20,1.13
2013.11.15 10:27:38.559,1.40848,1.40868,1.13,2.22
2013.11.15 10:27:39.247,1.40847,1.40868,1.13,2.22
2013.11.15 10:27:39.786,1.40846,1.40868,1.20,2.22
2013.11.15 10:27:41.747,1.40846,1.40868,1.20,1.84
2013.11.15 10:27:41.888,1.40845,1.40868,2.22,1.84
2013.11.15 10:27:42.006,1.40845,1.40868,2.22,1.84
2013.11.15 10:27:44.036,1.40844,1.40868,1.47,1.09
2013.11.15 10:27:44.218,1.40845,1.40869,1.09,2.22
2013.11.15 10:27:44.761,1.40846,1.40866,2.22,1.50
2013.11.15 10:27:51.408,1.40847,1.40866,1.58,1.88
2013.11.15 10:27:52.546,1.40846,1.40865,1.28,1.50
2013.11.15 10:27:55.886,1.40846,1.40868,1.28,2.14
2013.11.15 10:27:59.898,1.40847,1.40866,1.32,1.13
2013.11.15 10:28:00.259,1.40852,1.4087,1.39,1.88
2013.11.15 10:28:00.377,1.40854,1.4087,1.13,1.88
2013.11.15 10:28:00.916,1.40853,1.40871,1.39,1.13
2013.11.15 10:28:02.606,1.40853,1.40871,1.20,1.13
2013.11.15 10:28:03.117,1.40853,1.40871,1.20,1.13
2013.11.15 10:28:09.547,1.40852,1.40871,1.39,1.13
2013.11.15 10:28:10.087,1.40848,1.40868,2.07,1.50
2013.11.15 10:28:10.207,1.40848,1.40869,1.69,2.18
2013.11.15 10:28:12.967,1.40848,1.40869,1.69,2.25
2013.11.15 10:28:14.020,1.40848,1.40869,1.69,1.88
2013.11.15 10:28:20.346,1.4085,1.40869,1.32,1.13
2013.11.15 10:28:43.756,1.40848,1.40868,1.20,1.50
2013.11.15 10:28:43.877,1.40848,1.40868,1.20,1.69
2013.11.15 10:28:44.312,1.40847,1.40867,1.28,1.32
2013.11.15 10:28:44.957,1.40847,1.40867,1.13,1.32
2013.11.15 10:28:50.246,1.40847,1.40867,1.50,1.69
2013.11.15 10:28:52.437,1.40847,1.40867,1.13,1.84
2013.11.15 10:29:13.236,1.40846,1.40865,1.20,1.13
2013.11.15 10:29:14.367,1.40846,1.40865,1.20,1.13
2013.11.15 10:29:14.907,1.40847,1.40866,1.13,1.32
2013.11.15 10:29:16.061,1.40845,1.40866,1.09,1.32
2013.11.15 10:29:28.195,1.40845,1.40866,1.09,1.32
2013.11.15 10:29:33.819,1.40845,1.40867,1.13,3.42
2013.11.15 10:29:34.000,1.40841,1.40862,1.28,1.69
2013.11.15 10:29:35.237,1.40844,1.40862,1.13,1.09
2013.11.15 10:29:36.503,1.40844,1.40862,1.13,1.02
2013.11.15 10:29:36.807,1.40844,1.4086,1.13,1.13
2013.11.15 10:29:41.318,1.40844,1.4086,1.13,1.32
2013.11.15 10:29:42.907,1.40837,1.40859,1.09,1.32
2013.11.15 10:29:43.470,1.40837,1.40859,1.09,1.32
2013.11.15 10:29:47.157,1.40837,1.40857,1.28,1.50
2013.11.15 10:29:47.766,1.40836,1.4086,1.47,2.07
2013.11.15 10:29:49.406,1.40836,1.4086,1.47,2.67
2013.11.15 10:29:50.928,1.40836,1.40859,3.34,1.13
2013.11.15 10:29:51.337,1.40836,1.40857,2.59,1.50
2013.11.15 10:29:51.857,1.40836,1.40859,2.59,1.13
2013.11.15 10:29:53.617,1.40839,1.4086,1.50,1.47
2013.11.15 10:29:53.918,1.40843,1.40861,1.09,1.50
2013.11.15 10:29:54.467,1.40845,1.40862,1.02,1.13
2013.11.15 10:29:55.077,1.40845,1.40862,1.02,1.13
2013.11.15 10:29:56.365,1.40843,1.40863,1.47,1.13
2013.11.15 10:29:59.708,1.40844,1.40863,1.32,1.13
2013.11.15 10:30:00.437,1.40844,1.40863,1.32,1.13
2013.11.15 10:30:03.798,1.40844,1.40867,2.22,1.32
2013.11.15 10:30:04.116,1.40844,1.40867,3.27,1.32
2013.11.15 10:30:04.926,1.40844,1.40867,2.59,1.32
2013.11.15 10:30:05.122,1.40843,1.40864,1.13,1.32
2013.11.15 10:30:05.192,1.40841,1.4086,1.50,1.69
2013.11.15 10:30:05.439,1.40841,1.40859,1.50,1.32
2013.11.15 10:30:05.498,1.40841,1.40857,1.13,1.69
2013.11.15 10:30:05.558,1.40841,1.40857,1.13,2.44
2013.11.15 10:30:06.876,1.40833,1.40854,1.84,1.69
2013.11.15 10:30:09.087,1.40833,1.40854,1.65,1.69
2013.11.15 10:30:12.966,1.40833,1.40856,1.28,1.69
2013.11.15 10:30:13.757,1.40833,1.40856,1.95,1.69
2013.11.15 10:30:14.218,1.40836,1.40856,1.39,1.50
2013.11.15 10:30:14.340,1.40836,1.40858,1.09,1.13
2013.11.15 10:30:14.409,1.40836,1.40858,1.02,1.13
2013.11.15 10:30:14.587,1.40837,1.40857,1.02,1.13
2013.11.15 10:30:14.887,1.40837,1.4086,1.39,2.33
2013.11.15 10:30:15.917,1.40839,1.40859,1.32,1.28
2013.11.15 10:30:16.279,1.40841,1.4086,1.77,1.50
2013.11.15 10:30:16.459,1.40841,1.40857,1.20,1.02
2013.11.15 10:30:16.579,1.40838,1.40852,1.13,2.10
2013.11.15 10:30:16.699,1.40837,1.40852,1.50,2.29
2013.11.15 10:30:16.998,1.40832,1.40851,1.32,1.13
2013.11.15 10:30:18.777,1.40831,1.40851,1.39,1.58
2013.11.15 10:30:20.947,1.40832,1.4085,1.13,1.09
2013.11.15 10:30:29.244,1.40832,1.40852,1.13,1.32
2013.11.15 10:30:29.904,1.4083,1.40852,1.28,1.69
2013.11.15 10:30:30.886,1.4083,1.40851,1.28,1.50
2013.11.15 10:30:31.427,1.40829,1.4085,1.39,1.50
2013.11.15 10:30:34.745,1.40829,1.40852,1.39,1.77
2013.11.15 10:30:35.678,1.40829,1.40852,1.39,1.77
2013.11.15 10:30:36.836,1.40829,1.40852,1.39,1.77
2013.11.15 10:30:38.297,1.40829,1.40852,1.39,1.77
2013.11.15 10:30:39.968,1.40829,1.40852,1.39,1.77
2013.11.15 10:30:42.618,1.40829,1.40851,1.47,1.13
2013.11.15 10:30:42.738,1.40835,1.40852,1.32,1.13
2013.11.15 10:30:43.157,1.40837,1.40856,1.32,1.13
2013.11.15 10:30:43.457,1.40835,1.40856,1.77,1.13
2013.11.15 10:30:43.816,1.40835,1.40856,1.39,1.20
2013.11.15 10:30:44.056,1.40835,1.40856,1.39,1.20
2013.11.15 10:30:44.356,1.40835,1.40856,1.39,1.20
2013.11.15 10:30:50.098,1.40833,1.40856,1.09,1.58
2013.11.15 10:31:00.367,1.40833,1.40856,1.84,1.58
2013.11.15 10:31:03.127,1.40833,1.40856,1.02,1.65
2013.11.15 10:31:03.688,1.40832,1.40856,1.47,1.65
2013.11.15 10:31:09.007,1.40833,1.40856,1.09,1.58
2013.11.15 10:31:10.537,1.40833,1.40857,1.02,2.40
2013.11.15 10:31:16.747,1.40832,1.40856,1.32,1.09
2013.11.15 10:31:27.686,1.40832,1.40857,1.39,1.84
2013.11.15 10:31:28.003,1.40832,1.40857,1.32,2.52
2013.11.15 10:31:28.878,1.40832,1.40857,1.32,2.89
2013.11.15 10:31:29.458,1.40832,1.40854,1.32,1.09
2013.11.15 10:31:32.931,1.40831,1.40855,1.77,2.22
2013.11.15 10:31:42.777,1.40831,1.40855,2.07,1.47
2013.11.15 10:31:42.938,1.40831,1.40855,2.07,2.22
2013.11.15 10:31:47.409,1.40831,1.40855,1.69,3.34
2013.11.15 10:31:51.197,1.40832,1.40855,1.69,2.59
2013.11.15 10:31:54.208,1.40832,1.40855,1.69,3.34
2013.11.15 10:31:56.908,1.40832,1.40855,1.69,2.59
2013.11.15 10:32:01.727,1.40832,1.40855,2.07,2.97
2013.11.15 10:32:02.567,1.40832,1.40855,1.50,1.84
2013.11.15 10:32:03.107,1.4083,1.40853,1.88,2.97
2013.11.15 10:32:03.167,1.4083,1.40853,1.88,1.84
2013.11.15 10:32:04.214,1.4083,1.40853,1.88,2.22
2013.11.15 10:32:06.888,1.4083,1.40852,1.88,1.09
2013.11.15 10:32:08.617,1.4083,1.40852,1.50,1.84
2013.11.15 10:32:11.037,1.40829,1.40851,1.50,1.09
2013.11.15 10:32:17.368,1.40829,1.40851,1.50,1.84
2013.11.15 10:32:17.927,1.40829,1.40851,1.50,1.09
2013.11.15 10:32:45.470,1.4083,1.40851,1.32,1.20
2013.11.15 10:32:45.537,1.4083,1.40852,1.32,1.65
2013.11.15 10:32:47.342,1.4083,1.40852,1.32,1.65
2013.11.15 10:32:47.468,1.40837,1.40852,1.32,1.65
2013.11.15 10:32:47.708,1.40836,1.40854,1.32,1.13
2013.11.15 10:32:48.247,1.40836,1.40857,1.32,1.28
2013.11.15 10:32:50.602,1.40836,1.40857,1.13,1.09
2013.11.15 10:32:51.538,1.40835,1.40857,1.13,1.09
2013.11.15 10:32:51.706,1.40835,1.40857,1.13,1.09
2013.11.15 10:32:52.007,1.40834,1.40856,1.32,1.09
2013.11.15 10:32:53.317,1.40834,1.40857,1.32,2.52
2013.11.15 10:32:57.573,1.40833,1.40857,1.32,4.77
2013.11.15 10:32:58.099,1.40832,1.40855,1.32,1.09
2013.11.15 10:32:59.157,1.40832,1.40853,1.32,1.02
2013.11.15 10:32:59.698,1.40832,1.40854,1.32,1.09
2013.11.15 10:33:03.197,1.40832,1.40856,1.32,2.59
2013.11.15 10:33:03.917,1.40832,1.40854,1.32,1.09
2013.11.15 10:33:06.268,1.40832,1.40856,1.32,2.59
2013.11.15 10:33:06.627,1.40831,1.40853,1.39,1.02
2013.11.15 10:33:08.910,1.40832,1.40855,1.32,1.09
2013.11.15 10:33:11.777,1.40831,1.40855,1.32,1.09
2013.11.15 10:33:16.267,1.40831,1.40856,1.32,1.47
2013.11.15 10:33:18.868,1.40831,1.40854,1.32,1.09
2013.11.15 10:33:31.907,1.40831,1.40853,1.02,1.09
2013.11.15 10:33:32.941,1.40831,1.40855,1.02,1.09
2013.11.15 10:33:37.227,1.40834,1.40856,1.50,1.02
2013.11.15 10:33:37.288,1.40835,1.40857,1.32,2.63
2013.11.15 10:33:37.647,1.40837,1.40861,2.44,1.28
2013.11.15 10:33:38.440,1.40837,1.40862,1.69,2.59
2013.11.15 10:33:42.008,1.40837,1.40859,1.69,1.39
2013.11.15 10:33:43.602,1.40836,1.4086,1.77,1.47
2013.11.15 10:33:43.967,1.40837,1.40856,1.58,1.17
2013.11.15 10:33:44.268,1.40841,1.40859,1.20,1.69
2013.11.15 10:33:44.569,1.40845,1.40864,1.13,1.54
2013.11.15 10:33:44.929,1.40842,1.40861,1.20,1.50
2013.11.15 10:33:48.169,1.40843,1.40862,1.47,1.13
2013.11.15 10:33:48.484,1.40844,1.40865,1.65,2.07
2013.11.15 10:33:49.238,1.40844,1.40865,1.28,2.07
2013.11.15 10:33:49.929,1.40844,1.40865,2.03,2.07
2013.11.15 10:33:50.493,1.40845,1.40865,1.84,1.50
2013.11.15 10:33:50.818,1.40847,1.40865,1.28,1.50
2013.11.15 10:33:50.999,1.40848,1.4087,1.39,1.13
2013.11.15 10:33:52.338,1.40847,1.40868,1.84,1.13
2013.11.15 10:33:54.047,1.40847,1.40868,1.09,1.88
2013.11.15 10:33:54.288,1.40846,1.40868,1.32,1.28
2013.11.15 10:33:56.778,1.40845,1.40868,1.69,2.03
2013.11.15 10:33:56.848,1.40845,1.40868,1.69,2.03
2013.11.15 10:33:57.230,1.40845,1.40867,1.69,1.28
2013.11.15 10:33:58.497,1.40845,1.40867,1.69,1.28
2013.11.15 10:33:59.217,1.40845,1.40865,1.50,1.02
2013.11.15 10:34:00.096,1.40843,1.40864,1.50,1.09
2013.11.15 10:34:02.087,1.40843,1.40864,1.50,1.09
2013.11.15 10:34:05.677,1.40843,1.40864,1.50,1.09
2013.11.15 10:34:23.201,1.40842,1.40865,1.50,1.65
2013.11.15 10:34:23.531,1.40842,1.40865,1.50,1.65
2013.11.15 10:34:29.007,1.40842,1.40864,1.50,1.65
2013.11.15 10:34:29.310,1.40842,1.40863,1.50,1.58
2013.11.15 10:34:32.079,1.4084,1.40864,2.29,2.03
2013.11.15 10:34:32.621,1.40841,1.40864,1.61,1.28
2013.11.15 10:34:33.217,1.40842,1.40864,1.54,1.28
2013.11.15 10:34:33.797,1.4084,1.40864,1.16,1.28
2013.11.15 10:34:34.098,1.40841,1.40863,1.13,2.33
2013.11.15 10:34:34.217,1.40841,1.40862,1.13,1.65
2013.11.15 10:34:34.697,1.40841,1.40861,1.13,1.28
2013.11.15 10:34:35.331,1.4084,1.40857,1.13,1.65
2013.11.15 10:34:35.649,1.4084,1.40854,1.13,1.09
2013.11.15 10:34:36.187,1.40834,1.40854,1.13,2.52
2013.11.15 10:34:36.416,1.4083,1.40854,1.13,2.52
2013.11.15 10:34:37.177,1.4083,1.40851,1.13,1.65
2013.11.15 10:34:37.775,1.4083,1.40851,1.13,1.65
2013.11.15 10:34:37.961,1.4083,1.40849,1.13,1.84
2013.11.15 10:34:38.028,1.4083,1.40849,1.13,1.84
2013.11.15 10:34:39.231,1.4083,1.40846,1.13,2.40
2013.11.15 10:34:39.300,1.40829,1.40846,1.13,3.83
2013.11.15 10:34:40.774,1.40824,1.40843,1.50,2.33
2013.11.15 10:34:45.187,1.40824,1.40843,1.50,1.65
2013.11.15 10:34:47.122,1.4083,1.40844,1.13,1.65
2013.11.15 10:34:47.668,1.4083,1.40848,1.13,1.28
2013.11.15 10:34:47.728,1.4083,1.40848,1.13,1.28
2013.11.15 10:34:48.028,1.4083,1.40848,1.13,1.28
2013.11.15 10:34:48.328,1.40831,1.40848,1.13,1.13
2013.11.15 10:34:48.879,1.4083,1.40852,1.13,1.65
2013.11.15 10:34:48.940,1.40831,1.40853,1.50,4.05
2013.11.15 10:34:49.070,1.40833,1.40852,1.13,1.20
2013.11.15 10:34:49.131,1.40832,1.40854,1.58,1.65
2013.11.15 10:34:49.800,1.4083,1.40854,1.54,1.65
2013.11.15 10:34:50.008,1.4083,1.40854,1.54,1.65
2013.11.15 10:34:50.798,1.4083,1.40854,1.54,1.65
2013.11.15 10:34:53.030,1.40831,1.40855,1.16,2.52
2013.11.15 10:34:54.131,1.40831,1.40855,1.16,2.52
2013.11.15 10:34:55.917,1.40831,1.40852,1.16,1.65
2013.11.15 10:34:55.977,1.40831,1.40852,1.13,2.22
2013.11.15 10:34:56.338,1.40831,1.40852,1.13,1.28
2013.11.15 10:34:57.710,1.40831,1.40852,1.88,1.28
2013.11.15 10:34:57.828,1.40831,1.40855,2.29,1.28
2013.11.15 10:35:04.048,1.4083,1.40855,2.06,2.03
2013.11.15 10:35:05.130,1.4083,1.40855,2.06,2.03
2013.11.15 10:35:05.741,1.4083,1.40855,2.06,2.03
2013.11.15 10:35:14.728,1.40834,1.40856,1.32,1.28
2013.11.15 10:35:14.798,1.40834,1.40856,1.32,1.65
2013.11.15 10:35:15.459,1.40834,1.40856,1.32,1.20
2013.11.15 10:35:16.018,1.40834,1.40856,1.32,1.28
2013.11.15 10:35:16.912,1.40834,1.40856,1.32,1.28
2013.11.15 10:35:17.417,1.40833,1.40856,1.69,1.09
2013.11.15 10:35:20.200,1.40833,1.40856,1.69,2.59
2013.11.15 10:35:24.270,1.40833,1.40857,1.69,3.64
2013.11.15 10:35:24.817,1.40833,1.40856,1.69,4.28
2013.11.15 10:35:26.607,1.40833,1.40855,1.69,1.65
2013.11.15 10:35:27.737,1.40833,1.40856,1.69,3.53
2013.11.15 10:35:32.968,1.40833,1.40857,1.69,2.89
2013.11.15 10:35:34.398,1.40833,1.40857,1.69,2.14
2013.11.15 10:35:34.720,1.40833,1.40857,1.69,2.14
2013.11.15 10:35:39.878,1.40835,1.40857,1.69,1.65
2013.11.15 10:35:40.380,1.40835,1.40857,1.69,1.28
2013.11.15 10:35:41.917,1.40837,1.40857,2.97,1.13
2013.11.15 10:35:42.279,1.40841,1.40857,1.32,1.13
2013.11.15 10:35:43.247,1.40841,1.4086,1.32,1.13
2013.11.15 10:35:51.857,1.40838,1.4086,2.07,1.20
2013.11.15 10:35:52.610,1.40837,1.4086,1.69,1.20
2013.11.15 10:35:53.592,1.40837,1.40857,1.69,1.13
2013.11.15 10:35:54.129,1.40837,1.40857,1.69,1.13
2013.11.15 10:35:54.488,1.40837,1.40859,1.50,1.28
2013.11.15 10:35:55.280,1.40837,1.40859,1.50,1.28
2013.11.15 10:36:01.384,1.4084,1.40859,1.50,1.13
2013.11.15 10:36:08.830,1.40838,1.40859,1.69,1.13
2013.11.15 10:36:11.717,1.40839,1.40859,1.02,1.13
2013.11.15 10:36:13.267,1.4084,1.40859,1.39,1.13
2013.11.15 10:36:14.550,1.40841,1.40859,1.69,1.13
2013.11.15 10:36:15.008,1.40845,1.40861,1.32,1.13
2013.11.15 10:36:15.187,1.40845,1.40866,1.32,1.28
2013.11.15 10:36:16.119,1.40845,1.40863,1.02,1.50
2013.11.15 10:36:16.479,1.40842,1.40864,1.69,1.50
2013.11.15 10:36:17.880,1.40846,1.40866,1.32,1.65
2013.11.15 10:36:22.538,1.40844,1.40865,2.44,1.65
2013.11.15 10:36:22.960,1.40844,1.40864,1.13,1.02
2013.11.15 10:36:23.199,1.40844,1.40866,1.32,3.53
2013.11.15 10:36:23.318,1.40844,1.40866,1.32,3.53
2013.11.15 10:36:23.478,1.40846,1.40866,1.32,2.78
2013.11.15 10:36:24.378,1.40844,1.40865,1.69,1.65
2013.11.15 10:36:36.948,1.40843,1.40866,1.39,2.03
2013.11.15 10:36:41.677,1.40845,1.40866,1.32,2.03
2013.11.15 10:36:42.260,1.40846,1.40866,1.32,1.13
2013.11.15 10:36:42.919,1.40847,1.40866,1.09,1.13
2013.11.15 10:36:47.618,1.40846,1.40868,1.77,1.58
2013.11.15 10:36:51.289,1.40844,1.40866,1.77,1.65
2013.11.15 10:37:02.768,1.40843,1.40863,2.07,1.50
2013.11.15 10:37:04.418,1.40843,1.40863,1.39,1.88
2013.11.15 10:37:06.202,1.40843,1.40863,1.39,1.88
2013.11.15 10:37:07.220,1.40843,1.40863,1.39,1.88
2013.11.15 10:37:09.738,1.40844,1.40865,1.02,1.13
2013.11.15 10:37:10.419,1.40844,1.40864,1.02,1.13
2013.11.15 10:37:10.990,1.40843,1.40866,1.39,2.03
2013.11.15 10:37:11.650,1.40843,1.40865,1.39,1.58
2013.11.15 10:37:12.318,1.40843,1.40865,1.39,1.58
2013.11.15 10:37:12.838,1.40843,1.40863,1.39,1.13
2013.11.15 10:37:14.088,1.40843,1.40861,1.32,1.13
2013.11.15 10:37:14.389,1.40845,1.40866,1.32,2.03
2013.11.15 10:37:14.924,1.40845,1.40865,1.32,1.13
2013.11.15 10:37:15.463,1.40845,1.40865,2.07,1.13
2013.11.15 10:37:15.978,1.40845,1.40865,2.52,1.13
2013.11.15 10:37:19.378,1.40845,1.40865,2.59,1.88
2013.11.15 10:37:20.622,1.40845,1.40867,2.44,1.20
2013.11.15 10:37:21.607,1.40845,1.40869,3.27,1.13
2013.11.15 10:37:22.117,1.40849,1.4087,1.02,1.13
2013.11.15 10:37:22.438,1.40849,1.4087,1.02,1.13
2013.11.15 10:37:22.497,1.40849,1.40871,1.02,2.25
2013.11.15 10:37:22.617,1.40848,1.4087,1.02,1.58
2013.11.15 10:37:22.917,1.40847,1.4087,1.02,1.58
2013.11.15 10:37:23.288,1.40847,1.4087,1.02,3.08
2013.11.15 10:37:25.998,1.40847,1.40868,1.02,1.13
2013.11.15 10:37:27.000,1.40847,1.40868,1.02,1.13
2013.11.15 10:37:27.500,1.40845,1.40867,2.44,1.13
2013.11.15 10:37:29.778,1.40845,1.40867,2.44,1.13
2013.11.15 10:37:32.108,1.40845,1.40867,2.44,1.13
2013.11.15 10:37:33.365,1.40845,1.40867,2.44,1.13
2013.11.15 10:37:33.999,1.40845,1.40867,2.44,1.13
2013.11.15 10:37:34.381,1.40845,1.40867,2.44,1.13
2013.11.15 10:37:34.713,1.40845,1.40867,2.44,1.13
2013.11.15 10:37:37.638,1.40845,1.40867,2.44,1.95
2013.11.15 10:37:42.787,1.40845,1.40867,2.82,2.03
2013.11.15 10:37:46.702,1.40845,1.40868,2.44,1.95
2013.11.15 10:37:47.361,1.40845,1.40867,2.44,1.28
2013.11.15 10:37:48.019,1.40845,1.40868,2.44,1.65
2013.11.15 10:37:54.238,1.40845,1.40868,2.44,3.08
2013.11.15 10:38:03.859,1.40846,1.40868,1.32,3.08
2013.11.15 10:38:06.428,1.40846,1.40868,1.32,1.65
2013.11.15 10:38:06.929,1.40846,1.40869,1.32,2.03
2013.11.15 10:38:07.228,1.40847,1.40867,1.69,1.65
2013.11.15 10:38:08.069,1.40846,1.40867,1.32,1.65
2013.11.15 10:38:08.622,1.40846,1.40869,1.32,2.03
2013.11.15 10:38:10.299,1.40847,1.4087,1.32,2.40
2013.11.15 10:38:10.358,1.40847,1.40869,1.32,1.28
2013.11.15 10:38:13.398,1.40846,1.4087,1.32,1.84
2013.11.15 10:38:14.249,1.40846,1.4087,1.47,2.97
2013.11.15 10:38:14.668,1.40846,1.40869,1.32,2.33
2013.11.15 10:38:15.178,1.40846,1.40869,1.32,4.58
2013.11.15 10:38:15.479,1.40845,1.40863,1.13,1.65
2013.11.15 10:38:15.838,1.40845,1.40861,1.13,1.65
2013.11.15 10:38:16.477,1.40844,1.40863,1.32,2.33
2013.11.15 10:38:18.053,1.40844,1.40863,1.32,3.08
2013.11.15 10:38:24.761,1.40841,1.40862,1.32,2.03
2013.11.15 10:38:26.368,1.40841,1.40862,1.32,2.70
2013.11.15 10:38:30.858,1.40841,1.40862,1.32,2.33
2013.11.15 10:38:33.449,1.40841,1.40861,1.32,2.25
2013.11.15 10:38:36.970,1.40841,1.4086,1.32,2.40
2013.11.15 10:38:37.631,1.40841,1.40858,1.13,1.58
2013.11.15 10:38:38.731,1.40841,1.40858,1.13,3.08
2013.11.15 10:38:39.819,1.40841,1.40858,1.13,2.33
2013.11.15 10:38:44.764,1.40841,1.40859,1.32,1.28
2013.11.15 10:38:45.068,1.40841,1.40861,1.32,2.03
2013.11.15 10:38:45.188,1.40841,1.4086,1.32,2.03
2013.11.15 10:38:45.488,1.40841,1.4086,1.32,1.28
2013.11.15 10:38:46.709,1.4084,1.4086,1.32,1.28
2013.11.15 10:39:01.228,1.40837,1.40861,1.69,2.40
2013.11.15 10:39:02.648,1.40837,1.40861,1.69,2.40
2013.11.15 10:39:03.172,1.40837,1.40861,1.77,2.40
2013.11.15 10:39:03.958,1.40837,1.40861,1.77,1.65
2013.11.15 10:39:04.728,1.40837,1.40861,1.69,1.65
2013.11.15 10:39:05.479,1.40837,1.4086,1.69,3.15
2013.11.15 10:39:05.539,1.40837,1.40856,1.32,1.58
2013.11.15 10:39:05.598,1.40837,1.40856,1.32,1.58
2013.11.15 10:39:05.959,1.40836,1.40856,1.32,1.28
2013.11.15 10:39:06.838,1.40836,1.40855,1.32,2.78
2013.11.15 10:39:07.358,1.40836,1.40855,1.32,2.70
2013.11.15 10:39:10.058,1.40837,1.40855,1.32,1.28
2013.11.15 10:39:10.299,1.40837,1.40858,1.32,3.34
2013.11.15 10:39:10.638,1.40837,1.40857,1.32,4.50
2013.11.15 10:39:11.159,1.40837,1.40856,1.32,1.28
2013.11.15 10:39:11.518,1.40837,1.40856,1.13,2.40
2013.11.15 10:39:11.639,1.40836,1.40855,1.32,1.28
2013.11.15 10:39:12.750,1.40832,1.40855,1.32,1.28
2013.11.15 10:39:12.932,1.40831,1.40852,1.50,1.47
2013.11.15 10:39:13.060,1.40828,1.40851,1.32,2.97
2013.11.15 10:39:13.590,1.40828,1.4085,1.32,2.78
2013.11.15 10:39:14.138,1.40828,1.4085,1.32,1.28
2013.11.15 10:39:16.624,1.40828,1.4085,1.32,2.78
2013.11.15 10:39:16.930,1.40828,1.4085,1.32,1.09
2013.11.15 10:39:19.538,1.40831,1.40851,1.32,1.95
2013.11.15 10:39:19.600,1.40829,1.40852,1.47,1.88
2013.11.15 10:39:20.138,1.40829,1.40852,2.07,1.65
2013.11.15 10:39:21.331,1.40829,1.40852,2.07,1.65
2013.11.15 10:39:24.438,1.40829,1.40852,1.32,3.08
2013.11.15 10:39:27.699,1.40829,1.40851,1.32,1.65
2013.11.15 10:39:42.189,1.40829,1.40851,1.32,1.65
2013.11.15 10:39:42.699,1.40829,1.40851,1.32,2.40
2013.11.15 10:39:44.681,1.4083,1.40851,1.69,1.65
2013.11.15 10:39:44.929,1.4083,1.40853,1.69,2.78
2013.11.15 10:39:52.043,1.4083,1.40853,1.32,2.59
2013.11.15 10:39:52.238,1.4083,1.40853,1.32,3.27
2013.11.15 10:39:52.848,1.4083,1.40852,1.13,1.09
2013.11.15 10:39:53.388,1.4083,1.4085,1.13,1.09
2013.11.15 10:40:00.848,1.40827,1.4085,1.32,1.09
2013.11.15 10:40:01.636,1.40827,1.4085,1.32,1.09
2013.11.15 10:40:03.128,1.40827,1.40847,1.32,1.28
2013.11.15 10:40:03.428,1.40816,1.40839,1.32,1.02
2013.11.15 10:40:04.029,1.40816,1.40839,1.32,1.09
2013.11.15 10:40:04.089,1.40817,1.40839,1.32,1.09
2013.11.15 10:40:04.608,1.40817,1.40838,1.13,1.77
2013.11.15 10:40:04.729,1.40817,1.40838,1.13,1.84
2013.11.15 10:40:07.991,1.40817,1.40839,1.32,1.65
2013.11.15 10:40:11.658,1.40817,1.40839,1.13,1.47
2013.11.15 10:40:12.719,1.40815,1.40833,1.13,1.02
2013.11.15 10:40:18.690,1.40812,1.40835,1.84,1.32
2013.11.15 10:40:19.536,1.40812,1.40835,1.47,1.32
2013.11.15 10:40:24.046,1.40812,1.40836,1.47,2.59
2013.11.15 10:40:24.279,1.40813,1.40836,1.28,2.44
2013.11.15 10:40:25.018,1.40812,1.40836,1.47,2.52
2013.11.15 10:40:27.640,1.40812,1.40833,1.32,1.09
2013.11.15 10:40:32.208,1.40812,1.40833,1.32,2.07
2013.11.15 10:40:32.509,1.40806,1.40827,1.28,1.32
2013.11.15 10:40:32.569,1.408,1.40825,2.78,1.47
2013.11.15 10:40:32.629,1.408,1.40823,2.03,1.39
2013.11.15 10:40:32.808,1.408,1.40822,1.09,1.50
2013.11.15 10:40:32.869,1.40801,1.40824,1.02,1.65
2013.11.15 10:40:33.050,1.40802,1.40827,1.02,2.59
2013.11.15 10:40:33.400,1.40802,1.40827,1.02,1.47
2013.11.15 10:40:33.759,1.40807,1.40828,1.32,2.33
2013.11.15 10:40:34.770,1.40807,1.40828,1.32,1.58
2013.11.15 10:40:36.468,1.40807,1.40829,1.32,1.84
2013.11.15 10:40:38.538,1.40807,1.40829,1.39,1.84
2013.11.15 10:40:38.599,1.40807,1.40828,1.77,2.25
2013.11.15 10:40:38.778,1.40811,1.40831,1.32,1.88
2013.11.15 10:40:38.838,1.40809,1.40831,1.65,2.44
2013.11.15 10:40:38.899,1.40808,1.40826,1.28,1.32
2013.11.15 10:40:39.019,1.40805,1.40826,1.88,1.39
2013.11.15 10:40:39.198,1.408,1.40821,1.28,1.32
2013.11.15 10:40:39.258,1.40799,1.40821,1.58,2.14
2013.11.15 10:40:39.378,1.408,1.40821,1.50,2.14
2013.11.15 10:40:39.498,1.40798,1.4082,1.58,2.14
2013.11.15 10:40:40.038,1.40797,1.4082,1.65,2.07
2013.11.15 10:40:40.789,1.40796,1.40818,2.33,1.02
2013.11.15 10:40:41.764,1.40795,1.40818,1.84,1.02
2013.11.15 10:40:41.829,1.40797,1.40818,1.65,1.02
2013.11.15 10:40:42.298,1.40797,1.40819,2.40,1.32
2013.11.15 10:40:42.838,1.40799,1.4082,2.03,1.69
2013.11.15 10:40:42.898,1.40802,1.40822,1.20,2.82
2013.11.15 10:40:43.019,1.40802,1.40822,1.28,1.69
2013.11.15 10:40:43.559,1.40799,1.40822,2.78,1.69
2013.11.15 10:40:44.140,1.408,1.40822,2.78,1.69
2013.11.15 10:40:45.190,1.408,1.40822,2.03,1.69
2013.11.15 10:40:45.309,1.40798,1.40822,2.40,1.69
2013.11.15 10:40:46.599,1.40798,1.40822,2.40,1.69
2013.11.15 10:40:46.789,1.408,1.40822,1.28,1.69
2013.11.15 10:40:47.312,1.408,1.40822,4.28,1.69
2013.11.15 10:40:47.779,1.40801,1.40822,2.03,1.69
2013.11.15 10:40:48.384,1.40801,1.40822,2.40,1.32
2013.11.15 10:40:51.160,1.408,1.40822,3.90,1.32
2013.11.15 10:40:59.211,1.40802,1.40824,1.65,1.32
2013.11.15 10:40:59.449,1.40804,1.40825,1.84,1.92
2013.11.15 10:40:59.808,1.40811,1.4083,2.78,1.13
2013.11.15 10:40:59.869,1.40811,1.40833,4.28,2.29
2013.11.15 10:41:00.749,1.40811,1.40831,1.28,1.92
2013.11.15 10:41:00.988,1.40811,1.40831,1.13,1.92
2013.11.15 10:41:01.354,1.40808,1.40831,1.09,1.92
2013.11.15 10:41:04.779,1.40807,1.4083,2.40,1.77
2013.11.15 10:41:06.049,1.4081,1.40832,2.22,1.54
2013.11.15 10:41:06.598,1.4081,1.40831,1.39,1.17
2013.11.15 10:41:06.658,1.4081,1.40832,1.20,1.62
2013.11.15 10:41:07.349,1.40807,1.4083,1.47,1.77
2013.11.15 10:41:07.674,1.40807,1.4083,1.47,1.77
2013.11.15 10:41:11.400,1.40806,1.4083,2.03,1.77
2013.11.15 10:41:11.620,1.40806,1.4083,2.78,1.77
2013.11.15 10:41:12.278,1.40807,1.4083,1.28,1.77
2013.11.15 10:41:13.020,1.40809,1.4083,1.39,1.02
2013.11.15 10:41:13.670,1.4081,1.40831,1.65,1.54
2013.11.15 10:41:14.159,1.4081,1.4083,3.15,1.32
2013.11.15 10:41:14.658,1.4081,1.40831,1.20,1.92
2013.11.15 10:41:15.209,1.4081,1.40831,1.20,1.99
2013.11.15 10:41:15.271,1.4081,1.40831,1.20,1.99
2013.11.15 10:41:16.508,1.4081,1.40831,1.28,1.92
2013.11.15 10:41:17.029,1.40809,1.40831,2.40,1.92
2013.11.15 10:41:17.652,1.40809,1.40831,1.65,1.92
2013.11.15 10:41:20.931,1.40809,1.40831,2.40,1.92
2013.11.15 10:41:23.741,1.40808,1.40831,2.03,1.92
2013.11.15 10:41:24.290,1.40808,1.4083,1.28,2.07
2013.11.15 10:41:25.239,1.40808,1.4083,2.03,1.32
2013.11.15 10:41:27.940,1.40807,1.40828,3.53,1.32
2013.11.15 10:41:37.076,1.40808,1.40831,1.65,2.67
2013.11.15 10:41:39.400,1.40808,1.40831,1.65,2.67
2013.11.15 10:41:40.699,1.40808,1.40831,2.33,2.67
2013.11.15 10:41:44.410,1.40808,1.40831,3.08,2.67
2013.11.15 10:41:46.270,1.40808,1.40831,3.83,2.67
2013.11.15 10:41:47.338,1.40808,1.40831,1.20,3.04
2013.11.15 10:41:49.418,1.40808,1.40831,1.20,3.04
2013.11.15 10:41:50.229,1.40808,1.40829,1.20,1.69
2013.11.15 10:41:50.290,1.40807,1.40829,3.53,2.07
2013.11.15 10:41:51.351,1.40807,1.40829,1.65,2.07
2013.11.15 10:41:55.078,1.40808,1.40829,1.28,2.07
2013.11.15 10:41:55.700,1.40808,1.40828,1.28,1.32
2013.11.15 10:42:01.168,1.40806,1.40828,3.45,1.32
2013.11.15 10:42:03.359,1.40805,1.40828,3.75,1.32
2013.11.15 10:42:16.819,1.40806,1.40826,1.28,1.32
2013.11.15 10:42:17.000,1.40802,1.40823,3.53,1.69
2013.11.15 10:42:17.061,1.40802,1.40823,2.03,1.69
2013.11.15 10:42:17.422,1.40797,1.4082,3.08,1.69
2013.11.15 10:42:17.731,1.40797,1.40819,2.33,1.69
2013.11.15 10:42:18.980,1.40797,1.40818,2.33,1.69
2013.11.15 10:42:19.548,1.40797,1.40815,2.33,1.32
2013.11.15 10:42:19.849,1.40796,1.40815,1.28,2.07
2013.11.15 10:42:20.450,1.40794,1.40815,2.03,2.44
2013.11.15 10:42:20.969,1.40795,1.40815,2.03,2.07
2013.11.15 10:42:21.031,1.40796,1.40815,2.03,1.69
2013.11.15 10:42:21.153,1.40798,1.4082,1.58,2.67
2013.11.15 10:42:21.223,1.40798,1.4082,1.20,2.67
2013.11.15 10:42:21.590,1.40798,1.40818,3.15,1.69
2013.11.15 10:42:25.999,1.40798,1.40818,1.28,2.07
2013.11.15 10:42:26.523,1.40798,1.40817,1.65,1.32
2013.11.15 10:42:27.068,1.40796,1.40816,1.28,1.69
2013.11.15 10:42:32.760,1.40794,1.40813,4.20,2.07
2013.11.15 10:42:32.879,1.40794,1.40814,3.45,1.69
2013.11.15 10:42:32.939,1.40793,1.40816,2.78,1.69
2013.11.15 10:42:33.119,1.40794,1.40813,2.03,1.32
2013.11.15 10:42:33.872,1.40794,1.40812,1.65,1.69
2013.11.15 10:42:34.059,1.40793,1.40816,2.78,2.07
2013.11.15 10:42:35.929,1.40794,1.40816,1.28,1.69
2013.11.15 10:42:36.111,1.40795,1.40818,2.78,1.69
2013.11.15 10:42:36.674,1.40796,1.40819,2.40,2.07
2013.11.15 10:42:46.539,1.40798,1.40818,1.20,1.32
2013.11.15 10:42:57.579,1.40796,1.40817,3.15,1.32
2013.11.15 10:42:57.700,1.40796,1.40816,2.78,1.32
2013.11.15 10:42:58.010,1.40796,1.40818,1.65,2.07
2013.11.15 10:42:58.130,1.40798,1.4082,1.28,1.32
2013.11.15 10:42:58.439,1.40798,1.40818,2.03,1.32
2013.11.15 10:42:59.999,1.40798,1.4082,2.03,2.44
2013.11.15 10:43:00.119,1.408,1.40822,1.65,2.29
2013.11.15 10:43:00.178,1.408,1.40823,1.28,2.07
2013.11.15 10:43:00.419,1.408,1.40822,3.15,1.69
2013.11.15 10:43:00.538,1.40801,1.40822,1.28,1.69
2013.11.15 10:43:02.811,1.40801,1.40823,2.03,1.32
2013.11.15 10:43:03.059,1.408,1.40822,2.40,1.32
2013.11.15 10:43:03.118,1.408,1.40823,3.15,2.07
2013.11.15 10:43:03.619,1.408,1.40823,1.65,1.32
2013.11.15 10:43:04.038,1.40798,1.40823,1.28,2.59
2013.11.15 10:43:04.278,1.40795,1.40816,2.78,1.69
2013.11.15 10:43:05.199,1.40796,1.40818,1.65,1.69
2013.11.15 10:43:05.500,1.40795,1.40815,1.28,1.69
2013.11.15 10:43:05.559,1.40795,1.40815,1.28,2.07
2013.11.15 10:43:05.621,1.40795,1.40815,1.28,2.44
2013.11.15 10:43:05.929,1.40793,1.40813,1.65,1.69
2013.11.15 10:43:12.149,1.40792,1.40814,1.65,2.82
2013.11.15 10:43:14.848,1.4079,1.40813,2.03,1.69
2013.11.15 10:43:14.968,1.4079,1.40812,2.03,1.32
2013.11.15 10:43:16.626,1.4079,1.40812,2.03,1.32
2013.11.15 10:43:17.139,1.40791,1.40812,1.28,1.32
2013.11.15 10:43:17.671,1.40788,1.40809,2.70,1.32
2013.11.15 10:43:18.030,1.40788,1.40809,1.13,1.02
2013.11.15 10:43:18.150,1.40789,1.40811,1.20,1.99
2013.11.15 10:43:18.691,1.40786,1.40807,1.28,1.69
2013.11.15 10:43:21.559,1.40785,1.40807,1.65,1.69
2013.11.15 10:43:22.224,1.40785,1.40807,1.65,1.69
2013.11.15 10:43:23.434,1.40785,1.40807,1.65,1.69
2013.11.15 10:43:27.459,1.40786,1.40807,1.65,1.69
2013.11.15 10:43:27.988,1.40785,1.40807,3.53,1.69
2013.11.15 10:43:30.058,1.40786,1.40807,1.65,1.69
2013.11.15 10:43:31.911,1.40786,1.40807,1.58,1.69
2013.11.15 10:43:33.050,1.40786,1.40807,1.95,1.69
2013.11.15 10:43:36.901,1.40784,1.40802,1.13,1.32
2013.11.15 10:43:37.261,1.40777,1.40798,1.95,1.02
2013.11.15 10:43:38.431,1.40776,1.40796,1.50,1.09
2013.11.15 10:43:40.218,1.40775,1.40796,2.33,1.02
2013.11.15 10:43:40.368,1.40775,1.40796,2.33,1.02
2013.11.15 10:43:41.169,1.40774,1.40796,2.33,1.02
2013.11.15 10:43:41.479,1.40775,1.40794,2.33,1.32
2013.11.15 10:43:42.001,1.40774,1.40794,2.25,1.39
2013.11.15 10:43:44.649,1.40772,1.40794,2.33,1.39
2013.11.15 10:43:44.831,1.40771,1.40792,1.88,1.32
2013.11.15 10:43:46.059,1.40769,1.40792,2.03,1.69
2013.11.15 10:43:46.569,1.40769,1.40792,2.03,1.32
2013.11.15 10:43:46.762,1.4077,1.40792,1.65,1.32
2013.11.15 10:43:54.224,1.40769,1.40792,4.65,1.02
2013.11.15 10:43:54.903,1.40771,1.40795,1.65,1.84
2013.11.15 10:43:57.989,1.40772,1.40792,1.28,1.32
2013.11.15 10:43:58.349,1.40769,1.4079,2.40,1.32
2013.11.15 10:43:58.408,1.40769,1.40792,3.15,1.32
2013.11.15 10:43:58.529,1.40769,1.4079,4.28,1.32
2013.11.15 10:44:01.880,1.40772,1.40792,1.13,1.47
2013.11.15 10:44:02.419,1.40772,1.40792,1.13,3.34
2013.11.15 10:44:02.959,1.40771,1.4079,1.13,3.64
2013.11.15 10:44:05.930,1.40771,1.40789,1.13,1.47
2013.11.15 10:44:06.289,1.40767,1.40785,1.13,1.39
2013.11.15 10:44:06.349,1.40763,1.40784,1.50,1.02
2013.11.15 10:44:06.589,1.40763,1.40784,2.03,1.32
2013.11.15 10:44:06.949,1.40763,1.40784,1.50,1.47
2013.11.15 10:44:07.369,1.40765,1.40784,1.50,1.32
2013.11.15 10:44:07.894,1.40765,1.40784,1.50,1.32
2013.11.15 10:44:12.552,1.40769,1.40788,1.50,1.09
2013.11.15 10:44:12.743,1.4077,1.40789,1.13,1.77
2013.11.15 10:44:13.289,1.40774,1.40793,1.13,2.07
2013.11.15 10:44:13.530,1.40773,1.40793,1.13,1.69
2013.11.15 10:44:14.943,1.40771,1.40793,1.58,1.02
2013.11.15 10:44:15.369,1.40768,1.40788,1.13,1.39
2013.11.15 10:44:15.849,1.40764,1.40785,1.13,1.32
2013.11.15 10:44:16.269,1.40766,1.40788,2.70,1.02
2013.11.15 10:44:16.390,1.40769,1.40789,1.13,1.39
2013.11.15 10:44:16.508,1.40769,1.40789,1.20,1.32
2013.11.15 10:44:16.882,1.4077,1.40792,1.20,2.14
2013.11.15 10:44:16.950,1.4077,1.40792,1.20,2.07
2013.11.15 10:44:18.218,1.40769,1.40793,3.15,1.39
2013.11.15 10:44:18.631,1.40769,1.4079,2.40,1.69
2013.11.15 10:44:18.691,1.40769,1.40789,1.58,1.02
2013.11.15 10:44:19.050,1.40768,1.40786,1.13,1.32
2013.11.15 10:44:19.564,1.40768,1.40786,1.13,1.32
2013.11.15 10:44:19.789,1.40767,1.40786,1.20,1.32
2013.11.15 10:44:23.303,1.40768,1.40788,1.13,1.32
2013.11.15 10:44:24.781,1.4077,1.40789,1.88,1.32
2013.11.15 10:44:25.759,1.4077,1.40793,1.28,2.82
2013.11.15 10:44:28.909,1.40769,1.40791,2.40,1.32
2013.11.15 10:44:31.258,1.40769,1.40791,2.78,1.32
2013.11.15 10:44:34.871,1.40771,1.40792,1.28,1.32
2013.11.15 10:44:34.931,1.40771,1.40792,1.65,1.32
2013.11.15 10:44:35.613,1.40773,1.40796,2.03,2.07
2013.11.15 10:44:40.909,1.40772,1.40796,1.65,1.32
2013.11.15 10:44:41.109,1.40775,1.40797,1.02,2.70
2013.11.15 10:44:41.170,1.40775,1.40797,1.02,2.70
2013.11.15 10:44:46.180,1.40778,1.408,1.58,2.22
2013.11.15 10:44:46.598,1.40778,1.408,1.13,2.59
2013.11.15 10:44:50.739,1.40778,1.408,1.13,1.84
2013.11.15 10:44:52.026,1.40777,1.40798,1.13,1.47
2013.11.15 10:44:53.299,1.40773,1.40791,1.13,1.09
2013.11.15 10:44:53.659,1.40768,1.40788,1.13,1.47
2013.11.15 10:44:54.229,1.40764,1.40786,1.13,1.69
2013.11.15 10:44:56.740,1.40764,1.40786,1.13,1.24
2013.11.15 10:44:57.359,1.40764,1.40786,1.13,1.24
2013.11.15 10:44:58.319,1.40764,1.40785,1.13,1.09
2013.11.15 10:44:59.343,1.40764,1.40782,1.13,1.73
2013.11.15 10:44:59.701,1.40768,1.40782,2.40,1.13
2013.11.15 10:44:59.882,1.40769,1.4079,1.28,1.32
2013.11.15 10:44:59.999,1.4077,1.4079,1.95,1.32
2013.11.15 10:45:03.800,1.40769,1.4079,2.03,1.32
2013.11.15 10:45:03.919,1.40768,1.4079,2.03,1.32
2013.11.15 10:45:04.100,1.40766,1.4079,1.28,2.14
2013.11.15 10:45:05.049,1.40766,1.4079,2.33,2.44
2013.11.15 10:45:06.046,1.40766,1.4079,3.94,1.32
2013.11.15 10:45:06.790,1.40766,1.40789,2.25,1.32
2013.11.15 10:45:06.919,1.40765,1.40789,1.65,2.07
2013.11.15 10:45:07.239,1.40767,1.40789,1.09,1.69
2013.11.15 10:45:07.299,1.40769,1.4079,1.50,1.69
2013.11.15 10:45:07.539,1.40767,1.40788,2.52,1.32
2013.11.15 10:45:07.719,1.40766,1.40788,1.09,1.32
2013.11.15 10:45:07.840,1.40764,1.40788,2.97,1.32
2013.11.15 10:45:08.199,1.40763,1.40788,1.28,1.32
2013.11.15 10:45:08.699,1.40763,1.40788,2.78,1.32
2013.11.15 10:45:09.941,1.40763,1.40785,1.13,1.09
2013.11.15 10:45:14.950,1.40763,1.40785,1.20,1.02
2013.11.15 10:45:16.439,1.40763,1.40783,1.28,1.32
2013.11.15 10:45:17.858,1.40757,1.40783,1.65,1.84
2013.11.15 10:45:18.312,1.40757,1.40781,1.65,1.32
2013.11.15 10:45:18.948,1.40756,1.40781,4.09,1.69
2013.11.15 10:45:19.129,1.40756,1.40778,1.47,2.07
2013.11.15 10:45:19.249,1.40755,1.40776,1.32,1.65
2013.11.15 10:45:19.309,1.40755,1.40776,1.32,2.03
2013.11.15 10:45:19.632,1.40755,1.40775,1.32,1.28
2013.11.15 10:45:19.707,1.40744,1.4076,2.63,1.69
2013.11.15 10:45:19.846,1.40745,1.4076,1.13,1.69
2013.11.15 10:45:19.916,1.40744,1.4076,1.50,1.50
2013.11.15 10:45:20.054,1.40743,1.40761,1.58,1.50
2013.11.15 10:45:21.168,1.40744,1.40762,1.65,1.13
2013.11.15 10:45:21.724,1.40742,1.40766,1.09,1.28
2013.11.15 10:45:22.398,1.40744,1.40768,2.03,2.25
2013.11.15 10:45:22.699,1.40747,1.40769,1.47,1.13
2013.11.15 10:45:22.879,1.40747,1.40772,1.47,1.65
2013.11.15 10:45:23.360,1.40747,1.40771,1.32,1.28
2013.11.15 10:45:23.429,1.40747,1.40773,1.39,1.65
2013.11.15 10:45:24.419,1.40748,1.40772,1.32,1.58
2013.11.15 10:45:25.031,1.40748,1.40772,1.32,1.58
2013.11.15 10:45:26.959,1.40748,1.40772,1.32,1.58
2013.11.15 10:45:27.220,1.40749,1.40774,1.32,1.65
2013.11.15 10:45:27.861,1.4075,1.40774,1.32,1.65
2013.11.15 10:45:31.030,1.4075,1.40772,1.32,1.65
2013.11.15 10:45:31.333,1.40745,1.4076,2.25,1.88
2013.11.15 10:45:31.699,1.40744,1.4076,1.20,1.88
2013.11.15 10:45:32.345,1.40745,1.40767,1.28,1.50
2013.11.15 10:45:32.959,1.40748,1.40771,1.09,1.65
2013.11.15 10:45:33.142,1.40751,1.40773,1.32,1.65
2013.11.15 10:45:33.260,1.40752,1.40773,1.09,1.13
2013.11.15 10:45:33.757,1.40751,1.40772,1.02,1.13
2013.11.15 10:45:35.609,1.40753,1.40772,1.32,1.13
2013.11.15 10:45:36.240,1.40752,1.40776,1.09,1.65
2013.11.15 10:45:36.300,1.40752,1.40776,1.09,1.65
2013.11.15 10:45:36.609,1.40747,1.40774,3.34,1.28
2013.11.15 10:45:39.850,1.40749,1.40774,1.47,2.03
2013.11.15 10:45:40.210,1.40758,1.4078,1.32,1.28
2013.11.15 10:45:40.389,1.40759,1.40783,1.47,1.13
2013.11.15 10:45:41.169,1.40758,1.40783,2.22,1.88
2013.11.15 10:45:41.293,1.40758,1.40783,1.47,1.58
2013.11.15 10:45:41.943,1.40758,1.40783,1.47,1.28
2013.11.15 10:45:42.452,1.40757,1.40779,1.02,1.95
2013.11.15 10:45:42.520,1.40755,1.4078,1.13,1.65
2013.11.15 10:45:43.048,1.40754,1.40778,1.32,2.40
2013.11.15 10:45:45.101,1.40754,1.40778,1.32,3.83
2013.11.15 10:45:49.619,1.40754,1.40776,1.32,2.03
2013.11.15 10:45:51.472,1.40751,1.40776,1.47,1.28
2013.11.15 10:45:51.831,1.40749,1.40772,1.32,2.40
2013.11.15 10:45:54.908,1.40749,1.40772,1.32,2.40
2013.11.15 10:45:55.029,1.40749,1.40772,1.32,3.90
2013.11.15 10:45:57.371,1.40749,1.40772,1.32,3.53
2013.11.15 10:45:58.033,1.40749,1.40772,1.32,3.53
2013.11.15 10:45:58.991,1.40749,1.40772,1.32,2.78
2013.11.15 10:45:59.899,1.40749,1.40772,1.32,1.28
2013.11.15 10:46:01.964,1.40749,1.40773,1.32,3.15
2013.11.15 10:46:04.159,1.40749,1.40773,1.32,1.65
2013.11.15 10:46:04.219,1.4075,1.40775,1.09,3.53
2013.11.15 10:46:08.062,1.40755,1.40777,1.32,1.20
2013.11.15 10:46:08.129,1.40755,1.40778,1.32,1.65
2013.11.15 10:46:08.370,1.40757,1.40779,1.32,1.58
2013.11.15 10:46:08.729,1.40757,1.4078,1.32,1.65
2013.11.15 10:46:09.081,1.40756,1.40779,1.02,1.58
2013.11.15 10:46:09.259,1.40753,1.40778,1.77,1.20
2013.11.15 10:46:09.379,1.40753,1.40778,1.77,1.20
2013.11.15 10:46:10.237,1.40753,1.40776,1.02,1.20
2013.11.15 10:46:13.009,1.40753,1.40776,1.09,1.20
2013.11.15 10:46:15.939,1.40752,1.40776,1.09,1.20
2013.11.15 10:46:20.319,1.40751,1.40776,1.65,2.25
2013.11.15 10:46:20.380,1.4075,1.40776,2.59,2.33
2013.11.15 10:46:20.439,1.40752,1.40776,1.28,1.95
2013.11.15 10:46:21.004,1.4075,1.40776,2.59,2.33
2013.11.15 10:46:25.601,1.40752,1.40776,1.28,2.22
2013.11.15 10:46:26.720,1.40752,1.40776,1.28,2.22
2013.11.15 10:46:28.741,1.40752,1.40776,1.28,1.47
2013.11.15 10:46:29.506,1.40752,1.40776,2.03,1.32
2013.11.15 10:46:29.691,1.40751,1.40771,1.13,1.09
2013.11.15 10:46:29.750,1.40751,1.40771,1.13,1.47
2013.11.15 10:46:30.060,1.40747,1.4077,1.13,1.47
2013.11.15 10:46:32.035,1.40747,1.4077,1.13,2.97
2013.11.15 10:46:32.159,1.4075,1.40768,1.13,1.32
2013.11.15 10:46:43.476,1.4075,1.40769,1.13,1.32
2013.11.15 10:46:43.599,1.40746,1.40769,1.28,1.32
2013.11.15 10:46:55.339,1.40746,1.40769,1.28,1.39
2013.11.15 10:46:57.731,1.40746,1.40769,1.28,2.14
2013.11.15 10:47:02.073,1.40746,1.40768,1.28,1.32
2013.11.15 10:47:05.268,1.40746,1.40768,1.28,1.32
2013.11.15 10:47:11.980,1.40746,1.40768,1.28,1.32
2013.11.15 10:47:17.028,1.40746,1.40769,1.28,1.77
2013.11.15 10:47:19.730,1.40746,1.40769,1.28,1.77
2013.11.15 10:47:27.368,1.40746,1.40768,1.28,1.32
2013.11.15 10:47:27.670,1.40743,1.40765,1.13,1.47
2013.11.15 10:47:28.910,1.40743,1.40765,1.13,1.47
2013.11.15 10:47:30.774,1.40745,1.40767,1.13,2.59
2013.11.15 10:47:30.899,1.40746,1.40767,1.13,1.39
2013.11.15 10:47:31.260,1.40747,1.4077,1.09,2.14
2013.11.15 10:47:31.441,1.40746,1.4077,1.28,1.39
2013.11.15 10:47:38.210,1.40746,1.4077,1.20,1.39
2013.11.15 10:47:38.569,1.40746,1.40767,1.20,1.32
2013.11.15 10:47:39.098,1.40746,1.40767,1.20,1.32
2013.11.15 10:47:41.240,1.40746,1.40767,1.20,1.32
2013.11.15 10:47:41.884,1.40746,1.40768,1.20,2.07
2013.11.15 10:47:41.949,1.40746,1.40768,1.20,1.32
2013.11.15 10:47:42.009,1.40747,1.40768,1.02,1.32
2013.11.15 10:47:42.251,1.40747,1.40771,1.77,1.69
2013.11.15 10:47:44.649,1.40747,1.40771,1.09,1.32
2013.11.15 10:47:45.254,1.40747,1.40772,1.09,1.39
2013.11.15 10:47:51.021,1.40749,1.4077,1.20,1.32
2013.11.15 10:47:51.559,1.40749,1.4077,1.20,1.39
2013.11.15 10:47:54.490,1.40749,1.4077,1.20,1.39
2013.11.15 10:47:55.600,1.40749,1.4077,1.20,1.39
2013.11.15 10:47:55.661,1.40749,1.40772,1.20,2.97
2013.11.15 10:47:56.203,1.40749,1.40772,1.20,2.52
2013.11.15 10:47:57.991,1.40749,1.4077,1.20,1.32
2013.11.15 10:47:58.760,1.40749,1.40772,1.20,2.89
2013.11.15 10:48:09.362,1.40749,1.40772,1.28,1.47
2013.11.15 10:48:09.421,1.40753,1.40774,1.02,1.32
2013.11.15 10:48:10.440,1.40758,1.40779,1.09,1.69
2013.11.15 10:48:11.770,1.40755,1.40779,1.84,1.32
2013.11.15 10:48:12.869,1.40755,1.40779,1.84,2.07
2013.11.15 10:48:14.089,1.40755,1.40779,1.09,1.32
2013.11.15 10:48:15.279,1.40755,1.40779,1.09,1.32
2013.11.15 10:48:21.754,1.40755,1.4078,1.09,1.09
2013.11.15 10:48:23.790,1.40754,1.40779,1.65,1.69
2013.11.15 10:48:24.482,1.40754,1.40779,1.65,1.69
2013.11.15 10:48:25.215,1.40754,1.40779,1.65,1.69
2013.11.15 10:48:45.989,1.40755,1.40779,1.09,1.47
2013.11.15 10:48:46.570,1.40755,1.40779,1.09,1.47
2013.11.15 10:48:47.618,1.40755,1.40779,1.09,1.47
2013.11.15 10:48:54.119,1.40754,1.40779,1.65,1.84
2013.11.15 10:48:54.179,1.40754,1.40778,1.65,1.47
2013.11.15 10:48:54.240,1.40751,1.40778,1.65,1.84
2013.11.15 10:48:56.409,1.4075,1.40775,1.65,1.02
2013.11.15 10:48:59.940,1.4075,1.40775,1.65,1.77
2013.11.15 10:49:01.510,1.4075,1.40775,1.65,2.14
2013.11.15 10:49:01.870,1.40746,1.40766,1.13,1.02
2013.11.15 10:49:03.172,1.40748,1.40768,1.13,1.77
2013.11.15 10:49:04.040,1.4075,1.4077,1.13,1.02
2013.11.15 10:49:04.399,1.4075,1.40771,1.13,2.22
2013.11.15 10:49:06.449,1.40748,1.40771,1.13,2.22
2013.11.15 10:49:07.700,1.40751,1.40771,1.13,1.09
2013.11.15 10:49:07.820,1.40749,1.40771,2.07,1.09
2013.11.15 10:49:08.325,1.4075,1.40775,1.09,1.39
2013.11.15 10:49:09.153,1.4075,1.40775,1.09,2.14
2013.11.15 10:49:09.471,1.4075,1.40775,1.09,2.14
2013.11.15 10:49:10.171,1.4075,1.40775,1.09,2.14
2013.11.15 10:49:11.870,1.40748,1.40774,1.02,2.22
2013.11.15 10:49:13.291,1.40747,1.40772,2.03,1.02
2013.11.15 10:49:14.470,1.40747,1.40768,1.13,2.14
2013.11.15 10:49:15.579,1.40747,1.40769,1.13,1.77
2013.11.15 10:49:15.760,1.40747,1.4077,1.13,1.09
2013.11.15 10:49:18.920,1.40747,1.40769,1.13,1.39
2013.11.15 10:49:21.780,1.40747,1.40769,1.13,1.39
2013.11.15 10:49:21.840,1.40747,1.4077,1.20,1.02
2013.11.15 10:49:22.080,1.40749,1.40774,1.02,3.34
2013.11.15 10:49:23.539,1.40749,1.40773,1.02,2.22
2013.11.15 10:49:24.150,1.40748,1.40773,1.09,1.47
2013.11.15 10:49:24.509,1.4075,1.40774,1.65,1.32
2013.11.15 10:49:25.040,1.40752,1.40774,1.09,1.13
2013.11.15 10:49:26.899,1.40752,1.40777,1.09,1.39
2013.11.15 10:49:32.699,1.40752,1.40777,1.09,1.39
2013.11.15 10:49:32.880,1.40752,1.40775,1.65,1.32
2013.11.15 10:49:34.490,1.4075,1.40775,3.27,1.32
2013.11.15 10:49:39.700,1.40753,1.40777,1.09,1.39
2013.11.15 10:49:39.760,1.40753,1.40777,1.09,1.39
2013.11.15 10:49:46.200,1.40751,1.40775,2.78,1.32
2013.11.15 10:49:47.150,1.40753,1.40777,1.09,1.09
2013.11.15 10:49:47.821,1.40753,1.40778,1.09,2.22
2013.11.15 10:49:48.570,1.40753,1.40778,1.09,2.22
2013.11.15 10:49:55.869,1.40751,1.40776,1.28,2.07
2013.11.15 10:49:57.435,1.40753,1.40775,1.32,3.90
2013.11.15 10:50:04.918,1.40754,1.40776,1.32,1.65
2013.11.15 10:50:07.657,1.40754,1.40777,1.32,3.15
2013.11.15 10:50:08.599,1.40754,1.40777,1.32,2.40
2013.11.15 10:50:09.174,1.40754,1.40777,1.32,2.78
2013.11.15 10:50:09.247,1.40754,1.40772,1.13,1.24
2013.11.15 10:50:09.629,1.40749,1.40773,1.02,2.07
2013.11.15 10:50:09.749,1.40747,1.40768,1.95,1.39
2013.11.15 10:50:14.531,1.40744,1.40768,3.15,1.32
2013.11.15 10:50:15.250,1.40745,1.40767,1.65,1.32
2013.11.15 10:50:15.373,1.40745,1.40767,1.58,1.32
2013.11.15 10:50:15.501,1.40743,1.40764,1.65,1.32
2013.11.15 10:50:15.802,1.40742,1.40764,1.13,1.02
2013.11.15 10:50:16.499,1.4074,1.40764,1.02,1.02
2013.11.15 10:50:18.009,1.4074,1.40764,1.02,1.77
2013.11.15 10:50:18.839,1.4074,1.40764,1.02,1.02
2013.11.15 10:50:19.390,1.40739,1.40763,1.95,1.02
2013.11.15 10:50:19.929,1.40739,1.40763,1.39,1.47
2013.11.15 10:50:20.451,1.40739,1.40761,1.39,1.02
2013.11.15 10:50:20.510,1.40739,1.40763,1.39,1.09
2013.11.15 10:50:20.630,1.4074,1.40764,1.02,1.09
2013.11.15 10:50:21.356,1.40739,1.40764,2.22,1.77
2013.11.15 10:50:21.659,1.40739,1.40762,1.69,1.65
2013.11.15 10:50:21.839,1.40739,1.40761,1.13,1.09
2013.11.15 10:50:22.082,1.40739,1.4076,1.13,2.44
2013.11.15 10:50:22.329,1.40739,1.40759,1.88,1.62
2013.11.15 10:50:22.629,1.40746,1.4076,1.32,1.35
2013.11.15 10:50:23.061,1.40745,1.40767,2.03,2.07
2013.11.15 10:50:23.119,1.40747,1.40767,1.65,1.32
2013.11.15 10:50:23.420,1.40753,1.4077,1.02,1.50
2013.11.15 10:50:23.480,1.40752,1.40774,1.69,1.58
2013.11.15 10:50:23.600,1.40751,1.40773,1.02,1.20
2013.11.15 10:50:23.839,1.40748,1.40772,2.59,1.20
2013.11.15 10:50:23.900,1.40748,1.40772,1.84,1.20
2013.11.15 10:50:24.441,1.40749,1.40773,1.39,1.47
2013.11.15 10:50:25.004,1.40751,1.40771,1.13,1.47
2013.11.15 10:50:25.321,1.40751,1.40771,1.13,1.47
2013.11.15 10:50:34.401,1.40751,1.40771,1.13,2.22
2013.11.15 10:50:35.540,1.40751,1.40772,1.13,1.84
2013.11.15 10:50:36.179,1.40751,1.40773,1.32,1.09
2013.11.15 10:50:37.529,1.40751,1.40774,1.39,1.84
2013.11.15 10:50:37.770,1.40752,1.40774,1.02,1.77
2013.11.15 10:50:38.171,1.40753,1.40776,1.02,1.84
2013.11.15 10:50:38.240,1.40753,1.40776,1.02,2.59
2013.11.15 10:50:43.240,1.40753,1.40775,1.09,1.20
2013.11.15 10:50:46.659,1.40756,1.40777,1.02,1.13
2013.11.15 10:50:49.219,1.40754,1.40778,1.02,1.28
2013.11.15 10:50:50.630,1.40752,1.40776,1.02,1.47
2013.11.15 10:50:52.700,1.40751,1.40775,1.77,1.47
2013.11.15 10:50:53.219,1.40751,1.40776,1.77,2.22
2013.11.15 10:50:53.921,1.40752,1.40776,1.32,2.03
2013.11.15 10:50:53.992,1.40754,1.40776,1.09,1.13
2013.11.15 10:50:55.949,1.40754,1.40779,1.09,1.47
2013.11.15 10:50:58.575,1.40751,1.40777,2.22,2.78
2013.11.15 10:51:03.412,1.4075,1.40774,1.32,1.65
2013.11.15 10:51:05.029,1.4075,1.40774,1.32,1.65
2013.11.15 10:51:06.110,1.4075,1.40776,1.32,2.22
2013.11.15 10:51:06.449,1.4075,1.40776,1.32,2.22
2013.11.15 10:51:07.241,1.4075,1.40776,1.32,3.72
2013.11.15 10:51:07.601,1.4075,1.40776,1.32,4.39
2013.11.15 10:51:08.111,1.4075,1.40776,1.39,3.72
2013.11.15 10:51:09.460,1.40752,1.40776,1.32,3.53
2013.11.15 10:51:10.062,1.40752,1.40776,1.39,3.53
2013.11.15 10:51:12.280,1.40752,1.40775,1.02,1.65
2013.11.15 10:51:12.339,1.4075,1.40775,1.47,1.65
2013.11.15 10:51:12.580,1.4075,1.40775,1.32,1.65
2013.11.15 10:51:12.699,1.4075,1.40775,1.32,3.08
2013.11.15 10:51:14.309,1.4075,1.40773,1.32,1.65
2013.11.15 10:51:18.161,1.4075,1.40773,1.32,1.84
2013.11.15 10:51:18.534,1.4075,1.40773,1.32,4.39
2013.11.15 10:51:19.719,1.4075,1.40772,1.13,1.09
2013.11.15 10:51:20.229,1.4075,1.4077,1.13,2.22
2013.11.15 10:51:25.430,1.40744,1.40768,1.09,1.28
2013.11.15 10:51:25.611,1.40742,1.40768,1.84,2.78
2013.11.15 10:51:26.089,1.40744,1.40767,1.02,1.88
2013.11.15 10:51:28.266,1.40744,1.40768,1.02,2.33
2013.11.15 10:51:32.549,1.40743,1.40768,1.02,1.28
2013.11.15 10:51:33.106,1.40743,1.40768,1.02,1.28
2013.11.15 10:51:34.712,1.40744,1.40767,1.32,1.28
2013.11.15 10:51:38.210,1.40744,1.40767,1.32,1.28
2013.11.15 10:51:38.415,1.40747,1.40767,1.32,1.28
2013.11.15 10:51:38.600,1.40747,1.4077,1.39,2.03
2013.11.15 10:51:40.430,1.40747,1.40768,1.02,1.20
2013.11.15 10:51:49.169,1.40747,1.4077,1.02,2.78
2013.11.15 10:51:50.560,1.40745,1.4077,1.02,2.78
2013.11.15 10:51:52.380,1.40743,1.40767,1.02,1.65
2013.11.15 10:51:52.962,1.40743,1.40768,1.39,1.28
2013.11.15 10:51:53.499,1.40744,1.40768,1.02,1.28
2013.11.15 10:51:58.961,1.40741,1.40768,1.47,2.97
2013.11.15 10:51:59.023,1.40741,1.40766,1.09,1.09
2013.11.15 10:51:59.091,1.40741,1.40764,1.02,1.43
2013.11.15 10:51:59.409,1.4074,1.40764,1.32,2.25
2013.11.15 10:51:59.900,1.4074,1.40762,1.32,1.20
2013.11.15 10:52:00.992,1.4074,1.40759,1.13,1.02
2013.11.15 10:52:01.117,1.4073,1.40758,1.02,2.44
2013.11.15 10:52:01.660,1.40735,1.40758,1.02,2.44
2013.11.15 10:52:07.049,1.40733,1.40758,2.14,3.19
2013.11.15 10:52:07.646,1.40733,1.40758,2.14,2.44
2013.11.15 10:52:07.709,1.40734,1.40758,1.32,2.25
2013.11.15 10:52:07.830,1.40735,1.40758,1.02,2.18
2013.11.15 10:52:08.512,1.40735,1.40759,1.02,1.50
2013.11.15 10:52:09.280,1.40735,1.40759,1.02,1.50
2013.11.15 10:52:11.000,1.40735,1.40759,1.02,1.50
2013.11.15 10:52:15.178,1.40735,1.40759,1.02,1.50
2013.11.15 10:52:15.832,1.40735,1.40759,1.02,1.50
2013.11.15 10:52:17.380,1.40738,1.40758,1.32,1.05
2013.11.15 10:52:17.501,1.40738,1.4076,1.39,1.58
2013.11.15 10:52:17.740,1.40738,1.40762,1.47,1.50
2013.11.15 10:52:20.460,1.40738,1.40762,1.47,1.50
2013.11.15 10:52:21.203,1.40742,1.40763,1.32,2.78
2013.11.15 10:52:21.510,1.40743,1.40767,1.09,1.65
2013.11.15 10:52:26.849,1.40742,1.40765,1.02,1.39
2013.11.15 10:52:28.060,1.40742,1.40764,1.02,1.88
2013.11.15 10:52:28.180,1.40741,1.40764,1.02,2.25
2013.11.15 10:52:28.741,1.40741,1.40762,1.02,1.20
2013.11.15 10:52:29.200,1.40741,1.40764,1.32,3.00
2013.11.15 10:52:29.320,1.4074,1.40764,1.69,2.25
2013.11.15 10:52:29.442,1.40742,1.40764,1.02,1.73
2013.11.15 10:52:29.559,1.40741,1.40764,1.02,1.13
2013.11.15 10:52:29.860,1.40742,1.40764,1.32,1.43
2013.11.15 10:52:29.920,1.40742,1.40764,1.39,1.35
2013.11.15 10:52:33.431,1.40744,1.40765,1.32,1.13
2013.11.15 10:52:34.142,1.40744,1.40768,1.32,3.19
2013.11.15 10:52:34.691,1.40745,1.40768,1.32,3.00
2013.11.15 10:52:34.880,1.40746,1.40768,1.02,1.80
2013.11.15 10:52:35.451,1.40747,1.40768,1.69,1.43
2013.11.15 10:52:37.901,1.40748,1.40768,2.14,1.73
2013.11.15 10:52:38.259,1.40751,1.40772,1.32,1.20
2013.11.15 10:52:38.761,1.4075,1.40772,2.44,1.28
2013.11.15 10:52:39.000,1.40749,1.4077,3.00,1.28
2013.11.15 10:52:39.539,1.40749,1.4077,1.50,1.84
2013.11.15 10:52:41.640,1.40748,1.4077,3.19,2.03
2013.11.15 10:52:42.079,1.40747,1.40769,1.69,1.13
2013.11.15 10:52:42.261,1.40746,1.40769,1.77,1.32
2013.11.15 10:52:42.809,1.40744,1.40767,1.77,1.32
2013.11.15 10:52:44.341,1.40744,1.40767,1.02,1.92
2013.11.15 10:52:44.580,1.40742,1.40764,1.69,2.03
2013.11.15 10:52:44.640,1.4074,1.40759,1.32,1.13
2013.11.15 10:52:45.179,1.40739,1.40759,1.32,1.20
2013.11.15 10:52:47.420,1.40737,1.4076,3.57,1.65
2013.11.15 10:52:47.939,1.40737,1.4076,3.57,1.65
2013.11.15 10:52:48.481,1.40739,1.40762,1.02,2.25
2013.11.15 10:52:48.602,1.40739,1.40761,1.02,1.20
2013.11.15 10:52:49.978,1.40737,1.40761,1.02,1.65
2013.11.15 10:52:50.163,1.40739,1.40762,1.02,1.62
2013.11.15 10:52:50.221,1.40739,1.40763,1.39,2.63
2013.11.15 10:52:50.341,1.40737,1.40762,2.22,1.24
2013.11.15 10:52:51.736,1.40738,1.40761,1.32,2.03
2013.11.15 10:52:52.050,1.40741,1.40763,1.09,2.48
2013.11.15 10:52:52.609,1.40741,1.40762,1.09,1.17
2013.11.15 10:52:55.420,1.4074,1.40762,1.09,1.54
2013.11.15 10:52:55.680,1.40741,1.40763,2.44,1.88
2013.11.15 10:52:55.981,1.40752,1.40765,1.32,1.13
2013.11.15 10:52:56.040,1.40751,1.40768,2.44,1.50
2013.11.15 10:52:56.100,1.40751,1.4077,1.69,1.13
2013.11.15 10:52:56.620,1.40749,1.40771,2.44,1.13
2013.11.15 10:52:57.719,1.40748,1.40771,1.39,1.13
2013.11.15 10:53:04.619,1.40748,1.40772,1.77,1.13
2013.11.15 10:53:04.799,1.40749,1.40774,1.84,1.28
2013.11.15 10:53:04.860,1.40752,1.40775,1.32,1.50
2013.11.15 10:53:04.980,1.40754,1.40775,1.02,1.35
2013.11.15 10:53:05.159,1.40755,1.40777,1.02,1.17
2013.11.15 10:53:05.774,1.40755,1.40777,1.02,1.92
2013.11.15 10:53:07.680,1.40755,1.40777,1.02,1.92
2013.11.15 10:53:08.219,1.40755,1.40777,1.02,1.73
2013.11.15 10:53:10.840,1.40754,1.40776,1.69,1.50
2013.11.15 10:53:14.549,1.40755,1.40777,1.77,1.13
2013.11.15 10:53:15.039,1.40755,1.40779,2.14,4.43
2013.11.15 10:53:15.099,1.40755,1.40779,2.14,2.33
2013.11.15 10:53:17.174,1.40758,1.40778,1.02,1.13
2013.11.15 10:53:17.483,1.40761,1.40783,1.39,1.13
2013.11.15 10:53:17.670,1.4076,1.40783,1.02,1.20
2013.11.15 10:53:20.635,1.4076,1.40781,1.32,1.13
2013.11.15 10:53:26.029,1.40759,1.40782,1.32,1.20
2013.11.15 10:53:27.739,1.40759,1.40782,1.69,1.20
2013.11.15 10:53:31.503,1.40758,1.40779,1.32,1.02
2013.11.15 10:53:31.991,1.40756,1.40779,1.69,1.09
2013.11.15 10:53:32.759,1.40756,1.40779,1.69,1.09
2013.11.15 10:53:35.428,1.40756,1.40781,2.07,1.09
2013.11.15 10:53:36.781,1.40756,1.40782,2.44,2.22
2013.11.15 10:53:37.141,1.40769,1.40792,1.69,2.70
2013.11.15 10:53:37.200,1.40772,1.40792,1.77,1.13
2013.11.15 10:53:37.261,1.40779,1.40794,1.50,1.13
2013.11.15 10:53:37.620,1.40786,1.40796,1.54,1.35
2013.11.15 10:53:38.116,1.40787,1.40804,3.08,1.50
2013.11.15 10:53:38.194,1.40799,1.40817,1.02,1.13
2013.11.15 10:53:38.263,1.40799,1.4082,1.02,1.32
2013.11.15 10:53:38.511,1.40799,1.4082,1.02,1.32
2013.11.15 10:53:38.870,1.40802,1.4082,2.33,1.32
2013.11.15 10:53:39.391,1.40802,1.4082,2.40,1.32
2013.11.15 10:53:39.900,1.40805,1.40828,1.65,2.25
2013.11.15 10:53:40.260,1.40803,1.4082,3.27,1.13
2013.11.15 10:53:40.320,1.40803,1.4082,2.59,1.13
2013.11.15 10:53:40.441,1.40805,1.40823,2.40,1.13
2013.11.15 10:53:41.114,1.40806,1.40827,1.84,1.69
2013.11.15 10:53:41.380,1.40806,1.40827,2.59,1.69
2013.11.15 10:53:41.919,1.40805,1.40824,1.84,1.13
2013.11.15 10:53:44.561,1.40805,1.40824,1.09,1.13
2013.11.15 10:53:49.269,1.40804,1.40824,2.44,1.13
2013.11.15 10:53:50.080,1.40804,1.40824,2.44,1.28
2013.11.15 10:53:53.302,1.40805,1.40827,2.44,1.39
2013.11.15 10:53:53.832,1.40806,1.40827,2.25,1.02
2013.11.15 10:53:53.949,1.40805,1.40827,2.25,2.14
2013.11.15 10:53:54.009,1.40805,1.40823,1.50,1.09
2013.11.15 10:53:54.130,1.408,1.40822,1.13,1.09
2013.11.15 10:53:54.309,1.408,1.40821,1.13,1.02
2013.11.15 10:53:54.370,1.408,1.40821,1.13,1.02
2013.11.15 10:53:55.619,1.40798,1.40823,1.84,1.39
2013.11.15 10:53:56.083,1.40799,1.40823,1.84,1.02
2013.11.15 10:53:56.272,1.40803,1.40827,1.39,1.84
2013.11.15 10:53:56.391,1.40805,1.40827,1.02,1.02
2013.11.15 10:53:56.451,1.40805,1.4083,1.09,1.02
2013.11.15 10:53:58.379,1.40805,1.40828,2.52,1.02
2013.11.15 10:54:00.651,1.40806,1.4083,2.59,1.02
2013.11.15 10:54:00.720,1.40807,1.4083,1.02,1.02
2013.11.15 10:54:01.959,1.40805,1.40829,1.47,1.02
2013.11.15 10:54:02.809,1.40806,1.4083,1.02,1.02
2013.11.15 10:54:02.934,1.40808,1.40831,1.09,1.28
2013.11.15 10:54:03.063,1.40808,1.40831,1.47,1.39
2013.11.15 10:54:03.131,1.40806,1.40831,2.59,1.39
2013.11.15 10:54:03.669,1.40806,1.40831,1.84,1.39
2013.11.15 10:54:06.691,1.40805,1.4083,1.09,1.02
2013.11.15 10:54:08.219,1.40804,1.40827,2.07,1.69
2013.11.15 10:54:08.522,1.40798,1.40821,1.69,1.09
2013.11.15 10:54:08.831,1.40795,1.40821,1.32,1.84
2013.11.15 10:54:09.369,1.40796,1.40818,1.84,1.13
2013.11.15 10:54:09.920,1.40796,1.40818,2.22,1.13
2013.11.15 10:54:10.650,1.40796,1.40818,1.84,1.13
2013.11.15 10:54:11.170,1.40796,1.4082,1.69,1.28
2013.11.15 10:54:11.859,1.40799,1.4082,1.09,1.13
2013.11.15 10:54:12.461,1.40799,1.4082,1.09,1.13
2013.11.15 10:54:14.053,1.40801,1.40825,1.02,1.65
2013.11.15 10:54:14.122,1.40805,1.40826,1.35,2.03
2013.11.15 10:54:14.182,1.40805,1.40826,1.92,1.28
2013.11.15 10:54:14.251,1.40808,1.40828,1.02,1.13
2013.11.15 10:54:14.310,1.4081,1.40829,1.62,1.13
2013.11.15 10:54:14.674,1.40812,1.40833,1.09,1.50
2013.11.15 10:54:14.741,1.40812,1.40834,1.09,1.13
2013.11.15 10:54:15.099,1.40814,1.40835,1.77,1.13
2013.11.15 10:54:15.910,1.40815,1.40835,4.09,1.13
2013.11.15 10:54:19.962,1.40815,1.40835,1.84,1.13
2013.11.15 10:54:20.032,1.40815,1.40835,2.52,1.13
2013.11.15 10:54:20.391,1.40816,1.40836,1.09,1.13
2013.11.15 10:54:20.509,1.40816,1.40836,1.09,1.13
2013.11.15 10:54:20.630,1.40816,1.40836,1.09,1.13
2013.11.15 10:54:20.809,1.40816,1.40836,1.09,1.13
2013.11.15 10:54:21.670,1.40817,1.40838,1.47,1.13
2013.11.15 10:54:21.729,1.40817,1.4084,1.84,1.02
2013.11.15 10:54:21.791,1.40821,1.40844,1.88,1.13
2013.11.15 10:54:21.912,1.40824,1.40845,1.65,1.13
2013.11.15 10:54:22.219,1.40826,1.40846,1.28,1.13
2013.11.15 10:54:22.339,1.40826,1.40846,1.28,1.13
2013.11.15 10:54:23.431,1.40826,1.40846,1.28,1.13
2013.11.15 10:54:23.669,1.40825,1.40846,1.39,1.13
2013.11.15 10:54:23.940,1.40825,1.40846,1.39,1.13
2013.11.15 10:54:24.119,1.40821,1.40844,1.28,1.02
2013.11.15 10:54:24.239,1.4082,1.40842,2.85,1.09
2013.11.15 10:54:24.779,1.4082,1.40842,1.13,2.44
2013.11.15 10:54:24.899,1.4082,1.40842,1.13,3.19
2013.11.15 10:54:27.791,1.4082,1.40837,1.13,1.02
2013.11.15 10:54:27.979,1.40813,1.40833,1.88,1.02
2013.11.15 10:54:28.219,1.40812,1.40832,1.32,2.03
2013.11.15 10:54:31.781,1.40807,1.40829,2.03,1.69
2013.11.15 10:54:32.021,1.40804,1.40827,1.39,1.58
2013.11.15 10:54:32.379,1.40803,1.40826,2.97,1.69
2013.11.15 10:54:35.489,1.40803,1.40825,2.14,1.02
2013.11.15 10:54:36.041,1.40806,1.40829,1.20,2.52
2013.11.15 10:54:36.639,1.40806,1.40828,1.88,1.02
2013.11.15 10:54:39.299,1.40806,1.40828,1.13,1.02
2013.11.15 10:54:40.059,1.40809,1.40828,1.13,1.02
2013.11.15 10:54:40.300,1.40824,1.40835,2.25,1.13
2013.11.15 10:54:40.422,1.40824,1.4084,1.09,3.75
2013.11.15 10:54:40.660,1.40821,1.40839,1.50,1.32
2013.11.15 10:54:40.721,1.40817,1.40838,1.13,2.07
2013.11.15 10:54:41.310,1.40811,1.40837,1.84,1.09
2013.11.15 10:54:43.059,1.40812,1.40837,1.84,1.09
2013.11.15 10:54:46.522,1.40811,1.40833,1.20,1.02
2013.11.15 10:54:47.124,1.4081,1.40833,1.47,1.02
2013.11.15 10:54:47.839,1.4081,1.40834,1.47,1.02
2013.11.15 10:54:48.143,1.40809,1.40831,1.58,1.39
2013.11.15 10:54:48.213,1.40809,1.40831,1.50,1.47
2013.11.15 10:54:50.159,1.40806,1.40831,1.47,1.47
2013.11.15 10:54:54.191,1.40806,1.40831,1.28,1.47
2013.11.15 10:54:57.434,1.40806,1.40831,1.28,1.47
2013.11.15 10:54:57.503,1.40808,1.40831,1.28,1.39
2013.11.15 10:54:57.571,1.40808,1.40833,1.28,1.02
2013.11.15 10:54:58.130,1.4081,1.40833,2.63,1.09
2013.11.15 10:54:58.739,1.4081,1.40833,1.13,1.09
2013.11.15 10:54:59.283,1.4081,1.40833,1.13,1.09
2013.11.15 10:55:01.172,1.40809,1.40833,2.40,1.09
2013.11.15 10:55:02.108,1.40809,1.40833,2.40,1.09
2013.11.15 10:55:02.612,1.4081,1.40833,1.13,1.09
2013.11.15 10:55:06.219,1.40811,1.40833,1.95,1.09
2013.11.15 10:55:09.583,1.40812,1.40833,1.95,1.02
2013.11.15 10:55:09.890,1.40813,1.40835,2.33,1.58
2013.11.15 10:55:09.950,1.40816,1.40837,2.25,2.33
2013.11.15 10:55:10.070,1.40817,1.40837,1.65,1.13
2013.11.15 10:55:10.380,1.40818,1.40839,2.40,1.32
2013.11.15 10:55:12.990,1.40819,1.40837,2.25,1.13
2013.11.15 10:55:16.158,1.40819,1.4084,2.25,1.09
2013.11.15 10:55:16.684,1.40819,1.40841,2.25,1.47
2013.11.15 10:55:17.809,1.4082,1.40841,2.25,1.47
2013.11.15 10:55:19.830,1.40819,1.40841,2.25,1.47
2013.11.15 10:55:22.968,1.40818,1.40841,2.33,1.47
2013.11.15 10:55:23.518,1.40819,1.40842,3.53,2.03
2013.11.15 10:55:23.710,1.40819,1.40842,3.15,2.03
2013.11.15 10:55:24.719,1.40822,1.40842,1.88,2.03
2013.11.15 10:55:28.083,1.40821,1.40842,2.63,2.03
2013.11.15 10:55:31.538,1.40821,1.40842,1.13,1.65
2013.11.15 10:55:32.210,1.40821,1.40842,1.13,1.84
2013.11.15 10:55:32.529,1.40818,1.40841,1.65,1.69
2013.11.15 10:55:52.832,1.40817,1.4084,1.88,1.39
2013.11.15 10:55:53.393,1.40817,1.4084,1.88,1.39
2013.11.15 10:55:56.260,1.40816,1.4084,3.45,1.39
2013.11.15 10:55:57.033,1.40816,1.4084,4.20,1.39
2013.11.15 10:55:58.841,1.40816,1.4084,2.14,1.39
2013.11.15 10:55:59.739,1.40816,1.4084,2.89,1.39
2013.11.15 10:56:00.320,1.40816,1.40838,1.77,1.77
2013.11.15 10:56:00.440,1.40816,1.40838,1.69,1.09
2013.11.15 10:56:00.561,1.40814,1.40836,1.50,1.09
2013.11.15 10:56:01.190,1.40812,1.40836,2.52,1.02
2013.11.15 10:56:02.229,1.40812,1.40836,2.14,1.02
2013.11.15 10:56:02.610,1.40812,1.40837,2.14,1.09
2013.11.15 10:56:02.853,1.40814,1.40838,1.84,1.84
2013.11.15 10:56:03.040,1.40815,1.40838,1.39,1.02
2013.11.15 10:56:03.580,1.40815,1.4084,2.22,1.32
2013.11.15 10:56:05.776,1.4082,1.40841,1.58,1.13
2013.11.15 10:56:05.842,1.40821,1.40844,2.03,2.25
2013.11.15 10:56:05.904,1.40824,1.40845,1.02,1.13
2013.11.15 10:56:05.971,1.40825,1.40848,1.69,2.97
2013.11.15 10:56:06.032,1.40825,1.40848,2.22,1.69
2013.11.15 10:56:06.572,1.40828,1.4085,2.14,1.39
2013.11.15 10:56:07.034,1.40833,1.40854,1.13,1.58
2013.11.15 10:56:07.160,1.40835,1.40858,1.65,1.32
2013.11.15 10:56:07.592,1.40837,1.40861,2.03,1.47
2013.11.15 10:56:08.299,1.40837,1.40861,1.28,2.59
2013.11.15 10:56:08.720,1.40837,1.40861,1.28,1.47
2013.11.15 10:56:08.780,1.40838,1.40862,1.28,1.47
2013.11.15 10:56:09.079,1.40839,1.40862,2.22,1.47
2013.11.15 10:56:10.086,1.40839,1.40862,2.22,1.47
2013.11.15 10:56:10.973,1.40839,1.40861,2.03,1.02
2013.11.15 10:56:11.879,1.40838,1.4086,1.13,1.09
2013.11.15 10:56:12.447,1.40838,1.4086,1.13,1.09
2013.11.15 10:56:13.262,1.40838,1.4086,1.13,1.09
2013.11.15 10:56:19.660,1.40838,1.4086,1.13,1.09
2013.11.15 10:56:20.759,1.40838,1.4086,1.13,1.09
2013.11.15 10:56:27.801,1.40835,1.4086,1.47,1.09
2013.11.15 10:56:27.870,1.40835,1.4086,1.47,1.09
2013.11.15 10:56:28.379,1.40835,1.4086,1.28,1.09
2013.11.15 10:56:30.319,1.40835,1.4086,1.28,1.02
2013.11.15 10:56:30.989,1.40837,1.40862,1.65,2.59
2013.11.15 10:56:31.051,1.40837,1.40862,1.65,1.77
2013.11.15 10:56:31.170,1.40838,1.40863,2.33,1.13
2013.11.15 10:56:35.219,1.40843,1.40864,1.58,1.13
2013.11.15 10:56:37.230,1.40843,1.40866,1.02,1.69
2013.11.15 10:56:37.411,1.40843,1.40866,1.77,1.69
2013.11.15 10:56:38.260,1.40843,1.40866,1.47,1.77
2013.11.15 10:56:38.994,1.40843,1.40866,1.47,1.02
2013.11.15 10:56:39.439,1.40842,1.40866,2.14,1.69
2013.11.15 10:56:40.549,1.40843,1.40866,1.28,2.07
2013.11.15 10:56:40.671,1.40843,1.40866,1.47,1.69
2013.11.15 10:56:40.790,1.4084,1.40864,1.65,1.32
2013.11.15 10:56:40.971,1.40839,1.40866,4.32,1.69
2013.11.15 10:56:41.091,1.40841,1.40866,2.44,1.50
2013.11.15 10:56:41.151,1.40848,1.40866,1.50,1.58
2013.11.15 10:56:41.213,1.40851,1.40869,1.20,3.00
2013.11.15 10:56:41.402,1.40854,1.40875,2.07,2.40
2013.11.15 10:56:41.582,1.40855,1.40878,1.47,1.69
2013.11.15 10:56:41.640,1.40854,1.40879,3.34,2.14
2013.11.15 10:56:41.820,1.40854,1.40879,3.34,2.14
2013.11.15 10:56:42.169,1.40854,1.40876,1.20,1.02
2013.11.15 10:56:42.762,1.40853,1.40876,2.22,1.02
2013.11.15 10:56:43.000,1.40852,1.40872,1.50,1.02
2013.11.15 10:56:43.180,1.40852,1.40872,1.50,1.02
2013.11.15 10:56:43.714,1.40851,1.40872,1.69,1.02
2013.11.15 10:56:44.789,1.4085,1.40872,1.77,1.02
2013.11.15 10:56:45.791,1.40851,1.40872,1.13,1.02
2013.11.15 10:56:46.061,1.40851,1.40875,1.47,1.02
2013.11.15 10:56:46.180,1.40854,1.40878,2.22,1.39
2013.11.15 10:56:46.359,1.40856,1.40879,1.09,1.32
2013.11.15 10:56:47.739,1.40856,1.40879,2.22,2.07
2013.11.15 10:56:47.800,1.40856,1.40877,1.69,1.09
2013.11.15 10:56:47.860,1.40853,1.40877,1.39,1.09
2013.11.15 10:56:47.980,1.4085,1.40874,2.03,1.02
2013.11.15 10:56:48.100,1.4085,1.4087,1.13,1.02
2013.11.15 10:56:50.156,1.40847,1.4087,2.52,1.02
2013.11.15 10:56:51.151,1.40848,1.40874,1.84,1.84
2013.11.15 10:56:52.909,1.40848,1.40874,1.47,1.77
2013.11.15 10:56:53.089,1.40851,1.40874,1.69,1.77
2013.11.15 10:56:53.390,1.40861,1.40882,1.28,1.69
2013.11.15 10:56:53.449,1.40862,1.40883,2.59,1.13
2013.11.15 10:56:53.689,1.40863,1.40887,1.69,1.20
2013.11.15 10:56:54.241,1.40863,1.40887,1.69,1.20
2013.11.15 10:56:56.575,1.40863,1.40887,1.32,1.02
2013.11.15 10:56:56.699,1.40863,1.40889,2.07,1.65
2013.11.15 10:56:56.940,1.40863,1.40887,1.32,1.02
2013.11.15 10:56:57.059,1.40863,1.40889,1.69,1.84
2013.11.15 10:57:00.371,1.40864,1.40891,1.77,1.47
2013.11.15 10:57:00.789,1.40873,1.40888,1.13,1.65
2013.11.15 10:57:00.971,1.40875,1.40892,1.09,1.50
2013.11.15 10:57:01.030,1.40878,1.40894,1.32,1.50
2013.11.15 10:57:01.091,1.40878,1.40895,1.69,1.50
2013.11.15 10:57:01.150,1.40879,1.40898,1.32,1.58
2013.11.15 10:57:01.510,1.40878,1.409,2.22,1.50
2013.11.15 10:57:01.692,1.40879,1.409,1.77,1.50
2013.11.15 10:57:01.810,1.40879,1.409,1.39,1.50
2013.11.15 10:57:01.931,1.40879,1.40897,1.13,1.50
2013.11.15 10:57:02.050,1.40877,1.40899,1.69,1.09
2013.11.15 10:57:02.170,1.40875,1.409,1.77,1.65
2013.11.15 10:57:02.350,1.40873,1.40898,2.59,1.65
2013.11.15 10:57:02.885,1.40873,1.40898,1.47,1.65
2013.11.15 10:57:03.399,1.40876,1.409,1.09,1.84
2013.11.15 10:57:03.460,1.40878,1.409,2.07,1.65
2013.11.15 10:57:04.078,1.4088,1.40902,2.44,1.28
2013.11.15 10:57:04.629,1.4088,1.40902,3.27,1.13
2013.11.15 10:57:05.599,1.40881,1.40902,1.09,1.13
2013.11.15 10:57:08.709,1.4088,1.40902,2.97,1.13
2013.11.15 10:57:08.891,1.4088,1.40902,1.84,1.13
2013.11.15 10:57:09.070,1.40881,1.40903,1.47,1.13
2013.11.15 10:57:13.020,1.40881,1.40903,1.02,1.32
2013.11.15 10:57:13.080,1.4088,1.40902,1.47,1.32
2013.11.15 10:57:13.383,1.40876,1.40901,1.09,1.65
2013.11.15 10:57:14.631,1.40876,1.40901,1.09,1.65
2013.11.15 10:57:14.775,1.40875,1.40901,1.47,1.84
2013.11.15 10:57:14.962,1.40874,1.40899,2.22,1.28
2013.11.15 10:57:15.384,1.40873,1.40898,1.84,1.09
2013.11.15 10:57:16.276,1.40873,1.40895,1.39,1.39
2013.11.15 10:57:16.809,1.40872,1.40895,1.24,1.39
2013.11.15 10:57:17.350,1.40867,1.40893,1.39,2.52
2013.11.15 10:57:17.471,1.40866,1.4089,1.47,1.02
2013.11.15 10:57:17.529,1.40865,1.4089,1.32,1.09
2013.11.15 10:57:21.199,1.40865,1.40887,1.17,1.50
2013.11.15 10:57:22.540,1.40866,1.4089,1.39,1.77
2013.11.15 10:57:23.509,1.40866,1.40892,1.84,1.32
2013.11.15 10:57:24.030,1.40865,1.40891,2.07,1.02
2013.11.15 10:57:25.479,1.40864,1.4089,2.07,1.02
2013.11.15 10:57:25.940,1.40865,1.40891,1.32,1.09
2013.11.15 10:57:26.179,1.40866,1.40892,1.09,1.47
2013.11.15 10:57:26.900,1.40867,1.40892,1.09,1.32
2013.11.15 10:57:27.510,1.40867,1.40891,1.09,1.09
2013.11.15 10:57:28.039,1.40866,1.40891,1.84,1.09
2013.11.15 10:57:29.122,1.4087,1.40893,1.02,1.77
2013.11.15 10:57:29.180,1.40873,1.40893,2.29,1.58
2013.11.15 10:57:29.539,1.40867,1.40891,1.09,1.09
2013.11.15 10:57:30.980,1.40866,1.40891,1.69,1.09
2013.11.15 10:57:31.460,1.40873,1.40893,1.32,2.03
2013.11.15 10:57:31.939,1.40873,1.40895,1.13,4.84
2013.11.15 10:57:33.210,1.40873,1.40895,1.32,1.65
2013.11.15 10:57:38.882,1.40879,1.40897,1.69,3.15
2013.11.15 10:57:38.949,1.40879,1.40897,1.69,3.15
2013.11.15 10:57:39.189,1.40879,1.40897,1.50,1.50
2013.11.15 10:57:39.743,1.40876,1.40898,1.13,1.84
2013.11.15 10:57:40.322,1.40876,1.40898,1.69,1.65
2013.11.15 10:57:40.500,1.40876,1.409,1.69,2.40
2013.11.15 10:57:41.070,1.40876,1.409,1.77,1.65
2013.11.15 10:57:41.263,1.40882,1.40901,1.50,1.58
2013.11.15 10:57:41.619,1.40877,1.40901,2.29,3.83
2013.11.15 10:57:42.790,1.40877,1.40899,1.54,1.65
2013.11.15 10:57:42.910,1.40876,1.40898,1.32,2.59
2013.11.15 10:57:43.209,1.40879,1.40898,1.32,1.65
2013.11.15 10:57:43.391,1.4088,1.40897,1.69,1.65
2013.11.15 10:57:43.630,1.40879,1.40898,1.32,1.58
2013.11.15 10:57:43.989,1.40876,1.40899,1.69,4.58
2013.11.15 10:57:44.727,1.40876,1.40899,1.32,4.77
2013.11.15 10:57:45.343,1.40876,1.40899,1.32,4.77
2013.11.15 10:57:46.021,1.40876,1.40899,1.32,4.77
2013.11.15 10:57:47.483,1.40878,1.40899,1.32,3.45
2013.11.15 10:57:47.849,1.40876,1.40898,1.32,1.28
2013.11.15 10:57:48.670,1.40876,1.40898,1.32,1.28
2013.11.15 10:57:48.730,1.40876,1.40898,1.32,2.70
2013.11.15 10:57:48.790,1.40874,1.40897,1.32,1.58
2013.11.15 10:57:48.850,1.40873,1.40898,2.29,1.88
2013.11.15 10:57:49.090,1.40879,1.409,1.32,1.28
2013.11.15 10:57:49.629,1.40879,1.409,1.32,2.78
2013.11.15 10:57:49.690,1.40876,1.40899,1.02,2.03
2013.11.15 10:57:49.750,1.40874,1.40898,1.32,1.28
2013.11.15 10:57:50.110,1.40877,1.40898,1.32,2.03
2013.11.15 10:57:52.220,1.40874,1.40898,1.32,1.28
2013.11.15 10:57:55.379,1.40874,1.40898,1.39,1.28
2013.11.15 10:57:55.439,1.40874,1.40898,1.32,1.95
2013.11.15 10:57:55.821,1.40874,1.40898,1.32,2.03
2013.11.15 10:57:56.349,1.40874,1.40898,1.32,2.03
2013.11.15 10:57:57.184,1.40874,1.40897,1.32,1.65
2013.11.15 10:57:59.090,1.40874,1.40898,1.32,2.78
2013.11.15 10:57:59.269,1.4088,1.409,3.19,1.65
2013.11.15 10:57:59.760,1.4088,1.40898,1.13,1.65
2013.11.15 10:58:00.789,1.40877,1.40898,1.69,1.84
2013.11.15 10:58:00.849,1.40873,1.40898,1.99,1.84
2013.11.15 10:58:01.031,1.40873,1.40897,1.32,1.58
2013.11.15 10:58:01.390,1.40878,1.40899,2.52,1.58
2013.11.15 10:58:01.940,1.40883,1.409,1.13,2.40
2013.11.15 10:58:02.241,1.40883,1.40901,1.32,2.40
2013.11.15 10:58:02.910,1.40884,1.40902,1.32,1.65
2013.11.15 10:58:03.849,1.40884,1.40902,1.32,1.65
2013.11.15 10:58:05.270,1.40881,1.40901,1.32,1.65
2013.11.15 10:58:05.809,1.4088,1.40898,1.32,1.65
2013.11.15 10:58:06.130,1.4088,1.40898,1.32,1.65
2013.11.15 10:58:06.369,1.40881,1.40898,1.32,1.65
2013.11.15 10:58:07.122,1.40881,1.40898,1.32,1.65
2013.11.15 10:58:07.659,1.40881,1.40898,1.32,1.65
2013.11.15 10:58:08.160,1.40879,1.40898,1.32,1.65
2013.11.15 10:58:08.571,1.40879,1.40898,1.69,1.65
2013.11.15 10:58:08.750,1.40881,1.40902,1.32,1.65
2013.11.15 10:58:09.079,1.40881,1.40902,1.32,1.65
2013.11.15 10:58:09.619,1.40881,1.40904,1.39,2.40
2013.11.15 10:58:09.919,1.40881,1.40903,1.13,1.09
2013.11.15 10:58:10.421,1.40882,1.40903,1.13,1.09
2013.11.15 10:58:11.222,1.40882,1.40904,1.13,2.59
2013.11.15 10:58:11.341,1.40882,1.40904,1.39,1.58
2013.11.15 10:58:11.462,1.40885,1.40905,1.69,1.95
2013.11.15 10:58:11.700,1.40887,1.40908,1.69,1.09
2013.11.15 10:58:11.760,1.40887,1.40907,1.69,1.65
2013.11.15 10:58:11.880,1.40885,1.40907,1.32,1.65
2013.11.15 10:58:12.239,1.40885,1.40907,1.69,1.65
2013.11.15 10:58:12.739,1.40885,1.40905,1.13,1.02
2013.11.15 10:58:13.059,1.40879,1.40899,1.13,1.65
2013.11.15 10:58:13.590,1.40877,1.40899,1.69,1.65
2013.11.15 10:58:15.680,1.40877,1.40899,1.69,1.65
2013.11.15 10:58:16.450,1.40878,1.40901,1.32,2.52
2013.11.15 10:58:17.420,1.40878,1.409,1.32,1.09
2013.11.15 10:58:17.719,1.40878,1.409,1.32,1.09
2013.11.15 10:58:18.226,1.40878,1.40899,1.32,3.00
2013.11.15 10:58:18.572,1.40875,1.40896,1.13,1.09
2013.11.15 10:58:18.944,1.40875,1.40896,1.32,1.65
2013.11.15 10:58:19.010,1.40875,1.40896,1.32,1.65
2013.11.15 10:58:19.549,1.40875,1.40896,1.32,1.65
2013.11.15 10:58:19.610,1.40875,1.40896,1.32,1.65
2013.11.15 10:58:20.112,1.40875,1.40896,1.32,1.65
2013.11.15 10:58:22.110,1.40875,1.40896,1.32,1.65
2013.11.15 10:58:22.170,1.40875,1.40896,1.32,1.65
2013.11.15 10:58:22.754,1.40875,1.40896,1.32,1.65
2013.11.15 10:58:23.319,1.40875,1.40896,1.32,1.65
2013.11.15 10:58:23.380,1.40878,1.40896,1.32,1.65
2013.11.15 10:58:23.448,1.40884,1.40901,1.69,3.30
2013.11.15 10:58:23.689,1.40881,1.40902,1.32,2.40
2013.11.15 10:58:23.750,1.40879,1.40901,1.50,1.09
2013.11.15 10:58:24.299,1.40878,1.40901,1.32,1.84
2013.11.15 10:58:24.829,1.40878,1.40901,1.32,1.09
2013.11.15 10:58:25.379,1.4088,1.40902,1.32,2.40
2013.11.15 10:58:25.440,1.40884,1.40902,1.69,1.65
2013.11.15 10:58:25.559,1.40886,1.40902,1.50,1.65
2013.11.15 10:58:30.193,1.40886,1.40903,1.32,1.65
2013.11.15 10:58:30.441,1.4089,1.40908,1.54,4.65
2013.11.15 10:58:30.561,1.40892,1.40909,1.17,1.20
2013.11.15 10:58:31.770,1.40889,1.4091,1.32,1.65
2013.11.15 10:58:34.711,1.40888,1.40911,2.07,1.65
2013.11.15 10:58:34.829,1.40888,1.40911,2.07,1.65
2013.11.15 10:58:35.735,1.40888,1.4091,2.07,1.65
2013.11.15 10:58:36.070,1.40895,1.40913,2.25,1.28
2013.11.15 10:58:36.130,1.40902,1.40916,1.69,1.13
2013.11.15 10:58:36.250,1.40902,1.40921,2.44,1.28
2013.11.15 10:58:36.310,1.40902,1.40922,3.27,1.20
2013.11.15 10:58:36.490,1.40902,1.40925,2.59,1.65
2013.11.15 10:58:37.652,1.40906,1.40927,1.32,1.84
2013.11.15 10:58:38.783,1.40904,1.40924,1.13,1.02
2013.11.15 10:58:38.912,1.40904,1.40924,1.13,2.44
2013.11.15 10:58:43.121,1.40906,1.40923,1.73,1.09
2013.11.15 10:58:43.240,1.40907,1.40925,1.69,1.65
2013.11.15 10:58:47.980,1.40906,1.40922,1.13,2.33
2013.11.15 10:58:48.040,1.40902,1.40922,1.13,3.08
2013.11.15 10:58:51.319,1.40902,1.40922,1.13,2.33
2013.11.15 10:58:52.119,1.40902,1.40922,1.13,2.33
2013.11.15 10:58:52.959,1.40899,1.4092,1.50,1.65
2013.11.15 10:58:53.517,1.409,1.40919,1.13,1.58
2013.11.15 10:58:54.201,1.40895,1.40916,3.00,3.00
2013.11.15 10:58:54.510,1.40894,1.40914,1.50,3.08
2013.11.15 10:58:55.030,1.40894,1.40914,1.50,3.15
2013.11.15 10:58:55.735,1.40897,1.40916,1.13,2.33
2013.11.15 10:58:55.863,1.40899,1.40917,1.13,1.65
2013.11.15 10:58:56.400,1.40894,1.40916,1.88,2.40
2013.11.15 10:58:56.520,1.40893,1.40915,1.50,2.33
2013.11.15 10:59:00.751,1.40893,1.40915,1.88,2.33
2013.11.15 10:59:04.096,1.409,1.40915,1.13,2.33
2013.11.15 10:59:04.219,1.40902,1.40915,1.50,1.50
2013.11.15 10:59:04.340,1.40902,1.40919,2.25,1.65
2013.11.15 10:59:04.519,1.40896,1.40918,1.13,1.84
2013.11.15 10:59:06.491,1.40901,1.40919,1.50,1.65
2013.11.15 10:59:08.273,1.40901,1.40921,1.50,1.65
2013.11.15 10:59:09.671,1.409,1.40919,1.13,1.65
2013.11.15 10:59:10.150,1.40898,1.40913,1.35,1.69
2013.11.15 10:59:10.211,1.40891,1.40909,1.28,2.07
2013.11.15 10:59:10.329,1.40889,1.40908,1.50,1.84
2013.11.15 10:59:10.390,1.40889,1.40908,1.50,1.84
2013.11.15 10:59:10.509,1.40887,1.40908,1.13,1.84
2013.11.15 10:59:12.449,1.40884,1.40907,1.50,1.84
2013.11.15 10:59:13.769,1.40884,1.40908,1.50,2.59
2013.11.15 10:59:14.251,1.40885,1.40909,1.61,2.78
2013.11.15 10:59:14.311,1.40885,1.40909,1.61,1.20
2013.11.15 10:59:14.610,1.40885,1.40911,2.44,1.20
2013.11.15 10:59:15.232,1.40887,1.40909,1.58,1.13
2013.11.15 10:59:15.292,1.40887,1.40909,2.33,1.39
2013.11.15 10:59:15.351,1.40887,1.40909,1.95,1.39
2013.11.15 10:59:15.605,1.40887,1.40909,1.88,1.47
2013.11.15 10:59:15.911,1.40883,1.40905,1.88,1.84
2013.11.15 10:59:15.970,1.40883,1.40905,1.13,1.84
2013.11.15 10:59:17.581,1.40882,1.40902,1.50,1.09
2013.11.15 10:59:17.882,1.40883,1.40903,1.73,3.00
2013.11.15 10:59:17.944,1.40884,1.40904,1.13,1.28
2013.11.15 10:59:18.071,1.40884,1.40908,1.50,1.09
2013.11.15 10:59:18.312,1.40886,1.40908,1.13,1.09
2013.11.15 10:59:19.937,1.40886,1.40908,1.13,1.09
2013.11.15 10:59:20.430,1.40885,1.40908,2.25,1.09
2013.11.15 10:59:20.861,1.40887,1.40911,1.43,2.40
2013.11.15 10:59:20.982,1.40889,1.40911,1.13,2.40
2013.11.15 10:59:21.251,1.40888,1.40913,1.43,1.47
2013.11.15 10:59:22.373,1.40889,1.40913,1.50,2.89
2013.11.15 10:59:22.562,1.40889,1.40911,1.50,1.47
2013.11.15 10:59:22.633,1.40889,1.4091,1.50,1.47
2013.11.15 10:59:23.390,1.40887,1.4091,1.39,1.28
2013.11.15 10:59:23.691,1.40888,1.4091,1.50,1.47
2013.11.15 10:59:23.812,1.40888,1.4091,1.50,1.28
2013.11.15 10:59:24.248,1.40887,1.40909,1.35,1.47
2013.11.15 10:59:24.550,1.40887,1.40908,1.35,2.52
2013.11.15 10:59:24.670,1.40887,1.40906,1.35,1.02
2013.11.15 10:59:24.911,1.40884,1.40906,1.50,1.77
2013.11.15 10:59:25.092,1.40883,1.40903,1.50,1.09
2013.11.15 10:59:25.223,1.4088,1.40903,1.73,2.59
2013.11.15 10:59:25.713,1.4088,1.40903,1.20,1.39
2013.11.15 10:59:26.314,1.4088,1.40904,1.20,1.09
2013.11.15 10:59:26.934,1.4088,1.40904,1.20,1.09
2013.11.15 10:59:27.651,1.4088,1.40904,1.20,1.09
2013.11.15 10:59:27.970,1.40881,1.40903,1.13,1.77
2013.11.15 10:59:28.330,1.40884,1.40904,1.73,1.65
2013.11.15 10:59:29.440,1.40884,1.40906,1.35,2.59
2013.11.15 10:59:30.030,1.40884,1.40906,1.73,2.03
2013.11.15 10:59:30.534,1.40884,1.40906,1.73,1.28
2013.11.15 10:59:30.740,1.40884,1.40906,1.73,1.28
2013.11.15 10:59:31.851,1.40884,1.40906,1.73,4.39
2013.11.15 10:59:31.970,1.40884,1.40906,1.73,3.53
2013.11.15 10:59:32.573,1.40884,1.40905,1.73,1.09
2013.11.15 10:59:33.170,1.40884,1.40906,2.48,3.15
2013.11.15 10:59:33.737,1.40884,1.40906,2.48,2.40
2013.11.15 10:59:33.935,1.40891,1.40908,1.35,1.28
2013.11.15 10:59:34.060,1.40891,1.40912,2.63,1.13
2013.11.15 10:59:34.120,1.40891,1.40914,2.66,1.65
2013.11.15 10:59:34.180,1.40891,1.40916,1.99,1.58
2013.11.15 10:59:34.299,1.40894,1.40917,1.16,1.65
2013.11.15 10:59:35.781,1.40893,1.40917,1.16,1.28
2013.11.15 10:59:35.902,1.40898,1.40918,1.39,1.28
2013.11.15 10:59:36.141,1.40899,1.40918,1.13,1.13
2013.11.15 10:59:36.260,1.40901,1.40919,1.16,2.03
2013.11.15 10:59:36.741,1.40901,1.40921,1.13,2.78
2013.11.15 10:59:37.280,1.40901,1.40918,1.13,1.28
2013.11.15 10:59:37.581,1.40899,1.40918,1.13,1.65
2013.11.15 10:59:37.640,1.40899,1.40918,1.13,1.65
2013.11.15 10:59:38.620,1.40901,1.40918,1.13,1.28
2013.11.15 10:59:38.920,1.40899,1.40918,1.13,1.28
2013.11.15 10:59:39.451,1.409,1.40917,1.13,1.28
2013.11.15 10:59:39.874,1.40899,1.40917,1.13,1.28
2013.11.15 10:59:40.481,1.40899,1.40917,1.16,1.20
2013.11.15 10:59:40.542,1.409,1.40917,1.13,1.13
2013.11.15 10:59:40.901,1.40908,1.40924,1.50,1.65
2013.11.15 10:59:41.262,1.409,1.40921,1.13,1.65
2013.11.15 10:59:41.500,1.409,1.40921,1.13,1.65
2013.11.15 10:59:41.809,1.409,1.40921,1.13,1.65
2013.11.15 10:59:42.401,1.409,1.40918,1.13,1.20
2013.11.15 10:59:42.680,1.409,1.40919,1.13,1.39
2013.11.15 10:59:42.741,1.409,1.40919,1.13,1.47
2013.11.15 10:59:43.040,1.409,1.40919,1.13,2.22
2013.11.15 10:59:43.160,1.40901,1.40919,1.54,1.20
2013.11.15 10:59:43.221,1.40901,1.40919,1.54,1.13
2013.11.15 10:59:43.580,1.409,1.40918,1.13,1.28
2013.11.15 10:59:44.282,1.409,1.40918,1.13,1.28
2013.11.15 10:59:44.710,1.409,1.40918,1.13,1.20
2013.11.15 10:59:44.892,1.409,1.40919,1.13,1.88
2013.11.15 10:59:45.433,1.409,1.40922,1.13,2.03
2013.11.15 10:59:45.741,1.40909,1.40922,1.50,1.13
2013.11.15 10:59:45.981,1.40897,1.40917,1.46,1.20
2013.11.15 10:59:46.161,1.40897,1.40917,1.39,1.20
2013.11.15 10:59:47.049,1.40897,1.40917,1.76,1.20
2013.11.15 10:59:47.372,1.40897,1.40916,1.39,1.65
2013.11.15 10:59:47.501,1.40896,1.40915,1.13,1.65
2013.11.15 10:59:47.681,1.40891,1.40913,1.50,1.84
2013.11.15 10:59:47.862,1.40891,1.40913,1.13,2.40
2013.11.15 10:59:47.920,1.40891,1.40911,1.13,1.65
2013.11.15 10:59:48.100,1.40893,1.40911,1.35,2.03
2013.11.15 10:59:48.221,1.40895,1.40913,1.16,1.20
2013.11.15 10:59:48.343,1.40899,1.40915,1.50,2.03
2013.11.15 10:59:48.410,1.40895,1.40913,1.16,1.13
2013.11.15 10:59:48.650,1.40891,1.40914,1.69,1.65
2013.11.15 10:59:49.164,1.40891,1.40914,1.69,2.03
2013.11.15 10:59:49.710,1.40891,1.40914,1.77,3.15
2013.11.15 10:59:50.030,1.40891,1.40914,1.69,2.40
2013.11.15 10:59:50.699,1.40891,1.40914,1.69,2.40
2013.11.15 10:59:50.820,1.40891,1.40914,1.69,2.40
2013.11.15 10:59:51.890,1.40896,1.40914,2.29,1.65
2013.11.15 10:59:51.950,1.40899,1.40915,1.32,1.88
2013.11.15 10:59:52.010,1.40899,1.40916,2.82,1.13
2013.11.15 10:59:52.251,1.40903,1.4092,1.50,1.13
2013.11.15 10:59:53.820,1.40902,1.40917,1.50,1.28
2013.11.15 10:59:53.940,1.40902,1.40917,1.50,1.28
2013.11.15 10:59:54.000,1.40902,1.40917,1.50,1.13
2013.11.15 10:59:54.060,1.40902,1.40917,1.50,1.28
2013.11.15 10:59:54.600,1.409,1.40917,1.69,1.28
2013.11.15 10:59:54.962,1.40899,1.40916,1.13,1.09
2013.11.15 10:59:55.021,1.40892,1.40916,1.32,1.84
2013.11.15 10:59:55.770,1.40891,1.40914,1.69,1.65
2013.11.15 10:59:56.431,1.40891,1.40913,1.13,1.65
2013.11.15 10:59:56.512,1.40891,1.40913,1.13,1.65
2013.11.15 10:59:56.808,1.40891,1.40913,1.13,1.65
2013.11.15 10:59:59.449,1.40891,1.40914,1.13,2.40
2013.11.15 10:59:59.630,1.40892,1.40915,2.25,2.52
2013.11.15 10:59:59.930,1.40911,1.40922,1.50,1.50
2013.11.15 10:59:59.990,1.40909,1.40922,1.50,1.50
