2015.08.02 23:00:00.053,1.43645,1.43682,1.75,1.75
2015.08.02 23:00:00.357,1.43648,1.43682,1.75,1.75
2015.08.02 23:00:00.661,1.43648,1.43682,1.75,1.37
2015.08.02 23:00:01.396,1.4365,1.43682,1.50,1.37
2015.08.02 23:00:02.269,1.43651,1.43682,1.37,1.37
2015.08.02 23:00:02.804,1.43651,1.43682,1.37,1.37
2015.08.02 23:00:04.175,1.4365,1.43682,1.50,1.75
2015.08.02 23:00:07.346,1.4365,1.4368,1.37,1.37
2015.08.02 23:00:07.457,1.4365,1.43683,1.37,1.75
2015.08.02 23:00:09.438,1.43653,1.43684,1.87,1.75
2015.08.02 23:00:11.790,1.43653,1.43684,1.87,1.50
2015.08.02 23:00:12.568,1.43653,1.43683,1.87,1.50
2015.08.02 23:00:13.376,1.43651,1.43684,1.50,1.75
2015.08.02 23:00:13.427,1.43644,1.43679,3.00,1.75
2015.08.02 23:00:13.478,1.43644,1.43679,2.62,1.00
2015.08.02 23:00:13.680,1.43645,1.43679,1.00,1.37
2015.08.02 23:00:14.198,1.43646,1.43682,1.37,1.00
2015.08.02 23:00:14.865,1.43648,1.43684,1.00,1.87
2015.08.02 23:00:16.394,1.43648,1.43684,1.50,2.25
2015.08.02 23:00:17.121,1.43651,1.43682,1.37,1.37
2015.08.02 23:00:17.631,1.43651,1.43682,1.37,1.37
2015.08.02 23:00:19.761,1.43652,1.43685,1.37,1.37
2015.08.02 23:00:19.812,1.43652,1.43685,1.37,1.37
2015.08.02 23:00:21.797,1.43651,1.43685,1.75,1.00
2015.08.02 23:00:22.611,1.43655,1.43685,1.00,1.37
2015.08.02 23:00:22.662,1.43652,1.43685,1.37,1.37
2015.08.02 23:00:22.714,1.43652,1.43683,1.37,1.37
2015.08.02 23:00:23.019,1.43652,1.43685,1.37,1.37
2015.08.02 23:00:23.689,1.43652,1.43685,1.12,1.12
2015.08.02 23:00:24.248,1.43652,1.43686,1.37,1.37
2015.08.02 23:00:26.105,1.43652,1.43688,1.75,1.37
2015.08.02 23:00:31.402,1.43655,1.43691,1.87,1.75
2015.08.02 23:00:50.337,1.43656,1.43688,1.50,1.37
2015.08.02 23:00:51.187,1.43656,1.43688,1.37,1.37
2015.08.02 23:00:55.151,1.43656,1.43688,1.37,1.37
2015.08.02 23:01:03.580,1.43656,1.43688,3.00,1.37
2015.08.02 23:01:04.859,1.43659,1.43688,1.75,1.12
2015.08.02 23:01:14.895,1.43661,1.43694,2.25,1.12
2015.08.02 23:01:15.002,1.43663,1.43701,1.75,2.25
2015.08.02 23:01:15.315,1.43661,1.43695,2.25,1.75
2015.08.02 23:01:15.417,1.43664,1.43694,1.37,1.00
2015.08.02 23:01:15.468,1.43664,1.43701,1.37,1.50
2015.08.02 23:01:15.622,1.43662,1.43695,1.75,1.37
2015.08.02 23:01:15.977,1.43663,1.43698,1.50,1.87
2015.08.02 23:01:16.079,1.4366,1.43694,2.25,1.50
2015.08.02 23:01:16.628,1.4366,1.43694,1.75,2.25
2015.08.02 23:01:31.673,1.4366,1.43692,1.75,1.37
2015.08.02 23:01:36.149,1.43661,1.43692,1.75,1.37
2015.08.02 23:01:46.032,1.43661,1.43693,1.75,1.37
2015.08.02 23:01:47.463,1.43661,1.43693,2.25,1.50
2015.08.02 23:01:49.261,1.4366,1.43693,1.50,2.25
2015.08.02 23:01:56.666,1.43658,1.43691,1.75,1.37
2015.08.02 23:01:59.178,1.43659,1.43691,1.75,1.37
2015.08.02 23:02:01.913,1.43656,1.43689,1.50,1.37
2015.08.02 23:02:02.015,1.43656,1.43691,2.25,1.37
2015.08.02 23:02:03.009,1.43657,1.43692,1.75,1.37
2015.08.02 23:02:03.339,1.43657,1.43691,2.25,1.37
2015.08.02 23:02:04.320,1.43657,1.4369,1.37,1.50
2015.08.02 23:02:04.522,1.43655,1.4369,2.25,1.37
2015.08.02 23:02:05.397,1.43657,1.4369,1.75,1.37
2015.08.02 23:02:05.948,1.43657,1.4369,1.75,1.87
2015.08.02 23:02:12.642,1.43657,1.4369,1.75,1.87
2015.08.02 23:02:12.744,1.43653,1.4369,1.75,3.00
2015.08.02 23:02:12.845,1.43655,1.4369,1.75,1.87
2015.08.02 23:02:13.019,1.43656,1.4369,1.12,2.25
2015.08.02 23:02:13.121,1.43652,1.43687,1.75,1.37
2015.08.02 23:02:13.426,1.43654,1.43687,1.75,1.37
2015.08.02 23:02:13.831,1.43655,1.43687,1.75,1.12
2015.08.02 23:02:14.812,1.43655,1.43689,1.50,2.25
2015.08.02 23:02:15.018,1.43655,1.43687,1.12,1.50
2015.08.02 23:02:15.221,1.4365,1.43687,1.37,1.75
2015.08.02 23:02:15.424,1.4365,1.43687,1.75,1.75
2015.08.02 23:02:15.526,1.43651,1.43685,1.37,1.50
2015.08.02 23:02:15.729,1.43648,1.43685,2.25,1.37
2015.08.02 23:02:15.932,1.43651,1.43685,1.37,1.75
2015.08.02 23:02:16.135,1.43648,1.43685,2.25,1.50
2015.08.02 23:02:16.237,1.43648,1.43685,2.25,1.75
2015.08.02 23:02:16.339,1.43648,1.43685,1.87,1.75
2015.08.02 23:02:16.975,1.43648,1.43685,1.37,1.75
2015.08.02 23:02:17.031,1.4365,1.43685,1.50,1.75
2015.08.02 23:02:18.341,1.4365,1.43685,1.37,1.75
2015.08.02 23:02:18.937,1.43647,1.43683,1.37,1.75
2015.08.02 23:02:19.668,1.43647,1.43683,3.00,1.75
2015.08.02 23:02:21.028,1.43647,1.43683,2.25,1.75
2015.08.02 23:02:21.514,1.43647,1.4368,1.75,1.50
2015.08.02 23:02:38.689,1.43647,1.4368,1.75,1.75
2015.08.02 23:02:54.543,1.43646,1.4368,1.75,1.37
2015.08.02 23:02:54.645,1.43647,1.4368,1.75,1.37
2015.08.02 23:03:01.272,1.43647,1.43681,1.75,1.50
2015.08.02 23:03:06.282,1.43647,1.43681,2.25,1.37
2015.08.02 23:03:09.743,1.43648,1.43681,1.75,1.37
2015.08.02 23:03:13.587,1.43648,1.43683,2.25,1.37
2015.08.02 23:03:13.689,1.43648,1.43683,2.25,1.37
2015.08.02 23:03:14.194,1.43651,1.43686,1.75,1.50
2015.08.02 23:03:18.988,1.4365,1.43687,1.75,2.25
2015.08.02 23:03:19.463,1.4365,1.43687,1.75,2.25
2015.08.02 23:03:19.766,1.43653,1.43687,1.75,2.25
2015.08.02 23:03:21.494,1.43653,1.43687,1.75,2.25
2015.08.02 23:03:32.820,1.43651,1.43687,1.37,1.75
2015.08.02 23:03:47.120,1.43654,1.43687,1.37,1.20
2015.08.02 23:03:47.222,1.43654,1.43689,2.25,2.25
2015.08.02 23:03:47.526,1.4366,1.43689,1.50,1.37
2015.08.02 23:03:48.625,1.43661,1.43689,1.50,1.00
2015.08.02 23:03:48.676,1.43661,1.43695,1.50,1.37
2015.08.02 23:03:48.930,1.43661,1.43693,1.50,1.50
2015.08.02 23:03:49.437,1.4366,1.43693,1.75,1.50
2015.08.02 23:03:49.741,1.43661,1.43694,1.50,2.25
2015.08.02 23:03:50.741,1.43661,1.43692,1.75,1.50
2015.08.02 23:03:51.250,1.43661,1.43692,1.50,1.37
2015.08.02 23:03:51.778,1.43661,1.43689,1.75,1.37
2015.08.02 23:03:52.283,1.43661,1.43689,1.50,1.37
2015.08.02 23:03:52.713,1.4366,1.43689,1.75,1.37
2015.08.02 23:03:53.896,1.4366,1.43689,1.75,1.37
2015.08.02 23:03:54.415,1.4366,1.43689,1.75,1.37
2015.08.02 23:03:55.115,1.4366,1.43689,1.75,1.37
2015.08.02 23:03:55.917,1.4366,1.43689,1.75,1.37
2015.08.02 23:03:56.445,1.4366,1.43687,1.75,1.12
2015.08.02 23:04:02.773,1.43661,1.43687,1.50,1.00
2015.08.02 23:04:03.729,1.43661,1.43687,1.75,1.12
2015.08.02 23:04:05.932,1.43661,1.43687,1.50,1.00
2015.08.02 23:04:06.791,1.43661,1.43687,1.75,1.12
2015.08.02 23:04:34.809,1.43663,1.43688,1.37,1.37
2015.08.02 23:04:37.791,1.43662,1.43689,1.37,1.37
2015.08.02 23:04:54.841,1.43661,1.43689,2.25,1.37
2015.08.02 23:05:00.726,1.43661,1.43689,2.25,1.37
2015.08.02 23:05:04.598,1.43662,1.43688,3.00,1.00
2015.08.02 23:05:05.378,1.43663,1.43688,1.75,1.00
2015.08.02 23:05:06.608,1.43665,1.4369,1.50,1.12
2015.08.02 23:05:07.567,1.43665,1.4369,1.75,1.00
2015.08.02 23:05:08.108,1.43665,1.4369,1.75,1.00
2015.08.02 23:05:08.609,1.43665,1.4369,1.75,1.00
2015.08.02 23:05:13.399,1.43665,1.4369,1.50,1.12
2015.08.02 23:05:18.158,1.43665,1.43691,1.75,1.12
2015.08.02 23:05:18.462,1.43665,1.43691,1.50,1.37
2015.08.02 23:05:18.968,1.43665,1.43691,1.37,1.37
2015.08.02 23:05:20.969,1.43663,1.43691,2.25,1.37
2015.08.02 23:05:47.040,1.43664,1.43691,1.37,1.37
2015.08.02 23:05:51.357,1.43664,1.43691,1.37,1.37
2015.08.02 23:05:54.189,1.43664,1.43693,1.37,1.75
2015.08.02 23:05:54.392,1.43664,1.43695,2.25,1.00
2015.08.02 23:05:54.899,1.43668,1.43697,1.37,1.37
2015.08.02 23:05:57.072,1.43668,1.43699,1.37,1.37
2015.08.02 23:06:00.295,1.43668,1.43699,1.37,1.37
2015.08.02 23:06:00.396,1.43666,1.43699,1.37,2.25
2015.08.02 23:06:00.808,1.43665,1.43696,1.37,1.50
2015.08.02 23:06:01.113,1.43665,1.43696,1.37,1.75
2015.08.02 23:06:02.247,1.43665,1.43696,1.75,1.75
2015.08.02 23:06:04.014,1.43665,1.43696,1.50,1.50
2015.08.02 23:06:08.340,1.43665,1.43696,1.37,2.25
2015.08.02 23:06:14.013,1.43663,1.43695,1.75,1.37
2015.08.02 23:06:14.115,1.43662,1.43694,1.37,1.50
2015.08.02 23:06:14.521,1.43659,1.43692,1.37,1.37
2015.08.02 23:06:15.616,1.43659,1.43692,1.50,1.37
2015.08.02 23:06:16.359,1.43659,1.43692,1.75,1.37
2015.08.02 23:06:16.410,1.43659,1.43692,1.75,1.37
2015.08.02 23:06:16.718,1.43659,1.43692,1.75,1.37
2015.08.02 23:06:34.671,1.43661,1.43692,1.37,1.37
2015.08.02 23:06:35.876,1.4366,1.43695,1.50,1.37
2015.08.02 23:06:35.978,1.43663,1.43701,1.37,3.37
2015.08.02 23:06:36.181,1.43665,1.43701,1.37,1.37
2015.08.02 23:06:36.486,1.43659,1.43694,2.25,1.37
2015.08.02 23:06:37.579,1.43659,1.43692,1.50,1.37
2015.08.02 23:06:40.692,1.43659,1.43692,1.37,1.37
2015.08.02 23:06:42.076,1.43659,1.43692,1.50,1.87
2015.08.02 23:06:51.720,1.43659,1.43692,1.37,2.25
2015.08.02 23:06:53.198,1.43659,1.43692,1.50,1.87
2015.08.02 23:06:59.791,1.43659,1.43692,1.37,1.87
2015.08.02 23:07:01.063,1.43661,1.43692,1.50,1.37
2015.08.02 23:07:01.397,1.43661,1.43692,2.25,1.37
2015.08.02 23:07:01.498,1.43663,1.43692,1.75,1.12
2015.08.02 23:07:02.008,1.43663,1.43694,2.25,1.37
2015.08.02 23:07:02.109,1.43663,1.43694,2.25,1.37
2015.08.02 23:07:05.222,1.43663,1.43694,1.75,1.37
2015.08.02 23:07:08.507,1.43658,1.43689,1.75,1.37
2015.08.02 23:07:08.559,1.43658,1.43689,1.37,1.37
2015.08.02 23:07:08.661,1.43655,1.43687,1.50,1.37
2015.08.02 23:07:08.864,1.43652,1.43685,1.87,1.37
2015.08.02 23:07:09.017,1.43652,1.43688,1.87,1.37
2015.08.02 23:07:09.422,1.43653,1.43689,1.50,1.50
2015.08.02 23:07:09.930,1.43654,1.43689,1.50,1.50
2015.08.02 23:07:14.066,1.43654,1.4369,1.75,1.50
2015.08.02 23:07:20.097,1.43655,1.4369,1.75,1.37
2015.08.02 23:07:20.603,1.43659,1.43686,1.37,1.00
2015.08.02 23:07:21.251,1.43659,1.43691,1.37,1.37
2015.08.02 23:07:21.953,1.43657,1.43691,1.75,1.37
2015.08.02 23:07:36.304,1.43659,1.43691,1.50,1.37
2015.08.02 23:07:40.411,1.43659,1.43691,1.50,1.37
2015.08.02 23:07:41.427,1.43658,1.43691,1.75,1.37
2015.08.02 23:07:51.228,1.4366,1.43691,1.37,1.37
2015.08.02 23:08:00.179,1.4366,1.43692,1.50,1.37
2015.08.02 23:08:08.275,1.43658,1.43692,1.75,1.37
2015.08.02 23:08:10.162,1.43658,1.43692,1.75,1.37
2015.08.02 23:08:10.674,1.4366,1.43692,1.75,1.87
2015.08.02 23:08:22.997,1.43659,1.43691,1.50,1.37
2015.08.02 23:08:23.683,1.4366,1.43691,1.75,1.37
2015.08.02 23:08:30.493,1.43661,1.43691,1.37,1.37
2015.08.02 23:08:31.920,1.4366,1.43691,1.37,1.37
2015.08.02 23:08:40.705,1.43659,1.43692,1.50,2.62
2015.08.02 23:09:06.707,1.43659,1.43692,1.50,1.37
2015.08.02 23:09:11.844,1.4366,1.43692,2.25,1.37
2015.08.02 23:09:13.854,1.43661,1.43692,1.75,1.87
2015.08.02 23:09:14.157,1.4366,1.43692,2.25,1.37
2015.08.02 23:09:14.575,1.43661,1.43692,1.75,1.12
2015.08.02 23:09:20.594,1.4366,1.43695,3.00,1.50
2015.08.02 23:09:20.695,1.4366,1.43695,1.50,1.37
2015.08.02 23:09:20.999,1.4366,1.43695,1.37,2.25
2015.08.02 23:09:21.100,1.4366,1.43695,1.50,2.25
2015.08.02 23:09:22.390,1.4366,1.43695,1.75,1.50
2015.08.02 23:09:22.701,1.4366,1.43695,1.50,1.50
2015.08.02 23:09:23.190,1.4366,1.43695,1.75,1.50
2015.08.02 23:09:23.793,1.4366,1.43695,1.75,1.37
2015.08.02 23:09:28.299,1.43662,1.43695,1.37,2.62
2015.08.02 23:09:28.644,1.43662,1.43695,1.50,3.00
2015.08.02 23:09:29.159,1.43662,1.43695,1.37,3.00
2015.08.02 23:09:31.879,1.43662,1.43694,1.37,1.50
2015.08.02 23:09:32.380,1.43662,1.43694,1.37,1.87
2015.08.02 23:09:33.278,1.43662,1.43694,1.37,1.50
2015.08.02 23:09:33.864,1.43662,1.43694,1.37,1.50
2015.08.02 23:09:34.379,1.43662,1.43694,1.37,1.50
2015.08.02 23:09:35.045,1.43662,1.43694,1.37,1.37
2015.08.02 23:09:35.642,1.43662,1.43694,1.37,1.50
2015.08.02 23:09:36.212,1.43662,1.43694,1.37,1.37
2015.08.02 23:09:37.204,1.43662,1.43693,1.50,1.37
2015.08.02 23:09:37.524,1.43662,1.43693,1.37,1.37
2015.08.02 23:09:37.819,1.43661,1.43693,1.75,1.37
2015.08.02 23:09:38.123,1.43661,1.43693,1.37,1.37
2015.08.02 23:09:39.540,1.43661,1.43693,1.75,1.37
2015.08.02 23:09:40.099,1.43661,1.43693,1.75,1.37
2015.08.02 23:09:40.628,1.43661,1.43693,1.75,1.37
2015.08.02 23:09:41.154,1.43661,1.43693,1.75,1.37
2015.08.02 23:09:41.677,1.43661,1.43693,1.50,1.37
2015.08.02 23:09:41.830,1.43659,1.43693,1.37,1.37
2015.08.02 23:09:43.351,1.43658,1.43691,1.75,1.37
2015.08.02 23:09:43.693,1.43658,1.43691,1.75,1.37
2015.08.02 23:09:45.439,1.43658,1.43691,1.75,1.37
2015.08.02 23:09:46.323,1.43658,1.43691,1.75,1.37
2015.08.02 23:09:46.859,1.4366,1.43691,1.37,1.37
2015.08.02 23:09:46.961,1.4366,1.43689,1.37,1.37
2015.08.02 23:09:47.585,1.43656,1.43682,1.75,1.00
2015.08.02 23:09:48.091,1.43652,1.43687,2.25,1.37
2015.08.02 23:09:51.561,1.43651,1.43683,2.25,1.00
2015.08.02 23:09:51.663,1.43652,1.43683,1.50,1.75
2015.08.02 23:09:52.962,1.43651,1.43683,2.25,2.25
2015.08.02 23:09:53.859,1.43651,1.43683,1.75,1.37
2015.08.02 23:09:53.961,1.43654,1.43686,1.50,1.37
2015.08.02 23:09:54.338,1.43657,1.43689,1.37,1.37
2015.08.02 23:09:58.635,1.4366,1.4369,1.37,1.37
2015.08.02 23:10:00.355,1.43662,1.43691,1.50,1.12
2015.08.02 23:10:00.811,1.43657,1.43691,1.75,3.00
2015.08.02 23:10:01.065,1.4366,1.43691,1.37,1.37
2015.08.02 23:10:01.166,1.43658,1.43691,1.75,1.37
2015.08.02 23:10:02.545,1.43658,1.43691,1.50,1.50
2015.08.02 23:10:04.386,1.43662,1.43691,1.37,1.37
2015.08.02 23:10:04.487,1.43665,1.43691,1.50,1.12
2015.08.02 23:10:04.589,1.43667,1.43695,1.87,1.12
2015.08.02 23:10:04.691,1.4366,1.43694,1.37,1.00
2015.08.02 23:10:04.793,1.43664,1.43697,1.00,1.50
2015.08.02 23:10:04.894,1.43669,1.43697,1.37,1.00
2015.08.02 23:10:05.198,1.4367,1.43695,1.12,1.00
2015.08.02 23:10:05.703,1.43671,1.43695,1.00,1.00
2015.08.02 23:10:06.302,1.43669,1.43695,1.50,1.00
2015.08.02 23:10:06.900,1.43668,1.43694,1.75,1.00
2015.08.02 23:10:08.713,1.43668,1.43694,1.75,1.00
2015.08.02 23:10:09.074,1.43668,1.43691,1.75,1.00
2015.08.02 23:10:09.763,1.43668,1.43691,1.75,1.00
2015.08.02 23:10:10.343,1.43668,1.43693,1.75,1.00
2015.08.02 23:10:10.395,1.43667,1.43693,3.00,1.00
2015.08.02 23:10:11.684,1.43671,1.43693,1.50,1.00
2015.08.02 23:10:13.210,1.43671,1.43694,1.50,1.00
2015.08.02 23:10:15.068,1.43671,1.43694,1.75,1.00
2015.08.02 23:10:17.571,1.43671,1.43694,1.75,1.00
2015.08.02 23:10:17.673,1.43671,1.43694,1.50,1.00
2015.08.02 23:10:19.503,1.43671,1.43694,1.37,1.12
2015.08.02 23:10:19.908,1.43668,1.43694,1.87,1.37
2015.08.02 23:10:20.010,1.43665,1.43693,2.25,1.00
2015.08.02 23:10:20.112,1.43668,1.43695,1.00,1.00
2015.08.02 23:10:20.366,1.43668,1.43698,1.00,1.00
2015.08.02 23:10:21.011,1.43669,1.43698,1.00,1.00
2015.08.02 23:10:21.581,1.43669,1.43698,1.37,1.37
2015.08.02 23:10:24.264,1.43669,1.43698,1.37,1.37
2015.08.02 23:10:25.288,1.43668,1.43698,2.25,1.37
2015.08.02 23:10:25.592,1.43669,1.43698,1.75,1.37
2015.08.02 23:10:32.644,1.43671,1.43697,1.50,1.37
2015.08.02 23:10:36.649,1.43672,1.43697,1.75,1.37
2015.08.02 23:10:39.596,1.43674,1.43697,1.00,1.00
2015.08.02 23:10:40.409,1.43673,1.43697,2.25,1.12
2015.08.02 23:10:46.810,1.43673,1.43696,2.25,1.00
2015.08.02 23:10:51.770,1.43673,1.43696,1.75,1.00
2015.08.02 23:10:56.829,1.43674,1.43698,1.50,1.37
2015.08.02 23:10:57.544,1.43675,1.43707,1.37,2.62
2015.08.02 23:10:57.595,1.43679,1.43707,1.00,1.87
2015.08.02 23:10:57.906,1.43681,1.43708,1.00,1.75
2015.08.02 23:10:58.059,1.43679,1.43708,1.00,2.25
2015.08.02 23:10:58.574,1.4368,1.43708,1.00,1.75
2015.08.02 23:10:58.676,1.43679,1.43708,1.12,1.37
2015.08.02 23:10:59.031,1.43683,1.43705,1.00,1.12
2015.08.02 23:10:59.786,1.43682,1.43705,1.00,1.00
2015.08.02 23:11:00.467,1.43681,1.43705,1.00,1.37
2015.08.02 23:11:02.226,1.43679,1.43705,1.37,1.37
2015.08.02 23:11:07.139,1.43681,1.43706,1.00,1.37
2015.08.02 23:11:07.679,1.43679,1.43706,1.37,1.37
2015.08.02 23:11:10.688,1.43681,1.43706,1.00,1.37
2015.08.02 23:11:11.691,1.43678,1.43706,1.37,1.37
2015.08.02 23:11:17.053,1.43678,1.43706,1.37,1.37
2015.08.02 23:11:20.571,1.43678,1.43706,1.75,1.12
2015.08.02 23:11:21.216,1.43678,1.43706,1.75,1.00
2015.08.02 23:11:21.717,1.43678,1.43706,1.75,1.12
2015.08.02 23:11:24.193,1.43678,1.43705,1.75,1.00
2015.08.02 23:11:26.984,1.43678,1.43705,1.75,1.37
2015.08.02 23:11:27.515,1.43678,1.43705,1.75,1.00
2015.08.02 23:11:32.578,1.43678,1.43707,1.75,1.37
2015.08.02 23:11:33.711,1.43678,1.43707,1.75,1.37
2015.08.02 23:11:34.708,1.43678,1.43707,1.75,1.37
2015.08.02 23:11:36.692,1.43678,1.43707,1.75,1.37
2015.08.02 23:11:37.112,1.43678,1.43707,1.75,1.12
2015.08.02 23:11:47.246,1.43681,1.43707,1.75,1.37
2015.08.02 23:11:49.709,1.4368,1.43707,1.75,1.12
2015.08.02 23:11:50.235,1.4368,1.43707,1.75,1.37
2015.08.02 23:11:50.882,1.4368,1.43707,1.75,1.12
2015.08.02 23:11:51.387,1.4368,1.43707,1.75,1.37
2015.08.02 23:11:51.939,1.4368,1.43707,1.75,1.00
2015.08.02 23:11:52.497,1.4368,1.43707,1.75,1.37
2015.08.02 23:11:52.998,1.43681,1.43707,1.75,1.12
2015.08.02 23:11:53.499,1.43681,1.43707,1.75,1.37
2015.08.02 23:11:54.004,1.43681,1.43707,1.75,1.12
2015.08.02 23:11:54.594,1.43681,1.43707,1.75,1.37
2015.08.02 23:11:55.149,1.43681,1.43707,1.75,1.12
2015.08.02 23:12:02.906,1.43681,1.43707,1.75,1.37
2015.08.02 23:12:07.185,1.43681,1.43707,1.75,1.12
2015.08.02 23:12:09.046,1.43682,1.43707,1.00,1.37
2015.08.02 23:12:09.148,1.43682,1.43707,1.37,1.37
2015.08.02 23:12:09.553,1.43678,1.43707,1.37,1.12
2015.08.02 23:12:10.931,1.43677,1.43705,1.50,1.00
2015.08.02 23:12:11.342,1.43677,1.43705,1.37,1.00
2015.08.02 23:12:11.443,1.43677,1.4371,1.37,1.12
2015.08.02 23:12:12.829,1.43679,1.43711,1.12,1.00
2015.08.02 23:12:13.992,1.43679,1.43711,1.87,1.12
2015.08.02 23:12:14.513,1.43679,1.43711,1.50,1.00
2015.08.02 23:12:15.057,1.43678,1.43711,1.12,1.00
2015.08.02 23:12:15.565,1.43679,1.43712,1.00,1.12
2015.08.02 23:12:16.584,1.4368,1.43712,1.00,1.12
2015.08.02 23:12:17.585,1.43679,1.43713,1.00,1.87
2015.08.02 23:12:18.351,1.43679,1.43713,1.00,1.12
2015.08.02 23:12:18.459,1.43679,1.43713,1.37,1.50
2015.08.02 23:12:18.965,1.43678,1.43713,1.37,2.25
2015.08.02 23:12:19.167,1.43678,1.43713,1.37,2.25
2015.08.02 23:12:19.687,1.43679,1.43713,1.12,1.37
2015.08.02 23:12:20.118,1.43679,1.43713,1.12,1.37
2015.08.02 23:12:20.278,1.43679,1.43713,1.12,1.37
2015.08.02 23:12:20.683,1.43679,1.43713,1.12,1.37
2015.08.02 23:12:21.190,1.4368,1.43713,1.00,1.37
2015.08.02 23:12:21.897,1.4368,1.43713,1.00,1.37
2015.08.02 23:12:23.518,1.43679,1.43713,1.87,1.37
2015.08.02 23:12:23.671,1.43679,1.43713,1.12,1.37
2015.08.02 23:12:24.178,1.43679,1.43713,1.37,1.37
2015.08.02 23:12:26.507,1.43679,1.43713,1.12,1.37
2015.08.02 23:12:26.710,1.43679,1.43713,1.00,1.87
2015.08.02 23:12:26.811,1.43679,1.43713,1.87,1.87
2015.08.02 23:12:28.053,1.43679,1.43713,2.25,1.37
2015.08.02 23:12:28.609,1.43679,1.43713,2.25,1.37
2015.08.02 23:12:29.123,1.43679,1.43713,1.75,1.37
2015.08.02 23:12:29.665,1.43679,1.43713,2.25,1.37
2015.08.02 23:12:30.541,1.43681,1.43715,1.75,3.37
2015.08.02 23:12:32.741,1.43678,1.43712,1.87,1.37
2015.08.02 23:12:33.063,1.43676,1.4371,1.75,1.37
2015.08.02 23:12:34.776,1.43679,1.43709,1.75,1.12
2015.08.02 23:12:34.827,1.43679,1.43709,1.75,1.00
2015.08.02 23:12:35.334,1.43679,1.43711,2.25,1.37
2015.08.02 23:12:37.448,1.43684,1.43712,1.75,1.50
2015.08.02 23:12:37.499,1.43684,1.43712,1.50,1.50
2015.08.02 23:12:37.702,1.43685,1.43714,1.12,1.87
2015.08.02 23:12:37.804,1.4369,1.43715,1.50,1.00
2015.08.02 23:12:37.906,1.4369,1.43721,1.50,1.00
2015.08.02 23:12:38.008,1.4369,1.43724,2.25,1.00
2015.08.02 23:12:38.110,1.43695,1.43725,1.00,1.12
2015.08.02 23:12:38.414,1.43698,1.43729,1.37,1.00
2015.08.02 23:12:38.465,1.43698,1.43731,1.37,1.00
2015.08.02 23:12:40.705,1.43699,1.43731,1.37,1.37
2015.08.02 23:12:48.329,1.43699,1.43731,1.37,1.37
2015.08.02 23:12:59.380,1.43703,1.43731,1.37,1.37
2015.08.02 23:13:00.654,1.43703,1.43732,1.37,1.37
2015.08.02 23:13:00.993,1.43703,1.43733,1.50,1.37
2015.08.02 23:13:01.044,1.43705,1.43733,1.00,1.37
2015.08.02 23:13:01.146,1.43704,1.43733,2.25,1.37
2015.08.02 23:13:01.349,1.43703,1.43733,1.37,1.37
2015.08.02 23:13:01.746,1.43703,1.43732,1.37,1.37
2015.08.02 23:13:02.067,1.43704,1.43734,1.87,1.00
2015.08.02 23:13:02.634,1.4371,1.43737,1.37,1.00
2015.08.02 23:13:03.168,1.43708,1.4374,1.75,1.87
2015.08.02 23:13:08.371,1.43708,1.4374,1.50,1.87
2015.08.02 23:13:10.069,1.43708,1.43734,1.50,1.00
2015.08.02 23:13:10.693,1.43707,1.43729,1.37,1.12
2015.08.02 23:13:10.744,1.43701,1.43727,1.50,1.00
2015.08.02 23:13:11.175,1.43701,1.43727,1.50,1.00
2015.08.02 23:13:11.378,1.43701,1.43727,1.50,1.00
2015.08.02 23:13:13.926,1.43701,1.43728,1.50,1.12
2015.08.02 23:13:14.307,1.43701,1.43728,1.37,1.00
2015.08.02 23:13:19.569,1.43699,1.43728,2.25,1.37
2015.08.02 23:13:21.189,1.43702,1.43731,1.37,1.50
2015.08.02 23:13:24.575,1.43699,1.43727,1.75,1.12
2015.08.02 23:13:32.127,1.43702,1.43731,3.00,1.37
2015.08.02 23:13:32.404,1.43702,1.43728,1.50,1.12
2015.08.02 23:13:32.506,1.43701,1.43733,1.75,2.25
2015.08.02 23:13:32.710,1.43702,1.43733,1.75,3.00
2015.08.02 23:13:33.260,1.43701,1.43732,1.75,1.00
2015.08.02 23:13:35.316,1.43708,1.43733,1.37,2.25
2015.08.02 23:13:36.002,1.43711,1.43737,1.37,1.00
2015.08.02 23:13:36.206,1.43707,1.43738,2.25,1.37
2015.08.02 23:13:36.409,1.43706,1.43735,1.37,1.87
2015.08.02 23:13:36.713,1.43705,1.43729,1.75,1.00
2015.08.02 23:13:42.743,1.43703,1.43729,1.87,1.00
2015.08.02 23:13:48.466,1.43702,1.4373,2.25,1.12
2015.08.02 23:13:50.524,1.43702,1.43734,2.62,1.12
2015.08.02 23:13:52.285,1.43702,1.43735,3.00,1.87
2015.08.02 23:13:52.627,1.43702,1.43735,3.00,1.87
2015.08.02 23:13:55.122,1.43702,1.43735,2.25,1.87
2015.08.02 23:13:55.724,1.43702,1.43735,3.00,1.12
2015.08.02 23:13:55.935,1.43702,1.43735,2.62,2.25
2015.08.02 23:13:56.037,1.43702,1.43735,2.62,2.62
2015.08.02 23:13:56.139,1.43702,1.43729,1.50,1.37
2015.08.02 23:13:56.291,1.43699,1.43729,1.37,1.87
2015.08.02 23:14:03.045,1.43695,1.43728,1.37,1.37
2015.08.02 23:14:07.053,1.43697,1.43728,1.37,1.37
2015.08.02 23:14:08.774,1.43697,1.43728,1.37,1.37
2015.08.02 23:14:10.973,1.43698,1.4373,1.12,2.62
2015.08.02 23:14:11.561,1.43698,1.4373,1.37,1.87
2015.08.02 23:14:13.485,1.43698,1.4373,1.12,1.87
2015.08.02 23:14:17.514,1.43698,1.4373,1.37,1.50
2015.08.02 23:14:27.227,1.43696,1.43726,1.37,1.37
2015.08.02 23:14:27.329,1.43695,1.43726,1.50,1.37
2015.08.02 23:14:35.616,1.43696,1.43729,1.37,1.37
2015.08.02 23:14:47.363,1.43694,1.43727,1.87,1.37
2015.08.02 23:14:49.229,1.43694,1.43722,1.87,1.00
2015.08.02 23:14:49.903,1.43692,1.43722,2.25,1.87
2015.08.02 23:14:50.406,1.43692,1.43722,2.25,1.87
2015.08.02 23:14:52.297,1.43692,1.43722,2.25,1.87
2015.08.02 23:14:57.140,1.43692,1.43722,2.25,1.87
2015.08.02 23:15:10.125,1.43692,1.43723,1.75,1.37
2015.08.02 23:15:26.760,1.4369,1.43722,2.25,1.37
2015.08.02 23:15:31.842,1.4369,1.43722,3.75,1.87
2015.08.02 23:15:32.878,1.43695,1.43722,1.12,1.12
2015.08.02 23:15:33.311,1.43693,1.43726,1.87,1.37
2015.08.02 23:15:33.362,1.43693,1.43726,1.75,1.00
2015.08.02 23:15:33.869,1.43695,1.43729,1.50,3.37
2015.08.02 23:15:37.499,1.43695,1.4373,1.87,2.62
2015.08.02 23:15:43.575,1.43698,1.43729,1.75,1.37
2015.08.02 23:15:47.321,1.43698,1.43729,1.75,1.00
2015.08.02 23:15:58.910,1.43698,1.4373,1.37,1.87
2015.08.02 23:15:59.011,1.43696,1.43729,1.75,1.12
2015.08.02 23:15:59.114,1.43696,1.43727,1.37,1.37
2015.08.02 23:16:02.016,1.43698,1.4373,1.37,1.87
2015.08.02 23:16:07.421,1.43698,1.4373,1.37,1.37
2015.08.02 23:16:11.757,1.43696,1.4373,1.37,3.00
2015.08.02 23:16:12.164,1.43695,1.4373,1.87,2.62
2015.08.02 23:16:17.075,1.43697,1.4373,1.75,1.87
2015.08.02 23:16:17.583,1.43698,1.4373,1.75,1.87
2015.08.02 23:16:24.800,1.43704,1.4373,1.75,1.00
2015.08.02 23:16:24.902,1.43707,1.43734,1.75,1.00
2015.08.02 23:16:25.055,1.43707,1.43737,1.75,1.37
2015.08.02 23:16:25.954,1.43706,1.4374,2.25,3.00
2015.08.02 23:16:26.463,1.43706,1.4374,1.37,3.00
2015.08.02 23:16:26.924,1.43707,1.43739,1.37,1.37
2015.08.02 23:16:27.329,1.43706,1.43739,1.37,1.37
2015.08.02 23:16:35.201,1.43706,1.43737,1.12,1.37
2015.08.02 23:16:35.764,1.43703,1.43733,1.12,1.37
2015.08.02 23:16:37.300,1.43703,1.43733,1.12,1.37
2015.08.02 23:16:41.004,1.43723,1.43748,1.00,1.00
2015.08.02 23:16:41.107,1.43723,1.4375,1.00,1.00
2015.08.02 23:16:42.012,1.43723,1.4375,1.37,1.37
2015.08.02 23:16:44.466,1.43728,1.4375,1.00,1.37
2015.08.02 23:16:44.518,1.4373,1.43751,1.37,1.00
2015.08.02 23:16:44.569,1.4373,1.43754,1.37,1.50
2015.08.02 23:16:45.130,1.4373,1.43758,1.37,1.87
2015.08.02 23:16:45.181,1.43734,1.43758,1.00,1.00
2015.08.02 23:16:45.232,1.43732,1.43758,1.12,1.00
2015.08.02 23:16:45.385,1.43732,1.43763,1.12,2.62
2015.08.02 23:16:45.436,1.43732,1.43759,1.12,1.00
2015.08.02 23:16:45.944,1.4373,1.4376,1.37,1.12
2015.08.02 23:16:46.455,1.4373,1.4376,1.37,1.50
2015.08.02 23:16:48.368,1.4373,1.4376,1.37,2.25
2015.08.02 23:16:50.742,1.4373,1.43759,1.12,1.37
2015.08.02 23:16:51.185,1.4373,1.4376,1.37,3.75
2015.08.02 23:16:51.518,1.43735,1.4376,1.12,1.87
2015.08.02 23:16:51.721,1.43735,1.43762,1.37,1.00
2015.08.02 23:16:51.772,1.43735,1.43762,1.37,1.50
2015.08.02 23:17:05.077,1.43734,1.43762,1.37,1.50
2015.08.02 23:17:15.046,1.43739,1.43765,1.00,1.00
2015.08.02 23:17:15.301,1.43741,1.43766,1.00,1.00
2015.08.02 23:17:15.403,1.43741,1.43768,1.00,1.12
2015.08.02 23:17:15.505,1.43744,1.43768,1.00,1.12
2015.08.02 23:17:16.026,1.43749,1.43776,1.12,1.47
2015.08.02 23:17:16.077,1.43749,1.43775,1.37,1.12
2015.08.02 23:17:19.997,1.43751,1.43777,1.37,1.12
2015.08.02 23:17:20.048,1.43751,1.43779,1.37,1.50
2015.08.02 23:17:20.150,1.43754,1.43779,1.00,2.25
2015.08.02 23:17:21.063,1.4375,1.43778,1.37,1.12
2015.08.02 23:17:21.368,1.43748,1.43777,1.12,1.37
2015.08.02 23:17:25.797,1.43746,1.43777,1.50,1.37
2015.08.02 23:17:26.102,1.43746,1.43777,1.75,1.37
2015.08.02 23:17:26.816,1.43748,1.43777,1.37,1.37
2015.08.02 23:17:29.043,1.43748,1.43776,1.37,3.00
2015.08.02 23:17:37.570,1.43748,1.43776,1.37,1.95
2015.08.02 23:17:38.608,1.43748,1.43778,1.37,1.95
2015.08.02 23:17:39.095,1.43748,1.43777,1.37,1.20
2015.08.02 23:17:39.411,1.43746,1.43776,1.50,2.32
2015.08.02 23:18:03.530,1.43747,1.43776,1.37,1.50
2015.08.02 23:18:05.325,1.43747,1.43776,1.37,1.12
2015.08.02 23:18:07.241,1.43747,1.43775,1.12,1.37
2015.08.02 23:18:10.522,1.43748,1.43775,1.00,1.37
2015.08.02 23:18:17.567,1.43748,1.43776,1.37,1.00
2015.08.02 23:18:17.871,1.43748,1.43772,1.37,1.00
2015.08.02 23:18:18.385,1.43748,1.43771,1.37,1.00
2015.08.02 23:18:22.386,1.43745,1.43772,1.50,1.87
2015.08.02 23:18:36.086,1.43742,1.43769,1.12,1.50
2015.08.02 23:18:40.575,1.43739,1.43769,1.37,1.50
2015.08.02 23:18:44.694,1.43739,1.43769,1.37,1.50
2015.08.02 23:18:50.731,1.4374,1.4377,1.37,1.75
2015.08.02 23:18:51.811,1.43741,1.4377,1.37,1.37
2015.08.02 23:18:51.914,1.43741,1.4377,1.37,1.75
2015.08.02 23:18:55.028,1.43741,1.4377,1.75,1.37
2015.08.02 23:18:55.370,1.43741,1.4377,1.75,1.37
2015.08.02 23:18:57.934,1.4374,1.43769,1.75,1.37
2015.08.02 23:19:00.662,1.43733,1.43761,1.87,1.37
2015.08.02 23:19:01.142,1.43731,1.43761,2.25,1.00
2015.08.02 23:19:01.193,1.43736,1.43763,1.12,1.00
2015.08.02 23:19:01.447,1.43736,1.43765,1.12,1.12
2015.08.02 23:19:01.961,1.43737,1.43766,1.00,1.87
2015.08.02 23:19:02.651,1.43737,1.43766,1.75,2.25
2015.08.02 23:19:03.186,1.43737,1.43767,1.75,1.75
2015.08.02 23:19:06.471,1.43733,1.43762,1.37,1.50
2015.08.02 23:19:07.475,1.43729,1.43758,1.12,1.00
2015.08.02 23:19:07.577,1.43729,1.43757,1.50,1.50
2015.08.02 23:19:07.628,1.43729,1.43757,1.37,1.50
2015.08.02 23:19:08.963,1.43729,1.43757,1.75,1.37
2015.08.02 23:19:09.543,1.43729,1.43757,1.75,1.37
2015.08.02 23:19:13.341,1.43729,1.43756,1.50,1.37
2015.08.02 23:19:28.866,1.43726,1.43755,1.75,1.37
2015.08.02 23:19:37.406,1.43726,1.43756,2.25,2.25
2015.08.02 23:19:39.087,1.43726,1.43756,2.25,1.87
2015.08.02 23:19:41.570,1.4373,1.43756,1.50,1.12
2015.08.02 23:19:43.514,1.4373,1.43758,1.75,1.50
2015.08.02 23:19:44.033,1.4373,1.43758,1.75,1.50
2015.08.02 23:19:46.763,1.4373,1.43757,1.75,1.00
2015.08.02 23:19:48.849,1.4373,1.43757,1.75,1.00
2015.08.02 23:19:58.428,1.43729,1.43757,1.75,1.00
2015.08.02 23:19:58.632,1.43729,1.43758,1.75,1.50
2015.08.02 23:19:58.836,1.43729,1.43758,1.75,1.50
2015.08.02 23:19:59.141,1.43729,1.43758,1.75,1.50
2015.08.02 23:20:00.155,1.43729,1.43758,1.75,1.50
2015.08.02 23:20:00.257,1.43729,1.43758,1.75,1.50
2015.08.02 23:20:00.729,1.43727,1.43757,1.37,2.25
2015.08.02 23:20:00.831,1.43727,1.43756,1.37,3.00
2015.08.02 23:20:00.934,1.43727,1.43752,1.00,1.00
2015.08.02 23:20:01.036,1.43727,1.43754,1.00,1.50
2015.08.02 23:20:01.088,1.43725,1.43755,1.00,1.12
2015.08.02 23:20:01.760,1.43725,1.43755,1.75,1.87
2015.08.02 23:20:02.168,1.43728,1.43754,1.50,1.00
2015.08.02 23:20:03.777,1.43728,1.43754,1.75,1.00
2015.08.02 23:20:08.107,1.43727,1.43755,1.50,1.87
2015.08.02 23:20:09.687,1.43727,1.43755,1.50,1.87
2015.08.02 23:20:10.597,1.4373,1.43756,1.37,1.37
2015.08.02 23:20:11.106,1.43733,1.4376,1.37,1.50
2015.08.02 23:20:13.048,1.43733,1.4376,1.37,1.50
2015.08.02 23:20:23.211,1.43733,1.43755,1.37,1.00
2015.08.02 23:20:23.467,1.43725,1.43753,1.37,1.37
2015.08.02 23:20:23.570,1.43725,1.43753,1.00,1.50
2015.08.02 23:20:24.784,1.43725,1.43754,1.00,1.12
2015.08.02 23:20:24.836,1.43725,1.43754,1.37,1.50
2015.08.02 23:20:25.344,1.43725,1.43754,1.12,1.50
2015.08.02 23:20:25.887,1.43725,1.43754,1.37,1.50
2015.08.02 23:20:26.192,1.43725,1.43754,1.37,1.50
2015.08.02 23:20:26.692,1.43725,1.43754,1.37,1.50
2015.08.02 23:20:32.791,1.43727,1.43754,1.37,1.00
2015.08.02 23:20:32.892,1.43727,1.43755,1.12,2.62
2015.08.02 23:20:34.721,1.43731,1.43755,1.37,1.00
2015.08.02 23:20:35.027,1.43728,1.43752,1.37,1.00
2015.08.02 23:20:35.129,1.43728,1.43755,1.50,1.00
2015.08.02 23:20:35.180,1.4373,1.43759,1.37,2.25
2015.08.02 23:20:36.513,1.4373,1.43759,1.37,1.50
2015.08.02 23:20:36.565,1.43734,1.4376,1.37,1.00
2015.08.02 23:20:36.718,1.43731,1.4376,1.37,1.75
2015.08.02 23:20:36.820,1.43731,1.43757,1.37,1.00
2015.08.02 23:20:38.931,1.43731,1.43756,1.37,1.37
2015.08.02 23:20:41.990,1.43731,1.43753,1.37,1.00
2015.08.02 23:20:42.041,1.43729,1.43753,1.37,1.00
2015.08.02 23:20:42.394,1.43729,1.43754,1.37,1.75
2015.08.02 23:20:43.410,1.43729,1.43752,1.37,1.37
2015.08.02 23:20:43.512,1.43729,1.43752,1.37,1.37
2015.08.02 23:20:45.323,1.43729,1.43752,1.75,1.37
2015.08.02 23:20:46.228,1.43725,1.43752,1.75,1.37
2015.08.02 23:20:46.330,1.43725,1.43747,1.75,1.37
2015.08.02 23:20:46.737,1.43722,1.43747,1.75,1.37
2015.08.02 23:20:47.337,1.43722,1.43745,1.37,1.00
2015.08.02 23:20:47.843,1.43722,1.43745,1.75,1.00
2015.08.02 23:20:48.148,1.43722,1.43745,1.75,1.00
2015.08.02 23:20:59.910,1.43723,1.43746,1.75,1.00
2015.08.02 23:20:59.962,1.43725,1.43751,1.75,1.37
2015.08.02 23:21:00.064,1.43725,1.43755,1.75,1.50
2015.08.02 23:21:00.741,1.43728,1.43755,1.75,1.00
2015.08.02 23:21:01.248,1.43728,1.43755,1.75,1.00
2015.08.02 23:21:01.400,1.43728,1.43758,1.75,1.00
2015.08.02 23:21:05.252,1.43728,1.43758,1.75,1.00
2015.08.02 23:21:05.761,1.43731,1.43758,1.75,1.37
2015.08.02 23:21:17.164,1.43731,1.43758,1.75,1.00
2015.08.02 23:21:22.331,1.43732,1.43759,1.75,1.00
2015.08.02 23:21:24.874,1.43733,1.4376,1.50,1.87
2015.08.02 23:21:24.930,1.43733,1.4376,1.75,1.37
2015.08.02 23:21:30.088,1.43738,1.43762,1.75,1.37
2015.08.02 23:21:30.190,1.43738,1.43762,1.75,1.37
2015.08.02 23:21:30.393,1.43741,1.43764,1.75,1.37
2015.08.02 23:21:30.495,1.43741,1.43767,1.75,1.50
2015.08.02 23:21:30.597,1.43741,1.4377,1.75,1.00
2015.08.02 23:21:31.202,1.43743,1.43771,1.50,1.12
2015.08.02 23:21:31.254,1.43743,1.4377,1.37,1.00
2015.08.02 23:21:31.406,1.43743,1.43772,1.37,1.00
2015.08.02 23:21:31.457,1.43743,1.4377,1.37,1.00
2015.08.02 23:21:31.761,1.43741,1.43771,1.75,1.00
2015.08.02 23:21:32.094,1.43741,1.43772,1.75,1.37
2015.08.02 23:21:32.399,1.43744,1.43771,1.37,1.00
2015.08.02 23:21:32.653,1.43741,1.43769,1.75,1.00
2015.08.02 23:21:33.777,1.43741,1.4377,1.75,1.00
2015.08.02 23:21:40.817,1.43741,1.4377,1.75,1.87
2015.08.02 23:21:41.660,1.4374,1.43767,1.75,1.00
2015.08.02 23:21:54.020,1.43743,1.43769,1.37,1.37
2015.08.02 23:21:54.325,1.43746,1.43773,1.75,1.37
2015.08.02 23:21:54.822,1.43746,1.43774,1.75,1.87
2015.08.02 23:21:55.370,1.43748,1.43774,1.75,1.37
2015.08.02 23:22:00.633,1.43746,1.43774,1.75,1.37
2015.08.02 23:22:00.837,1.43744,1.43774,1.37,1.12
2015.08.02 23:22:00.990,1.4374,1.43767,1.37,1.75
2015.08.02 23:22:01.456,1.43736,1.43766,1.37,1.75
2015.08.02 23:22:01.987,1.43734,1.43762,1.75,1.37
2015.08.02 23:22:02.485,1.43734,1.43763,1.75,1.12
2015.08.02 23:22:03.938,1.43734,1.43763,1.75,1.12
2015.08.02 23:22:07.290,1.43734,1.43764,1.75,1.75
2015.08.02 23:22:12.380,1.43735,1.43763,1.75,1.37
2015.08.02 23:22:12.701,1.43735,1.43763,1.75,1.37
2015.08.02 23:22:14.304,1.43735,1.43762,1.75,1.00
2015.08.02 23:22:22.429,1.43734,1.43762,1.75,1.50
2015.08.02 23:22:28.028,1.43734,1.43762,1.75,1.37
2015.08.02 23:22:28.537,1.43734,1.43763,1.75,1.87
2015.08.02 23:22:29.048,1.43734,1.43763,1.75,1.12
2015.08.02 23:22:34.033,1.43734,1.43763,1.75,1.12
2015.08.02 23:22:44.607,1.4374,1.43763,1.37,1.00
2015.08.02 23:22:44.760,1.4374,1.43765,1.37,1.00
2015.08.02 23:22:48.717,1.4374,1.43766,1.50,1.50
2015.08.02 23:22:51.236,1.4374,1.43767,1.37,1.75
2015.08.02 23:22:54.340,1.4374,1.43766,1.50,1.00
2015.08.02 23:23:00.560,1.43739,1.43767,1.50,2.25
2015.08.02 23:23:04.551,1.43739,1.43767,1.75,1.87
2015.08.02 23:23:11.508,1.43741,1.43766,1.37,1.37
2015.08.02 23:23:13.502,1.4374,1.43766,1.50,1.12
2015.08.02 23:23:14.122,1.4374,1.43766,1.37,1.37
2015.08.02 23:23:16.290,1.43739,1.43766,1.75,1.00
2015.08.02 23:23:16.392,1.43741,1.43769,1.37,1.37
2015.08.02 23:23:16.495,1.43741,1.43769,1.75,1.00
2015.08.02 23:23:16.698,1.43745,1.43773,1.37,1.37
2015.08.02 23:23:17.203,1.43745,1.43775,1.37,1.37
2015.08.02 23:23:19.084,1.43748,1.43776,1.37,1.12
2015.08.02 23:23:19.491,1.43748,1.43775,1.75,1.00
2015.08.02 23:23:20.715,1.43751,1.43776,1.37,1.37
2015.08.02 23:23:25.094,1.43751,1.43777,1.75,1.12
2015.08.02 23:23:26.182,1.4375,1.43779,1.75,1.87
2015.08.02 23:23:31.651,1.43758,1.43779,1.00,1.87
2015.08.02 23:23:31.753,1.43755,1.43779,1.37,1.50
2015.08.02 23:23:31.855,1.43758,1.43785,1.00,2.25
2015.08.02 23:23:33.061,1.43761,1.43787,1.00,1.75
2015.08.02 23:23:33.367,1.43761,1.43789,1.37,1.75
2015.08.02 23:23:34.980,1.43761,1.4379,1.37,1.50
2015.08.02 23:23:36.236,1.43761,1.4379,1.37,1.50
2015.08.02 23:23:42.270,1.43762,1.43789,1.37,1.37
2015.08.02 23:23:47.605,1.43763,1.43791,1.37,2.25
2015.08.02 23:23:54.595,1.43761,1.43791,1.37,2.25
2015.08.02 23:23:55.314,1.43765,1.43791,1.12,1.12
2015.08.02 23:24:05.290,1.43764,1.43793,1.37,1.37
2015.08.02 23:24:05.392,1.43764,1.43793,1.37,1.37
2015.08.02 23:24:05.899,1.43764,1.43793,1.37,1.37
2015.08.02 23:24:06.422,1.43765,1.43793,1.00,1.00
2015.08.02 23:24:06.925,1.43765,1.43792,1.00,1.00
2015.08.02 23:24:08.139,1.43765,1.43792,1.37,1.37
2015.08.02 23:24:08.817,1.43765,1.43792,1.37,1.37
2015.08.02 23:24:10.245,1.43765,1.43792,1.37,1.37
2015.08.02 23:24:11.844,1.43763,1.43792,1.50,1.00
2015.08.02 23:24:12.351,1.43763,1.43792,1.75,1.12
2015.08.02 23:24:16.045,1.43766,1.43794,1.75,1.00
2015.08.02 23:24:16.560,1.43766,1.43794,1.75,1.00
2015.08.02 23:24:17.188,1.43769,1.43796,1.75,1.50
2015.08.02 23:24:19.249,1.43769,1.43796,1.75,1.50
2015.08.02 23:24:19.698,1.43769,1.43795,1.75,1.37
2015.08.02 23:24:20.168,1.43769,1.43796,1.75,1.00
2015.08.02 23:24:20.714,1.43769,1.43797,1.75,1.00
2015.08.02 23:24:22.266,1.4377,1.43797,1.75,1.00
2015.08.02 23:24:23.014,1.4377,1.43798,1.75,1.00
2015.08.02 23:24:25.679,1.4377,1.43799,1.75,1.00
2015.08.02 23:24:31.581,1.4377,1.43796,1.75,1.00
2015.08.02 23:24:35.249,1.43771,1.43796,1.75,1.00
2015.08.02 23:24:36.013,1.43771,1.43796,1.75,1.00
2015.08.02 23:24:36.522,1.43771,1.43798,1.75,1.00
2015.08.02 23:24:37.547,1.43771,1.43798,1.75,1.00
2015.08.02 23:24:38.395,1.43771,1.43798,1.75,1.00
2015.08.02 23:24:40.022,1.43768,1.43799,1.75,1.12
2015.08.02 23:24:40.434,1.43768,1.43801,1.75,2.25
2015.08.02 23:24:41.079,1.43768,1.43798,1.75,1.00
2015.08.02 23:24:43.803,1.43768,1.43797,1.75,1.00
2015.08.02 23:24:45.284,1.43768,1.43797,1.75,1.50
2015.08.02 23:24:49.279,1.43767,1.43797,2.25,1.00
2015.08.02 23:24:53.284,1.43769,1.43797,1.75,1.50
2015.08.02 23:24:55.019,1.43769,1.43801,1.75,1.37
2015.08.02 23:24:55.525,1.43769,1.43801,1.75,1.37
2015.08.02 23:25:01.733,1.4377,1.438,1.75,1.37
2015.08.02 23:25:02.088,1.43769,1.43799,1.75,1.37
2015.08.02 23:25:02.139,1.43767,1.43796,1.75,1.00
2015.08.02 23:25:02.190,1.43767,1.43796,1.75,1.00
2015.08.02 23:25:02.242,1.43767,1.43799,1.75,1.87
2015.08.02 23:25:03.404,1.43767,1.43799,1.75,2.62
2015.08.02 23:25:04.291,1.43767,1.43799,2.25,1.87
2015.08.02 23:25:04.596,1.43767,1.43799,2.25,1.37
2015.08.02 23:25:06.332,1.43767,1.43799,2.25,1.87
2015.08.02 23:25:08.338,1.43767,1.43799,2.25,1.87
2015.08.02 23:25:10.818,1.43767,1.43799,2.25,1.50
2015.08.02 23:25:12.175,1.43767,1.43799,2.25,1.87
2015.08.02 23:25:24.342,1.43769,1.438,2.25,1.37
2015.08.02 23:25:24.969,1.43769,1.43801,3.75,1.87
2015.08.02 23:25:25.728,1.4377,1.43801,1.75,1.12
2015.08.02 23:25:38.092,1.43772,1.43801,2.25,1.00
2015.08.02 23:25:43.290,1.4377,1.43801,1.50,1.75
2015.08.02 23:25:43.392,1.4377,1.43799,1.75,1.00
2015.08.02 23:25:43.875,1.43768,1.43799,2.25,1.12
2015.08.02 23:25:43.926,1.43768,1.43795,2.25,1.00
2015.08.02 23:25:44.452,1.43768,1.43798,2.25,1.00
2015.08.02 23:25:44.504,1.43769,1.43798,1.12,1.12
2015.08.02 23:25:45.005,1.4377,1.43798,1.12,1.37
2015.08.02 23:25:49.394,1.4377,1.43798,1.12,1.12
2015.08.02 23:25:49.608,1.43769,1.438,2.25,1.87
2015.08.02 23:25:50.118,1.43766,1.43797,1.87,1.37
2015.08.02 23:25:50.652,1.43766,1.43796,1.87,1.12
2015.08.02 23:25:50.856,1.43766,1.43793,1.12,1.00
2015.08.02 23:25:51.364,1.43763,1.43792,2.25,1.37
2015.08.02 23:25:51.901,1.43763,1.43792,2.25,1.37
2015.08.02 23:25:55.383,1.43763,1.43792,2.25,1.12
2015.08.02 23:25:56.409,1.43763,1.43792,2.25,1.12
2015.08.02 23:26:03.254,1.43763,1.43787,1.75,1.00
2015.08.02 23:26:03.305,1.43759,1.43784,1.37,1.12
2015.08.02 23:26:03.407,1.43757,1.43784,1.50,1.87
2015.08.02 23:26:03.711,1.43754,1.43783,1.00,1.50
2015.08.02 23:26:03.813,1.43751,1.43779,1.75,1.00
2015.08.02 23:26:04.861,1.4375,1.4378,1.37,1.00
2015.08.02 23:26:05.413,1.4375,1.4378,1.75,1.37
2015.08.02 23:26:12.030,1.4375,1.43777,1.75,1.37
2015.08.02 23:26:17.544,1.43753,1.4378,1.75,1.87
2015.08.02 23:26:17.749,1.43753,1.4378,1.87,1.12
2015.08.02 23:26:18.365,1.43754,1.4378,1.75,1.37
2015.08.02 23:26:23.148,1.43754,1.4378,1.37,1.37
2015.08.02 23:26:23.580,1.43754,1.4378,1.50,1.37
2015.08.02 23:26:25.142,1.43753,1.4378,1.87,1.37
2015.08.02 23:26:25.763,1.43753,1.4378,1.87,1.37
2015.08.02 23:26:28.169,1.43755,1.4378,1.75,1.37
2015.08.02 23:26:28.358,1.43754,1.4378,1.75,1.12
2015.08.02 23:26:28.561,1.43755,1.43783,1.75,1.37
2015.08.02 23:26:29.180,1.43759,1.43783,1.87,1.37
2015.08.02 23:26:30.034,1.4376,1.43784,1.37,1.37
2015.08.02 23:26:42.377,1.43758,1.43785,2.25,1.37
2015.08.02 23:26:42.906,1.43758,1.43785,1.75,1.37
2015.08.02 23:26:44.066,1.43758,1.43785,2.25,1.37
2015.08.02 23:26:44.616,1.4376,1.43785,1.75,1.37
2015.08.02 23:26:51.977,1.4376,1.43785,1.37,1.37
2015.08.02 23:26:52.993,1.43759,1.43786,1.75,1.37
2015.08.02 23:26:53.594,1.4376,1.43786,1.75,1.37
2015.08.02 23:26:54.523,1.4376,1.43788,1.75,2.62
2015.08.02 23:26:55.149,1.4376,1.43788,1.12,1.12
2015.08.02 23:26:55.597,1.43761,1.43789,1.75,1.75
2015.08.02 23:26:57.830,1.43758,1.43782,1.75,1.00
2015.08.02 23:27:03.640,1.43758,1.43782,1.75,1.00
2015.08.02 23:27:04.547,1.43758,1.43782,1.75,1.37
2015.08.02 23:27:04.700,1.43757,1.43782,1.37,1.37
2015.08.02 23:27:04.802,1.43756,1.43781,1.12,1.00
2015.08.02 23:27:05.108,1.43756,1.43781,1.12,1.00
2015.08.02 23:27:06.666,1.43756,1.43782,1.12,1.00
2015.08.02 23:27:07.686,1.4376,1.43783,1.75,1.12
2015.08.02 23:27:07.839,1.4377,1.43797,1.75,1.12
2015.08.02 23:27:08.500,1.43769,1.43798,1.75,1.37
2015.08.02 23:27:08.554,1.43769,1.43796,1.50,1.00
2015.08.02 23:27:09.062,1.43769,1.43797,1.50,1.12
2015.08.02 23:27:09.114,1.43769,1.43795,1.50,1.00
2015.08.02 23:27:09.622,1.43767,1.43791,1.37,1.00
2015.08.02 23:27:10.093,1.43767,1.43794,1.37,1.00
2015.08.02 23:27:10.145,1.43767,1.43794,1.75,1.12
2015.08.02 23:27:10.450,1.43767,1.43791,1.50,1.37
2015.08.02 23:27:10.755,1.43767,1.43794,1.75,1.12
2015.08.02 23:27:10.959,1.43767,1.43794,1.00,1.00
2015.08.02 23:27:14.432,1.43767,1.43794,1.75,1.12
2015.08.02 23:27:15.071,1.43767,1.43797,1.75,1.87
2015.08.02 23:27:15.573,1.43767,1.43797,1.75,1.87
2015.08.02 23:27:17.469,1.43767,1.43797,2.25,1.87
2015.08.02 23:27:19.169,1.43767,1.43797,2.25,1.87
2015.08.02 23:27:35.459,1.43768,1.43797,2.25,1.50
2015.08.02 23:27:37.006,1.43768,1.43797,1.75,1.37
2015.08.02 23:27:37.694,1.43768,1.43797,1.75,1.50
2015.08.02 23:27:38.211,1.43766,1.43792,1.37,1.37
2015.08.02 23:27:38.469,1.43766,1.43795,1.12,1.87
2015.08.02 23:27:38.672,1.43768,1.43795,1.75,1.87
2015.08.02 23:27:41.371,1.43768,1.43795,1.75,1.87
2015.08.02 23:27:46.181,1.43767,1.43796,1.87,2.25
2015.08.02 23:27:46.889,1.43767,1.43796,1.12,1.87
2015.08.02 23:27:49.184,1.43767,1.43796,1.87,2.25
2015.08.02 23:27:49.488,1.43767,1.43796,2.25,1.87
2015.08.02 23:27:51.031,1.43767,1.43796,2.25,1.87
2015.08.02 23:27:52.221,1.43767,1.43796,2.25,1.37
2015.08.02 23:27:52.735,1.43767,1.43796,2.25,1.37
2015.08.02 23:28:01.309,1.43767,1.43796,1.12,1.87
2015.08.02 23:28:07.720,1.43766,1.43796,3.37,1.37
2015.08.02 23:28:14.736,1.43768,1.43796,1.87,1.37
2015.08.02 23:28:18.078,1.43768,1.43794,1.12,1.37
2015.08.02 23:28:25.643,1.43769,1.43794,1.75,1.37
2015.08.02 23:28:41.025,1.43769,1.43794,1.75,1.37
2015.08.02 23:28:50.788,1.43768,1.43792,1.75,1.12
2015.08.02 23:28:51.092,1.43767,1.43792,1.50,1.37
2015.08.02 23:28:51.296,1.43765,1.43791,1.87,1.37
2015.08.02 23:28:51.750,1.43766,1.43791,1.00,1.00
2015.08.02 23:28:54.198,1.43766,1.4379,1.12,1.12
2015.08.02 23:28:57.524,1.43766,1.4379,1.87,1.00
2015.08.02 23:29:03.438,1.43766,1.4379,1.75,1.00
2015.08.02 23:29:03.621,1.43766,1.43792,1.75,1.00
2015.08.02 23:29:04.839,1.43765,1.43792,1.75,1.12
2015.08.02 23:29:07.939,1.43765,1.43792,1.75,1.00
2015.08.02 23:29:08.526,1.43765,1.43792,1.75,1.00
2015.08.02 23:29:09.236,1.43765,1.43792,1.75,1.00
2015.08.02 23:29:10.852,1.43767,1.43794,1.75,1.12
2015.08.02 23:29:13.692,1.43765,1.43793,1.75,1.00
2015.08.02 23:29:14.122,1.43763,1.43793,4.50,1.37
2015.08.02 23:29:17.569,1.43763,1.4379,4.50,1.00
2015.08.02 23:29:18.120,1.43767,1.4379,1.37,1.12
2015.08.02 23:29:18.670,1.43764,1.4379,1.75,1.00
2015.08.02 23:29:19.264,1.43764,1.4379,1.75,1.12
2015.08.02 23:29:20.029,1.43767,1.4379,1.50,1.00
2015.08.02 23:29:20.534,1.43767,1.4379,1.37,1.37
2015.08.02 23:29:25.554,1.43763,1.43788,3.00,1.00
2015.08.02 23:29:35.560,1.43763,1.4379,2.25,1.37
2015.08.02 23:29:38.853,1.43763,1.4379,2.25,1.37
2015.08.02 23:29:39.053,1.43763,1.4379,2.25,1.12
2015.08.02 23:29:39.475,1.43763,1.4379,2.25,1.37
2015.08.02 23:29:45.063,1.43763,1.4379,1.87,1.12
2015.08.02 23:29:48.166,1.43763,1.43791,2.25,1.00
2015.08.02 23:29:50.269,1.43765,1.43791,1.37,1.00
2015.08.02 23:29:50.696,1.43764,1.43791,1.00,1.00
2015.08.02 23:29:55.468,1.43764,1.4379,1.50,1.00
2015.08.02 23:30:00.284,1.43765,1.4379,1.00,1.00
2015.08.02 23:30:00.437,1.43761,1.4379,2.25,1.00
2015.08.02 23:30:00.793,1.43757,1.43788,1.87,1.00
2015.08.02 23:30:00.946,1.43757,1.43787,1.00,1.37
2015.08.02 23:30:01.644,1.43756,1.43786,1.00,1.12
2015.08.02 23:30:03.438,1.43756,1.43786,1.37,2.25
2015.08.02 23:30:03.898,1.43755,1.43786,1.37,2.25
2015.08.02 23:30:06.397,1.43756,1.43786,1.37,2.25
2015.08.02 23:30:08.902,1.43756,1.43786,1.37,1.87
2015.08.02 23:30:13.117,1.43756,1.43784,1.75,1.37
2015.08.02 23:30:23.942,1.43756,1.43785,1.75,1.87
2015.08.02 23:30:31.194,1.43757,1.43785,1.75,1.37
2015.08.02 23:30:39.777,1.43756,1.43785,1.75,2.25
2015.08.02 23:30:42.007,1.43756,1.43784,1.75,1.12
2015.08.02 23:30:53.992,1.43756,1.43784,1.75,1.87
2015.08.02 23:31:08.766,1.43755,1.43783,1.75,1.00
2015.08.02 23:31:09.353,1.43755,1.43783,1.75,1.37
2015.08.02 23:31:09.556,1.43755,1.43783,1.75,1.37
2015.08.02 23:31:09.869,1.43754,1.43783,1.75,1.37
2015.08.02 23:31:15.177,1.43755,1.43784,1.75,1.50
2015.08.02 23:31:15.381,1.43759,1.43784,1.75,1.00
2015.08.02 23:31:15.432,1.43759,1.43787,1.87,1.50
2015.08.02 23:31:15.635,1.43763,1.4379,1.87,1.00
2015.08.02 23:31:16.087,1.43763,1.43793,1.12,1.00
2015.08.02 23:31:16.149,1.43762,1.43794,1.37,1.50
2015.08.02 23:31:16.456,1.43759,1.43783,1.00,1.00
2015.08.02 23:31:16.560,1.43756,1.43783,1.12,1.00
2015.08.02 23:31:16.713,1.43751,1.4378,1.50,1.00
2015.08.02 23:31:17.093,1.43755,1.43786,1.37,3.00
2015.08.02 23:31:17.568,1.43758,1.43789,1.12,1.37
2015.08.02 23:31:18.246,1.43758,1.43789,2.62,1.50
2015.08.02 23:31:19.157,1.43758,1.43789,2.62,1.75
2015.08.02 23:31:19.450,1.43758,1.43789,2.62,1.50
2015.08.02 23:31:19.552,1.43758,1.43789,2.62,1.37
2015.08.02 23:31:20.087,1.4376,1.43789,1.75,1.37
2015.08.02 23:31:20.605,1.4376,1.43789,1.75,1.50
2015.08.02 23:31:21.128,1.4376,1.43789,1.75,1.37
2015.08.02 23:31:22.904,1.4376,1.43789,1.75,1.37
2015.08.02 23:31:24.063,1.43761,1.43789,1.75,1.37
2015.08.02 23:31:32.282,1.43761,1.43787,2.62,1.37
2015.08.02 23:31:32.384,1.43761,1.43787,1.37,2.25
2015.08.02 23:31:32.907,1.43757,1.43784,2.25,1.37
2015.08.02 23:31:33.113,1.43757,1.43785,1.75,1.87
2015.08.02 23:31:33.218,1.43761,1.43785,1.37,1.50
2015.08.02 23:31:33.320,1.4376,1.43786,1.00,1.00
2015.08.02 23:31:33.762,1.43757,1.43786,1.87,1.00
2015.08.02 23:31:33.965,1.43757,1.43783,1.37,1.00
2015.08.02 23:31:34.270,1.43757,1.43783,1.50,1.37
2015.08.02 23:31:37.663,1.43754,1.43774,2.25,1.00
2015.08.02 23:31:37.714,1.43754,1.43781,1.75,1.37
2015.08.02 23:31:37.917,1.43751,1.43777,1.37,1.00
2015.08.02 23:31:37.968,1.43748,1.43773,1.87,1.00
2015.08.02 23:31:38.020,1.43748,1.43773,1.50,1.00
2015.08.02 23:31:38.482,1.43752,1.4378,1.00,1.37
2015.08.02 23:31:38.533,1.43753,1.4378,1.37,1.00
2015.08.02 23:31:39.421,1.43751,1.4378,2.25,1.37
2015.08.02 23:31:40.596,1.43752,1.4378,1.75,1.37
2015.08.02 23:31:40.699,1.43751,1.4378,1.75,1.37
2015.08.02 23:31:40.801,1.43752,1.4378,1.75,1.37
2015.08.02 23:31:41.319,1.43752,1.4378,1.75,1.37
2015.08.02 23:31:42.121,1.43752,1.4378,1.12,1.37
2015.08.02 23:31:42.644,1.43753,1.43782,1.75,1.37
2015.08.02 23:31:51.524,1.43754,1.43783,1.75,1.00
2015.08.02 23:31:51.626,1.43756,1.43784,1.75,1.00
2015.08.02 23:31:51.729,1.43757,1.43786,1.75,1.00
2015.08.02 23:31:52.136,1.43758,1.43789,2.25,1.50
2015.08.02 23:31:52.238,1.4376,1.43789,1.12,1.00
2015.08.02 23:31:52.340,1.43761,1.43791,1.87,1.12
2015.08.02 23:31:54.147,1.43763,1.43791,1.75,1.12
2015.08.02 23:31:56.121,1.43762,1.43791,1.75,1.12
2015.08.02 23:31:57.742,1.43766,1.43791,1.50,1.00
2015.08.02 23:31:59.661,1.43764,1.43792,1.75,1.12
2015.08.02 23:32:00.341,1.43764,1.43792,1.75,1.37
2015.08.02 23:32:01.087,1.43764,1.43792,1.75,1.12
2015.08.02 23:32:02.697,1.43763,1.4379,1.75,1.00
2015.08.02 23:32:02.748,1.43763,1.4379,1.75,1.12
2015.08.02 23:32:03.779,1.43763,1.4379,1.75,1.37
2015.08.02 23:32:04.189,1.43761,1.4379,1.75,1.12
2015.08.02 23:32:05.180,1.43761,1.4379,1.75,1.00
2015.08.02 23:32:05.861,1.43761,1.4379,1.75,1.37
2015.08.02 23:32:06.391,1.43762,1.43783,1.75,1.00
2015.08.02 23:32:06.595,1.43746,1.43775,1.87,1.00
2015.08.02 23:32:06.799,1.43744,1.43772,1.37,1.00
2015.08.02 23:32:07.860,1.43742,1.43772,1.75,1.87
2015.08.02 23:32:08.078,1.4375,1.43778,1.75,1.37
2015.08.02 23:32:08.383,1.4375,1.4378,1.87,1.00
2015.08.02 23:32:09.186,1.4375,1.4378,3.00,1.37
2015.08.02 23:32:12.357,1.43751,1.4378,1.75,1.00
2015.08.02 23:32:12.459,1.43752,1.43783,1.87,1.50
2015.08.02 23:32:12.561,1.43755,1.43783,1.75,1.00
2015.08.02 23:32:12.613,1.43755,1.43786,1.75,1.87
2015.08.02 23:32:12.664,1.43755,1.43786,1.75,1.87
2015.08.02 23:32:13.190,1.43761,1.43786,1.12,1.00
2015.08.02 23:32:13.241,1.43761,1.43791,1.12,1.87
2015.08.02 23:32:13.444,1.43761,1.43779,1.12,1.00
2015.08.02 23:32:13.495,1.4376,1.43783,1.37,1.00
2015.08.02 23:32:13.597,1.43759,1.4378,1.00,1.00
2015.08.02 23:32:13.699,1.43751,1.4378,1.87,1.00
2015.08.02 23:32:14.702,1.4375,1.4378,1.75,1.37
2015.08.02 23:32:17.579,1.4375,1.4378,2.25,1.37
2015.08.02 23:32:20.109,1.43743,1.4377,1.75,1.37
2015.08.02 23:32:20.577,1.43743,1.43773,1.75,1.87
2015.08.02 23:32:21.994,1.43743,1.43773,1.75,1.87
2015.08.02 23:32:22.103,1.43747,1.43773,1.75,1.00
2015.08.02 23:32:22.256,1.43749,1.43778,1.75,1.87
2015.08.02 23:32:22.628,1.4375,1.43778,2.25,1.12
2015.08.02 23:32:23.131,1.43753,1.43781,1.75,1.37
2015.08.02 23:32:25.606,1.43751,1.43776,1.75,1.00
2015.08.02 23:32:26.079,1.43743,1.43771,1.75,1.37
2015.08.02 23:32:27.835,1.43744,1.4377,1.75,1.37
2015.08.02 23:32:32.721,1.43743,1.4377,1.75,1.37
2015.08.02 23:32:34.627,1.43741,1.43772,2.62,1.37
2015.08.02 23:32:34.729,1.43744,1.43772,1.75,1.37
2015.08.02 23:32:34.882,1.43749,1.43777,1.75,1.15
2015.08.02 23:32:35.398,1.43755,1.43781,1.37,2.71
2015.08.02 23:32:35.460,1.43755,1.43784,1.50,2.62
2015.08.02 23:32:37.560,1.43754,1.43784,1.75,1.87
2015.08.02 23:32:38.088,1.43753,1.43784,2.62,1.87
2015.08.02 23:32:39.248,1.43755,1.43784,1.75,1.87
2015.08.02 23:32:41.913,1.43755,1.43783,1.75,1.00
2015.08.02 23:32:42.444,1.43755,1.43783,1.75,1.00
2015.08.02 23:32:49.325,1.43755,1.43783,1.87,1.87
2015.08.02 23:32:51.160,1.43755,1.43782,1.87,1.00
2015.08.02 23:32:52.233,1.43755,1.43782,1.87,1.00
2015.08.02 23:32:53.755,1.43755,1.43782,1.12,1.12
2015.08.02 23:32:54.310,1.43755,1.43782,1.12,1.00
2015.08.02 23:32:56.239,1.43755,1.43782,1.12,1.00
2015.08.02 23:32:56.740,1.43755,1.43781,1.12,1.00
2015.08.02 23:32:57.044,1.43755,1.43781,1.12,1.00
2015.08.02 23:32:58.359,1.43755,1.43781,1.12,1.00
2015.08.02 23:33:00.657,1.43755,1.43781,1.12,1.00
2015.08.02 23:33:01.206,1.43755,1.43781,1.12,1.00
2015.08.02 23:33:02.269,1.43755,1.43782,1.12,1.12
2015.08.02 23:33:02.816,1.43753,1.43782,1.87,1.00
2015.08.02 23:33:03.427,1.43753,1.43783,2.62,1.12
2015.08.02 23:33:04.269,1.43753,1.43783,2.62,1.37
2015.08.02 23:33:04.929,1.43753,1.43784,2.62,1.87
2015.08.02 23:33:06.662,1.43753,1.43783,2.62,1.37
2015.08.02 23:33:07.361,1.43753,1.43783,2.62,1.12
2015.08.02 23:33:08.918,1.43753,1.43782,1.87,1.00
2015.08.02 23:33:14.294,1.43753,1.43782,1.87,1.12
2015.08.02 23:33:14.842,1.43753,1.43782,1.87,1.00
2015.08.02 23:33:17.502,1.43752,1.43782,1.75,1.00
2015.08.02 23:33:19.174,1.43752,1.43782,1.75,1.00
2015.08.02 23:33:19.276,1.43752,1.43782,1.12,1.00
2015.08.02 23:33:19.633,1.43754,1.43784,1.75,1.12
2015.08.02 23:33:19.786,1.43756,1.43785,1.75,1.00
2015.08.02 23:33:19.887,1.43758,1.43785,1.37,1.00
2015.08.02 23:33:19.939,1.43758,1.43788,1.37,1.00
2015.08.02 23:33:20.214,1.43758,1.43788,1.75,1.00
2015.08.02 23:33:20.701,1.43763,1.43793,1.75,1.87
2015.08.02 23:33:21.922,1.43763,1.43793,1.75,1.87
2015.08.02 23:33:22.901,1.43763,1.43793,1.75,1.50
2015.08.02 23:33:23.886,1.43763,1.43793,1.75,1.87
2015.08.02 23:33:26.421,1.4376,1.43785,1.87,1.00
2015.08.02 23:33:26.523,1.43759,1.43781,1.75,1.12
2015.08.02 23:33:26.625,1.43756,1.43781,1.37,1.37
2015.08.02 23:33:27.341,1.43751,1.43781,2.25,1.50
2015.08.02 23:33:29.793,1.43751,1.43781,1.75,1.37
2015.08.02 23:33:31.220,1.43751,1.43781,1.75,1.50
2015.08.02 23:33:31.322,1.43751,1.43781,1.75,1.37
2015.08.02 23:33:32.539,1.4375,1.43781,2.25,1.12
2015.08.02 23:33:33.048,1.43753,1.43782,1.75,1.12
2015.08.02 23:33:33.559,1.43753,1.43782,1.75,1.37
2015.08.02 23:33:38.534,1.43753,1.43784,1.75,1.00
2015.08.02 23:33:38.950,1.43756,1.43786,1.75,1.00
2015.08.02 23:33:39.256,1.43763,1.43792,1.12,1.37
2015.08.02 23:33:39.358,1.43763,1.43793,1.37,1.00
2015.08.02 23:33:40.138,1.43763,1.43793,1.12,1.37
2015.08.02 23:33:41.333,1.43763,1.43793,1.12,1.12
2015.08.02 23:33:41.738,1.43766,1.43794,1.12,1.00
2015.08.02 23:33:41.840,1.43766,1.43794,1.12,1.00
2015.08.02 23:33:42.970,1.43766,1.43795,1.12,1.87
2015.08.02 23:33:43.544,1.43765,1.43789,1.12,1.37
2015.08.02 23:33:43.850,1.43757,1.43786,1.87,1.37
2015.08.02 23:33:44.584,1.43757,1.43786,1.12,1.37
2015.08.02 23:33:50.748,1.43758,1.43785,1.37,1.37
2015.08.02 23:33:51.056,1.43758,1.43785,1.12,1.12
2015.08.02 23:33:52.371,1.43758,1.43785,1.12,1.12
2015.08.02 23:33:52.983,1.43758,1.43785,1.37,1.37
2015.08.02 23:33:53.567,1.43758,1.43785,1.12,1.12
2015.08.02 23:34:00.407,1.43758,1.43782,1.12,1.00
2015.08.02 23:34:00.458,1.43757,1.43778,1.50,1.00
2015.08.02 23:34:00.510,1.43757,1.4378,1.50,1.00
2015.08.02 23:34:00.957,1.43757,1.43783,1.37,1.12
2015.08.02 23:34:01.008,1.43754,1.43783,1.12,1.37
2015.08.02 23:34:01.262,1.43756,1.43784,1.37,1.00
2015.08.02 23:34:01.314,1.43756,1.43788,1.37,1.00
2015.08.02 23:34:01.469,1.4376,1.43788,1.37,1.00
2015.08.02 23:34:01.521,1.4376,1.4379,1.37,1.00
2015.08.02 23:34:01.623,1.43765,1.43791,1.00,1.00
2015.08.02 23:34:02.293,1.43768,1.43794,1.75,1.00
2015.08.02 23:34:02.613,1.43765,1.43784,1.00,1.00
2015.08.02 23:34:03.123,1.43754,1.43784,1.87,1.12
2015.08.02 23:34:03.438,1.43754,1.43784,1.87,1.37
2015.08.02 23:34:03.900,1.43754,1.43784,1.87,1.37
2015.08.02 23:34:04.242,1.43754,1.43784,1.87,1.37
2015.08.02 23:34:05.380,1.43754,1.43784,1.87,1.37
2015.08.02 23:34:06.405,1.43754,1.43784,1.87,1.37
2015.08.02 23:34:08.057,1.43761,1.4379,1.87,1.00
2015.08.02 23:34:08.211,1.43763,1.4379,2.25,1.00
2015.08.02 23:34:08.312,1.43765,1.43794,1.12,2.62
2015.08.02 23:34:10.999,1.43763,1.43794,2.25,1.00
2015.08.02 23:34:11.608,1.43763,1.43794,2.25,1.00
2015.08.02 23:34:11.710,1.43763,1.43794,2.25,1.00
2015.08.02 23:34:12.223,1.43763,1.43793,2.25,1.00
2015.08.02 23:34:12.720,1.43763,1.43789,2.25,1.00
2015.08.02 23:34:13.810,1.43763,1.43789,2.25,1.00
2015.08.02 23:34:14.791,1.43763,1.43789,2.25,1.00
2015.08.02 23:34:17.263,1.4376,1.43787,2.62,1.00
2015.08.02 23:34:21.176,1.4376,1.43785,1.87,1.00
2015.08.02 23:34:24.944,1.43761,1.43784,1.75,1.00
2015.08.02 23:34:25.046,1.43761,1.43784,1.75,1.00
2015.08.02 23:34:31.366,1.43761,1.43786,1.75,1.00
2015.08.02 23:34:32.308,1.43761,1.43787,1.75,1.00
2015.08.02 23:34:32.911,1.43761,1.43787,1.75,1.00
2015.08.02 23:34:34.364,1.43761,1.43787,1.75,1.00
2015.08.02 23:34:34.567,1.43762,1.43788,1.75,1.00
2015.08.02 23:34:39.588,1.43764,1.43789,1.12,1.00
2015.08.02 23:34:50.839,1.43763,1.43789,1.87,1.00
2015.08.02 23:34:51.313,1.43763,1.43791,1.87,1.00
2015.08.02 23:34:53.534,1.43764,1.43791,1.12,1.00
2015.08.02 23:34:54.903,1.43764,1.43789,1.12,1.00
2015.08.02 23:34:55.071,1.43764,1.43789,1.12,1.00
2015.08.02 23:35:02.584,1.43765,1.43789,1.12,1.00
2015.08.02 23:35:03.191,1.43765,1.43789,1.12,1.00
2015.08.02 23:35:03.697,1.43764,1.43789,1.12,1.00
2015.08.02 23:35:05.584,1.43764,1.43789,1.12,1.00
2015.08.02 23:35:10.194,1.43764,1.43789,1.12,1.00
2015.08.02 23:35:10.499,1.43764,1.43789,1.12,1.00
2015.08.02 23:35:10.905,1.43764,1.43789,1.12,1.00
2015.08.02 23:35:11.093,1.43764,1.43789,1.12,1.00
2015.08.02 23:35:11.196,1.43764,1.43789,1.12,1.00
2015.08.02 23:35:14.541,1.43764,1.43789,1.12,1.00
2015.08.02 23:35:14.642,1.4376,1.43789,2.25,1.12
2015.08.02 23:35:14.949,1.4376,1.43787,2.25,1.00
2015.08.02 23:35:22.769,1.4376,1.43779,1.75,1.00
2015.08.02 23:35:22.820,1.43759,1.43779,1.00,1.00
2015.08.02 23:35:22.922,1.43756,1.43779,1.37,1.37
2015.08.02 23:35:23.125,1.43749,1.43779,2.25,1.37
2015.08.02 23:35:23.430,1.4375,1.43777,1.12,1.37
2015.08.02 23:35:23.854,1.43749,1.43777,1.87,1.12
2015.08.02 23:35:23.906,1.43744,1.43773,1.37,1.00
2015.08.02 23:35:24.214,1.43743,1.43772,1.75,1.37
2015.08.02 23:35:26.542,1.43744,1.4377,1.75,1.37
2015.08.02 23:35:30.572,1.43744,1.43768,1.75,1.00
2015.08.02 23:35:39.133,1.43741,1.43768,1.75,1.00
2015.08.02 23:35:41.790,1.43741,1.43767,1.75,1.00
2015.08.02 23:35:43.882,1.43742,1.43771,1.12,1.87
2015.08.02 23:35:44.173,1.43742,1.43771,1.12,1.87
2015.08.02 23:35:58.616,1.43741,1.43771,2.25,1.37
2015.08.02 23:36:07.992,1.4374,1.43769,1.75,1.37
2015.08.02 23:36:09.720,1.4374,1.43769,1.75,1.12
2015.08.02 23:36:10.818,1.4374,1.43769,1.75,1.12
2015.08.02 23:36:26.514,1.4374,1.43769,3.00,1.00
2015.08.02 23:36:27.216,1.4374,1.43769,3.00,1.00
2015.08.02 23:36:27.368,1.43741,1.43771,1.75,1.12
2015.08.02 23:36:27.917,1.43742,1.43771,1.75,1.12
2015.08.02 23:36:35.530,1.43748,1.43772,1.75,1.00
2015.08.02 23:36:35.582,1.43748,1.43774,2.25,1.00
2015.08.02 23:36:35.785,1.43751,1.43778,1.75,1.12
2015.08.02 23:36:36.454,1.43766,1.43785,1.00,1.00
2015.08.02 23:36:36.609,1.43763,1.43785,1.00,1.00
2015.08.02 23:36:36.711,1.43766,1.43785,1.00,1.00
2015.08.02 23:36:37.237,1.43765,1.43785,1.00,1.12
2015.08.02 23:36:39.892,1.43761,1.43785,1.37,1.12
2015.08.02 23:36:41.574,1.43761,1.43785,1.37,1.12
2015.08.02 23:36:42.105,1.43761,1.43784,1.37,1.00
2015.08.02 23:36:42.675,1.43761,1.43784,1.12,1.00
2015.08.02 23:36:50.103,1.43763,1.43784,1.00,1.00
2015.08.02 23:36:50.855,1.43763,1.43785,1.37,1.00
2015.08.02 23:36:51.366,1.4376,1.43785,1.37,1.37
2015.08.02 23:36:54.311,1.4376,1.43783,1.37,1.00
2015.08.02 23:36:55.304,1.43757,1.43783,1.75,1.12
2015.08.02 23:36:57.203,1.43756,1.43783,1.75,1.00
2015.08.02 23:36:58.941,1.43757,1.43784,1.75,1.00
2015.08.02 23:36:59.641,1.43756,1.43783,2.25,1.00
2015.08.02 23:37:00.346,1.43756,1.43782,2.25,1.00
2015.08.02 23:37:02.506,1.43756,1.43782,2.25,1.00
2015.08.02 23:37:03.242,1.43758,1.43782,1.75,1.00
2015.08.02 23:37:03.745,1.4376,1.43788,1.75,1.87
2015.08.02 23:37:04.670,1.4376,1.43788,1.75,1.87
2015.08.02 23:37:05.221,1.4376,1.43788,1.50,1.87
2015.08.02 23:37:06.223,1.4376,1.43788,1.50,1.37
2015.08.02 23:37:06.275,1.43761,1.43788,1.37,1.12
2015.08.02 23:37:07.212,1.43762,1.43791,1.75,1.00
2015.08.02 23:37:07.779,1.43761,1.4379,1.37,1.00
2015.08.02 23:37:08.328,1.43763,1.4379,1.00,1.50
2015.08.02 23:37:08.480,1.43763,1.4379,1.37,1.87
2015.08.02 23:37:17.198,1.43763,1.4379,1.37,1.37
2015.08.02 23:37:17.402,1.43762,1.43792,1.50,2.25
2015.08.02 23:37:17.941,1.43761,1.4379,1.75,1.37
2015.08.02 23:37:18.453,1.43761,1.4379,1.75,1.37
2015.08.02 23:37:19.030,1.43761,1.4379,1.75,1.37
2015.08.02 23:37:20.540,1.43761,1.4379,1.75,1.37
2015.08.02 23:37:21.293,1.43761,1.4379,1.50,1.37
2015.08.02 23:37:25.766,1.4376,1.43788,1.75,1.37
2015.08.02 23:37:27.058,1.4376,1.43788,1.50,1.37
2015.08.02 23:37:27.724,1.4376,1.43788,1.75,1.12
2015.08.02 23:37:38.256,1.4376,1.43788,1.75,1.37
2015.08.02 23:37:39.826,1.4376,1.43788,1.75,1.12
2015.08.02 23:37:47.361,1.43759,1.43789,1.75,1.00
2015.08.02 23:37:47.986,1.43759,1.43789,1.75,1.37
2015.08.02 23:37:49.138,1.43759,1.43789,1.75,1.12
2015.08.02 23:37:51.460,1.43759,1.43789,1.75,1.37
2015.08.02 23:37:54.890,1.43759,1.43789,1.75,1.37
2015.08.02 23:38:09.875,1.43761,1.43792,1.75,1.87
2015.08.02 23:38:10.572,1.43761,1.43792,1.75,1.87
2015.08.02 23:38:11.908,1.43761,1.43792,1.75,1.87
2015.08.02 23:38:19.214,1.43763,1.43793,1.00,1.75
2015.08.02 23:38:19.721,1.43763,1.43793,1.37,1.87
2015.08.02 23:38:20.908,1.43763,1.43793,1.37,1.37
2015.08.02 23:38:30.029,1.43764,1.43793,1.00,1.75
2015.08.02 23:38:31.007,1.43763,1.43793,1.87,1.75
2015.08.02 23:38:42.711,1.43764,1.43793,1.12,1.75
2015.08.02 23:39:09.693,1.43762,1.43794,1.87,2.25
2015.08.02 23:39:09.794,1.43762,1.43794,1.87,2.25
2015.08.02 23:39:10.099,1.43762,1.43794,1.50,2.25
2015.08.02 23:39:11.802,1.4376,1.43791,1.00,1.00
2015.08.02 23:39:12.006,1.4376,1.43791,1.37,1.75
2015.08.02 23:39:14.761,1.43759,1.43791,2.62,1.75
2015.08.02 23:39:15.633,1.43759,1.43791,2.62,1.75
2015.08.02 23:39:16.167,1.43759,1.4379,2.62,1.75
2015.08.02 23:39:17.975,1.43759,1.43791,2.62,1.75
2015.08.02 23:39:18.178,1.4376,1.43791,1.87,1.37
2015.08.02 23:39:21.074,1.43761,1.43791,1.87,1.75
2015.08.02 23:39:59.971,1.43759,1.43785,1.00,1.75
2015.08.02 23:40:00.076,1.43756,1.43785,1.00,1.87
2015.08.02 23:40:00.230,1.43752,1.43783,1.37,1.75
2015.08.02 23:40:10.173,1.43748,1.4378,3.37,1.37
2015.08.02 23:40:12.083,1.43748,1.4378,3.75,1.37
2015.08.02 23:40:19.664,1.43748,1.4378,2.62,1.37
2015.08.02 23:40:24.981,1.43749,1.43781,1.87,1.50
2015.08.02 23:40:25.494,1.43749,1.43781,1.87,1.50
2015.08.02 23:40:26.190,1.43751,1.43781,1.50,1.37
2015.08.02 23:40:26.292,1.43754,1.43784,1.00,1.50
2015.08.02 23:40:26.343,1.43756,1.43784,1.00,1.00
2015.08.02 23:40:26.748,1.43753,1.43783,1.00,1.00
2015.08.02 23:40:26.799,1.43752,1.43781,1.12,1.00
2015.08.02 23:40:28.274,1.43749,1.43781,2.62,1.75
2015.08.02 23:40:29.898,1.43749,1.4378,2.62,1.37
2015.08.02 23:40:30.875,1.43749,1.4378,2.25,1.50
2015.08.02 23:40:32.948,1.43752,1.43782,1.75,1.37
2015.08.02 23:40:35.912,1.43752,1.43782,1.75,1.37
2015.08.02 23:40:38.123,1.43752,1.43782,1.75,1.37
2015.08.02 23:40:40.193,1.43752,1.43782,1.75,1.37
2015.08.02 23:40:42.542,1.43752,1.43783,1.75,1.87
2015.08.02 23:40:42.644,1.43752,1.43783,1.75,1.87
2015.08.02 23:40:44.939,1.43752,1.43783,1.75,2.25
2015.08.02 23:40:52.114,1.43752,1.43782,1.75,1.37
2015.08.02 23:40:55.217,1.43752,1.43782,1.50,1.50
2015.08.02 23:40:56.922,1.43752,1.43782,1.75,1.37
2015.08.02 23:40:58.301,1.43752,1.43782,1.75,1.37
2015.08.02 23:40:58.426,1.43752,1.43782,1.50,1.50
2015.08.02 23:41:10.294,1.43752,1.43782,1.75,1.37
2015.08.02 23:41:12.197,1.43752,1.43782,1.50,1.50
2015.08.02 23:41:12.513,1.43759,1.43784,1.75,1.00
2015.08.02 23:41:12.666,1.43759,1.43788,1.12,1.87
2015.08.02 23:41:12.868,1.43762,1.43792,1.37,1.37
2015.08.02 23:41:12.971,1.43763,1.43792,1.37,1.37
2015.08.02 23:41:14.213,1.43765,1.43793,1.50,1.37
2015.08.02 23:41:16.727,1.43782,1.43793,1.00,1.37
2015.08.02 23:41:16.880,1.4379,1.43801,1.00,1.37
2015.08.02 23:41:16.931,1.43796,1.43801,1.00,1.37
2015.08.02 23:41:17.034,1.43803,1.43828,1.00,1.00
2015.08.02 23:41:17.086,1.43803,1.43828,1.00,1.75
2015.08.02 23:41:17.239,1.43804,1.43838,1.12,1.50
2015.08.02 23:41:17.715,1.43816,1.43842,1.00,1.00
2015.08.02 23:41:17.767,1.43816,1.43846,1.50,1.00
2015.08.02 23:41:17.818,1.43822,1.43854,1.00,1.00
2015.08.02 23:41:17.869,1.43828,1.43854,1.00,2.25
2015.08.02 23:41:18.022,1.43827,1.43857,1.00,1.00
2015.08.02 23:41:18.073,1.43823,1.43851,1.00,1.00
2015.08.02 23:41:18.124,1.4382,1.4385,1.87,1.00
2015.08.02 23:41:18.176,1.43831,1.43851,1.00,1.00
2015.08.02 23:41:18.278,1.43832,1.43854,1.00,1.00
2015.08.02 23:41:18.430,1.43827,1.43854,1.00,1.00
2015.08.02 23:41:18.634,1.43819,1.43854,2.62,1.00
2015.08.02 23:41:18.787,1.43819,1.43854,2.62,1.00
2015.08.02 23:41:19.312,1.43829,1.43858,1.12,1.75
2015.08.02 23:41:19.414,1.43829,1.43859,1.37,1.37
2015.08.02 23:41:19.618,1.43832,1.43859,1.00,1.75
2015.08.02 23:41:19.720,1.4383,1.43857,1.37,1.37
2015.08.02 23:41:19.823,1.43824,1.43857,1.50,1.37
2015.08.02 23:41:20.180,1.43822,1.43853,1.00,1.12
2015.08.02 23:41:21.213,1.43822,1.43853,1.37,1.87
2015.08.02 23:41:22.216,1.43825,1.43851,1.37,1.37
2015.08.02 23:41:22.576,1.43834,1.4385,1.00,1.37
2015.08.02 23:41:23.067,1.43834,1.4385,1.75,1.00
2015.08.02 23:41:23.127,1.43837,1.43856,1.37,1.00
2015.08.02 23:41:23.634,1.43837,1.43856,1.37,1.00
2015.08.02 23:41:24.090,1.43834,1.43857,1.00,1.00
2015.08.02 23:41:24.192,1.43833,1.43857,1.00,1.37
2015.08.02 23:41:24.294,1.43829,1.43857,1.37,1.50
2015.08.02 23:41:24.395,1.43831,1.43855,1.12,1.00
2015.08.02 23:41:24.446,1.43834,1.43855,1.00,1.00
2015.08.02 23:41:24.883,1.43839,1.43855,1.00,1.00
2015.08.02 23:41:24.934,1.43839,1.43859,1.00,1.00
2015.08.02 23:41:25.441,1.43837,1.43859,1.37,1.00
2015.08.02 23:41:25.948,1.43835,1.43859,1.37,1.00
2015.08.02 23:41:26.101,1.43835,1.43858,1.00,1.37
2015.08.02 23:41:26.203,1.43834,1.43858,1.00,1.37
2015.08.02 23:41:26.356,1.4383,1.43858,1.87,1.37
2015.08.02 23:41:28.495,1.43827,1.43857,1.37,1.37
2015.08.02 23:41:30.607,1.43828,1.43855,1.37,1.37
2015.08.02 23:41:30.709,1.43827,1.43851,1.12,1.37
2015.08.02 23:41:31.216,1.4382,1.43851,1.50,1.37
2015.08.02 23:41:33.145,1.4383,1.43851,1.75,1.00
2015.08.02 23:41:33.196,1.4383,1.43853,1.75,1.00
2015.08.02 23:41:33.348,1.43831,1.43853,3.00,1.00
2015.08.02 23:41:33.906,1.43833,1.43855,1.50,1.50
2015.08.02 23:41:35.225,1.43831,1.43856,2.25,1.00
2015.08.02 23:41:35.917,1.43831,1.43856,1.37,1.00
2015.08.02 23:41:36.121,1.43825,1.43854,2.25,1.00
2015.08.02 23:41:36.737,1.43825,1.43854,1.87,1.00
2015.08.02 23:41:36.940,1.43824,1.43854,1.87,1.87
2015.08.02 23:41:37.940,1.43824,1.43854,2.25,1.87
2015.08.02 23:41:40.617,1.43824,1.43854,1.87,1.87
2015.08.02 23:41:42.824,1.43826,1.43853,1.12,1.37
2015.08.02 23:41:43.338,1.43822,1.4385,1.50,1.00
2015.08.02 23:41:43.861,1.43824,1.43854,1.37,1.87
2015.08.02 23:41:44.734,1.43824,1.43854,1.87,1.37
2015.08.02 23:41:46.375,1.43824,1.43856,2.25,1.37
2015.08.02 23:41:46.884,1.43827,1.43856,1.87,1.37
2015.08.02 23:41:49.040,1.43833,1.43857,1.75,1.00
2015.08.02 23:41:49.141,1.43835,1.43859,1.50,1.12
2015.08.02 23:41:54.661,1.43839,1.43865,1.75,1.37
2015.08.02 23:41:54.870,1.43838,1.43868,1.37,1.87
2015.08.02 23:41:54.972,1.43838,1.43867,1.37,1.75
2015.08.02 23:41:56.419,1.43836,1.43863,1.75,1.37
2015.08.02 23:41:56.574,1.43835,1.43863,2.25,1.37
2015.08.02 23:41:57.087,1.43835,1.43863,2.25,1.37
2015.08.02 23:41:57.595,1.43836,1.43863,1.50,1.37
2015.08.02 23:41:58.967,1.43836,1.43863,1.37,1.37
2015.08.02 23:41:59.503,1.43836,1.43863,1.50,1.37
2015.08.02 23:42:00.991,1.43836,1.43864,1.37,1.50
2015.08.02 23:42:01.195,1.43836,1.43864,1.37,1.37
2015.08.02 23:42:01.253,1.43836,1.43864,1.75,1.37
2015.08.02 23:42:01.558,1.43841,1.43868,1.12,1.37
2015.08.02 23:42:01.762,1.43842,1.43868,1.75,1.12
2015.08.02 23:42:02.999,1.43846,1.43873,1.37,2.25
2015.08.02 23:42:03.538,1.43845,1.43873,1.37,2.25
2015.08.02 23:42:04.631,1.43846,1.43873,1.37,1.87
2015.08.02 23:42:05.202,1.43849,1.43873,1.75,1.50
2015.08.02 23:42:05.405,1.43852,1.43878,1.75,1.37
2015.08.02 23:42:05.607,1.43856,1.43884,1.37,1.37
2015.08.02 23:42:05.709,1.43857,1.4389,1.37,1.75
2015.08.02 23:42:05.811,1.43877,1.43892,1.00,1.75
2015.08.02 23:42:05.862,1.43878,1.43892,1.00,1.37
2015.08.02 23:42:06.470,1.43865,1.43892,1.00,1.50
2015.08.02 23:42:07.563,1.4386,1.43892,1.87,1.50
2015.08.02 23:42:07.614,1.4386,1.43892,1.87,1.37
2015.08.02 23:42:07.716,1.43859,1.4389,1.87,1.75
2015.08.02 23:42:09.191,1.43858,1.43888,1.37,1.75
2015.08.02 23:42:09.243,1.43886,1.43907,1.00,1.00
2015.08.02 23:42:09.396,1.43886,1.43912,1.00,1.00
2015.08.02 23:42:09.447,1.43883,1.43912,1.00,1.00
2015.08.02 23:42:09.549,1.43878,1.43912,1.37,1.50
2015.08.02 23:42:09.600,1.43878,1.43911,1.00,1.37
2015.08.02 23:42:09.753,1.43876,1.43909,1.50,1.00
2015.08.02 23:42:10.058,1.43875,1.43902,1.00,1.00
2015.08.02 23:42:10.210,1.43871,1.43899,1.12,1.00
2015.08.02 23:42:10.261,1.43869,1.43897,1.37,1.00
2015.08.02 23:42:10.313,1.43866,1.43897,1.12,1.37
2015.08.02 23:42:10.415,1.43864,1.43894,1.12,1.00
2015.08.02 23:42:10.851,1.43864,1.43892,1.00,1.50
2015.08.02 23:42:10.903,1.43856,1.43892,1.37,1.50
2015.08.02 23:42:11.107,1.43855,1.43889,1.37,1.75
2015.08.02 23:42:11.413,1.43853,1.43887,1.37,1.75
2015.08.02 23:42:11.616,1.43853,1.43887,1.37,1.37
2015.08.02 23:42:11.719,1.43851,1.43886,2.62,1.37
2015.08.02 23:42:11.872,1.43851,1.43877,1.12,1.00
2015.08.02 23:42:11.974,1.43851,1.43877,1.00,1.37
2015.08.02 23:42:12.918,1.4385,1.43877,1.75,1.37
2015.08.02 23:42:13.433,1.43847,1.43877,3.00,1.37
2015.08.02 23:42:15.353,1.4385,1.43877,1.75,1.37
2015.08.02 23:42:15.894,1.43851,1.43877,1.87,1.00
2015.08.02 23:42:16.097,1.43853,1.43882,1.75,1.37
2015.08.02 23:42:16.402,1.43858,1.43886,1.50,1.37
2015.08.02 23:42:16.706,1.43864,1.43886,1.37,1.37
2015.08.02 23:42:16.807,1.43858,1.43886,1.50,1.37
2015.08.02 23:42:17.368,1.43859,1.43887,1.37,1.37
2015.08.02 23:42:17.917,1.43857,1.43885,1.37,1.50
2015.08.02 23:42:18.221,1.43859,1.43887,1.87,1.37
2015.08.02 23:42:18.525,1.43856,1.43886,1.50,1.75
2015.08.02 23:42:21.836,1.43859,1.43885,1.00,1.75
2015.08.02 23:42:22.812,1.43863,1.43892,1.37,1.50
2015.08.02 23:42:28.438,1.43862,1.4389,1.37,1.37
2015.08.02 23:42:28.641,1.43862,1.4389,1.37,1.50
2015.08.02 23:42:29.148,1.4386,1.43889,1.37,1.50
2015.08.02 23:42:30.036,1.43858,1.43886,1.87,1.75
2015.08.02 23:42:32.925,1.43859,1.43886,1.37,1.37
2015.08.02 23:42:33.433,1.43861,1.43886,1.37,1.37
2015.08.02 23:42:36.954,1.43861,1.43886,1.87,1.37
2015.08.02 23:42:40.455,1.43862,1.43886,1.37,1.37
2015.08.02 23:42:49.853,1.43864,1.43889,1.50,1.37
2015.08.02 23:42:53.397,1.43865,1.4389,1.37,1.37
2015.08.02 23:42:53.499,1.43864,1.4389,1.37,1.37
2015.08.02 23:42:54.420,1.43864,1.43888,1.75,1.12
2015.08.02 23:42:54.963,1.43864,1.43888,1.37,1.12
2015.08.02 23:42:55.499,1.43863,1.43888,1.37,1.37
2015.08.02 23:42:56.805,1.43861,1.43887,1.37,1.37
2015.08.02 23:42:57.312,1.43859,1.43887,1.37,1.37
2015.08.02 23:42:58.281,1.43863,1.43887,1.37,1.37
2015.08.02 23:42:59.113,1.43863,1.43887,1.37,1.00
2015.08.02 23:42:59.215,1.43865,1.43892,1.37,1.87
2015.08.02 23:42:59.956,1.43864,1.43894,2.25,1.75
2015.08.02 23:43:00.265,1.43863,1.43892,1.37,1.75
2015.08.02 23:43:02.121,1.43863,1.43892,1.37,1.50
2015.08.02 23:43:02.223,1.43863,1.43892,1.37,1.75
2015.08.02 23:43:02.890,1.43863,1.43892,1.37,1.75
2015.08.02 23:43:03.540,1.43863,1.43892,1.37,1.75
2015.08.02 23:43:04.908,1.43863,1.43891,1.37,1.37
2015.08.02 23:43:05.010,1.43863,1.43891,1.37,1.50
2015.08.02 23:43:06.924,1.43863,1.43891,1.37,1.50
2015.08.02 23:43:07.128,1.43866,1.43891,1.12,1.37
2015.08.02 23:43:07.230,1.43866,1.43891,1.37,1.37
2015.08.02 23:43:09.730,1.43867,1.43893,1.37,1.50
2015.08.02 23:43:10.201,1.43867,1.43892,1.50,1.37
2015.08.02 23:43:10.754,1.43871,1.43897,1.12,1.37
2015.08.02 23:43:11.298,1.43872,1.43897,1.00,1.37
2015.08.02 23:43:13.102,1.43872,1.43898,1.37,1.37
2015.08.02 23:43:13.508,1.43873,1.439,1.37,1.37
2015.08.02 23:43:15.028,1.4387,1.43897,1.00,1.37
2015.08.02 23:43:15.535,1.43868,1.43897,1.00,2.62
2015.08.02 23:43:16.068,1.43867,1.43895,1.00,1.37
2015.08.02 23:43:16.943,1.43867,1.43894,1.37,1.75
2015.08.02 23:43:17.247,1.43868,1.43896,1.37,1.75
2015.08.02 23:43:21.745,1.43868,1.43896,1.37,1.50
2015.08.02 23:43:23.115,1.43867,1.43897,2.62,3.00
2015.08.02 23:43:23.638,1.43868,1.43897,1.75,1.37
2015.08.02 23:43:24.258,1.43873,1.43899,1.37,1.12
2015.08.02 23:43:24.794,1.43874,1.43901,1.37,1.87
2015.08.02 23:43:25.471,1.43869,1.4389,1.00,1.00
2015.08.02 23:43:25.574,1.43863,1.4389,1.37,1.37
2015.08.02 23:43:25.625,1.43863,1.4389,1.00,1.75
2015.08.02 23:43:26.214,1.4386,1.4389,1.37,3.00
2015.08.02 23:43:26.700,1.43864,1.43889,1.00,1.37
2015.08.02 23:43:26.751,1.43864,1.43889,1.37,1.37
2015.08.02 23:43:27.257,1.43865,1.4389,1.12,1.37
2015.08.02 23:43:28.856,1.43865,1.43888,1.87,1.00
2015.08.02 23:43:34.883,1.43865,1.43888,1.12,1.87
2015.08.02 23:43:35.343,1.43862,1.43887,1.12,1.37
2015.08.02 23:43:35.445,1.43858,1.43887,1.37,1.37
2015.08.02 23:43:36.562,1.43858,1.43884,1.37,1.37
2015.08.02 23:43:37.488,1.43858,1.43881,1.37,1.00
2015.08.02 23:43:45.029,1.43858,1.43881,1.37,1.37
2015.08.02 23:43:46.465,1.43861,1.43881,1.00,1.37
2015.08.02 23:43:46.617,1.43857,1.43881,1.37,1.37
2015.08.02 23:43:53.248,1.43858,1.4388,1.00,1.00
2015.08.02 23:43:55.909,1.43859,1.4388,1.00,1.00
2015.08.02 23:43:56.444,1.43859,1.43883,1.00,1.37
2015.08.02 23:43:57.329,1.43857,1.43883,1.37,1.37
2015.08.02 23:43:59.969,1.43857,1.43882,1.12,1.37
2015.08.02 23:44:00.802,1.43857,1.43883,1.37,1.37
2015.08.02 23:44:02.852,1.43853,1.43882,1.87,2.25
2015.08.02 23:44:03.371,1.43853,1.43881,1.37,1.75
2015.08.02 23:44:04.258,1.43851,1.43874,1.00,1.50
2015.08.02 23:44:04.360,1.43844,1.43874,1.87,1.50
2015.08.02 23:44:04.869,1.43845,1.43874,1.37,1.37
2015.08.02 23:44:06.648,1.43847,1.43875,1.12,1.75
2015.08.02 23:44:09.037,1.43843,1.43873,1.87,1.37
2015.08.02 23:44:10.555,1.43843,1.43872,1.37,1.37
2015.08.02 23:44:11.078,1.43845,1.43872,1.37,1.37
2015.08.02 23:44:11.585,1.43847,1.43872,1.37,1.12
2015.08.02 23:44:13.046,1.43846,1.43872,1.37,1.87
2015.08.02 23:44:25.779,1.43847,1.43872,1.37,1.37
2015.08.02 23:44:26.778,1.43846,1.43872,1.37,1.37
2015.08.02 23:44:28.251,1.43845,1.43872,1.37,1.37
2015.08.02 23:44:28.700,1.43843,1.4387,1.87,1.37
2015.08.02 23:44:31.166,1.43843,1.43868,1.37,1.37
2015.08.02 23:44:35.284,1.4384,1.43868,1.37,1.37
2015.08.02 23:44:35.385,1.4384,1.43863,1.00,1.37
2015.08.02 23:44:35.487,1.43837,1.43863,1.37,2.25
2015.08.02 23:44:35.791,1.43832,1.43861,1.37,1.50
2015.08.02 23:44:37.388,1.43833,1.4386,1.37,1.75
2015.08.02 23:44:41.893,1.43834,1.4386,1.37,1.50
2015.08.02 23:44:42.407,1.43834,1.4386,1.37,1.37
2015.08.02 23:44:43.038,1.43834,1.4386,1.37,1.50
2015.08.02 23:44:49.695,1.43838,1.43863,1.00,1.87
2015.08.02 23:44:49.747,1.43832,1.43862,2.25,1.37
2015.08.02 23:44:50.292,1.43835,1.43864,1.50,1.87
2015.08.02 23:44:50.826,1.43835,1.43864,1.37,1.87
2015.08.02 23:44:53.140,1.43839,1.43868,1.12,4.12
2015.08.02 23:44:53.242,1.4384,1.43868,1.37,2.62
2015.08.02 23:44:53.790,1.4384,1.43868,1.37,3.00
2015.08.02 23:44:54.435,1.43843,1.43868,1.00,3.00
2015.08.02 23:44:55.239,1.43843,1.43865,1.12,1.75
2015.08.02 23:44:58.377,1.43847,1.43877,1.87,2.25
2015.08.02 23:44:58.640,1.43846,1.43877,1.87,2.62
2015.08.02 23:44:58.944,1.43844,1.43872,1.37,1.37
2015.08.02 23:44:59.655,1.43843,1.43871,1.12,2.25
2015.08.02 23:44:59.959,1.4384,1.43871,1.87,1.50
2015.08.02 23:45:01.515,1.43842,1.43872,1.37,1.87
2015.08.02 23:45:19.466,1.43836,1.43863,2.25,1.00
2015.08.02 23:45:19.517,1.43834,1.43863,1.12,1.50
2015.08.02 23:45:20.025,1.43831,1.43863,1.37,1.75
2015.08.02 23:45:20.559,1.43829,1.43861,1.37,1.50
2015.08.02 23:45:21.168,1.43829,1.43861,1.37,1.37
2015.08.02 23:45:21.676,1.43829,1.43861,1.50,1.50
2015.08.02 23:45:23.158,1.43829,1.43861,1.87,1.37
2015.08.02 23:45:23.707,1.43829,1.43861,1.50,1.37
2015.08.02 23:45:24.261,1.43829,1.43861,1.87,1.37
2015.08.02 23:45:25.804,1.43829,1.43861,1.87,1.37
2015.08.02 23:45:26.010,1.43832,1.43862,1.75,1.37
2015.08.02 23:45:26.366,1.43833,1.43862,1.37,1.00
2015.08.02 23:45:27.686,1.43831,1.43862,1.75,1.50
2015.08.02 23:45:28.997,1.43833,1.43862,1.75,1.00
2015.08.02 23:45:29.867,1.43834,1.43864,1.75,1.87
2015.08.02 23:45:35.319,1.43835,1.43864,1.75,1.00
2015.08.02 23:45:36.505,1.43849,1.43864,1.00,1.00
2015.08.02 23:45:36.608,1.43846,1.43865,1.00,1.00
2015.08.02 23:45:36.659,1.4385,1.43869,1.00,1.00
2015.08.02 23:45:36.912,1.43857,1.43882,1.37,1.12
2015.08.02 23:45:37.220,1.43859,1.43883,1.37,1.12
2015.08.02 23:45:37.525,1.43859,1.43885,1.37,2.62
2015.08.02 23:45:42.597,1.43857,1.43887,1.87,2.25
2015.08.02 23:45:54.149,1.43857,1.43884,1.37,1.37
2015.08.02 23:46:10.367,1.43856,1.43883,1.75,1.37
2015.08.02 23:46:13.380,1.43855,1.43881,1.50,1.37
2015.08.02 23:46:16.357,1.43859,1.43883,1.37,1.12
2015.08.02 23:46:16.459,1.43859,1.43884,1.87,1.12
2015.08.02 23:46:20.103,1.4386,1.43886,1.00,2.25
2015.08.02 23:46:20.649,1.43858,1.43885,1.37,1.37
2015.08.02 23:46:21.755,1.43858,1.43885,1.37,1.37
2015.08.02 23:46:22.801,1.43867,1.43893,1.00,1.12
2015.08.02 23:46:22.853,1.43868,1.43894,1.00,1.37
2015.08.02 23:46:22.905,1.43868,1.43894,1.00,1.00
2015.08.02 23:46:23.415,1.43867,1.43894,1.12,1.00
2015.08.02 23:46:27.208,1.43867,1.43895,1.00,1.12
2015.08.02 23:46:27.405,1.43876,1.43896,1.00,1.87
2015.08.02 23:46:27.926,1.43876,1.43897,1.00,1.50
2015.08.02 23:46:30.553,1.43876,1.439,1.00,1.87
2015.08.02 23:46:30.609,1.43878,1.439,1.00,1.87
2015.08.02 23:46:31.115,1.43879,1.439,1.00,1.00
2015.08.02 23:46:31.166,1.43876,1.439,1.00,1.00
2015.08.02 23:46:31.369,1.43878,1.43901,1.00,1.12
2015.08.02 23:46:31.840,1.4388,1.43902,1.00,1.37
2015.08.02 23:46:32.980,1.4388,1.43903,1.00,2.25
2015.08.02 23:46:33.031,1.43877,1.43903,1.50,2.25
2015.08.02 23:46:34.001,1.43878,1.43903,1.00,3.00
2015.08.02 23:46:35.207,1.43878,1.43903,1.00,3.00
2015.08.02 23:46:38.319,1.43878,1.43903,1.00,3.00
2015.08.02 23:46:38.421,1.43875,1.43902,1.12,1.37
2015.08.02 23:46:39.024,1.43876,1.43901,1.12,1.37
2015.08.02 23:46:41.021,1.43875,1.43899,1.37,1.50
2015.08.02 23:46:41.123,1.43875,1.43899,1.50,1.50
2015.08.02 23:46:42.216,1.43877,1.439,1.37,1.87
2015.08.02 23:46:43.196,1.43877,1.43897,1.37,1.37
2015.08.02 23:46:45.551,1.43871,1.43897,1.37,2.62
2015.08.02 23:46:45.704,1.43872,1.43896,1.50,1.75
2015.08.02 23:46:46.267,1.43871,1.43895,1.75,1.00
2015.08.02 23:46:47.608,1.43873,1.43897,1.50,1.37
2015.08.02 23:46:51.914,1.43873,1.43897,1.75,1.12
2015.08.02 23:46:54.649,1.43871,1.43896,1.75,1.50
2015.08.02 23:46:57.031,1.43873,1.43896,1.75,1.50
2015.08.02 23:46:57.561,1.43871,1.43896,2.25,1.87
2015.08.02 23:46:58.086,1.43871,1.43896,2.25,1.87
2015.08.02 23:47:02.624,1.43871,1.43896,2.25,1.00
2015.08.02 23:47:03.358,1.43871,1.43896,2.25,1.07
2015.08.02 23:47:04.366,1.43871,1.43894,1.37,1.37
2015.08.02 23:47:05.028,1.43868,1.43895,1.75,1.87
2015.08.02 23:47:09.664,1.43869,1.43899,2.25,1.87
2015.08.02 23:47:12.873,1.43873,1.43899,2.25,1.12
2015.08.02 23:47:15.095,1.43873,1.43899,2.25,1.37
2015.08.02 23:47:26.030,1.43874,1.43899,1.75,1.12
2015.08.02 23:47:36.023,1.43875,1.43901,1.87,1.37
2015.08.02 23:47:36.297,1.43875,1.43904,1.87,1.87
2015.08.02 23:47:39.936,1.43875,1.43904,1.87,2.25
2015.08.02 23:47:48.292,1.43877,1.43894,1.00,1.37
2015.08.02 23:47:48.344,1.43867,1.43893,1.87,1.50
2015.08.02 23:47:48.754,1.43868,1.43895,1.00,1.12
2015.08.02 23:47:49.271,1.43867,1.43894,1.00,1.00
2015.08.02 23:47:50.528,1.43867,1.43894,1.37,1.50
2015.08.02 23:47:52.057,1.43867,1.43894,1.37,1.37
2015.08.02 23:47:52.361,1.43867,1.43894,1.37,1.37
2015.08.02 23:47:53.246,1.43865,1.43894,3.75,1.37
2015.08.02 23:48:03.641,1.4387,1.43899,2.25,1.37
2015.08.02 23:48:04.000,1.43875,1.439,1.50,1.00
2015.08.02 23:48:04.306,1.43876,1.439,1.75,1.00
2015.08.02 23:48:04.358,1.43876,1.439,1.37,1.00
2015.08.02 23:48:04.613,1.43876,1.43902,1.37,1.12
2015.08.02 23:48:06.978,1.43874,1.43902,2.25,1.12
2015.08.02 23:48:07.080,1.43874,1.439,1.37,1.37
2015.08.02 23:48:07.182,1.43875,1.43902,1.37,1.87
2015.08.02 23:48:10.802,1.43872,1.439,1.50,1.87
2015.08.02 23:48:11.172,1.43872,1.439,1.75,1.87
2015.08.02 23:48:11.690,1.43875,1.439,1.75,1.87
2015.08.02 23:48:12.355,1.43875,1.43899,1.75,1.00
2015.08.02 23:48:13.095,1.43875,1.43899,1.75,1.12
2015.08.02 23:48:13.676,1.43875,1.43899,1.75,1.00
2015.08.02 23:48:17.174,1.43874,1.43902,1.12,1.00
2015.08.02 23:48:17.235,1.43877,1.43902,1.00,1.00
2015.08.02 23:48:17.540,1.43879,1.43906,1.12,1.00
2015.08.02 23:48:17.591,1.43878,1.43906,1.37,1.00
2015.08.02 23:48:18.314,1.43878,1.43906,1.87,1.00
2015.08.02 23:48:19.487,1.4388,1.43906,1.37,1.00
2015.08.02 23:48:22.688,1.4388,1.43907,1.37,1.87
2015.08.02 23:48:23.095,1.4388,1.43907,1.75,1.50
2015.08.02 23:48:23.298,1.4388,1.43909,1.37,1.87
2015.08.02 23:48:24.297,1.43881,1.43909,1.37,1.37
2015.08.02 23:48:24.603,1.43881,1.43909,1.37,1.37
2015.08.02 23:48:26.344,1.43882,1.43909,2.25,1.37
2015.08.02 23:48:26.701,1.43882,1.43909,2.25,1.00
2015.08.02 23:48:27.005,1.43885,1.4391,1.75,1.00
2015.08.02 23:48:27.360,1.43889,1.43915,1.37,1.37
2015.08.02 23:48:27.411,1.43889,1.43915,1.75,1.00
2015.08.02 23:48:27.513,1.43892,1.43915,1.12,1.00
2015.08.02 23:48:27.615,1.43893,1.43915,1.37,1.00
2015.08.02 23:48:28.288,1.4389,1.43916,1.37,1.12
2015.08.02 23:48:28.799,1.43892,1.43917,1.37,1.00
2015.08.02 23:48:29.446,1.43892,1.43919,1.37,1.12
2015.08.02 23:48:30.022,1.43898,1.4392,1.00,1.37
2015.08.02 23:48:31.212,1.43898,1.43923,1.37,1.37
2015.08.02 23:48:31.848,1.43896,1.43923,1.37,1.87
2015.08.02 23:48:32.152,1.43897,1.43923,1.37,1.37
2015.08.02 23:48:37.835,1.43897,1.43924,1.37,1.87
2015.08.02 23:48:38.038,1.43897,1.43924,1.37,1.87
2015.08.02 23:48:40.421,1.43897,1.43924,1.37,1.87
2015.08.02 23:48:41.122,1.43897,1.43924,1.37,1.87
2015.08.02 23:48:48.975,1.43896,1.43923,1.50,1.87
2015.08.02 23:48:49.980,1.43895,1.43923,1.87,1.87
2015.08.02 23:48:50.879,1.43894,1.4392,1.37,1.37
2015.08.02 23:48:51.389,1.43896,1.4392,1.12,1.37
2015.08.02 23:48:51.440,1.43896,1.4392,1.00,1.37
2015.08.02 23:48:51.643,1.43896,1.4392,1.50,1.37
2015.08.02 23:48:52.148,1.43893,1.4392,1.87,1.37
2015.08.02 23:48:52.763,1.43896,1.4392,1.00,1.37
2015.08.02 23:48:53.169,1.43896,1.43921,1.50,1.37
2015.08.02 23:48:53.271,1.43898,1.43921,1.37,1.37
2015.08.02 23:48:53.372,1.43895,1.43921,1.87,1.37
2015.08.02 23:48:55.873,1.43894,1.43921,1.87,1.37
2015.08.02 23:48:56.177,1.43894,1.43921,1.87,1.37
2015.08.02 23:48:56.380,1.43894,1.43921,1.37,2.62
2015.08.02 23:48:56.431,1.43896,1.43921,1.75,2.62
2015.08.02 23:48:56.939,1.43897,1.43921,1.00,2.62
2015.08.02 23:48:57.654,1.43897,1.43921,1.37,1.87
2015.08.02 23:49:00.335,1.43896,1.43921,1.87,1.37
2015.08.02 23:49:01.204,1.43896,1.43921,1.87,1.37
2015.08.02 23:49:02.513,1.43895,1.43919,1.75,1.87
2015.08.02 23:49:03.965,1.4389,1.43918,2.25,1.00
2015.08.02 23:49:04.583,1.43893,1.43918,2.62,1.37
2015.08.02 23:49:06.204,1.43891,1.43918,1.75,1.37
2015.08.02 23:49:08.410,1.4389,1.43919,3.00,1.87
2015.08.02 23:49:11.283,1.4389,1.43919,3.00,2.62
2015.08.02 23:49:19.966,1.4389,1.43917,1.75,1.87
2015.08.02 23:49:20.312,1.43889,1.43917,1.37,1.87
2015.08.02 23:49:22.199,1.43889,1.43914,1.37,1.37
2015.08.02 23:49:24.644,1.43889,1.43914,1.37,1.37
2015.08.02 23:49:26.464,1.43888,1.43914,1.37,1.37
2015.08.02 23:49:27.121,1.43888,1.43914,1.87,1.37
2015.08.02 23:50:06.174,1.43888,1.43916,1.75,1.00
2015.08.02 23:50:06.946,1.43896,1.43918,1.37,1.00
2015.08.02 23:50:07.454,1.43896,1.43918,1.37,1.00
2015.08.02 23:50:07.876,1.43896,1.43915,1.37,1.00
2015.08.02 23:50:07.978,1.43892,1.43915,1.37,1.00
2015.08.02 23:50:09.153,1.4389,1.43917,1.50,1.50
2015.08.02 23:50:09.709,1.43892,1.43917,1.37,1.87
2015.08.02 23:50:10.650,1.43893,1.43917,1.37,1.87
2015.08.02 23:50:11.420,1.43889,1.43917,1.37,1.87
2015.08.02 23:50:15.351,1.43888,1.43915,2.25,1.00
2015.08.02 23:50:15.711,1.43895,1.43919,1.12,2.25
2015.08.02 23:50:15.812,1.43895,1.43919,1.37,1.50
2015.08.02 23:50:16.397,1.43894,1.43919,1.75,1.10
2015.08.02 23:50:21.508,1.43894,1.43919,1.87,1.50
2015.08.02 23:50:21.609,1.43894,1.43919,2.25,1.50
2015.08.02 23:50:23.423,1.43894,1.43919,2.25,1.00
2015.08.02 23:50:23.885,1.43894,1.43922,2.25,1.12
2015.08.02 23:50:25.039,1.43898,1.43923,1.75,1.00
2015.08.02 23:50:25.141,1.43901,1.43923,2.25,1.00
2015.08.02 23:50:25.293,1.43901,1.43925,2.25,1.00
2015.08.02 23:50:25.547,1.43904,1.43926,1.37,1.00
2015.08.02 23:50:25.700,1.43904,1.43931,1.87,1.87
2015.08.02 23:50:26.938,1.43905,1.43931,1.87,1.37
2015.08.02 23:50:27.740,1.43904,1.43931,1.37,1.37
2015.08.02 23:50:34.428,1.43904,1.43931,1.12,1.87
2015.08.02 23:50:40.851,1.43904,1.43931,1.37,1.87
2015.08.02 23:50:51.178,1.43905,1.43932,1.50,1.37
2015.08.02 23:50:53.166,1.43911,1.43937,1.50,1.12
2015.08.02 23:50:53.693,1.43918,1.43948,1.00,1.12
2015.08.02 23:50:54.270,1.43926,1.4395,1.12,1.37
2015.08.02 23:50:54.675,1.43926,1.43951,1.37,1.37
2015.08.02 23:50:54.978,1.43927,1.43955,2.25,1.37
2015.08.02 23:50:56.209,1.43927,1.43957,2.25,1.87
2015.08.02 23:50:56.260,1.43927,1.43955,1.87,1.37
2015.08.02 23:50:56.771,1.43927,1.43955,2.25,1.37
2015.08.02 23:50:57.257,1.43927,1.4395,1.50,1.00
2015.08.02 23:50:57.309,1.43925,1.4395,1.87,1.00
2015.08.02 23:50:57.411,1.43924,1.43947,1.87,1.00
2015.08.02 23:50:57.513,1.4392,1.43946,1.37,1.37
2015.08.02 23:50:58.401,1.4392,1.43949,1.37,1.37
2015.08.02 23:50:58.461,1.43925,1.43942,1.37,1.00
2015.08.02 23:50:58.564,1.43925,1.43951,1.37,1.00
2015.08.02 23:50:59.073,1.43925,1.43951,1.37,1.00
2015.08.02 23:51:00.568,1.43926,1.43951,1.37,1.12
2015.08.02 23:51:01.762,1.43924,1.43949,1.37,1.37
2015.08.02 23:51:01.813,1.43924,1.43949,1.50,1.00
2015.08.02 23:51:03.001,1.43924,1.43949,1.37,2.62
2015.08.02 23:51:03.508,1.43918,1.43945,1.75,1.12
2015.08.02 23:51:03.945,1.43918,1.43945,1.75,1.37
2015.08.02 23:51:11.424,1.43916,1.43946,2.25,1.37
2015.08.02 23:51:12.007,1.43923,1.43946,1.00,1.37
2015.08.02 23:51:12.059,1.43923,1.43948,1.00,1.00
2015.08.02 23:51:12.161,1.43923,1.43948,2.25,1.87
2015.08.02 23:51:12.364,1.43922,1.43951,1.75,1.37
2015.08.02 23:51:12.416,1.43919,1.43948,1.75,1.00
2015.08.02 23:51:12.721,1.43918,1.43948,2.25,1.37
2015.08.02 23:51:13.253,1.43919,1.43948,1.75,1.37
2015.08.02 23:51:14.303,1.43918,1.43944,1.75,1.50
2015.08.02 23:51:14.354,1.43918,1.43941,1.37,1.00
2015.08.02 23:51:14.558,1.43914,1.43941,1.37,1.37
2015.08.02 23:51:14.660,1.43915,1.43944,2.25,1.12
2015.08.02 23:51:15.025,1.43918,1.43946,1.50,1.37
2015.08.02 23:51:18.245,1.43919,1.43949,1.37,1.50
2015.08.02 23:51:21.342,1.43918,1.43949,1.87,3.22
2015.08.02 23:51:21.545,1.43918,1.43949,2.62,2.47
2015.08.02 23:51:25.102,1.43919,1.43938,1.37,1.00
2015.08.02 23:51:25.153,1.43919,1.43941,1.00,1.00
2015.08.02 23:51:25.206,1.43915,1.43941,1.12,1.00
2015.08.02 23:51:25.259,1.43914,1.43936,1.37,1.00
2015.08.02 23:51:26.238,1.43911,1.43915,1.00,1.00
2015.08.02 23:51:26.290,1.43893,1.43915,1.12,1.00
2015.08.02 23:51:28.013,1.43888,1.43916,2.25,1.12
2015.08.02 23:51:28.115,1.43891,1.43917,2.25,1.37
2015.08.02 23:51:28.319,1.43894,1.43921,1.75,1.00
2015.08.02 23:51:28.524,1.43895,1.43925,2.25,1.87
2015.08.02 23:51:29.076,1.43895,1.43919,1.75,1.00
2015.08.02 23:51:29.280,1.43894,1.43924,2.25,1.12
2015.08.02 23:51:29.331,1.43894,1.43921,2.25,1.00
2015.08.02 23:51:29.793,1.43894,1.43923,1.12,1.00
2015.08.02 23:51:30.340,1.43895,1.43922,1.00,1.00
2015.08.02 23:51:30.391,1.43895,1.43922,1.75,1.12
2015.08.02 23:51:30.697,1.43895,1.43925,1.75,1.87
2015.08.02 23:51:32.345,1.43895,1.43925,1.75,1.87
2015.08.02 23:51:32.704,1.43895,1.43925,2.25,1.37
2015.08.02 23:51:33.827,1.43897,1.43926,2.25,1.00
2015.08.02 23:51:33.886,1.43897,1.43927,2.62,1.50
2015.08.02 23:51:33.988,1.43898,1.43927,1.37,1.00
2015.08.02 23:51:34.191,1.43901,1.43928,1.37,1.12
2015.08.02 23:51:34.726,1.43901,1.43931,1.87,1.87
2015.08.02 23:51:35.316,1.43903,1.43931,1.37,1.87
2015.08.02 23:51:35.840,1.43902,1.43931,1.37,1.87
2015.08.02 23:51:38.338,1.43902,1.43931,1.37,1.37
2015.08.02 23:51:38.871,1.43902,1.43931,1.37,1.37
2015.08.02 23:51:40.018,1.43905,1.43931,1.37,1.37
2015.08.02 23:51:40.703,1.43903,1.43931,1.75,1.87
2015.08.02 23:51:41.109,1.43903,1.4393,1.75,1.12
2015.08.02 23:51:41.988,1.43905,1.43931,1.12,1.37
2015.08.02 23:51:42.506,1.43905,1.43931,1.00,1.37
2015.08.02 23:51:43.955,1.43905,1.43931,1.37,1.37
2015.08.02 23:51:50.716,1.43904,1.43931,1.37,1.37
2015.08.02 23:51:51.217,1.43904,1.43932,1.37,1.37
2015.08.02 23:51:58.853,1.43904,1.43931,1.12,1.37
2015.08.02 23:52:04.335,1.43901,1.43931,2.25,1.87
2015.08.02 23:52:05.246,1.43901,1.43931,2.25,1.87
2015.08.02 23:52:06.162,1.43905,1.43933,1.37,1.37
2015.08.02 23:52:10.378,1.43907,1.43932,1.37,1.37
2015.08.02 23:52:11.600,1.43905,1.4393,1.00,1.75
2015.08.02 23:52:11.652,1.43903,1.4393,1.50,1.75
2015.08.02 23:52:11.805,1.43903,1.43924,1.37,1.00
2015.08.02 23:52:11.958,1.43901,1.43929,2.62,1.37
2015.08.02 23:52:12.010,1.43904,1.43929,1.87,1.37
2015.08.02 23:52:12.265,1.43904,1.4393,1.37,1.12
2015.08.02 23:52:13.239,1.43906,1.43932,1.37,1.37
2015.08.02 23:52:13.747,1.43908,1.43933,1.12,1.37
2015.08.02 23:52:23.050,1.43908,1.43932,1.37,1.37
2015.08.02 23:52:24.339,1.43906,1.43931,1.00,1.37
2015.08.02 23:52:24.858,1.43904,1.43931,1.37,1.37
2015.08.02 23:52:27.552,1.43904,1.43931,1.87,1.12
2015.08.02 23:52:28.276,1.43907,1.43932,1.75,1.12
2015.08.02 23:52:28.885,1.43908,1.43932,1.50,1.00
2015.08.02 23:52:31.317,1.43908,1.43935,1.50,1.37
2015.08.02 23:52:32.465,1.43908,1.43935,1.50,1.37
2015.08.02 23:52:32.980,1.43908,1.43935,1.50,1.37
2015.08.02 23:52:33.967,1.43908,1.43935,1.50,1.37
2015.08.02 23:52:34.513,1.43908,1.43935,1.50,1.37
2015.08.02 23:52:35.210,1.43908,1.43935,1.50,1.37
2015.08.02 23:52:35.312,1.4391,1.43939,1.37,1.37
2015.08.02 23:52:35.565,1.43912,1.43941,1.37,1.12
2015.08.02 23:52:36.484,1.43914,1.43943,1.37,1.87
2015.08.02 23:52:37.180,1.43917,1.43943,1.37,1.87
2015.08.02 23:52:37.688,1.43919,1.43943,1.00,1.37
2015.08.02 23:52:38.833,1.43918,1.43945,1.12,1.37
2015.08.02 23:52:39.354,1.43919,1.43945,1.00,1.37
2015.08.02 23:52:44.322,1.43921,1.43945,1.00,1.37
2015.08.02 23:52:44.829,1.43917,1.43939,1.37,1.00
2015.08.02 23:52:44.881,1.43908,1.43936,1.37,1.75
2015.08.02 23:52:45.554,1.43909,1.43936,1.37,1.50
2015.08.02 23:52:47.789,1.43909,1.43933,1.00,1.75
2015.08.02 23:52:47.840,1.43903,1.43929,1.12,1.37
2015.08.02 23:52:47.892,1.43905,1.43929,1.37,1.12
2015.08.02 23:52:48.196,1.43908,1.43934,1.00,1.50
2015.08.02 23:52:48.703,1.43907,1.43935,1.00,2.25
2015.08.02 23:52:49.874,1.4391,1.43935,1.00,1.75
2015.08.02 23:52:49.926,1.43906,1.43934,1.12,1.50
2015.08.02 23:52:51.801,1.43908,1.43933,1.00,1.37
2015.08.02 23:52:52.373,1.43906,1.43933,1.12,1.37
2015.08.02 23:52:52.559,1.43908,1.43933,1.00,1.37
2015.08.02 23:52:55.036,1.43908,1.43934,1.37,1.37
2015.08.02 23:52:56.800,1.43907,1.43934,1.75,1.37
2015.08.02 23:52:57.571,1.43909,1.43934,1.50,1.37
2015.08.02 23:53:00.263,1.43909,1.43929,1.50,1.00
2015.08.02 23:53:00.314,1.43909,1.43929,1.37,1.00
2015.08.02 23:53:00.365,1.43909,1.43926,1.37,1.00
2015.08.02 23:53:00.416,1.43909,1.43926,1.00,1.37
2015.08.02 23:53:00.620,1.43901,1.43929,1.75,1.87
2015.08.02 23:53:00.722,1.43901,1.43928,2.25,1.00
2015.08.02 23:53:00.823,1.43906,1.43932,1.50,1.37
2015.08.02 23:53:01.026,1.43907,1.43932,1.75,1.37
2015.08.02 23:53:04.947,1.43907,1.43935,1.75,2.62
2015.08.02 23:53:06.249,1.43908,1.43935,1.37,2.62
2015.08.02 23:53:11.230,1.43908,1.43934,1.37,1.75
2015.08.02 23:53:11.635,1.43907,1.43932,1.50,1.37
2015.08.02 23:53:14.680,1.43904,1.43932,2.25,1.87
2015.08.02 23:53:14.985,1.43906,1.43932,1.75,1.37
2015.08.02 23:53:22.555,1.43919,1.43933,1.00,1.00
2015.08.02 23:53:22.759,1.43922,1.43945,1.12,1.37
2015.08.02 23:53:22.860,1.43924,1.43945,1.00,1.37
2015.08.02 23:53:22.963,1.43921,1.43947,1.00,1.37
2015.08.02 23:53:23.065,1.43923,1.43947,1.37,1.50
2015.08.02 23:53:23.167,1.43922,1.43946,1.00,1.37
2015.08.02 23:53:23.269,1.43924,1.43947,1.00,1.00
2015.08.02 23:53:23.472,1.43919,1.43944,1.37,1.00
2015.08.02 23:53:23.574,1.43918,1.43944,1.00,1.00
2015.08.02 23:53:24.303,1.43916,1.43944,1.37,1.00
2015.08.02 23:53:24.667,1.43917,1.43944,1.00,1.37
2015.08.02 23:53:25.372,1.43916,1.43944,1.75,1.00
2015.08.02 23:53:41.543,1.43918,1.43945,1.75,1.37
2015.08.02 23:53:53.147,1.43917,1.43945,2.25,1.37
2015.08.02 23:53:53.249,1.43923,1.43945,1.87,1.37
2015.08.02 23:53:53.402,1.43912,1.4394,2.25,1.00
2015.08.02 23:53:53.909,1.43912,1.4394,2.25,1.00
2015.08.02 23:53:54.428,1.43912,1.43939,2.25,1.00
2015.08.02 23:53:56.359,1.43912,1.4394,2.25,1.00
2015.08.02 23:53:57.051,1.43912,1.43939,2.25,1.00
2015.08.02 23:53:57.700,1.43912,1.43939,2.25,1.12
2015.08.02 23:53:58.219,1.43912,1.43938,1.75,1.00
2015.08.02 23:54:01.862,1.43912,1.43938,1.75,1.50
2015.08.02 23:54:03.669,1.43912,1.43939,2.25,1.00
2015.08.02 23:54:05.649,1.43913,1.4394,1.75,1.00
2015.08.02 23:54:06.469,1.43912,1.43939,2.25,1.00
2015.08.02 23:54:08.102,1.43914,1.43941,1.75,1.12
2015.08.02 23:54:16.124,1.43914,1.43941,1.75,1.12
2015.08.02 23:54:19.641,1.43914,1.43941,1.75,1.00
2015.08.02 23:54:19.692,1.43913,1.43944,1.75,1.37
2015.08.02 23:54:22.296,1.43915,1.4394,1.50,1.00
2015.08.02 23:54:22.742,1.43912,1.43938,1.50,1.00
2015.08.02 23:54:23.255,1.43911,1.43939,1.50,1.12
2015.08.02 23:54:27.122,1.4391,1.43939,2.25,1.12
2015.08.02 23:54:27.748,1.43911,1.43938,1.75,1.12
2015.08.02 23:54:29.413,1.43914,1.43936,1.37,1.00
2015.08.02 23:54:29.566,1.43914,1.43936,1.75,1.00
2015.08.02 23:54:29.669,1.43914,1.4394,2.25,1.37
2015.08.02 23:54:30.178,1.43915,1.43941,1.75,1.50
2015.08.02 23:54:31.329,1.43903,1.43931,1.37,1.00
2015.08.02 23:54:31.998,1.43903,1.43932,1.37,1.50
2015.08.02 23:54:32.253,1.43903,1.43932,1.75,2.25
2015.08.02 23:54:33.886,1.43905,1.43932,1.00,1.87
2015.08.02 23:54:33.987,1.43908,1.43936,1.37,1.87
2015.08.02 23:54:35.208,1.43912,1.43938,1.12,1.37
2015.08.02 23:54:35.665,1.43913,1.4394,1.87,2.25
2015.08.02 23:54:37.462,1.43911,1.43938,1.37,3.37
2015.08.02 23:54:39.282,1.43909,1.43937,1.37,1.75
2015.08.02 23:54:39.690,1.43909,1.43931,1.00,1.75
2015.08.02 23:54:39.792,1.43909,1.43927,1.00,1.00
2015.08.02 23:54:39.843,1.43901,1.43927,1.00,1.00
2015.08.02 23:54:40.349,1.439,1.43926,1.00,1.00
2015.08.02 23:54:40.880,1.43898,1.43926,1.37,1.50
2015.08.02 23:54:41.390,1.43898,1.43925,1.37,1.50
2015.08.02 23:54:41.897,1.43898,1.43925,1.37,1.87
2015.08.02 23:54:43.334,1.43893,1.43922,1.50,1.50
2015.08.02 23:54:43.487,1.43893,1.43922,1.75,1.50
2015.08.02 23:54:44.229,1.43894,1.43922,1.75,1.50
2015.08.02 23:54:46.322,1.43893,1.43923,2.25,2.25
2015.08.02 23:54:46.477,1.43894,1.43926,2.25,1.82
2015.08.02 23:54:46.981,1.43899,1.43927,1.75,1.00
2015.08.02 23:54:47.085,1.43897,1.43922,1.37,1.00
2015.08.02 23:54:47.243,1.4389,1.43919,1.75,1.00
2015.08.02 23:54:47.396,1.4389,1.43919,1.87,1.50
2015.08.02 23:54:47.905,1.43889,1.43919,1.50,1.00
2015.08.02 23:54:48.512,1.43889,1.43919,1.75,1.37
2015.08.02 23:54:50.218,1.4389,1.43919,1.75,1.37
2015.08.02 23:54:51.091,1.43889,1.43919,1.75,1.87
2015.08.02 23:54:52.320,1.43889,1.43919,1.75,1.87
2015.08.02 23:54:57.232,1.4389,1.43919,2.25,1.12
2015.08.02 23:54:58.274,1.43894,1.43923,3.00,1.00
2015.08.02 23:54:58.869,1.43895,1.43923,1.12,1.37
2015.08.02 23:54:59.174,1.43899,1.43925,1.75,1.00
2015.08.02 23:54:59.915,1.43898,1.43926,3.00,1.87
2015.08.02 23:54:59.966,1.43898,1.43925,2.62,1.37
2015.08.02 23:55:00.952,1.43898,1.43925,1.87,1.87
2015.08.02 23:55:09.359,1.43897,1.43923,1.75,1.00
2015.08.02 23:55:09.461,1.43903,1.43927,1.37,1.00
2015.08.02 23:55:09.562,1.43904,1.43927,1.00,1.00
2015.08.02 23:55:09.614,1.43904,1.43927,1.75,1.00
2015.08.02 23:55:09.665,1.43904,1.43931,1.75,1.00
2015.08.02 23:55:10.172,1.43906,1.43931,1.37,1.00
2015.08.02 23:55:10.324,1.43903,1.43931,1.37,1.00
2015.08.02 23:55:12.010,1.43904,1.43931,1.50,1.37
2015.08.02 23:55:13.677,1.43903,1.43931,1.75,1.37
2015.08.02 23:55:16.087,1.43904,1.43931,1.00,1.12
2015.08.02 23:55:16.917,1.43904,1.43931,1.75,1.87
2015.08.02 23:55:17.493,1.43905,1.43929,1.50,1.37
2015.08.02 23:55:18.428,1.43903,1.43931,1.12,2.25
2015.08.02 23:55:18.530,1.43903,1.43929,1.12,1.12
2015.08.02 23:55:18.632,1.43901,1.43929,3.00,1.00
2015.08.02 23:55:18.937,1.43903,1.43928,1.12,1.12
2015.08.02 23:55:19.428,1.43905,1.43928,1.00,1.00
2015.08.02 23:55:19.532,1.43903,1.43931,1.75,1.87
2015.08.02 23:55:20.060,1.43903,1.43931,1.37,1.87
2015.08.02 23:55:22.918,1.43902,1.43929,1.00,1.37
2015.08.02 23:55:24.305,1.43901,1.43929,2.25,1.37
2015.08.02 23:55:27.249,1.43902,1.43931,1.75,1.87
2015.08.02 23:55:30.661,1.43905,1.43931,2.25,1.37
2015.08.02 23:55:30.818,1.43908,1.43934,1.37,1.37
2015.08.02 23:55:31.470,1.43908,1.43934,1.12,2.25
2015.08.02 23:55:34.644,1.43908,1.43932,1.37,1.37
2015.08.02 23:55:35.992,1.43908,1.43932,1.87,1.37
2015.08.02 23:55:38.341,1.43908,1.43932,1.87,1.00
2015.08.02 23:55:39.266,1.43908,1.43935,1.87,1.37
2015.08.02 23:55:40.394,1.43908,1.43934,1.87,1.37
2015.08.02 23:55:42.978,1.43908,1.43935,1.87,1.37
2015.08.02 23:55:43.282,1.43908,1.43935,2.25,1.87
2015.08.02 23:55:44.800,1.43908,1.43933,1.37,1.12
2015.08.02 23:55:53.142,1.43908,1.43934,1.37,1.37
2015.08.02 23:55:54.805,1.43908,1.43934,1.12,1.37
2015.08.02 23:55:55.791,1.43909,1.43934,1.00,1.37
2015.08.02 23:55:56.983,1.43909,1.43934,1.37,1.37
2015.08.02 23:56:00.331,1.43909,1.43934,1.37,1.37
2015.08.02 23:56:00.433,1.43909,1.43932,1.37,1.37
2015.08.02 23:56:01.032,1.43909,1.43933,1.37,1.37
2015.08.02 23:56:01.739,1.43907,1.43932,1.37,1.37
2015.08.02 23:56:02.608,1.43907,1.43934,1.37,1.37
2015.08.02 23:56:03.077,1.43907,1.43931,1.37,1.37
2015.08.02 23:56:04.854,1.43905,1.43933,1.12,1.75
2015.08.02 23:56:04.956,1.43904,1.43929,1.37,1.12
2015.08.02 23:56:05.108,1.43902,1.43927,1.37,1.00
2015.08.02 23:56:08.381,1.43902,1.43931,1.37,1.37
2015.08.02 23:56:08.906,1.43902,1.43932,1.37,1.87
2015.08.02 23:56:08.957,1.43902,1.43932,1.50,1.87
2015.08.02 23:56:09.390,1.43904,1.43931,1.12,1.37
2015.08.02 23:56:09.594,1.43904,1.43932,1.37,1.87
2015.08.02 23:56:17.175,1.43902,1.43932,1.87,1.87
2015.08.02 23:56:17.905,1.43902,1.43931,1.87,1.37
2015.08.02 23:56:32.951,1.43904,1.43932,1.37,1.37
2015.08.02 23:56:33.596,1.43907,1.43934,1.37,1.37
2015.08.02 23:56:33.648,1.43907,1.43934,1.37,1.37
2015.08.02 23:56:36.203,1.43903,1.43931,1.50,1.75
2015.08.02 23:56:36.356,1.439,1.43925,1.00,1.00
2015.08.02 23:56:36.559,1.43897,1.43925,1.37,1.50
2015.08.02 23:56:36.916,1.43897,1.43923,1.37,1.00
2015.08.02 23:56:37.487,1.43897,1.43923,1.12,2.25
2015.08.02 23:56:38.384,1.43897,1.43922,1.12,1.37
2015.08.02 23:56:39.212,1.43897,1.43923,1.12,2.25
2015.08.02 23:56:40.305,1.43897,1.43923,1.37,1.37
2015.08.02 23:56:41.092,1.439,1.43925,1.37,1.37
2015.08.02 23:56:41.195,1.43902,1.43928,2.25,1.37
2015.08.02 23:56:41.398,1.43905,1.43931,1.37,1.87
2015.08.02 23:56:41.906,1.43902,1.4393,1.75,1.37
2015.08.02 23:56:42.600,1.43905,1.43933,1.50,1.37
2015.08.02 23:56:44.099,1.43906,1.43936,1.37,3.00
2015.08.02 23:56:45.080,1.43906,1.43935,1.37,2.25
2015.08.02 23:56:45.384,1.43903,1.43935,1.37,2.62
2015.08.02 23:56:47.921,1.43905,1.43934,1.87,1.87
2015.08.02 23:56:55.086,1.43905,1.43934,1.87,1.37
2015.08.02 23:56:57.491,1.43905,1.43934,1.75,1.37
2015.08.02 23:57:00.819,1.43905,1.43933,1.12,1.37
2015.08.02 23:57:01.827,1.43906,1.43932,1.00,1.00
2015.08.02 23:57:02.890,1.43903,1.43932,1.37,1.50
2015.08.02 23:57:03.042,1.43904,1.43932,1.75,1.12
2015.08.02 23:57:04.465,1.43904,1.43929,1.37,1.12
2015.08.02 23:57:04.771,1.43901,1.43926,1.50,1.12
2015.08.02 23:57:05.362,1.43899,1.43924,1.37,1.37
2015.08.02 23:57:05.849,1.43894,1.43921,2.25,1.00
2015.08.02 23:57:05.951,1.43898,1.43924,1.37,1.00
2015.08.02 23:57:07.851,1.43897,1.43924,1.75,1.00
2015.08.02 23:57:08.398,1.43896,1.43924,1.87,1.50
2015.08.02 23:57:10.201,1.43899,1.43924,1.50,1.00
2015.08.02 23:57:10.961,1.43899,1.43926,1.75,2.25
2015.08.02 23:57:22.828,1.43898,1.43926,1.75,2.25
2015.08.02 23:57:23.155,1.43898,1.43925,1.75,1.00
2015.08.02 23:57:23.509,1.439,1.43926,1.75,1.00
2015.08.02 23:57:23.611,1.43902,1.43926,1.75,1.00
2015.08.02 23:57:24.389,1.43901,1.43928,1.75,1.50
2015.08.02 23:57:24.744,1.43906,1.43928,1.75,1.00
2015.08.02 23:57:25.149,1.43902,1.4393,1.75,1.00
2015.08.02 23:57:25.995,1.43905,1.4393,1.75,1.00
2015.08.02 23:57:26.323,1.43905,1.4393,1.75,1.00
2015.08.02 23:57:27.153,1.43901,1.4393,1.75,2.25
2015.08.02 23:57:27.255,1.43901,1.4393,1.75,2.62
2015.08.02 23:57:28.861,1.43907,1.4393,1.75,1.00
2015.08.02 23:57:28.912,1.43911,1.43937,1.87,1.06
2015.08.02 23:57:28.963,1.43911,1.43937,2.25,1.00
2015.08.02 23:57:29.167,1.43913,1.4394,1.37,1.87
2015.08.02 23:57:29.716,1.43916,1.4394,1.00,1.87
2015.08.02 23:57:30.334,1.43914,1.4394,1.37,1.87
2015.08.02 23:57:31.138,1.43914,1.4394,1.37,1.87
2015.08.02 23:57:31.750,1.43916,1.4394,1.37,1.87
2015.08.02 23:57:32.574,1.43913,1.4394,1.37,1.37
2015.08.02 23:57:32.676,1.43913,1.4394,1.37,1.75
2015.08.02 23:57:41.499,1.43913,1.43941,1.37,1.65
2015.08.02 23:57:41.702,1.43913,1.43941,1.50,1.52
2015.08.02 23:57:44.515,1.43915,1.43942,3.00,1.00
2015.08.02 23:57:44.668,1.43923,1.43949,1.37,1.60
2015.08.02 23:57:44.821,1.43923,1.4395,1.37,1.00
2015.08.02 23:57:45.297,1.43926,1.43953,1.00,1.87
2015.08.02 23:57:46.612,1.43927,1.43953,1.50,1.00
2015.08.02 23:57:47.143,1.4393,1.43957,1.37,1.37
2015.08.02 23:57:47.680,1.43931,1.43958,1.37,1.37
2015.08.02 23:57:52.294,1.43931,1.43958,1.37,1.37
2015.08.02 23:57:52.708,1.43929,1.43958,1.37,1.87
2015.08.02 23:57:52.810,1.43927,1.43957,1.87,1.50
2015.08.02 23:57:55.014,1.43932,1.43957,1.00,2.25
2015.08.02 23:57:56.229,1.43932,1.43957,1.37,1.37
2015.08.02 23:57:56.339,1.43932,1.43957,1.12,1.37
2015.08.02 23:57:56.905,1.43932,1.43957,1.37,1.37
2015.08.02 23:57:57.345,1.43934,1.43957,1.12,1.87
2015.08.02 23:57:58.189,1.43934,1.43957,1.37,1.12
2015.08.02 23:58:01.647,1.43934,1.43957,1.00,1.37
2015.08.02 23:58:01.850,1.43932,1.43957,1.00,1.87
2015.08.02 23:58:02.562,1.43929,1.43954,1.00,1.37
2015.08.02 23:58:02.817,1.43929,1.43954,1.00,1.37
2015.08.02 23:58:03.538,1.43929,1.43954,1.00,1.37
2015.08.02 23:58:03.841,1.43929,1.43954,1.12,1.50
2015.08.02 23:58:05.127,1.43929,1.43954,1.12,1.37
2015.08.02 23:58:05.532,1.43929,1.43954,1.37,1.37
2015.08.02 23:58:08.649,1.43929,1.43954,1.37,1.00
2015.08.02 23:58:09.062,1.43929,1.43954,1.37,1.37
2015.08.02 23:58:09.931,1.43929,1.43955,1.37,1.12
2015.08.02 23:58:10.236,1.43929,1.43955,1.37,1.12
2015.08.02 23:58:11.759,1.43929,1.43955,1.37,1.37
2015.08.02 23:58:12.446,1.43929,1.43955,1.37,1.12
2015.08.02 23:58:17.341,1.43928,1.43955,1.50,1.37
2015.08.02 23:58:18.978,1.43928,1.43954,1.37,1.50
2015.08.02 23:58:19.080,1.43928,1.43952,1.37,1.37
2015.08.02 23:58:19.183,1.43928,1.4395,1.00,1.37
2015.08.02 23:58:23.744,1.43924,1.43949,1.37,1.37
2015.08.02 23:58:24.990,1.43924,1.43951,1.75,1.00
2015.08.02 23:58:25.092,1.43924,1.43954,2.25,1.12
2015.08.02 23:58:25.194,1.43924,1.43954,2.25,1.50
2015.08.02 23:58:25.296,1.43924,1.43954,2.25,1.50
2015.08.02 23:58:26.171,1.43924,1.43952,1.75,1.12
2015.08.02 23:58:33.396,1.43927,1.43955,1.50,1.00
2015.08.02 23:58:33.903,1.43927,1.43956,1.75,1.87
2015.08.02 23:58:34.006,1.43927,1.43956,1.75,1.12
2015.08.02 23:58:35.407,1.43935,1.43956,1.37,1.12
2015.08.02 23:58:35.715,1.43935,1.43961,1.75,1.00
2015.08.02 23:58:36.264,1.43935,1.43961,1.75,1.12
2015.08.02 23:58:36.987,1.43938,1.43963,1.50,1.12
2015.08.02 23:58:40.631,1.43938,1.43962,1.50,1.00
2015.08.02 23:58:41.467,1.43938,1.43964,1.50,1.37
2015.08.02 23:58:42.010,1.43953,1.43964,1.00,1.37
2015.08.02 23:58:42.163,1.43953,1.43972,1.00,1.82
2015.08.02 23:58:42.468,1.43953,1.43975,1.00,1.50
2015.08.02 23:58:43.708,1.43956,1.43976,1.00,2.25
2015.08.02 23:58:43.810,1.4396,1.43979,1.00,1.87
2015.08.02 23:58:43.861,1.4396,1.43984,1.12,1.50
2015.08.02 23:58:43.963,1.43957,1.43985,1.37,1.37
2015.08.02 23:58:44.066,1.43955,1.43984,1.12,1.00
2015.08.02 23:58:44.118,1.43955,1.43981,1.12,1.00
2015.08.02 23:58:44.271,1.43951,1.4398,1.00,1.00
2015.08.02 23:58:44.373,1.43959,1.4398,1.00,1.12
2015.08.02 23:58:44.475,1.43961,1.43986,1.00,1.37
2015.08.02 23:58:44.526,1.43965,1.43988,1.00,1.75
2015.08.02 23:58:45.026,1.43963,1.43987,1.00,1.37
2015.08.02 23:58:47.355,1.4396,1.43987,1.00,2.25
2015.08.02 23:58:47.807,1.43958,1.43976,1.00,1.37
2015.08.02 23:58:47.858,1.43958,1.43976,1.00,1.37
2015.08.02 23:58:47.960,1.43953,1.43976,1.12,1.37
2015.08.02 23:58:48.164,1.4395,1.43972,1.00,1.00
2015.08.02 23:58:48.725,1.4395,1.43974,1.00,1.00
2015.08.02 23:58:49.031,1.43948,1.43972,1.00,1.00
2015.08.02 23:58:49.336,1.4395,1.43974,1.00,1.12
2015.08.02 23:58:49.663,1.43953,1.43978,1.00,1.37
2015.08.02 23:58:51.759,1.43953,1.43979,1.12,1.75
2015.08.02 23:58:52.579,1.4395,1.43979,1.37,2.32
2015.08.02 23:58:53.375,1.4395,1.43979,1.37,1.85
2015.08.02 23:58:54.927,1.4395,1.43979,1.37,2.32
2015.08.02 23:58:55.435,1.43949,1.43977,1.37,1.37
2015.08.02 23:58:56.186,1.4395,1.43977,1.37,1.50
2015.08.02 23:58:56.491,1.43951,1.43977,1.12,1.37
2015.08.02 23:58:56.594,1.43951,1.43977,1.37,1.37
2015.08.02 23:58:57.101,1.43953,1.43979,1.37,1.50
2015.08.02 23:58:59.109,1.43953,1.43981,1.75,3.00
2015.08.02 23:59:00.110,1.43957,1.43981,1.87,2.25
2015.08.02 23:59:00.167,1.43961,1.43989,1.37,1.37
2015.08.02 23:59:00.677,1.4396,1.43988,1.37,1.37
2015.08.02 23:59:01.889,1.43961,1.43984,1.37,1.00
2015.08.02 23:59:01.940,1.43957,1.43982,1.50,1.37
2015.08.02 23:59:02.145,1.43956,1.4398,1.37,1.12
2015.08.02 23:59:02.450,1.43949,1.43977,1.50,1.00
2015.08.02 23:59:02.501,1.43947,1.43975,1.37,1.00
2015.08.02 23:59:02.806,1.43942,1.43971,1.75,1.00
2015.08.02 23:59:03.549,1.43943,1.43972,1.75,1.50
2015.08.02 23:59:04.416,1.43944,1.43972,1.75,1.00
2015.08.02 23:59:06.010,1.43943,1.43972,1.75,1.50
2015.08.02 23:59:08.337,1.4394,1.4397,2.25,1.50
2015.08.02 23:59:08.541,1.43942,1.4397,1.37,1.50
2015.08.02 23:59:08.946,1.43943,1.43972,2.25,1.50
2015.08.02 23:59:09.230,1.43944,1.43972,1.87,1.12
2015.08.02 23:59:09.433,1.43943,1.43975,2.25,1.87
2015.08.02 23:59:10.077,1.43941,1.43973,1.37,1.37
2015.08.02 23:59:10.587,1.43941,1.43973,1.12,1.12
2015.08.02 23:59:11.135,1.43941,1.43973,1.12,1.00
2015.08.02 23:59:11.645,1.43941,1.43975,1.12,1.12
2015.08.02 23:59:12.613,1.43946,1.43976,1.75,1.12
2015.08.02 23:59:15.031,1.43946,1.43975,2.25,1.00
2015.08.02 23:59:15.246,1.43946,1.43978,2.25,2.62
2015.08.02 23:59:18.325,1.43948,1.43976,1.75,1.00
2015.08.02 23:59:19.023,1.43949,1.43977,1.50,1.12
2015.08.02 23:59:20.147,1.43949,1.43976,1.50,1.00
2015.08.02 23:59:20.680,1.43948,1.43977,1.75,1.12
2015.08.02 23:59:22.525,1.43945,1.43973,1.87,1.00
2015.08.02 23:59:22.576,1.43945,1.43973,1.87,1.00
2015.08.02 23:59:22.628,1.43945,1.43976,2.25,1.00
2015.08.02 23:59:22.679,1.43945,1.43974,2.25,1.00
2015.08.02 23:59:23.187,1.43941,1.43974,2.25,1.50
2015.08.02 23:59:24.434,1.43946,1.43974,2.62,1.00
2015.08.02 23:59:24.486,1.43949,1.43977,1.50,1.00
2015.08.02 23:59:25.333,1.43948,1.43978,1.75,1.87
2015.08.02 23:59:25.935,1.43949,1.43977,1.50,1.00
2015.08.02 23:59:26.578,1.43948,1.43978,1.75,1.87
2015.08.02 23:59:27.361,1.43949,1.43977,1.50,1.00
2015.08.02 23:59:27.564,1.43949,1.43979,1.50,1.12
2015.08.02 23:59:27.819,1.43949,1.43979,1.37,1.37
2015.08.02 23:59:28.125,1.43947,1.43978,3.37,1.37
2015.08.02 23:59:28.811,1.4395,1.43977,1.37,1.37
2015.08.02 23:59:29.379,1.4395,1.43977,1.37,1.37
2015.08.02 23:59:31.203,1.4395,1.43977,1.37,1.37
2015.08.02 23:59:38.418,1.43949,1.43976,1.37,1.37
2015.08.02 23:59:41.058,1.4395,1.43977,1.50,1.37
2015.08.02 23:59:46.395,1.43949,1.43976,1.50,1.12
2015.08.02 23:59:47.047,1.43949,1.43976,1.75,1.37
2015.08.02 23:59:48.855,1.43946,1.43963,1.00,1.00
2015.08.02 23:59:49.108,1.43945,1.43973,1.37,3.00
2015.08.02 23:59:49.616,1.43942,1.4397,2.25,1.00
2015.08.02 23:59:50.131,1.43943,1.43971,1.75,1.87
2015.08.02 23:59:51.250,1.43943,1.43971,1.37,1.37
2015.08.02 23:59:56.933,1.43944,1.43972,1.37,1.50
2015.08.02 23:59:57.567,1.43946,1.43973,1.37,1.37
2015.08.02 23:59:59.454,1.43946,1.43973,1.37,1.50
