2016.04.20 22:00:00.126,1.42985,1.43022,0.75,0.75
2016.04.20 22:00:00.431,1.42983,1.43014,0.56,0.75
2016.04.20 22:00:00.482,1.4298,1.43014,0.19,1.50
2016.04.20 22:00:00.535,1.4298,1.43012,0.19,0.75
2016.04.20 22:00:00.743,1.42978,1.43012,0.75,0.75
2016.04.20 22:00:01.047,1.42976,1.43012,0.19,0.75
2016.04.20 22:00:01.150,1.42974,1.43012,0.75,0.75
2016.04.20 22:00:01.201,1.42974,1.43008,0.75,0.75
2016.04.20 22:00:01.405,1.42973,1.4301,1.50,0.75
2016.04.20 22:00:01.558,1.42976,1.43009,0.56,0.75
2016.04.20 22:00:01.839,1.42973,1.43007,0.75,0.75
2016.04.20 22:00:02.364,1.42972,1.43008,0.94,0.75
2016.04.20 22:00:02.569,1.42975,1.43007,0.75,0.75
2016.04.20 22:00:03.083,1.42975,1.43008,0.75,0.75
2016.04.20 22:00:03.603,1.42975,1.43007,0.75,0.75
2016.04.20 22:00:03.914,1.42975,1.43005,0.75,0.75
2016.04.20 22:00:04.066,1.42973,1.43005,0.75,0.75
2016.04.20 22:00:04.117,1.42973,1.43008,0.75,0.75
2016.04.20 22:00:04.439,1.42969,1.43002,0.75,0.75
2016.04.20 22:00:04.794,1.42969,1.43,0.75,0.75
2016.04.20 22:00:05.418,1.42969,1.43002,0.75,0.75
2016.04.20 22:00:08.505,1.42969,1.43,0.75,0.75
2016.04.20 22:00:10.402,1.42969,1.42999,0.75,0.75
2016.04.20 22:00:12.634,1.42969,1.42998,0.75,0.75
2016.04.20 22:00:14.646,1.42967,1.42998,0.75,0.75
2016.04.20 22:00:14.701,1.42967,1.42996,0.75,0.75
2016.04.20 22:00:15.251,1.42967,1.42997,0.75,0.75
2016.04.20 22:00:16.040,1.42967,1.42996,0.75,0.75
2016.04.20 22:00:17.041,1.42967,1.42994,0.75,0.75
2016.04.20 22:00:17.542,1.42967,1.42998,0.75,0.75
2016.04.20 22:00:17.848,1.42962,1.42997,0.75,0.75
2016.04.20 22:00:18.298,1.42962,1.43005,0.75,0.75
2016.04.20 22:00:22.581,1.42965,1.43006,0.75,2.25
2016.04.20 22:00:23.124,1.42968,1.43005,0.75,0.75
2016.04.20 22:00:23.227,1.42968,1.43007,0.75,0.75
2016.04.20 22:00:23.583,1.42965,1.43005,0.75,0.75
2016.04.20 22:00:23.939,1.42963,1.43003,0.75,0.75
2016.04.20 22:00:24.356,1.42966,1.43005,0.75,0.75
2016.04.20 22:00:24.820,1.42976,1.43006,0.75,0.75
2016.04.20 22:00:24.973,1.42969,1.43006,0.75,0.75
2016.04.20 22:00:25.024,1.42969,1.4301,0.75,0.75
2016.04.20 22:00:25.278,1.42973,1.4301,0.75,0.75
2016.04.20 22:00:25.589,1.42973,1.43006,0.75,0.75
2016.04.20 22:00:26.127,1.42973,1.43005,0.75,0.75
2016.04.20 22:00:26.381,1.42968,1.43004,0.75,0.75
2016.04.20 22:00:26.737,1.42968,1.43006,0.75,0.75
2016.04.20 22:00:27.149,1.42968,1.43004,0.75,0.75
2016.04.20 22:00:28.627,1.42976,1.43005,0.75,0.75
2016.04.20 22:00:28.729,1.42976,1.4301,0.75,0.75
2016.04.20 22:00:29.237,1.42977,1.43013,0.75,0.75
2016.04.20 22:00:29.339,1.42977,1.43011,0.75,1.50
2016.04.20 22:00:29.542,1.42977,1.43013,0.75,2.25
2016.04.20 22:00:30.076,1.42976,1.43011,0.75,0.75
2016.04.20 22:00:30.567,1.42976,1.43013,0.75,1.50
2016.04.20 22:00:31.392,1.42976,1.43006,0.75,0.75
2016.04.20 22:00:31.729,1.42979,1.43005,0.75,0.75
2016.04.20 22:00:32.780,1.42977,1.43005,0.75,0.75
2016.04.20 22:00:33.965,1.42976,1.43005,0.75,0.75
2016.04.20 22:00:35.264,1.42977,1.43005,0.75,0.75
2016.04.20 22:00:35.773,1.42976,1.43005,0.75,0.75
2016.04.20 22:00:36.310,1.42976,1.43006,0.75,0.75
2016.04.20 22:00:37.657,1.42974,1.43006,0.75,0.75
2016.04.20 22:00:41.633,1.42974,1.43001,0.75,0.75
2016.04.20 22:00:42.179,1.42975,1.43001,0.75,0.75
2016.04.20 22:00:45.979,1.42973,1.43001,0.75,0.75
2016.04.20 22:00:46.259,1.42969,1.43002,0.75,0.75
2016.04.20 22:00:46.412,1.42969,1.43007,0.75,0.75
2016.04.20 22:00:46.922,1.42969,1.43006,0.75,0.75
2016.04.20 22:00:47.593,1.42972,1.43003,0.75,0.75
2016.04.20 22:00:47.694,1.42972,1.43007,0.75,0.75
2016.04.20 22:00:51.771,1.42972,1.43006,0.75,0.75
2016.04.20 22:00:52.769,1.42975,1.43006,0.75,0.75
2016.04.20 22:00:52.973,1.42969,1.43006,0.75,0.75
2016.04.20 22:00:53.157,1.42969,1.43004,0.75,0.75
2016.04.20 22:00:54.268,1.42969,1.43006,0.75,0.75
2016.04.20 22:00:56.348,1.42969,1.43,0.75,0.75
2016.04.20 22:00:56.703,1.42965,1.43,0.75,0.75
2016.04.20 22:00:57.210,1.42964,1.43,0.75,0.75
2016.04.20 22:00:59.389,1.42964,1.43005,0.75,1.50
2016.04.20 22:00:59.748,1.42964,1.43003,0.75,0.75
2016.04.20 22:01:00.124,1.42964,1.42999,0.75,0.75
2016.04.20 22:01:00.277,1.42964,1.43001,0.75,0.75
2016.04.20 22:01:02.004,1.42964,1.43003,0.75,1.50
2016.04.20 22:01:02.571,1.42964,1.43001,0.75,0.75
2016.04.20 22:01:03.565,1.42964,1.43002,0.75,0.75
2016.04.20 22:01:04.402,1.42964,1.43001,0.75,0.75
2016.04.20 22:01:05.311,1.42964,1.43002,0.75,0.75
2016.04.20 22:01:05.615,1.42964,1.43,0.75,0.75
2016.04.20 22:01:07.032,1.42964,1.43002,0.75,0.75
2016.04.20 22:01:07.439,1.42964,1.43005,0.75,1.50
2016.04.20 22:01:07.490,1.42967,1.43005,0.75,0.75
2016.04.20 22:01:10.109,1.42967,1.43004,0.75,0.75
2016.04.20 22:01:10.617,1.42967,1.43005,0.75,0.75
2016.04.20 22:01:12.015,1.42967,1.43004,0.75,0.75
2016.04.20 22:01:12.219,1.42967,1.43008,0.75,0.75
2016.04.20 22:01:12.864,1.4297,1.43011,0.75,1.50
2016.04.20 22:01:13.176,1.4297,1.43009,0.75,0.75
2016.04.20 22:01:15.551,1.42972,1.43009,0.75,0.75
2016.04.20 22:01:15.602,1.42972,1.43013,0.75,0.75
2016.04.20 22:01:17.793,1.42972,1.43012,0.75,0.75
2016.04.20 22:01:18.201,1.42972,1.43003,0.75,0.75
2016.04.20 22:01:21.806,1.42972,1.43004,0.75,0.75
2016.04.20 22:01:27.218,1.42973,1.43004,0.75,0.75
2016.04.20 22:01:31.133,1.42973,1.43003,0.75,0.75
2016.04.20 22:01:31.646,1.42973,1.43002,0.75,0.75
2016.04.20 22:01:32.153,1.42973,1.43001,0.75,0.75
2016.04.20 22:01:32.921,1.42973,1.43002,0.75,0.75
2016.04.20 22:01:33.422,1.42973,1.43003,0.75,0.75
2016.04.20 22:01:33.944,1.42973,1.43002,0.75,0.75
2016.04.20 22:01:34.478,1.42973,1.43001,0.75,0.75
2016.04.20 22:01:34.529,1.42973,1.43004,0.75,0.75
2016.04.20 22:01:35.204,1.42973,1.43003,0.75,0.75
2016.04.20 22:01:35.726,1.42973,1.43004,0.75,0.75
2016.04.20 22:01:36.031,1.42973,1.43002,0.75,0.75
2016.04.20 22:01:36.234,1.42973,1.43004,0.75,0.75
2016.04.20 22:01:36.742,1.42973,1.43003,0.75,0.75
2016.04.20 22:01:36.883,1.4297,1.43004,0.75,0.75
2016.04.20 22:01:36.936,1.4297,1.43002,0.75,0.75
2016.04.20 22:01:37.446,1.4297,1.43001,0.75,0.75
2016.04.20 22:01:37.852,1.4297,1.42999,0.75,0.75
2016.04.20 22:01:37.955,1.4297,1.43002,0.75,0.75
2016.04.20 22:01:38.485,1.4297,1.43001,0.75,0.75
2016.04.20 22:01:38.841,1.4297,1.42999,0.75,0.75
2016.04.20 22:01:41.397,1.4297,1.43,0.75,0.75
2016.04.20 22:01:41.701,1.4297,1.42997,0.75,0.75
2016.04.20 22:01:41.804,1.4297,1.42999,0.75,0.75
2016.04.20 22:01:42.108,1.4297,1.42997,0.75,0.75
2016.04.20 22:01:42.615,1.4297,1.42998,0.75,0.75
2016.04.20 22:01:47.324,1.42969,1.42998,0.75,0.75
2016.04.20 22:01:47.856,1.42969,1.42999,0.75,0.75
2016.04.20 22:01:48.161,1.42969,1.42997,0.75,0.75
2016.04.20 22:01:48.670,1.42969,1.42999,0.75,0.75
2016.04.20 22:01:49.181,1.42969,1.42998,0.75,0.75
2016.04.20 22:01:49.406,1.42969,1.43,0.75,0.75
2016.04.20 22:01:49.609,1.42969,1.42998,0.75,0.75
2016.04.20 22:01:49.813,1.42969,1.43001,0.75,0.75
2016.04.20 22:01:50.016,1.42969,1.42999,0.75,0.75
2016.04.20 22:01:50.372,1.42969,1.43001,0.75,0.75
2016.04.20 22:01:50.778,1.42969,1.42998,0.75,0.75
2016.04.20 22:01:51.184,1.42969,1.43002,0.75,0.75
2016.04.20 22:01:51.388,1.42969,1.42999,0.75,0.75
2016.04.20 22:01:51.592,1.42969,1.43003,0.75,0.75
2016.04.20 22:01:51.820,1.42969,1.43001,0.75,0.75
2016.04.20 22:01:52.328,1.42969,1.43002,0.75,0.75
2016.04.20 22:01:52.677,1.42969,1.42998,0.75,0.75
2016.04.20 22:01:52.983,1.42969,1.43,0.75,0.75
2016.04.20 22:01:53.421,1.42969,1.43003,0.75,0.75
2016.04.20 22:01:53.624,1.42969,1.43,0.75,0.75
2016.04.20 22:01:53.777,1.42969,1.43002,0.75,0.75
2016.04.20 22:01:53.980,1.42969,1.43,0.75,0.75
2016.04.20 22:01:54.485,1.42969,1.43002,0.75,0.75
2016.04.20 22:01:54.587,1.42969,1.42999,0.75,0.75
2016.04.20 22:01:55.097,1.42969,1.43,0.75,0.75
2016.04.20 22:01:55.161,1.42969,1.43002,0.75,0.75
2016.04.20 22:01:55.212,1.42969,1.43,0.75,0.75
2016.04.20 22:01:55.719,1.42969,1.42999,0.75,0.75
2016.04.20 22:01:56.226,1.42969,1.43,0.75,0.75
2016.04.20 22:01:56.328,1.42969,1.43002,0.75,0.75
2016.04.20 22:01:56.578,1.42969,1.43,0.75,0.75
2016.04.20 22:01:56.983,1.42969,1.43002,0.75,0.75
2016.04.20 22:01:57.187,1.42969,1.42999,0.75,0.75
2016.04.20 22:01:58.330,1.42969,1.43002,0.75,0.75
2016.04.20 22:01:58.432,1.42969,1.42999,0.75,0.75
2016.04.20 22:01:58.792,1.42969,1.43004,0.75,0.75
2016.04.20 22:01:58.995,1.42969,1.43001,0.75,0.75
2016.04.20 22:01:59.604,1.42969,1.42999,0.75,0.75
2016.04.20 22:01:59.913,1.42969,1.43001,0.75,0.75
2016.04.20 22:02:00.270,1.42967,1.43002,0.75,0.75
2016.04.20 22:02:00.321,1.42967,1.43,0.75,0.75
2016.04.20 22:02:00.829,1.42967,1.43001,0.75,0.75
2016.04.20 22:02:01.595,1.42967,1.43003,0.75,0.75
2016.04.20 22:02:01.704,1.42967,1.43,0.75,0.75
2016.04.20 22:02:02.793,1.42967,1.43001,0.75,0.75
2016.04.20 22:02:03.497,1.42967,1.43003,0.75,0.75
2016.04.20 22:02:04.006,1.42967,1.43002,0.75,0.75
2016.04.20 22:02:04.699,1.42967,1.43,0.75,0.75
2016.04.20 22:02:05.688,1.42967,1.42999,0.75,0.75
2016.04.20 22:02:06.373,1.42967,1.43,0.75,0.75
2016.04.20 22:02:07.212,1.42967,1.42999,0.75,0.75
2016.04.20 22:02:08.107,1.42964,1.43,0.75,0.75
2016.04.20 22:02:08.667,1.42962,1.43,0.75,0.75
2016.04.20 22:02:08.718,1.42962,1.42998,0.75,0.75
2016.04.20 22:02:09.124,1.42962,1.43,0.75,0.75
2016.04.20 22:02:09.399,1.42965,1.42999,0.75,0.75
2016.04.20 22:02:11.491,1.42965,1.43001,0.75,0.75
2016.04.20 22:02:11.981,1.42965,1.42999,0.75,0.75
2016.04.20 22:02:13.787,1.42965,1.43001,0.75,0.75
2016.04.20 22:02:14.598,1.42965,1.43002,0.75,0.75
2016.04.20 22:02:15.086,1.42965,1.42999,0.75,0.75
2016.04.20 22:02:15.593,1.42965,1.43,0.75,0.75
2016.04.20 22:02:16.114,1.42965,1.42999,0.75,0.75
2016.04.20 22:02:23.968,1.42965,1.43002,0.75,0.75
2016.04.20 22:02:24.858,1.42969,1.43002,0.75,0.75
2016.04.20 22:02:25.110,1.42969,1.43005,0.75,0.75
2016.04.20 22:02:25.896,1.42969,1.43003,0.75,0.75
2016.04.20 22:02:26.414,1.42969,1.43004,0.75,0.75
2016.04.20 22:02:26.886,1.42966,1.43003,0.75,0.75
2016.04.20 22:02:27.513,1.42966,1.43004,0.75,0.75
2016.04.20 22:02:28.085,1.42966,1.43003,0.75,0.75
2016.04.20 22:02:28.592,1.42966,1.43004,0.75,0.75
2016.04.20 22:02:29.019,1.42966,1.43002,0.75,0.75
2016.04.20 22:02:29.581,1.42966,1.43003,0.75,0.75
2016.04.20 22:02:29.734,1.42964,1.43003,0.75,0.75
2016.04.20 22:02:29.887,1.42964,1.43005,0.75,0.75
2016.04.20 22:02:30.197,1.42968,1.43005,0.75,0.75
2016.04.20 22:02:30.787,1.42968,1.43004,0.75,0.75
2016.04.20 22:02:31.295,1.42968,1.43005,0.75,0.75
2016.04.20 22:02:31.618,1.42968,1.43003,0.75,0.75
2016.04.20 22:02:32.132,1.42968,1.43002,0.75,0.75
2016.04.20 22:02:35.720,1.42968,1.43003,0.75,0.75
2016.04.20 22:02:36.402,1.42968,1.43005,0.75,0.75
2016.04.20 22:02:37.685,1.42968,1.43003,0.75,0.75
2016.04.20 22:02:40.423,1.42968,1.43004,0.75,0.75
2016.04.20 22:02:40.525,1.42968,1.43007,0.75,0.75
2016.04.20 22:02:41.030,1.42968,1.43006,0.75,0.75
2016.04.20 22:02:41.708,1.42968,1.43004,0.75,0.75
2016.04.20 22:02:42.225,1.42968,1.43005,0.75,0.75
2016.04.20 22:02:43.118,1.42968,1.43004,0.75,0.75
2016.04.20 22:02:46.327,1.42968,1.43005,0.75,0.75
2016.04.20 22:02:47.406,1.42968,1.43004,0.75,0.75
2016.04.20 22:02:48.096,1.42968,1.43003,0.75,0.75
2016.04.20 22:02:48.627,1.42968,1.43004,0.75,0.75
2016.04.20 22:02:49.129,1.42968,1.43003,0.75,0.75
2016.04.20 22:02:49.231,1.42968,1.43005,0.75,0.75
2016.04.20 22:02:49.333,1.42968,1.43003,0.75,0.75
2016.04.20 22:02:49.537,1.42968,1.43005,0.75,0.75
2016.04.20 22:02:49.638,1.42968,1.43002,0.75,0.75
2016.04.20 22:02:50.399,1.42965,1.43002,0.75,0.75
2016.04.20 22:02:50.844,1.42965,1.42999,0.75,0.75
2016.04.20 22:02:51.618,1.42965,1.43001,0.75,0.75
2016.04.20 22:02:53.248,1.42965,1.42999,0.75,0.75
2016.04.20 22:02:53.449,1.42965,1.43001,0.75,0.75
2016.04.20 22:02:54.205,1.42965,1.43,0.75,0.75
2016.04.20 22:02:54.307,1.42965,1.43003,0.75,0.75
2016.04.20 22:02:58.556,1.42965,1.43004,0.75,0.75
2016.04.20 22:02:58.830,1.42965,1.43002,0.75,0.75
2016.04.20 22:02:59.757,1.42965,1.43001,0.75,0.75
2016.04.20 22:03:02.165,1.42965,1.43003,0.75,0.75
2016.04.20 22:03:03.250,1.42965,1.43005,0.75,0.75
2016.04.20 22:03:03.414,1.42965,1.43003,0.75,0.75
2016.04.20 22:03:04.061,1.42965,1.43002,0.75,0.75
2016.04.20 22:03:06.320,1.42968,1.43002,0.75,0.75
2016.04.20 22:03:18.015,1.42968,1.43003,0.75,0.75
2016.04.20 22:03:23.746,1.42968,1.43004,0.75,0.75
2016.04.20 22:03:24.548,1.42968,1.43005,0.75,0.75
2016.04.20 22:03:25.629,1.42968,1.43004,0.75,0.75
2016.04.20 22:03:27.017,1.42968,1.43006,0.75,0.75
2016.04.20 22:03:28.359,1.42968,1.43004,0.75,0.75
2016.04.20 22:03:31.367,1.42968,1.43005,0.75,0.75
2016.04.20 22:03:36.247,1.42968,1.43006,0.75,0.75
2016.04.20 22:03:37.245,1.42967,1.43006,0.75,0.75
2016.04.20 22:03:40.602,1.42969,1.43006,0.75,0.75
2016.04.20 22:03:42.029,1.42969,1.43007,0.75,0.75
2016.04.20 22:03:43.065,1.42969,1.43009,0.75,0.75
2016.04.20 22:03:43.582,1.42969,1.4301,0.75,0.75
2016.04.20 22:03:44.532,1.42969,1.43009,0.75,0.75
2016.04.20 22:03:45.236,1.42969,1.43011,0.75,0.75
2016.04.20 22:03:45.337,1.42969,1.43008,0.75,0.75
2016.04.20 22:03:50.364,1.42969,1.43005,0.75,0.75
2016.04.20 22:03:50.937,1.42969,1.43004,0.75,0.75
2016.04.20 22:03:53.492,1.42969,1.43003,0.75,0.75
2016.04.20 22:03:54.018,1.42969,1.43004,0.75,0.75
2016.04.20 22:03:54.419,1.42965,1.43004,0.75,0.75
2016.04.20 22:03:55.655,1.42966,1.43003,0.75,0.75
2016.04.20 22:03:56.189,1.42966,1.43004,0.75,0.75
2016.04.20 22:03:57.297,1.42966,1.43002,0.75,0.75
2016.04.20 22:03:58.084,1.42964,1.43002,0.75,0.75
2016.04.20 22:03:58.288,1.42964,1.43004,0.75,0.75
2016.04.20 22:03:58.390,1.42967,1.43004,0.75,0.75
2016.04.20 22:03:58.905,1.42967,1.43005,0.75,0.75
2016.04.20 22:03:59.443,1.42967,1.43006,0.75,0.75
2016.04.20 22:04:01.800,1.42967,1.43007,0.75,0.75
2016.04.20 22:04:07.494,1.42967,1.43008,1.00,1.00
2016.04.20 22:04:08.574,1.42967,1.43007,1.00,1.00
2016.04.20 22:04:09.388,1.42967,1.43008,1.00,1.00
2016.04.20 22:04:11.891,1.42967,1.43006,1.00,1.00
2016.04.20 22:04:12.226,1.42967,1.43008,1.00,1.00
2016.04.20 22:04:12.686,1.42967,1.43006,1.00,1.00
2016.04.20 22:04:13.272,1.42967,1.43007,1.00,1.00
2016.04.20 22:04:13.805,1.42967,1.43008,1.00,1.00
2016.04.20 22:04:14.474,1.42967,1.43006,1.00,1.00
2016.04.20 22:04:15.037,1.42967,1.43007,1.00,1.00
2016.04.20 22:04:15.635,1.42967,1.43006,1.00,1.00
2016.04.20 22:04:16.244,1.42967,1.43007,1.00,1.00
2016.04.20 22:04:17.477,1.42967,1.43006,1.00,1.00
2016.04.20 22:04:18.527,1.42967,1.43007,1.00,1.00
2016.04.20 22:04:19.403,1.42967,1.43006,1.00,1.00
2016.04.20 22:04:24.867,1.42973,1.43006,1.00,1.00
2016.04.20 22:04:24.919,1.42973,1.43008,1.00,1.00
2016.04.20 22:04:25.300,1.42973,1.43012,1.00,1.00
2016.04.20 22:04:25.402,1.42973,1.43009,1.00,1.00
2016.04.20 22:04:26.190,1.42973,1.43008,1.00,1.00
2016.04.20 22:04:26.713,1.42973,1.43009,1.00,1.00
2016.04.20 22:04:29.091,1.42973,1.4301,1.00,1.00
2016.04.20 22:04:29.895,1.42973,1.43008,1.00,1.00
2016.04.20 22:04:30.335,1.42973,1.43012,1.00,1.00
2016.04.20 22:04:30.488,1.4297,1.43013,1.50,1.50
2016.04.20 22:04:31.101,1.4297,1.4301,1.00,1.00
2016.04.20 22:04:31.736,1.4297,1.43009,1.00,1.00
2016.04.20 22:04:31.839,1.4297,1.43012,1.00,1.00
2016.04.20 22:04:32.004,1.4297,1.43009,1.00,1.00
2016.04.20 22:04:32.528,1.4297,1.4301,1.00,1.00
2016.04.20 22:04:33.074,1.4297,1.43009,1.00,1.00
2016.04.20 22:04:33.818,1.4297,1.4301,1.00,1.00
2016.04.20 22:04:34.123,1.4297,1.43008,1.00,1.00
2016.04.20 22:04:34.737,1.4297,1.43011,1.00,1.00
2016.04.20 22:04:34.840,1.42972,1.43012,1.00,1.00
2016.04.20 22:04:35.397,1.42972,1.43013,2.25,1.50
2016.04.20 22:04:35.702,1.42972,1.43011,1.00,1.00
2016.04.20 22:04:36.006,1.42975,1.43011,1.00,1.00
2016.04.20 22:04:36.526,1.42975,1.43012,1.00,1.00
2016.04.20 22:04:36.780,1.42973,1.43011,1.00,1.00
2016.04.20 22:04:37.288,1.42973,1.4301,1.50,1.00
2016.04.20 22:04:38.040,1.42973,1.43011,1.00,1.00
2016.04.20 22:04:42.151,1.42973,1.43012,1.00,1.00
2016.04.20 22:04:42.511,1.42973,1.4301,1.00,1.00
2016.04.20 22:04:42.823,1.42973,1.43007,1.00,1.00
2016.04.20 22:04:43.716,1.42969,1.43007,1.00,1.00
2016.04.20 22:04:47.127,1.42969,1.43008,1.00,1.00
2016.04.20 22:04:47.331,1.42969,1.4301,1.00,1.00
2016.04.20 22:04:51.340,1.42971,1.4301,1.00,1.00
2016.04.20 22:04:51.856,1.42971,1.43011,1.00,1.00
2016.04.20 22:04:52.558,1.42971,1.43012,1.00,1.00
2016.04.20 22:04:54.948,1.42971,1.43013,1.00,1.00
2016.04.20 22:04:56.051,1.42971,1.43014,1.00,1.00
2016.04.20 22:05:00.512,1.42974,1.43015,1.00,1.00
2016.04.20 22:05:02.033,1.42974,1.43016,1.00,1.00
2016.04.20 22:05:02.572,1.42974,1.43017,1.00,1.00
2016.04.20 22:05:03.967,1.42974,1.43018,1.00,1.50
2016.04.20 22:05:12.341,1.42973,1.43019,1.00,1.00
2016.04.20 22:05:21.321,1.42973,1.43015,1.00,1.00
2016.04.20 22:05:21.373,1.42971,1.43015,1.00,1.50
2016.04.20 22:05:23.608,1.42972,1.43018,1.00,1.00
2016.04.20 22:05:23.711,1.42976,1.43018,3.23,1.00
2016.04.20 22:05:23.863,1.42976,1.43022,3.98,1.00
2016.04.20 22:05:24.279,1.42978,1.43022,2.44,1.00
2016.04.20 22:05:24.484,1.42976,1.43022,1.00,1.00
2016.04.20 22:05:24.637,1.42972,1.43019,1.50,1.00
2016.04.20 22:05:26.992,1.42973,1.43019,1.00,1.00
2016.04.20 22:05:27.499,1.42972,1.43019,1.50,1.50
2016.04.20 22:05:28.039,1.42972,1.43018,1.50,1.00
2016.04.20 22:05:28.625,1.42973,1.43018,1.00,1.00
2016.04.20 22:05:29.144,1.42974,1.43017,1.00,1.00
2016.04.20 22:05:29.662,1.42974,1.43016,1.00,1.00
2016.04.20 22:05:30.697,1.42975,1.43016,1.00,1.00
2016.04.20 22:05:39.190,1.42976,1.43016,1.00,1.00
2016.04.20 22:05:41.323,1.42975,1.43016,1.00,1.00
2016.04.20 22:05:41.874,1.42975,1.43015,1.00,1.00
2016.04.20 22:05:42.425,1.42974,1.43015,1.00,1.00
2016.04.20 22:05:43.297,1.42973,1.43014,1.00,1.00
2016.04.20 22:05:45.104,1.42975,1.43014,1.00,1.00
2016.04.20 22:05:49.399,1.42976,1.43015,1.00,1.00
2016.04.20 22:05:49.906,1.42975,1.43014,1.00,1.00
2016.04.20 22:05:51.604,1.42977,1.43016,1.00,1.00
2016.04.20 22:05:53.036,1.42975,1.43014,1.00,1.00
2016.04.20 22:05:53.508,1.42977,1.43016,1.00,1.00
2016.04.20 22:05:53.914,1.42979,1.43018,1.00,1.00
2016.04.20 22:05:54.421,1.4298,1.43019,1.00,1.00
2016.04.20 22:05:54.723,1.4298,1.4302,1.71,1.00
2016.04.20 22:05:55.050,1.42985,1.43022,1.00,1.00
2016.04.20 22:05:55.564,1.42985,1.43023,1.00,1.00
2016.04.20 22:05:56.032,1.42983,1.43023,1.00,1.00
2016.04.20 22:05:56.494,1.42985,1.43023,1.00,1.50
2016.04.20 22:05:56.811,1.42991,1.43025,1.00,1.00
2016.04.20 22:05:57.489,1.4299,1.43025,1.00,1.00
2016.04.20 22:05:57.815,1.42992,1.43026,1.00,1.00
2016.04.20 22:05:58.337,1.42993,1.43025,1.00,1.00
2016.04.20 22:05:58.845,1.42989,1.43025,1.99,1.00
2016.04.20 22:05:59.390,1.4299,1.43025,1.49,1.00
2016.04.20 22:06:00.627,1.4299,1.43025,1.00,1.00
2016.04.20 22:06:01.280,1.4299,1.43026,1.00,1.00
2016.04.20 22:06:02.622,1.4299,1.43025,1.46,1.00
2016.04.20 22:06:04.300,1.4299,1.43028,1.00,1.00
2016.04.20 22:06:04.838,1.42989,1.43028,1.50,1.50
2016.04.20 22:06:05.372,1.4299,1.43028,1.00,1.00
2016.04.20 22:06:07.707,1.42991,1.43028,1.00,1.00
2016.04.20 22:06:08.308,1.42991,1.43029,1.00,1.00
2016.04.20 22:06:10.202,1.42989,1.43029,1.50,1.00
2016.04.20 22:06:11.931,1.42992,1.43029,1.00,1.00
2016.04.20 22:06:12.830,1.42989,1.43029,1.50,1.50
2016.04.20 22:06:14.350,1.42989,1.43028,1.50,1.00
2016.04.20 22:06:17.568,1.42989,1.43027,1.00,1.00
2016.04.20 22:06:18.085,1.42989,1.43028,1.50,1.50
2016.04.20 22:06:21.073,1.42989,1.43027,1.00,1.00
2016.04.20 22:06:21.604,1.42989,1.43028,1.50,1.50
2016.04.20 22:06:21.938,1.42987,1.43028,1.00,1.50
2016.04.20 22:06:24.748,1.42988,1.43027,1.00,1.00
2016.04.20 22:06:25.255,1.42989,1.43028,1.00,1.50
2016.04.20 22:06:27.988,1.42989,1.43021,1.00,1.00
2016.04.20 22:06:28.437,1.42989,1.43021,1.23,1.00
2016.04.20 22:06:30.027,1.42989,1.43021,1.49,1.00
2016.04.20 22:06:30.631,1.42989,1.43021,1.49,1.00
2016.04.20 22:06:31.037,1.42992,1.43021,1.00,1.00
2016.04.20 22:06:33.668,1.4299,1.43021,1.49,1.00
2016.04.20 22:06:37.873,1.42989,1.4302,1.49,1.00
2016.04.20 22:06:40.443,1.42989,1.4302,1.49,1.00
2016.04.20 22:06:41.657,1.4299,1.4302,1.49,1.00
2016.04.20 22:06:43.008,1.4299,1.4302,1.00,1.00
2016.04.20 22:06:43.530,1.4299,1.4302,1.99,1.00
2016.04.20 22:06:44.757,1.4299,1.4302,1.50,1.00
2016.04.20 22:06:45.264,1.4299,1.4302,1.49,1.00
2016.04.20 22:06:46.772,1.42989,1.4302,1.24,1.00
2016.04.20 22:06:46.873,1.42989,1.4302,1.49,1.00
2016.04.20 22:06:47.903,1.4299,1.43023,1.99,1.00
2016.04.20 22:06:48.584,1.4299,1.43023,1.00,1.00
2016.04.20 22:06:49.095,1.4299,1.43023,1.49,1.00
2016.04.20 22:06:50.286,1.42994,1.43023,1.00,1.00
2016.04.20 22:06:50.987,1.42991,1.43023,1.24,1.00
2016.04.20 22:06:51.521,1.42992,1.43023,1.00,1.00
2016.04.20 22:06:52.474,1.42991,1.43023,1.00,1.00
2016.04.20 22:06:52.981,1.4299,1.43023,1.99,1.00
2016.04.20 22:06:53.845,1.4299,1.43023,1.99,1.00
2016.04.20 22:06:56.759,1.4299,1.43023,1.73,1.00
2016.04.20 22:06:57.978,1.4299,1.43024,1.73,1.00
2016.04.20 22:07:13.748,1.42992,1.43025,1.00,1.00
2016.04.20 22:07:16.799,1.42992,1.43024,1.00,1.00
2016.04.20 22:07:18.765,1.42992,1.43025,1.00,1.00
2016.04.20 22:07:19.354,1.42993,1.43025,1.00,1.00
2016.04.20 22:07:19.857,1.42993,1.43024,1.00,1.00
2016.04.20 22:07:27.883,1.42993,1.43022,1.00,1.00
2016.04.20 22:07:30.076,1.42992,1.43022,1.00,1.00
2016.04.20 22:07:34.203,1.42991,1.43022,1.00,1.00
2016.04.20 22:07:35.002,1.42993,1.43022,1.00,1.00
2016.04.20 22:07:36.504,1.42993,1.43023,1.00,1.00
2016.04.20 22:07:36.606,1.42991,1.43022,1.00,1.00
2016.04.20 22:07:36.911,1.42993,1.43023,1.00,1.00
2016.04.20 22:07:37.926,1.42993,1.43028,1.00,1.00
2016.04.20 22:07:39.096,1.42991,1.43027,1.00,1.00
2016.04.20 22:07:39.619,1.42992,1.43027,1.00,1.00
2016.04.20 22:07:40.210,1.42991,1.43027,1.50,1.00
2016.04.20 22:07:40.824,1.42993,1.43027,1.00,1.00
2016.04.20 22:07:43.126,1.4299,1.43027,1.00,1.00
2016.04.20 22:07:43.228,1.42988,1.43027,1.50,1.50
2016.04.20 22:07:43.910,1.42989,1.43028,1.00,1.00
2016.04.20 22:07:45.120,1.42988,1.43027,1.00,1.00
2016.04.20 22:07:45.889,1.42989,1.43028,1.00,1.00
2016.04.20 22:07:46.899,1.42988,1.43027,1.00,1.00
2016.04.20 22:07:49.727,1.42987,1.43028,1.50,1.00
2016.04.20 22:07:50.286,1.42988,1.43028,1.00,1.00
2016.04.20 22:07:50.825,1.42988,1.43029,1.00,1.50
2016.04.20 22:08:01.011,1.42989,1.43029,1.00,1.00
2016.04.20 22:08:01.589,1.42988,1.43029,1.50,1.00
2016.04.20 22:08:03.203,1.42989,1.43029,1.00,1.00
2016.04.20 22:08:04.440,1.42988,1.43029,1.50,1.50
2016.04.20 22:08:04.949,1.42989,1.43029,1.00,1.50
2016.04.20 22:08:05.547,1.4299,1.43029,1.00,1.00
2016.04.20 22:08:07.908,1.42989,1.43028,1.00,1.00
2016.04.20 22:08:08.251,1.42993,1.43029,1.00,1.00
2016.04.20 22:08:08.354,1.4299,1.43029,1.00,1.00
2016.04.20 22:08:09.513,1.42989,1.43028,1.00,1.00
2016.04.20 22:08:11.839,1.4299,1.43029,1.00,1.00
2016.04.20 22:08:13.742,1.42992,1.43029,1.00,1.00
2016.04.20 22:08:13.845,1.4299,1.43029,1.00,1.00
2016.04.20 22:08:14.387,1.4299,1.43028,1.00,1.00
2016.04.20 22:08:16.458,1.42988,1.43027,1.50,1.00
2016.04.20 22:08:17.004,1.42988,1.43026,1.00,1.00
2016.04.20 22:08:17.520,1.42987,1.43026,1.00,3.00
2016.04.20 22:08:18.252,1.42988,1.43026,1.00,1.50
2016.04.20 22:08:20.233,1.42988,1.43024,1.50,1.00
2016.04.20 22:08:20.698,1.42988,1.43026,1.50,1.00
2016.04.20 22:08:20.851,1.4299,1.43026,1.00,1.00
2016.04.20 22:08:21.160,1.42993,1.4303,1.00,1.50
2016.04.20 22:08:21.948,1.42994,1.4303,1.00,1.00
2016.04.20 22:08:23.559,1.42995,1.4303,1.00,1.00
2016.04.20 22:08:23.763,1.42992,1.4303,1.00,1.00
2016.04.20 22:08:25.074,1.42996,1.4303,1.00,1.00
2016.04.20 22:08:26.767,1.42997,1.4303,1.00,1.00
2016.04.20 22:08:29.850,1.42996,1.4303,1.00,1.00
2016.04.20 22:08:35.176,1.42997,1.4303,1.00,1.00
2016.04.20 22:08:35.683,1.42998,1.4303,1.00,1.00
2016.04.20 22:08:35.805,1.42996,1.4303,1.00,1.00
2016.04.20 22:08:39.092,1.42998,1.4303,1.00,1.00
2016.04.20 22:08:40.048,1.42999,1.4303,1.00,1.00
2016.04.20 22:08:40.583,1.42998,1.4303,1.00,1.00
2016.04.20 22:08:40.993,1.43001,1.4303,1.00,1.00
2016.04.20 22:08:53.165,1.43002,1.4303,1.00,1.00
2016.04.20 22:08:53.707,1.43001,1.4303,1.00,1.00
2016.04.20 22:09:05.978,1.43002,1.4303,1.00,1.00
2016.04.20 22:09:08.872,1.43001,1.4303,1.00,1.00
2016.04.20 22:09:09.579,1.43002,1.4303,1.00,1.00
2016.04.20 22:09:18.590,1.43,1.4303,1.00,1.00
2016.04.20 22:09:19.099,1.42999,1.4303,1.00,1.00
2016.04.20 22:09:19.455,1.43,1.43027,1.00,1.00
2016.04.20 22:09:19.556,1.43,1.43029,1.00,1.00
2016.04.20 22:09:20.083,1.42994,1.43029,2.25,1.00
2016.04.20 22:09:25.536,1.42996,1.43029,1.00,1.00
2016.04.20 22:09:27.282,1.42994,1.43029,1.50,1.00
2016.04.20 22:09:30.089,1.42997,1.43029,1.00,1.00
2016.04.20 22:09:33.586,1.43,1.4303,1.00,1.50
2016.04.20 22:09:34.127,1.42999,1.4303,1.50,1.00
2016.04.20 22:09:34.774,1.43,1.4303,1.00,1.00
2016.04.20 22:09:35.282,1.43,1.43031,1.00,1.00
2016.04.20 22:09:37.769,1.43,1.4303,1.00,1.00
2016.04.20 22:09:38.330,1.43001,1.4303,1.00,1.00
2016.04.20 22:09:38.878,1.43,1.4303,1.00,1.00
2016.04.20 22:09:42.684,1.43003,1.4303,1.00,1.00
2016.04.20 22:09:43.233,1.43002,1.43031,1.00,1.00
2016.04.20 22:09:43.752,1.43001,1.43031,1.00,1.00
2016.04.20 22:09:44.568,1.43001,1.4303,1.00,1.00
2016.04.20 22:09:46.576,1.43,1.4303,1.00,1.00
2016.04.20 22:09:47.086,1.42999,1.4303,1.50,1.00
2016.04.20 22:09:51.095,1.43002,1.4303,1.00,1.00
2016.04.20 22:09:51.603,1.43001,1.4303,1.00,1.00
2016.04.20 22:09:52.111,1.43,1.4303,1.00,1.00
2016.04.20 22:09:53.703,1.43,1.43029,1.00,1.00
2016.04.20 22:09:53.856,1.42998,1.43029,1.00,1.00
2016.04.20 22:09:54.357,1.42997,1.43029,1.00,1.00
2016.04.20 22:09:54.861,1.42997,1.43028,1.00,1.00
2016.04.20 22:09:54.913,1.43002,1.4303,1.00,1.00
2016.04.20 22:09:55.015,1.43,1.4303,1.00,1.00
2016.04.20 22:09:55.269,1.43002,1.43031,1.00,1.00
2016.04.20 22:09:55.820,1.43002,1.43029,1.00,1.00
2016.04.20 22:09:55.872,1.42994,1.43029,1.00,1.00
2016.04.20 22:09:55.923,1.42994,1.43027,1.00,1.00
2016.04.20 22:09:56.076,1.42992,1.43027,1.00,1.00
2016.04.20 22:09:56.431,1.42991,1.43029,1.50,1.00
2016.04.20 22:09:56.482,1.42993,1.43029,1.00,1.00
2016.04.20 22:09:56.686,1.42991,1.43029,1.50,1.00
2016.04.20 22:09:56.738,1.42991,1.43027,1.50,1.00
2016.04.20 22:09:57.068,1.42993,1.43027,1.00,1.00
2016.04.20 22:09:57.574,1.42993,1.43028,1.00,1.00
2016.04.20 22:09:58.097,1.42993,1.43029,1.00,1.00
2016.04.20 22:09:58.316,1.42991,1.43028,1.50,1.00
2016.04.20 22:09:58.469,1.42995,1.43028,1.00,1.00
2016.04.20 22:10:00.204,1.42995,1.43028,1.49,1.00
2016.04.20 22:10:00.423,1.42995,1.4303,1.00,1.00
2016.04.20 22:10:00.475,1.42997,1.4303,1.00,1.00
2016.04.20 22:10:17.556,1.42995,1.4303,1.00,1.50
2016.04.20 22:10:24.679,1.42995,1.43025,1.00,1.00
2016.04.20 22:10:24.782,1.42995,1.43027,1.50,1.00
2016.04.20 22:10:24.884,1.42995,1.43029,1.50,1.00
2016.04.20 22:10:25.391,1.42995,1.4303,1.50,1.50
2016.04.20 22:10:31.292,1.42995,1.43028,1.00,1.00
2016.04.20 22:10:31.596,1.42997,1.4303,1.00,1.00
2016.04.20 22:10:31.907,1.43002,1.4303,1.50,1.00
2016.04.20 22:10:34.280,1.42999,1.4303,1.00,1.00
2016.04.20 22:10:34.645,1.42998,1.43027,1.00,1.00
2016.04.20 22:10:34.899,1.42998,1.43029,1.00,1.00
2016.04.20 22:10:35.052,1.43003,1.43028,1.00,1.00
2016.04.20 22:10:35.459,1.43006,1.43029,1.00,1.00
2016.04.20 22:10:35.510,1.43002,1.4303,2.81,1.00
2016.04.20 22:10:36.036,1.42998,1.4303,1.31,1.00
2016.04.20 22:10:36.088,1.42996,1.4303,1.50,1.00
2016.04.20 22:10:36.189,1.42996,1.43026,1.50,1.00
2016.04.20 22:10:36.291,1.42996,1.43028,1.50,1.00
2016.04.20 22:10:36.545,1.43,1.43027,1.00,1.00
2016.04.20 22:10:36.698,1.43,1.43029,1.00,1.00
2016.04.20 22:10:36.930,1.43,1.43027,1.00,1.00
2016.04.20 22:10:37.185,1.43,1.43029,1.00,1.00
2016.04.20 22:10:37.714,1.43,1.4303,1.00,1.50
2016.04.20 22:10:40.855,1.43002,1.4303,1.00,1.00
2016.04.20 22:10:41.160,1.43005,1.4303,1.00,1.00
2016.04.20 22:10:41.541,1.43,1.4303,2.25,1.00
2016.04.20 22:10:44.233,1.43001,1.4303,1.00,1.00
2016.04.20 22:10:44.844,1.43,1.4303,3.00,1.00
2016.04.20 22:10:45.903,1.43001,1.4303,1.00,1.00
2016.04.20 22:10:46.555,1.43003,1.4303,1.00,1.00
2016.04.20 22:10:47.114,1.43004,1.4303,1.00,1.00
2016.04.20 22:10:47.660,1.43003,1.4303,1.00,1.00
2016.04.20 22:10:53.045,1.43004,1.4303,1.00,1.00
2016.04.20 22:10:53.525,1.43003,1.43026,1.00,1.00
2016.04.20 22:10:53.576,1.43001,1.43026,1.00,1.00
2016.04.20 22:10:53.882,1.42998,1.43026,1.00,1.00
2016.04.20 22:10:54.390,1.42993,1.43026,1.50,1.00
2016.04.20 22:10:55.152,1.42992,1.43026,1.00,1.00
2016.04.20 22:10:56.342,1.42992,1.43027,1.00,1.00
2016.04.20 22:10:57.256,1.42992,1.43026,1.00,1.00
2016.04.20 22:10:57.932,1.42992,1.43027,1.00,1.00
2016.04.20 22:10:59.361,1.42992,1.43026,1.00,1.00
2016.04.20 22:10:59.936,1.42992,1.43027,1.00,1.00
2016.04.20 22:11:01.421,1.42992,1.43026,1.00,1.00
2016.04.20 22:11:02.028,1.42992,1.43027,1.00,1.00
2016.04.20 22:11:02.541,1.42992,1.43026,1.00,1.00
2016.04.20 22:11:05.362,1.42994,1.43026,1.00,1.00
2016.04.20 22:11:05.565,1.42994,1.43028,1.00,1.00
2016.04.20 22:11:06.202,1.42995,1.43029,1.00,1.00
2016.04.20 22:11:07.257,1.42995,1.43028,1.00,1.00
2016.04.20 22:11:10.676,1.42997,1.43028,1.00,1.00
2016.04.20 22:11:10.778,1.42993,1.43027,1.00,1.00
2016.04.20 22:11:10.982,1.4299,1.43026,1.07,1.00
2016.04.20 22:11:11.580,1.4299,1.43025,1.50,1.00
2016.04.20 22:11:14.966,1.4299,1.43026,2.25,1.00
2016.04.20 22:11:18.978,1.42991,1.43026,1.00,1.00
2016.04.20 22:11:20.690,1.42991,1.43027,1.00,1.00
2016.04.20 22:11:21.234,1.4299,1.43026,1.50,1.00
2016.04.20 22:11:21.686,1.42988,1.43024,1.50,1.00
2016.04.20 22:11:22.191,1.42989,1.43025,1.00,1.00
2016.04.20 22:11:24.648,1.42989,1.43024,1.00,1.00
2016.04.20 22:11:25.366,1.42989,1.43025,1.00,1.00
2016.04.20 22:11:25.984,1.42989,1.43024,1.00,1.00
2016.04.20 22:11:27.061,1.42989,1.43025,1.00,1.00
2016.04.20 22:11:28.254,1.4299,1.43025,1.00,1.00
2016.04.20 22:11:28.838,1.42989,1.43025,1.00,1.00
2016.04.20 22:11:33.762,1.42989,1.43024,1.00,1.00
2016.04.20 22:11:35.071,1.42989,1.43025,1.50,1.00
2016.04.20 22:11:36.666,1.42989,1.43024,1.50,1.00
2016.04.20 22:11:37.108,1.42989,1.43026,1.00,1.00
2016.04.20 22:11:38.313,1.42989,1.43024,1.00,1.00
2016.04.20 22:11:38.830,1.42988,1.43024,1.00,1.00
2016.04.20 22:11:39.338,1.42989,1.43025,1.00,1.00
2016.04.20 22:11:42.374,1.4299,1.43025,1.00,1.00
2016.04.20 22:11:42.888,1.4299,1.43024,1.00,1.00
2016.04.20 22:11:43.435,1.42989,1.43024,1.00,1.00
2016.04.20 22:11:44.180,1.42988,1.43024,1.00,1.00
2016.04.20 22:11:44.864,1.42989,1.43024,1.00,1.00
2016.04.20 22:11:45.366,1.42988,1.43024,1.00,1.00
2016.04.20 22:11:47.325,1.4299,1.43024,1.00,1.00
2016.04.20 22:11:48.323,1.42988,1.43024,1.00,1.00
2016.04.20 22:11:48.852,1.42989,1.43024,1.00,1.00
2016.04.20 22:11:56.836,1.4299,1.43024,1.00,1.00
2016.04.20 22:11:57.366,1.42989,1.43025,1.50,1.00
2016.04.20 22:11:57.895,1.42989,1.43024,1.50,1.00
2016.04.20 22:11:58.818,1.42991,1.43025,1.00,1.00
2016.04.20 22:11:59.819,1.4299,1.43025,1.00,1.00
2016.04.20 22:12:00.344,1.42989,1.43024,1.50,1.00
2016.04.20 22:12:01.150,1.42989,1.43025,1.50,1.00
2016.04.20 22:12:01.684,1.42989,1.43024,1.50,1.00
2016.04.20 22:12:09.747,1.42991,1.43025,1.00,1.00
2016.04.20 22:12:10.849,1.42991,1.43024,1.00,1.00
2016.04.20 22:12:11.845,1.42991,1.43025,1.00,1.00
2016.04.20 22:12:12.632,1.42991,1.43024,1.00,1.00
2016.04.20 22:12:13.236,1.42991,1.43025,1.00,1.00
2016.04.20 22:12:13.751,1.42991,1.43024,1.00,1.00
2016.04.20 22:12:15.076,1.42991,1.43025,1.00,1.00
2016.04.20 22:12:16.806,1.42989,1.43025,1.00,1.50
2016.04.20 22:12:16.858,1.42987,1.43023,1.00,1.00
2016.04.20 22:12:16.961,1.42983,1.43022,1.00,1.00
2016.04.20 22:12:17.966,1.42984,1.43022,1.00,1.00
2016.04.20 22:12:18.522,1.42985,1.43022,1.00,1.50
2016.04.20 22:12:31.995,1.42985,1.43023,1.50,1.00
2016.04.20 22:12:32.503,1.42985,1.43022,1.00,1.00
2016.04.20 22:12:33.985,1.42986,1.43022,1.00,1.00
2016.04.20 22:12:34.543,1.42988,1.43022,1.00,1.00
2016.04.20 22:12:36.520,1.42988,1.43023,1.00,1.00
2016.04.20 22:12:37.335,1.42992,1.43024,1.00,1.00
2016.04.20 22:12:37.640,1.42992,1.43022,1.00,1.00
2016.04.20 22:12:37.742,1.4299,1.43022,1.00,1.00
2016.04.20 22:12:43.697,1.42994,1.43024,1.00,1.00
2016.04.20 22:12:44.002,1.42989,1.43024,1.00,1.00
2016.04.20 22:12:44.206,1.42989,1.43022,1.00,1.00
2016.04.20 22:12:45.444,1.42989,1.43023,1.00,1.00
2016.04.20 22:12:45.956,1.42989,1.43022,1.00,1.00
2016.04.20 22:12:47.931,1.42989,1.43023,1.00,1.50
2016.04.20 22:12:48.592,1.42987,1.43023,1.00,1.50
2016.04.20 22:12:49.095,1.42987,1.43022,1.00,1.00
2016.04.20 22:12:50.329,1.42987,1.43023,1.00,1.50
2016.04.20 22:12:51.910,1.42987,1.43022,1.00,1.00
2016.04.20 22:13:12.425,1.4299,1.43022,1.00,1.00
2016.04.20 22:13:13.888,1.42985,1.43016,1.50,1.00
2016.04.20 22:13:13.991,1.42984,1.43019,1.00,1.50
2016.04.20 22:13:14.181,1.42984,1.43017,1.00,1.00
2016.04.20 22:13:14.233,1.4298,1.43017,1.00,1.00
2016.04.20 22:13:14.437,1.4298,1.43019,1.50,1.00
2016.04.20 22:13:14.967,1.4298,1.43018,1.00,1.00
2016.04.20 22:13:16.935,1.42984,1.43018,1.00,1.00
2016.04.20 22:13:17.146,1.42984,1.43022,1.00,1.50
2016.04.20 22:13:17.919,1.42984,1.4302,1.00,1.00
2016.04.20 22:13:18.425,1.42984,1.43019,1.00,1.00
2016.04.20 22:13:42.243,1.42983,1.43019,1.00,1.50
2016.04.20 22:13:57.200,1.42984,1.43019,1.00,1.00
2016.04.20 22:14:04.409,1.42984,1.43018,1.00,1.00
2016.04.20 22:14:08.295,1.42984,1.43017,1.00,1.00
2016.04.20 22:14:08.397,1.42984,1.43019,1.00,1.00
2016.04.20 22:14:10.029,1.42984,1.43018,1.50,1.00
2016.04.20 22:14:14.266,1.42986,1.43018,1.00,1.00
2016.04.20 22:14:22.253,1.42986,1.43019,1.00,1.00
2016.04.20 22:14:24.239,1.42984,1.43019,1.50,1.00
2016.04.20 22:14:24.581,1.42986,1.43019,1.00,1.00
2016.04.20 22:14:25.039,1.42988,1.43019,1.00,1.00
2016.04.20 22:14:27.337,1.42984,1.43019,1.50,1.00
2016.04.20 22:14:27.591,1.42988,1.43018,1.00,1.00
2016.04.20 22:14:30.754,1.42989,1.43018,1.00,1.00
2016.04.20 22:14:31.439,1.42988,1.43018,1.00,1.00
2016.04.20 22:14:32.975,1.42984,1.43018,1.50,1.00
2016.04.20 22:14:33.917,1.42984,1.43017,1.50,1.00
2016.04.20 22:14:36.566,1.42984,1.43018,1.00,1.00
2016.04.20 22:14:37.115,1.42984,1.43017,1.00,1.00
2016.04.20 22:14:44.178,1.42984,1.43016,1.00,1.00
2016.04.20 22:14:50.900,1.42983,1.43016,1.50,1.00
2016.04.20 22:14:58.356,1.42982,1.43016,1.00,1.00
2016.04.20 22:15:02.307,1.42982,1.43014,1.00,1.00
2016.04.20 22:15:02.358,1.42979,1.43012,1.50,1.00
2016.04.20 22:15:02.467,1.42977,1.43006,1.00,1.00
2016.04.20 22:15:02.666,1.4297,1.43005,1.00,1.00
2016.04.20 22:15:03.550,1.4297,1.43006,1.00,1.00
2016.04.20 22:15:03.653,1.42979,1.4301,1.00,1.00
2016.04.20 22:15:03.704,1.42977,1.4301,1.00,1.00
2016.04.20 22:15:03.755,1.42988,1.4301,1.00,1.00
2016.04.20 22:15:03.806,1.42988,1.43014,1.00,1.00
2016.04.20 22:15:03.857,1.42981,1.4302,1.00,1.50
2016.04.20 22:15:04.021,1.42983,1.4302,1.00,1.00
2016.04.20 22:15:04.992,1.42985,1.4302,1.00,1.00
2016.04.20 22:15:06.902,1.42984,1.4302,1.00,1.00
2016.04.20 22:15:09.757,1.42983,1.4302,1.50,1.00
2016.04.20 22:15:13.882,1.42981,1.43019,1.50,1.00
2016.04.20 22:15:15.966,1.42982,1.43019,1.00,1.00
2016.04.20 22:15:18.393,1.42983,1.43019,1.00,1.00
2016.04.20 22:15:19.485,1.42984,1.43019,1.00,1.00
2016.04.20 22:15:23.592,1.42985,1.43019,1.00,1.00
2016.04.20 22:15:23.874,1.42985,1.43022,1.50,2.25
2016.04.20 22:15:23.977,1.42988,1.43022,1.00,2.25
2016.04.20 22:15:24.079,1.42986,1.43022,1.00,2.25
2016.04.20 22:15:24.282,1.42985,1.4302,1.00,1.00
2016.04.20 22:15:26.702,1.42983,1.4302,1.50,1.00
2016.04.20 22:15:27.219,1.42984,1.4302,1.00,1.00
2016.04.20 22:15:27.816,1.42983,1.4302,1.50,1.00
2016.04.20 22:15:28.330,1.42984,1.4302,1.00,1.00
2016.04.20 22:15:28.878,1.42985,1.4302,1.00,1.00
2016.04.20 22:15:40.234,1.42984,1.4302,1.00,1.00
2016.04.20 22:15:40.773,1.42985,1.4302,1.00,1.00
2016.04.20 22:15:43.223,1.42983,1.4302,1.50,1.00
2016.04.20 22:15:43.444,1.42985,1.4302,1.00,1.00
2016.04.20 22:15:52.194,1.42985,1.43021,1.00,1.50
2016.04.20 22:15:53.435,1.42983,1.43021,1.00,1.00
2016.04.20 22:15:53.702,1.42985,1.43021,1.00,1.00
2016.04.20 22:15:56.115,1.42986,1.43021,1.00,1.00
2016.04.20 22:15:57.925,1.42983,1.43021,1.00,1.00
2016.04.20 22:15:59.123,1.42984,1.43021,1.00,1.00
2016.04.20 22:16:00.105,1.42983,1.43021,1.00,1.00
2016.04.20 22:16:00.207,1.42983,1.43018,1.00,1.00
2016.04.20 22:16:08.046,1.42984,1.43018,1.00,1.00
2016.04.20 22:16:08.342,1.42984,1.4302,1.50,1.00
2016.04.20 22:16:22.377,1.42985,1.4302,1.00,1.00
2016.04.20 22:16:22.923,1.42984,1.4302,1.50,1.00
2016.04.20 22:16:35.533,1.42982,1.43019,1.50,1.00
2016.04.20 22:16:53.068,1.42983,1.43019,1.00,1.00
2016.04.20 22:16:56.259,1.42982,1.43019,2.25,1.00
2016.04.20 22:17:00.775,1.42983,1.43019,1.00,1.00
2016.04.20 22:17:00.972,1.42982,1.43013,1.50,1.00
2016.04.20 22:17:01.176,1.42977,1.43013,1.50,1.00
2016.04.20 22:17:01.380,1.42977,1.4301,1.00,1.00
2016.04.20 22:17:01.989,1.42976,1.4301,1.50,1.00
2016.04.20 22:17:03.780,1.42977,1.4301,1.00,1.00
2016.04.20 22:17:05.072,1.42977,1.43006,1.00,1.00
2016.04.20 22:17:05.284,1.42971,1.43002,1.50,1.00
2016.04.20 22:17:05.387,1.42967,1.43002,1.00,1.00
2016.04.20 22:17:05.490,1.42965,1.42996,1.00,1.00
2016.04.20 22:17:05.846,1.42965,1.42999,1.00,1.00
2016.04.20 22:17:06.366,1.42966,1.42999,1.00,1.00
2016.04.20 22:17:06.902,1.42969,1.43003,1.00,1.00
2016.04.20 22:17:07.422,1.4297,1.43003,1.00,1.00
2016.04.20 22:17:07.961,1.42971,1.43003,1.00,1.00
2016.04.20 22:17:08.077,1.42967,1.43001,1.00,1.00
2016.04.20 22:17:14.777,1.42966,1.43001,1.00,1.00
2016.04.20 22:17:16.491,1.42968,1.43001,1.00,1.00
2016.04.20 22:17:17.007,1.42969,1.43001,1.00,1.00
2016.04.20 22:17:18.567,1.42969,1.43004,1.00,1.00
2016.04.20 22:17:19.084,1.4297,1.43004,1.00,1.00
2016.04.20 22:17:19.686,1.42969,1.43004,1.00,1.00
2016.04.20 22:17:20.217,1.42968,1.43004,1.50,1.00
2016.04.20 22:17:20.725,1.42969,1.43004,1.00,1.00
2016.04.20 22:17:21.585,1.42968,1.43004,1.50,1.00
2016.04.20 22:17:23.037,1.42969,1.43001,1.00,1.00
2016.04.20 22:17:24.901,1.42968,1.43001,1.00,1.00
2016.04.20 22:17:30.916,1.42966,1.43001,1.00,1.00
2016.04.20 22:17:31.494,1.42967,1.43001,1.00,1.00
2016.04.20 22:17:34.440,1.42968,1.43001,1.00,1.00
2016.04.20 22:17:34.991,1.42967,1.43001,1.00,1.00
2016.04.20 22:17:35.598,1.42968,1.43001,1.00,1.00
2016.04.20 22:17:36.193,1.42966,1.43001,1.00,1.00
2016.04.20 22:17:36.677,1.42969,1.43001,1.00,1.00
2016.04.20 22:17:36.779,1.4297,1.43003,1.00,1.00
2016.04.20 22:17:37.309,1.42969,1.43003,1.00,1.00
2016.04.20 22:17:37.874,1.42968,1.43003,1.50,1.00
2016.04.20 22:17:38.425,1.4297,1.43003,1.00,1.00
2016.04.20 22:17:39.235,1.4297,1.43001,1.00,1.00
2016.04.20 22:17:39.774,1.42969,1.43001,1.00,1.00
2016.04.20 22:17:40.927,1.4297,1.43001,1.00,1.00
2016.04.20 22:17:41.884,1.42969,1.43001,1.00,1.00
2016.04.20 22:17:45.784,1.42968,1.43001,1.00,1.00
2016.04.20 22:17:49.414,1.42967,1.43001,1.00,1.00
2016.04.20 22:17:49.930,1.42966,1.43001,1.00,1.00
2016.04.20 22:17:52.601,1.42968,1.43001,1.00,1.00
2016.04.20 22:17:53.102,1.42968,1.43002,1.00,1.00
2016.04.20 22:17:53.609,1.42969,1.43002,1.00,1.00
2016.04.20 22:17:54.149,1.42968,1.43002,1.00,1.00
2016.04.20 22:17:54.656,1.42969,1.43002,1.00,1.00
2016.04.20 22:17:55.157,1.4297,1.43002,1.00,1.00
2016.04.20 22:17:56.010,1.42969,1.43002,1.00,1.00
2016.04.20 22:17:56.323,1.42969,1.43,1.00,1.00
2016.04.20 22:17:56.425,1.42964,1.43,1.50,1.00
2016.04.20 22:17:56.801,1.42964,1.42997,1.00,1.00
2016.04.20 22:17:57.337,1.42963,1.42997,1.00,1.00
2016.04.20 22:18:00.876,1.42962,1.42997,1.00,1.00
2016.04.20 22:18:02.204,1.42963,1.42997,1.00,1.00
2016.04.20 22:18:03.001,1.42964,1.42997,1.00,1.00
2016.04.20 22:18:06.940,1.42965,1.42997,1.00,1.00
2016.04.20 22:18:07.479,1.42964,1.42997,1.00,1.00
2016.04.20 22:18:12.259,1.42963,1.42997,1.50,1.00
2016.04.20 22:18:14.347,1.42963,1.42996,1.50,1.00
2016.04.20 22:18:14.904,1.42963,1.42998,1.50,1.00
2016.04.20 22:18:22.123,1.42962,1.42998,2.25,1.00
2016.04.20 22:18:22.667,1.42963,1.42998,1.00,1.00
2016.04.20 22:18:23.925,1.42962,1.42998,1.50,1.00
2016.04.20 22:18:27.229,1.42962,1.42999,1.00,1.00
2016.04.20 22:18:27.840,1.42963,1.42999,1.00,1.00
2016.04.20 22:18:27.969,1.42961,1.42999,1.50,1.00
2016.04.20 22:18:33.172,1.42963,1.42999,1.00,1.50
2016.04.20 22:18:35.635,1.42964,1.42999,1.00,1.50
2016.04.20 22:18:35.737,1.42962,1.42999,1.00,1.50
2016.04.20 22:18:36.146,1.42964,1.42999,1.00,1.50
2016.04.20 22:18:36.654,1.42965,1.42999,1.00,1.00
2016.04.20 22:18:37.170,1.42964,1.42999,1.00,1.00
2016.04.20 22:18:42.195,1.42964,1.42998,1.00,1.00
2016.04.20 22:18:45.376,1.42965,1.42998,1.00,1.00
2016.04.20 22:18:47.471,1.42964,1.43001,1.50,1.00
2016.04.20 22:18:47.573,1.42969,1.43001,1.00,1.00
2016.04.20 22:18:47.625,1.42969,1.43005,1.00,1.00
2016.04.20 22:18:56.922,1.42969,1.43002,1.00,1.00
2016.04.20 22:18:57.126,1.42969,1.43005,1.50,1.00
2016.04.20 22:18:57.633,1.42969,1.43003,1.00,1.00
2016.04.20 22:19:14.262,1.42969,1.43001,1.00,1.00
2016.04.20 22:19:16.115,1.4297,1.43001,1.00,1.00
2016.04.20 22:19:16.486,1.4297,1.43005,1.00,1.00
2016.04.20 22:19:17.910,1.42969,1.43005,1.00,1.00
2016.04.20 22:19:19.480,1.42969,1.43002,1.00,1.00
2016.04.20 22:19:22.446,1.4297,1.43002,1.00,1.00
2016.04.20 22:19:24.015,1.42969,1.43002,1.00,1.00
2016.04.20 22:19:27.424,1.4297,1.43002,1.00,1.00
2016.04.20 22:19:33.341,1.4297,1.43,1.00,1.00
2016.04.20 22:19:36.153,1.4297,1.43001,1.00,1.00
2016.04.20 22:19:37.441,1.42968,1.43001,1.00,1.00
2016.04.20 22:19:38.865,1.42968,1.43004,2.25,1.00
2016.04.20 22:19:41.506,1.42968,1.43002,1.00,1.00
2016.04.20 22:19:46.294,1.42968,1.43,1.00,1.00
2016.04.20 22:19:46.396,1.42966,1.43,1.00,1.00
2016.04.20 22:19:46.448,1.42964,1.43,1.00,1.00
2016.04.20 22:19:46.549,1.42963,1.42996,1.00,1.00
2016.04.20 22:19:46.600,1.4296,1.42996,1.50,1.00
2016.04.20 22:19:46.786,1.42965,1.43001,1.00,1.00
2016.04.20 22:20:03.448,1.42966,1.43001,1.00,1.00
2016.04.20 22:20:03.734,1.42969,1.43005,1.00,1.50
2016.04.20 22:20:03.989,1.42975,1.43011,1.00,2.25
2016.04.20 22:20:04.598,1.42979,1.43015,1.00,1.50
2016.04.20 22:20:06.589,1.42976,1.43015,1.50,1.00
2016.04.20 22:20:06.792,1.42978,1.43015,1.00,1.00
2016.04.20 22:20:07.441,1.42977,1.43015,1.00,1.00
2016.04.20 22:20:15.320,1.42978,1.43015,1.00,1.00
2016.04.20 22:20:15.963,1.42979,1.43015,1.00,1.00
2016.04.20 22:20:16.416,1.4298,1.43017,1.00,1.50
2016.04.20 22:20:16.782,1.42979,1.43015,1.50,1.00
2016.04.20 22:20:27.231,1.42979,1.43016,1.00,1.00
2016.04.20 22:20:42.020,1.42978,1.43016,2.25,1.50
2016.04.20 22:20:50.767,1.4298,1.43016,1.00,1.00
2016.04.20 22:20:50.939,1.42978,1.43016,2.25,1.50
2016.04.20 22:20:52.195,1.42979,1.43015,1.00,1.00
2016.04.20 22:21:02.884,1.42982,1.43018,1.50,1.50
2016.04.20 22:21:03.428,1.42983,1.43018,1.00,1.50
2016.04.20 22:21:08.883,1.42984,1.43018,1.00,1.50
2016.04.20 22:21:09.746,1.42983,1.43018,1.00,1.50
2016.04.20 22:21:15.452,1.42984,1.43018,1.00,1.00
2016.04.20 22:21:16.583,1.42983,1.43018,1.12,1.00
2016.04.20 22:21:20.778,1.42981,1.43018,1.50,1.00
2016.04.20 22:21:21.184,1.42979,1.43018,1.87,1.00
2016.04.20 22:21:21.387,1.42981,1.43018,1.00,1.00
2016.04.20 22:21:21.725,1.42982,1.43015,1.00,1.00
2016.04.20 22:21:21.778,1.42986,1.43021,1.00,1.00
2016.04.20 22:21:21.880,1.42988,1.43023,1.00,1.50
2016.04.20 22:21:22.397,1.42987,1.43022,1.00,1.00
2016.04.20 22:21:22.753,1.42986,1.43018,1.00,1.00
2016.04.20 22:21:22.804,1.42983,1.43018,1.00,1.00
2016.04.20 22:21:23.007,1.42981,1.43018,1.50,1.00
2016.04.20 22:21:27.441,1.42981,1.43016,1.00,1.00
2016.04.20 22:21:27.747,1.42973,1.43007,1.00,1.00
2016.04.20 22:21:36.480,1.4297,1.43003,1.50,1.00
2016.04.20 22:21:36.990,1.4297,1.43003,1.00,1.00
2016.04.20 22:21:37.617,1.42968,1.43003,1.00,1.00
2016.04.20 22:21:38.501,1.42971,1.43005,1.00,1.00
2016.04.20 22:21:59.129,1.42974,1.43009,1.00,1.00
2016.04.20 22:21:59.485,1.42974,1.43009,1.87,1.00
2016.04.20 22:22:00.105,1.42977,1.43013,1.12,1.00
2016.04.20 22:22:00.465,1.42976,1.43011,1.50,1.00
2016.04.20 22:22:01.526,1.42976,1.43011,1.12,1.00
2016.04.20 22:22:03.851,1.42977,1.43011,1.00,1.00
2016.04.20 22:22:04.638,1.42977,1.43013,1.00,1.00
2016.04.20 22:22:06.725,1.42976,1.43013,1.50,1.00
2016.04.20 22:22:07.319,1.42977,1.43013,1.00,1.00
2016.04.20 22:22:17.192,1.42977,1.43012,1.50,1.00
2016.04.20 22:22:18.249,1.42979,1.43013,1.00,1.00
2016.04.20 22:22:18.351,1.42979,1.43015,1.87,1.00
2016.04.20 22:22:18.470,1.42983,1.43015,1.00,1.00
2016.04.20 22:22:18.521,1.42984,1.43018,1.50,1.00
2016.04.20 22:22:18.726,1.42987,1.43018,1.00,1.00
2016.04.20 22:22:28.402,1.42987,1.43019,1.50,1.00
2016.04.20 22:22:29.642,1.42988,1.43019,1.00,1.00
2016.04.20 22:22:31.144,1.42987,1.43019,1.50,1.00
2016.04.20 22:22:36.576,1.42988,1.43019,1.00,1.00
2016.04.20 22:22:36.730,1.42989,1.43022,1.00,1.00
2016.04.20 22:22:38.456,1.42984,1.43019,2.25,1.00
2016.04.20 22:22:38.958,1.42984,1.43019,1.00,1.00
2016.04.20 22:22:56.255,1.42983,1.43017,1.00,1.00
2016.04.20 22:23:05.022,1.42983,1.43019,1.00,1.00
2016.04.20 22:23:05.509,1.42985,1.43022,1.00,1.00
2016.04.20 22:23:17.635,1.42986,1.43022,1.00,1.00
2016.04.20 22:23:22.353,1.42986,1.43023,1.00,1.00
2016.04.20 22:23:22.887,1.42986,1.43022,1.00,1.00
2016.04.20 22:23:27.061,1.42984,1.43022,1.12,1.50
2016.04.20 22:23:27.366,1.42981,1.43019,1.00,1.00
2016.04.20 22:23:42.396,1.42977,1.4302,1.50,1.00
2016.04.20 22:23:43.959,1.42977,1.4302,1.50,1.00
2016.04.20 22:23:45.551,1.42977,1.4302,1.37,1.00
2016.04.20 22:23:52.202,1.42981,1.43019,1.00,1.00
2016.04.20 22:23:53.927,1.42978,1.43016,1.50,1.00
2016.04.20 22:23:54.232,1.42974,1.43011,1.00,1.00
2016.04.20 22:23:54.569,1.42967,1.43007,2.25,1.00
2016.04.20 22:24:04.414,1.42968,1.43007,1.00,1.00
2016.04.20 22:24:11.473,1.4297,1.43008,1.00,1.50
2016.04.20 22:24:13.416,1.42968,1.43005,1.50,1.00
2016.04.20 22:24:14.430,1.42969,1.43005,1.00,1.00
2016.04.20 22:24:20.249,1.42971,1.43009,1.00,1.50
2016.04.20 22:24:32.039,1.42971,1.43006,1.00,1.00
2016.04.20 22:24:42.330,1.42971,1.43007,1.00,1.00
2016.04.20 22:24:44.377,1.42969,1.43007,1.00,1.00
2016.04.20 22:24:46.315,1.42968,1.43007,1.00,1.00
2016.04.20 22:24:54.390,1.4297,1.43007,1.00,1.00
2016.04.20 22:24:56.093,1.42971,1.43007,1.00,1.00
2016.04.20 22:24:57.198,1.42971,1.43006,1.00,1.00
2016.04.20 22:24:57.319,1.42973,1.43009,1.00,1.00
2016.04.20 22:24:57.623,1.42971,1.4301,1.00,1.50
2016.04.20 22:24:58.473,1.42971,1.43007,1.00,1.00
2016.04.20 22:25:00.158,1.42971,1.43006,1.00,1.00
2016.04.20 22:25:04.318,1.42969,1.43006,1.00,1.00
2016.04.20 22:25:04.868,1.4297,1.43006,1.00,1.00
2016.04.20 22:25:11.031,1.42969,1.43006,1.00,1.00
2016.04.20 22:25:12.452,1.42969,1.43009,1.00,1.00
2016.04.20 22:25:14.333,1.4297,1.43009,1.00,1.00
2016.04.20 22:25:22.223,1.4297,1.43006,1.00,1.00
2016.04.20 22:25:24.349,1.42968,1.43006,1.50,1.00
2016.04.20 22:25:25.447,1.4297,1.43006,1.00,1.00
2016.04.20 22:25:27.067,1.42971,1.4301,1.00,1.50
2016.04.20 22:25:31.118,1.42973,1.43011,1.00,1.00
2016.04.20 22:25:42.717,1.42972,1.43015,1.50,1.50
2016.04.20 22:25:46.741,1.42972,1.43007,2.25,1.00
2016.04.20 22:25:47.045,1.42972,1.43004,1.00,1.00
2016.04.20 22:25:54.420,1.42973,1.43004,1.00,1.00
2016.04.20 22:26:04.317,1.42972,1.43004,1.00,1.00
2016.04.20 22:26:06.996,1.42972,1.42999,1.00,1.00
2016.04.20 22:26:07.508,1.42971,1.42999,1.00,1.00
2016.04.20 22:26:13.457,1.42972,1.42999,1.00,1.00
2016.04.20 22:26:13.882,1.42967,1.42999,1.00,1.00
2016.04.20 22:26:21.997,1.42966,1.42999,3.00,1.00
2016.04.20 22:26:22.048,1.42966,1.43003,3.75,1.00
2016.04.20 22:26:22.100,1.42967,1.43003,1.87,1.00
2016.04.20 22:26:22.433,1.42967,1.42999,1.75,1.00
2016.04.20 22:26:22.636,1.42966,1.42999,1.50,1.00
2016.04.20 22:26:23.140,1.42967,1.42999,1.00,1.00
2016.04.20 22:26:23.805,1.42968,1.42999,1.00,1.00
2016.04.20 22:26:33.825,1.42972,1.42999,1.00,1.00
2016.04.20 22:26:38.143,1.42972,1.43004,1.00,1.00
2016.04.20 22:26:38.901,1.42972,1.43,1.00,1.00
2016.04.20 22:26:42.533,1.42972,1.42997,1.00,1.00
2016.04.20 22:26:43.843,1.42969,1.42997,1.00,1.00
2016.04.20 22:26:52.594,1.42968,1.42997,1.50,1.00
2016.04.20 22:26:53.785,1.42971,1.42997,1.00,1.00
2016.04.20 22:26:57.918,1.42971,1.43003,1.00,1.00
2016.04.20 22:27:03.780,1.42975,1.43003,1.00,1.00
2016.04.20 22:27:12.245,1.42975,1.43004,1.00,1.00
2016.04.20 22:27:13.790,1.42977,1.43004,1.00,1.00
2016.04.20 22:27:14.379,1.42977,1.43008,1.12,1.00
2016.04.20 22:27:14.532,1.42979,1.43008,1.37,1.00
2016.04.20 22:27:14.685,1.42979,1.43013,1.50,1.00
2016.04.20 22:27:18.954,1.42978,1.4301,1.50,1.00
2016.04.20 22:27:23.731,1.42977,1.4301,1.12,1.00
2016.04.20 22:27:24.036,1.42978,1.43003,1.00,1.00
2016.04.20 22:27:24.569,1.42975,1.43003,1.00,1.00
2016.04.20 22:27:34.580,1.42973,1.43003,1.00,1.00
2016.04.20 22:27:44.546,1.42973,1.43005,1.12,1.00
2016.04.20 22:27:44.954,1.42974,1.43008,1.12,1.00
2016.04.20 22:27:54.786,1.42982,1.43008,1.00,1.00
2016.04.20 22:28:06.802,1.42982,1.43003,1.00,1.00
2016.04.20 22:28:07.005,1.42976,1.43003,1.00,1.00
2016.04.20 22:28:17.009,1.42975,1.43003,1.00,1.00
2016.04.20 22:28:17.528,1.42975,1.43004,1.00,1.00
2016.04.20 22:28:27.176,1.42973,1.43004,1.00,1.00
2016.04.20 22:28:27.683,1.42973,1.43003,1.00,1.00
2016.04.20 22:28:39.845,1.42974,1.43003,1.00,1.00
2016.04.20 22:28:47.013,1.42976,1.43003,1.00,1.00
2016.04.20 22:28:51.667,1.42975,1.43003,1.00,1.00
2016.04.20 22:28:56.975,1.42979,1.43003,1.00,1.00
2016.04.20 22:29:06.989,1.42977,1.43003,1.00,1.00
2016.04.20 22:29:17.003,1.42978,1.43003,1.00,1.00
2016.04.20 22:29:23.537,1.42977,1.43003,1.00,1.00
2016.04.20 22:29:24.220,1.42978,1.43003,1.00,1.00
2016.04.20 22:29:37.042,1.42976,1.43003,1.00,1.00
2016.04.20 22:29:46.957,1.42975,1.43003,1.00,1.00
2016.04.20 22:29:54.009,1.42975,1.43,1.00,1.00
2016.04.20 22:29:54.203,1.42969,1.43,1.12,1.00
2016.04.20 22:29:54.411,1.42969,1.42998,1.00,1.00
2016.04.20 22:29:58.425,1.42968,1.42998,1.00,1.00
2016.04.20 22:29:59.952,1.42968,1.42999,1.00,1.00
2016.04.20 22:30:00.257,1.42968,1.43002,1.00,1.00
2016.04.20 22:30:00.793,1.42969,1.43002,1.00,1.00
2016.04.20 22:30:00.946,1.42969,1.43004,1.00,1.00
2016.04.20 22:30:04.104,1.4297,1.43004,1.00,1.00
2016.04.20 22:30:04.527,1.4297,1.43007,1.50,1.00
2016.04.20 22:30:06.882,1.4297,1.43005,1.00,1.00
2016.04.20 22:30:09.614,1.42971,1.43007,1.50,1.00
2016.04.20 22:30:13.177,1.42974,1.4301,1.00,1.00
2016.04.20 22:30:13.431,1.42977,1.43014,1.00,1.00
2016.04.20 22:30:23.394,1.42978,1.43014,1.00,1.00
2016.04.20 22:30:28.763,1.42977,1.43014,1.50,1.00
2016.04.20 22:30:31.667,1.42981,1.43016,1.00,1.00
2016.04.20 22:30:31.976,1.42984,1.4302,1.00,1.00
2016.04.20 22:30:37.565,1.4299,1.43023,1.00,1.00
2016.04.20 22:30:38.081,1.4299,1.43024,1.00,1.00
2016.04.20 22:30:41.975,1.4299,1.43023,1.00,1.00
2016.04.20 22:30:45.496,1.4299,1.43024,1.00,1.00
2016.04.20 22:30:51.684,1.42989,1.43024,1.00,1.50
2016.04.20 22:30:51.887,1.42987,1.43023,1.00,1.00
2016.04.20 22:30:52.040,1.42983,1.43018,1.75,1.00
2016.04.20 22:30:52.091,1.42983,1.43018,1.00,1.00
2016.04.20 22:30:52.396,1.42981,1.43018,1.00,1.00
2016.04.20 22:30:53.995,1.42983,1.43021,1.00,1.00
2016.04.20 22:30:54.203,1.4298,1.43016,1.00,1.00
2016.04.20 22:30:54.509,1.42978,1.43014,1.50,1.00
2016.04.20 22:30:55.011,1.42978,1.43014,1.00,1.00
2016.04.20 22:30:57.466,1.42977,1.43014,1.50,1.00
2016.04.20 22:30:59.281,1.42975,1.43011,1.00,1.00
2016.04.20 22:31:02.241,1.42979,1.43014,1.00,1.00
2016.04.20 22:31:04.312,1.4298,1.43015,1.00,1.00
2016.04.20 22:31:06.394,1.42981,1.43015,1.00,1.00
2016.04.20 22:31:12.696,1.4298,1.43015,1.00,1.00
2016.04.20 22:31:14.142,1.42979,1.43015,1.00,1.00
2016.04.20 22:31:14.472,1.42981,1.43015,1.00,1.00
2016.04.20 22:31:14.925,1.42979,1.43015,1.50,1.00
2016.04.20 22:31:25.145,1.42982,1.43018,1.00,1.00
2016.04.20 22:31:26.107,1.42985,1.43021,1.50,1.00
2016.04.20 22:31:26.417,1.42988,1.43022,1.00,1.00
2016.04.20 22:31:39.833,1.42984,1.43022,2.25,1.50
2016.04.20 22:31:41.783,1.42984,1.43022,1.87,1.50
2016.04.20 22:31:42.316,1.42985,1.43022,1.00,1.50
2016.04.20 22:31:42.817,1.42984,1.43022,1.00,1.50
2016.04.20 22:31:43.885,1.42985,1.43022,1.00,2.25
2016.04.20 22:31:46.460,1.42986,1.43022,1.00,2.25
2016.04.20 22:31:53.159,1.42986,1.43019,1.00,1.00
2016.04.20 22:32:03.176,1.42986,1.43017,1.00,1.00
2016.04.20 22:32:09.490,1.42985,1.43017,1.50,1.00
2016.04.20 22:32:10.122,1.42985,1.43015,1.50,1.00
2016.04.20 22:32:10.632,1.42984,1.43015,1.00,1.00
2016.04.20 22:32:11.394,1.42982,1.43015,1.50,1.00
2016.04.20 22:32:11.649,1.42984,1.43015,1.00,1.00
2016.04.20 22:32:11.701,1.42984,1.43019,1.50,1.50
2016.04.20 22:32:11.803,1.42989,1.43019,1.00,1.00
2016.04.20 22:32:11.904,1.42987,1.43019,1.00,1.00
2016.04.20 22:32:12.108,1.42985,1.43019,1.00,1.00
2016.04.20 22:32:12.643,1.42986,1.43019,1.00,1.00
2016.04.20 22:32:13.210,1.42993,1.43023,1.00,1.00
2016.04.20 22:32:13.414,1.42994,1.43025,1.00,1.00
2016.04.20 22:32:13.516,1.42994,1.43023,1.00,1.00
2016.04.20 22:32:13.618,1.42994,1.43025,1.00,1.00
2016.04.20 22:32:14.132,1.42993,1.43023,1.00,1.00
2016.04.20 22:32:14.640,1.42992,1.43023,1.00,1.00
2016.04.20 22:32:17.726,1.42991,1.43023,1.00,1.00
2016.04.20 22:32:20.944,1.42991,1.43024,1.00,1.00
2016.04.20 22:32:21.251,1.42993,1.43024,1.00,1.00
2016.04.20 22:32:25.754,1.42991,1.43023,1.00,1.50
2016.04.20 22:32:27.023,1.42991,1.43024,1.50,1.00
2016.04.20 22:32:27.570,1.42991,1.43023,1.50,1.00
2016.04.20 22:32:28.124,1.42993,1.43023,1.00,1.00
2016.04.20 22:32:28.341,1.42991,1.43023,1.50,1.00
2016.04.20 22:32:41.635,1.42991,1.43024,1.50,1.00
2016.04.20 22:32:42.535,1.42991,1.43023,1.50,1.00
2016.04.20 22:32:53.578,1.42998,1.43023,1.00,1.00
2016.04.20 22:32:53.781,1.43,1.43027,1.00,1.00
2016.04.20 22:32:53.883,1.42998,1.43027,1.50,1.00
2016.04.20 22:32:54.391,1.42996,1.43024,1.00,1.00
2016.04.20 22:32:54.493,1.42994,1.43024,1.00,1.00
2016.04.20 22:32:56.807,1.42991,1.43023,1.00,1.00
2016.04.20 22:32:56.960,1.42989,1.43023,1.50,1.00
2016.04.20 22:32:57.798,1.42989,1.43022,1.50,1.00
2016.04.20 22:32:59.187,1.42989,1.43023,1.50,1.00
2016.04.20 22:32:59.290,1.42992,1.43022,1.00,1.00
2016.04.20 22:32:59.795,1.42992,1.43023,1.00,1.00
2016.04.20 22:33:08.252,1.42995,1.43023,1.00,1.00
2016.04.20 22:33:08.557,1.42998,1.43024,1.00,1.00
2016.04.20 22:33:08.608,1.42998,1.43026,1.00,1.00
2016.04.20 22:33:09.117,1.42999,1.43027,1.00,1.00
2016.04.20 22:33:09.645,1.42998,1.43026,1.50,1.00
2016.04.20 22:33:10.932,1.42998,1.43027,1.50,1.00
2016.04.20 22:33:11.406,1.42998,1.43025,1.50,1.00
2016.04.20 22:33:11.955,1.43,1.43025,1.00,1.00
2016.04.20 22:33:12.463,1.43,1.43026,1.00,1.00
2016.04.20 22:33:14.544,1.43,1.43028,1.50,1.00
2016.04.20 22:33:14.715,1.43003,1.43029,1.00,1.00
2016.04.20 22:33:15.121,1.43005,1.4303,1.00,1.50
2016.04.20 22:33:16.240,1.43004,1.4303,1.00,1.50
2016.04.20 22:33:21.747,1.43006,1.4303,1.00,1.50
2016.04.20 22:33:23.330,1.43007,1.4303,1.00,1.50
2016.04.20 22:33:23.433,1.43001,1.4303,1.00,1.50
2016.04.20 22:33:23.535,1.43,1.43026,1.00,1.00
2016.04.20 22:33:24.073,1.43,1.43025,1.00,1.00
2016.04.20 22:33:27.744,1.43,1.43026,1.00,1.00
2016.04.20 22:33:28.265,1.43,1.43025,1.00,1.00
2016.04.20 22:33:31.286,1.42999,1.43025,1.00,1.00
2016.04.20 22:33:31.793,1.42998,1.43024,1.00,1.00
2016.04.20 22:33:32.765,1.42998,1.43025,1.50,1.00
2016.04.20 22:33:34.304,1.42999,1.43025,1.00,1.00
2016.04.20 22:33:34.861,1.43,1.43026,1.00,1.00
2016.04.20 22:33:35.570,1.43,1.43025,1.00,1.00
2016.04.20 22:33:36.378,1.42998,1.43026,1.00,1.00
2016.04.20 22:33:36.886,1.42998,1.43025,1.00,1.00
2016.04.20 22:33:43.366,1.42998,1.43026,1.00,1.00
2016.04.20 22:33:43.904,1.42998,1.43025,1.00,1.00
2016.04.20 22:33:47.271,1.42998,1.43026,1.00,1.00
2016.04.20 22:33:51.494,1.42999,1.43026,1.00,1.00
2016.04.20 22:33:52.077,1.42999,1.43025,1.00,1.00
2016.04.20 22:34:00.396,1.42999,1.43024,1.00,1.00
2016.04.20 22:34:01.514,1.42995,1.43024,1.50,1.00
2016.04.20 22:34:02.002,1.42996,1.43026,1.00,1.00
2016.04.20 22:34:02.205,1.42996,1.43024,1.50,1.00
2016.04.20 22:34:06.634,1.42996,1.43025,1.50,1.00
2016.04.20 22:34:12.007,1.42996,1.43024,2.25,1.00
2016.04.20 22:34:15.443,1.42997,1.43024,1.00,1.00
2016.04.20 22:34:16.520,1.42997,1.43025,1.00,1.00
2016.04.20 22:34:17.378,1.42996,1.43025,2.25,1.00
2016.04.20 22:34:17.683,1.42993,1.43024,1.00,1.00
2016.04.20 22:34:18.267,1.42993,1.43023,1.00,1.00
2016.04.20 22:34:20.352,1.43,1.43023,1.00,1.00
2016.04.20 22:34:20.454,1.43,1.43026,1.50,1.00
2016.04.20 22:34:20.505,1.43004,1.43026,1.00,1.00
2016.04.20 22:34:20.658,1.43004,1.43028,1.00,1.00
2016.04.20 22:34:20.812,1.43,1.43028,1.87,1.00
2016.04.20 22:34:20.864,1.43,1.43026,1.00,1.00
2016.04.20 22:34:21.401,1.43,1.43027,1.00,1.00
2016.04.20 22:34:22.028,1.42994,1.43025,1.00,1.00
2016.04.20 22:34:22.231,1.42992,1.43022,1.50,1.00
2016.04.20 22:34:22.334,1.42989,1.43023,1.00,1.00
2016.04.20 22:34:22.601,1.42985,1.43019,1.00,1.00
2016.04.20 22:34:23.009,1.42985,1.43021,2.25,1.50
2016.04.20 22:34:26.064,1.42987,1.43021,1.00,1.50
2016.04.20 22:34:26.666,1.42985,1.43021,1.50,1.50
2016.04.20 22:34:27.739,1.42987,1.43021,1.00,1.50
2016.04.20 22:34:28.428,1.42987,1.43019,1.00,1.00
2016.04.20 22:34:28.581,1.42982,1.43015,1.50,1.00
2016.04.20 22:34:30.568,1.42984,1.43018,1.00,1.00
2016.04.20 22:34:32.563,1.42987,1.43021,1.00,1.00
2016.04.20 22:34:33.020,1.42989,1.43022,1.00,1.00
2016.04.20 22:34:33.327,1.42993,1.43022,1.00,1.00
2016.04.20 22:34:33.681,1.42995,1.43024,1.00,1.00
2016.04.20 22:34:33.987,1.42997,1.43025,1.00,1.00
2016.04.20 22:34:34.395,1.43,1.43025,1.00,1.00
2016.04.20 22:34:34.599,1.43001,1.43028,1.00,1.00
2016.04.20 22:34:35.143,1.43001,1.43029,1.00,1.00
2016.04.20 22:34:35.671,1.43001,1.43028,1.00,1.00
2016.04.20 22:34:38.687,1.43,1.43027,1.00,1.00
2016.04.20 22:34:39.213,1.43,1.43026,1.00,1.00
2016.04.20 22:34:40.483,1.43,1.43025,1.00,1.00
2016.04.20 22:34:42.766,1.43,1.43026,1.00,1.00
2016.04.20 22:34:44.884,1.43,1.43025,1.00,1.00
2016.04.20 22:34:45.323,1.42997,1.43025,1.50,1.00
2016.04.20 22:34:45.527,1.42995,1.43025,1.00,1.00
2016.04.20 22:34:45.578,1.42995,1.43023,1.00,1.00
2016.04.20 22:34:46.924,1.42994,1.43023,1.00,1.00
2016.04.20 22:34:47.401,1.42997,1.43022,1.00,1.00
2016.04.20 22:34:48.345,1.42995,1.43022,1.50,1.00
2016.04.20 22:34:48.881,1.42995,1.43023,1.00,1.00
2016.04.20 22:34:52.201,1.42997,1.43023,1.00,1.00
2016.04.20 22:34:52.505,1.43001,1.43024,1.00,1.00
2016.04.20 22:34:52.709,1.42995,1.43025,1.00,1.00
2016.04.20 22:34:52.912,1.42995,1.43023,1.00,1.00
2016.04.20 22:34:53.474,1.42995,1.43022,1.00,1.00
2016.04.20 22:34:58.430,1.42995,1.43023,1.00,1.00
2016.04.20 22:34:58.932,1.42995,1.43022,1.00,1.00
2016.04.20 22:35:00.576,1.42991,1.43022,1.75,1.00
2016.04.20 22:35:00.678,1.42991,1.43022,1.00,1.00
2016.04.20 22:35:00.983,1.42989,1.43022,1.12,1.00
2016.04.20 22:35:03.321,1.42994,1.43022,1.00,1.00
2016.04.20 22:35:03.693,1.42989,1.43022,1.12,1.00
2016.04.20 22:35:07.449,1.42988,1.43021,1.37,1.00
2016.04.20 22:35:07.552,1.42985,1.43017,1.37,1.00
2016.04.20 22:35:07.603,1.42985,1.43017,1.00,1.00
2016.04.20 22:35:08.110,1.42984,1.43017,1.50,1.00
2016.04.20 22:35:08.212,1.42986,1.43019,1.00,1.00
2016.04.20 22:35:08.516,1.42986,1.43019,1.75,1.00
2016.04.20 22:35:08.669,1.42987,1.43021,1.50,1.50
2016.04.20 22:35:10.054,1.42989,1.43021,1.00,1.00
2016.04.20 22:35:10.207,1.42989,1.43022,1.75,1.00
2016.04.20 22:35:20.035,1.4299,1.43022,1.37,1.00
2016.04.20 22:35:20.137,1.4299,1.43022,1.00,1.00
2016.04.20 22:35:21.574,1.4299,1.43023,1.50,2.25
2016.04.20 22:35:24.375,1.4299,1.43022,1.50,1.00
2016.04.20 22:35:24.957,1.4299,1.43021,1.50,1.00
2016.04.20 22:35:30.002,1.4299,1.43014,1.50,1.00
2016.04.20 22:35:31.835,1.4299,1.43015,1.50,1.00
2016.04.20 22:35:32.051,1.42992,1.43022,1.12,1.00
2016.04.20 22:35:37.971,1.42993,1.43022,1.00,1.00
2016.04.20 22:35:38.501,1.42992,1.43022,1.87,1.00
2016.04.20 22:35:42.966,1.42994,1.43022,1.00,1.00
2016.04.20 22:35:56.771,1.42995,1.43022,1.00,1.00
2016.04.20 22:35:59.233,1.43,1.43022,1.00,1.00
2016.04.20 22:35:59.437,1.43,1.43024,1.00,1.00
2016.04.20 22:35:59.538,1.42996,1.43024,1.87,1.00
2016.04.20 22:36:00.233,1.43001,1.43024,1.00,1.00
2016.04.20 22:36:00.781,1.43001,1.43025,1.00,1.00
2016.04.20 22:36:27.196,1.43,1.43025,1.00,1.00
2016.04.20 22:36:42.234,1.43001,1.43025,1.00,1.00
2016.04.20 22:36:42.887,1.43001,1.43026,1.00,1.00
2016.04.20 22:36:43.526,1.43001,1.43025,1.00,1.00
2016.04.20 22:36:44.093,1.43001,1.43024,1.00,1.00
2016.04.20 22:36:44.144,1.43001,1.43026,1.00,1.00
2016.04.20 22:36:44.646,1.43001,1.43025,1.00,1.00
2016.04.20 22:36:45.177,1.43002,1.43025,1.00,1.00
2016.04.20 22:36:48.519,1.43001,1.43023,1.50,1.00
2016.04.20 22:36:48.622,1.42997,1.43025,1.75,1.00
2016.04.20 22:36:48.674,1.42996,1.43025,1.00,1.00
2016.04.20 22:36:48.776,1.42992,1.43024,1.37,1.00
2016.04.20 22:36:48.828,1.42991,1.43022,1.00,1.00
2016.04.20 22:36:50.279,1.42993,1.43022,1.00,1.00
2016.04.20 22:36:50.635,1.42995,1.43022,1.00,1.00
2016.04.20 22:36:54.213,1.42997,1.43022,1.00,1.00
2016.04.20 22:36:54.519,1.42997,1.43024,1.00,1.00
2016.04.20 22:36:54.841,1.43001,1.43024,1.00,1.00
2016.04.20 22:36:55.009,1.43001,1.43026,1.00,1.00
2016.04.20 22:36:55.571,1.43002,1.43027,1.50,1.00
2016.04.20 22:37:00.151,1.43002,1.43026,1.00,1.00
2016.04.20 22:37:00.908,1.43001,1.43026,1.12,1.00
2016.04.20 22:37:03.151,1.43001,1.43025,1.12,1.00
2016.04.20 22:37:03.653,1.43001,1.43024,1.12,1.00
2016.04.20 22:37:04.878,1.43001,1.43025,1.12,1.00
2016.04.20 22:37:05.576,1.43001,1.43024,1.12,1.00
2016.04.20 22:37:09.359,1.43001,1.43025,1.12,1.00
2016.04.20 22:37:15.296,1.43001,1.43024,1.12,1.00
2016.04.20 22:37:15.859,1.43002,1.43025,1.00,1.00
2016.04.20 22:37:19.567,1.43002,1.43026,1.00,1.00
2016.04.20 22:37:20.320,1.43002,1.43025,1.00,1.00
2016.04.20 22:37:22.629,1.43001,1.43025,1.00,1.00
2016.04.20 22:37:22.781,1.42998,1.43023,1.00,1.00
2016.04.20 22:37:22.832,1.42992,1.43023,3.00,1.00
2016.04.20 22:37:23.340,1.42992,1.43022,1.50,1.00
2016.04.20 22:37:24.033,1.4299,1.43022,1.00,1.00
2016.04.20 22:37:24.681,1.42989,1.43021,1.50,1.00
2016.04.20 22:37:25.192,1.42988,1.4302,1.00,1.00
2016.04.20 22:37:26.312,1.42989,1.43021,1.00,1.00
2016.04.20 22:37:31.661,1.42991,1.43021,1.00,1.00
2016.04.20 22:37:33.155,1.42991,1.43022,1.00,1.50
2016.04.20 22:37:33.561,1.42993,1.43022,1.00,1.50
2016.04.20 22:37:42.722,1.42993,1.43023,1.00,1.00
2016.04.20 22:37:43.530,1.42993,1.43022,1.00,1.00
2016.04.20 22:37:47.197,1.42992,1.43022,1.00,1.00
2016.04.20 22:37:57.248,1.42993,1.43022,1.00,1.00
2016.04.20 22:38:05.608,1.42992,1.43022,1.00,1.00
2016.04.20 22:38:12.025,1.42992,1.43023,1.00,1.00
2016.04.20 22:38:17.192,1.42991,1.43023,1.12,1.00
2016.04.20 22:38:19.906,1.4299,1.43022,2.25,1.00
2016.04.20 22:38:21.271,1.42993,1.43022,1.12,1.00
2016.04.20 22:38:21.782,1.42993,1.43022,1.50,1.00
2016.04.20 22:38:22.304,1.42993,1.43023,1.50,1.00
2016.04.20 22:38:25.412,1.42993,1.43022,1.50,1.00
2016.04.20 22:38:29.842,1.42993,1.43023,1.50,1.00
2016.04.20 22:38:33.463,1.42994,1.43022,1.12,1.00
2016.04.20 22:38:41.410,1.42993,1.43022,1.50,1.00
2016.04.20 22:39:01.367,1.42992,1.43022,1.50,1.00
2016.04.20 22:39:01.871,1.42991,1.43022,1.00,1.00
2016.04.20 22:39:05.888,1.42991,1.43021,1.00,1.00
2016.04.20 22:39:06.192,1.42991,1.43023,1.00,1.50
2016.04.20 22:39:06.695,1.42991,1.43022,1.00,1.00
2016.04.20 22:39:11.376,1.4299,1.43022,1.87,1.00
2016.04.20 22:39:21.413,1.42991,1.43022,1.00,1.00
2016.04.20 22:39:28.094,1.42993,1.43022,1.00,1.00
2016.04.20 22:39:29.260,1.42993,1.43022,3.00,1.00
2016.04.20 22:39:30.008,1.42993,1.43022,1.00,1.00
2016.04.20 22:39:38.067,1.42992,1.43022,1.12,1.00
2016.04.20 22:39:45.375,1.42992,1.43023,1.12,1.00
2016.04.20 22:39:48.079,1.42994,1.43023,1.00,1.00
2016.04.20 22:39:50.379,1.42994,1.43022,1.00,1.00
2016.04.20 22:39:50.953,1.42994,1.43021,1.00,1.00
2016.04.20 22:39:52.113,1.42994,1.43022,1.00,1.00
2016.04.20 22:39:53.972,1.42993,1.43022,1.00,1.00
2016.04.20 22:39:54.277,1.42994,1.43023,2.25,1.00
2016.04.20 22:39:54.778,1.42994,1.43024,2.25,1.00
2016.04.20 22:39:58.289,1.42994,1.43025,2.25,1.00
2016.04.20 22:40:01.030,1.42994,1.43024,2.25,1.00
2016.04.20 22:40:02.619,1.42993,1.43025,3.37,1.00
2016.04.20 22:40:04.230,1.42994,1.43024,1.75,1.00
2016.04.20 22:40:04.886,1.42998,1.43024,1.00,1.00
2016.04.20 22:40:11.313,1.42998,1.43025,1.00,1.00
2016.04.20 22:40:12.033,1.42998,1.43024,1.00,1.00
2016.04.20 22:40:16.380,1.42998,1.43022,1.00,1.00
2016.04.20 22:40:16.435,1.42992,1.43022,1.12,1.00
2016.04.20 22:40:22.311,1.42994,1.43022,1.50,1.00
2016.04.20 22:40:29.036,1.42988,1.43022,2.25,1.50
2016.04.20 22:40:29.563,1.42989,1.43022,1.50,1.50
2016.04.20 22:40:30.113,1.42989,1.43022,1.87,1.00
2016.04.20 22:40:41.482,1.42991,1.43023,1.50,1.00
2016.04.20 22:40:42.620,1.42993,1.43023,1.00,1.00
2016.04.20 22:40:44.320,1.42993,1.43022,1.00,1.00
2016.04.20 22:40:44.853,1.42997,1.43022,1.00,1.00
2016.04.20 22:40:45.369,1.42997,1.43023,1.00,1.00
2016.04.20 22:40:46.423,1.42997,1.43024,1.00,1.50
2016.04.20 22:40:46.727,1.42997,1.43022,1.00,1.00
2016.04.20 22:40:47.531,1.42997,1.43023,1.00,1.50
2016.04.20 22:40:47.683,1.42989,1.43023,3.00,1.50
2016.04.20 22:40:48.219,1.42989,1.43022,2.25,1.00
2016.04.20 22:41:00.868,1.4299,1.43022,1.00,1.50
2016.04.20 22:41:03.951,1.4299,1.43022,1.50,1.50
2016.04.20 22:41:24.050,1.4299,1.43023,3.00,1.00
2016.04.20 22:41:24.569,1.42991,1.43022,1.12,1.00
2016.04.20 22:41:27.082,1.42991,1.43023,1.87,1.00
2016.04.20 22:41:28.114,1.4299,1.4302,1.50,1.00
2016.04.20 22:41:41.719,1.42986,1.4302,3.00,1.00
2016.04.20 22:41:45.661,1.42986,1.43017,3.00,1.00
2016.04.20 22:41:50.153,1.42988,1.43022,1.50,2.25
2016.04.20 22:41:50.306,1.4299,1.43022,1.37,2.25
2016.04.20 22:41:50.898,1.42991,1.43022,1.75,1.50
2016.04.20 22:42:12.373,1.42991,1.43022,1.00,1.00
2016.04.20 22:42:12.881,1.42988,1.43021,2.25,1.00
2016.04.20 22:42:13.673,1.4299,1.43022,1.12,1.00
2016.04.20 22:42:22.387,1.4299,1.43023,1.12,1.00
2016.04.20 22:42:22.894,1.4299,1.43022,1.12,1.00
2016.04.20 22:42:30.228,1.4299,1.43022,1.50,1.50
2016.04.20 22:42:30.883,1.42988,1.43021,2.25,1.00
2016.04.20 22:42:40.158,1.42988,1.43017,1.75,1.00
2016.04.20 22:42:47.333,1.42986,1.43017,2.62,1.00
2016.04.20 22:42:47.384,1.42988,1.43017,1.00,1.00
2016.04.20 22:42:52.867,1.42988,1.43019,1.00,1.00
2016.04.20 22:42:55.815,1.42988,1.43021,1.50,1.00
2016.04.20 22:43:03.967,1.42988,1.43021,1.50,1.00
2016.04.20 22:43:18.706,1.42986,1.43019,1.75,1.00
2016.04.20 22:43:21.680,1.42985,1.43019,3.75,1.00
2016.04.20 22:43:21.731,1.42985,1.43019,3.75,1.00
2016.04.20 22:43:30.085,1.42985,1.43018,1.50,1.00
2016.04.20 22:43:30.187,1.42983,1.43015,2.62,1.00
2016.04.20 22:43:37.773,1.42983,1.43013,1.87,1.00
2016.04.20 22:43:40.208,1.42983,1.43012,1.87,1.00
2016.04.20 22:43:41.788,1.42979,1.43012,4.12,1.00
2016.04.20 22:43:43.468,1.42983,1.43012,1.00,1.00
2016.04.20 22:43:43.620,1.42983,1.43018,1.87,1.00
2016.04.20 22:43:52.694,1.4298,1.43014,1.87,1.00
2016.04.20 22:43:52.746,1.4298,1.43014,1.12,1.00
2016.04.20 22:44:13.611,1.42981,1.43014,1.00,1.50
2016.04.20 22:44:31.923,1.42984,1.43015,1.00,1.00
2016.04.20 22:44:31.974,1.42984,1.43018,1.00,1.50
2016.04.20 22:44:32.025,1.42985,1.43018,1.37,1.12
2016.04.20 22:44:32.280,1.42986,1.4302,1.75,1.00
2016.04.20 22:44:32.636,1.42987,1.43022,1.50,2.25
2016.04.20 22:44:35.623,1.42989,1.43022,1.00,1.00
2016.04.20 22:44:35.941,1.42992,1.43022,1.00,1.00
2016.04.20 22:44:37.199,1.42987,1.43019,1.50,1.00
2016.04.20 22:44:37.752,1.42985,1.43018,3.00,1.50
2016.04.20 22:44:40.251,1.42985,1.43016,2.25,1.00
2016.04.20 22:44:40.516,1.42988,1.43019,1.50,1.50
2016.04.20 22:44:41.025,1.42988,1.43018,1.87,1.00
2016.04.20 22:44:41.547,1.42988,1.4302,2.62,1.50
2016.04.20 22:44:47.519,1.42989,1.43021,1.75,1.50
2016.04.20 22:44:50.511,1.42989,1.4302,1.75,1.00
2016.04.20 22:44:51.630,1.42989,1.43019,1.75,1.00
2016.04.20 22:44:53.590,1.42988,1.43018,1.87,1.00
2016.04.20 22:44:53.641,1.42988,1.43015,1.50,1.00
2016.04.20 22:44:53.692,1.42986,1.43015,1.00,1.00
2016.04.20 22:44:53.744,1.42986,1.43013,1.00,1.00
2016.04.20 22:44:53.846,1.42983,1.43013,1.00,1.00
2016.04.20 22:44:54.155,1.42981,1.43013,1.12,1.50
2016.04.20 22:44:55.637,1.42981,1.4301,1.12,1.00
2016.04.20 22:44:55.689,1.42977,1.43008,2.25,1.00
2016.04.20 22:44:55.741,1.42977,1.43005,2.25,1.50
2016.04.20 22:44:56.003,1.42974,1.43003,1.00,1.50
2016.04.20 22:44:59.140,1.42974,1.43004,1.00,1.00
2016.04.20 22:45:01.849,1.42974,1.43003,1.00,1.00
2016.04.20 22:45:08.764,1.42974,1.43006,1.50,1.50
2016.04.20 22:45:08.867,1.42974,1.43004,1.87,1.00
2016.04.20 22:45:09.377,1.42975,1.43004,1.75,1.00
2016.04.20 22:45:10.890,1.42975,1.43005,1.75,1.00
2016.04.20 22:45:15.017,1.42975,1.43007,2.25,1.00
2016.04.20 22:45:15.301,1.4298,1.4301,1.37,1.50
2016.04.20 22:45:23.088,1.42982,1.43013,1.00,1.00
2016.04.20 22:45:23.680,1.42983,1.43016,1.37,1.00
2016.04.20 22:45:24.188,1.42983,1.43015,2.62,1.00
2016.04.20 22:45:26.029,1.42983,1.43016,2.62,1.50
2016.04.20 22:45:28.085,1.42983,1.43015,1.87,1.00
2016.04.20 22:45:28.389,1.42982,1.4301,1.00,1.00
2016.04.20 22:45:29.115,1.42982,1.43011,1.00,1.50
2016.04.20 22:45:30.610,1.42982,1.43009,1.00,1.00
2016.04.20 22:45:31.152,1.42981,1.43009,1.00,1.00
2016.04.20 22:45:31.937,1.42977,1.43009,1.87,1.50
2016.04.20 22:45:33.155,1.42977,1.43008,1.87,1.00
2016.04.20 22:45:34.129,1.42977,1.43007,1.87,1.00
2016.04.20 22:45:34.231,1.42977,1.43009,1.87,1.50
2016.04.20 22:45:35.841,1.42979,1.4301,1.00,1.00
2016.04.20 22:45:38.199,1.42979,1.43011,1.00,1.00
2016.04.20 22:45:38.750,1.42979,1.43012,1.00,1.50
2016.04.20 22:45:39.375,1.42979,1.43011,1.00,1.00
2016.04.20 22:45:40.073,1.42981,1.43011,1.00,1.00
2016.04.20 22:45:40.277,1.42981,1.43013,1.50,1.50
2016.04.20 22:45:40.782,1.42979,1.43012,2.25,1.00
2016.04.20 22:45:40.986,1.42979,1.4301,1.00,1.00
2016.04.20 22:45:42.042,1.42979,1.43009,1.00,1.00
2016.04.20 22:45:49.358,1.42979,1.43007,1.00,1.00
2016.04.20 22:45:50.295,1.42977,1.43007,1.12,1.00
2016.04.20 22:45:52.360,1.42977,1.43006,1.87,1.00
2016.04.20 22:45:53.365,1.42977,1.43008,1.12,1.00
2016.04.20 22:45:54.474,1.42977,1.43006,1.87,1.00
2016.04.20 22:45:55.264,1.42977,1.43008,1.87,1.00
2016.04.20 22:45:56.093,1.42976,1.43007,1.37,1.00
2016.04.20 22:45:56.610,1.42976,1.43007,1.12,1.00
2016.04.20 22:45:59.077,1.42977,1.43005,1.00,1.00
2016.04.20 22:46:00.079,1.42977,1.43004,1.00,1.00
2016.04.20 22:46:00.728,1.42974,1.43004,1.75,1.00
2016.04.20 22:46:02.132,1.42973,1.43003,1.75,1.00
2016.04.20 22:46:04.132,1.42973,1.43002,1.75,1.00
2016.04.20 22:46:11.467,1.42973,1.43003,1.75,1.00
2016.04.20 22:46:12.012,1.42973,1.43004,1.75,1.50
2016.04.20 22:46:18.532,1.42976,1.43006,1.87,1.50
2016.04.20 22:46:22.546,1.42976,1.43005,1.12,1.00
2016.04.20 22:46:24.586,1.42976,1.43006,1.12,1.50
2016.04.20 22:46:40.230,1.42977,1.43006,1.00,1.00
2016.04.20 22:46:40.854,1.42975,1.43006,2.25,1.00
2016.04.20 22:46:41.742,1.42975,1.43006,2.25,1.50
2016.04.20 22:46:43.510,1.42976,1.43006,1.00,1.50
2016.04.20 22:46:45.119,1.42976,1.43005,1.00,1.00
2016.04.20 22:46:49.990,1.42978,1.43005,1.00,1.00
2016.04.20 22:46:50.042,1.42978,1.4301,1.87,1.50
2016.04.20 22:46:50.353,1.42982,1.4301,1.00,1.00
2016.04.20 22:47:04.341,1.42982,1.43012,1.00,1.50
2016.04.20 22:47:07.235,1.42982,1.43011,1.50,1.00
2016.04.20 22:47:08.256,1.42982,1.4301,1.00,1.00
2016.04.20 22:47:13.669,1.42982,1.43011,1.00,1.50
2016.04.20 22:47:13.771,1.42982,1.43009,1.00,1.00
2016.04.20 22:47:15.025,1.42982,1.43008,1.00,1.00
2016.04.20 22:47:16.546,1.42982,1.43009,1.00,1.00
2016.04.20 22:47:18.743,1.42981,1.43011,2.62,1.00
2016.04.20 22:47:19.087,1.42983,1.43011,1.00,1.00
2016.04.20 22:47:20.536,1.42983,1.43012,1.50,1.00
2016.04.20 22:47:30.264,1.42985,1.43012,1.00,1.00
2016.04.20 22:47:36.789,1.42985,1.43011,1.00,1.00
2016.04.20 22:47:40.565,1.42984,1.43013,1.00,1.00
2016.04.20 22:47:41.698,1.42985,1.43012,1.00,1.00
2016.04.20 22:47:43.716,1.42985,1.43011,1.00,1.00
2016.04.20 22:47:44.781,1.42985,1.43012,1.00,1.00
2016.04.20 22:47:47.793,1.42985,1.43011,1.00,1.00
2016.04.20 22:47:48.797,1.42984,1.43013,1.00,1.50
2016.04.20 22:47:50.979,1.42985,1.43013,1.00,1.50
2016.04.20 22:47:55.371,1.42986,1.43013,1.00,1.50
2016.04.20 22:47:56.086,1.42986,1.43012,1.00,1.00
2016.04.20 22:48:01.312,1.42986,1.43013,1.50,1.50
2016.04.20 22:48:02.117,1.42986,1.43011,1.00,1.00
2016.04.20 22:48:03.128,1.42986,1.43012,1.00,1.00
2016.04.20 22:48:04.999,1.42983,1.4301,1.50,1.00
2016.04.20 22:48:05.546,1.42981,1.4301,2.25,1.00
2016.04.20 22:48:06.038,1.42981,1.43008,1.50,1.00
2016.04.20 22:48:09.141,1.42981,1.43009,2.25,1.00
2016.04.20 22:48:10.347,1.42981,1.43008,1.50,1.50
2016.04.20 22:48:10.651,1.42981,1.43006,1.00,1.00
2016.04.20 22:48:11.189,1.4298,1.43005,1.00,1.00
2016.04.20 22:48:11.630,1.42981,1.43008,1.00,1.50
2016.04.20 22:48:12.648,1.42981,1.43007,1.00,1.00
2016.04.20 22:48:15.047,1.4298,1.43007,1.00,1.00
2016.04.20 22:48:21.835,1.42979,1.43007,1.50,1.00
2016.04.20 22:48:24.933,1.42979,1.43008,1.50,1.00
2016.04.20 22:48:26.171,1.4298,1.43009,1.12,1.50
2016.04.20 22:48:26.672,1.42981,1.43009,1.00,1.00
2016.04.20 22:48:27.257,1.42982,1.43011,1.00,1.00
2016.04.20 22:48:28.235,1.42981,1.43011,1.00,1.00
2016.04.20 22:48:28.737,1.42982,1.4301,1.00,1.00
2016.04.20 22:48:30.243,1.42981,1.4301,1.00,1.00
2016.04.20 22:48:31.286,1.4298,1.43007,1.12,1.00
2016.04.20 22:48:32.324,1.4298,1.43008,1.12,1.00
2016.04.20 22:48:34.291,1.4298,1.4301,1.00,1.50
2016.04.20 22:48:34.965,1.42979,1.4301,1.00,1.50
2016.04.20 22:48:35.067,1.42979,1.43008,1.00,1.00
2016.04.20 22:48:42.106,1.42979,1.43007,1.12,1.00
2016.04.20 22:48:51.983,1.42979,1.43008,1.12,1.00
2016.04.20 22:48:53.073,1.42979,1.43007,1.12,1.00
2016.04.20 22:48:54.993,1.42979,1.43006,1.87,1.00
2016.04.20 22:49:00.196,1.42979,1.43005,1.12,1.00
2016.04.20 22:49:01.122,1.42979,1.43006,1.87,1.00
2016.04.20 22:49:02.316,1.42979,1.43009,1.50,1.50
2016.04.20 22:49:03.163,1.42981,1.43009,1.00,1.00
2016.04.20 22:49:03.214,1.42981,1.43011,1.00,1.50
2016.04.20 22:49:03.266,1.42983,1.43011,1.00,1.00
2016.04.20 22:49:04.209,1.42984,1.43011,1.00,1.00
2016.04.20 22:49:04.516,1.42984,1.43015,1.00,1.00
2016.04.20 22:49:05.247,1.42984,1.43016,1.50,1.00
2016.04.20 22:49:09.250,1.42984,1.43015,1.00,1.00
2016.04.20 22:49:11.300,1.42984,1.43014,1.00,1.00
2016.04.20 22:49:12.340,1.42984,1.43015,1.00,1.50
2016.04.20 22:49:13.303,1.42984,1.43014,1.00,1.00
2016.04.20 22:49:14.527,1.42984,1.43015,1.00,1.50
2016.04.20 22:49:16.307,1.42984,1.43013,1.00,1.00
2016.04.20 22:49:18.309,1.42984,1.43014,1.00,1.00
2016.04.20 22:49:18.613,1.42983,1.43012,1.00,1.00
2016.04.20 22:49:19.222,1.42984,1.43012,1.00,1.00
2016.04.20 22:49:25.749,1.42984,1.43006,1.00,1.00
2016.04.20 22:49:25.800,1.42979,1.43006,2.25,1.00
2016.04.20 22:49:25.949,1.42979,1.4301,1.12,1.50
2016.04.20 22:49:26.498,1.42978,1.4301,1.00,1.00
2016.04.20 22:49:27.934,1.42978,1.43008,1.00,1.00
2016.04.20 22:49:31.016,1.42977,1.43008,1.00,1.50
2016.04.20 22:49:31.949,1.42978,1.43008,1.00,1.50
2016.04.20 22:49:32.939,1.42978,1.43007,1.00,1.00
2016.04.20 22:49:34.003,1.42978,1.43008,1.00,1.50
2016.04.20 22:49:41.077,1.42978,1.43007,1.00,1.00
2016.04.20 22:49:45.690,1.42978,1.43006,1.00,1.00
2016.04.20 22:49:48.373,1.42977,1.43005,1.00,1.50
2016.04.20 22:49:48.577,1.42973,1.43005,1.50,1.50
2016.04.20 22:49:48.628,1.42975,1.43005,1.00,1.50
2016.04.20 22:49:51.888,1.42975,1.43004,1.50,1.00
2016.04.20 22:49:52.948,1.42975,1.43005,1.00,1.00
2016.04.20 22:49:54.122,1.42974,1.43005,1.00,1.50
2016.04.20 22:49:58.098,1.42975,1.43005,1.00,1.00
2016.04.20 22:49:58.299,1.42973,1.43005,1.50,1.00
2016.04.20 22:50:00.917,1.42975,1.43005,1.00,1.50
2016.04.20 22:50:09.387,1.42975,1.43004,1.00,1.00
2016.04.20 22:50:09.750,1.42975,1.43006,1.00,1.00
2016.04.20 22:50:11.550,1.42976,1.43007,1.00,1.50
2016.04.20 22:50:11.865,1.42978,1.43007,1.00,1.00
2016.04.20 22:50:12.060,1.42978,1.43009,1.00,1.00
2016.04.20 22:50:12.561,1.4298,1.43012,1.00,3.00
2016.04.20 22:50:24.172,1.4298,1.43013,1.50,1.50
2016.04.20 22:50:28.147,1.42981,1.43014,1.00,1.50
2016.04.20 22:50:28.688,1.42981,1.43013,1.50,1.00
2016.04.20 22:50:29.191,1.42982,1.43014,1.00,1.50
2016.04.20 22:50:29.738,1.42981,1.43013,1.50,1.00
2016.04.20 22:50:31.839,1.42981,1.4301,1.00,1.00
2016.04.20 22:50:32.380,1.42982,1.4301,1.00,1.00
2016.04.20 22:50:39.065,1.42982,1.43004,1.00,1.00
2016.04.20 22:50:39.218,1.42981,1.43006,1.00,1.00
2016.04.20 22:50:39.269,1.42982,1.43009,1.00,1.00
2016.04.20 22:50:40.287,1.42981,1.43009,1.00,1.00
2016.04.20 22:50:42.056,1.42983,1.43009,1.00,1.00
2016.04.20 22:50:44.337,1.42983,1.43012,1.00,2.25
2016.04.20 22:50:44.875,1.42983,1.43012,1.00,1.50
2016.04.20 22:50:47.782,1.42984,1.43012,1.00,1.00
2016.04.20 22:50:48.288,1.42983,1.43012,1.00,1.00
2016.04.20 22:50:48.390,1.42986,1.43012,1.00,1.00
2016.04.20 22:50:52.300,1.42986,1.43014,1.00,1.50
2016.04.20 22:50:52.454,1.4299,1.43019,1.00,1.00
2016.04.20 22:50:52.607,1.42992,1.4302,1.00,1.00
2016.04.20 22:50:52.911,1.42992,1.43017,1.00,1.00
2016.04.20 22:50:52.962,1.42986,1.43015,1.00,1.00
2016.04.20 22:50:53.216,1.42986,1.43012,1.00,1.00
2016.04.20 22:51:07.074,1.42986,1.43013,1.00,1.50
2016.04.20 22:51:08.396,1.42985,1.43013,1.00,1.50
2016.04.20 22:51:12.582,1.42985,1.43012,1.00,1.00
2016.04.20 22:51:12.922,1.42991,1.43014,1.00,1.00
2016.04.20 22:51:12.974,1.42991,1.43019,1.00,1.37
2016.04.20 22:51:13.025,1.4299,1.43015,1.00,1.00
2016.04.20 22:51:13.077,1.4299,1.43019,1.00,1.00
2016.04.20 22:51:13.280,1.42991,1.43013,1.00,1.00
2016.04.20 22:51:13.331,1.42986,1.43013,1.87,1.00
2016.04.20 22:51:13.841,1.42985,1.43012,1.00,1.00
2016.04.20 22:51:13.994,1.42985,1.43008,1.00,1.00
2016.04.20 22:51:15.957,1.4298,1.43008,1.00,1.00
2016.04.20 22:51:16.782,1.42979,1.43005,1.50,1.00
2016.04.20 22:51:17.316,1.4298,1.43005,1.00,1.00
2016.04.20 22:51:21.847,1.4298,1.43007,1.00,1.00
2016.04.20 22:51:27.173,1.4298,1.43008,1.00,1.50
2016.04.20 22:51:35.967,1.42981,1.43008,1.00,1.00
2016.04.20 22:51:38.121,1.42981,1.43003,1.00,1.00
2016.04.20 22:51:39.221,1.42981,1.43004,1.00,1.00
2016.04.20 22:51:39.374,1.42982,1.43009,1.00,1.00
2016.04.20 22:51:39.476,1.4298,1.43009,1.50,1.00
2016.04.20 22:51:39.527,1.42982,1.43009,1.00,1.00
2016.04.20 22:51:39.859,1.4298,1.43009,1.50,1.00
2016.04.20 22:51:40.390,1.42981,1.43009,1.50,1.00
2016.04.20 22:51:43.558,1.42981,1.43004,1.00,1.00
2016.04.20 22:51:45.905,1.42976,1.43004,1.50,2.25
2016.04.20 22:51:47.287,1.42976,1.43,1.50,1.00
2016.04.20 22:51:52.342,1.42976,1.43001,1.50,1.00
2016.04.20 22:51:55.949,1.42973,1.43001,1.50,1.00
2016.04.20 22:52:11.180,1.42973,1.43,1.00,1.00
2016.04.20 22:52:16.181,1.42974,1.43,1.00,1.00
2016.04.20 22:52:16.718,1.42973,1.43,1.00,1.00
2016.04.20 22:52:22.200,1.42972,1.43,1.50,1.00
2016.04.20 22:52:22.741,1.42972,1.43001,1.50,1.00
2016.04.20 22:52:25.700,1.42972,1.42998,1.50,1.00
2016.04.20 22:52:32.219,1.42973,1.42998,1.00,1.00
2016.04.20 22:52:35.819,1.42973,1.42999,1.00,1.00
2016.04.20 22:52:37.718,1.42976,1.42999,1.00,1.00
2016.04.20 22:52:37.923,1.42976,1.43001,1.00,1.00
2016.04.20 22:52:40.149,1.42976,1.43003,1.00,1.00
2016.04.20 22:52:42.197,1.42979,1.43003,1.00,1.00
2016.04.20 22:52:42.705,1.4298,1.43004,1.00,1.00
2016.04.20 22:52:43.578,1.42978,1.43004,1.00,1.00
2016.04.20 22:52:43.882,1.42976,1.43004,1.00,1.00
2016.04.20 22:52:45.846,1.42979,1.43004,1.00,1.00
2016.04.20 22:52:46.396,1.4298,1.43004,1.00,1.00
2016.04.20 22:52:47.899,1.4298,1.43007,1.00,1.50
2016.04.20 22:52:57.928,1.4298,1.43004,1.00,1.00
2016.04.20 22:53:03.167,1.42979,1.43004,1.00,1.00
2016.04.20 22:53:03.460,1.42977,1.43004,1.00,1.50
2016.04.20 22:53:03.664,1.42975,1.43004,1.00,3.00
2016.04.20 22:53:06.873,1.42975,1.43003,1.00,1.00
2016.04.20 22:53:07.958,1.42975,1.43001,1.00,1.00
2016.04.20 22:53:16.760,1.42973,1.43001,1.00,1.50
2016.04.20 22:53:17.881,1.42973,1.42997,1.00,1.00
2016.04.20 22:53:18.264,1.42972,1.42995,1.00,1.00
2016.04.20 22:53:18.468,1.42969,1.42995,1.00,1.00
2016.04.20 22:53:19.132,1.42968,1.42995,1.00,1.00
2016.04.20 22:53:23.172,1.42967,1.42995,1.00,1.50
2016.04.20 22:53:23.408,1.42967,1.42993,1.00,1.00
2016.04.20 22:53:28.263,1.42967,1.42991,1.00,1.00
2016.04.20 22:53:31.825,1.42966,1.42991,1.00,1.00
2016.04.20 22:53:32.079,1.42962,1.4299,1.00,1.50
2016.04.20 22:53:32.181,1.42961,1.42987,1.50,1.00
2016.04.20 22:53:32.673,1.42957,1.42984,2.25,1.00
2016.04.20 22:53:32.724,1.42957,1.42984,1.50,1.00
2016.04.20 22:53:32.877,1.42955,1.42981,1.00,1.00
2016.04.20 22:53:33.080,1.42953,1.42981,1.00,1.50
2016.04.20 22:53:42.487,1.42952,1.4298,1.00,1.00
2016.04.20 22:53:50.599,1.42952,1.42981,1.50,1.00
2016.04.20 22:53:50.803,1.42954,1.42982,1.00,1.00
2016.04.20 22:53:54.170,1.42953,1.42982,1.00,1.00
2016.04.20 22:53:56.168,1.42953,1.42983,1.00,1.50
2016.04.20 22:53:56.722,1.42952,1.42983,2.25,1.00
2016.04.20 22:53:57.460,1.42952,1.4298,2.25,1.00
2016.04.20 22:54:08.530,1.42953,1.4298,1.00,1.00
2016.04.20 22:54:09.236,1.42953,1.42981,1.00,1.00
2016.04.20 22:54:11.707,1.42953,1.42982,1.00,1.00
2016.04.20 22:54:12.354,1.42952,1.42982,1.50,1.00
2016.04.20 22:54:13.414,1.42952,1.42983,1.00,1.50
2016.04.20 22:54:14.466,1.42955,1.42983,1.00,1.00
2016.04.20 22:54:14.620,1.42957,1.42988,1.00,1.00
2016.04.20 22:54:15.127,1.42958,1.42988,1.00,1.00
2016.04.20 22:54:19.630,1.42958,1.42989,1.00,1.00
2016.04.20 22:54:21.896,1.42958,1.42988,1.00,1.00
2016.04.20 22:54:23.096,1.42958,1.42989,1.00,1.50
2016.04.20 22:54:24.297,1.42958,1.42988,1.00,1.00
2016.04.20 22:54:25.064,1.42959,1.42988,1.00,1.50
2016.04.20 22:54:25.217,1.42961,1.42989,1.00,1.00
2016.04.20 22:54:25.522,1.42964,1.4299,1.00,1.00
2016.04.20 22:54:26.076,1.42964,1.42991,1.00,1.00
2016.04.20 22:54:26.727,1.42965,1.42991,1.00,1.00
2016.04.20 22:54:28.595,1.42967,1.42991,1.00,1.00
2016.04.20 22:54:29.602,1.42967,1.42992,1.00,1.50
2016.04.20 22:54:32.568,1.42961,1.42992,1.00,1.50
2016.04.20 22:54:33.607,1.42961,1.4299,1.00,1.00
2016.04.20 22:54:35.115,1.42962,1.42992,1.00,1.00
2016.04.20 22:54:35.319,1.42963,1.42994,1.00,1.50
2016.04.20 22:54:35.828,1.42964,1.42995,1.00,2.25
2016.04.20 22:54:39.181,1.42965,1.42995,1.00,1.50
2016.04.20 22:54:39.689,1.42965,1.42994,1.00,1.00
2016.04.20 22:54:43.548,1.42965,1.42995,1.00,1.50
2016.04.20 22:54:45.224,1.42965,1.42994,1.00,1.00
2016.04.20 22:54:50.309,1.42963,1.42993,1.50,1.00
2016.04.20 22:54:50.764,1.42963,1.42996,1.50,1.00
2016.04.20 22:54:53.406,1.42965,1.42996,1.00,1.00
2016.04.20 22:54:56.175,1.42964,1.42996,1.00,2.25
2016.04.20 22:55:06.197,1.42963,1.42995,1.50,1.00
2016.04.20 22:55:06.704,1.42963,1.42994,1.00,1.50
2016.04.20 22:55:27.250,1.42963,1.42995,1.50,1.50
2016.04.20 22:55:27.555,1.42966,1.42995,1.00,1.00
2016.04.20 22:55:28.924,1.42967,1.42998,1.00,1.00
2016.04.20 22:55:37.251,1.42969,1.42998,1.00,1.00
2016.04.20 22:55:42.933,1.42969,1.42999,1.00,1.50
2016.04.20 22:55:54.415,1.42969,1.42998,1.00,1.00
2016.04.20 22:55:59.699,1.42969,1.42999,1.00,1.00
2016.04.20 22:56:05.212,1.42967,1.42999,1.50,1.87
2016.04.20 22:56:05.365,1.42967,1.42995,1.50,1.00
2016.04.20 22:56:05.416,1.42964,1.42995,1.00,1.50
2016.04.20 22:56:08.979,1.42967,1.42995,1.00,1.50
2016.04.20 22:56:09.283,1.4297,1.42998,1.00,1.00
2016.04.20 22:56:09.435,1.42972,1.43002,1.00,1.50
2016.04.20 22:56:16.401,1.42972,1.43003,1.50,1.00
2016.04.20 22:56:21.406,1.42972,1.43002,1.00,1.00
2016.04.20 22:56:46.504,1.4297,1.43001,2.25,1.00
2016.04.20 22:56:47.011,1.42969,1.43,1.00,1.00
2016.04.20 22:56:47.602,1.42968,1.43,1.00,1.00
2016.04.20 22:56:48.296,1.42969,1.43,1.00,1.00
2016.04.20 22:56:49.492,1.42968,1.42999,1.50,1.00
2016.04.20 22:56:52.423,1.42969,1.42999,1.00,1.50
2016.04.20 22:56:54.965,1.42969,1.42998,1.00,1.00
2016.04.20 22:56:58.780,1.42971,1.42998,1.00,1.00
2016.04.20 22:56:59.765,1.42969,1.42998,1.50,1.00
2016.04.20 22:57:06.210,1.42969,1.42999,1.50,2.25
2016.04.20 22:57:16.484,1.42968,1.42999,1.00,1.50
2016.04.20 22:57:22.472,1.42969,1.42999,1.00,1.00
2016.04.20 22:57:29.778,1.42967,1.42999,1.50,1.50
2016.04.20 22:57:36.246,1.42969,1.42999,1.00,1.00
2016.04.20 22:57:36.298,1.4297,1.43001,1.00,1.00
2016.04.20 22:57:36.653,1.42972,1.43001,1.00,1.00
2016.04.20 22:57:39.621,1.42971,1.43001,1.00,1.00
2016.04.20 22:57:41.801,1.42971,1.43003,1.00,1.50
2016.04.20 22:57:42.371,1.42977,1.43003,1.00,1.00
2016.04.20 22:57:42.473,1.42979,1.43008,1.00,1.50
2016.04.20 22:57:42.676,1.4298,1.43011,1.50,1.00
2016.04.20 22:57:43.218,1.42981,1.43011,1.00,1.00
2016.04.20 22:57:44.794,1.4298,1.43009,1.00,1.00
2016.04.20 22:57:44.897,1.42976,1.43007,1.12,1.00
2016.04.20 22:57:47.316,1.42975,1.43007,1.50,1.50
2016.04.20 22:57:49.397,1.42976,1.43007,1.00,1.50
2016.04.20 22:57:50.623,1.42976,1.43006,1.00,1.00
2016.04.20 22:57:51.719,1.42975,1.43005,1.50,1.00
2016.04.20 22:57:54.036,1.42976,1.43005,1.00,1.00
2016.04.20 22:57:58.404,1.42975,1.43006,1.50,1.50
2016.04.20 22:58:03.330,1.42975,1.43007,1.50,1.50
2016.04.20 22:58:05.034,1.42975,1.43006,1.00,1.00
2016.04.20 22:58:08.051,1.42976,1.43006,1.00,1.00
2016.04.20 22:58:08.153,1.42978,1.43008,1.00,1.00
2016.04.20 22:58:08.305,1.42978,1.4301,1.50,1.00
2016.04.20 22:58:08.839,1.42979,1.43011,1.00,3.00
2016.04.20 22:58:10.309,1.42982,1.43011,1.00,1.50
2016.04.20 22:58:10.613,1.42995,1.43018,1.00,1.00
2016.04.20 22:58:10.665,1.42995,1.43023,1.00,1.00
2016.04.20 22:58:10.817,1.4299,1.43021,1.00,1.00
2016.04.20 22:58:10.980,1.4299,1.43019,1.00,1.00
2016.04.20 22:58:11.133,1.42988,1.43019,1.50,1.00
2016.04.20 22:58:11.640,1.42989,1.43019,1.00,1.50
2016.04.20 22:58:12.164,1.42988,1.43019,1.00,1.50
2016.04.20 22:58:12.668,1.42989,1.43018,1.00,1.00
2016.04.20 22:58:13.018,1.42986,1.43018,1.50,1.00
2016.04.20 22:58:13.474,1.42988,1.43018,1.00,1.00
2016.04.20 22:58:16.224,1.42988,1.43017,1.00,1.00
2016.04.20 22:58:18.325,1.42987,1.43017,1.00,1.00
2016.04.20 22:58:18.630,1.42989,1.43017,1.00,1.00
2016.04.20 22:58:18.984,1.42987,1.43017,1.00,1.00
2016.04.20 22:58:19.289,1.42988,1.43019,1.00,1.00
2016.04.20 22:58:20.308,1.42991,1.43021,1.00,1.50
2016.04.20 22:58:20.764,1.42987,1.43021,1.50,1.50
2016.04.20 22:58:21.271,1.42987,1.4302,1.00,1.00
2016.04.20 22:58:21.525,1.4299,1.4302,1.00,1.00
2016.04.20 22:58:21.964,1.42988,1.4302,1.50,1.00
2016.04.20 22:58:24.514,1.42994,1.4302,1.00,1.00
2016.04.20 22:58:25.107,1.42993,1.4302,1.00,1.00
2016.04.20 22:58:25.259,1.42989,1.4302,1.50,1.00
2016.04.20 22:58:25.766,1.4299,1.4302,1.00,1.50
2016.04.20 22:58:26.269,1.4299,1.43019,1.00,1.00
2016.04.20 22:58:26.776,1.4299,1.4302,1.00,1.50
2016.04.20 22:58:30.885,1.4299,1.43021,1.00,1.50
2016.04.20 22:58:33.388,1.4299,1.4302,1.00,1.00
2016.04.20 22:58:33.916,1.42989,1.43021,1.50,1.50
2016.04.20 22:59:03.446,1.4299,1.43022,1.00,1.50
2016.04.20 22:59:05.570,1.42993,1.43024,1.00,1.00
2016.04.20 22:59:05.773,1.42994,1.43026,1.00,3.00
2016.04.20 22:59:10.106,1.42995,1.43026,1.00,2.25
2016.04.20 22:59:10.761,1.42997,1.43026,1.00,1.00
2016.04.20 22:59:11.064,1.42994,1.43026,1.00,1.00
2016.04.20 22:59:11.590,1.42993,1.43025,1.50,1.00
2016.04.20 22:59:12.202,1.42993,1.43024,1.00,1.00
2016.04.20 22:59:12.557,1.4299,1.43021,1.00,1.00
2016.04.20 22:59:15.418,1.42989,1.4302,1.00,1.00
2016.04.20 22:59:15.724,1.42986,1.43016,1.00,1.00
2016.04.20 22:59:16.251,1.42986,1.43015,1.00,1.00
2016.04.20 22:59:17.355,1.42985,1.43015,1.50,1.00
2016.04.20 22:59:17.507,1.42985,1.43018,1.50,1.00
2016.04.20 22:59:18.175,1.42985,1.43015,1.00,1.00
2016.04.20 22:59:18.685,1.42986,1.43015,1.00,1.00
2016.04.20 22:59:19.204,1.42986,1.43016,1.00,1.50
2016.04.20 22:59:19.473,1.42989,1.4302,1.00,2.25
2016.04.20 22:59:19.677,1.42991,1.43022,1.00,1.00
2016.04.20 22:59:20.410,1.42992,1.43022,1.00,1.00
2016.04.20 22:59:21.165,1.42992,1.43021,1.50,1.00
2016.04.20 22:59:21.961,1.42994,1.43021,1.00,1.00
2016.04.20 22:59:22.216,1.42994,1.43024,1.00,2.25
2016.04.20 22:59:22.267,1.42996,1.43024,1.00,1.00
2016.04.20 22:59:25.970,1.42994,1.43024,1.00,1.00
2016.04.20 22:59:26.182,1.42996,1.43024,1.00,1.00
2016.04.20 22:59:26.593,1.42993,1.43026,2.25,1.50
2016.04.20 22:59:26.882,1.42994,1.43024,1.00,1.00
2016.04.20 22:59:27.388,1.42994,1.43025,1.00,1.00
2016.04.20 22:59:28.263,1.42995,1.43025,1.00,1.00
2016.04.20 22:59:28.774,1.42995,1.43026,1.00,1.00
2016.04.20 22:59:30.119,1.42997,1.43025,1.00,1.00
2016.04.20 22:59:33.278,1.42994,1.43026,1.50,1.50
2016.04.20 22:59:39.212,1.42994,1.43024,1.50,1.50
2016.04.20 22:59:39.517,1.42988,1.43018,1.50,1.00
2016.04.20 22:59:40.024,1.42988,1.43016,1.00,1.00
2016.04.20 22:59:40.568,1.42985,1.43015,1.00,1.00
2016.04.20 22:59:40.619,1.42987,1.43015,1.00,1.00
2016.04.20 22:59:40.721,1.4299,1.43019,1.00,1.00
2016.04.20 22:59:40.924,1.42994,1.43022,1.00,1.00
2016.04.20 22:59:41.025,1.42994,1.43024,1.00,1.00
2016.04.20 22:59:41.228,1.42994,1.43022,1.00,1.00
2016.04.20 22:59:42.439,1.42996,1.43024,1.00,1.00
2016.04.20 22:59:42.693,1.42997,1.43027,1.00,1.00
2016.04.20 22:59:43.690,1.42999,1.43027,1.00,1.00
2016.04.20 22:59:44.205,1.43,1.43028,1.00,1.50
2016.04.20 22:59:51.485,1.43,1.43029,1.00,1.00
2016.04.20 22:59:52.000,1.42999,1.43029,1.00,1.00
2016.04.20 22:59:53.207,1.43,1.43029,1.00,1.00
2016.04.20 22:59:59.018,1.42999,1.43029,1.00,1.50
