2010.04.23 10:00:00.043,1.33145,1.33155,1.20,1.00
2010.04.23 10:00:00.571,1.33085,1.3315,2.40,1.00
2010.04.23 10:00:00.920,1.33085,1.3315,1.00,1.00
2010.04.23 10:00:01.267,1.3309,1.3315,1.00,1.00
2010.04.23 10:00:01.822,1.331,1.3315,1.00,1.00
2010.04.23 10:00:02.084,1.331,1.3315,1.00,1.00
2010.04.23 10:00:04.996,1.33095,1.3315,4.60,1.00
2010.04.23 10:00:05.303,1.33095,1.3315,1.60,1.00
2010.04.23 10:00:05.888,1.33095,1.3315,2.40,1.00
2010.04.23 10:00:06.184,1.33095,1.33145,1.60,1.00
2010.04.23 10:00:06.755,1.3309,1.3314,3.20,1.00
2010.04.23 10:00:06.956,1.33095,1.3314,5.60,1.00
2010.04.23 10:00:07.167,1.33105,1.3314,1.00,1.00
2010.04.23 10:00:07.605,1.33105,1.3315,1.00,1.20
2010.04.23 10:00:07.953,1.33105,1.3315,1.00,1.00
2010.04.23 10:00:09.232,1.33095,1.3315,4.40,1.00
2010.04.23 10:00:09.560,1.3313,1.33155,1.00,1.00
2010.04.23 10:00:09.888,1.3309,1.3315,1.00,1.00
2010.04.23 10:00:10.221,1.3309,1.3316,1.60,4.30
2010.04.23 10:00:10.569,1.3309,1.3316,2.40,1.80
2010.04.23 10:00:10.906,1.3313,1.3316,1.00,1.80
2010.04.23 10:00:11.252,1.3313,1.3316,1.00,1.50
2010.04.23 10:00:11.601,1.3309,1.33155,1.60,1.00
2010.04.23 10:00:11.951,1.3313,1.33155,1.00,1.00
2010.04.23 10:00:12.639,1.3313,1.3318,1.00,1.20
2010.04.23 10:00:12.992,1.33145,1.3318,1.00,1.00
2010.04.23 10:00:13.310,1.33145,1.33185,1.00,1.00
2010.04.23 10:00:14.222,1.33145,1.3318,1.00,1.00
2010.04.23 10:00:14.572,1.3316,1.33185,1.20,1.00
2010.04.23 10:00:15.204,1.33155,1.33185,1.00,1.00
2010.04.23 10:00:15.550,1.33145,1.3319,1.00,1.00
2010.04.23 10:00:16.582,1.33145,1.33195,1.00,1.40
2010.04.23 10:00:17.274,1.33145,1.33195,1.20,1.40
2010.04.23 10:00:17.611,1.33145,1.3319,1.20,1.40
2010.04.23 10:00:18.218,1.33135,1.33185,1.20,1.00
2010.04.23 10:00:18.561,1.33135,1.33185,1.00,1.00
2010.04.23 10:00:19.502,1.33135,1.3317,1.00,1.00
2010.04.23 10:00:19.895,1.33135,1.33165,1.00,1.00
2010.04.23 10:00:20.142,1.33125,1.33155,1.20,1.00
2010.04.23 10:00:20.379,1.33115,1.33155,1.00,1.00
2010.04.23 10:00:21.039,1.3311,1.33155,1.90,1.00
2010.04.23 10:00:21.389,1.3311,1.33155,1.20,1.00
2010.04.23 10:00:21.916,1.33115,1.33155,7.80,1.00
2010.04.23 10:00:22.274,1.3313,1.3317,1.00,1.00
2010.04.23 10:00:22.909,1.33145,1.33165,1.00,1.00
2010.04.23 10:00:23.260,1.33145,1.3317,1.00,1.80
2010.04.23 10:00:23.609,1.33145,1.3317,1.00,1.40
2010.04.23 10:00:24.636,1.33145,1.33175,1.00,3.00
2010.04.23 10:00:24.987,1.33145,1.3318,1.00,2.70
2010.04.23 10:00:25.563,1.33145,1.33175,1.00,1.00
2010.04.23 10:00:26.166,1.33145,1.33175,1.00,1.00
2010.04.23 10:00:26.756,1.33145,1.33175,1.00,1.00
2010.04.23 10:00:28.645,1.33145,1.33175,1.00,1.00
2010.04.23 10:00:28.882,1.33145,1.33175,1.00,1.00
2010.04.23 10:00:29.412,1.33145,1.33165,1.00,1.00
2010.04.23 10:00:29.756,1.33145,1.33155,1.00,1.00
2010.04.23 10:00:30.359,1.33145,1.33155,1.00,1.00
2010.04.23 10:00:30.708,1.33145,1.33155,1.00,1.00
2010.04.23 10:00:31.053,1.33145,1.3316,1.00,1.00
2010.04.23 10:00:33.606,1.331,1.33155,1.00,1.00
2010.04.23 10:00:34.052,1.33095,1.33155,1.00,1.60
2010.04.23 10:00:35.348,1.33105,1.33155,1.00,8.70
2010.04.23 10:00:35.546,1.33105,1.3315,1.00,1.00
2010.04.23 10:00:35.741,1.331,1.3315,1.00,1.60
2010.04.23 10:00:36.081,1.331,1.3315,1.60,1.00
2010.04.23 10:00:36.422,1.33105,1.3315,1.00,1.00
2010.04.23 10:00:36.865,1.33105,1.3315,1.00,1.00
2010.04.23 10:00:37.154,1.33105,1.33155,1.00,1.00
2010.04.23 10:00:37.442,1.33105,1.33155,1.00,1.60
2010.04.23 10:00:37.733,1.3313,1.33155,1.00,1.20
2010.04.23 10:00:38.135,1.3313,1.3316,1.00,2.70
2010.04.23 10:00:38.454,1.3313,1.3316,1.00,2.30
2010.04.23 10:00:39.083,1.33145,1.3316,1.00,1.50
2010.04.23 10:00:39.415,1.33145,1.33165,1.00,1.20
2010.04.23 10:00:39.767,1.33145,1.33165,1.00,1.00
2010.04.23 10:00:41.402,1.33145,1.33165,1.00,1.60
2010.04.23 10:00:41.591,1.33145,1.33165,1.00,1.00
2010.04.23 10:00:41.971,1.33145,1.3317,1.00,1.00
2010.04.23 10:00:42.161,1.33145,1.33175,1.00,2.30
2010.04.23 10:00:42.689,1.33145,1.33175,1.00,1.00
2010.04.23 10:00:42.976,1.33145,1.33175,1.00,1.80
2010.04.23 10:00:43.267,1.33145,1.33175,1.00,1.50
2010.04.23 10:00:43.843,1.33145,1.33175,1.00,2.30
2010.04.23 10:00:45.385,1.33145,1.33175,1.00,1.00
2010.04.23 10:00:45.944,1.33145,1.33185,1.20,1.00
2010.04.23 10:00:46.284,1.33145,1.33185,1.20,3.10
2010.04.23 10:00:47.029,1.33145,1.33175,1.00,1.00
2010.04.23 10:00:47.371,1.33145,1.3318,1.00,1.00
2010.04.23 10:00:47.724,1.33145,1.33175,1.00,1.00
2010.04.23 10:00:49.429,1.33145,1.33185,1.00,1.00
2010.04.23 10:00:51.297,1.33145,1.3318,1.00,1.00
2010.04.23 10:00:52.295,1.33145,1.33185,1.00,1.00
2010.04.23 10:00:52.952,1.33145,1.3319,1.00,2.00
2010.04.23 10:00:55.105,1.33145,1.3319,1.00,2.10
2010.04.23 10:00:55.876,1.33155,1.3319,1.00,1.90
2010.04.23 10:00:56.199,1.3316,1.33195,1.00,1.90
2010.04.23 10:00:56.489,1.33155,1.33195,1.00,1.90
2010.04.23 10:00:56.780,1.3315,1.33195,1.00,1.90
2010.04.23 10:00:59.640,1.3315,1.332,2.00,1.90
2010.04.23 10:00:59.923,1.3316,1.33205,1.00,1.20
2010.04.23 10:01:00.466,1.3316,1.3321,2.40,1.00
2010.04.23 10:01:00.736,1.3317,1.33215,1.00,1.00
2010.04.23 10:01:01.077,1.33165,1.3321,1.00,1.00
2010.04.23 10:01:01.538,1.33165,1.3321,1.00,1.00
2010.04.23 10:01:01.890,1.3316,1.3321,1.20,1.30
2010.04.23 10:01:02.240,1.33155,1.3321,1.80,1.60
2010.04.23 10:01:02.782,1.33155,1.33205,1.20,2.20
2010.04.23 10:01:03.153,1.33155,1.3319,1.00,1.00
2010.04.23 10:01:03.500,1.33155,1.3319,1.00,1.00
2010.04.23 10:01:03.860,1.3316,1.33195,1.00,1.00
2010.04.23 10:01:04.214,1.33165,1.33205,1.00,1.00
2010.04.23 10:01:04.558,1.33165,1.3321,1.20,1.00
2010.04.23 10:01:04.922,1.3317,1.3322,1.20,2.30
2010.04.23 10:01:05.269,1.3318,1.33225,1.00,2.00
2010.04.23 10:01:06.123,1.3318,1.3322,1.00,1.10
2010.04.23 10:01:06.472,1.3317,1.3322,1.00,1.90
2010.04.23 10:01:06.828,1.3317,1.33215,1.00,1.90
2010.04.23 10:01:07.443,1.33165,1.33215,1.20,5.30
2010.04.23 10:01:07.785,1.3316,1.3321,1.20,1.60
2010.04.23 10:01:08.129,1.3316,1.33205,1.20,2.70
2010.04.23 10:01:08.515,1.3316,1.332,1.00,1.00
2010.04.23 10:01:08.865,1.33155,1.332,1.00,1.00
2010.04.23 10:01:09.210,1.33155,1.33205,2.40,1.00
2010.04.23 10:01:10.165,1.33155,1.3321,2.40,1.90
2010.04.23 10:01:10.842,1.3316,1.3321,1.00,1.90
2010.04.23 10:01:11.184,1.3316,1.33215,1.00,3.20
2010.04.23 10:01:11.857,1.33165,1.33215,1.00,1.20
2010.04.23 10:01:12.155,1.33165,1.33215,2.50,1.20
2010.04.23 10:01:12.451,1.3317,1.33215,1.20,1.00
2010.04.23 10:01:12.982,1.3317,1.33215,1.00,1.00
2010.04.23 10:01:13.308,1.3317,1.3322,1.00,2.40
2010.04.23 10:01:13.638,1.3317,1.3321,1.00,1.00
2010.04.23 10:01:14.214,1.33165,1.3321,1.00,1.00
2010.04.23 10:01:14.896,1.33165,1.33205,1.00,1.00
2010.04.23 10:01:15.496,1.3316,1.3321,1.00,2.30
2010.04.23 10:01:15.817,1.3316,1.3321,2.60,1.20
2010.04.23 10:01:16.132,1.3316,1.3321,2.60,1.00
2010.04.23 10:01:16.474,1.33175,1.3321,1.00,1.00
2010.04.23 10:01:16.975,1.33175,1.3322,1.00,1.20
2010.04.23 10:01:17.320,1.33175,1.33225,1.20,1.20
2010.04.23 10:01:18.861,1.3318,1.33225,5.20,1.20
2010.04.23 10:01:19.112,1.33185,1.3323,1.00,2.30
2010.04.23 10:01:19.355,1.33185,1.33225,1.00,1.40
2010.04.23 10:01:19.816,1.33175,1.33225,1.20,2.60
2010.04.23 10:01:20.167,1.33175,1.33225,1.00,3.10
2010.04.23 10:01:21.531,1.33175,1.33225,1.20,3.10
2010.04.23 10:01:21.871,1.33175,1.33225,1.00,3.10
2010.04.23 10:01:22.050,1.33175,1.33225,1.00,3.50
2010.04.23 10:01:22.889,1.33175,1.3322,1.00,1.00
2010.04.23 10:01:23.019,1.33175,1.3322,1.00,1.40
2010.04.23 10:01:24.319,1.3317,1.3322,1.00,2.20
2010.04.23 10:01:24.509,1.3317,1.3322,1.00,3.80
2010.04.23 10:01:25.079,1.3317,1.3322,1.00,3.90
2010.04.23 10:01:25.268,1.3317,1.3322,1.60,3.10
2010.04.23 10:01:25.611,1.33175,1.33225,1.00,2.40
2010.04.23 10:01:27.229,1.33175,1.33225,1.00,2.30
2010.04.23 10:01:28.241,1.33175,1.33225,1.00,2.40
2010.04.23 10:01:31.608,1.33175,1.3322,1.00,1.00
2010.04.23 10:01:31.810,1.33175,1.33215,1.00,1.00
2010.04.23 10:01:32.016,1.33175,1.33205,1.00,1.00
2010.04.23 10:01:32.213,1.33165,1.33205,1.00,1.60
2010.04.23 10:01:32.702,1.3316,1.33205,1.00,1.60
2010.04.23 10:01:33.047,1.33155,1.33205,2.40,1.60
2010.04.23 10:01:34.196,1.33155,1.33205,2.40,1.60
2010.04.23 10:01:34.539,1.33155,1.33205,4.40,1.60
2010.04.23 10:01:35.148,1.3316,1.33205,1.00,1.60
2010.04.23 10:01:35.471,1.33155,1.33205,1.20,2.90
2010.04.23 10:01:35.783,1.3316,1.33205,2.40,2.00
2010.04.23 10:01:36.095,1.33175,1.33205,1.60,1.00
2010.04.23 10:01:36.783,1.3317,1.33215,1.20,1.60
2010.04.23 10:01:37.137,1.3318,1.3322,1.60,1.20
2010.04.23 10:01:37.794,1.3319,1.33225,1.60,1.00
2010.04.23 10:01:38.144,1.3319,1.3323,1.00,2.20
2010.04.23 10:01:38.490,1.33185,1.3323,1.00,2.20
2010.04.23 10:01:39.341,1.3318,1.33225,1.00,2.20
2010.04.23 10:01:39.693,1.3318,1.3322,1.00,2.20
2010.04.23 10:01:40.331,1.3317,1.3322,1.60,2.30
2010.04.23 10:01:40.681,1.3317,1.3322,1.20,2.30
2010.04.23 10:01:41.367,1.3317,1.3322,1.20,1.80
2010.04.23 10:01:42.215,1.3317,1.3322,1.20,1.90
2010.04.23 10:01:43.134,1.3317,1.3322,1.20,2.00
2010.04.23 10:01:43.302,1.3317,1.3322,1.20,2.10
2010.04.23 10:01:44.282,1.3317,1.3322,1.20,2.30
2010.04.23 10:01:44.423,1.3317,1.3322,1.20,3.10
2010.04.23 10:01:44.704,1.3317,1.3322,1.00,5.10
2010.04.23 10:01:45.204,1.3317,1.3322,1.30,1.00
2010.04.23 10:01:45.689,1.3317,1.3322,2.10,1.00
2010.04.23 10:01:46.036,1.3317,1.3322,2.00,1.00
2010.04.23 10:01:47.328,1.33175,1.33225,1.00,1.30
2010.04.23 10:01:48.063,1.33175,1.33225,1.00,1.20
2010.04.23 10:01:48.607,1.33175,1.33225,3.20,1.20
2010.04.23 10:01:48.892,1.33175,1.3322,4.40,1.60
2010.04.23 10:01:49.171,1.33185,1.33225,1.60,1.00
2010.04.23 10:01:49.782,1.33185,1.3323,2.40,1.00
2010.04.23 10:01:50.124,1.33185,1.33235,2.40,5.50
2010.04.23 10:01:52.081,1.33185,1.3323,2.40,1.00
2010.04.23 10:01:52.293,1.33185,1.3323,2.40,1.00
2010.04.23 10:01:52.505,1.33185,1.33225,1.00,1.00
2010.04.23 10:01:52.715,1.3318,1.33225,1.60,1.00
2010.04.23 10:01:54.215,1.33185,1.3323,2.40,1.60
2010.04.23 10:01:55.434,1.3319,1.3323,1.00,1.60
2010.04.23 10:01:55.695,1.3319,1.33235,1.00,1.00
2010.04.23 10:01:56.243,1.3319,1.3324,1.20,2.80
2010.04.23 10:01:56.590,1.3319,1.33235,3.20,1.50
2010.04.23 10:01:56.938,1.33195,1.3324,1.00,2.80
2010.04.23 10:01:57.284,1.3319,1.3324,1.20,3.40
2010.04.23 10:01:57.736,1.3319,1.3324,1.20,3.10
2010.04.23 10:01:58.100,1.33195,1.3324,2.40,1.60
2010.04.23 10:01:58.276,1.33195,1.33235,2.40,1.00
2010.04.23 10:01:58.444,1.33195,1.3323,1.00,1.60
2010.04.23 10:01:58.896,1.3319,1.3323,1.20,1.60
2010.04.23 10:01:59.071,1.33185,1.3323,2.40,1.60
2010.04.23 10:01:59.750,1.33185,1.3323,2.80,1.60
2010.04.23 10:02:03.698,1.33185,1.3323,3.60,1.60
2010.04.23 10:02:04.134,1.33185,1.33235,3.60,1.00
2010.04.23 10:02:04.428,1.3319,1.3324,1.00,1.00
2010.04.23 10:02:04.733,1.3319,1.33235,1.00,1.60
2010.04.23 10:02:05.293,1.3319,1.3324,1.00,1.20
2010.04.23 10:02:07.198,1.3319,1.3324,1.00,1.20
2010.04.23 10:02:09.465,1.3319,1.3324,1.00,1.20
2010.04.23 10:02:09.761,1.3319,1.3324,1.00,2.00
2010.04.23 10:02:10.327,1.33185,1.33235,3.20,1.00
2010.04.23 10:02:10.631,1.33185,1.33235,2.80,1.00
2010.04.23 10:02:11.318,1.33185,1.33235,1.20,2.40
2010.04.23 10:02:11.663,1.33185,1.33235,1.20,2.10
2010.04.23 10:02:11.852,1.33185,1.33235,2.00,2.80
2010.04.23 10:02:12.318,1.3319,1.33235,1.60,2.80
2010.04.23 10:02:12.523,1.3319,1.33235,1.00,3.20
2010.04.23 10:02:12.711,1.3319,1.33235,1.60,3.90
2010.04.23 10:02:13.059,1.3319,1.33235,1.60,2.80
2010.04.23 10:02:14.488,1.3319,1.33235,2.40,2.00
2010.04.23 10:02:15.315,1.3319,1.3324,4.40,1.20
2010.04.23 10:02:15.618,1.33195,1.3324,1.00,1.00
2010.04.23 10:02:15.927,1.33205,1.3324,1.00,1.00
2010.04.23 10:02:16.270,1.332,1.33245,2.90,1.00
2010.04.23 10:02:17.001,1.332,1.3325,1.40,5.00
2010.04.23 10:02:17.181,1.33195,1.33245,1.20,2.30
2010.04.23 10:02:20.124,1.33195,1.33245,1.20,2.40
2010.04.23 10:02:20.274,1.332,1.33245,1.00,2.30
2010.04.23 10:02:20.497,1.332,1.3325,1.20,1.20
2010.04.23 10:02:21.085,1.332,1.3325,1.20,1.00
2010.04.23 10:02:21.526,1.3321,1.3325,1.00,1.00
2010.04.23 10:02:21.763,1.3321,1.3326,1.00,2.40
2010.04.23 10:02:22.001,1.3321,1.3326,1.00,2.40
2010.04.23 10:02:22.530,1.3321,1.3325,1.00,1.60
2010.04.23 10:02:26.396,1.3321,1.33245,1.00,1.00
2010.04.23 10:02:26.813,1.33205,1.33245,1.00,1.00
2010.04.23 10:02:27.199,1.33205,1.3324,1.00,1.00
2010.04.23 10:02:27.393,1.332,1.3325,1.00,3.50
2010.04.23 10:02:27.819,1.332,1.3325,1.00,1.20
2010.04.23 10:02:28.513,1.332,1.3325,1.20,1.00
2010.04.23 10:02:28.861,1.332,1.33245,1.00,1.00
2010.04.23 10:02:29.218,1.332,1.3325,1.00,2.50
2010.04.23 10:02:29.571,1.332,1.3325,2.00,1.20
2010.04.23 10:02:29.920,1.33205,1.33255,1.20,1.00
2010.04.23 10:02:30.267,1.3321,1.33255,1.00,1.00
2010.04.23 10:02:31.295,1.33205,1.33255,1.20,1.00
2010.04.23 10:02:31.639,1.3321,1.3326,1.00,3.20
2010.04.23 10:02:32.135,1.33205,1.3325,3.20,1.00
2010.04.23 10:02:32.349,1.33205,1.33255,1.20,1.00
2010.04.23 10:02:32.562,1.33205,1.33255,1.20,1.00
2010.04.23 10:02:34.061,1.33205,1.33255,1.20,1.00
2010.04.23 10:02:34.626,1.33205,1.33245,1.20,1.00
2010.04.23 10:02:34.781,1.332,1.3325,1.60,1.00
2010.04.23 10:02:34.929,1.332,1.3325,1.20,1.00
2010.04.23 10:02:35.362,1.332,1.33255,1.60,3.20
2010.04.23 10:02:35.622,1.332,1.33255,1.60,2.80
2010.04.23 10:02:36.133,1.332,1.3325,1.20,2.80
2010.04.23 10:02:36.393,1.332,1.33245,1.20,1.00
2010.04.23 10:02:36.652,1.332,1.33245,1.00,1.00
2010.04.23 10:02:37.674,1.332,1.3324,1.00,1.00
2010.04.23 10:02:37.919,1.332,1.33235,1.00,1.00
2010.04.23 10:02:38.167,1.332,1.3324,1.00,1.00
2010.04.23 10:02:38.796,1.33195,1.33245,1.00,2.80
2010.04.23 10:02:39.146,1.332,1.33245,1.00,2.80
2010.04.23 10:02:39.784,1.332,1.33245,1.90,2.40
2010.04.23 10:02:40.121,1.3321,1.33255,1.60,4.00
2010.04.23 10:02:43.789,1.3322,1.33255,1.60,2.30
2010.04.23 10:02:44.025,1.3322,1.33255,1.60,1.00
2010.04.23 10:02:44.571,1.3322,1.3326,1.60,1.00
2010.04.23 10:02:44.803,1.3322,1.33265,1.60,4.00
2010.04.23 10:02:45.152,1.33225,1.33265,1.00,3.90
2010.04.23 10:02:45.496,1.3322,1.33265,1.00,2.90
2010.04.23 10:02:45.833,1.33215,1.33265,1.30,3.60
2010.04.23 10:02:46.387,1.3321,1.3326,2.40,1.00
2010.04.23 10:02:46.723,1.3321,1.3326,2.40,1.20
2010.04.23 10:02:49.458,1.3321,1.3326,2.40,2.00
2010.04.23 10:02:49.619,1.3321,1.3326,2.40,1.20
2010.04.23 10:02:50.835,1.3321,1.33255,2.40,1.60
2010.04.23 10:02:51.181,1.3321,1.33255,1.60,2.80
2010.04.23 10:02:52.848,1.3321,1.33255,1.60,3.90
2010.04.23 10:02:55.488,1.3322,1.33255,1.60,2.30
2010.04.23 10:02:55.665,1.3321,1.33255,1.60,3.90
2010.04.23 10:02:55.849,1.3321,1.33255,1.60,4.90
2010.04.23 10:02:56.031,1.3321,1.33255,1.60,3.90
2010.04.23 10:02:58.076,1.3321,1.33255,1.60,4.70
2010.04.23 10:02:58.418,1.3321,1.33255,1.60,3.90
2010.04.23 10:03:01.958,1.3321,1.33255,1.60,4.10
2010.04.23 10:03:02.149,1.3321,1.33255,1.60,2.80
2010.04.23 10:03:05.743,1.3321,1.33255,1.60,5.50
2010.04.23 10:03:05.864,1.3321,1.3325,1.60,1.00
2010.04.23 10:03:12.982,1.33205,1.3325,1.00,1.00
2010.04.23 10:03:13.286,1.332,1.3325,3.20,1.00
2010.04.23 10:03:13.735,1.332,1.33245,1.60,2.40
2010.04.23 10:03:14.225,1.332,1.33245,1.60,2.80
2010.04.23 10:03:14.562,1.33195,1.33245,2.40,2.80
2010.04.23 10:03:15.195,1.33195,1.3324,1.00,1.00
2010.04.23 10:03:15.463,1.3319,1.33235,2.40,2.00
2010.04.23 10:03:15.994,1.3319,1.33235,2.40,2.00
2010.04.23 10:03:16.621,1.332,1.33235,1.60,1.00
2010.04.23 10:03:16.967,1.33205,1.33245,1.60,1.00
2010.04.23 10:03:17.297,1.33205,1.33255,1.60,2.80
2010.04.23 10:03:17.787,1.33205,1.33255,2.40,2.80
2010.04.23 10:03:18.143,1.33205,1.33245,1.00,1.60
2010.04.23 10:03:20.012,1.33205,1.3325,2.40,2.50
2010.04.23 10:03:23.623,1.33205,1.3325,1.60,3.30
2010.04.23 10:03:25.299,1.33205,1.3325,1.60,6.90
2010.04.23 10:03:25.846,1.33195,1.3324,2.80,1.00
2010.04.23 10:03:26.088,1.33195,1.33245,2.40,2.00
2010.04.23 10:03:26.437,1.33195,1.3324,2.40,1.60
2010.04.23 10:03:26.786,1.33195,1.3324,1.60,1.00
2010.04.23 10:03:27.340,1.3319,1.33245,2.50,2.80
2010.04.23 10:03:27.699,1.3319,1.3323,1.20,1.00
2010.04.23 10:03:28.047,1.3319,1.3323,1.00,2.10
2010.04.23 10:03:28.232,1.33185,1.3323,1.60,1.00
2010.04.23 10:03:28.724,1.33185,1.3323,1.60,1.00
2010.04.23 10:03:28.921,1.33195,1.33235,1.60,1.20
2010.04.23 10:03:29.112,1.33195,1.3324,1.60,1.20
2010.04.23 10:03:29.649,1.3319,1.3324,1.00,4.80
2010.04.23 10:03:30.011,1.33185,1.3323,1.00,3.30
2010.04.23 10:03:30.628,1.33185,1.3323,1.60,2.30
2010.04.23 10:03:32.329,1.33185,1.3323,1.60,2.40
2010.04.23 10:03:32.793,1.33185,1.3323,1.60,2.30
2010.04.23 10:03:32.985,1.33185,1.3323,1.60,1.90
2010.04.23 10:03:34.027,1.33185,1.3323,1.60,1.90
2010.04.23 10:03:34.489,1.33185,1.3323,1.60,2.30
2010.04.23 10:03:34.700,1.33185,1.3323,1.60,2.40
2010.04.23 10:03:35.989,1.33185,1.3323,1.60,1.00
2010.04.23 10:03:36.653,1.33185,1.3323,2.40,1.00
2010.04.23 10:03:37.249,1.33185,1.33235,2.40,2.40
2010.04.23 10:03:38.488,1.33185,1.33235,2.40,2.30
2010.04.23 10:03:40.837,1.33185,1.33235,2.40,4.90
2010.04.23 10:03:41.007,1.33185,1.3323,2.40,1.00
2010.04.23 10:03:42.124,1.33185,1.33235,2.40,4.90
2010.04.23 10:03:43.990,1.33185,1.33235,2.40,4.80
2010.04.23 10:03:44.094,1.33185,1.3323,2.40,1.00
2010.04.23 10:03:44.134,1.33185,1.3323,2.40,1.00
2010.04.23 10:03:44.177,1.33185,1.33225,1.00,1.60
2010.04.23 10:03:44.523,1.3318,1.3322,1.20,1.60
2010.04.23 10:03:44.874,1.33175,1.33225,2.00,2.30
2010.04.23 10:03:45.220,1.3318,1.3322,1.60,1.00
2010.04.23 10:03:45.571,1.33195,1.33225,1.60,1.00
2010.04.23 10:03:45.919,1.33185,1.33225,1.00,1.00
2010.04.23 10:03:46.267,1.3318,1.33225,2.00,1.00
2010.04.23 10:03:46.606,1.3318,1.33225,1.60,1.00
2010.04.23 10:03:47.200,1.3318,1.33225,2.00,2.40
2010.04.23 10:03:47.555,1.3318,1.33225,2.00,1.00
2010.04.23 10:03:47.849,1.3318,1.33225,1.60,1.00
2010.04.23 10:03:48.429,1.3318,1.33225,2.40,1.00
2010.04.23 10:03:48.728,1.3318,1.33225,3.60,1.00
2010.04.23 10:03:49.028,1.3319,1.33225,1.00,1.00
2010.04.23 10:03:50.648,1.3319,1.33225,1.00,3.10
2010.04.23 10:03:50.954,1.3319,1.33225,1.00,5.80
2010.04.23 10:03:51.253,1.33185,1.3322,1.00,1.00
2010.04.23 10:03:52.141,1.3319,1.33225,1.00,3.10
2010.04.23 10:03:52.438,1.33185,1.3322,1.00,1.90
2010.04.23 10:03:52.728,1.33185,1.3322,1.00,2.00
2010.04.23 10:03:53.395,1.33175,1.33205,1.00,1.00
2010.04.23 10:03:53.742,1.33175,1.33205,1.00,1.00
2010.04.23 10:03:54.281,1.33175,1.3321,1.00,1.00
2010.04.23 10:03:54.626,1.3318,1.33225,2.00,2.80
2010.04.23 10:03:54.975,1.3318,1.33225,1.20,2.00
2010.04.23 10:03:55.314,1.3318,1.3322,1.20,1.60
2010.04.23 10:03:55.654,1.3318,1.33225,1.00,2.00
2010.04.23 10:03:55.995,1.3319,1.33225,1.60,1.00
2010.04.23 10:03:56.335,1.33185,1.33225,3.30,1.00
2010.04.23 10:03:56.563,1.33185,1.33225,1.60,1.00
2010.04.23 10:03:56.799,1.33185,1.33215,1.20,1.00
2010.04.23 10:03:57.280,1.33185,1.3322,1.00,1.00
2010.04.23 10:03:57.529,1.3318,1.3322,1.00,1.00
2010.04.23 10:03:57.866,1.33185,1.33225,1.00,3.30
2010.04.23 10:03:58.208,1.33185,1.33225,1.20,2.80
2010.04.23 10:03:58.751,1.33185,1.33225,2.00,1.00
2010.04.23 10:03:59.099,1.3319,1.3323,1.00,2.10
2010.04.23 10:03:59.445,1.3319,1.33225,1.00,2.00
2010.04.23 10:03:59.795,1.33185,1.33225,1.00,1.60
2010.04.23 10:04:00.144,1.33185,1.33225,1.00,2.10
2010.04.23 10:04:01.175,1.33185,1.3322,1.00,1.60
2010.04.23 10:04:01.802,1.33185,1.3322,1.20,2.10
2010.04.23 10:04:02.145,1.3318,1.3322,1.00,2.10
2010.04.23 10:04:02.376,1.33185,1.33225,2.80,1.00
2010.04.23 10:04:02.606,1.33185,1.33225,5.20,1.00
2010.04.23 10:04:03.218,1.33195,1.3323,1.00,1.00
2010.04.23 10:04:03.545,1.3319,1.33235,1.60,2.50
2010.04.23 10:04:03.873,1.33195,1.33235,1.00,1.70
2010.04.23 10:04:04.196,1.33195,1.3323,1.00,2.10
2010.04.23 10:04:05.224,1.33195,1.33235,3.60,2.80
2010.04.23 10:04:05.424,1.33195,1.33235,3.60,1.00
2010.04.23 10:04:05.711,1.33195,1.3324,3.60,5.60
2010.04.23 10:04:05.914,1.332,1.3324,1.00,5.20
2010.04.23 10:04:06.599,1.332,1.3324,1.00,2.40
2010.04.23 10:04:08.209,1.33205,1.3324,1.00,2.40
2010.04.23 10:04:08.389,1.33205,1.3324,1.50,2.40
2010.04.23 10:04:09.444,1.33205,1.33235,1.00,1.60
2010.04.23 10:04:10.061,1.33205,1.3324,1.50,1.60
2010.04.23 10:04:10.558,1.33205,1.3324,1.00,1.60
2010.04.23 10:04:10.839,1.33205,1.33235,1.00,1.60
2010.04.23 10:04:11.113,1.332,1.33235,1.00,1.60
2010.04.23 10:04:12.614,1.33195,1.3323,1.00,1.00
2010.04.23 10:04:12.962,1.33195,1.33225,1.00,3.00
2010.04.23 10:04:13.228,1.3317,1.33225,1.20,3.00
2010.04.23 10:04:13.771,1.3317,1.33225,1.00,3.00
2010.04.23 10:04:14.127,1.33165,1.33215,1.20,1.60
2010.04.23 10:04:14.477,1.3317,1.33215,1.20,1.60
2010.04.23 10:04:15.041,1.3317,1.33215,1.20,2.40
2010.04.23 10:04:15.364,1.3317,1.3322,1.00,2.40
2010.04.23 10:04:15.685,1.33175,1.3322,1.00,1.20
2010.04.23 10:04:16.006,1.3317,1.3322,4.80,1.00
2010.04.23 10:04:16.327,1.3317,1.33215,1.20,1.00
2010.04.23 10:04:16.680,1.3317,1.33215,1.00,1.00
2010.04.23 10:04:17.362,1.3317,1.3322,1.00,1.20
2010.04.23 10:04:18.252,1.3317,1.33215,1.00,1.00
2010.04.23 10:04:19.307,1.3317,1.3322,3.60,1.20
2010.04.23 10:04:19.870,1.3317,1.3322,3.60,1.00
2010.04.23 10:04:20.010,1.33175,1.3322,1.00,1.00
2010.04.23 10:04:20.150,1.3317,1.3322,5.90,1.00
2010.04.23 10:04:20.302,1.33175,1.3322,1.00,1.00
2010.04.23 10:04:20.649,1.33175,1.3322,1.00,1.00
2010.04.23 10:04:20.990,1.33175,1.33215,1.20,1.60
2010.04.23 10:04:21.337,1.3317,1.33215,1.20,1.60
2010.04.23 10:04:22.360,1.3317,1.33215,3.20,1.00
2010.04.23 10:04:22.517,1.33175,1.33215,1.60,1.00
2010.04.23 10:04:22.940,1.3318,1.33215,2.50,1.00
2010.04.23 10:04:23.102,1.3318,1.3322,3.60,1.80
2010.04.23 10:04:23.264,1.3318,1.3323,1.20,3.80
2010.04.23 10:04:23.660,1.3318,1.33225,1.60,2.20
2010.04.23 10:04:24.003,1.3318,1.33225,1.00,2.20
2010.04.23 10:04:24.349,1.33175,1.33225,3.20,3.00
2010.04.23 10:04:24.696,1.33175,1.33225,2.80,2.80
2010.04.23 10:04:25.642,1.33175,1.33215,1.20,1.60
2010.04.23 10:04:25.921,1.3318,1.3322,1.00,1.00
2010.04.23 10:04:26.198,1.3318,1.33225,1.00,1.00
2010.04.23 10:04:27.054,1.3319,1.33225,1.00,1.00
2010.04.23 10:04:27.384,1.33185,1.33235,2.40,1.20
2010.04.23 10:04:27.708,1.33185,1.33235,1.20,1.20
2010.04.23 10:04:28.037,1.33185,1.33235,1.00,2.40
2010.04.23 10:04:28.638,1.3318,1.3323,1.20,2.30
2010.04.23 10:04:29.218,1.33185,1.33235,2.00,2.80
2010.04.23 10:04:29.420,1.33185,1.3323,2.80,1.60
2010.04.23 10:04:29.628,1.33185,1.33235,5.20,1.00
2010.04.23 10:04:29.828,1.3319,1.33235,1.00,1.00
2010.04.23 10:04:30.265,1.3319,1.3324,1.00,4.00
2010.04.23 10:04:30.609,1.3319,1.3324,1.20,4.30
2010.04.23 10:04:32.108,1.3319,1.33235,1.20,1.00
2010.04.23 10:04:32.461,1.3319,1.3323,1.20,1.00
2010.04.23 10:04:32.810,1.3319,1.3323,1.00,1.60
2010.04.23 10:04:33.696,1.3319,1.33235,1.00,1.00
2010.04.23 10:04:33.935,1.3319,1.33235,1.60,1.00
2010.04.23 10:04:35.501,1.3319,1.33235,1.00,1.70
2010.04.23 10:04:35.665,1.3319,1.33235,1.00,1.00
2010.04.23 10:04:35.829,1.3319,1.33235,1.00,1.20
2010.04.23 10:04:36.195,1.33195,1.33235,1.00,1.20
2010.04.23 10:04:36.353,1.3319,1.33235,1.20,1.60
2010.04.23 10:04:36.696,1.3319,1.33235,1.00,1.60
2010.04.23 10:04:37.099,1.3319,1.33235,1.00,2.00
2010.04.23 10:04:37.458,1.33185,1.33235,3.60,2.80
2010.04.23 10:04:38.594,1.33185,1.3323,2.80,1.60
2010.04.23 10:04:38.971,1.33185,1.33225,1.20,1.60
2010.04.23 10:04:39.163,1.33185,1.3323,2.80,1.60
2010.04.23 10:04:39.353,1.33185,1.33225,1.00,1.60
2010.04.23 10:04:39.696,1.3318,1.33225,5.80,1.60
2010.04.23 10:04:40.039,1.33175,1.33225,3.60,1.00
2010.04.23 10:04:40.386,1.33175,1.33225,3.60,1.00
2010.04.23 10:04:41.339,1.3318,1.33225,1.00,1.00
2010.04.23 10:04:41.702,1.33185,1.3323,1.00,1.20
2010.04.23 10:04:42.338,1.33185,1.33225,1.00,1.00
2010.04.23 10:04:42.691,1.3318,1.3323,1.00,1.20
2010.04.23 10:04:43.035,1.3319,1.33235,1.00,1.00
2010.04.23 10:04:44.403,1.3319,1.3323,1.00,1.00
2010.04.23 10:04:44.742,1.33185,1.3323,1.00,1.00
2010.04.23 10:04:47.860,1.33185,1.33235,1.00,2.40
2010.04.23 10:04:49.939,1.33185,1.3323,1.00,1.60
2010.04.23 10:04:50.426,1.3318,1.3323,3.60,1.00
2010.04.23 10:04:50.588,1.33185,1.33235,1.00,2.40
2010.04.23 10:04:55.317,1.3318,1.3323,4.00,2.40
2010.04.23 10:04:55.590,1.3318,1.3323,1.00,4.10
2010.04.23 10:04:55.859,1.33175,1.33225,3.60,1.00
2010.04.23 10:04:56.198,1.33175,1.33225,3.60,1.90
2010.04.23 10:04:57.130,1.33175,1.33225,2.00,2.00
2010.04.23 10:04:57.240,1.33175,1.33225,1.20,2.50
2010.04.23 10:04:57.458,1.33175,1.33225,1.00,2.90
2010.04.23 10:04:59.379,1.33175,1.3322,1.00,1.60
2010.04.23 10:04:59.815,1.3317,1.3322,1.20,2.10
2010.04.23 10:05:00.043,1.33175,1.3322,1.60,1.20
2010.04.23 10:05:00.310,1.33175,1.3322,1.60,1.00
2010.04.23 10:05:00.578,1.33175,1.33225,2.40,2.80
2010.04.23 10:05:01.384,1.33175,1.3322,2.40,1.00
2010.04.23 10:05:03.282,1.33165,1.3321,2.40,1.60
2010.04.23 10:05:03.896,1.33165,1.33215,3.20,1.00
2010.04.23 10:05:04.065,1.3317,1.33215,1.00,1.00
2010.04.23 10:05:04.406,1.3317,1.33215,1.20,1.00
2010.04.23 10:05:06.036,1.3317,1.33215,1.00,1.00
2010.04.23 10:05:07.597,1.33175,1.3322,1.60,2.80
2010.04.23 10:05:07.835,1.33175,1.3322,2.40,1.60
2010.04.23 10:05:08.369,1.33175,1.3322,2.80,1.60
2010.04.23 10:05:08.603,1.33175,1.33225,2.80,2.00
2010.04.23 10:05:08.835,1.33175,1.33225,2.80,2.80
2010.04.23 10:05:09.064,1.33175,1.33225,2.40,4.00
2010.04.23 10:05:10.101,1.33175,1.33215,1.00,1.60
2010.04.23 10:05:10.413,1.33175,1.33215,1.00,2.50
2010.04.23 10:05:10.625,1.33165,1.33215,3.20,2.80
2010.04.23 10:05:11.235,1.33165,1.33215,4.30,1.20
2010.04.23 10:05:11.889,1.33165,1.33215,4.30,1.00
2010.04.23 10:05:13.791,1.33165,1.3321,3.90,1.10
2010.04.23 10:05:14.002,1.33165,1.3321,1.00,4.90
2010.04.23 10:05:14.206,1.3316,1.33205,1.00,1.00
2010.04.23 10:05:14.403,1.3316,1.3321,1.00,4.10
2010.04.23 10:05:14.603,1.33155,1.3321,4.70,4.00
2010.04.23 10:05:14.803,1.33155,1.33205,4.70,1.00
2010.04.23 10:05:15.586,1.33155,1.33205,3.90,1.00
2010.04.23 10:05:15.942,1.33155,1.33205,3.90,1.00
2010.04.23 10:05:16.153,1.33155,1.33205,4.70,1.00
2010.04.23 10:05:16.572,1.33165,1.33205,1.60,1.00
2010.04.23 10:05:18.056,1.33165,1.3321,1.60,2.00
2010.04.23 10:05:18.867,1.33165,1.3321,1.60,1.00
2010.04.23 10:05:19.300,1.33165,1.3321,1.60,2.10
2010.04.23 10:05:19.645,1.3316,1.3321,1.20,2.50
2010.04.23 10:05:19.991,1.3316,1.3321,1.20,2.00
2010.04.23 10:05:20.612,1.33165,1.3321,1.60,2.00
2010.04.23 10:05:20.893,1.33165,1.3321,1.70,1.60
2010.04.23 10:05:21.401,1.33165,1.33215,3.90,1.00
2010.04.23 10:05:24.386,1.33165,1.33215,3.10,2.40
2010.04.23 10:05:24.562,1.33165,1.33215,2.40,2.40
2010.04.23 10:05:25.280,1.33165,1.33215,2.50,2.40
2010.04.23 10:05:25.491,1.33165,1.33215,3.90,1.00
2010.04.23 10:05:27.460,1.33165,1.33215,3.60,1.00
2010.04.23 10:05:27.721,1.33165,1.33215,3.90,1.20
2010.04.23 10:05:28.389,1.3317,1.3322,1.00,2.80
2010.04.23 10:05:28.716,1.33175,1.3322,1.60,1.20
2010.04.23 10:05:29.032,1.33175,1.3322,2.40,1.00
2010.04.23 10:05:29.349,1.33175,1.33225,2.40,4.00
2010.04.23 10:05:30.432,1.33175,1.3322,3.20,1.00
2010.04.23 10:05:30.642,1.33175,1.3322,2.80,2.80
2010.04.23 10:05:30.850,1.33175,1.33225,2.80,2.80
2010.04.23 10:05:31.183,1.33175,1.33225,2.80,2.60
2010.04.23 10:05:31.404,1.33175,1.3322,2.80,1.60
2010.04.23 10:05:31.750,1.3318,1.33225,1.00,2.00
2010.04.23 10:05:32.433,1.3318,1.33225,1.20,1.00
2010.04.23 10:05:32.669,1.3318,1.3323,1.20,2.00
2010.04.23 10:05:34.241,1.3318,1.3323,1.20,2.80
2010.04.23 10:05:34.400,1.33175,1.33225,2.80,1.00
2010.04.23 10:05:34.827,1.33175,1.33225,1.20,1.00
2010.04.23 10:05:34.996,1.33175,1.33225,1.00,1.20
2010.04.23 10:05:35.641,1.33175,1.3321,1.00,1.60
2010.04.23 10:05:36.530,1.33165,1.3321,3.70,1.60
2010.04.23 10:05:36.819,1.3317,1.3321,1.00,1.60
2010.04.23 10:05:37.703,1.33175,1.3322,1.60,2.80
2010.04.23 10:05:38.054,1.33175,1.3322,1.00,2.00
2010.04.23 10:05:38.401,1.33175,1.3322,1.20,1.60
2010.04.23 10:05:39.088,1.33175,1.3322,1.00,1.60
2010.04.23 10:05:42.707,1.33175,1.3322,1.20,1.60
2010.04.23 10:05:44.478,1.33175,1.3322,4.80,1.60
2010.04.23 10:05:44.657,1.33175,1.3322,5.80,1.60
2010.04.23 10:05:44.836,1.3318,1.3322,1.20,1.60
2010.04.23 10:05:45.185,1.3318,1.33215,1.20,1.00
2010.04.23 10:05:45.460,1.3318,1.33215,1.00,1.60
2010.04.23 10:05:46.062,1.3318,1.33225,1.60,4.00
2010.04.23 10:05:46.340,1.33175,1.33225,2.00,4.00
2010.04.23 10:05:46.688,1.3318,1.33225,1.60,3.60
2010.04.23 10:05:47.028,1.33175,1.33225,2.00,3.60
2010.04.23 10:05:47.665,1.3318,1.33225,1.00,3.60
2010.04.23 10:05:48.265,1.3318,1.33225,1.00,3.60
2010.04.23 10:05:48.716,1.3318,1.33225,1.00,3.60
2010.04.23 10:05:50.233,1.33175,1.33225,2.00,3.60
2010.04.23 10:05:51.246,1.3318,1.33225,1.10,3.60
2010.04.23 10:05:51.484,1.3318,1.33225,1.10,2.40
2010.04.23 10:05:51.724,1.3318,1.33225,1.50,2.40
2010.04.23 10:05:52.656,1.3318,1.33225,2.30,2.40
2010.04.23 10:05:52.919,1.3319,1.33225,1.60,1.00
2010.04.23 10:05:54.080,1.3319,1.33225,1.60,1.00
2010.04.23 10:05:54.626,1.33185,1.33225,1.50,1.60
2010.04.23 10:05:54.881,1.33185,1.33225,1.00,1.70
2010.04.23 10:05:55.135,1.33185,1.33225,1.00,2.50
2010.04.23 10:05:55.433,1.33175,1.33225,2.80,2.50
2010.04.23 10:05:56.329,1.3318,1.33225,1.60,1.00
2010.04.23 10:05:56.657,1.3319,1.33225,1.60,1.00
2010.04.23 10:05:56.977,1.3319,1.33225,2.00,1.00
2010.04.23 10:05:57.296,1.3319,1.3322,2.00,1.00
2010.04.23 10:05:57.911,1.33185,1.3322,1.00,1.00
2010.04.23 10:05:58.253,1.3318,1.3322,1.00,1.00
2010.04.23 10:05:59.232,1.3318,1.3322,1.00,2.80
2010.04.23 10:05:59.681,1.3318,1.3322,1.00,3.60
2010.04.23 10:05:59.993,1.3318,1.33215,1.00,1.00
2010.04.23 10:06:01.492,1.3318,1.33205,1.00,1.00
2010.04.23 10:06:02.248,1.33175,1.33215,1.00,4.00
2010.04.23 10:06:02.485,1.3317,1.33215,2.40,4.00
2010.04.23 10:06:02.823,1.33175,1.33215,1.00,3.60
2010.04.23 10:06:03.502,1.3317,1.33215,3.20,3.60
2010.04.23 10:06:06.070,1.33175,1.33215,1.00,3.60
2010.04.23 10:06:06.531,1.3317,1.33215,3.20,3.60
2010.04.23 10:06:10.930,1.3317,1.33215,3.20,8.80
2010.04.23 10:06:11.100,1.3317,1.33205,3.20,1.60
2010.04.23 10:06:11.431,1.3317,1.33205,1.20,1.60
2010.04.23 10:06:11.978,1.3317,1.33205,1.00,1.00
2010.04.23 10:06:12.326,1.3317,1.33205,1.00,1.00
2010.04.23 10:06:13.011,1.3317,1.3321,1.00,5.30
2010.04.23 10:06:13.232,1.3317,1.3321,1.00,5.20
2010.04.23 10:06:13.729,1.3317,1.33205,1.00,1.00
2010.04.23 10:06:13.958,1.33165,1.332,1.30,2.40
2010.04.23 10:06:14.186,1.33165,1.332,1.00,1.90
2010.04.23 10:06:14.522,1.3316,1.332,2.00,1.90
2010.04.23 10:06:15.700,1.33165,1.332,1.00,1.00
2010.04.23 10:06:16.210,1.33165,1.33205,1.00,2.40
2010.04.23 10:06:16.497,1.33165,1.33205,2.80,1.00
2010.04.23 10:06:16.775,1.3317,1.33205,1.00,1.00
2010.04.23 10:06:17.055,1.3317,1.332,1.00,1.00
2010.04.23 10:06:17.695,1.33165,1.332,1.20,1.00
2010.04.23 10:06:18.045,1.33165,1.33195,1.20,1.60
2010.04.23 10:06:18.687,1.33165,1.332,1.20,1.00
2010.04.23 10:06:18.724,1.33165,1.33205,2.00,1.20
2010.04.23 10:06:19.030,1.33175,1.33205,1.00,1.00
2010.04.23 10:06:19.333,1.33165,1.33205,4.40,1.00
2010.04.23 10:06:19.975,1.3317,1.33205,1.00,1.00
2010.04.23 10:06:20.323,1.3317,1.3321,1.20,2.40
2010.04.23 10:06:20.915,1.33175,1.33205,1.00,1.00
2010.04.23 10:06:21.267,1.33175,1.3321,1.20,1.00
2010.04.23 10:06:21.950,1.33175,1.33205,1.00,2.00
2010.04.23 10:06:22.253,1.3317,1.33205,1.20,1.00
2010.04.23 10:06:22.855,1.3316,1.332,2.80,1.00
2010.04.23 10:06:23.499,1.3316,1.332,2.40,1.20
2010.04.23 10:06:23.842,1.3316,1.33195,2.40,1.00
2010.04.23 10:06:24.194,1.3315,1.3319,1.20,2.00
2010.04.23 10:06:24.541,1.3315,1.3319,2.00,2.00
2010.04.23 10:06:25.101,1.33155,1.3319,4.00,1.00
2010.04.23 10:06:25.442,1.33155,1.33185,1.00,1.00
2010.04.23 10:06:25.788,1.3315,1.33185,1.60,1.00
2010.04.23 10:06:26.135,1.3315,1.33185,1.20,1.00
2010.04.23 10:06:26.482,1.3315,1.33185,2.80,1.00
2010.04.23 10:06:26.829,1.33155,1.33195,1.20,1.00
2010.04.23 10:06:27.508,1.33155,1.33195,1.20,1.00
2010.04.23 10:06:27.848,1.33155,1.33195,2.80,1.00
2010.04.23 10:06:29.676,1.33155,1.33195,2.80,1.00
2010.04.23 10:06:29.907,1.33155,1.33195,2.80,1.00
2010.04.23 10:06:30.429,1.33155,1.33195,2.80,1.00
2010.04.23 10:06:31.118,1.33155,1.33195,1.20,1.00
2010.04.23 10:06:31.458,1.3316,1.33195,1.00,1.00
2010.04.23 10:06:32.550,1.3316,1.33185,1.00,1.00
2010.04.23 10:06:32.819,1.33155,1.3319,1.20,1.60
2010.04.23 10:06:33.183,1.33155,1.3319,1.00,1.60
2010.04.23 10:06:33.455,1.3315,1.3319,2.00,1.00
2010.04.23 10:06:34.137,1.3315,1.3319,1.60,1.00
2010.04.23 10:06:34.477,1.3315,1.3319,1.60,1.00
2010.04.23 10:06:34.758,1.33145,1.33185,3.20,1.00
2010.04.23 10:06:35.049,1.33145,1.33185,1.00,1.00
2010.04.23 10:06:35.337,1.3315,1.33185,1.60,1.00
2010.04.23 10:06:35.830,1.3315,1.33185,1.60,1.00
2010.04.23 10:06:36.187,1.3315,1.3319,2.40,1.00
2010.04.23 10:06:36.810,1.33145,1.3318,1.00,1.00
2010.04.23 10:06:37.078,1.3315,1.3318,1.00,1.00
2010.04.23 10:06:37.627,1.3314,1.3318,2.80,1.00
2010.04.23 10:06:38.213,1.3314,1.3318,2.80,1.00
2010.04.23 10:06:39.017,1.3314,1.3318,1.20,1.00
2010.04.23 10:06:39.464,1.3314,1.3317,1.00,1.00
2010.04.23 10:06:39.687,1.33135,1.3317,1.20,1.00
2010.04.23 10:06:40.182,1.33135,1.33175,1.20,2.90
2010.04.23 10:06:40.531,1.3314,1.3318,1.00,1.20
2010.04.23 10:06:40.876,1.33145,1.3318,1.00,1.00
2010.04.23 10:06:41.493,1.33145,1.3318,1.20,1.00
2010.04.23 10:06:41.844,1.33145,1.3318,1.00,1.00
2010.04.23 10:06:42.525,1.3314,1.33175,1.00,1.00
2010.04.23 10:06:42.877,1.3314,1.33175,1.00,1.00
2010.04.23 10:06:43.294,1.3314,1.33175,1.00,1.00
2010.04.23 10:06:43.737,1.3314,1.3318,1.00,1.20
2010.04.23 10:06:43.965,1.3314,1.3318,1.00,1.00
2010.04.23 10:06:44.506,1.3314,1.3318,1.20,1.00
2010.04.23 10:06:45.382,1.3314,1.3318,2.80,1.00
2010.04.23 10:06:45.674,1.33145,1.3318,1.00,1.00
2010.04.23 10:06:46.859,1.33145,1.3318,1.20,1.00
2010.04.23 10:06:47.176,1.3314,1.3318,2.80,1.00
2010.04.23 10:06:47.804,1.33145,1.33185,1.00,1.20
2010.04.23 10:06:48.121,1.33145,1.33185,1.00,1.00
2010.04.23 10:06:48.810,1.33145,1.33185,1.20,1.00
2010.04.23 10:06:49.396,1.3315,1.33185,1.00,1.70
2010.04.23 10:06:49.592,1.33145,1.33185,1.20,2.50
2010.04.23 10:06:49.791,1.33145,1.33185,1.00,4.90
2010.04.23 10:06:49.992,1.33135,1.3318,1.20,1.00
2010.04.23 10:06:50.628,1.33135,1.33175,1.00,1.00
2010.04.23 10:06:50.980,1.33125,1.33165,3.20,1.00
2010.04.23 10:06:51.281,1.33125,1.3317,1.00,1.00
2010.04.23 10:06:51.840,1.33125,1.3317,1.20,1.90
2010.04.23 10:06:52.131,1.33125,1.33165,1.00,1.00
2010.04.23 10:06:52.471,1.3314,1.3317,1.10,1.10
2010.04.23 10:06:52.812,1.3314,1.33175,1.10,2.90
2010.04.23 10:06:53.162,1.3314,1.33175,1.00,1.00
2010.04.23 10:06:53.475,1.3314,1.3318,1.00,1.00
2010.04.23 10:06:53.782,1.33145,1.3318,1.00,1.00
2010.04.23 10:06:54.960,1.3314,1.3318,1.00,1.00
2010.04.23 10:06:56.122,1.3314,1.33175,1.00,1.00
2010.04.23 10:06:56.322,1.33145,1.33175,1.00,1.00
2010.04.23 10:06:57.147,1.33135,1.3318,1.70,1.20
2010.04.23 10:06:57.493,1.33135,1.3318,1.00,1.20
2010.04.23 10:06:58.085,1.3315,1.3318,1.00,1.20
2010.04.23 10:06:58.446,1.3316,1.33215,1.00,1.20
2010.04.23 10:06:58.796,1.33165,1.3322,1.00,1.00
2010.04.23 10:07:00.108,1.3317,1.33215,2.40,2.30
2010.04.23 10:07:00.530,1.3317,1.33215,2.40,1.00
2010.04.23 10:07:00.737,1.3317,1.33215,2.80,1.00
2010.04.23 10:07:01.418,1.3317,1.33215,2.80,1.00
2010.04.23 10:07:01.761,1.3317,1.33215,2.80,1.40
2010.04.23 10:07:02.031,1.3317,1.3321,1.20,1.60
2010.04.23 10:07:02.581,1.3317,1.3321,1.20,2.90
2010.04.23 10:07:02.861,1.3317,1.33205,1.20,1.60
2010.04.23 10:07:03.342,1.3317,1.33205,1.50,1.60
2010.04.23 10:07:03.641,1.33175,1.33195,1.00,1.00
2010.04.23 10:07:03.945,1.33165,1.33195,1.00,1.60
2010.04.23 10:07:04.296,1.33165,1.332,1.00,1.00
2010.04.23 10:07:05.318,1.3317,1.33205,1.00,2.40
2010.04.23 10:07:05.661,1.3317,1.33205,1.50,1.60
2010.04.23 10:07:06.228,1.3317,1.33205,1.50,2.40
2010.04.23 10:07:06.447,1.3317,1.33205,1.10,2.40
2010.04.23 10:07:06.667,1.3317,1.332,1.10,1.00
2010.04.23 10:07:07.106,1.3317,1.332,1.10,1.00
2010.04.23 10:07:07.934,1.3317,1.33205,2.70,1.00
2010.04.23 10:07:08.261,1.33175,1.3321,1.30,1.00
2010.04.23 10:07:08.519,1.33175,1.3321,1.00,2.40
2010.04.23 10:07:08.906,1.33175,1.3321,1.00,2.80
2010.04.23 10:07:09.176,1.33165,1.33205,1.00,2.80
2010.04.23 10:07:09.800,1.33165,1.33205,1.00,1.20
2010.04.23 10:07:10.112,1.3317,1.3321,1.00,2.80
2010.04.23 10:07:10.636,1.3317,1.3321,1.00,2.40
2010.04.23 10:07:10.984,1.3317,1.3321,1.00,1.00
2010.04.23 10:07:11.328,1.3317,1.3321,1.00,3.20
2010.04.23 10:07:11.637,1.3317,1.33205,1.00,1.00
2010.04.23 10:07:12.241,1.3316,1.3319,1.70,1.60
2010.04.23 10:07:12.578,1.33155,1.3319,1.00,1.60
2010.04.23 10:07:12.927,1.3315,1.3319,1.00,1.60
2010.04.23 10:07:14.871,1.3315,1.3319,1.00,2.40
2010.04.23 10:07:15.198,1.33145,1.3319,1.20,2.40
2010.04.23 10:07:17.884,1.33145,1.3319,2.00,2.40
2010.04.23 10:07:18.153,1.33145,1.3319,1.20,2.40
2010.04.23 10:07:18.426,1.33145,1.33185,1.20,1.00
2010.04.23 10:07:18.975,1.33145,1.33185,1.00,1.00
2010.04.23 10:07:20.698,1.33145,1.3319,1.00,2.40
2010.04.23 10:07:21.044,1.33145,1.3319,1.20,2.40
2010.04.23 10:07:22.303,1.3315,1.3319,1.00,2.40
2010.04.23 10:07:24.602,1.3315,1.3318,1.00,1.60
2010.04.23 10:07:24.836,1.33145,1.3319,1.20,2.40
2010.04.23 10:07:25.076,1.33145,1.33185,1.20,1.00
2010.04.23 10:07:25.763,1.33145,1.33185,1.00,1.00
2010.04.23 10:07:27.212,1.3315,1.33185,1.00,1.00
2010.04.23 10:07:27.475,1.3315,1.3319,1.00,2.40
2010.04.23 10:07:29.873,1.3315,1.3319,1.00,2.40
2010.04.23 10:07:31.201,1.3315,1.3319,1.00,1.00
2010.04.23 10:07:31.797,1.33155,1.33195,1.00,1.00
2010.04.23 10:07:32.697,1.33155,1.33195,1.20,1.00
2010.04.23 10:07:33.044,1.3316,1.332,1.00,2.40
2010.04.23 10:07:34.936,1.33155,1.33195,1.20,1.00
2010.04.23 10:07:35.140,1.33155,1.33195,1.00,1.00
2010.04.23 10:07:35.344,1.3316,1.332,1.00,2.40
2010.04.23 10:07:35.552,1.33155,1.332,1.20,3.10
2010.04.23 10:07:36.039,1.33155,1.332,1.00,3.10
2010.04.23 10:07:36.385,1.33155,1.33195,1.00,1.00
2010.04.23 10:07:36.733,1.33155,1.3319,1.20,1.60
2010.04.23 10:07:37.083,1.33155,1.33195,1.20,1.00
2010.04.23 10:07:38.139,1.33155,1.3319,1.00,1.50
2010.04.23 10:07:38.361,1.33155,1.3319,1.00,1.00
2010.04.23 10:07:38.580,1.3315,1.3319,1.00,1.00
2010.04.23 10:07:39.114,1.3315,1.33195,1.00,1.00
2010.04.23 10:07:39.463,1.3315,1.33195,1.00,1.00
2010.04.23 10:07:39.813,1.3315,1.33195,1.20,1.00
2010.04.23 10:07:40.728,1.3316,1.33195,2.00,1.00
2010.04.23 10:07:41.471,1.3316,1.33195,2.80,1.00
2010.04.23 10:07:41.669,1.33165,1.33205,1.00,1.00
2010.04.23 10:07:44.840,1.3317,1.3321,1.00,1.00
2010.04.23 10:07:45.015,1.3317,1.3321,1.00,1.00
2010.04.23 10:07:48.897,1.3317,1.33215,1.20,2.80
2010.04.23 10:07:49.107,1.33175,1.33215,1.00,2.80
2010.04.23 10:07:49.725,1.33175,1.33215,1.00,2.40
2010.04.23 10:07:51.089,1.3318,1.33215,1.00,1.00
2010.04.23 10:07:52.549,1.33185,1.33215,1.00,1.00
2010.04.23 10:07:52.901,1.33185,1.3321,1.00,1.00
2010.04.23 10:07:53.237,1.3318,1.3321,1.00,1.00
2010.04.23 10:07:54.877,1.33185,1.3321,1.00,1.00
2010.04.23 10:07:55.129,1.3318,1.33215,1.00,1.00
2010.04.23 10:07:55.458,1.3318,1.3322,1.20,1.20
2010.04.23 10:07:55.747,1.3319,1.3322,1.00,1.00
2010.04.23 10:07:56.094,1.3319,1.33225,1.00,2.40
2010.04.23 10:07:56.639,1.33185,1.3322,1.00,1.60
2010.04.23 10:07:56.981,1.3318,1.33215,1.00,1.60
2010.04.23 10:07:58.007,1.33185,1.33215,1.00,1.60
2010.04.23 10:07:58.323,1.33185,1.33225,1.00,2.80
2010.04.23 10:07:58.642,1.33185,1.33225,1.20,2.40
2010.04.23 10:07:58.957,1.3319,1.33225,1.00,1.60
2010.04.23 10:07:59.264,1.3319,1.3323,1.00,2.40
2010.04.23 10:07:59.579,1.3319,1.3323,2.40,1.00
2010.04.23 10:07:59.890,1.33195,1.33235,1.00,1.60
2010.04.23 10:08:00.198,1.33195,1.3324,1.00,2.40
2010.04.23 10:08:01.044,1.332,1.33235,1.00,1.00
2010.04.23 10:08:01.355,1.3319,1.33225,1.20,1.00
2010.04.23 10:08:01.961,1.33195,1.33225,1.00,1.00
2010.04.23 10:08:02.052,1.3319,1.33225,1.00,1.60
2010.04.23 10:08:02.401,1.33185,1.3321,1.00,1.60
2010.04.23 10:08:02.752,1.3318,1.33205,1.00,1.60
2010.04.23 10:08:03.101,1.33185,1.3322,1.00,3.80
2010.04.23 10:08:03.447,1.3317,1.3321,1.00,1.00
2010.04.23 10:08:03.774,1.3317,1.3321,1.00,1.00
2010.04.23 10:08:04.105,1.3317,1.33215,1.00,1.00
2010.04.23 10:08:04.778,1.3317,1.3321,1.00,1.60
2010.04.23 10:08:05.119,1.33165,1.33205,1.00,1.00
2010.04.23 10:08:05.659,1.33165,1.33205,2.00,1.00
2010.04.23 10:08:05.988,1.33165,1.33205,1.00,3.70
2010.04.23 10:08:06.317,1.3316,1.33195,1.00,1.10
2010.04.23 10:08:06.977,1.3315,1.33195,1.20,1.90
2010.04.23 10:08:07.325,1.3315,1.33195,2.80,1.90
2010.04.23 10:08:08.023,1.33155,1.33195,1.60,3.50
2010.04.23 10:08:08.441,1.33145,1.3319,5.60,1.00
2010.04.23 10:08:08.785,1.33155,1.33195,2.80,1.00
2010.04.23 10:08:09.816,1.3316,1.33205,2.80,3.50
2010.04.23 10:08:12.461,1.3316,1.33205,2.80,4.40
2010.04.23 10:08:12.994,1.3316,1.33195,1.00,1.60
2010.04.23 10:08:13.347,1.3315,1.3319,1.00,1.00
2010.04.23 10:08:13.698,1.3315,1.33195,3.20,5.10
2010.04.23 10:08:14.058,1.3315,1.3319,1.00,1.10
2010.04.23 10:08:14.405,1.33155,1.33195,1.20,3.60
2010.04.23 10:08:15.431,1.3315,1.3319,2.80,1.00
2010.04.23 10:08:15.772,1.3315,1.3319,1.00,3.50
2010.04.23 10:08:16.115,1.33145,1.33185,2.40,1.00
2010.04.23 10:08:16.384,1.33145,1.33175,1.00,1.00
2010.04.23 10:08:16.909,1.33135,1.33175,5.20,1.00
2010.04.23 10:08:17.182,1.33145,1.3318,1.00,1.00
2010.04.23 10:08:17.519,1.33145,1.3318,1.20,1.00
2010.04.23 10:08:19.050,1.33145,1.3318,2.80,1.00
2010.04.23 10:08:19.343,1.33145,1.3318,2.40,1.00
2010.04.23 10:08:19.535,1.33145,1.33185,2.00,1.00
2010.04.23 10:08:19.724,1.33145,1.33185,1.00,1.90
2010.04.23 10:08:20.057,1.33145,1.3318,1.00,1.10
2010.04.23 10:08:20.382,1.3314,1.33175,1.00,2.70
2010.04.23 10:08:20.712,1.33135,1.33175,1.20,3.50
2010.04.23 10:08:22.159,1.33135,1.3317,1.20,1.10
2010.04.23 10:08:22.493,1.3313,1.3317,4.00,1.90
2010.04.23 10:08:22.819,1.3313,1.3317,5.60,1.00
2010.04.23 10:08:23.070,1.33135,1.33175,1.00,3.50
2010.04.23 10:08:23.568,1.33135,1.33175,1.60,3.50
2010.04.23 10:08:23.890,1.33135,1.33175,3.60,1.90
2010.04.23 10:08:24.055,1.3314,1.33185,1.00,5.20
2010.04.23 10:08:24.199,1.3314,1.33185,1.00,3.60
2010.04.23 10:08:24.343,1.33135,1.3318,3.20,1.60
2010.04.23 10:08:24.489,1.33135,1.3318,3.20,2.80
2010.04.23 10:08:24.917,1.33135,1.33175,1.00,1.00
2010.04.23 10:08:25.600,1.33135,1.33175,4.00,1.00
2010.04.23 10:08:25.939,1.33135,1.33175,5.20,1.00
2010.04.23 10:08:26.963,1.33135,1.33175,3.60,1.00
2010.04.23 10:08:27.295,1.33135,1.33175,1.00,5.30
2010.04.23 10:08:27.688,1.3313,1.33175,2.80,5.20
2010.04.23 10:08:28.022,1.3314,1.33175,1.00,1.00
2010.04.23 10:08:28.374,1.3314,1.33175,1.00,1.10
2010.04.23 10:08:28.940,1.3314,1.3318,1.00,3.60
2010.04.23 10:08:29.292,1.33135,1.3318,1.20,3.60
2010.04.23 10:08:29.638,1.33135,1.33175,1.20,1.90
2010.04.23 10:08:29.981,1.3314,1.3318,2.00,1.90
2010.04.23 10:08:30.611,1.33145,1.33185,1.00,3.60
2010.04.23 10:08:31.136,1.33145,1.33185,1.00,4.00
2010.04.23 10:08:31.777,1.33145,1.33185,1.00,3.60
2010.04.23 10:08:32.579,1.33145,1.33185,1.20,1.00
2010.04.23 10:08:32.978,1.33145,1.33185,2.00,1.00
2010.04.23 10:08:33.179,1.3315,1.3319,1.00,3.60
2010.04.23 10:08:33.987,1.3315,1.33185,1.00,1.00
2010.04.23 10:08:34.556,1.33145,1.33185,3.60,1.00
2010.04.23 10:08:35.571,1.33145,1.3317,1.00,1.60
2010.04.23 10:08:35.843,1.33135,1.33175,1.60,1.00
2010.04.23 10:08:36.105,1.33135,1.33175,1.20,1.00
2010.04.23 10:08:38.955,1.33135,1.33175,2.80,1.00
2010.04.23 10:08:39.354,1.3314,1.33175,1.00,1.00
2010.04.23 10:08:39.664,1.3314,1.3318,4.00,1.00
2010.04.23 10:08:39.968,1.33145,1.33185,1.00,1.90
2010.04.23 10:08:40.999,1.3314,1.3318,1.20,1.90
2010.04.23 10:08:42.598,1.33145,1.3318,1.00,1.90
2010.04.23 10:08:42.828,1.3315,1.3318,1.00,1.00
2010.04.23 10:08:43.398,1.3315,1.3319,1.20,1.00
2010.04.23 10:08:43.750,1.3315,1.3319,3.60,1.00
2010.04.23 10:08:44.098,1.33155,1.33195,1.20,1.00
2010.04.23 10:08:45.091,1.33155,1.33195,1.20,2.40
2010.04.23 10:08:45.285,1.3315,1.33195,2.80,5.20
2010.04.23 10:08:47.123,1.3316,1.33195,1.00,5.10
2010.04.23 10:08:47.470,1.33155,1.332,4.80,3.60
2010.04.23 10:08:47.675,1.33155,1.33195,1.30,4.40
2010.04.23 10:08:47.876,1.33155,1.33195,1.00,5.10
2010.04.23 10:08:48.075,1.33155,1.33195,1.00,1.00
2010.04.23 10:08:48.549,1.33155,1.33195,2.80,1.00
2010.04.23 10:08:50.705,1.33155,1.33195,1.20,1.00
2010.04.23 10:08:50.885,1.3315,1.3319,3.20,1.00
2010.04.23 10:08:51.064,1.3315,1.3319,2.80,1.00
2010.04.23 10:08:52.098,1.3315,1.3319,6.00,1.00
2010.04.23 10:08:52.449,1.3315,1.3319,4.00,1.00
2010.04.23 10:08:53.133,1.33155,1.3319,1.00,1.00
2010.04.23 10:08:53.471,1.33155,1.33195,1.20,1.90
2010.04.23 10:08:54.090,1.33155,1.33195,2.80,1.00
2010.04.23 10:08:54.372,1.33155,1.332,2.80,3.60
2010.04.23 10:08:54.651,1.33155,1.33195,1.20,1.90
2010.04.23 10:08:55.092,1.3316,1.33205,2.80,3.60
2010.04.23 10:08:55.354,1.3316,1.33205,2.80,4.30
2010.04.23 10:08:55.483,1.3316,1.332,2.80,1.00
2010.04.23 10:08:55.773,1.3316,1.33195,1.00,1.60
2010.04.23 10:08:56.373,1.3316,1.332,1.00,1.90
2010.04.23 10:08:56.724,1.33165,1.33205,2.40,3.90
2010.04.23 10:08:57.384,1.33165,1.33205,1.60,3.60
2010.04.23 10:08:57.639,1.3316,1.332,2.00,1.90
2010.04.23 10:08:57.896,1.3316,1.332,1.00,2.00
2010.04.23 10:08:58.731,1.33155,1.33195,3.60,1.00
2010.04.23 10:09:03.756,1.33155,1.33195,2.80,1.00
2010.04.23 10:09:08.837,1.33155,1.33195,1.20,1.00
2010.04.23 10:09:09.009,1.3315,1.33195,3.20,3.50
2010.04.23 10:09:09.177,1.3315,1.33195,2.80,3.50
2010.04.23 10:09:11.772,1.3315,1.33195,2.80,5.60
2010.04.23 10:09:12.036,1.3315,1.3318,2.40,3.20
2010.04.23 10:09:12.287,1.3315,1.3318,1.00,4.80
2010.04.23 10:09:12.630,1.33135,1.33175,2.40,1.90
2010.04.23 10:09:12.966,1.33135,1.33175,2.40,3.50
2010.04.23 10:09:13.650,1.3313,1.3317,3.30,1.90
2010.04.23 10:09:14.179,1.33135,1.3317,1.60,1.90
2010.04.23 10:09:14.930,1.33135,1.3318,4.40,1.90
2010.04.23 10:09:15.257,1.3314,1.33185,2.80,5.60
2010.04.23 10:09:19.545,1.33145,1.33185,1.00,2.40
2010.04.23 10:09:19.855,1.33145,1.33185,1.20,2.40
2010.04.23 10:09:22.023,1.33145,1.3318,1.20,1.60
2010.04.23 10:09:22.478,1.3315,1.3318,1.00,1.60
2010.04.23 10:09:22.815,1.3315,1.33185,1.20,1.60
2010.04.23 10:09:24.177,1.3315,1.3318,1.00,1.00
2010.04.23 10:09:24.531,1.3314,1.33175,1.20,1.60
2010.04.23 10:09:24.747,1.33145,1.3318,2.00,1.00
2010.04.23 10:09:24.967,1.33145,1.33185,2.80,1.60
2010.04.23 10:09:26.171,1.3315,1.33185,2.80,1.60
2010.04.23 10:09:26.526,1.3315,1.33185,1.00,1.10
2010.04.23 10:09:26.967,1.3315,1.3318,1.00,2.70
2010.04.23 10:09:27.307,1.33125,1.3317,2.40,1.10
2010.04.23 10:09:27.657,1.3312,1.33165,1.20,1.00
2010.04.23 10:09:28.750,1.3313,1.33175,2.80,2.00
2010.04.23 10:09:29.122,1.33135,1.33175,1.00,2.00
2010.04.23 10:09:34.112,1.33135,1.33175,1.00,1.90
2010.04.23 10:09:36.939,1.33135,1.33175,2.40,1.90
2010.04.23 10:09:37.364,1.33135,1.3318,2.80,3.60
2010.04.23 10:09:38.797,1.33135,1.3318,5.10,3.60
2010.04.23 10:09:39.246,1.33135,1.3318,1.60,3.60
2010.04.23 10:09:39.487,1.33135,1.33175,1.20,1.90
2010.04.23 10:09:41.075,1.3314,1.3318,1.00,3.50
2010.04.23 10:09:43.382,1.33135,1.33175,1.20,1.90
2010.04.23 10:09:49.509,1.33135,1.33175,3.60,1.90
2010.04.23 10:09:49.767,1.3314,1.33185,2.80,5.60
2010.04.23 10:09:50.467,1.3314,1.33185,2.80,5.20
2010.04.23 10:09:51.153,1.33135,1.3318,3.20,3.60
2010.04.23 10:09:51.497,1.33135,1.33175,3.20,1.60
2010.04.23 10:09:51.837,1.33135,1.33175,2.80,1.60
2010.04.23 10:09:54.605,1.33135,1.3318,2.80,3.60
2010.04.23 10:10:01.103,1.33135,1.3318,3.20,3.60
2010.04.23 10:10:01.692,1.33135,1.3318,2.80,3.60
2010.04.23 10:10:05.051,1.33135,1.3318,3.20,3.60
2010.04.23 10:10:05.895,1.33135,1.3318,2.80,3.60
2010.04.23 10:10:07.313,1.33135,1.33175,2.80,1.00
2010.04.23 10:10:07.573,1.33135,1.33175,2.80,1.60
2010.04.23 10:10:08.128,1.33135,1.3318,2.80,4.30
2010.04.23 10:10:08.343,1.33135,1.3318,2.80,3.60
2010.04.23 10:10:08.762,1.33135,1.3318,3.20,3.60
2010.04.23 10:10:10.081,1.33135,1.3318,2.80,3.60
2010.04.23 10:10:12.891,1.33135,1.3318,3.20,3.60
2010.04.23 10:10:13.920,1.33135,1.3318,2.80,3.60
2010.04.23 10:10:15.187,1.3314,1.3318,1.00,3.60
2010.04.23 10:10:15.395,1.3314,1.3318,1.20,2.40
2010.04.23 10:10:15.439,1.3314,1.3318,2.80,1.00
2010.04.23 10:10:18.720,1.3314,1.3318,2.80,1.00
2010.04.23 10:10:18.930,1.33145,1.33185,1.20,2.00
2010.04.23 10:10:19.381,1.33145,1.3319,3.60,3.50
2010.04.23 10:10:19.495,1.3315,1.33195,2.80,5.60
2010.04.23 10:10:19.845,1.33155,1.33195,1.00,2.80
2010.04.23 10:10:20.193,1.33155,1.33195,1.20,2.80
2010.04.23 10:10:21.455,1.33155,1.33195,1.20,2.80
2010.04.23 10:10:21.752,1.33155,1.33195,1.20,1.20
2010.04.23 10:10:21.953,1.33155,1.33195,1.20,1.00
2010.04.23 10:10:22.163,1.33155,1.33195,1.00,3.60
2010.04.23 10:10:22.646,1.3315,1.3319,1.20,1.00
2010.04.23 10:10:22.868,1.33145,1.3319,3.20,1.00
2010.04.23 10:10:23.211,1.3315,1.3319,1.00,1.00
2010.04.23 10:10:26.630,1.33145,1.3319,3.20,3.60
2010.04.23 10:10:29.397,1.33145,1.3319,1.60,5.20
2010.04.23 10:10:29.633,1.33145,1.3319,1.20,3.60
2010.04.23 10:10:30.079,1.33145,1.3319,1.60,3.60
2010.04.23 10:10:30.519,1.33145,1.33185,1.60,1.00
2010.04.23 10:10:31.353,1.33145,1.33185,1.20,1.00
2010.04.23 10:10:35.106,1.33145,1.3319,1.20,5.60
2010.04.23 10:10:35.618,1.33145,1.33185,1.20,1.00
2010.04.23 10:10:35.850,1.33145,1.3319,1.20,4.00
2010.04.23 10:10:36.197,1.33145,1.3319,1.20,3.60
2010.04.23 10:10:39.934,1.33145,1.33185,1.20,1.00
2010.04.23 10:10:40.145,1.33145,1.3318,1.20,1.00
2010.04.23 10:10:41.165,1.33145,1.3318,1.00,1.00
2010.04.23 10:10:43.096,1.33135,1.3317,1.00,1.00
2010.04.23 10:10:46.298,1.33135,1.33175,2.40,2.00
2010.04.23 10:10:46.484,1.33135,1.3317,2.80,1.00
2010.04.23 10:10:48.964,1.33135,1.3317,5.20,1.00
2010.04.23 10:10:49.053,1.33135,1.3317,4.00,1.00
2010.04.23 10:10:49.144,1.33135,1.3317,3.20,1.00
2010.04.23 10:10:49.324,1.33135,1.33175,3.20,1.00
2010.04.23 10:10:49.927,1.33135,1.3317,3.20,1.00
2010.04.23 10:10:50.291,1.33135,1.33175,1.00,1.00
2010.04.23 10:10:50.625,1.33135,1.33175,1.00,2.80
2010.04.23 10:10:50.964,1.3313,1.33175,4.00,3.60
2010.04.23 10:10:52.567,1.3313,1.3317,3.20,1.00
2010.04.23 10:10:54.343,1.3313,1.3317,1.00,3.60
2010.04.23 10:10:54.496,1.33125,1.33165,4.00,1.10
2010.04.23 10:10:54.667,1.33125,1.33165,1.20,1.90
2010.04.23 10:10:54.829,1.33125,1.33165,1.00,2.00
2010.04.23 10:10:54.985,1.33125,1.3316,1.00,1.00
2010.04.23 10:10:55.275,1.33125,1.3316,1.00,1.60
2010.04.23 10:10:55.596,1.33115,1.3315,1.00,2.00
2010.04.23 10:10:55.912,1.33105,1.3315,4.00,2.00
2010.04.23 10:10:56.274,1.33105,1.3315,4.00,3.60
2010.04.23 10:10:56.612,1.33105,1.33145,4.00,3.50
2010.04.23 10:10:57.296,1.331,1.3314,1.20,2.70
2010.04.23 10:10:57.647,1.3311,1.33145,1.00,3.50
2010.04.23 10:10:57.995,1.3312,1.33145,2.40,1.00
2010.04.23 10:10:58.343,1.3312,1.33155,2.40,1.90
2010.04.23 10:10:58.927,1.33115,1.33155,1.00,1.90
2010.04.23 10:10:59.276,1.33115,1.33155,1.20,1.90
2010.04.23 10:11:00.386,1.33115,1.33155,1.60,1.90
2010.04.23 10:11:02.800,1.33115,1.3315,1.20,1.00
2010.04.23 10:11:03.145,1.33115,1.33145,1.60,1.00
2010.04.23 10:11:03.499,1.33115,1.3315,2.10,1.00
2010.04.23 10:11:03.715,1.33115,1.33155,2.00,1.90
2010.04.23 10:11:04.226,1.33115,1.33155,4.90,1.00
2010.04.23 10:11:04.447,1.3312,1.33155,1.00,1.10
2010.04.23 10:11:04.662,1.33115,1.33155,2.40,2.00
2010.04.23 10:11:05.011,1.33115,1.3315,1.20,2.70
2010.04.23 10:11:05.464,1.33115,1.3315,1.00,3.50
2010.04.23 10:11:05.809,1.3311,1.33145,1.00,1.10
2010.04.23 10:11:06.154,1.33105,1.33145,1.60,1.90
2010.04.23 10:11:07.863,1.33105,1.33145,1.60,3.60
2010.04.23 10:11:08.121,1.331,1.3314,1.60,1.00
2010.04.23 10:11:08.461,1.33105,1.3314,1.00,1.00
2010.04.23 10:11:08.718,1.3311,1.33145,1.60,1.90
2010.04.23 10:11:10.515,1.331,1.3314,3.60,1.00
2010.04.23 10:11:11.407,1.331,1.3314,2.80,1.00
2010.04.23 10:11:11.781,1.331,1.33135,2.80,1.10
2010.04.23 10:11:11.975,1.331,1.3314,2.40,3.50
2010.04.23 10:11:12.677,1.33095,1.33135,2.40,2.00
2010.04.23 10:11:13.028,1.331,1.33135,1.60,1.90
2010.04.23 10:11:14.337,1.331,1.3314,1.60,3.50
2010.04.23 10:11:15.357,1.331,1.33135,1.60,2.70
2010.04.23 10:11:15.639,1.331,1.33135,1.60,3.50
2010.04.23 10:11:16.995,1.331,1.33135,1.60,1.00
2010.04.23 10:11:17.697,1.331,1.3314,1.60,1.90
2010.04.23 10:11:18.039,1.331,1.3314,1.70,1.90
2010.04.23 10:11:18.389,1.33105,1.3314,1.00,1.90
2010.04.23 10:11:18.596,1.331,1.3314,4.70,1.90
2010.04.23 10:11:18.805,1.331,1.3314,4.30,1.90
2010.04.23 10:11:20.348,1.331,1.33135,2.20,1.90
2010.04.23 10:11:20.683,1.33095,1.3314,1.80,2.00
2010.04.23 10:11:20.868,1.33095,1.3314,1.20,2.00
2010.04.23 10:11:21.049,1.33095,1.3314,2.00,1.90
2010.04.23 10:11:21.492,1.331,1.3314,2.00,1.90
2010.04.23 10:11:21.847,1.331,1.33135,1.60,1.00
2010.04.23 10:11:22.535,1.331,1.3313,1.60,1.00
2010.04.23 10:11:23.023,1.331,1.3314,1.00,3.50
2010.04.23 10:11:23.376,1.33095,1.33135,1.20,1.90
2010.04.23 10:11:23.717,1.33095,1.33135,1.20,3.50
2010.04.23 10:11:24.035,1.33095,1.3313,1.00,1.00
2010.04.23 10:11:25.041,1.331,1.3314,1.00,3.50
2010.04.23 10:11:27.102,1.331,1.33135,1.00,1.00
2010.04.23 10:11:27.449,1.331,1.3314,2.40,3.60
2010.04.23 10:11:28.165,1.331,1.3314,2.80,1.00
2010.04.23 10:11:30.021,1.331,1.3314,1.00,3.60
2010.04.23 10:11:30.534,1.331,1.3314,2.40,3.60
2010.04.23 10:11:30.710,1.331,1.33145,4.40,3.60
2010.04.23 10:11:30.891,1.33095,1.33135,1.60,1.00
2010.04.23 10:11:31.346,1.33095,1.3313,1.00,1.10
2010.04.23 10:11:31.691,1.3309,1.3313,1.00,1.90
2010.04.23 10:11:32.377,1.3309,1.3313,2.00,1.00
2010.04.23 10:11:32.728,1.33095,1.33135,1.20,3.50
2010.04.23 10:11:33.079,1.3309,1.3313,1.00,3.50
2010.04.23 10:11:33.403,1.33085,1.3313,3.20,3.50
2010.04.23 10:11:34.617,1.33085,1.33125,1.00,3.50
2010.04.23 10:11:35.594,1.3308,1.3312,1.00,1.90
2010.04.23 10:11:36.273,1.3308,1.3312,1.00,2.00
2010.04.23 10:11:37.516,1.33085,1.3312,1.00,1.00
2010.04.23 10:11:37.866,1.3309,1.33125,1.00,1.00
2010.04.23 10:11:38.474,1.33085,1.33125,1.20,1.00
2010.04.23 10:11:38.810,1.3309,1.3313,1.00,1.90
2010.04.23 10:11:38.997,1.3309,1.3313,1.00,2.00
2010.04.23 10:11:39.665,1.3309,1.3313,2.40,1.90
2010.04.23 10:11:39.857,1.3309,1.3313,2.80,1.00
2010.04.23 10:11:41.719,1.3309,1.3313,1.00,2.00
2010.04.23 10:11:41.976,1.3309,1.3313,1.00,1.90
2010.04.23 10:11:43.340,1.3309,1.3313,2.80,1.00
2010.04.23 10:11:43.682,1.3309,1.33135,2.80,3.60
2010.04.23 10:11:44.316,1.33105,1.3314,1.00,1.00
2010.04.23 10:11:44.547,1.3311,1.33145,1.60,1.90
2010.04.23 10:11:44.773,1.3311,1.3314,1.60,2.70
2010.04.23 10:11:45.265,1.331,1.33135,1.00,1.10
2010.04.23 10:11:45.619,1.331,1.33125,1.00,4.80
2010.04.23 10:11:45.960,1.33085,1.3312,1.00,1.90
2010.04.23 10:11:46.300,1.3308,1.3312,1.20,1.90
2010.04.23 10:11:46.638,1.3308,1.3312,1.20,2.30
2010.04.23 10:11:49.009,1.3308,1.3312,1.20,3.10
2010.04.23 10:11:49.159,1.3308,1.33115,1.00,1.60
2010.04.23 10:11:49.308,1.33075,1.33115,1.20,1.60
2010.04.23 10:11:49.689,1.3307,1.33115,4.40,2.00
2010.04.23 10:11:49.928,1.3307,1.33115,4.40,5.50
2010.04.23 10:11:50.429,1.3307,1.33115,4.40,3.90
2010.04.23 10:11:50.501,1.33075,1.33115,1.20,3.90
2010.04.23 10:11:50.568,1.33075,1.33115,1.20,3.50
2010.04.23 10:11:50.640,1.33075,1.33115,1.00,3.50
2010.04.23 10:11:50.707,1.33075,1.33115,1.00,5.10
2010.04.23 10:11:50.777,1.3307,1.33115,4.40,5.50
2010.04.23 10:11:50.895,1.3307,1.3311,4.40,1.00
2010.04.23 10:11:51.328,1.3307,1.3311,4.00,1.90
2010.04.23 10:11:51.397,1.3307,1.3311,2.40,3.50
2010.04.23 10:11:52.610,1.3306,1.331,2.80,1.90
2010.04.23 10:11:53.421,1.3306,1.331,2.40,1.90
2010.04.23 10:11:55.001,1.3306,1.331,2.80,1.90
2010.04.23 10:11:55.251,1.3306,1.331,4.80,1.00
2010.04.23 10:11:55.500,1.3306,1.33105,4.80,3.60
2010.04.23 10:11:56.092,1.3307,1.33105,1.60,1.90
2010.04.23 10:11:58.768,1.3307,1.33105,1.60,1.10
2010.04.23 10:11:59.085,1.3307,1.3311,1.60,3.60
2010.04.23 10:12:00.224,1.3307,1.33115,4.80,3.50
2010.04.23 10:12:00.400,1.3307,1.3311,4.80,1.00
2010.04.23 10:12:00.573,1.3307,1.33105,1.00,2.40
2010.04.23 10:12:00.741,1.33065,1.33105,1.70,3.50
2010.04.23 10:12:00.909,1.33065,1.33105,3.30,1.90
2010.04.23 10:12:01.339,1.33065,1.33105,3.70,1.00
2010.04.23 10:12:01.513,1.33075,1.3311,1.60,1.90
2010.04.23 10:12:02.729,1.3307,1.3311,3.20,1.90
2010.04.23 10:12:03.199,1.33075,1.3311,1.60,1.90
2010.04.23 10:12:04.718,1.33075,1.33115,2.80,1.00
2010.04.23 10:12:08.683,1.3307,1.3311,1.00,1.90
2010.04.23 10:12:08.972,1.33075,1.3311,4.80,1.00
2010.04.23 10:12:09.139,1.3308,1.3311,2.00,1.00
2010.04.23 10:12:09.475,1.3308,1.3312,2.00,1.00
2010.04.23 10:12:09.651,1.3308,1.3312,1.20,1.20
2010.04.23 10:12:09.819,1.3308,1.33125,2.80,2.00
2010.04.23 10:12:10.575,1.33085,1.33125,1.00,2.00
2010.04.23 10:12:12.209,1.3308,1.3312,1.20,3.50
2010.04.23 10:12:12.449,1.33085,1.3312,1.60,1.00
2010.04.23 10:12:12.686,1.33085,1.3312,2.40,1.00
2010.04.23 10:12:12.925,1.33085,1.33125,1.00,1.10
2010.04.23 10:12:13.604,1.33085,1.33125,1.60,1.90
2010.04.23 10:12:13.945,1.3309,1.3313,1.00,4.00
2010.04.23 10:12:14.172,1.3309,1.33125,1.00,1.10
2010.04.23 10:12:14.402,1.33085,1.33125,1.20,1.90
2010.04.23 10:12:16.739,1.33085,1.33125,1.20,2.00
2010.04.23 10:12:17.372,1.33085,1.33125,1.20,2.40
2010.04.23 10:12:17.592,1.33085,1.33125,1.00,4.00
2010.04.23 10:12:17.818,1.33085,1.33125,1.60,2.30
2010.04.23 10:12:18.270,1.3309,1.33125,1.00,1.20
2010.04.23 10:12:18.600,1.33095,1.3313,2.00,1.00
2010.04.23 10:12:18.935,1.33095,1.33135,4.30,1.00
2010.04.23 10:12:19.441,1.33095,1.3314,4.30,3.50
2010.04.23 10:12:19.785,1.33095,1.33135,4.30,3.50
2010.04.23 10:12:20.135,1.33095,1.33135,1.80,3.50
2010.04.23 10:12:20.485,1.33095,1.33135,1.20,3.60
2010.04.23 10:12:21.395,1.33095,1.3313,1.00,1.10
2010.04.23 10:12:21.748,1.3309,1.3313,1.20,1.90
2010.04.23 10:12:21.917,1.33085,1.3313,5.60,3.50
2010.04.23 10:12:22.243,1.33085,1.3313,6.20,3.50
2010.04.23 10:12:22.412,1.33085,1.3313,4.80,3.60
2010.04.23 10:12:22.750,1.33085,1.3313,4.40,3.60
2010.04.23 10:12:27.137,1.33085,1.3313,4.40,4.00
2010.04.23 10:12:28.351,1.33085,1.33125,2.40,1.10
2010.04.23 10:12:28.529,1.33085,1.33125,2.40,1.90
2010.04.23 10:12:29.391,1.33085,1.3312,1.00,1.00
2010.04.23 10:12:29.875,1.33085,1.3312,1.00,1.10
2010.04.23 10:12:30.085,1.33085,1.33125,1.00,2.00
2010.04.23 10:12:34.615,1.33085,1.33125,1.20,1.00
2010.04.23 10:12:34.649,1.33085,1.33125,2.00,1.00
2010.04.23 10:12:34.673,1.3309,1.33125,1.60,1.00
2010.04.23 10:12:35.282,1.3309,1.3313,1.60,3.50
2010.04.23 10:12:38.083,1.3309,1.3313,2.80,1.00
2010.04.23 10:12:38.359,1.33095,1.33135,1.00,3.50
2010.04.23 10:12:38.638,1.33095,1.33135,1.20,3.50
2010.04.23 10:12:40.297,1.33095,1.33135,1.20,3.60
2010.04.23 10:12:40.849,1.33095,1.33135,1.20,4.00
2010.04.23 10:12:41.688,1.33095,1.33135,1.20,3.60
2010.04.23 10:12:42.032,1.33095,1.33135,1.20,1.00
2010.04.23 10:12:42.640,1.331,1.33135,1.00,1.00
2010.04.23 10:12:42.879,1.331,1.3314,2.40,2.00
2010.04.23 10:12:43.117,1.33105,1.3314,1.00,1.00
2010.04.23 10:12:43.650,1.33105,1.33145,2.40,3.60
2010.04.23 10:12:43.950,1.33105,1.33145,2.80,2.40
2010.04.23 10:12:49.734,1.33105,1.33135,2.80,1.00
2010.04.23 10:12:50.258,1.331,1.33135,1.00,1.60
2010.04.23 10:12:51.279,1.33095,1.33125,1.00,1.60
2010.04.23 10:12:51.628,1.3309,1.33125,3.30,1.60
2010.04.23 10:12:51.936,1.3309,1.33125,3.30,1.60
2010.04.23 10:12:52.394,1.331,1.3313,1.60,1.00
2010.04.23 10:12:52.553,1.3311,1.33135,1.60,1.00
2010.04.23 10:12:52.705,1.3311,1.33145,1.60,1.90
2010.04.23 10:12:53.049,1.3311,1.33145,1.60,1.00
2010.04.23 10:12:53.646,1.3311,1.3315,1.60,3.50
2010.04.23 10:12:56.823,1.33115,1.3315,1.60,1.90
2010.04.23 10:12:57.155,1.3311,1.33155,2.80,5.60
2010.04.23 10:12:57.559,1.3311,1.3315,2.80,2.70
2010.04.23 10:12:57.899,1.3311,1.33145,2.80,1.00
2010.04.23 10:12:58.250,1.3311,1.3315,4.80,1.00
2010.04.23 10:12:58.695,1.3311,1.3315,4.80,1.00
2010.04.23 10:12:59.037,1.33115,1.3315,1.00,1.00
2010.04.23 10:13:00.672,1.3311,1.3315,2.80,1.00
2010.04.23 10:13:01.354,1.3311,1.3315,2.80,1.90
2010.04.23 10:13:02.303,1.3311,1.3315,3.20,1.90
2010.04.23 10:13:02.645,1.3311,1.3315,2.80,1.90
2010.04.23 10:13:02.995,1.3311,1.3315,1.60,1.90
2010.04.23 10:13:05.530,1.33105,1.3315,3.20,4.20
2010.04.23 10:13:06.010,1.33105,1.3315,3.20,4.60
2010.04.23 10:13:06.733,1.33105,1.33145,4.80,1.90
2010.04.23 10:13:06.940,1.33105,1.33145,1.60,1.90
2010.04.23 10:13:08.024,1.33105,1.33145,4.80,1.00
2010.04.23 10:13:08.595,1.3311,1.3315,2.40,2.30
2010.04.23 10:13:08.854,1.3311,1.3315,1.00,3.50
2010.04.23 10:13:09.666,1.33115,1.3315,1.60,1.00
2010.04.23 10:13:10.258,1.33115,1.33155,1.60,3.90
2010.04.23 10:13:10.567,1.3311,1.33155,4.80,5.80
2010.04.23 10:13:10.823,1.3311,1.33155,4.80,3.50
2010.04.23 10:13:12.413,1.3311,1.33155,4.80,3.60
2010.04.23 10:13:12.664,1.33115,1.33155,1.00,1.40
2010.04.23 10:13:12.994,1.33115,1.33155,1.20,1.00
2010.04.23 10:13:14.438,1.33115,1.33155,2.80,1.00
2010.04.23 10:13:14.688,1.33115,1.3315,1.20,1.60
2010.04.23 10:13:14.821,1.33115,1.3315,1.00,1.00
2010.04.23 10:13:14.953,1.33115,1.33155,1.00,5.90
2010.04.23 10:13:15.090,1.3311,1.3315,3.20,1.00
2010.04.23 10:13:15.534,1.33115,1.3315,1.00,1.00
2010.04.23 10:13:15.799,1.33115,1.33155,2.80,1.90
2010.04.23 10:13:17.370,1.33115,1.3314,1.20,2.80
2010.04.23 10:13:17.621,1.3311,1.33135,1.00,1.10
2010.04.23 10:13:18.138,1.33095,1.33135,1.00,1.90
2010.04.23 10:13:18.484,1.33095,1.33125,1.00,1.60
2010.04.23 10:13:18.831,1.3309,1.3313,3.60,1.00
2010.04.23 10:13:19.182,1.33095,1.33135,1.20,1.90
2010.04.23 10:13:19.869,1.33095,1.3313,1.00,1.00
2010.04.23 10:13:20.210,1.33085,1.3313,4.20,1.00
2010.04.23 10:13:20.651,1.33095,1.3313,1.00,1.00
2010.04.23 10:13:21.004,1.33095,1.33135,1.20,1.00
2010.04.23 10:13:21.319,1.33095,1.3314,2.80,3.60
2010.04.23 10:13:21.939,1.33095,1.33135,1.20,2.70
2010.04.23 10:13:22.274,1.33095,1.33135,1.20,2.00
2010.04.23 10:13:22.543,1.33095,1.33135,1.20,1.90
2010.04.23 10:13:23.326,1.331,1.33135,1.00,1.00
2010.04.23 10:13:23.684,1.33095,1.3314,2.80,1.20
2010.04.23 10:13:24.028,1.33095,1.3314,2.80,1.20
2010.04.23 10:13:24.705,1.331,1.3314,1.60,1.20
2010.04.23 10:13:25.051,1.331,1.3314,1.60,3.90
2010.04.23 10:13:25.400,1.331,1.3314,2.40,3.50
2010.04.23 10:13:27.116,1.331,1.3314,2.40,3.60
2010.04.23 10:13:27.457,1.331,1.3314,1.00,4.10
2010.04.23 10:13:28.077,1.331,1.3314,2.40,3.90
2010.04.23 10:13:28.420,1.331,1.33145,4.40,3.60
2010.04.23 10:13:30.154,1.331,1.33145,4.40,3.50
2010.04.23 10:13:30.627,1.33105,1.33145,2.00,1.00
2010.04.23 10:13:30.866,1.33105,1.3315,2.80,3.90
2010.04.23 10:13:31.394,1.3311,1.3315,1.60,3.90
2010.04.23 10:13:31.699,1.3311,1.3315,1.60,3.50
2010.04.23 10:13:32.602,1.33105,1.3315,3.20,5.70
2010.04.23 10:13:33.029,1.33105,1.33145,1.00,2.70
2010.04.23 10:13:33.356,1.33105,1.33145,1.20,1.00
2010.04.23 10:13:35.017,1.33105,1.33145,1.00,3.50
2010.04.23 10:13:35.365,1.331,1.33145,4.40,3.50
2010.04.23 10:13:39.695,1.331,1.33135,4.40,1.00
2010.04.23 10:13:39.853,1.331,1.3313,1.00,4.80
2010.04.23 10:13:40.013,1.3309,1.3313,1.00,5.60
2010.04.23 10:13:40.171,1.3309,1.3313,2.60,4.00
2010.04.23 10:13:40.514,1.3308,1.33125,3.30,4.00
2010.04.23 10:13:41.227,1.33075,1.33115,2.00,1.00
2010.04.23 10:13:41.535,1.33075,1.33115,3.20,1.00
2010.04.23 10:13:41.843,1.33075,1.33115,2.80,1.00
2010.04.23 10:13:42.222,1.33075,1.33115,2.80,2.40
2010.04.23 10:13:42.565,1.3308,1.3312,1.20,4.00
2010.04.23 10:13:44.360,1.3308,1.33115,1.20,1.60
2010.04.23 10:13:45.485,1.33075,1.33115,2.80,2.00
2010.04.23 10:13:46.114,1.33075,1.33115,2.80,2.00
2010.04.23 10:13:46.326,1.3308,1.33115,1.00,2.00
2010.04.23 10:13:46.533,1.33075,1.33115,2.40,2.80
2010.04.23 10:13:46.883,1.33075,1.33115,1.20,2.80
2010.04.23 10:13:47.231,1.33075,1.33115,1.20,1.00
2010.04.23 10:13:47.571,1.33075,1.33115,2.80,1.00
2010.04.23 10:13:47.911,1.3308,1.3312,1.00,4.10
2010.04.23 10:13:48.250,1.3308,1.3312,1.00,4.00
2010.04.23 10:13:48.594,1.33085,1.33125,1.00,3.90
2010.04.23 10:13:49.416,1.33085,1.33125,1.00,2.30
2010.04.23 10:13:49.943,1.33085,1.33125,1.00,2.40
2010.04.23 10:13:50.206,1.33085,1.33125,1.00,2.30
2010.04.23 10:13:50.759,1.33095,1.33125,1.20,1.00
2010.04.23 10:13:50.963,1.33085,1.33125,1.20,1.00
2010.04.23 10:13:51.161,1.3309,1.3313,2.00,1.20
2010.04.23 10:13:51.359,1.3309,1.3313,2.80,1.20
2010.04.23 10:13:51.760,1.3309,1.3313,1.00,2.00
2010.04.23 10:13:52.227,1.3309,1.33125,1.00,2.00
2010.04.23 10:13:52.570,1.33085,1.33125,1.20,2.40
2010.04.23 10:13:53.789,1.3309,1.33125,1.20,2.40
2010.04.23 10:13:54.408,1.33095,1.33125,1.00,2.40
2010.04.23 10:13:54.773,1.33095,1.33125,1.20,1.60
2010.04.23 10:13:54.858,1.3309,1.33125,1.20,1.00
2010.04.23 10:13:54.928,1.3309,1.3313,1.20,4.00
2010.04.23 10:13:55.430,1.3309,1.3313,1.20,4.50
2010.04.23 10:13:57.406,1.3309,1.3313,1.20,4.10
2010.04.23 10:13:59.179,1.3309,1.33125,1.00,3.30
2010.04.23 10:13:59.699,1.33085,1.33125,1.20,4.10
2010.04.23 10:13:59.868,1.33085,1.33125,2.80,1.00
2010.04.23 10:14:00.040,1.3309,1.3313,1.00,2.90
2010.04.23 10:14:00.209,1.3309,1.3313,1.00,1.20
2010.04.23 10:14:00.377,1.3309,1.3313,2.80,1.00
2010.04.23 10:14:00.700,1.3309,1.33135,2.80,5.60
2010.04.23 10:14:01.056,1.3309,1.33135,2.80,5.50
2010.04.23 10:14:03.001,1.33095,1.33135,1.00,1.20
2010.04.23 10:14:03.227,1.33095,1.33135,1.20,1.20
2010.04.23 10:14:03.456,1.33095,1.33135,1.20,1.00
2010.04.23 10:14:04.336,1.33095,1.33135,1.20,1.20
2010.04.23 10:14:04.860,1.3309,1.33135,4.40,1.20
2010.04.23 10:14:05.080,1.3309,1.33135,4.40,1.00
2010.04.23 10:14:05.305,1.33095,1.33135,1.20,1.00
2010.04.23 10:14:05.965,1.33095,1.33135,1.20,2.40
2010.04.23 10:14:06.246,1.3309,1.33135,2.80,6.00
2010.04.23 10:14:07.544,1.3309,1.33135,4.40,6.00
2010.04.23 10:14:07.916,1.3309,1.33135,4.40,9.10
2010.04.23 10:14:08.107,1.33095,1.3313,1.20,1.00
2010.04.23 10:14:08.567,1.3309,1.33125,2.00,1.00
2010.04.23 10:14:08.764,1.3308,1.33115,2.40,2.00
2010.04.23 10:14:09.059,1.3308,1.33115,1.00,2.00
2010.04.23 10:14:09.357,1.33075,1.33115,2.00,3.20
2010.04.23 10:14:09.653,1.33075,1.33115,1.60,4.00
2010.04.23 10:14:10.002,1.3307,1.33105,1.00,3.20
2010.04.23 10:14:10.350,1.3306,1.331,1.20,1.00
2010.04.23 10:14:10.980,1.3306,1.33105,3.60,4.00
2010.04.23 10:14:11.332,1.3306,1.33105,3.60,3.50
2010.04.23 10:14:12.612,1.3306,1.33095,1.60,1.00
2010.04.23 10:14:13.444,1.33055,1.33095,3.30,1.00
2010.04.23 10:14:13.694,1.33055,1.33095,1.00,3.50
2010.04.23 10:14:14.227,1.3305,1.3309,4.40,1.00
2010.04.23 10:14:14.450,1.33045,1.33085,1.00,3.50
2010.04.23 10:14:14.663,1.3304,1.3308,1.20,1.90
2010.04.23 10:14:14.877,1.3304,1.3308,1.00,2.70
2010.04.23 10:14:15.319,1.33035,1.3308,1.20,2.70
2010.04.23 10:14:15.680,1.3304,1.3308,2.00,1.00
2010.04.23 10:14:16.027,1.3304,1.3308,2.40,2.00
2010.04.23 10:14:16.535,1.3304,1.3308,1.00,2.80
2010.04.23 10:14:16.883,1.33035,1.33075,1.00,3.00
2010.04.23 10:14:17.918,1.33035,1.33075,1.20,2.20
2010.04.23 10:14:19.936,1.3304,1.33075,1.00,1.00
2010.04.23 10:14:20.137,1.3304,1.33075,1.00,1.00
2010.04.23 10:14:20.336,1.3304,1.33065,1.00,1.60
2010.04.23 10:14:21.366,1.3304,1.3308,2.80,1.30
2010.04.23 10:14:22.513,1.33045,1.3308,1.00,1.00
2010.04.23 10:14:22.856,1.33045,1.3309,1.20,4.00
2010.04.23 10:14:24.223,1.33045,1.3309,2.80,3.90
2010.04.23 10:14:24.908,1.33045,1.3309,1.20,3.90
2010.04.23 10:14:25.257,1.33045,1.33085,1.20,1.10
2010.04.23 10:14:25.606,1.33045,1.33085,1.20,2.30
2010.04.23 10:14:26.261,1.3304,1.3308,2.80,1.00
2010.04.23 10:14:26.980,1.3304,1.3308,1.20,1.00
2010.04.23 10:14:28.009,1.33045,1.33085,1.20,2.80
2010.04.23 10:14:28.474,1.33045,1.33085,1.20,2.00
2010.04.23 10:14:28.738,1.33045,1.33085,2.80,1.60
2010.04.23 10:14:29.341,1.33045,1.33085,2.80,2.00
2010.04.23 10:14:29.946,1.33045,1.33085,1.00,3.60
2010.04.23 10:14:30.405,1.3304,1.33085,3.20,2.80
2010.04.23 10:14:30.630,1.3304,1.3308,3.20,2.00
2010.04.23 10:14:30.845,1.3304,1.3307,1.00,1.10
2010.04.23 10:14:31.065,1.33035,1.3307,1.00,1.90
2010.04.23 10:14:31.413,1.3303,1.3307,2.50,1.20
2010.04.23 10:14:31.762,1.33035,1.33065,1.00,1.00
2010.04.23 10:14:32.110,1.33035,1.3307,1.00,1.00
2010.04.23 10:14:33.024,1.33035,1.3307,1.20,1.00
2010.04.23 10:14:33.379,1.3303,1.33065,1.20,1.00
2010.04.23 10:14:33.726,1.33025,1.33065,2.80,2.50
2010.04.23 10:14:34.076,1.33025,1.3306,2.80,1.00
2010.04.23 10:14:34.361,1.33025,1.33055,2.40,1.10
2010.04.23 10:14:34.626,1.33015,1.33045,1.00,3.60
2010.04.23 10:14:34.877,1.33005,1.33035,2.40,1.00
2010.04.23 10:14:35.728,1.33005,1.3305,2.80,3.50
2010.04.23 10:14:36.073,1.3301,1.3305,1.00,1.90
2010.04.23 10:14:36.427,1.33015,1.3305,2.80,1.00
2010.04.23 10:14:36.772,1.33015,1.3305,2.00,1.00
2010.04.23 10:14:37.086,1.3302,1.33065,1.00,3.50
2010.04.23 10:14:37.393,1.3302,1.33065,2.80,3.50
2010.04.23 10:14:38.298,1.3302,1.33055,1.00,1.00
2010.04.23 10:14:38.645,1.33015,1.3306,2.00,1.00
2010.04.23 10:14:38.969,1.3302,1.3306,1.20,1.00
2010.04.23 10:14:39.277,1.3302,1.33055,1.20,1.60
2010.04.23 10:14:39.870,1.33005,1.33045,3.70,1.60
2010.04.23 10:14:40.474,1.33005,1.33035,2.40,1.60
2010.04.23 10:14:40.775,1.33,1.3304,1.20,2.80
2010.04.23 10:14:41.081,1.33,1.33045,1.20,5.60
2010.04.23 10:14:41.481,1.33,1.33035,1.20,1.60
2010.04.23 10:14:41.826,1.33005,1.33045,2.00,2.40
2010.04.23 10:14:42.172,1.3301,1.33045,1.00,2.40
2010.04.23 10:14:42.522,1.3301,1.33045,1.00,2.80
2010.04.23 10:14:42.871,1.33005,1.33045,1.20,1.60
2010.04.23 10:14:43.218,1.3301,1.33045,1.00,1.60
2010.04.23 10:14:43.561,1.3301,1.33045,1.00,1.60
2010.04.23 10:14:44.112,1.3301,1.3305,1.00,2.30
2010.04.23 10:14:44.454,1.33005,1.33045,1.20,1.90
2010.04.23 10:14:44.733,1.3301,1.3305,4.10,1.00
2010.04.23 10:14:45.050,1.33025,1.3305,1.60,1.00
2010.04.23 10:14:45.350,1.33015,1.3305,1.00,1.10
2010.04.23 10:14:45.689,1.33005,1.3305,1.20,1.90
2010.04.23 10:14:46.042,1.3301,1.33055,1.60,3.50
2010.04.23 10:14:46.391,1.33015,1.33055,2.40,3.50
2010.04.23 10:14:46.741,1.33025,1.33055,1.60,1.00
2010.04.23 10:14:47.092,1.33025,1.3306,4.40,1.00
2010.04.23 10:14:47.438,1.33025,1.33065,5.80,1.90
2010.04.23 10:14:48.049,1.33035,1.33075,1.60,3.50
2010.04.23 10:14:49.416,1.33035,1.33075,2.00,1.90
2010.04.23 10:14:49.781,1.33035,1.33075,3.50,1.90
2010.04.23 10:14:50.065,1.33035,1.33075,1.20,1.60
2010.04.23 10:14:50.342,1.33035,1.33075,1.00,5.80
2010.04.23 10:14:50.909,1.3303,1.3307,1.20,1.10
2010.04.23 10:14:51.264,1.3303,1.3307,1.00,1.90
2010.04.23 10:14:51.610,1.3303,1.3307,2.00,1.00
2010.04.23 10:14:51.957,1.3303,1.33075,2.80,6.20
2010.04.23 10:14:52.296,1.3303,1.33075,2.80,6.30
2010.04.23 10:14:52.976,1.3304,1.33075,1.60,3.10
2010.04.23 10:14:53.320,1.33035,1.33075,2.80,1.00
2010.04.23 10:14:53.906,1.3304,1.3308,1.60,3.50
2010.04.23 10:14:54.224,1.33045,1.33085,1.00,3.50
2010.04.23 10:14:54.539,1.3304,1.3308,2.80,1.90
2010.04.23 10:14:54.849,1.3304,1.3308,4.40,1.00
2010.04.23 10:14:55.423,1.33045,1.33085,1.00,3.60
2010.04.23 10:14:56.103,1.33035,1.33075,1.60,3.60
2010.04.23 10:14:56.389,1.33035,1.33075,1.20,1.90
2010.04.23 10:14:56.887,1.3304,1.3308,2.80,1.00
2010.04.23 10:14:57.193,1.3304,1.33075,1.20,1.60
2010.04.23 10:14:57.537,1.33035,1.33075,2.80,1.60
2010.04.23 10:14:58.165,1.3304,1.3308,2.80,1.20
2010.04.23 10:14:58.499,1.33045,1.33085,1.00,4.20
2010.04.23 10:14:58.827,1.33045,1.33085,1.00,3.50
2010.04.23 10:14:59.158,1.33045,1.33085,2.80,2.00
2010.04.23 10:14:59.504,1.33045,1.33085,2.80,1.60
2010.04.23 10:14:59.847,1.33045,1.33085,1.00,3.50
2010.04.23 10:15:00.195,1.33045,1.33085,1.00,3.90
2010.04.23 10:15:00.665,1.33045,1.33085,1.00,3.50
2010.04.23 10:15:03.582,1.33045,1.33085,1.00,4.20
2010.04.23 10:15:03.889,1.33045,1.33085,1.00,4.60
2010.04.23 10:15:04.423,1.33045,1.33085,1.00,3.90
2010.04.23 10:15:04.961,1.33045,1.33075,1.00,1.60
2010.04.23 10:15:05.685,1.33045,1.33085,1.00,3.90
2010.04.23 10:15:06.033,1.33045,1.33085,1.00,3.50
2010.04.23 10:15:06.730,1.33045,1.33085,1.00,3.90
2010.04.23 10:15:07.631,1.33045,1.33075,1.00,1.60
2010.04.23 10:15:07.863,1.3304,1.33075,2.80,1.60
2010.04.23 10:15:08.189,1.3304,1.33075,2.40,2.20
2010.04.23 10:15:08.506,1.33035,1.33065,3.20,1.60
2010.04.23 10:15:08.820,1.33035,1.33065,1.00,1.60
2010.04.23 10:15:09.935,1.3303,1.33065,2.80,1.60
2010.04.23 10:15:10.201,1.3303,1.33065,2.00,1.60
2010.04.23 10:15:10.455,1.33025,1.33065,3.60,1.60
2010.04.23 10:15:10.715,1.33025,1.33065,3.60,1.60
2010.04.23 10:15:11.219,1.33025,1.33065,3.20,2.40
2010.04.23 10:15:11.566,1.33025,1.33065,2.80,1.60
2010.04.23 10:15:13.124,1.3303,1.33065,1.20,1.60
2010.04.23 10:15:13.432,1.3303,1.33065,1.20,2.00
2010.04.23 10:15:13.581,1.3303,1.33065,1.00,2.00
2010.04.23 10:15:13.926,1.33025,1.33065,2.80,2.00
2010.04.23 10:15:14.091,1.33025,1.3306,1.20,1.00
2010.04.23 10:15:14.442,1.33025,1.33065,1.00,5.00
2010.04.23 10:15:15.044,1.33025,1.3306,1.00,1.60
2010.04.23 10:15:15.383,1.33015,1.33055,1.20,2.70
2010.04.23 10:15:16.362,1.3302,1.33055,1.00,1.00
2010.04.23 10:15:16.435,1.33025,1.3306,1.00,1.00
2010.04.23 10:15:16.780,1.33025,1.33065,1.20,1.90
2010.04.23 10:15:17.121,1.33025,1.33065,1.20,1.90
2010.04.23 10:15:18.022,1.33025,1.3306,1.00,1.10
2010.04.23 10:15:18.371,1.33015,1.3306,1.60,1.90
2010.04.23 10:15:18.691,1.33015,1.33055,1.60,1.90
2010.04.23 10:15:19.010,1.33015,1.33055,1.20,1.90
2010.04.23 10:15:19.909,1.33015,1.33055,1.20,1.90
2010.04.23 10:15:20.114,1.3302,1.3306,2.40,1.90
2010.04.23 10:15:20.310,1.3302,1.3306,2.80,1.00
2010.04.23 10:15:20.658,1.3302,1.3306,2.40,2.30
2010.04.23 10:15:21.007,1.33015,1.3306,1.20,3.90
2010.04.23 10:15:21.971,1.33015,1.3305,1.20,1.00
2010.04.23 10:15:22.602,1.3301,1.3305,1.00,1.00
2010.04.23 10:15:22.910,1.3301,1.3305,1.00,3.10
2010.04.23 10:15:23.222,1.3301,1.33045,1.60,1.00
2010.04.23 10:15:24.021,1.3301,1.3305,2.80,1.00
2010.04.23 10:15:24.358,1.3301,1.3305,1.00,1.00
2010.04.23 10:15:24.689,1.3301,1.3305,2.80,1.00
2010.04.23 10:15:25.317,1.3301,1.33055,4.40,2.30
2010.04.23 10:15:25.593,1.33015,1.3306,2.80,4.00
2010.04.23 10:15:26.212,1.3301,1.3305,4.40,1.00
2010.04.23 10:15:26.857,1.33015,1.3305,3.70,1.10
2010.04.23 10:15:27.124,1.3301,1.3305,4.20,3.50
2010.04.23 10:15:27.382,1.3301,1.3305,1.00,4.10
2010.04.23 10:15:27.786,1.3301,1.3304,1.00,1.10
2010.04.23 10:15:28.131,1.33,1.3304,1.20,1.90
2010.04.23 10:15:28.481,1.33,1.3304,1.00,1.90
2010.04.23 10:15:30.192,1.32995,1.33035,1.20,1.00
2010.04.23 10:15:30.417,1.32995,1.3304,1.20,3.50
2010.04.23 10:15:30.812,1.32995,1.33035,1.20,1.60
2010.04.23 10:15:31.044,1.32995,1.33035,1.20,3.50
2010.04.23 10:15:31.951,1.33,1.33035,1.00,1.10
2010.04.23 10:15:32.707,1.32995,1.33035,1.60,1.90
2010.04.23 10:15:32.996,1.32995,1.33035,1.60,2.00
2010.04.23 10:15:33.288,1.3299,1.33035,3.20,6.50
2010.04.23 10:15:33.913,1.3299,1.3303,1.20,1.10
2010.04.23 10:15:34.228,1.3299,1.3303,1.20,1.90
2010.04.23 10:15:34.548,1.3299,1.33025,1.00,1.10
2010.04.23 10:15:35.133,1.32985,1.33025,1.00,1.90
2010.04.23 10:15:35.215,1.3298,1.3302,3.20,1.90
2010.04.23 10:15:35.893,1.3298,1.3302,4.80,1.90
2010.04.23 10:15:36.023,1.3298,1.3302,5.20,1.90
2010.04.23 10:15:36.155,1.32985,1.3302,1.00,1.10
2010.04.23 10:15:36.284,1.32985,1.33025,1.20,1.90
2010.04.23 10:15:36.414,1.32985,1.33025,1.20,1.10
2010.04.23 10:15:37.083,1.3299,1.33035,1.20,3.60
2010.04.23 10:15:37.349,1.3299,1.33035,2.80,3.60
2010.04.23 10:15:37.619,1.3299,1.3303,2.40,1.10
2010.04.23 10:15:38.060,1.32985,1.3303,3.20,3.50
2010.04.23 10:15:38.407,1.32985,1.3303,1.20,3.50
2010.04.23 10:15:39.086,1.32985,1.33025,1.20,1.10
2010.04.23 10:15:39.563,1.32985,1.33025,1.20,1.90
2010.04.23 10:15:39.914,1.32975,1.33015,2.80,1.00
2010.04.23 10:15:40.260,1.32975,1.3301,1.00,1.10
2010.04.23 10:15:40.494,1.3297,1.3301,3.20,1.00
2010.04.23 10:15:41.038,1.32975,1.33015,1.00,3.50
2010.04.23 10:15:41.278,1.32975,1.33015,1.20,3.50
2010.04.23 10:15:41.630,1.32975,1.33015,1.20,3.50
2010.04.23 10:15:42.250,1.32975,1.33015,1.00,3.50
2010.04.23 10:15:42.603,1.32975,1.33015,1.00,3.90
2010.04.23 10:15:42.948,1.3299,1.33015,2.00,1.20
2010.04.23 10:15:43.557,1.3299,1.3302,3.30,1.00
2010.04.23 10:15:43.899,1.3299,1.33035,5.60,4.10
2010.04.23 10:15:44.514,1.32995,1.33035,1.00,2.70
2010.04.23 10:15:44.950,1.32995,1.33025,1.00,1.00
2010.04.23 10:15:45.578,1.32985,1.33025,1.20,3.20
2010.04.23 10:15:45.931,1.32985,1.33025,1.20,4.00
2010.04.23 10:15:46.866,1.32985,1.33025,1.20,1.90
2010.04.23 10:15:47.218,1.3299,1.33025,1.00,1.90
2010.04.23 10:15:47.904,1.32985,1.33025,1.60,1.90
2010.04.23 10:15:48.855,1.32985,1.33025,1.20,1.90
2010.04.23 10:15:49.912,1.32985,1.33025,1.20,1.90
2010.04.23 10:15:50.366,1.3299,1.33025,1.00,1.90
2010.04.23 10:15:50.606,1.32985,1.33025,1.60,2.00
2010.04.23 10:15:50.835,1.32985,1.33025,1.20,2.50
2010.04.23 10:15:51.183,1.32985,1.3302,1.00,1.10
2010.04.23 10:15:51.624,1.3298,1.3302,1.60,1.90
2010.04.23 10:15:52.310,1.32985,1.33025,1.00,2.90
2010.04.23 10:15:52.637,1.3299,1.3303,1.20,3.50
2010.04.23 10:15:54.680,1.3299,1.3303,3.20,2.40
2010.04.23 10:15:54.973,1.3299,1.3303,3.20,1.60
2010.04.23 10:15:55.115,1.3299,1.33035,5.70,1.00
2010.04.23 10:15:55.305,1.33,1.33035,2.00,1.00
2010.04.23 10:15:55.495,1.33,1.33045,3.20,4.00
2010.04.23 10:15:57.352,1.33,1.33045,4.10,4.00
2010.04.23 10:15:57.544,1.33,1.33045,3.20,4.00
2010.04.23 10:15:58.729,1.33,1.3304,3.20,1.00
2010.04.23 10:15:59.070,1.33005,1.3304,1.00,1.90
2010.04.23 10:15:59.697,1.3301,1.3305,1.60,1.50
2010.04.23 10:15:59.837,1.3301,1.3305,1.00,1.50
2010.04.23 10:15:59.971,1.33005,1.3305,1.20,3.50
2010.04.23 10:16:00.389,1.33005,1.3304,1.00,1.10
2010.04.23 10:16:00.738,1.33,1.3304,1.60,1.90
2010.04.23 10:16:02.360,1.33,1.33035,1.00,1.00
2010.04.23 10:16:04.194,1.33015,1.33035,1.00,1.00
2010.04.23 10:16:04.543,1.33015,1.3306,1.00,2.30
2010.04.23 10:16:04.890,1.33015,1.3306,1.00,1.90
2010.04.23 10:16:05.389,1.33025,1.3306,2.40,1.00
2010.04.23 10:16:05.593,1.3303,1.33055,1.00,1.00
2010.04.23 10:16:05.971,1.3302,1.3306,1.20,2.40
2010.04.23 10:16:06.215,1.3303,1.33065,1.00,1.00
2010.04.23 10:16:06.679,1.33025,1.33065,3.20,1.00
2010.04.23 10:16:07.066,1.3303,1.33065,1.00,1.00
2010.04.23 10:16:07.413,1.3303,1.3307,1.60,2.70
2010.04.23 10:16:08.442,1.33035,1.3307,1.00,1.10
2010.04.23 10:16:08.985,1.33035,1.3307,1.00,3.80
2010.04.23 10:16:09.255,1.3303,1.3307,1.20,4.00
2010.04.23 10:16:09.520,1.3304,1.3307,1.00,3.50
2010.04.23 10:16:09.785,1.3304,1.33075,1.60,2.70
2010.04.23 10:16:10.053,1.33055,1.3308,2.20,1.00
2010.04.23 10:16:10.732,1.3304,1.3308,2.00,2.70
2010.04.23 10:16:11.047,1.33045,1.33075,1.00,1.00
2010.04.23 10:16:11.369,1.3304,1.3308,4.40,1.00
2010.04.23 10:16:12.705,1.3304,1.3308,2.80,1.00
2010.04.23 10:16:14.486,1.33045,1.33085,1.00,3.90
2010.04.23 10:16:14.773,1.33045,1.33085,1.00,4.30
2010.04.23 10:16:15.203,1.33045,1.33085,1.00,3.90
2010.04.23 10:16:16.742,1.33045,1.33085,1.00,3.90
2010.04.23 10:16:17.674,1.3305,1.33085,1.00,3.90
2010.04.23 10:16:18.018,1.3305,1.3309,1.00,4.00
2010.04.23 10:16:18.364,1.3305,1.3309,1.00,5.60
2010.04.23 10:16:18.707,1.3305,1.33085,1.80,1.60
2010.04.23 10:16:19.217,1.33045,1.33085,3.20,2.80
2010.04.23 10:16:19.944,1.33045,1.33085,3.20,3.60
2010.04.23 10:16:20.205,1.33045,1.3308,1.00,1.00
2010.04.23 10:16:20.768,1.3304,1.3308,2.80,1.20
2010.04.23 10:16:20.948,1.33045,1.3308,1.20,1.00
2010.04.23 10:16:22.365,1.33045,1.33085,2.00,2.30
2010.04.23 10:16:22.704,1.33045,1.33085,2.60,1.90
2010.04.23 10:16:23.043,1.3305,1.33085,1.00,1.00
2010.04.23 10:16:23.234,1.3305,1.3309,1.40,3.90
2010.04.23 10:16:23.803,1.3305,1.3309,1.40,3.50
2010.04.23 10:16:25.375,1.3305,1.3309,2.30,3.50
2010.04.23 10:16:25.530,1.33055,1.33095,3.40,2.40
2010.04.23 10:16:26.747,1.33055,1.3309,3.40,1.60
2010.04.23 10:16:27.051,1.33055,1.33095,2.80,1.20
2010.04.23 10:16:28.018,1.33045,1.3309,7.30,1.00
2010.04.23 10:16:28.483,1.3305,1.3309,1.00,1.00
2010.04.23 10:16:28.673,1.3305,1.3309,1.80,1.90
2010.04.23 10:16:29.050,1.3305,1.3309,1.80,1.00
2010.04.23 10:16:29.942,1.33055,1.3309,1.00,1.00
2010.04.23 10:16:30.296,1.33055,1.3309,2.20,1.00
2010.04.23 10:16:31.291,1.33055,1.33095,3.50,1.90
2010.04.23 10:16:33.849,1.33055,1.33095,3.10,3.50
2010.04.23 10:16:34.231,1.33055,1.3309,2.30,1.00
2010.04.23 10:16:34.861,1.33055,1.33095,1.00,1.00
2010.04.23 10:16:35.065,1.33055,1.331,1.00,5.10
2010.04.23 10:16:35.721,1.3306,1.331,1.00,5.10
2010.04.23 10:16:35.935,1.3306,1.331,1.60,3.50
2010.04.23 10:16:36.619,1.3306,1.331,2.00,3.50
2010.04.23 10:16:37.599,1.3306,1.331,2.10,3.50
2010.04.23 10:16:40.090,1.3306,1.331,1.70,1.90
2010.04.23 10:16:40.400,1.3306,1.331,2.10,1.90
2010.04.23 10:16:41.894,1.3307,1.331,1.00,1.10
2010.04.23 10:16:42.156,1.3307,1.33115,3.20,4.00
2010.04.23 10:16:42.402,1.33075,1.33115,1.00,4.00
2010.04.23 10:16:42.683,1.3307,1.3311,1.70,1.90
2010.04.23 10:16:44.198,1.3307,1.3311,1.60,1.90
2010.04.23 10:16:46.425,1.3307,1.3311,1.60,1.00
2010.04.23 10:16:46.566,1.3307,1.33115,3.20,4.00
2010.04.23 10:16:48.729,1.33075,1.33115,1.20,1.90
2010.04.23 10:16:49.257,1.3308,1.33115,1.00,1.90
2010.04.23 10:16:49.480,1.3308,1.3312,1.00,3.50
2010.04.23 10:16:49.992,1.33075,1.3311,1.40,1.10
2010.04.23 10:16:50.211,1.3307,1.3311,1.40,1.90
2010.04.23 10:16:50.559,1.3307,1.3311,1.40,3.50
2010.04.23 10:16:50.896,1.3307,1.33105,1.00,1.00
2010.04.23 10:16:51.931,1.3307,1.3311,1.40,1.90
2010.04.23 10:16:52.250,1.3307,1.3311,1.00,3.50
2010.04.23 10:16:52.661,1.33075,1.3311,1.60,3.50
2010.04.23 10:16:52.871,1.33075,1.3311,2.30,1.90
2010.04.23 10:16:54.450,1.33075,1.33115,3.10,1.90
2010.04.23 10:16:54.677,1.33075,1.3312,3.10,4.00
2010.04.23 10:16:55.250,1.33075,1.33115,3.10,3.50
2010.04.23 10:16:55.535,1.3308,1.33115,1.00,1.00
2010.04.23 10:16:56.348,1.3308,1.33115,1.00,1.00
2010.04.23 10:16:56.669,1.33075,1.33115,3.10,1.90
2010.04.23 10:16:59.044,1.33075,1.33115,3.50,1.00
2010.04.23 10:16:59.165,1.33075,1.33115,5.90,1.00
2010.04.23 10:16:59.571,1.3308,1.33115,1.00,1.00
2010.04.23 10:16:59.701,1.3308,1.3312,1.00,1.90
2010.04.23 10:16:59.827,1.3308,1.3312,1.10,1.90
2010.04.23 10:17:00.454,1.3308,1.3312,1.90,1.90
2010.04.23 10:17:01.446,1.3308,1.3312,1.80,1.90
2010.04.23 10:17:01.774,1.3308,1.3312,1.90,1.90
2010.04.23 10:17:06.261,1.3308,1.3312,2.70,1.90
2010.04.23 10:17:06.442,1.33085,1.3312,1.00,1.90
2010.04.23 10:17:06.542,1.33085,1.3312,1.60,1.90
2010.04.23 10:17:06.643,1.33085,1.3312,2.30,1.00
2010.04.23 10:17:06.743,1.33085,1.33125,2.30,3.50
2010.04.23 10:17:08.912,1.33085,1.33125,3.50,1.00
2010.04.23 10:17:09.063,1.3309,1.33125,1.00,1.00
2010.04.23 10:17:09.214,1.33085,1.3313,3.50,2.40
2010.04.23 10:17:09.640,1.3309,1.3313,1.00,2.40
2010.04.23 10:17:09.869,1.3309,1.3313,1.80,1.90
2010.04.23 10:17:10.095,1.3309,1.3313,1.20,1.90
2010.04.23 10:17:10.325,1.3309,1.3313,1.90,1.90
2010.04.23 10:17:11.042,1.33085,1.3313,5.10,4.00
2010.04.23 10:17:11.395,1.33095,1.3313,1.00,1.20
2010.04.23 10:17:11.746,1.33095,1.33135,3.50,1.00
2010.04.23 10:17:13.354,1.331,1.3313,1.00,2.00
2010.04.23 10:17:13.696,1.331,1.33125,1.00,1.60
2010.04.23 10:17:14.049,1.3309,1.3313,2.80,2.00
2010.04.23 10:17:15.204,1.3309,1.3313,1.00,1.10
2010.04.23 10:17:15.557,1.331,1.33135,1.00,1.00
2010.04.23 10:17:15.904,1.33095,1.33135,1.20,1.00
2010.04.23 10:17:16.441,1.33095,1.33135,1.20,1.00
2010.04.23 10:17:17.894,1.33095,1.33135,1.00,5.80
2010.04.23 10:17:18.458,1.33095,1.33135,1.00,5.80
2010.04.23 10:17:18.805,1.33095,1.33135,1.00,5.80
2010.04.23 10:17:19.156,1.33095,1.33135,1.00,5.80
2010.04.23 10:17:19.363,1.33095,1.33135,1.00,5.80
2010.04.23 10:17:19.842,1.33095,1.33135,1.00,5.80
2010.04.23 10:17:20.048,1.3309,1.33125,1.00,2.20
2010.04.23 10:17:20.449,1.33085,1.33125,1.70,4.20
2010.04.23 10:17:20.971,1.3309,1.33125,1.00,2.20
2010.04.23 10:17:21.315,1.3309,1.33125,1.20,2.20
2010.04.23 10:17:21.624,1.3309,1.33125,1.20,1.60
2010.04.23 10:17:22.808,1.3309,1.33125,1.00,1.10
2010.04.23 10:17:23.127,1.3309,1.3313,1.00,3.50
2010.04.23 10:17:24.013,1.33095,1.3313,2.20,3.50
2010.04.23 10:17:28.038,1.3309,1.33125,2.00,3.40
2010.04.23 10:17:28.252,1.3309,1.33125,1.00,4.20
2010.04.23 10:17:28.603,1.33085,1.33125,1.00,4.20
2010.04.23 10:17:28.948,1.3308,1.3312,5.30,1.00
2010.04.23 10:17:29.291,1.33085,1.3312,1.00,1.00
2010.04.23 10:17:29.774,1.33085,1.33125,1.70,4.20
2010.04.23 10:17:39.152,1.33085,1.33125,1.60,4.20
2010.04.23 10:17:40.818,1.33085,1.33125,3.20,4.20
2010.04.23 10:17:41.147,1.33085,1.33125,3.20,2.20
2010.04.23 10:17:41.475,1.33085,1.3312,3.20,1.00
2010.04.23 10:17:41.799,1.3308,1.3312,1.20,1.00
2010.04.23 10:17:42.476,1.33075,1.3312,3.30,3.50
2010.04.23 10:17:42.818,1.33075,1.33115,1.30,3.50
2010.04.23 10:17:45.185,1.33085,1.33115,1.00,1.00
2010.04.23 10:17:45.323,1.33085,1.3312,1.00,1.90
2010.04.23 10:17:45.742,1.33085,1.3312,1.00,1.90
2010.04.23 10:17:45.907,1.33085,1.3312,1.00,1.90
2010.04.23 10:17:46.884,1.33085,1.3312,1.00,1.00
2010.04.23 10:17:47.069,1.33095,1.33125,1.00,1.00
2010.04.23 10:17:48.036,1.33095,1.3313,1.00,3.50
2010.04.23 10:17:49.641,1.33095,1.3313,1.00,1.90
2010.04.23 10:17:51.067,1.33095,1.3313,1.00,1.10
2010.04.23 10:17:51.230,1.33095,1.33135,1.00,4.00
2010.04.23 10:17:52.191,1.33095,1.3313,1.00,1.90
2010.04.23 10:17:52.332,1.33095,1.33135,1.00,4.00
2010.04.23 10:17:52.573,1.33095,1.33135,1.00,4.00
2010.04.23 10:17:53.396,1.33095,1.3313,1.00,1.90
2010.04.23 10:17:53.687,1.33095,1.3313,1.00,1.90
2010.04.23 10:17:53.972,1.33095,1.3313,1.00,1.90
2010.04.23 10:17:59.831,1.33095,1.33125,1.00,1.60
2010.04.23 10:18:00.051,1.33095,1.33125,1.00,1.60
2010.04.23 10:18:00.499,1.3309,1.33125,1.20,1.60
2010.04.23 10:18:00.649,1.33095,1.33125,1.00,1.60
2010.04.23 10:18:01.854,1.33095,1.3313,1.00,4.20
2010.04.23 10:18:03.978,1.33095,1.3313,1.00,2.60
2010.04.23 10:18:04.127,1.33095,1.3313,1.00,1.90
2010.04.23 10:18:04.497,1.33095,1.3313,1.00,1.90
2010.04.23 10:18:06.709,1.33095,1.3313,1.20,1.10
2010.04.23 10:18:06.856,1.33095,1.33135,1.60,4.00
2010.04.23 10:18:07.787,1.33095,1.3313,1.60,1.00
2010.04.23 10:18:08.309,1.33095,1.33115,1.20,1.00
2010.04.23 10:18:08.653,1.3309,1.33125,1.20,1.00
2010.04.23 10:18:08.991,1.3309,1.3313,1.20,3.90
2010.04.23 10:18:09.502,1.3309,1.3313,1.20,4.00
2010.04.23 10:18:09.859,1.3309,1.33125,1.20,1.00
2010.04.23 10:18:10.203,1.33085,1.33125,3.20,1.00
2010.04.23 10:18:11.364,1.3309,1.3313,1.60,4.00
2010.04.23 10:18:11.710,1.3309,1.3313,1.60,2.00
2010.04.23 10:18:12.010,1.3309,1.3313,1.60,1.00
2010.04.23 10:18:12.299,1.3309,1.3312,1.60,1.60
2010.04.23 10:18:12.587,1.3309,1.3312,1.00,1.60
2010.04.23 10:18:13.914,1.3309,1.33125,1.60,2.20
2010.04.23 10:18:14.196,1.33095,1.33125,1.00,2.20
2010.04.23 10:18:14.928,1.33095,1.33125,1.00,1.60
2010.04.23 10:18:15.947,1.33095,1.3312,1.00,1.60
2010.04.23 10:18:16.483,1.3309,1.3312,1.00,1.60
2010.04.23 10:18:16.772,1.3309,1.33125,1.20,1.60
2010.04.23 10:18:17.058,1.3309,1.33125,1.60,1.60
2010.04.23 10:18:17.736,1.33095,1.33125,1.00,1.60
2010.04.23 10:18:18.344,1.3309,1.3312,1.20,1.60
2010.04.23 10:18:18.687,1.3309,1.3312,1.00,1.60
2010.04.23 10:18:19.027,1.3309,1.33125,1.00,3.00
2010.04.23 10:18:19.368,1.3309,1.3312,1.60,1.60
2010.04.23 10:18:19.679,1.3309,1.3313,1.60,3.90
2010.04.23 10:18:20.004,1.3309,1.3313,1.60,4.20
2010.04.23 10:18:20.325,1.33095,1.3313,1.00,3.50
2010.04.23 10:18:26.877,1.33095,1.3312,1.00,1.60
2010.04.23 10:18:27.134,1.3309,1.3312,1.00,1.60
2010.04.23 10:18:27.270,1.33085,1.3312,1.20,1.60
2010.04.23 10:18:27.454,1.33085,1.33125,1.20,3.00
2010.04.23 10:18:27.585,1.33085,1.33125,1.60,3.00
2010.04.23 10:18:27.899,1.33085,1.33125,3.20,2.40
2010.04.23 10:18:28.249,1.3309,1.33125,1.00,2.40
2010.04.23 10:18:31.574,1.3309,1.3312,1.00,1.60
2010.04.23 10:18:32.745,1.33085,1.3312,1.00,1.60
2010.04.23 10:18:34.970,1.33085,1.3312,1.00,1.90
2010.04.23 10:18:35.076,1.3308,1.3312,1.30,1.90
2010.04.23 10:18:35.169,1.3308,1.3312,1.70,1.00
2010.04.23 10:18:35.272,1.3308,1.3312,3.30,1.00
2010.04.23 10:18:35.472,1.3308,1.33125,3.30,4.00
2010.04.23 10:18:35.853,1.33085,1.33125,1.00,4.00
2010.04.23 10:18:36.197,1.33085,1.33125,1.20,1.90
2010.04.23 10:18:36.882,1.3308,1.3312,1.70,1.90
2010.04.23 10:18:37.222,1.3308,1.33125,3.30,4.00
2010.04.23 10:18:38.911,1.3309,1.33125,1.00,3.50
2010.04.23 10:18:39.201,1.3309,1.3313,1.00,5.10
2010.04.23 10:18:39.350,1.3309,1.3313,1.00,3.50
2010.04.23 10:18:43.408,1.3309,1.3313,1.00,3.50
2010.04.23 10:18:43.732,1.33085,1.33125,1.20,4.00
2010.04.23 10:18:44.064,1.33095,1.3313,1.00,3.90
2010.04.23 10:18:44.286,1.33085,1.33125,3.20,1.60
2010.04.23 10:18:44.811,1.33085,1.3312,1.00,1.00
2010.04.23 10:18:45.034,1.3308,1.3312,1.00,1.20
2010.04.23 10:18:45.379,1.33075,1.3312,3.30,1.20
2010.04.23 10:18:46.169,1.33075,1.3312,3.30,4.00
2010.04.23 10:18:46.391,1.33075,1.3312,2.80,4.00
2010.04.23 10:18:50.820,1.33075,1.3312,1.20,4.00
2010.04.23 10:18:51.202,1.33075,1.33115,1.00,1.90
2010.04.23 10:18:53.086,1.33075,1.33115,1.00,1.90
2010.04.23 10:18:56.269,1.33075,1.33115,2.40,1.90
2010.04.23 10:18:56.424,1.33075,1.3312,2.80,4.00
2010.04.23 10:18:56.935,1.33075,1.3312,2.80,4.00
2010.04.23 10:18:57.885,1.3308,1.3312,1.00,3.50
2010.04.23 10:18:58.128,1.3308,1.3312,1.00,1.90
2010.04.23 10:18:58.596,1.3308,1.3312,1.00,1.00
2010.04.23 10:18:58.942,1.33085,1.3312,1.60,1.40
2010.04.23 10:18:59.300,1.33085,1.3312,1.00,1.60
2010.04.23 10:18:59.896,1.3308,1.33125,1.70,2.40
2010.04.23 10:19:00.235,1.3308,1.33125,1.70,4.00
2010.04.23 10:19:00.579,1.3308,1.3312,1.70,1.90
2010.04.23 10:19:01.234,1.33075,1.33115,2.80,1.90
2010.04.23 10:19:01.539,1.33075,1.33115,1.00,2.40
2010.04.23 10:19:01.846,1.33075,1.33115,2.80,1.90
2010.04.23 10:19:02.148,1.3308,1.33115,1.00,1.90
2010.04.23 10:19:02.473,1.3308,1.3312,1.00,2.40
2010.04.23 10:19:02.825,1.3308,1.3312,1.70,1.00
2010.04.23 10:19:03.511,1.3308,1.3312,1.80,1.00
2010.04.23 10:19:04.137,1.33085,1.3312,1.00,1.00
2010.04.23 10:19:04.477,1.3308,1.3312,1.70,1.00
2010.04.23 10:19:04.744,1.3309,1.3312,1.00,1.00
2010.04.23 10:19:04.886,1.33085,1.3312,1.00,1.00
2010.04.23 10:19:05.231,1.33085,1.33125,1.00,1.90
2010.04.23 10:19:05.375,1.33085,1.33125,1.00,4.20
2010.04.23 10:19:05.854,1.3308,1.3312,1.00,1.00
2010.04.23 10:19:06.197,1.33075,1.3311,3.20,1.60
2010.04.23 10:19:06.546,1.3307,1.33105,3.80,1.60
2010.04.23 10:19:06.835,1.3307,1.33095,1.20,1.60
2010.04.23 10:19:07.126,1.33065,1.33095,3.30,1.60
2010.04.23 10:19:07.413,1.33065,1.33095,1.70,1.60
2010.04.23 10:19:07.974,1.33065,1.33095,1.20,1.60
2010.04.23 10:19:08.316,1.3306,1.33095,3.30,1.60
2010.04.23 10:19:08.654,1.33065,1.33095,1.30,1.60
2010.04.23 10:19:08.993,1.33065,1.33105,1.30,1.90
2010.04.23 10:19:10.903,1.33065,1.33105,1.00,4.00
2010.04.23 10:19:11.476,1.33065,1.331,1.00,1.00
2010.04.23 10:19:11.746,1.33065,1.331,1.00,1.00
2010.04.23 10:19:12.063,1.3306,1.331,3.30,1.00
2010.04.23 10:19:12.381,1.3306,1.331,3.20,1.00
2010.04.23 10:19:13.504,1.33065,1.33105,1.70,1.90
2010.04.23 10:19:15.762,1.33065,1.33105,1.20,4.00
2010.04.23 10:19:15.934,1.33065,1.331,1.00,1.00
2010.04.23 10:19:16.100,1.3306,1.331,4.90,1.00
2010.04.23 10:19:17.934,1.3306,1.331,4.80,1.00
2010.04.23 10:19:18.305,1.3307,1.331,1.00,1.00
2010.04.23 10:19:19.020,1.3307,1.3311,1.00,4.40
2010.04.23 10:19:19.354,1.33065,1.33105,1.70,1.00
2010.04.23 10:19:19.693,1.33065,1.33105,1.00,1.40
2010.04.23 10:19:20.032,1.3306,1.331,3.30,1.00
2010.04.23 10:19:20.710,1.33065,1.331,1.00,1.00
2010.04.23 10:19:20.921,1.3307,1.331,1.00,1.00
2010.04.23 10:19:21.133,1.3307,1.33105,1.00,1.00
2010.04.23 10:19:21.474,1.3307,1.33105,2.10,1.00
2010.04.23 10:19:21.687,1.3307,1.3311,1.00,1.10
2010.04.23 10:19:22.031,1.3307,1.33115,3.30,2.30
2010.04.23 10:19:22.527,1.33075,1.33115,1.00,3.20
2010.04.23 10:19:22.878,1.33075,1.3311,2.00,1.00
2010.04.23 10:19:23.225,1.33075,1.33115,1.20,1.10
2010.04.23 10:19:23.569,1.33075,1.33115,1.20,1.90
2010.04.23 10:19:24.139,1.33075,1.33115,1.20,1.90
2010.04.23 10:19:24.642,1.33075,1.33105,1.20,1.60
2010.04.23 10:19:24.905,1.3308,1.33115,1.60,2.00
2010.04.23 10:19:25.170,1.33075,1.33115,1.20,1.90
2010.04.23 10:19:25.439,1.33075,1.33115,1.20,2.50
2010.04.23 10:19:25.978,1.33075,1.3311,1.20,1.00
2010.04.23 10:19:26.662,1.33075,1.3311,1.20,1.00
2010.04.23 10:19:26.862,1.33075,1.3311,1.20,2.00
2010.04.23 10:19:27.058,1.33075,1.3311,1.20,2.00
2010.04.23 10:19:27.278,1.33075,1.3311,1.20,2.40
2010.04.23 10:19:27.499,1.3307,1.3311,2.80,3.20
2010.04.23 10:19:28.617,1.3307,1.3311,2.80,1.60
2010.04.23 10:19:29.249,1.33065,1.33105,2.80,1.00
2010.04.23 10:19:29.973,1.3307,1.33105,1.00,1.00
2010.04.23 10:19:30.457,1.3307,1.33105,1.00,1.90
2010.04.23 10:19:30.802,1.33065,1.33105,1.20,4.00
2010.04.23 10:19:34.516,1.33065,1.331,1.00,2.20
2010.04.23 10:19:34.657,1.33065,1.331,1.00,2.20
2010.04.23 10:19:34.798,1.33065,1.331,1.00,1.00
2010.04.23 10:19:34.972,1.33065,1.33105,1.30,3.90
2010.04.23 10:19:35.148,1.33065,1.33105,1.30,4.00
2010.04.23 10:19:35.777,1.33065,1.33105,1.30,5.60
2010.04.23 10:19:39.975,1.33065,1.33105,1.20,5.60
2010.04.23 10:19:40.316,1.33065,1.33095,1.00,1.00
2010.04.23 10:19:40.661,1.33055,1.33095,2.80,1.00
2010.04.23 10:19:40.878,1.3306,1.331,1.00,1.20
2010.04.23 10:19:41.097,1.3306,1.33105,1.70,1.90
2010.04.23 10:19:41.595,1.3306,1.33105,3.30,2.40
2010.04.23 10:19:41.943,1.3306,1.331,3.20,1.00
2010.04.23 10:19:42.292,1.3306,1.331,3.30,1.00
2010.04.23 10:19:44.167,1.33065,1.331,1.00,1.00
2010.04.23 10:19:45.654,1.33065,1.331,1.00,1.00
2010.04.23 10:19:45.731,1.33065,1.331,1.00,1.00
2010.04.23 10:19:47.422,1.3306,1.331,3.30,1.00
2010.04.23 10:19:47.674,1.33065,1.331,1.00,1.00
2010.04.23 10:19:47.923,1.3306,1.331,3.30,1.00
2010.04.23 10:19:48.422,1.33065,1.331,1.00,1.00
2010.04.23 10:19:49.804,1.3306,1.331,3.20,1.00
2010.04.23 10:19:50.084,1.3306,1.331,3.60,1.00
2010.04.23 10:19:50.272,1.3306,1.331,3.20,1.00
2010.04.23 10:19:50.929,1.3306,1.331,3.30,1.00
2010.04.23 10:19:51.112,1.3306,1.331,3.20,1.00
2010.04.23 10:19:51.407,1.3306,1.331,3.30,1.00
2010.04.23 10:19:52.365,1.3306,1.331,3.20,1.00
2010.04.23 10:19:53.590,1.3306,1.331,3.30,1.00
2010.04.23 10:19:54.042,1.3306,1.331,3.20,1.00
2010.04.23 10:19:54.381,1.3306,1.331,3.30,1.00
2010.04.23 10:19:55.104,1.3306,1.331,3.20,1.00
2010.04.23 10:19:55.621,1.3306,1.331,3.30,1.00
2010.04.23 10:19:56.140,1.3306,1.331,3.20,1.00
2010.04.23 10:19:56.802,1.3306,1.331,3.30,1.00
2010.04.23 10:19:57.306,1.3306,1.331,3.20,1.00
2010.04.23 10:19:58.270,1.3306,1.331,1.20,1.90
2010.04.23 10:20:00.631,1.3306,1.331,1.00,1.90
2010.04.23 10:20:00.851,1.33055,1.33095,1.60,1.90
2010.04.23 10:20:00.960,1.33055,1.33095,1.20,1.90
2010.04.23 10:20:02.755,1.3306,1.33095,1.00,1.90
2010.04.23 10:20:03.899,1.33055,1.33095,1.00,4.00
2010.04.23 10:20:04.163,1.33055,1.33095,1.00,5.60
2010.04.23 10:20:07.087,1.33055,1.33095,1.00,5.60
2010.04.23 10:20:08.752,1.33055,1.33095,2.90,4.00
2010.04.23 10:20:08.918,1.33055,1.33095,3.30,2.80
2010.04.23 10:20:09.649,1.3306,1.33095,1.00,2.80
2010.04.23 10:20:09.891,1.3306,1.33095,1.20,1.60
2010.04.23 10:20:10.132,1.33065,1.33095,1.00,1.60
2010.04.23 10:20:10.758,1.33065,1.33105,1.00,5.60
2010.04.23 10:20:11.071,1.3306,1.33105,3.20,5.60
2010.04.23 10:20:11.702,1.3306,1.331,3.20,1.60
2010.04.23 10:20:12.242,1.3306,1.331,3.20,1.00
2010.04.23 10:20:13.399,1.3306,1.331,4.00,1.00
2010.04.23 10:20:13.725,1.33065,1.331,1.00,1.00
2010.04.23 10:20:14.039,1.3306,1.331,3.20,1.00
2010.04.23 10:20:14.548,1.3306,1.331,2.80,1.00
2010.04.23 10:20:17.616,1.3306,1.331,1.00,3.50
2010.04.23 10:20:19.427,1.33065,1.331,1.00,3.50
2010.04.23 10:20:19.568,1.3306,1.331,1.00,3.50
2010.04.23 10:20:20.741,1.33065,1.331,1.00,3.50
2010.04.23 10:20:21.095,1.3306,1.331,1.00,3.50
2010.04.23 10:20:21.777,1.3306,1.331,2.80,1.00
2010.04.23 10:20:22.119,1.33065,1.331,1.00,1.00
2010.04.23 10:20:22.469,1.33065,1.331,4.00,1.00
2010.04.23 10:20:22.776,1.33065,1.3311,4.80,5.60
2010.04.23 10:20:24.385,1.33065,1.3311,5.70,5.60
2010.04.23 10:20:24.731,1.33075,1.3311,1.00,3.50
2010.04.23 10:20:25.160,1.33075,1.3311,2.00,1.00
2010.04.23 10:20:25.290,1.33075,1.3312,2.00,5.60
2010.04.23 10:20:25.875,1.33075,1.3312,3.20,5.60
2010.04.23 10:20:26.206,1.33075,1.33115,2.00,1.90
2010.04.23 10:20:28.854,1.33075,1.3311,2.00,1.00
2010.04.23 10:20:29.123,1.33075,1.33115,2.00,1.90
2010.04.23 10:20:37.472,1.33075,1.33115,1.00,3.50
2010.04.23 10:20:37.710,1.33075,1.33115,1.00,4.00
2010.04.23 10:20:39.527,1.3307,1.33105,1.00,1.00
2010.04.23 10:20:39.714,1.33065,1.33105,1.60,1.00
2010.04.23 10:20:40.201,1.33065,1.33105,1.60,1.00
2010.04.23 10:20:40.394,1.3307,1.3311,1.00,3.50
2010.04.23 10:20:41.120,1.3307,1.3311,2.40,1.90
2010.04.23 10:20:41.301,1.3307,1.3311,2.80,1.00
2010.04.23 10:20:42.204,1.3307,1.3311,5.70,1.20
2010.04.23 10:20:42.534,1.33075,1.3311,1.00,1.00
2010.04.23 10:20:42.883,1.3307,1.3311,2.80,1.00
2010.04.23 10:20:43.644,1.3307,1.3311,3.60,1.00
2010.04.23 10:20:43.981,1.33075,1.3311,1.00,1.00
2010.04.23 10:20:44.610,1.3307,1.3311,2.80,1.00
2010.04.23 10:20:45.971,1.33075,1.3311,1.00,1.00
2010.04.23 10:20:48.469,1.3307,1.3311,2.80,1.00
2010.04.23 10:20:49.099,1.3307,1.3311,3.60,1.00
2010.04.23 10:20:49.310,1.33075,1.3311,1.00,1.00
2010.04.23 10:20:50.910,1.3307,1.3311,4.40,1.00
2010.04.23 10:20:51.239,1.3307,1.3311,4.40,1.00
2010.04.23 10:20:51.802,1.3307,1.3311,2.40,3.50
2010.04.23 10:20:51.920,1.3307,1.3311,1.00,3.50
2010.04.23 10:20:52.590,1.3307,1.3311,3.20,3.50
2010.04.23 10:20:53.287,1.33075,1.3311,1.00,3.50
2010.04.23 10:20:53.511,1.3307,1.3311,1.00,3.50
2010.04.23 10:20:55.446,1.3307,1.3311,2.40,1.90
2010.04.23 10:20:55.606,1.3307,1.3311,2.80,1.00
2010.04.23 10:20:56.845,1.3307,1.3311,2.80,2.40
2010.04.23 10:20:56.966,1.3307,1.3311,2.80,1.00
2010.04.23 10:20:57.508,1.3307,1.3311,2.80,1.00
2010.04.23 10:20:57.712,1.33075,1.3311,1.00,1.00
2010.04.23 10:21:01.785,1.33075,1.33115,4.80,1.20
2010.04.23 10:21:06.796,1.33075,1.33115,4.00,1.20
2010.04.23 10:21:07.043,1.33075,1.33115,2.00,4.00
2010.04.23 10:21:20.308,1.33075,1.33115,1.00,4.00
2010.04.23 10:21:21.805,1.3307,1.33115,2.80,5.60
2010.04.23 10:21:23.832,1.33075,1.33115,1.00,4.00
2010.04.23 10:21:25.290,1.33075,1.33115,2.00,4.00
2010.04.23 10:21:26.020,1.33075,1.3311,2.00,1.10
2010.04.23 10:21:26.150,1.33075,1.3311,2.00,1.90
2010.04.23 10:21:28.379,1.33075,1.3311,1.00,1.90
2010.04.23 10:21:28.660,1.3307,1.3311,1.00,1.90
2010.04.23 10:21:31.491,1.3307,1.3311,1.00,1.90
2010.04.23 10:21:31.690,1.33075,1.3311,2.00,1.90
2010.04.23 10:21:32.397,1.33075,1.3311,1.00,1.90
2010.04.23 10:21:32.600,1.3307,1.3311,1.00,3.50
2010.04.23 10:21:32.793,1.33065,1.33105,4.70,1.00
2010.04.23 10:21:33.370,1.33065,1.33105,3.80,1.00
2010.04.23 10:21:33.816,1.33065,1.33105,3.80,1.20
2010.04.23 10:21:43.934,1.33065,1.33105,3.80,2.80
2010.04.23 10:21:44.135,1.3307,1.33105,1.00,2.00
2010.04.23 10:21:44.535,1.33065,1.33105,1.00,5.60
2010.04.23 10:21:44.876,1.3306,1.33105,2.80,5.60
2010.04.23 10:21:49.373,1.3306,1.331,2.80,1.60
2010.04.23 10:21:49.615,1.3306,1.33095,1.20,1.00
2010.04.23 10:21:53.231,1.3306,1.33095,1.20,2.00
2010.04.23 10:21:56.571,1.3306,1.33095,1.20,1.60
2010.04.23 10:22:02.464,1.3306,1.331,1.60,3.90
2010.04.23 10:22:02.691,1.3306,1.331,1.60,3.50
2010.04.23 10:22:03.749,1.3306,1.331,1.60,1.90
2010.04.23 10:22:04.494,1.3306,1.331,3.30,1.90
2010.04.23 10:22:04.757,1.33065,1.331,1.00,1.90
2010.04.23 10:22:04.940,1.3306,1.331,1.60,1.90
2010.04.23 10:22:05.514,1.33065,1.331,1.00,1.90
2010.04.23 10:22:06.231,1.3306,1.331,1.60,1.90
2010.04.23 10:22:07.759,1.3306,1.331,1.60,3.50
2010.04.23 10:22:08.019,1.3306,1.331,1.60,1.90
2010.04.23 10:22:09.038,1.3306,1.331,1.60,2.30
2010.04.23 10:22:09.774,1.3305,1.3309,3.70,1.00
2010.04.23 10:22:09.953,1.3305,1.3309,3.20,1.00
2010.04.23 10:22:10.125,1.3305,1.3309,3.20,1.20
2010.04.23 10:22:10.344,1.3305,1.3309,2.80,1.20
2010.04.23 10:22:11.523,1.33055,1.3309,3.30,1.00
2010.04.23 10:22:11.803,1.33055,1.331,4.10,4.30
2010.04.23 10:22:12.079,1.33055,1.331,4.10,3.90
2010.04.23 10:22:13.399,1.3306,1.331,2.80,1.20
2010.04.23 10:22:13.921,1.3306,1.331,2.80,1.20
2010.04.23 10:22:14.219,1.3306,1.331,3.30,1.20
2010.04.23 10:22:14.432,1.33065,1.33105,1.20,1.00
2010.04.23 10:22:15.993,1.33075,1.33095,1.60,1.00
2010.04.23 10:22:16.120,1.3307,1.33095,1.20,1.00
2010.04.23 10:22:16.573,1.33065,1.331,1.20,1.00
2010.04.23 10:22:16.710,1.33065,1.331,2.00,1.00
2010.04.23 10:22:16.829,1.33065,1.33105,2.40,5.30
2010.04.23 10:22:16.951,1.33065,1.33105,1.20,5.30
2010.04.23 10:22:17.290,1.33065,1.331,1.20,1.00
2010.04.23 10:22:17.627,1.33065,1.331,1.20,1.00
2010.04.23 10:22:19.296,1.33065,1.331,1.00,1.90
2010.04.23 10:22:19.660,1.33055,1.33095,2.10,5.50
2010.04.23 10:22:20.195,1.33055,1.33085,1.00,1.00
2010.04.23 10:22:20.384,1.3305,1.33085,1.00,1.00
2010.04.23 10:22:20.998,1.33045,1.3308,3.20,1.00
2010.04.23 10:22:21.336,1.3305,1.3309,1.00,2.30
2010.04.23 10:22:22.766,1.33045,1.33085,3.20,1.20
2010.04.23 10:22:24.186,1.33045,1.33085,3.30,1.20
2010.04.23 10:22:27.159,1.3305,1.33085,1.20,1.00
2010.04.23 10:22:27.425,1.3305,1.3309,2.00,2.30
2010.04.23 10:22:29.304,1.3305,1.3309,2.10,2.30
2010.04.23 10:22:29.516,1.33055,1.33095,1.00,6.30
2010.04.23 10:22:29.724,1.3305,1.33095,4.00,6.30
2010.04.23 10:22:29.934,1.3305,1.3309,4.00,1.00
2010.04.23 10:22:30.343,1.3305,1.3309,4.00,2.00
2010.04.23 10:22:31.144,1.3305,1.3309,4.10,2.00
2010.04.23 10:22:32.653,1.3305,1.3309,4.10,2.80
2010.04.23 10:22:35.866,1.3305,1.33085,4.10,1.00
2010.04.23 10:22:36.164,1.3305,1.33085,2.50,1.00
2010.04.23 10:22:36.352,1.3305,1.3309,2.50,2.30
2010.04.23 10:22:41.484,1.33045,1.33075,1.00,1.00
2010.04.23 10:22:41.744,1.33045,1.3308,2.20,3.60
2010.04.23 10:22:42.148,1.33045,1.33075,2.20,2.40
2010.04.23 10:22:42.500,1.33045,1.33085,3.40,4.90
2010.04.23 10:22:42.850,1.3305,1.33085,1.00,1.00
2010.04.23 10:22:43.471,1.3305,1.3309,1.80,4.70
2010.04.23 10:22:43.817,1.3305,1.33085,1.80,1.00
2010.04.23 10:22:44.842,1.3305,1.3309,1.80,2.30
2010.04.23 10:22:45.744,1.3305,1.33075,1.00,1.60
2010.04.23 10:22:45.992,1.33045,1.33075,2.80,1.60
2010.04.23 10:22:48.999,1.33045,1.3308,2.80,4.40
2010.04.23 10:22:51.600,1.33045,1.3308,1.00,4.40
2010.04.23 10:22:53.217,1.33045,1.3308,1.00,2.80
2010.04.23 10:22:59.887,1.33045,1.3308,1.00,4.40
2010.04.23 10:23:00.470,1.33045,1.3308,2.40,2.00
2010.04.23 10:23:00.669,1.3305,1.3308,1.00,1.60
2010.04.23 10:23:00.869,1.33045,1.33085,3.20,2.40
2010.04.23 10:23:01.563,1.3305,1.3309,3.20,2.40
2010.04.23 10:23:01.822,1.3305,1.3309,3.20,1.00
2010.04.23 10:23:03.018,1.33055,1.33095,1.60,3.50
2010.04.23 10:23:03.330,1.33055,1.33095,3.20,1.60
2010.04.23 10:23:03.598,1.33055,1.33095,1.60,1.60
2010.04.23 10:23:03.867,1.33055,1.33095,1.60,3.50
2010.04.23 10:23:06.437,1.33055,1.3309,1.60,1.60
2010.04.23 10:23:06.492,1.33055,1.3309,1.20,1.60
2010.04.23 10:23:06.594,1.3305,1.3309,2.80,3.10
2010.04.23 10:23:06.937,1.3305,1.33085,2.80,1.60
2010.04.23 10:23:09.069,1.3305,1.3308,1.00,2.20
2010.04.23 10:23:11.286,1.33045,1.3308,1.30,2.20
2010.04.23 10:23:11.538,1.33045,1.3308,1.00,2.20
2010.04.23 10:23:15.395,1.3304,1.33075,1.00,1.60
2010.04.23 10:23:22.049,1.3304,1.3308,1.20,4.20
2010.04.23 10:23:22.858,1.3304,1.33075,1.00,1.00
2010.04.23 10:23:23.066,1.33035,1.33075,1.60,3.00
2010.04.23 10:23:23.479,1.33035,1.33075,1.60,2.40
2010.04.23 10:23:23.793,1.33035,1.33075,1.60,1.00
2010.04.23 10:23:24.104,1.3304,1.3308,3.60,1.90
2010.04.23 10:23:24.416,1.33045,1.33085,1.80,3.50
2010.04.23 10:23:25.018,1.3305,1.3309,1.00,3.50
2010.04.23 10:23:25.279,1.3305,1.33085,1.00,1.90
2010.04.23 10:23:25.545,1.33045,1.33085,1.20,3.50
2010.04.23 10:23:25.891,1.33045,1.3308,1.00,1.00
2010.04.23 10:23:30.908,1.33045,1.3308,2.20,1.00
2010.04.23 10:23:32.268,1.33045,1.33085,3.00,1.90
2010.04.23 10:23:32.743,1.33045,1.3309,5.00,5.70
2010.04.23 10:23:32.953,1.33045,1.3309,2.80,4.40
2010.04.23 10:23:33.294,1.33045,1.33085,1.20,1.60
2010.04.23 10:23:33.759,1.33045,1.33085,1.00,2.70
2010.04.23 10:23:34.103,1.3304,1.3308,3.30,1.00
2010.04.23 10:23:35.778,1.3304,1.3308,3.20,1.00
2010.04.23 10:23:35.940,1.3304,1.3307,1.20,1.60
2010.04.23 10:23:36.265,1.3304,1.3307,1.00,1.60
2010.04.23 10:23:36.532,1.3303,1.3306,1.20,2.20
2010.04.23 10:23:36.793,1.3303,1.3306,1.00,2.20
2010.04.23 10:23:37.055,1.33025,1.3306,1.20,2.20
2010.04.23 10:23:38.943,1.3303,1.33065,1.00,2.40
2010.04.23 10:23:39.090,1.3303,1.33065,1.00,1.00
2010.04.23 10:23:39.228,1.3303,1.3307,1.60,4.20
2010.04.23 10:23:39.368,1.3303,1.3307,1.60,3.40
2010.04.23 10:23:39.709,1.3303,1.3307,3.20,2.20
2010.04.23 10:23:41.904,1.3303,1.3307,1.60,2.20
2010.04.23 10:23:41.926,1.3303,1.3307,1.60,3.00
2010.04.23 10:23:41.956,1.3303,1.3307,1.60,4.20
2010.04.23 10:23:47.116,1.3303,1.3307,1.20,4.00
2010.04.23 10:23:47.573,1.3302,1.33055,1.00,1.90
2010.04.23 10:23:47.738,1.33015,1.33055,1.00,4.20
2010.04.23 10:23:47.993,1.33015,1.3305,1.00,2.20
2010.04.23 10:23:48.238,1.3301,1.3305,3.40,3.00
2010.04.23 10:23:49.000,1.3301,1.33045,1.00,1.60
2010.04.23 10:23:49.087,1.33005,1.33045,3.20,2.20
2010.04.23 10:23:51.235,1.33005,1.33045,1.60,4.20
2010.04.23 10:23:53.155,1.33005,1.33045,1.20,5.80
2010.04.23 10:23:53.289,1.33005,1.3304,1.00,1.00
2010.04.23 10:23:56.802,1.33,1.33035,2.80,1.60
2010.04.23 10:23:56.977,1.33,1.33035,2.80,1.60
2010.04.23 10:23:57.143,1.33005,1.3304,1.00,2.80
2010.04.23 10:23:57.313,1.33005,1.3304,1.00,3.90
2010.04.23 10:23:57.482,1.33005,1.3304,1.00,3.50
2010.04.23 10:24:05.149,1.33005,1.3304,1.00,1.90
2010.04.23 10:24:05.239,1.33005,1.3304,1.00,1.00
2010.04.23 10:24:05.525,1.33005,1.33045,1.00,4.00
2010.04.23 10:24:05.926,1.33005,1.33045,3.20,1.90
2010.04.23 10:24:06.015,1.33015,1.3305,1.00,5.50
2010.04.23 10:24:06.181,1.33015,1.3305,1.00,5.10
2010.04.23 10:24:06.524,1.33015,1.3305,1.00,3.50
2010.04.23 10:24:09.911,1.3301,1.33045,1.20,1.60
2010.04.23 10:24:10.472,1.32995,1.33035,2.10,1.00
2010.04.23 10:24:10.670,1.32995,1.33035,2.90,1.00
2010.04.23 10:24:10.868,1.32995,1.3304,2.90,3.90
2010.04.23 10:24:11.348,1.33,1.3304,1.60,1.90
2010.04.23 10:24:11.697,1.32995,1.33035,1.60,1.00
2010.04.23 10:24:12.881,1.32995,1.33035,3.20,1.00
2010.04.23 10:24:13.103,1.33005,1.33035,1.00,1.00
2010.04.23 10:24:13.332,1.33005,1.3304,1.00,1.00
2010.04.23 10:24:14.029,1.3301,1.33045,1.20,1.00
2010.04.23 10:24:14.388,1.33005,1.33045,1.60,1.90
2010.04.23 10:24:17.370,1.33005,1.33045,1.60,1.90
2010.04.23 10:24:17.688,1.3301,1.33045,1.00,1.90
2010.04.23 10:24:34.520,1.3301,1.33045,1.00,1.00
2010.04.23 10:24:37.104,1.33015,1.33045,1.00,1.00
2010.04.23 10:24:39.802,1.33015,1.3305,1.00,3.50
2010.04.23 10:24:40.113,1.33015,1.3305,1.00,2.40
2010.04.23 10:24:40.491,1.33015,1.3305,1.00,1.00
2010.04.23 10:24:40.663,1.33015,1.33055,1.00,5.10
2010.04.23 10:24:41.005,1.33015,1.33055,1.00,3.50
2010.04.23 10:24:43.853,1.33015,1.33055,2.80,3.50
2010.04.23 10:24:43.982,1.3302,1.33055,2.40,1.10
2010.04.23 10:24:44.298,1.3302,1.33055,1.00,2.70
2010.04.23 10:24:44.444,1.3302,1.33055,1.00,3.50
2010.04.23 10:24:44.702,1.33015,1.33055,1.00,3.50
2010.04.23 10:24:45.892,1.3302,1.33055,1.00,3.50
2010.04.23 10:24:50.261,1.3302,1.33055,1.00,1.90
2010.04.23 10:24:50.420,1.3302,1.33055,1.00,1.00
2010.04.23 10:24:58.660,1.3302,1.33055,3.20,1.00
2010.04.23 10:24:58.931,1.33025,1.33065,1.60,2.30
2010.04.23 10:24:59.450,1.33025,1.3306,1.00,1.00
2010.04.23 10:25:01.358,1.33025,1.3306,1.20,1.00
2010.04.23 10:25:01.497,1.33025,1.33065,1.60,1.90
2010.04.23 10:25:02.442,1.33025,1.33065,4.00,1.90
2010.04.23 10:25:02.632,1.33035,1.3307,1.00,3.50
2010.04.23 10:25:03.928,1.3303,1.3307,1.60,4.00
2010.04.23 10:25:04.134,1.33025,1.3306,1.20,1.10
2010.04.23 10:25:04.340,1.33025,1.3306,1.00,3.20
2010.04.23 10:25:04.541,1.33025,1.3306,1.00,4.00
2010.04.23 10:25:04.738,1.3302,1.3306,1.20,4.00
2010.04.23 10:25:05.202,1.3302,1.3306,2.40,4.00
2010.04.23 10:25:05.557,1.33025,1.33065,1.00,3.50
2010.04.23 10:25:06.579,1.33025,1.33065,1.00,5.60
2010.04.23 10:25:07.328,1.33035,1.33065,1.00,4.00
2010.04.23 10:25:07.558,1.33045,1.33065,1.00,1.00
2010.04.23 10:25:07.788,1.3304,1.33075,2.00,1.00
2010.04.23 10:25:08.018,1.3305,1.3308,1.00,1.90
2010.04.23 10:25:08.249,1.33055,1.3309,1.00,1.00
2010.04.23 10:25:09.658,1.33055,1.3309,1.40,1.00
2010.04.23 10:25:12.524,1.33055,1.3309,3.00,1.00
2010.04.23 10:25:12.677,1.33065,1.3309,1.00,1.00
2010.04.23 10:25:12.831,1.33065,1.331,1.00,1.00
2010.04.23 10:25:13.598,1.33055,1.33095,3.50,1.90
2010.04.23 10:25:13.943,1.33055,1.33095,1.40,1.90
2010.04.23 10:25:14.288,1.33055,1.33095,1.00,1.90
2010.04.23 10:25:14.638,1.33055,1.3309,1.00,1.00
2010.04.23 10:25:15.040,1.33055,1.3309,1.00,1.00
2010.04.23 10:25:15.314,1.33065,1.33095,1.00,1.00
2010.04.23 10:25:15.580,1.3306,1.33105,1.20,2.30
2010.04.23 10:25:16.111,1.3306,1.331,1.20,1.10
2010.04.23 10:25:16.456,1.3306,1.331,1.20,1.90
2010.04.23 10:25:16.796,1.3306,1.331,2.00,1.90
2010.04.23 10:25:17.143,1.33065,1.33105,1.50,3.50
2010.04.23 10:25:19.876,1.3307,1.33105,1.00,3.50
2010.04.23 10:25:19.966,1.33075,1.33105,1.00,1.90
2010.04.23 10:25:20.054,1.33075,1.33105,1.00,1.00
2010.04.23 10:25:20.146,1.33075,1.33115,1.00,5.50
2010.04.23 10:25:20.235,1.33075,1.33115,1.00,3.90
2010.04.23 10:25:20.668,1.33075,1.33115,1.00,3.50
2010.04.23 10:25:21.358,1.33085,1.33115,1.00,1.00
2010.04.23 10:25:22.194,1.33085,1.3312,1.00,1.90
2010.04.23 10:25:24.842,1.33085,1.33115,1.00,1.00
2010.04.23 10:25:25.251,1.33085,1.33115,1.00,1.90
2010.04.23 10:25:27.203,1.3308,1.33115,1.60,3.50
2010.04.23 10:25:27.412,1.33085,1.33115,1.00,3.50
2010.04.23 10:25:28.943,1.33085,1.33115,1.00,1.00
2010.04.23 10:25:29.409,1.33085,1.33115,1.00,1.00
2010.04.23 10:25:30.151,1.33085,1.33125,1.60,1.90
2010.04.23 10:25:30.834,1.33085,1.3313,4.10,3.50
2010.04.23 10:25:31.322,1.3309,1.3313,1.20,1.00
2010.04.23 10:25:32.452,1.3309,1.3313,1.20,1.00
2010.04.23 10:25:32.795,1.33095,1.3313,1.00,1.00
2010.04.23 10:25:32.972,1.331,1.33135,1.00,1.90
2010.04.23 10:25:33.311,1.33095,1.33135,1.30,1.00
2010.04.23 10:25:34.024,1.33095,1.33135,1.30,3.50
2010.04.23 10:25:34.711,1.33095,1.33135,1.00,5.10
2010.04.23 10:25:37.437,1.33095,1.33135,1.00,3.50
2010.04.23 10:25:37.823,1.3309,1.33135,1.20,3.50
2010.04.23 10:25:41.361,1.3309,1.33135,1.20,3.90
2010.04.23 10:25:44.396,1.3309,1.3313,1.20,1.90
2010.04.23 10:25:44.889,1.3309,1.3313,2.00,1.90
2010.04.23 10:25:45.109,1.33085,1.3313,3.20,4.00
2010.04.23 10:25:45.247,1.33085,1.3313,1.60,4.00
2010.04.23 10:25:45.387,1.33085,1.33125,1.60,1.00
2010.04.23 10:25:51.048,1.33085,1.33125,1.60,2.40
2010.04.23 10:25:51.599,1.33085,1.33125,2.50,2.40
2010.04.23 10:25:51.727,1.33095,1.33125,1.00,1.00
2010.04.23 10:25:52.159,1.33085,1.33125,1.60,5.10
2010.04.23 10:25:52.456,1.33085,1.33125,1.00,5.10
2010.04.23 10:25:54.089,1.3308,1.3312,2.80,1.90
2010.04.23 10:25:54.879,1.33085,1.3312,1.00,1.90
2010.04.23 10:25:55.131,1.33085,1.3312,1.00,1.90
2010.04.23 10:25:55.379,1.33085,1.3312,1.00,1.90
2010.04.23 10:25:56.248,1.3308,1.3312,2.80,1.90
2010.04.23 10:25:56.606,1.3308,1.3312,1.00,4.00
2010.04.23 10:26:00.486,1.3308,1.3312,1.00,2.40
2010.04.23 10:26:00.787,1.3308,1.3312,1.00,1.90
2010.04.23 10:26:02.039,1.3308,1.3312,1.60,1.90
2010.04.23 10:26:02.295,1.33085,1.3312,1.00,1.90
2010.04.23 10:26:02.547,1.3308,1.3312,1.00,1.90
2010.04.23 10:26:03.068,1.3308,1.3312,2.80,1.90
2010.04.23 10:26:05.815,1.3308,1.3312,1.00,2.40
2010.04.23 10:26:06.594,1.33085,1.33125,1.00,7.60
2010.04.23 10:26:06.990,1.33085,1.33125,2.00,6.00
2010.04.23 10:26:07.329,1.33095,1.3313,2.60,1.00
2010.04.23 10:26:07.956,1.3309,1.3313,4.00,1.00
2010.04.23 10:26:08.306,1.331,1.33135,1.00,1.00
2010.04.23 10:26:08.657,1.331,1.3314,1.60,2.30
2010.04.23 10:26:11.721,1.331,1.3314,2.40,2.30
2010.04.23 10:26:11.941,1.33105,1.3314,1.00,1.20
2010.04.23 10:26:12.149,1.3311,1.33145,1.00,1.60
2010.04.23 10:26:12.348,1.331,1.3314,1.00,1.10
2010.04.23 10:26:12.807,1.331,1.3314,1.00,3.50
2010.04.23 10:26:13.163,1.331,1.33135,1.00,1.00
2010.04.23 10:26:14.170,1.331,1.3314,1.00,4.80
2010.04.23 10:26:14.491,1.33095,1.33135,2.30,1.90
2010.04.23 10:26:14.810,1.33095,1.33135,1.20,1.90
2010.04.23 10:26:15.738,1.331,1.33135,2.00,1.00
2010.04.23 10:26:16.087,1.331,1.3314,2.80,1.00
2010.04.23 10:26:16.712,1.33105,1.3314,1.00,1.00
2010.04.23 10:26:30.498,1.331,1.3314,2.80,1.00
2010.04.23 10:26:30.647,1.331,1.3314,1.00,1.90
2010.04.23 10:26:37.617,1.331,1.33135,1.00,1.60
2010.04.23 10:26:37.969,1.33095,1.3313,1.20,1.00
2010.04.23 10:26:38.258,1.33095,1.3313,1.00,1.00
2010.04.23 10:26:39.364,1.33095,1.33135,1.00,5.50
2010.04.23 10:26:39.709,1.33095,1.33135,1.00,6.30
2010.04.23 10:26:39.875,1.33095,1.33135,1.20,5.50
2010.04.23 10:26:40.405,1.33095,1.3313,1.20,1.60
2010.04.23 10:26:40.579,1.33095,1.33125,1.00,1.60
2010.04.23 10:26:40.749,1.3309,1.33125,1.00,2.40
2010.04.23 10:26:41.372,1.33085,1.33125,3.20,2.80
2010.04.23 10:26:43.383,1.3309,1.33125,1.00,2.80
2010.04.23 10:26:43.727,1.3309,1.33125,1.60,1.00
2010.04.23 10:26:44.081,1.3309,1.3313,2.00,2.30
2010.04.23 10:26:44.423,1.3309,1.3313,1.60,2.30
2010.04.23 10:26:44.993,1.3309,1.33125,1.60,1.60
2010.04.23 10:26:45.354,1.3309,1.33125,2.00,1.60
2010.04.23 10:26:45.602,1.3309,1.3313,1.60,2.30
2010.04.23 10:26:47.628,1.33095,1.3313,1.00,1.20
2010.04.23 10:26:47.740,1.33095,1.33135,1.60,3.90
2010.04.23 10:26:49.672,1.33095,1.33135,1.60,4.40
2010.04.23 10:26:50.127,1.33095,1.33135,1.20,3.90
2010.04.23 10:26:50.585,1.33095,1.3313,1.20,1.00
2010.04.23 10:26:53.881,1.3309,1.33125,1.00,1.60
2010.04.23 10:26:54.111,1.3309,1.33125,1.00,2.00
2010.04.23 10:26:57.410,1.3309,1.3312,1.00,2.20
2010.04.23 10:26:57.729,1.3309,1.33115,1.00,1.60
2010.04.23 10:26:57.810,1.3309,1.3312,1.00,1.00
2010.04.23 10:26:57.970,1.3309,1.33125,2.80,3.20
2010.04.23 10:26:58.309,1.3309,1.33125,2.80,1.60
2010.04.23 10:26:59.799,1.3309,1.33125,2.80,2.00
2010.04.23 10:27:00.649,1.3309,1.33125,2.80,1.60
2010.04.23 10:27:01.475,1.3309,1.33125,2.80,2.00
2010.04.23 10:27:02.157,1.3309,1.33125,2.80,1.60
2010.04.23 10:27:02.871,1.3309,1.3313,2.80,3.20
2010.04.23 10:27:03.503,1.3309,1.33125,2.80,1.60
2010.04.23 10:27:03.732,1.3309,1.3313,2.80,2.80
2010.04.23 10:27:05.656,1.3309,1.3313,2.80,3.20
2010.04.23 10:27:07.336,1.3309,1.3313,2.80,2.80
2010.04.23 10:27:07.465,1.3309,1.3313,2.80,3.20
2010.04.23 10:27:08.686,1.3309,1.3313,2.80,2.80
2010.04.23 10:27:08.916,1.3309,1.3313,2.80,3.20
2010.04.23 10:27:12.287,1.3309,1.33125,2.80,1.00
2010.04.23 10:27:18.222,1.3309,1.33125,1.00,1.00
2010.04.23 10:27:18.405,1.33085,1.33125,3.80,1.00
2010.04.23 10:27:27.802,1.33085,1.33125,3.80,2.00
2010.04.23 10:27:30.946,1.33085,1.33125,1.20,5.50
2010.04.23 10:27:31.297,1.33085,1.3312,1.00,1.10
2010.04.23 10:27:31.491,1.3308,1.3312,1.60,1.50
2010.04.23 10:27:31.686,1.3308,1.3312,1.60,3.90
2010.04.23 10:27:31.884,1.3308,1.33115,1.20,2.00
2010.04.23 10:27:32.350,1.3308,1.33115,1.20,1.00
2010.04.23 10:27:35.399,1.3308,1.33115,1.60,1.00
2010.04.23 10:27:35.790,1.3308,1.3312,1.60,2.30
2010.04.23 10:27:43.729,1.3308,1.3312,3.20,2.30
2010.04.23 10:27:44.121,1.3308,1.3312,1.60,2.30
2010.04.23 10:27:44.813,1.3308,1.3312,2.50,2.30
2010.04.23 10:27:45.166,1.33085,1.3312,1.00,2.30
2010.04.23 10:27:45.774,1.3308,1.3312,2.50,2.30
2010.04.23 10:27:45.828,1.33085,1.33125,1.20,3.50
2010.04.23 10:27:47.962,1.33085,1.33125,3.20,1.00
2010.04.23 10:27:48.181,1.3309,1.33125,1.00,1.00
2010.04.23 10:27:48.818,1.33085,1.33125,1.30,1.90
2010.04.23 10:27:53.037,1.33085,1.33125,2.10,1.90
2010.04.23 10:27:53.174,1.33085,1.33125,5.70,1.00
2010.04.23 10:27:53.314,1.3309,1.33125,1.00,1.00
2010.04.23 10:27:53.452,1.33085,1.33125,3.30,1.00
2010.04.23 10:27:54.209,1.33085,1.33125,3.20,1.00
2010.04.23 10:27:54.887,1.33085,1.33125,4.90,1.00
2010.04.23 10:27:55.227,1.3309,1.33125,1.00,1.00
2010.04.23 10:27:57.155,1.3309,1.3313,1.60,1.00
2010.04.23 10:27:57.705,1.33095,1.33135,1.00,1.90
2010.04.23 10:27:57.879,1.33095,1.33135,1.20,1.90
2010.04.23 10:28:04.544,1.331,1.33135,1.00,1.90
2010.04.23 10:28:07.755,1.33095,1.33135,1.20,1.90
2010.04.23 10:28:08.083,1.33095,1.33125,1.00,1.60
2010.04.23 10:28:08.562,1.33095,1.3313,1.00,1.10
2010.04.23 10:28:08.905,1.3309,1.3313,1.60,1.90
2010.04.23 10:28:09.838,1.33095,1.3313,1.00,1.90
2010.04.23 10:28:12.172,1.33095,1.3313,1.00,1.00
2010.04.23 10:28:12.434,1.33095,1.33135,2.80,1.90
2010.04.23 10:28:15.250,1.331,1.33135,1.00,1.90
2010.04.23 10:28:15.373,1.331,1.33135,3.20,1.10
2010.04.23 10:28:15.493,1.33105,1.3314,1.00,1.90
2010.04.23 10:28:15.612,1.33105,1.3314,1.00,1.00
2010.04.23 10:28:15.972,1.3311,1.3314,1.00,1.00
2010.04.23 10:28:16.105,1.331,1.3314,1.00,2.70
2010.04.23 10:28:16.297,1.33095,1.33135,1.00,1.00
2010.04.23 10:28:16.891,1.3309,1.3313,3.30,1.00
2010.04.23 10:28:19.822,1.33095,1.3313,1.00,1.00
2010.04.23 10:28:20.264,1.33095,1.33135,1.00,1.90
2010.04.23 10:28:21.069,1.33095,1.33135,1.00,1.90
2010.04.23 10:28:23.670,1.3309,1.33135,2.80,4.10
2010.04.23 10:28:23.911,1.3309,1.3313,3.30,1.00
2010.04.23 10:28:26.807,1.33095,1.3313,1.00,1.00
2010.04.23 10:28:26.988,1.33095,1.3313,1.00,1.00
2010.04.23 10:28:35.466,1.33095,1.3313,1.00,1.00
2010.04.23 10:28:35.616,1.3309,1.3313,2.80,1.00
2010.04.23 10:28:36.329,1.3309,1.3313,1.20,1.00
2010.04.23 10:28:36.597,1.3309,1.3313,1.20,3.50
2010.04.23 10:28:36.868,1.3309,1.3313,1.00,3.50
2010.04.23 10:28:37.134,1.3308,1.33125,3.70,3.50
2010.04.23 10:28:37.652,1.3308,1.33125,3.30,3.50
2010.04.23 10:28:48.642,1.33085,1.33125,1.60,4.00
2010.04.23 10:28:48.896,1.33085,1.33125,2.20,3.50
2010.04.23 10:28:49.447,1.33085,1.3312,1.00,1.60
2010.04.23 10:28:49.702,1.3308,1.3312,1.00,3.50
2010.04.23 10:28:52.542,1.3308,1.3312,1.50,3.50
2010.04.23 10:28:52.734,1.33085,1.3312,2.20,1.90
2010.04.23 10:28:53.080,1.33085,1.3312,2.20,1.00
2010.04.23 10:28:53.396,1.3308,1.33125,3.30,1.90
2010.04.23 10:28:53.705,1.3308,1.33125,3.30,3.50
2010.04.23 10:28:54.043,1.3308,1.3312,3.30,1.00
2010.04.23 10:28:55.622,1.3308,1.3312,3.20,1.00
2010.04.23 10:28:55.862,1.3308,1.3312,2.80,1.00
2010.04.23 10:28:56.217,1.3308,1.3312,1.00,3.50
2010.04.23 10:28:58.350,1.3308,1.33115,1.00,2.70
2010.04.23 10:28:58.541,1.3307,1.33115,3.30,3.50
2010.04.23 10:28:59.893,1.33075,1.3311,2.20,3.50
2010.04.23 10:29:01.251,1.33075,1.3311,2.20,1.00
2010.04.23 10:29:02.471,1.3308,1.3311,1.00,1.00
2010.04.23 10:29:02.632,1.33075,1.3311,2.20,1.00
2010.04.23 10:29:02.790,1.33075,1.33115,2.20,1.90
2010.04.23 10:29:03.464,1.33075,1.33105,1.00,2.70
2010.04.23 10:29:03.697,1.3307,1.331,1.00,1.00
2010.04.23 10:29:03.920,1.3306,1.331,4.80,1.90
2010.04.23 10:29:05.268,1.3306,1.331,4.90,1.90
2010.04.23 10:29:06.426,1.3306,1.331,4.80,1.90
2010.04.23 10:29:06.579,1.3306,1.331,4.40,2.40
2010.04.23 10:29:07.163,1.33055,1.331,3.30,4.00
2010.04.23 10:29:07.461,1.33055,1.33095,3.30,1.00
2010.04.23 10:29:08.038,1.33055,1.33095,3.20,1.00
2010.04.23 10:29:09.797,1.33055,1.33095,3.30,1.00
2010.04.23 10:29:13.877,1.33055,1.33095,3.20,1.00
2010.04.23 10:29:14.000,1.33055,1.3309,1.20,1.00
2010.04.23 10:29:14.118,1.3305,1.3309,3.20,1.00
2010.04.23 10:29:14.667,1.3305,1.3309,3.20,2.40
2010.04.23 10:29:16.532,1.3305,1.3309,3.20,1.20
2010.04.23 10:29:16.641,1.3305,1.3309,3.20,1.00
2010.04.23 10:29:16.747,1.33055,1.33095,1.00,3.50
2010.04.23 10:29:28.105,1.33055,1.33095,2.10,3.50
2010.04.23 10:29:28.182,1.33055,1.33095,2.50,3.50
2010.04.23 10:29:28.265,1.3306,1.33095,1.00,3.50
2010.04.23 10:29:32.133,1.3306,1.33095,1.30,2.70
2010.04.23 10:29:32.263,1.33065,1.331,1.00,3.50
2010.04.23 10:29:32.603,1.3306,1.331,1.20,4.00
2010.04.23 10:29:32.745,1.3306,1.331,1.60,1.20
2010.04.23 10:29:34.513,1.3306,1.331,1.20,4.00
2010.04.23 10:29:34.733,1.3306,1.3309,1.00,1.00
2010.04.23 10:29:35.332,1.33055,1.33095,1.00,1.90
2010.04.23 10:29:35.853,1.33055,1.33095,1.00,3.50
2010.04.23 10:29:41.530,1.3306,1.33095,1.00,3.50
2010.04.23 10:29:42.740,1.3306,1.33095,1.00,1.90
2010.04.23 10:29:48.060,1.3306,1.331,1.60,2.40
2010.04.23 10:29:54.866,1.3306,1.331,2.40,2.40
2010.04.23 10:29:55.211,1.3307,1.331,1.00,1.00
2010.04.23 10:29:55.551,1.33075,1.3311,1.00,1.90
2010.04.23 10:29:55.866,1.3307,1.3311,1.00,2.40
2010.04.23 10:29:56.164,1.3307,1.3311,1.00,4.00
2010.04.23 10:29:56.459,1.3307,1.33105,1.00,1.00
2010.04.23 10:30:01.350,1.33065,1.33105,3.20,1.00
2010.04.23 10:30:03.428,1.33065,1.33105,2.00,3.50
2010.04.23 10:30:05.419,1.3307,1.33105,1.00,3.50
2010.04.23 10:30:06.614,1.3307,1.33105,1.00,1.00
2010.04.23 10:30:08.373,1.3307,1.3311,1.20,2.40
2010.04.23 10:30:10.085,1.33075,1.3311,2.00,1.90
2010.04.23 10:30:10.427,1.33075,1.33115,2.00,3.50
2010.04.23 10:30:13.686,1.3308,1.33115,1.00,3.50
2010.04.23 10:30:17.320,1.33075,1.33115,1.00,5.60
2010.04.23 10:30:17.615,1.33075,1.33115,2.00,4.40
2010.04.23 10:30:17.898,1.3307,1.33105,1.00,4.70
2010.04.23 10:30:18.338,1.33065,1.33105,1.00,3.90
2010.04.23 10:30:18.620,1.33065,1.331,1.00,2.50
2010.04.23 10:30:18.967,1.33065,1.331,1.00,1.00
2010.04.23 10:30:19.314,1.3306,1.331,5.60,1.00
2010.04.23 10:30:19.794,1.33065,1.331,1.00,1.00
2010.04.23 10:30:20.048,1.33065,1.33105,3.20,1.00
2010.04.23 10:30:20.544,1.33065,1.3311,3.20,3.50
2010.04.23 10:30:21.372,1.33075,1.33115,1.60,1.00
2010.04.23 10:30:21.810,1.33085,1.33115,1.60,1.00
2010.04.23 10:30:22.275,1.33085,1.33125,1.60,4.20
2010.04.23 10:30:22.629,1.33085,1.33125,1.20,4.20
2010.04.23 10:30:22.977,1.33085,1.33125,1.00,4.20
2010.04.23 10:30:23.331,1.3308,1.33115,1.00,1.60
2010.04.23 10:30:23.693,1.33075,1.33115,1.00,2.40
2010.04.23 10:30:24.036,1.33075,1.33115,2.00,1.00
2010.04.23 10:30:24.383,1.33075,1.33115,2.80,1.00
2010.04.23 10:30:24.729,1.33075,1.3311,2.40,1.60
2010.04.23 10:30:25.082,1.33075,1.3311,1.00,1.00
2010.04.23 10:30:25.624,1.33075,1.33115,1.60,5.10
2010.04.23 10:30:26.614,1.33075,1.3311,1.00,2.00
2010.04.23 10:30:26.921,1.3307,1.3311,2.80,4.00
2010.04.23 10:30:27.487,1.3307,1.3311,3.20,1.90
2010.04.23 10:30:27.734,1.3307,1.3311,5.60,1.90
2010.04.23 10:30:30.058,1.3307,1.3311,5.70,1.90
2010.04.23 10:30:33.318,1.3307,1.3311,1.00,4.00
2010.04.23 10:30:33.779,1.3307,1.33105,1.00,1.60
2010.04.23 10:30:34.013,1.33075,1.33105,1.00,1.60
2010.04.23 10:30:34.239,1.3307,1.33105,1.20,1.60
2010.04.23 10:30:34.711,1.33075,1.33105,1.00,1.60
2010.04.23 10:30:35.220,1.33075,1.3311,3.60,8.40
2010.04.23 10:30:35.572,1.33075,1.33115,2.40,2.80
2010.04.23 10:30:35.921,1.33075,1.33115,1.60,4.00
2010.04.23 10:30:36.150,1.33075,1.33115,2.00,3.50
2010.04.23 10:30:37.770,1.33075,1.33115,1.20,3.60
2010.04.23 10:30:38.197,1.33075,1.3311,1.00,4.80
2010.04.23 10:30:38.503,1.3307,1.33105,1.10,1.60
2010.04.23 10:30:41.445,1.3307,1.33105,3.10,1.60
2010.04.23 10:30:41.755,1.3307,1.33105,2.80,1.60
2010.04.23 10:30:44.076,1.3307,1.331,1.00,1.00
2010.04.23 10:30:44.251,1.33065,1.33105,3.00,2.40
2010.04.23 10:30:44.428,1.33065,1.331,2.20,1.10
2010.04.23 10:30:44.926,1.33065,1.33105,4.00,1.60
2010.04.23 10:30:45.274,1.33075,1.3311,1.00,2.40
2010.04.23 10:30:45.619,1.3307,1.3311,2.40,2.40
2010.04.23 10:30:48.325,1.33075,1.3311,1.60,1.20
2010.04.23 10:30:48.458,1.33075,1.33115,2.40,1.90
2010.04.23 10:30:49.016,1.33075,1.33115,1.60,1.90
2010.04.23 10:30:49.146,1.33075,1.33115,2.40,1.90
2010.04.23 10:30:49.274,1.33075,1.33115,1.60,1.90
2010.04.23 10:30:49.619,1.3307,1.33105,1.00,1.00
2010.04.23 10:30:49.976,1.3307,1.33105,1.60,1.00
2010.04.23 10:30:50.316,1.3307,1.3311,4.00,1.20
2010.04.23 10:30:50.654,1.3307,1.3311,3.60,1.20
2010.04.23 10:30:52.359,1.33065,1.331,1.00,1.20
2010.04.23 10:30:52.496,1.33065,1.331,1.30,1.00
2010.04.23 10:30:52.628,1.3306,1.331,4.00,1.00
2010.04.23 10:30:53.057,1.3306,1.331,4.00,3.20
2010.04.23 10:30:53.183,1.3306,1.331,4.00,1.20
2010.04.23 10:30:53.315,1.33065,1.331,1.20,1.20
2010.04.23 10:30:53.444,1.33065,1.33105,1.20,2.40
2010.04.23 10:30:53.996,1.33065,1.33105,2.00,1.20
2010.04.23 10:30:55.355,1.33065,1.33105,1.20,2.80
2010.04.23 10:30:55.494,1.33065,1.33105,2.00,2.40
2010.04.23 10:30:57.352,1.3307,1.33105,1.00,2.40
2010.04.23 10:30:57.585,1.3307,1.3311,1.20,5.60
2010.04.23 10:30:58.394,1.3307,1.3311,2.00,5.60
2010.04.23 10:30:58.822,1.3307,1.3311,1.20,5.60
2010.04.23 10:30:58.901,1.3307,1.33105,1.00,1.00
2010.04.23 10:30:58.981,1.3307,1.33105,1.00,1.60
2010.04.23 10:30:59.222,1.33065,1.33105,1.20,2.40
2010.04.23 10:30:59.303,1.33065,1.33105,1.20,4.00
2010.04.23 10:30:59.382,1.33065,1.331,1.20,1.00
2010.04.23 10:31:00.881,1.3306,1.331,4.00,1.20
2010.04.23 10:31:01.393,1.33065,1.331,1.00,1.20
2010.04.23 10:31:01.565,1.33065,1.331,1.00,1.00
2010.04.23 10:31:01.894,1.33065,1.331,1.20,1.00
2010.04.23 10:31:02.182,1.33065,1.33105,2.00,1.20
2010.04.23 10:31:03.041,1.3306,1.33105,4.10,4.00
2010.04.23 10:31:03.621,1.3306,1.331,1.20,2.70
2010.04.23 10:31:03.923,1.3306,1.331,1.20,3.20
2010.04.23 10:31:04.125,1.3306,1.331,1.20,4.00
2010.04.23 10:31:05.861,1.3306,1.331,1.20,4.10
2010.04.23 10:31:06.125,1.3305,1.3309,2.20,4.00
2010.04.23 10:31:06.510,1.3305,1.3309,1.60,4.00
2010.04.23 10:31:09.447,1.3305,1.3309,1.60,2.40
2010.04.23 10:31:14.378,1.3305,1.3309,1.20,4.00
2010.04.23 10:31:14.687,1.3305,1.33085,1.00,1.00
2010.04.23 10:31:15.478,1.3305,1.3309,1.60,2.40
2010.04.23 10:31:20.595,1.33055,1.3309,1.20,1.90
2010.04.23 10:31:20.915,1.33055,1.3309,1.20,1.00
2010.04.23 10:31:21.075,1.33055,1.3309,2.80,1.00
2010.04.23 10:31:21.655,1.33055,1.33095,3.60,2.40
2010.04.23 10:31:23.139,1.33055,1.3309,3.60,1.10
2010.04.23 10:31:23.487,1.3305,1.33085,1.20,1.10
2010.04.23 10:31:23.641,1.3305,1.33085,1.00,1.60
2010.04.23 10:31:23.940,1.33045,1.33085,2.00,2.40
2010.04.23 10:31:24.463,1.33055,1.33085,1.20,1.90
2010.04.23 10:31:24.808,1.33055,1.33085,2.00,1.10
2010.04.23 10:31:25.145,1.33055,1.33095,2.40,1.90
2010.04.23 10:31:26.179,1.33065,1.33095,1.00,1.90
2010.04.23 10:31:26.493,1.3306,1.33095,2.00,1.00
2010.04.23 10:31:26.801,1.3306,1.331,2.40,2.70
2010.04.23 10:31:27.149,1.3306,1.331,2.40,3.50
2010.04.23 10:31:30.763,1.3306,1.331,2.40,1.90
2010.04.23 10:31:33.021,1.3306,1.331,2.50,1.90
2010.04.23 10:31:34.475,1.3306,1.33095,2.10,1.10
2010.04.23 10:31:34.592,1.3306,1.33095,1.00,1.10
2010.04.23 10:31:35.251,1.3306,1.33095,1.20,1.20
2010.04.23 10:31:35.595,1.3306,1.33095,1.60,1.00
2010.04.23 10:31:35.935,1.3306,1.33095,2.40,1.00
2010.04.23 10:31:36.266,1.3306,1.33095,4.00,1.00
2010.04.23 10:31:36.923,1.3306,1.33105,4.00,3.90
2010.04.23 10:31:37.113,1.3306,1.33105,4.00,3.50
2010.04.23 10:31:39.231,1.33065,1.33105,1.00,2.40
2010.04.23 10:31:39.361,1.33065,1.33105,1.20,1.00
2010.04.23 10:31:40.532,1.33065,1.33105,1.00,3.50
2010.04.23 10:31:40.721,1.3306,1.33105,4.00,3.50
2010.04.23 10:31:40.911,1.3306,1.33105,4.10,3.50
2010.04.23 10:31:49.769,1.33065,1.33105,1.00,3.50
2010.04.23 10:31:49.919,1.3307,1.33105,1.00,1.00
2010.04.23 10:31:50.586,1.33075,1.3311,1.00,1.00
2010.04.23 10:31:50.815,1.3308,1.33115,1.00,1.90
2010.04.23 10:31:51.641,1.33075,1.33115,1.20,2.60
2010.04.23 10:31:51.979,1.33075,1.33115,1.00,1.40
2010.04.23 10:31:52.320,1.3307,1.3311,1.20,3.00
2010.04.23 10:31:52.787,1.3308,1.3311,1.00,1.00
2010.04.23 10:31:53.135,1.3308,1.33115,1.00,1.00
2010.04.23 10:31:53.753,1.3308,1.33115,1.20,1.00
2010.04.23 10:31:54.067,1.3308,1.3312,2.00,1.00
2010.04.23 10:31:54.379,1.3308,1.3312,1.60,1.00
2010.04.23 10:31:55.697,1.3308,1.3312,1.00,1.00
2010.04.23 10:31:56.163,1.3308,1.3312,1.00,1.30
2010.04.23 10:31:56.512,1.33075,1.33115,1.60,1.00
2010.04.23 10:32:02.926,1.3308,1.33115,1.00,1.00
2010.04.23 10:32:03.210,1.33075,1.33115,1.60,1.00
2010.04.23 10:32:03.812,1.33075,1.33115,1.00,1.00
2010.04.23 10:32:04.101,1.33075,1.33115,1.00,1.40
2010.04.23 10:32:05.723,1.3307,1.3311,2.10,1.00
2010.04.23 10:32:07.119,1.3307,1.3311,2.20,1.00
2010.04.23 10:32:07.439,1.33075,1.3311,1.60,1.00
2010.04.23 10:32:07.762,1.3308,1.3311,1.20,1.00
2010.04.23 10:32:08.363,1.3308,1.33125,2.00,3.00
2010.04.23 10:32:08.718,1.33085,1.33115,1.00,2.20
2010.04.23 10:32:09.066,1.3308,1.33125,1.60,3.00
2010.04.23 10:32:09.790,1.33085,1.33125,1.00,3.00
2010.04.23 10:32:12.753,1.33085,1.33125,1.60,3.00
2010.04.23 10:32:12.894,1.33085,1.33125,1.20,3.00
2010.04.23 10:32:13.033,1.33085,1.33125,1.00,3.00
2010.04.23 10:32:13.606,1.33085,1.33125,2.10,3.00
2010.04.23 10:32:14.130,1.3309,1.3313,1.00,1.00
2010.04.23 10:32:14.401,1.33095,1.33135,2.90,1.40
2010.04.23 10:32:15.156,1.33095,1.33135,3.70,1.40
2010.04.23 10:32:16.436,1.33095,1.3313,1.20,1.60
2010.04.23 10:32:16.824,1.33095,1.3313,1.20,9.60
2010.04.23 10:32:17.071,1.3308,1.33115,1.00,2.20
2010.04.23 10:32:17.820,1.33075,1.33115,3.10,1.00
2010.04.23 10:32:18.168,1.33085,1.33115,1.00,1.00
2010.04.23 10:32:18.517,1.33085,1.33115,3.00,1.00
2010.04.23 10:32:18.865,1.33085,1.3312,3.00,1.00
2010.04.23 10:32:20.142,1.33085,1.3312,3.10,1.00
2010.04.23 10:32:20.635,1.33085,1.33125,3.10,1.40
2010.04.23 10:32:21.770,1.3309,1.33125,1.00,1.00
2010.04.23 10:32:25.216,1.3309,1.33125,1.00,1.00
2010.04.23 10:32:28.330,1.33085,1.33125,1.00,1.00
2010.04.23 10:32:28.590,1.3308,1.33125,2.10,1.00
2010.04.23 10:32:32.529,1.3308,1.33125,1.20,1.00
2010.04.23 10:32:32.762,1.3308,1.3312,1.00,1.00
2010.04.23 10:32:32.989,1.3308,1.3312,1.00,1.40
2010.04.23 10:32:35.421,1.3308,1.3311,1.00,1.00
2010.04.23 10:32:35.760,1.33075,1.3311,1.00,1.00
2010.04.23 10:32:37.138,1.3307,1.3311,2.10,1.00
2010.04.23 10:32:40.476,1.33075,1.3311,1.00,1.00
2010.04.23 10:32:40.802,1.3308,1.33115,1.30,1.00
2010.04.23 10:32:41.408,1.3308,1.3312,2.10,1.00
2010.04.23 10:32:42.036,1.3308,1.3312,2.00,1.00
2010.04.23 10:32:43.367,1.33085,1.33125,1.20,2.40
2010.04.23 10:32:43.538,1.33085,1.33125,2.00,1.00
2010.04.23 10:32:47.010,1.33085,1.33125,2.10,1.00
2010.04.23 10:32:50.714,1.33085,1.3312,2.10,2.80
2010.04.23 10:32:52.075,1.33085,1.3312,2.50,2.80
2010.04.23 10:33:00.952,1.3309,1.3312,1.00,2.80
2010.04.23 10:33:01.114,1.3309,1.3312,1.30,2.40
2010.04.23 10:33:01.277,1.3309,1.3312,1.20,2.80
2010.04.23 10:33:05.191,1.3309,1.3312,1.20,2.00
2010.04.23 10:33:06.662,1.3309,1.3312,2.00,2.00
2010.04.23 10:33:07.068,1.33095,1.3312,1.20,1.60
2010.04.23 10:33:07.300,1.331,1.33125,1.00,2.40
2010.04.23 10:33:07.528,1.331,1.3313,1.70,2.80
2010.04.23 10:33:07.744,1.331,1.3313,2.50,2.40
2010.04.23 10:33:07.963,1.331,1.33135,2.50,3.60
2010.04.23 10:33:10.889,1.331,1.33135,2.50,3.50
2010.04.23 10:33:11.049,1.331,1.33135,2.50,3.30
2010.04.23 10:33:13.399,1.33105,1.33135,1.00,3.30
2010.04.23 10:33:13.632,1.33105,1.33135,2.10,3.00
2010.04.23 10:33:14.179,1.3311,1.3314,1.30,1.00
2010.04.23 10:33:14.432,1.3311,1.33145,1.30,3.60
2010.04.23 10:33:14.689,1.3311,1.33145,1.30,2.80
2010.04.23 10:33:15.372,1.3311,1.33145,2.90,2.80
2010.04.23 10:33:15.719,1.3312,1.33145,1.60,2.40
2010.04.23 10:33:16.007,1.3312,1.3315,1.00,2.80
2010.04.23 10:33:16.286,1.33115,1.3315,1.00,2.80
2010.04.23 10:33:16.786,1.3311,1.3314,1.00,2.00
2010.04.23 10:33:17.145,1.3311,1.33145,1.00,3.60
2010.04.23 10:33:17.833,1.33105,1.3314,2.40,1.00
2010.04.23 10:33:18.396,1.33105,1.3314,1.20,1.00
2010.04.23 10:33:18.703,1.33105,1.3314,1.00,2.80
2010.04.23 10:33:19.014,1.331,1.33135,2.00,1.00
2010.04.23 10:33:19.312,1.331,1.3314,2.00,3.20
2010.04.23 10:33:19.856,1.331,1.3314,2.00,2.80
2010.04.23 10:33:20.820,1.33105,1.3314,1.20,2.40
2010.04.23 10:33:21.158,1.33105,1.3314,1.20,1.20
2010.04.23 10:33:22.171,1.33105,1.3314,1.20,1.00
2010.04.23 10:33:22.451,1.331,1.3314,2.00,2.40
2010.04.23 10:33:22.740,1.331,1.3314,1.60,3.50
2010.04.23 10:33:28.206,1.331,1.3314,1.60,3.50
2010.04.23 10:33:28.386,1.331,1.3314,1.60,3.50
2010.04.23 10:33:29.445,1.331,1.3314,1.60,3.90
2010.04.23 10:33:29.797,1.331,1.3314,1.00,3.90
2010.04.23 10:33:30.142,1.33095,1.3313,1.20,1.00
2010.04.23 10:33:30.490,1.3309,1.3313,2.00,1.00
2010.04.23 10:33:31.306,1.3309,1.3313,1.00,4.00
2010.04.23 10:33:32.839,1.33085,1.33125,2.40,1.90
2010.04.23 10:33:33.155,1.33085,1.33125,2.40,2.30
2010.04.23 10:33:47.340,1.33085,1.33125,2.40,2.70
2010.04.23 10:33:47.981,1.33085,1.33125,2.40,2.30
2010.04.23 10:33:48.232,1.33085,1.33125,2.40,2.70
2010.04.23 10:33:49.750,1.33085,1.33125,2.40,2.30
2010.04.23 10:33:51.385,1.33085,1.33125,2.40,2.70
2010.04.23 10:33:52.739,1.33085,1.33125,2.40,2.30
2010.04.23 10:33:58.226,1.33085,1.3312,2.00,1.10
2010.04.23 10:33:58.374,1.33085,1.3312,1.20,1.90
2010.04.23 10:34:01.796,1.33085,1.3312,1.20,3.50
2010.04.23 10:34:04.867,1.33085,1.3312,1.00,3.50
2010.04.23 10:34:05.008,1.3308,1.33115,1.00,1.00
2010.04.23 10:34:05.147,1.3308,1.33115,1.00,2.40
2010.04.23 10:34:05.296,1.3308,1.33115,1.00,1.00
2010.04.23 10:34:08.117,1.33075,1.33115,4.10,1.00
2010.04.23 10:34:08.447,1.33075,1.33115,4.00,1.00
2010.04.23 10:34:08.537,1.33075,1.33115,2.00,3.50
2010.04.23 10:34:08.907,1.33075,1.33115,2.00,3.90
2010.04.23 10:34:09.174,1.3307,1.3311,1.60,2.70
2010.04.23 10:34:09.437,1.3307,1.3311,1.60,3.90
2010.04.23 10:34:09.703,1.3307,1.33105,1.00,1.10
2010.04.23 10:34:10.011,1.3307,1.33105,1.00,2.70
2010.04.23 10:34:10.362,1.33065,1.33105,1.20,3.50
2010.04.23 10:34:10.705,1.33065,1.33105,1.20,3.90
2010.04.23 10:34:11.048,1.3307,1.33105,2.40,3.90
2010.04.23 10:34:11.388,1.3307,1.33105,3.00,3.90
2010.04.23 10:34:12.276,1.3307,1.33105,3.00,1.90
2010.04.23 10:34:14.535,1.3307,1.33105,3.10,1.90
2010.04.23 10:34:18.360,1.3307,1.33105,1.00,3.50
2010.04.23 10:34:18.488,1.3307,1.33105,1.00,3.50
2010.04.23 10:34:18.759,1.33065,1.331,1.00,3.20
2010.04.23 10:34:19.026,1.3306,1.331,3.10,4.00
2010.04.23 10:34:20.264,1.3306,1.331,3.00,4.00
2010.04.23 10:34:22.527,1.3306,1.33095,3.00,1.00
2010.04.23 10:34:26.621,1.3306,1.33095,3.40,1.00
2010.04.23 10:34:26.841,1.3306,1.331,4.20,4.00
2010.04.23 10:34:27.386,1.33065,1.331,1.00,3.50
2010.04.23 10:34:27.984,1.3306,1.33095,3.00,1.90
2010.04.23 10:34:30.689,1.3306,1.33095,2.20,1.90
2010.04.23 10:34:32.727,1.33055,1.3309,1.20,1.00
2010.04.23 10:34:32.923,1.33055,1.3309,1.00,1.00
2010.04.23 10:34:33.849,1.33055,1.33095,1.20,4.30
2010.04.23 10:34:34.195,1.33055,1.33095,2.40,1.90
2010.04.23 10:34:36.928,1.33055,1.33095,2.50,1.90
2010.04.23 10:34:55.564,1.33055,1.3309,2.10,1.10
2010.04.23 10:34:55.835,1.33055,1.3309,1.00,1.10
2010.04.23 10:34:56.399,1.33055,1.3309,2.20,2.40
2010.04.23 10:34:56.665,1.33055,1.3309,2.20,1.00
2010.04.23 10:35:15.789,1.33055,1.33095,2.20,4.00
2010.04.23 10:35:16.079,1.33055,1.33095,2.20,2.40
2010.04.23 10:35:16.820,1.33055,1.33095,3.90,2.40
2010.04.23 10:35:17.327,1.33055,1.33095,4.30,1.90
2010.04.23 10:35:18.069,1.33055,1.33095,3.40,1.90
2010.04.23 10:35:18.310,1.33055,1.33095,2.20,2.40
2010.04.23 10:35:21.088,1.3306,1.33095,1.60,2.40
2010.04.23 10:35:26.340,1.33065,1.33095,1.60,1.90
2010.04.23 10:35:35.665,1.33065,1.331,1.60,3.90
2010.04.23 10:35:35.996,1.33065,1.331,1.60,3.50
2010.04.23 10:35:48.202,1.33065,1.331,2.40,3.50
2010.04.23 10:35:48.301,1.33065,1.331,3.00,3.50
2010.04.23 10:35:48.992,1.33065,1.331,3.00,1.00
2010.04.23 10:35:51.256,1.33065,1.331,3.00,3.50
2010.04.23 10:35:54.369,1.33065,1.331,3.00,1.00
2010.04.23 10:35:56.292,1.33065,1.331,3.00,2.40
2010.04.23 10:35:56.472,1.33065,1.331,1.60,4.00
2010.04.23 10:35:59.791,1.33065,1.33095,1.60,1.00
2010.04.23 10:35:59.817,1.33065,1.33095,1.60,1.60
2010.04.23 10:35:59.940,1.33065,1.33095,1.60,2.40
2010.04.23 10:36:06.908,1.33065,1.33095,1.60,1.90
2010.04.23 10:36:10.236,1.33065,1.33095,2.20,1.90
2010.04.23 10:36:10.666,1.33065,1.33095,1.60,1.90
2010.04.23 10:36:15.156,1.33065,1.33095,1.60,2.30
2010.04.23 10:36:16.525,1.33065,1.33095,1.60,2.40
2010.04.23 10:36:16.656,1.33065,1.33095,1.60,2.30
2010.04.23 10:36:18.644,1.33065,1.33095,1.60,1.90
2010.04.23 10:36:21.878,1.33065,1.33095,1.60,1.00
2010.04.23 10:36:22.144,1.33065,1.331,3.00,3.90
2010.04.23 10:36:23.393,1.33065,1.331,2.20,3.90
2010.04.23 10:36:23.655,1.33065,1.331,3.00,3.90
2010.04.23 10:36:35.142,1.33065,1.33095,3.00,1.00
2010.04.23 10:36:36.270,1.33065,1.331,3.00,3.90
2010.04.23 10:36:39.701,1.33065,1.331,1.60,3.90
2010.04.23 10:36:44.719,1.33065,1.331,2.40,3.90
2010.04.23 10:36:45.027,1.33065,1.331,3.00,3.90
2010.04.23 10:36:45.213,1.33065,1.331,3.00,2.30
2010.04.23 10:36:45.597,1.33065,1.331,2.20,2.30
2010.04.23 10:36:45.792,1.33065,1.331,3.00,2.30
2010.04.23 10:36:50.007,1.33065,1.331,2.20,2.30
2010.04.23 10:36:50.106,1.33065,1.331,1.60,3.90
2010.04.23 10:36:50.209,1.33065,1.331,2.30,3.90
2010.04.23 10:36:50.310,1.33065,1.331,2.20,2.80
2010.04.23 10:36:50.926,1.33065,1.33095,2.20,1.00
2010.04.23 10:36:51.477,1.3306,1.33095,1.00,1.00
2010.04.23 10:36:53.620,1.33065,1.331,2.20,3.90
2010.04.23 10:36:53.818,1.33065,1.331,2.20,2.30
2010.04.23 10:36:54.966,1.33065,1.331,2.20,1.00
2010.04.23 10:36:58.334,1.33065,1.331,3.00,1.00
2010.04.23 10:36:58.923,1.33065,1.33105,3.00,5.50
2010.04.23 10:37:02.414,1.33065,1.33105,3.90,5.50
2010.04.23 10:37:02.576,1.33065,1.33105,5.90,3.50
2010.04.23 10:37:03.085,1.33065,1.33105,5.90,1.90
2010.04.23 10:37:11.742,1.33075,1.33105,1.00,1.90
2010.04.23 10:37:11.872,1.33075,1.33105,3.00,1.90
2010.04.23 10:37:13.421,1.33075,1.33105,2.20,1.90
2010.04.23 10:37:13.751,1.33075,1.33105,3.00,1.90
2010.04.23 10:37:14.241,1.33075,1.33105,2.20,1.90
2010.04.23 10:37:15.912,1.33075,1.3311,2.20,3.50
2010.04.23 10:37:16.114,1.33075,1.3311,1.60,4.00
2010.04.23 10:37:16.323,1.33065,1.33105,4.00,1.10
2010.04.23 10:37:16.523,1.33065,1.33105,4.00,1.90
2010.04.23 10:37:16.721,1.33065,1.33105,4.10,2.30
2010.04.23 10:37:21.219,1.33065,1.33105,1.30,2.30
2010.04.23 10:37:22.811,1.3306,1.33105,5.60,2.30
2010.04.23 10:37:23.003,1.3306,1.33105,3.60,4.40
2010.04.23 10:37:23.581,1.3306,1.331,3.60,1.00
2010.04.23 10:37:26.177,1.3306,1.331,3.60,1.00
2010.04.23 10:37:28.771,1.33065,1.331,1.00,1.00
2010.04.23 10:37:29.007,1.33065,1.33105,2.40,1.00
2010.04.23 10:37:31.417,1.33065,1.33105,1.60,1.00
2010.04.23 10:37:31.643,1.3307,1.331,1.00,1.00
2010.04.23 10:37:31.979,1.3307,1.33105,1.00,3.50
2010.04.23 10:37:32.107,1.33065,1.33105,4.60,1.00
2010.04.23 10:37:32.233,1.33065,1.33105,4.20,1.00
2010.04.23 10:37:35.057,1.33065,1.33105,4.30,1.00
2010.04.23 10:37:36.303,1.33075,1.33105,1.60,1.20
2010.04.23 10:37:36.577,1.33075,1.3311,2.20,1.90
2010.04.23 10:37:36.846,1.33075,1.3311,1.00,1.90
2010.04.23 10:37:37.214,1.33075,1.3311,1.00,3.50
2010.04.23 10:37:37.533,1.33065,1.33105,4.30,1.00
2010.04.23 10:37:43.076,1.3307,1.33105,1.00,1.00
2010.04.23 10:37:43.185,1.33075,1.33105,1.60,1.00
2010.04.23 10:37:43.296,1.33075,1.33105,2.20,1.00
2010.04.23 10:37:43.894,1.33075,1.33105,1.00,1.00
2010.04.23 10:37:44.346,1.33075,1.33105,2.20,1.00
2010.04.23 10:37:46.191,1.33065,1.33105,4.30,1.00
2010.04.23 10:37:46.637,1.33065,1.33105,4.20,1.00
2010.04.23 10:37:46.866,1.33075,1.33105,2.20,1.00
2010.04.23 10:37:48.044,1.33085,1.33105,1.60,1.00
2010.04.23 10:37:48.363,1.33085,1.3311,1.60,2.30
2010.04.23 10:37:48.689,1.3307,1.3311,1.00,2.40
2010.04.23 10:37:50.662,1.33065,1.33105,2.50,1.00
2010.04.23 10:37:52.236,1.3307,1.33105,1.60,1.00
2010.04.23 10:37:52.931,1.3307,1.3311,2.40,2.40
2010.04.23 10:37:53.842,1.3307,1.3311,3.20,2.40
2010.04.23 10:37:53.904,1.3307,1.3311,5.70,1.20
2010.04.23 10:37:54.478,1.3307,1.33115,5.20,3.90
2010.04.23 10:37:54.751,1.3307,1.33115,5.20,5.50
2010.04.23 10:37:55.964,1.3307,1.3311,4.00,1.10
2010.04.23 10:37:56.294,1.3307,1.3311,1.60,5.50
2010.04.23 10:37:56.590,1.3307,1.33105,1.60,1.00
2010.04.23 10:37:59.019,1.33065,1.33105,4.00,1.00
2010.04.23 10:38:06.800,1.33065,1.33105,1.60,3.60
2010.04.23 10:38:06.942,1.33065,1.33105,2.20,3.10
2010.04.23 10:38:07.082,1.33065,1.33105,3.00,5.50
2010.04.23 10:38:07.527,1.33065,1.331,1.00,1.10
2010.04.23 10:38:07.673,1.33055,1.331,4.20,3.90
2010.04.23 10:38:07.821,1.33055,1.33095,4.20,1.00
2010.04.23 10:38:08.159,1.33055,1.33095,4.20,2.00
2010.04.23 10:38:10.047,1.33055,1.33095,4.30,2.00
2010.04.23 10:38:10.198,1.33055,1.33095,3.40,2.00
2010.04.23 10:38:10.348,1.33055,1.3309,3.40,1.00
2010.04.23 10:38:10.838,1.33055,1.3309,3.40,2.00
2010.04.23 10:38:14.109,1.3306,1.3309,2.20,2.00
2010.04.23 10:38:14.301,1.33055,1.3309,1.60,1.00
2010.04.23 10:38:14.488,1.33055,1.3309,1.60,2.00
2010.04.23 10:38:14.989,1.33055,1.3309,1.20,2.00
2010.04.23 10:38:15.314,1.33055,1.3309,1.00,7.10
2010.04.23 10:38:15.636,1.3305,1.3308,1.60,1.00
2010.04.23 10:38:15.979,1.3305,1.33085,3.60,1.50
2010.04.23 10:38:16.318,1.33055,1.33095,1.00,3.60
2010.04.23 10:38:16.884,1.33055,1.33095,1.00,2.80
2010.04.23 10:38:17.064,1.33055,1.33095,3.60,1.00
2010.04.23 10:38:17.405,1.33055,1.33095,3.60,2.80
2010.04.23 10:38:18.726,1.33055,1.33095,2.80,2.80
2010.04.23 10:38:18.938,1.33055,1.33095,1.00,6.40
2010.04.23 10:38:19.520,1.3305,1.33095,2.00,6.40
2010.04.23 10:38:20.101,1.33055,1.33095,1.00,6.40
2010.04.23 10:38:20.284,1.33055,1.33095,1.60,4.70
2010.04.23 10:38:20.626,1.33055,1.33095,1.60,3.90
2010.04.23 10:38:20.796,1.33055,1.3308,1.00,1.00
2010.04.23 10:38:21.144,1.33055,1.3308,1.60,1.00
2010.04.23 10:38:21.491,1.33055,1.33095,1.60,2.30
2010.04.23 10:38:23.027,1.33055,1.33085,1.00,2.00
2010.04.23 10:38:23.251,1.33055,1.3309,2.40,2.60
2010.04.23 10:38:23.407,1.3306,1.3309,1.00,1.00
2010.04.23 10:38:23.567,1.3306,1.331,1.20,5.10
2010.04.23 10:38:24.105,1.33055,1.331,4.00,3.90
2010.04.23 10:38:24.266,1.33055,1.331,3.60,5.50
2010.04.23 10:38:24.514,1.33055,1.331,5.20,5.50
2010.04.23 10:38:24.764,1.33055,1.331,5.20,4.70
2010.04.23 10:38:26.359,1.3306,1.331,1.00,4.70
2010.04.23 10:38:26.494,1.3306,1.331,2.00,2.00
2010.04.23 10:38:26.642,1.33065,1.331,1.00,1.20
2010.04.23 10:38:26.784,1.33065,1.33105,1.00,4.20
2010.04.23 10:38:27.199,1.33065,1.33105,1.20,4.60
2010.04.23 10:38:27.337,1.33065,1.33105,2.00,2.30
2010.04.23 10:38:28.026,1.33065,1.33105,1.20,2.30
2010.04.23 10:38:28.366,1.3306,1.33095,2.80,3.60
2010.04.23 10:38:29.453,1.3306,1.33095,3.20,3.60
2010.04.23 10:38:29.679,1.3306,1.33095,1.60,1.60
2010.04.23 10:38:29.894,1.3306,1.331,1.60,2.30
2010.04.23 10:38:31.784,1.3306,1.331,3.60,1.20
2010.04.23 10:38:32.184,1.3306,1.331,3.60,1.20
2010.04.23 10:38:39.270,1.33065,1.331,1.00,1.20
2010.04.23 10:38:39.632,1.33065,1.331,1.00,1.00
2010.04.23 10:38:39.910,1.33065,1.331,1.00,1.20
2010.04.23 10:38:42.868,1.33065,1.331,1.00,1.20
2010.04.23 10:38:45.869,1.33065,1.331,1.00,1.00
2010.04.23 10:38:46.170,1.33065,1.331,1.00,1.00
2010.04.23 10:38:46.470,1.3306,1.331,3.60,1.20
2010.04.23 10:38:48.427,1.3306,1.331,2.80,1.20
2010.04.23 10:38:48.558,1.3306,1.33095,2.80,1.00
2010.04.23 10:38:48.830,1.3306,1.33095,1.20,3.60
2010.04.23 10:38:49.359,1.3306,1.33095,2.00,2.00
2010.04.23 10:38:49.630,1.3306,1.33095,1.00,1.00
2010.04.23 10:38:49.717,1.3306,1.331,1.00,5.90
2010.04.23 10:38:51.139,1.3306,1.331,1.00,5.50
2010.04.23 10:38:51.477,1.3306,1.331,1.00,5.90
2010.04.23 10:38:55.695,1.3306,1.331,1.00,5.50
2010.04.23 10:38:59.216,1.33055,1.331,5.60,5.50
2010.04.23 10:38:59.325,1.33055,1.33095,5.60,1.00
2010.04.23 10:38:59.436,1.33055,1.33095,5.70,1.00
2010.04.23 10:38:59.546,1.3306,1.33095,1.00,1.00
2010.04.23 10:38:59.861,1.3306,1.331,1.00,7.20
2010.04.23 10:38:59.982,1.33055,1.33095,4.00,1.00
2010.04.23 10:39:00.101,1.3306,1.33095,1.00,1.60
2010.04.23 10:39:00.220,1.3306,1.33095,1.00,1.00
2010.04.23 10:39:00.856,1.3306,1.331,1.00,4.70
2010.04.23 10:39:01.196,1.3306,1.331,1.00,3.90
2010.04.23 10:39:02.754,1.33055,1.331,4.90,3.90
2010.04.23 10:39:02.916,1.33055,1.331,4.80,4.00
2010.04.23 10:39:03.324,1.33055,1.331,3.20,5.60
2010.04.23 10:39:03.402,1.33055,1.3309,1.00,1.00
2010.04.23 10:39:03.618,1.3305,1.3309,2.40,1.00
2010.04.23 10:39:03.984,1.3305,1.3309,2.50,1.00
2010.04.23 10:39:04.254,1.3305,1.3309,4.10,1.00
2010.04.23 10:39:04.325,1.33055,1.3309,1.00,1.00
2010.04.23 10:39:05.926,1.33055,1.33075,1.00,1.60
2010.04.23 10:39:06.026,1.3305,1.33075,1.20,1.60
2010.04.23 10:39:06.208,1.3305,1.33085,1.20,1.20
2010.04.23 10:39:06.295,1.3305,1.33085,1.00,1.00
2010.04.23 10:39:06.385,1.3305,1.3309,1.00,2.30
2010.04.23 10:39:06.476,1.33045,1.33085,2.40,1.20
2010.04.23 10:39:06.943,1.3305,1.33085,1.00,1.00
2010.04.23 10:39:08.866,1.33045,1.3308,3.60,1.00
2010.04.23 10:39:09.218,1.33045,1.3308,2.80,1.00
2010.04.23 10:39:09.437,1.33045,1.3307,1.00,1.00
2010.04.23 10:39:09.651,1.33045,1.33075,1.00,2.00
2010.04.23 10:39:09.855,1.33045,1.33075,2.40,2.80
2010.04.23 10:39:10.065,1.33045,1.33075,3.60,1.00
2010.04.23 10:39:10.884,1.33045,1.3308,3.60,1.00
2010.04.23 10:39:12.199,1.33045,1.3308,2.80,2.00
2010.04.23 10:39:12.675,1.33045,1.3308,2.40,3.10
2010.04.23 10:39:12.927,1.33045,1.3308,1.60,3.90
2010.04.23 10:39:16.207,1.33045,1.3308,1.60,4.00
2010.04.23 10:39:17.472,1.33035,1.33075,4.40,2.30
2010.04.23 10:39:17.642,1.33035,1.33075,2.80,2.60
2010.04.23 10:39:19.311,1.3304,1.33075,1.20,2.20
2010.04.23 10:39:20.051,1.3304,1.33075,1.20,1.00
2010.04.23 10:39:20.361,1.33035,1.33075,1.00,2.40
2010.04.23 10:39:22.849,1.3303,1.3307,4.80,1.00
2010.04.23 10:39:23.079,1.3303,1.3306,1.20,1.00
2010.04.23 10:39:23.736,1.3303,1.3306,1.20,1.00
2010.04.23 10:39:23.968,1.3303,1.3306,1.20,1.00
2010.04.23 10:39:24.195,1.3303,1.3306,1.00,1.00
2010.04.23 10:39:24.883,1.33025,1.3306,2.80,1.00
2010.04.23 10:39:25.223,1.33025,1.3306,1.00,1.00
2010.04.23 10:39:26.240,1.33025,1.3306,1.00,1.00
2010.04.23 10:39:29.009,1.33025,1.3306,1.00,1.00
2010.04.23 10:39:32.109,1.33025,1.3306,1.60,1.00
2010.04.23 10:39:32.209,1.33025,1.3306,2.00,1.00
2010.04.23 10:39:32.488,1.3303,1.3306,1.00,1.00
2010.04.23 10:39:32.849,1.3303,1.3307,2.80,4.00
2010.04.23 10:39:33.148,1.3303,1.3307,2.80,2.80
2010.04.23 10:39:33.351,1.33035,1.3307,1.20,1.00
2010.04.23 10:39:34.147,1.33035,1.3307,1.20,2.00
2010.04.23 10:39:34.471,1.33035,1.3307,1.20,2.00
2010.04.23 10:39:34.794,1.33035,1.3307,1.20,3.60
2010.04.23 10:39:35.108,1.3303,1.3307,2.80,4.00
2010.04.23 10:39:35.727,1.3303,1.3307,2.80,6.00
2010.04.23 10:39:36.804,1.3303,1.33065,2.80,1.60
2010.04.23 10:39:40.237,1.3303,1.33055,2.00,1.00
2010.04.23 10:39:40.385,1.3303,1.3305,2.00,1.60
2010.04.23 10:39:40.541,1.3302,1.3306,3.60,2.40
2010.04.23 10:39:40.687,1.3302,1.3306,2.80,1.20
2010.04.23 10:39:41.027,1.3302,1.3306,3.60,1.20
2010.04.23 10:39:41.621,1.3302,1.3306,4.00,1.20
2010.04.23 10:39:43.446,1.3302,1.3306,4.00,3.90
2010.04.23 10:39:43.575,1.3302,1.3306,3.20,4.00
2010.04.23 10:39:43.705,1.3302,1.3305,2.40,1.00
2010.04.23 10:39:43.836,1.3302,1.3305,1.00,1.00
2010.04.23 10:39:43.970,1.3301,1.3305,4.00,1.00
2010.04.23 10:39:44.291,1.3301,1.3305,4.40,1.00
2010.04.23 10:39:44.593,1.3301,1.3305,4.00,1.00
2010.04.23 10:39:47.266,1.3301,1.3305,3.20,1.00
2010.04.23 10:39:47.396,1.3301,1.3305,2.40,1.60
2010.04.23 10:39:47.831,1.3301,1.33035,1.00,1.60
2010.04.23 10:39:47.956,1.33,1.33035,1.00,1.60
2010.04.23 10:39:48.086,1.33,1.33035,1.00,1.60
2010.04.23 10:39:48.416,1.3299,1.33035,1.20,1.00
2010.04.23 10:39:48.746,1.3299,1.3304,1.00,6.00
2010.04.23 10:39:52.524,1.32985,1.33025,5.30,1.00
2010.04.23 10:39:52.667,1.32985,1.33015,2.10,1.60
2010.04.23 10:39:52.806,1.32985,1.33015,1.60,1.60
2010.04.23 10:39:52.943,1.32985,1.33025,2.20,4.40
2010.04.23 10:39:53.084,1.32985,1.33025,2.20,2.80
2010.04.23 10:39:53.225,1.3299,1.33025,3.20,2.00
2010.04.23 10:39:53.739,1.32995,1.3303,1.20,2.00
2010.04.23 10:39:54.392,1.32995,1.3303,2.80,2.00
2010.04.23 10:39:56.384,1.32995,1.3303,1.20,2.00
2010.04.23 10:39:59.091,1.32995,1.3303,1.20,2.10
2010.04.23 10:39:59.526,1.32985,1.3302,4.30,1.00
2010.04.23 10:39:59.664,1.3299,1.33025,2.00,1.00
2010.04.23 10:39:59.802,1.3299,1.3303,2.80,5.50
2010.04.23 10:39:59.945,1.3299,1.3303,2.80,5.20
2010.04.23 10:40:00.515,1.3299,1.3303,2.80,3.60
2010.04.23 10:40:00.862,1.3299,1.3303,2.80,2.00
2010.04.23 10:40:02.474,1.3299,1.33025,2.80,1.60
2010.04.23 10:40:03.360,1.3299,1.33025,2.80,2.00
2010.04.23 10:40:03.813,1.3299,1.33025,2.80,1.60
2010.04.23 10:40:04.136,1.3299,1.3303,4.10,2.00
2010.04.23 10:40:04.462,1.32995,1.3303,1.20,2.00
2010.04.23 10:40:13.337,1.33,1.3303,1.00,2.00
2010.04.23 10:40:15.009,1.32995,1.3303,1.20,2.00
2010.04.23 10:40:16.848,1.32995,1.3303,2.00,2.00
2010.04.23 10:40:16.959,1.32995,1.33035,5.60,1.00
2010.04.23 10:40:17.073,1.33,1.3304,1.00,4.40
2010.04.23 10:40:17.407,1.33,1.3304,1.00,4.00
2010.04.23 10:40:17.517,1.33,1.3304,2.80,2.80
2010.04.23 10:40:17.628,1.33005,1.3304,1.00,1.20
2010.04.23 10:40:17.738,1.33005,1.3304,1.00,1.00
2010.04.23 10:40:18.011,1.3301,1.33045,1.20,1.90
2010.04.23 10:40:18.291,1.3301,1.3305,1.20,3.90
2010.04.23 10:40:18.839,1.3301,1.3305,2.00,3.90
2010.04.23 10:40:19.117,1.3301,1.3305,2.00,4.00
2010.04.23 10:40:22.955,1.3301,1.3305,2.10,4.00
2010.04.23 10:40:24.227,1.3301,1.33045,1.00,1.00
2010.04.23 10:40:24.389,1.33005,1.33045,1.60,4.00
2010.04.23 10:40:24.545,1.33005,1.3304,1.60,1.00
2010.04.23 10:40:24.994,1.33005,1.3304,1.20,1.00
2010.04.23 10:40:31.071,1.3301,1.3304,1.00,1.00
2010.04.23 10:40:31.656,1.33015,1.3305,1.00,1.00
2010.04.23 10:40:31.937,1.33015,1.3305,1.20,1.00
2010.04.23 10:40:33.286,1.33015,1.33055,4.00,2.40
2010.04.23 10:40:33.630,1.3302,1.3305,1.00,1.00
2010.04.23 10:40:34.258,1.33015,1.3305,1.20,1.00
2010.04.23 10:40:34.950,1.3302,1.33055,2.40,1.60
2010.04.23 10:40:35.424,1.33025,1.3306,1.20,1.00
2010.04.23 10:40:48.849,1.33025,1.3306,2.00,1.00
2010.04.23 10:40:49.201,1.33025,1.33065,3.40,1.60
2010.04.23 10:40:49.723,1.33025,1.3306,2.80,1.00
2010.04.23 10:40:50.820,1.33025,1.3307,4.00,4.00
2010.04.23 10:40:51.670,1.33025,1.33065,3.20,1.60
2010.04.23 10:40:52.011,1.33025,1.3306,2.80,1.00
2010.04.23 10:40:57.256,1.33025,1.3307,4.00,5.70
2010.04.23 10:40:57.557,1.33025,1.3307,4.00,4.10
2010.04.23 10:40:59.455,1.3303,1.3307,1.00,4.10
2010.04.23 10:40:59.636,1.3303,1.3307,1.00,4.00
2010.04.23 10:40:59.737,1.3303,1.3307,1.20,4.00
2010.04.23 10:41:03.619,1.3303,1.3307,1.60,2.80
2010.04.23 10:41:03.737,1.33035,1.3307,1.20,1.00
2010.04.23 10:41:03.855,1.33035,1.33075,1.40,5.10
2010.04.23 10:41:04.420,1.33035,1.33075,3.00,3.50
2010.04.23 10:41:11.426,1.3303,1.3307,4.00,1.00
2010.04.23 10:41:11.973,1.3303,1.3307,4.00,1.00
2010.04.23 10:41:13.942,1.33035,1.3307,1.60,1.00
2010.04.23 10:41:14.033,1.33035,1.33075,2.20,3.50
2010.04.23 10:41:17.382,1.33035,1.33075,3.40,1.90
2010.04.23 10:41:20.048,1.3303,1.3307,4.80,2.50
2010.04.23 10:41:20.275,1.3303,1.3307,1.20,2.10
2010.04.23 10:41:20.493,1.33035,1.3307,1.00,2.10
2010.04.23 10:41:22.092,1.33035,1.3307,1.00,2.00
2010.04.23 10:41:22.458,1.33035,1.3307,2.40,2.00
2010.04.23 10:41:22.612,1.33035,1.33075,2.80,2.90
2010.04.23 10:41:24.310,1.33035,1.33075,4.40,1.30
2010.04.23 10:41:25.941,1.33035,1.33075,5.20,1.20
2010.04.23 10:41:26.136,1.33035,1.33075,5.80,1.00
2010.04.23 10:41:27.501,1.3304,1.3308,1.20,4.10
2010.04.23 10:41:29.089,1.33045,1.3308,1.00,3.30
2010.04.23 10:41:29.190,1.33045,1.3308,1.00,2.10
2010.04.23 10:41:29.291,1.33045,1.3308,1.00,2.00
2010.04.23 10:41:29.390,1.33045,1.3308,1.00,2.00
2010.04.23 10:41:29.489,1.33045,1.3308,1.00,1.60
2010.04.23 10:41:29.792,1.33045,1.3308,1.00,2.10
2010.04.23 10:41:30.106,1.33045,1.3308,3.50,1.10
2010.04.23 10:41:30.412,1.33045,1.3308,2.70,3.50
2010.04.23 10:41:30.715,1.33055,1.3308,1.60,3.50
2010.04.23 10:41:31.002,1.33055,1.3308,1.60,1.00
2010.04.23 10:41:31.280,1.3305,1.3308,1.20,1.00
2010.04.23 10:41:33.495,1.33055,1.3309,1.20,1.90
2010.04.23 10:41:33.920,1.33055,1.3309,1.00,1.90
2010.04.23 10:41:34.058,1.3305,1.3309,1.00,2.40
2010.04.23 10:41:34.127,1.33045,1.3309,5.40,2.40
2010.04.23 10:41:34.337,1.33045,1.3309,4.80,2.40
2010.04.23 10:41:38.286,1.33045,1.3309,4.80,4.10
2010.04.23 10:41:38.409,1.33045,1.33085,4.00,2.40
2010.04.23 10:41:39.407,1.3305,1.33085,1.00,2.40
2010.04.23 10:41:39.638,1.3305,1.3309,1.00,4.40
2010.04.23 10:41:41.876,1.3305,1.3309,1.00,4.00
2010.04.23 10:42:01.684,1.33045,1.33085,5.60,1.00
2010.04.23 10:42:02.026,1.33045,1.33085,4.00,1.00
2010.04.23 10:42:06.750,1.3305,1.33085,1.00,1.00
2010.04.23 10:42:07.062,1.3305,1.3309,2.00,1.00
2010.04.23 10:42:07.200,1.3305,1.33095,2.00,4.10
2010.04.23 10:42:08.142,1.33055,1.33095,1.00,4.10
2010.04.23 10:42:12.488,1.33055,1.33095,1.00,4.20
2010.04.23 10:42:16.037,1.33055,1.33095,1.00,4.10
2010.04.23 10:42:16.721,1.3305,1.3309,1.00,4.10
2010.04.23 10:42:17.068,1.33045,1.3309,2.00,2.90
2010.04.23 10:42:17.299,1.33045,1.3309,2.00,4.10
2010.04.23 10:42:17.785,1.33045,1.33085,2.00,1.00
2010.04.23 10:42:27.455,1.33045,1.33085,1.20,1.00
2010.04.23 10:42:27.566,1.33045,1.33085,1.20,1.30
2010.04.23 10:42:28.634,1.33045,1.3307,1.00,1.00
2010.04.23 10:42:28.983,1.3305,1.33075,1.00,1.00
2010.04.23 10:42:29.373,1.3305,1.3308,1.00,1.00
2010.04.23 10:42:29.657,1.33045,1.33085,2.00,1.00
2010.04.23 10:42:29.935,1.33045,1.3309,2.00,2.40
2010.04.23 10:42:30.219,1.3305,1.3309,1.20,1.90
2010.04.23 10:42:30.507,1.3305,1.3309,2.00,1.90
2010.04.23 10:42:32.205,1.3305,1.3309,1.20,1.90
2010.04.23 10:42:33.971,1.3305,1.3309,3.20,1.00
2010.04.23 10:42:34.150,1.3305,1.33095,3.20,4.10
2010.04.23 10:42:37.391,1.3305,1.33095,4.00,4.10
2010.04.23 10:42:37.542,1.3305,1.33095,4.10,4.00
2010.04.23 10:42:37.693,1.3305,1.33095,3.20,4.10
2010.04.23 10:42:38.142,1.3305,1.33095,4.00,4.10
2010.04.23 10:42:38.293,1.33055,1.33095,2.80,4.00
2010.04.23 10:42:38.685,1.33055,1.33095,3.60,1.90
2010.04.23 10:42:39.031,1.33055,1.33095,2.00,2.60
2010.04.23 10:42:39.375,1.33055,1.33095,2.40,1.40
2010.04.23 10:42:41.300,1.33055,1.33095,3.20,1.40
2010.04.23 10:42:41.951,1.33055,1.33095,3.20,1.50
2010.04.23 10:42:43.658,1.33055,1.3309,2.40,1.00
2010.04.23 10:42:43.785,1.33055,1.3309,1.60,1.00
2010.04.23 10:42:43.911,1.3305,1.3309,2.80,1.00
2010.04.23 10:42:47.051,1.3305,1.33095,2.80,5.90
2010.04.23 10:42:48.644,1.33055,1.33095,3.40,1.00
2010.04.23 10:42:48.982,1.33065,1.331,1.60,2.50
2010.04.23 10:42:49.325,1.33065,1.331,1.60,1.90
2010.04.23 10:42:52.370,1.33065,1.331,1.60,1.00
2010.04.23 10:42:52.514,1.3306,1.331,3.40,1.40
2010.04.23 10:42:52.651,1.33065,1.331,1.00,1.40
2010.04.23 10:42:53.598,1.3307,1.33105,1.00,3.90
2010.04.23 10:42:53.942,1.33065,1.33095,1.00,1.60
2010.04.23 10:42:54.281,1.3306,1.33095,1.20,2.20
2010.04.23 10:42:56.056,1.33065,1.331,1.00,1.00
2010.04.23 10:42:56.387,1.33065,1.331,1.00,1.00
2010.04.23 10:42:57.019,1.33055,1.33095,2.80,1.60
2010.04.23 10:42:57.370,1.3305,1.3309,4.00,1.00
2010.04.23 10:42:58.753,1.33055,1.33095,2.40,2.40
2010.04.23 10:42:59.070,1.3306,1.33095,1.00,1.60
2010.04.23 10:42:59.968,1.3306,1.33095,1.60,1.60
2010.04.23 10:43:00.088,1.3306,1.331,1.60,2.60
2010.04.23 10:43:00.210,1.3306,1.331,1.60,1.90
2010.04.23 10:43:01.738,1.3306,1.33095,1.00,1.60
2010.04.23 10:43:04.767,1.3306,1.33095,2.00,1.60
2010.04.23 10:43:05.988,1.3306,1.33095,1.20,1.00
2010.04.23 10:43:06.331,1.3305,1.3309,2.40,1.90
2010.04.23 10:43:06.680,1.3305,1.3309,1.20,4.00
2010.04.23 10:43:06.868,1.3305,1.33085,1.20,1.10
2010.04.23 10:43:07.047,1.3305,1.33085,1.00,1.90
2010.04.23 10:43:10.527,1.3305,1.3309,2.00,1.00
2010.04.23 10:43:10.807,1.3305,1.33095,2.00,4.00
2010.04.23 10:43:11.088,1.3306,1.33095,1.00,3.50
2010.04.23 10:43:11.788,1.3306,1.33095,1.20,1.10
2010.04.23 10:43:12.131,1.3306,1.331,2.00,1.00
2010.04.23 10:43:12.445,1.3307,1.33105,1.00,3.50
2010.04.23 10:43:14.401,1.33065,1.33105,1.00,4.10
2010.04.23 10:43:15.025,1.3306,1.331,1.60,1.00
2010.04.23 10:43:15.306,1.3306,1.331,1.20,3.30
2010.04.23 10:43:15.890,1.3306,1.331,1.20,1.00
2010.04.23 10:43:17.133,1.3306,1.331,3.20,1.00
2010.04.23 10:43:18.363,1.3306,1.331,3.20,1.00
2010.04.23 10:43:18.602,1.3306,1.331,1.00,4.10
2010.04.23 10:43:18.852,1.33055,1.33095,1.20,3.30
2010.04.23 10:43:19.001,1.33055,1.3309,1.20,1.00
2010.04.23 10:43:19.153,1.33055,1.33095,1.20,2.40
2010.04.23 10:43:20.011,1.3306,1.33095,1.00,1.00
2010.04.23 10:43:20.354,1.3306,1.331,1.60,2.30
2010.04.23 10:43:20.936,1.3306,1.331,2.00,1.90
2010.04.23 10:43:21.526,1.3306,1.331,1.60,1.90
2010.04.23 10:43:24.903,1.3307,1.331,1.00,1.00
2010.04.23 10:43:25.065,1.3307,1.33105,1.00,1.90
2010.04.23 10:43:25.477,1.3307,1.33105,1.00,1.00
2010.04.23 10:43:25.640,1.3307,1.33105,1.00,1.60
2010.04.23 10:43:25.982,1.33065,1.33105,1.20,2.40
2010.04.23 10:43:27.572,1.33065,1.331,1.20,2.00
2010.04.23 10:43:29.080,1.33065,1.331,1.20,2.10
2010.04.23 10:43:34.958,1.33065,1.331,1.20,2.00
2010.04.23 10:43:35.209,1.33065,1.331,1.20,1.00
2010.04.23 10:43:35.796,1.33065,1.33105,1.20,2.40
2010.04.23 10:43:38.748,1.33065,1.33105,2.00,2.40
2010.04.23 10:43:38.839,1.3307,1.33105,1.00,1.90
2010.04.23 10:43:39.601,1.3307,1.3311,1.20,4.00
2010.04.23 10:43:43.639,1.3307,1.3311,2.80,4.00
2010.04.23 10:43:43.800,1.3307,1.3311,3.20,2.80
2010.04.23 10:43:46.589,1.33075,1.3311,2.00,2.80
2010.04.23 10:43:47.066,1.3307,1.3311,3.20,1.20
2010.04.23 10:43:47.333,1.3307,1.3311,1.60,2.00
2010.04.23 10:43:47.568,1.3307,1.3311,3.20,2.00
2010.04.23 10:43:49.086,1.3307,1.3311,3.20,1.00
2010.04.23 10:43:49.358,1.3307,1.3311,3.20,2.00
2010.04.23 10:43:49.875,1.3307,1.3311,3.20,1.00
2010.04.23 10:43:50.374,1.3307,1.3311,3.20,2.00
2010.04.23 10:43:50.624,1.3307,1.3311,3.20,1.00
2010.04.23 10:43:52.953,1.3307,1.3311,3.20,2.00
2010.04.23 10:43:58.375,1.33075,1.3311,1.20,1.00
2010.04.23 10:43:58.450,1.33075,1.33115,1.00,2.00
2010.04.23 10:43:58.506,1.3307,1.3311,3.20,2.00
2010.04.23 10:43:58.837,1.3307,1.3311,3.20,2.80
2010.04.23 10:43:59.165,1.3307,1.33105,3.20,1.00
2010.04.23 10:43:59.498,1.3306,1.3309,1.00,2.00
2010.04.23 10:44:00.140,1.33055,1.3309,1.00,1.00
2010.04.23 10:44:00.416,1.3305,1.3309,2.80,1.00
2010.04.23 10:44:01.744,1.33055,1.33095,1.00,5.60
2010.04.23 10:44:01.914,1.33055,1.33095,2.20,4.00
2010.04.23 10:44:02.822,1.33055,1.33095,2.60,4.00
2010.04.23 10:44:05.126,1.33055,1.33095,2.70,4.00
2010.04.23 10:44:05.275,1.33055,1.33095,5.10,1.90
2010.04.23 10:44:05.425,1.33055,1.33095,5.10,1.00
2010.04.23 10:44:05.724,1.33055,1.33095,5.00,1.00
2010.04.23 10:44:05.884,1.33055,1.33095,3.00,1.60
2010.04.23 10:44:06.034,1.33055,1.33095,2.20,1.60
2010.04.23 10:44:06.377,1.33055,1.33095,2.20,2.40
2010.04.23 10:44:08.162,1.33055,1.33095,2.20,2.30
2010.04.23 10:44:10.291,1.33055,1.3309,1.00,1.60
2010.04.23 10:44:10.512,1.3305,1.3309,3.20,2.00
2010.04.23 10:44:10.732,1.33055,1.3309,1.60,1.00
2010.04.23 10:44:10.951,1.33055,1.3309,2.20,1.00
2010.04.23 10:44:12.862,1.3306,1.3309,1.00,1.00
2010.04.23 10:44:12.973,1.33065,1.3309,1.00,1.00
2010.04.23 10:44:13.089,1.3306,1.33095,1.60,3.20
2010.04.23 10:44:13.214,1.33055,1.33095,3.40,2.70
2010.04.23 10:44:13.885,1.33055,1.33095,3.40,3.50
2010.04.23 10:44:14.914,1.33065,1.33095,2.20,3.50
2010.04.23 10:44:15.163,1.33065,1.331,2.20,1.90
2010.04.23 10:44:15.748,1.3306,1.331,1.20,3.50
2010.04.23 10:44:16.062,1.3306,1.331,1.00,3.50
2010.04.23 10:44:16.383,1.33055,1.331,5.00,3.50
2010.04.23 10:44:16.964,1.33055,1.33095,3.40,1.10
2010.04.23 10:44:17.317,1.33055,1.33095,3.50,1.90
2010.04.23 10:44:17.668,1.33065,1.331,2.20,1.00
2010.04.23 10:44:18.555,1.33065,1.33095,1.00,1.00
2010.04.23 10:44:19.103,1.33055,1.33095,3.40,1.00
2010.04.23 10:44:20.011,1.3306,1.33095,1.00,1.00
2010.04.23 10:44:20.242,1.33055,1.33095,3.40,1.00
2010.04.23 10:44:20.383,1.33065,1.331,1.00,1.90
2010.04.23 10:44:20.530,1.33065,1.331,2.20,1.90
2010.04.23 10:44:24.880,1.33065,1.331,2.60,1.00
2010.04.23 10:44:24.969,1.33065,1.33105,3.00,2.40
2010.04.23 10:44:25.399,1.33065,1.33105,2.20,2.40
2010.04.23 10:44:25.488,1.33065,1.33105,2.20,4.00
2010.04.23 10:44:30.796,1.33065,1.33105,2.30,4.00
2010.04.23 10:44:31.264,1.33065,1.33105,3.40,1.00
2010.04.23 10:44:33.078,1.33065,1.33105,3.40,1.20
2010.04.23 10:44:38.193,1.33065,1.33105,3.00,4.00
2010.04.23 10:44:38.384,1.33065,1.33105,2.20,4.00
2010.04.23 10:44:38.724,1.33065,1.331,1.60,1.00
2010.04.23 10:44:38.936,1.3306,1.331,1.00,4.00
2010.04.23 10:44:39.152,1.3306,1.331,1.00,5.60
2010.04.23 10:44:39.362,1.3306,1.331,1.20,4.00
2010.04.23 10:44:39.836,1.3306,1.331,1.20,3.50
2010.04.23 10:44:41.833,1.3306,1.331,1.20,2.40
2010.04.23 10:44:42.033,1.33065,1.33105,1.00,4.10
2010.04.23 10:44:43.922,1.3306,1.331,1.20,1.90
2010.04.23 10:44:45.611,1.3306,1.331,2.80,1.90
2010.04.23 10:44:45.711,1.3306,1.331,2.80,1.00
2010.04.23 10:44:45.801,1.33065,1.33105,1.00,4.10
2010.04.23 10:44:48.901,1.33065,1.33105,1.00,4.00
2010.04.23 10:44:49.171,1.3306,1.331,2.80,1.00
2010.04.23 10:44:52.406,1.3306,1.331,2.80,1.90
2010.04.23 10:44:52.611,1.3306,1.331,1.20,1.90
2010.04.23 10:44:53.911,1.33065,1.331,1.00,1.90
2010.04.23 10:44:54.043,1.3307,1.331,1.60,1.00
2010.04.23 10:44:54.179,1.3307,1.33105,1.00,1.10
2010.04.23 10:44:54.394,1.33065,1.3311,4.90,1.00
2010.04.23 10:44:54.956,1.3307,1.3311,1.20,1.00
2010.04.23 10:44:56.075,1.33065,1.3311,2.80,4.00
2010.04.23 10:44:56.764,1.33065,1.33105,1.20,2.40
2010.04.23 10:44:58.111,1.33065,1.33105,1.20,3.20
2010.04.23 10:44:58.301,1.33065,1.33095,1.20,2.00
2010.04.23 10:44:58.494,1.3306,1.33095,1.00,1.00
2010.04.23 10:44:58.689,1.3306,1.331,1.00,1.00
2010.04.23 10:44:59.250,1.3306,1.331,1.20,1.00
2010.04.23 10:45:02.573,1.3306,1.331,1.00,2.40
2010.04.23 10:45:02.764,1.33055,1.331,4.90,3.50
2010.04.23 10:45:02.955,1.33055,1.331,4.90,1.90
2010.04.23 10:45:03.169,1.3306,1.331,1.20,1.00
2010.04.23 10:45:07.007,1.3306,1.331,1.20,1.00
2010.04.23 10:45:07.278,1.33055,1.33095,2.80,1.00
2010.04.23 10:45:09.839,1.33055,1.3309,2.80,1.00
2010.04.23 10:45:10.211,1.33055,1.3309,2.40,1.00
2010.04.23 10:45:10.347,1.33055,1.3309,1.00,1.00
2010.04.23 10:45:10.817,1.33055,1.33095,1.00,3.50
2010.04.23 10:45:12.167,1.33055,1.33095,1.00,3.60
2010.04.23 10:45:12.510,1.33055,1.33095,1.00,4.10
2010.04.23 10:45:13.059,1.33055,1.33095,1.00,4.90
2010.04.23 10:45:13.173,1.3305,1.33085,1.20,1.00
2010.04.23 10:45:13.286,1.3305,1.33085,1.20,2.40
2010.04.23 10:45:13.507,1.3305,1.33085,1.20,1.00
2010.04.23 10:45:13.616,1.3305,1.3309,1.20,1.90
2010.04.23 10:45:13.936,1.3305,1.3309,2.80,1.00
2010.04.23 10:45:14.256,1.33055,1.33095,1.20,1.20
2010.04.23 10:45:14.895,1.33055,1.33095,1.20,1.40
2010.04.23 10:45:15.046,1.33055,1.33085,1.20,1.00
2010.04.23 10:45:15.479,1.3305,1.33085,2.80,2.00
2010.04.23 10:45:16.665,1.3305,1.33085,4.40,1.00
2010.04.23 10:45:16.887,1.33055,1.33085,2.00,1.00
2010.04.23 10:45:17.106,1.33055,1.33085,2.80,1.00
2010.04.23 10:45:17.635,1.33055,1.33085,4.40,1.00
2010.04.23 10:45:18.158,1.33055,1.33095,4.80,2.40
2010.04.23 10:45:19.386,1.3306,1.33095,1.20,1.00
2010.04.23 10:45:19.546,1.3306,1.331,1.20,1.30
2010.04.23 10:45:20.085,1.3306,1.331,1.20,1.20
2010.04.23 10:45:21.265,1.3306,1.331,1.20,2.90
2010.04.23 10:45:21.535,1.33055,1.33095,5.20,1.00
2010.04.23 10:45:21.830,1.33055,1.33095,4.80,1.00
2010.04.23 10:45:23.124,1.33055,1.331,4.80,4.00
2010.04.23 10:45:23.374,1.3306,1.331,1.00,1.20
2010.04.23 10:45:23.623,1.3306,1.331,1.20,1.00
2010.04.23 10:45:23.923,1.33065,1.33105,4.40,2.00
2010.04.23 10:45:24.217,1.33065,1.33105,4.80,1.00
2010.04.23 10:45:24.502,1.33065,1.33105,5.20,1.00
2010.04.23 10:45:24.973,1.33065,1.331,5.20,1.00
2010.04.23 10:45:25.164,1.33065,1.331,1.20,1.00
2010.04.23 10:45:25.532,1.33065,1.331,1.00,1.00
2010.04.23 10:45:26.014,1.33065,1.331,1.00,1.00
2010.04.23 10:45:27.139,1.3307,1.33105,1.00,1.00
2010.04.23 10:45:27.386,1.33065,1.3311,4.80,5.70
2010.04.23 10:45:27.623,1.33065,1.33105,4.80,1.00
2010.04.23 10:45:30.801,1.33065,1.33105,4.80,1.00
2010.04.23 10:45:31.375,1.3307,1.33105,2.00,1.00
2010.04.23 10:45:31.638,1.3307,1.3311,3.20,2.40
2010.04.23 10:45:34.422,1.3307,1.3311,4.00,2.40
2010.04.23 10:45:34.673,1.3307,1.3311,3.20,2.40
2010.04.23 10:45:34.834,1.33075,1.3311,1.00,2.40
2010.04.23 10:45:35.000,1.3307,1.3311,2.80,4.10
2010.04.23 10:45:35.360,1.3307,1.33105,1.20,1.60
2010.04.23 10:45:35.529,1.3307,1.3311,1.00,2.40
2010.04.23 10:45:35.692,1.3307,1.3311,1.60,2.40
2010.04.23 10:45:36.992,1.3307,1.33105,1.00,1.60
2010.04.23 10:45:37.302,1.33065,1.33105,3.20,2.80
2010.04.23 10:45:52.499,1.33075,1.33105,1.00,2.80
2010.04.23 10:45:52.728,1.33075,1.33105,1.00,2.00
2010.04.23 10:45:53.092,1.3307,1.33105,1.00,2.00
2010.04.23 10:45:53.318,1.33065,1.33105,3.20,2.00
2010.04.23 10:45:55.450,1.33065,1.33105,3.60,2.00
2010.04.23 10:45:55.634,1.33065,1.33105,3.20,2.00
2010.04.23 10:45:58.185,1.3307,1.3311,1.00,4.00
2010.04.23 10:45:58.375,1.3307,1.3311,3.20,2.00
2010.04.23 10:45:58.565,1.3307,1.3311,3.60,2.00
2010.04.23 10:45:59.981,1.3307,1.33105,2.00,1.60
2010.04.23 10:46:00.204,1.3307,1.33105,1.00,2.00
2010.04.23 10:46:04.911,1.3307,1.33105,1.00,1.00
2010.04.23 10:46:05.392,1.3307,1.33105,1.00,2.00
2010.04.23 10:46:12.101,1.33075,1.33105,1.60,2.00
2010.04.23 10:46:12.302,1.33075,1.3311,2.40,1.00
2010.04.23 10:46:12.522,1.33075,1.33115,3.20,2.00
2010.04.23 10:46:12.742,1.33075,1.33115,3.60,2.00
2010.04.23 10:46:13.287,1.33075,1.33115,3.20,2.00
2010.04.23 10:46:16.639,1.33075,1.33115,3.20,2.00
2010.04.23 10:46:18.287,1.33075,1.33115,3.20,2.00
2010.04.23 10:46:21.358,1.33075,1.33115,3.20,2.00
2010.04.23 10:46:22.789,1.33075,1.33115,3.60,2.00
2010.04.23 10:46:22.958,1.33075,1.33115,3.20,2.00
2010.04.23 10:46:24.327,1.33075,1.33115,3.20,2.00
2010.04.23 10:46:38.955,1.33075,1.33105,3.20,1.60
2010.04.23 10:46:39.124,1.33075,1.33115,3.20,2.00
2010.04.23 10:46:45.705,1.33075,1.33115,1.20,5.60
2010.04.23 10:46:45.926,1.33075,1.3311,1.00,1.00
2010.04.23 10:46:51.897,1.33075,1.33105,1.00,1.60
2010.04.23 10:46:52.248,1.33065,1.33105,3.20,2.00
2010.04.23 10:46:54.341,1.33065,1.33105,3.20,1.00
2010.04.23 10:46:54.661,1.33065,1.33105,1.20,1.60
2010.04.23 10:46:54.821,1.33065,1.33105,1.20,2.40
2010.04.23 10:46:55.649,1.33065,1.33105,2.80,2.40
2010.04.23 10:46:55.880,1.33065,1.33105,4.80,1.20
2010.04.23 10:46:56.010,1.33065,1.33105,4.80,1.00
2010.04.23 10:46:57.481,1.33065,1.33105,3.20,1.00
2010.04.23 10:47:05.398,1.33065,1.33105,1.60,2.10
2010.04.23 10:47:05.529,1.33065,1.331,1.00,1.00
2010.04.23 10:47:05.912,1.33065,1.33105,1.20,3.20
2010.04.23 10:47:06.171,1.33065,1.33105,1.00,4.00
2010.04.23 10:47:07.796,1.3306,1.331,1.60,2.40
2010.04.23 10:47:08.314,1.3306,1.331,1.20,2.40
2010.04.23 10:47:08.557,1.3306,1.33095,1.00,3.20
2010.04.23 10:47:08.806,1.33055,1.33095,1.60,4.10
2010.04.23 10:47:09.330,1.33055,1.3309,1.20,1.00
2010.04.23 10:47:10.971,1.3306,1.33095,1.00,2.00
2010.04.23 10:47:12.050,1.3306,1.33095,2.80,2.00
2010.04.23 10:47:12.389,1.3306,1.331,4.80,1.00
2010.04.23 10:47:13.069,1.33065,1.331,1.20,1.00
2010.04.23 10:47:15.868,1.33065,1.33105,1.60,1.90
2010.04.23 10:47:16.069,1.3307,1.33105,1.00,1.00
2010.04.23 10:47:16.388,1.3307,1.3311,2.80,1.20
2010.04.23 10:47:17.039,1.33075,1.33115,3.20,2.80
2010.04.23 10:47:17.379,1.3308,1.33115,2.00,1.00
2010.04.23 10:47:17.722,1.3308,1.3312,1.00,2.50
2010.04.23 10:47:18.068,1.33075,1.3312,3.20,4.10
2010.04.23 10:47:18.295,1.33075,1.33115,3.20,1.00
2010.04.23 10:47:19.946,1.3308,1.33115,1.60,1.00
2010.04.23 10:47:20.692,1.3308,1.33115,2.00,1.00
2010.04.23 10:47:24.465,1.3308,1.3312,2.80,4.00
2010.04.23 10:47:29.783,1.3308,1.3312,2.80,4.10
2010.04.23 10:47:29.985,1.33075,1.33115,1.60,2.80
2010.04.23 10:47:30.183,1.33075,1.33115,1.60,1.20
2010.04.23 10:47:30.383,1.33075,1.33115,1.60,2.80
2010.04.23 10:47:30.739,1.33075,1.33115,1.60,1.20
2010.04.23 10:47:32.402,1.33075,1.33115,1.60,2.80
2010.04.23 10:47:35.321,1.33075,1.33115,1.60,1.20
2010.04.23 10:47:38.438,1.3308,1.33115,1.00,1.00
2010.04.23 10:47:40.933,1.3308,1.3312,2.80,1.20
2010.04.23 10:47:47.820,1.3308,1.3312,4.40,1.20
2010.04.23 10:47:47.990,1.33085,1.3312,1.00,1.00
2010.04.23 10:47:48.161,1.33085,1.33125,1.60,4.00
2010.04.23 10:47:51.046,1.33085,1.33125,1.60,4.80
2010.04.23 10:47:51.380,1.33085,1.3312,1.20,1.00
2010.04.23 10:47:51.726,1.3308,1.3312,1.20,4.20
2010.04.23 10:47:57.427,1.3308,1.3312,1.20,4.30
2010.04.23 10:47:58.296,1.3308,1.3312,1.20,5.10
2010.04.23 10:47:58.415,1.3308,1.33115,1.20,1.60
2010.04.23 10:47:58.537,1.3308,1.33115,1.20,2.30
2010.04.23 10:47:58.658,1.33075,1.33115,3.20,1.60
2010.04.23 10:47:58.778,1.33075,1.3311,3.20,1.60
2010.04.23 10:47:59.197,1.3308,1.33115,1.00,1.00
2010.04.23 10:47:59.545,1.3308,1.3312,1.20,1.20
2010.04.23 10:47:59.888,1.33085,1.3312,1.20,1.00
2010.04.23 10:48:03.453,1.33085,1.33115,1.00,1.00
2010.04.23 10:48:03.725,1.3308,1.33115,1.20,1.00
2010.04.23 10:48:06.378,1.3308,1.33115,1.20,2.00
2010.04.23 10:48:11.612,1.3308,1.33115,1.60,1.60
2010.04.23 10:48:11.953,1.3308,1.3312,1.60,4.20
2010.04.23 10:48:12.294,1.33085,1.33125,2.00,3.90
2010.04.23 10:48:12.588,1.33085,1.33125,2.40,3.90
2010.04.23 10:48:12.885,1.33085,1.33125,3.20,1.90
2010.04.23 10:48:13.176,1.33085,1.33125,1.20,2.40
2010.04.23 10:48:14.982,1.33085,1.33125,1.20,2.50
2010.04.23 10:48:17.213,1.33085,1.3312,1.20,1.00
2010.04.23 10:48:17.400,1.3308,1.3312,1.00,4.10
2010.04.23 10:48:22.852,1.3308,1.3312,1.00,4.00
2010.04.23 10:48:24.712,1.3308,1.3312,1.00,4.90
2010.04.23 10:48:24.991,1.3308,1.33115,1.00,1.00
2010.04.23 10:48:26.131,1.3308,1.3312,3.20,1.00
2010.04.23 10:48:26.501,1.33085,1.33125,1.00,2.40
2010.04.23 10:48:26.753,1.33085,1.3312,1.00,1.00
2010.04.23 10:48:37.441,1.33085,1.3312,1.00,2.00
2010.04.23 10:48:40.247,1.33085,1.3312,1.00,1.00
2010.04.23 10:48:40.707,1.33085,1.33125,1.00,1.20
2010.04.23 10:48:40.939,1.3309,1.33125,1.00,1.20
2010.04.23 10:48:41.335,1.3309,1.33125,1.00,1.00
2010.04.23 10:48:41.683,1.3309,1.3313,1.60,4.00
2010.04.23 10:48:44.243,1.3309,1.3313,1.60,5.60
2010.04.23 10:48:44.404,1.3309,1.3313,1.20,5.60
2010.04.23 10:48:44.564,1.3309,1.33125,1.00,1.00
2010.04.23 10:48:44.724,1.3309,1.3313,1.00,4.00
2010.04.23 10:48:45.044,1.3309,1.3313,1.20,4.00
2010.04.23 10:48:53.073,1.3309,1.3313,1.20,5.60
2010.04.23 10:48:53.212,1.3309,1.3313,1.00,5.60
2010.04.23 10:48:53.753,1.33085,1.3313,4.40,5.60
2010.04.23 10:48:53.892,1.33085,1.33125,2.80,1.00
2010.04.23 10:49:11.812,1.3309,1.3313,1.00,5.70
2010.04.23 10:49:12.122,1.33085,1.33125,2.80,1.00
2010.04.23 10:49:13.575,1.3309,1.3313,1.00,5.60
2010.04.23 10:49:15.543,1.33085,1.3312,1.00,1.10
2010.04.23 10:49:15.799,1.3308,1.3312,1.50,1.90
2010.04.23 10:49:16.298,1.3308,1.3312,1.00,1.90
2010.04.23 10:49:16.517,1.3308,1.3312,1.00,3.50
2010.04.23 10:49:17.894,1.33075,1.3312,3.20,4.00
2010.04.23 10:49:18.148,1.33075,1.3312,2.80,4.00
2010.04.23 10:49:19.147,1.33075,1.3312,2.80,4.10
2010.04.23 10:49:21.166,1.3308,1.3312,1.00,2.40
2010.04.23 10:49:21.277,1.33095,1.3312,2.80,1.00
2010.04.23 10:49:21.497,1.3309,1.3313,2.00,2.00
2010.04.23 10:49:22.144,1.3309,1.33135,3.70,1.00
2010.04.23 10:49:22.486,1.331,1.33135,1.00,1.00
2010.04.23 10:49:24.993,1.33095,1.33125,1.20,1.00
2010.04.23 10:49:25.201,1.3309,1.3313,3.20,1.00
2010.04.23 10:49:25.407,1.33095,1.3313,1.20,1.00
2010.04.23 10:49:28.629,1.33095,1.33125,1.00,1.00
2010.04.23 10:49:28.792,1.3309,1.33125,3.20,1.00
2010.04.23 10:49:30.491,1.3309,1.33125,2.80,1.00
2010.04.23 10:49:31.135,1.3309,1.33125,3.20,1.00
2010.04.23 10:49:31.754,1.3309,1.33125,2.80,1.00
2010.04.23 10:49:34.831,1.3309,1.33125,1.20,1.00
2010.04.23 10:49:34.922,1.3309,1.33125,1.00,1.00
2010.04.23 10:49:37.253,1.3309,1.3313,1.20,2.60
2010.04.23 10:49:42.343,1.3309,1.3312,1.00,1.00
2010.04.23 10:49:42.559,1.33085,1.3312,1.20,1.00
2010.04.23 10:49:42.842,1.33085,1.3312,1.00,1.00
2010.04.23 10:49:50.670,1.33085,1.33115,1.00,1.00
2010.04.23 10:49:50.871,1.33075,1.33115,3.20,1.40
2010.04.23 10:49:51.572,1.33075,1.33115,2.80,1.40
2010.04.23 10:49:51.909,1.3307,1.33115,3.80,4.20
2010.04.23 10:49:53.129,1.33075,1.33115,1.00,4.20
2010.04.23 10:49:53.298,1.33075,1.33115,1.10,4.20
2010.04.23 10:49:53.628,1.33075,1.33115,3.10,1.40
2010.04.23 10:49:53.798,1.33075,1.33115,3.30,1.00
2010.04.23 10:49:54.235,1.33075,1.33115,1.70,1.00
2010.04.23 10:49:54.416,1.3307,1.33115,3.80,4.30
2010.04.23 10:49:54.771,1.3307,1.3311,3.80,1.00
2010.04.23 10:49:55.355,1.33075,1.3311,1.20,1.00
2010.04.23 10:49:56.045,1.3308,1.3311,1.00,1.00
2010.04.23 10:49:57.068,1.3308,1.33115,1.00,1.00
2010.04.23 10:49:57.933,1.33085,1.3312,1.00,1.00
2010.04.23 10:50:00.020,1.3308,1.33115,1.20,1.00
2010.04.23 10:50:01.241,1.3308,1.3312,1.60,2.60
2010.04.23 10:50:02.200,1.3308,1.33115,1.60,1.60
2010.04.23 10:50:02.572,1.3308,1.3311,1.00,1.00
2010.04.23 10:50:02.933,1.33075,1.3311,2.80,1.00
2010.04.23 10:50:19.211,1.33075,1.3311,4.40,1.00
2010.04.23 10:50:23.164,1.3308,1.3311,1.60,1.00
2010.04.23 10:50:23.439,1.33075,1.3311,4.40,1.00
2010.04.23 10:50:23.680,1.3308,1.3311,1.60,1.00
2010.04.23 10:50:27.290,1.33075,1.3311,2.80,1.00
2010.04.23 10:50:31.379,1.3308,1.3311,1.60,1.00
2010.04.23 10:50:33.299,1.33075,1.3311,4.40,1.00
2010.04.23 10:50:35.740,1.33075,1.3311,2.80,1.00
2010.04.23 10:50:42.249,1.3308,1.3311,1.00,1.00
2010.04.23 10:50:49.835,1.3308,1.3311,1.20,1.00
2010.04.23 10:50:50.050,1.3308,1.33115,2.80,1.00
2010.04.23 10:50:51.211,1.3308,1.33115,2.40,1.00
2010.04.23 10:50:51.799,1.33075,1.3311,4.40,1.00
2010.04.23 10:50:54.023,1.3308,1.3311,1.60,1.00
2010.04.23 10:50:56.195,1.33075,1.3311,2.80,1.00
2010.04.23 10:51:02.591,1.33075,1.3311,1.00,1.00
2010.04.23 10:51:03.311,1.3307,1.3311,3.20,1.40
2010.04.23 10:51:03.607,1.3307,1.3311,3.20,1.00
2010.04.23 10:51:03.902,1.33075,1.3311,1.00,1.00
2010.04.23 10:51:09.803,1.33075,1.3311,1.20,1.00
2010.04.23 10:51:11.118,1.33075,1.3311,1.00,1.00
2010.04.23 10:51:12.785,1.33075,1.33105,1.00,1.00
2010.04.23 10:51:21.816,1.33075,1.33105,2.80,1.00
2010.04.23 10:51:22.352,1.3308,1.33115,2.00,1.00
2010.04.23 10:51:22.697,1.3308,1.33115,2.80,1.00
2010.04.23 10:51:23.337,1.33085,1.3312,1.00,1.90
2010.04.23 10:51:23.526,1.33085,1.33125,2.40,3.20
2010.04.23 10:51:23.721,1.33085,1.33125,2.40,3.10
2010.04.23 10:51:23.909,1.33085,1.33125,2.40,3.20
2010.04.23 10:51:24.439,1.33085,1.33125,2.00,3.20
2010.04.23 10:51:25.117,1.33085,1.33125,2.00,3.10
2010.04.23 10:51:28.097,1.33085,1.33125,2.40,3.10
2010.04.23 10:51:28.524,1.33085,1.33125,2.80,3.10
2010.04.23 10:51:28.707,1.33085,1.33125,2.40,3.10
2010.04.23 10:51:29.295,1.3309,1.33125,1.20,2.30
2010.04.23 10:51:29.748,1.3309,1.33125,1.00,2.30
2010.04.23 10:51:29.867,1.33085,1.33125,4.00,2.30
2010.04.23 10:51:30.656,1.33085,1.33125,3.60,2.30
2010.04.23 10:51:31.665,1.33085,1.33125,4.00,2.30
2010.04.23 10:51:31.906,1.33085,1.33125,4.40,2.30
2010.04.23 10:51:32.147,1.33085,1.33125,4.00,2.30
2010.04.23 10:51:32.690,1.33085,1.33125,4.00,2.30
2010.04.23 10:51:33.036,1.33085,1.33125,3.60,2.30
2010.04.23 10:51:36.873,1.33085,1.33125,3.60,3.10
2010.04.23 10:51:36.975,1.33085,1.3312,3.60,1.00
2010.04.23 10:51:37.315,1.33085,1.3312,1.60,1.00
2010.04.23 10:51:37.655,1.3308,1.3312,2.80,1.80
2010.04.23 10:51:38.108,1.3308,1.3312,2.80,2.60
2010.04.23 10:51:40.562,1.3308,1.33115,2.80,1.00
2010.04.23 10:51:43.320,1.3308,1.33115,3.60,1.00
2010.04.23 10:51:43.492,1.33085,1.33115,1.00,1.00
2010.04.23 10:51:43.582,1.33085,1.33125,1.20,5.90
2010.04.23 10:51:43.673,1.33085,1.33125,1.20,5.80
2010.04.23 10:51:43.762,1.33085,1.33125,2.80,4.20
2010.04.23 10:51:44.012,1.33085,1.33125,1.20,4.00
2010.04.23 10:51:44.182,1.33085,1.33125,1.60,4.00
2010.04.23 10:51:44.272,1.33085,1.3311,1.20,1.00
2010.04.23 10:51:44.362,1.33085,1.3311,1.00,2.20
2010.04.23 10:51:44.821,1.3308,1.3311,1.60,1.00
2010.04.23 10:51:45.110,1.3308,1.3312,1.20,2.40
2010.04.23 10:51:48.680,1.3308,1.3312,1.20,3.30
2010.04.23 10:51:48.911,1.33075,1.3311,3.20,1.00
2010.04.23 10:51:49.556,1.33075,1.3311,2.80,1.00
2010.04.23 10:52:01.187,1.33075,1.3311,1.00,1.00
2010.04.23 10:52:01.947,1.33075,1.3311,1.00,1.60
2010.04.23 10:52:02.629,1.3307,1.3311,3.20,2.40
2010.04.23 10:52:10.819,1.3307,1.33105,1.20,2.00
2010.04.23 10:52:11.104,1.33065,1.331,1.20,1.00
2010.04.23 10:52:13.165,1.3307,1.3311,1.20,4.00
2010.04.23 10:52:13.459,1.3307,1.3311,1.20,2.40
2010.04.23 10:52:13.757,1.3307,1.33105,1.00,1.00
2010.04.23 10:52:15.104,1.3307,1.331,1.00,1.00
2010.04.23 10:52:15.487,1.33065,1.331,1.20,1.00
2010.04.23 10:52:18.165,1.33065,1.33095,1.00,1.60
2010.04.23 10:52:18.507,1.3306,1.33095,1.00,1.00
2010.04.23 10:52:19.615,1.33065,1.331,1.10,1.00
2010.04.23 10:52:19.906,1.33065,1.33105,1.10,4.00
2010.04.23 10:52:20.490,1.33065,1.331,1.10,3.50
2010.04.23 10:52:20.854,1.3306,1.33095,1.00,1.90
2010.04.23 10:52:21.198,1.3306,1.33095,3.30,1.00
2010.04.23 10:52:21.815,1.33065,1.33105,4.20,2.40
2010.04.23 10:52:22.160,1.33065,1.33105,5.00,1.00
2010.04.23 10:52:22.509,1.33065,1.331,3.20,1.00
2010.04.23 10:52:22.844,1.33065,1.331,2.80,1.00
2010.04.23 10:52:25.273,1.33065,1.331,1.20,1.00
2010.04.23 10:52:33.570,1.33065,1.33095,1.20,5.20
2010.04.23 10:52:33.785,1.3306,1.3308,1.60,1.00
2010.04.23 10:52:33.979,1.3305,1.3308,3.10,1.00
2010.04.23 10:52:34.563,1.33045,1.33085,2.60,1.00
2010.04.23 10:52:34.834,1.33045,1.3307,3.70,1.00
2010.04.23 10:52:35.386,1.33045,1.3308,1.70,1.00
2010.04.23 10:52:35.737,1.3304,1.33085,3.20,4.00
2010.04.23 10:52:36.082,1.3304,1.33085,2.80,4.00
2010.04.23 10:52:37.345,1.3304,1.33085,4.80,3.50
2010.04.23 10:52:37.692,1.3304,1.33085,5.60,3.50
2010.04.23 10:52:38.033,1.3304,1.33085,5.70,3.50
2010.04.23 10:52:38.380,1.3304,1.33085,5.60,3.50
2010.04.23 10:52:38.720,1.3304,1.3308,4.80,1.00
2010.04.23 10:52:39.005,1.3304,1.3308,3.20,1.00
2010.04.23 10:52:39.271,1.3304,1.3308,1.20,1.80
2010.04.23 10:52:39.494,1.3304,1.3308,2.80,2.60
2010.04.23 10:52:40.692,1.3304,1.3308,1.20,4.20
2010.04.23 10:52:41.512,1.3304,1.3308,2.80,2.60
2010.04.23 10:52:44.522,1.33045,1.3308,1.00,1.40
2010.04.23 10:52:44.806,1.33045,1.3308,1.20,1.00
2010.04.23 10:52:45.097,1.33045,1.33085,1.20,2.60
2010.04.23 10:52:46.157,1.33045,1.33085,1.20,2.60
2010.04.23 10:52:46.499,1.33045,1.33085,1.20,2.60
2010.04.23 10:52:48.131,1.33045,1.33085,1.60,1.90
2010.04.23 10:52:48.370,1.3305,1.33085,1.00,1.90
2010.04.23 10:52:48.607,1.33045,1.33085,1.60,1.90
2010.04.23 10:52:48.938,1.33045,1.33085,3.30,1.90
2010.04.23 10:52:49.500,1.33045,1.33085,2.80,2.40
2010.04.23 10:52:49.821,1.33045,1.33085,1.00,4.00
2010.04.23 10:52:50.133,1.33045,1.3308,1.00,3.40
2010.04.23 10:52:50.438,1.3304,1.3308,1.00,2.60
2010.04.23 10:52:50.737,1.33035,1.3308,4.90,2.60
2010.04.23 10:52:51.436,1.33035,1.33075,4.90,1.00
2010.04.23 10:52:53.054,1.33035,1.33075,3.30,1.00
2010.04.23 10:52:53.964,1.3304,1.33075,1.00,1.00
2010.04.23 10:52:54.420,1.3304,1.33085,1.60,2.40
2010.04.23 10:52:54.745,1.3304,1.3308,1.60,1.00
2010.04.23 10:52:54.904,1.3304,1.3308,1.20,1.00
2010.04.23 10:52:55.225,1.3304,1.33075,1.20,1.00
2010.04.23 10:52:55.727,1.33045,1.33085,1.20,2.80
2010.04.23 10:52:56.064,1.33045,1.33085,1.20,2.40
2010.04.23 10:52:56.680,1.3304,1.3308,2.80,1.00
2010.04.23 10:52:58.325,1.3304,1.33075,2.80,1.00
2010.04.23 10:52:58.605,1.3304,1.3308,2.80,1.00
2010.04.23 10:52:59.864,1.3304,1.3308,2.80,1.00
2010.04.23 10:53:00.015,1.3304,1.33075,2.80,1.00
2010.04.23 10:53:00.163,1.3304,1.3308,2.80,1.00
2010.04.23 10:53:00.453,1.33045,1.3308,1.00,1.00
2010.04.23 10:53:00.605,1.33045,1.33085,1.20,2.30
2010.04.23 10:53:01.093,1.33045,1.33085,1.20,2.40
2010.04.23 10:53:01.433,1.33045,1.33085,1.00,4.00
2010.04.23 10:53:01.773,1.3304,1.33085,3.30,4.00
2010.04.23 10:53:02.132,1.3304,1.33085,3.30,4.80
2010.04.23 10:53:02.313,1.3304,1.3308,3.20,1.00
2010.04.23 10:53:02.493,1.3304,1.33075,2.80,1.00
2010.04.23 10:53:03.574,1.3304,1.3308,2.80,1.00
2010.04.23 10:53:03.902,1.3304,1.33085,2.80,4.10
2010.04.23 10:53:04.544,1.3304,1.33085,2.80,4.20
2010.04.23 10:53:04.857,1.3304,1.3308,1.00,2.70
2010.04.23 10:53:05.179,1.33035,1.33075,2.80,1.00
2010.04.23 10:53:05.345,1.3304,1.3308,1.20,3.40
2010.04.23 10:53:05.504,1.3304,1.3308,3.20,1.00
2010.04.23 10:53:05.982,1.33045,1.3308,1.00,1.00
2010.04.23 10:53:06.563,1.33045,1.3308,1.20,1.00
2010.04.23 10:53:07.378,1.3304,1.3308,1.60,2.60
2010.04.23 10:53:07.515,1.3304,1.3308,1.20,1.90
2010.04.23 10:53:08.072,1.3304,1.3308,1.60,1.90
2010.04.23 10:53:08.981,1.33045,1.3308,1.00,1.00
2010.04.23 10:53:09.325,1.33045,1.33085,1.00,3.50
2010.04.23 10:53:09.679,1.33045,1.33085,1.40,3.50
2010.04.23 10:53:10.004,1.33055,1.33085,1.00,2.70
2010.04.23 10:53:10.477,1.33055,1.3309,1.00,1.90
2010.04.23 10:53:10.763,1.3306,1.3309,2.20,1.90
2010.04.23 10:53:11.058,1.33065,1.331,1.00,2.30
2010.04.23 10:53:11.343,1.33065,1.331,1.00,1.90
2010.04.23 10:53:12.963,1.3306,1.3309,1.00,1.60
2010.04.23 10:53:13.193,1.33055,1.33075,1.00,2.20
2010.04.23 10:53:13.758,1.3304,1.3308,1.60,1.60
2010.04.23 10:53:13.987,1.3304,1.3308,1.60,2.40
2010.04.23 10:53:14.337,1.3303,1.3307,4.80,1.20
2010.04.23 10:53:14.690,1.3304,1.3307,1.00,1.00
2010.04.23 10:53:15.038,1.33035,1.3307,1.00,1.00
2010.04.23 10:53:15.264,1.3304,1.33075,1.00,1.00
2010.04.23 10:53:15.492,1.3304,1.3308,1.00,4.00
2010.04.23 10:53:15.721,1.3304,1.3308,1.00,2.40
2010.04.23 10:53:15.952,1.3304,1.3308,1.20,2.40
2010.04.23 10:53:16.437,1.33035,1.33075,3.70,1.00
2010.04.23 10:53:16.797,1.33035,1.33075,1.00,3.50
2010.04.23 10:53:17.144,1.3303,1.3307,3.20,1.00
2010.04.23 10:53:17.476,1.33035,1.33075,1.00,1.20
2010.04.23 10:53:18.145,1.3304,1.3308,1.00,2.30
2010.04.23 10:53:18.463,1.3304,1.3308,1.00,1.90
2010.04.23 10:53:19.764,1.33045,1.3308,1.00,1.90
2010.04.23 10:53:20.908,1.33045,1.3308,1.00,1.90
2010.04.23 10:53:24.769,1.33045,1.3308,1.00,1.90
2010.04.23 10:53:24.919,1.3304,1.3308,1.00,1.90
2010.04.23 10:53:26.019,1.3304,1.3308,1.20,1.90
2010.04.23 10:53:27.056,1.3304,1.3308,1.20,1.90
2010.04.23 10:53:27.788,1.33045,1.3308,1.00,1.00
2010.04.23 10:53:28.028,1.33045,1.33085,1.00,3.50
2010.04.23 10:53:29.431,1.33045,1.33085,1.00,1.00
2010.04.23 10:53:29.677,1.33045,1.33085,1.60,1.00
2010.04.23 10:53:33.679,1.33045,1.33085,1.80,1.00
2010.04.23 10:53:34.307,1.3305,1.33085,1.00,1.00
2010.04.23 10:53:34.978,1.3305,1.3309,1.20,3.50
2010.04.23 10:53:35.764,1.3305,1.3309,1.60,1.90
2010.04.23 10:53:36.964,1.33055,1.3309,1.00,1.90
2010.04.23 10:53:37.508,1.33055,1.33095,1.00,3.50
2010.04.23 10:53:37.985,1.33055,1.3309,1.00,1.00
2010.04.23 10:53:38.226,1.33055,1.3309,1.00,1.90
2010.04.23 10:53:38.466,1.3305,1.3309,2.00,2.40
2010.04.23 10:53:38.991,1.33055,1.3309,1.00,1.00
2010.04.23 10:53:39.338,1.33055,1.33095,2.00,2.30
2010.04.23 10:53:39.854,1.3306,1.33095,1.00,2.30
2010.04.23 10:53:40.833,1.33055,1.33095,1.60,2.30
2010.04.23 10:53:41.712,1.33055,1.33095,2.00,2.30
2010.04.23 10:53:43.211,1.33055,1.33095,1.60,2.30
2010.04.23 10:53:43.964,1.33055,1.33095,3.20,1.00
2010.04.23 10:53:47.763,1.33065,1.33095,1.00,1.00
2010.04.23 10:53:48.104,1.33065,1.33105,1.20,2.30
2010.04.23 10:53:49.381,1.33065,1.33105,1.60,2.30
2010.04.23 10:53:51.064,1.33065,1.33105,1.60,3.10
2010.04.23 10:53:51.191,1.33065,1.33105,1.60,3.10
2010.04.23 10:53:51.304,1.33065,1.331,1.60,2.70
2010.04.23 10:53:51.413,1.33065,1.33095,1.20,1.00
2010.04.23 10:53:51.813,1.3306,1.33095,1.00,1.00
2010.04.23 10:53:58.879,1.3306,1.331,1.00,3.90
2010.04.23 10:53:59.000,1.3306,1.331,1.00,2.30
2010.04.23 10:53:59.770,1.3306,1.331,1.20,2.30
2010.04.23 10:54:09.190,1.3306,1.331,1.60,1.10
2010.04.23 10:54:09.270,1.33065,1.33105,1.00,5.50
2010.04.23 10:54:09.347,1.33065,1.33105,1.00,3.90
2010.04.23 10:54:10.386,1.33065,1.33105,1.00,1.10
2010.04.23 10:54:10.589,1.33065,1.33105,1.60,1.10
2010.04.23 10:54:10.787,1.3307,1.33105,1.00,1.00
2010.04.23 10:54:11.439,1.3307,1.33105,1.20,1.00
2010.04.23 10:54:11.897,1.3307,1.33105,1.00,1.00
2010.04.23 10:54:13.197,1.3307,1.33105,1.20,1.00
2010.04.23 10:54:13.370,1.3307,1.3311,1.00,2.30
2010.04.23 10:54:13.544,1.3307,1.33105,1.00,1.00
2010.04.23 10:54:13.866,1.3307,1.33105,1.00,1.90
2010.04.23 10:54:14.529,1.33065,1.33105,1.60,2.70
2010.04.23 10:54:14.876,1.3307,1.33105,1.00,2.70
2010.04.23 10:54:16.370,1.33065,1.33105,1.60,2.70
2010.04.23 10:54:17.605,1.3307,1.33105,1.00,1.90
2010.04.23 10:54:17.948,1.3307,1.3311,1.20,1.00
2010.04.23 10:54:18.297,1.3307,1.3311,3.20,1.00
2010.04.23 10:54:19.738,1.3307,1.3311,3.20,1.00
2010.04.23 10:54:19.917,1.3307,1.33105,3.20,1.00
2010.04.23 10:54:20.254,1.3307,1.33105,3.20,1.90
2010.04.23 10:54:20.424,1.3307,1.33105,3.20,1.00
2010.04.23 10:54:20.599,1.33075,1.3311,2.00,1.00
2010.04.23 10:54:21.179,1.33075,1.33115,2.40,2.70
2010.04.23 10:54:21.460,1.33075,1.33115,3.60,1.00
2010.04.23 10:54:21.736,1.33075,1.33115,3.20,1.00
2010.04.23 10:54:22.078,1.3308,1.3312,1.20,2.30
2010.04.23 10:54:22.425,1.3308,1.3312,1.60,2.30
2010.04.23 10:54:25.644,1.33085,1.3312,1.00,1.90
2010.04.23 10:54:26.288,1.33085,1.33115,1.20,1.00
2010.04.23 10:54:26.641,1.33085,1.3312,1.00,1.00
2010.04.23 10:54:26.985,1.3308,1.33115,1.60,1.00
2010.04.23 10:54:27.563,1.3308,1.33115,1.20,1.00
2010.04.23 10:54:27.908,1.3308,1.3312,1.60,1.00
2010.04.23 10:54:28.579,1.33085,1.33125,1.00,5.50
2010.04.23 10:54:28.888,1.33085,1.33125,1.20,5.50
2010.04.23 10:54:29.192,1.33085,1.33125,1.20,3.90
2010.04.23 10:54:31.914,1.33085,1.33125,2.80,3.90
2010.04.23 10:54:32.060,1.33085,1.33125,3.20,3.10
2010.04.23 10:54:33.637,1.3309,1.3313,1.00,2.30
2010.04.23 10:54:33.796,1.3309,1.3313,1.20,1.10
2010.04.23 10:54:34.265,1.3309,1.33125,1.00,1.60
2010.04.23 10:54:34.422,1.33085,1.33125,3.20,2.70
2010.04.23 10:54:35.074,1.33085,1.33125,3.20,2.70
2010.04.23 10:54:37.967,1.33085,1.33115,1.00,1.90
2010.04.23 10:54:38.151,1.3308,1.33115,1.60,1.90
2010.04.23 10:54:38.340,1.3308,1.33115,1.20,1.90
2010.04.23 10:54:38.529,1.3308,1.33115,1.20,1.00
2010.04.23 10:54:40.858,1.3308,1.3311,1.20,1.00
2010.04.23 10:54:41.373,1.33075,1.3311,3.20,1.00
2010.04.23 10:54:42.320,1.33075,1.3311,2.40,1.00
2010.04.23 10:54:42.577,1.33075,1.3311,1.00,1.00
2010.04.23 10:54:43.092,1.3307,1.3311,3.20,1.00
2010.04.23 10:54:43.834,1.3307,1.331,3.20,1.00
2010.04.23 10:54:44.072,1.3307,1.331,2.80,1.00
2010.04.23 10:54:45.231,1.3307,1.3311,3.20,1.00
2010.04.23 10:54:45.862,1.3307,1.3311,4.80,1.00
2010.04.23 10:54:46.159,1.3307,1.3311,5.30,1.00
2010.04.23 10:54:46.460,1.33075,1.3311,1.00,1.00
2010.04.23 10:54:49.223,1.33075,1.33105,1.00,1.60
2010.04.23 10:54:49.410,1.3307,1.331,1.20,1.00
2010.04.23 10:54:50.078,1.33065,1.331,1.60,1.00
2010.04.23 10:54:53.851,1.3307,1.3311,1.60,1.00
2010.04.23 10:54:54.332,1.3307,1.3311,1.60,1.20
2010.04.23 10:55:02.268,1.3307,1.3311,3.80,1.20
2010.04.23 10:55:02.605,1.33075,1.3311,1.00,1.20
2010.04.23 10:55:04.005,1.3308,1.3311,1.60,1.00
2010.04.23 10:55:04.196,1.33085,1.3311,1.20,1.00
2010.04.23 10:55:06.565,1.33085,1.3311,1.00,1.00
2010.04.23 10:55:06.753,1.3308,1.3311,2.80,1.00
2010.04.23 10:55:07.711,1.33085,1.3311,1.00,1.00
2010.04.23 10:55:07.903,1.33085,1.3311,1.20,1.00
2010.04.23 10:55:08.282,1.33085,1.33115,1.20,3.20
2010.04.23 10:55:08.487,1.33075,1.3311,3.20,4.00
2010.04.23 10:55:08.685,1.33075,1.33105,1.00,2.70
2010.04.23 10:55:09.030,1.33065,1.331,1.60,3.00
2010.04.23 10:55:09.632,1.33065,1.33095,1.00,2.60
2010.04.23 10:55:11.154,1.33065,1.33095,1.00,1.90
2010.04.23 10:55:11.355,1.33065,1.33095,2.80,1.10
2010.04.23 10:55:11.838,1.33065,1.331,2.80,1.90
2010.04.23 10:55:12.323,1.33065,1.331,3.20,1.90
2010.04.23 10:55:12.939,1.33065,1.331,4.80,1.90
2010.04.23 10:55:13.297,1.3307,1.33105,2.80,3.50
2010.04.23 10:55:17.149,1.3307,1.33105,2.80,8.70
2010.04.23 10:55:17.544,1.33065,1.3309,1.00,3.50
2010.04.23 10:55:17.901,1.3305,1.3309,1.60,3.50
2010.04.23 10:55:18.222,1.3305,1.33085,2.10,1.00
2010.04.23 10:55:18.844,1.3305,1.3308,1.00,1.60
2010.04.23 10:55:19.184,1.3305,1.3308,1.00,1.00
2010.04.23 10:55:19.532,1.3305,1.33085,2.80,1.00
2010.04.23 10:55:19.871,1.3305,1.3309,2.80,4.00
2010.04.23 10:55:20.648,1.33055,1.3309,1.20,4.00
2010.04.23 10:55:20.975,1.33055,1.3309,3.20,1.90
2010.04.23 10:55:21.965,1.33055,1.3309,2.80,1.90
2010.04.23 10:55:23.865,1.3306,1.3309,2.00,1.00
2010.04.23 10:55:24.000,1.3306,1.33095,1.00,3.50
2010.04.23 10:55:24.264,1.33055,1.33095,2.80,4.00
2010.04.23 10:55:24.732,1.3305,1.3309,2.80,3.50
2010.04.23 10:55:26.089,1.3305,1.3309,2.80,3.50
2010.04.23 10:55:26.329,1.3305,1.3309,3.30,3.50
2010.04.23 10:55:27.011,1.33055,1.3309,1.00,3.50
2010.04.23 10:55:27.320,1.33055,1.3309,3.50,3.50
2010.04.23 10:55:29.799,1.3306,1.3309,1.00,3.50
2010.04.23 10:55:30.757,1.3306,1.3309,1.10,1.00
2010.04.23 10:55:30.960,1.33065,1.33095,1.00,3.50
2010.04.23 10:55:31.158,1.33065,1.33095,1.60,1.60
2010.04.23 10:55:31.358,1.33065,1.331,1.60,3.50
2010.04.23 10:55:31.802,1.3307,1.331,1.00,1.90
2010.04.23 10:55:34.656,1.33075,1.331,1.80,1.90
2010.04.23 10:55:34.797,1.33085,1.331,1.60,1.00
2010.04.23 10:55:34.941,1.33075,1.331,1.00,2.70
2010.04.23 10:55:35.089,1.33075,1.331,1.00,3.50
2010.04.23 10:55:36.194,1.3308,1.331,1.00,3.50
2010.04.23 10:55:36.530,1.3308,1.33105,1.00,3.50
2010.04.23 10:55:44.354,1.3308,1.33105,1.00,4.30
2010.04.23 10:55:44.465,1.3307,1.33095,4.60,1.60
2010.04.23 10:55:44.575,1.3307,1.33095,1.60,3.50
2010.04.23 10:55:44.684,1.33065,1.33085,1.00,1.10
2010.04.23 10:55:44.795,1.33065,1.33085,1.00,1.90
2010.04.23 10:55:44.904,1.3306,1.33085,1.00,1.90
2010.04.23 10:55:45.223,1.33055,1.33085,1.00,1.90
2010.04.23 10:55:45.443,1.33055,1.33085,1.00,3.50
2010.04.23 10:55:46.925,1.3306,1.33085,1.00,3.50
2010.04.23 10:55:46.978,1.33065,1.33085,1.60,1.00
2010.04.23 10:55:47.090,1.33075,1.33085,1.00,1.00
2010.04.23 10:55:47.144,1.33075,1.33095,1.00,5.10
2010.04.23 10:55:47.195,1.33065,1.33095,2.30,5.10
2010.04.23 10:55:47.243,1.33065,1.33095,2.30,3.50
2010.04.23 10:55:47.296,1.33065,1.33095,1.00,3.50
2010.04.23 10:55:47.443,1.3306,1.33095,1.00,3.50
2010.04.23 10:55:47.543,1.3306,1.33095,1.20,3.50
2010.04.23 10:55:48.007,1.33065,1.33095,1.00,3.50
2010.04.23 10:55:49.294,1.33065,1.33095,1.50,1.90
2010.04.23 10:55:50.076,1.3306,1.33095,1.00,3.50
2010.04.23 10:55:53.653,1.33055,1.3309,3.40,2.70
2010.04.23 10:55:53.844,1.33055,1.3309,3.40,3.50
2010.04.23 10:55:55.479,1.3307,1.331,1.00,3.50
2010.04.23 10:55:55.624,1.33065,1.331,1.00,3.50
2010.04.23 10:55:55.902,1.3306,1.3309,2.80,1.90
2010.04.23 10:55:56.042,1.3306,1.3309,1.60,1.90
2010.04.23 10:55:56.181,1.33055,1.3309,3.20,1.90
2010.04.23 10:55:56.625,1.33055,1.33085,1.00,1.90
2010.04.23 10:55:56.956,1.33045,1.3308,3.20,3.50
2010.04.23 10:55:57.283,1.33045,1.3308,2.80,3.50
2010.04.23 10:55:58.969,1.3305,1.33085,3.60,3.50
2010.04.23 10:55:59.185,1.3305,1.33085,3.20,3.50
2010.04.23 10:55:59.893,1.33055,1.33085,1.00,3.50
2010.04.23 10:56:00.233,1.33055,1.33085,1.20,1.00
2010.04.23 10:56:04.083,1.33065,1.3309,1.00,3.50
2010.04.23 10:56:04.377,1.33065,1.33085,1.00,1.10
2010.04.23 10:56:04.644,1.3305,1.33085,1.20,4.00
2010.04.23 10:56:04.909,1.3305,1.33085,1.20,5.60
2010.04.23 10:56:05.184,1.3305,1.33085,2.80,3.50
2010.04.23 10:56:06.112,1.33045,1.3308,2.80,2.40
2010.04.23 10:56:06.461,1.33045,1.3308,2.80,4.00
2010.04.23 10:56:07.782,1.3305,1.3308,1.00,1.00
2010.04.23 10:56:08.066,1.3305,1.33085,1.20,11.10
2010.04.23 10:56:08.344,1.3305,1.3307,1.20,1.00
2010.04.23 10:56:08.706,1.3305,1.3307,1.00,1.00
2010.04.23 10:56:09.054,1.3304,1.3307,2.80,1.00
2010.04.23 10:56:11.278,1.3304,1.3307,1.20,1.40
2010.04.23 10:56:12.053,1.3304,1.3307,1.20,1.00
2010.04.23 10:56:12.404,1.33045,1.3308,3.40,3.50
2010.04.23 10:56:12.750,1.33045,1.3308,1.20,4.00
2010.04.23 10:56:14.611,1.3304,1.33075,2.80,1.90
2010.04.23 10:56:15.588,1.3304,1.33075,3.50,1.90
2010.04.23 10:56:16.190,1.3304,1.33075,3.40,1.90
2010.04.23 10:56:17.023,1.3304,1.33065,1.00,1.10
2010.04.23 10:56:17.375,1.3304,1.33065,1.00,2.70
2010.04.23 10:56:17.664,1.33035,1.3306,1.00,2.70
2010.04.23 10:56:17.971,1.3303,1.3306,1.20,1.10
2010.04.23 10:56:18.544,1.3303,1.3306,1.00,1.90
2010.04.23 10:56:18.849,1.3303,1.3306,1.20,1.90
2010.04.23 10:56:20.800,1.3303,1.33065,3.60,1.90
2010.04.23 10:56:21.093,1.33035,1.33065,1.60,1.90
2010.04.23 10:56:21.359,1.3304,1.33065,1.00,1.00
2010.04.23 10:56:21.914,1.3304,1.33075,1.20,1.90
2010.04.23 10:56:22.180,1.3304,1.33075,3.40,1.90
2010.04.23 10:56:22.777,1.3304,1.33075,2.80,1.90
2010.04.23 10:56:23.119,1.33045,1.3308,3.20,1.90
2010.04.23 10:56:23.470,1.33045,1.33075,1.20,1.10
2010.04.23 10:56:26.957,1.33045,1.33075,3.40,1.10
2010.04.23 10:56:27.049,1.3305,1.33075,1.00,1.10
2010.04.23 10:56:27.976,1.33045,1.33075,3.20,1.10
2010.04.23 10:56:29.862,1.33045,1.3308,4.80,3.50
2010.04.23 10:56:30.742,1.3305,1.3308,1.00,1.00
2010.04.23 10:56:32.663,1.3305,1.33085,1.80,3.50
2010.04.23 10:56:33.505,1.3305,1.33085,1.60,3.50
2010.04.23 10:56:33.953,1.3305,1.33085,2.20,3.50
2010.04.23 10:56:34.183,1.3305,1.33085,1.60,3.50
2010.04.23 10:56:34.412,1.3305,1.3308,1.00,1.00
2010.04.23 10:56:37.162,1.33055,1.33085,1.00,3.50
2010.04.23 10:56:38.925,1.3305,1.33085,1.60,5.10
2010.04.23 10:56:39.511,1.33055,1.33085,1.20,1.60
2010.04.23 10:56:41.313,1.3305,1.33085,1.60,5.10
2010.04.23 10:56:42.652,1.3305,1.33085,1.20,5.10
2010.04.23 10:56:45.065,1.3305,1.33085,2.80,1.90
2010.04.23 10:56:45.160,1.3305,1.33085,3.40,1.90
2010.04.23 10:56:45.529,1.3305,1.33085,3.20,1.90
2010.04.23 10:56:45.810,1.33055,1.33085,1.00,1.00
2010.04.23 10:56:45.910,1.33055,1.33085,2.00,1.00
2010.04.23 10:56:46.010,1.33055,1.3309,2.80,3.50
2010.04.23 10:56:47.178,1.3306,1.3309,1.00,1.00
2010.04.23 10:56:47.350,1.3306,1.33095,1.20,4.00
2010.04.23 10:56:49.554,1.33065,1.33095,1.00,2.40
2010.04.23 10:56:49.731,1.33065,1.33095,1.00,1.10
2010.04.23 10:56:50.433,1.33065,1.33095,1.20,1.10
2010.04.23 10:56:51.697,1.33065,1.3309,1.00,1.10
2010.04.23 10:56:51.810,1.3306,1.3309,1.00,1.90
2010.04.23 10:56:52.233,1.33055,1.33085,1.20,1.10
2010.04.23 10:56:52.413,1.33055,1.33085,1.20,1.90
2010.04.23 10:56:55.380,1.33055,1.33085,1.00,1.90
2010.04.23 10:56:55.579,1.33055,1.33085,1.00,5.10
2010.04.23 10:56:56.062,1.3305,1.3308,1.00,3.40
2010.04.23 10:56:56.317,1.33045,1.3308,2.80,4.20
2010.04.23 10:56:56.817,1.33045,1.3308,2.80,4.00
2010.04.23 10:56:59.586,1.3305,1.3308,1.00,3.50
2010.04.23 10:56:59.751,1.33045,1.3308,2.80,1.90
2010.04.23 10:57:00.541,1.33045,1.3308,4.40,1.90
2010.04.23 10:57:00.695,1.33045,1.3308,2.80,1.90
2010.04.23 10:57:01.086,1.33045,1.3308,2.80,3.50
2010.04.23 10:57:01.597,1.3305,1.3308,1.00,3.50
2010.04.23 10:57:02.009,1.3305,1.33085,1.20,3.50
2010.04.23 10:57:02.516,1.3305,1.3308,1.00,1.10
2010.04.23 10:57:02.776,1.33045,1.3308,1.20,1.90
2010.04.23 10:57:03.037,1.33045,1.3308,1.20,2.70
2010.04.23 10:57:03.445,1.33045,1.33075,1.00,2.70
2010.04.23 10:57:03.724,1.3305,1.3308,1.00,1.90
2010.04.23 10:57:03.991,1.33045,1.3308,1.20,4.20
2010.04.23 10:57:04.262,1.33045,1.33075,1.20,1.00
2010.04.23 10:57:04.531,1.33045,1.33075,1.20,3.00
2010.04.23 10:57:05.373,1.33045,1.3307,1.00,3.40
2010.04.23 10:57:05.706,1.33035,1.33065,1.00,3.40
2010.04.23 10:57:06.018,1.3303,1.3307,2.80,3.50
2010.04.23 10:57:06.551,1.33035,1.3307,1.00,3.50
2010.04.23 10:57:06.908,1.33035,1.3307,1.00,3.50
2010.04.23 10:57:07.249,1.33035,1.33065,1.00,3.20
2010.04.23 10:57:07.875,1.3303,1.33065,2.80,3.50
2010.04.23 10:57:08.556,1.3303,1.33065,1.20,3.50
2010.04.23 10:57:09.237,1.3303,1.3306,1.00,1.90
2010.04.23 10:57:09.587,1.33025,1.3306,1.00,4.00
2010.04.23 10:57:10.280,1.3303,1.33065,1.20,4.00
2010.04.23 10:57:10.624,1.3303,1.3306,1.20,1.10
2010.04.23 10:57:10.966,1.3303,1.33065,1.20,4.00
2010.04.23 10:57:11.308,1.3303,1.33065,2.80,3.50
2010.04.23 10:57:12.267,1.3303,1.33065,1.20,3.50
2010.04.23 10:57:13.117,1.3303,1.3306,1.20,2.40
2010.04.23 10:57:13.466,1.3303,1.3306,1.00,2.40
2010.04.23 10:57:13.675,1.33025,1.3306,2.80,2.40
2010.04.23 10:57:16.153,1.3303,1.3306,1.60,2.40
2010.04.23 10:57:16.539,1.3303,1.3306,2.00,1.00
2010.04.23 10:57:16.762,1.33025,1.3306,2.80,3.20
2010.04.23 10:57:17.111,1.3303,1.3306,1.60,1.90
2010.04.23 10:57:17.460,1.3303,1.3306,1.00,2.70
2010.04.23 10:57:17.968,1.33025,1.3306,1.20,3.50
2010.04.23 10:57:22.165,1.33025,1.33055,1.00,1.10
2010.04.23 10:57:22.439,1.33025,1.33055,1.00,2.70
2010.04.23 10:57:22.709,1.3302,1.33055,2.80,3.50
2010.04.23 10:57:23.895,1.3302,1.3305,1.00,1.90
2010.04.23 10:57:27.494,1.3302,1.3305,2.40,1.00
2010.04.23 10:57:27.710,1.3302,1.33055,3.20,3.50
2010.04.23 10:57:32.247,1.3302,1.3305,1.00,1.90
2010.04.23 10:57:33.277,1.3302,1.3305,1.00,1.90
2010.04.23 10:57:36.657,1.3302,1.3305,1.00,3.50
2010.04.23 10:57:36.797,1.33015,1.3305,1.20,3.50
2010.04.23 10:57:37.762,1.33015,1.3304,1.00,1.10
2010.04.23 10:57:38.110,1.3301,1.3304,1.20,1.90
2010.04.23 10:57:40.551,1.3302,1.3304,1.60,1.90
2010.04.23 10:57:40.613,1.33025,1.3304,1.00,1.00
2010.04.23 10:57:40.671,1.33025,1.3304,1.20,1.00
2010.04.23 10:57:40.779,1.33025,1.33045,1.20,1.00
2010.04.23 10:57:41.117,1.33025,1.33045,2.80,1.00
2010.04.23 10:57:41.164,1.33025,1.33055,2.80,1.10
2010.04.23 10:57:41.508,1.33025,1.3306,2.80,4.00
2010.04.23 10:57:42.189,1.3302,1.33055,1.00,4.00
2010.04.23 10:57:42.503,1.33015,1.33055,4.90,4.00
2010.04.23 10:57:42.821,1.33015,1.3305,4.40,1.90
2010.04.23 10:57:43.928,1.33025,1.3305,1.60,1.90
2010.04.23 10:57:44.216,1.33025,1.3305,1.60,1.00
2010.04.23 10:57:44.409,1.33025,1.33055,1.60,1.90
2010.04.23 10:57:44.995,1.3302,1.33055,4.40,1.90
2010.04.23 10:57:45.487,1.3302,1.3305,4.40,1.00
2010.04.23 10:57:46.016,1.3302,1.33055,2.80,2.30
2010.04.23 10:57:46.261,1.3302,1.33055,2.80,2.40
2010.04.23 10:57:46.506,1.3302,1.33055,2.80,2.80
2010.04.23 10:57:46.745,1.3302,1.33055,2.80,2.40
2010.04.23 10:57:48.246,1.3302,1.33055,2.80,4.90
2010.04.23 10:57:48.403,1.3302,1.3305,2.80,1.00
2010.04.23 10:57:48.563,1.3302,1.3305,2.40,1.60
2010.04.23 10:57:48.724,1.3302,1.3305,1.60,2.40
2010.04.23 10:57:49.707,1.3302,1.3305,2.40,1.10
2010.04.23 10:57:50.116,1.3302,1.33055,2.80,2.40
2010.04.23 10:57:50.296,1.3302,1.3305,2.40,1.60
2010.04.23 10:57:50.465,1.3302,1.3305,1.60,2.40
2010.04.23 10:57:50.987,1.3302,1.33055,2.80,2.30
2010.04.23 10:57:51.315,1.3302,1.33055,2.80,2.40
2010.04.23 10:57:52.555,1.33025,1.33055,1.60,1.90
2010.04.23 10:57:53.133,1.33025,1.33055,1.60,3.50
2010.04.23 10:57:53.894,1.33035,1.3306,1.00,1.00
2010.04.23 10:57:54.073,1.33035,1.3306,2.80,1.00
2010.04.23 10:57:54.593,1.33035,1.3307,2.80,3.50
2010.04.23 10:58:02.053,1.3304,1.3307,1.20,1.90
2010.04.23 10:58:03.671,1.3304,1.3307,1.60,1.90
2010.04.23 10:58:03.873,1.33045,1.3308,1.20,3.50
2010.04.23 10:58:04.073,1.33055,1.33085,1.20,1.90
2010.04.23 10:58:04.472,1.33055,1.3309,1.20,3.50
2010.04.23 10:58:06.114,1.33055,1.3309,2.80,3.50
2010.04.23 10:58:06.271,1.33055,1.3309,2.80,4.00
2010.04.23 10:58:06.425,1.3305,1.33085,2.80,3.50
2010.04.23 10:58:06.581,1.3305,1.33085,1.20,3.50
2010.04.23 10:58:08.663,1.33045,1.3308,2.80,3.50
2010.04.23 10:58:09.447,1.3304,1.33075,1.00,5.10
2010.04.23 10:58:09.715,1.33035,1.3307,3.20,1.60
2010.04.23 10:58:09.984,1.33035,1.3307,2.80,3.20
2010.04.23 10:58:10.304,1.33035,1.3307,2.80,4.00
2010.04.23 10:58:10.561,1.33035,1.3307,2.80,3.50
2010.04.23 10:58:11.923,1.33035,1.3307,2.80,1.90
2010.04.23 10:58:12.012,1.3304,1.3307,1.00,1.00
2010.04.23 10:58:12.091,1.3304,1.3307,2.40,1.00
2010.04.23 10:58:12.446,1.3304,1.33075,3.20,3.50
2010.04.23 10:58:12.535,1.3304,1.3307,2.80,1.60
2010.04.23 10:58:12.619,1.33035,1.3307,2.80,3.50
2010.04.23 10:58:13.640,1.3304,1.3307,2.20,3.50
2010.04.23 10:58:14.293,1.33035,1.3307,3.20,3.50
2010.04.23 10:58:15.054,1.33035,1.3307,1.60,3.50
2010.04.23 10:58:15.294,1.3303,1.33065,2.80,1.90
2010.04.23 10:58:16.472,1.3303,1.33065,1.20,3.50
2010.04.23 10:58:21.635,1.33035,1.33065,1.00,1.90
2010.04.23 10:58:21.708,1.33035,1.33065,1.20,1.90
2010.04.23 10:58:26.809,1.33035,1.33065,2.80,1.90
2010.04.23 10:58:26.978,1.33035,1.3307,2.80,4.20
2010.04.23 10:58:27.151,1.3303,1.33065,2.80,1.90
2010.04.23 10:58:28.007,1.33035,1.3307,2.80,3.50
2010.04.23 10:58:28.588,1.3304,1.33075,1.20,3.50
2010.04.23 10:58:30.113,1.33045,1.33075,1.00,1.00
2010.04.23 10:58:30.380,1.33045,1.3308,1.20,5.80
2010.04.23 10:58:33.097,1.33045,1.3308,1.20,4.20
2010.04.23 10:58:33.375,1.33045,1.3308,2.80,1.90
2010.04.23 10:58:33.658,1.3305,1.3308,2.20,1.90
2010.04.23 10:58:33.826,1.3305,1.3308,1.00,4.30
2010.04.23 10:58:33.998,1.33045,1.3308,1.20,5.80
2010.04.23 10:58:35.445,1.3304,1.33075,2.80,3.50
2010.04.23 10:58:35.961,1.33035,1.3307,1.00,5.80
2010.04.23 10:58:36.114,1.3303,1.33065,2.80,3.50
2010.04.23 10:58:36.423,1.33035,1.33065,1.00,1.00
2010.04.23 10:58:36.584,1.33035,1.3307,1.20,5.80
2010.04.23 10:58:36.933,1.33035,1.3307,1.20,4.20
2010.04.23 10:58:37.273,1.33035,1.3307,2.80,4.20
2010.04.23 10:58:41.265,1.3304,1.3307,1.60,1.90
2010.04.23 10:58:41.409,1.3304,1.3307,2.00,1.00
2010.04.23 10:58:41.552,1.3304,1.33075,2.80,3.50
2010.04.23 10:58:42.865,1.3304,1.3307,2.80,1.00
2010.04.23 10:58:43.205,1.3304,1.3307,1.20,4.20
2010.04.23 10:58:44.897,1.3304,1.3307,2.80,2.60
2010.04.23 10:58:45.130,1.3304,1.33075,2.80,1.00
2010.04.23 10:58:45.362,1.33045,1.3308,1.60,6.20
2010.04.23 10:58:45.592,1.33045,1.3308,2.80,5.80
2010.04.23 10:58:46.063,1.33045,1.3308,2.80,1.90
2010.04.23 10:58:46.683,1.3305,1.3308,1.20,4.20
2010.04.23 10:58:46.943,1.3305,1.33085,1.00,1.90
2010.04.23 10:58:47.066,1.3305,1.33085,2.00,1.90
2010.04.23 10:58:47.182,1.3305,1.33085,2.40,1.90
2010.04.23 10:58:47.530,1.3305,1.33085,3.20,1.90
2010.04.23 10:58:47.650,1.3305,1.33085,3.20,1.90
2010.04.23 10:58:48.206,1.3305,1.33085,3.20,1.90
2010.04.23 10:58:49.129,1.3305,1.3308,1.00,3.50
2010.04.23 10:58:49.276,1.33045,1.33075,1.20,1.10
2010.04.23 10:58:49.421,1.33045,1.33075,1.20,1.90
2010.04.23 10:58:50.647,1.33045,1.3308,2.80,3.50
2010.04.23 10:58:51.673,1.33045,1.33075,1.20,1.90
2010.04.23 10:58:52.501,1.33045,1.33075,1.00,1.90
2010.04.23 10:58:52.659,1.3304,1.33075,1.20,3.50
2010.04.23 10:58:56.456,1.33045,1.33075,1.00,1.90
2010.04.23 10:58:57.046,1.3305,1.33075,1.00,1.00
2010.04.23 10:58:57.292,1.3305,1.33085,1.20,5.60
2010.04.23 10:59:05.364,1.3305,1.33085,1.20,5.10
2010.04.23 10:59:08.397,1.3305,1.33075,1.20,1.60
2010.04.23 10:59:08.555,1.33045,1.33075,1.20,1.60
2010.04.23 10:59:08.857,1.33045,1.33075,1.00,1.60
2010.04.23 10:59:09.293,1.3304,1.33075,2.80,5.10
2010.04.23 10:59:12.375,1.33045,1.33075,2.00,1.00
2010.04.23 10:59:12.941,1.33045,1.3308,2.80,1.00
2010.04.23 10:59:13.241,1.33045,1.3308,2.80,3.50
2010.04.23 10:59:13.539,1.33045,1.3308,2.80,1.90
2010.04.23 10:59:14.926,1.3305,1.33085,2.80,1.90
2010.04.23 10:59:15.506,1.33055,1.33085,2.40,1.10
2010.04.23 10:59:15.654,1.33055,1.3309,2.80,1.00
2010.04.23 10:59:15.804,1.33065,1.33095,1.00,1.90
2010.04.23 10:59:16.094,1.33065,1.33095,1.00,1.10
2010.04.23 10:59:17.884,1.33065,1.3309,1.00,2.70
2010.04.23 10:59:18.037,1.33055,1.3309,2.80,3.50
2010.04.23 10:59:18.653,1.33055,1.3309,2.80,3.90
2010.04.23 10:59:19.338,1.33055,1.33085,1.00,1.10
2010.04.23 10:59:19.688,1.3305,1.3308,1.20,1.10
2010.04.23 10:59:20.719,1.33025,1.33065,1.00,1.90
2010.04.23 10:59:21.064,1.3302,1.33065,2.80,3.90
2010.04.23 10:59:22.854,1.3305,1.3306,1.00,2.00
2010.04.23 10:59:23.185,1.3307,1.33105,1.20,1.00
2010.04.23 10:59:23.514,1.3309,1.3314,1.00,1.00
2010.04.23 10:59:24.030,1.33105,1.33145,1.00,1.90
2010.04.23 10:59:24.974,1.33105,1.33135,2.40,1.90
2010.04.23 10:59:25.556,1.33105,1.3314,2.80,3.50
2010.04.23 10:59:25.725,1.33105,1.3314,2.80,1.90
2010.04.23 10:59:25.893,1.3311,1.3314,1.20,1.60
2010.04.23 10:59:26.060,1.33105,1.3314,1.20,3.50
2010.04.23 10:59:26.226,1.33105,1.3313,1.00,1.10
2010.04.23 10:59:26.673,1.33095,1.3313,3.20,1.90
2010.04.23 10:59:27.013,1.331,1.3313,1.00,1.90
2010.04.23 10:59:27.352,1.331,1.33135,3.60,1.90
2010.04.23 10:59:27.895,1.331,1.33135,5.60,1.90
2010.04.23 10:59:28.247,1.331,1.33125,1.20,1.10
2010.04.23 10:59:28.602,1.33095,1.33125,1.00,1.90
2010.04.23 10:59:28.892,1.3309,1.33125,1.20,3.50
2010.04.23 10:59:30.632,1.3309,1.33115,1.00,1.10
2010.04.23 10:59:30.913,1.3308,1.33115,1.60,1.90
2010.04.23 10:59:31.133,1.3308,1.33105,1.00,1.20
2010.04.23 10:59:31.454,1.3308,1.33105,1.00,9.60
2010.04.23 10:59:31.690,1.33055,1.33095,1.00,5.10
2010.04.23 10:59:31.911,1.3305,1.33095,3.20,5.10
2010.04.23 10:59:32.184,1.3305,1.3309,3.20,1.90
2010.04.23 10:59:33.014,1.33065,1.3309,2.00,1.00
2010.04.23 10:59:33.447,1.3307,1.33105,1.00,3.90
2010.04.23 10:59:33.685,1.33075,1.33105,1.00,1.00
2010.04.23 10:59:33.916,1.33075,1.3311,1.20,3.50
2010.04.23 10:59:34.261,1.33075,1.3311,1.20,4.30
2010.04.23 10:59:34.604,1.3307,1.33095,1.00,3.20
2010.04.23 10:59:34.950,1.33055,1.33095,3.20,5.10
2010.04.23 10:59:35.292,1.33055,1.33095,1.20,5.10
2010.04.23 10:59:35.641,1.3305,1.33085,1.20,3.50
2010.04.23 10:59:35.981,1.3305,1.33085,1.20,5.10
2010.04.23 10:59:36.329,1.3305,1.33085,1.20,3.50
2010.04.23 10:59:36.546,1.3306,1.33085,2.00,1.00
2010.04.23 10:59:36.764,1.3306,1.33085,1.00,1.10
2010.04.23 10:59:36.980,1.33045,1.3307,2.00,1.00
2010.04.23 10:59:37.334,1.33045,1.3307,1.20,1.00
2010.04.23 10:59:37.702,1.3304,1.3307,1.20,1.90
2010.04.23 10:59:38.044,1.3304,1.3307,1.00,3.50
2010.04.23 10:59:38.392,1.3303,1.3306,1.20,2.70
2010.04.23 10:59:38.741,1.33025,1.3306,1.00,3.50
2010.04.23 10:59:39.093,1.3302,1.33045,1.00,3.50
2010.04.23 10:59:39.431,1.3302,1.33045,1.00,1.90
2010.04.23 10:59:39.769,1.3301,1.33045,2.80,1.90
2010.04.23 10:59:40.448,1.33005,1.3308,1.00,1.00
2010.04.23 10:59:41.089,1.33005,1.3308,1.00,1.00
2010.04.23 10:59:41.652,1.33005,1.3306,1.00,1.00
2010.04.23 10:59:41.904,1.33005,1.33055,1.00,1.00
2010.04.23 10:59:42.226,1.33,1.33055,1.00,1.00
2010.04.23 10:59:42.495,1.33,1.3306,1.00,1.00
2010.04.23 10:59:42.761,1.33,1.3306,1.00,1.00
2010.04.23 10:59:43.030,1.32985,1.33025,1.00,1.60
2010.04.23 10:59:43.773,1.3296,1.33005,1.60,1.00
2010.04.23 10:59:44.070,1.3295,1.3299,1.00,1.00
2010.04.23 10:59:44.634,1.3294,1.3299,2.40,1.00
2010.04.23 10:59:44.982,1.3294,1.3299,1.00,1.00
2010.04.23 10:59:45.328,1.3294,1.33005,1.00,1.00
2010.04.23 10:59:45.668,1.3294,1.33,1.00,1.00
2010.04.23 10:59:46.911,1.32965,1.33,1.00,1.00
2010.04.23 10:59:47.078,1.32965,1.33,2.00,1.00
2010.04.23 10:59:47.238,1.32965,1.32985,1.60,1.00
2010.04.23 10:59:47.845,1.32955,1.32995,2.00,1.00
2010.04.23 10:59:48.010,1.32965,1.3301,2.00,1.00
2010.04.23 10:59:48.360,1.32965,1.3301,7.20,1.00
2010.04.23 10:59:48.710,1.32975,1.3301,1.00,1.00
2010.04.23 10:59:49.057,1.32975,1.33015,2.40,1.00
2010.04.23 10:59:49.769,1.32975,1.33,2.00,2.00
2010.04.23 10:59:50.114,1.3281,1.33,1.00,3.20
2010.04.23 10:59:50.386,1.3281,1.33,1.00,1.60
2010.04.23 10:59:50.654,1.328,1.33,2.80,1.60
2010.04.23 10:59:51.234,1.32825,1.3297,1.00,1.00
2010.04.23 10:59:51.542,1.32865,1.33015,1.00,1.00
2010.04.23 10:59:52.430,1.3292,1.33005,1.00,1.00
2010.04.23 10:59:53.456,1.3296,1.32995,1.00,1.00
2010.04.23 10:59:53.799,1.3296,1.3302,1.00,1.00
2010.04.23 10:59:54.396,1.3296,1.33015,1.00,1.00
2010.04.23 10:59:54.737,1.3291,1.33085,1.20,1.00
2010.04.23 10:59:55.073,1.3292,1.3302,1.00,1.00
2010.04.23 10:59:55.756,1.32865,1.33045,1.00,1.00
2010.04.23 10:59:56.158,1.32865,1.33,1.00,1.00
2010.04.23 10:59:56.454,1.3287,1.3302,1.00,1.00
2010.04.23 10:59:57.141,1.32885,1.33015,1.00,1.00
2010.04.23 10:59:58.177,1.32875,1.3299,1.00,1.00
2010.04.23 10:59:58.862,1.32885,1.32975,1.00,1.00
2010.04.23 10:59:59.202,1.3289,1.32975,1.00,1.00
2010.04.23 10:59:59.543,1.3289,1.3298,1.00,1.00
2010.04.23 10:59:59.881,1.32885,1.3297,1.00,1.00
